Hour,Arrivals,Waiting,Treating,Available Rooms,Total Treatment Time,Average Treatment Time,Total Wait Time,Average Wait Time,Total Arrivals
1,6,0,3,22,3660,1220,0,0,6
2,11,0,10,15,11820,1688,0,0,17
3,5,0,8,17,27180,1941,0,0,22
4,3,0,2,23,70320,3057,0,0,25
5,2,0,4,21,70320,3057,0,0,27
6,11,0,11,14,92880,3440,0,0,38
7,10,0,10,15,117660,3096,0,0,48
8,6,0,8,17,153060,3327,0,0,54
9,6,0,7,18,180480,3405,0,0,60
10,13,0,12,13,211320,3464,0,0,73
11,4,0,9,16,240240,3532,0,0,77
12,11,0,15,10,264660,3625,0,0,88
13,9,0,11,14,316380,3678,0,0,97
14,8,0,14,11,342420,3762,0,0,105
15,12,0,11,14,402360,3795,0,0,117
16,5,0,3,22,444720,3737,0,0,122
17,10,0,8,17,466380,3761,0,0,132
18,8,0,8,17,481320,3646,0,0,140
19,9,0,8,17,505920,3588,0,0,149
20,3,0,9,16,518040,3622,0,0,152
21,6,0,6,19,554880,3650,0,0,158
22,7,0,4,21,589560,3661,0,0,165
23,6,0,6,19,597240,3619,0,0,171
24,3,0,4,21,625020,3676,0,0,174
25,7,0,6,19,645000,3685,0,0,181
26,6,0,4,21,670020,3661,0,0,187
27,7,0,5,20,685380,3626,0,0,194
28,7,0,8,17,705900,3657,0,0,201
29,5,0,4,21,732120,3624,0,0,206
30,12,0,11,14,743700,3592,0,0,218
31,11,0,13,12,773100,3579,0,0,229
32,7,0,7,18,819180,3577,0,0,236
33,9,0,7,18,845340,3551,0,0,245
34,6,0,11,14,853920,3558,0,0,251
35,5,0,5,20,909720,3624,0,0,256
36,9,0,8,17,931380,3624,0,0,265
37,12,0,13,12,949380,3596,0,0,277
38,16,0,13,12,1003800,3585,0,0,293
39,9,0,11,14,1042860,3583,0,0,302
40,9,0,6,19,1091040,3577,0,0,311
41,8,0,7,18,1119180,3587,0,0,319
42,9,0,7,18,1145460,3568,0,0,328
43,4,0,6,19,1157100,3549,0,0,332
44,13,0,13,12,1183200,3563,0,0,345
45,7,0,7,18,1230600,3566,0,0,352
46,10,0,5,20,1261200,3532,0,0,362
47,6,0,5,20,1278000,3520,0,0,368
48,4,0,5,20,1291860,3520,0,0,372
49,4,0,5,20,1308360,3526,0,0,376
50,5,0,6,19,1318920,3517,0,0,381
51,6,0,5,20,1343580,3517,0,0,387
52,3,0,6,19,1356180,3531,0,0,390
53,7,0,9,16,1374540,3542,0,0,397
54,2,0,3,22,1412220,3566,0,0,399
55,5,0,4,21,1433340,3583,0,0,404
56,11,0,10,15,1441260,3558,0,0,415
57,13,0,10,15,1481280,3543,0,0,428
58,6,0,8,17,1508820,3541,0,0,434
59,9,0,8,17,1546620,3555,0,0,443
60,13,0,12,13,1575240,3547,0,0,456
61,8,0,9,16,1602120,3521,0,0,464
62,6,0,4,21,1649700,3540,0,0,470
63,12,0,5,20,1677420,3516,0,0,482
64,9,0,6,19,1699020,3503,0,0,491
65,10,0,7,18,1716960,3475,0,0,501
66,7,0,5,20,1738200,3455,0,0,508
67,8,0,6,19,1756680,3444,0,0,516
68,7,0,8,17,1767720,3432,0,0,523
69,9,0,10,15,1802820,3453,0,0,532
70,5,0,6,19,1830360,3447,0,0,537
71,9,0,7,18,1870680,3470,0,0,546
72,6,0,9,16,1883880,3469,0,0,552
73,7,0,7,18,1919040,3476,0,0,559
74,4,0,5,20,1953180,3500,0,0,563
75,3,0,4,21,1975560,3515,0,0,566
76,4,0,2,23,2001360,3523,0,0,570
77,9,0,6,19,2016360,3518,0,0,579
78,11,0,10,15,2030700,3501,0,0,590
79,7,0,10,15,2051640,3495,0,0,597
80,6,0,6,19,2100420,3518,0,0,603
81,8,0,8,17,2119560,3515,0,0,611
82,5,0,6,19,2149500,3523,0,0,616
83,8,0,8,17,2174280,3529,0,0,624
84,11,0,13,12,2187180,3516,0,0,635
85,11,0,14,11,2227020,3523,0,0,646
86,9,0,6,19,2300940,3545,0,0,655
87,6,0,7,18,2320620,3548,0,0,661
88,9,0,10,15,2347020,3556,0,0,670
89,8,0,8,17,2375340,3545,0,0,678
90,7,0,9,16,2394660,3542,0,0,685
91,8,0,9,16,2417340,3534,0,0,693
92,8,0,8,17,2464680,3556,0,0,701
93,5,0,9,16,2479380,3557,0,0,706
94,7,0,8,17,2514060,3566,0,0,713
95,3,0,5,20,2541360,3574,0,0,716
96,5,0,5,20,2565540,3583,0,0,721
97,10,0,8,17,2583960,3573,0,0,731
98,6,0,7,18,2610840,3576,0,0,737
99,3,0,5,20,2644020,3597,0,0,740
100,3,0,3,22,2670060,3608,0,0,743
101,7,0,7,18,2684160,3612,0,0,750
102,9,0,8,17,2706360,3603,0,0,759
103,6,0,9,16,2720940,3599,0,0,765
104,8,0,9,16,2749860,3599,0,0,773
105,10,0,11,14,2774400,3593,0,0,783
106,12,0,14,11,2804640,3591,0,0,795
107,15,0,14,11,2854920,3586,0,0,810
108,10,0,11,14,2896080,3579,0,0,820
109,12,1,13,12,2923020,3573,0,0,832
110,12,0,17,8,2975640,3598,840,0,844
111,2,0,5,20,3034440,3608,840,0,846
112,5,0,4,21,3072720,3627,840,0,851
113,13,0,12,13,3082320,3617,840,0,864
114,4,0,7,18,3106080,3607,840,0,868
115,7,0,4,21,3148920,3615,840,0,875
116,9,0,9,16,3153660,3604,840,0,884
117,2,0,3,22,3192180,3615,840,0,886
118,6,0,4,21,3211320,3616,840,0,892
119,5,0,5,20,3220680,3610,840,0,897
120,13,0,11,14,3242160,3606,840,0,910
121,10,0,9,16,3263940,3582,840,0,920
122,4,0,5,20,3295080,3585,840,0,924
123,5,0,5,20,3315360,3588,840,0,929
124,11,0,12,13,3326160,3584,840,0,940
125,8,0,8,17,3361980,3576,840,0,948
126,7,0,5,20,3388620,3566,840,0,955
127,4,0,4,21,3410040,3570,840,0,959
128,13,0,8,17,3424860,3552,840,0,972
129,10,0,10,15,3455160,3554,840,0,982
130,10,0,8,17,3501900,3558,840,0,992
131,10,0,8,17,3534840,3556,840,0,1002
132,14,0,16,9,3553380,3553,840,0,1016
133,12,0,11,14,3615540,3555,840,0,1028
134,16,0,14,11,3654360,3547,840,0,1044
135,9,0,12,13,3705540,3559,840,0,1053
136,5,0,7,18,3743400,3561,840,0,1058
137,11,0,10,15,3777420,3566,840,0,1069
138,5,0,4,21,3821340,3571,840,0,1074
139,6,0,5,20,3840540,3572,840,0,1080
140,7,0,6,19,3858600,3569,840,0,1087
141,6,0,7,18,3874920,3568,840,0,1093
142,6,0,2,23,3906840,3561,840,0,1099
143,4,0,3,22,3917400,3561,840,0,1103
144,5,0,5,20,3924780,3558,840,0,1108
145,2,0,3,22,3941460,3560,840,0,1110
146,8,0,6,19,3955140,3556,840,0,1118
147,4,0,4,21,3978540,3558,840,0,1122
148,9,0,5,20,4001700,3553,840,0,1131
149,5,0,5,20,4012380,3547,840,0,1136
150,9,0,8,17,4042260,3555,840,0,1145
151,10,0,9,16,4072440,3553,840,0,1155
152,6,0,11,14,4093080,3559,840,0,1161
153,11,0,16,9,4111500,3556,840,0,1172
154,11,0,12,13,4179960,3569,840,0,1183
155,10,0,13,12,4222560,3578,840,0,1193
156,11,0,15,10,4262880,3585,840,0,1204
157,12,0,10,15,4338900,3597,840,0,1216
158,10,0,12,13,4373460,3602,840,0,1226
159,5,0,3,22,4417920,3597,840,0,1231
160,13,0,11,14,4434540,3596,840,0,1244
161,5,0,5,20,4466760,3590,840,0,1249
162,11,0,12,13,4483620,3592,840,0,1260
163,7,0,9,16,4517520,3591,840,0,1267
164,11,0,11,14,4556220,3596,840,0,1278
165,8,0,8,17,4588380,3590,840,0,1286
166,6,0,3,22,4628760,3590,840,0,1292
167,6,0,5,20,4635000,3584,840,0,1298
168,6,0,6,19,4653420,3585,840,0,1304
169,5,0,7,18,4665900,3583,840,0,1309
170,7,0,7,18,4683060,3577,840,0,1316
171,3,0,4,21,4710600,3582,840,0,1319
172,4,0,3,22,4727640,3581,840,0,1323
173,6,0,8,17,4734840,3584,840,0,1329
174,6,0,6,19,4761120,3582,840,0,1335
175,7,0,5,20,4788180,3581,840,0,1342
176,8,0,5,20,4810740,3576,840,0,1350
177,4,0,5,20,4826700,3577,840,0,1354
178,13,0,14,11,4831860,3571,840,0,1367
179,8,0,9,16,4883580,3575,840,0,1375
180,15,0,14,11,4925280,3579,840,0,1390
181,10,0,15,10,4953720,3576,840,0,1400
182,7,0,8,17,5029140,3594,840,0,1407
183,5,0,6,19,5059740,3598,840,0,1412
184,6,0,7,18,5082720,3602,840,0,1418
185,9,0,10,15,5101020,3599,840,0,1427
186,8,0,11,14,5131140,3603,840,0,1435
187,12,0,13,12,5176680,3609,840,0,1447
188,5,0,6,19,5228280,3615,840,0,1452
189,5,0,5,20,5260260,3622,840,0,1457
190,7,0,5,20,5282580,3620,840,0,1464
191,6,0,6,19,5301000,3620,840,0,1470
192,7,0,5,20,5319240,3613,840,0,1477
193,6,0,7,18,5337900,3616,840,0,1483
194,2,0,5,20,5354220,3617,840,0,1485
195,5,0,7,18,5369400,3620,840,0,1490
196,5,0,5,20,5387700,3615,840,0,1495
197,4,0,4,21,5409540,3618,840,0,1499
198,7,0,4,21,5423880,3611,840,0,1506
199,4,0,2,23,5440980,3608,840,0,1510
200,6,0,4,21,5451300,3605,840,0,1516
201,8,0,9,16,5468220,3609,840,0,1524
202,7,0,6,19,5494560,3602,840,0,1531
203,13,0,8,17,5519160,3593,840,0,1544
204,7,0,5,20,5551440,3590,840,0,1551
205,13,0,11,14,5570160,3586,840,0,1564
206,17,0,21,4,5589840,3583,840,0,1581
207,16,14,11,14,5637480,3586,900,0,1597
208,5,9,14,11,5694480,3606,27600,17,1602
209,11,0,12,13,5764080,3600,79500,49,1613
210,9,0,10,15,5818560,3609,79500,49,1622
211,6,0,6,19,5856900,3610,79500,48,1628
212,5,0,6,19,5888280,3619,79500,48,1633
213,3,0,5,20,5904660,3620,79500,48,1636
214,9,0,9,16,5930100,3624,79500,48,1645
215,7,0,10,15,5944260,3620,79500,48,1652
216,7,0,7,18,5980200,3619,79500,47,1659
217,6,0,5,20,6003840,3616,79500,47,1665
218,3,0,4,21,6029160,3623,79500,47,1668
219,8,0,7,18,6043560,3621,79500,47,1676
220,4,0,5,20,6063600,3620,79500,47,1680
221,7,0,5,20,6093840,3622,79500,47,1687
222,7,0,4,21,6113040,3617,79500,46,1694
223,3,0,4,21,6124740,3617,79500,46,1697
224,10,0,9,16,6138120,3614,79500,46,1707
225,7,0,5,20,6171120,3610,79500,46,1714
226,13,0,9,16,6197760,3607,79500,46,1727
227,12,0,11,14,6219900,3599,79500,45,1739
228,8,0,7,18,6258840,3597,79500,45,1747
229,14,0,10,15,6292680,3593,79500,45,1761
230,6,0,6,19,6325020,3591,79500,44,1767
231,14,0,8,17,6360360,3587,79500,44,1781
232,10,0,9,16,6392220,3587,79500,44,1791
233,16,0,17,8,6417660,3585,79500,43,1807
234,5,0,10,15,6468360,3589,79500,43,1812
235,4,0,4,21,6514380,3595,79500,43,1816
236,8,0,7,18,6530040,3593,79500,43,1824
237,5,0,4,21,6551700,3589,79500,43,1829
238,5,0,5,20,6573300,3593,79500,43,1834
239,3,0,4,21,6586800,3593,79500,43,1837
240,6,0,6,19,6601140,3593,79500,43,1843
241,5,0,5,20,6626220,3595,79500,43,1848
242,6,0,4,21,6644700,3591,79500,42,1854
243,3,0,5,20,6651840,3591,79500,42,1857
244,7,0,4,21,6680100,3591,79500,42,1864
245,5,0,5,20,6695220,3591,79500,42,1869
246,11,0,9,16,6715200,3589,79500,42,1880
247,7,0,6,19,6739740,3583,79500,42,1887
248,10,0,10,15,6758760,3581,79500,41,1897
249,7,0,7,18,6785280,3576,79500,41,1904
250,9,0,7,18,6819540,3577,79500,41,1913
251,10,0,10,15,6844680,3577,79500,41,1923
252,11,0,11,14,6883380,3579,79500,41,1934
253,12,0,12,13,6919920,3578,79500,40,1946
254,14,0,17,8,6952080,3578,79500,40,1960
255,9,0,12,13,7003320,3578,79500,40,1969
256,8,0,9,16,7053540,3584,79500,40,1977
257,5,0,5,20,7086600,3584,79500,40,1982
258,7,0,1,24,7125900,3584,79500,39,1989
259,8,0,7,18,7130340,3583,79500,39,1997
260,7,0,5,20,7151520,3577,79500,39,2004
261,5,0,4,21,7166760,3574,79500,39,2009
262,4,0,5,20,7169400,3570,79500,39,2013
263,2,0,5,20,7187340,3575,79500,39,2015
264,3,0,1,24,7213440,3576,79500,39,2018
265,5,0,4,21,7222200,3577,79500,39,2023
266,3,0,2,23,7245780,3579,79500,39,2026
267,4,0,3,22,7252620,3578,79500,39,2030
268,1,0,1,24,7265580,3579,79500,39,2031
269,3,0,3,22,7273860,3581,79500,39,2034
270,9,0,4,21,7290720,3575,79500,38,2043
271,7,0,7,18,7302000,3574,79500,38,2050
272,9,0,10,15,7314120,3569,79500,38,2059
273,10,0,7,18,7363320,3570,79500,38,2069
274,6,0,6,19,7384620,3569,79500,38,2075
275,11,0,7,18,7423260,3570,79500,38,2086
276,15,0,10,15,7462920,3569,79500,37,2101
277,11,0,9,16,7497960,3565,79500,37,2112
278,10,0,9,16,7535520,3566,79500,37,2122
279,9,0,9,16,7561740,3563,79500,37,2131
280,9,0,12,13,7582440,3563,79500,37,2140
281,6,0,7,18,7629780,3566,79500,37,2146
282,9,0,6,19,7664760,3566,79500,36,2155
283,11,0,6,19,7685940,3558,79500,36,2166
284,10,0,7,18,7711440,3555,79500,36,2176
285,13,0,12,13,7731840,3551,79500,36,2189
286,4,0,6,19,7763340,3549,79500,36,2193
287,7,0,6,19,7785840,3548,79500,36,2200
288,2,0,3,22,7809660,3551,79500,36,2202
289,3,0,2,23,7828200,3553,79500,36,2205
290,4,0,2,23,7834980,3550,79500,35,2209
291,2,0,2,23,7839540,3548,79500,35,2211
292,8,0,4,21,7857060,3547,79500,35,2219
293,9,0,8,17,7866300,3543,79500,35,2228
294,10,0,13,12,7875720,3539,79500,35,2238
295,11,0,7,18,7933800,3538,79500,35,2249
296,5,0,3,22,7967280,3539,79500,35,2254
297,4,0,5,20,7970640,3537,79500,35,2258
298,11,0,10,15,7988100,3536,79500,35,2269
299,12,0,10,15,8026140,3534,79500,34,2281
300,5,0,10,15,8047380,3535,79500,34,2286
301,12,0,11,14,8092080,3538,79500,34,2298
302,7,0,7,18,8118660,3532,79500,34,2305
303,10,0,10,15,8142000,3532,79500,34,2315
304,8,0,7,18,8193060,3537,79500,34,2323
305,8,0,8,17,8210940,3534,79500,34,2331
306,6,0,9,16,8229300,3534,79500,34,2337
307,8,0,9,16,8260500,3536,79500,33,2345
308,8,0,12,13,8281260,3537,79500,33,2353
309,11,0,15,10,8320620,3542,79500,33,2364
310,6,0,10,15,8372160,3547,79500,33,2370
311,9,0,9,16,8414220,3550,79500,33,2379
312,8,0,8,17,8459100,3555,79500,33,2387
313,3,0,4,21,8484600,3555,79500,33,2390
314,2,0,2,23,8507940,3559,79500,33,2392
315,4,0,4,21,8511780,3558,79500,33,2396
316,4,0,4,21,8523240,3557,79500,33,2400
317,5,0,5,20,8531280,3554,79500,33,2405
318,6,0,5,20,8551440,3554,79500,32,2411
319,7,0,5,20,8583840,3557,79500,32,2418
320,9,0,9,16,8594220,3554,79500,32,2427
321,9,0,10,15,8613540,3550,79500,32,2436
322,10,0,14,11,8648340,3556,79500,32,2446
323,7,0,16,9,8679420,3561,79500,32,2453
324,5,0,5,20,8749020,3566,79500,32,2458
325,7,0,6,19,8775660,3568,79500,32,2465
326,15,0,10,15,8799960,3562,79500,32,2480
327,6,0,10,15,8819460,3561,79500,31,2486
328,14,0,12,13,8863560,3562,79500,31,2500
329,12,0,12,13,8901840,3560,79500,31,2512
330,6,0,12,13,8933760,3564,79500,31,2518
331,7,0,8,17,8984580,3569,79500,31,2525
332,12,0,12,13,9004200,3566,79500,31,2537
333,7,0,9,16,9043260,3567,79500,31,2544
334,7,0,5,20,9083520,3567,79500,31,2551
335,3,0,3,22,9104280,3568,79500,31,2554
336,3,0,3,22,9112320,3567,79500,31,2557
337,10,0,7,18,9120300,3562,79500,30,2567
338,8,0,10,15,9149280,3566,79500,30,2575
339,24,0,19,6,9181080,3558,79500,30,2599
340,24,0,25,0,9253800,3561,85020,32,2623
341,39,19,25,0,9336660,3566,88200,33,2662
342,32,40,21,4,9403140,3571,92700,34,2694
343,32,39,15,10,9487740,3582,110160,40,2726
344,34,40,19,6,9538200,3589,138660,51,2760
345,23,34,25,0,9646620,3602,256200,93,2783
346,39,39,25,0,9716100,3605,278940,101,2822
347,38,40,25,0,9815400,3607,327960,117,2860
348,31,40,25,0,9897600,3608,357300,127,2891
349,29,35,25,0,9996360,3611,414540,146,2920
350,28,40,15,10,10089840,3604,582660,204,2948
351,30,39,25,0,10147680,3611,617820,215,2978
352,30,40,21,4,10227060,3607,651900,225,3008
353,28,37,25,0,10310940,3607,764520,261,3036
354,30,36,25,0,10405020,3605,798660,271,3066
355,36,40,16,9,10485540,3610,803400,271,3102
356,28,36,24,1,10555920,3611,937440,314,3130
357,32,40,25,0,10618920,3615,949260,316,3162
358,28,26,25,0,10736640,3615,1364520,451,3190
359,33,32,18,7,10821060,3602,1942800,638,3223
360,27,40,12,13,10854900,3606,1942800,638,3250
361,27,40,16,9,10938960,3620,1983960,644,3277
362,36,40,13,12,10962600,3622,1985880,645,3313
363,25,39,25,0,11042100,3635,2112480,681,3338
364,30,40,25,0,11127840,3637,2133180,683,3368
365,31,40,25,0,11219040,3635,2247240,713,3399
366,24,39,25,0,11305020,3637,2265180,715,3423
367,26,37,25,0,11392920,3637,2326560,728,3449
368,38,40,25,0,11496240,3638,2393640,742,3487
369,33,40,25,0,11583300,3636,2433060,749,3520
370,34,40,24,1,11654640,3632,2454840,750,3554
371,36,40,18,7,11744160,3641,2463120,750,3590
372,40,40,17,8,11808420,3638,2617440,793,3630
373,30,32,25,0,11888340,3644,2776560,836,3660
374,30,38,25,0,11964780,3641,2820540,843,3690
375,23,37,25,0,12042600,3647,2837040,843,3713
376,29,36,25,0,12139140,3648,2916840,860,3742
377,13,10,25,0,12256500,3641,4565820,1343,3755
378,30,5,25,0,12323940,3623,4881540,1423,3785
379,39,33,16,9,12411420,3628,4885980,1409,3824
380,27,40,12,13,12462000,3633,4896660,1406,3851
381,25,36,18,7,12520620,3641,4953480,1418,3876
382,36,40,25,0,12586080,3648,4995180,1421,3912
383,32,39,25,0,12689100,3651,5056860,1429,3944
384,28,36,25,0,12781320,3654,5103780,1435,3972
385,23,37,25,0,12853800,3655,5258340,1470,3995
386,38,40,19,6,12935760,3655,5284680,1469,4033
387,33,40,14,11,13025220,3652,5420700,1500,4066
388,32,40,10,15,13069200,3657,5428320,1498,4098
389,26,40,25,0,13120380,3665,5481780,1504,4124
390,24,29,25,0,13230780,3664,5638020,1538,4148
391,34,38,25,0,13308180,3661,5799720,1568,4182
392,32,39,25,0,13383780,3664,5822400,1566,4214
393,35,36,25,0,13479660,3660,5910480,1579,4249
394,25,37,23,2,13574160,3664,5941920,1578,4274
395,29,37,25,0,13636260,3665,5984220,1582,4303
396,22,20,25,0,13735800,3654,6706740,1763,4325
397,33,35,21,4,13811940,3652,6720060,1755,4358
398,26,40,10,15,13890900,3661,6725760,1750,4384
399,29,38,25,0,13951140,3669,6792600,1758,4413
400,37,38,21,4,14010840,3669,6813180,1757,4450
401,24,31,25,0,14089980,3666,7000380,1795,4474
402,23,27,25,0,14181300,3664,7446060,1899,4497
403,27,21,25,0,14291760,3661,7762860,1966,4524
404,27,15,25,0,14365620,3649,7927980,1994,4551
405,22,26,25,0,14422200,3653,7935300,1984,4573
406,23,25,25,0,14548380,3663,7969680,1982,4596
407,20,24,18,7,14630160,3658,8085300,2003,4616
408,23,39,10,15,14709960,3666,8092440,1992,4639
409,32,37,23,2,14733240,3669,8142240,1998,4671
410,39,40,25,0,14823000,3674,8189940,1999,4710
411,24,40,22,3,14894640,3678,8224320,2001,4734
412,27,37,25,0,14976600,3679,8298180,2008,4761
413,27,40,19,6,15044400,3681,8361660,2017,4788
414,24,23,25,0,15140340,3674,8861040,2126,4812
415,26,16,25,0,15217560,3664,9042720,2156,4838
416,37,33,22,3,15306180,3665,9115020,2156,4875
417,35,40,14,11,15369180,3669,9119580,2150,4910
418,36,40,25,0,15449400,3679,9177060,2152,4946
419,39,40,23,2,15528780,3680,9241260,2159,4985
420,35,40,25,0,15609720,3685,9255960,2152,5020
421,29,37,17,8,15705300,3682,9365220,2168,5049
422,30,38,25,0,15781740,3682,9428100,2167,5079
423,34,36,25,0,15870540,3683,9501300,2174,5113
424,44,40,23,2,15947340,3679,9512760,2163,5157
425,32,39,25,0,16043760,3683,9523920,2155,5189
426,18,27,25,0,16129260,3678,9901740,2231,5207
427,33,39,17,8,16234980,3678,10120440,2266,5240
428,18,40,11,14,16283340,3681,10128660,2264,5258
429,34,37,22,3,16332960,3686,10176240,2266,5292
430,30,40,25,0,16398300,3688,10230720,2268,5322
431,23,19,25,0,16527360,3682,10860000,2396,5345
432,35,26,25,0,16593060,3674,10985280,2405,5380
433,34,35,25,0,16685700,3675,11006640,2393,5414
434,29,40,25,0,16766940,3678,11021820,2384,5443
435,29,23,25,0,16884660,3671,11513820,2478,5472
436,35,29,25,0,16961160,3664,11564700,2470,5507
437,23,39,17,8,17020980,3666,11570880,2462,5530
438,34,39,25,0,17097360,3672,11599560,2458,5564
439,48,40,25,0,17201880,3678,11621460,2451,5612
440,27,36,25,0,17313000,3679,11823000,2480,5639
441,34,28,25,0,17399580,3665,12141780,2530,5673
442,28,30,25,0,17467320,3659,12286620,2545,5701
443,34,38,25,0,17535240,3659,12315300,2538,5735
444,37,40,25,0,17662560,3662,12382260,2533,5772
445,20,38,25,0,17733480,3660,12401820,2527,5792
446,36,36,25,0,17839680,3663,12461340,2527,5828
447,32,34,25,0,17928660,3661,12549000,2532,5860
448,33,24,25,0,18037860,3651,12883140,2583,5893
449,32,35,21,4,18098700,3645,13019760,2595,5925
450,31,40,10,15,18190140,3651,13025280,2589,5956
451,25,39,14,11,18213060,3654,13044720,2589,5981
452,27,40,25,0,18260160,3657,13100160,2591,6008
453,41,35,25,0,18380700,3662,13156380,2590,6049
454,36,39,25,0,18455040,3663,13190040,2585,6085
455,33,40,23,2,18530160,3657,13285380,2590,6118
456,25,40,22,3,18606360,3658,13335360,2590,6143
457,38,40,23,2,18709260,3661,13375740,2586,6181
458,39,37,18,7,18790620,3660,13456680,2593,6220
459,39,40,18,7,18863220,3661,13510080,2594,6259
460,36,37,25,0,18941700,3667,13539660,2590,6295
461,38,40,25,0,19030980,3668,13584600,2586,6333
462,31,32,25,0,19123500,3660,14132580,2677,6364
463,39,40,21,4,19216380,3665,14137020,2665,6403
464,29,31,25,0,19317060,3664,14277720,2680,6432
465,27,27,24,1,19401120,3658,14541180,2715,6459
466,35,40,25,0,19471260,3660,14553120,2704,6494
467,31,38,25,0,19566840,3662,14681520,2717,6525
468,37,40,20,5,19652880,3657,14706720,2707,6562
469,38,36,25,0,19722480,3661,14776800,2713,6600
470,27,31,25,0,19825440,3659,14950740,2731,6627
471,34,23,25,0,19906800,3645,15962040,2898,6661
472,27,37,25,0,19960920,3647,15969840,2886,6688
473,31,40,25,0,20066700,3655,16001280,2882,6719
474,32,35,25,0,20166060,3654,16066440,2880,6751
475,28,40,24,1,20257500,3657,16090320,2872,6779
476,31,40,16,9,20305740,3658,16093980,2871,6810
477,23,26,25,0,20404860,3659,16574760,2946,6833
478,36,40,19,6,20472240,3657,16579920,2931,6869
479,30,40,19,6,20533080,3661,16596780,2930,6899
480,39,39,25,0,20629200,3666,16634580,2924,6938
481,32,39,25,0,20706900,3666,16699800,2923,6970
482,34,38,25,0,20820180,3669,16744920,2918,7004
483,30,40,21,4,20879400,3668,16811160,2923,7034
484,26,38,23,2,20958060,3670,16877220,2924,7060
485,40,38,20,5,21032340,3672,16913220,2924,7100
486,33,30,25,0,21118200,3668,17272860,2972,7133
487,26,33,25,0,21198240,3667,17286240,2961,7159
488,30,40,21,4,21262680,3667,17294100,2953,7189
489,26,40,25,0,21357360,3670,17351280,2949,7215
490,38,40,25,0,21441960,3673,17446020,2956,7253
491,29,37,25,0,21520020,3670,17505780,2955,7282
492,35,40,25,0,21625620,3668,17568360,2948,7317
493,30,39,25,0,21715440,3672,17607720,2946,7347
494,31,40,25,0,21790080,3670,17639040,2939,7378
495,36,39,25,0,21889260,3671,17673360,2933,7414
496,31,37,20,5,21965160,3670,17704380,2930,7445
497,31,38,25,0,22051320,3669,17873940,2943,7476
498,25,40,25,0,22127520,3672,17885040,2937,7501
499,34,40,23,2,22216380,3675,17905320,2931,7535
500,36,39,25,0,22301220,3675,18008040,2937,7571
501,27,37,25,0,22406400,3679,18026460,2930,7598
502,35,28,25,0,22512840,3670,18661620,3017,7633
503,18,10,25,0,22607280,3664,20324400,3276,7651
504,11,0,10,15,22691100,3656,20629320,3319,7662
505,15,0,11,14,22733700,3655,20629320,3311,7677
506,4,0,7,18,22761300,3655,20629320,3309,7681
507,3,0,4,21,22792320,3656,20629320,3307,7684
508,9,0,5,20,22815780,3655,20629320,3302,7693
509,4,0,3,22,22830300,3654,20629320,3300,7697
510,8,0,6,19,22846200,3654,20629320,3296,7705
511,4,0,6,19,22857660,3653,20629320,3294,7709
512,16,0,10,15,22888440,3651,20629320,3285,7725
513,8,0,8,17,22917900,3650,20629320,3281,7733
514,5,0,8,17,22939920,3651,20629320,3279,7738
515,13,0,10,15,22977060,3650,20629320,3272,7751
516,12,0,10,15,23004960,3648,20629320,3266,7763
517,4,0,6,19,23040420,3649,20629320,3264,7767
518,5,0,6,19,23065800,3650,20629320,3261,7772
519,13,0,14,11,23079120,3649,20629320,3254,7785
520,15,0,13,12,23129880,3648,20629320,3247,7800
521,10,0,14,11,23156400,3647,20629320,3242,7810
522,8,0,8,17,23211180,3647,20629320,3238,7818
523,8,0,7,18,23243220,3647,20629320,3233,7826
524,6,0,5,20,23270040,3647,20629320,3230,7832
525,1,0,1,24,23299500,3649,20629320,3230,7833
526,7,0,5,20,23302020,3647,20629320,3226,7840
527,9,0,9,16,23315040,3646,20629320,3222,7849
528,3,0,5,20,23337780,3646,20629320,3220,7852
529,4,0,3,22,23377560,3649,20629320,3218,7856
530,4,0,4,21,23391240,3649,20629320,3216,7860
531,6,0,7,18,23395560,3648,20629320,3213,7866
532,5,0,7,18,23412660,3648,20629320,3211,7871
533,5,0,6,19,23441340,3649,20629320,3208,7876
534,14,0,15,10,23451660,3648,20629320,3201,7890
535,9,0,11,14,23497500,3648,20629320,3197,7899
536,4,0,6,19,23538840,3649,20629320,3195,7903
537,14,0,12,13,23573940,3650,20629320,3188,7917
538,14,0,13,12,23609040,3648,20629320,3181,7931
539,10,0,15,10,23634060,3647,20629320,3176,7941
540,13,0,10,15,23705940,3648,20629320,3170,7954
541,8,0,10,15,23738400,3649,20629320,3166,7962
542,8,0,10,15,23766720,3649,20629320,3162,7970
543,11,0,8,17,23815080,3649,20629320,3157,7981
544,7,0,3,22,23860260,3649,20629320,3153,7988
545,9,0,6,19,23870760,3647,20629320,3149,7997
546,12,0,8,17,23898660,3646,20629320,3143,8009
547,14,0,10,15,23927160,3644,20629320,3137,8023
548,6,0,7,18,23957580,3643,20629320,3134,8029
549,8,0,8,17,23993280,3645,20629320,3130,8037
550,3,0,3,22,24028080,3646,20629320,3128,8040
551,5,0,5,20,24048120,3647,20629320,3126,8045
552,2,0,2,23,24068820,3647,20629320,3125,8047
553,5,0,4,21,24075600,3647,20629320,3123,8052
554,8,0,9,16,24082080,3646,20629320,3119,8060
555,7,0,10,15,24097200,3645,20629320,3116,8067
556,8,0,8,17,24137160,3646,20629320,3112,8075
557,4,0,5,20,24162180,3646,20629320,3110,8079
558,11,0,10,15,24183780,3645,20629320,3105,8090
559,10,0,9,16,24217440,3645,20629320,3100,8100
560,12,0,12,13,24236820,3642,20629320,3095,8112
561,6,0,12,13,24262440,3643,20629320,3092,8118
562,7,0,6,19,24317700,3644,20629320,3089,8125
563,6,0,3,22,24357540,3645,20629320,3086,8131
564,12,0,8,17,24373740,3644,20629320,3080,8143
565,14,0,10,15,24395280,3641,20629320,3074,8157
566,8,0,6,19,24438780,3641,20629320,3070,8165
567,8,0,5,20,24466080,3640,20629320,3067,8173
568,6,0,6,19,24473400,3638,20629320,3064,8179
569,7,0,5,20,24503280,3638,20629320,3061,8186
570,15,0,10,15,24519780,3635,20629320,3054,8201
571,5,0,5,20,24555600,3635,20629320,3052,8206
572,4,0,3,22,24576720,3635,20629320,3050,8210
573,10,0,7,18,24592080,3634,20629320,3045,8220
574,6,0,8,17,24604620,3633,20629320,3043,8226
575,3,0,3,22,24640140,3634,20629320,3041,8229
576,6,0,6,19,24655440,3635,20629320,3039,8235
577,7,0,6,19,24681240,3635,20629320,3035,8242
578,7,0,6,19,24706200,3635,20629320,3032,8249
579,8,0,10,15,24722160,3635,20629320,3029,8257
580,4,0,7,18,24755340,3636,20629320,3027,8261
581,11,0,11,14,24780480,3636,20629320,3022,8272
582,5,0,5,20,24812220,3635,20629320,3020,8277
583,11,0,9,16,24838980,3635,20629320,3015,8288
584,8,0,8,17,24872400,3635,20629320,3012,8296
585,8,0,11,14,24890400,3635,20629320,3008,8304
586,9,0,13,12,24916020,3635,20629320,3004,8313
587,11,0,9,16,24995220,3639,20629320,2999,8324
588,11,0,11,14,25024200,3638,20629320,2994,8335
589,13,0,13,12,25054320,3637,20629320,2989,8348
590,9,0,8,17,25092000,3635,20629320,2985,8357
591,14,0,11,14,25136100,3636,20629320,2979,8371
592,11,0,14,11,25161720,3635,20629320,2974,8382
593,7,0,14,11,25184880,3635,20629320,2971,8389
594,10,0,6,19,25270320,3638,20629320,2967,8399
595,11,0,8,17,25297440,3637,20629320,2962,8410
596,4,0,6,19,25328340,3638,20629320,2961,8414
597,7,0,10,15,25345140,3639,20629320,2958,8421
598,5,0,7,18,25382400,3640,20629320,2955,8426
599,3,0,4,21,25404180,3640,20629320,2954,8429
600,8,0,10,15,25413660,3640,20629320,2951,8437
601,5,0,5,20,25452660,3641,20629320,2949,8442
602,5,0,7,18,25465920,3641,20629320,2947,8447
603,7,0,9,16,25497660,3643,20629320,2944,8454
604,12,0,16,9,25505220,3642,20629320,2939,8466
605,5,0,8,17,25563360,3643,20629320,2936,8471
606,10,0,10,15,25586220,3642,20629320,2932,8481
607,9,0,12,13,25623120,3644,20629320,2929,8490
608,12,0,9,16,25670520,3643,20629320,2924,8502
609,6,0,9,16,25701000,3644,20629320,2921,8508
610,5,0,11,14,25716420,3645,20629320,2919,8513
611,16,0,17,8,25759560,3646,20629320,2912,8529
612,20,0,17,8,25817580,3643,20629320,2904,8549
613,6,0,8,17,25895940,3647,20629320,2902,8555
614,11,0,11,14,25934580,3648,20629320,2897,8566
615,10,0,11,14,25955760,3646,20629320,2893,8576
616,13,0,14,11,26002200,3647,20629320,2888,8589
617,15,0,20,5,26039760,3648,20629320,2882,8604
618,12,0,13,12,26113440,3649,20629320,2877,8616
619,12,0,12,13,26148600,3647,20629320,2872,8628
620,7,0,11,14,26187540,3648,20629320,2869,8635
621,6,0,10,15,26230620,3651,20629320,2867,8641
622,3,0,4,21,26278740,3653,20629320,2866,8644
623,6,0,5,20,26296260,3653,20629320,2863,8650
624,4,0,7,18,26310900,3654,20629320,2862,8654
625,3,0,4,21,26331660,3654,20629320,2861,8657
626,6,0,6,19,26340780,3653,20629320,2858,8663
627,4,0,2,23,26377260,3654,20629320,2857,8667
628,7,0,8,17,26385420,3654,20629320,2854,8674
629,6,0,3,22,26415540,3653,20629320,2852,8680
630,6,0,5,20,26427180,3653,20629320,2849,8686
631,6,0,6,19,26447820,3653,20629320,2847,8692
632,9,0,10,15,26464860,3653,20629320,2843,8701
633,6,0,9,16,26491680,3653,20629320,2841,8707
634,15,0,15,10,26515740,3652,20629320,2835,8722
635,13,0,11,14,26573340,3651,20629320,2830,8735
636,16,0,15,10,26614680,3651,20629320,2824,8751
637,12,0,15,10,26663160,3651,20629320,2819,8763
638,8,0,14,11,26704020,3653,20629320,2816,8771
639,7,0,11,14,26747580,3654,20629320,2813,8778
640,13,0,12,13,26804400,3655,20629320,2809,8791
641,8,0,12,13,26830320,3655,20629320,2805,8799
642,9,0,8,17,26879520,3655,20629320,2802,8808
643,6,0,7,18,26919000,3657,20629320,2800,8814
644,6,0,5,20,26941080,3656,20629320,2797,8820
645,4,0,5,20,26959320,3656,20629320,2796,8824
646,6,0,4,21,26981160,3656,20629320,2794,8830
647,8,0,9,16,26983620,3655,20629320,2791,8838
648,5,0,6,19,27020280,3656,20629320,2789,8843
649,8,0,8,17,27036360,3655,20629320,2786,8851
650,4,0,6,19,27057840,3655,20629320,2784,8855
651,1,0,1,24,27087840,3656,20629320,2784,8856
652,4,0,5,20,27087840,3656,20629320,2782,8860
653,3,0,5,20,27097680,3656,20629320,2781,8863
654,8,0,6,19,27124560,3656,20629320,2778,8871
655,5,0,3,22,27142740,3655,20629320,2776,8876
656,12,0,9,16,27163080,3654,20629320,2772,8888
657,10,0,9,16,27191100,3653,20629320,2768,8898
658,13,0,13,12,27217320,3652,20629320,2763,8911
659,4,0,7,18,27254700,3652,20629320,2762,8915
660,13,0,12,13,27280620,3652,20629320,2757,8928
661,16,0,13,12,27317160,3650,20629320,2751,8944
662,5,0,7,18,27383520,3653,20629320,2749,8949
663,11,0,12,13,27404760,3653,20629320,2745,8960
664,15,0,16,9,27439620,3652,20629320,2740,8975
665,9,0,14,11,27490140,3654,20629320,2737,8984
666,12,0,11,14,27553620,3655,20629320,2732,8996
667,11,0,11,14,27602340,3656,20629320,2728,9007
668,5,0,9,16,27634380,3657,20629320,2726,9012
669,6,0,6,19,27679800,3658,20629320,2724,9018
670,6,0,7,18,27706500,3660,20629320,2722,9024
671,9,0,2,23,27738240,3657,20629320,2719,9033
672,1,0,2,23,27745140,3657,20629320,2719,9034
673,6,0,5,20,27749400,3657,20629320,2716,9040
674,5,0,5,20,27760080,3656,20629320,2715,9045
675,5,0,6,19,27772080,3655,20629320,2713,9050
676,4,0,5,20,27787920,3655,20629320,2711,9054
677,6,0,7,18,27801120,3655,20629320,2709,9060
678,9,0,10,15,27824220,3655,20629320,2706,9069
679,9,0,12,13,27843120,3654,20629320,2703,9078
680,5,0,10,15,27879300,3655,20629320,2701,9083
681,5,0,8,17,27914760,3657,20629320,2699,9088
682,11,0,10,15,27938880,3655,20629320,2695,9099
683,7,0,8,17,27968640,3655,20629320,2693,9106
684,12,0,12,13,28000020,3655,20629320,2689,9118
685,19,0,17,8,28023900,3652,20629320,2682,9137
686,9,0,9,16,28087860,3652,20629320,2679,9146
687,9,0,13,12,28116840,3653,20629320,2676,9155
688,9,0,13,12,28156380,3654,20629320,2673,9164
689,16,0,19,6,28207200,3656,20629320,2667,9180
690,9,0,14,11,28266240,3657,20629320,2664,9189
691,10,0,10,15,28322580,3658,20629320,2661,9199
692,10,0,9,16,28359780,3657,20629320,2657,9209
693,5,0,10,15,28373220,3657,20629320,2656,9214
694,5,0,7,18,28414380,3659,20629320,2654,9219
695,7,0,8,17,28433640,3658,20629320,2651,9226
696,4,0,7,18,28451520,3658,20629320,2650,9230
697,4,0,3,22,28481700,3659,20629320,2649,9234
698,4,0,4,21,28492200,3658,20629320,2647,9238
699,6,0,7,18,28495260,3657,20629320,2645,9244
700,7,0,8,17,28513920,3657,20629320,2643,9251
701,4,0,6,19,28541820,3658,20629320,2642,9255
702,9,0,8,17,28567080,3658,20629320,2639,9264
703,11,0,11,14,28591560,3657,20629320,2635,9275
704,5,0,8,17,28625340,3658,20629320,2633,9280
705,7,0,10,15,28644060,3658,20629320,2631,9287
706,10,0,15,10,28665120,3658,20629320,2627,9297
707,13,0,16,9,28700820,3657,20629320,2623,9310
708,11,0,12,13,28775640,3660,20629320,2619,9321
709,8,0,7,18,28820520,3659,20629320,2617,9329
710,11,0,11,14,28844220,3659,20629320,2613,9340
711,12,0,12,13,28870560,3657,20629320,2609,9352
712,18,0,24,1,28892700,3657,20629320,2603,9370
713,5,0,8,17,28989300,3660,20629320,2602,9375
714,11,0,12,13,29009880,3659,20629320,2598,9386
715,10,0,11,14,29055780,3660,20629320,2595,9396
716,4,0,9,16,29075460,3660,20629320,2593,9400
717,6,0,8,17,29113740,3661,20629320,2591,9406
718,2,0,4,21,29148060,3663,20629320,2591,9408
719,6,0,7,18,29157000,3662,20629320,2589,9414
720,3,0,7,18,29169120,3663,20629320,2588,9417
721,4,0,7,18,29188380,3663,20629320,2587,9421
722,6,0,6,19,29220000,3664,20629320,2585,9427
723,0,0,3,22,29238480,3665,20629320,2585,9427
724,6,0,4,21,29252100,3664,20629320,2583,9433
725,4,0,5,20,29255940,3663,20629320,2581,9437
726,11,0,11,14,29277060,3664,20629320,2578,9448
727,5,0,8,17,29309820,3664,20629320,2576,9453
728,9,0,9,16,29337900,3664,20629320,2573,9462
729,9,0,10,15,29359980,3663,20629320,2570,9471
730,9,0,12,13,29393400,3664,20629320,2568,9480
731,7,0,9,16,29426340,3664,20629320,2565,9487
732,9,0,11,14,29455440,3664,20629320,2562,9496
733,8,0,7,18,29506920,3665,20629320,2560,9504
734,8,0,10,15,29518740,3664,20629320,2557,9512
735,9,0,11,14,29561880,3666,20629320,2555,9521
736,5,0,7,18,29588220,3665,20629320,2553,9526
737,9,0,7,18,29629380,3666,20629320,2550,9535
738,6,0,5,20,29652180,3665,20629320,2548,9541
739,5,0,5,20,29662680,3664,20629320,2547,9546
740,10,0,11,14,29670000,3663,20629320,2544,9556
741,7,0,4,21,29717160,3663,20629320,2541,9563
742,5,0,8,17,29721780,3663,20629320,2540,9568
743,7,0,7,18,29747880,3663,20629320,2538,9575
744,7,0,7,18,29769120,3662,20629320,2535,9582
745,6,0,7,18,29790600,3662,20629320,2534,9588
746,3,0,5,20,29814300,3663,20629320,2533,9591
747,5,0,6,19,29841960,3664,20629320,2531,9596
748,3,0,5,20,29854560,3664,20629320,2530,9599
749,6,0,9,16,29863980,3664,20629320,2528,9605
750,12,0,14,11,29895900,3665,20629320,2525,9617
751,5,0,12,13,29922900,3665,20629320,2523,9622
752,12,0,11,14,29982900,3667,20629320,2519,9634
753,13,0,17,8,30003300,3666,20629320,2515,9647
754,12,0,17,8,30059700,3668,20629320,2512,9659
755,13,0,17,8,30125040,3670,20629320,2508,9672
756,6,0,11,14,30180660,3671,20629320,2506,9678
757,13,0,11,14,30233640,3672,20629320,2502,9691
758,8,0,7,18,30267420,3671,20629320,2499,9699
759,10,0,9,16,30292320,3670,20629320,2496,9709
760,6,0,9,16,30321480,3671,20629320,2495,9715
761,14,0,12,13,30355560,3670,20629320,2490,9729
762,9,0,12,13,30384720,3670,20629320,2488,9738
763,7,0,5,20,30440280,3670,20629320,2486,9745
764,8,0,5,20,30457200,3669,20629320,2483,9753
765,5,0,6,19,30467520,3668,20629320,2482,9758
766,7,0,9,16,30488460,3669,20629320,2480,9765
767,3,0,3,22,30508080,3667,20629320,2479,9768
768,4,0,5,20,30518520,3668,20629320,2477,9772
769,5,0,4,21,30533880,3667,20629320,2476,9777
770,10,0,6,19,30549780,3665,20629320,2473,9787
771,3,0,6,19,30556380,3665,20629320,2472,9790
772,4,0,4,21,30577620,3665,20629320,2471,9794
773,5,0,5,20,30589260,3664,20629320,2469,9799
774,10,0,8,17,30607800,3663,20629320,2467,9809
775,5,0,5,20,30627660,3662,20629320,2465,9814
776,9,0,10,15,30641520,3662,20629320,2462,9823
777,10,0,13,12,30659640,3661,20629320,2459,9833
778,9,0,8,17,30717420,3662,20629320,2457,9842
779,6,0,6,19,30753420,3663,20629320,2455,9848
780,11,0,12,13,30761700,3662,20629320,2452,9859
781,7,0,5,20,30806400,3661,20629320,2450,9866
782,8,0,6,19,30819000,3659,20629320,2448,9874
783,9,0,8,17,30843660,3659,20629320,2445,9883
784,11,0,10,15,30864540,3658,20629320,2442,9894
785,14,0,16,9,30894060,3658,20629320,2438,9908
786,8,0,11,14,30936900,3657,20629320,2435,9916
787,5,0,8,17,30976020,3658,20629320,2434,9921
788,8,0,8,17,31014900,3660,20629320,2432,9929
789,7,0,9,16,31033800,3659,20629320,2430,9936
790,10,0,8,17,31063260,3658,20629320,2427,9946
791,8,0,10,15,31085100,3658,20629320,2424,9954
792,7,0,8,17,31124160,3659,20629320,2422,9961
793,9,0,10,15,31147320,3658,20629320,2420,9970
794,4,0,5,20,31189140,3659,20629320,2419,9974
795,7,0,5,20,31205820,3658,20629320,2417,9981
796,4,0,4,21,31220760,3658,20629320,2416,9985
797,5,0,7,18,31229400,3658,20629320,2414,9990
798,8,0,11,14,31246740,3658,20629320,2412,9998
799,6,0,8,17,31281420,3659,20629320,2410,10004
800,11,0,11,14,31314420,3659,20629320,2407,10015
801,7,0,8,17,31345920,3658,20629320,2405,10022
802,11,0,10,15,31373820,3658,20629320,2402,10033
803,7,0,9,16,31403040,3658,20629320,2400,10040
804,10,0,10,15,31431660,3657,20629320,2397,10050
805,13,0,9,16,31481040,3657,20629320,2394,10063
806,7,0,9,16,31512300,3658,20629320,2392,10070
807,14,0,15,10,31533720,3657,20629320,2388,10084
808,7,0,13,12,31568040,3657,20629320,2386,10091
809,11,0,10,15,31626060,3658,20629320,2383,10102
810,5,0,5,20,31656660,3657,20629320,2382,10107
811,5,0,5,20,31670940,3657,20629320,2380,10112
812,14,0,12,13,31686900,3656,20629320,2376,10126
813,6,0,7,18,31725240,3655,20629320,2375,10132
814,4,0,7,18,31742760,3656,20629320,2374,10136
815,6,0,5,20,31785120,3657,20629320,2372,10142
816,3,0,4,21,31796760,3657,20629320,2371,10145
817,5,0,4,21,31809000,3656,20629320,2370,10150
818,6,0,7,18,31819380,3656,20629320,2368,10156
819,3,0,5,20,31836960,3656,20629320,2367,10159
820,7,0,6,19,31852680,3655,20629320,2366,10166
821,4,0,9,16,31854420,3655,20629320,2364,10170
822,9,0,10,15,31877100,3654,20629320,2362,10179
823,5,0,7,18,31906320,3654,20629320,2361,10184
824,9,0,8,17,31950900,3656,20629320,2358,10193
825,11,0,8,17,31980120,3655,20629320,2355,10204
826,11,0,13,12,31997340,3654,20629320,2352,10215
827,14,0,13,12,32037720,3653,20629320,2349,10229
828,15,0,18,7,32070600,3653,20629320,2345,10244
829,7,0,10,15,32137620,3654,20629320,2343,10251
830,9,0,12,13,32168100,3655,20629320,2340,10260
831,13,0,15,10,32209620,3655,20629320,2337,10273
832,6,0,7,18,32253420,3654,20629320,2335,10279
833,11,0,11,14,32278260,3654,20629320,2332,10290
834,12,0,16,9,32293860,3653,20629320,2329,10302
835,14,0,13,12,32339640,3651,20629320,2326,10316
836,5,0,7,18,32406060,3654,20629320,2324,10321
837,11,0,10,15,32430900,3654,20629320,2321,10332
838,5,0,6,19,32451480,3652,20629320,2320,10337
839,6,0,7,18,32475480,3653,20629320,2318,10343
840,5,0,6,19,32495700,3653,20629320,2317,10348
841,7,0,9,16,32507700,3652,20629320,2315,10355
842,4,0,8,17,32527980,3653,20629320,2314,10359
843,4,0,6,19,32558940,3654,20629320,2313,10363
844,10,0,11,14,32575320,3653,20629320,2311,10373
845,5,0,10,15,32604480,3654,20629320,2309,10378
846,7,0,8,17,32634660,3654,20629320,2308,10385
847,7,0,8,17,32667780,3655,20629320,2306,10392
848,8,0,10,15,32683320,3654,20629320,2304,10400
849,11,0,9,16,32724960,3654,20629320,2301,10411
850,10,0,12,13,32744940,3653,20629320,2298,10421
851,10,0,9,16,32785680,3653,20629320,2296,10431
852,13,0,12,13,32819160,3652,20629320,2292,10444
853,8,0,13,12,32849520,3653,20629320,2290,10452
854,11,0,12,13,32885040,3652,20629320,2288,10463
855,12,0,11,14,32931780,3652,20629320,2285,10475
856,9,0,11,14,32962500,3651,20629320,2282,10484
857,6,0,8,17,32985540,3650,20629320,2281,10490
858,9,0,10,15,33017100,3651,20629320,2278,10499
859,7,0,7,18,33057180,3651,20629320,2277,10506
860,6,0,10,15,33070920,3652,20629320,2275,10512
861,5,0,7,18,33110100,3653,20629320,2274,10517
862,7,0,6,19,33133560,3652,20629320,2272,10524
863,3,0,8,17,33136560,3652,20629320,2271,10527
864,3,0,7,18,33150660,3652,20629320,2271,10530
865,9,0,10,15,33187020,3654,20629320,2268,10539
866,8,0,11,14,33204060,3653,20629320,2266,10547
867,6,0,8,17,33252540,3654,20629320,2265,10553
868,7,0,9,16,33272220,3654,20629320,2263,10560
869,5,0,6,19,33308400,3655,20629320,2262,10565
870,3,0,4,21,33328320,3655,20629320,2261,10568
871,8,0,5,20,33347160,3654,20629320,2259,10576
872,9,0,4,21,33373680,3653,20629320,2257,10585
873,9,0,10,15,33380760,3653,20629320,2255,10594
874,8,0,9,16,33404640,3652,20629320,2253,10602
875,8,0,7,18,33440400,3652,20629320,2251,10610
876,11,0,8,17,33472140,3651,20629320,2248,10621
877,7,0,9,16,33490260,3651,20629320,2246,10628
878,9,0,13,12,33511920,3651,20629320,2244,10637
879,10,0,11,14,33552600,3651,20629320,2242,10647
880,9,0,4,21,33606960,3650,20629320,2240,10656
881,8,0,8,17,33621120,3650,20629320,2238,10664
882,10,0,10,15,33645660,3650,20629320,2235,10674
883,6,0,9,16,33664560,3649,20629320,2234,10680
884,9,0,11,14,33696300,3650,20629320,2232,10689
885,11,0,12,13,33732000,3650,20629320,2229,10700
886,10,0,12,13,33781980,3651,20629320,2227,10710
887,6,0,9,16,33820920,3652,20629320,2225,10716
888,3,0,6,19,33841680,3652,20629320,2224,10719
889,10,0,7,18,33870840,3651,20629320,2222,10729
890,6,0,6,19,33895020,3651,20629320,2221,10735
891,4,0,5,20,33906660,3650,20629320,2220,10739
892,9,0,7,18,33923040,3649,20629320,2217,10748
893,8,0,13,12,33932520,3650,20629320,2216,10756
894,8,0,15,10,33943200,3649,20629320,2214,10764
895,9,0,10,15,34019220,3651,20629320,2212,10773
896,8,0,11,14,34042500,3651,20629320,2210,10781
897,11,0,9,16,34087980,3651,20629320,2207,10792
898,14,0,16,9,34101540,3649,20629320,2204,10806
899,9,0,12,13,34146180,3649,20629320,2202,10815
900,8,0,9,16,34193460,3650,20629320,2200,10823
901,7,0,7,18,34220700,3649,20629320,2198,10830
902,10,0,13,12,34233180,3649,20629320,2196,10840
903,6,0,7,18,34280760,3649,20629320,2194,10846
904,7,0,10,15,34301280,3650,20629320,2193,10853
905,5,0,11,14,34322820,3651,20629320,2192,10858
906,7,0,7,18,34365840,3651,20629320,2190,10865
907,13,0,11,14,34391640,3650,20629320,2187,10878
908,8,0,15,10,34408020,3651,20629320,2185,10886
909,6,0,5,20,34471980,3651,20629320,2184,10892
910,6,0,9,16,34484820,3652,20629320,2182,10898
911,7,0,7,18,34517700,3652,20629320,2181,10905
912,5,0,7,18,34538820,3652,20629320,2179,10910
913,5,0,4,21,34563480,3652,20629320,2178,10915
914,11,0,9,16,34572600,3650,20629320,2176,10926
915,10,0,9,16,34590060,3648,20629320,2174,10936
916,6,0,8,17,34622400,3649,20629320,2172,10942
917,4,0,9,16,34641420,3650,20629320,2171,10946
918,10,0,8,17,34677840,3649,20629320,2169,10956
919,6,0,9,16,34686840,3648,20629320,2168,10962
920,7,0,9,16,34715400,3649,20629320,2166,10969
921,8,0,8,17,34750560,3649,20629320,2164,10977
922,13,0,15,10,34772100,3649,20629320,2161,10990
923,6,0,10,15,34817220,3649,20629320,2160,10996
924,7,0,6,19,34858020,3650,20629320,2158,11003
925,7,0,6,19,34879440,3649,20629320,2157,11010
926,6,0,7,18,34897020,3649,20629320,2155,11016
927,9,0,8,17,34919040,3648,20629320,2153,11025
928,12,0,10,15,34937280,3646,20629320,2151,11037
929,13,0,14,11,34952340,3645,20629320,2148,11050
930,10,0,9,16,35002140,3644,20629320,2145,11060
931,7,0,8,17,35041560,3645,20629320,2144,11067
932,6,0,7,18,35060040,3644,20629320,2143,11073
933,6,0,7,18,35085180,3645,20629320,2141,11079
934,4,0,6,19,35110920,3645,20629320,2140,11083
935,5,0,6,19,35124780,3645,20629320,2139,11088
936,3,0,4,21,35146080,3645,20629320,2139,11091
937,5,0,7,18,35159520,3646,20629320,2137,11096
938,6,0,7,18,35172660,3645,20629320,2136,11102
939,9,0,9,16,35185620,3644,20629320,2134,11111
940,7,0,8,17,35221680,3645,20629320,2133,11118
941,6,0,6,19,35243040,3644,20629320,2131,11124
942,3,0,4,21,35258220,3643,20629320,2131,11127
943,5,0,4,21,35278620,3644,20629320,2130,11132
944,11,0,11,14,35287380,3643,20629320,2127,11143
945,3,0,7,18,35320200,3644,20629320,2126,11146
946,8,0,11,14,35329680,3643,20629320,2125,11154
947,9,0,11,14,35375280,3645,20629320,2123,11163
948,16,0,14,11,35407560,3643,20629320,2119,11179
949,11,0,10,15,35448780,3642,20629320,2117,11190
950,10,0,8,17,35496720,3642,20629320,2115,11200
951,8,0,11,14,35512380,3642,20629320,2113,11208
952,12,0,11,14,35558880,3642,20629320,2110,11220
953,7,0,9,16,35590500,3642,20629320,2109,11227
954,7,0,8,17,35616360,3642,20629320,2107,11234
955,13,0,10,15,35666100,3643,20629320,2105,11247
956,11,0,9,16,35693220,3641,20629320,2102,11258
957,4,0,6,19,35719260,3641,20629320,2101,11262
958,4,0,5,20,35737560,3641,20629320,2100,11266
959,4,0,5,20,35753700,3641,20629320,2100,11270
960,13,0,13,12,35764860,3640,20629320,2097,11283
961,3,0,7,18,35798340,3641,20629320,2096,11286
962,1,0,2,23,35832960,3642,20629320,2096,11287
963,4,0,4,21,35837520,3642,20629320,2095,11291
964,9,0,8,17,35848800,3641,20629320,2093,11300
965,4,0,6,19,35871780,3641,20629320,2092,11304
966,6,0,9,16,35885160,3641,20629320,2091,11310
967,9,0,8,17,35924460,3641,20629320,2089,11319
968,5,0,6,19,35948280,3641,20629320,2088,11324
969,8,0,7,18,35965560,3640,20629320,2086,11332
970,14,0,13,12,35987400,3640,20629320,2083,11346
971,9,0,14,11,36016920,3640,20629320,2082,11355
972,10,0,12,13,36064620,3640,20629320,2079,11365
973,10,0,12,13,36102240,3640,20629320,2077,11375
974,13,0,14,11,36137580,3640,20629320,2075,11388
975,8,0,9,16,36197940,3641,20629320,2073,11396
976,10,0,11,14,36226680,3641,20629320,2071,11406
977,9,0,10,15,36258120,3641,20629320,2069,11415
978,8,0,8,17,36301440,3641,20629320,2067,11423
979,9,0,7,18,36323100,3640,20629320,2066,11432
980,11,0,14,11,36333780,3639,20629320,2063,11443
981,5,0,7,18,36379620,3640,20629320,2062,11448
982,4,0,4,21,36409920,3640,20629320,2061,11452
983,3,0,4,21,36424500,3640,20629320,2061,11455
984,6,0,7,18,36433560,3640,20629320,2060,11461
985,1,0,1,24,36461760,3641,20629320,2059,11462
986,5,0,5,20,36464280,3640,20629320,2058,11467
987,7,0,6,19,36478920,3640,20629320,2057,11474
988,7,0,7,18,36496860,3639,20629320,2055,11481
989,5,0,6,19,36513120,3639,20629320,2054,11486
990,4,0,6,19,36530100,3639,20629320,2054,11490
991,8,0,7,18,36551700,3639,20629320,2052,11498
992,5,0,8,17,36564540,3638,20629320,2051,11503
993,7,0,8,17,36595080,3639,20629320,2050,11510
994,8,0,12,13,36601320,3638,20629320,2048,11518
995,8,0,10,15,36634020,3638,20629320,2046,11526
996,10,0,13,12,36667440,3639,20629320,2044,11536
997,10,0,9,16,36718620,3639,20629320,2042,11546
998,8,0,9,16,36749280,3639,20629320,2041,11554
999,8,0,8,17,36781080,3639,20629320,2039,11562
1000,6,0,8,17,36800580,3638,20629320,2038,11568
1001,10,0,11,14,36817800,3638,20629320,2036,11578
1002,12,0,15,10,36859200,3639,20629320,2033,11590
1003,6,0,8,17,36896820,3638,20629320,2032,11596
1004,3,0,4,21,36932340,3639,20629320,2032,11599
1005,3,0,3,22,36947160,3639,20629320,2031,11602
1006,5,0,4,21,36949500,3638,20629320,2030,11607
1007,5,0,5,20,36963360,3638,20629320,2029,11612
1008,7,0,7,18,36970380,3637,20629320,2028,11619
1009,5,0,6,19,37000860,3637,20629320,2027,11624
1010,17,0,18,7,37021380,3638,20629320,2023,11641
1011,27,6,25,0,37054200,3636,20632740,2019,11668
1012,28,10,25,0,37144380,3636,20641680,2014,11696
1013,32,12,25,0,37233600,3634,20668500,2010,11728
1014,31,27,25,0,37300860,3635,20676720,2005,11759
1015,29,40,17,8,37378380,3637,20681760,2001,11788
1016,30,40,17,8,37451400,3641,20697540,2001,11818
1017,29,40,25,0,37519980,3643,20748540,2002,11847
1018,26,40,25,0,37605720,3645,20768580,2001,11873
1019,30,40,21,4,37683000,3648,20808660,2002,11903
1020,31,38,22,3,37769460,3649,20918880,2009,11934
1021,35,39,25,0,37863420,3652,20945220,2008,11969
1022,34,40,25,0,37956360,3652,21025260,2011,12003
1023,23,40,15,10,38030760,3650,21105900,2016,12026
1024,29,40,16,9,38104980,3650,21292140,2029,12055
1025,46,39,19,6,38159820,3652,21301560,2027,12101
1026,43,40,18,7,38232720,3650,21331740,2026,12144
1027,36,35,25,0,38307720,3651,21443220,2032,12180
1028,35,37,25,0,38380980,3647,21652980,2045,12215
1029,34,39,25,0,38464080,3647,21719460,2047,12249
1030,30,36,25,0,38564340,3648,21831840,2053,12279
1031,36,39,17,8,38645160,3647,21889680,2054,12315
1032,27,38,25,0,38704320,3648,21911700,2053,12342
1033,34,37,25,0,38806080,3647,22002720,2056,12376
1034,32,37,25,0,38897040,3647,22052580,2056,12408
1035,28,38,25,0,38962200,3646,22059060,2052,12436
1036,37,32,25,0,39068280,3645,22242000,2064,12473
1037,32,38,20,5,39130920,3645,22248960,2061,12505
1038,36,40,25,0,39218400,3645,22400700,2070,12541
1039,27,35,25,0,39300360,3643,22494600,2073,12568
1040,32,37,25,0,39392940,3643,22513740,2070,12600
1041,36,40,25,0,39465000,3644,22545600,2069,12636
1042,34,32,25,0,39579660,3641,22893780,2095,12670
1043,30,40,25,0,39630900,3641,22906020,2092,12700
1044,18,32,25,0,39727620,3642,22975140,2095,12718
1045,34,38,24,1,39822840,3641,23065500,2097,12752
1046,34,37,20,5,39887760,3643,23084940,2097,12786
1047,24,36,25,0,39956100,3642,23143080,2098,12810
1048,36,40,24,1,40052040,3642,23191620,2097,12846
1049,30,35,22,3,40125000,3640,23295000,2103,12876
1050,28,40,12,13,40195980,3640,23296980,2101,12904
1051,33,38,25,0,40252740,3644,23345580,2102,12937
1052,35,40,25,0,40339620,3643,23401920,2102,12972
1053,30,39,25,0,40407780,3642,23418300,2099,13002
1054,35,38,25,0,40516140,3644,23485260,2100,13037
1055,31,35,25,0,40588740,3642,23553120,2102,13068
1056,27,40,16,9,40627860,3641,23558220,2100,13095
1057,36,34,25,0,40745340,3643,23708400,2108,13131
1058,31,38,25,0,40814820,3641,23792700,2111,13162
1059,31,34,25,0,40919280,3639,23851800,2110,13193
1060,34,40,21,4,40957440,3638,23853720,2108,13227
1061,22,24,25,0,41060640,3637,24890700,2195,13249
1062,32,34,14,11,41169960,3636,25653000,2256,13281
1063,28,38,16,9,41198400,3637,25668300,2255,13309
1064,30,38,25,0,41249940,3638,25700100,2254,13339
1065,25,39,25,0,41341020,3641,25746600,2255,13364
1066,33,34,25,0,41458320,3643,26038440,2276,13397
1067,36,40,25,0,41534340,3643,26080440,2274,13433
1068,28,35,25,0,41625660,3640,26147760,2275,13461
1069,27,39,25,0,41686740,3640,26189160,2274,13488
1070,29,37,25,0,41780040,3642,26207580,2272,13517
1071,36,39,25,0,41876820,3643,26217120,2268,13553
1072,32,40,25,0,41948640,3642,26319360,2273,13585
1073,33,40,18,7,42001260,3642,26322060,2271,13618
1074,22,29,25,0,42091800,3643,26528700,2285,13640
1075,25,8,25,0,42202560,3638,28728240,2469,13665
1076,36,23,23,2,42272700,3636,28790400,2467,13701
1077,17,31,20,5,42335520,3638,28799580,2464,13718
1078,17,30,25,0,42417720,3641,28839600,2464,13735
1079,28,37,25,0,42511740,3643,28854240,2460,13763
1080,43,37,25,0,42595380,3644,28910880,2461,13806
1081,28,39,25,0,42682500,3646,28947840,2459,13834
1082,23,26,25,0,42772260,3642,29206320,2476,13857
1083,34,40,18,7,42835680,3643,29235180,2476,13891
1084,32,40,22,3,42902280,3645,29260080,2473,13923
1085,32,36,18,7,42978060,3647,29288700,2474,13955
1086,32,38,25,0,43073760,3649,29374680,2475,13987
1087,42,40,25,0,43141440,3649,29384520,2472,14029
1088,38,38,25,0,43242240,3649,29464200,2473,14067
1089,24,35,25,0,43306560,3646,29658720,2485,14091
1090,37,38,25,0,43407900,3648,29676180,2481,14128
1091,22,25,25,0,43488720,3644,29960580,2500,14150
1092,24,21,25,0,43578720,3643,30408960,2533,14174
1093,35,40,17,8,43654740,3644,30412620,2527,14209
1094,29,40,25,0,43719360,3646,30434820,2525,14238
1095,30,34,25,0,43800060,3648,30477480,2526,14268
1096,37,39,25,0,43903260,3649,30530700,2524,14305
1097,30,32,25,0,43987680,3646,30742920,2536,14335
1098,21,26,25,0,44060820,3644,31083180,2560,14356
1099,29,27,25,0,44160060,3644,31207920,2564,14385
1100,31,40,16,9,44227080,3645,31212900,2560,14416
1101,31,39,13,12,44286000,3647,31228080,2561,14447
1102,35,40,25,0,44341680,3650,31323600,2565,14482
1103,28,38,20,5,44428320,3649,31377480,2565,14510
1104,26,34,25,0,44503140,3649,31499880,2570,14536
1105,27,37,22,3,44590020,3648,31575660,2571,14563
1106,41,40,25,0,44661000,3648,31605480,2568,14604
1107,34,37,18,7,44753640,3648,31653720,2568,14638
1108,39,40,24,1,44796120,3648,31673700,2567,14677
1109,25,28,25,0,44897460,3650,32090340,2597,14702
1110,40,40,16,9,44958840,3649,32092320,2593,14742
1111,36,35,25,0,45047580,3650,32155140,2593,14778
1112,35,40,23,2,45115980,3650,32208660,2593,14813
1113,27,39,23,2,45188760,3651,32226780,2591,14840
1114,38,40,25,0,45269040,3653,32236860,2588,14878
1115,27,34,25,0,45371220,3653,32422320,2598,14905
1116,32,39,25,0,45470700,3654,32452080,2594,14937
1117,34,39,25,0,45533880,3652,32605260,2602,14971
1118,38,39,25,0,45639900,3652,32650380,2599,15009
1119,29,34,25,0,45719640,3652,32692260,2599,15038
1120,35,40,25,0,45795660,3651,32738520,2597,15073
1121,26,37,25,0,45871680,3651,32818080,2600,15099
1122,28,27,25,0,45993540,3650,33639420,2659,15127
1123,34,39,25,0,46045920,3650,33647400,2654,15161
1124,35,36,25,0,46155720,3652,33681300,2652,15196
1125,35,40,25,0,46228860,3651,33770220,2653,15231
1126,37,40,25,0,46305720,3651,33823380,2654,15268
1127,38,40,25,0,46404960,3652,33846120,2650,15306
1128,31,38,20,5,46521120,3651,33943380,2652,15337
1129,34,40,12,13,46565280,3651,33952560,2652,15371
1130,33,40,10,15,46589880,3652,33959580,2652,15404
1131,24,29,25,0,46651080,3651,34530600,2691,15428
1132,34,25,25,0,46751520,3648,35270400,2742,15462
1133,26,37,22,3,46820640,3649,35276640,2736,15488
1134,23,35,25,0,46893780,3651,35309100,2736,15511
1135,36,40,25,0,46982160,3651,35553660,2749,15547
1136,24,36,25,0,47071560,3652,35647620,2753,15571
1137,32,35,25,0,47148120,3652,35745600,2756,15603
1138,22,37,20,5,47217960,3652,35764800,2754,15625
1139,33,33,25,0,47289840,3652,35874840,2758,15658
1140,28,26,25,0,47391900,3650,36335100,2787,15686
1141,34,14,25,0,47482500,3644,37047360,2834,15720
1142,35,35,24,1,47529420,3643,37055580,2829,15755
1143,29,39,23,2,47626080,3646,37084440,2825,15784
1144,29,36,25,0,47703000,3647,37134780,2827,15813
1145,30,40,25,0,47787720,3649,37151640,2823,15843
1146,17,22,25,0,47890440,3647,37600200,2853,15860
1147,29,17,25,0,47966580,3643,37740780,2857,15889
1148,28,36,16,9,48047640,3644,37763820,2854,15917
1149,28,39,12,13,48110220,3646,37775760,2852,15945
1150,37,40,11,14,48141600,3647,37782420,2852,15982
1151,26,40,21,4,48173280,3649,37859820,2855,16008
1152,39,40,25,0,48238860,3650,37911660,2855,16047
1153,35,38,25,0,48356040,3650,38035020,2858,16082
1154,33,40,25,0,48422400,3650,38042460,2853,16115
1155,36,40,19,6,48521220,3650,38076240,2852,16151
1156,26,34,25,0,48578700,3650,38196300,2858,16177
1157,32,40,25,0,48663480,3652,38246220,2856,16209
1158,32,38,25,0,48756480,3652,38272440,2853,16241
1159,39,40,25,0,48850260,3652,38351460,2853,16280
1160,22,31,25,0,48949200,3651,38631300,2869,16302
1161,30,37,25,0,49016700,3649,38775540,2874,16332
1162,32,39,25,0,49119060,3651,38790300,2870,16364
1163,30,38,25,0,49186800,3650,38814600,2867,16394
1164,31,37,25,0,49278180,3648,38977620,2872,16425
1165,21,40,20,5,49359000,3649,38988120,2870,16446
1166,23,33,25,0,49441440,3649,39132000,2876,16469
1167,26,37,25,0,49515900,3649,39200040,2876,16495
1168,23,27,25,0,49640220,3650,39540060,2896,16518
1169,31,31,25,0,49706880,3647,39855540,2913,16549
1170,29,40,25,0,49774860,3648,39864840,2908,16578
1171,36,36,25,0,49886220,3650,39930060,2908,16614
1172,26,28,25,0,49961280,3646,40219800,2924,16640
1173,25,27,25,0,50058960,3647,40340460,2928,16665
1174,31,40,25,0,50121480,3647,40349760,2922,16696
1175,26,35,25,0,50224140,3646,40418940,2922,16722
1176,11,4,25,0,50329200,3643,41489580,2996,16733
1177,7,0,15,10,50377140,3641,41661240,3007,16740
1178,3,0,6,19,50443020,3642,41661240,3007,16743
1179,6,0,6,19,50472120,3643,41661240,3005,16749
1180,5,0,6,19,50483460,3642,41661240,3004,16754
1181,8,0,7,18,50510580,3642,41661240,3003,16762
1182,8,0,4,21,50531100,3641,41661240,3001,16770
1183,9,0,10,15,50542680,3641,41661240,2999,16779
1184,11,0,12,13,50568780,3640,41661240,2996,16790
1185,10,0,15,10,50596860,3641,41661240,2994,16800
1186,12,0,11,14,50663700,3641,41661240,2992,16812
1187,12,0,10,15,50690100,3640,41661240,2989,16824
1188,7,0,8,17,50721660,3640,41661240,2988,16831
1189,9,0,9,16,50745420,3639,41661240,2986,16840
1190,13,0,15,10,50766480,3639,41661240,2983,16853
1191,9,0,12,13,50802480,3638,41661240,2981,16862
1192,11,0,10,15,50862900,3639,41661240,2979,16873
1193,10,0,10,15,50886540,3638,41661240,2977,16883
1194,6,0,7,18,50925480,3639,41661240,2975,16889
1195,17,0,15,10,50947740,3638,41661240,2972,16906
1196,11,0,14,11,51002280,3639,41661240,2969,16917
1197,4,0,7,18,51046560,3639,41661240,2969,16921
1198,4,0,5,20,51078780,3640,41661240,2968,16925
1199,5,0,6,19,51088080,3640,41661240,2967,16930
1200,7,0,8,17,51106260,3640,41661240,2965,16937
1201,5,0,8,17,51123840,3640,41661240,2964,16942
1202,3,0,6,19,51148200,3640,41661240,2963,16945
1203,2,0,3,22,51171660,3640,41661240,2963,16947
1204,4,0,6,19,51176400,3640,41661240,2962,16951
1205,10,0,11,14,51188220,3640,41661240,2960,16961
1206,8,0,13,12,51204060,3640,41661240,2958,16969
1207,5,0,6,19,51262980,3641,41661240,2957,16974
1208,7,0,8,17,51277500,3640,41661240,2956,16981
1209,11,0,9,16,51303000,3640,41661240,2954,16992
1210,12,0,10,15,51331440,3639,41661240,2951,17004
1211,8,0,9,16,51364020,3639,41661240,2949,17012
1212,10,0,14,11,51381840,3639,41661240,2947,17022
1213,10,0,13,12,51429480,3639,41661240,2945,17032
1214,12,0,12,13,51475080,3639,41661240,2943,17044
1215,13,0,13,12,51511260,3639,41661240,2940,17057
1216,12,0,14,11,51550140,3639,41661240,2938,17069
1217,12,0,13,12,51587760,3638,41661240,2935,17081
1218,6,0,8,17,51639780,3639,41661240,2934,17087
1219,10,0,14,11,51654600,3639,41661240,2932,17097
1220,5,0,9,16,51703140,3640,41661240,2931,17102
1221,9,0,8,17,51742260,3640,41661240,2929,17111
1222,6,0,9,16,51761880,3640,41661240,2928,17117
1223,6,0,9,16,51776520,3639,41661240,2926,17123
1224,6,0,7,18,51802380,3639,41661240,2925,17129
1225,4,0,5,20,51838620,3640,41661240,2924,17133
1226,2,0,5,20,51848520,3640,41661240,2924,17135
1227,8,0,12,13,51849360,3640,41661240,2922,17143
1228,6,0,10,15,51879900,3640,41661240,2921,17149
1229,8,0,10,15,51921600,3641,41661240,2919,17157
1230,13,0,15,10,51947940,3641,41661240,2917,17170
1231,8,0,13,12,51985380,3641,41661240,2915,17178
1232,5,0,8,17,52035960,3642,41661240,2914,17183
1233,12,0,13,12,52053720,3641,41661240,2912,17195
1234,11,0,13,12,52093860,3641,41661240,2909,17206
1235,11,0,13,12,52141860,3642,41661240,2907,17217
1236,8,0,10,15,52180980,3642,41661240,2906,17225
1237,6,0,7,18,52202760,3641,41661240,2904,17231
1238,16,0,14,11,52248660,3642,41661240,2901,17247
1239,10,0,16,9,52272900,3642,41661240,2899,17257
1240,13,0,14,11,52344360,3643,41661240,2896,17270
1241,6,0,10,15,52375800,3643,41661240,2895,17276
1242,10,0,9,16,52418100,3643,41661240,2893,17286
1243,5,0,7,18,52441140,3643,41661240,2892,17291
1244,7,0,8,17,52472940,3643,41661240,2891,17298
1245,4,0,7,18,52491780,3643,41661240,2890,17302
1246,4,0,6,19,52515000,3644,41661240,2889,17306
1247,6,0,7,18,52527660,3643,41661240,2888,17312
1248,8,0,9,16,52539960,3643,41661240,2886,17320
1249,5,0,7,18,52574460,3643,41661240,2885,17325
1250,6,0,7,18,52592040,3643,41661240,2884,17331
1251,2,0,4,21,52609440,3643,41661240,2884,17333
1252,9,0,8,17,52628760,3643,41661240,2882,17342
1253,9,0,11,14,52645560,3643,41661240,2880,17351
1254,6,0,7,18,52688700,3643,41661240,2879,17357
1255,8,0,5,20,52715640,3642,41661240,2877,17365
1256,7,0,4,21,52729140,3641,41661240,2876,17372
1257,6,0,4,21,52751520,3641,41661240,2875,17378
1258,8,0,7,18,52755600,3640,41661240,2873,17386
1259,6,0,9,16,52765320,3640,41661240,2872,17392
1260,13,0,11,14,52805220,3640,41661240,2870,17405
1261,15,0,13,12,52832460,3639,41661240,2867,17420
1262,8,0,7,18,52882920,3639,41661240,2865,17428
1263,10,0,10,15,52909980,3639,41661240,2863,17438
1264,16,0,15,10,52934340,3638,41661240,2860,17454
1265,9,0,12,13,52980060,3638,41661240,2858,17463
1266,8,0,9,16,53022540,3638,41661240,2857,17471
1267,10,0,8,17,53069460,3638,41661240,2855,17481
1268,14,0,10,15,53086620,3637,41661240,2852,17495
1269,5,0,8,17,53105040,3636,41661240,2851,17500
1270,6,0,10,15,53135520,3637,41661240,2850,17506
1271,6,0,6,19,53168940,3637,41661240,2849,17512
1272,7,0,9,16,53185260,3637,41661240,2847,17519
1273,4,0,5,20,53212680,3637,41661240,2846,17523
1274,4,0,4,21,53237760,3637,41661240,2846,17527
1275,5,0,5,20,53245740,3637,41661240,2845,17532
1276,7,0,8,17,53257260,3637,41661240,2843,17539
1277,5,0,10,15,53271120,3637,41661240,2842,17544
1278,5,0,7,18,53300460,3637,41661240,2841,17549
1279,4,0,3,22,53341200,3638,41661240,2841,17553
1280,13,0,13,12,53350920,3638,41661240,2838,17566
1281,10,0,15,10,53366220,3637,41661240,2836,17576
1282,10,0,13,12,53413020,3637,41661240,2834,17586
1283,11,0,12,13,53456160,3637,41661240,2832,17597
1284,8,0,10,15,53497260,3637,41661240,2831,17605
1285,11,0,13,12,53527440,3637,41661240,2828,17616
1286,7,0,9,16,53564280,3637,41661240,2827,17623
1287,15,0,12,13,53597160,3636,41661240,2824,17638
1288,6,0,11,14,53632260,3637,41661240,2823,17644
1289,11,0,12,13,53676000,3638,41661240,2821,17655
1290,15,0,19,6,53707620,3638,41661240,2818,17670
1291,6,0,12,13,53764080,3638,41661240,2817,17676
1292,10,0,12,13,53818500,3640,41661240,2815,17686
1293,8,0,13,12,53844000,3640,41661240,2813,17694
1294,7,0,8,17,53891340,3640,41661240,2812,17701
1295,7,0,8,17,53919300,3640,41661240,2811,17708
1296,4,0,5,20,53947740,3640,41661240,2810,17712
1297,6,0,6,19,53959380,3640,41661240,2809,17718
1298,1,0,2,23,53975580,3640,41661240,2809,17719
1299,6,0,6,19,53980860,3639,41661240,2808,17725
1300,6,0,9,16,53985240,3639,41661240,2806,17731
1301,11,0,13,12,54014760,3639,41661240,2804,17742
1302,10,0,12,13,54056940,3639,41661240,2803,17752
1303,10,0,12,13,54089220,3639,41661240,2801,17762
1304,9,0,5,20,54138780,3639,41661240,2799,17771
1305,8,0,8,17,54154020,3638,41661240,2797,17779
1306,3,0,7,18,54167460,3638,41661240,2797,17782
1307,8,0,9,16,54192000,3639,41661240,2795,17790
1308,9,0,6,19,54224640,3638,41661240,2794,17799
1309,10,0,6,19,54244500,3637,41661240,2792,17809
1310,5,0,5,20,54262080,3636,41661240,2791,17814
1311,12,0,12,13,54270780,3636,41661240,2789,17826
1312,14,0,10,15,54307920,3634,41661240,2786,17840
1313,13,0,10,15,54359700,3635,41661240,2784,17853
1314,9,0,12,13,54384540,3635,41661240,2782,17862
1315,7,0,11,14,54417720,3635,41661240,2781,17869
1316,11,0,10,15,54464460,3635,41661240,2779,17880
1317,10,0,8,17,54504060,3635,41661240,2777,17890
1318,3,0,3,22,54540240,3635,41661240,2776,17893
1319,5,0,5,20,54548100,3635,41661240,2775,17898
1320,8,0,8,17,54559680,3635,41661240,2774,17906
1321,4,0,8,17,54582840,3635,41661240,2773,17910
1322,7,0,10,15,54605280,3635,41661240,2772,17917
1323,9,0,6,19,54641460,3635,41661240,2770,17926
1324,5,0,7,18,54649560,3634,41661240,2769,17931
1325,7,0,6,19,54681360,3635,41661240,2768,17938
1326,8,0,9,16,54697320,3634,41661240,2766,17946
1327,12,0,12,13,54731100,3634,41661240,2764,17958
1328,7,0,10,15,54764160,3634,41661240,2763,17965
1329,10,0,10,15,54801180,3634,41661240,2761,17975
1330,9,0,11,14,54827760,3634,41661240,2759,17984
1331,6,0,7,18,54863760,3634,41661240,2758,17990
1332,5,0,5,20,54897240,3635,41661240,2757,17995
1333,9,0,7,18,54913380,3634,41661240,2756,18004
1334,7,0,7,18,54931560,3634,41661240,2755,18011
1335,9,0,7,18,54964440,3634,41661240,2753,18020
1336,6,0,7,18,54982740,3634,41661240,2752,18026
1337,8,0,6,19,55002480,3633,41661240,2750,18034
1338,11,0,8,17,55023660,3632,41661240,2748,18045
1339,8,0,8,17,55051560,3632,41661240,2747,18053
1340,9,0,12,13,55069080,3632,41661240,2745,18062
1341,4,0,10,15,55091340,3632,41661240,2745,18066
1342,9,0,12,13,55121640,3632,41661240,2743,18075
1343,9,0,10,15,55171980,3633,41661240,2741,18084
1344,6,0,12,13,55190340,3633,41661240,2740,18090
1345,9,0,19,6,55192200,3633,41661240,2739,18099
1346,6,0,18,7,55207260,3632,41661240,2737,18105
1347,6,0,16,9,55237440,3632,41661240,2736,18111
1348,5,0,17,8,55250340,3632,41661240,2736,18116
1349,5,0,15,10,55267320,3631,41661240,2735,18121
1350,5,0,15,10,55285260,3631,41661240,2734,18126
1351,7,0,17,8,55291680,3631,41661240,2732,18133
1352,7,0,18,7,55306320,3630,41661240,2731,18140
1353,12,0,21,4,55344540,3631,41661240,2729,18152
1354,13,0,25,0,55368420,3630,41661540,2727,18165
1355,10,0,18,7,55434060,3630,41662320,2725,18175
1356,14,0,22,3,55461240,3630,41662320,2723,18189
1357,14,4,25,0,55494120,3630,41663940,2720,18203
1358,6,0,23,2,55539000,3630,41670300,2719,18209
1359,13,2,23,2,55591260,3631,41672100,2717,18222
1360,10,2,25,0,55610820,3630,41677140,2716,18232
1361,6,0,18,7,55671360,3631,41682960,2715,18238
1362,14,0,25,0,55705440,3631,41682960,2713,18252
1363,9,0,23,2,55742820,3631,41683080,2711,18261
1364,9,0,22,3,55788000,3632,41683080,2710,18270
1365,5,0,17,8,55823400,3632,41683080,2709,18275
1366,12,0,20,5,55852320,3631,41683080,2707,18287
1367,7,0,20,5,55880220,3632,41683080,2705,18294
1368,4,0,17,8,55909860,3632,41683080,2705,18298
1369,10,0,20,5,55938360,3632,41683080,2703,18308
1370,4,0,15,10,55968240,3632,41683080,2702,18312
1371,1,0,13,12,55985100,3632,41683080,2702,18313
1372,12,0,19,6,55996680,3632,41683080,2700,18325
1373,7,0,21,4,56012700,3631,41683080,2699,18332
1374,2,0,15,10,56049540,3632,41683080,2698,18334
1375,10,0,18,7,56075220,3632,41683080,2697,18344
1376,7,0,20,5,56087400,3632,41683080,2695,18351
1377,12,0,20,5,56129700,3632,41683080,2693,18363
1378,10,0,20,5,56154900,3631,41683080,2692,18373
1379,6,0,18,7,56190420,3631,41683080,2690,18379
1380,8,0,20,5,56210100,3631,41683080,2689,18387
1381,17,1,25,0,56244180,3631,41683080,2686,18404
1382,6,0,21,4,56278860,3630,41683140,2685,18410
1383,14,4,25,0,56310480,3631,41686740,2683,18424
1384,7,0,22,3,56368620,3631,41695320,2682,18431
1385,9,0,17,8,56427840,3632,41695320,2681,18440
1386,5,0,14,11,56443800,3631,41695320,2680,18445
1387,9,0,18,7,56454480,3631,41695320,2678,18454
1388,7,0,17,8,56479080,3630,41695320,2677,18461
1389,4,0,16,9,56507040,3631,41695320,2676,18465
1390,12,0,23,2,56512260,3630,41695320,2674,18477
1391,10,0,22,3,56555940,3630,41695320,2673,18487
1392,6,0,23,2,56576880,3631,41695320,2672,18493
1393,3,0,14,11,56642640,3632,41695320,2671,18496
1394,3,0,15,10,56655540,3632,41695320,2671,18499
1395,5,0,14,11,56669400,3632,41695320,2670,18504
1396,4,0,16,9,56681340,3632,41695320,2669,18508
1397,7,0,18,7,56700780,3632,41695320,2668,18515
1398,10,0,21,4,56717820,3632,41695320,2666,18525
1399,6,0,16,9,56756940,3632,41695320,2665,18531
1400,8,0,18,7,56769300,3631,41695320,2664,18539
1401,8,0,18,7,56799600,3631,41695320,2662,18547
1402,9,0,18,7,56832600,3631,41695320,2661,18556
1403,23,2,25,0,56860080,3630,41698740,2658,18579
1404,10,0,23,2,56904180,3629,41701200,2656,18589
1405,17,1,25,0,56959560,3630,41704800,2653,18606
1406,10,0,25,0,57002640,3630,41712420,2652,18616
1407,11,0,20,5,57057180,3630,41712600,2650,18627
1408,9,0,19,6,57082620,3629,41712600,2648,18636
1409,12,0,22,3,57124560,3629,41712600,2646,18648
1410,9,0,20,5,57148140,3628,41712600,2645,18657
1411,10,0,16,9,57202860,3629,41712600,2643,18667
1412,11,0,21,4,57210840,3628,41712600,2641,18678
1413,4,0,15,10,57245100,3628,41712600,2641,18682
1414,1,0,14,11,57254340,3628,41712600,2641,18683
1415,6,0,17,8,57273960,3628,41712600,2640,18689
1416,4,0,14,11,57297300,3628,41712600,2639,18693
1417,7,0,17,8,57304020,3628,41712600,2638,18700
1418,9,0,18,7,57316320,3627,41712600,2636,18709
1419,1,0,15,10,57347160,3628,41712600,2636,18710
1420,7,0,14,11,57373260,3628,41712600,2635,18717
1421,7,0,18,7,57379740,3627,41712600,2634,18724
1422,6,0,14,11,57408480,3627,41712600,2633,18730
1423,6,0,18,7,57411900,3627,41712600,2632,18736
1424,9,0,18,7,57432540,3626,41712600,2630,18745
1425,10,0,20,5,57462360,3626,41712600,2629,18755
1426,10,0,23,2,57479820,3625,41712600,2627,18765
1427,13,1,21,4,57523740,3625,41714520,2625,18778
1428,16,13,19,6,57558120,3626,41717820,2622,18794
1429,10,19,20,5,57580860,3626,41726640,2621,18804
1430,13,22,25,0,57618180,3628,41757660,2621,18817
1431,6,13,25,0,57674520,3628,41806260,2623,18823
1432,10,1,25,0,57729780,3626,41958120,2631,18833
1433,9,0,17,8,57770160,3625,41974080,2631,18842
1434,8,0,16,9,57793860,3624,41974080,2629,18850
1435,6,0,15,10,57809280,3623,41974080,2628,18856
1436,4,0,15,10,57833520,3624,41974080,2628,18860
1437,5,0,13,12,57846720,3623,41974080,2627,18865
1438,8,0,15,10,57864540,3623,41974080,2626,18873
1439,7,0,16,9,57873360,3622,41974080,2624,18880
1440,5,0,17,8,57893640,3623,41974080,2624,18885
1441,3,0,13,12,57922020,3623,41974080,2623,18888
1442,6,0,17,8,57927360,3623,41974080,2622,18894
1443,3,0,15,10,57934920,3622,41974080,2622,18897
1444,7,0,17,8,57958560,3622,41974080,2620,18904
1445,6,0,17,8,57973260,3622,41974080,2619,18910
1446,7,0,18,7,57995700,3622,41974080,2618,18917
1447,9,0,17,8,58026300,3622,41974080,2617,18926
1448,10,0,20,5,58041840,3621,41974080,2615,18936
1449,11,0,23,2,58058640,3620,41974080,2613,18947
1450,8,0,22,3,58106160,3621,41974080,2612,18955
1451,12,1,25,0,58141080,3622,41974080,2610,18967
1452,9,0,22,3,58186980,3621,41980200,2609,18976
1453,5,0,16,9,58239000,3622,41980200,2608,18981
1454,9,0,17,8,58268400,3622,41980200,2607,18990
1455,11,0,20,5,58278120,3621,41980200,2605,19001
1456,9,0,21,4,58296060,3620,41980200,2604,19010
1457,12,0,21,4,58343700,3621,41980200,2602,19022
1458,7,0,18,7,58375500,3620,41980200,2601,19029
1459,15,1,25,0,58396020,3620,41980740,2598,19044
1460,10,4,22,3,58426020,3620,41981520,2597,19054
1461,7,7,18,7,58474680,3621,41987700,2596,19061
1462,5,7,21,4,58485960,3621,41999460,2596,19066
1463,5,0,20,5,58533660,3621,42037980,2597,19071
1464,7,0,21,4,58560300,3621,42037980,2596,19078
1465,6,0,16,9,58615320,3622,42038580,2595,19084
1466,10,0,24,1,58618620,3622,42038580,2594,19094
1467,8,2,21,4,58659900,3623,42039360,2593,19102
1468,7,2,20,5,58711020,3624,42051000,2592,19109
1469,11,4,25,0,58721280,3624,42054480,2590,19120
1470,8,0,21,4,58786800,3624,42070440,2590,19128
1471,8,0,19,6,58830540,3625,42070440,2589,19136
1472,7,0,18,7,58853820,3624,42070440,2588,19143
1473,10,0,22,3,58871700,3624,42070440,2586,19153
1474,12,0,19,6,58923600,3624,42070440,2584,19165
1475,9,0,20,5,58956420,3624,42070440,2583,19174
1476,9,0,24,1,58977540,3624,42070440,2581,19183
1477,10,0,20,5,59038320,3625,42070440,2580,19193
1478,13,0,25,0,59066580,3625,42070440,2578,19206
1479,16,6,25,0,59104200,3625,42077400,2576,19222
1480,13,8,25,0,59160000,3626,42088260,2574,19235
1481,6,0,20,5,59216220,3625,42117540,2575,19241
1482,9,0,20,5,59251740,3625,42117540,2574,19250
1483,13,0,19,6,59298480,3625,42117540,2572,19263
1484,6,0,17,8,59329140,3625,42117540,2571,19269
1485,3,0,16,9,59355360,3626,42117540,2570,19272
1486,7,0,22,3,59360880,3626,42117540,2569,19279
1487,9,0,21,4,59406960,3627,42117540,2568,19288
1488,6,0,21,4,59424840,3627,42117540,2567,19294
1489,5,0,17,8,59469420,3627,42117540,2566,19299
1490,3,0,14,11,59495040,3627,42117540,2566,19302
1491,8,0,19,6,59504460,3627,42117540,2564,19310
1492,5,0,15,10,59526000,3627,42117540,2564,19315
1493,9,0,17,8,59549400,3627,42117540,2562,19324
1494,3,0,17,8,59559180,3627,42117540,2562,19327
1495,6,0,17,8,59580540,3626,42117540,2561,19333
1496,11,0,19,6,59606520,3626,42117540,2559,19344
1497,8,0,23,2,59632740,3627,42121020,2558,19352
1498,10,0,22,3,59661180,3626,42121560,2557,19362
1499,12,0,19,6,59719200,3626,42121560,2555,19374
1500,9,0,19,6,59748000,3626,42121560,2553,19383
1501,13,1,25,0,59766240,3626,42121860,2551,19396
1502,7,0,23,2,59800260,3626,42121920,2550,19403
1503,15,0,25,0,59851860,3626,42121920,2548,19418
1504,11,8,19,6,59889360,3626,42124080,2546,19429
1505,12,10,25,0,59912100,3627,42137520,2545,19441
1506,10,9,25,0,59973240,3628,42173340,2546,19451
1507,7,0,22,3,60034380,3628,42219300,2548,19458
1508,6,0,18,7,60075720,3628,42219300,2547,19464
1509,6,0,20,5,60091680,3628,42219300,2546,19470
1510,12,5,19,6,60122640,3628,42220920,2544,19482
1511,5,0,18,7,60175920,3629,42235860,2544,19487
1512,4,0,17,8,60200940,3629,42235860,2544,19491
1513,2,0,14,11,60216780,3629,42235860,2543,19493
1514,8,0,16,9,60233160,3629,42235860,2542,19501
1515,5,0,18,7,60238440,3629,42235860,2541,19506
1516,7,0,17,8,60264720,3628,42235860,2540,19513
1517,6,0,15,10,60285960,3628,42235860,2539,19519
1518,5,0,17,8,60301800,3628,42235860,2538,19524
1519,6,0,18,7,60314820,3628,42235860,2538,19530
1520,12,0,25,0,60338700,3628,42235860,2536,19542
1521,12,0,21,4,60384300,3627,42236460,2534,19554
1522,10,0,24,1,60413040,3628,42236460,2532,19564
1523,11,0,20,5,60471120,3628,42236460,2531,19575
1524,5,0,17,8,60490500,3627,42236460,2530,19580
1525,8,0,19,6,60528120,3628,42236460,2529,19588
1526,14,0,22,3,60552900,3627,42236460,2527,19602
1527,12,5,20,5,60572100,3627,42236820,2525,19614
1528,10,0,22,3,60622320,3627,42245100,2524,19624
1529,7,0,18,7,60664560,3627,42245100,2523,19631
1530,9,0,22,3,60685200,3627,42245100,2521,19640
1531,4,0,16,9,60724080,3627,42245100,2521,19644
1532,7,0,16,9,60756900,3628,42245100,2520,19651
1533,9,0,15,10,60776220,3627,42245100,2518,19660
1534,4,0,17,8,60788100,3627,42245100,2518,19664
1535,6,0,20,5,60799500,3627,42245100,2517,19670
1536,3,0,17,8,60827520,3627,42245100,2516,19673
1537,2,0,13,12,60853560,3628,42245100,2516,19675
1538,6,0,14,11,60873360,3628,42245100,2515,19681
1539,4,0,16,9,60876360,3627,42245100,2515,19685
1540,7,0,18,7,60896220,3628,42245100,2514,19692
1541,8,0,22,3,60904320,3627,42245100,2512,19700
1542,10,0,17,8,60959760,3627,42245400,2511,19710
1543,6,0,21,4,60964680,3627,42245400,2510,19716
1544,10,0,23,2,60995760,3627,42245400,2509,19726
1545,15,0,22,3,61045320,3627,42245400,2506,19741
1546,9,0,20,5,61076340,3626,42245400,2505,19750
1547,12,0,24,1,61102260,3626,42245400,2503,19762
1548,10,0,23,2,61151700,3627,42245400,2502,19772
1549,9,0,19,6,61189080,3626,42245460,2500,19781
1550,12,1,21,4,61219440,3626,42245460,2499,19793
1551,5,5,20,5,61231740,3626,42246540,2499,19798
1552,3,0,20,5,61289040,3628,42262320,2498,19801
1553,8,0,20,5,61321560,3628,42262320,2497,19809
1554,7,0,16,9,61351920,3627,42262320,2496,19816
1555,9,0,17,8,61382520,3628,42262320,2495,19825
1556,7,0,18,7,61395120,3627,42262320,2494,19832
1557,7,0,18,7,61433220,3628,42262320,2493,19839
1558,6,0,17,8,61456500,3628,42262320,2492,19845
1559,3,0,13,12,61484400,3628,42262320,2492,19848
1560,7,0,18,7,61491180,3628,42262320,2491,19855
1561,2,0,17,8,61500780,3628,42262320,2490,19857
1562,4,0,15,10,61530360,3628,42262320,2490,19861
1563,12,1,21,4,61540740,3628,42262320,2488,19873
1564,5,2,18,7,61570200,3628,42270660,2488,19878
1565,9,0,22,3,61587840,3627,42278040,2487,19887
1566,10,4,20,5,61615080,3627,42280740,2485,19897
1567,3,3,17,8,61677240,3629,42290700,2486,19900
1568,5,0,16,9,61702380,3629,42306720,2486,19905
1569,16,0,25,0,61714440,3628,42307320,2483,19921
1570,12,0,23,2,61758120,3628,42311040,2482,19933
1571,10,3,23,2,61786140,3628,42311580,2481,19943
1572,6,2,21,4,61843260,3629,42321600,2480,19949
1573,12,6,20,5,61867440,3629,42332340,2480,19961
1574,12,11,21,4,61902720,3630,42340680,2478,19973
1575,10,17,17,8,61930800,3630,42348120,2478,19983
1576,10,15,24,1,61972200,3631,42367380,2477,19993
1577,12,26,20,5,61985880,3631,42367920,2476,20005
1578,7,22,25,0,62032740,3632,42396840,2476,20012
1579,7,17,25,0,62084040,3633,42481800,2480,20019
1580,7,8,25,0,62131800,3632,42611700,2486,20026
1581,5,0,18,7,62185620,3631,42761400,2494,20031
1582,7,0,18,7,62217900,3631,42761400,2493,20038
1583,5,0,17,8,62241900,3632,42761400,2492,20043
1584,4,0,16,9,62264940,3632,42761400,2492,20047
1585,5,0,17,8,62281740,3632,42761400,2491,20052
1586,9,0,18,7,62300280,3631,42761400,2490,20061
1587,3,0,16,9,62331120,3632,42761400,2489,20064
1588,4,0,16,9,62348220,3632,42761400,2489,20068
1589,2,0,13,12,62370180,3632,42761400,2488,20070
1590,8,0,15,10,62377860,3632,42761400,2487,20078
1591,6,0,13,12,62402040,3631,42761400,2486,20084
1592,7,0,16,9,62408040,3631,42761400,2485,20091
1593,18,3,25,0,62414880,3630,42761400,2483,20109
1594,12,0,24,1,62475300,3630,42769200,2481,20121
1595,10,1,25,0,62500560,3630,42769200,2480,20131
1596,9,0,21,4,62549220,3630,42769920,2479,20140
1597,15,0,20,5,62612760,3630,42769920,2477,20155
1598,10,7,20,5,62620800,3630,42770400,2476,20165
1599,9,13,18,7,62656200,3631,42779460,2474,20174
1600,2,11,18,7,62691720,3632,42787680,2475,20176
1601,10,6,25,0,62721900,3632,42847020,2477,20186
1602,11,0,18,7,62788320,3631,42902040,2478,20197
1603,10,0,19,6,62812800,3631,42902040,2477,20207
1604,9,0,21,4,62834880,3630,42902040,2476,20216
1605,10,5,22,3,62842980,3630,42903960,2474,20226
1606,8,0,21,4,62916180,3631,42910920,2473,20234
1607,2,0,15,10,62957100,3632,42910920,2473,20236
1608,7,0,18,7,62976120,3632,42910920,2472,20243
1609,2,0,14,11,62998980,3632,42910920,2472,20245
1610,7,0,14,11,63018240,3632,42910920,2471,20252
1611,4,0,16,9,63024600,3632,42910920,2470,20256
1612,10,0,19,6,63046620,3632,42910920,2469,20266
1613,6,0,15,10,63075120,3631,42910920,2468,20272
1614,8,0,19,6,63082260,3631,42910920,2467,20280
1615,9,0,22,3,63097860,3630,42910920,2466,20289
1616,7,0,20,5,63139260,3631,42910920,2465,20296
1617,7,0,18,7,63178620,3631,42910920,2464,20303
1618,10,0,20,5,63203760,3631,42910920,2462,20313
1619,14,0,25,0,63226080,3630,42911040,2460,20327
1620,9,0,23,2,63260220,3630,42911160,2459,20336
1621,12,2,18,7,63313320,3630,42911520,2457,20348
1622,18,10,25,0,63341760,3631,42922560,2455,20366
1623,13,8,25,0,63395160,3631,42938580,2455,20379
1624,12,1,24,1,63430260,3629,42990060,2456,20391
1625,10,5,21,4,63474180,3630,42994260,2455,20401
1626,10,0,21,4,63530400,3630,43005540,2454,20411
1627,4,0,14,11,63570960,3630,43005540,2453,20415
1628,9,0,20,5,63583440,3630,43005540,2452,20424
1629,5,0,18,7,63603420,3629,43005540,2451,20429
1630,7,0,19,6,63629220,3630,43005540,2450,20436
1631,2,0,13,12,63660120,3630,43005540,2450,20438
1632,4,0,15,10,63679920,3630,43005540,2450,20442
1633,3,0,16,9,63684840,3630,43005540,2449,20445
1634,4,0,13,12,63712440,3630,43005540,2449,20449
1635,3,0,15,10,63715080,3630,43005540,2448,20452
1636,4,0,15,10,63728940,3630,43005540,2448,20456
1637,6,0,15,10,63756960,3631,43005540,2447,20462
1638,13,0,25,0,63767580,3631,43006080,2445,20475
1639,12,8,22,3,63791280,3631,43008000,2444,20487
1640,11,11,22,3,63851340,3632,43016280,2442,20498
1641,11,11,25,0,63883740,3633,43044360,2442,20509
1642,15,15,25,0,63931020,3633,43048980,2441,20524
1643,4,0,22,3,63991200,3632,43167240,2447,20528
1644,7,0,15,10,64045020,3632,43167240,2446,20535
1645,10,0,21,4,64056660,3632,43167240,2444,20545
1646,9,0,24,1,64077060,3632,43167240,2443,20554
1647,11,0,21,4,64108380,3631,43167240,2442,20565
1648,8,0,19,6,64146840,3631,43167240,2441,20573
1649,7,0,22,3,64164600,3631,43171200,2440,20580
1650,8,0,18,7,64222200,3632,43171200,2439,20588
1651,5,0,17,8,64242660,3632,43171200,2438,20593
1652,4,0,15,10,64272720,3632,43171200,2437,20597
1653,8,0,20,5,64276560,3632,43171200,2436,20605
1654,5,0,17,8,64312320,3632,43171200,2436,20610
1655,13,0,22,3,64340760,3632,43171200,2434,20623
1656,3,0,17,8,64370040,3632,43171200,2433,20626
1657,7,0,17,8,64394940,3632,43171200,2433,20633
1658,6,0,20,5,64409640,3632,43171200,2432,20639
1659,7,4,17,8,64433760,3632,43171620,2431,20646
1660,6,7,17,8,64459440,3633,43177020,2430,20652
1661,8,10,17,8,64493640,3634,43190040,2430,20660
1662,4,13,18,7,64493640,3634,43195620,2430,20664
1663,12,12,25,0,64534800,3635,43233420,2430,20676
1664,12,7,25,0,64593720,3635,43298460,2432,20688
1665,10,15,20,5,64616640,3635,43303020,2431,20698
1666,6,16,18,7,64663920,3636,43316160,2431,20704
1667,8,19,19,6,64675680,3636,43329540,2431,20712
1668,5,20,18,7,64710540,3637,43342380,2431,20717
1669,12,18,25,0,64741680,3637,43391580,2432,20729
1670,10,6,25,0,64802580,3636,43587060,2441,20739
1671,9,0,18,7,64838700,3634,43709340,2447,20748
1672,8,0,19,6,64866180,3634,43709340,2446,20756
1673,7,0,18,7,64899480,3634,43709340,2445,20763
1674,8,0,20,5,64927500,3634,43709340,2444,20771
1675,2,0,15,10,64957380,3635,43709340,2444,20773
1676,5,0,16,9,64973760,3635,43709340,2443,20778
1677,9,0,19,6,64992840,3635,43709340,2442,20787
1678,9,0,20,5,65020140,3635,43709340,2440,20796
1679,4,0,17,8,65047020,3635,43709340,2440,20800
1680,2,0,15,10,65064660,3635,43709340,2440,20802
1681,4,0,15,10,65084340,3635,43709340,2439,20806
1682,14,0,22,3,65102580,3635,43709340,2437,20820
1683,20,7,25,0,65118240,3634,43709580,2435,20840
1684,38,40,19,6,65169900,3634,43715100,2430,20878
1685,27,40,18,7,65206800,3635,43729440,2430,20905
1686,29,40,22,3,65232540,3636,43760640,2431,20934
1687,21,40,25,0,65260800,3637,43801440,2432,20955
1688,33,40,25,0,65311260,3638,43881960,2435,20988
1689,28,38,25,0,65362320,3639,43955880,2439,21016
1690,32,39,25,0,65428020,3640,44046480,2442,21048
1691,33,40,25,0,65470560,3639,44137440,2445,21081
1692,29,40,24,1,65519340,3639,44170740,2445,21110
1693,31,40,25,0,65555340,3639,44213820,2446,21141
1694,40,40,25,0,65619360,3640,44328840,2450,21181
1695,33,40,25,0,65677140,3640,44409120,2453,21214
1696,27,40,25,0,65725440,3640,44461500,2453,21241
1697,26,40,25,0,65764560,3640,44490360,2453,21267
1698,35,40,25,0,65813820,3640,44501340,2453,21302
1699,36,40,25,0,65877420,3641,44533800,2453,21338
1700,41,40,25,0,65916900,3641,44579220,2453,21379
1701,40,40,25,0,65949720,3640,44590860,2453,21419
1702,22,40,25,0,66012420,3640,44669100,2455,21441
1703,41,40,23,2,66065940,3641,44708700,2455,21482
1704,30,40,25,0,66107400,3640,44790000,2458,21512
1705,36,40,25,0,66166440,3642,44798220,2457,21548
1706,29,39,25,0,66215580,3641,44864520,2459,21577
1707,34,40,22,3,66262440,3642,44870700,2458,21611
1708,33,40,21,4,66303300,3641,44926500,2459,21644
1709,28,40,22,3,66334560,3642,44936460,2459,21672
1710,26,37,23,2,66389820,3641,45190920,2470,21698
1711,32,40,25,0,66416700,3641,45235560,2471,21730
1712,34,39,25,0,66471840,3642,45248880,2470,21764
1713,37,39,25,0,66539820,3641,45355980,2473,21801
1714,27,40,23,2,66574980,3642,45363900,2473,21828
1715,27,40,25,0,66611700,3642,45411960,2474,21855
1716,34,40,24,1,66676800,3642,45431340,2473,21889
1717,34,40,24,1,66717120,3642,45442800,2472,21923
1718,36,39,25,0,66765660,3642,45459900,2471,21959
1719,33,40,25,0,66821460,3643,45590880,2476,21992
1720,41,40,25,0,66880140,3643,45629040,2477,22033
1721,34,38,25,0,66921180,3642,45670380,2477,22067
1722,32,40,22,3,66959880,3642,45673740,2476,22099
1723,32,40,25,0,67007280,3642,45728820,2477,22131
1724,33,39,25,0,67050780,3642,45751920,2476,22164
1725,29,39,25,0,67118640,3642,45877860,2481,22193
1726,33,40,25,0,67170660,3641,45973500,2483,22226
1727,35,37,25,0,67207020,3641,46072320,2487,22261
1728,25,35,25,0,67283340,3640,47324880,2552,22286
1729,22,38,25,0,67312260,3639,47334540,2550,22308
1730,28,40,22,3,67368000,3640,47348160,2549,22336
1731,30,38,25,0,67420260,3641,47386320,2550,22366
1732,29,38,24,1,67445040,3640,47402700,2550,22395
1733,25,36,25,0,67500840,3641,47434680,2550,22420
1734,36,40,25,0,67544340,3641,47476680,2550,22456
1735,32,40,25,0,67586760,3640,47509920,2550,22488
1736,30,39,25,0,67649700,3639,47604360,2552,22518
1737,36,38,25,0,67677780,3639,47630160,2553,22554
1738,32,40,25,0,67751160,3639,47676720,2552,22586
1739,31,40,25,0,67793280,3639,47682780,2551,22617
1740,29,40,25,0,67828200,3639,47703240,2550,22646
1741,35,36,25,0,67909560,3639,47778780,2552,22681
1742,21,40,25,0,67937220,3638,47846940,2553,22702
1743,40,40,23,2,67977240,3639,47854020,2553,22742
1744,41,40,24,1,68036040,3640,47885040,2553,22783
1745,27,40,25,0,68083200,3640,47907540,2553,22810
1746,22,33,25,0,68137860,3640,48141300,2563,22832
1747,26,40,17,8,68184240,3639,48252240,2568,22858
1748,26,39,21,4,68207520,3639,48278700,2568,22884
1749,32,40,25,0,68224140,3639,48294300,2567,22916
1750,32,37,25,0,68300760,3640,48429300,2573,22948
1751,25,40,25,0,68333100,3639,48552060,2577,22973
1752,19,37,25,0,68385300,3640,48577560,2577,22992
1753,22,40,20,5,68428380,3640,48579600,2576,23014
1754,27,40,17,8,68469540,3641,48588240,2576,23041
1755,32,38,24,1,68511780,3642,48676440,2579,23073
1756,34,40,17,8,68526300,3641,48676440,2579,23107
1757,28,39,25,0,68555940,3641,48751440,2581,23135
1758,33,39,25,0,68598420,3641,48768840,2580,23168
1759,32,39,25,0,68655420,3641,48830520,2581,23200
1760,34,40,25,0,68709960,3640,48906000,2582,23234
1761,35,40,24,1,68752020,3640,48910920,2581,23269
1762,32,39,25,0,68793180,3639,49087260,2588,23301
1763,28,40,25,0,68844300,3640,49094760,2587,23329
1764,30,38,25,0,68906340,3640,49164720,2588,23359
1765,34,40,25,0,68945460,3640,49170420,2587,23393
1766,32,40,25,0,68997780,3640,49249680,2590,23425
1767,25,36,25,0,69063780,3640,49361940,2593,23450
1768,27,40,25,0,69097740,3639,49432680,2594,23477
1769,24,39,25,0,69158280,3639,49461960,2594,23501
1770,34,40,25,0,69196140,3639,49488480,2594,23535
1771,37,40,19,6,69249000,3640,49494600,2593,23572
1772,32,40,24,1,69290460,3640,49548540,2594,23604
1773,27,39,19,6,69331200,3640,49552200,2594,23631
1774,33,40,25,0,69364800,3641,49659900,2598,23664
1775,21,37,25,0,69411660,3640,49716480,2598,23685
1776,28,40,25,0,69441420,3639,49725420,2597,23713
1777,29,40,24,1,69514200,3640,49742580,2596,23742
1778,36,40,19,6,69541620,3640,49745100,2596,23778
1779,33,40,21,4,69583080,3640,49790040,2596,23811
1780,22,40,25,0,69620640,3640,49801380,2595,23833
1781,34,40,25,0,69661380,3641,49805280,2594,23867
1782,33,40,22,3,69712560,3641,49929840,2599,23900
1783,32,40,25,0,69746880,3641,49947480,2599,23932
1784,29,39,25,0,69823020,3642,50093100,2604,23961
1785,25,40,25,0,69854820,3641,50103060,2603,23986
1786,24,39,25,0,69912900,3641,50243460,2608,24010
1787,30,40,21,4,69960840,3640,50270880,2607,24040
1788,32,37,24,1,69993600,3641,50291580,2608,24072
1789,25,40,25,0,70031640,3641,50318580,2607,24097
1790,28,40,25,0,70081140,3641,50350020,2607,24125
1791,35,39,25,0,70140660,3641,50391540,2607,24160
1792,28,33,25,0,70195920,3640,51306900,2652,24188
1793,31,40,23,2,70237260,3639,51547860,2662,24219
1794,28,40,25,0,70278480,3639,51566760,2662,24247
1795,32,40,25,0,70306080,3639,51604920,2662,24279
1796,30,34,25,0,70392060,3640,51902700,2676,24309
1797,28,39,25,0,70427760,3640,51909000,2674,24337
1798,30,40,25,0,70478640,3640,51928260,2673,24367
1799,25,40,25,0,70528680,3640,51941520,2672,24392
1800,28,40,25,0,70581660,3640,51968760,2671,24420
1801,36,40,25,0,70628940,3640,52066920,2675,24456
1802,33,40,25,0,70680360,3640,52090740,2674,24489
1803,35,40,25,0,70725900,3640,52105740,2673,24524
1804,32,39,25,0,70785300,3641,52118580,2672,24556
1805,33,39,25,0,70834860,3641,52152120,2672,24589
1806,28,39,25,0,70875240,3640,52491120,2687,24617
1807,22,39,25,0,70938420,3640,52566240,2689,24639
1808,37,40,25,0,70977960,3640,52582800,2688,24676
1809,40,39,20,5,71030160,3641,52587600,2687,24716
1810,31,40,19,6,71046000,3640,52598400,2687,24747
1811,32,38,21,4,71105700,3641,52721040,2691,24779
1812,34,40,17,8,71128740,3641,52721400,2691,24813
1813,30,36,25,0,71169840,3640,53042280,2705,24843
1814,35,40,22,3,71183460,3639,53053080,2704,24878
1815,33,40,19,6,71231820,3640,53059920,2703,24911
1816,21,30,25,0,71292420,3641,54343020,2767,24932
1817,32,39,25,0,71333220,3638,57103140,2903,24964
1818,39,40,25,0,71357820,3638,57115620,2902,25003
1819,31,40,25,0,71434860,3639,57143700,2901,25034
1820,36,39,25,0,71483100,3638,57158340,2900,25070
1821,26,40,25,0,71526720,3638,57177780,2899,25096
1822,32,40,25,0,71563980,3638,57210660,2898,25128
1823,31,38,25,0,71625180,3638,57271920,2899,25159
1824,30,39,25,0,71676780,3637,57307740,2899,25189
1825,18,36,25,0,71718840,3637,57423240,2903,25207
1826,35,37,25,0,71783100,3636,57557880,2907,25242
1827,38,39,25,0,71839680,3636,57584100,2905,25280
1828,32,40,25,0,71872020,3635,57643560,2906,25312
1829,25,40,25,0,71937360,3635,57731040,2908,25337
1830,37,40,21,4,71974920,3635,57748140,2907,25374
1831,22,40,18,7,72000600,3635,57754140,2907,25396
1832,32,40,25,0,72052440,3635,57850140,2909,25428
1833,33,40,25,0,72102660,3635,57892800,2909,25461
1834,26,38,25,0,72162600,3633,57968460,2910,25487
1835,28,39,25,0,72210840,3633,57979980,2908,25515
1836,30,39,25,0,72251340,3634,57985260,2907,25545
1837,33,37,25,0,72297900,3634,58077960,2910,25578
1838,41,40,25,0,72348720,3633,58092120,2908,25619
1839,32,40,25,0,72393300,3634,58259220,2915,25651
1840,32,37,25,0,72456360,3633,58278360,2913,25683
1841,29,40,25,0,72491820,3634,58285740,2912,25712
1842,35,40,25,0,72539160,3634,58313580,2912,25747
1843,28,37,25,0,72595740,3633,58480740,2918,25775
1844,38,40,20,5,72631920,3634,58482900,2917,25813
1845,32,39,25,0,72669780,3634,58505580,2917,25845
1846,30,37,25,0,72723780,3634,58597680,2919,25875
1847,30,40,24,1,72784920,3635,58693080,2922,25905
1848,11,38,24,1,72810480,3635,58706820,2922,25916
1849,4,26,25,0,72876900,3635,60501660,3010,25920
1850,7,0,13,12,72944160,3631,67029960,3334,25927
1851,6,0,18,7,72945180,3630,67029960,3333,25933
1852,2,0,15,10,72966060,3631,67029960,3333,25935
1853,4,0,15,10,72987660,3631,67029960,3332,25939
1854,6,0,18,7,73000320,3631,67029960,3331,25945
1855,2,0,15,10,73017360,3631,67029960,3331,25947
1856,12,0,24,1,73028580,3631,67029960,3329,25959
1857,10,0,21,4,73073160,3631,67029960,3327,25969
1858,8,0,20,5,73104720,3631,67029960,3326,25977
1859,7,0,18,7,73138140,3631,67029960,3325,25984
1860,12,0,24,1,73164480,3631,67030200,3323,25996
1861,11,0,22,3,73210080,3631,67034460,3321,26007
1862,11,0,21,4,73254780,3631,67034460,3319,26018
1863,9,0,21,4,73284000,3631,67034460,3318,26027
1864,10,0,22,3,73329300,3631,67039080,3316,26037
1865,13,8,19,6,73353780,3631,67039140,3315,26050
1866,16,19,19,6,73385640,3632,67044900,3312,26066
1867,6,19,23,2,73404540,3632,67055040,3311,26072
1868,10,19,25,0,73457160,3634,67105560,3312,26082
1869,9,15,25,0,73518420,3634,67147860,3313,26091
1870,4,5,25,0,73559640,3634,67260540,3318,26095
1871,5,0,17,8,73619940,3634,67329900,3320,26100
1872,4,0,14,11,73646040,3634,67329900,3320,26104
1873,6,0,16,9,73655580,3633,67329900,3319,26110
1874,8,0,18,7,73672020,3633,67329900,3317,26118
1875,2,0,13,12,73694820,3633,67329900,3317,26120
1876,6,0,16,9,73705140,3633,67329900,3316,26126
1877,8,0,19,6,73715580,3633,67329900,3315,26134
1878,9,1,21,4,73731300,3632,67329900,3313,26143
1879,9,4,19,6,73783680,3633,67336680,3312,26152
1880,10,3,21,4,73806300,3633,67351260,3311,26162
1881,9,6,21,4,73835460,3633,67360380,3310,26171
1882,5,0,22,3,73879860,3634,67379520,3310,26176
1883,8,0,18,7,73926840,3634,67379520,3309,26184
1884,9,0,21,4,73945320,3634,67379520,3308,26193
1885,16,5,25,0,73968780,3634,67380240,3305,26209
1886,8,11,19,6,74011200,3634,67383480,3305,26217
1887,9,10,23,2,74051760,3635,67406160,3304,26226
1888,9,17,19,6,74082660,3636,67409340,3302,26235
1889,7,11,25,0,74122860,3636,67464540,3304,26242
1890,12,7,25,0,74164620,3636,67542360,3306,26254
1891,10,0,23,2,74222040,3635,67579740,3306,26264
1892,3,0,17,8,74254320,3635,67579740,3305,26267
1893,7,0,18,7,74288160,3636,67579740,3304,26274
1894,7,0,16,9,74309820,3635,67579740,3303,26281
1895,4,0,13,12,74338140,3635,67579740,3303,26285
1896,4,0,15,10,74343960,3635,67579740,3302,26289
1897,4,0,15,10,74352180,3635,67579740,3301,26293
1898,1,0,13,12,74358960,3635,67579740,3301,26294
1899,8,0,16,9,74369820,3634,67579740,3300,26302
1900,3,0,14,11,74385180,3634,67579740,3299,26305
1901,5,0,14,11,74400540,3634,67579740,3298,26310
1902,4,0,14,11,74415240,3634,67579740,3298,26314
1903,5,0,17,8,74421840,3634,67579740,3297,26319
1904,4,0,14,11,74446260,3634,67579740,3296,26323
1905,5,0,18,7,74447640,3634,67579740,3296,26328
1906,13,0,24,1,74469540,3634,67579740,3294,26341
1907,11,0,23,2,74504220,3633,67581780,3292,26352
1908,16,0,25,0,74551020,3633,67582560,3289,26368
1909,5,0,20,5,74587320,3633,67582560,3289,26373
1910,12,0,23,2,74630520,3633,67582560,3287,26385
1911,7,0,20,5,74665680,3633,67582560,3285,26392
1912,8,0,19,6,74700300,3633,67582560,3284,26400
1913,9,0,17,8,74735820,3633,67582560,3283,26409
1914,3,0,15,10,74746020,3633,67582560,3282,26412
1915,2,0,15,10,74758140,3633,67582560,3282,26414
1916,6,0,17,8,74777220,3633,67582560,3281,26420
1917,7,0,20,5,74791800,3633,67582560,3280,26427
1918,8,2,21,4,74810940,3633,67583700,3279,26435
1919,5,2,18,7,74856780,3634,67588860,3278,26440
1920,1,0,16,9,74887500,3635,67596780,3278,26441
1921,10,0,19,6,74905020,3634,67598400,3277,26451
1922,4,0,16,9,74932620,3635,67598400,3276,26455
1923,8,0,17,8,74960400,3635,67598400,3275,26463
1924,9,0,21,4,74969160,3634,67598400,3274,26472
1925,9,0,18,7,75013860,3634,67598400,3272,26481
1926,8,0,17,8,75040380,3634,67598400,3271,26489
1927,10,0,22,3,75052140,3634,67598400,3269,26499
1928,10,0,19,6,75110400,3634,67598400,3268,26509
1929,5,0,17,8,75139380,3634,67598400,3267,26514
1930,8,0,20,5,75166140,3635,67598400,3266,26522
1931,12,0,23,2,75203460,3635,67598400,3264,26534
1932,16,5,25,0,75243300,3635,67603980,3261,26550
1933,10,1,25,0,75295380,3635,67617420,3261,26560
1934,12,0,22,3,75348060,3635,67622040,3259,26572
1935,6,0,16,9,75393360,3635,67622040,3258,26578
1936,8,0,16,9,75412740,3635,67622040,3257,26586
1937,5,0,14,11,75441480,3635,67622040,3256,26591
1938,8,0,18,7,75448560,3635,67622040,3255,26599
1939,6,0,16,9,75472620,3634,67622040,3254,26605
1940,9,0,17,8,75488640,3634,67622040,3252,26614
1941,3,0,15,10,75500400,3633,67622040,3252,26617
1942,9,0,16,9,75516300,3633,67622040,3250,26626
1943,4,0,15,10,75536520,3633,67622040,3250,26630
1944,8,0,17,8,75554580,3633,67622040,3249,26638
1945,5,0,16,9,75572940,3632,67622040,3248,26643
1946,7,0,20,5,75588720,3633,67622040,3247,26650
1947,7,0,17,8,75611280,3632,67622040,3246,26657
1948,3,0,15,10,75634860,3632,67622040,3245,26660
1949,7,0,17,8,75646440,3632,67622040,3244,26667
1950,8,0,18,7,75667080,3632,67622040,3243,26675
1951,7,0,19,6,75693660,3632,67622040,3242,26682
1952,3,0,15,10,75718260,3632,67622040,3241,26685
1953,11,0,19,6,75741180,3632,67622040,3240,26696
1954,10,0,24,1,75751320,3631,67622040,3238,26706
1955,12,0,22,3,75803880,3632,67622280,3236,26718
1956,13,0,22,3,75849420,3631,67622520,3234,26731
1957,12,0,23,2,75886680,3631,67622520,3232,26743
1958,11,0,25,0,75938040,3632,67630440,3231,26754
1959,12,0,22,3,75978660,3632,67631040,3229,26766
1960,8,0,18,7,76021800,3632,67631040,3228,26774
1961,13,0,23,2,76047360,3631,67631040,3226,26787
1962,8,0,17,8,76084980,3631,67631040,3225,26795
1963,6,0,18,7,76107600,3631,67631040,3224,26801
1964,5,0,15,10,76129620,3631,67631040,3223,26806
1965,3,0,16,9,76137660,3631,67631040,3222,26809
1966,5,0,18,7,76151580,3631,67631040,3222,26814
1967,5,0,16,9,76177920,3631,67631040,3221,26819
1968,6,0,18,7,76189260,3631,67631040,3220,26825
1969,7,0,18,7,76215600,3631,67631040,3219,26832
1970,9,0,24,1,76221840,3630,67631040,3218,26841
1971,5,0,18,7,76269840,3631,67631040,3217,26846
1972,11,0,23,2,76297740,3631,67631040,3215,26857
1973,10,0,23,2,76335840,3631,67631040,3214,26867
1974,5,0,18,7,76377420,3632,67631220,3213,26872
1975,4,0,16,9,76405860,3632,67631220,3212,26876
1976,16,0,23,2,76428780,3631,67631220,3210,26892
1977,10,0,20,5,76477740,3631,67631400,3208,26902
1978,6,0,16,9,76511160,3631,67631400,3207,26908
1979,3,0,14,11,76528740,3631,67631400,3207,26911
1980,11,0,18,7,76546500,3631,67631400,3205,26922
1981,11,0,21,4,76563120,3630,67631400,3204,26933
1982,7,0,21,4,76593660,3631,67631400,3203,26940
1983,8,0,23,2,76614300,3631,67631400,3201,26948
1984,11,0,23,2,76663200,3631,67632000,3200,26959
1985,5,0,17,8,76709340,3631,67632000,3199,26964
1986,8,0,18,7,76735980,3631,67632000,3198,26972
1987,10,0,22,3,76749840,3631,67632000,3196,26982
1988,6,0,21,4,76780980,3631,67632000,3195,26988
1989,4,0,14,11,76831080,3632,67632000,3195,26992
1990,3,0,15,10,76841280,3632,67632000,3194,26995
1991,11,0,19,6,76860480,3632,67632000,3193,27006
1992,7,0,17,8,76888020,3631,67632000,3191,27013
1993,7,0,20,5,76897560,3631,67632000,3190,27020
1994,6,0,16,9,76939560,3631,67632000,3190,27026
1995,4,0,16,9,76954020,3631,67632000,3189,27030
1996,7,0,14,11,76976100,3631,67632000,3188,27037
1997,5,0,17,8,76979520,3631,67632000,3187,27042
1998,6,0,16,9,76995900,3630,67632000,3186,27048
1999,13,0,22,3,77018100,3630,67632000,3184,27061
2000,6,0,17,8,77053140,3630,67632000,3183,27067
2001,8,0,20,5,77071560,3630,67632000,3182,27075
2002,11,0,19,6,77106780,3629,67632000,3181,27086
2003,9,0,18,7,77143140,3629,67632000,3179,27095
2004,14,0,24,1,77174040,3630,67632000,3177,27109
2005,17,9,19,6,77208660,3629,67632960,3176,27126
2006,8,0,25,0,77247480,3629,67663020,3175,27134
2007,12,0,18,7,77292720,3628,67663140,3173,27146
2008,12,0,21,4,77325420,3628,67663380,3171,27158
2009,8,0,18,7,77353800,3627,67663380,3170,27166
2010,7,0,16,9,77386500,3627,67663380,3169,27173
2011,8,0,16,9,77418600,3627,67663380,3168,27181
2012,7,0,18,7,77426280,3627,67663380,3167,27188
2013,9,0,20,5,77451000,3627,67663380,3165,27197
2014,8,0,19,6,77474700,3626,67663380,3164,27205
2015,4,0,18,7,77497620,3627,67663380,3164,27209
2016,6,0,17,8,77524020,3627,67663380,3163,27215
2017,4,0,20,5,77526900,3627,67663380,3162,27219
2018,8,0,22,3,77537280,3626,67663380,3161,27227
2019,6,0,24,1,77553600,3626,67663380,3160,27233
2020,2,0,21,4,77572380,3626,67663380,3160,27235
2021,5,0,20,5,77593440,3626,67663920,3159,27240
2022,5,0,24,1,77605740,3627,67663920,3158,27245
2023,6,0,24,1,77623980,3626,67664280,3158,27251
2024,8,2,22,3,77654040,3626,67664280,3157,27259
2025,9,2,25,0,77682780,3627,67672020,3156,27268
2026,7,1,24,1,77715840,3627,67676460,3155,27275
2027,7,0,24,1,77742840,3627,67679460,3154,27282
2028,15,7,22,3,77778780,3627,67681380,3152,27297
2029,11,18,20,5,77787720,3627,67681380,3152,27308
2030,7,23,20,5,77801220,3627,67687560,3150,27315
2031,6,28,20,5,77811240,3627,67698480,3149,27321
2032,3,26,23,2,77833380,3628,67745520,3151,27324
2033,9,28,25,0,77858820,3628,67784700,3151,27333
2034,7,25,25,0,77902140,3629,67898640,3156,27340
2035,4,20,25,0,77933400,3629,67992780,3159,27344
2036,8,18,24,1,77963640,3628,68028120,3160,27352
2037,8,23,23,2,77985780,3629,68036400,3159,27360
2038,8,23,25,0,78009600,3629,68047020,3158,27368
2039,2,12,25,0,78051600,3628,68298120,3170,27370
2040,3,0,19,6,78088620,3627,68576760,3182,27373
2041,6,0,22,3,78103380,3627,68576760,3181,27379
2042,1,0,19,6,78124200,3627,68576760,3181,27380
2043,1,0,18,7,78133500,3627,68576760,3181,27381
2044,10,0,21,4,78150720,3627,68576760,3179,27391
2045,5,0,22,3,78158880,3627,68576760,3179,27396
2046,8,0,22,3,78188700,3627,68576760,3177,27404
2047,7,0,24,1,78202740,3626,68576760,3176,27411
2048,13,3,25,0,78227220,3626,68577180,3175,27424
2049,8,1,25,0,78264540,3626,68581020,3174,27432
2050,6,0,22,3,78292860,3626,68583960,3173,27438
2051,13,4,25,0,78311100,3626,68584980,3171,27451
2052,11,10,25,0,78339120,3626,68588580,3171,27462
2053,15,17,25,0,78375180,3626,68603460,3168,27477
2054,11,22,25,0,78411960,3627,68614980,3167,27488
2055,13,33,23,2,78431820,3627,68618160,3166,27501
2056,16,40,25,0,78467640,3628,68641440,3165,27517
2057,7,38,25,0,78494520,3628,68668500,3165,27524
2058,7,37,25,0,78534900,3629,68699640,3166,27531
2059,8,37,25,0,78572160,3629,68737800,3166,27539
2060,6,37,25,0,78598320,3630,68760000,3166,27545
2061,8,40,25,0,78622860,3630,68849940,3170,27553
2062,5,34,25,0,78662280,3630,68995320,3175,27558
2063,7,27,25,0,78705420,3630,69257340,3186,27565
2064,3,4,25,0,78747240,3627,69828300,3212,27568
2065,2,0,17,8,78760860,3626,69941520,3217,27570
2066,4,0,18,7,78763080,3625,69941520,3216,27574
2067,4,0,20,5,78770880,3625,69941520,3216,27578
2068,11,0,25,0,78785640,3625,69941700,3214,27589
2069,8,2,25,0,78808500,3625,69944040,3213,27597
2070,10,2,25,0,78836400,3624,69948300,3212,27607
2071,2,0,22,3,78874980,3625,69953580,3212,27609
2072,12,2,25,0,78894240,3625,69954360,3210,27621
2073,8,3,25,0,78920220,3625,69959340,3209,27629
2074,14,11,25,0,78949680,3625,69964200,3207,27643
2075,12,17,25,0,78985860,3626,69975540,3206,27655
2076,8,17,25,0,79024620,3626,69989880,3205,27663
2077,16,26,25,0,79059060,3627,69995700,3203,27679
2078,9,30,25,0,79086120,3627,70000320,3202,27688
2079,4,27,25,0,79118880,3627,70056540,3204,27692
2080,14,32,25,0,79156080,3628,70112220,3205,27706
2081,5,29,25,0,79191420,3628,70131240,3205,27711
2082,9,29,25,0,79222800,3628,70180200,3206,27720
2083,7,25,25,0,79261680,3628,70293360,3210,27727
2084,4,19,25,0,79290240,3628,70450140,3217,27731
2085,8,11,25,0,79325280,3626,70660380,3225,27739
2086,6,10,25,0,79336440,3626,70761300,3229,27745
2087,10,9,25,0,79378200,3626,70872780,3232,27755
2088,7,0,25,0,79418820,3625,71014800,3238,27762
2089,3,0,21,4,79443480,3625,71014800,3237,27765
2090,3,0,19,6,79461240,3625,71014800,3237,27768
2091,6,0,20,5,79484940,3625,71014800,3236,27774
2092,10,1,25,0,79493280,3625,71015880,3235,27784
2093,7,1,25,0,79520580,3625,71016780,3234,27791
2094,8,0,24,1,79562880,3625,71019060,3232,27799
2095,6,0,24,1,79582140,3625,71020920,3232,27805
2096,8,0,21,4,79620540,3625,71020920,3231,27813
2097,12,1,25,0,79635960,3625,71021520,3229,27825
2098,7,2,25,0,79658400,3625,71024220,3228,27832
2099,7,1,25,0,79693320,3625,71030880,3227,27839
2100,8,0,24,1,79734660,3625,71035020,3226,27847
2101,11,0,25,0,79762320,3625,71036160,3225,27858
2102,16,6,25,0,79792140,3625,71037360,3223,27874
2103,18,21,25,0,79809900,3625,71041020,3220,27892
2104,15,31,24,1,79847640,3626,71049180,3219,27907
2105,11,37,23,2,79885200,3626,71062200,3217,27918
2106,4,39,21,4,79910400,3627,71067960,3217,27922
2107,12,40,25,0,79924860,3627,71120220,3218,27934
2108,5,39,25,0,79951440,3627,71166420,3220,27939
2109,9,39,25,0,79993980,3628,71229780,3221,27948
2110,4,34,25,0,80020620,3628,71339400,3225,27952
2111,2,27,25,0,80055720,3628,71519400,3233,27954
2112,5,17,25,0,80101920,3627,71731260,3242,27959
2113,5,0,24,1,80133240,3625,72199380,3262,27964
2114,5,0,19,6,80157180,3624,72199380,3262,27969
2115,4,0,21,4,80164980,3624,72199380,3261,27973
2116,6,0,21,4,80181960,3624,72199380,3260,27979
2117,6,0,22,3,80198400,3624,72199380,3259,27985
2118,7,0,25,0,80207640,3624,72199380,3258,27992
2119,8,0,24,1,80249340,3624,72209580,3258,28000
2120,4,0,21,4,80269800,3624,72209580,3257,28004
2121,10,6,21,4,80284380,3624,72209580,3256,28014
2122,9,11,21,4,80309520,3625,72220560,3255,28023
2123,11,22,21,4,80309520,3625,72220560,3255,28034
2124,11,30,21,4,80336580,3625,72241860,3253,28045
2125,13,40,20,5,80350740,3626,72255360,3252,28058
2126,14,40,21,4,80373600,3626,72267600,3252,28072
2127,14,40,22,3,80386980,3626,72299100,3253,28086
2128,8,40,21,4,80408220,3627,72338460,3254,28094
2129,8,40,25,0,80432820,3628,72428220,3257,28102
2130,14,38,25,0,80469540,3628,72490260,3259,28116
2131,4,35,25,0,80504580,3628,72596820,3263,28120
2132,4,27,25,0,80547420,3628,72796320,3272,28124
2133,8,23,25,0,80576280,3628,72974340,3278,28132
2134,6,9,25,0,80607960,3626,73377420,3296,28138
2135,11,13,23,2,80631180,3625,73436520,3297,28149
2136,7,19,21,4,80649300,3626,73440360,3296,28156
2137,9,27,20,5,80665140,3626,73441380,3295,28165
2138,5,29,21,4,80683920,3627,73453020,3294,28170
2139,6,34,21,4,80693520,3627,73455000,3294,28176
2140,13,40,21,4,80715060,3627,73463340,3293,28189
2141,10,38,25,0,80739660,3628,73531140,3295,28199
2142,11,39,25,0,80761320,3629,73575780,3296,28210
2143,7,39,24,1,80794380,3629,73616880,3297,28217
2144,7,36,25,0,80825580,3630,73680300,3300,28224
2145,8,36,25,0,80864580,3630,73782420,3304,28232
2146,12,39,25,0,80898780,3630,73817580,3303,28244
2147,6,37,25,0,80921100,3630,73835820,3303,28250
2148,8,36,25,0,80956260,3630,73967100,3308,28258
2149,5,29,25,0,80996940,3630,74202960,3318,28263
2150,11,38,22,3,81012000,3630,74206980,3316,28274
2151,14,40,22,3,81034680,3631,74212920,3316,28288
2152,7,40,24,1,81057120,3631,74237280,3316,28295
2153,9,39,25,0,81083700,3631,74262480,3316,28304
2154,8,36,25,0,81130920,3632,74392080,3321,28312
2155,5,14,25,0,81165060,3629,75612420,3375,28317
2156,6,0,19,6,81196680,3626,76147740,3398,28323
2157,6,0,21,4,81208620,3626,76147740,3397,28329
2158,2,0,19,6,81220800,3626,76147740,3396,28331
2159,5,0,19,6,81241680,3626,76147740,3396,28336
2160,5,0,22,3,81247740,3626,76147740,3395,28341
2161,6,0,22,3,81274680,3626,76147740,3394,28347
2162,4,0,20,5,81293580,3626,76147740,3393,28351
2163,6,0,20,5,81307140,3626,76147740,3392,28357
2164,6,0,20,5,81329340,3626,76147740,3392,28363
2165,6,0,22,3,81343200,3626,76147740,3391,28369
2166,16,5,25,0,81355020,3625,76148580,3389,28385
2167,6,3,25,0,81394680,3625,76159500,3388,28391
2168,11,8,25,0,81409620,3625,76162080,3387,28402
2169,15,21,22,3,81440760,3626,76166160,3384,28417
2170,17,36,21,4,81467940,3626,76169760,3383,28434
2171,4,35,22,3,81495900,3627,76185780,3382,28438
2172,14,39,25,0,81506160,3627,76222560,3382,28452
2173,10,39,25,0,81544200,3628,76248600,3382,28462
2174,14,40,25,0,81569100,3628,76275300,3383,28476
2175,14,38,25,0,81613440,3629,76318560,3384,28490
2176,7,40,25,0,81645900,3630,76326120,3384,28497
2177,11,40,25,0,81663660,3630,76356660,3384,28508
2178,8,39,25,0,81713940,3631,76461060,3388,28516
2179,11,40,23,2,81746520,3631,76504440,3389,28527
2180,12,39,25,0,81764940,3631,76550100,3390,28539
2181,5,35,25,0,81813000,3632,76688100,3396,28544
2182,2,30,25,0,81837120,3632,76843260,3402,28546
2183,6,25,25,0,81868740,3632,77148240,3415,28552
2184,4,20,25,0,81902160,3632,77358120,3423,28556
2185,3,5,25,0,81947040,3631,78063780,3454,28559
2186,3,0,20,5,81973800,3630,78232260,3461,28562
2187,3,0,22,3,81981120,3630,78232260,3461,28565
2188,3,0,19,6,82003560,3630,78232260,3460,28568
2189,1,0,18,7,82013760,3630,78232260,3460,28569
2190,7,0,24,1,82014480,3630,78232260,3459,28576
2191,9,2,25,0,82037220,3630,78237900,3458,28585
2192,6,0,20,5,82081200,3630,78247080,3457,28591
2193,14,4,25,0,82102200,3630,78248820,3456,28605
2194,8,9,22,3,82134660,3631,78251040,3454,28613
2195,12,20,22,3,82140000,3631,78252540,3453,28625
2196,8,19,25,0,82182300,3632,78281640,3453,28633
2197,14,31,25,0,82189620,3632,78283140,3451,28647
2198,8,33,25,0,82227300,3632,78296100,3450,28655
2199,18,40,22,3,82269900,3633,78301200,3448,28673
2200,6,37,25,0,82286460,3633,78359640,3450,28679
2201,8,37,25,0,82328940,3634,78429300,3452,28687
2202,8,37,25,0,82355880,3634,78449640,3452,28695
2203,5,34,25,0,82385100,3634,78580080,3457,28700
2204,9,36,25,0,82419180,3634,78663960,3460,28709
2205,6,31,25,0,82455720,3634,78860160,3467,28715
2206,3,6,25,0,82495320,3631,79526220,3496,28718
2207,7,0,24,1,82516260,3630,79590420,3498,28725
2208,4,0,24,1,82528620,3630,79590420,3497,28729
2209,7,0,19,6,82569300,3630,79591320,3496,28736
2210,5,0,21,4,82578660,3630,79591320,3495,28741
2211,5,0,19,6,82597320,3630,79591320,3494,28746
2212,7,1,25,0,82597320,3630,79591320,3494,28753
2213,11,8,24,1,82625280,3630,79596300,3492,28764
2214,6,8,25,0,82658340,3631,79608600,3492,28770
2215,13,8,25,0,82697640,3630,79628400,3491,28783
2216,12,14,25,0,82718880,3630,79636560,3489,28795
2217,8,17,25,0,82747800,3631,79639500,3488,28803
2218,8,15,25,0,82795380,3631,79662480,3488,28811
2219,7,4,25,0,82836000,3630,79783800,3492,28818
2220,12,0,25,0,82860720,3629,79837980,3492,28830
2221,14,6,25,0,82882920,3628,79839180,3491,28844
2222,14,14,25,0,82905780,3628,79844700,3489,28858
2223,12,18,25,0,82949220,3629,79851240,3487,28870
2224,12,26,25,0,82965540,3629,79857780,3486,28882
2225,12,33,22,3,83016960,3630,79862280,3484,28894
2226,8,35,25,0,83033280,3630,79874760,3483,28902
2227,7,38,25,0,83061120,3631,79879260,3482,28909
2228,8,38,25,0,83106240,3632,79901040,3482,28917
2229,4,35,25,0,83133060,3632,79945560,3483,28921
2230,5,31,25,0,83167680,3632,80053860,3487,28926
2231,6,29,24,1,83206560,3632,80169960,3491,28932
2232,4,28,23,2,83224200,3632,80237760,3494,28936
2233,5,32,19,6,83255280,3632,80242260,3493,28941
2234,5,31,23,2,83276460,3633,80265000,3493,28946
2235,6,30,25,0,83297640,3633,80276700,3493,28952
2236,4,29,25,0,83321760,3633,80289060,3493,28956
2237,2,11,25,0,83365020,3632,81032700,3525,28958
2238,9,2,25,0,83390040,3630,81495300,3544,28967
2239,12,6,25,0,83423040,3631,81497160,3543,28979
2240,5,7,23,2,83451840,3631,81505740,3542,28984
2241,9,8,25,0,83483460,3631,81523380,3541,28993
2242,9,9,25,0,83514420,3631,81551640,3541,29002
2243,4,0,19,6,83568120,3631,81607860,3543,29006
2244,8,0,20,5,83580360,3630,81607860,3541,29014
2245,9,0,24,1,83595660,3630,81607860,3540,29023
2246,15,8,25,0,83613660,3630,81608520,3538,29038
2247,7,11,24,1,83642760,3630,81613200,3537,29045
2248,9,17,22,3,83676780,3631,81615420,3536,29054
2249,8,19,25,0,83696520,3631,81629820,3535,29062
2250,10,23,25,0,83728440,3632,81661740,3535,29072
2251,7,28,22,3,83762460,3633,81678300,3535,29079
2252,6,31,21,4,83789280,3633,81683040,3534,29085
2253,11,40,22,3,83799420,3633,81684840,3533,29096
2254,5,40,22,3,83830260,3634,81702780,3533,29101
2255,5,39,21,4,83851320,3634,81705900,3532,29106
2256,4,36,25,0,83870100,3635,81758160,3534,29110
2257,4,34,25,0,83896320,3635,81837180,3537,29114
2258,1,26,25,0,83931480,3635,82013520,3544,29115
2259,9,24,25,0,83970120,3635,82164780,3550,29124
2260,7,24,25,0,83991120,3635,82323420,3555,29131
2261,5,13,25,0,84043260,3635,82747020,3573,29136
2262,12,9,25,0,84063960,3633,82841400,3575,29148
2263,10,4,25,0,84103860,3632,83042100,3582,29158
2264,1,0,19,6,84124920,3632,83107860,3585,29159
2265,17,6,25,0,84148440,3632,83110500,3582,29176
2266,13,17,22,3,84166200,3632,83112480,3581,29189
2267,9,21,23,2,84193380,3632,83126640,3580,29198
2268,11,28,25,0,84202740,3632,83135940,3579,29209
2269,5,28,21,4,84245880,3633,83152860,3578,29214
2270,12,31,25,0,84276540,3633,83183520,3578,29226
2271,4,29,25,0,84303180,3634,83226840,3579,29230
2272,10,28,25,0,84350520,3634,83326320,3582,29240
2273,12,31,25,0,84373860,3633,83412180,3584,29252
2274,8,33,25,0,84391980,3633,83439780,3584,29260
2275,11,36,25,0,84438480,3634,83447400,3583,29271
2276,4,28,25,0,84468480,3633,83560680,3586,29275
2277,6,20,25,0,84508140,3633,83744700,3593,29281
2278,6,15,25,0,84532560,3632,83920020,3600,29287
2279,4,0,23,2,84574560,3631,84348240,3618,29291
2280,3,0,20,5,84591600,3631,84348240,3617,29294
2281,4,0,19,6,84619080,3631,84348240,3616,29298
2282,4,0,21,4,84623580,3631,84348240,3616,29302
2283,4,0,19,6,84649440,3631,84348240,3615,29306
2284,3,0,19,6,84657120,3631,84348240,3615,29309
2285,2,0,19,6,84669840,3631,84348240,3614,29311
2286,12,2,25,0,84680640,3631,84348240,3613,29323
2287,5,0,24,1,84706200,3631,84349740,3612,29328
2288,8,0,19,6,84749820,3631,84351420,3611,29336
2289,6,0,20,5,84767280,3631,84351420,3610,29342
2290,9,0,24,1,84789540,3631,84351420,3608,29351
2291,11,3,25,0,84806460,3631,84353220,3607,29362
2292,5,0,22,3,84838560,3630,84362940,3606,29367
2293,12,0,25,0,84869220,3630,84364560,3605,29379
2294,11,7,24,1,84882900,3630,84366360,3603,29390
2295,10,10,25,0,84924900,3631,84379920,3603,29400
2296,13,17,25,0,84951840,3631,84384900,3601,29413
2297,7,16,25,0,84985380,3631,84398160,3601,29420
2298,10,20,25,0,85011900,3631,84405840,3599,29430
2299,11,25,25,0,85040880,3632,84414600,3597,29441
2300,3,20,25,0,85088280,3632,84436680,3598,29444
2301,7,14,25,0,85117800,3632,84540900,3601,29451
2302,8,20,23,2,85128900,3632,84543360,3600,29459
2303,6,23,21,4,85171500,3633,84553500,3600,29465
2304,4,24,22,3,85184520,3633,84556440,3599,29469
2305,7,27,22,3,85209300,3633,84570600,3599,29476
2306,6,25,25,0,85228980,3633,84607380,3599,29482
2307,3,23,25,0,85251120,3634,84643080,3600,29485
2308,7,21,25,0,85291860,3634,84692040,3601,29492
2309,9,8,25,0,85334340,3632,85148460,3619,29501
2310,9,3,25,0,85363080,3631,85319400,3625,29510
2311,6,0,22,3,85385520,3630,85412640,3628,29516
2312,9,0,22,3,85421100,3631,85412640,3627,29525
2313,14,6,25,0,85431480,3630,85414080,3625,29539
2314,8,7,25,0,85468800,3631,85421700,3624,29547
2315,4,6,25,0,85496400,3631,85433400,3624,29551
2316,13,11,25,0,85527060,3631,85446240,3622,29564
2317,6,11,25,0,85561320,3632,85453800,3622,29570
2318,14,17,25,0,85600740,3632,85470360,3620,29584
2319,9,21,25,0,85628640,3633,85477140,3620,29593
2320,12,27,25,0,85655640,3633,85492020,3618,29605
2321,11,28,25,0,85701300,3633,85506660,3617,29616
2322,4,27,25,0,85722660,3633,85537260,3618,29620
2323,2,24,24,1,85752960,3634,85575780,3619,29622
2324,8,26,25,0,85779900,3634,85622220,3620,29630
2325,3,20,25,0,85813680,3634,85754400,3625,29633
2326,8,12,25,0,85851600,3633,85952940,3632,29641
2327,1,1,25,0,85882980,3633,86220660,3643,29642
2328,11,1,25,0,85918200,3633,86265000,3643,29653
2329,7,0,25,0,85941540,3632,86272920,3642,29660
2330,9,2,25,0,85966500,3632,86278560,3641,29669
2331,7,0,24,1,86007060,3632,86284800,3641,29676
2332,6,1,22,3,86032080,3632,86284800,3640,29682
2333,2,1,21,4,86050860,3633,86288220,3639,29684
2334,7,0,24,1,86069340,3633,86292540,3639,29691
2335,8,6,21,4,86082900,3633,86293620,3638,29699
2336,17,14,25,0,86115300,3633,86301060,3635,29716
2337,4,12,25,0,86149260,3634,86313120,3635,29720
2338,15,17,25,0,86190540,3634,86361720,3635,29735
2339,8,16,25,0,86214660,3634,86384160,3634,29743
2340,6,12,25,0,86252220,3634,86411760,3635,29749
2341,17,19,25,0,86286900,3634,86414820,3633,29766
2342,13,25,25,0,86319000,3634,86423220,3631,29779
2343,10,28,25,0,86342520,3634,86437680,3630,29789
2344,6,25,25,0,86387880,3634,86482920,3631,29795
2345,5,18,25,0,86423520,3634,86633640,3636,29800
2346,6,4,25,0,86459820,3632,86946360,3649,29806
2347,4,0,19,6,86480160,3631,86974800,3649,29810
2348,7,0,21,4,86488320,3631,86974800,3648,29817
2349,5,0,22,3,86504580,3631,86974800,3647,29822
2350,7,0,24,1,86515620,3630,86974800,3646,29829
2351,2,0,21,4,86540580,3631,86974800,3646,29831
2352,6,0,23,2,86554680,3631,86974800,3645,29837
2353,5,0,18,7,86591160,3631,86974800,3644,29842
2354,12,0,25,0,86600820,3630,86974800,3642,29854
2355,17,9,25,0,86619480,3630,86977740,3640,29871
2356,25,28,25,0,86642160,3630,86981040,3638,29896
2357,26,40,22,3,86682660,3631,86989200,3634,29922
2358,35,40,22,3,86695860,3631,86998740,3634,29957
2359,29,39,25,0,86726580,3632,87061680,3636,29986
2360,26,40,25,0,86745000,3632,87095880,3637,30012
2361,26,40,25,0,86783940,3632,87120180,3637,30038
2362,32,40,25,0,86807700,3633,87143880,3637,30070
2363,28,40,25,0,86846100,3634,87222120,3640,30098
2364,15,36,25,0,86880720,3634,87322860,3643,30113
2365,33,40,25,0,86921580,3634,87359100,3643,30146
2366,30,40,22,3,86940600,3634,87361500,3643,30176
2367,30,39,25,0,86973900,3635,87513960,3648,30206
2368,38,40,25,0,87001080,3635,87518820,3647,30244
2369,21,40,25,0,87040260,3635,87638460,3650,30265
2370,29,38,25,0,87079260,3635,87679440,3651,30294
2371,33,39,25,0,87106680,3635,87893220,3658,30327
2372,28,40,25,0,87126660,3635,87897120,3657,30355
2373,31,39,25,0,87167820,3636,87911340,3657,30386
2374,38,40,25,0,87203280,3636,87965040,3658,30424
2375,30,40,23,2,87234360,3636,87967860,3657,30454
2376,30,40,25,0,87258180,3636,88143780,3663,30484
2377,31,39,25,0,87306360,3636,88270680,3667,30515
2378,34,40,25,0,87315120,3636,88273680,3666,30549
2379,34,39,25,0,87356820,3636,88287300,3665,30583
2380,28,40,25,0,87401820,3636,88380480,3667,30611
2381,30,40,25,0,87421740,3636,88391220,3666,30641
2382,26,40,25,0,87458220,3636,88403460,3665,30667
2383,37,40,25,0,87476820,3636,88413240,3665,30704
2384,31,40,25,0,87519960,3636,88500000,3667,30735
2385,31,40,25,0,87565560,3636,88545240,3667,30766
2386,21,39,25,0,87586320,3636,88569300,3667,30787
2387,27,40,25,0,87622620,3636,88584240,3666,30814
2388,31,40,25,0,87648060,3636,88592400,3665,30845
2389,33,40,25,0,87690240,3636,88622520,3665,30878
2390,27,40,25,0,87713400,3636,88630260,3664,30905
2391,34,40,25,0,87754500,3636,88795500,3669,30939
2392,31,40,25,0,87771300,3636,88801740,3669,30970
2393,26,40,25,0,87813600,3636,88922700,3672,30996
2394,27,39,25,0,87845700,3636,88945440,3672,31023
2395,26,40,25,0,87886140,3636,89043000,3674,31049
2396,26,38,25,0,87916020,3636,89148720,3677,31075
2397,25,40,25,0,87939300,3636,89151300,3676,31100
2398,22,40,25,0,87975120,3635,89179680,3675,31122
2399,28,40,25,0,88008900,3635,89207700,3675,31150

