Hour,Arrivals,Waiting,Treating,Available Rooms,Total Treatment Time,Average Treatment Time,Total Wait Time,Average Wait Time,Total Arrivals
1,5,0,1,24,6420,1605,0,0,5
2,7,0,5,20,11760,1680,0,0,12
3,8,0,8,17,21120,1760,0,0,20
4,2,0,4,21,40020,2223,0,0,22
5,5,0,3,22,69300,2887,0,0,27
6,8,0,6,19,83340,2873,0,0,35
7,11,0,6,19,103620,2590,0,0,46
8,6,0,6,19,120660,2623,0,0,52
9,7,0,8,17,139140,2728,0,0,59
10,11,0,9,16,167400,2744,0,0,70
11,10,0,11,14,185940,2694,0,0,80
12,7,0,7,18,235620,2945,0,0,87
13,8,0,8,17,256860,2952,0,0,95
14,9,0,10,15,277020,2947,0,0,104
15,15,0,14,11,310860,2960,0,0,119
16,10,0,11,14,344220,2917,0,0,129
17,9,0,9,16,389940,3022,0,0,138
18,6,0,10,15,412620,3079,0,0,144
19,8,0,9,16,455220,3183,0,0,152
20,11,0,13,12,484020,3226,0,0,163
21,12,0,10,15,538200,3261,0,0,175
22,8,0,11,14,570720,3318,0,0,183
23,4,0,8,17,601860,3362,0,0,187
24,4,0,4,21,646380,3456,0,0,191
25,2,0,3,22,661680,3482,0,0,193
26,5,0,3,22,679560,3484,0,0,198
27,4,0,5,20,684600,3475,0,0,202
28,7,0,8,17,692100,3443,0,0,209
29,8,0,3,22,729420,3408,0,0,217
30,10,0,9,16,737280,3382,0,0,227
31,4,0,5,20,765600,3387,0,0,231
32,10,0,7,18,790380,3377,0,0,241
33,19,0,15,10,820860,3350,0,0,260
34,11,0,16,9,852300,3342,0,0,271
35,11,0,11,14,926040,3417,0,0,282
36,16,0,12,13,988980,3457,0,0,298
37,12,0,15,10,1019040,3454,0,0,310
38,8,0,8,17,1081680,3489,0,0,318
39,16,0,12,13,1116480,3467,0,0,334
40,9,0,11,14,1156020,3481,0,0,343
41,6,0,7,18,1194000,3491,0,0,349
42,7,0,7,18,1219620,3494,0,0,356
43,5,0,7,18,1233780,3485,0,0,361
44,12,0,8,17,1277580,3500,0,0,373
45,8,0,8,17,1305360,3499,0,0,381
46,4,0,7,18,1325040,3505,0,0,385
47,6,0,6,19,1355400,3520,0,0,391
48,6,0,6,19,1378980,3526,0,0,397
49,2,0,3,22,1398540,3531,0,0,399
50,2,0,3,22,1412220,3548,0,0,401
51,3,0,1,24,1430400,3549,0,0,404
52,7,0,5,20,1433880,3531,0,0,411
53,4,0,3,22,1451220,3522,0,0,415
54,10,0,9,16,1458360,3505,0,0,425
55,11,0,10,15,1488780,3494,0,0,436
56,7,0,9,16,1523880,3511,0,0,443
57,12,0,10,15,1559940,3505,0,0,455
58,6,0,8,17,1587960,3505,0,0,461
59,6,0,3,22,1618620,3488,0,0,467
60,12,0,13,12,1623780,3484,0,0,479
61,7,0,9,16,1675200,3511,0,0,486
62,9,0,9,16,1713660,3526,0,0,495
63,13,0,13,12,1746720,3528,0,0,508
64,12,0,12,13,1795800,3535,0,0,520
65,8,0,8,17,1836900,3532,0,0,528
66,13,0,14,11,1865880,3540,0,0,541
67,5,0,8,17,1919760,3568,0,0,546
68,6,0,6,19,1955220,3580,0,0,552
69,5,0,7,18,1965780,3574,0,0,557
70,5,0,9,16,1984980,3589,0,0,562
71,5,0,7,18,2022540,3611,0,0,567
72,6,0,6,19,2043720,3604,0,0,573
73,8,0,12,13,2048340,3599,0,0,581
74,7,0,7,18,2103480,3620,0,0,588
75,6,0,4,21,2135280,3619,0,0,594
76,5,0,9,16,2135280,3619,0,0,599
77,5,0,11,14,2147880,3622,0,0,604
78,8,0,9,16,2201220,3650,0,0,612
79,11,0,9,16,2243160,3653,0,0,623
80,6,0,8,17,2261160,3641,0,0,629
81,12,0,7,18,2300700,3628,0,0,641
82,7,0,9,16,2309940,3614,0,0,648
83,12,0,14,11,2332680,3610,0,0,660
84,11,0,14,11,2371140,3609,0,0,671
85,4,0,4,21,2426760,3616,0,0,675
86,8,0,8,17,2445900,3623,0,0,683
87,8,0,7,18,2465700,3604,0,0,691
88,8,0,7,18,2504700,3619,0,0,699
89,13,0,15,10,2515140,3608,0,0,712
90,9,0,13,12,2562840,3619,0,0,721
91,8,0,10,15,2611740,3632,0,0,729
92,8,0,7,18,2676480,3666,0,0,737
93,6,0,10,15,2688180,3667,0,0,743
94,7,0,9,16,2717460,3667,0,0,750
95,6,0,6,19,2765280,3687,0,0,756
96,5,0,6,19,2772420,3672,0,0,761
97,1,0,0,25,2810520,3688,0,0,762
98,1,0,1,24,2810520,3688,0,0,763
99,3,0,2,23,2816040,3685,0,0,766
100,3,0,2,23,2825580,3683,0,0,769
101,4,0,3,22,2830200,3675,0,0,773
102,7,0,4,21,2844060,3665,0,0,780
103,4,0,3,22,2864940,3668,0,0,784
104,13,0,13,12,2874240,3666,0,0,797
105,11,0,18,7,2898600,3669,0,0,808
106,13,0,12,13,2973480,3675,0,0,821
107,8,0,15,10,3003120,3689,0,0,829
108,16,0,15,10,3071280,3700,0,0,845
109,8,0,14,11,3103620,3699,0,0,853
110,7,0,11,14,3158400,3720,0,0,860
111,7,0,8,17,3209700,3736,0,0,867
112,10,0,8,17,3250980,3741,0,0,877
113,7,0,9,16,3266340,3732,0,0,884
114,10,0,7,18,3297180,3717,0,0,894
115,11,0,13,12,3314460,3715,0,0,905
116,5,0,7,18,3361020,3722,0,0,910
117,7,0,8,17,3390840,3730,0,0,917
118,6,0,7,18,3423060,3736,0,0,923
119,5,0,5,20,3450840,3738,0,0,928
120,7,0,5,20,3483180,3745,0,0,935
121,7,0,6,19,3499080,3738,0,0,942
122,5,0,6,19,3507780,3727,0,0,947
123,5,0,5,20,3532560,3730,0,0,952
124,13,0,8,17,3559200,3719,0,0,965
125,3,0,4,21,3583500,3717,0,0,968
126,9,0,6,19,3608460,3716,0,0,977
127,12,0,13,12,3624240,3713,0,0,989
128,4,0,4,21,3670500,3711,0,0,993
129,10,0,12,13,3680640,3714,0,0,1003
130,5,0,10,15,3701340,3708,0,0,1008
131,7,0,9,16,3744660,3722,0,0,1015
132,12,0,9,16,3799980,3732,0,0,1027
133,4,0,4,21,3824460,3723,0,0,1031
134,10,0,8,17,3854160,3731,0,0,1041
135,19,0,23,2,3872040,3733,0,0,1060
136,9,0,17,8,3922680,3728,0,0,1069
137,6,0,8,17,4005360,3753,0,0,1075
138,4,0,6,19,4041420,3766,0,0,1079
139,6,0,3,22,4069740,3761,0,0,1085
140,12,0,9,16,4080060,3750,0,0,1097
141,6,0,9,16,4102020,3749,0,0,1103
142,4,0,4,21,4133460,3747,0,0,1107
143,8,0,6,19,4151760,3743,0,0,1115
144,6,0,6,19,4172340,3742,0,0,1121
145,7,0,8,17,4196460,3746,0,0,1128
146,7,0,9,16,4219200,3747,0,0,1135
147,8,0,5,20,4264440,3747,0,0,1143
148,8,0,7,18,4285440,3746,0,0,1151
149,4,0,6,19,4304580,3746,0,0,1155
150,6,0,6,19,4329960,3748,0,0,1161
151,9,0,9,16,4343520,3741,0,0,1170
152,7,0,7,18,4383060,3746,0,0,1177
153,13,0,14,11,4401300,3742,0,0,1190
154,10,0,14,11,4439880,3743,0,0,1200
155,11,0,11,14,4506480,3755,0,0,1211
156,13,0,16,9,4527000,3747,0,0,1224
157,8,0,11,14,4592460,3761,0,0,1232
158,11,0,9,16,4634400,3755,0,0,1243
159,9,0,7,18,4677360,3756,0,0,1252
160,9,0,7,18,4706100,3752,0,0,1261
161,6,0,6,19,4732920,3753,0,0,1267
162,10,0,10,15,4743600,3743,0,0,1277
163,7,0,8,17,4787880,3752,0,0,1284
164,5,0,5,20,4816440,3751,0,0,1289
165,4,0,7,18,4829280,3755,0,0,1293
166,5,0,6,19,4848900,3753,0,0,1298
167,5,0,5,20,4876860,3757,0,0,1303
168,7,0,3,22,4905900,3753,0,0,1310
169,5,0,4,21,4912740,3747,0,0,1315
170,2,0,4,21,4923120,3749,0,0,1317
171,2,0,2,23,4943100,3753,0,0,1319
172,5,0,5,20,4951560,3754,0,0,1324
173,5,0,8,17,4966200,3759,0,0,1329
174,2,0,3,22,4991760,3758,0,0,1331
175,6,0,6,19,5009700,3763,0,0,1337
176,8,0,7,18,5026500,3756,0,0,1345
177,13,0,12,13,5049360,3751,0,0,1358
178,13,0,12,13,5088780,3744,0,0,1371
179,13,0,12,13,5130960,3739,0,0,1384
180,12,0,14,11,5169540,3740,0,0,1396
181,10,0,9,16,5221440,3737,0,0,1406
182,11,0,7,18,5261400,3731,0,0,1417
183,12,0,10,15,5286960,3725,0,0,1429
184,9,0,6,19,5327280,3720,0,0,1438
185,9,0,10,15,5351520,3724,0,0,1447
186,5,0,7,18,5378760,3722,0,0,1452
187,7,0,8,17,5407380,3726,0,0,1459
188,4,0,4,21,5445420,3732,0,0,1463
189,8,0,5,20,5463480,3726,0,0,1471
190,6,0,2,23,5485860,3719,0,0,1477
191,5,0,4,21,5497740,3719,0,0,1482
192,6,0,3,22,5515740,3714,0,0,1488
193,3,0,3,22,5523480,3712,0,0,1491
194,5,0,4,21,5533260,3708,0,0,1496
195,6,0,3,22,5553000,3704,0,0,1502
196,2,0,2,23,5566800,3706,0,0,1504
197,9,0,8,17,5571960,3702,0,0,1513
198,4,0,3,22,5600520,3699,0,0,1517
199,6,0,5,20,5612040,3696,0,0,1523
200,12,0,11,14,5629860,3694,0,0,1535
201,10,0,13,12,5654700,3691,0,0,1545
202,17,0,19,6,5709240,3700,0,0,1562
203,11,0,9,16,5780040,3695,0,0,1573
204,8,0,11,14,5807580,3699,0,0,1581
205,14,0,15,10,5834400,3692,0,0,1595
206,9,0,10,15,5892240,3696,0,0,1604
207,10,0,13,12,5936520,3708,0,0,1614
208,9,0,11,14,5985060,3712,0,0,1623
209,8,0,12,13,6011880,3713,0,0,1631
210,3,0,4,21,6060540,3718,0,0,1634
211,10,0,7,18,6082800,3715,0,0,1644
212,11,0,12,13,6092160,3707,0,0,1655
213,5,0,8,17,6131580,3711,0,0,1660
214,9,0,13,12,6144120,3710,0,0,1669
215,8,0,11,14,6189540,3715,0,0,1677
216,4,0,5,20,6247740,3727,0,0,1681
217,8,0,11,14,6257580,3729,0,0,1689
218,3,0,4,21,6300420,3732,0,0,1692
219,7,0,5,20,6310500,3725,0,0,1699
220,5,0,6,19,6331860,3729,0,0,1704
221,6,0,7,18,6349680,3728,0,0,1710
222,5,0,7,18,6367680,3728,0,0,1715
223,10,0,6,19,6401700,3724,0,0,1725
224,13,0,9,16,6425040,3716,0,0,1738
225,4,0,6,19,6446100,3713,0,0,1742
226,6,0,4,21,6484620,3718,0,0,1748
227,11,0,9,16,6495720,3711,0,0,1759
228,13,0,14,11,6521160,3709,0,0,1772
229,7,0,8,17,6567360,3708,0,0,1779
230,15,0,11,14,6605580,3704,0,0,1794
231,8,0,7,18,6647580,3703,0,0,1802
232,15,0,12,13,6665220,3692,0,0,1817
233,8,0,11,14,6699720,3693,0,0,1825
234,11,0,13,12,6747120,3701,0,0,1836
235,10,0,10,15,6794520,3700,0,0,1846
236,11,0,9,16,6830340,3696,0,0,1857
237,4,0,6,19,6859020,3697,0,0,1861
238,5,0,5,20,6890580,3702,0,0,1866
239,5,0,7,18,6900180,3701,0,0,1871
240,4,0,7,18,6914340,3701,0,0,1875
241,3,0,3,22,6946620,3704,0,0,1878
242,4,0,7,18,6946620,3704,0,0,1882
243,7,0,6,19,6977880,3705,0,0,1889
244,4,0,4,21,6999480,3705,0,0,1893
245,6,0,5,20,7014120,3703,0,0,1899
246,9,0,5,20,7047840,3703,0,0,1908
247,4,0,4,21,7054560,3697,0,0,1912
248,10,0,8,17,7072860,3695,0,0,1922
249,6,0,7,18,7094460,3693,0,0,1928
250,9,0,5,20,7129620,3690,0,0,1937
251,10,0,8,17,7146600,3685,0,0,1947
252,10,0,8,17,7173780,3680,0,0,1957
253,10,0,9,16,7194960,3674,0,0,1967
254,10,0,7,18,7230000,3670,0,0,1977
255,4,0,6,19,7240800,3666,0,0,1981
256,7,0,7,18,7275480,3672,0,0,1988
257,9,0,7,18,7297620,3667,0,0,1997
258,13,0,11,14,7330140,3666,0,0,2010
259,11,0,12,13,7359900,3663,0,0,2021
260,11,0,14,11,7400880,3667,0,0,2032
261,10,0,10,15,7453020,3667,0,0,2042
262,7,0,7,18,7495140,3670,0,0,2049
263,3,0,3,22,7523520,3671,0,0,2052
264,7,0,5,20,7534200,3668,0,0,2059
265,3,0,4,21,7552560,3669,0,0,2062
266,4,0,3,22,7573560,3671,0,0,2066
267,7,0,7,18,7577760,3667,0,0,2073
268,9,0,9,16,7604700,3668,0,0,2082
269,9,0,9,16,7630740,3665,0,0,2091
270,8,0,9,16,7655520,3662,0,0,2099
271,9,0,9,16,7698600,3667,0,0,2108
272,4,0,6,19,7723380,3667,0,0,2112
273,7,0,6,19,7750500,3668,0,0,2119
274,6,0,9,16,7755720,3665,0,0,2125
275,9,0,10,15,7787040,3666,0,0,2134
276,11,0,8,17,7833060,3665,0,0,2145
277,10,0,13,12,7851540,3665,0,0,2155
278,13,0,11,14,7903080,3663,0,0,2168
279,7,0,9,16,7932360,3662,0,0,2175
280,7,0,7,18,7969500,3664,0,0,2182
281,5,0,6,19,7993920,3665,0,0,2187
282,3,0,3,22,8012820,3663,0,0,2190
283,11,0,5,20,8040600,3661,0,0,2201
284,5,0,6,19,8050200,3659,0,0,2206
285,3,0,3,22,8074740,3660,0,0,2209
286,9,0,8,17,8085540,3658,0,0,2218
287,6,0,7,18,8115060,3660,0,0,2224
288,9,0,5,20,8141460,3654,0,0,2233
289,4,0,5,20,8159640,3655,0,0,2237
290,5,0,9,16,8168880,3658,0,0,2242
291,10,0,9,16,8207820,3659,0,0,2252
292,9,0,10,15,8242800,3661,0,0,2261
293,5,0,8,17,8272560,3663,0,0,2266
294,8,0,8,17,8302380,3663,0,0,2274
295,15,0,13,12,8332020,3660,0,0,2289
296,7,0,8,17,8384640,3664,0,0,2296
297,7,0,7,18,8424060,3669,0,0,2303
298,6,0,8,17,8442840,3669,0,0,2309
299,13,0,12,13,8477280,3669,0,0,2322
300,11,0,12,13,8514240,3668,0,0,2333
301,15,0,16,9,8558640,3670,0,0,2348
302,11,0,14,11,8607060,3670,0,0,2359
303,9,0,15,10,8640840,3672,0,0,2368
304,8,0,10,15,8704980,3679,0,0,2376
305,10,0,6,19,8756880,3679,0,0,2386
306,13,0,12,13,8772240,3675,0,0,2399
307,9,0,12,13,8799060,3672,0,0,2408
308,6,0,9,16,8844780,3677,0,0,2414
309,7,0,7,18,8881020,3678,0,0,2421
310,7,0,6,19,8917620,3681,0,0,2428
311,3,0,5,20,8930460,3681,0,0,2431
312,6,0,5,20,8954040,3681,0,0,2437
313,3,0,4,21,8967540,3681,0,0,2440
314,9,0,8,17,8983920,3680,0,0,2449
315,6,0,6,19,9001020,3675,0,0,2455
316,10,0,9,16,9029460,3676,0,0,2465
317,7,0,10,15,9049140,3675,0,0,2472
318,2,0,4,21,9093840,3681,0,0,2474
319,10,0,8,17,9111060,3679,0,0,2484
320,8,0,10,15,9132780,3679,0,0,2492
321,11,0,10,15,9172500,3679,0,0,2503
322,11,0,14,11,9196200,3678,0,0,2514
323,7,0,14,11,9233580,3683,0,0,2521
324,10,0,10,15,9298260,3688,0,0,2531
325,9,0,7,18,9356220,3693,0,0,2540
326,15,0,11,14,9384780,3688,0,0,2555
327,9,0,11,14,9417960,3688,0,0,2564
328,12,0,12,13,9466500,3692,0,0,2576
329,7,0,11,14,9496980,3692,0,0,2583
330,14,0,9,16,9550320,3690,0,0,2597
331,12,0,10,15,9571200,3682,0,0,2609
332,8,0,11,14,9599820,3683,0,0,2617
333,8,0,12,13,9627780,3684,0,0,2625
334,8,0,9,16,9678420,3688,0,0,2633
335,6,0,8,17,9701700,3687,0,0,2639
336,5,0,4,21,9748140,3692,0,0,2644
337,11,0,10,15,9762960,3691,0,0,2655
338,12,0,13,12,9796980,3691,0,0,2667
339,12,0,12,13,9834540,3687,0,0,2679
340,26,0,16,9,9900120,3681,0,0,2705
341,28,0,25,0,9937260,3669,0,0,2733
342,27,7,25,0,10014360,3670,6420,2,2760
343,35,35,16,9,10097340,3679,11340,4,2795
344,29,40,13,12,10172400,3691,33840,12,2824
345,27,38,20,5,10215540,3699,70620,25,2851
346,31,38,25,0,10301160,3704,154860,54,2882
347,31,39,20,5,10366560,3702,176520,61,2913
348,26,37,25,0,10460340,3714,249720,86,2939
349,31,37,24,1,10533180,3714,274980,95,2970
350,36,40,19,6,10611600,3712,337680,115,3006
351,36,40,19,6,10702500,3710,404820,137,3042
352,27,40,12,13,10747920,3713,414960,140,3069
353,27,34,15,10,10839840,3708,784620,264,3096
354,30,36,24,1,10876860,3705,800460,267,3126
355,30,37,25,0,10960440,3714,823500,273,3156
356,21,29,25,0,11074500,3716,925440,305,3177
357,34,40,25,0,11147280,3714,1019400,332,3211
358,31,39,25,0,11230260,3721,1039500,337,3242
359,39,40,14,11,11346000,3711,1171020,376,3281
360,24,36,19,6,11384460,3716,1189620,381,3305
361,26,25,25,0,11460780,3704,1589580,505,3331
362,37,40,20,5,11533620,3704,1712700,540,3368
363,32,38,15,10,11602380,3712,1732200,545,3400
364,28,37,25,0,11660640,3717,1797180,561,3428
365,29,28,25,0,11783460,3718,1989300,617,3457
366,36,37,20,5,11858040,3704,2493360,765,3493
367,27,40,17,8,11929860,3711,2517360,769,3520
368,26,40,25,0,11985000,3717,2556180,777,3546
369,33,36,25,0,12095940,3720,2652000,800,3579
370,29,25,25,0,12180600,3701,3045540,912,3608
371,21,17,25,0,12260880,3693,3246720,966,3629
372,38,32,25,0,12350220,3694,3259740,959,3667
373,29,38,25,0,12422820,3700,3269160,955,3696
374,34,36,25,0,12529140,3704,3420060,993,3730
375,28,32,25,0,12613440,3698,3538320,1020,3758
376,38,39,25,0,12727980,3701,3594840,1026,3796
377,26,39,25,0,12790020,3701,3603840,1024,3822
378,32,33,25,0,12901380,3697,3666360,1033,3854
379,28,40,23,2,12971280,3694,3723000,1042,3882
380,33,36,22,3,13048020,3701,3742740,1044,3915
381,23,19,25,0,13141920,3689,4497360,1247,3938
382,32,17,25,0,13225620,3677,4747080,1305,3970
383,30,22,25,0,13301220,3673,4858980,1326,4000
384,27,39,21,4,13374120,3680,4865160,1317,4027
385,36,40,25,0,13473780,3691,4904040,1320,4063
386,34,40,25,0,13563660,3699,4941000,1325,4097
387,39,38,23,2,13637880,3702,4976100,1329,4136
388,30,39,25,0,13746300,3711,5082060,1349,4166
389,25,29,25,0,13826820,3704,5303580,1401,4191
390,39,40,25,0,13918920,3701,5360940,1403,4230
391,38,40,25,0,13998000,3708,5370060,1398,4268
392,24,34,25,0,14110560,3711,5472060,1418,4292
393,26,25,25,0,14197680,3700,5666280,1458,4318
394,27,40,15,10,14275260,3700,5669820,1451,4345
395,39,40,25,0,14343240,3707,5694000,1447,4384
396,39,37,24,1,14422980,3712,5736900,1453,4423
397,22,38,16,9,14503260,3714,5806740,1467,4445
398,24,38,21,4,14566680,3713,5897820,1481,4469
399,28,38,23,2,14625960,3717,5921700,1482,4497
400,33,37,25,0,14721780,3711,6093420,1514,4530
401,36,40,25,0,14795160,3711,6122340,1511,4566
402,33,36,24,1,14886120,3715,6180180,1519,4599
403,30,39,25,0,14963400,3714,6247260,1526,4629
404,28,39,25,0,15059460,3713,6277800,1524,4657
405,34,38,25,0,15152220,3712,6376680,1539,4691
406,32,38,25,0,15242280,3713,6447900,1547,4723
407,31,40,25,0,15325560,3716,6487140,1550,4754
408,28,34,25,0,15423720,3710,6739920,1600,4782
409,31,40,21,4,15492000,3711,6744720,1592,4813
410,27,27,25,0,15618300,3709,7173720,1683,4840
411,36,40,25,0,15691140,3706,7316520,1703,4876
412,29,36,25,0,15762660,3705,7346880,1703,4905
413,35,40,25,0,15865500,3709,7366380,1696,4940
414,30,38,25,0,15951600,3711,7471500,1714,4970
415,36,40,24,1,16032420,3711,7513800,1714,5006
416,25,30,25,0,16130580,3711,7846680,1783,5031
417,34,34,25,0,16212120,3704,8219760,1855,5065
418,32,37,25,0,16301820,3705,8233620,1846,5097
419,30,37,23,2,16387080,3708,8259960,1844,5127
420,32,39,19,6,16486260,3709,8276820,1838,5159
421,30,40,11,14,16543140,3710,8301240,1841,5189
422,40,40,17,8,16589580,3707,8359200,1845,5229
423,27,18,25,0,16676880,3700,9439020,2074,5256
424,41,35,21,4,16742460,3691,9443160,2059,5297
425,34,40,25,0,16796040,3696,9460860,2053,5331
426,34,40,25,0,16879200,3700,9484320,2050,5365
427,26,40,22,3,16996500,3704,9723660,2092,5391
428,24,39,17,8,17071560,3708,9738060,2090,5415
429,37,36,24,1,17109540,3710,9784560,2094,5452
430,28,38,25,0,17196240,3712,9839880,2095,5480
431,32,37,25,0,17287680,3711,9877260,2092,5512
432,30,40,25,0,17366160,3709,10049520,2117,5542
433,23,28,25,0,17470680,3712,10342860,2173,5565
434,25,15,19,6,17564460,3697,11102040,2321,5590
435,30,40,12,13,17609520,3700,11103300,2311,5620
436,32,40,23,2,17666220,3705,11149080,2308,5652
437,35,38,25,0,17749500,3710,11185380,2308,5687
438,35,40,18,7,17845860,3710,11228700,2308,5722
439,37,40,16,9,17908620,3713,11250000,2306,5759
440,28,31,25,0,17984580,3710,11693580,2386,5787
441,28,20,25,0,18086520,3701,11992320,2432,5815
442,34,37,25,0,18147120,3701,12000000,2417,5849
443,33,40,15,10,18217260,3704,12007020,2415,5882
444,31,37,25,0,18290160,3711,12059940,2417,5913
445,32,36,25,0,18389460,3712,12129720,2419,5945
446,41,39,25,0,18469920,3703,12165720,2409,5986
447,29,35,25,0,18557580,3704,12281100,2422,6015
448,33,39,25,0,18629760,3702,12320820,2419,6048
449,37,36,25,0,18732480,3702,12408180,2423,6085
450,32,36,23,2,18823140,3695,12565920,2440,6117
451,29,40,18,7,18896040,3699,12584760,2437,6146
452,35,35,25,0,18975840,3699,12768840,2460,6181
453,34,32,25,0,19065000,3690,13095840,2509,6215
454,23,36,20,5,19142940,3688,13134900,2506,6238
455,22,39,24,1,19208520,3691,13154640,2498,6260
456,22,38,23,2,19298040,3691,13239540,2504,6282
457,26,40,11,14,19382880,3696,13245060,2502,6308
458,23,39,12,13,19416300,3700,13264440,2503,6331
459,31,36,25,0,19499520,3703,13480200,2533,6362
460,31,35,22,3,19579740,3694,13612860,2542,6393
461,33,40,15,10,19633620,3696,13615260,2537,6426
462,32,40,25,0,19705920,3702,13652160,2535,6458
463,38,35,25,0,19791000,3704,13699980,2535,6496
464,28,33,25,0,19882440,3700,13901940,2560,6524
465,34,34,25,0,19992720,3703,13958580,2557,6558
466,33,23,25,0,20085240,3690,15217380,2772,6591
467,34,38,25,0,20153640,3690,15222180,2756,6625
468,27,39,25,0,20251500,3695,15243540,2749,6652
469,29,39,25,0,20339520,3696,15291360,2747,6681
470,28,22,25,0,20440260,3684,15668340,2800,6709
471,31,25,25,0,20522640,3681,15850680,2818,6740
472,36,40,23,2,20575920,3680,15853500,2804,6776
473,34,39,25,0,20670960,3686,15884100,2800,6810
474,33,40,25,0,20756520,3690,15925800,2799,6843
475,31,40,18,7,20850780,3690,15960000,2796,6874
476,33,33,18,7,20908680,3693,16087440,2816,6907
477,29,18,25,0,21008160,3686,16571880,2887,6936
478,29,24,25,0,21075300,3683,16650600,2886,6965
479,28,27,25,0,21169680,3684,16811700,2901,6993
480,26,22,25,0,21268500,3681,16933260,2908,7019
481,24,33,22,3,21343140,3684,16940220,2897,7043
482,27,40,16,9,21410580,3688,16949640,2892,7070
483,38,40,25,0,21500700,3694,16978620,2885,7108
484,26,40,25,0,21550500,3691,17009040,2882,7134
485,34,34,25,0,21681900,3694,17121240,2889,7168
486,34,39,25,0,21733920,3693,17143560,2882,7202
487,37,40,25,0,21843000,3693,17250840,2886,7239
488,35,36,25,0,21938460,3695,17292240,2883,7274
489,28,29,25,0,22045740,3691,17671920,2933,7302
490,23,22,21,4,22120380,3683,18148020,3000,7325
491,31,39,14,11,22196880,3682,18163500,2987,7356
492,35,36,23,2,22252260,3686,18205080,2986,7391
493,35,40,25,0,22306620,3687,18230880,2982,7426
494,27,34,25,0,22402320,3685,18337500,2988,7453
495,28,39,25,0,22504800,3688,18344580,2976,7481
496,26,25,25,0,22614480,3686,18569940,3002,7507
497,34,28,25,0,22691760,3680,18773040,3019,7541
498,23,23,25,0,22782540,3678,18954900,3036,7564
499,30,29,25,0,22848180,3674,19179600,3059,7594
500,27,29,25,0,22969680,3678,19195380,3047,7621
501,32,40,25,0,23042820,3677,19213020,3035,7653
502,34,38,25,0,23136120,3681,19243440,3031,7687
503,24,30,25,0,23218800,3676,19438560,3052,7711
504,14,2,25,0,23330760,3670,20155860,3157,7725
505,9,0,13,12,23396940,3667,20205060,3160,7734
506,6,0,9,16,23445180,3669,20205060,3157,7740
507,7,0,5,20,23490600,3669,20205060,3154,7747
508,9,0,7,18,23508420,3668,20205060,3149,7756
509,5,0,9,16,23527920,3669,20205060,3147,7761
510,4,0,4,21,23569140,3671,20205060,3145,7765
511,11,0,8,17,23589000,3670,20205060,3139,7776
512,9,0,5,20,23622720,3668,20205060,3135,7785
513,13,0,7,18,23649180,3666,20205060,3129,7798
514,8,0,9,16,23668560,3666,20205060,3125,7806
515,10,0,10,15,23706120,3666,20205060,3120,7816
516,14,0,14,11,23739780,3666,20205060,3113,7830
517,4,0,7,18,23777760,3666,20205060,3111,7834
518,9,0,6,19,23820240,3666,20205060,3107,7843
519,6,0,8,17,23831700,3666,20205060,3104,7849
520,9,0,9,16,23860020,3666,20205060,3100,7858
521,12,0,12,13,23891280,3665,20205060,3094,7870
522,12,0,15,10,23930160,3666,20205060,3088,7882
523,4,0,9,16,23976780,3668,20205060,3087,7886
524,11,0,9,16,24026160,3669,20205060,3081,7897
525,3,0,9,16,24034440,3669,20205060,3080,7900
526,6,0,6,19,24075120,3670,20205060,3077,7906
527,6,0,9,16,24089760,3671,20205060,3074,7912
528,3,0,5,20,24120060,3671,20205060,3073,7915
529,5,0,5,20,24140640,3672,20205060,3071,7920
530,3,0,6,19,24151140,3672,20205060,3069,7923
531,7,0,9,16,24172680,3673,20205060,3066,7930
532,6,0,12,13,24182220,3673,20205060,3063,7936
533,4,0,5,20,24235260,3675,20205060,3061,7940
534,5,0,6,19,24250020,3675,20205060,3059,7945
535,15,0,11,14,24295020,3676,20205060,3052,7960
536,11,0,9,16,24340020,3676,20205060,3047,7971
537,7,0,9,16,24358380,3675,20205060,3044,7978
538,13,0,15,10,24390060,3675,20205060,3038,7991
539,14,0,15,10,24443340,3676,20205060,3031,8005
540,7,0,12,13,24488760,3677,20205060,3028,8012
541,7,0,5,20,24557700,3680,20205060,3025,8019
542,13,0,11,14,24582120,3679,20205060,3019,8032
543,18,0,20,5,24608460,3678,20205060,3011,8050
544,7,0,10,15,24677460,3679,20205060,3008,8057
545,6,0,1,24,24738360,3680,20205060,3005,8063
546,8,0,7,18,24745980,3680,20205060,3002,8071
547,6,0,6,19,24763680,3679,20205060,2999,8077
548,6,0,2,23,24802800,3679,20205060,2996,8083
549,3,0,3,22,24806760,3679,20205060,2995,8086
550,6,0,6,19,24815820,3679,20205060,2992,8092
551,8,0,7,18,24847980,3680,20205060,2989,8100
552,5,0,6,19,24867720,3679,20205060,2987,8105
553,8,0,6,19,24894060,3679,20205060,2983,8113
554,6,0,8,17,24905220,3678,20205060,2980,8119
555,8,0,6,19,24935940,3677,20205060,2977,8127
556,11,0,12,13,24955320,3678,20205060,2972,8138
557,7,0,11,14,24978780,3677,20205060,2969,8145
558,4,0,6,19,25023960,3678,20205060,2967,8149
559,9,0,6,19,25063320,3679,20205060,2963,8158
560,8,0,6,19,25076940,3677,20205060,2960,8166
561,10,0,7,18,25102440,3676,20205060,2956,8176
562,14,0,14,11,25121460,3675,20205060,2950,8190
563,8,0,10,15,25166460,3675,20205060,2946,8198
564,10,0,6,19,25221960,3676,20205060,2942,8208
565,7,0,7,18,25236540,3675,20205060,2939,8215
566,7,0,9,16,25264140,3676,20205060,2936,8222
567,10,0,10,15,25299480,3676,20205060,2932,8232
568,11,0,12,13,25343340,3678,20205060,2927,8243
569,11,0,11,14,25374360,3676,20205060,2922,8254
570,7,0,9,16,25402920,3675,20205060,2919,8261
571,14,0,12,13,25453620,3677,20205060,2913,8275
572,3,0,6,19,25485420,3677,20205060,2912,8278
573,7,0,7,18,25516980,3678,20205060,2909,8285
574,9,0,8,17,25541820,3677,20205060,2905,8294
575,2,0,6,19,25559340,3678,20205060,2905,8296
576,4,0,5,20,25584540,3679,20205060,2903,8300
577,8,0,7,18,25609800,3679,20205060,2900,8308
578,2,0,4,21,25624800,3679,20205060,2899,8310
579,6,0,6,19,25646820,3680,20205060,2896,8316
580,8,0,8,17,25663920,3679,20205060,2893,8324
581,8,0,11,14,25685700,3679,20205060,2890,8332
582,7,0,9,16,25727220,3681,20205060,2887,8339
583,9,0,9,16,25769340,3682,20205060,2883,8348
584,7,0,7,18,25792260,3680,20205060,2880,8355
585,7,0,7,18,25823580,3681,20205060,2877,8362
586,12,0,12,13,25847640,3681,20205060,2872,8374
587,12,0,15,10,25880040,3681,20205060,2868,8386
588,6,0,9,16,25924200,3681,20205060,2865,8392
589,7,0,9,16,25958700,3682,20205060,2862,8399
590,9,0,11,14,25987200,3682,20205060,2859,8408
591,6,0,8,17,26037900,3685,20205060,2856,8414
592,9,0,10,15,26063040,3685,20205060,2853,8423
593,3,0,7,18,26085000,3685,20205060,2851,8426
594,3,0,2,23,26129040,3687,20205060,2850,8429
595,7,0,6,19,26133060,3686,20205060,2847,8436
596,10,0,6,19,26157240,3684,20205060,2843,8446
597,12,0,12,13,26176200,3684,20205060,2838,8458
598,8,0,12,13,26194500,3682,20205060,2835,8466
599,3,0,3,22,26249940,3684,20205060,2834,8469
600,4,0,4,21,26268360,3685,20205060,2833,8473
601,7,0,6,19,26285400,3685,20205060,2830,8480
602,6,0,5,20,26307420,3684,20205060,2827,8486
603,6,0,6,19,26320560,3683,20205060,2825,8492
604,3,0,6,19,26327520,3683,20205060,2824,8495
605,5,0,5,20,26359260,3684,20205060,2822,8500
606,7,0,5,20,26380320,3683,20205060,2819,8507
607,12,0,9,16,26401140,3682,20205060,2814,8519
608,14,0,12,13,26429220,3680,20205060,2809,8533
609,12,0,11,14,26474820,3680,20205060,2804,8545
610,10,0,9,16,26524500,3681,20205060,2800,8555
611,11,0,10,15,26538780,3678,20205060,2796,8566
612,6,0,5,20,26589300,3679,20205060,2794,8572
613,7,0,4,21,26611200,3678,20205060,2791,8579
614,13,0,8,17,26631780,3676,20205060,2786,8592
615,7,0,11,14,26647620,3677,20205060,2783,8599
616,13,0,11,14,26690100,3676,20205060,2778,8612
617,8,0,8,17,26721660,3675,20205060,2775,8620
618,7,0,8,17,26757660,3676,20205060,2773,8627
619,12,0,11,14,26777640,3674,20205060,2768,8639
620,8,0,13,12,26800500,3674,20205060,2765,8647
621,8,0,8,17,26857440,3676,20205060,2762,8655
622,6,0,7,18,26894460,3677,20205060,2760,8661
623,4,0,6,19,26914980,3677,20205060,2758,8665
624,6,0,7,18,26933820,3677,20205060,2756,8671
625,4,0,6,19,26964000,3679,20205060,2754,8675
626,6,0,9,16,26981520,3680,20205060,2752,8681
627,8,0,6,19,27018900,3680,20205060,2749,8689
628,4,0,4,21,27044460,3680,20205060,2748,8693
629,5,0,5,20,27060240,3680,20205060,2746,8698
630,7,0,6,19,27076380,3679,20205060,2743,8705
631,5,0,5,20,27096780,3679,20205060,2741,8710
632,9,0,5,20,27126000,3679,20205060,2738,8719
633,8,0,5,20,27140100,3677,20205060,2735,8727
634,4,0,4,21,27168540,3678,20205060,2734,8731
635,12,0,11,14,27180540,3677,20205060,2729,8743
636,10,0,13,12,27202260,3676,20205060,2725,8753
637,16,0,12,13,27263520,3676,20205060,2720,8769
638,13,0,8,17,27305340,3673,20205060,2715,8782
639,9,0,6,19,27346920,3673,20205060,2712,8791
640,15,0,9,16,27375600,3671,20205060,2706,8806
641,14,0,13,12,27398040,3669,20205060,2701,8820
642,13,0,12,13,27436740,3668,20205060,2696,8833
643,8,0,9,16,27469320,3666,20205060,2694,8841
644,7,0,8,17,27509280,3668,20205060,2691,8848
645,1,0,1,24,27551880,3670,20205060,2691,8849
646,2,0,1,24,27562800,3670,20205060,2690,8851
647,6,0,7,18,27562800,3670,20205060,2688,8857
648,4,0,5,20,27582480,3670,20205060,2686,8861
649,11,0,8,17,27605400,3669,20205060,2682,8872
650,6,0,7,18,27622920,3668,20205060,2680,8878
651,3,0,5,20,27655860,3670,20205060,2679,8881
652,4,0,4,21,27675600,3670,20205060,2678,8885
653,7,0,5,20,27698640,3670,20205060,2675,8892
654,7,0,5,20,27713040,3669,20205060,2673,8899
655,11,0,8,17,27751200,3670,20205060,2669,8910
656,10,0,8,17,27771780,3668,20205060,2665,8920
657,12,0,11,14,27802680,3667,20205060,2661,8932
658,6,0,8,17,27833940,3667,20205060,2659,8938
659,11,0,9,16,27872640,3667,20205060,2655,8949
660,10,0,13,12,27892200,3667,20205060,2652,8959
661,12,0,13,12,27942540,3668,20205060,2648,8971
662,15,0,15,10,27976320,3666,20205060,2642,8986
663,9,0,11,14,28035000,3668,20205060,2639,8995
664,10,0,11,14,28087380,3670,20205060,2636,9005
665,11,0,9,16,28125900,3668,20205060,2632,9016
666,7,0,7,18,28158600,3668,20205060,2630,9023
667,6,0,6,19,28183920,3668,20205060,2628,9029
668,3,0,8,17,28184580,3668,20205060,2627,9032
669,3,0,4,21,28230000,3671,20205060,2626,9035
670,5,0,5,20,28246200,3671,20205060,2624,9040
671,4,0,6,19,28257960,3671,20205060,2623,9044
672,13,0,15,10,28270260,3670,20205060,2618,9057
673,4,0,16,9,28275840,3670,20205060,2617,9061
674,4,0,19,6,28278540,3670,20205060,2615,9065
675,9,3,20,5,28292460,3669,20205120,2613,9074
676,6,7,18,7,28314000,3670,20210880,2611,9080
677,6,12,17,8,28326420,3671,20211480,2610,9086
678,4,16,16,9,28335060,3671,20211480,2610,9090
679,6,22,16,9,28335060,3671,20211480,2610,9096
680,10,28,17,8,28356840,3673,20239200,2606,9106
681,12,39,17,8,28362840,3673,20242140,2604,9118
682,5,39,16,9,28380780,3674,20247900,2603,9123
683,7,39,21,4,28386840,3675,20304000,2608,9130
684,5,37,24,1,28406940,3675,20344800,2611,9135
685,7,40,20,5,28438440,3677,20344860,2611,9142
686,6,40,15,10,28468200,3679,20344860,2611,9148
687,15,40,15,10,28477320,3679,20353860,2611,9163
688,9,40,15,10,28477320,3679,20353860,2611,9172
689,6,40,15,10,28477320,3679,20353860,2611,9178
690,6,39,20,5,28486080,3680,20483220,2626,9184
691,8,40,19,6,28508820,3679,20625480,2642,9192
692,5,39,19,6,28525620,3680,20709360,2651,9197
693,3,33,22,3,28545360,3679,20910000,2676,9200
694,6,29,24,1,28570500,3679,21233400,2716,9206
695,4,20,25,0,28611000,3678,21697620,2773,9210
696,4,0,20,5,28649940,3670,22508700,2876,9214
697,6,0,17,8,28681920,3670,22508700,2873,9220
698,1,0,16,9,28684080,3669,22508700,2873,9221
699,6,0,17,8,28695060,3668,22508700,2871,9227
700,4,0,17,8,28706220,3668,22508700,2869,9231
701,3,0,16,9,28716480,3667,22508700,2868,9234
702,7,1,18,7,28729380,3667,22508820,2866,9241
703,7,7,17,8,28739940,3667,22508940,2864,9248
704,9,14,18,7,28746900,3668,22511340,2861,9257
705,4,15,18,7,28769160,3669,22519920,2860,9261
706,7,13,25,0,28776960,3669,22560300,2862,9268
707,7,14,22,3,28809960,3669,22613040,2867,9275
708,10,23,17,8,28834020,3669,22615200,2864,9285
709,10,32,16,9,28851240,3671,22617060,2861,9295
710,6,37,16,9,28857600,3671,22623720,2860,9301
711,12,40,16,9,28857600,3671,22623720,2860,9313
712,14,40,15,10,28864620,3671,22623720,2860,9327
713,7,40,17,8,28877520,3673,22651080,2860,9334
714,6,40,17,8,28877520,3673,22651080,2860,9340
715,5,38,19,6,28900140,3674,22749480,2871,9345
716,8,40,23,2,28908000,3674,22818360,2878,9353
717,5,40,18,7,28943160,3675,22824300,2877,9358
718,8,40,19,6,28963740,3676,22868760,2881,9366
719,5,40,16,9,28980180,3676,22912740,2886,9371
720,3,40,16,9,28987200,3676,22915500,2886,9374
721,8,40,19,6,28993680,3677,22930320,2886,9382
722,6,36,21,4,29009400,3677,23052420,2901,9388
723,4,31,25,0,29032140,3677,23275560,2927,9392
724,5,31,19,6,29065560,3676,23461920,2949,9397
725,8,38,17,8,29077440,3676,23467320,2947,9405
726,6,40,16,9,29085780,3677,23467320,2947,9411
727,6,40,17,8,29098380,3678,23486040,2948,9417
728,7,40,16,9,29106000,3679,23486040,2948,9424
729,9,40,16,9,29119140,3679,23514000,2951,9433
730,1,40,16,9,29119140,3679,23514000,2951,9434
731,11,40,19,6,29132040,3680,23552040,2953,9445
732,12,39,18,7,29142600,3681,23557680,2954,9457
733,11,39,20,5,29165220,3682,23611080,2959,9468
734,10,39,23,2,29188320,3683,23679360,2965,9478
735,9,40,16,9,29222040,3683,23682000,2964,9487
736,11,40,16,9,29228640,3683,23685180,2964,9498
737,7,39,17,8,29235660,3684,23735640,2970,9505
738,11,40,25,0,29245200,3684,23806260,2975,9516
739,10,39,25,0,29272200,3684,24055320,3004,9526
740,6,39,20,5,29309520,3685,24064020,3003,9532
741,7,40,18,7,29333400,3686,24125520,3010,9539
742,3,40,16,9,29347320,3686,24130320,3010,9542
743,4,39,17,8,29356140,3687,24140580,3010,9546
744,6,35,23,2,29363880,3686,24330540,3032,9552
745,4,15,25,0,29392920,3679,26483940,3298,9556
746,4,0,17,8,29433780,3672,27865080,3469,9560
747,5,1,18,7,29441520,3671,27867180,3467,9565
748,8,9,17,8,29444220,3671,27867180,3467,9573
749,7,13,18,7,29459160,3672,27871980,3463,9580
750,7,18,17,8,29477040,3673,27876060,3459,9587
751,10,26,17,8,29488260,3674,27880680,3456,9597
752,4,28,17,8,29505540,3675,27884700,3454,9601
753,11,33,22,3,29511840,3675,27934920,3456,9612
754,10,40,20,5,29527680,3676,27934980,3455,9622
755,9,40,17,8,29565000,3678,27943260,3452,9631
756,13,40,19,6,29573940,3679,27964140,3454,9644
757,6,38,21,4,29590260,3680,28026540,3460,9650
758,11,40,19,6,29609280,3680,28026720,3459,9661
759,8,38,19,6,29639820,3682,28083660,3464,9669
760,3,37,22,3,29642940,3682,28156980,3472,9672
761,13,37,25,0,29674260,3682,28370580,3494,9685
762,10,38,18,7,29726580,3684,28401240,3495,9695
763,7,37,21,4,29741280,3683,28517040,3506,9702
764,11,40,20,5,29762100,3682,28575240,3510,9713
765,4,39,16,9,29790300,3683,28580040,3510,9717
766,9,40,18,7,29801160,3684,28586400,3509,9726
767,1,39,18,7,29807820,3684,28590240,3509,9727
768,6,38,17,8,29831460,3686,28619880,3512,9733
769,6,37,20,5,29843700,3685,28848060,3537,9739
770,3,30,23,2,29862180,3684,29212680,3581,9742
771,9,19,25,0,29893200,3680,29849220,3656,9751
772,11,8,23,2,29942160,3675,30507840,3731,9762
773,6,5,24,1,29970600,3675,30592440,3738,9768
774,7,0,20,5,29998260,3671,30767520,3756,9775
775,4,0,18,7,30019080,3671,30767520,3754,9779
776,9,1,19,6,30043980,3671,30767820,3750,9788
777,6,5,19,6,30052800,3671,30773700,3748,9794
778,11,14,18,7,30071280,3672,30776160,3747,9805
779,11,23,17,8,30089940,3673,30778620,3743,9816
780,14,30,22,3,30102660,3674,30797700,3738,9830
781,10,34,24,1,30119880,3674,30809640,3732,9840
782,7,40,16,9,30172680,3676,30811680,3730,9847
783,12,40,16,9,30172680,3676,30811680,3730,9859
784,11,40,17,8,30182640,3677,30825480,3730,9870
785,5,39,21,4,30192000,3678,30869280,3733,9875
786,10,34,25,0,30228300,3678,31034040,3749,9885
787,6,30,25,0,30261180,3677,31225980,3769,9891
788,12,30,20,5,30305580,3675,31300260,3774,9903
789,8,37,17,8,30323940,3676,31305120,3770,9911
790,12,39,16,9,30338220,3676,31308840,3769,9923
791,8,40,18,7,30347940,3677,31322460,3769,9931
792,6,39,17,8,30364920,3677,31341900,3770,9937
793,5,40,16,9,30371520,3678,31341900,3770,9942
794,8,39,16,9,30384180,3678,31369380,3773,9950
795,7,40,17,8,30384180,3678,31370100,3772,9957
796,7,40,15,10,30396720,3679,31370100,3772,9964
797,9,39,18,7,30405780,3680,31416780,3776,9973
798,9,40,16,9,30416460,3680,31416960,3776,9982
799,12,40,15,10,30423360,3680,31416960,3776,9994
800,5,40,15,10,30423360,3680,31416960,3776,9999
801,11,39,23,2,30437160,3681,31585680,3792,10010
802,9,40,19,6,30461760,3680,31637040,3796,10019
803,7,40,15,10,30484620,3681,31637040,3796,10026
804,12,40,15,10,30484620,3681,31637040,3796,10038
805,10,40,15,10,30484620,3681,31637040,3796,10048
806,8,40,21,4,30497040,3682,31757460,3806,10056
807,7,39,17,8,30518460,3682,31761420,3806,10063
808,11,40,16,9,30527820,3682,31767060,3807,10074
809,8,40,17,8,30538020,3683,31780980,3807,10082
810,9,38,19,6,30556860,3684,31828020,3811,10091
811,2,30,21,4,30572160,3682,32510940,3892,10093
812,7,2,25,0,30607860,3673,35169360,4207,10100
813,7,5,17,8,30622380,3669,35299680,4220,10107
814,6,10,17,8,30627420,3669,35300460,4215,10113
815,11,20,16,9,30649440,3671,35309580,4211,10124
816,5,25,16,9,30649440,3671,35309580,4211,10129
817,3,27,15,10,30666120,3672,35322060,4209,10132
818,5,30,17,8,30666120,3672,35344320,4210,10137
819,5,33,17,8,30676020,3672,35382960,4211,10142
820,10,40,17,8,30683880,3673,35396340,4210,10152
821,6,40,16,9,30692340,3673,35396340,4210,10158
822,7,40,17,8,30699540,3674,35421600,4211,10165
823,8,40,21,4,30708720,3675,35506140,4218,10173
824,10,35,25,0,30744120,3676,35672100,4235,10183
825,10,38,25,0,30774300,3677,35759700,4240,10193
826,13,40,17,8,30817440,3676,35846760,4249,10206
827,24,40,20,5,30824040,3676,35853480,4247,10230
828,11,36,25,0,30862080,3677,36088080,4269,10241
829,8,40,19,6,30894960,3677,36088620,4268,10249
830,12,39,20,5,30927180,3679,36156360,4271,10261
831,3,38,21,4,30936360,3679,36215820,4277,10264
832,8,38,22,3,30958560,3680,36267660,4280,10272
833,9,26,25,0,30999540,3677,36780420,4337,10281
834,11,17,25,0,31022760,3671,37164420,4376,10292
835,8,7,17,8,31072140,3666,37709280,4437,10300
836,14,20,17,8,31080600,3666,37711140,4434,10314
837,4,24,16,9,31086840,3667,37711140,4434,10318
838,7,30,16,9,31097520,3668,37718760,4425,10325
839,2,30,17,8,31107360,3668,37738440,4426,10327
840,5,35,16,9,31115580,3669,37738440,4426,10332
841,3,34,18,7,31130640,3670,37767540,4425,10335
842,5,33,23,2,31134660,3670,37832880,4430,10340
843,1,27,24,1,31160040,3670,37975200,4446,10341
844,7,20,25,0,31213980,3671,38198640,4469,10348
845,10,29,18,7,31240800,3671,38200020,4467,10358
846,12,40,16,9,31252080,3671,38200020,4467,10370
847,11,40,16,9,31269060,3672,38215500,4459,10381
848,3,40,16,9,31269060,3672,38215500,4459,10384
849,10,40,17,8,31283340,3673,38248860,4462,10394
850,13,40,17,8,31283340,3673,38248860,4462,10407
851,14,40,16,9,31301940,3674,38281920,4464,10421
852,16,40,17,8,31306740,3674,38330100,4469,10437
853,11,38,21,4,31323780,3675,38417460,4476,10448
854,11,40,23,2,31329720,3675,38474280,4480,10459
855,9,40,17,8,31361580,3676,38474280,4480,10468
856,8,38,22,3,31378920,3677,38543220,4485,10476
857,6,32,25,0,31412520,3677,38865840,4519,10482
858,14,37,18,7,31449780,3674,39087600,4541,10496
859,8,40,16,9,31467000,3675,39090480,4538,10504
860,6,40,16,9,31472820,3675,39096000,4537,10510
861,6,38,16,9,31490340,3677,39118860,4539,10516
862,9,40,17,8,31490340,3677,39130200,4539,10525
863,2,40,16,9,31496400,3677,39130200,4539,10527
864,2,40,16,9,31513020,3678,39154800,4541,10529
865,5,39,16,9,31518840,3678,39175320,4543,10534
866,6,38,22,3,31525800,3679,39280500,4552,10540
867,5,26,25,0,31551300,3676,39931200,4624,10545
868,3,0,21,4,31598340,3667,41875200,4848,10548
869,4,3,16,9,31622460,3667,41875620,4847,10552
870,10,10,18,7,31628940,3667,41879760,4842,10562
871,7,17,17,8,31634280,3668,41879760,4842,10569
872,7,15,22,3,31661760,3669,41901000,4835,10576
873,5,10,25,0,31681320,3668,41973300,4841,10581
874,12,19,18,7,31713960,3668,41984280,4836,10593
875,10,28,17,8,31727640,3669,41986980,4835,10603
876,15,40,17,8,31732740,3669,41992080,4825,10618
877,10,40,16,9,31752540,3670,41995740,4824,10628
878,6,39,16,9,31759320,3671,42006060,4824,10634
879,4,40,17,8,31768020,3671,42023040,4825,10638
880,7,39,17,8,31778220,3672,42045480,4827,10645
881,12,40,16,9,31784880,3672,42045480,4827,10657
882,10,39,19,6,31797120,3672,42130020,4834,10667
883,12,40,24,1,31797120,3672,42270600,4847,10679
884,5,33,24,1,31850280,3674,42476580,4868,10684
885,8,31,25,0,31883760,3674,42629940,4882,10692
886,8,17,25,0,31933860,3671,43294740,4953,10700
887,6,0,18,7,31970760,3663,43695660,4996,10706
888,8,2,19,6,31981200,3662,43696200,4992,10714
889,3,5,18,7,31986600,3662,43696200,4992,10717
890,6,7,20,5,32003400,3663,43705740,4987,10723
891,6,3,25,0,32034480,3664,43738920,4988,10729
892,3,0,16,9,32075940,3663,43747680,4987,10732
893,1,0,16,9,32080080,3663,43747680,4986,10733
894,9,6,18,7,32087880,3663,43749360,4981,10742
895,8,14,17,8,32094720,3664,43749360,4981,10750
896,11,24,17,8,32103000,3664,43750320,4975,10761
897,13,36,16,9,32121060,3665,43758600,4968,10774
898,8,40,16,9,32121060,3665,43758600,4968,10782
899,12,40,17,8,32138340,3667,43781880,4964,10794
900,7,40,16,9,32143260,3667,43781880,4964,10801
901,10,40,17,8,32151480,3667,43806840,4965,10811
902,8,40,16,9,32161140,3668,43806840,4965,10819
903,16,40,17,8,32167260,3668,43860720,4970,10835
904,12,40,16,9,32180820,3669,43888380,4973,10847
905,8,39,19,6,32188020,3669,43971180,4980,10855
906,12,40,21,4,32193900,3670,43983660,4980,10867
907,8,36,22,3,32230860,3671,44142240,4996,10875
908,4,39,18,7,32247780,3671,44143920,4995,10879
909,10,40,16,9,32264700,3672,44143920,4995,10889
910,7,38,22,3,32281440,3673,44256480,5002,10896
911,6,40,17,8,32302740,3673,44258400,5001,10902
912,6,39,18,7,32320140,3674,44274360,5001,10908
913,4,38,21,4,32329860,3674,44401320,5013,10912
914,4,32,25,0,32353860,3674,44638320,5037,10916
915,7,27,25,0,32392500,3674,45135840,5089,10923
916,5,21,25,0,32427420,3673,45412440,5118,10928
917,6,2,25,0,32474160,3668,46575120,5246,10934
918,9,2,19,6,32492880,3664,46591860,5242,10943
919,4,5,16,9,32517180,3665,46593360,5240,10947
920,12,16,17,8,32517180,3665,46593720,5239,10959
921,12,27,16,9,32534460,3666,46598880,5227,10971
922,10,37,15,10,32538180,3666,46598880,5227,10981
923,10,39,17,8,32550240,3667,46612560,5219,10991
924,9,40,16,9,32556660,3667,46612560,5219,11000
925,6,40,16,9,32570400,3668,46638240,5220,11006
926,10,40,16,9,32570400,3668,46638240,5220,11016
927,9,40,16,9,32570400,3668,46638240,5220,11025
928,7,40,17,8,32589660,3670,46704480,5226,11032
929,9,40,17,8,32589660,3670,46704480,5226,11041
930,10,39,18,7,32607000,3671,46779300,5233,11051
931,5,37,23,2,32620800,3671,46974240,5252,11056
932,2,31,25,0,32651640,3672,47287620,5285,11058
933,6,28,25,0,32688420,3673,47502720,5306,11064
934,4,22,25,0,32724900,3673,47731860,5330,11068
935,6,13,25,0,32763900,3671,48067500,5363,11074
936,3,0,19,6,32815740,3668,48527040,5412,11077
937,3,1,16,9,32835840,3668,48529320,5411,11080
938,2,2,16,9,32840700,3668,48530820,5410,11082
939,2,4,16,9,32840700,3668,48530820,5410,11084
940,4,3,18,7,32860020,3669,48539700,5407,11088
941,6,0,21,4,32866020,3667,48560760,5406,11094
942,10,5,21,4,32881380,3667,48561000,5402,11104
943,6,11,17,8,32900640,3667,48561000,5402,11110
944,5,7,21,4,32931360,3669,48599220,5398,11115
945,9,15,17,8,32952300,3669,48599580,5396,11124
946,7,16,21,4,32964120,3670,48610740,5389,11131
947,8,23,18,7,32984580,3670,48612240,5385,11139
948,14,36,17,8,32996820,3671,48615360,5377,11153
949,6,37,20,5,33012480,3672,48640500,5376,11159
950,10,39,20,5,33024360,3672,48646560,5374,11169
951,16,40,20,5,33044760,3673,48657900,5373,11185
952,10,39,25,0,33068460,3674,48699300,5373,11195
953,19,40,20,5,33103800,3676,48700080,5372,11214
954,4,34,23,2,33132060,3676,48884400,5390,11218
955,3,26,25,0,33168240,3677,49164300,5419,11221
956,9,25,17,8,33219420,3675,49394700,5441,11230
957,10,35,16,9,33223500,3675,49394700,5441,11240
958,7,40,16,9,33238200,3676,49404000,5434,11247
959,11,40,16,9,33243480,3676,49411020,5431,11258
960,6,40,16,9,33243480,3676,49411020,5431,11264
961,8,40,16,9,33260220,3677,49433880,5432,11272
962,5,38,16,9,33273660,3678,49461840,5435,11277
963,7,40,17,8,33273660,3678,49485240,5437,11284
964,6,39,17,8,33286140,3678,49518780,5439,11290
965,5,39,18,7,33295860,3679,49553100,5441,11295
966,7,38,23,2,33309060,3680,49618320,5445,11302
967,5,37,25,0,33322800,3680,49702380,5451,11307
968,13,40,17,8,33366180,3681,49702380,5451,11320
969,7,39,20,5,33380040,3682,49741920,5451,11327
970,11,39,25,0,33402780,3682,49827300,5455,11338
971,14,40,23,2,33440160,3682,50034720,5471,11352
972,10,40,17,8,33473280,3682,50039280,5470,11362
973,13,40,17,8,33480180,3682,50041680,5470,11375
974,12,34,23,2,33504780,3682,50121960,5474,11387
975,17,40,18,7,33521220,3682,50122020,5473,11404
976,4,40,16,9,33539640,3682,50127480,5471,11408
977,7,39,17,8,33551880,3683,50147280,5471,11415
978,4,40,17,8,33551880,3683,50147280,5471,11419
979,9,39,21,4,33566760,3684,50196720,5473,11428
980,10,33,25,0,33591420,3683,50551920,5508,11438
981,6,21,19,6,33629040,3678,51849000,5646,11444
982,3,20,19,6,33644700,3678,52065540,5667,11447
983,4,23,17,8,33658980,3678,52069440,5665,11451
984,5,28,16,9,33665580,3678,52069440,5665,11456
985,6,33,16,9,33673740,3679,52071120,5662,11462
986,8,39,16,9,33680220,3679,52080660,5656,11470
987,6,38,22,3,33692160,3680,52121220,5656,11476
988,4,37,25,0,33700920,3680,52149480,5657,11480
989,8,40,19,6,33751560,3682,52159740,5655,11488
990,9,38,19,6,33772680,3683,52180020,5655,11497
991,7,37,25,0,33783240,3683,52244100,5659,11504
992,8,30,25,0,33839460,3683,52870680,5721,11512
993,11,31,20,5,33858600,3679,53334000,5767,11523
994,11,40,17,8,33875040,3680,53334000,5767,11534
995,15,40,17,8,33899220,3681,53348880,5759,11549
996,13,40,17,8,33899220,3681,53348880,5759,11562
997,14,40,18,7,33920340,3682,53370540,5759,11576
998,6,40,17,8,33924900,3683,53370540,5759,11582
999,8,38,21,4,33945120,3684,53440320,5763,11590
1000,7,40,18,7,33954960,3683,53440320,5763,11597
1001,9,40,18,7,33974220,3684,53454420,5762,11606
1002,11,40,16,9,33986820,3685,53454420,5762,11617
1003,6,40,18,7,33995580,3685,53504100,5765,11623
1004,5,36,22,3,34011420,3686,53627700,5775,11628
1005,9,20,25,0,34048560,3681,55490940,5971,11637
1006,3,7,17,8,34085880,3675,56133120,6037,11640
1007,6,9,18,7,34093560,3675,56180400,6040,11646
1008,7,13,18,7,34110360,3676,56185200,6036,11653
1009,8,19,19,6,34119000,3676,56187120,6034,11661
1010,13,31,16,9,34142880,3677,56187360,6026,11674
1011,22,40,16,9,34149420,3677,56190780,6020,11696
1012,30,40,16,9,34162200,3678,56200620,6015,11726
1013,33,40,16,9,34167600,3678,56215380,6016,11759
1014,28,40,18,7,34174620,3679,56244600,6018,11787
1015,27,40,17,8,34187940,3679,56260740,6018,11814
1016,28,39,17,8,34207260,3680,56272860,6017,11842
1017,34,40,18,7,34207260,3680,56296200,6019,11876
1018,31,40,25,0,34230420,3681,56461260,6031,11907
1019,31,39,25,0,34265760,3680,56568720,6035,11938
1020,35,40,20,5,34285620,3680,56570880,6034,11973
1021,35,40,15,10,34309680,3680,56570880,6034,12008
1022,31,40,15,10,34319460,3681,56577600,6034,12039
1023,34,40,15,10,34319460,3681,56577600,6034,12073
1024,27,40,15,10,34319460,3681,56577600,6034,12100
1025,35,39,16,9,34332540,3682,56612400,6036,12135
1026,31,40,20,5,34346100,3681,56636460,6032,12166
1027,28,40,16,9,34361820,3681,56636460,6032,12194
1028,40,40,25,0,34388760,3681,57053160,6066,12234
1029,24,40,18,7,34413240,3680,57053880,6065,12258
1030,32,40,17,8,34433400,3681,57062400,6064,12290
1031,36,40,18,7,34447560,3682,57067320,6063,12326
1032,33,40,16,9,34457940,3682,57067320,6063,12359
1033,26,39,25,0,34481400,3681,57176040,6064,12385
1034,28,40,21,4,34520100,3680,57275880,6068,12413
1035,24,40,18,7,34550580,3681,57278520,6066,12437
1036,28,40,16,9,34561140,3682,57278520,6066,12465
1037,23,40,18,7,34584120,3681,57460260,6080,12488
1038,27,40,17,8,34596780,3682,57469620,6080,12515
1039,38,39,18,7,34605840,3682,57473880,6079,12553
1040,32,40,16,9,34614180,3682,57473880,6079,12585
1041,33,40,16,9,34623360,3682,57498780,6080,12618
1042,35,40,19,6,34633620,3682,57542940,6081,12653
1043,32,40,24,1,34653120,3681,57766500,6096,12685
1044,27,38,20,5,34688460,3682,57894960,6107,12712
1045,37,40,23,2,34704420,3680,57929340,6104,12749
1046,20,40,17,8,34733220,3680,57930420,6103,12769
1047,19,36,23,2,34750680,3681,58056960,6111,12788
1048,25,39,19,6,34761960,3680,58060140,6109,12813
1049,28,38,23,2,34798740,3679,58247880,6119,12841
1050,36,40,21,4,34828620,3679,58255020,6116,12877
1051,32,40,18,7,34858980,3680,58264380,6115,12909
1052,24,40,18,7,34872240,3681,58274760,6114,12933
1053,34,40,18,7,34894620,3679,58300080,6111,12967
1054,31,40,18,7,34894620,3679,58300080,6111,12998
1055,34,40,22,3,34925520,3681,58319880,6107,13032
1056,33,40,18,7,34936260,3680,58319880,6107,13065
1057,30,36,25,0,34966440,3680,58668000,6137,13095
1058,29,40,18,7,34981860,3679,58668060,6136,13124
1059,30,40,18,7,35009700,3680,58682160,6131,13154
1060,30,40,19,6,35028360,3680,58699740,6131,13184
1061,32,40,18,7,35042760,3680,58700220,6129,13216
1062,33,40,17,8,35066580,3680,58710480,6125,13249
1063,28,40,16,9,35069220,3680,58710480,6125,13277
1064,26,40,21,4,35090940,3678,59078220,6155,13303
1065,32,40,18,7,35097120,3677,59078220,6155,13335
1066,28,39,19,6,35118960,3678,59106540,6154,13363
1067,38,40,21,4,35140320,3678,59108400,6148,13401
1068,25,39,18,7,35169840,3679,59113500,6147,13426
1069,25,40,19,6,35182140,3679,59114700,6145,13451
1070,29,40,19,6,35199720,3680,59154720,6147,13480
1071,28,40,18,7,35215800,3680,59307300,6161,13508
1072,38,40,16,9,35224440,3679,59310420,6160,13546
1073,25,39,22,3,35231880,3680,59348340,6160,13571
1074,26,40,19,6,35255100,3680,59353980,6158,13597
1075,27,40,20,5,35266560,3680,59359320,6156,13624
1076,30,40,16,9,35287320,3680,59396940,6159,13654
1077,33,40,19,6,35295420,3680,59398380,6157,13687
1078,35,40,21,4,35318460,3680,59410680,6153,13722
1079,35,39,19,6,35341140,3681,59444580,6154,13757
1080,35,40,16,9,35354940,3681,59444580,6154,13792
1081,28,39,20,5,35368560,3682,59505660,6157,13820
1082,32,37,25,0,35390340,3680,59640420,6163,13852
1083,26,40,18,7,35416620,3680,59640660,6162,13878
1084,31,39,15,10,35444160,3681,59647320,6161,13909
1085,24,40,19,6,35451900,3680,59795760,6170,13933
1086,27,39,18,7,35471940,3681,59801700,6169,13960
1087,30,40,18,7,35481660,3681,59941440,6182,13990
1088,35,40,19,6,35508360,3678,60008160,6180,14025
1089,38,39,17,8,35522760,3678,60018060,6179,14063
1090,33,40,25,0,35537580,3677,60101580,6178,14096
1091,30,40,22,3,35554560,3677,60102360,6178,14126
1092,28,40,20,5,35605800,3679,60124860,6176,14154
1093,30,40,25,0,35633340,3678,60281040,6182,14184
1094,29,40,18,7,35652300,3677,60281040,6182,14213
1095,35,40,25,0,35688120,3678,60313200,6175,14248
1096,30,40,19,6,35725260,3678,60323700,6174,14278
1097,35,40,20,5,35748360,3678,60347400,6172,14313
1098,36,39,20,5,35764740,3679,60351540,6170,14349
1099,41,40,22,3,35788260,3678,60545400,6184,14390
1100,32,40,16,9,35802960,3677,60545400,6184,14422
1101,33,40,25,0,35827980,3676,60607320,6179,14455
1102,31,40,18,7,35866860,3676,60623100,6177,14486
1103,41,40,19,6,35894640,3675,60721020,6182,14527
1104,28,40,18,7,35920440,3674,60778740,6182,14555
1105,35,40,19,6,35931720,3674,60784380,6179,14590
1106,27,39,21,4,35941920,3675,60796440,6178,14617
1107,29,40,18,7,35976120,3675,61024620,6198,14646
1108,37,40,21,4,35996040,3676,61036680,6195,14683
1109,28,40,15,10,36010680,3675,61036680,6195,14711
1110,25,40,15,10,36010680,3675,61036680,6195,14736
1111,29,40,18,7,36020280,3675,61081320,6196,14765
1112,25,40,16,9,36027660,3675,61081320,6196,14790
1113,31,40,15,10,36035520,3675,61081320,6196,14821
1114,21,40,25,0,36048240,3676,61199760,6200,14842
1115,31,40,18,7,36084300,3675,61202520,6197,14873
1116,30,40,16,9,36093480,3675,61202520,6197,14903
1117,30,40,20,5,36101580,3675,61219200,6196,14933
1118,26,40,17,8,36109620,3675,61219200,6196,14959
1119,36,40,17,8,36134580,3676,61261800,6198,14995
1120,33,40,18,7,36139860,3676,61323420,6202,15028
1121,28,40,17,8,36149460,3676,61324320,6201,15056
1122,27,40,18,7,36169560,3676,61419360,6207,15083
1123,32,40,17,8,36179700,3676,61421700,6206,15115
1124,29,40,18,7,36199860,3677,61434660,6204,15144
1125,29,40,17,8,36208920,3677,61438080,6204,15173
1126,28,40,21,4,36218520,3677,61477980,6204,15201
1127,26,38,25,0,36247020,3676,61694700,6219,15227
1128,33,40,17,8,36269040,3675,61695360,6216,15260
1129,35,40,17,8,36287700,3676,61700580,6215,15295
1130,42,40,15,10,36293820,3676,61700580,6215,15337
1131,30,40,15,10,36293820,3676,61700580,6215,15367
1132,35,40,17,8,36305220,3676,61711800,6214,15402
1133,23,40,17,8,36305220,3676,61711800,6214,15425
1134,39,40,25,0,36312660,3676,61902300,6227,15464
1135,27,40,19,6,36351660,3675,61981860,6230,15491
1136,31,39,22,3,36362280,3675,62269380,6255,15522
1137,22,40,19,6,36371160,3674,62273820,6254,15544
1138,36,40,21,4,36403680,3674,62282100,6249,15580
1139,20,39,20,5,36426240,3674,62304900,6248,15600
1140,30,39,25,0,36460080,3672,62735880,6279,15630
1141,28,40,16,9,36491340,3671,62735880,6279,15658
1142,34,39,19,6,36506340,3672,62764440,6277,15692
1143,28,40,23,2,36515940,3670,62803920,6274,15720
1144,21,40,16,9,36553320,3671,62807220,6273,15741
1145,36,40,17,8,36561960,3671,62809500,6272,15777
1146,23,40,16,9,36567300,3672,62809500,6272,15800
1147,29,40,21,4,36586380,3671,62979480,6282,15829
1148,35,40,17,8,36594780,3670,62979480,6282,15864
1149,34,40,15,10,36607560,3671,62979480,6282,15898
1150,36,40,15,10,36607560,3671,62979480,6282,15934
1151,31,40,23,2,36621660,3672,63005760,6279,15965
1152,29,40,20,5,36628440,3672,63005760,6279,15994
1153,29,40,25,0,36675300,3673,63118260,6282,16023
1154,37,38,25,0,36714840,3671,63165540,6277,16060
1155,33,40,21,4,36741420,3670,63166500,6272,16093
1156,30,39,22,3,36780660,3670,63306060,6280,16123
1157,27,39,19,6,36793080,3669,63317280,6278,16150
1158,25,40,18,7,36811680,3669,63321240,6275,16175
1159,27,40,17,8,36842820,3669,63503220,6289,16202
1160,31,40,17,8,36842820,3669,63503220,6289,16233
1161,34,40,25,0,36868560,3668,63638880,6292,16267
1162,36,40,17,8,36898980,3668,63639420,6291,16303
1163,27,40,22,3,36921600,3667,63750360,6295,16330
1164,22,40,24,1,36942660,3667,63769740,6292,16352
1165,28,40,24,1,36967380,3668,63773040,6288,16380
1166,28,40,18,7,37022280,3668,63966060,6303,16408
1167,31,40,16,9,37027620,3667,63966060,6303,16439
1168,35,40,16,9,37036980,3668,63974340,6302,16474
1169,36,40,15,10,37046820,3669,63974340,6302,16510
1170,28,40,19,6,37053300,3669,64010700,6302,16538
1171,27,40,18,7,37055640,3669,64010700,6302,16565
1172,26,40,15,10,37071360,3669,64010700,6302,16591
1173,31,39,21,4,37082520,3670,64032780,6300,16622
1174,27,40,19,6,37091340,3670,64032780,6299,16649
1175,20,38,17,8,37119480,3671,64079520,6303,16669
1176,16,40,17,8,37130340,3670,64155480,6307,16685
1177,8,39,15,10,37146660,3670,64161180,6307,16693
1178,8,40,16,9,37146660,3670,64167840,6307,16701
1179,8,39,18,7,37152780,3671,64187820,6307,16709
1180,2,33,20,5,37169940,3670,65415240,6426,16711
1181,5,12,25,0,37192680,3665,76158120,7478,16716
1182,7,5,18,7,37222380,3660,81072480,7958,16723
1183,15,17,18,7,37237800,3661,81074400,7950,16738
1184,13,29,17,8,37249320,3661,81075660,7940,16751
1185,12,40,16,9,37255440,3661,81075660,7940,16763
1186,8,40,16,9,37255440,3661,81075660,7940,16771
1187,12,39,17,8,37281180,3663,81118440,7927,16783
1188,9,40,17,8,37281180,3663,81118440,7927,16792
1189,8,39,17,8,37302600,3664,81178620,7932,16800
1190,9,40,17,8,37302600,3664,81178620,7932,16809
1191,8,39,17,8,37316640,3665,81228000,7934,16817
1192,7,38,24,1,37325760,3665,81450060,7951,16824
1193,5,39,21,4,37355340,3666,81551040,7957,16829
1194,7,38,17,8,37388640,3667,81570540,7958,16836
1195,9,40,17,8,37404300,3667,81579360,7955,16845
1196,9,40,17,8,37404300,3667,81579360,7955,16854
1197,10,39,18,7,37422120,3668,81617700,7956,16864
1198,5,37,23,2,37433340,3668,81699480,7960,16869
1199,4,32,25,0,37456380,3668,81984840,7986,16873
1200,4,9,25,0,37519920,3665,82961220,8077,16877
1201,7,5,17,8,37542480,3660,83347440,8112,16884
1202,10,15,16,9,37545840,3660,83347440,8112,16894
1203,7,20,16,9,37564140,3661,83353860,8096,16901
1204,10,29,17,8,37564140,3661,83356860,8096,16911
1205,5,33,17,8,37570680,3661,83359260,8088,16916
1206,10,40,17,8,37586880,3662,83367420,8083,16926
1207,9,40,16,9,37593600,3663,83367420,8083,16935
1208,4,38,18,7,37609980,3663,83417040,8082,16939
1209,7,37,25,0,37614960,3664,83490180,8083,16946
1210,8,36,25,0,37649700,3664,83640720,8092,16954
1211,13,37,25,0,37694280,3664,83770200,8095,16967
1212,10,40,22,3,37728720,3664,83813340,8093,16977
1213,5,39,17,8,37758720,3664,83818680,8091,16982
1214,14,37,25,0,37783980,3665,84035880,8102,16996
1215,6,27,25,0,37835760,3664,84441720,8137,17002
1216,11,10,25,0,37867320,3657,84833100,8167,17013
1217,8,16,22,3,37882260,3657,84834600,8163,17021
1218,9,24,17,8,37918020,3658,84835620,8153,17030
1219,6,29,16,9,37935000,3659,84843120,8150,17036
1220,5,34,16,9,37935000,3659,84843120,8150,17041
1221,11,40,16,9,37950420,3660,84864420,8145,17052
1222,12,40,17,8,37961520,3660,84899820,8143,17064
1223,7,39,19,6,37966080,3660,84944940,8145,17071
1224,6,40,23,2,37974480,3661,84988320,8145,17077
1225,8,40,19,6,38010540,3662,85009920,8145,17085
1226,3,39,18,7,38032080,3663,85012320,8144,17088
1227,6,38,22,3,38046780,3663,85116240,8149,17094
1228,2,29,24,1,38080620,3664,85395960,8174,17096
1229,3,17,25,0,38124600,3663,85837680,8214,17099
1230,8,0,18,7,38161800,3655,86605680,8282,17107
1231,10,8,17,8,38171820,3655,86607000,8275,17117
1232,8,15,16,9,38184840,3656,86607720,8270,17125
1233,8,21,16,9,38197020,3656,86615760,8262,17133
1234,11,30,17,8,38203260,3656,86621820,8254,17144
1235,11,40,17,8,38209140,3657,86627160,8248,17155
1236,11,40,17,8,38222400,3657,86639760,8246,17166
1237,11,40,16,9,38227020,3657,86639760,8246,17177
1238,15,40,17,8,38240580,3658,86670660,8247,17192
1239,4,40,16,9,38247600,3658,86670660,8247,17196
1240,9,40,18,7,38262240,3659,86707260,8247,17205
1241,10,39,23,2,38274060,3659,86881620,8258,17215
1242,10,40,25,0,38279760,3659,86935740,8261,17225
1243,5,33,25,0,38344260,3661,87147420,8276,17230
1244,8,30,25,0,38376780,3661,87266940,8281,17238
1245,5,25,25,0,38418600,3661,87419820,8292,17243
1246,6,17,25,0,38462940,3661,87805680,8324,17249
1247,4,0,18,7,38502060,3655,88388040,8376,17253
1248,1,0,14,11,38527140,3655,88388040,8375,17254
1249,6,1,18,7,38529540,3655,88388040,8371,17260
1250,9,9,16,9,38538300,3655,88388640,8370,17269
1251,7,16,16,9,38538300,3655,88388640,8370,17276
1252,8,21,17,8,38556840,3656,88407900,8356,17284
1253,6,26,17,8,38560620,3656,88410480,8349,17290
1254,6,32,16,9,38569800,3656,88410480,8349,17296
1255,8,38,16,9,38586780,3657,88416120,8342,17304
1256,12,40,17,8,38586780,3657,88421280,8338,17316
1257,9,38,17,8,38608680,3658,88459980,8339,17325
1258,10,40,19,6,38608680,3658,88466340,8338,17335
1259,8,40,17,8,38629680,3659,88472760,8337,17343
1260,20,40,17,8,38636340,3660,88473660,8337,17363
1261,8,39,18,7,38659380,3661,88522140,8338,17371
1262,12,39,25,0,38673540,3661,88700580,8347,17383
1263,6,38,25,0,38689080,3662,88788780,8354,17389
1264,11,40,24,1,38730600,3663,88887480,8358,17400
1265,9,40,23,2,38770740,3664,88932360,8357,17409
1266,12,40,18,7,38804400,3665,88933920,8355,17421
1267,5,40,16,9,38824140,3666,88940040,8355,17426
1268,10,39,19,6,38833080,3666,88953300,8353,17436
1269,6,38,25,0,38840160,3666,89037780,8356,17442
1270,4,28,25,0,38890980,3666,89720460,8418,17446
1271,7,11,25,0,38928180,3662,90427320,8478,17453
1272,12,3,20,5,38965800,3657,91012680,8524,17465
1273,7,5,22,3,38978160,3657,91021260,8518,17472
1274,5,0,20,5,39005160,3655,91036020,8515,17477
1275,3,0,16,9,39042960,3656,91036020,8513,17480
1276,7,0,18,7,39047880,3655,91036020,8508,17487
1277,6,0,18,7,39062040,3654,91036020,8503,17493
1278,6,0,17,8,39084000,3654,91036020,8498,17499
1279,13,1,25,0,39091020,3653,91036020,8488,17512
1280,9,1,25,0,39122520,3653,91042380,8482,17521
1281,14,10,19,6,39165900,3653,91045440,8470,17535
1282,8,18,16,9,39184020,3654,91045440,8470,17543
1283,5,21,17,8,39188820,3654,91054740,8463,17548
1284,17,36,17,8,39205080,3655,91065120,8453,17565
1285,7,40,17,8,39213240,3655,91070040,8447,17572
1286,13,40,17,8,39225420,3656,91080720,8445,17585
1287,4,40,16,9,39231240,3656,91080720,8445,17589
1288,7,38,20,5,39250140,3657,91180800,8451,17596
1289,5,40,21,4,39253620,3657,91180860,8448,17601
1290,10,40,25,0,39277680,3658,91257060,8450,17611
1291,6,40,18,7,39320700,3659,91260480,8448,17617
1292,4,38,16,9,39346740,3660,91296480,8451,17621
1293,5,40,18,7,39350040,3660,91327680,8450,17626
1294,7,38,23,2,39364080,3660,91448400,8455,17633
1295,5,36,21,4,39396780,3660,91531860,8459,17638
1296,11,35,24,1,39430080,3660,91702740,8466,17649
1297,3,37,17,8,39463920,3660,91704480,8464,17652
1298,6,39,17,8,39473280,3661,91711680,8462,17658
1299,8,35,25,0,39490080,3661,91936560,8477,17666
1300,2,25,25,0,39523740,3660,92456700,8523,17668
1301,5,5,18,7,39574860,3654,93390180,8605,17673
1302,11,10,17,8,39582120,3652,93454080,8608,17684
1303,8,18,17,8,39582120,3652,93454080,8608,17692
1304,9,26,16,9,39595740,3653,93459060,8593,17701
1305,8,32,17,8,39608940,3654,93470820,8586,17709
1306,13,40,16,9,39618060,3654,93478380,8579,17722
1307,13,38,17,8,39632220,3655,93503700,8579,17735
1308,8,40,17,8,39632220,3655,93503700,8579,17743
1309,14,40,19,6,39648960,3655,93588780,8582,17757
1310,9,40,18,7,39653520,3655,93588780,8582,17766
1311,5,38,17,8,39681300,3656,93650580,8587,17771
1312,5,37,22,3,39684360,3656,93768000,8593,17776
1313,9,40,25,0,39695940,3656,93883980,8599,17785
1314,13,40,18,7,39749520,3658,93926520,8600,17798
1315,7,40,16,9,39774480,3659,93930480,8597,17805
1316,7,40,17,8,39778920,3659,93939420,8597,17812
1317,10,39,19,6,39784080,3659,93987720,8599,17822
1318,1,35,20,5,39809460,3660,94097400,8608,17823
1319,4,29,20,5,39833520,3659,94417800,8634,17827
1320,7,34,18,7,39847860,3659,94420140,8629,17834
1321,5,36,19,6,39864900,3660,94427820,8625,17839
1322,2,34,21,4,39876840,3660,94454760,8626,17841
1323,2,25,23,2,39906180,3660,94869540,8663,17843
1324,8,26,18,7,39935700,3658,95011800,8672,17851
1325,3,28,16,9,39949140,3659,95015820,8668,17854
1326,3,30,16,9,39956760,3659,95021940,8667,17857
1327,9,39,16,9,39956760,3659,95021940,8667,17866
1328,2,39,16,9,39974940,3660,95039340,8658,17868
1329,12,40,17,8,39974940,3660,95044980,8658,17880
1330,9,39,18,7,39992760,3660,95084340,8658,17889
1331,9,40,18,7,39996180,3660,95087040,8658,17898
1332,6,37,23,2,40014180,3661,95163240,8660,17904
1333,12,40,22,3,40032960,3661,95187300,8660,17916
1334,9,40,17,8,40065360,3662,95191560,8657,17925
1335,8,40,17,8,40081200,3663,95192820,8656,17933
1336,7,40,18,7,40087440,3663,95206320,8655,17940
1337,14,40,18,7,40100820,3663,95238480,8656,17954
1338,12,40,16,9,40122180,3664,95308560,8660,17966
1339,9,40,19,6,40128060,3664,95417700,8667,17975
1340,5,40,16,9,40147320,3664,95421480,8666,17980
1341,10,40,18,7,40155120,3665,95429280,8665,17990
1342,2,38,16,9,40173600,3665,95437920,8665,17992
1343,4,35,20,5,40179120,3664,95640300,8680,17996
1344,4,16,24,1,40212420,3661,97524240,8848,18000
1345,2,13,25,0,40216440,3660,97749120,8866,18002
1346,5,16,25,0,40218120,3660,97902240,8878,18007
1347,7,22,25,0,40225800,3660,97902420,8875,18014
1348,2,23,25,0,40233000,3660,97910340,8871,18016
1349,8,29,25,0,40245780,3661,97915260,8865,18024
1350,6,35,25,0,40245780,3661,97915260,8865,18030
1351,8,40,25,0,40250820,3661,97919040,8858,18038
1352,8,40,25,0,40260360,3662,97924200,8855,18046
1353,9,40,25,0,40267200,3662,97931700,8855,18055
1354,6,40,25,0,40276440,3662,97941780,8855,18061
1355,10,40,25,0,40285080,3663,97960920,8856,18071
1356,18,40,25,0,40285080,3663,97960920,8856,18089
1357,7,39,25,0,40302960,3664,98009220,8859,18096
1358,15,40,25,0,40304880,3664,98045940,8861,18111
1359,10,40,25,0,40316340,3664,98128440,8867,18121
1360,6,40,25,0,40323900,3664,98205180,8872,18127
1361,7,40,25,0,40329060,3664,98208960,8872,18134
1362,8,40,25,0,40335840,3664,98211060,8871,18142
1363,10,40,25,0,40343520,3664,98240940,8872,18152
1364,7,39,25,0,40355460,3665,98309280,8876,18159
1365,9,40,25,0,40360500,3664,98311500,8875,18168
1366,7,39,25,0,40368960,3664,98315700,8874,18175
1367,4,40,25,0,40371900,3664,98315700,8873,18179
1368,4,40,25,0,40376400,3664,98376660,8877,18183
1369,4,40,25,0,40389720,3665,98408640,8878,18187
1370,1,40,25,0,40389720,3665,98408640,8878,18188
1371,9,40,25,0,40402140,3665,98568900,8891,18197
1372,4,40,25,0,40409640,3665,98742780,8905,18201
1373,7,40,25,0,40419780,3665,98755200,8904,18208
1374,8,40,25,0,40422720,3665,98757840,8903,18216
1375,8,40,25,0,40433160,3665,98768100,8902,18224
1376,9,40,25,0,40437000,3665,98782800,8903,18233
1377,11,40,25,0,40439820,3665,98791500,8903,18244
1378,7,40,25,0,40452780,3666,98804280,8903,18251
1379,13,39,25,0,40461420,3666,98808840,8901,18264
1380,7,40,25,0,40461420,3666,98808840,8901,18271
1381,12,40,25,0,40476960,3666,98925060,8909,18283
1382,7,40,25,0,40480260,3666,98927460,8909,18290
1383,4,39,25,0,40492320,3666,99069960,8920,18294
1384,9,40,25,0,40496880,3666,99073200,8918,18303
1385,5,40,25,0,40501200,3666,99077760,8917,18308
1386,9,40,25,0,40511100,3666,99146700,8921,18317
1387,13,38,25,0,40520580,3666,99154560,8920,18330
1388,9,40,25,0,40525080,3666,99157560,8919,18339
1389,6,40,25,0,40531620,3666,99163680,8918,18345
1390,8,40,25,0,40531620,3666,99163680,8918,18353
1391,3,37,25,0,40549860,3666,99409740,8938,18356
1392,7,39,25,0,40556040,3665,99413820,8935,18363
1393,1,36,25,0,40562640,3665,99520140,8943,18364
1394,6,38,25,0,40569900,3664,99955020,8979,18370
1395,3,40,25,0,40569900,3664,99955020,8979,18373
1396,2,38,25,0,40584960,3665,99969300,8977,18375
1397,4,40,25,0,40587660,3665,99970560,8975,18379
1398,9,40,25,0,40594860,3665,99975300,8975,18388
1399,5,40,25,0,40601400,3665,99989820,8975,18393
1400,10,40,25,0,40614840,3665,100028400,8976,18403
1401,9,40,25,0,40614840,3665,100028400,8976,18412
1402,9,39,25,0,40626540,3665,100047720,8975,18421
1403,13,40,25,0,40626540,3665,100047720,8975,18434
1404,9,40,25,0,40640460,3666,100087980,8977,18443
1405,12,40,24,1,40647240,3666,100089540,8976,18455
1406,12,39,24,1,40653960,3666,100096020,8976,18467
1407,10,40,25,0,40656900,3666,100122360,8977,18477
1408,11,39,25,0,40661160,3666,100134420,8976,18488
1409,11,39,25,0,40675020,3666,100167060,8977,18499
1410,9,40,25,0,40677180,3665,100551360,9008,18508
1411,9,40,25,0,40685520,3665,100554360,9007,18517
1412,5,40,25,0,40695300,3665,100570140,9007,18522
1413,3,40,25,0,40696560,3665,100570320,9006,18525
1414,6,39,25,0,40708620,3665,100599120,9006,18531
1415,6,40,25,0,40714860,3665,100600980,9004,18537
1416,5,40,25,0,40714860,3665,100600980,9004,18542
1417,6,39,25,0,40731360,3665,100890780,9028,18548
1418,4,39,24,1,40739220,3664,101082720,9040,18552
1419,5,40,25,0,40739220,3664,101084520,9039,18557
1420,4,40,25,0,40747320,3664,101091120,9039,18561
1421,5,40,25,0,40758660,3665,101100600,9038,18566
1422,5,38,25,0,40766520,3664,101106840,9037,18571
1423,7,40,25,0,40774440,3664,101111460,9035,18578
1424,8,40,25,0,40777740,3664,101114640,9034,18586
1425,9,40,25,0,40780800,3664,101360460,9054,18595
1426,6,38,25,0,40796160,3663,101598480,9071,18601
1427,7,39,25,0,40804260,3662,101605980,9068,18608
1428,13,40,25,0,40807920,3662,101610180,9068,18621
1429,14,40,25,0,40816140,3662,101615460,9065,18635
1430,14,40,25,0,40819560,3661,101638680,9065,18649
1431,5,40,25,0,40826400,3661,101714100,9071,18654
1432,10,40,25,0,40828740,3661,101714460,9070,18664
1433,7,40,25,0,40845840,3662,101719980,9069,18671
1434,7,37,25,0,40855320,3662,101897280,9084,18678
1435,4,38,25,0,40858440,3661,101930100,9084,18682
1436,10,40,25,0,40858440,3661,101930100,9084,18692
1437,5,40,25,0,40873620,3662,101936460,9082,18697
1438,4,39,25,0,40883160,3662,101948880,9082,18701
1439,5,40,25,0,40887720,3662,101950620,9080,18706
1440,5,40,25,0,40887720,3662,101950620,9080,18711
1441,3,40,25,0,40901880,3663,101957940,9079,18714
1442,4,40,25,0,40911540,3663,101960340,9077,18718
1443,6,40,25,0,40911540,3663,101960340,9077,18724
1444,9,39,25,0,40924380,3663,101966880,9076,18733
1445,6,40,25,0,40930380,3663,101986380,9075,18739
1446,8,40,25,0,40930380,3663,101986380,9075,18747
1447,13,40,25,0,40943760,3663,101991600,9074,18760
1448,10,40,25,0,40951440,3663,101995380,9072,18770
1449,12,40,25,0,40959780,3663,101998620,9071,18782
1450,10,40,25,0,40962540,3663,102000420,9070,18792
1451,9,40,25,0,40971300,3664,102004860,9070,18801
1452,11,40,25,0,40978200,3664,102065160,9074,18812
1453,10,39,25,0,40983960,3663,102131520,9078,18822
1454,11,40,25,0,40996080,3663,102290160,9089,18833
1455,11,40,25,0,40999500,3663,102293340,9088,18844
1456,8,40,25,0,41008380,3663,102296040,9086,18852
1457,14,40,25,0,41008380,3663,102296040,9086,18866
1458,7,40,25,0,41025120,3663,102448560,9097,18873
1459,3,40,25,0,41025120,3663,102448560,9097,18876
1460,7,40,25,0,41032440,3664,102454140,9097,18883
1461,7,40,25,0,41046000,3664,102572160,9104,18890
1462,2,39,25,0,41051520,3664,102577080,9104,18892
1463,9,40,25,0,41051520,3664,102577080,9104,18901
1464,7,40,25,0,41067900,3665,102583380,9103,18908
1465,7,39,25,0,41074200,3664,102712260,9112,18915
1466,4,39,25,0,41086440,3664,103026720,9136,18919
1467,1,35,25,0,41092800,3663,103491540,9177,18920
1468,5,35,25,0,41096940,3662,104350020,9250,18925
1469,10,40,25,0,41100240,3662,104350380,9247,18935
1470,6,40,25,0,41106660,3662,104353380,9244,18941
1471,8,39,25,0,41115900,3662,104362020,9244,18949
1472,8,40,25,0,41122380,3663,104371620,9245,18957
1473,14,40,25,0,41127900,3663,104386800,9245,18971
1474,18,40,25,0,41139060,3663,104403300,9244,18989
1475,9,39,25,0,41144100,3663,104417100,9244,18998
1476,16,40,25,0,41153760,3663,104432880,9244,19014
1477,11,40,25,0,41160300,3663,104436300,9243,19025
1478,10,40,25,0,41165820,3664,104437860,9243,19035
1479,6,40,25,0,41170620,3664,104439780,9242,19041
1480,15,40,25,0,41177520,3664,104459700,9243,19056
1481,10,40,25,0,41191500,3664,104471700,9241,19066
1482,13,38,25,0,41199600,3663,104560320,9246,19079
1483,4,40,25,0,41202660,3663,104561580,9244,19083
1484,12,40,25,0,41207580,3663,104562060,9242,19095
1485,5,40,25,0,41207580,3663,104562060,9242,19100
1486,7,40,25,0,41227320,3663,104580600,9241,19107
1487,2,31,25,0,41236500,3661,106686840,9426,19109
1488,10,39,25,0,41240100,3661,106688280,9418,19119
1489,8,40,25,0,41245500,3661,106690380,9417,19127
1490,2,40,25,0,41255400,3661,106702620,9417,19129
1491,2,39,25,0,41264100,3661,106724520,9417,19131
1492,7,40,25,0,41266560,3661,106729080,9416,19138
1493,3,39,25,0,41278980,3661,106733820,9414,19141
1494,10,40,25,0,41284440,3661,106735560,9413,19151
1495,7,39,25,0,41294040,3661,106738200,9411,19158
1496,8,40,25,0,41296500,3661,106739460,9410,19166
1497,16,40,25,0,41304480,3661,106742340,9409,19182
1498,5,38,25,0,41314800,3662,106866600,9419,19187
1499,15,40,25,0,41317740,3661,106867440,9418,19202
1500,11,40,25,0,41326920,3661,106875180,9415,19213
1501,7,40,25,0,41326920,3661,106875180,9415,19220
1502,8,39,25,0,41342400,3661,106890000,9415,19228
1503,14,40,25,0,41348340,3661,106893540,9413,19242
1504,6,39,25,0,41356800,3661,106898220,9411,19248
1505,8,40,25,0,41360820,3661,106899000,9410,19256
1506,9,40,25,0,41372160,3661,106902960,9408,19265
1507,6,39,25,0,41379420,3661,107097840,9423,19271
1508,10,40,25,0,41385180,3660,107100180,9420,19281
1509,4,39,25,0,41390220,3660,107104320,9419,19285
1510,4,38,25,0,41400960,3661,107191080,9426,19289
1511,3,39,25,0,41402820,3660,107221200,9426,19292
1512,6,40,25,0,41410680,3661,107221500,9426,19298
1513,5,40,25,0,41417160,3661,107228460,9425,19303
1514,5,40,25,0,41417160,3661,107228460,9425,19308
1515,3,39,25,0,41436780,3662,107353920,9436,19311
1516,7,39,25,0,41441640,3662,107453700,9442,19318
1517,7,39,25,0,41451360,3661,107568900,9449,19325
1518,9,39,25,0,41455140,3661,107572380,9446,19334
1519,8,38,25,0,41466300,3661,107840760,9468,19342
1520,9,40,25,0,41470980,3660,107843520,9466,19351
1521,8,40,25,0,41476380,3661,107845560,9465,19359
1522,10,39,25,0,41487360,3661,107858940,9465,19369
1523,7,40,25,0,41491740,3660,107861040,9463,19376
1524,6,40,25,0,41491740,3660,107861040,9463,19382
1525,10,40,25,0,41507460,3661,107988660,9472,19392
1526,6,40,25,0,41508780,3661,107989740,9471,19398
1527,10,40,25,0,41520900,3661,108048240,9474,19408
1528,17,40,25,0,41524860,3661,108087180,9477,19425
1529,11,40,25,0,41535780,3661,108104400,9475,19436
1530,10,40,25,0,41538120,3661,108106620,9474,19446
1531,12,40,25,0,41549700,3661,108109920,9473,19458
1532,8,40,25,0,41552700,3661,108112740,9472,19466
1533,8,40,25,0,41561700,3661,108132540,9472,19474
1534,5,38,25,0,41571600,3661,108199320,9477,19479
1535,6,40,25,0,41578740,3661,108264600,9480,19485
1536,6,40,25,0,41580480,3660,108265980,9478,19491
1537,6,39,25,0,41596020,3661,108308640,9481,19497
1538,5,40,25,0,41599140,3661,108310500,9479,19502
1539,5,40,25,0,41603580,3661,108313980,9478,19507
1540,2,37,25,0,41617380,3661,108387900,9483,19509
1541,12,40,25,0,41621940,3660,108440160,9484,19521
1542,7,40,25,0,41625660,3660,108442920,9483,19528
1543,8,40,25,0,41635500,3660,108452340,9482,19536
1544,11,40,25,0,41642340,3660,108487080,9483,19547
1545,6,40,25,0,41652600,3660,108505980,9483,19553
1546,6,40,25,0,41657580,3660,108707820,9498,19559
1547,8,37,25,0,41668020,3659,108870540,9510,19567
1548,10,39,25,0,41674320,3659,108874020,9507,19577
1549,9,40,25,0,41674320,3659,108874020,9507,19586
1550,8,38,25,0,41690220,3660,108894540,9507,19594
1551,8,39,25,0,41693580,3660,108897600,9506,19602
1552,6,40,25,0,41693580,3660,108897600,9506,19608
1553,9,40,25,0,41708760,3660,108902700,9504,19617
1554,13,40,25,0,41708760,3660,108902700,9504,19630
1555,10,40,24,1,41722200,3661,108907260,9504,19640
1556,4,40,24,1,41722200,3661,108907260,9504,19644
1557,4,40,24,1,41722200,3661,108907260,9504,19648
1558,3,39,25,0,41735880,3661,108919200,9502,19651
1559,5,40,25,0,41735880,3661,108919200,9502,19656
1560,6,40,25,0,41748720,3662,108924180,9501,19662
1561,2,38,25,0,41754900,3661,109036500,9508,19664
1562,9,39,25,0,41763660,3661,109095180,9510,19673
1563,6,40,25,0,41767080,3661,109095780,9509,19679
1564,3,40,25,0,41772480,3661,109101240,9509,19682
1565,11,40,25,0,41787600,3661,109110540,9507,19693
1566,4,40,25,0,41793900,3660,109303800,9521,19697
1567,5,40,25,0,41798340,3661,109306080,9520,19702
1568,9,40,25,0,41808360,3661,109319940,9520,19711
1569,10,40,25,0,41814600,3661,109329060,9519,19721
1570,6,40,25,0,41821020,3661,109336980,9518,19727
1571,9,40,25,0,41823420,3661,109338240,9517,19736
1572,8,40,25,0,41830800,3661,109340940,9517,19744
1573,12,40,25,0,41839920,3661,109352940,9516,19756
1574,11,40,25,0,41849760,3661,109445040,9521,19767
1575,13,40,25,0,41854200,3661,109448040,9520,19780
1576,10,39,25,0,41867460,3661,109478640,9520,19790
1577,6,39,25,0,41872260,3659,109744680,9540,19796
1578,7,40,25,0,41878980,3659,109749180,9537,19803
1579,9,39,25,0,41885400,3660,109756080,9537,19812
1580,10,40,25,0,41891520,3660,109762020,9537,19822
1581,9,40,25,0,41891520,3660,109762020,9537,19831
1582,8,40,25,0,41905980,3660,109767360,9535,19839
1583,2,40,25,0,41909820,3660,109778460,9536,19841
1584,2,36,25,0,41924640,3660,110356200,9585,19843
1585,1,31,25,0,41929320,3659,112409400,9761,19844
1586,11,40,24,1,41937960,3659,112409760,9761,19855
1587,3,40,24,1,41937960,3659,112409760,9761,19858
1588,2,40,24,1,41937960,3659,112409760,9761,19860
1589,2,39,25,0,41950560,3659,112441500,9754,19862
1590,12,40,25,0,41950560,3659,112441500,9754,19874
1591,4,40,25,0,41964300,3660,112454640,9754,19878
1592,7,39,25,0,41970900,3660,112459380,9753,19885
1593,8,40,25,0,41977200,3660,112459440,9752,19893
1594,6,40,25,0,41982960,3660,112490640,9754,19899
1595,8,40,25,0,41989680,3661,112490820,9753,19907
1596,11,40,25,0,41999760,3661,112496460,9752,19918
1597,10,40,25,0,42003960,3661,112497660,9751,19928
1598,11,40,25,0,42009900,3661,112541640,9754,19939
1599,16,40,25,0,42022260,3662,112588920,9757,19955
1600,15,40,25,0,42030480,3662,112639560,9759,19970
1601,12,40,25,0,42033780,3662,112642320,9759,19982
1602,13,40,25,0,42038100,3661,112661940,9759,19995
1603,10,40,25,0,42049560,3662,112665840,9757,20005
1604,14,40,25,0,42059340,3661,112777740,9764,20019
1605,2,40,25,0,42059340,3661,112777740,9764,20021
1606,4,40,25,0,42072780,3662,112789620,9763,20025
1607,6,40,25,0,42074940,3661,112791660,9762,20031
1608,2,40,25,0,42088080,3662,112796400,9760,20033
1609,3,38,25,0,42098520,3662,112925460,9770,20036
1610,2,37,25,0,42103560,3661,113012040,9776,20038
1611,6,40,25,0,42106800,3661,113013180,9774,20044
1612,7,39,25,0,42117360,3661,113018880,9770,20051
1613,8,40,25,0,42122700,3661,113166840,9781,20059
1614,13,40,25,0,42131400,3661,113169540,9780,20072
1615,8,40,25,0,42131400,3661,113169540,9780,20080
1616,6,39,25,0,42140040,3661,113187960,9780,20086
1617,6,39,25,0,42152340,3661,113191800,9778,20092
1618,4,39,25,0,42160920,3662,113296560,9787,20096
1619,10,39,25,0,42168120,3661,113316840,9785,20106
1620,11,40,25,0,42173460,3660,113368320,9786,20117
1621,13,40,25,0,42173460,3660,113368320,9786,20130
1622,11,40,25,0,42186720,3661,113374860,9785,20141
1623,10,40,25,0,42192540,3661,113386380,9785,20151
1624,12,39,25,0,42203640,3661,113393340,9783,20163
1625,12,39,25,0,42209160,3661,113444340,9786,20175
1626,5,40,25,0,42211620,3661,113446740,9785,20180
1627,5,39,25,0,42225360,3661,113451300,9784,20185
1628,6,40,25,0,42231240,3662,113453340,9783,20191
1629,10,40,25,0,42234000,3662,113455920,9783,20201
1630,5,39,25,0,42248580,3662,113561220,9789,20206
1631,9,40,25,0,42251760,3662,113590800,9791,20215
1632,7,40,25,0,42255000,3661,113592780,9789,20222
1633,4,40,25,0,42265680,3661,113774160,9803,20226
1634,5,40,25,0,42271140,3661,113776680,9801,20231
1635,3,39,25,0,42282600,3662,113781120,9800,20234
1636,5,39,25,0,42288840,3662,113784360,9799,20239
1637,8,40,25,0,42293520,3662,113795460,9799,20247
1638,5,39,25,0,42305700,3662,113819040,9801,20252
1639,5,40,25,0,42307800,3662,113819340,9798,20257
1640,11,39,25,0,42317940,3662,113918640,9804,20268
1641,8,40,25,0,42317940,3662,113918640,9804,20276
1642,8,40,25,0,42329760,3662,113922660,9803,20284
1643,6,40,25,0,42333540,3662,113925180,9802,20290
1644,12,40,25,0,42344700,3663,113929260,9801,20302
1645,13,40,25,0,42350820,3663,113961240,9803,20315
1646,9,40,25,0,42360720,3663,113968380,9801,20324
1647,9,40,25,0,42366120,3662,113969160,9799,20333
1648,13,40,25,0,42376560,3662,114076200,9806,20346
1649,10,40,25,0,42378900,3662,114077940,9805,20356
1650,2,40,25,0,42384660,3662,114146220,9809,20358
1651,5,39,25,0,42397680,3662,114208920,9812,20363
1652,8,39,25,0,42404940,3661,114213060,9807,20371
1653,7,40,25,0,42409140,3661,114214620,9807,20378
1654,6,40,25,0,42415080,3661,114217320,9806,20384
1655,10,40,25,0,42425760,3661,114678300,9841,20394
1656,7,40,25,0,42428700,3661,114679560,9841,20401
1657,4,39,25,0,42437340,3660,114703440,9840,20405
1658,4,40,25,0,42447420,3660,114885180,9854,20409
1659,5,40,25,0,42454920,3660,114888660,9851,20414
1660,3,40,25,0,42454920,3660,114888660,9851,20417
1661,9,40,25,0,42468900,3660,114898860,9849,20426
1662,11,40,25,0,42471600,3660,114901440,9849,20437
1663,10,40,25,0,42478560,3660,114907680,9848,20447
1664,10,40,25,0,42484080,3660,114918360,9848,20457
1665,9,39,25,0,42498900,3660,115194960,9867,20466
1666,8,40,25,0,42498900,3660,115194960,9867,20474
1667,7,40,25,0,42505080,3660,115348980,9879,20481
1668,10,40,25,0,42518940,3660,115365960,9878,20491
1669,11,40,25,0,42526920,3660,115369320,9876,20502
1670,15,39,25,0,42535320,3660,115393740,9875,20517
1671,12,39,25,0,42539220,3659,115419120,9875,20529
1672,15,40,25,0,42547020,3659,115419840,9874,20544
1673,9,39,25,0,42552660,3660,115425360,9873,20553
1674,8,40,25,0,42562320,3660,115529340,9880,20561
1675,9,39,25,0,42567180,3660,115536000,9879,20570
1676,4,39,25,0,42580200,3660,115544820,9879,20574
1677,3,38,25,0,42582720,3659,115620600,9883,20577
1678,5,40,25,0,42590220,3659,115621620,9882,20582
1679,4,40,25,0,42595620,3660,115624140,9880,20586
1680,2,39,25,0,42605100,3660,115627620,9880,20588
1681,8,40,25,0,42610680,3660,115637040,9880,20596
1682,10,40,25,0,42613920,3660,115640880,9878,20606
1683,19,40,25,0,42626160,3660,115731900,9883,20625
1684,32,40,25,0,42632100,3660,115733880,9881,20657
1685,27,40,25,0,42642600,3660,115738980,9880,20684
1686,32,40,25,0,42646620,3660,115751880,9879,20716
1687,32,40,25,0,42654060,3660,115754280,9878,20748
1688,34,40,25,0,42664740,3660,115768740,9877,20782
1689,32,40,25,0,42669720,3659,115773420,9875,20814
1690,27,40,25,0,42678960,3659,115780080,9874,20841
1691,26,40,25,0,42681960,3659,115782120,9873,20867
1692,30,40,25,0,42688260,3660,115786260,9873,20897
1693,42,40,25,0,42695340,3660,115789080,9872,20939
1694,23,40,25,0,42695340,3660,115789080,9872,20962
1695,20,40,25,0,42712800,3661,115797300,9871,20982
1696,20,40,25,0,42722100,3661,116007060,9888,21002
1697,29,40,25,0,42727200,3661,116009520,9886,21031
1698,37,40,25,0,42731940,3661,116109060,9894,21068
1699,26,40,25,0,42743940,3660,116181480,9896,21094
1700,29,40,25,0,42743940,3660,116181480,9896,21123
1701,28,40,25,0,42756240,3660,116198640,9895,21151
1702,30,39,25,0,42762000,3660,116203620,9893,21181
1703,27,40,25,0,42771420,3660,116205420,9892,21208
1704,37,40,25,0,42771420,3660,116205420,9892,21245
1705,27,40,25,0,42786960,3661,116269440,9895,21272
1706,39,40,25,0,42793740,3660,116295360,9894,21311
1707,32,40,25,0,42793740,3660,116295360,9894,21343
1708,26,40,25,0,42793740,3660,116295360,9894,21369
1709,26,40,25,0,42812040,3661,116340720,9895,21395
1710,30,40,25,0,42822300,3660,116376900,9894,21425
1711,33,40,25,0,42827640,3660,116380260,9893,21458
1712,26,40,25,0,42834720,3660,116383500,9892,21484
1713,26,40,25,0,42844500,3660,116398200,9891,21510
1714,27,40,25,0,42847260,3660,116400840,9890,21537
1715,35,40,25,0,42857640,3660,116404560,9889,21572
1716,29,40,25,0,42859140,3660,116405940,9888,21601
1717,38,40,25,0,42873540,3661,116412360,9887,21639
1718,30,40,25,0,42877200,3660,116480460,9891,21669
1719,32,40,25,0,42884580,3660,116482800,9889,21701
1720,42,40,25,0,42893160,3661,116486160,9888,21743
1721,33,40,25,0,42902340,3661,116673840,9902,21776
1722,28,40,25,0,42906420,3660,116676420,9901,21804
1723,35,40,25,0,42909780,3660,116679720,9900,21839
1724,33,40,25,0,42922200,3660,116719260,9900,21872
1725,28,40,25,0,42925020,3660,116719680,9899,21900
1726,26,40,25,0,42937260,3660,116924220,9914,21926
1727,32,40,25,0,42945120,3660,116980800,9916,21958
1728,41,40,25,0,42948540,3660,116981760,9915,21999
1729,30,40,25,0,42952260,3660,116985420,9914,22029
1730,31,40,25,0,42962400,3660,117003600,9914,22060
1731,35,40,25,0,42964260,3659,117005220,9913,22095
1732,32,40,25,0,42978600,3660,117009060,9910,22127
1733,36,40,25,0,42988140,3660,117042720,9911,22163
1734,30,40,25,0,42996480,3659,117136260,9915,22193
1735,20,40,25,0,43003380,3659,117151080,9914,22213
1736,35,40,25,0,43008060,3659,117153420,9913,22248
1737,34,40,25,0,43017240,3658,117166500,9911,22282
1738,36,40,25,0,43017240,3658,117166500,9911,22318
1739,29,40,25,0,43022940,3659,117172140,9911,22347
1740,32,40,25,0,43033920,3659,117189540,9911,22379
1741,29,40,25,0,43045140,3659,117218280,9911,22408
1742,33,40,25,0,43051260,3658,117288540,9914,22441
1743,37,40,25,0,43057380,3659,117292440,9913,22478
1744,29,40,25,0,43066800,3659,117324720,9914,22507
1745,30,40,25,0,43072740,3658,117327300,9911,22537
1746,33,40,25,0,43072740,3658,117327300,9911,22570
1747,32,40,25,0,43088580,3659,117334860,9910,22602
1748,34,40,25,0,43094880,3659,117337620,9909,22636
1749,31,40,25,0,43094880,3659,117337620,9909,22667
1750,31,40,25,0,43112400,3659,117345000,9907,22698
1751,24,40,25,0,43118940,3659,117348360,9906,22722
1752,32,40,25,0,43122240,3659,117351180,9905,22754
1753,31,40,25,0,43125660,3659,117354480,9905,22785
1754,27,40,25,0,43135500,3659,117403860,9907,22812
1755,37,40,25,0,43141140,3660,117407160,9906,22849
1756,34,40,25,0,43149960,3660,117412560,9906,22883
1757,30,40,25,0,43160820,3660,117414840,9905,22913
1758,32,40,25,0,43168260,3660,117468360,9907,22945
1759,30,40,25,0,43170180,3660,117469860,9906,22975
1760,28,40,25,0,43179480,3660,117538260,9909,23003
1761,33,40,25,0,43179480,3660,117538260,9909,23036
1762,39,40,25,0,43197660,3660,117897180,9937,23075
1763,40,40,25,0,43201320,3660,117898560,9935,23115
1764,34,40,25,0,43210980,3660,118509480,9983,23149
1765,34,40,25,0,43216980,3659,118512540,9982,23183
1766,33,40,25,0,43223400,3659,118516560,9981,23216
1767,37,40,25,0,43230720,3659,118527360,9979,23253
1768,20,40,25,0,43236840,3659,118530540,9978,23273
1769,38,40,25,0,43243680,3659,118551120,9977,23311
1770,35,40,25,0,43254240,3659,118556340,9976,23346
1771,22,40,25,0,43257420,3659,118559460,9975,23368
1772,31,40,25,0,43260780,3658,118575180,9974,23399
1773,31,40,25,0,43273440,3658,118624140,9975,23430
1774,25,40,25,0,43279800,3659,118628280,9975,23455
1775,27,40,25,0,43286040,3659,118629540,9974,23482
1776,26,40,25,0,43298760,3659,118651260,9974,23508
1777,29,40,25,0,43304220,3658,118654260,9971,23537
1778,40,40,25,0,43306080,3658,118656060,9971,23577
1779,24,40,25,0,43319520,3659,118660980,9968,23601
1780,34,40,25,0,43319520,3659,118660980,9968,23635
1781,35,40,25,0,43330800,3659,118665840,9967,23670
1782,38,40,25,0,43336440,3659,118671420,9967,23708
1783,34,40,25,0,43347180,3659,118674240,9965,23742
1784,33,40,25,0,43351440,3659,118755600,9970,23775
1785,33,40,25,0,43362540,3659,118758540,9968,23808
1786,35,40,25,0,43369680,3659,118762620,9967,23843
1787,38,40,25,0,43374240,3659,118765080,9966,23881
1788,27,40,25,0,43379100,3659,118767300,9966,23908
1789,33,40,25,0,43386120,3659,118813500,9968,23941
1790,23,40,25,0,43393920,3660,118816500,9967,23964
1791,39,40,25,0,43400640,3660,118882860,9971,24003
1792,28,40,25,0,43410120,3660,118886220,9970,24031
1793,28,40,25,0,43420680,3660,118890660,9969,24059
1794,29,40,25,0,43420680,3660,118890660,9969,24088
1795,22,40,25,0,43432620,3660,118895580,9967,24110
1796,28,40,25,0,43441800,3661,118900080,9966,24138
1797,36,40,25,0,43448880,3661,118902780,9965,24174
1798,37,40,25,0,43457220,3660,118959180,9966,24211
1799,29,40,25,0,43463160,3660,118964880,9965,24240
1800,28,40,25,0,43469760,3659,118968480,9963,24268
1801,33,40,25,0,43473120,3659,118970040,9962,24301
1802,29,40,25,0,43484760,3660,118975440,9961,24330
1803,28,40,25,0,43489620,3660,118979100,9960,24358
1804,38,40,25,0,43498740,3660,119324100,9986,24396
1805,30,40,25,0,43506120,3659,119328660,9984,24426
1806,37,40,25,0,43510020,3659,119354580,9985,24463
1807,30,40,25,0,43518540,3659,119822880,10021,24493
1808,31,40,25,0,43526700,3659,119836020,10020,24524
1809,36,40,25,0,43529940,3659,119839080,10019,24560
1810,30,40,25,0,43542780,3659,119843820,10018,24590
1811,24,40,25,0,43542780,3659,119843820,10018,24614
1812,30,40,25,0,43556100,3659,120024900,10031,24644
1813,30,40,25,0,43564680,3659,120055140,10029,24674
1814,37,40,25,0,43570320,3658,120058500,10028,24711
1815,30,40,25,0,43573440,3658,120061560,10027,24741
1816,33,40,25,0,43586880,3659,120074400,10027,24774
1817,30,40,25,0,43591140,3659,120077940,10025,24804
1818,26,40,25,0,43597260,3659,120079980,10025,24830
1819,28,40,25,0,43601400,3659,120084060,10024,24858
1820,27,40,25,0,43612020,3659,120102360,10025,24885
1821,25,40,25,0,43622340,3658,120511980,10054,24910
1822,31,40,25,0,43625640,3658,120515220,10053,24941
1823,23,40,25,0,43633320,3659,120523200,10053,24964
1824,33,40,25,0,43642140,3659,120535680,10053,24997
1825,26,40,25,0,43646700,3659,120549900,10052,25023
1826,34,40,25,0,43657020,3659,120556740,10051,25057
1827,32,40,25,0,43664280,3659,120560220,10050,25089
1828,30,40,25,0,43670760,3659,120625620,10053,25119
1829,35,40,25,0,43677360,3659,120628920,10052,25154
1830,32,40,25,0,43679580,3659,120631080,10051,25186
1831,33,40,25,0,43688520,3659,120635280,10051,25219
1832,33,40,25,0,43697100,3660,120639360,10050,25252
1833,29,40,25,0,43704780,3660,120642480,10050,25281
1834,27,40,25,0,43716540,3660,120743040,10055,25308
1835,26,39,25,0,43722000,3659,120771960,10055,25334
1836,29,40,25,0,43724280,3659,120774180,10054,25363
1837,44,40,25,0,43734840,3659,120776940,10053,25407
1838,37,40,25,0,43741800,3659,120780840,10051,25444
1839,30,40,25,0,43745340,3659,120782940,10051,25474
1840,27,40,25,0,43753560,3659,120788640,10049,25501
1841,32,40,25,0,43762380,3659,120849240,10053,25533
1842,30,40,25,0,43766580,3660,120853380,10052,25563
1843,28,40,25,0,43778400,3660,120856200,10051,25591
1844,37,40,25,0,43784580,3660,121004040,10061,25628
1845,33,40,25,0,43790820,3660,121005420,10061,25661
1846,34,39,25,0,43796820,3660,121011240,10060,25695
1847,21,40,25,0,43805640,3661,121012560,10060,25716
1848,10,40,25,0,43811940,3661,121092840,10065,25726
1849,10,38,25,0,43821360,3660,121117680,10065,25736
1850,6,40,25,0,43824180,3660,121120200,10063,25742
1851,5,40,25,0,43838820,3661,121126260,10062,25747
1852,4,38,25,0,43846740,3661,121192800,10066,25751
1853,6,40,25,0,43849500,3660,121533600,10092,25757
1854,7,40,25,0,43860420,3660,121611240,10094,25764
1855,12,40,25,0,43861560,3660,121611660,10093,25776
1856,11,40,25,0,43866660,3660,121615920,10093,25787
1857,6,40,25,0,43880760,3660,121621440,10092,25793
1858,12,39,25,0,43886580,3660,121640880,10093,25805
1859,11,40,25,0,43887540,3660,121641660,10092,25816
1860,10,39,25,0,43902900,3661,121681380,10093,25826
1861,10,40,25,0,43905420,3660,121681920,10092,25836
1862,11,39,25,0,43918380,3661,121687980,10091,25847
1863,13,40,25,0,43918380,3661,121687980,10091,25860
1864,10,40,25,0,43924140,3661,121700880,10091,25870
1865,8,40,25,0,43937400,3662,121713240,10090,25878
1866,7,40,25,0,43938900,3661,121714200,10089,25885
1867,10,40,25,0,43950480,3662,121723620,10088,25895
1868,5,39,25,0,43956060,3662,121728360,10087,25900
1869,8,40,25,0,43969080,3661,121770060,10087,25908
1870,8,40,25,0,43971840,3661,121772520,10087,25916
1871,8,40,25,0,43981740,3661,121784460,10085,25924
1872,2,40,25,0,43985820,3661,121787460,10084,25926
1873,8,40,25,0,43992420,3661,121789740,10083,25934
1874,3,39,25,0,44004660,3661,122670420,10153,25937
1875,10,40,25,0,44005500,3661,122671020,10152,25947
1876,8,40,25,0,44012760,3661,122677140,10152,25955
1877,3,40,25,0,44020980,3662,122684880,10151,25958
1878,8,40,25,0,44033520,3662,122689620,10150,25966
1879,8,40,25,0,44040060,3662,122736960,10151,25974
1880,10,40,25,0,44042940,3662,122739120,10151,25984
1881,15,40,25,0,44053140,3662,122742480,10149,25999
1882,4,40,25,0,44055660,3662,122744220,10149,26003
1883,12,40,25,0,44060700,3662,122747400,10148,26015
1884,9,40,25,0,44075220,3662,122777580,10148,26024
1885,9,40,25,0,44082480,3661,122918880,10156,26033
1886,10,40,25,0,44082480,3661,122918880,10156,26043
1887,7,40,25,0,44082480,3661,122918880,10156,26050
1888,9,39,25,0,44104260,3662,123205320,10176,26059
1889,9,40,25,0,44104920,3661,123205680,10175,26068
1890,15,40,25,0,44116980,3662,123210540,10174,26083
1891,14,40,25,0,44125320,3662,123394020,10186,26097
1892,8,40,25,0,44133180,3661,123465240,10189,26105
1893,6,40,25,0,44140200,3660,123477900,10187,26111
1894,5,40,25,0,44147520,3660,124016880,10229,26116
1895,10,40,25,0,44150040,3659,124017600,10227,26126
1896,5,40,25,0,44160420,3660,124022160,10225,26131
1897,2,38,25,0,44166180,3659,124042740,10225,26133
1898,5,40,25,0,44169120,3659,124128360,10229,26138
1899,6,40,25,0,44179680,3659,124129980,10228,26144
1900,8,40,25,0,44179680,3659,124129980,10228,26152
1901,1,37,25,0,44198220,3660,124158000,10229,26153
1902,7,40,25,0,44199180,3660,124158600,10228,26160
1903,11,40,25,0,44212320,3660,124167420,10226,26171
1904,7,40,25,0,44212320,3660,124167420,10226,26178
1905,11,40,25,0,44224800,3660,124179300,10226,26189
1906,5,40,25,0,44224800,3660,124179300,10226,26194
1907,14,40,25,0,44237340,3661,124185780,10224,26208
1908,17,40,25,0,44242740,3661,124206960,10225,26225
1909,9,40,25,0,44253600,3661,124210740,10223,26234
1910,12,40,25,0,44258520,3661,124213740,10223,26246
1911,8,40,25,0,44269860,3661,124218120,10221,26254
1912,10,40,25,0,44277660,3661,124290900,10224,26264
1913,4,37,25,0,44285940,3660,124414800,10232,26268
1914,9,40,25,0,44288880,3660,124860660,10265,26277
1915,6,39,25,0,44299500,3660,124864980,10263,26283
1916,6,40,25,0,44299500,3660,124864980,10263,26289
1917,9,40,25,0,44306460,3660,124870380,10263,26298
1918,5,40,25,0,44314320,3661,124883700,10263,26303
1919,7,39,25,0,44326500,3661,124895520,10261,26310
1920,3,39,25,0,44336760,3661,124896600,10260,26313
1921,4,40,25,0,44339100,3661,124896960,10259,26317
1922,4,40,25,0,44346120,3661,124899240,10257,26321
1923,9,40,25,0,44350260,3661,124900860,10257,26330
1924,3,40,25,0,44357460,3661,124906020,10256,26333
1925,9,40,25,0,44370000,3662,124908480,10255,26342
1926,13,39,25,0,44373780,3662,124912080,10254,26355
1927,7,40,25,0,44384880,3661,124985040,10257,26362
1928,11,40,25,0,44389500,3661,124987860,10256,26373
1929,13,40,25,0,44395440,3662,124990140,10256,26386
1930,10,39,25,0,44406900,3661,125034000,10255,26396
1931,17,40,25,0,44410200,3661,125034240,10254,26413
1932,13,40,25,0,44415780,3661,125169720,10264,26426
1933,10,40,25,0,44424780,3661,125171280,10263,26436
1934,11,40,25,0,44433900,3661,125257560,10267,26447
1935,11,40,24,1,44443800,3660,125410560,10277,26458
1936,7,40,24,1,44443800,3660,125410560,10277,26465
1937,4,40,24,1,44443800,3660,125410560,10277,26469
1938,8,40,25,0,44453640,3661,125420040,10276,26477
1939,8,40,25,0,44458800,3661,125455140,10278,26485
1940,7,40,25,0,44468700,3661,125457900,10276,26492
1941,5,40,25,0,44474880,3661,125460180,10275,26497
1942,4,40,25,0,44481900,3661,125500860,10276,26501
1943,1,37,25,0,44493540,3661,125739180,10294,26502
1944,5,39,25,0,44496840,3660,126063120,10319,26507
1945,8,40,25,0,44503440,3660,126066360,10314,26515
1946,10,40,25,0,44511060,3659,126182460,10320,26525
1947,4,39,25,0,44521020,3660,126189780,10320,26529
1948,5,39,25,0,44528460,3659,126240900,10321,26534
1949,10,40,25,0,44530980,3659,126241740,10320,26544
1950,3,40,25,0,44537580,3659,126246540,10319,26547
1951,8,39,25,0,44541480,3659,126294840,10322,26555
1952,17,40,25,0,44554620,3659,126311160,10321,26572
1953,7,39,25,0,44558820,3658,126317700,10317,26579
1954,4,40,25,0,44568120,3658,126374100,10320,26583
1955,12,40,25,0,44578200,3658,126380400,10318,26595
1956,9,40,25,0,44583540,3658,126385620,10318,26604
1957,10,40,25,0,44590500,3658,126389640,10315,26614
1958,20,40,25,0,44600280,3658,126705600,10338,26634
1959,7,39,25,0,44604660,3658,126709980,10337,26641
1960,12,40,25,0,44605440,3657,126710340,10336,26653
1961,8,40,25,0,44616360,3657,126780600,10340,26661
1962,7,40,25,0,44624760,3658,126783120,10339,26668
1963,5,40,25,0,44629740,3658,126784920,10338,26673
1964,8,39,25,0,44636100,3658,126790860,10338,26681
1965,3,39,25,0,44651280,3659,126811440,10337,26684
1966,9,39,25,0,44656140,3658,126925320,10345,26693
1967,6,37,25,0,44666100,3657,127132860,10357,26699
1968,5,39,25,0,44672040,3657,127137420,10354,26704
1969,6,40,25,0,44672040,3657,127137420,10354,26710
1970,3,40,25,0,44680320,3657,127144860,10353,26713
1971,7,40,25,0,44689440,3657,127154280,10353,26720
1972,5,40,25,0,44700780,3658,127171440,10353,26725
1973,10,40,25,0,44700780,3658,127171440,10353,26735
1974,5,39,25,0,44713140,3658,127177500,10352,26740
1975,6,40,25,0,44719260,3658,127202220,10352,26746
1976,8,40,25,0,44719260,3658,127202220,10352,26754
1977,11,40,25,0,44737020,3659,127252560,10354,26765
1978,6,40,25,0,44743920,3659,127254780,10352,26771
1979,9,40,25,0,44743920,3659,127254780,10352,26780
1980,6,39,25,0,44751480,3659,127261560,10352,26786
1981,15,40,25,0,44762280,3659,127284000,10352,26801
1982,11,40,25,0,44770920,3659,127305660,10350,26812
1983,14,40,25,0,44775480,3659,127306680,10349,26826
1984,9,39,25,0,44788140,3659,127315500,10348,26835
1985,12,40,25,0,44790240,3659,127316940,10347,26847
1986,6,40,25,0,44793000,3659,127319520,10346,26853
1987,5,39,25,0,44804400,3659,127325580,10345,26858
1988,4,40,25,0,44815620,3659,127449240,10354,26862
1989,8,40,25,0,44816700,3659,127449840,10353,26870
1990,4,40,25,0,44823360,3659,127494720,10355,26874
1991,7,39,25,0,44837280,3660,127498920,10353,26881
1992,7,40,25,0,44841780,3660,127501260,10353,26888
1993,3,39,25,0,44846880,3660,127506300,10352,26891
1994,6,40,25,0,44856360,3660,127507500,10352,26897
1995,3,39,25,0,44863020,3661,127512060,10351,26900
1996,3,38,25,0,44872920,3661,127589940,10357,26903
1997,6,40,24,1,44878260,3660,127589940,10356,26909
1998,6,40,24,1,44878260,3660,127589940,10356,26915
1999,5,40,24,1,44878260,3660,127589940,10356,26920
2000,8,40,25,0,44891040,3661,127602540,10353,26928
2001,6,40,25,0,44891040,3661,127602540,10353,26934
2002,9,40,25,0,44904240,3662,127639260,10355,26943
2003,6,38,25,0,44914860,3661,128015640,10383,26949
2004,11,40,25,0,44916480,3661,128096940,10387,26960
2005,12,40,25,0,44926260,3661,128160900,10390,26972
2006,12,40,25,0,44935200,3659,128198100,10387,26984
2007,12,40,25,0,44935200,3659,128198100,10387,26996
2008,8,40,25,0,44949240,3660,128220180,10387,27004
2009,2,40,25,0,44952120,3660,128222400,10385,27006
2010,8,40,25,0,44962200,3659,128240220,10384,27014
2011,3,38,25,0,44970840,3659,128469660,10399,27017
2012,12,40,25,0,44970840,3659,128469660,10399,27029
2013,9,40,25,0,44982000,3659,128479320,10398,27038
2014,6,40,25,0,44991000,3659,128514240,10398,27044
2015,4,40,25,0,44991000,3659,128514240,10398,27048
2016,3,40,25,0,45004380,3659,128527140,10398,27051
2017,3,40,25,0,45004380,3659,128527140,10398,27054
2018,3,40,25,0,45004380,3659,128527140,10398,27057
2019,6,40,25,0,45004380,3659,128527140,10398,27063
2020,5,40,25,0,45004380,3659,128527140,10398,27068
2021,6,40,25,0,45004380,3659,128527140,10398,27074
2022,7,40,25,0,45004380,3659,128527140,10398,27081
2023,6,40,25,0,45004380,3659,128527140,10398,27087
2024,12,40,25,0,45004380,3659,128527140,10398,27099
2025,14,40,25,0,45004380,3659,128527140,10398,27113
2026,17,40,25,0,45004380,3659,128527140,10398,27130
2027,8,40,25,0,45004380,3659,128527140,10398,27138
2028,13,40,25,0,45004380,3659,128527140,10398,27151
2029,7,40,25,0,45004380,3659,128527140,10398,27158
2030,9,40,25,0,45004380,3659,128527140,10398,27167
2031,9,40,25,0,45004380,3659,128527140,10398,27176
2032,17,40,25,0,45004380,3659,128527140,10398,27193
2033,6,40,25,0,45004380,3659,128527140,10398,27199
2034,8,40,25,0,45004380,3659,128527140,10398,27207
2035,9,40,25,0,45004380,3659,128527140,10398,27216
2036,9,40,25,0,45004380,3659,128527140,10398,27225
2037,8,40,25,0,45004380,3659,128527140,10398,27233
2038,11,40,25,0,45004380,3659,128527140,10398,27244
2039,6,40,25,0,45004380,3659,128527140,10398,27250
2040,8,40,25,0,45004380,3659,128527140,10398,27258
2041,1,40,25,0,45004380,3659,128527140,10398,27259
2042,6,40,25,0,45004380,3659,128527140,10398,27265
2043,6,40,25,0,45004380,3659,128527140,10398,27271
2044,2,40,25,0,45004380,3659,128527140,10398,27273
2045,6,40,25,0,45004380,3659,128527140,10398,27279
2046,13,40,25,0,45004380,3659,128527140,10398,27292
2047,6,40,25,0,45004380,3659,128527140,10398,27298
2048,9,40,25,0,45004380,3659,128527140,10398,27307
2049,11,40,25,0,45004380,3659,128527140,10398,27318
2050,8,40,25,0,45004380,3659,128527140,10398,27326
2051,9,40,25,0,45004380,3659,128527140,10398,27335
2052,6,40,25,0,45004380,3659,128527140,10398,27341
2053,7,40,25,0,45004380,3659,128527140,10398,27348
2054,15,40,25,0,45004380,3659,128527140,10398,27363
2055,15,40,25,0,45004380,3659,128527140,10398,27378
2056,7,40,25,0,45004380,3659,128527140,10398,27385
2057,13,40,25,0,45004380,3659,128527140,10398,27398
2058,5,40,25,0,45004380,3659,128527140,10398,27403
2059,6,40,25,0,45004380,3659,128527140,10398,27409
2060,7,40,25,0,45004380,3659,128527140,10398,27416
2061,4,40,25,0,45004380,3659,128527140,10398,27420
2062,4,40,25,0,45004380,3659,128527140,10398,27424
2063,5,40,25,0,45004380,3659,128527140,10398,27429
2064,1,40,25,0,45004380,3659,128527140,10398,27430
2065,1,40,25,0,45004380,3659,128527140,10398,27431
2066,7,40,25,0,45004380,3659,128527140,10398,27438
2067,9,40,25,0,45004380,3659,128527140,10398,27447
2068,3,40,25,0,45004380,3659,128527140,10398,27450
2069,6,40,25,0,45004380,3659,128527140,10398,27456
2070,5,40,25,0,45004380,3659,128527140,10398,27461
2071,10,40,25,0,45004380,3659,128527140,10398,27471
2072,13,40,25,0,45004380,3659,128527140,10398,27484
2073,16,40,25,0,45004380,3659,128527140,10398,27500
2074,13,40,25,0,45004380,3659,128527140,10398,27513
2075,14,40,25,0,45004380,3659,128527140,10398,27527
2076,8,40,25,0,45004380,3659,128527140,10398,27535
2077,10,40,25,0,45004380,3659,128527140,10398,27545
2078,15,40,25,0,45004380,3659,128527140,10398,27560
2079,6,40,25,0,45004380,3659,128527140,10398,27566
2080,9,40,25,0,45004380,3659,128527140,10398,27575
2081,12,40,25,0,45004380,3659,128527140,10398,27587
2082,9,40,25,0,45004380,3659,128527140,10398,27596
2083,11,40,25,0,45004380,3659,128527140,10398,27607
2084,4,40,25,0,45004380,3659,128527140,10398,27611
2085,8,40,25,0,45004380,3659,128527140,10398,27619
2086,6,40,25,0,45004380,3659,128527140,10398,27625
2087,6,40,25,0,45004380,3659,128527140,10398,27631
2088,3,40,25,0,45004380,3659,128527140,10398,27634
2089,7,40,25,0,45004380,3659,128527140,10398,27641
2090,11,40,25,0,45004380,3659,128527140,10398,27652
2091,7,40,25,0,45004380,3659,128527140,10398,27659
2092,6,40,25,0,45004380,3659,128527140,10398,27665
2093,10,40,25,0,45004380,3659,128527140,10398,27675
2094,3,40,25,0,45004380,3659,128527140,10398,27678
2095,10,40,25,0,45004380,3659,128527140,10398,27688
2096,11,40,25,0,45004380,3659,128527140,10398,27699
2097,8,40,25,0,45004380,3659,128527140,10398,27707
2098,15,40,25,0,45004380,3659,128527140,10398,27722
2099,10,40,25,0,45004380,3659,128527140,10398,27732
2100,6,40,25,0,45004380,3659,128527140,10398,27738
2101,9,40,25,0,45004380,3659,128527140,10398,27747
2102,10,40,25,0,45004380,3659,128527140,10398,27757
2103,16,40,25,0,45004380,3659,128527140,10398,27773
2104,9,40,25,0,45004380,3659,128527140,10398,27782
2105,10,40,25,0,45004380,3659,128527140,10398,27792
2106,6,40,25,0,45004380,3659,128527140,10398,27798
2107,6,40,25,0,45004380,3659,128527140,10398,27804
2108,9,40,25,0,45004380,3659,128527140,10398,27813
2109,3,40,25,0,45004380,3659,128527140,10398,27816
2110,5,40,25,0,45004380,3659,128527140,10398,27821
2111,5,40,25,0,45004380,3659,128527140,10398,27826
2112,5,40,25,0,45004380,3659,128527140,10398,27831
2113,5,40,25,0,45004380,3659,128527140,10398,27836
2114,5,40,25,0,45004380,3659,128527140,10398,27841
2115,3,40,25,0,45004380,3659,128527140,10398,27844
2116,4,40,25,0,45004380,3659,128527140,10398,27848
2117,9,40,25,0,45004380,3659,128527140,10398,27857
2118,8,40,25,0,45004380,3659,128527140,10398,27865
2119,6,40,25,0,45004380,3659,128527140,10398,27871
2120,5,40,25,0,45004380,3659,128527140,10398,27876
2121,7,40,25,0,45004380,3659,128527140,10398,27883
2122,21,40,25,0,45004380,3659,128527140,10398,27904
2123,12,40,25,0,45004380,3659,128527140,10398,27916
2124,6,40,25,0,45004380,3659,128527140,10398,27922
2125,17,40,25,0,45004380,3659,128527140,10398,27939
2126,10,40,25,0,45004380,3659,128527140,10398,27949
2127,10,40,25,0,45004380,3659,128527140,10398,27959
2128,7,40,25,0,45004380,3659,128527140,10398,27966
2129,8,40,25,0,45004380,3659,128527140,10398,27974
2130,7,40,25,0,45004380,3659,128527140,10398,27981
2131,9,40,25,0,45004380,3659,128527140,10398,27990
2132,6,40,25,0,45004380,3659,128527140,10398,27996
2133,10,40,25,0,45004380,3659,128527140,10398,28006
2134,4,40,25,0,45004380,3659,128527140,10398,28010
2135,7,40,25,0,45004380,3659,128527140,10398,28017
2136,11,40,25,0,45004380,3659,128527140,10398,28028
2137,5,40,25,0,45004380,3659,128527140,10398,28033
2138,8,40,25,0,45004380,3659,128527140,10398,28041
2139,6,40,25,0,45004380,3659,128527140,10398,28047
2140,3,40,25,0,45004380,3659,128527140,10398,28050
2141,8,40,25,0,45004380,3659,128527140,10398,28058
2142,6,40,25,0,45004380,3659,128527140,10398,28064
2143,6,40,25,0,45004380,3659,128527140,10398,28070
2144,12,40,25,0,45004380,3659,128527140,10398,28082
2145,13,40,25,0,45004380,3659,128527140,10398,28095
2146,13,40,25,0,45004380,3659,128527140,10398,28108
2147,4,40,25,0,45004380,3659,128527140,10398,28112
2148,11,40,25,0,45004380,3659,128527140,10398,28123
2149,8,40,25,0,45004380,3659,128527140,10398,28131
2150,16,40,25,0,45004380,3659,128527140,10398,28147
2151,9,40,25,0,45004380,3659,128527140,10398,28156
2152,6,40,25,0,45004380,3659,128527140,10398,28162
2153,10,40,25,0,45004380,3659,128527140,10398,28172
2154,4,40,25,0,45004380,3659,128527140,10398,28176
2155,4,40,25,0,45004380,3659,128527140,10398,28180
2156,5,40,25,0,45004380,3659,128527140,10398,28185
2157,7,40,25,0,45004380,3659,128527140,10398,28192
2158,7,40,25,0,45004380,3659,128527140,10398,28199
2159,7,40,25,0,45004380,3659,128527140,10398,28206
2160,10,40,25,0,45004380,3659,128527140,10398,28216
2161,5,40,25,0,45004380,3659,128527140,10398,28221
2162,6,40,25,0,45004380,3659,128527140,10398,28227
2163,9,40,25,0,45004380,3659,128527140,10398,28236
2164,12,40,25,0,45004380,3659,128527140,10398,28248
2165,7,40,25,0,45004380,3659,128527140,10398,28255
2166,7,40,25,0,45004380,3659,128527140,10398,28262
2167,8,40,25,0,45004380,3659,128527140,10398,28270
2168,8,40,25,0,45004380,3659,128527140,10398,28278
2169,4,40,25,0,45004380,3659,128527140,10398,28282
2170,7,40,25,0,45004380,3659,128527140,10398,28289
2171,8,40,25,0,45004380,3659,128527140,10398,28297
2172,9,40,25,0,45004380,3659,128527140,10398,28306
2173,6,40,25,0,45004380,3659,128527140,10398,28312
2174,12,40,25,0,45004380,3659,128527140,10398,28324
2175,19,40,25,0,45004380,3659,128527140,10398,28343
2176,11,40,25,0,45004380,3659,128527140,10398,28354
2177,4,40,25,0,45004380,3659,128527140,10398,28358
2178,9,40,25,0,45004380,3659,128527140,10398,28367
2179,7,40,25,0,45004380,3659,128527140,10398,28374
2180,11,40,25,0,45004380,3659,128527140,10398,28385
2181,5,40,25,0,45004380,3659,128527140,10398,28390
2182,4,40,25,0,45004380,3659,128527140,10398,28394
2183,6,40,25,0,45004380,3659,128527140,10398,28400
2184,8,40,25,0,45004380,3659,128527140,10398,28408
2185,7,40,25,0,45004380,3659,128527140,10398,28415
2186,4,40,25,0,45004380,3659,128527140,10398,28419
2187,5,40,25,0,45004380,3659,128527140,10398,28424
2188,5,40,25,0,45004380,3659,128527140,10398,28429
2189,8,40,25,0,45004380,3659,128527140,10398,28437
2190,4,40,25,0,45004380,3659,128527140,10398,28441
2191,18,40,25,0,45004380,3659,128527140,10398,28459
2192,6,40,25,0,45004380,3659,128527140,10398,28465
2193,5,40,25,0,45004380,3659,128527140,10398,28470
2194,3,40,25,0,45004380,3659,128527140,10398,28473
2195,16,40,25,0,45004380,3659,128527140,10398,28489
2196,10,40,25,0,45004380,3659,128527140,10398,28499
2197,10,40,25,0,45004380,3659,128527140,10398,28509
2198,13,40,25,0,45004380,3659,128527140,10398,28522
2199,9,40,25,0,45004380,3659,128527140,10398,28531
2200,9,40,25,0,45004380,3659,128527140,10398,28540
2201,15,40,25,0,45004380,3659,128527140,10398,28555
2202,6,40,25,0,45004380,3659,128527140,10398,28561
2203,5,40,25,0,45004380,3659,128527140,10398,28566
2204,9,40,25,0,45004380,3659,128527140,10398,28575
2205,5,40,25,0,45004380,3659,128527140,10398,28580
2206,8,40,25,0,45004380,3659,128527140,10398,28588
2207,3,40,25,0,45004380,3659,128527140,10398,28591
2208,4,40,25,0,45004380,3659,128527140,10398,28595
2209,5,40,25,0,45004380,3659,128527140,10398,28600
2210,4,40,25,0,45004380,3659,128527140,10398,28604
2211,4,40,25,0,45004380,3659,128527140,10398,28608
2212,6,40,25,0,45004380,3659,128527140,10398,28614
2213,12,40,25,0,45004380,3659,128527140,10398,28626
2214,9,40,25,0,45004380,3659,128527140,10398,28635
2215,9,40,25,0,45004380,3659,128527140,10398,28644
2216,6,40,25,0,45004380,3659,128527140,10398,28650
2217,5,40,25,0,45004380,3659,128527140,10398,28655
2218,14,40,25,0,45004380,3659,128527140,10398,28669
2219,8,40,25,0,45004380,3659,128527140,10398,28677
2220,5,40,25,0,45004380,3659,128527140,10398,28682
2221,14,40,25,0,45004380,3659,128527140,10398,28696
2222,6,40,25,0,45004380,3659,128527140,10398,28702
2223,8,40,25,0,45004380,3659,128527140,10398,28710
2224,8,40,25,0,45004380,3659,128527140,10398,28718
2225,14,40,25,0,45004380,3659,128527140,10398,28732
2226,11,40,25,0,45004380,3659,128527140,10398,28743
2227,10,40,25,0,45004380,3659,128527140,10398,28753
2228,7,40,25,0,45004380,3659,128527140,10398,28760
2229,4,40,25,0,45004380,3659,128527140,10398,28764
2230,7,40,25,0,45004380,3659,128527140,10398,28771
2231,5,40,25,0,45004380,3659,128527140,10398,28776
2232,6,40,25,0,45004380,3659,128527140,10398,28782
2233,3,40,25,0,45004380,3659,128527140,10398,28785
2234,5,40,25,0,45004380,3659,128527140,10398,28790
2235,4,40,25,0,45004380,3659,128527140,10398,28794
2236,4,40,25,0,45004380,3659,128527140,10398,28798
2237,10,40,25,0,45004380,3659,128527140,10398,28808
2238,4,40,25,0,45004380,3659,128527140,10398,28812
2239,7,40,25,0,45004380,3659,128527140,10398,28819
2240,12,40,25,0,45004380,3659,128527140,10398,28831
2241,11,40,25,0,45004380,3659,128527140,10398,28842
2242,8,40,25,0,45004380,3659,128527140,10398,28850
2243,8,40,25,0,45004380,3659,128527140,10398,28858
2244,4,40,25,0,45004380,3659,128527140,10398,28862
2245,5,40,25,0,45004380,3659,128527140,10398,28867
2246,8,40,25,0,45004380,3659,128527140,10398,28875
2247,5,40,25,0,45004380,3659,128527140,10398,28880
2248,7,40,25,0,45004380,3659,128527140,10398,28887
2249,8,40,25,0,45004380,3659,128527140,10398,28895
2250,12,40,25,0,45004380,3659,128527140,10398,28907
2251,5,40,25,0,45004380,3659,128527140,10398,28912
2252,6,40,25,0,45004380,3659,128527140,10398,28918
2253,7,40,25,0,45004380,3659,128527140,10398,28925
2254,5,40,25,0,45004380,3659,128527140,10398,28930
2255,10,40,25,0,45004380,3659,128527140,10398,28940
2256,4,40,25,0,45004380,3659,128527140,10398,28944
2257,7,40,25,0,45004380,3659,128527140,10398,28951
2258,6,40,25,0,45004380,3659,128527140,10398,28957
2259,4,40,25,0,45004380,3659,128527140,10398,28961
2260,1,40,25,0,45004380,3659,128527140,10398,28962
2261,5,40,25,0,45004380,3659,128527140,10398,28967
2262,9,40,25,0,45004380,3659,128527140,10398,28976
2263,5,40,25,0,45004380,3659,128527140,10398,28981
2264,13,40,25,0,45004380,3659,128527140,10398,28994
2265,13,40,25,0,45004380,3659,128527140,10398,29007
2266,9,40,25,0,45004380,3659,128527140,10398,29016
2267,9,40,25,0,45004380,3659,128527140,10398,29025
2268,15,40,25,0,45004380,3659,128527140,10398,29040
2269,10,40,25,0,45004380,3659,128527140,10398,29050
2270,6,40,25,0,45004380,3659,128527140,10398,29056
2271,17,40,25,0,45004380,3659,128527140,10398,29073
2272,8,40,25,0,45004380,3659,128527140,10398,29081
2273,8,40,25,0,45004380,3659,128527140,10398,29089
2274,9,40,25,0,45004380,3659,128527140,10398,29098
2275,5,40,25,0,45004380,3659,128527140,10398,29103
2276,6,40,25,0,45004380,3659,128527140,10398,29109
2277,12,40,25,0,45004380,3659,128527140,10398,29121
2278,7,40,25,0,45004380,3659,128527140,10398,29128
2279,10,40,25,0,45004380,3659,128527140,10398,29138
2280,7,40,25,0,45004380,3659,128527140,10398,29145
2281,8,40,25,0,45004380,3659,128527140,10398,29153
2282,7,40,25,0,45004380,3659,128527140,10398,29160
2283,3,40,25,0,45004380,3659,128527140,10398,29163
2284,9,40,25,0,45004380,3659,128527140,10398,29172
2285,5,40,25,0,45004380,3659,128527140,10398,29177
2286,5,40,25,0,45004380,3659,128527140,10398,29182
2287,7,40,25,0,45004380,3659,128527140,10398,29189
2288,12,40,25,0,45004380,3659,128527140,10398,29201
2289,6,40,25,0,45004380,3659,128527140,10398,29207
2290,10,40,25,0,45004380,3659,128527140,10398,29217
2291,12,40,25,0,45004380,3659,128527140,10398,29229
2292,13,40,25,0,45004380,3659,128527140,10398,29242
2293,7,40,25,0,45004380,3659,128527140,10398,29249
2294,14,40,25,0,45004380,3659,128527140,10398,29263
2295,14,40,25,0,45004380,3659,128527140,10398,29277
2296,10,40,25,0,45004380,3659,128527140,10398,29287
2297,11,40,25,0,45004380,3659,128527140,10398,29298
2298,12,40,25,0,45004380,3659,128527140,10398,29310
2299,11,40,25,0,45004380,3659,128527140,10398,29321
2300,6,40,25,0,45004380,3659,128527140,10398,29327
2301,4,40,25,0,45004380,3659,128527140,10398,29331
2302,7,40,25,0,45004380,3659,128527140,10398,29338
2303,8,40,25,0,45004380,3659,128527140,10398,29346
2304,3,40,25,0,45004380,3659,128527140,10398,29349
2305,8,40,25,0,45004380,3659,128527140,10398,29357
2306,4,40,25,0,45004380,3659,128527140,10398,29361
2307,6,40,25,0,45004380,3659,128527140,10398,29367
2308,7,40,25,0,45004380,3659,128527140,10398,29374
2309,10,40,25,0,45004380,3659,128527140,10398,29384
2310,10,40,25,0,45004380,3659,128527140,10398,29394
2311,11,40,25,0,45004380,3659,128527140,10398,29405
2312,7,40,25,0,45004380,3659,128527140,10398,29412
2313,12,40,25,0,45004380,3659,128527140,10398,29424
2314,6,40,25,0,45004380,3659,128527140,10398,29430
2315,14,40,25,0,45004380,3659,128527140,10398,29444
2316,13,40,25,0,45004380,3659,128527140,10398,29457
2317,5,40,25,0,45004380,3659,128527140,10398,29462
2318,9,40,25,0,45004380,3659,128527140,10398,29471
2319,12,40,25,0,45004380,3659,128527140,10398,29483
2320,12,40,25,0,45004380,3659,128527140,10398,29495
2321,13,40,25,0,45004380,3659,128527140,10398,29508
2322,7,40,25,0,45004380,3659,128527140,10398,29515
2323,11,40,25,0,45004380,3659,128527140,10398,29526
2324,11,40,25,0,45004380,3659,128527140,10398,29537
2325,10,40,25,0,45004380,3659,128527140,10398,29547
2326,11,40,25,0,45004380,3659,128527140,10398,29558
2327,8,40,25,0,45004380,3659,128527140,10398,29566
2328,2,40,25,0,45004380,3659,128527140,10398,29568
2329,6,40,25,0,45004380,3659,128527140,10398,29574
2330,1,40,25,0,45004380,3659,128527140,10398,29575
2331,8,40,25,0,45004380,3659,128527140,10398,29583
2332,5,40,25,0,45004380,3659,128527140,10398,29588
2333,12,40,25,0,45004380,3659,128527140,10398,29600
2334,10,40,25,0,45004380,3659,128527140,10398,29610
2335,13,40,25,0,45004380,3659,128527140,10398,29623
2336,7,40,25,0,45004380,3659,128527140,10398,29630
2337,6,40,25,0,45004380,3659,128527140,10398,29636
2338,12,40,25,0,45004380,3659,128527140,10398,29648
2339,5,40,25,0,45004380,3659,128527140,10398,29653
2340,16,40,25,0,45004380,3659,128527140,10398,29669
2341,15,40,25,0,45004380,3659,128527140,10398,29684
2342,12,40,25,0,45004380,3659,128527140,10398,29696
2343,13,40,25,0,45004380,3659,128527140,10398,29709
2344,6,40,25,0,45004380,3659,128527140,10398,29715
2345,8,40,25,0,45004380,3659,128527140,10398,29723
2346,8,40,25,0,45004380,3659,128527140,10398,29731
2347,10,40,25,0,45004380,3659,128527140,10398,29741
2348,11,40,25,0,45004380,3659,128527140,10398,29752
2349,4,40,25,0,45004380,3659,128527140,10398,29756
2350,5,40,25,0,45004380,3659,128527140,10398,29761
2351,5,40,25,0,45004380,3659,128527140,10398,29766
2352,4,40,25,0,45004380,3659,128527140,10398,29770
2353,8,40,25,0,45004380,3659,128527140,10398,29778
2354,14,40,25,0,45004380,3659,128527140,10398,29792
2355,20,40,25,0,45004380,3659,128527140,10398,29812
2356,42,40,25,0,45004380,3659,128527140,10398,29854
2357,31,40,25,0,45004380,3659,128527140,10398,29885
2358,26,40,25,0,45004380,3659,128527140,10398,29911
2359,28,40,25,0,45004380,3659,128527140,10398,29939
2360,32,40,25,0,45004380,3659,128527140,10398,29971
2361,32,40,25,0,45004380,3659,128527140,10398,30003
2362,32,40,25,0,45004380,3659,128527140,10398,30035
2363,41,40,25,0,45004380,3659,128527140,10398,30076
2364,30,40,25,0,45004380,3659,128527140,10398,30106
2365,26,40,25,0,45004380,3659,128527140,10398,30132
2366,36,40,25,0,45004380,3659,128527140,10398,30168
2367,35,40,25,0,45004380,3659,128527140,10398,30203
2368,25,40,25,0,45004380,3659,128527140,10398,30228
2369,35,40,25,0,45004380,3659,128527140,10398,30263
2370,36,40,25,0,45004380,3659,128527140,10398,30299
2371,33,40,25,0,45004380,3659,128527140,10398,30332
2372,24,40,25,0,45004380,3659,128527140,10398,30356
2373,38,40,25,0,45004380,3659,128527140,10398,30394
2374,35,40,25,0,45004380,3659,128527140,10398,30429
2375,31,40,25,0,45004380,3659,128527140,10398,30460
2376,36,40,25,0,45004380,3659,128527140,10398,30496
2377,26,40,25,0,45004380,3659,128527140,10398,30522
2378,19,40,25,0,45004380,3659,128527140,10398,30541
2379,33,40,25,0,45004380,3659,128527140,10398,30574
2380,35,40,25,0,45004380,3659,128527140,10398,30609
2381,27,40,25,0,45004380,3659,128527140,10398,30636
2382,32,40,25,0,45004380,3659,128527140,10398,30668
2383,38,40,25,0,45004380,3659,128527140,10398,30706
2384,35,40,25,0,45004380,3659,128527140,10398,30741
2385,32,40,25,0,45004380,3659,128527140,10398,30773
2386,25,40,25,0,45004380,3659,128527140,10398,30798
2387,35,40,25,0,45004380,3659,128527140,10398,30833
2388,25,40,25,0,45004380,3659,128527140,10398,30858
2389,40,40,25,0,45004380,3659,128527140,10398,30898
2390,28,40,25,0,45004380,3659,128527140,10398,30926
2391,29,40,25,0,45004380,3659,128527140,10398,30955
2392,33,40,25,0,45004380,3659,128527140,10398,30988
2393,30,40,25,0,45004380,3659,128527140,10398,31018
2394,29,40,25,0,45004380,3659,128527140,10398,31047
2395,38,40,25,0,45004380,3659,128527140,10398,31085
2396,41,40,25,0,45004380,3659,128527140,10398,31126
2397,33,40,25,0,45004380,3659,128527140,10398,31159
2398,34,40,25,0,45004380,3659,128527140,10398,31193
2399,33,40,25,0,45004380,3659,128527140,10398,31226

