Hour,Arrivals,Waiting,Treating,Available Rooms,Total Treatment Time,Average Treatment Time,Total Wait Time,Average Wait Time,Total Arrivals
1,5,0,4,21,600,600,0,0,5
2,5,0,6,19,11040,2760,0,0,10
3,8,0,10,15,33540,4192,0,0,18
4,1,0,4,21,66780,4452,0,0,19
5,5,0,5,20,92220,4853,0,0,24
6,9,0,11,14,101760,4625,0,0,33
7,8,0,15,10,123660,4756,0,0,41
8,4,0,3,22,204780,4875,0,0,45
9,13,0,13,12,219120,4869,0,0,58
10,13,0,17,8,247020,4574,0,0,71
11,9,0,16,9,295740,4620,0,0,80
12,11,0,14,11,366720,4762,0,0,91
13,7,0,9,16,421920,4740,0,0,98
14,8,0,6,19,462960,4629,0,0,106
15,12,0,15,10,473040,4592,0,0,118
16,17,0,16,9,519480,4365,0,0,135
17,7,0,11,14,573900,4380,0,0,142
18,10,0,12,13,623580,4454,0,0,152
19,11,0,11,14,670920,4413,0,0,163
20,10,0,11,14,716640,4423,0,0,173
21,10,0,10,15,764520,4419,0,0,183
22,5,0,11,14,774300,4374,0,0,188
23,7,0,5,20,840960,4426,0,0,195
24,1,0,4,21,857160,4464,0,0,196
25,5,0,4,21,877920,4456,0,0,201
26,2,0,3,22,893460,4467,0,0,203
27,6,0,7,18,901380,4462,0,0,209
28,6,0,9,16,918540,4458,0,0,215
29,7,0,7,18,957660,4454,0,0,222
30,6,0,5,20,991440,4445,0,0,228
31,10,0,10,15,1007400,4418,0,0,238
32,13,0,14,11,1045560,4411,0,0,251
33,10,0,18,7,1063680,4377,0,0,261
34,12,0,18,7,1131000,4435,0,0,273
35,8,0,11,14,1204440,4460,0,0,281
36,5,0,10,15,1238040,4485,0,0,286
37,12,0,9,16,1295280,4481,0,0,298
38,12,0,15,10,1309020,4437,0,0,310
39,14,0,17,8,1368720,4458,0,0,324
40,11,0,13,12,1426440,4429,0,0,335
41,4,0,7,18,1476300,4446,0,0,339
42,5,0,10,15,1484460,4444,0,0,344
43,7,0,9,16,1539180,4500,0,0,351
44,3,0,7,18,1563780,4506,0,0,354
45,4,0,6,19,1594140,4528,0,0,358
46,5,0,6,19,1615380,4524,0,0,363
47,3,0,4,21,1646400,4548,0,0,366
48,5,0,7,18,1656420,4550,0,0,371
49,8,0,8,17,1687560,4548,0,0,379
50,7,0,9,16,1711800,4540,0,0,386
51,9,0,13,12,1726380,4519,0,0,395
52,7,0,8,17,1789740,4542,0,0,402
53,3,0,5,20,1823940,4559,0,0,405
54,9,0,10,15,1841640,4558,0,0,414
55,7,0,10,15,1871040,4552,0,0,421
56,4,0,9,16,1897080,4560,0,0,425
57,9,0,7,18,1953120,4574,0,0,434
58,11,0,12,13,1973940,4558,0,0,445
59,11,0,16,9,2009400,4566,0,0,456
60,9,0,13,12,2075400,4591,0,0,465
61,11,0,15,10,2123460,4606,0,0,476
62,13,0,19,6,2159700,4595,0,0,489
63,14,0,18,7,2241240,4621,0,0,503
64,8,0,13,12,2309100,4636,0,0,511
65,8,0,9,16,2368380,4643,0,0,519
66,10,0,14,11,2386680,4634,0,0,529
67,13,0,13,12,2458140,4646,0,0,542
68,7,0,10,15,2490480,4620,0,0,549
69,7,0,9,16,2536860,4637,0,0,556
70,6,0,12,13,2553540,4642,0,0,562
71,2,0,4,21,2603640,4649,0,0,564
72,6,0,7,18,2628780,4669,0,0,570
73,5,0,7,18,2649480,4664,0,0,575
74,7,0,11,14,2665740,4668,0,0,582
75,8,0,13,12,2704320,4686,0,0,590
76,5,0,8,17,2758320,4699,0,0,595
77,7,0,9,16,2795220,4713,0,0,602
78,8,0,7,18,2834220,4700,0,0,610
79,12,0,13,12,2855820,4689,0,0,622
80,18,0,23,2,2890140,4684,0,0,640
81,9,0,12,13,2992080,4697,120,0,649
82,15,0,19,6,3037980,4710,120,0,664
83,17,0,24,1,3096540,4713,300,0,681
84,10,0,14,11,3193500,4717,300,0,691
85,6,0,9,16,3249360,4722,300,0,697
86,11,0,10,15,3290640,4714,300,0,708
87,7,0,9,16,3326160,4711,300,0,715
88,10,0,11,14,3359340,4704,300,0,725
89,9,0,12,13,3396540,4704,300,0,734
90,4,0,9,16,3433440,4709,300,0,738
91,9,0,12,13,3463620,4712,300,0,747
92,10,0,15,10,3493980,4708,300,0,757
93,6,0,9,16,3555540,4715,300,0,763
94,7,0,10,15,3591480,4725,300,0,770
95,6,0,7,18,3631860,4722,300,0,776
96,2,0,5,20,3653040,4725,300,0,778
97,8,0,8,17,3679440,4729,300,0,786
98,2,0,6,19,3696540,4727,300,0,788
99,3,0,3,22,3728820,4732,300,0,791
100,2,0,3,22,3735780,4728,300,0,793
101,5,0,6,19,3745200,4728,300,0,798
102,5,0,7,18,3766260,4731,300,0,803
103,6,0,7,18,3792060,4728,300,0,809
104,3,0,6,19,3811020,4728,300,0,812
105,7,0,9,16,3835140,4734,300,0,819
106,10,0,12,13,3872340,4739,300,0,829
107,14,0,17,8,3903660,4725,300,0,843
108,8,0,14,11,3961800,4733,300,0,851
109,10,0,15,10,4021200,4753,300,0,861
110,11,0,13,12,4080600,4750,300,0,872
111,7,0,11,14,4122540,4749,300,0,879
112,6,0,13,12,4140240,4747,300,0,885
113,6,0,8,17,4216740,4775,300,0,891
114,13,0,17,8,4236780,4776,300,0,904
115,8,0,14,11,4288380,4775,300,0,912
116,8,0,12,13,4346340,4786,300,0,920
117,3,0,5,20,4394820,4787,300,0,923
118,8,0,9,16,4414020,4787,300,0,931
119,6,0,7,18,4447560,4782,300,0,937
120,10,0,12,13,4473660,4784,300,0,947
121,7,0,12,13,4507320,4784,300,0,954
122,3,0,5,20,4555260,4784,300,0,957
123,5,0,7,18,4569240,4784,300,0,962
124,8,0,9,16,4598280,4784,300,0,970
125,9,0,8,17,4624320,4762,300,0,979
126,7,0,6,19,4665960,4761,300,0,986
127,8,0,10,15,4683600,4759,300,0,994
128,8,0,12,13,4710840,4758,300,0,1002
129,11,0,14,11,4752420,4757,300,0,1013
130,12,0,15,10,4803180,4755,300,0,1025
131,8,0,9,16,4856220,4742,300,0,1033
132,13,0,15,10,4898100,4750,300,0,1046
133,12,0,18,7,4929120,4739,300,0,1058
134,12,0,15,10,5007480,4746,300,0,1070
135,15,0,16,9,5064720,4737,300,0,1085
136,12,0,16,9,5128620,4744,300,0,1097
137,9,0,15,10,5187360,4754,300,0,1106
138,7,0,12,13,5233800,4753,300,0,1113
139,8,0,9,16,5291340,4758,300,0,1121
140,7,0,10,15,5314020,4753,300,0,1128
141,11,0,12,13,5350260,4747,300,0,1139
142,6,0,9,16,5391360,4745,300,0,1145
143,7,0,8,17,5429100,4745,300,0,1152
144,8,0,10,15,5459460,4747,300,0,1160
145,7,0,8,17,5505360,4750,300,0,1167
146,3,0,5,20,5528040,4745,300,0,1170
147,3,0,3,22,5551140,4744,300,0,1173
148,2,0,4,21,5557020,4745,300,0,1175
149,3,0,5,20,5570760,4749,300,0,1178
150,7,0,8,17,5589900,4749,300,0,1185
151,11,0,12,13,5622420,4748,300,0,1196
152,10,0,14,11,5653500,4742,300,0,1206
153,8,0,11,14,5710380,4746,300,0,1214
154,10,0,14,11,5742840,4746,300,0,1224
155,16,0,20,5,5788560,4744,300,0,1240
156,9,0,12,13,5877780,4751,300,0,1249
157,10,0,11,14,5933880,4754,300,0,1259
158,10,0,13,12,5966040,4750,300,0,1269
159,8,0,12,13,6008940,4750,300,0,1277
160,14,0,16,9,6056760,4750,300,0,1291
161,15,0,18,7,6107640,4741,300,0,1306
162,9,0,11,14,6185040,4743,300,0,1315
163,6,0,11,14,6219720,4747,300,0,1321
164,6,0,8,17,6269700,4753,300,0,1327
165,4,0,6,19,6295740,4751,300,0,1331
166,7,0,8,17,6321060,4752,300,0,1338
167,2,0,5,20,6343920,4752,300,0,1340
168,4,0,5,20,6370680,4757,300,0,1344
169,7,0,8,17,6387660,4756,300,0,1351
170,3,0,7,18,6407280,4756,300,0,1354
171,6,0,6,19,6447960,4762,300,0,1360
172,7,0,9,16,6461160,4757,300,0,1367
173,4,0,7,18,6491760,4759,300,0,1371
174,10,0,12,13,6513780,4758,300,0,1381
175,7,0,10,15,6559320,4760,300,0,1388
176,7,0,11,14,6592560,4763,300,0,1395
177,5,0,8,17,6631200,4763,300,0,1400
178,4,0,6,19,6664860,4767,300,0,1404
179,9,0,8,17,6694320,4764,300,0,1413
180,8,0,9,16,6716640,4756,300,0,1421
181,9,0,13,12,6741720,4757,300,0,1430
182,11,0,17,8,6763560,4749,300,0,1441
183,13,0,14,11,6847020,4754,300,0,1454
184,5,0,10,15,6885840,4752,300,0,1459
185,8,0,7,18,6937020,4751,300,0,1467
186,13,0,17,8,6959820,4757,300,0,1480
187,9,0,12,13,7013880,4748,300,0,1489
188,2,0,4,21,7065780,4751,300,0,1491
189,7,0,6,19,7094280,4754,300,0,1498
190,8,0,10,15,7108440,4751,300,0,1506
191,9,0,12,13,7137660,4748,300,0,1515
192,5,0,7,18,7184580,4748,300,0,1520
193,5,0,7,18,7208280,4748,300,0,1525
194,4,0,5,20,7239420,4750,300,0,1529
195,3,0,0,25,7266420,4743,300,0,1532
196,5,0,5,20,7266420,4743,300,0,1537
197,3,0,6,19,7271460,4740,300,0,1540
198,9,0,8,17,7298640,4736,300,0,1549
199,5,0,8,17,7316160,4732,300,0,1554
200,7,0,10,15,7340760,4732,300,0,1561
201,11,0,9,16,7393320,4730,300,0,1572
202,10,0,10,15,7422180,4721,300,0,1582
203,16,0,18,7,7456440,4719,300,0,1598
204,16,0,20,5,7517160,4715,300,0,1614
205,7,0,18,7,7552500,4711,300,0,1621
206,10,0,17,8,7620540,4721,300,0,1631
207,13,0,13,12,7705320,4724,300,0,1644
208,13,0,16,9,7762620,4730,300,0,1657
209,9,0,12,13,7820280,4728,300,0,1666
210,8,0,10,15,7857180,4721,300,0,1674
211,10,0,12,13,7900860,4725,300,0,1684
212,13,0,18,7,7936140,4726,300,0,1697
213,11,0,18,7,7987320,4726,300,0,1708
214,0,0,3,22,8069760,4732,300,0,1708
215,3,0,2,23,8091720,4734,300,0,1711
216,6,0,6,19,8100840,4734,300,0,1717
217,5,0,5,20,8119800,4729,300,0,1722
218,7,0,10,15,8126880,4727,300,0,1729
219,5,0,7,18,8169900,4730,300,0,1734
220,6,0,10,15,8191200,4734,300,0,1740
221,6,0,7,18,8228580,4731,300,0,1746
222,8,0,7,18,8256900,4726,300,0,1754
223,11,0,10,15,8284680,4720,300,0,1765
224,10,0,15,10,8304960,4718,300,0,1775
225,10,0,15,10,8353620,4719,300,0,1785
226,12,0,18,7,8400900,4722,300,0,1797
227,7,0,11,14,8475180,4726,300,0,1804
228,11,0,13,12,8517660,4726,300,0,1815
229,10,0,12,13,8561280,4722,300,0,1825
230,6,0,7,18,8622180,4727,300,0,1831
231,11,0,13,12,8645340,4726,300,0,1842
232,8,0,12,13,8681640,4723,300,0,1850
233,7,0,8,17,8742720,4728,300,0,1857
234,6,0,10,15,8762100,4728,300,0,1863
235,4,0,6,19,8802060,4729,300,0,1867
236,5,0,7,18,8824920,4731,300,0,1872
237,10,0,14,11,8844660,4734,300,0,1882
238,3,0,9,16,8884800,4736,300,0,1885
239,7,0,6,19,8930340,4735,300,0,1892
240,4,0,5,20,8956260,4736,300,0,1896
241,9,0,9,16,8980740,4736,300,0,1905
242,5,0,7,18,9017040,4738,300,0,1910
243,7,0,6,19,9041820,4731,300,0,1917
244,4,0,6,19,9061920,4732,300,0,1921
245,0,0,2,23,9079380,4731,300,0,1921
246,11,0,9,16,9093540,4728,300,0,1932
247,5,0,10,15,9115860,4730,300,0,1937
248,8,0,12,13,9151320,4734,300,0,1945
249,10,0,13,12,9193800,4734,300,0,1955
250,19,0,23,2,9235620,4733,300,0,1974
251,13,0,18,7,9315300,4730,300,0,1987
252,16,0,24,1,9364860,4732,300,0,2003
253,10,0,16,9,9448560,4731,300,0,2013
254,12,0,18,7,9513840,4740,300,0,2025
255,10,0,15,10,9576960,4741,300,0,2035
256,5,0,7,18,9648960,4746,300,0,2040
257,10,0,9,16,9678540,4742,300,0,2050
258,6,0,9,16,9711540,4744,300,0,2056
259,4,0,6,19,9744240,4744,300,0,2060
260,8,0,8,17,9772500,4743,300,0,2068
261,8,0,10,15,9791340,4739,300,0,2076
262,5,0,7,18,9832260,4740,300,0,2081
263,6,0,7,18,9862560,4741,300,0,2087
264,3,0,8,17,9874320,4742,300,0,2090
265,4,0,4,21,9915480,4744,300,0,2094
266,6,0,8,17,9920940,4742,300,0,2100
267,4,0,7,18,9950580,4745,300,0,2104
268,5,0,8,17,9968280,4744,300,0,2109
269,5,0,6,19,9997440,4742,300,0,2114
270,2,0,3,22,10029060,4746,300,0,2116
271,8,0,6,19,10055100,4747,300,0,2124
272,7,0,8,17,10072200,4744,300,0,2131
273,13,0,16,9,10099680,4746,300,0,2144
274,5,0,13,12,10134480,4744,300,0,2149
275,11,0,15,10,10181460,4746,300,0,2160
276,9,0,12,13,10251540,4752,300,0,2169
277,13,0,14,11,10297020,4749,300,0,2182
278,10,0,15,10,10336140,4747,300,0,2192
279,13,0,14,11,10400880,4747,300,0,2205
280,6,0,9,16,10451520,4746,300,0,2211
281,11,0,12,13,10490460,4746,300,0,2222
282,10,0,12,13,10530900,4743,300,0,2232
283,7,0,7,18,10586280,4742,300,0,2239
284,6,0,7,18,10616340,4743,300,0,2245
285,8,0,10,15,10631160,4739,300,0,2253
286,5,0,6,19,10674000,4739,300,0,2258
287,5,0,8,17,10688100,4739,300,0,2263
288,4,0,7,18,10710720,4739,300,0,2267
289,8,0,8,17,10744920,4739,300,0,2275
290,2,0,4,21,10781460,4743,300,0,2277
291,8,0,8,17,10803000,4744,300,0,2285
292,3,0,7,18,10815720,4741,300,0,2288
293,8,0,10,15,10843500,4743,300,0,2296
294,0,0,6,19,10863180,4743,300,0,2296
295,12,0,10,15,10906560,4746,300,0,2308
296,9,0,14,11,10927800,4745,300,0,2317
297,9,0,9,16,10985700,4741,300,0,2326
298,4,0,6,19,11023680,4743,300,0,2330
299,10,0,11,14,11049720,4744,300,0,2340
300,15,0,15,10,11091120,4739,300,0,2355
301,6,0,10,15,11142060,4739,300,0,2361
302,8,0,10,15,11195820,4746,300,0,2369
303,8,0,10,15,11222700,4741,300,0,2377
304,10,0,11,14,11272260,4744,300,0,2387
305,6,0,10,15,11309160,4745,300,0,2393
306,6,0,10,15,11335620,4744,300,0,2399
307,11,0,12,13,11383680,4747,300,0,2410
308,5,0,8,17,11426100,4747,300,0,2415
309,6,0,10,15,11450040,4749,300,0,2421
310,6,0,5,20,11490180,4744,300,0,2427
311,8,0,8,17,11509080,4742,300,0,2435
312,6,0,10,15,11527800,4741,300,0,2441
313,4,0,4,21,11575080,4741,300,0,2445
314,5,0,5,20,11592840,4741,300,0,2450
315,5,0,8,17,11597760,4739,300,0,2455
316,6,0,10,15,11616180,4739,300,0,2461
317,10,0,14,11,11654160,4743,300,0,2471
318,6,0,7,18,11723520,4746,300,0,2477
319,14,0,17,8,11739600,4745,300,0,2491
320,8,0,12,13,11796660,4743,300,0,2499
321,3,0,5,20,11855760,4748,300,0,2502
322,12,0,12,13,11878260,4747,300,0,2514
323,14,0,14,11,11925420,4743,300,0,2528
324,11,0,15,10,11966580,4741,300,0,2539
325,11,0,14,11,12023940,4741,300,0,2550
326,6,0,12,13,12062040,4741,300,0,2556
327,5,0,7,18,12120540,4745,300,0,2561
328,11,0,10,15,12144120,4740,300,0,2572
329,12,0,16,9,12168900,4738,300,0,2584
330,6,0,13,12,12211800,4738,300,0,2590
331,8,0,9,16,12283440,4744,300,0,2598
332,2,0,6,19,12306900,4744,300,0,2600
333,8,0,7,18,12340440,4744,300,0,2608
334,5,0,9,16,12358020,4745,300,0,2613
335,2,0,5,20,12394860,4748,300,0,2615
336,8,0,8,17,12417900,4748,300,0,2623
337,7,0,10,15,12436440,4746,300,0,2630
338,2,0,6,19,12474300,4750,300,0,2632
339,5,0,7,18,12499320,4752,300,0,2637
340,8,0,9,16,12532860,4754,300,0,2645
341,6,0,8,17,12566460,4754,300,0,2651
342,3,0,5,20,12601860,4757,300,0,2654
343,6,0,5,20,12622320,4754,300,0,2660
344,10,0,12,13,12635580,4753,300,0,2670
345,7,0,9,16,12669960,4748,300,0,2677
346,7,0,10,15,12702780,4750,300,0,2684
347,10,0,10,15,12749880,4750,300,0,2694
348,11,0,15,10,12771000,4747,300,0,2705
349,16,0,17,8,12839580,4748,300,0,2721
350,4,0,8,17,12908760,4751,300,0,2725
351,12,0,12,13,12940920,4748,300,0,2737
352,9,0,13,12,12973500,4746,300,0,2746
353,7,0,12,13,13009980,4746,300,0,2753
354,10,0,15,10,13043280,4746,300,0,2763
355,10,0,12,13,13102980,4745,300,0,2773
356,3,0,4,21,13158120,4746,300,0,2776
357,6,0,6,19,13173780,4745,300,0,2782
358,7,0,8,17,13193760,4744,300,0,2789
359,7,0,9,16,13219800,4743,300,0,2796
360,9,0,11,14,13250220,4742,300,0,2805
361,5,0,9,16,13278480,4740,300,0,2810
362,6,0,6,19,13324980,4741,300,0,2816
363,10,0,12,13,13336500,4739,300,0,2826
364,6,0,12,13,13366920,4740,300,0,2832
365,3,0,8,17,13408980,4743,300,0,2835
366,7,0,8,17,13452840,4746,300,0,2842
367,9,0,11,14,13477500,4745,300,0,2851
368,4,0,10,15,13510020,4748,300,0,2855
369,10,0,9,16,13565880,4749,300,0,2865
370,3,0,7,18,13586640,4748,300,0,2868
371,11,0,12,13,13616160,4749,300,0,2879
372,10,0,14,11,13648320,4747,300,0,2889
373,6,0,11,14,13693140,4747,300,0,2895
374,8,0,12,13,13731780,4749,300,0,2903
375,7,0,10,15,13778700,4751,300,0,2910
376,8,0,9,16,13821300,4751,300,0,2918
377,11,0,14,11,13852440,4752,300,0,2929
378,10,0,14,11,13897020,4751,300,0,2939
379,10,0,13,12,13945680,4749,300,0,2949
380,9,0,16,9,13981800,4752,300,0,2958
381,6,0,8,17,14046360,4751,300,0,2964
382,9,0,11,14,14077440,4752,300,0,2973
383,7,0,10,15,14117580,4753,300,0,2980
384,4,0,6,19,14153820,4752,300,0,2984
385,2,0,2,23,14184240,4753,300,0,2986
386,5,0,4,21,14195220,4752,300,0,2991
387,8,0,9,16,14202900,4750,300,0,2999
388,7,0,10,15,14228100,4749,300,0,3006
389,9,0,11,14,14257260,4746,300,0,3015
390,8,0,8,17,14307300,4745,300,0,3023
391,5,0,6,19,14338620,4744,300,0,3028
392,10,0,11,14,14351820,4741,300,0,3038
393,6,0,12,13,14382960,4743,300,0,3044
394,4,0,6,19,14428200,4742,300,0,3048
395,12,0,12,13,14463180,4745,300,0,3060
396,13,0,11,14,14506860,4737,300,0,3073
397,12,0,16,9,14539140,4737,300,0,3085
398,18,0,20,5,14585700,4731,300,0,3103
399,11,0,18,7,14650380,4732,300,0,3114
400,9,0,15,10,14714580,4734,300,0,3123
401,10,0,11,14,14777220,4733,300,0,3133
402,6,0,8,17,14821320,4733,300,0,3139
403,10,0,12,13,14850900,4734,300,0,3149
404,9,0,11,14,14894760,4733,300,0,3158
405,5,0,9,16,14934420,4735,300,0,3163
406,9,0,13,12,14966280,4737,300,0,3172
407,8,0,12,13,15009180,4737,300,0,3180
408,5,0,9,16,15063660,4742,300,0,3185
409,9,0,13,12,15086220,4742,300,0,3194
410,5,0,6,19,15149280,4744,300,0,3199
411,3,0,2,23,15175440,4742,300,0,3202
412,5,0,6,19,15183120,4743,300,0,3207
413,8,0,11,14,15198660,4743,300,0,3215
414,9,0,13,12,15225960,4741,300,0,3224
415,5,0,9,16,15268860,4741,300,0,3229
416,7,0,12,13,15289620,4742,300,0,3236
417,15,0,21,4,15321960,4743,300,0,3251
418,10,0,20,5,15376380,4744,300,0,3261
419,11,0,17,8,15462960,4750,300,0,3272
420,14,0,19,6,15527580,4752,300,0,3286
421,8,0,15,10,15590700,4754,300,0,3294
422,11,0,14,11,15652200,4756,300,0,3305
423,13,0,15,10,15704760,4754,300,0,3318
424,3,0,9,16,15748320,4754,300,0,3321
425,9,0,11,14,15797520,4759,300,0,3330
426,14,0,14,11,15840240,4756,300,0,3344
427,10,0,18,7,15869940,4757,300,0,3354
428,5,0,12,13,15938880,4762,300,0,3359
429,5,0,5,20,16010580,4766,300,0,3364
430,5,0,4,21,16027080,4762,300,0,3369
431,2,0,2,23,16043580,4762,300,0,3371
432,4,0,5,20,16049460,4762,300,0,3375
433,4,0,5,20,16063980,4761,300,0,3379
434,0,0,2,23,16075740,4760,300,0,3379
435,10,0,8,17,16091400,4759,300,0,3389
436,3,0,5,20,16117200,4758,300,0,3392
437,7,0,5,20,16142280,4756,300,0,3399
438,5,0,7,18,16158240,4756,300,0,3404
439,6,0,8,17,16181520,4756,300,0,3410
440,8,0,10,15,16201440,4753,300,0,3418
441,7,0,10,15,16240080,4755,300,0,3425
442,10,0,12,13,16278120,4755,300,0,3435
443,14,0,15,10,16315440,4751,300,0,3449
444,12,0,20,5,16355760,4753,300,0,3461
445,13,0,17,8,16442460,4756,300,0,3474
446,14,0,15,10,16510200,4753,300,0,3488
447,10,0,11,14,16574460,4753,300,0,3498
448,5,0,8,17,16612320,4753,300,0,3503
449,4,0,6,19,16644000,4754,300,0,3507
450,12,0,15,10,16664880,4755,300,0,3519
451,9,0,16,9,16698720,4754,300,0,3528
452,6,0,9,16,16760160,4754,300,0,3534
453,12,0,13,12,16803660,4756,300,0,3546
454,1,0,6,19,16843380,4756,300,0,3547
455,6,0,5,20,16886640,4759,300,0,3553
456,5,0,8,17,16892220,4758,300,0,3558
457,6,0,8,17,16927260,4760,300,0,3564
458,5,0,7,18,16959300,4761,300,0,3569
459,8,0,11,14,16975200,4760,300,0,3577
460,7,0,9,16,17017920,4760,300,0,3584
461,7,0,10,15,17041380,4758,300,0,3591
462,4,0,8,17,17073360,4759,300,0,3595
463,10,0,12,13,17101920,4759,300,0,3605
464,10,0,13,12,17137440,4757,300,0,3615
465,7,0,12,13,17177880,4758,300,0,3622
466,9,0,12,13,17220720,4758,300,0,3631
467,16,0,23,2,17242020,4757,300,0,3647
468,12,0,16,9,17319000,4754,300,0,3659
469,7,0,9,16,17387880,4754,300,0,3666
470,12,0,13,12,17426100,4754,300,0,3678
471,11,0,14,11,17466600,4752,300,0,3689
472,9,0,14,11,17510280,4753,300,0,3698
473,10,0,12,13,17563020,4751,300,0,3708
474,11,0,15,10,17616120,4755,300,0,3719
475,11,0,14,11,17669700,4755,300,0,3730
476,12,0,18,7,17709660,4755,300,0,3742
477,4,0,12,13,17766240,4757,300,0,3746
478,6,0,10,15,17811180,4759,300,0,3752
479,5,0,8,17,17841060,4758,300,0,3757
480,11,0,11,14,17889900,4761,300,0,3768
481,3,0,5,20,17925900,4759,300,0,3771
482,6,0,7,18,17943900,4759,300,0,3777
483,7,0,6,19,17968080,4755,300,0,3784
484,8,0,11,14,17989260,4757,300,0,3792
485,9,0,13,12,18024480,4758,300,0,3801
486,6,0,11,14,18064380,4758,300,0,3807
487,5,0,9,16,18101760,4759,300,0,3812
488,5,0,8,17,18138360,4761,300,0,3817
489,11,0,8,17,18172200,4757,300,0,3828
490,9,0,11,14,18194700,4755,300,0,3837
491,9,0,9,16,18244800,4754,300,0,3846
492,5,0,9,16,18279480,4757,300,0,3851
493,11,0,14,11,18315840,4759,300,0,3862
494,17,0,20,5,18366840,4759,300,0,3879
495,11,0,18,7,18416460,4756,300,0,3890
496,9,0,14,11,18480360,4756,300,0,3899
497,7,0,7,18,18550680,4757,300,0,3906
498,10,0,10,15,18583260,4757,300,0,3916
499,6,0,12,13,18601260,4757,300,0,3922
500,6,0,7,18,18657720,4758,300,0,3928
501,3,0,6,19,18670200,4756,300,0,3931
502,8,0,10,15,18696060,4758,300,0,3939
503,10,0,14,11,18727200,4759,300,0,3949
504,6,0,13,12,18768240,4761,300,0,3955
505,6,0,9,16,18824160,4763,300,0,3961
506,2,0,2,23,18862860,4762,300,0,3963
507,6,0,7,18,18870060,4762,300,0,3969
508,3,0,6,19,18888000,4762,300,0,3972
509,6,0,6,19,18921420,4763,300,0,3978
510,3,0,4,21,18949980,4764,300,0,3981
511,14,0,11,14,18973560,4762,300,0,3995
512,12,0,17,8,18995820,4760,300,0,4007
513,9,0,12,13,19068000,4762,300,0,4016
514,10,0,15,10,19101720,4762,300,0,4026
515,15,0,16,9,19153920,4758,300,0,4041
516,8,0,15,10,19201500,4759,300,0,4049
517,4,0,5,20,19275360,4761,300,0,4053
518,10,0,14,11,19284360,4762,300,0,4063
519,8,0,13,12,19328400,4763,300,0,4071
520,9,0,14,11,19374000,4764,300,0,4080
521,13,0,13,12,19440420,4764,300,0,4093
522,16,0,19,6,19475160,4761,300,0,4109
523,7,0,12,13,19540200,4761,300,0,4116
524,5,0,9,16,19573020,4759,300,0,4121
525,11,0,11,14,19619940,4760,300,0,4132
526,11,0,17,8,19638120,4759,300,0,4143
527,5,0,8,17,19698960,4758,300,0,4148
528,4,0,4,21,19746180,4760,300,0,4152
529,3,0,5,20,19752000,4759,300,0,4155
530,7,0,9,16,19769040,4760,300,0,4162
531,2,0,6,19,19790400,4759,300,0,4164
532,6,0,7,18,19819320,4760,300,0,4170
533,5,0,9,16,19831200,4760,300,0,4175
534,7,0,9,16,19874400,4762,300,0,4182
535,4,0,7,18,19903320,4762,300,0,4186
536,3,0,2,23,19940040,4762,300,0,4189
537,3,0,2,23,19950540,4761,300,0,4192
538,10,0,9,16,19957860,4759,300,0,4202
539,9,0,13,12,19975740,4758,300,0,4211
540,10,0,15,10,20018040,4759,300,0,4221
541,9,0,15,10,20063760,4760,300,0,4230
542,10,0,10,15,20134980,4760,300,0,4240
543,14,0,16,9,20167140,4758,300,0,4254
544,12,0,17,8,20221320,4759,300,0,4266
545,10,0,13,12,20280900,4757,300,0,4276
546,7,0,7,18,20341680,4757,300,0,4283
547,5,0,9,16,20361660,4758,300,0,4288
548,13,0,15,10,20400660,4759,300,0,4301
549,1,0,7,18,20446200,4760,300,0,4302
550,4,0,4,21,20488920,4762,300,0,4306
551,5,0,4,21,20509560,4761,300,0,4311
552,4,0,6,19,20518860,4761,300,0,4315
553,2,0,2,23,20549640,4762,300,0,4317
554,5,0,6,19,20553660,4762,300,0,4322
555,7,0,6,19,20578020,4760,300,0,4329
556,1,0,2,23,20604000,4760,300,0,4330
557,7,0,6,19,20612100,4759,300,0,4337
558,6,0,7,18,20635500,4759,300,0,4343
559,7,0,7,18,20655840,4756,300,0,4350
560,5,0,6,19,20678040,4754,300,0,4355
561,10,0,11,14,20702460,4754,300,0,4365
562,12,0,17,8,20727120,4753,300,0,4377
563,7,0,10,15,20781240,4751,300,0,4384
564,14,0,18,7,20818800,4753,300,0,4398
565,9,0,17,8,20864580,4752,300,0,4407
566,8,0,12,13,20935740,4754,300,0,4415
567,12,0,16,9,20971260,4754,300,0,4427
568,9,0,9,16,21051480,4755,300,0,4436
569,10,0,11,14,21081420,4753,300,0,4446
570,7,0,9,16,21119880,4752,300,0,4453
571,4,0,8,17,21149160,4753,300,0,4457
572,10,0,9,16,21192840,4753,300,0,4467
573,5,0,8,17,21220020,4753,300,0,4472
574,8,0,11,14,21248340,4754,300,0,4480
575,9,0,6,19,21303060,4751,300,0,4489
576,9,0,8,17,21326460,4749,300,0,4498
577,7,0,9,16,21363540,4751,300,0,4505
578,1,0,2,23,21393660,4749,300,0,4506
579,6,0,7,18,21401280,4750,300,0,4512
580,5,0,9,16,21419100,4751,300,0,4517
581,10,0,13,12,21447120,4751,300,0,4527
582,3,0,6,19,21495780,4751,300,0,4530
583,7,0,5,20,21523260,4749,300,0,4537
584,16,0,14,11,21550440,4747,300,0,4553
585,8,0,14,11,21585840,4747,300,0,4561
586,11,0,12,13,21646020,4746,300,0,4572
587,15,0,17,8,21693420,4746,300,0,4587
588,6,0,12,13,21738420,4745,300,0,4593
589,5,0,9,16,21787980,4747,300,0,4598
590,12,0,14,11,21829140,4749,300,0,4610
591,14,0,15,10,21875820,4746,300,0,4624
592,10,0,13,12,21914760,4742,300,0,4634
593,12,0,17,8,21952080,4742,300,0,4646
594,10,0,15,10,22007040,4741,300,0,4656
595,3,0,9,16,22053360,4742,300,0,4659
596,5,0,8,17,22094940,4745,300,0,4664
597,3,0,7,18,22123740,4747,300,0,4667
598,5,0,8,17,22144080,4747,300,0,4672
599,7,0,9,16,22171320,4747,300,0,4679
600,6,0,8,17,22205220,4747,300,0,4685
601,2,0,4,21,22228740,4746,300,0,4687
602,9,0,9,16,22249260,4747,300,0,4696
603,7,0,10,15,22268040,4744,300,0,4703
604,6,0,8,17,22303620,4744,300,0,4709
605,9,0,9,16,22337760,4743,300,0,4718
606,7,0,11,14,22358760,4743,300,0,4725
607,9,0,13,12,22390440,4742,300,0,4734
608,8,0,10,15,22453200,4744,300,0,4742
609,12,0,13,12,22500360,4745,300,0,4754
610,8,0,15,10,22523880,4744,300,0,4762
611,7,0,13,12,22574520,4746,300,0,4769
612,9,0,14,11,22614720,4747,300,0,4778
613,13,0,18,7,22671300,4749,300,0,4791
614,12,0,17,8,22728180,4748,300,0,4803
615,5,0,11,14,22793100,4751,300,0,4808
616,12,0,14,11,22842420,4752,300,0,4820
617,10,0,9,16,22899000,4749,300,0,4830
618,12,0,15,10,22935960,4751,300,0,4842
619,7,0,14,11,22984860,4753,300,0,4849
620,5,0,8,17,23031840,4752,300,0,4854
621,6,0,6,19,23072400,4753,300,0,4860
622,6,0,10,15,23082960,4753,300,0,4866
623,9,0,12,13,23115060,4753,300,0,4875
624,3,0,9,16,23152500,4755,300,0,4878
625,8,0,9,16,23199300,4756,300,0,4886
626,6,0,8,17,23229900,4756,300,0,4892
627,9,0,10,15,23261940,4756,300,0,4901
628,7,0,10,15,23287560,4754,300,0,4908
629,4,0,9,16,23320860,4756,300,0,4912
630,10,0,11,14,23369460,4758,300,0,4922
631,10,0,14,11,23403300,4758,300,0,4932
632,9,0,12,13,23454900,4758,300,0,4941
633,11,0,12,13,23503680,4757,300,0,4952
634,11,0,15,10,23537340,4756,300,0,4963
635,10,0,15,10,23586660,4757,300,0,4973
636,15,0,20,5,23628180,4756,420,0,4988
637,10,0,15,10,23709300,4758,420,0,4998
638,16,0,19,6,23770080,4758,420,0,5014
639,6,0,14,11,23831280,4760,420,0,5020
640,10,0,8,17,23910960,4761,420,0,5030
641,16,0,18,7,23927340,4758,420,0,5046
642,6,0,15,10,23972460,4759,420,0,5052
643,8,0,10,15,24037380,4759,420,0,5060
644,9,0,13,12,24068100,4760,420,0,5069
645,11,0,14,11,24123360,4761,420,0,5080
646,9,0,14,11,24152940,4759,420,0,5089
647,8,0,10,15,24223380,4761,420,0,5097
648,6,0,8,17,24256620,4760,420,0,5103
649,4,0,8,17,24284520,4762,420,0,5107
650,6,0,7,18,24317580,4762,420,0,5113
651,3,0,5,20,24335280,4761,420,0,5116
652,5,0,7,18,24363600,4764,420,0,5121
653,7,0,10,15,24381960,4763,420,0,5128
654,7,0,10,15,24415080,4763,420,0,5135
655,8,0,9,16,24452400,4762,420,0,5143
656,10,0,13,12,24480060,4762,420,0,5153
657,7,0,13,12,24515940,4763,420,0,5160
658,6,0,9,16,24574320,4765,420,0,5166
659,16,0,17,8,24621420,4766,420,0,5182
660,10,0,16,9,24655440,4763,420,0,5192
661,15,0,17,8,24718680,4762,420,0,5207
662,16,0,22,3,24760740,4760,420,0,5223
663,7,0,17,8,24841680,4765,420,0,5230
664,11,0,15,10,24921720,4768,420,0,5241
665,15,0,20,5,24963360,4767,420,0,5256
666,10,0,15,10,25035840,4767,420,0,5266
667,8,0,13,12,25093800,4769,420,0,5274
668,9,0,15,10,25128120,4769,420,0,5283
669,4,0,9,16,25185360,4771,420,0,5287
670,5,0,4,21,25234500,4772,420,0,5292
671,9,0,9,16,25244820,4770,420,0,5301
672,8,0,9,16,25277340,4769,420,0,5309
673,3,0,12,13,25277340,4769,420,0,5312
674,4,0,14,11,25285140,4768,420,0,5316
675,6,0,16,9,25303080,4768,420,0,5322
676,9,0,19,6,25327440,4767,420,0,5331
677,11,0,19,6,25379160,4767,420,0,5342
678,6,0,21,4,25402020,4768,420,0,5348
679,7,0,17,8,25457700,4769,420,0,5355
680,13,0,21,4,25503480,4769,420,0,5368
681,10,0,25,0,25532760,4769,480,0,5378
682,8,0,15,10,25609200,4768,480,0,5386
683,12,0,20,5,25632000,4766,480,0,5398
684,10,0,23,2,25658820,4764,900,0,5408
685,8,0,25,0,25697880,4766,2040,0,5416
686,10,0,21,4,25775100,4768,2160,0,5426
687,8,0,21,4,25813980,4768,2160,0,5434
688,9,0,17,8,25876740,4769,2160,0,5443
689,12,0,24,1,25902600,4769,2160,0,5455
690,9,0,22,3,25947720,4768,2460,0,5464
691,5,0,17,8,26009040,4770,2460,0,5469
692,7,0,16,9,26051640,4771,2460,0,5476
693,9,0,20,5,26070480,4770,2460,0,5485
694,4,0,16,9,26113320,4771,2460,0,5489
695,7,0,18,7,26146980,4773,2460,0,5496
696,2,0,15,10,26178180,4774,2460,0,5498
697,3,0,14,11,26204040,4775,2460,0,5501
698,8,0,15,10,26238840,4775,2460,0,5509
699,4,0,14,11,26259720,4775,2460,0,5513
700,3,0,13,12,26278440,4775,2460,0,5516
701,7,0,14,11,26309520,4775,2460,0,5523
702,6,0,15,10,26325300,4774,2460,0,5529
703,6,0,15,10,26349300,4773,2460,0,5535
704,12,0,21,4,26373360,4772,2460,0,5547
705,5,0,15,10,26421180,4771,2460,0,5552
706,11,0,18,7,26452200,4770,2460,0,5563
707,12,0,22,3,26484420,4769,2460,0,5575
708,10,0,21,4,26530680,4768,2460,0,5585
709,13,0,23,2,26573640,4766,2460,0,5598
710,3,0,14,11,26626920,4765,2460,0,5601
711,10,0,19,6,26656560,4766,2460,0,5611
712,12,0,25,0,26674560,4765,2460,0,5623
713,8,0,23,2,26716920,4764,2580,0,5631
714,10,0,17,8,26800740,4765,2640,0,5641
715,5,0,17,8,26827920,4766,2640,0,5646
716,4,0,15,10,26855160,4765,2640,0,5650
717,10,0,19,6,26887620,4766,2640,0,5660
718,5,0,15,10,26930580,4766,2640,0,5665
719,6,0,14,11,26959440,4765,2640,0,5671
720,7,0,16,9,26984400,4765,2640,0,5678
721,5,0,17,8,26996820,4764,2640,0,5683
722,5,0,18,7,27015060,4764,2640,0,5688
723,4,0,17,8,27047820,4766,2640,0,5692
724,8,0,21,4,27073200,4767,2640,0,5700
725,9,0,22,3,27115740,4768,2940,0,5709
726,4,0,15,10,27180540,4770,2940,0,5713
727,7,0,16,9,27215220,4771,2940,0,5720
728,6,0,15,10,27251940,4771,2940,0,5726
729,8,0,18,7,27267000,4770,2940,0,5734
730,16,2,25,0,27299340,4770,2940,0,5750
731,11,3,25,0,27353100,4771,15060,2,5761
732,14,8,25,0,27407460,4773,21240,3,5775
733,6,1,25,0,27479100,4774,48480,8,5781
734,11,0,20,5,27533160,4770,53520,9,5792
735,16,2,25,0,27582180,4771,55020,9,5808
736,9,0,24,1,27622620,4768,56220,9,5817
737,11,0,23,2,27689400,4769,56220,9,5828
738,11,0,23,2,27739080,4769,56640,9,5839
739,9,0,19,6,27788040,4767,56640,9,5848
740,11,0,20,5,27828960,4766,56640,9,5859
741,7,0,21,4,27859260,4766,56640,9,5866
742,8,0,17,8,27927240,4768,56640,9,5874
743,5,0,18,7,27943380,4767,56640,9,5879
744,5,0,16,9,27976380,4767,56640,9,5884
745,7,0,17,8,28014360,4769,56640,9,5891
746,3,0,12,13,28049220,4768,56640,9,5894
747,7,0,15,10,28063560,4767,56640,9,5901
748,7,0,19,6,28077540,4767,56640,9,5908
749,8,0,17,8,28119060,4766,56640,9,5916
750,7,0,21,4,28134840,4767,56640,9,5923
751,10,0,20,5,28187340,4767,56700,9,5933
752,11,0,20,5,28241940,4767,56700,9,5944
753,13,0,25,0,28271940,4766,57000,9,5957
754,7,0,18,7,28330200,4764,57240,9,5964
755,13,0,23,2,28366740,4764,57240,9,5977
756,12,4,25,0,28389060,4763,58680,9,5989
757,12,2,25,0,28468440,4765,67680,11,6001
758,10,0,19,6,28545120,4763,72240,12,6011
759,9,0,20,5,28583220,4763,72240,12,6020
760,17,6,25,0,28618500,4764,73440,12,6037
761,6,0,21,4,28682220,4762,83220,13,6043
762,6,0,17,8,28739580,4764,83220,13,6049
763,7,0,17,8,28772280,4764,83220,13,6056
764,6,0,16,9,28812060,4765,83220,13,6062
765,6,0,17,8,28837680,4765,83220,13,6068
766,9,0,17,8,28882980,4766,83220,13,6077
767,5,0,16,9,28907040,4765,83220,13,6082
768,4,0,14,11,28934940,4765,83220,13,6086
769,5,0,16,9,28948620,4765,83220,13,6091
770,7,0,19,6,28967640,4765,83220,13,6098
771,6,0,19,6,29000880,4765,83220,13,6104
772,10,0,20,5,29044320,4766,83220,13,6114
773,9,0,23,2,29067900,4765,83220,13,6123
774,9,0,18,7,29138940,4765,83220,13,6132
775,6,0,16,9,29176860,4765,83220,13,6138
776,9,0,20,5,29199300,4765,83220,13,6147
777,11,0,22,3,29238840,4765,83220,13,6158
778,13,1,25,0,29289060,4766,86820,14,6171
779,10,5,25,0,29324760,4767,90060,14,6181
780,12,2,25,0,29403480,4768,102180,16,6193
781,20,9,25,0,29462280,4768,105120,16,6213
782,5,3,25,0,29523660,4769,125160,20,6218
783,17,11,25,0,29580000,4771,139080,22,6235
784,5,4,25,0,29650260,4773,155640,24,6240
785,14,7,25,0,29709420,4774,166080,26,6254
786,12,7,25,0,29773860,4776,174240,27,6266
787,13,5,25,0,29843040,4775,216720,34,6279
788,6,0,19,6,29900100,4771,261300,41,6285
789,11,0,20,5,29952180,4772,261300,41,6296
790,8,0,21,4,29984640,4772,261300,41,6304
791,9,0,21,4,30028440,4772,261300,41,6313
792,6,0,16,9,30079560,4772,261300,41,6319
793,5,0,12,13,30120120,4771,261300,41,6324
794,8,0,17,8,30125940,4770,261300,41,6332
795,4,0,14,11,30156060,4770,261300,41,6336
796,6,0,11,14,30187920,4768,261300,41,6342
797,8,0,16,9,30197640,4767,261300,41,6350
798,7,0,19,6,30209220,4766,261300,41,6357
799,12,0,21,4,30263220,4767,261300,41,6369
800,7,0,17,8,30303360,4765,261300,40,6376
801,14,0,24,1,30338880,4765,261300,40,6390
802,8,0,22,3,30382980,4765,262440,41,6398
803,10,0,21,4,30438300,4765,265320,41,6408
804,11,0,22,3,30502740,4768,265980,41,6419
805,7,0,18,7,30554100,4768,265980,41,6426
806,5,0,15,10,30596340,4768,265980,41,6431
807,8,0,18,7,30626340,4769,265980,41,6439
808,7,0,16,9,30664740,4769,265980,41,6446
809,7,0,18,7,30682080,4768,265980,41,6453
810,7,0,15,10,30721680,4766,265980,41,6460
811,7,0,16,9,30748560,4766,265980,41,6467
812,5,0,13,12,30785820,4766,265980,41,6472
813,8,0,18,7,30798300,4766,265980,41,6480
814,2,0,12,13,30837540,4766,265980,41,6482
815,4,0,12,13,30855240,4766,265980,41,6486
816,6,0,14,11,30870660,4765,265980,40,6492
817,4,0,13,12,30890580,4764,265980,40,6496
818,6,0,13,12,30915360,4764,265980,40,6502
819,6,0,15,10,30935100,4764,265980,40,6508
820,3,0,16,9,30947460,4764,265980,40,6511
821,6,0,17,8,30977100,4765,265980,40,6517
822,7,0,18,7,31017540,4767,265980,40,6524
823,8,0,17,8,31060320,4767,265980,40,6532
824,5,0,13,12,31096080,4766,265980,40,6537
825,5,0,16,9,31109160,4766,265980,40,6542
826,19,1,25,0,31151640,4766,266040,40,6561
827,9,0,22,3,31202580,4765,266280,40,6570
828,16,0,25,0,31256040,4763,268200,40,6586
829,6,0,18,7,31312440,4763,268200,40,6592
830,7,0,16,9,31351020,4762,268200,40,6599
831,7,0,17,8,31383360,4762,268200,40,6606
832,12,0,24,1,31398060,4761,268200,40,6618
833,15,1,25,0,31453080,4760,268200,40,6633
834,10,0,24,1,31507020,4760,269040,40,6643
835,4,0,17,8,31570500,4761,269040,40,6647
836,6,0,16,9,31601820,4761,269040,40,6653
837,5,0,16,9,31630500,4762,269040,40,6658
838,3,0,12,13,31670700,4763,269040,40,6661
839,9,0,17,8,31683780,4762,269040,40,6670
840,1,0,13,12,31709820,4762,269040,40,6671
841,6,0,15,10,31734900,4763,269040,40,6677
842,1,0,13,12,31751340,4763,269040,40,6678
843,1,0,9,16,31775520,4763,269040,40,6679
844,6,0,13,12,31785420,4764,269040,40,6685
845,6,0,15,10,31799940,4763,269040,40,6691
846,7,0,16,9,31822320,4762,269040,40,6698
847,10,0,20,5,31850580,4762,269040,40,6708
848,9,0,18,7,31897080,4761,269040,40,6717
849,11,0,19,6,31938360,4760,269040,39,6728
850,9,0,22,3,31970820,4761,269040,39,6737
851,10,0,20,5,32031180,4761,269040,39,6747
852,16,0,24,1,32073660,4759,269040,39,6763
853,16,3,25,0,32121480,4758,276720,40,6779
854,9,0,24,1,32191500,4759,287880,42,6788
855,9,0,22,3,32245440,4759,291060,42,6797
856,10,0,20,5,32305080,4759,291060,42,6807
857,11,0,24,1,32353260,4762,291480,42,6818
858,9,0,21,4,32406900,4761,291480,42,6827
859,14,0,25,0,32457180,4761,291840,42,6841
860,10,0,22,3,32514960,4761,291840,42,6851
861,7,0,20,5,32553300,4760,291900,42,6858
862,5,0,18,7,32594700,4761,291900,42,6863
863,7,0,16,9,32646420,4763,291900,42,6870
864,2,0,9,16,32685720,4762,291900,42,6872
865,4,0,13,12,32685720,4762,291900,42,6876
866,4,0,14,11,32698620,4762,291900,42,6880
867,7,0,18,7,32714700,4762,291900,42,6887
868,4,0,15,10,32749800,4762,291900,42,6891
869,8,0,18,7,32771700,4762,291900,42,6899
870,11,0,20,5,32815320,4762,291900,42,6910
871,11,0,25,0,32841780,4762,291900,42,6921
872,6,0,18,7,32901720,4762,291900,42,6927
873,5,0,17,8,32933640,4762,291900,42,6932
874,6,0,15,10,32980140,4763,291900,42,6938
875,9,0,20,5,32999820,4763,291900,42,6947
876,8,0,20,5,33042300,4764,291900,41,6955
877,15,0,23,2,33090540,4763,293400,42,6970
878,8,0,21,4,33140040,4763,293400,42,6978
879,7,0,20,5,33182160,4764,293400,42,6985
880,9,0,21,4,33222000,4764,293400,41,6994
881,7,0,17,8,33268800,4763,293400,41,7001
882,3,0,12,13,33307500,4763,293400,41,7004
883,5,0,14,11,33321240,4763,293400,41,7009
884,5,0,13,12,33338460,4761,293400,41,7014
885,10,0,20,5,33352380,4761,293400,41,7024
886,6,0,18,7,33384300,4761,293400,41,7030
887,6,0,15,10,33430380,4761,293400,41,7036
888,1,0,11,14,33449820,4760,293400,41,7037
889,5,0,13,12,33466140,4761,293400,41,7042
890,2,0,11,14,33489300,4761,293400,41,7044
891,5,0,13,12,33500820,4761,293400,41,7049
892,7,0,17,8,33513720,4761,293400,41,7056
893,10,0,23,2,33536460,4761,293400,41,7066
894,6,0,20,5,33579360,4761,293400,41,7072
895,10,0,20,5,33636300,4762,293400,41,7082
896,11,0,22,3,33681120,4763,293400,41,7093
897,7,0,20,5,33721680,4762,293400,41,7100
898,13,0,23,2,33778620,4764,293400,41,7113
899,8,0,21,4,33823800,4763,293400,41,7121
900,10,0,19,6,33877440,4763,293400,41,7131
901,7,0,14,11,33923940,4761,293400,41,7138
902,9,0,20,5,33936000,4761,293400,41,7147
903,7,0,18,7,33972060,4760,293400,41,7154
904,10,0,21,4,34012320,4761,293400,40,7164
905,7,0,24,1,34036920,4762,293400,40,7171
906,11,0,24,1,34103280,4764,293460,40,7182
907,9,0,16,9,34169700,4762,293460,40,7191
908,10,0,16,9,34204500,4760,293460,40,7201
909,6,0,13,12,34249740,4760,293460,40,7207
910,7,0,15,10,34268580,4760,293460,40,7214
911,3,0,14,11,34291920,4760,293460,40,7217
912,2,0,11,14,34317240,4760,293460,40,7219
913,4,0,12,13,34327920,4760,293460,40,7223
914,6,0,14,11,34354440,4761,293460,40,7229
915,2,0,11,14,34369260,4760,293460,40,7231
916,5,0,13,12,34387440,4760,293460,40,7236
917,6,0,16,9,34398300,4760,293460,40,7242
918,7,0,18,7,34416840,4759,293460,40,7249
919,14,0,22,3,34453680,4758,293460,40,7263
920,7,0,19,6,34494900,4757,293460,40,7270
921,4,0,14,11,34544100,4758,293460,40,7274
922,12,0,18,7,34580220,4757,293460,40,7286
923,7,0,18,7,34612320,4757,293460,40,7293
924,14,1,25,0,34642380,4757,293460,40,7307
925,8,0,20,5,34705200,4757,293520,40,7315
926,7,0,19,6,34738320,4756,293520,40,7322
927,9,0,21,4,34769820,4756,293520,40,7331
928,10,0,20,5,34819080,4756,293520,39,7341
929,13,0,22,3,34857000,4754,293520,39,7354
930,5,0,16,9,34911480,4754,293520,39,7359
931,8,0,17,8,34952460,4755,293520,39,7367
932,8,0,19,6,34969200,4753,293520,39,7375
933,7,0,18,7,35013540,4754,293520,39,7382
934,7,0,20,5,35045040,4755,293520,39,7389
935,4,0,16,9,35083320,4755,293520,39,7393
936,4,0,13,12,35123400,4756,293520,39,7397
937,3,0,13,12,35139480,4756,293520,39,7400
938,3,0,13,12,35158800,4757,293520,39,7403
939,4,0,10,15,35175780,4755,293520,39,7407
940,10,0,18,7,35190240,4756,293520,39,7417
941,7,0,20,5,35206320,4755,293520,39,7424
942,5,0,15,10,35254020,4755,293520,39,7429
943,11,0,19,6,35280060,4754,293520,39,7440
944,9,0,21,4,35309580,4753,293520,39,7449
945,12,0,22,3,35362920,4753,293520,39,7461
946,6,0,19,6,35406060,4753,293940,39,7467
947,8,0,17,8,35454360,4753,293940,39,7475
948,15,0,25,0,35487900,4753,295560,39,7490
949,9,0,21,4,35544240,4753,295560,39,7499
950,15,0,24,1,35589300,4751,296160,39,7514
951,10,0,24,1,35629860,4750,296160,39,7524
952,14,0,23,2,35693520,4749,300660,39,7538
953,17,2,25,0,35762100,4750,301560,39,7555
954,8,0,23,2,35811480,4749,306660,40,7563
955,4,0,16,9,35874720,4750,306660,40,7567
956,9,0,22,3,35892840,4751,306660,40,7576
957,7,0,18,7,35956500,4753,306660,40,7583
958,6,0,17,8,35991540,4753,306660,40,7589
959,3,0,16,9,36014640,4753,306660,40,7592
960,6,0,15,10,36055320,4754,306660,40,7598
961,5,0,16,9,36070560,4754,306660,40,7603
962,4,0,12,13,36105660,4753,306660,40,7607
963,10,0,19,6,36117060,4753,306660,40,7617
964,8,0,18,7,36158160,4753,306660,40,7625
965,2,0,12,13,36201900,4754,306660,40,7627
966,5,0,13,12,36220620,4753,306660,40,7632
967,14,0,23,2,36233460,4753,306660,40,7646
968,6,0,20,5,36275160,4753,306660,40,7652
969,4,0,14,11,36321720,4752,306660,40,7656
970,4,0,13,12,36348420,4753,306660,40,7660
971,13,0,22,3,36369660,4753,306660,39,7673
972,12,0,25,0,36401400,4752,306660,39,7685
973,12,0,23,2,36471660,4752,309360,40,7697
974,15,1,25,0,36520980,4751,310260,40,7712
975,7,0,20,5,36582600,4751,310320,40,7719
976,11,0,20,5,36633420,4751,310320,40,7730
977,8,0,18,7,36678780,4751,310320,40,7738
978,10,0,22,3,36707280,4751,310320,40,7748
979,8,0,20,5,36760080,4751,310320,40,7756
980,6,0,18,7,36802740,4752,310320,39,7762
981,11,0,23,2,36833760,4752,310320,39,7773
982,8,0,22,3,36885300,4753,310320,39,7781
983,6,0,18,7,36934140,4754,310320,39,7787
984,6,0,15,10,36986580,4755,310320,39,7793
985,5,0,14,11,37005600,4754,310320,39,7798
986,4,0,14,11,37027140,4754,310320,39,7802
987,9,0,20,5,37040220,4754,310320,39,7811
988,8,0,19,6,37075440,4753,310320,39,7819
989,2,0,15,10,37112640,4754,310320,39,7821
990,5,0,13,12,37159080,4756,310320,39,7826
991,8,0,18,7,37168260,4755,310320,39,7834
992,5,0,15,10,37209300,4755,310320,39,7839
993,10,0,20,5,37228320,4755,310320,39,7849
994,5,0,20,5,37256160,4755,310320,39,7854
995,15,1,25,0,37294740,4755,310320,39,7869
996,7,0,19,6,37360800,4755,310560,39,7876
997,13,1,25,0,37387560,4754,310680,39,7889
998,9,0,23,2,37443600,4754,312000,39,7898
999,15,1,25,0,37517820,4756,319320,40,7913
1000,13,0,24,1,37572120,4754,319800,40,7926
1001,5,0,18,7,37624020,4754,319800,40,7931
1002,8,0,18,7,37666740,4755,319800,40,7939
1003,5,0,15,10,37708440,4755,319800,40,7944
1004,6,0,16,9,37738260,4756,319800,40,7950
1005,6,0,17,8,37756980,4755,319800,40,7956
1006,6,0,15,10,37795200,4755,319800,40,7962
1007,3,0,13,12,37821540,4756,319800,40,7965
1008,4,0,12,13,37844460,4756,319800,40,7969
1009,4,0,15,10,37847640,4755,319800,40,7973
1010,5,0,14,11,37878900,4756,319800,40,7978
1011,5,0,15,10,37897440,4756,319800,40,7983
1012,6,0,16,9,37926180,4756,319800,40,7989
1013,7,0,16,9,37954020,4756,319800,39,7996
1014,14,0,21,4,37992540,4755,319800,39,8010
1015,9,0,21,4,38023680,4754,319800,39,8019
1016,10,0,19,6,38069700,4752,319800,39,8029
1017,2,0,16,9,38096160,4753,319800,39,8031
1018,7,0,15,10,38147040,4754,319800,39,8038
1019,12,0,24,1,38158860,4754,319800,39,8050
1020,10,0,20,5,38216760,4753,319800,39,8060
1021,13,0,22,3,38261100,4752,319800,39,8073
1022,7,0,20,5,38295780,4751,319800,39,8080
1023,13,0,21,4,38354820,4751,319800,39,8093
1024,7,0,18,7,38405580,4751,319800,39,8100
1025,5,0,14,11,38447940,4751,319800,39,8105
1026,7,0,16,9,38466660,4751,319800,39,8112
1027,7,0,16,9,38509920,4752,319800,39,8119
1028,6,0,17,8,38526120,4751,319800,39,8125
1029,4,0,17,8,38551020,4752,319800,39,8129
1030,6,0,15,10,38595120,4753,319800,39,8135
1031,8,0,17,8,38620500,4752,319800,39,8143
1032,4,0,13,12,38653500,4752,319800,39,8147
1033,6,0,16,9,38664120,4751,319800,39,8153
1034,5,0,14,11,38698200,4751,319800,39,8158
1035,6,0,17,8,38715720,4752,319800,39,8164
1036,8,0,17,8,38750460,4751,319800,39,8172
1037,8,0,18,7,38781120,4751,319800,39,8180
1038,6,0,19,6,38805180,4751,319800,39,8186
1039,10,0,21,4,38840460,4751,319800,39,8196
1040,9,0,19,6,38883720,4750,319800,38,8205
1041,10,0,20,5,38924280,4749,319800,38,8215
1042,9,0,18,7,38985480,4750,319800,38,8224
1043,9,0,19,6,39013800,4749,319800,38,8233
1044,6,0,17,8,39059520,4750,319800,38,8239
1045,15,2,25,0,39084960,4750,319800,38,8254
1046,13,7,25,0,39130320,4751,330000,39,8267
1047,6,0,21,4,39204180,4750,350100,42,8273
1048,12,0,22,3,39261300,4751,350100,42,8285
1049,12,2,25,0,39296160,4751,350700,42,8297
1050,8,0,20,5,39358980,4750,353040,42,8305
1051,7,0,18,7,39400680,4750,353040,42,8312
1052,10,0,20,5,39448440,4751,353040,42,8322
1053,3,0,16,9,39481620,4751,353040,42,8325
1054,3,0,12,13,39513060,4751,353040,42,8328
1055,5,0,13,12,39536520,4751,353040,42,8333
1056,4,0,14,11,39552780,4752,353040,42,8337
1057,5,0,15,10,39569760,4751,353040,42,8342
1058,10,0,19,6,39595200,4751,353040,42,8352
1059,9,0,22,3,39619560,4751,353040,42,8361
1060,2,0,14,11,39672660,4751,353040,42,8363
1061,5,0,13,12,39707100,4752,353040,42,8368
1062,7,0,15,10,39728220,4752,353040,42,8375
1063,7,0,18,7,39744300,4751,353040,42,8382
1064,8,0,16,9,39791700,4751,353040,42,8390
1065,6,0,17,8,39815820,4751,353040,42,8396
1066,8,0,18,7,39849540,4751,353040,42,8404
1067,13,0,24,1,39875040,4750,353040,41,8417
1068,6,0,19,6,39928800,4751,353040,41,8423
1069,7,0,13,12,39984720,4750,353040,41,8430
1070,9,0,16,9,40015080,4750,353040,41,8439
1071,6,0,16,9,40034340,4749,353040,41,8445
1072,12,0,20,5,40063920,4748,353040,41,8457
1073,4,0,17,8,40096620,4748,353040,41,8461
1074,4,0,13,12,40141560,4749,353040,41,8465
1075,3,0,13,12,40152720,4748,353040,41,8468
1076,5,0,13,12,40180320,4749,353040,41,8473
1077,4,0,13,12,40193940,4748,353040,41,8477
1078,2,0,10,15,40217580,4748,353040,41,8479
1079,3,0,12,13,40219140,4748,353040,41,8482
1080,5,0,14,11,40230600,4748,353040,41,8487
1081,8,0,17,8,40249560,4747,353040,41,8495
1082,1,0,11,14,40273260,4746,353040,41,8496
1083,3,0,10,15,40291680,4746,353040,41,8499
1084,3,0,12,13,40296360,4746,353040,41,8502
1085,4,0,14,11,40303860,4746,353040,41,8506
1086,12,0,20,5,40326420,4745,353040,41,8518
1087,5,0,16,9,40355940,4743,353040,41,8523
1088,10,0,18,7,40393980,4743,353040,41,8533
1089,12,0,25,0,40419900,4744,353040,41,8545
1090,18,9,25,0,40465800,4744,356580,41,8563
1091,9,2,25,0,40545540,4744,385200,44,8572
1092,13,0,23,2,40606140,4742,391380,45,8585
1093,12,2,25,0,40645020,4742,396720,46,8597
1094,6,0,18,7,40713600,4742,402720,46,8603
1095,9,0,16,9,40766580,4742,402720,46,8612
1096,11,0,19,6,40804440,4742,402720,46,8623
1097,12,0,24,1,40830300,4741,402720,46,8635
1098,6,0,16,9,40899660,4741,402720,46,8641
1099,5,0,15,10,40924440,4741,402720,46,8646
1100,4,0,13,12,40957680,4742,402720,46,8650
1101,11,0,20,5,40970640,4741,402720,46,8661
1102,3,0,14,11,41005380,4740,402720,46,8664
1103,9,0,17,8,41034600,4740,402720,46,8673
1104,3,0,15,10,41057220,4740,402720,46,8676
1105,9,0,17,8,41088180,4740,402720,46,8685
1106,9,0,19,6,41112960,4739,402720,46,8694
1107,5,0,18,7,41142120,4739,402720,46,8699
1108,5,0,14,11,41193780,4740,402720,46,8704
1109,2,0,10,15,41224740,4740,402720,46,8706
1110,8,0,12,13,41237400,4738,402720,46,8714
1111,3,0,13,12,41245380,4738,402720,46,8717
1112,5,0,17,8,41252220,4738,402720,46,8722
1113,7,0,19,6,41278500,4739,402720,46,8729
1114,9,0,21,4,41314740,4739,402720,46,8738
1115,11,0,19,6,41362740,4738,402720,46,8749
1116,13,1,25,0,41384100,4737,402720,45,8762
1117,12,0,23,2,41443380,4735,405840,46,8774
1118,14,0,25,0,41500980,4735,407340,46,8788
1119,7,0,19,6,41564460,4736,407340,46,8795
1120,13,0,19,6,41612820,4734,407520,46,8808
1121,9,0,17,8,41659860,4734,407520,46,8817
1122,8,0,21,4,41673240,4733,407520,46,8825
1123,14,0,23,2,41731980,4733,408540,46,8839
1124,7,0,20,5,41780340,4733,408540,46,8846
1125,8,0,18,7,41833080,4734,408540,46,8854
1126,12,0,22,3,41871180,4734,408540,46,8866
1127,9,0,22,3,41907000,4733,408540,46,8875
1128,10,0,20,5,41971380,4734,408540,45,8885
1129,7,0,18,7,42010320,4734,408540,45,8892
1130,4,0,16,9,42040140,4734,408540,45,8896
1131,6,0,15,10,42073020,4734,408540,45,8902
1132,4,0,14,11,42091320,4733,408540,45,8906
1133,5,0,15,10,42114960,4734,408540,45,8911
1134,6,0,15,10,42138540,4733,408540,45,8917
1135,7,0,17,8,42165180,4733,408540,45,8924
1136,4,0,14,11,42189600,4732,408540,45,8928
1137,7,0,16,9,42209100,4732,408540,45,8935
1138,7,0,16,9,42246720,4732,408540,45,8942
1139,8,0,18,7,42272520,4732,408540,45,8950
1140,6,0,18,7,42303720,4733,408540,45,8956
1141,10,0,20,5,42344640,4733,408540,45,8966
1142,10,0,21,4,42383100,4732,408540,45,8976
1143,9,0,20,5,42423300,4732,408540,45,8985
1144,7,0,16,9,42469560,4731,408540,45,8992
1145,6,0,17,8,42492960,4731,408540,45,8998
1146,9,0,18,7,42520620,4730,408540,45,9007
1147,5,0,15,10,42569340,4731,408540,45,9012
1148,12,0,23,2,42585180,4731,408540,45,9024
1149,6,0,20,5,42627900,4731,409740,45,9030
1150,12,0,18,7,42697560,4731,409740,45,9042
1151,4,0,17,8,42721020,4731,409740,45,9046
1152,7,0,16,9,42765600,4732,409740,45,9053
1153,8,0,16,9,42797820,4731,409740,45,9061
1154,2,0,13,12,42819480,4731,409740,45,9063
1155,8,0,16,9,42845580,4731,409740,45,9071
1156,4,0,15,10,42875040,4732,409740,45,9075
1157,8,0,19,6,42897360,4732,409740,45,9083
1158,4,0,14,11,42942480,4732,409740,45,9087
1159,14,0,22,3,42966420,4732,409740,45,9101
1160,8,0,21,4,42998760,4731,409740,44,9109
1161,5,0,14,11,43060380,4731,409740,44,9114
1162,5,0,15,10,43070700,4730,409740,44,9119
1163,10,0,21,4,43091400,4731,409740,44,9129
1164,11,2,25,0,43113720,4731,409740,44,9140
1165,6,0,21,4,43176240,4731,411180,44,9146
1166,9,0,21,4,43240920,4734,411180,44,9155
1167,6,0,16,9,43297080,4734,411180,44,9161
1168,16,0,24,1,43326540,4733,411180,44,9177
1169,9,1,25,0,43351740,4732,413280,44,9186
1170,13,0,25,0,43425360,4733,415500,45,9199
1171,6,0,18,7,43482780,4733,415500,45,9205
1172,6,0,17,8,43516560,4733,415500,45,9211
1173,8,0,17,8,43567020,4734,415500,45,9219
1174,5,0,19,6,43583580,4734,415500,45,9224
1175,3,0,14,11,43631820,4735,415500,45,9227
1176,9,0,17,8,43657320,4735,415500,44,9236
1177,9,0,20,5,43685460,4735,415500,44,9245
1178,8,0,18,7,43729020,4735,415500,44,9253
1179,3,0,16,9,43756140,4735,415500,44,9256
1180,7,0,16,9,43794180,4736,415500,44,9263
1181,9,0,20,5,43817760,4736,415500,44,9272
1182,10,0,24,1,43847700,4736,415500,44,9282
1183,7,0,19,6,43904940,4736,415500,44,9289
1184,13,0,22,3,43945200,4735,416940,44,9302
1185,9,0,17,8,44019720,4736,416940,44,9311
1186,5,0,15,10,44048400,4735,416940,44,9316
1187,11,0,19,6,44077140,4735,416940,44,9327
1188,12,0,20,5,44113920,4733,416940,44,9339
1189,1,0,15,10,44147280,4734,416940,44,9340
1190,10,0,19,6,44182440,4735,416940,44,9350
1191,9,0,18,7,44225700,4734,416940,44,9359
1192,10,0,20,5,44258400,4734,416940,44,9369
1193,10,0,22,3,44297160,4734,418020,44,9379
1194,6,0,16,9,44353680,4734,418020,44,9385
1195,9,0,18,7,44387580,4734,418020,44,9394
1196,14,0,22,3,44419680,4732,418020,44,9408
1197,6,0,20,5,44458320,4732,418020,44,9414
1198,3,0,14,11,44513340,4733,418020,44,9417
1199,7,0,15,10,44550420,4734,418020,44,9424
1200,6,0,13,12,44581920,4734,418020,44,9430
1201,13,0,19,6,44604300,4733,418020,44,9443
1202,5,0,18,7,44633040,4733,418020,44,9448
1203,3,0,16,9,44663220,4733,418020,44,9451
1204,2,0,10,15,44718060,4735,418020,44,9453
1205,6,0,15,10,44723520,4735,418020,44,9459
1206,4,0,11,14,44753160,4734,418020,44,9463
1207,6,0,15,10,44761140,4734,418020,44,9469
1208,9,0,19,6,44776440,4733,418020,44,9478
1209,9,0,20,5,44819520,4734,418020,44,9487
1210,11,0,23,2,44862060,4734,418020,44,9498
1211,14,3,25,0,44899080,4734,418800,44,9512
1212,10,0,24,1,44966940,4734,427320,44,9522
1213,7,0,19,6,45024060,4734,427380,44,9529
1214,14,0,25,0,45061380,4734,427380,44,9543
1215,13,0,25,0,45122340,4734,437100,45,9556
1216,9,0,21,4,45172440,4733,437100,45,9565
1217,15,0,21,4,45237420,4732,438360,45,9580
1218,14,1,25,0,45281220,4732,440640,45,9594
1219,3,0,17,8,45337260,4732,440640,45,9597
1220,3,0,11,14,45391260,4733,440640,45,9600
1221,6,0,14,11,45398340,4732,440640,45,9606
1222,8,0,19,6,45409620,4732,440640,45,9614
1223,8,0,20,5,45446280,4733,440640,45,9622
1224,5,0,14,11,45502680,4733,440640,45,9627
1225,2,0,11,14,45533700,4734,440640,45,9629
1226,5,0,10,15,45553920,4733,440640,45,9634
1227,3,0,11,14,45565260,4733,440640,45,9637
1228,7,0,14,11,45577260,4732,440640,45,9644
1229,7,0,17,8,45593340,4732,440640,45,9651
1230,6,0,18,7,45616740,4732,440640,45,9657
1231,6,0,15,10,45657060,4732,440640,45,9663
1232,11,0,20,5,45693120,4733,440640,45,9674
1233,8,0,23,2,45713880,4732,441300,45,9682
1234,8,0,20,5,45779580,4734,441300,45,9690
1235,11,0,22,3,45819540,4733,441300,45,9701
1236,4,0,12,13,45880860,4733,441300,45,9705
1237,15,0,23,2,45904380,4733,441300,45,9720
1238,11,2,25,0,45927060,4732,441300,45,9731
1239,18,8,25,0,45981660,4732,445980,45,9749
1240,11,9,25,0,46046040,4734,462900,47,9760
1241,10,6,25,0,46115940,4735,492540,50,9770
1242,4,0,18,7,46169820,4732,529260,54,9774
1243,9,0,18,7,46226220,4733,529260,54,9783
1244,8,0,16,9,46263060,4732,529260,54,9791
1245,7,0,19,6,46281840,4732,529260,54,9798
1246,8,0,20,5,46317900,4733,529260,53,9806
1247,5,0,17,8,46357440,4733,529260,53,9811
1248,8,0,16,9,46401720,4733,529260,53,9819
1249,5,0,16,9,46419780,4732,529260,53,9824
1250,2,0,14,11,46450920,4734,529260,53,9826
1251,6,0,16,9,46474740,4734,529260,53,9832
1252,4,0,15,10,46494240,4734,529260,53,9836
1253,5,0,13,12,46527420,4734,529260,53,9841
1254,8,0,16,9,46545420,4733,529260,53,9849
1255,16,0,25,0,46569240,4732,529260,53,9865
1256,6,0,17,8,46627500,4731,529260,53,9871
1257,9,0,21,4,46656240,4732,529260,53,9880
1258,11,0,21,4,46702020,4731,529260,53,9891
1259,12,1,25,0,46738920,4732,530640,53,9903
1260,5,0,20,5,46803660,4733,532260,53,9908
1261,13,0,24,1,46853880,4734,532260,53,9921
1262,14,3,25,0,46908900,4734,535500,53,9935
1263,13,6,25,0,46964280,4735,545700,54,9948
1264,11,4,25,0,47021520,4735,562140,56,9959
1265,13,1,25,0,47085780,4734,590820,59,9972
1266,9,0,25,0,47130240,4733,592620,59,9981
1267,8,0,16,9,47215800,4734,592800,59,9989
1268,2,0,14,11,47237400,4734,592800,59,9991
1269,8,0,17,8,47268240,4735,592800,59,9999
1270,4,0,14,11,47296440,4734,592800,59,10003
1271,2,0,11,14,47328960,4735,592800,59,10005
1272,7,0,16,9,47337300,4735,592800,59,10012
1273,4,0,14,11,47358840,4734,592800,59,10016
1274,6,0,15,10,47382060,4734,592800,59,10022
1275,7,0,16,9,47411760,4735,592800,59,10029
1276,6,0,16,9,47439480,4734,592800,59,10035
1277,6,0,15,10,47466720,4734,592800,59,10041
1278,11,0,19,6,47497800,4734,592800,58,10052
1279,7,0,17,8,47536980,4733,592800,58,10059
1280,10,0,22,3,47563020,4734,592800,58,10069
1281,6,0,20,5,47602560,4734,592800,58,10075
1282,11,0,19,6,47661480,4734,592800,58,10086
1283,5,0,17,8,47698500,4734,592800,58,10091
1284,9,0,22,3,47721660,4735,592800,58,10100
1285,7,0,22,3,47761980,4735,592800,58,10107
1286,10,0,21,4,47831220,4737,592800,58,10117
1287,7,0,19,6,47878080,4738,592800,58,10124
1288,8,0,19,6,47920560,4738,592800,58,10132
1289,7,0,17,8,47965200,4738,592800,58,10139
1290,11,0,22,3,47995680,4738,592800,58,10150
1291,5,0,21,4,48024540,4738,592800,58,10155
1292,8,0,16,9,48092400,4739,592800,58,10163
1293,10,0,19,6,48127440,4739,592800,58,10173
1294,4,0,18,7,48155460,4740,592800,58,10177
1295,3,0,14,11,48193920,4740,592800,58,10180
1296,11,0,21,4,48216600,4741,592800,58,10191
1297,6,0,22,3,48238620,4740,592800,58,10197
1298,3,0,16,9,48287100,4741,592800,58,10200
1299,8,0,17,8,48328380,4742,592800,58,10208
1300,6,0,18,7,48344760,4741,592800,58,10214
1301,7,0,19,6,48375180,4741,592800,57,10221
1302,6,0,15,10,48411600,4740,592800,57,10227
1303,12,0,20,5,48439380,4740,592800,57,10239
1304,11,0,23,2,48475500,4739,593220,57,10250
1305,9,0,18,7,48537300,4739,593220,57,10259
1306,15,3,25,0,48566100,4740,593220,57,10274
1307,12,6,25,0,48612180,4740,600660,58,10286
1308,10,0,25,0,48693360,4740,632160,61,10296
1309,6,0,17,8,48745500,4739,632160,61,10302
1310,10,0,21,4,48777960,4739,632160,61,10312
1311,16,0,25,0,48829200,4739,632760,61,10328
1312,10,0,23,2,48886260,4739,632760,61,10338
1313,6,0,22,3,48919200,4739,632760,61,10344
1314,9,0,22,3,48968940,4740,632760,61,10353
1315,5,0,17,8,49023900,4740,632760,61,10358
1316,4,0,15,10,49055160,4741,632760,61,10362
1317,2,0,10,15,49089840,4741,632760,61,10364
1318,4,0,13,12,49095360,4741,632760,61,10368
1319,7,0,18,7,49104960,4741,632760,60,10375
1320,4,0,17,8,49122420,4740,632760,60,10379
1321,7,0,16,9,49163640,4740,632760,60,10386
1322,6,0,16,9,49197540,4741,632760,60,10392
1323,5,0,17,8,49215540,4741,632760,60,10397
1324,3,0,9,16,49268880,4741,632760,60,10400
1325,1,0,10,15,49268880,4741,632760,60,10401
1326,4,0,12,13,49279800,4741,632760,60,10405
1327,8,0,17,8,49290360,4741,632760,60,10413
1328,11,0,21,4,49323540,4741,632760,60,10424
1329,11,0,25,0,49354680,4741,632760,60,10435
1330,14,1,25,0,49417320,4741,633120,60,10449
1331,9,0,23,2,49467480,4740,633300,60,10458
1332,13,0,23,2,49528920,4740,633300,60,10471
1333,15,3,25,0,49568700,4739,634860,60,10486
1334,9,0,25,0,49625400,4739,640380,61,10495
1335,9,0,22,3,49684560,4739,640500,60,10504
1336,6,0,19,6,49739580,4741,640500,60,10510
1337,10,0,19,6,49790220,4741,640500,60,10520
1338,7,0,19,6,49818780,4741,640500,60,10527
1339,11,0,19,6,49869720,4740,640500,60,10538
1340,7,0,20,5,49890120,4740,640500,60,10545
1341,5,0,16,9,49943280,4741,640500,60,10550
1342,6,0,12,13,49987260,4740,640500,60,10556
1343,11,0,19,6,50009280,4741,640500,60,10567
1344,4,0,19,6,50031960,4741,640500,60,10571
1345,8,0,25,0,50034300,4740,640500,60,10579
1346,7,1,25,0,50056920,4740,641580,60,10586
1347,3,0,25,0,50078160,4740,644880,60,10589
1348,8,4,25,0,50102100,4740,649620,61,10597
1349,5,4,25,0,50130180,4741,655140,61,10602
1350,8,8,25,0,50152380,4741,661740,62,10610
1351,8,11,25,0,50179080,4741,667080,62,10618
1352,8,14,25,0,50207820,4742,681000,64,10626
1353,4,16,25,0,50221200,4742,686520,64,10630
1354,12,23,25,0,50255340,4743,698460,65,10642
1355,11,29,25,0,50281320,4743,709620,66,10653
1356,10,36,25,0,50300400,4744,721200,67,10663
1357,10,39,25,0,50335740,4745,734040,68,10673
1358,18,39,25,0,50354280,4745,746160,69,10691
1359,12,40,25,0,50377920,4745,758220,71,10703
1360,9,38,25,0,50411760,4745,808560,75,10712
1361,6,39,25,0,50432640,4746,821040,76,10718
1362,16,40,25,0,50455080,4746,842400,78,10734
1363,4,39,25,0,50484900,4747,885960,82,10738
1364,11,39,25,0,50518440,4747,895860,83,10749
1365,7,39,25,0,50533620,4747,951360,88,10756
1366,8,39,25,0,50559240,4748,998460,93,10764
1367,4,38,25,0,50589000,4748,1092660,101,10768
1368,7,40,25,0,50605080,4748,1142520,106,10775
1369,1,36,25,0,50633820,4749,1223160,114,10776
1370,2,35,25,0,50652180,4749,1343280,125,10778
1371,8,37,25,0,50683620,4750,1412700,131,10786
1372,6,38,25,0,50706240,4750,1421160,132,10792
1373,10,39,25,0,50738820,4751,1441020,134,10802
1374,11,38,25,0,50765580,4751,1523040,141,10813
1375,7,39,25,0,50773440,4752,1525560,141,10820
1376,10,40,25,0,50810700,4753,1605240,149,10830
1377,5,38,25,0,50837820,4753,1682100,156,10835
1378,8,35,25,0,50865960,4753,1935060,179,10843
1379,3,30,25,0,50889600,4752,2247120,208,10846
1380,12,37,25,0,50908560,4751,2249580,208,10858
1381,14,39,25,0,50927460,4752,2263500,209,10872
1382,8,40,25,0,50957460,4753,2280240,211,10880
1383,11,39,25,0,50993700,4753,2316180,214,10891
1384,9,39,25,0,51003840,4753,2322180,215,10900
1385,6,37,25,0,51044580,4754,2339460,216,10906
1386,7,39,25,0,51057360,4753,2343960,216,10913
1387,10,39,25,0,51095640,4753,2431680,224,10923
1388,6,40,25,0,51115980,4753,2434200,225,10929
1389,5,40,25,0,51131160,4753,2449980,226,10934
1390,6,34,25,0,51175020,4754,2919540,269,10940
1391,1,26,25,0,51196920,4752,3708000,342,10941
1392,3,10,25,0,51221340,4746,5013060,463,10944
1393,6,8,25,0,51230760,4743,5223060,482,10950
1394,9,12,25,0,51258780,4743,5224860,481,10959
1395,4,10,25,0,51295620,4744,5235000,482,10963
1396,3,12,25,0,51299760,4744,5241360,483,10966
1397,8,14,25,0,51335700,4745,5257200,484,10974
1398,4,15,25,0,51356760,4746,5261400,484,10978
1399,7,18,25,0,51384060,4746,5278320,485,10985
1400,11,23,25,0,51416340,4747,5288340,486,10996
1401,11,29,25,0,51444600,4747,5302380,486,11007
1402,6,32,25,0,51460140,4747,5315100,487,11013
1403,6,34,25,0,51486660,4748,5336580,489,11019
1404,11,39,25,0,51521520,4748,5349720,490,11030
1405,16,37,25,0,51552600,4749,5373780,492,11046
1406,9,39,25,0,51561720,4749,5382180,492,11055
1407,12,40,25,0,51597720,4749,5434620,497,11067
1408,19,40,25,0,51612840,4749,5464860,499,11086
1409,12,40,25,0,51637200,4750,5503020,503,11098
1410,3,37,25,0,51664980,4750,5626860,514,11101
1411,5,38,25,0,51689220,4751,5632140,514,11106
1412,7,39,25,0,51717480,4751,5663340,517,11113
1413,10,40,25,0,51742860,4750,5724600,522,11123
1414,8,40,25,0,51774180,4751,5741880,523,11131
1415,8,40,25,0,51787920,4751,5747280,524,11139
1416,4,36,25,0,51821940,4752,5829180,531,11143
1417,10,39,25,0,51852480,4751,5966940,543,11153
1418,5,38,25,0,51871800,4751,5977140,544,11158
1419,2,37,25,0,51888180,4751,5982420,544,11160
1420,7,40,25,0,51906780,4752,5985480,544,11167
1421,4,40,25,0,51939480,4753,5995680,545,11171
1422,6,38,25,0,51963900,4754,6004320,546,11177
1423,5,38,25,0,51993780,4754,6063720,551,11182
1424,4,37,25,0,52019340,4754,6090480,553,11186
1425,9,38,25,0,52048740,4755,6098580,553,11195
1426,10,39,25,0,52062480,4755,6107640,554,11205
1427,14,40,25,0,52096380,4756,6119760,555,11219
1428,10,40,25,0,52112220,4756,6128880,556,11229
1429,9,40,25,0,52142280,4757,6138780,556,11238
1430,8,40,25,0,52168560,4757,6145560,557,11246
1431,11,40,25,0,52189860,4757,6150000,557,11257
1432,7,39,25,0,52224900,4758,6282600,569,11264
1433,9,37,25,0,52249380,4757,6409860,580,11273
1434,9,37,25,0,52277640,4757,6417600,580,11282
1435,4,33,25,0,52305060,4756,6656580,602,11286
1436,6,34,25,0,52325640,4756,6734400,608,11292
1437,9,40,25,0,52337880,4755,6736620,608,11301
1438,5,36,25,0,52381380,4757,6764880,610,11306
1439,6,38,25,0,52398360,4757,6770700,611,11312
1440,4,36,25,0,52428060,4757,6835440,616,11316
1441,6,36,25,0,52452600,4757,6988320,630,11322
1442,5,33,25,0,52480860,4756,7175640,646,11327
1443,3,31,25,0,52503960,4756,7440900,670,11330
1444,7,28,25,0,52537680,4754,8225700,740,11337
1445,13,39,25,0,52544400,4754,8228460,740,11350
1446,7,39,25,0,52578000,4754,8244720,741,11357
1447,9,38,25,0,52597860,4754,8256060,742,11366
1448,9,38,25,0,52629360,4755,8290080,744,11375
1449,6,39,25,0,52650000,4755,8315640,746,11381
1450,14,39,25,0,52681080,4755,8324160,747,11395
1451,9,40,25,0,52695060,4754,8329680,747,11404
1452,12,39,25,0,52722660,4754,8347920,748,11416
1453,10,39,25,0,52756920,4755,8358360,749,11426
1454,10,40,25,0,52763580,4754,8361300,749,11436
1455,9,39,25,0,52804080,4755,8379180,750,11445
1456,14,40,25,0,52822620,4755,8426220,754,11459
1457,8,37,25,0,52856700,4755,8663460,775,11467
1458,9,37,25,0,52881300,4755,8668080,775,11476
1459,8,38,25,0,52902480,4754,8670660,774,11484
1460,12,39,25,0,52930080,4754,8888700,793,11496
1461,5,40,25,0,52944240,4754,8894760,794,11501
1462,3,35,25,0,52980600,4754,9225240,823,11504
1463,5,27,25,0,53009880,4751,11310600,1009,11509
1464,2,17,25,0,53032080,4748,12995400,1159,11511
1465,3,0,25,0,53064960,4742,14982960,1336,11514
1466,7,1,25,0,53076240,4741,14982960,1335,11521
1467,9,5,25,0,53098560,4740,14986200,1334,11530
1468,3,4,25,0,53118060,4740,14993040,1334,11533
1469,6,6,25,0,53142120,4741,15005760,1335,11539
1470,3,4,25,0,53174760,4742,15018300,1335,11542
1471,4,3,25,0,53196840,4742,15055380,1338,11546
1472,0,0,18,7,53232000,4741,15059700,1339,11546
1473,9,2,25,0,53232000,4741,15059700,1338,11555
1474,9,7,25,0,53249880,4740,15064920,1337,11564
1475,11,15,25,0,53269560,4741,15068460,1337,11575
1476,8,17,25,0,53303040,4741,15078840,1336,11583
1477,7,20,25,0,53325480,4742,15099240,1337,11590
1478,8,23,25,0,53356140,4742,15107940,1337,11598
1479,8,28,25,0,53374860,4743,15110160,1336,11606
1480,17,40,25,0,53395620,4743,15122640,1336,11623
1481,8,37,25,0,53428440,4744,15137040,1336,11631
1482,11,40,25,0,53441220,4744,15144000,1336,11642
1483,7,39,25,0,53481240,4745,15195120,1340,11649
1484,7,38,25,0,53508360,4745,15282420,1348,11656
1485,6,40,25,0,53525160,4745,15304980,1349,11662
1486,6,37,25,0,53561160,4746,15355260,1353,11668
1487,10,40,25,0,53572980,4746,15362520,1353,11678
1488,4,38,25,0,53605680,4747,15410040,1357,11682
1489,4,40,25,0,53614560,4748,15448920,1360,11686
1490,11,40,25,0,53654580,4748,15559800,1369,11697
1491,6,38,25,0,53686440,4748,15569580,1369,11703
1492,6,40,25,0,53702880,4748,15635940,1374,11709
1493,5,39,25,0,53730660,4749,15809640,1389,11714
1494,7,40,25,0,53748600,4749,15864300,1393,11721
1495,7,39,25,0,53774700,4749,16023000,1407,11728
1496,4,37,25,0,53812260,4750,16106820,1414,11732
1497,10,40,25,0,53831400,4750,16173060,1419,11742
1498,13,40,25,0,53854080,4750,16243500,1424,11755
1499,12,40,25,0,53878800,4751,16399500,1438,11767
1500,17,40,25,0,53904900,4751,16405680,1437,11784
1501,12,38,25,0,53932320,4751,16527000,1447,11796
1502,6,38,25,0,53963220,4751,16602300,1453,11802
1503,12,39,25,0,53980680,4751,16676700,1459,11814
1504,6,39,25,0,54003540,4751,16697400,1461,11820
1505,13,39,25,0,54032820,4751,16731420,1463,11833
1506,14,40,25,0,54063180,4751,16736640,1462,11847
1507,9,39,25,0,54090900,4751,16774140,1465,11856
1508,4,39,25,0,54108360,4750,16776960,1464,11860
1509,6,37,25,0,54139020,4751,16808940,1467,11866
1510,8,39,25,0,54160680,4750,16812780,1466,11874
1511,6,40,25,0,54178380,4750,16839960,1468,11880
1512,9,39,25,0,54213900,4751,16852980,1468,11889
1513,3,37,25,0,54235980,4751,16918620,1474,11892
1514,4,34,25,0,54265980,4751,17347800,1511,11896
1515,7,35,25,0,54291120,4751,17489280,1522,11903
1516,10,40,25,0,54302760,4751,17491380,1522,11913
1517,6,37,25,0,54342180,4751,17625540,1533,11919
1518,5,37,25,0,54363600,4751,17778600,1545,11924
1519,6,37,25,0,54390420,4751,17787960,1545,11930
1520,11,40,25,0,54405120,4751,17793840,1545,11941
1521,9,40,25,0,54426120,4751,17808240,1546,11950
1522,15,40,25,0,54453120,4752,17818560,1546,11965
1523,7,39,25,0,54482880,4752,17855880,1549,11972
1524,7,40,25,0,54507540,4753,17858340,1548,11979
1525,11,40,25,0,54536040,4753,17872260,1549,11990
1526,6,39,25,0,54562320,4753,17928180,1553,11996
1527,9,40,25,0,54590520,4753,17930640,1552,12005
1528,17,39,25,0,54607080,4753,17934180,1552,12022
1529,8,38,25,0,54631740,4754,18077700,1564,12030
1530,3,35,25,0,54669840,4755,18408000,1592,12033
1531,9,39,25,0,54687060,4754,18572460,1605,12042
1532,8,39,25,0,54715800,4754,18722280,1617,12050
1533,10,40,25,0,54737820,4754,18729360,1617,12060
1534,5,39,25,0,54767220,4754,18754500,1619,12065
1535,3,35,25,0,54793080,4754,19075680,1646,12068
1536,4,33,25,0,54812940,4753,19118040,1649,12072
1537,3,29,25,0,54842820,4753,19587300,1689,12075
1538,4,22,25,0,54862440,4750,20710200,1786,12079
1539,2,13,25,0,54893040,4748,21485940,1852,12081
1540,3,0,25,0,54926700,4745,23638200,2037,12084
1541,8,0,24,1,54949980,4743,23640360,2036,12092
1542,7,3,25,0,54959820,4743,23644560,2035,12099
1543,10,8,25,0,54988680,4743,23651520,2034,12109
1544,8,13,25,0,55007340,4744,23656740,2033,12117
1545,6,15,25,0,55034280,4744,23666400,2033,12123
1546,6,15,25,0,55065780,4745,23686020,2034,12129
1547,10,20,25,0,55087860,4744,23693460,2033,12139
1548,9,23,25,0,55114500,4744,23702040,2032,12148
1549,10,27,25,0,55145340,4744,23715180,2031,12158
1550,16,40,25,0,55152180,4745,23717340,2029,12174
1551,7,37,25,0,55182360,4746,23734560,2030,12181
1552,12,40,25,0,55204140,4746,23754480,2032,12193
1553,7,39,25,0,55245000,4747,23791380,2033,12200
1554,5,39,25,0,55255860,4747,23802060,2034,12205
1555,12,38,25,0,55294020,4748,23843340,2037,12217
1556,8,36,25,0,55317000,4749,23871960,2038,12225
1557,7,38,25,0,55343220,4749,23908560,2040,12232
1558,7,40,25,0,55363440,4749,23916960,2040,12239
1559,3,39,25,0,55388280,4750,23970660,2044,12242
1560,10,40,25,0,55409220,4750,23983740,2045,12252
1561,4,39,25,0,55436460,4751,24080280,2053,12256
1562,0,34,25,0,55466940,4751,24138060,2057,12256
1563,4,35,25,0,55486500,4752,24235680,2065,12260
1564,5,35,25,0,55513860,4752,24292140,2069,12265
1565,5,34,25,0,55546260,4752,24357840,2073,12270
1566,10,39,25,0,55560000,4753,24362940,2072,12280
1567,10,39,25,0,55597860,4754,24380820,2073,12290
1568,12,40,25,0,55603980,4754,24390060,2074,12302
1569,15,40,25,0,55639740,4755,24418860,2075,12317
1570,8,40,25,0,55669140,4756,24432480,2076,12325
1571,14,40,25,0,55685460,4756,24448680,2077,12339
1572,8,40,25,0,55711680,4756,24455640,2076,12347
1573,10,40,25,0,55739640,4757,24461640,2076,12357
1574,9,40,25,0,55772520,4757,24500580,2078,12366
1575,14,40,25,0,55784340,4757,24604740,2086,12380
1576,16,40,25,0,55813980,4757,24738960,2097,12396
1577,12,39,25,0,55846200,4757,24753060,2097,12408
1578,8,39,25,0,55864260,4758,24762420,2097,12416
1579,7,38,25,0,55898700,4758,24807000,2100,12423
1580,5,36,25,0,55925100,4757,25091400,2123,12428
1581,4,34,25,0,55952820,4757,25338720,2143,12432
1582,6,35,25,0,55973580,4757,25347240,2143,12438
1583,6,37,25,0,55992840,4757,25354080,2143,12444
1584,7,40,25,0,56013480,4757,25356660,2142,12451
1585,6,38,25,0,56053980,4757,25526880,2155,12457
1586,5,38,25,0,56071860,4757,25531140,2154,12462
1587,8,37,25,0,56094720,4757,25854060,2181,12470
1588,7,39,25,0,56112420,4758,25857540,2181,12477
1589,9,38,25,0,56154240,4758,26179680,2206,12486
1590,4,37,25,0,56177100,4757,26183040,2206,12490
1591,5,39,25,0,56191560,4757,26185920,2205,12495
1592,9,40,25,0,56205120,4758,26190600,2205,12504
1593,4,33,25,0,56247960,4758,26569200,2236,12508
1594,8,30,25,0,56278980,4756,27107640,2280,12516
1595,10,37,25,0,56293080,4756,27111900,2279,12526
1596,5,37,25,0,56323380,4757,27125940,2280,12531
1597,17,39,25,0,56344980,4757,27139500,2279,12548
1598,20,40,25,0,56370840,4758,27156000,2279,12568
1599,10,40,25,0,56397060,4758,27173820,2280,12578
1600,6,40,25,0,56417820,4758,27177480,2280,12584
1601,10,38,25,0,56456460,4758,27219780,2282,12594
1602,12,39,25,0,56476740,4757,27239280,2282,12606
1603,6,36,25,0,56507220,4757,27254520,2282,12612
1604,10,39,25,0,56527080,4756,27275040,2282,12622
1605,7,40,25,0,56548680,4756,27279900,2282,12629
1606,11,39,25,0,56577120,4757,27287220,2282,12640
1607,7,39,25,0,56605020,4756,27388260,2289,12647
1608,5,37,25,0,56624580,4756,27399360,2289,12652
1609,6,37,25,0,56650440,4756,27412800,2289,12658
1610,5,39,25,0,56666160,4756,27417480,2289,12663
1611,3,36,25,0,56705100,4757,27452100,2291,12666
1612,7,35,25,0,56725020,4755,27751680,2314,12673
1613,8,40,25,0,56749260,4756,27754680,2313,12681
1614,8,40,25,0,56773920,4756,27765300,2313,12689
1615,5,40,25,0,56787060,4756,27777900,2314,12694
1616,9,40,25,0,56823300,4757,27791220,2314,12703
1617,12,40,25,0,56847240,4758,27801240,2314,12715
1618,11,40,25,0,56874420,4758,27812340,2314,12726
1619,6,39,25,0,56897040,4758,27864120,2318,12732
1620,15,40,25,0,56934180,4758,27878220,2317,12747
1621,5,39,25,0,56954160,4758,27886680,2317,12752
1622,11,39,25,0,56980620,4759,27893820,2317,12763
1623,12,39,25,0,56997720,4759,27897600,2317,12775
1624,7,39,25,0,57023820,4759,27914280,2317,12782
1625,12,38,25,0,57055020,4759,27959580,2320,12794
1626,10,39,25,0,57080700,4758,28171560,2336,12804
1627,7,39,25,0,57100020,4758,28180320,2336,12811
1628,7,39,25,0,57135000,4758,28195020,2336,12818
1629,8,40,25,0,57154440,4758,28203240,2335,12826
1630,5,36,25,0,57183120,4758,28288620,2341,12831
1631,6,36,25,0,57198420,4757,28548180,2362,12837
1632,4,28,25,0,57239100,4755,29760300,2461,12841
1633,2,13,25,0,57263760,4750,33322080,2755,12843
1634,3,0,22,3,57291840,4745,35536980,2938,12846
1635,3,0,21,4,57306120,4745,35536980,2937,12849
1636,7,0,24,1,57325980,4745,35536980,2935,12856
1637,5,1,25,0,57336360,4745,35538180,2935,12861
1638,11,7,25,0,57359040,4745,35541120,2932,12872
1639,11,12,25,0,57386520,4745,35556300,2931,12883
1640,9,18,25,0,57408000,4745,35562840,2929,12892
1641,6,20,25,0,57427920,4745,35574840,2928,12898
1642,7,23,25,0,57458580,4746,35593080,2928,12905
1643,7,27,25,0,57478800,4747,35613360,2929,12912
1644,8,30,25,0,57508380,4747,35639280,2928,12920
1645,8,37,25,0,57515040,4747,35641440,2928,12928
1646,15,40,25,0,57559020,4749,35665980,2927,12943
1647,9,40,25,0,57584880,4748,35686080,2927,12952
1648,12,39,25,0,57619680,4749,35703780,2927,12964
1649,16,39,25,0,57636180,4749,35718060,2927,12980
1650,12,38,25,0,57665280,4750,35744460,2929,12992
1651,7,39,25,0,57685440,4750,35748600,2928,12999
1652,11,40,25,0,57713580,4750,35777160,2929,13010
1653,5,36,25,0,57744360,4751,35813700,2932,13015
1654,6,39,25,0,57753420,4751,35828340,2932,13021
1655,10,39,25,0,57791400,4752,35887020,2935,13031
1656,3,36,25,0,57816900,4751,35997300,2943,13034
1657,12,38,25,0,57834480,4752,36053760,2947,13046
1658,7,40,25,0,57858840,4752,36059640,2946,13053
1659,5,36,25,0,57893220,4753,36208380,2958,13058
1660,1,32,25,0,57916920,4753,36424020,2975,13059
1661,2,28,25,0,57947820,4753,36696960,2997,13061
1662,6,30,25,0,57968580,4753,36761700,3000,13067
1663,11,37,25,0,57990960,4753,36768840,2998,13078
1664,9,40,25,0,58005060,4754,36775800,2998,13087
1665,10,39,25,0,58043100,4755,36798720,2999,13097
1666,14,40,25,0,58070580,4755,36814920,2998,13111
1667,4,39,25,0,58086240,4755,36826080,2999,13115
1668,11,39,25,0,58118160,4756,36833460,2998,13126
1669,8,40,25,0,58141020,4756,36867840,3000,13134
1670,12,40,25,0,58153020,4756,36868440,3000,13146
1671,5,36,25,0,58200720,4758,37074720,3016,13151
1672,6,38,25,0,58211220,4757,37076280,3015,13157
1673,14,39,25,0,58245180,4758,37084260,3013,13171
1674,10,40,25,0,58264380,4758,37089180,3013,13181
1675,15,40,25,0,58294680,4758,37225500,3022,13196
1676,8,40,25,0,58319940,4758,37296660,3027,13204
1677,5,36,25,0,58344300,4758,37527300,3045,13209
1678,6,36,25,0,58366620,4757,37639320,3053,13215
1679,9,39,25,0,58395780,4758,37648680,3051,13224
1680,5,40,25,0,58414980,4758,37661460,3051,13229
1681,5,37,25,0,58453560,4758,37734540,3056,13234
1682,4,34,25,0,58482000,4758,37895220,3068,13238
1683,10,38,25,0,58498860,4757,38005020,3075,13248
1684,4,35,25,0,58527180,4756,38016180,3074,13252
1685,7,37,25,0,58546620,4756,38025120,3073,13259
1686,12,40,25,0,58566360,4756,38029260,3072,13271
1687,4,37,25,0,58600200,4756,38279880,3091,13275
1688,6,37,25,0,58617360,4755,38301000,3092,13281
1689,6,38,25,0,58647900,4756,38377380,3097,13287
1690,13,40,25,0,58665660,4755,38379300,3095,13300
1691,6,39,25,0,58689360,4756,38394480,3095,13306
1692,13,38,25,0,58718340,4756,38404200,3095,13319
1693,8,40,25,0,58743240,4757,38406360,3094,13327
1694,8,40,25,0,58757940,4757,38409780,3094,13335
1695,12,37,25,0,58799760,4758,38544600,3103,13347
1696,11,40,25,0,58824780,4758,38602200,3106,13358
1697,9,40,25,0,58842660,4758,38609400,3105,13367
1698,9,38,25,0,58874820,4758,38639820,3107,13376
1699,3,37,25,0,58897500,4759,38666520,3108,13379
1700,6,38,25,0,58919760,4758,38681820,3109,13385
1701,6,36,25,0,58953900,4758,38983140,3131,13391
1702,8,40,25,0,58969200,4758,38985420,3130,13399
1703,2,36,25,0,59001060,4759,39010740,3131,13401
1704,6,34,25,0,59029920,4758,39054780,3133,13407
1705,5,33,25,0,59050920,4757,39295500,3151,13412
1706,3,31,25,0,59078340,4758,39495960,3166,13415
1707,5,30,25,0,59105340,4758,39943320,3201,13420
1708,8,32,25,0,59130180,4757,39949860,3200,13428
1709,4,33,25,0,59145180,4757,39956400,3199,13432
1710,9,38,25,0,59170500,4758,39961140,3199,13441
1711,4,37,25,0,59199300,4758,39971940,3197,13445
1712,6,39,25,0,59224560,4759,39991920,3197,13451
1713,5,39,25,0,59251020,4759,40014900,3198,13456
1714,7,39,25,0,59274900,4760,40024740,3197,13463
1715,13,39,25,0,59305980,4760,40041960,3197,13476
1716,7,40,25,0,59322180,4761,40050600,3197,13483
1717,8,40,25,0,59343840,4760,40061520,3197,13491
1718,12,38,25,0,59384700,4761,40095240,3198,13503
1719,6,40,25,0,59392860,4760,40098300,3198,13509
1720,10,40,25,0,59421780,4761,40105380,3197,13519
1721,4,38,25,0,59441040,4761,40143780,3199,13523
1722,8,37,25,0,59485020,4762,40205400,3202,13531
1723,9,38,25,0,59502480,4762,40255920,3205,13540
1724,6,36,25,0,59532300,4761,40351260,3211,13546
1725,11,40,25,0,59545680,4761,40354920,3210,13557
1726,8,39,25,0,59569440,4762,40365540,3210,13565
1727,5,37,25,0,59600280,4762,40393620,3212,13570
1728,1,29,25,0,59634060,4761,41586600,3306,13571
1729,4,18,25,0,59664000,4758,44675700,3551,13575
1730,10,21,25,0,59677020,4757,44901240,3566,13585
1731,2,19,25,0,59702520,4757,44914680,3566,13587
1732,8,20,25,0,59734980,4757,44925240,3565,13595
1733,9,26,25,0,59749860,4757,44927160,3563,13604
1734,4,24,25,0,59781360,4757,44941140,3563,13608
1735,4,25,25,0,59798280,4757,44944920,3561,13612
1736,9,30,25,0,59822940,4758,44948100,3559,13621
1737,7,32,25,0,59857740,4759,44954760,3558,13628
1738,7,37,25,0,59869800,4759,44958420,3557,13635
1739,7,38,25,0,59903820,4759,44978100,3556,13642
1740,6,38,25,0,59930280,4760,44993040,3556,13648
1741,12,40,25,0,59953140,4760,45004920,3555,13660
1742,10,39,25,0,59977380,4761,45015960,3555,13670
1743,9,40,25,0,60007260,4761,45023880,3554,13679
1744,10,40,25,0,60021720,4762,45054780,3556,13689
1745,5,36,25,0,60061980,4763,45155820,3563,13694
1746,9,40,25,0,60077040,4762,45159720,3562,13703
1747,7,40,25,0,60100440,4763,45166980,3561,13710
1748,2,35,25,0,60135720,4763,45242280,3567,13712
1749,9,38,25,0,60158100,4763,45305460,3569,13721
1750,7,39,25,0,60185340,4763,45313440,3568,13728
1751,6,40,25,0,60203940,4763,45317640,3567,13734
1752,7,39,25,0,60226620,4763,45328320,3566,13741
1753,6,39,25,0,60256620,4764,45335100,3566,13747
1754,4,39,25,0,60272700,4764,45367320,3568,13751
1755,5,35,25,0,60312420,4764,45529320,3579,13756
1756,8,38,25,0,60334560,4764,45537120,3578,13764
1757,8,40,25,0,60345840,4764,45542700,3577,13772
1758,10,40,25,0,60382260,4765,45562980,3577,13782
1759,8,38,25,0,60408780,4765,45576420,3577,13790
1760,5,38,25,0,60436080,4765,45595200,3578,13795
1761,11,40,25,0,60459720,4765,45604080,3576,13806
1762,13,39,25,0,60487380,4766,45615960,3576,13819
1763,8,40,25,0,60507480,4766,45732480,3584,13827
1764,9,40,25,0,60533100,4766,45756900,3585,13836
1765,13,40,25,0,60561480,4766,45798600,3586,13849
1766,12,40,25,0,60584700,4766,45807960,3586,13861
1767,16,40,25,0,60609060,4766,45813360,3585,13877
1768,10,40,25,0,60634440,4766,45934500,3593,13887
1769,10,40,25,0,60660540,4766,46165620,3609,13897
1770,7,39,25,0,60686520,4766,46169280,3608,13904
1771,7,40,25,0,60713040,4766,46317540,3617,13911
1772,10,40,25,0,60734760,4766,46320000,3616,13921
1773,7,40,25,0,60757680,4766,46323120,3615,13928
1774,6,39,25,0,60784620,4766,46472460,3626,13934
1775,3,38,25,0,60804780,4766,46624740,3637,13937
1776,7,38,25,0,60844140,4767,46774500,3646,13944
1777,2,36,25,0,60855180,4766,47218560,3681,13946
1778,2,24,25,0,60897240,4764,49526520,3860,13948
1779,5,16,25,0,60914640,4761,51756780,4032,13953
1780,10,17,25,0,60943800,4760,52257000,4068,13963
1781,8,21,25,0,60962340,4760,52262820,4066,13971
1782,8,24,25,0,60988320,4760,52269180,4064,13979
1783,7,26,25,0,61019220,4760,52287300,4063,13986
1784,10,34,25,0,61031280,4761,52292820,4062,13996
1785,8,37,25,0,61064640,4761,52306620,4059,14004
1786,7,39,25,0,61083060,4762,52314300,4058,14011
1787,11,39,25,0,61114080,4762,52328040,4058,14022
1788,10,38,25,0,61138680,4763,52340940,4058,14032
1789,14,39,25,0,61156740,4763,52364220,4058,14046
1790,4,37,25,0,61195860,4764,52402800,4060,14050
1791,13,39,25,0,61217940,4764,52410720,4058,14063
1792,8,40,25,0,61223700,4764,52411260,4058,14071
1793,9,40,25,0,61262640,4764,52449300,4059,14080
1794,8,37,25,0,61293420,4765,52493940,4061,14088
1795,6,39,25,0,61313940,4765,52497000,4060,14094
1796,11,39,25,0,61345020,4765,52608720,4066,14105
1797,5,38,25,0,61372260,4765,52616100,4065,14110
1798,10,40,25,0,61392600,4765,52621860,4064,14120
1799,3,38,25,0,61417740,4766,52690380,4069,14123
1800,6,38,25,0,61443660,4766,52695480,4068,14129
1801,4,38,25,0,61460460,4766,52720800,4069,14133
1802,8,40,25,0,61495080,4767,52735440,4068,14141
1803,2,37,25,0,61517340,4766,52768200,4069,14143
1804,2,33,25,0,61542360,4766,53036700,4089,14145
1805,9,35,25,0,61568280,4766,53274240,4106,14154
1806,5,35,25,0,61591200,4766,53284980,4104,14159
1807,13,40,25,0,61608900,4766,53291040,4103,14172
1808,16,40,25,0,61643580,4766,53307000,4102,14188
1809,9,40,25,0,61654920,4766,53314320,4101,14197
1810,16,40,25,0,61688220,4767,53370000,4104,14213
1811,6,38,25,0,61722240,4767,53405820,4105,14219
1812,10,39,25,0,61745760,4767,53412120,4103,14229
1813,15,40,25,0,61756740,4767,53416560,4103,14244
1814,7,40,25,0,61796820,4768,53422980,4102,14251
1815,6,39,25,0,61823220,4768,53439360,4101,14257
1816,9,39,25,0,61848720,4768,53472240,4102,14266
1817,8,40,25,0,61860180,4768,53475000,4101,14274
1818,7,38,25,0,61891320,4768,53484720,4101,14281
1819,6,38,25,0,61920600,4768,53529900,4103,14287
1820,9,40,25,0,61940820,4768,53536740,4101,14296
1821,2,40,25,0,61958400,4769,53542860,4101,14298
1822,5,37,25,0,62000160,4770,53558940,4101,14303
1823,6,36,25,0,62029140,4770,53603460,4103,14309
1824,4,32,25,0,62051820,4769,54127380,4141,14313
1825,6,33,25,0,62071500,4768,54130020,4140,14319
1826,9,33,25,0,62102400,4767,54547980,4169,14328
1827,5,34,25,0,62123700,4768,54707460,4180,14333
1828,2,27,25,0,62150100,4766,55270740,4222,14335
1829,3,12,25,0,62183760,4762,57614400,4400,14338
1830,9,11,25,0,62199240,4760,59597640,4549,14347
1831,9,15,25,0,62224680,4760,59606280,4546,14356
1832,1,12,25,0,62247360,4760,59622600,4547,14357
1833,7,14,25,0,62269440,4760,59639340,4546,14364
1834,10,16,25,0,62304540,4760,59646600,4543,14374
1835,10,22,25,0,62323320,4760,59653620,4540,14384
1836,11,29,25,0,62346300,4760,59658660,4537,14395
1837,19,40,25,0,62371800,4761,59663760,4532,14414
1838,8,39,25,0,62400540,4761,59671020,4531,14422
1839,5,38,25,0,62427660,4762,59716860,4533,14427
1840,5,39,25,0,62447220,4762,59737740,4533,14432
1841,14,39,25,0,62475480,4762,59766240,4533,14446
1842,5,39,25,0,62503560,4762,59830080,4537,14451
1843,8,39,25,0,62515140,4763,59864220,4538,14459
1844,11,40,25,0,62554860,4763,59879100,4538,14470
1845,6,40,25,0,62571540,4764,59917500,4539,14476
1846,11,40,25,0,62605020,4764,59939520,4539,14487
1847,4,37,25,0,62622240,4764,59994720,4543,14491
1848,5,38,25,0,62650260,4765,60046320,4545,14496
1849,5,37,25,0,62681760,4765,60111420,4549,14501
1850,1,32,25,0,62711340,4766,60322320,4564,14502
1851,11,40,25,0,62720160,4765,60322740,4563,14513
1852,4,37,25,0,62752140,4766,60337680,4561,14517
1853,9,40,25,0,62775360,4766,60341760,4559,14526
1854,12,39,25,0,62798940,4766,60348780,4558,14538
1855,8,39,25,0,62830440,4767,60502740,4568,14546
1856,8,40,25,0,62853960,4767,60574740,4572,14554
1857,12,40,25,0,62879880,4767,60580440,4571,14566
1858,10,38,25,0,62916180,4767,60671100,4576,14576
1859,10,38,25,0,62934300,4767,60679500,4574,14586
1860,13,40,25,0,62950680,4767,60684780,4573,14599
1861,9,40,25,0,62975400,4767,60691080,4572,14608
1862,14,40,25,0,62999280,4767,60822240,4580,14622
1863,10,40,25,0,63028020,4767,60881880,4583,14632
1864,7,40,25,0,63039240,4767,60889200,4583,14639
1865,9,40,25,0,63060900,4768,60891120,4582,14648
1866,11,39,25,0,63112440,4769,60900300,4580,14659
1867,10,39,25,0,63131040,4769,60906420,4579,14669
1868,7,40,25,0,63157620,4769,60934920,4579,14676
1869,4,37,25,0,63182880,4769,61120440,4592,14680
1870,5,37,25,0,63209460,4770,61270680,4603,14685
1871,2,31,25,0,63239640,4769,61567320,4623,14687
1872,5,29,25,0,63263160,4768,61772640,4637,14692
1873,6,30,25,0,63282180,4768,61776600,4636,14698
1874,11,37,25,0,63303840,4768,61781760,4632,14709
1875,7,39,25,0,63332340,4769,61792380,4631,14716
1876,3,37,25,0,63358860,4769,61826220,4632,14719
1877,5,38,25,0,63383160,4769,61848660,4632,14724
1878,5,39,25,0,63405300,4769,61858380,4632,14729
1879,9,40,25,0,63431280,4769,61884660,4631,14738
1880,7,40,25,0,63455400,4770,61896300,4630,14745
1881,11,40,25,0,63472800,4770,61909200,4630,14756
1882,10,39,25,0,63511500,4770,61925400,4629,14766
1883,13,39,25,0,63527820,4771,61929720,4628,14779
1884,8,38,25,0,63560520,4771,62245860,4651,14787
1885,9,40,25,0,63583260,4771,62274240,4651,14796
1886,14,40,25,0,63605340,4771,62317860,4653,14810
1887,17,40,25,0,63635100,4771,62336580,4652,14827
1888,16,40,25,0,63652440,4771,62342520,4651,14843
1889,5,40,25,0,63677640,4772,62384700,4653,14848
1890,4,37,25,0,63709440,4772,62464020,4658,14852
1891,10,38,25,0,63742020,4772,62623140,4667,14862
1892,11,40,25,0,63756900,4772,62628600,4665,14873
1893,6,38,25,0,63789660,4772,62789100,4675,14879
1894,5,39,25,0,63803220,4772,62790960,4674,14884
1895,8,38,25,0,63839820,4772,62800380,4672,14892
1896,4,38,25,0,63862560,4772,63239880,4704,14896
1897,5,37,25,0,63888780,4772,63458160,4718,14901
1898,3,35,25,0,63910080,4772,63529680,4723,14904
1899,13,40,25,0,63933960,4772,63534060,4719,14917
1900,8,40,25,0,63954660,4772,63547740,4719,14925
1901,7,40,25,0,63981660,4772,63554340,4718,14932
1902,4,36,25,0,64014120,4773,63889320,4742,14936
1903,7,26,25,0,64045320,4769,65818140,4883,14943
1904,8,30,25,0,64066020,4769,65821080,4881,14951
1905,13,39,25,0,64085460,4769,65824980,4876,14964
1906,8,40,25,0,64108500,4769,65839980,4875,14972
1907,7,39,25,0,64140720,4770,65861940,4875,14979
1908,11,40,25,0,64158060,4770,65875620,4875,14990
1909,5,40,25,0,64189200,4771,65899560,4875,14995
1910,12,40,25,0,64209720,4771,65922120,4875,15007
1911,7,40,25,0,64236600,4771,65952240,4876,15014
1912,12,40,25,0,64259040,4771,65960100,4875,15026
1913,10,37,25,0,64294140,4772,66028020,4878,15036
1914,4,36,25,0,64315140,4772,66061560,4880,15040
1915,6,32,25,0,64351500,4771,66150240,4884,15046
1916,8,36,25,0,64365300,4770,66201900,4886,15054
1917,6,36,25,0,64395300,4771,66210180,4883,15060
1918,7,38,25,0,64420140,4771,66217740,4882,15067
1919,7,39,25,0,64446960,4771,66235380,4880,15074
1920,1,37,25,0,64460760,4770,66242520,4880,15075
1921,4,36,25,0,64494120,4771,66250140,4879,15079
1922,5,36,25,0,64521480,4771,66272460,4879,15084
1923,7,37,25,0,64544160,4771,66309480,4880,15091
1924,5,36,25,0,64569960,4771,66518760,4893,15096
1925,6,36,25,0,64589820,4770,66788100,4911,15102
1926,8,37,25,0,64622760,4770,66794940,4908,15110
1927,8,40,25,0,64638180,4770,66801900,4907,15118
1928,2,37,25,0,64666860,4771,66808860,4906,15120
1929,12,37,25,0,64701900,4770,66935940,4913,15132
1930,4,29,25,0,64727760,4768,67441320,4948,15136
1931,8,23,25,0,64753800,4765,70187460,5147,15144
1932,9,30,25,0,64762320,4765,70189200,5144,15153
1933,4,28,25,0,64794960,4765,70208520,5144,15157
1934,8,31,25,0,64819380,4765,70212720,5141,15165
1935,17,40,25,0,64841160,4765,70216140,5136,15182
1936,9,40,25,0,64869360,4766,70227420,5136,15191
1937,15,40,25,0,64884720,4767,70234320,5135,15206
1938,10,39,25,0,64924260,4767,70251000,5135,15216
1939,10,40,25,0,64942140,4767,70295700,5136,15226
1940,6,38,25,0,64973340,4768,70324080,5137,15232
1941,10,40,25,0,64993800,4768,70332360,5135,15242
1942,4,37,25,0,65022120,4768,70376100,5137,15246
1943,6,40,25,0,65034420,4768,70412040,5138,15252
1944,10,39,25,0,65067000,4769,70424580,5137,15262
1945,6,37,25,0,65104140,4769,70440660,5137,15268
1946,10,39,25,0,65118360,4769,70485180,5138,15278
1947,6,39,25,0,65144400,4770,70503240,5138,15284
1948,6,40,25,0,65167680,4770,70519140,5138,15290
1949,7,40,25,0,65194320,4770,70523520,5136,15297
1950,4,36,25,0,65229900,4770,70665000,5145,15301
1951,8,38,25,0,65255160,4770,70669500,5142,15309
1952,9,39,25,0,65266200,4770,70674420,5141,15318
1953,9,40,25,0,65301900,4771,70744860,5144,15327
1954,13,38,25,0,65319180,4770,70812060,5148,15340
1955,18,40,25,0,65349960,4770,70813620,5145,15358
1956,11,39,25,0,65374500,4770,70820220,5144,15369
1957,9,39,25,0,65406360,4771,70834920,5143,15378
1958,8,39,25,0,65428020,4770,70906980,5146,15386
1959,8,39,25,0,65450520,4770,70940400,5146,15394
1960,14,39,25,0,65474880,4770,71013240,5149,15408
1961,7,38,25,0,65503560,4770,71044080,5150,15415
1962,5,37,25,0,65523900,4769,71208480,5160,15420
1963,4,36,25,0,65550420,4770,71548680,5184,15424
1964,12,38,25,0,65580780,4768,71657520,5187,15436
1965,6,39,25,0,65598360,4768,71662860,5185,15442
1966,7,38,25,0,65625360,4768,71676840,5184,15449
1967,2,35,25,0,65661480,4769,71702580,5185,15451
1968,7,35,25,0,65678520,4768,72160080,5216,15458
1969,7,37,25,0,65705820,4768,72171180,5214,15465
1970,8,37,25,0,65732640,4768,72189600,5213,15473
1971,9,40,25,0,65747940,4768,72191340,5211,15482
1972,6,39,25,0,65775720,4769,72204600,5211,15488
1973,5,38,25,0,65797680,4769,72213840,5210,15493
1974,4,37,25,0,65829300,4769,72249240,5212,15497
1975,5,36,25,0,65854440,4769,72275340,5212,15502
1976,4,32,25,0,65880900,4768,72571080,5231,15506
1977,11,31,25,0,65907180,4766,73750860,5314,15517
1978,9,36,25,0,65922480,4766,73754400,5311,15526
1979,14,40,25,0,65955480,4766,73762500,5306,15540
1980,8,40,25,0,65966760,4766,73772760,5306,15548
1981,16,40,25,0,66004020,4767,73795740,5305,15564
1982,14,40,25,0,66014940,4767,73820940,5306,15578
1983,8,40,25,0,66046200,4767,73853460,5307,15586
1984,4,37,25,0,66085500,4768,73907520,5309,15590
1985,12,40,25,0,66108780,4768,73913520,5306,15602
1986,13,40,25,0,66126660,4768,73919400,5306,15615
1987,7,38,25,0,66157080,4769,73956180,5307,15622
1988,8,38,25,0,66178440,4769,73989180,5308,15630
1989,10,38,25,0,66205680,4769,74033520,5308,15640
1990,7,40,25,0,66225360,4769,74064960,5310,15647
1991,4,38,25,0,66254340,4769,74134680,5312,15651
1992,8,39,25,0,66288420,4769,74140680,5309,15659
1993,6,39,25,0,66297420,4769,74147580,5309,15665
1994,4,37,25,0,66336120,4770,74200800,5312,15669
1995,4,36,25,0,66360000,4770,74242320,5314,15673
1996,7,36,25,0,66385500,4769,74266500,5313,15680
1997,5,34,25,0,66411120,4769,74307000,5313,15685
1998,4,32,25,0,66437340,4769,74372460,5317,15689
1999,11,37,25,0,66458340,4768,74378220,5313,15700
2000,7,39,25,0,66483780,4768,74386920,5311,15707
2001,6,39,25,0,66502800,4768,74397000,5310,15713
2002,10,40,25,0,66534420,4768,74415540,5309,15723
2003,8,39,25,0,66560160,4768,74424960,5308,15731
2004,11,40,25,0,66585060,4769,74430420,5306,15742
2005,12,40,25,0,66596160,4769,74433180,5306,15754
2006,11,39,25,0,66634800,4769,74530560,5310,15765
2007,8,37,25,0,66659940,4769,74610000,5315,15773
2008,6,37,25,0,66682920,4769,75215760,5356,15779
2009,9,40,25,0,66700440,4768,75638640,5383,15788
2010,10,40,25,0,66728580,4769,75646020,5381,15798
2011,11,40,25,0,66738720,4768,75648300,5380,15809
2012,9,38,25,0,66781620,4769,75680760,5380,15818
2013,3,35,25,0,66800520,4768,76086300,5408,15821
2014,11,39,25,0,66840720,4768,76092300,5404,15832
2015,7,39,25,0,66857100,4769,76105740,5404,15839
2016,6,40,25,0,66885780,4769,76112760,5403,15845
2017,1,40,25,0,66885780,4769,76112760,5403,15846
2018,5,40,25,0,66885780,4769,76112760,5403,15851
2019,6,40,25,0,66885780,4769,76112760,5403,15857
2020,6,40,25,0,66885780,4769,76112760,5403,15863
2021,4,40,25,0,66885780,4769,76112760,5403,15867
2022,10,40,25,0,66885780,4769,76112760,5403,15877
2023,7,40,25,0,66885780,4769,76112760,5403,15884
2024,5,40,25,0,66885780,4769,76112760,5403,15889
2025,9,40,25,0,66885780,4769,76112760,5403,15898
2026,10,40,25,0,66885780,4769,76112760,5403,15908
2027,12,40,25,0,66885780,4769,76112760,5403,15920
2028,8,40,25,0,66885780,4769,76112760,5403,15928
2029,13,40,25,0,66885780,4769,76112760,5403,15941
2030,7,40,25,0,66885780,4769,76112760,5403,15948
2031,17,40,25,0,66885780,4769,76112760,5403,15965
2032,7,40,25,0,66885780,4769,76112760,5403,15972
2033,14,40,25,0,66885780,4769,76112760,5403,15986
2034,16,40,25,0,66885780,4769,76112760,5403,16002
2035,8,40,25,0,66885780,4769,76112760,5403,16010
2036,7,40,25,0,66885780,4769,76112760,5403,16017
2037,8,40,25,0,66885780,4769,76112760,5403,16025
2038,4,40,25,0,66885780,4769,76112760,5403,16029
2039,5,40,25,0,66885780,4769,76112760,5403,16034
2040,3,40,25,0,66885780,4769,76112760,5403,16037
2041,4,40,25,0,66885780,4769,76112760,5403,16041
2042,9,40,25,0,66885780,4769,76112760,5403,16050
2043,7,40,25,0,66885780,4769,76112760,5403,16057
2044,10,40,25,0,66885780,4769,76112760,5403,16067
2045,7,40,25,0,66885780,4769,76112760,5403,16074
2046,7,40,25,0,66885780,4769,76112760,5403,16081
2047,6,40,25,0,66885780,4769,76112760,5403,16087
2048,8,40,25,0,66885780,4769,76112760,5403,16095
2049,9,40,25,0,66885780,4769,76112760,5403,16104
2050,8,40,25,0,66885780,4769,76112760,5403,16112
2051,10,40,25,0,66885780,4769,76112760,5403,16122
2052,10,40,25,0,66885780,4769,76112760,5403,16132
2053,11,40,25,0,66885780,4769,76112760,5403,16143
2054,12,40,25,0,66885780,4769,76112760,5403,16155
2055,7,40,25,0,66885780,4769,76112760,5403,16162
2056,11,40,25,0,66885780,4769,76112760,5403,16173
2057,11,40,25,0,66885780,4769,76112760,5403,16184
2058,9,40,25,0,66885780,4769,76112760,5403,16193
2059,9,40,25,0,66885780,4769,76112760,5403,16202
2060,9,40,25,0,66885780,4769,76112760,5403,16211
2061,9,40,25,0,66885780,4769,76112760,5403,16220
2062,4,40,25,0,66885780,4769,76112760,5403,16224
2063,4,40,25,0,66885780,4769,76112760,5403,16228
2064,8,40,25,0,66885780,4769,76112760,5403,16236
2065,1,40,25,0,66885780,4769,76112760,5403,16237
2066,7,40,25,0,66885780,4769,76112760,5403,16244
2067,4,40,25,0,66885780,4769,76112760,5403,16248
2068,11,40,25,0,66885780,4769,76112760,5403,16259
2069,6,40,25,0,66885780,4769,76112760,5403,16265
2070,7,40,25,0,66885780,4769,76112760,5403,16272
2071,3,40,25,0,66885780,4769,76112760,5403,16275
2072,14,40,25,0,66885780,4769,76112760,5403,16289
2073,13,40,25,0,66885780,4769,76112760,5403,16302
2074,11,40,25,0,66885780,4769,76112760,5403,16313
2075,9,40,25,0,66885780,4769,76112760,5403,16322
2076,4,40,25,0,66885780,4769,76112760,5403,16326
2077,13,40,25,0,66885780,4769,76112760,5403,16339
2078,10,40,25,0,66885780,4769,76112760,5403,16349
2079,8,40,25,0,66885780,4769,76112760,5403,16357
2080,9,40,25,0,66885780,4769,76112760,5403,16366
2081,8,40,25,0,66885780,4769,76112760,5403,16374
2082,11,40,25,0,66885780,4769,76112760,5403,16385
2083,10,40,25,0,66885780,4769,76112760,5403,16395
2084,8,40,25,0,66885780,4769,76112760,5403,16403
2085,7,40,25,0,66885780,4769,76112760,5403,16410
2087,8,40,25,0,66885780,4769,76112760,5403,16418
2086,0,40,25,0,66885780,4769,76112760,5403,16418
2088,5,40,25,0,66885780,4769,76112760,5403,16423
2089,5,40,25,0,66885780,4769,76112760,5403,16428
2090,5,40,25,0,66885780,4769,76112760,5403,16433
2091,8,40,25,0,66885780,4769,76112760,5403,16441
2092,4,40,25,0,66885780,4769,76112760,5403,16445
2093,5,40,25,0,66885780,4769,76112760,5403,16450
2094,8,40,25,0,66885780,4769,76112760,5403,16458
2095,10,40,25,0,66885780,4769,76112760,5403,16468
2096,7,40,25,0,66885780,4769,76112760,5403,16475
2097,6,40,25,0,66885780,4769,76112760,5403,16481
2098,9,40,25,0,66885780,4769,76112760,5403,16490
2099,7,40,25,0,66885780,4769,76112760,5403,16497
2100,8,40,25,0,66885780,4769,76112760,5403,16505
2101,12,40,25,0,66885780,4769,76112760,5403,16517
2102,9,40,25,0,66885780,4769,76112760,5403,16526
2103,9,40,25,0,66885780,4769,76112760,5403,16535
2104,9,40,25,0,66885780,4769,76112760,5403,16544
2105,7,40,25,0,66885780,4769,76112760,5403,16551
2106,11,40,25,0,66885780,4769,76112760,5403,16562
2107,5,40,25,0,66885780,4769,76112760,5403,16567
2108,9,40,25,0,66885780,4769,76112760,5403,16576
2109,7,40,25,0,66885780,4769,76112760,5403,16583
2110,7,40,25,0,66885780,4769,76112760,5403,16590
2111,4,40,25,0,66885780,4769,76112760,5403,16594
2112,5,40,25,0,66885780,4769,76112760,5403,16599
2113,8,40,25,0,66885780,4769,76112760,5403,16607
2114,4,40,25,0,66885780,4769,76112760,5403,16611
2115,8,40,25,0,66885780,4769,76112760,5403,16619
2116,1,40,25,0,66885780,4769,76112760,5403,16620
2117,6,40,25,0,66885780,4769,76112760,5403,16626
2118,5,40,25,0,66885780,4769,76112760,5403,16631
2119,11,40,25,0,66885780,4769,76112760,5403,16642
2120,8,40,25,0,66885780,4769,76112760,5403,16650
2121,6,40,25,0,66885780,4769,76112760,5403,16656
2122,7,40,25,0,66885780,4769,76112760,5403,16663
2123,17,40,25,0,66885780,4769,76112760,5403,16680
2124,14,40,25,0,66885780,4769,76112760,5403,16694
2125,8,40,25,0,66885780,4769,76112760,5403,16702
2126,15,40,25,0,66885780,4769,76112760,5403,16717
2127,11,40,25,0,66885780,4769,76112760,5403,16728
2128,14,40,25,0,66885780,4769,76112760,5403,16742
2129,12,40,25,0,66885780,4769,76112760,5403,16754
2130,7,40,25,0,66885780,4769,76112760,5403,16761
2131,9,40,25,0,66885780,4769,76112760,5403,16770
2132,5,40,25,0,66885780,4769,76112760,5403,16775
2133,3,40,25,0,66885780,4769,76112760,5403,16778
2134,7,40,25,0,66885780,4769,76112760,5403,16785
2135,8,40,25,0,66885780,4769,76112760,5403,16793
2136,4,40,25,0,66885780,4769,76112760,5403,16797
2137,5,40,25,0,66885780,4769,76112760,5403,16802
2138,7,40,25,0,66885780,4769,76112760,5403,16809
2139,4,40,25,0,66885780,4769,76112760,5403,16813
2140,1,40,25,0,66885780,4769,76112760,5403,16814
2141,6,40,25,0,66885780,4769,76112760,5403,16820
2143,4,40,25,0,66885780,4769,76112760,5403,16824
2142,0,40,25,0,66885780,4769,76112760,5403,16824
2144,7,40,25,0,66885780,4769,76112760,5403,16831
2145,13,40,25,0,66885780,4769,76112760,5403,16844
2146,8,40,25,0,66885780,4769,76112760,5403,16852
2147,6,40,25,0,66885780,4769,76112760,5403,16858
2148,11,40,25,0,66885780,4769,76112760,5403,16869
2149,16,40,25,0,66885780,4769,76112760,5403,16885
2150,13,40,25,0,66885780,4769,76112760,5403,16898
2151,10,40,25,0,66885780,4769,76112760,5403,16908
2152,12,40,25,0,66885780,4769,76112760,5403,16920
2153,7,40,25,0,66885780,4769,76112760,5403,16927
2154,12,40,25,0,66885780,4769,76112760,5403,16939
2155,6,40,25,0,66885780,4769,76112760,5403,16945
2156,6,40,25,0,66885780,4769,76112760,5403,16951
2157,5,40,25,0,66885780,4769,76112760,5403,16956
2158,4,40,25,0,66885780,4769,76112760,5403,16960
2159,4,40,25,0,66885780,4769,76112760,5403,16964
2160,7,40,25,0,66885780,4769,76112760,5403,16971
2161,4,40,25,0,66885780,4769,76112760,5403,16975
2162,4,40,25,0,66885780,4769,76112760,5403,16979
2163,5,40,25,0,66885780,4769,76112760,5403,16984
2164,8,40,25,0,66885780,4769,76112760,5403,16992
2165,5,40,25,0,66885780,4769,76112760,5403,16997
2166,7,40,25,0,66885780,4769,76112760,5403,17004
2167,8,40,25,0,66885780,4769,76112760,5403,17012
2168,10,40,25,0,66885780,4769,76112760,5403,17022
2169,4,40,25,0,66885780,4769,76112760,5403,17026
2170,13,40,25,0,66885780,4769,76112760,5403,17039
2171,11,40,25,0,66885780,4769,76112760,5403,17050
2172,9,40,25,0,66885780,4769,76112760,5403,17059
2173,12,40,25,0,66885780,4769,76112760,5403,17071
2174,11,40,25,0,66885780,4769,76112760,5403,17082
2175,13,40,25,0,66885780,4769,76112760,5403,17095
2176,6,40,25,0,66885780,4769,76112760,5403,17101
2177,9,40,25,0,66885780,4769,76112760,5403,17110
2178,10,40,25,0,66885780,4769,76112760,5403,17120
2179,9,40,25,0,66885780,4769,76112760,5403,17129
2180,7,40,25,0,66885780,4769,76112760,5403,17136
2181,6,40,25,0,66885780,4769,76112760,5403,17142
2182,7,40,25,0,66885780,4769,76112760,5403,17149
2183,8,40,25,0,66885780,4769,76112760,5403,17157
2184,12,40,25,0,66885780,4769,76112760,5403,17169
2185,2,40,25,0,66885780,4769,76112760,5403,17171
2186,4,40,25,0,66885780,4769,76112760,5403,17175
2187,5,40,25,0,66885780,4769,76112760,5403,17180
2188,6,40,25,0,66885780,4769,76112760,5403,17186
2189,4,40,25,0,66885780,4769,76112760,5403,17190
2190,10,40,25,0,66885780,4769,76112760,5403,17200
2191,3,40,25,0,66885780,4769,76112760,5403,17203
2192,12,40,25,0,66885780,4769,76112760,5403,17215
2193,10,40,25,0,66885780,4769,76112760,5403,17225
2194,8,40,25,0,66885780,4769,76112760,5403,17233
2195,14,40,25,0,66885780,4769,76112760,5403,17247
2196,7,40,25,0,66885780,4769,76112760,5403,17254
2197,11,40,25,0,66885780,4769,76112760,5403,17265
2198,7,40,25,0,66885780,4769,76112760,5403,17272
2199,6,40,25,0,66885780,4769,76112760,5403,17278
2200,6,40,25,0,66885780,4769,76112760,5403,17284
2201,18,40,25,0,66885780,4769,76112760,5403,17302
2202,7,40,25,0,66885780,4769,76112760,5403,17309
2203,9,40,25,0,66885780,4769,76112760,5403,17318
2204,5,40,25,0,66885780,4769,76112760,5403,17323
2205,2,40,25,0,66885780,4769,76112760,5403,17325
2206,4,40,25,0,66885780,4769,76112760,5403,17329
2207,3,40,25,0,66885780,4769,76112760,5403,17332
2208,8,40,25,0,66885780,4769,76112760,5403,17340
2209,4,40,25,0,66885780,4769,76112760,5403,17344
2210,4,40,25,0,66885780,4769,76112760,5403,17348
2211,7,40,25,0,66885780,4769,76112760,5403,17355
2212,6,40,25,0,66885780,4769,76112760,5403,17361
2213,3,40,25,0,66885780,4769,76112760,5403,17364
2214,14,40,25,0,66885780,4769,76112760,5403,17378
2215,10,40,25,0,66885780,4769,76112760,5403,17388
2216,5,40,25,0,66885780,4769,76112760,5403,17393
2217,13,40,25,0,66885780,4769,76112760,5403,17406
2218,14,40,25,0,66885780,4769,76112760,5403,17420
2219,6,40,25,0,66885780,4769,76112760,5403,17426
2220,8,40,25,0,66885780,4769,76112760,5403,17434
2221,14,40,25,0,66885780,4769,76112760,5403,17448
2222,9,40,25,0,66885780,4769,76112760,5403,17457
2223,13,40,25,0,66885780,4769,76112760,5403,17470
2224,9,40,25,0,66885780,4769,76112760,5403,17479
2225,8,40,25,0,66885780,4769,76112760,5403,17487
2226,10,40,25,0,66885780,4769,76112760,5403,17497
2227,7,40,25,0,66885780,4769,76112760,5403,17504
2228,9,40,25,0,66885780,4769,76112760,5403,17513
2229,8,40,25,0,66885780,4769,76112760,5403,17521
2230,7,40,25,0,66885780,4769,76112760,5403,17528
2231,5,40,25,0,66885780,4769,76112760,5403,17533
2232,6,40,25,0,66885780,4769,76112760,5403,17539
2233,6,40,25,0,66885780,4769,76112760,5403,17545
2234,8,40,25,0,66885780,4769,76112760,5403,17553
2235,8,40,25,0,66885780,4769,76112760,5403,17561
2236,9,40,25,0,66885780,4769,76112760,5403,17570
2237,10,40,25,0,66885780,4769,76112760,5403,17580
2238,9,40,25,0,66885780,4769,76112760,5403,17589
2239,10,40,25,0,66885780,4769,76112760,5403,17599
2240,17,40,25,0,66885780,4769,76112760,5403,17616
2241,10,40,25,0,66885780,4769,76112760,5403,17626
2242,13,40,25,0,66885780,4769,76112760,5403,17639
2243,11,40,25,0,66885780,4769,76112760,5403,17650
2244,11,40,25,0,66885780,4769,76112760,5403,17661
2245,15,40,25,0,66885780,4769,76112760,5403,17676
2246,12,40,25,0,66885780,4769,76112760,5403,17688
2247,12,40,25,0,66885780,4769,76112760,5403,17700
2248,10,40,25,0,66885780,4769,76112760,5403,17710
2249,8,40,25,0,66885780,4769,76112760,5403,17718
2250,10,40,25,0,66885780,4769,76112760,5403,17728
2251,9,40,25,0,66885780,4769,76112760,5403,17737
2252,8,40,25,0,66885780,4769,76112760,5403,17745
2253,6,40,25,0,66885780,4769,76112760,5403,17751
2254,5,40,25,0,66885780,4769,76112760,5403,17756
2255,4,40,25,0,66885780,4769,76112760,5403,17760
2256,6,40,25,0,66885780,4769,76112760,5403,17766
2257,6,40,25,0,66885780,4769,76112760,5403,17772
2258,6,40,25,0,66885780,4769,76112760,5403,17778
2259,6,40,25,0,66885780,4769,76112760,5403,17784
2260,9,40,25,0,66885780,4769,76112760,5403,17793
2261,6,40,25,0,66885780,4769,76112760,5403,17799
2262,5,40,25,0,66885780,4769,76112760,5403,17804
2263,5,40,25,0,66885780,4769,76112760,5403,17809
2264,8,40,25,0,66885780,4769,76112760,5403,17817
2265,8,40,25,0,66885780,4769,76112760,5403,17825
2266,8,40,25,0,66885780,4769,76112760,5403,17833
2267,9,40,25,0,66885780,4769,76112760,5403,17842
2268,13,40,25,0,66885780,4769,76112760,5403,17855
2269,6,40,25,0,66885780,4769,76112760,5403,17861
2270,9,40,25,0,66885780,4769,76112760,5403,17870
2271,9,40,25,0,66885780,4769,76112760,5403,17879
2272,8,40,25,0,66885780,4769,76112760,5403,17887
2273,10,40,25,0,66885780,4769,76112760,5403,17897
2274,8,40,25,0,66885780,4769,76112760,5403,17905
2275,10,40,25,0,66885780,4769,76112760,5403,17915
2276,11,40,25,0,66885780,4769,76112760,5403,17926
2277,5,40,25,0,66885780,4769,76112760,5403,17931
2278,6,40,25,0,66885780,4769,76112760,5403,17937
2279,6,40,25,0,66885780,4769,76112760,5403,17943
2280,5,40,25,0,66885780,4769,76112760,5403,17948
2281,3,40,25,0,66885780,4769,76112760,5403,17951
2282,8,40,25,0,66885780,4769,76112760,5403,17959
2283,5,40,25,0,66885780,4769,76112760,5403,17964
2284,4,40,25,0,66885780,4769,76112760,5403,17968
2285,13,40,25,0,66885780,4769,76112760,5403,17981
2286,7,40,25,0,66885780,4769,76112760,5403,17988
2287,13,40,25,0,66885780,4769,76112760,5403,18001
2288,8,40,25,0,66885780,4769,76112760,5403,18009
2289,8,40,25,0,66885780,4769,76112760,5403,18017
2290,6,40,25,0,66885780,4769,76112760,5403,18023
2291,14,40,25,0,66885780,4769,76112760,5403,18037
2292,11,40,25,0,66885780,4769,76112760,5403,18048
2293,10,40,25,0,66885780,4769,76112760,5403,18058
2294,9,40,25,0,66885780,4769,76112760,5403,18067
2295,7,40,25,0,66885780,4769,76112760,5403,18074
2296,8,40,25,0,66885780,4769,76112760,5403,18082
2297,14,40,25,0,66885780,4769,76112760,5403,18096
2298,6,40,25,0,66885780,4769,76112760,5403,18102
2299,11,40,25,0,66885780,4769,76112760,5403,18113
2300,11,40,25,0,66885780,4769,76112760,5403,18124
2301,6,40,25,0,66885780,4769,76112760,5403,18130
2302,10,40,25,0,66885780,4769,76112760,5403,18140
2303,2,40,25,0,66885780,4769,76112760,5403,18142
2304,8,40,25,0,66885780,4769,76112760,5403,18150
2305,5,40,25,0,66885780,4769,76112760,5403,18155
2306,4,40,25,0,66885780,4769,76112760,5403,18159
2307,4,40,25,0,66885780,4769,76112760,5403,18163
2308,5,40,25,0,66885780,4769,76112760,5403,18168
2309,7,40,25,0,66885780,4769,76112760,5403,18175
2310,4,40,25,0,66885780,4769,76112760,5403,18179
2311,9,40,25,0,66885780,4769,76112760,5403,18188
2312,12,40,25,0,66885780,4769,76112760,5403,18200
2313,7,40,25,0,66885780,4769,76112760,5403,18207
2314,8,40,25,0,66885780,4769,76112760,5403,18215
2315,4,40,25,0,66885780,4769,76112760,5403,18219
2316,16,40,25,0,66885780,4769,76112760,5403,18235
2317,5,40,25,0,66885780,4769,76112760,5403,18240
2318,11,40,25,0,66885780,4769,76112760,5403,18251
2319,14,40,25,0,66885780,4769,76112760,5403,18265
2320,11,40,25,0,66885780,4769,76112760,5403,18276
2321,8,40,25,0,66885780,4769,76112760,5403,18284
2322,10,40,25,0,66885780,4769,76112760,5403,18294
2323,8,40,25,0,66885780,4769,76112760,5403,18302
2324,2,40,25,0,66885780,4769,76112760,5403,18304
2325,6,40,25,0,66885780,4769,76112760,5403,18310
2326,5,40,25,0,66885780,4769,76112760,5403,18315
2327,5,40,25,0,66885780,4769,76112760,5403,18320
2328,6,40,25,0,66885780,4769,76112760,5403,18326
2329,6,40,25,0,66885780,4769,76112760,5403,18332
2330,5,40,25,0,66885780,4769,76112760,5403,18337
2331,9,40,25,0,66885780,4769,76112760,5403,18346
2332,5,40,25,0,66885780,4769,76112760,5403,18351
2333,6,40,25,0,66885780,4769,76112760,5403,18357
2334,12,40,25,0,66885780,4769,76112760,5403,18369
2335,12,40,25,0,66885780,4769,76112760,5403,18381
2336,5,40,25,0,66885780,4769,76112760,5403,18386
2337,8,40,25,0,66885780,4769,76112760,5403,18394
2338,10,40,25,0,66885780,4769,76112760,5403,18404
2339,12,40,25,0,66885780,4769,76112760,5403,18416
2340,17,40,25,0,66885780,4769,76112760,5403,18433
2341,9,40,25,0,66885780,4769,76112760,5403,18442
2342,10,40,25,0,66885780,4769,76112760,5403,18452
2343,15,40,25,0,66885780,4769,76112760,5403,18467
2344,8,40,25,0,66885780,4769,76112760,5403,18475
2345,6,40,25,0,66885780,4769,76112760,5403,18481
2346,9,40,25,0,66885780,4769,76112760,5403,18490
2347,11,40,25,0,66885780,4769,76112760,5403,18501
2348,9,40,25,0,66885780,4769,76112760,5403,18510
2349,10,40,25,0,66885780,4769,76112760,5403,18520
2350,9,40,25,0,66885780,4769,76112760,5403,18529
2351,9,40,25,0,66885780,4769,76112760,5403,18538
2352,9,40,25,0,66885780,4769,76112760,5403,18547
2353,2,40,25,0,66885780,4769,76112760,5403,18549
2354,5,40,25,0,66885780,4769,76112760,5403,18554
2355,3,40,25,0,66885780,4769,76112760,5403,18557
2356,7,40,25,0,66885780,4769,76112760,5403,18564
2357,6,40,25,0,66885780,4769,76112760,5403,18570
2358,8,40,25,0,66885780,4769,76112760,5403,18578
2359,10,40,25,0,66885780,4769,76112760,5403,18588
2360,3,40,25,0,66885780,4769,76112760,5403,18591
2361,6,40,25,0,66885780,4769,76112760,5403,18597
2362,12,40,25,0,66885780,4769,76112760,5403,18609
2363,8,40,25,0,66885780,4769,76112760,5403,18617
2364,8,40,25,0,66885780,4769,76112760,5403,18625
2365,9,40,25,0,66885780,4769,76112760,5403,18634
2366,12,40,25,0,66885780,4769,76112760,5403,18646
2367,10,40,25,0,66885780,4769,76112760,5403,18656
2368,7,40,25,0,66885780,4769,76112760,5403,18663
2369,10,40,25,0,66885780,4769,76112760,5403,18673
2370,9,40,25,0,66885780,4769,76112760,5403,18682
2371,11,40,25,0,66885780,4769,76112760,5403,18693
2372,6,40,25,0,66885780,4769,76112760,5403,18699
2373,4,40,25,0,66885780,4769,76112760,5403,18703
2374,2,40,25,0,66885780,4769,76112760,5403,18705
2375,3,40,25,0,66885780,4769,76112760,5403,18708
2376,3,40,25,0,66885780,4769,76112760,5403,18711
2377,9,40,25,0,66885780,4769,76112760,5403,18720
2378,6,40,25,0,66885780,4769,76112760,5403,18726
2379,12,40,25,0,66885780,4769,76112760,5403,18738
2380,7,40,25,0,66885780,4769,76112760,5403,18745
2381,8,40,25,0,66885780,4769,76112760,5403,18753
2382,11,40,25,0,66885780,4769,76112760,5403,18764
2383,7,40,25,0,66885780,4769,76112760,5403,18771
2384,10,40,25,0,66885780,4769,76112760,5403,18781
2385,11,40,25,0,66885780,4769,76112760,5403,18792
2386,8,40,25,0,66885780,4769,76112760,5403,18800
2387,6,40,25,0,66885780,4769,76112760,5403,18806
2388,8,40,25,0,66885780,4769,76112760,5403,18814
2389,8,40,25,0,66885780,4769,76112760,5403,18822
2390,11,40,25,0,66885780,4769,76112760,5403,18833
2391,13,40,25,0,66885780,4769,76112760,5403,18846
2392,8,40,25,0,66885780,4769,76112760,5403,18854
2393,9,40,25,0,66885780,4769,76112760,5403,18863
2394,6,40,25,0,66885780,4769,76112760,5403,18869
2395,12,40,25,0,66885780,4769,76112760,5403,18881
2396,10,40,25,0,66885780,4769,76112760,5403,18891
2397,2,40,25,0,66885780,4769,76112760,5403,18893
2398,12,40,25,0,66885780,4769,76112760,5403,18905
2399,8,40,25,0,66885780,4769,76112760,5403,18913

