Hour,Arrivals,Waiting,Treating,Available Rooms,Total Treatment Time,Average Treatment Time,Total Wait Time,Average Wait Time,Total Arrivals
1,7,0,7,18,0,0,0,0,7
2,8,0,9,16,18840,3140,0,0,15
3,6,0,8,17,44880,3452,0,0,21
4,4,0,7,18,72780,4043,0,0,25
5,8,0,8,17,103800,4152,0,0,33
6,9,0,11,14,128580,4147,0,0,42
7,11,0,11,14,171600,4085,0,0,53
8,14,0,14,11,226260,4269,0,0,67
9,11,0,9,16,286920,4158,0,0,78
10,10,0,12,13,313980,4131,0,0,88
11,15,0,19,6,354180,4216,0,0,103
12,15,0,20,5,422880,4315,0,0,118
13,11,0,16,9,491160,4346,0,0,129
14,6,0,10,15,558000,4464,0,0,135
15,8,0,9,16,605880,4521,0,0,143
16,9,0,12,13,628260,4487,0,0,152
17,12,0,14,11,682680,4551,0,0,164
18,14,0,17,8,720120,4472,0,0,178
19,13,0,17,8,787680,4526,0,0,191
20,7,0,12,13,842760,4530,0,0,198
21,6,0,10,15,886800,4571,0,0,204
22,6,0,8,17,937380,4640,0,0,210
23,6,0,5,20,975000,4620,0,0,216
24,5,0,6,19,992040,4614,0,0,221
25,1,0,3,22,1018800,4652,0,0,222
26,2,0,4,21,1024080,4654,0,0,224
27,3,0,4,21,1050600,4711,0,0,227
28,7,0,6,19,1061400,4655,0,0,234
29,8,0,8,17,1088160,4650,0,0,242
30,3,0,6,19,1116780,4672,0,0,245
31,8,0,7,18,1142160,4642,0,0,253
32,15,0,15,10,1159680,4583,0,0,268
33,11,0,15,10,1213080,4595,0,0,279
34,11,0,15,10,1269000,4614,0,0,290
35,9,0,16,9,1303440,4605,0,0,299
36,12,0,18,7,1362180,4649,0,0,311
37,16,0,19,6,1430340,4643,0,0,327
38,11,0,14,11,1506120,4648,0,0,338
39,3,0,7,18,1558620,4666,0,0,341
40,13,0,12,13,1590480,4650,0,0,354
41,12,0,14,11,1636440,4648,0,0,366
42,11,0,14,11,1684500,4640,0,0,377
43,7,0,13,12,1732020,4668,0,0,384
44,8,0,11,14,1787100,4690,0,0,392
45,6,0,8,17,1827660,4686,0,0,398
46,5,0,6,19,1866060,4700,0,0,403
47,1,0,2,23,1894020,4711,0,0,404
48,7,0,8,17,1899540,4713,0,0,411
49,7,0,13,12,1903920,4701,0,0,418
50,4,0,7,18,1960680,4724,0,0,422
51,5,0,9,16,1971960,4717,0,0,427
52,8,0,9,16,2011440,4721,0,0,435
53,10,0,13,12,2041140,4724,0,0,445
54,6,0,11,14,2073960,4713,0,0,451
55,10,0,13,12,2124660,4742,0,0,461
56,10,0,14,11,2160000,4726,0,0,471
57,6,0,12,13,2202780,4737,0,0,477
58,13,0,13,12,2255040,4727,0,0,490
59,12,0,22,3,2269980,4729,0,0,502
60,11,0,16,9,2349000,4726,120,0,513
61,9,0,12,13,2423640,4752,120,0,522
62,8,0,10,15,2471340,4752,120,0,530
63,14,0,14,11,2508660,4733,120,0,544
64,12,0,17,8,2552280,4735,120,0,556
65,13,0,17,8,2613300,4734,120,0,569
66,11,0,14,11,2689380,4751,120,0,580
67,4,0,8,17,2730360,4740,120,0,584
68,8,0,9,16,2770020,4751,120,0,592
69,7,0,8,17,2816940,4766,120,0,599
70,3,0,6,19,2835240,4757,120,0,602
71,5,0,4,21,2863200,4748,120,0,607
72,3,0,5,20,2874060,4750,120,0,610
73,5,0,7,18,2887920,4749,120,0,615
74,1,0,3,22,2910180,4747,120,0,616
75,7,0,7,18,2924340,4747,120,0,623
76,6,0,9,16,2943180,4747,120,0,629
77,7,0,10,15,2979300,4759,120,0,636
78,10,0,11,14,3019260,4754,120,0,646
79,5,0,9,16,3054540,4757,120,0,651
80,12,0,13,12,3088200,4751,120,0,663
81,15,0,18,7,3126180,4736,120,0,678
82,7,0,14,11,3176580,4734,120,0,685
83,13,0,13,12,3248400,4742,120,0,698
84,14,0,17,8,3284700,4726,120,0,712
85,16,0,19,6,3348900,4723,120,0,728
86,8,0,10,15,3421620,4712,120,0,736
87,12,0,13,12,3456780,4703,120,0,748
88,9,0,11,14,3502140,4694,120,0,757
89,10,0,14,11,3534840,4694,120,0,767
90,12,0,17,8,3580260,4698,120,0,779
91,11,0,15,10,3640860,4697,120,0,790
92,6,0,9,16,3703140,4705,120,0,796
93,6,0,6,19,3747540,4707,120,0,802
94,5,0,5,20,3770100,4700,120,0,807
95,2,0,3,22,3789900,4702,120,0,809
96,7,0,8,17,3800280,4703,120,0,816
97,6,0,7,18,3827760,4696,120,0,822
98,4,0,9,16,3840600,4700,120,0,826
99,5,0,8,17,3877380,4711,120,0,831
100,5,0,7,18,3906660,4712,120,0,836
101,4,0,8,17,3917160,4708,120,0,840
102,8,0,9,16,3959340,4719,120,0,848
103,7,0,12,13,3983700,4725,120,0,855
104,7,0,9,16,4035000,4730,120,0,862
105,6,0,6,19,4069980,4721,120,0,868
106,9,0,12,13,4091160,4729,120,0,877
107,8,0,10,15,4137480,4728,120,0,885
108,9,0,10,15,4171680,4719,120,0,894
109,11,0,10,15,4218780,4713,120,0,905
110,11,0,9,16,4269240,4706,120,0,916
111,12,0,13,12,4302300,4701,120,0,928
112,9,0,11,14,4353120,4700,120,0,937
113,10,0,13,12,4382700,4692,120,0,947
114,6,0,8,17,4450020,4709,120,0,953
115,7,0,7,18,4490220,4711,120,0,960
116,8,0,11,14,4505400,4707,120,0,968
117,5,0,8,17,4548900,4713,120,0,973
118,10,0,11,14,4584600,4716,120,0,983
119,6,0,13,12,4594140,4707,120,0,989
120,11,0,10,15,4668960,4716,120,0,1000
121,7,0,12,13,4689060,4712,120,0,1007
122,6,0,11,14,4727700,4718,120,0,1013
123,9,0,10,15,4774440,4717,120,0,1022
124,10,0,13,12,4804980,4715,120,0,1032
125,4,0,9,16,4852680,4725,120,0,1036
126,13,0,12,13,4892100,4717,120,0,1049
127,14,0,18,7,4929000,4716,120,0,1063
128,12,0,18,7,4984380,4715,120,0,1075
129,14,0,19,6,5053860,4723,120,0,1089
130,8,0,13,12,5113620,4717,120,0,1097
131,15,0,18,7,5169780,4725,120,0,1112
132,17,0,22,3,5225760,4720,120,0,1129
133,10,0,19,6,5292840,4725,120,0,1139
134,9,0,18,7,5352420,4736,120,0,1148
135,9,0,11,14,5431440,4739,120,0,1157
136,10,0,14,11,5474340,4747,120,0,1167
137,11,0,15,10,5528280,4753,120,0,1178
138,9,0,14,11,5567580,4746,120,0,1187
139,10,0,14,11,5621220,4751,120,0,1197
140,3,0,8,17,5670060,4756,120,0,1200
141,11,0,10,15,5704440,4749,120,0,1211
142,4,0,9,16,5733540,4754,120,0,1215
143,2,0,4,21,5773980,4760,120,0,1217
144,5,0,5,20,5793900,4760,120,0,1222
145,4,0,6,19,5805960,4758,120,0,1226
146,8,0,12,13,5816040,4759,120,0,1234
147,12,0,15,10,5863320,4763,120,0,1246
148,6,0,8,17,5921340,4759,120,0,1252
149,5,0,8,17,5953140,4766,120,0,1257
150,1,0,4,21,5977860,4767,120,0,1258
151,4,0,2,23,6002040,4763,120,0,1262
152,4,0,4,21,6007920,4760,120,0,1266
153,13,0,14,11,6013500,4753,120,0,1279
154,5,0,12,13,6055500,4760,120,0,1284
155,15,0,15,10,6120600,4766,120,0,1299
156,7,0,13,12,6164520,4767,120,0,1306
157,11,0,14,11,6206760,4763,120,0,1317
158,8,0,17,8,6237420,4768,120,0,1325
159,5,0,10,15,6304800,4776,120,0,1330
160,17,0,17,8,6353700,4777,120,0,1347
161,12,0,19,6,6402960,4778,120,0,1359
162,10,0,16,9,6471840,4783,120,0,1369
163,10,0,15,10,6521760,4781,120,0,1379
164,5,0,12,13,6562680,4783,120,0,1384
165,8,0,8,17,6625140,4786,120,0,1392
166,3,0,5,20,6653100,4786,120,0,1395
167,6,0,7,18,6672060,4786,120,0,1401
168,7,0,11,14,6682320,4783,120,0,1408
169,5,0,8,17,6723420,4785,120,0,1413
170,6,0,7,18,6757980,4786,120,0,1419
171,6,0,7,18,6780420,4781,120,0,1425
172,9,0,12,13,6804600,4785,120,0,1434
173,7,0,14,11,6827280,4784,120,0,1441
174,5,0,6,19,6893760,4787,120,0,1446
175,3,0,5,20,6915360,4789,120,0,1449
176,9,0,10,15,6935100,4789,120,0,1458
177,14,0,16,9,6956460,4777,120,0,1472
178,10,0,12,13,7020480,4775,120,0,1482
179,8,0,10,15,7071120,4777,120,0,1490
180,8,0,12,13,7096020,4775,120,0,1498
181,6,0,9,16,7142760,4777,120,0,1504
182,7,0,9,16,7179600,4780,120,0,1511
183,7,0,10,15,7207140,4779,120,0,1518
184,15,0,16,9,7256520,4783,120,0,1533
185,7,0,9,16,7307400,4772,120,0,1540
186,9,0,13,12,7330500,4772,120,0,1549
187,3,0,8,17,7374420,4776,120,0,1552
188,6,0,7,18,7413420,4779,120,0,1558
189,7,0,9,16,7434300,4777,120,0,1565
190,8,0,9,16,7461540,4770,120,0,1573
191,6,0,8,17,7487520,4766,120,0,1579
192,7,0,9,16,7514400,4764,120,0,1586
193,8,0,9,16,7552980,4765,120,0,1594
194,9,0,11,14,7576860,4759,120,0,1603
195,8,0,13,12,7610700,4762,120,0,1611
196,4,0,10,15,7651740,4767,120,0,1615
197,6,0,8,17,7701120,4774,120,0,1621
198,8,0,7,18,7743720,4774,120,0,1629
199,4,0,4,21,7769820,4769,120,0,1633
200,9,0,6,19,7793460,4763,120,0,1642
201,16,0,14,11,7816560,4754,120,0,1658
202,9,0,16,9,7846980,4752,120,0,1667
203,12,0,15,10,7907220,4751,120,0,1679
204,11,0,14,11,7969380,4755,120,0,1690
205,9,0,15,10,8003160,4752,120,0,1699
206,13,0,15,10,8062440,4750,120,0,1712
207,11,0,16,9,8102280,4746,120,0,1723
208,9,0,13,12,8158500,4746,120,0,1732
209,7,0,12,13,8196540,4746,120,0,1739
210,6,0,9,16,8250360,4752,120,0,1745
211,5,0,7,18,8284140,4752,120,0,1750
212,6,0,7,18,8320740,4757,120,0,1756
213,6,0,9,16,8335140,4754,120,0,1762
214,5,0,9,16,8365980,4758,120,0,1767
215,6,0,7,18,8395620,4754,120,0,1773
216,7,0,10,15,8418420,4756,120,0,1780
217,5,0,5,20,8468820,4757,120,0,1785
218,5,0,6,19,8485860,4756,120,0,1790
219,4,0,6,19,8506500,4757,120,0,1794
220,2,0,5,20,8520540,4757,120,0,1796
221,5,0,7,18,8540220,4760,120,0,1801
222,5,0,6,19,8571840,4762,120,0,1806
223,9,0,9,16,8594460,4758,120,0,1815
224,5,0,9,16,8620740,4760,120,0,1820
225,6,0,9,16,8657640,4764,120,0,1826
226,9,0,12,13,8695200,4769,120,0,1835
227,9,0,13,12,8733360,4769,120,0,1844
228,10,0,13,12,8774400,4766,120,0,1854
229,11,0,12,13,8825820,4762,120,0,1865
230,11,0,15,10,8868960,4765,120,0,1876
231,12,0,16,9,8929620,4770,120,0,1888
232,12,0,13,12,8993760,4766,120,0,1900
233,11,0,17,8,9026640,4765,120,0,1911
234,9,0,17,8,9077460,4770,120,0,1920
235,5,0,8,17,9147600,4771,120,0,1925
236,7,0,12,13,9166140,4774,120,0,1932
237,5,0,8,17,9220320,4779,120,0,1937
238,8,0,8,17,9249240,4775,120,0,1945
239,4,0,6,19,9287820,4780,120,0,1949
240,8,0,10,15,9310080,4781,120,0,1957
241,5,0,8,17,9341220,4780,120,0,1962
242,5,0,6,19,9374820,4780,120,0,1967
243,5,0,6,19,9391440,4776,120,0,1972
244,6,0,6,19,9426060,4779,120,0,1978
245,6,0,9,16,9435960,4777,120,0,1984
246,9,0,9,16,9471840,4774,120,0,1993
247,10,0,12,13,9507240,4775,120,0,2003
248,7,0,14,11,9531960,4775,120,0,2010
249,7,0,12,13,9575760,4775,120,0,2017
250,7,0,9,16,9632760,4780,120,0,2024
251,5,0,7,18,9665220,4780,120,0,2029
252,13,0,13,12,9693780,4777,120,0,2042
253,13,0,21,4,9715260,4776,120,0,2055
254,12,0,18,7,9794880,4780,120,0,2067
255,15,0,17,8,9877080,4783,120,0,2082
256,8,0,19,6,9903780,4782,120,0,2090
257,11,0,17,8,9983100,4790,120,0,2101
258,8,0,12,13,10056240,4795,120,0,2109
259,9,0,14,11,10086180,4793,120,0,2118
260,7,0,11,14,10144680,4798,120,0,2125
261,4,0,3,22,10200420,4797,120,0,2129
262,12,0,11,14,10210980,4793,120,0,2141
263,6,0,11,14,10236180,4792,120,0,2147
264,4,0,7,18,10276020,4792,120,0,2151
265,5,0,8,17,10301640,4795,120,0,2156
266,4,0,8,17,10317300,4794,120,0,2160
267,4,0,3,22,10363800,4795,120,0,2164
268,6,0,7,18,10373580,4795,120,0,2170
269,8,0,12,13,10385580,4794,120,0,2178
270,4,0,10,15,10419780,4797,120,0,2182
271,5,0,6,19,10470300,4800,120,0,2187
272,8,0,11,14,10485360,4800,120,0,2195
273,6,0,11,14,10515480,4801,120,0,2201
274,13,0,15,10,10566480,4805,120,0,2214
275,5,0,12,13,10606920,4806,120,0,2219
276,11,0,15,10,10658400,4811,120,0,2230
277,8,0,12,13,10698300,4806,120,0,2238
278,6,0,8,17,10746900,4806,120,0,2244
279,10,0,9,16,10789320,4805,120,0,2254
280,10,0,12,13,10818840,4804,120,0,2264
281,9,0,10,15,10870080,4803,120,0,2273
282,10,0,9,16,10913700,4799,120,0,2283
283,11,0,15,10,10933020,4797,120,0,2294
284,12,0,14,11,10992780,4796,120,0,2306
285,4,0,8,17,11043660,4797,120,0,2310
286,5,0,7,18,11083080,4802,120,0,2315
287,9,0,12,13,11103600,4802,120,0,2324
288,4,0,8,17,11140320,4801,120,0,2328
289,3,0,5,20,11176860,4805,120,0,2331
290,4,0,5,20,11193480,4804,120,0,2335
291,9,0,11,14,11200380,4800,120,0,2344
292,2,0,7,18,11226180,4799,120,0,2346
293,5,0,7,18,11260500,4803,120,0,2351
294,7,0,10,15,11287020,4807,120,0,2358
295,6,0,11,14,11309580,4806,120,0,2364
296,10,0,13,12,11352960,4808,120,0,2374
297,15,0,19,6,11396400,4808,120,0,2389
298,6,0,10,15,11460840,4805,120,0,2395
299,9,0,8,17,11515140,4805,120,0,2404
300,12,0,14,11,11535900,4802,120,0,2416
301,14,0,16,9,11596500,4803,120,0,2430
302,9,0,15,10,11641560,4802,120,0,2439
303,6,0,11,14,11699640,4806,120,0,2445
304,6,0,10,15,11735940,4807,120,0,2451
305,12,0,14,11,11777880,4809,120,0,2463
306,18,0,20,5,11821920,4803,120,0,2481
307,5,0,11,14,11892540,4805,120,0,2486
308,6,0,5,20,11958360,4808,120,0,2492
309,7,0,8,17,11966700,4803,120,0,2499
310,6,0,9,16,11998800,4807,120,0,2505
311,6,0,10,15,12029520,4809,120,0,2511
312,8,0,10,15,12066180,4809,120,0,2519
313,5,0,5,20,12111960,4808,120,0,2524
314,3,0,6,19,12124200,4809,120,0,2527
315,7,0,9,16,12138660,4807,120,0,2534
316,5,0,8,17,12172260,4809,120,0,2539
317,5,0,10,15,12189300,4810,120,0,2544
318,9,0,12,13,12216720,4807,120,0,2553
319,10,0,12,13,12267780,4809,120,0,2563
320,15,0,17,8,12326700,4813,120,0,2578
321,13,0,18,7,12373200,4808,120,0,2591
322,9,0,12,13,12448620,4810,120,0,2600
323,15,0,16,9,12502920,4810,120,0,2615
324,17,0,23,2,12542700,4807,120,0,2632
325,12,0,16,9,12637860,4808,120,0,2644
326,6,0,11,14,12688200,4807,120,0,2650
327,9,0,10,15,12737100,4808,120,0,2659
328,9,0,9,16,12787440,4809,120,0,2668
329,9,0,13,12,12802080,4805,120,0,2677
330,6,0,9,16,12846900,4804,120,0,2683
331,7,0,9,16,12888360,4807,120,0,2690
332,6,0,9,16,12922440,4809,120,0,2696
333,6,0,8,17,12953820,4808,120,0,2702
334,4,0,9,16,12973080,4810,120,0,2706
335,5,0,7,18,13012200,4812,120,0,2711
336,4,0,5,20,13046640,4814,120,0,2715
337,6,0,8,17,13062420,4814,120,0,2721
338,5,0,5,20,13096020,4812,120,0,2726
339,7,0,9,16,13112880,4813,120,0,2733
340,5,0,7,18,13138260,4810,120,0,2738
341,8,0,7,18,13171320,4808,120,0,2746
342,8,0,12,13,13184760,4808,120,0,2754
343,8,0,11,14,13235400,4811,120,0,2762
344,6,0,7,18,13282680,4810,120,0,2768
345,11,0,11,14,13307640,4807,120,0,2779
346,10,0,13,12,13343820,4806,120,0,2789
347,11,0,15,10,13389720,4807,120,0,2800
348,16,0,18,7,13436400,4802,120,0,2816
349,9,0,15,10,13493040,4801,120,0,2825
350,9,0,13,12,13563060,4807,120,0,2834
351,12,0,17,8,13599540,4807,120,0,2846
352,12,0,14,11,13669980,4806,120,0,2858
353,6,0,9,16,13723440,4806,120,0,2864
354,10,0,12,13,13759380,4807,120,0,2874
355,6,0,8,17,13808880,4808,120,0,2880
356,4,0,8,17,13834020,4810,120,0,2884
357,8,0,8,17,13875900,4811,120,0,2892
358,5,0,8,17,13894680,4809,120,0,2897
359,10,0,13,12,13926480,4812,120,0,2907
360,3,0,8,17,13979280,4817,120,0,2910
361,4,0,7,18,14013000,4820,120,0,2914
362,2,0,4,21,14040300,4821,120,0,2916
363,7,0,7,18,14065080,4823,120,0,2923
364,4,0,6,19,14082960,4821,120,0,2927
365,3,0,4,21,14110260,4822,120,0,2930
366,6,0,5,20,14132640,4821,120,0,2936
367,5,0,7,18,14146620,4821,120,0,2941
368,9,0,11,14,14168880,4820,120,0,2950
369,9,0,10,15,14207100,4817,120,0,2959
370,9,0,14,11,14227680,4816,120,0,2968
371,7,0,12,13,14275500,4817,120,0,2975
372,11,0,14,11,14318220,4817,120,0,2986
373,8,0,10,15,14370420,4815,120,0,2994
374,9,0,11,14,14416080,4818,120,0,3003
375,11,0,12,13,14457120,4815,120,0,3014
376,15,0,19,6,14490480,4814,120,0,3029
377,14,0,20,5,14550660,4813,120,0,3043
378,9,0,17,8,14611860,4814,120,0,3052
379,9,0,16,9,14679600,4820,120,0,3061
380,4,0,10,15,14731020,4821,120,0,3065
381,7,0,10,15,14775420,4825,120,0,3072
382,7,0,10,15,14811480,4826,120,0,3079
383,11,0,13,12,14848860,4825,120,0,3090
384,6,0,9,16,14897580,4825,120,0,3096
385,4,0,3,22,14941920,4824,120,0,3100
386,3,0,4,21,14951820,4824,120,0,3103
387,9,0,9,16,14969520,4824,120,0,3112
388,2,0,3,22,15010380,4824,120,0,3114
389,4,0,4,21,15023280,4824,120,0,3118
390,11,0,9,16,15039780,4820,120,0,3129
391,7,0,8,17,15067380,4816,120,0,3136
392,8,0,10,15,15092040,4815,120,0,3144
393,13,0,15,10,15128220,4814,120,0,3157
394,9,0,13,12,15168900,4810,120,0,3166
395,9,0,12,13,15223380,4812,120,0,3175
396,6,0,11,14,15252540,4811,120,0,3181
397,13,0,16,9,15288360,4810,120,0,3194
398,10,0,12,13,15353400,4809,120,0,3204
399,6,0,9,16,15390540,4808,120,0,3210
400,11,0,11,14,15435420,4808,120,0,3221
401,3,0,3,22,15483600,4807,120,0,3224
402,10,0,10,15,15497640,4806,120,0,3234
403,10,0,12,13,15525540,4803,120,0,3244
404,9,0,14,11,15560040,4803,120,0,3253
405,3,0,5,20,15624960,4806,120,0,3256
406,2,0,4,21,15641700,4806,120,0,3258
407,4,0,6,19,15649260,4806,120,0,3262
408,10,0,13,12,15670500,4808,120,0,3272
409,10,0,14,11,15713220,4808,120,0,3282
410,6,0,11,14,15757440,4808,120,0,3288
411,5,0,5,20,15811680,4808,120,0,3293
412,4,0,5,20,15826260,4807,120,0,3297
413,6,0,9,16,15836820,4807,120,0,3303
414,7,0,11,14,15864720,4808,120,0,3310
415,5,0,7,18,15915000,4811,120,0,3315
416,12,0,12,13,15947040,4810,120,0,3327
417,9,0,16,9,15969660,4810,120,0,3336
418,13,0,15,10,16030200,4808,120,0,3349
419,8,0,14,11,16076640,4809,120,0,3357
420,10,0,12,13,16134540,4809,120,0,3367
421,9,0,15,10,16170180,4811,120,0,3376
422,8,0,11,14,16231620,4812,120,0,3384
423,10,0,14,11,16266660,4812,120,0,3394
424,11,0,18,7,16300800,4812,120,0,3405
425,11,0,15,10,16366440,4812,120,0,3416
426,7,0,8,17,16440780,4814,120,0,3423
427,9,0,11,14,16463400,4812,120,0,3432
428,10,0,13,12,16507680,4814,120,0,3442
429,5,0,5,20,16565220,4812,120,0,3447
430,6,0,6,19,16586640,4811,120,0,3453
431,2,0,3,22,16611300,4812,120,0,3455
432,5,0,4,21,16633680,4812,120,0,3460
433,10,0,11,14,16645140,4812,120,0,3470
434,4,0,8,17,16669200,4809,120,0,3474
435,9,0,11,14,16702800,4810,120,0,3483
436,5,0,10,15,16731780,4810,120,0,3488
437,5,0,6,19,16777740,4811,120,0,3493
438,9,0,10,15,16796520,4810,120,0,3502
439,16,0,16,9,16829040,4805,120,0,3518
440,11,0,16,9,16876740,4804,120,0,3529
441,15,0,18,7,16927740,4800,120,0,3544
442,11,0,16,9,17000280,4803,120,0,3555
443,6,0,10,15,17053320,4802,120,0,3561
444,9,0,12,13,17098020,4805,120,0,3570
445,8,0,10,15,17142420,4804,120,0,3578
446,13,0,17,8,17164260,4802,120,0,3591
447,12,0,18,7,17211540,4800,120,0,3603
448,9,0,13,12,17293200,4805,120,0,3612
449,14,0,17,8,17349180,4807,120,0,3626
450,6,0,14,11,17387040,4805,120,0,3632
451,16,0,13,12,17481420,4809,120,0,3648
452,8,0,15,10,17504280,4807,120,0,3656
453,9,0,11,14,17561580,4806,120,0,3665
454,11,0,11,14,17611080,4805,120,0,3676
455,6,0,9,16,17637120,4801,120,0,3682
456,5,0,6,19,17676480,4802,120,0,3687
457,4,0,5,20,17707200,4803,120,0,3691
458,4,0,5,20,17728740,4804,120,0,3695
459,3,0,5,20,17746740,4805,120,0,3698
460,7,0,9,16,17761320,4805,120,0,3705
461,9,0,13,12,17786880,4805,120,0,3714
462,8,0,10,15,17838180,4805,120,0,3722
463,6,0,7,18,17879100,4804,120,0,3728
464,9,0,11,14,17905260,4805,120,0,3737
465,8,0,14,11,17930940,4805,120,0,3745
466,7,0,11,14,17985540,4807,120,0,3752
467,8,0,10,15,18030660,4808,120,0,3760
468,12,0,12,13,18079740,4808,120,0,3772
469,10,0,11,14,18117300,4804,120,0,3782
470,12,0,17,8,18151380,4805,120,0,3794
471,10,0,13,12,18202800,4801,120,0,3804
472,9,0,12,13,18253620,4802,120,0,3813
473,11,0,15,10,18289860,4801,120,0,3824
474,6,0,7,18,18359820,4802,120,0,3830
475,2,0,6,19,18372300,4801,120,0,3832
476,3,0,2,23,18416700,4804,120,0,3835
477,4,0,5,20,18422160,4804,120,0,3839
478,6,0,8,17,18431820,4803,120,0,3845
479,7,0,8,17,18468360,4804,120,0,3852
480,4,0,9,16,18484500,4804,120,0,3856
481,6,0,5,20,18532920,4805,120,0,3862
482,4,0,4,21,18553020,4803,120,0,3866
483,5,0,9,16,18553020,4803,120,0,3871
484,5,0,10,15,18575880,4804,120,0,3876
485,8,0,14,11,18597000,4805,120,0,3884
486,5,0,7,18,18669540,4809,120,0,3889
487,9,0,9,16,18699960,4808,120,0,3898
488,17,0,18,7,18731220,4806,120,0,3915
489,10,0,16,9,18779460,4804,120,0,3925
490,9,0,19,6,18821280,4807,120,0,3934
491,5,0,13,12,18883680,4809,120,0,3939
492,10,0,12,13,18946920,4812,120,0,3949
493,9,0,12,13,18980400,4810,120,0,3958
494,19,0,21,4,19027500,4809,120,0,3977
495,9,0,19,6,19073400,4808,120,0,3986
496,9,0,10,15,19173180,4811,120,0,3995
497,10,0,12,13,19210320,4810,120,0,4005
498,7,0,7,18,19256700,4808,120,0,4012
499,6,0,6,19,19284000,4806,120,0,4018
500,13,0,15,10,19295280,4804,120,0,4031
501,6,0,9,16,19338000,4800,120,0,4037
502,10,0,12,13,19379400,4802,120,0,4047
503,8,0,12,13,19422660,4804,120,0,4055
504,4,0,8,17,19457220,4803,120,0,4059
505,9,0,9,16,19491660,4802,120,0,4068
506,8,0,11,14,19514160,4800,120,0,4076
507,9,0,12,13,19548000,4799,120,0,4085
508,3,0,9,16,19582800,4800,120,0,4088
509,13,0,13,12,19619280,4799,120,0,4101
510,4,0,9,16,19669440,4802,120,0,4105
511,9,0,9,16,19720020,4803,120,0,4114
512,4,0,5,20,19756080,4803,120,0,4118
513,10,0,10,15,19772400,4801,120,0,4128
514,10,0,12,13,19797480,4798,120,0,4138
515,11,0,13,12,19849320,4799,120,0,4149
516,18,0,23,2,19884360,4798,120,0,4167
517,8,0,14,11,19961760,4797,120,0,4175
518,6,0,6,19,20026860,4796,120,0,4181
519,9,0,11,14,20047440,4797,120,0,4190
520,15,0,18,7,20079180,4795,120,0,4205
521,11,0,19,6,20121240,4794,120,0,4216
522,10,0,13,12,20202480,4795,120,0,4226
523,9,0,15,10,20239020,4795,120,0,4235
524,10,0,17,8,20287920,4798,120,0,4245
525,13,0,12,13,20368980,4797,120,0,4258
526,6,0,11,14,20393040,4794,120,0,4264
527,7,0,10,15,20437440,4796,120,0,4271
528,3,0,6,19,20473380,4796,120,0,4274
529,4,0,6,19,20497980,4798,120,0,4278
530,5,0,9,16,20510700,4798,120,0,4283
531,7,0,7,18,20547300,4797,120,0,4290
532,5,0,7,18,20571000,4797,120,0,4295
533,4,0,7,18,20584440,4796,120,0,4299
534,9,0,10,15,20612100,4795,120,0,4308
535,17,0,15,10,20650440,4791,120,0,4325
536,10,0,15,10,20698680,4791,120,0,4335
537,9,0,14,11,20742180,4790,120,0,4344
538,13,0,15,10,20795820,4789,120,0,4357
539,9,0,14,11,20841420,4788,120,0,4366
540,4,0,5,20,20904180,4789,120,0,4370
541,10,0,10,15,20922540,4787,120,0,4380
542,9,0,9,16,20965200,4786,120,0,4389
543,11,0,11,14,20998620,4784,120,0,4400
544,6,0,8,17,21038880,4783,120,0,4406
545,10,0,11,14,21074400,4784,120,0,4416
546,4,0,9,16,21104580,4784,120,0,4420
547,6,0,7,18,21146640,4785,120,0,4426
548,6,0,7,18,21172920,4784,120,0,4432
549,8,0,10,15,21186540,4782,120,0,4440
550,9,0,10,15,21224160,4781,120,0,4449
551,4,0,6,19,21260580,4780,120,0,4453
552,7,0,8,17,21285420,4781,120,0,4460
553,5,0,10,15,21301800,4781,120,0,4465
554,10,0,12,13,21345420,4782,120,0,4475
555,9,0,10,15,21394620,4781,120,0,4484
556,3,0,8,17,21418200,4781,120,0,4487
557,4,0,7,18,21456420,4785,120,0,4491
558,5,0,7,18,21491640,4787,120,0,4496
559,6,0,7,18,21517560,4786,120,0,4502
560,4,0,5,20,21545820,4786,120,0,4506
561,4,0,6,19,21563580,4787,120,0,4510
562,12,0,13,12,21591540,4788,120,0,4522
563,7,0,13,12,21619020,4787,120,0,4529
564,10,0,10,15,21685140,4788,120,0,4539
565,9,0,13,12,21707040,4786,120,0,4548
566,14,0,15,10,21766500,4787,120,0,4562
567,11,0,15,10,21815160,4786,120,0,4573
568,12,0,12,13,21881400,4784,120,0,4585
569,8,0,13,12,21912660,4784,120,0,4593
570,4,0,6,19,21971340,4785,120,0,4597
571,6,0,8,17,21988980,4785,120,0,4603
572,10,0,11,14,22015920,4783,120,0,4613
573,5,0,9,16,22053420,4784,120,0,4618
574,6,0,6,19,22103400,4786,120,0,4624
575,5,0,6,19,22126920,4786,120,0,4629
576,3,0,5,20,22143960,4785,120,0,4632
577,3,0,6,19,22159860,4787,120,0,4635
578,7,0,8,17,22184040,4787,120,0,4642
579,4,0,9,16,22198800,4787,120,0,4646
580,5,0,7,18,22233300,4787,120,0,4651
581,3,0,5,20,22261860,4788,120,0,4654
582,6,0,10,15,22269480,4789,120,0,4660
583,4,0,7,18,22305960,4789,120,0,4664
584,13,0,16,9,22321980,4789,120,0,4677
585,12,0,16,9,22375080,4788,120,0,4689
586,8,0,15,10,22422420,4789,120,0,4697
587,12,0,14,11,22488900,4789,120,0,4709
588,12,0,19,6,22521960,4789,120,0,4721
589,11,0,19,6,22571400,4789,120,0,4732
590,6,0,13,12,22637340,4790,120,0,4738
591,7,0,8,17,22708080,4793,120,0,4745
592,15,0,14,11,22748580,4793,120,0,4760
593,11,0,17,8,22784400,4792,120,0,4771
594,10,0,13,12,22860180,4794,120,0,4781
595,7,0,13,12,22894320,4794,120,0,4788
596,6,0,7,18,22953000,4794,120,0,4794
597,9,0,12,13,22978140,4796,120,0,4803
598,3,0,6,19,23019060,4795,120,0,4806
599,5,0,6,19,23054940,4798,120,0,4811
600,4,0,5,20,23071920,4796,120,0,4815
601,4,0,4,21,23092380,4795,120,0,4819
602,4,0,6,19,23095200,4794,120,0,4823
603,1,0,3,22,23117700,4795,120,0,4824
604,9,0,6,19,23136780,4793,120,0,4833
605,4,0,4,21,23170320,4794,120,0,4837
606,6,0,8,17,23178480,4793,120,0,4843
607,5,0,8,17,23199840,4793,120,0,4848
608,7,0,7,18,23238660,4793,120,0,4855
609,7,0,9,16,23264400,4793,120,0,4862
610,4,0,8,17,23293500,4794,120,0,4866
611,16,0,15,10,23331120,4793,120,0,4882
612,10,0,15,10,23366400,4791,120,0,4892
613,12,0,17,8,23420700,4792,120,0,4904
614,13,0,15,10,23482260,4790,120,0,4917
615,9,0,15,10,23527920,4790,120,0,4926
616,5,0,11,14,23574240,4791,120,0,4931
617,8,0,11,14,23621520,4793,120,0,4939
618,8,0,13,12,23651400,4793,120,0,4947
619,10,0,14,11,23698860,4794,120,0,4957
620,9,0,10,15,23751360,4792,120,0,4966
621,3,0,6,19,23790480,4793,120,0,4969
622,6,0,6,19,23820960,4793,120,0,4975
623,6,0,8,17,23839440,4793,120,0,4981
624,6,0,11,14,23857980,4794,120,0,4987
625,7,0,11,14,23898660,4796,120,0,4994
626,5,0,5,20,23955540,4796,120,0,4999
627,10,0,12,13,23970720,4797,120,0,5009
628,4,0,8,17,24007140,4796,120,0,5013
629,6,0,7,18,24041400,4796,120,0,5019
630,10,0,9,16,24067380,4794,120,0,5029
631,7,0,6,19,24114360,4794,120,0,5036
632,7,0,8,17,24133020,4793,120,0,5043
633,13,0,15,10,24154860,4791,120,0,5056
634,10,0,13,12,24209100,4791,120,0,5066
635,14,0,19,6,24244500,4790,120,0,5080
636,13,0,20,5,24307560,4791,120,0,5093
637,8,0,16,9,24376560,4793,120,0,5101
638,10,0,15,10,24430980,4794,120,0,5111
639,12,0,18,7,24479040,4795,120,0,5123
640,7,0,10,15,24550500,4795,120,0,5130
641,6,0,7,18,24602160,4796,120,0,5136
642,8,0,10,15,24622080,4795,120,0,5144
643,14,0,14,11,24664740,4794,120,0,5158
644,5,0,11,14,24700020,4794,120,0,5163
645,5,0,5,20,24760740,4795,120,0,5168
646,7,0,8,17,24779580,4795,120,0,5175
647,2,0,7,18,24795000,4795,120,0,5177
648,5,0,5,20,24830340,4796,120,0,5182
649,10,0,9,16,24847080,4793,120,0,5192
650,8,0,7,18,24895440,4794,120,0,5200
651,1,0,3,22,24915000,4793,120,0,5201
652,4,0,4,21,24938040,4794,120,0,5205
653,6,0,8,17,24945540,4794,120,0,5211
654,5,0,5,20,24980760,4793,120,0,5216
655,12,0,12,13,24990060,4791,120,0,5228
656,6,0,7,18,25043820,4791,120,0,5234
657,4,0,7,18,25064820,4791,120,0,5238
658,8,0,7,18,25101060,4791,120,0,5246
659,14,0,13,12,25115640,4786,120,0,5260
660,5,0,10,15,25137960,4783,120,0,5265
661,9,0,9,16,25197060,4785,120,0,5274
662,10,0,16,9,25205280,4784,120,0,5284
663,10,0,12,13,25276500,4785,120,0,5294
664,14,0,18,7,25312800,4785,120,0,5308
665,8,0,14,11,25376280,4786,120,0,5316
666,7,0,10,15,25424340,4785,120,0,5323
667,7,0,7,18,25468740,4784,120,0,5330
668,8,0,12,13,25481820,4784,120,0,5338
669,12,0,16,9,25519680,4784,120,0,5350
670,1,0,8,17,25565040,4784,120,0,5351
671,5,0,5,20,25606500,4785,120,0,5356
672,5,0,4,21,25641960,4786,120,0,5361
673,4,0,7,18,25643100,4785,120,0,5365
674,5,0,8,17,25656060,4784,120,0,5370
675,6,0,13,12,25661700,4784,120,0,5376
676,4,0,11,14,25687560,4784,120,0,5380
677,9,0,13,12,25721400,4784,120,0,5389
678,13,0,21,4,25744380,4784,120,0,5402
679,4,0,16,9,25784280,4783,120,0,5406
680,6,0,11,14,25852980,4786,120,0,5412
681,7,0,13,12,25886640,4788,120,0,5419
682,14,0,18,7,25929120,4788,120,0,5433
683,15,0,21,4,25983240,4787,120,0,5448
684,12,0,19,6,26048880,4787,120,0,5460
685,12,0,18,7,26101680,4785,120,0,5472
686,13,0,19,6,26167980,4787,120,0,5485
687,16,0,25,0,26212140,4786,3720,0,5501
688,7,0,16,9,26290620,4787,3720,0,5508
689,11,0,16,9,26348580,4788,3720,0,5519
690,7,0,17,8,26380080,4788,3720,0,5526
691,7,0,13,12,26430540,4788,3720,0,5533
692,5,0,10,15,26479920,4790,3720,0,5538
693,10,0,16,9,26502060,4790,3720,0,5548
694,10,0,19,6,26528400,4789,3720,0,5558
695,4,0,11,14,26598840,4791,3720,0,5562
696,4,0,8,17,26635680,4792,3720,0,5566
697,4,0,10,15,26648220,4792,3720,0,5570
698,6,0,12,13,26671320,4793,3720,0,5576
699,6,0,11,14,26703420,4793,3720,0,5582
700,4,0,9,16,26741700,4794,3720,0,5586
701,10,0,16,9,26758140,4795,3720,0,5596
702,7,0,14,11,26803320,4795,3720,0,5603
703,3,0,9,16,26845500,4796,3720,0,5606
704,8,0,11,14,26878740,4797,3720,0,5614
705,7,0,14,11,26895180,4796,3720,0,5621
706,10,0,15,10,26943720,4797,3720,0,5631
707,14,0,20,5,26980140,4796,3720,0,5645
708,6,0,14,11,27020640,4793,3720,0,5651
709,14,0,19,6,27079380,4796,3720,0,5665
710,6,0,15,10,27124440,4795,3720,0,5671
711,6,0,11,14,27176100,4796,3720,0,5677
712,13,0,17,8,27218100,4797,3720,0,5690
713,13,0,18,7,27274620,4797,3720,0,5703
714,8,0,15,10,27319680,4796,3720,0,5711
715,7,0,9,16,27385680,4796,3720,0,5718
716,12,0,17,8,27402480,4796,3720,0,5730
717,4,0,13,12,27441000,4796,3720,0,5734
718,6,0,10,15,27493020,4798,3720,0,5740
719,6,0,10,15,27516000,4797,3720,0,5746
720,3,0,6,19,27542460,4795,3720,0,5749
721,8,0,9,16,27558780,4794,3720,0,5757
722,5,0,11,14,27567720,4793,3720,0,5762
723,2,0,6,19,27604680,4794,3720,0,5764
724,7,0,11,14,27620520,4795,3720,0,5771
725,3,0,9,16,27639420,4794,3720,0,5774
726,9,0,11,14,27670020,4793,3720,0,5783
727,11,0,17,8,27689280,4793,3720,0,5794
728,13,0,21,4,27734400,4793,3720,0,5807
729,11,0,22,3,27775560,4792,3720,0,5818
730,7,0,16,9,27852480,4794,3720,0,5825
731,7,0,11,14,27915360,4795,3720,0,5832
732,6,0,11,14,27948840,4796,3720,0,5838
733,14,0,17,8,27974400,4794,3720,0,5852
734,13,0,21,4,28012320,4793,3720,0,5865
735,9,0,19,6,28067400,4793,3720,0,5874
736,10,0,16,9,28134960,4794,3720,0,5884
737,7,0,14,11,28185480,4795,3720,0,5891
738,6,0,12,13,28229160,4796,3720,0,5897
739,8,0,14,11,28265640,4798,3720,0,5905
740,5,0,14,11,28292340,4798,3720,0,5910
741,7,0,11,14,28340880,4798,3720,0,5917
742,3,0,7,18,28373340,4798,3720,0,5920
743,9,0,9,16,28397880,4796,3720,0,5929
744,4,0,11,14,28403580,4796,3720,0,5933
745,6,0,11,14,28433940,4796,3720,0,5939
746,5,0,9,16,28474260,4797,3720,0,5944
747,8,0,13,12,28494360,4797,3720,0,5952
748,4,0,10,15,28519980,4796,3720,0,5956
749,6,0,8,17,28560840,4796,3720,0,5962
750,5,0,10,15,28576980,4797,3720,0,5967
751,4,0,8,17,28599060,4796,3720,0,5971
752,13,0,16,9,28621320,4795,3720,0,5984
753,4,0,15,10,28647540,4796,3720,0,5988
754,6,0,12,13,28698840,4797,3720,0,5994
755,11,0,14,11,28743000,4797,3720,0,6005
756,15,0,21,4,28781160,4797,3720,0,6020
757,5,0,12,13,28836240,4795,3720,0,6025
758,7,0,10,15,28886520,4796,3720,0,6032
759,11,0,14,11,28912500,4795,3720,0,6043
760,10,0,16,9,28953300,4795,3720,0,6053
761,7,0,16,9,28983480,4795,3720,0,6060
762,10,0,16,9,29030040,4795,3720,0,6070
763,8,0,12,13,29082720,4794,3720,0,6078
764,11,0,17,8,29113200,4794,3720,0,6089
765,6,0,11,14,29166780,4794,3720,0,6095
766,4,0,10,15,29190720,4794,3720,0,6099
767,2,0,6,19,29220060,4794,3720,0,6101
768,5,0,9,16,29232900,4794,3720,0,6106
769,3,0,9,16,29243580,4794,3720,0,6109
770,9,0,14,11,29265840,4794,3720,0,6118
771,7,0,16,9,29285760,4793,3720,0,6125
772,6,0,14,11,29332980,4795,3720,0,6131
773,8,0,15,10,29377560,4797,3720,0,6139
774,11,0,15,10,29422740,4795,3720,0,6150
775,7,0,14,11,29460060,4795,3720,0,6157
776,10,0,14,11,29500920,4794,3720,0,6167
777,14,0,20,5,29542440,4795,3720,0,6181
778,10,0,19,6,29595360,4795,3720,0,6191
779,8,0,16,9,29653380,4795,3720,0,6199
780,9,0,17,8,29683980,4794,3720,0,6208
781,5,0,10,15,29760360,4797,3720,0,6213
782,11,0,15,10,29787360,4797,3720,0,6224
783,8,0,16,9,29814900,4796,3720,0,6232
784,7,0,13,12,29860860,4796,3720,0,6239
785,13,0,15,10,29908680,4795,3720,0,6252
786,9,0,17,8,29933100,4793,3720,0,6261
787,10,0,14,11,29987400,4792,3720,0,6271
788,3,0,9,16,30031500,4793,3720,0,6274
789,6,0,9,16,30060180,4793,3720,0,6280
790,9,0,15,10,30074100,4793,3720,0,6289
791,7,0,14,11,30116940,4794,3720,0,6296
792,5,0,11,14,30154320,4794,3720,0,6301
793,2,0,7,18,30186360,4794,3720,0,6303
794,3,0,7,18,30199980,4794,3720,0,6306
795,6,0,10,15,30215820,4794,3720,0,6312
796,4,0,10,15,30231420,4794,3720,0,6316
797,6,0,11,14,30264120,4795,3720,0,6322
798,3,0,8,17,30281520,4793,3720,0,6325
799,8,0,8,17,30314100,4792,3720,0,6333
800,14,0,17,8,30324180,4790,3720,0,6347
801,12,0,19,6,30367860,4789,3720,0,6359
802,15,0,22,3,30422820,4789,3720,0,6374
803,8,0,19,6,30473460,4789,3720,0,6382
804,14,0,18,7,30562020,4791,3720,0,6396
805,6,0,16,9,30598680,4791,3720,0,6402
806,8,0,13,12,30655380,4792,3720,0,6410
807,8,0,13,12,30687180,4791,3720,0,6418
808,4,0,8,17,30727860,4790,3720,0,6422
809,9,0,12,13,30747900,4790,3720,0,6431
810,4,0,10,15,30774960,4789,3720,0,6435
811,9,0,14,11,30803640,4790,3720,0,6444
812,8,0,16,9,30826560,4789,3720,0,6452
813,11,0,16,9,30882660,4790,3720,0,6463
814,6,0,13,12,30929820,4790,3720,0,6469
815,6,0,9,16,30971640,4789,3720,0,6475
816,6,0,11,14,30988440,4789,3720,0,6481
817,3,0,10,15,31012260,4790,3720,0,6484
818,2,0,8,17,31031520,4790,3720,0,6486
819,6,0,10,15,31051260,4790,3720,0,6492
820,4,0,9,16,31075140,4790,3720,0,6496
821,7,0,13,12,31092960,4790,3720,0,6503
822,9,0,17,8,31122000,4791,3720,0,6512
823,11,0,18,7,31170480,4791,3720,0,6523
824,6,0,11,14,31233540,4791,3720,0,6529
825,6,0,13,12,31255080,4792,3720,0,6535
826,5,0,9,16,31301760,4792,3720,0,6540
827,11,0,16,9,31312200,4791,3720,0,6551
828,13,0,19,6,31357080,4790,3720,0,6564
829,8,0,15,10,31406700,4789,3720,0,6572
830,9,0,15,10,31452540,4790,3720,0,6581
831,6,0,13,12,31489440,4789,3720,0,6587
832,6,0,12,13,31520820,4789,3720,0,6593
833,10,0,13,12,31570500,4790,3720,0,6603
834,8,0,15,10,31594080,4789,3720,0,6611
835,5,0,10,15,31642440,4789,3720,0,6616
836,10,0,14,11,31663260,4788,3720,0,6626
837,11,0,15,10,31711800,4788,3720,0,6637
838,8,0,13,12,31750860,4787,3720,0,6645
839,2,0,8,17,31789320,4788,3720,0,6647
840,6,0,11,14,31804560,4788,3720,0,6653
841,3,0,7,18,31836180,4788,3720,0,6656
842,4,0,11,14,31836180,4788,3720,0,6660
843,7,0,12,13,31870860,4789,3720,0,6667
844,3,0,9,16,31901760,4789,3720,0,6670
845,4,0,7,18,31929900,4789,3720,0,6674
846,7,0,10,15,31953000,4789,3720,0,6681
847,3,0,8,17,31975140,4789,3720,0,6684
848,12,0,14,11,32003160,4789,3720,0,6696
849,12,0,14,11,32037420,4785,3720,0,6708
850,10,0,16,9,32077500,4786,3720,0,6718
851,13,0,18,7,32126760,4785,3720,0,6731
852,12,0,16,9,32187120,4784,3720,0,6743
853,5,0,10,15,32232720,4783,3720,0,6748
854,8,0,11,14,32270160,4784,3720,0,6756
855,9,0,17,8,32278860,4783,3720,0,6765
856,12,0,18,7,32324340,4782,3720,0,6777
857,8,0,16,9,32373840,4782,3720,0,6785
858,18,0,19,6,32427360,4779,3720,0,6803
859,8,0,15,10,32475060,4778,3720,0,6811
860,6,0,13,12,32518440,4779,3720,0,6817
861,8,0,14,11,32561160,4780,3720,0,6825
862,10,0,16,9,32595480,4780,3720,0,6835
863,1,0,9,16,32634840,4780,3720,0,6836
864,6,0,7,18,32674800,4780,3720,0,6842
865,5,0,7,18,32698680,4780,3720,0,6847
866,7,0,13,12,32701980,4780,3720,0,6854
867,7,0,10,15,32747820,4780,3720,0,6861
868,7,0,12,13,32766900,4779,3720,0,6868
869,11,0,18,7,32791500,4779,3720,0,6879
870,4,0,11,14,32847120,4779,3720,0,6883
871,8,0,10,15,32887920,4779,3720,0,6891
872,9,0,12,13,32913660,4778,3720,0,6900
873,7,0,12,13,32944620,4778,3720,0,6907
874,10,0,18,7,32960400,4777,3720,0,6917
875,9,0,17,8,33003540,4776,3720,0,6926
876,13,0,18,7,33076080,4779,3720,0,6939
877,10,0,19,6,33117900,4778,3720,0,6949
878,13,0,21,4,33183600,4780,3720,0,6962
879,11,0,21,4,33239580,4781,3720,0,6973
880,9,0,17,8,33299580,4780,3720,0,6982
881,11,0,18,7,33349920,4781,3720,0,6993
882,6,0,14,11,33404460,4782,3720,0,6999
883,6,0,9,16,33450240,4781,3720,0,7005
884,7,0,10,15,33478440,4781,3720,0,7012
885,10,0,13,12,33502800,4779,3720,0,7022
886,9,0,16,9,33533640,4780,3720,0,7031
887,5,0,11,14,33576900,4779,3720,0,7036
888,3,0,8,17,33612660,4780,3720,0,7039
889,7,0,11,14,33631980,4780,3720,0,7046
890,7,0,12,13,33659160,4780,3720,0,7053
891,3,0,9,16,33686460,4780,3720,0,7056
892,7,0,9,16,33725820,4781,3720,0,7063
893,5,0,8,17,33746340,4779,3720,0,7068
894,9,0,15,10,33756420,4780,3720,0,7077
895,9,0,15,10,33789000,4778,3720,0,7086
896,6,0,12,13,33828360,4778,3720,0,7092
897,8,0,12,13,33870360,4778,3720,0,7100
898,9,0,12,13,33908100,4777,3720,0,7109
899,13,0,19,6,33929760,4776,3720,0,7122
900,11,0,19,6,33979320,4776,3720,0,7133
901,12,0,16,9,34035480,4774,3720,0,7145
902,13,0,19,6,34089000,4775,3720,0,7158
903,10,0,16,9,34142640,4773,3720,0,7168
904,9,0,13,12,34212840,4775,3720,0,7177
905,8,0,16,9,34230240,4774,3720,0,7185
906,9,0,16,9,34277280,4775,3720,0,7194
907,14,0,20,5,34323780,4775,3720,0,7208
908,7,0,13,12,34400880,4776,3720,0,7215
909,5,0,9,16,34445220,4776,3720,0,7220
910,9,0,13,12,34470900,4777,3720,0,7229
911,1,0,7,18,34503780,4776,3720,0,7230
912,3,0,6,19,34532520,4778,3720,0,7233
913,3,0,8,17,34536240,4778,3720,0,7236
914,5,0,9,16,34553280,4777,3720,0,7241
915,3,0,8,17,34571280,4777,3720,0,7244
916,6,0,12,13,34585440,4778,3720,0,7250
917,6,0,10,15,34619940,4777,3720,0,7256
918,5,0,10,15,34642740,4777,3720,0,7261
919,3,0,7,18,34667580,4777,3720,0,7264
920,7,0,10,15,34681260,4776,3720,0,7271
921,8,0,13,12,34699080,4775,3720,0,7279
922,11,0,17,8,34736460,4776,3720,0,7290
923,14,0,18,7,34790880,4775,3720,0,7304
924,11,0,17,8,34843020,4774,3720,0,7315
925,15,0,19,6,34899360,4773,3720,0,7330
926,11,0,19,6,34950840,4773,3720,0,7341
927,7,0,12,13,35022240,4774,3720,0,7348
928,18,0,23,2,35067780,4775,3720,0,7366
929,10,0,18,7,35131320,4774,3720,0,7376
930,6,0,18,7,35162940,4774,3720,0,7382
931,5,0,10,15,35240040,4777,3720,0,7387
932,8,0,11,14,35278380,4777,3720,0,7395
933,11,0,14,11,35305920,4776,3720,0,7406
934,6,0,11,14,35346000,4775,3720,0,7412
935,6,0,10,15,35385600,4776,3720,0,7418
936,7,0,12,13,35405820,4776,3720,0,7425
937,7,0,11,14,35447640,4776,3720,0,7432
938,7,0,9,16,35487300,4776,3720,0,7439
939,7,0,12,13,35502300,4775,3720,0,7446
940,8,0,12,13,35536620,4775,3720,0,7454
941,5,0,10,15,35564700,4774,3720,0,7459
942,3,0,9,16,35581860,4774,3720,0,7462
943,8,0,11,14,35611800,4774,3720,0,7470
944,5,0,10,15,35635740,4773,3720,0,7475
945,10,0,9,16,35679840,4772,3720,0,7485
946,11,0,15,10,35705160,4772,3720,0,7496
947,11,0,15,10,35749320,4771,3720,0,7507
948,5,0,10,15,35790960,4770,3720,0,7512
949,11,0,15,10,35814180,4770,3720,0,7523
950,13,0,20,5,35849760,4769,3720,0,7536
951,8,0,18,7,35906940,4771,3720,0,7544
952,15,0,21,4,35970840,4771,3720,0,7559
953,12,0,18,7,36039180,4771,3720,0,7571
954,5,0,17,8,36071760,4772,3720,0,7576
955,10,0,18,7,36124140,4773,3720,0,7586
956,5,0,12,13,36184020,4774,3720,0,7591
957,4,0,9,16,36221580,4774,3720,0,7595
958,6,0,9,16,36247620,4774,3720,0,7601
959,5,0,10,15,36263460,4774,3720,0,7606
960,2,0,8,17,36285480,4774,3720,0,7608
961,3,0,7,18,36307620,4774,3720,0,7611
962,7,0,12,13,36318360,4774,3720,0,7618
963,11,0,12,13,36363720,4774,3720,0,7629
964,5,0,13,12,36380820,4773,3720,0,7634
965,8,0,9,16,36430500,4772,3720,0,7642
966,9,0,14,11,36442620,4771,3720,0,7651
967,10,0,15,10,36481620,4771,3720,0,7661
968,7,0,10,15,36542460,4771,3720,0,7668
969,4,0,12,13,36553080,4771,3720,0,7672
970,9,0,14,11,36587280,4772,3720,0,7681
971,13,0,19,6,36623220,4771,3720,0,7694
972,7,0,13,12,36684060,4771,3720,0,7701
973,8,0,11,14,36730440,4771,3720,0,7709
974,10,0,16,9,36751020,4771,3720,0,7719
975,5,0,13,12,36791700,4771,3720,0,7724
976,8,0,11,14,36847680,4772,3720,0,7732
977,9,0,14,11,36882840,4773,3720,0,7741
978,9,0,15,10,36912900,4772,3720,0,7750
979,9,0,12,13,36961440,4771,3720,0,7759
980,9,0,16,9,36986880,4771,3720,0,7768
981,7,0,12,13,37040640,4771,3720,0,7775
982,6,0,10,15,37078080,4771,3720,0,7781
983,3,0,8,17,37100220,4771,3720,0,7784
984,6,0,10,15,37122000,4771,3720,0,7790
985,3,0,9,16,37136220,4770,3720,0,7793
986,3,0,8,17,37161300,4771,3720,0,7796
987,7,0,8,17,37192140,4771,3720,0,7803
988,6,0,11,14,37203300,4770,3720,0,7809
989,5,0,11,14,37221540,4770,3720,0,7814
990,8,0,12,13,37258380,4770,3720,0,7822
991,8,0,14,11,37287600,4770,3720,0,7830
992,8,0,13,12,37330320,4770,3720,0,7838
993,11,0,20,5,37360980,4772,3720,0,7849
994,1,0,12,13,37411080,4773,3720,0,7850
995,9,0,13,12,37467840,4775,3720,0,7859
996,1,0,7,18,37503660,4775,3720,0,7860
997,9,0,11,14,37530840,4776,3720,0,7869
998,4,0,11,14,37545600,4775,3720,0,7873
999,5,0,8,17,37584420,4775,3720,0,7878
1000,9,0,13,12,37604520,4775,3720,0,7887
1001,8,0,14,11,37627620,4774,3720,0,7895
1002,8,0,11,14,37668960,4773,3720,0,7903
1003,6,0,10,15,37703040,4773,3720,0,7909
1004,8,0,13,12,37726680,4773,3720,0,7917
1005,4,0,9,16,37765680,4773,3720,0,7921
1006,7,0,12,13,37782300,4772,3720,0,7928
1007,1,0,9,16,37805940,4773,3720,0,7929
1008,7,0,10,15,37845000,4774,3720,0,7936
1009,3,0,11,14,37850460,4774,3720,0,7939
1010,5,0,9,16,37894560,4775,3720,0,7944
1011,2,0,7,18,37914600,4775,3720,0,7946
1012,3,0,5,20,37940700,4776,3720,0,7949
1013,5,0,9,16,37944720,4775,3720,0,7954
1014,6,0,11,14,37955700,4774,3720,0,7960
1015,9,0,13,12,37992480,4775,3720,0,7969
1016,11,0,16,9,38019660,4773,3720,0,7980
1017,5,0,13,12,38067000,4775,3720,0,7985
1018,14,0,18,7,38106000,4774,3720,0,7999
1019,6,0,14,11,38148120,4773,3720,0,8005
1020,7,0,12,13,38185020,4773,3720,0,8012
1021,15,0,21,4,38221020,4774,3720,0,8027
1022,15,0,24,1,38276340,4773,3720,0,8042
1023,6,0,16,9,38346300,4774,3720,0,8048
1024,10,0,15,10,38403900,4774,3720,0,8058
1025,6,0,12,13,38450580,4775,3720,0,8064
1026,8,0,13,12,38478480,4774,3720,0,8072
1027,11,0,16,9,38518860,4774,3720,0,8083
1028,9,0,17,8,38558340,4775,3720,0,8092
1029,5,0,9,16,38622240,4775,3720,0,8097
1030,5,0,7,18,38648100,4774,3720,0,8102
1031,4,0,8,17,38659320,4773,3720,0,8106
1032,9,0,14,11,38671440,4773,3720,0,8115
1033,1,0,8,17,38709000,4774,3720,0,8116
1034,5,0,6,19,38734620,4773,3720,0,8121
1035,4,0,9,16,38737440,4772,3720,0,8125
1036,4,0,9,16,38759280,4773,3720,0,8129
1037,7,0,10,15,38786520,4773,3720,0,8136
1038,6,0,12,13,38798880,4772,3720,0,8142
1039,7,0,14,11,38830920,4773,3720,0,8149
1040,4,0,9,16,38876340,4773,3720,0,8153
1041,4,0,8,17,38906040,4774,3720,0,8157
1042,9,0,14,11,38920800,4774,3720,0,8166
1043,9,0,16,9,38956680,4774,3720,0,8175
1044,8,0,14,11,39000960,4774,3720,0,8183
1045,11,0,14,11,39055080,4774,3720,0,8194
1046,7,0,12,13,39087120,4773,3720,0,8201
1047,10,0,17,8,39115200,4773,3720,0,8211
1048,7,0,15,10,39160740,4773,3720,0,8218
1049,7,0,15,10,39210060,4775,3720,0,8225
1050,14,0,22,3,39246300,4776,3720,0,8239
1051,3,0,10,15,39325080,4777,3720,0,8242
1052,6,0,10,15,39355680,4777,3720,0,8248
1053,9,0,15,10,39372960,4777,3720,0,8257
1054,8,0,15,10,39410460,4777,3720,0,8265
1055,4,0,11,14,39455940,4777,3720,0,8269
1056,4,0,7,18,39492240,4777,3720,0,8273
1057,5,0,8,17,39511200,4777,3720,0,8278
1058,4,0,9,16,39526440,4777,3720,0,8282
1059,8,0,11,14,39547920,4776,3720,0,8290
1060,4,0,6,19,39576180,4775,3720,0,8294
1061,3,0,6,19,39591540,4775,3720,0,8297
1062,7,0,11,14,39601800,4775,3720,0,8304
1063,10,0,16,9,39628440,4775,3720,0,8314
1064,6,0,12,13,39667380,4774,3720,0,8320
1065,16,0,20,5,39709920,4775,3720,0,8336
1066,10,0,19,6,39756180,4774,3720,0,8346
1067,13,0,22,3,39817440,4775,3720,0,8359
1068,11,0,18,7,39891960,4776,3840,0,8370
1069,9,0,14,11,39942240,4774,3840,0,8379
1070,13,0,17,8,39988800,4774,3840,0,8392
1071,6,0,16,9,40032420,4775,3840,0,8398
1072,6,0,10,15,40093500,4776,3840,0,8404
1073,14,0,18,7,40116900,4775,3840,0,8418
1074,7,0,16,9,40156740,4775,3840,0,8425
1075,9,0,15,10,40204920,4775,3840,0,8434
1076,9,0,18,7,40233900,4775,3840,0,8443
1077,8,0,19,6,40287840,4777,3840,0,8451
1078,4,0,11,14,40358280,4779,3840,0,8455
1079,6,0,9,16,40399440,4779,3840,0,8461
1080,6,0,10,15,40423260,4779,3840,0,8467
1081,2,0,8,17,40438260,4779,3840,0,8469
1082,1,0,5,20,40464960,4780,3840,0,8470
1083,6,0,10,15,40473480,4780,3840,0,8476
1084,4,0,10,15,40488480,4780,3840,0,8480
1085,5,0,8,17,40523820,4780,3840,0,8485
1086,3,0,5,20,40550640,4780,3840,0,8488
1087,11,0,14,11,40556160,4779,3840,0,8499
1088,12,0,15,10,40600740,4778,3840,0,8511
1089,8,0,15,10,40631640,4777,3840,0,8519
1090,8,0,12,13,40684860,4778,3840,0,8527
1091,16,0,18,7,40729080,4777,3840,0,8543
1092,6,0,13,12,40776480,4777,3840,0,8549
1093,12,0,16,9,40820760,4777,3840,0,8561
1094,8,0,13,12,40860960,4775,3840,0,8569
1095,15,0,18,7,40897680,4774,3840,0,8584
1096,6,0,15,10,40929480,4773,3840,0,8590
1097,13,0,18,7,40990620,4774,3840,0,8603
1098,3,0,11,14,41040360,4774,3840,0,8606
1099,6,0,8,17,41082840,4774,3840,0,8612
1100,10,0,16,9,41091000,4774,3840,0,8622
1101,8,0,16,9,41128740,4774,3840,0,8630
1102,7,0,14,11,41175600,4775,3840,0,8637
1103,8,0,15,10,41211120,4775,3840,0,8645
1104,4,0,11,14,41259780,4776,3840,0,8649
1105,6,0,9,16,41294880,4776,3840,0,8655
1106,2,0,7,18,41320800,4776,3840,0,8657
1107,9,0,13,12,41337780,4777,3840,0,8666
1108,1,0,11,14,41351580,4777,3840,0,8667
1109,6,0,7,18,41404500,4777,3840,0,8673
1110,8,0,11,14,41420460,4777,3840,0,8681
1111,6,0,12,13,41433240,4776,3840,0,8687
1112,5,0,9,16,41464860,4775,3840,0,8692
1113,7,0,12,13,41488980,4775,3840,0,8699
1114,8,0,15,10,41514120,4776,3840,0,8707
1115,8,0,16,9,41547420,4776,3840,0,8715
1116,13,0,16,9,41606040,4775,3840,0,8728
1117,12,0,18,7,41655600,4775,3840,0,8740
1118,13,0,15,10,41712660,4773,3840,0,8753
1119,8,0,14,11,41762160,4774,3840,0,8761
1120,12,0,17,8,41802960,4774,3840,0,8773
1121,12,0,19,6,41838900,4772,3840,0,8785
1122,13,0,19,6,41901240,4772,3840,0,8798
1123,8,0,16,9,41953980,4772,3840,0,8806
1124,15,0,22,3,42012000,4774,3840,0,8821
1125,4,0,12,13,42066840,4773,3840,0,8825
1126,5,0,10,15,42103020,4773,3840,0,8830
1127,5,0,9,16,42137640,4774,3840,0,8835
1128,7,0,12,13,42150840,4773,3840,0,8842
1129,4,0,10,15,42170880,4772,3840,0,8846
1130,5,0,11,14,42196620,4773,3840,0,8851
1131,1,0,6,19,42232020,4774,3840,0,8852
1132,10,0,14,11,42244140,4774,3840,0,8862
1133,11,0,15,10,42287880,4773,3840,0,8873
1134,8,0,16,9,42323040,4774,3840,0,8881
1135,8,0,14,11,42373680,4774,3840,0,8889
1136,16,0,22,3,42406920,4773,3840,0,8905
1137,8,0,16,9,42479640,4774,3840,0,8913
1138,8,0,14,11,42524100,4774,3840,0,8921
1139,12,0,15,10,42584940,4775,3840,0,8933
1140,8,0,15,10,42618960,4774,3840,0,8941
1141,4,0,11,14,42663300,4775,3840,0,8945
1142,17,0,22,3,42696540,4775,3840,0,8962
1143,18,5,25,0,42740700,4775,7260,0,8980
1144,6,0,22,3,42814980,4776,19440,2,8986
1145,5,0,12,13,42897240,4777,19440,2,8991
1146,9,0,13,12,42938940,4777,19440,2,9000
1147,9,0,17,8,42966000,4778,19440,2,9009
1148,7,0,11,14,43026960,4778,19440,2,9016
1149,3,0,6,19,43057500,4777,19440,2,9019
1150,7,0,11,14,43067280,4777,19440,2,9026
1151,4,0,11,14,43083060,4776,19440,2,9030
1152,8,0,12,13,43119000,4777,19440,2,9038
1153,4,0,12,13,43141320,4777,19440,2,9042
1154,11,0,15,10,43179900,4777,19440,2,9053
1155,5,0,13,12,43216020,4777,19440,2,9058
1156,7,0,11,14,43253460,4777,19440,2,9065
1157,6,0,11,14,43287720,4777,19440,2,9071
1158,6,0,13,12,43304700,4777,19440,2,9077
1159,9,0,11,14,43346760,4776,19440,2,9086
1160,10,0,16,9,43367220,4776,19440,2,9096
1161,8,0,16,9,43400760,4775,19440,2,9104
1162,5,0,10,15,43458660,4776,19440,2,9109
1163,13,0,17,8,43491960,4776,19440,2,9122
1164,5,0,13,12,43529160,4776,19440,2,9127
1165,7,0,11,14,43575480,4776,19440,2,9134
1166,15,0,23,2,43585020,4775,19440,2,9149
1167,13,0,21,4,43652520,4775,19440,2,9162
1168,8,0,16,9,43714860,4775,19440,2,9170
1169,9,0,13,12,43784160,4776,19440,2,9179
1170,7,0,15,10,43810560,4777,19440,2,9186
1171,8,0,14,11,43855200,4777,19440,2,9194
1172,3,0,9,16,43893840,4777,19440,2,9197
1173,5,0,10,15,43910580,4777,19440,2,9202
1174,7,0,14,11,43925700,4777,19440,2,9209
1175,9,0,16,9,43960020,4777,19440,2,9218
1176,3,0,10,15,44007540,4777,19440,2,9221
1177,1,0,4,21,44053740,4779,19440,2,9222
1178,5,0,9,16,44053740,4779,19440,2,9227
1179,3,0,7,18,44077260,4779,19440,2,9230
1180,3,0,8,17,44087580,4779,19440,2,9233
1181,8,0,12,13,44106360,4779,19440,2,9241
1182,5,0,10,15,44134920,4778,19440,2,9246
1183,6,0,10,15,44168760,4779,19440,2,9252
1184,12,0,15,10,44196600,4778,19440,2,9264
1185,5,0,11,14,44236620,4778,19440,2,9269
1186,5,0,9,16,44271600,4778,19440,2,9274
1187,9,0,16,9,44283960,4778,19440,2,9283
1188,6,0,10,15,44336700,4778,19440,2,9289
1189,7,0,10,15,44377920,4779,19440,2,9296
1190,14,0,17,8,44407560,4778,19440,2,9310
1191,8,0,17,8,44443740,4778,19440,2,9318
1192,12,0,17,8,44496300,4777,19440,2,9330
1193,9,0,17,8,44542380,4778,19440,2,9339
1194,6,0,10,15,44606400,4778,19440,2,9345
1195,5,0,9,16,44634000,4778,19440,2,9350
1196,8,0,14,11,44650500,4778,19440,2,9358
1197,12,0,20,5,44682120,4778,19440,2,9370
1198,6,0,15,10,44739540,4779,19440,2,9376
1199,7,0,12,13,44791380,4779,19440,2,9383
1200,9,0,15,10,44817900,4779,19440,2,9392
1201,6,0,12,13,44869920,4780,19440,2,9398
1202,5,0,10,15,44908020,4781,19440,2,9403
1203,10,0,16,9,44926140,4780,19440,2,9413
1204,8,0,12,13,44973720,4779,19440,2,9421
1205,4,0,10,15,45002400,4779,19440,2,9425
1206,6,0,11,14,45024300,4779,19440,2,9431
1207,6,0,11,14,45049140,4779,19440,2,9437
1208,6,0,12,13,45072360,4779,19440,2,9443
1209,7,0,13,12,45094740,4778,19440,2,9450
1210,13,0,19,6,45134640,4779,19440,2,9463
1211,17,3,25,0,45169320,4778,19440,2,9480
1212,15,6,25,0,45232980,4779,24240,2,9495
1213,8,0,19,6,45343920,4781,41820,4,9503
1214,13,0,17,8,45413700,4780,41820,4,9516
1215,14,0,22,3,45459900,4781,41820,4,9530
1216,8,0,14,11,45537000,4781,41820,4,9538
1217,17,0,25,0,45568680,4781,41820,4,9555
1218,13,0,24,1,45639660,4782,42240,4,9568
1219,7,0,18,7,45702480,4782,42240,4,9575
1220,5,0,12,13,45775860,4784,42240,4,9580
1221,3,0,7,18,45822240,4785,42240,4,9583
1222,7,0,8,17,45843060,4784,42240,4,9590
1223,13,0,15,10,45859020,4782,42240,4,9603
1224,6,0,12,13,45905040,4783,42240,4,9609
1225,3,0,9,16,45933720,4783,42240,4,9612
1226,9,0,15,10,45955140,4784,42240,4,9621
1227,7,0,11,14,46003980,4783,42240,4,9628
1228,2,0,7,18,46031100,4783,42240,4,9630
1229,6,0,8,17,46062540,4784,42240,4,9636
1230,4,0,9,16,46069080,4783,42240,4,9640
1231,7,0,10,15,46092600,4782,42240,4,9647
1232,4,0,8,17,46117020,4782,42240,4,9651
1233,11,0,15,10,46135680,4782,42240,4,9662
1234,7,0,14,11,46177560,4782,42240,4,9669
1235,18,0,20,5,46218840,4781,42240,4,9687
1236,10,0,18,7,46261320,4779,42240,4,9697
1237,15,0,22,3,46323720,4780,42240,4,9712
1238,13,0,22,3,46381380,4780,42540,4,9725
1239,14,0,24,1,46454580,4781,47040,4,9739
1240,6,0,16,9,46527660,4782,47040,4,9745
1241,15,0,22,3,46585020,4783,47040,4,9760
1242,10,0,25,0,46614120,4783,47040,4,9770
1243,6,0,14,11,46701840,4784,47040,4,9776
1244,6,0,11,14,46755060,4785,47040,4,9782
1245,5,0,10,15,46774920,4784,47040,4,9787
1246,5,0,8,17,46803960,4783,47040,4,9792
1247,5,0,7,18,46823280,4782,47040,4,9797
1248,4,0,9,16,46836720,4783,47040,4,9801
1249,4,0,10,15,46854540,4783,47040,4,9805
1250,5,0,10,15,46877040,4783,47040,4,9810
1251,6,0,12,13,46899480,4783,47040,4,9816
1252,14,0,18,7,46939380,4783,47040,4,9830
1253,6,0,16,9,46966440,4782,47040,4,9836
1254,11,0,13,12,47036100,4783,47040,4,9847
1255,13,0,18,7,47066700,4782,47040,4,9860
1256,8,0,20,5,47098680,4782,47040,4,9868
1257,7,0,14,11,47181540,4784,47040,4,9875
1258,14,0,15,10,47229000,4783,47040,4,9889
1259,8,0,15,10,47257320,4782,47040,4,9897
1260,7,0,11,14,47311320,4782,47040,4,9904
1261,10,0,16,9,47339700,4782,47040,4,9914
1262,10,0,21,4,47358600,4782,47040,4,9924
1263,14,0,22,3,47434380,4783,47040,4,9938
1264,10,0,20,5,47480160,4782,47040,4,9948
1265,9,0,15,10,47547900,4782,47040,4,9957
1266,6,0,11,14,47606700,4783,47040,4,9963
1267,12,0,16,9,47640180,4783,47040,4,9975
1268,4,0,8,17,47689980,4782,47040,4,9979
1269,7,0,10,15,47715120,4782,47040,4,9986
1270,8,0,14,11,47733240,4782,47040,4,9994
1271,7,0,15,10,47754900,4782,47040,4,10001
1272,4,0,10,15,47808600,4783,47040,4,10005
1273,2,0,7,18,47835120,4783,47040,4,10007
1274,5,0,9,16,47850600,4783,47040,4,10012
1275,7,0,14,11,47861640,4783,47040,4,10019
1276,6,0,12,13,47896260,4783,47040,4,10025
1277,5,0,11,14,47921640,4783,47040,4,10030
1278,7,0,13,12,47943600,4782,47040,4,10037
1279,8,0,15,10,47971440,4782,47040,4,10045
1280,10,0,13,12,48033900,4783,47040,4,10055
1281,4,0,11,14,48055860,4782,47040,4,10059
1282,6,0,13,12,48084300,4783,47040,4,10065
1283,10,0,16,9,48121620,4783,47040,4,10075
1284,11,0,15,10,48170400,4783,47040,4,10086
1285,11,0,15,10,48221160,4782,47040,4,10097
1286,15,0,20,5,48262920,4782,47040,4,10112
1287,11,0,21,4,48306120,4781,47040,4,10123
1288,10,0,20,5,48364920,4782,47040,4,10133
1289,12,0,19,6,48434340,4783,47040,4,10145
1290,11,0,17,8,48495360,4783,47040,4,10156
1291,7,0,16,9,48534300,4783,47040,4,10163
1292,13,0,17,8,48587820,4782,47040,4,10176
1293,4,0,7,18,48646980,4781,47040,4,10180
1294,3,0,8,17,48652740,4781,47040,4,10183
1295,9,0,11,14,48676800,4781,47040,4,10192
1296,6,0,14,11,48685980,4780,47040,4,10198
1297,7,0,9,16,48735600,4779,47040,4,10205
1298,6,0,12,13,48755400,4780,47040,4,10211
1299,5,0,12,13,48781380,4780,47040,4,10216
1300,7,0,12,13,48818100,4780,47040,4,10223
1301,3,0,10,15,48844620,4781,47040,4,10226
1302,4,0,8,17,48880260,4781,47040,4,10230
1303,10,0,15,10,48893940,4781,47040,4,10240
1304,12,0,16,9,48935460,4780,47040,4,10252
1305,11,0,18,7,48981600,4781,47040,4,10263
1306,14,0,19,6,49044600,4781,47040,4,10277
1307,9,0,16,9,49085400,4779,47040,4,10286
1308,10,0,17,8,49141320,4780,47040,4,10296
1309,8,0,17,8,49179540,4780,47040,4,10304
1310,9,0,14,11,49233720,4780,47040,4,10313
1311,7,0,13,12,49278600,4781,47040,4,10320
1312,8,0,16,9,49307280,4781,47040,4,10328
1313,9,0,12,13,49376400,4782,47040,4,10337
1314,11,0,12,13,49410300,4780,47040,4,10348
1315,7,0,10,15,49449540,4780,47040,4,10355
1316,6,0,12,13,49474800,4780,47040,4,10361
1317,8,0,12,13,49497360,4779,47040,4,10369
1318,6,0,10,15,49540380,4779,47040,4,10375
1319,9,0,14,11,49560660,4779,47040,4,10384
1320,4,0,10,15,49597680,4779,47040,4,10388
1321,3,0,7,18,49629840,4779,47040,4,10391
1322,4,0,8,17,49639740,4779,47040,4,10395
1323,6,0,11,14,49655160,4779,47040,4,10401
1324,5,0,9,16,49692120,4779,47040,4,10406
1325,5,0,10,15,49705260,4778,47040,4,10411
1326,4,0,8,17,49727820,4778,47040,4,10415
1327,9,0,14,11,49738320,4777,47040,4,10424
1328,9,0,15,10,49774020,4777,47040,4,10433
1329,8,0,14,11,49812780,4777,47040,4,10441
1330,3,0,9,16,49855920,4777,47040,4,10444
1331,8,0,12,13,49884300,4778,47040,4,10452
1332,8,0,13,12,49919580,4778,47040,4,10460
1333,11,0,19,6,49944060,4778,47040,4,10471
1334,9,0,15,10,49998840,4777,47040,4,10480
1335,13,0,21,4,50035860,4778,47040,4,10493
1336,11,0,16,9,50111340,4777,47040,4,10504
1337,7,0,15,10,50155140,4778,47040,4,10511
1338,14,0,19,6,50194920,4777,47040,4,10525
1339,1,0,10,15,50250600,4778,47040,4,10526
1340,7,0,10,15,50290920,4779,47040,4,10533
1341,6,0,13,12,50299020,4778,47040,4,10539
1342,4,0,9,16,50341500,4778,47040,4,10543
1343,5,0,9,16,50366280,4779,47040,4,10548
1344,3,0,8,17,50392980,4779,47040,4,10551
1345,3,0,9,16,50397840,4779,47040,4,10554
1346,4,0,12,13,50401680,4779,47040,4,10558
1347,6,0,12,13,50416920,4777,47040,4,10564
1348,7,0,15,10,50432640,4777,47040,4,10571
1349,3,0,14,11,50446560,4777,47040,4,10574
1350,10,0,17,8,50482800,4777,47040,4,10584
1351,4,0,15,10,50506620,4776,47040,4,10588
1352,7,0,15,10,50539200,4776,47040,4,10595
1353,10,0,20,5,50566380,4777,47040,4,10605
1354,15,2,25,0,50605560,4777,47220,4,10620
1355,11,4,25,0,50650080,4777,52740,4,10631
1356,13,2,25,0,50737020,4778,71940,6,10644
1357,8,0,23,2,50790120,4778,73680,6,10652
1358,6,0,16,9,50858040,4778,73680,6,10658
1359,15,1,25,0,50880600,4778,73680,6,10673
1360,11,0,21,4,50952660,4778,76740,7,10684
1361,14,0,23,2,51010200,4778,77400,7,10698
1362,5,0,17,8,51067680,4778,77640,7,10703
1363,6,0,15,10,51107700,4779,77640,7,10709
1364,7,0,15,10,51150240,4779,77640,7,10716
1365,5,0,16,9,51166020,4779,77640,7,10721
1366,6,0,15,10,51208980,4780,77640,7,10727
1367,2,0,12,13,51232860,4780,77640,7,10729
1368,4,0,11,14,51257820,4780,77640,7,10733
1369,4,0,12,13,51273180,4780,77640,7,10737
1370,6,0,16,9,51286680,4781,77640,7,10743
1371,6,0,13,12,51326400,4780,77640,7,10749
1372,3,0,12,13,51348360,4781,77640,7,10752
1373,4,0,13,12,51368460,4781,77640,7,10756
1374,7,0,16,9,51389220,4781,77640,7,10763
1375,6,0,17,8,51414060,4781,77640,7,10769
1376,7,0,14,11,51461220,4781,77640,7,10776
1377,8,0,16,9,51489120,4781,77640,7,10784
1378,10,0,18,7,51524400,4781,77640,7,10794
1379,16,0,25,0,51563880,4781,78360,7,10810
1380,5,0,19,6,51614760,4780,78360,7,10815
1381,7,0,17,8,51660660,4781,78360,7,10822
1382,11,0,19,6,51715680,4782,78360,7,10833
1383,9,0,18,7,51753000,4781,78360,7,10842
1384,12,0,21,4,51796860,4781,78360,7,10854
1385,10,0,22,3,51837360,4781,78360,7,10864
1386,11,0,24,1,51884700,4781,78360,7,10875
1387,7,0,22,3,51936480,4782,78360,7,10882
1388,4,0,11,14,52017420,4783,78360,7,10886
1389,12,0,18,7,52033260,4782,78360,7,10898
1390,3,0,14,11,52060560,4781,78360,7,10901
1391,3,0,10,15,52097040,4782,78360,7,10904
1392,2,0,10,15,52107480,4782,78360,7,10906
1393,3,0,13,12,52107480,4782,78360,7,10909
1394,7,0,13,12,52141800,4782,78360,7,10916
1395,5,0,14,11,52155720,4781,78360,7,10921
1396,3,0,11,14,52186140,4782,78360,7,10924
1397,4,0,12,13,52203540,4782,78360,7,10928
1398,7,0,17,8,52207800,4781,78360,7,10935
1399,7,0,17,8,52237500,4781,78360,7,10942
1400,6,0,16,9,52273440,4781,78360,7,10948
1401,3,0,11,14,52308720,4781,78360,7,10951
1402,10,0,16,9,52334220,4781,78360,7,10961
1403,5,0,17,8,52352460,4781,78360,7,10966
1404,8,0,16,9,52388760,4780,78360,7,10974
1405,12,0,23,2,52419900,4781,78360,7,10986
1406,7,0,18,7,52474500,4781,78960,7,10993
1407,10,0,20,5,52510500,4781,78960,7,11003
1408,11,0,18,7,52565040,4780,78960,7,11014
1409,10,0,21,4,52597080,4780,78960,7,11024
1410,5,0,14,11,52647720,4779,78960,7,11029
1411,3,0,13,12,52664640,4779,78960,7,11032
1412,8,0,17,8,52685820,4779,78960,7,11040
1413,4,0,12,13,52732800,4779,78960,7,11044
1414,5,0,14,11,52754220,4780,78960,7,11049
1415,4,0,13,12,52784520,4781,78960,7,11053
1416,2,0,10,15,52808400,4781,78960,7,11055
1417,4,0,11,14,52821420,4781,78960,7,11059
1418,5,0,13,12,52837560,4781,78960,7,11064
1419,9,0,16,9,52858800,4780,78960,7,11073
1420,4,0,15,10,52882800,4780,78960,7,11077
1421,3,0,12,13,52917540,4781,78960,7,11080
1422,6,0,14,11,52934880,4780,78960,7,11086
1423,13,0,23,2,52948380,4780,78960,7,11099
1424,7,0,23,2,52979520,4780,78960,7,11106
1425,13,0,23,2,53050080,4781,78960,7,11119
1426,7,0,22,3,53085960,4780,78960,7,11126
1427,11,0,20,5,53153100,4781,78960,7,11137
1428,12,0,24,1,53198760,4781,79200,7,11149
1429,9,0,19,6,53257440,4781,79200,7,11158
1430,19,3,25,0,53301540,4780,79380,7,11177
1431,12,5,25,0,53358840,4781,85800,7,11189
1432,10,2,25,0,53416740,4781,111420,9,11199
1433,6,0,19,6,53480400,4781,112020,9,11205
1434,5,0,13,12,53542740,4781,112020,9,11210
1435,8,0,16,9,53566740,4781,112020,9,11218
1436,9,0,22,3,53581560,4781,112020,9,11227
1437,9,0,22,3,53621700,4781,112020,9,11236
1438,8,0,22,3,53667960,4782,112020,9,11244
1439,7,0,18,7,53715660,4781,112020,9,11251
1440,6,0,17,8,53755380,4782,112020,9,11257
1441,5,0,13,12,53800920,4782,112020,9,11262
1442,1,0,13,12,53807760,4782,112020,9,11263
1443,9,0,18,7,53835720,4783,112020,9,11272
1444,5,0,15,10,53874840,4783,112020,9,11277
1445,5,0,13,12,53909400,4783,112020,9,11282
1446,4,0,17,8,53909400,4783,112020,9,11286
1447,9,0,19,6,53954460,4784,112020,9,11295
1448,9,0,22,3,53979300,4784,112020,9,11304
1449,17,2,25,0,54040440,4784,114360,10,11321
1450,4,0,18,7,54101100,4784,115680,10,11325
1451,11,0,19,6,54148620,4784,115680,10,11336
1452,6,0,21,4,54165900,4784,115680,10,11342
1453,9,0,20,5,54217140,4784,115680,10,11351
1454,6,0,17,8,54269100,4785,115680,10,11357
1455,2,0,13,12,54307740,4786,115680,10,11359
1456,8,0,14,11,54342300,4786,115680,10,11367
1457,9,0,18,7,54357840,4785,115680,10,11376
1458,11,0,20,5,54393060,4785,115680,10,11387
1459,10,0,22,3,54424800,4784,115680,10,11397
1460,10,0,19,6,54488100,4784,115680,10,11407
1461,5,0,16,9,54525780,4784,115680,10,11412
1462,5,0,15,10,54558060,4784,115680,10,11417
1463,6,0,16,9,54579120,4784,115680,10,11423
1464,6,0,12,13,54634980,4785,115680,10,11429
1465,6,0,14,11,54650220,4785,115680,10,11435
1466,3,0,12,13,54668220,4784,115680,10,11438
1467,4,0,9,16,54697080,4784,115680,10,11442
1468,5,0,11,14,54703620,4783,115680,10,11447
1469,4,0,12,13,54714600,4783,115680,10,11451
1470,16,0,23,2,54734340,4782,115680,10,11467
1471,6,0,19,6,54773940,4782,115680,10,11473
1472,7,0,19,6,54816300,4782,115680,10,11480
1473,13,0,22,3,54871140,4783,115680,10,11493
1474,6,0,16,9,54936060,4784,115680,10,11499
1475,12,0,21,4,54968760,4784,115680,10,11511
1476,9,0,19,6,55011600,4783,115680,10,11520
1477,11,0,19,6,55071780,4783,115680,10,11531
1478,11,0,19,6,55117500,4783,115680,10,11542
1479,11,0,20,5,55156020,4782,115680,10,11553
1480,5,0,16,9,55193460,4781,115680,10,11558
1481,9,0,15,10,55244760,4782,115680,10,11567
1482,6,0,15,10,55270500,4782,115680,9,11573
1483,3,0,9,16,55313460,4782,115680,9,11576
1484,4,0,10,15,55324020,4781,115680,9,11580
1485,4,0,11,14,55332840,4781,115680,9,11584
1486,8,0,16,9,55347480,4781,115680,9,11592
1487,3,0,14,11,55371660,4781,115680,9,11595
1488,5,0,11,14,55413180,4781,115680,9,11600
1489,3,0,11,14,55427400,4781,115680,9,11603
1490,5,0,13,12,55435260,4780,115680,9,11608
1491,7,0,17,8,55451100,4781,115680,9,11615
1492,4,0,17,8,55476660,4781,115680,9,11619
1493,5,0,12,13,55531500,4782,115680,9,11624
1494,10,0,17,8,55546140,4781,115680,9,11634
1495,11,0,22,3,55568340,4780,115680,9,11645
1496,14,1,25,0,55620240,4781,116160,9,11659
1497,3,0,13,12,55701120,4781,116220,9,11662
1498,7,0,13,12,55733520,4781,116220,9,11669
1499,6,0,15,10,55756500,4781,116220,9,11675
1500,8,0,16,9,55794780,4782,116220,9,11683
1501,14,0,21,4,55826880,4781,116220,9,11697
1502,5,0,19,6,55860720,4781,116220,9,11702
1503,9,0,17,8,55903260,4780,116220,9,11711
1504,10,0,20,5,55936020,4780,116220,9,11721
1505,12,0,21,4,55988280,4780,116220,9,11733
1506,8,0,18,7,56041980,4780,116220,9,11741
1507,11,0,17,8,56090520,4779,116220,9,11752
1508,6,0,14,11,56137800,4780,116220,9,11758
1509,6,0,16,9,56158440,4780,116220,9,11764
1510,7,0,15,10,56193900,4780,116220,9,11771
1511,3,0,13,12,56216820,4779,116220,9,11774
1512,2,0,10,15,56250840,4780,116220,9,11776
1513,7,0,14,11,56267040,4780,116220,9,11783
1514,5,0,15,10,56285040,4780,116220,9,11788
1515,8,0,20,5,56302020,4781,116220,9,11796
1516,5,0,17,8,56342940,4781,116220,9,11801
1517,5,0,14,11,56388360,4781,116220,9,11806
1518,12,0,20,5,56409060,4781,116220,9,11818
1519,12,0,24,1,56440800,4780,116280,9,11830
1520,6,0,18,7,56503380,4781,116280,9,11836
1521,13,0,24,1,56535900,4781,116460,9,11849
1522,10,0,24,1,56598240,4782,117480,9,11859
1523,15,3,25,0,56655360,4782,123960,10,11874
1524,8,0,23,2,56720700,4782,132720,11,11882
1525,10,0,21,4,56782680,4783,132720,11,11892
1526,6,0,16,9,56840520,4783,132720,11,11898
1527,14,0,25,0,56867700,4784,132780,11,11912
1528,14,2,25,0,56928840,4784,135180,11,11926
1529,5,0,18,7,56999700,4784,138180,11,11931
1530,9,0,18,7,57041520,4784,138180,11,11940
1531,9,0,14,11,57098580,4784,138180,11,11949
1532,3,0,12,13,57121080,4784,138180,11,11952
1533,6,0,13,12,57140100,4783,138180,11,11958
1534,6,0,15,10,57158220,4783,138180,11,11964
1535,4,0,14,11,57184020,4783,138180,11,11968
1536,3,0,12,13,57214320,4784,138180,11,11971
1537,4,0,14,11,57228660,4784,138180,11,11975
1538,9,0,16,9,57263580,4784,138180,11,11984
1539,3,0,13,12,57290820,4784,138180,11,11987
1540,4,0,11,14,57317340,4784,138180,11,11991
1541,8,0,14,11,57335400,4783,138180,11,11999
1542,5,0,13,12,57362220,4783,138180,11,12004
1543,7,0,14,11,57383100,4783,138180,11,12011
1544,9,0,18,7,57406200,4783,138180,11,12020
1545,12,0,21,4,57437640,4782,138180,11,12032
1546,5,0,15,10,57493140,4782,138180,11,12037
1547,7,0,17,8,57526140,4783,138180,11,12044
1548,10,0,19,6,57566940,4783,138180,11,12054
1549,12,0,20,5,57611340,4782,138180,11,12066
1550,7,0,19,6,57642480,4782,138180,11,12073
1551,12,0,23,2,57684780,4782,138180,11,12085
1552,8,0,21,4,57738540,4782,138180,11,12093
1553,14,0,23,2,57799500,4783,138180,11,12107
1554,11,0,22,3,57860280,4783,138180,11,12118
1555,11,0,22,3,57904260,4782,138180,11,12129
1556,8,0,19,6,57966180,4783,138180,11,12137
1557,2,0,13,12,58013280,4784,138180,11,12139
1558,3,0,11,14,58044300,4784,138180,11,12142
1559,5,0,12,13,58060320,4784,138180,11,12147
1560,6,0,14,11,58071600,4783,138180,11,12153
1561,4,0,13,12,58094700,4783,138180,11,12157
1562,6,0,13,12,58119000,4783,138180,11,12163
1563,4,0,12,13,58142640,4783,138180,11,12167
1564,4,0,13,12,58153080,4783,138180,11,12171
1565,11,0,19,6,58172520,4782,138180,11,12182
1566,7,0,19,6,58207020,4782,138180,11,12189
1567,8,0,18,7,58251420,4782,138180,11,12197
1568,9,0,18,7,58295640,4783,138180,11,12206
1569,8,0,19,6,58321020,4782,138180,11,12214
1570,18,4,25,0,58358460,4782,138840,11,12232
1571,11,2,24,1,58436940,4783,148620,12,12243
1572,12,0,25,0,58499280,4783,156000,12,12255
1573,15,1,25,0,58558320,4782,157440,12,12270
1574,13,0,22,3,58633500,4782,162840,13,12283
1575,13,0,23,2,58687560,4781,163920,13,12296
1576,7,0,18,7,58745040,4781,163920,13,12303
1577,6,0,17,8,58789740,4782,163920,13,12309
1578,9,0,16,9,58835100,4782,163920,13,12318
1579,6,0,15,10,58870440,4782,163920,13,12324
1580,4,0,14,11,58889580,4782,163920,13,12328
1581,9,0,15,10,58921980,4781,163920,13,12337
1582,8,0,16,9,58947420,4781,163920,13,12345
1583,7,0,17,8,58974420,4781,163920,13,12352
1584,6,0,17,8,59005260,4781,163920,13,12358
1585,6,0,16,9,59042280,4781,163920,13,12364
1586,1,0,9,16,59086380,4781,163920,13,12365
1587,5,0,13,12,59094120,4782,163920,13,12370
1588,5,0,14,11,59115000,4782,163920,13,12375
1589,5,0,12,13,59149200,4782,163920,13,12380
1590,6,0,16,9,59158020,4782,163920,13,12386
1591,7,0,17,8,59195040,4783,163920,13,12393
1592,7,0,16,9,59235300,4783,163920,13,12400
1593,14,0,25,0,59256420,4782,163920,13,12414
1594,14,3,25,0,59311860,4783,172380,13,12428
1595,11,0,21,4,59395440,4783,176820,14,12439
1596,11,0,22,3,59443440,4783,176820,14,12450
1597,11,0,21,4,59482620,4781,176820,14,12461
1598,11,0,22,3,59540880,4782,176820,14,12472
1599,16,1,25,0,59596620,4782,179280,14,12488
1600,6,0,18,7,59658420,4781,182280,14,12494
1601,6,0,13,12,59715780,4782,182280,14,12500
1602,11,0,19,6,59740680,4782,182280,14,12511
1603,9,0,18,7,59778060,4781,182280,14,12520
1604,12,0,21,4,59826900,4781,182280,14,12532
1605,9,0,19,6,59872380,4781,182280,14,12541
1606,5,0,15,10,59925840,4782,182280,14,12546
1607,7,0,17,8,59946720,4781,182280,14,12553
1608,3,0,10,15,60004260,4782,182280,14,12556
1609,3,0,11,14,60018420,4783,182280,14,12559
1610,6,0,12,13,60033000,4782,182280,14,12565
1611,2,0,11,14,60047460,4782,182280,14,12567
1612,5,0,13,12,60063720,4782,182280,14,12572
1613,6,0,14,11,60085500,4782,182280,14,12578
1614,6,0,16,9,60108540,4782,182280,14,12584
1615,9,0,22,3,60129480,4783,182280,14,12593
1616,9,0,17,8,60191100,4782,182280,14,12602
1617,13,0,23,2,60221940,4782,182280,14,12615
1618,8,0,20,5,60280080,4782,182280,14,12623
1619,12,0,25,0,60324840,4783,183120,14,12635
1620,6,0,15,10,60401100,4783,183120,14,12641
1621,9,0,18,7,60425820,4783,183120,14,12650
1622,12,0,25,0,60449460,4783,183120,14,12662
1623,6,0,21,4,60506580,4784,183120,14,12668
1624,9,0,18,7,60574620,4785,183120,14,12677
1625,10,0,21,4,60607980,4785,183120,14,12687
1626,13,0,24,1,60659280,4785,183120,14,12700
1627,7,0,25,0,60691440,4785,183120,14,12707
1628,7,0,18,7,60767760,4786,183120,14,12714
1629,8,0,16,9,60815040,4786,183120,14,12722
1630,7,0,15,10,60862380,4787,183120,14,12729
1631,7,0,14,11,60891720,4786,183120,14,12736
1632,9,0,16,9,60918840,4785,183120,14,12745
1633,11,0,18,7,60953940,4785,183120,14,12756
1634,4,0,14,11,60985680,4784,183120,14,12760
1635,6,0,14,11,61021020,4785,183120,14,12766
1636,8,0,17,8,61041720,4784,183120,14,12774
1637,6,0,16,9,61077480,4785,183120,14,12780
1638,10,0,19,6,61107240,4784,183120,14,12790
1639,9,0,21,4,61145460,4785,183120,14,12799
1640,12,0,24,1,61190940,4785,183960,14,12811
1641,5,0,17,8,61258680,4786,184020,14,12816
1642,11,0,18,7,61311540,4786,184020,14,12827
1643,15,0,25,0,61347660,4786,185340,14,12842
1644,12,0,24,1,61408260,4786,185880,14,12854
1645,9,0,22,3,61456080,4785,185880,14,12863
1646,11,0,21,4,61511700,4785,185880,14,12874
1647,9,0,21,4,61559520,4786,185880,14,12883
1648,10,0,24,1,61595640,4786,185880,14,12893
1649,16,3,25,0,61656720,4786,191100,14,12909
1650,6,0,17,8,61730700,4786,196320,15,12915
1651,8,0,15,10,61782840,4786,196320,15,12923
1652,7,0,19,6,61792500,4786,196320,15,12930
1653,13,0,21,4,61833180,4785,196320,15,12943
1654,5,0,14,11,61882320,4784,196320,15,12948
1655,6,0,14,11,61911900,4784,196320,15,12954
1656,3,0,13,12,61936320,4784,196320,15,12957
1657,3,0,12,13,61963320,4785,196320,15,12960
1658,5,0,13,12,61983840,4785,196320,15,12965
1659,5,0,16,9,61995840,4785,196320,15,12970
1660,6,0,16,9,62031360,4786,196320,15,12976
1661,3,0,14,11,62062680,4786,196320,15,12979
1662,8,0,17,8,62086500,4786,196320,15,12987
1663,7,0,17,8,62121540,4787,196320,15,12994
1664,6,0,16,9,62156700,4787,196320,15,13000
1665,6,0,15,10,62181780,4786,196320,15,13006
1666,7,0,18,7,62205600,4786,196320,15,13013
1667,11,0,21,4,62260800,4788,196320,15,13024
1668,17,3,25,0,62306640,4788,196740,15,13041
1669,11,3,25,0,62366100,4788,210600,16,13052
1670,6,0,19,6,62437740,4788,214500,16,13058
1671,11,0,21,4,62487540,4789,214500,16,13069
1672,8,0,23,2,62522820,4789,214680,16,13077
1673,9,0,17,8,62591400,4789,214680,16,13086
1674,7,0,19,6,62623980,4789,214680,16,13093
1675,7,0,19,6,62659740,4790,214680,16,13100
1676,7,0,14,11,62719380,4790,214680,16,13107
1677,5,0,12,13,62745180,4789,214680,16,13112
1678,5,0,14,11,62762520,4789,214680,16,13117
1679,5,0,13,12,62788980,4789,214680,16,13122
1680,7,0,15,10,62806500,4789,214680,16,13129
1681,6,0,14,11,62840760,4789,214680,16,13135
1682,5,0,12,13,62862720,4788,214680,16,13140
1683,6,0,12,13,62886780,4788,214680,16,13146
1684,10,0,18,7,62901960,4787,214680,16,13156
1685,5,0,18,7,62919780,4787,214680,16,13161
1686,4,0,13,12,62965020,4787,214680,16,13165
1687,8,0,17,8,62989260,4787,214680,16,13173
1688,6,0,19,6,63007320,4787,214680,16,13179
1689,15,0,24,1,63058260,4788,214680,16,13194
1690,8,0,21,4,63120120,4788,218700,16,13202
1691,7,0,16,9,63179880,4788,218700,16,13209
1692,4,0,15,10,63210660,4789,218700,16,13213
1693,5,0,13,12,63254580,4790,218700,16,13218
1694,11,0,18,7,63278580,4789,218700,16,13229
1695,9,0,19,6,63312360,4789,218700,16,13238
1696,7,0,17,8,63361080,4789,218700,16,13245
1697,8,0,20,5,63389880,4790,218700,16,13253
1698,9,0,19,6,63447060,4790,218700,16,13262
1699,8,0,17,8,63488340,4790,218700,16,13270
1700,3,0,12,13,63528840,4790,218700,16,13273
1701,4,0,13,12,63549720,4791,218700,16,13277
1702,9,0,14,11,63569760,4789,218700,16,13286
1703,6,0,13,12,63595080,4789,218700,16,13292
1704,5,0,13,12,63612060,4788,218700,16,13297
1705,2,0,10,15,63633720,4788,218700,16,13299
1706,3,0,10,15,63644400,4788,218700,16,13302
1707,6,0,14,11,63648840,4787,218700,16,13308
1708,6,0,16,9,63664320,4787,218700,16,13314
1709,7,0,16,9,63686280,4786,218700,16,13321
1710,9,0,18,7,63722880,4786,218700,16,13330
1711,5,0,16,9,63752280,4786,218700,16,13335
1712,10,0,17,8,63794340,4786,218700,16,13345
1713,8,0,18,7,63823020,4786,218700,16,13353
1714,11,0,22,3,63865320,4786,218700,16,13364
1715,8,0,19,6,63920340,4786,218700,16,13372
1716,13,0,20,5,63981600,4787,218700,16,13385
1717,9,0,20,5,64022220,4787,218700,16,13394
1718,6,0,18,7,64064280,4787,218700,16,13400
1719,6,0,15,10,64116120,4788,218700,16,13406
1720,4,0,13,12,64140300,4787,218700,16,13410
1721,14,0,21,4,64171380,4787,218700,16,13424
1722,7,0,19,6,64210860,4787,219360,16,13431
1723,13,0,20,5,64271940,4787,219360,16,13444
1724,7,0,21,4,64309560,4788,219360,16,13451
1725,2,0,11,14,64376820,4789,219360,16,13453
1726,6,0,14,11,64389180,4789,219360,16,13459
1727,5,0,13,12,64420860,4789,219360,16,13464
1728,8,0,18,7,64435980,4789,219360,16,13472
1729,5,0,16,9,64471380,4789,219360,16,13477
1730,3,0,12,13,64504920,4789,219360,16,13480
1731,4,0,13,12,64521960,4789,219360,16,13484
1732,5,0,14,11,64539420,4789,219360,16,13489
1733,7,0,16,9,64565580,4789,219360,16,13496
1734,13,0,24,1,64586400,4789,219360,16,13509
1735,8,0,18,7,64656420,4789,219360,16,13517
1736,10,0,19,6,64699200,4789,219360,16,13527
1737,6,0,17,8,64740720,4789,219360,16,13533
1738,12,0,21,4,64776660,4789,219360,16,13545
1739,5,0,17,8,64818600,4789,219360,16,13550
1740,7,0,14,11,64878180,4790,219360,16,13557
1741,12,0,19,6,64911060,4790,219360,16,13569
1742,5,0,18,7,64932000,4789,219360,16,13574
1743,17,0,24,1,64982520,4789,219360,16,13591
1744,4,0,16,9,65045940,4790,219360,16,13595
1745,5,0,14,11,65082480,4790,219360,16,13600
1746,13,0,21,4,65111460,4790,219360,16,13613
1747,9,2,25,0,65121960,4790,220440,16,13622
1748,6,0,17,8,65211300,4791,222060,16,13628
1749,6,0,14,11,65244540,4790,222060,16,13634
1750,5,0,13,12,65265060,4789,222060,16,13639
1751,6,0,15,10,65286720,4789,222060,16,13645
1752,5,0,18,7,65294820,4789,222060,16,13650
1753,2,0,13,12,65331900,4790,222060,16,13652
1754,5,0,13,12,65368380,4790,222060,16,13657
1755,5,0,15,10,65386560,4791,222060,16,13662
1756,4,0,13,12,65415780,4791,222060,16,13666
1757,6,0,16,9,65433360,4791,222060,16,13672
1758,7,0,18,7,65462160,4791,222060,16,13679
1759,6,0,19,6,65488620,4792,222060,16,13685
1760,10,0,23,2,65526900,4792,222120,16,13695
1761,9,0,19,6,65588580,4792,222180,16,13704
1762,8,0,17,8,65643180,4793,222180,16,13712
1763,5,0,13,12,65688720,4793,222180,16,13717
1764,14,0,23,2,65714520,4793,222180,16,13731
1765,10,0,21,4,65765580,4793,222180,16,13741
1766,11,0,25,0,65803500,4793,222180,16,13752
1767,9,0,24,1,65845020,4793,222180,16,13761
1768,10,0,21,4,65930820,4794,222840,16,13771
1769,12,0,23,2,65978400,4794,222900,16,13783
1770,15,2,25,0,66030720,4794,229860,16,13798
1771,10,0,21,4,66095880,4794,232320,16,13808
1772,6,0,18,7,66141540,4794,232320,16,13814
1773,9,0,17,8,66194040,4794,232320,16,13823
1774,5,0,13,12,66232080,4794,232320,16,13828
1775,5,0,14,11,66255660,4794,232320,16,13833
1776,3,0,13,12,66275640,4794,232320,16,13836
1777,4,0,9,16,66303960,4793,232320,16,13840
1778,3,0,10,15,66308460,4793,232320,16,13843
1779,2,0,10,15,66321240,4793,232320,16,13845
1780,6,0,14,11,66327540,4793,232320,16,13851
1781,3,0,15,10,66340080,4793,232320,16,13854
1782,3,0,12,13,66364560,4793,232320,16,13857
1783,7,0,13,12,66396540,4793,232320,16,13864
1784,12,0,19,6,66412020,4792,232320,16,13876
1785,5,0,16,9,66450360,4792,232320,16,13881
1786,16,0,21,4,66501480,4792,232320,16,13897
1787,6,0,24,1,66515400,4792,232320,16,13903
1788,9,0,21,4,66579780,4793,232560,16,13912
1789,13,0,22,3,66644100,4793,232560,16,13925
1790,9,0,24,1,66678300,4793,232740,16,13934
1791,9,0,17,8,66764400,4794,232740,16,13943
1792,12,0,22,3,66798300,4794,232740,16,13955
1793,13,0,23,2,66841080,4793,232740,16,13968
1794,4,0,15,10,66896340,4793,232740,16,13972
1795,9,0,16,9,66941400,4793,232740,16,13981
1796,6,0,16,9,66960480,4792,232740,16,13987
1797,6,0,13,12,66999960,4792,232740,16,13993
1798,9,0,16,9,67019340,4791,232740,16,14002
1799,3,0,14,11,67043460,4791,232740,16,14005
1800,7,0,15,10,67075440,4792,232740,16,14012
1801,3,0,12,13,67097760,4791,232740,16,14015
1802,5,0,12,13,67117980,4791,232740,16,14020
1803,10,0,17,8,67144800,4791,232740,16,14030
1804,4,0,13,12,67170960,4790,232740,16,14034
1805,8,0,17,8,67194180,4791,232740,16,14042
1806,10,0,20,5,67223580,4790,232740,16,14052
1807,12,0,24,1,67263600,4790,232740,16,14064
1808,12,0,21,4,67327620,4790,233820,16,14076
1809,9,0,23,2,67356600,4789,233820,16,14085
1810,10,0,18,7,67413180,4788,233820,16,14095
1811,11,0,19,6,67463760,4789,233820,16,14106
1812,7,0,21,4,67488600,4789,233820,16,14113
1813,5,0,12,13,67563180,4789,233820,16,14118
1814,9,0,17,8,67575360,4789,233820,16,14127
1815,8,0,18,7,67602060,4788,233820,16,14135
1816,12,0,22,3,67635300,4788,234240,16,14147
1817,11,0,21,4,67701900,4788,234240,16,14158
1818,6,0,17,8,67759440,4789,234240,16,14164
1819,5,0,15,10,67797480,4789,234240,16,14169
1820,5,0,13,12,67831860,4790,234240,16,14174
1821,6,0,14,11,67856940,4790,234240,16,14180
1822,10,0,19,6,67876860,4789,234240,16,14190
1823,7,0,20,5,67903080,4789,234240,16,14197
1824,1,0,9,16,67968000,4790,234240,16,14198
1825,0,0,7,18,67982820,4790,234240,16,14198
1826,5,0,11,14,67983900,4790,234240,16,14203
1827,6,0,13,12,67999260,4790,234240,16,14209
1828,1,0,13,12,68005620,4790,234240,16,14210
1829,5,0,12,13,68036700,4790,234240,16,14215
1830,5,0,13,12,68051880,4790,234240,16,14220
1831,10,0,17,8,68080620,4790,234240,16,14230
1832,11,0,22,3,68098140,4789,234240,16,14241
1833,6,0,15,10,68162340,4789,234240,16,14247
1834,11,0,22,3,68183040,4789,234240,16,14258
1835,10,0,20,5,68239260,4789,234240,16,14268
1836,6,0,17,8,68267280,4788,234240,16,14274
1837,16,0,23,2,68326800,4789,234240,16,14290
1838,7,0,20,5,68369640,4788,234300,16,14297
1839,12,0,22,3,68420580,4789,234300,16,14309
1840,7,0,17,8,68471340,4788,234300,16,14316
1841,8,0,17,8,68518140,4789,234300,16,14324
1842,6,0,17,8,68546700,4789,234300,16,14330
1843,7,0,18,7,68569320,4788,234300,16,14337
1844,5,0,13,12,68621580,4788,234300,16,14342
1845,1,0,9,16,68650080,4789,234300,16,14343
1846,8,0,15,10,68656860,4789,234300,16,14351
1847,8,0,18,7,68680200,4789,234300,16,14359
1848,6,0,16,9,68715540,4788,234300,16,14365
1849,6,0,13,12,68759580,4788,234300,16,14371
1850,5,0,17,8,68763600,4788,234300,16,14376
1851,4,0,14,11,68799600,4789,234300,16,14380
1852,5,0,15,10,68827320,4789,234300,16,14385
1853,4,0,12,13,68866260,4790,234300,16,14389
1854,5,0,14,11,68876760,4789,234300,16,14394
1855,3,0,14,11,68889480,4789,234300,16,14397
1856,10,0,19,6,68914860,4789,234300,16,14407
1857,6,0,21,4,68931960,4789,234300,16,14413
1858,6,0,14,11,69004920,4790,234300,16,14419
1859,12,0,22,3,69024660,4790,234300,16,14431
1860,15,0,25,0,69069180,4789,234540,16,14446
1861,8,0,20,5,69130380,4789,236220,16,14454
1862,16,0,21,4,69201540,4789,236220,16,14470
1863,9,0,20,5,69241620,4788,236220,16,14479
1864,10,0,19,6,69297960,4789,236220,16,14489
1865,11,0,21,4,69334800,4788,236220,16,14500
1866,6,0,17,8,69383100,4788,236220,16,14506
1867,11,0,17,8,69438540,4788,236220,16,14517
1868,9,0,21,4,69458760,4788,236220,16,14526
1869,6,0,19,6,69502740,4788,236220,16,14532
1870,7,0,15,10,69564180,4789,236220,16,14539
1871,5,0,12,13,69599100,4789,236220,16,14544
1872,10,0,16,9,69622740,4789,236220,16,14554
1873,8,0,20,5,69637200,4788,236220,16,14562
1874,5,0,18,7,69678780,4789,236220,16,14567
1875,6,0,15,10,69722940,4789,236220,16,14573
1876,6,0,14,11,69764340,4789,236220,16,14579
1877,5,0,14,11,69788340,4789,236220,16,14584
1878,7,0,16,9,69813120,4789,236220,16,14591
1879,9,0,19,6,69836640,4789,236220,16,14600
1880,6,0,17,8,69880020,4789,236220,16,14606
1881,9,0,20,5,69914100,4790,236220,16,14615
1882,13,0,24,1,69965940,4790,236220,16,14628
1883,8,0,21,4,70016700,4790,236520,16,14636
1884,9,0,15,10,70083960,4790,236520,16,14645
1885,15,0,20,5,70120200,4789,236520,16,14660
1886,13,0,23,2,70158120,4788,236520,16,14673
1887,15,0,24,1,70211880,4788,236760,16,14688
1888,6,0,18,7,70274340,4788,236760,16,14694
1889,10,0,20,5,70317000,4788,236760,16,14704
1890,7,0,18,7,70360380,4788,236760,16,14711
1891,9,0,21,4,70385460,4788,236760,16,14720
1892,8,0,22,3,70422480,4788,236760,16,14728
1893,4,0,14,11,70491660,4789,236760,16,14732
1894,6,0,13,12,70531320,4789,236760,16,14738
1895,8,0,18,7,70544700,4789,236760,16,14746
1896,2,0,11,14,70594560,4790,236760,16,14748
1897,7,0,14,11,70615980,4790,236760,16,14755
1898,9,0,16,9,70645920,4790,236760,16,14764
1899,4,0,12,13,70679580,4789,236760,16,14768
1900,9,0,16,9,70699200,4789,236760,16,14777
1901,7,0,15,10,70733580,4789,236760,16,14784
1902,5,0,13,12,70766760,4789,236760,16,14789
1903,8,0,15,10,70786980,4788,236760,16,14797
1904,10,0,22,3,70802280,4788,236760,15,14807
1905,6,0,19,6,70841880,4788,236760,15,14813
1906,9,0,16,9,70909020,4789,236760,15,14822
1907,5,0,13,12,70939380,4788,236760,15,14827
1908,6,0,15,10,70964940,4789,236760,15,14833
1909,12,0,19,6,70995060,4788,236760,15,14845
1910,6,0,17,8,71025120,4787,236760,15,14851
1911,13,0,22,3,71072160,4788,236760,15,14864
1912,14,0,21,4,71137740,4788,237780,15,14878
1913,8,0,14,11,71196780,4787,237780,15,14886
1914,5,0,13,12,71225040,4787,237780,15,14891
1915,7,0,17,8,71247660,4787,237780,15,14898
1916,8,0,16,9,71281740,4787,237780,15,14906
1917,9,0,19,6,71309100,4787,237780,15,14915
1918,10,0,20,5,71355660,4787,237780,15,14925
1919,5,0,17,8,71389500,4787,237780,15,14930
1920,4,0,13,12,71432280,4787,237780,15,14934
1921,5,0,12,13,71463180,4787,237780,15,14939
1922,8,0,14,11,71487240,4787,237780,15,14947
1923,6,0,15,10,71504820,4786,237780,15,14953
1924,8,0,17,8,71530620,4786,237780,15,14961
1925,1,0,12,13,71561400,4786,237780,15,14962
1926,6,0,12,13,71598660,4787,237780,15,14968
1927,6,0,13,12,71618280,4786,237780,15,14974
1928,11,0,19,6,71634780,4786,237780,15,14985
1929,7,0,18,7,71673960,4786,237780,15,14992
1930,9,0,19,6,71710080,4786,237780,15,15001
1931,4,0,14,11,71755080,4786,237780,15,15005
1932,9,0,18,7,71787300,4787,237780,15,15014
1933,16,0,25,0,71822700,4786,238800,15,15030
1934,13,2,25,0,71877180,4786,242940,16,15043
1935,13,0,22,3,71954700,4786,244380,16,15056
1936,9,0,22,3,71992980,4785,244380,16,15065
1937,20,5,25,0,72062760,4786,246420,16,15085
1938,8,0,25,0,72127260,4786,259740,17,15093
1939,6,0,16,9,72197040,4786,259920,17,15099
1940,5,0,14,11,72240840,4787,259920,17,15104
1941,7,0,17,8,72258180,4787,259920,17,15111
1942,6,0,17,8,72294540,4787,259920,17,15117
1943,3,0,13,12,72337320,4788,259920,17,15120
1944,7,0,14,11,72369060,4788,259920,17,15127
1945,6,0,13,12,72391260,4787,259920,17,15133
1946,6,0,13,12,72414600,4787,259920,17,15139
1947,10,0,18,7,72440520,4787,259920,17,15149
1948,6,0,19,6,72458460,4787,259920,17,15155
1949,7,0,17,8,72503460,4787,259920,17,15162
1950,7,0,16,9,72554760,4788,259920,17,15169
1951,14,0,23,2,72588840,4788,259920,17,15183
1952,6,0,15,10,72643020,4787,259920,17,15189
1953,3,0,12,13,72670140,4787,259920,17,15192
1954,15,0,22,3,72699900,4787,259920,17,15207
1955,9,0,24,1,72724320,4787,259920,17,15216
1956,6,0,16,9,72799140,4787,259920,17,15222
1957,15,0,20,5,72845400,4787,259920,17,15237
1958,4,0,17,8,72868560,4786,259920,17,15241
1959,8,0,17,8,72914760,4786,259920,17,15249
1960,9,0,16,9,72952380,4786,259920,17,15258
1961,5,0,14,11,72987540,4786,259920,17,15263
1962,8,0,16,9,73021740,4786,259920,17,15271
1963,6,0,15,10,73044960,4786,259920,17,15277
1964,6,0,17,8,73065420,4786,259920,17,15283
1965,3,0,11,14,73126980,4787,259920,17,15286
1966,8,0,14,11,73141680,4786,259920,16,15294
1967,5,0,16,9,73153980,4786,259920,16,15299
1968,9,0,19,6,73181760,4786,259920,16,15308
1969,6,0,19,6,73215240,4786,259920,16,15314
1970,4,0,15,10,73260000,4787,259920,16,15318
1971,7,0,15,10,73290720,4787,259920,16,15325
1972,5,0,16,9,73308060,4786,259920,16,15330
1973,8,0,13,12,73354020,4786,259920,16,15338
1974,6,0,17,8,73358760,4786,259920,16,15344
1975,12,0,20,5,73400760,4786,259920,16,15356
1976,8,0,19,6,73441980,4786,259920,16,15364
1977,7,0,17,8,73481400,4785,259920,16,15371
1978,8,0,15,10,73539060,4786,259920,16,15379
1979,17,0,20,5,73573320,4784,259920,16,15396
1980,13,0,24,1,73612800,4784,259920,16,15409
1981,21,7,25,0,73678740,4784,262740,17,15430
1982,10,8,25,0,73726680,4785,272220,17,15440
1983,11,3,25,0,73816920,4786,301380,19,15451
1984,14,0,24,1,73881480,4784,326760,21,15465
1985,10,0,21,4,73936080,4784,326760,21,15475
1986,7,0,20,5,73971600,4784,326760,21,15482
1987,6,0,17,8,74032020,4785,326760,21,15488
1988,9,0,18,7,74066220,4784,326760,21,15497
1989,6,0,19,6,74087220,4784,326760,21,15503
1990,6,0,16,9,74139000,4785,326760,21,15509
1991,11,0,23,2,74153100,4784,326760,21,15520
1992,6,0,16,9,74223180,4785,326760,21,15526
1993,6,0,14,11,74261760,4785,326760,21,15532
1994,6,0,13,12,74290500,4785,326760,21,15538
1995,8,0,15,10,74309760,4784,326760,21,15546
1996,6,0,16,9,74327700,4784,326760,21,15552
1997,5,0,13,12,74366400,4784,326760,21,15557
1998,5,0,14,11,74389500,4784,326760,20,15562
1999,13,0,23,2,74405820,4784,326760,20,15575
2000,8,0,25,0,74438340,4784,326760,20,15583
2001,8,0,21,4,74510160,4785,327060,20,15591
2002,9,0,18,7,74581140,4786,327060,20,15600
2003,13,0,24,1,74602440,4785,327060,20,15613
2004,12,1,25,0,74652480,4785,329940,21,15625
2005,10,0,23,2,74727180,4786,336000,21,15635
2006,14,0,25,0,74786100,4786,339660,21,15649
2007,10,0,22,3,74852160,4786,339660,21,15659
2008,9,0,17,8,74922180,4787,339660,21,15668
2009,3,0,15,10,74948640,4787,339660,21,15671
2010,4,0,14,11,74977440,4787,339660,21,15675
2011,7,0,14,11,75013860,4787,339660,21,15682
2012,5,0,14,11,75035280,4787,339660,21,15687
2013,4,0,13,12,75061320,4787,339660,21,15691
2014,6,0,12,13,75091800,4787,339660,21,15697
2015,3,0,12,13,75099900,4787,339660,21,15700
2016,2,0,11,14,75114180,4787,339660,21,15702
2017,4,0,15,10,75114180,4787,339660,21,15706
2018,6,0,17,8,75126480,4786,339660,21,15712
2019,5,0,18,7,75145020,4786,339660,21,15717
2020,5,0,15,10,75184860,4786,339660,21,15722
2021,5,0,18,7,75195120,4786,339660,21,15727
2022,2,0,17,8,75213480,4787,339660,21,15729
2023,8,0,17,8,75246720,4786,339660,21,15737
2024,3,0,15,10,75284460,4787,339660,21,15740
2025,11,0,21,4,75306720,4787,339660,21,15751
2026,7,0,23,2,75323340,4786,339660,21,15758
2027,11,0,23,2,75370020,4786,339960,21,15769
2028,8,0,23,2,75412980,4786,339960,21,15777
2029,9,0,23,2,75457140,4786,341580,21,15786
2030,4,0,16,9,75523380,4787,341580,21,15790
2031,11,0,23,2,75545040,4787,341580,21,15801
2032,14,6,25,0,75573600,4787,345360,21,15815
2033,12,8,25,0,75630120,4788,355380,22,15827
2034,10,7,25,0,75694380,4789,380340,24,15837
2035,8,6,25,0,75739320,4789,394920,24,15845
2036,5,0,20,5,75800220,4788,434760,27,15850
2037,6,0,17,8,75843960,4788,434760,27,15856
2038,7,0,19,6,75869820,4788,434760,27,15863
2039,6,0,21,4,75895260,4788,434760,27,15869
2040,2,0,14,11,75945120,4789,434760,27,15871
2041,3,0,13,12,75963600,4789,434760,27,15874
2042,2,0,13,12,75969300,4789,434760,27,15876
2043,3,0,13,12,75977820,4788,434760,27,15879
2044,7,0,16,9,75991020,4788,434760,27,15886
2045,13,1,25,0,76002660,4788,434760,27,15899
2046,6,0,23,2,76046460,4788,436080,27,15905
2047,6,0,16,9,76108320,4788,436080,27,15911
2048,8,0,21,4,76125420,4788,436080,27,15919
2049,7,0,19,6,76164120,4788,436080,27,15926
2050,14,2,25,0,76193460,4788,436860,27,15940
2051,13,4,25,0,76247940,4788,447120,28,15953
2052,9,0,25,0,76290480,4787,460320,28,15962
2053,17,6,25,0,76341660,4786,460980,28,15979
2054,17,13,25,0,76397220,4787,472380,29,15996
2055,8,14,25,0,76437720,4787,487080,30,16004
2056,17,21,25,0,76503900,4788,501780,31,16021
2057,10,22,25,0,76552860,4789,514560,32,16031
2058,8,22,25,0,76601880,4790,539160,33,16039
2059,9,24,25,0,76650060,4790,558240,34,16048
2060,9,22,25,0,76710840,4791,624480,38,16057
2061,8,21,25,0,76760520,4791,667860,41,16065
2062,8,11,25,0,76850700,4792,858060,53,16073
2063,4,0,18,7,76906080,4788,1070340,66,16077
2064,4,0,15,10,76930320,4788,1070340,66,16081
2065,10,0,22,3,76943340,4788,1070340,66,16091
2066,6,0,22,3,76982160,4788,1070340,66,16097
2067,5,0,18,7,77024160,4788,1070340,66,16102
2068,4,0,17,8,77054220,4789,1070340,66,16106
2069,11,0,24,1,77074260,4789,1070340,66,16117
2070,5,0,19,6,77123340,4789,1070340,66,16122
2071,10,0,23,2,77160420,4789,1070340,66,16132
2072,3,0,18,7,77205360,4790,1070340,66,16135
2073,10,0,20,5,77245440,4790,1070340,66,16145
2074,11,3,25,0,77261280,4790,1074840,66,16156
2075,9,1,25,0,77325840,4791,1084560,67,16165
2076,10,3,25,0,77357280,4790,1086540,67,16175
2077,17,7,25,0,77432580,4791,1094460,67,16192
2078,9,8,25,0,77481600,4792,1106700,68,16201
2079,21,21,25,0,77530320,4792,1111980,68,16222
2080,14,23,25,0,77598780,4793,1129860,69,16236
2081,8,21,25,0,77650860,4793,1166580,71,16244
2082,7,18,25,0,77707740,4794,1191600,73,16251
2083,10,18,25,0,77751180,4794,1199820,73,16261
2084,5,12,25,0,77802300,4794,1314540,80,16266
2085,7,0,23,2,77882280,4792,1557720,95,16273
2086,2,0,17,8,77910480,4792,1557720,95,16275
2087,4,0,15,10,77942880,4792,1557720,95,16279
2088,4,0,17,8,77953980,4792,1557720,95,16283
2089,5,0,14,11,77978580,4791,1557720,95,16288
2090,6,0,17,8,77996220,4791,1557720,95,16294
2091,1,0,13,12,78021900,4791,1557720,95,16295
2092,3,0,12,13,78040200,4791,1557720,95,16298
2093,7,0,16,9,78047280,4791,1557720,95,16305
2094,7,0,20,5,78058200,4791,1557720,95,16312
2095,7,0,18,7,78107220,4791,1557720,95,16319
2096,4,0,16,9,78127740,4791,1557720,95,16323
2097,8,0,19,6,78152280,4791,1557720,95,16331
2098,10,0,24,1,78174660,4790,1557720,95,16341
2099,13,2,25,0,78234780,4791,1563480,95,16354
2100,16,7,25,0,78296160,4792,1573920,96,16370
2101,12,12,25,0,78335940,4792,1584420,96,16382
2102,10,11,25,0,78394500,4793,1603080,97,16392
2103,12,15,25,0,78444540,4793,1623840,98,16404
2104,14,21,25,0,78494040,4794,1631820,99,16418
2105,14,22,25,0,78562920,4794,1642140,99,16432
2106,9,22,25,0,78611520,4795,1651980,100,16441
2107,6,17,25,0,78674100,4795,1761900,107,16447
2108,5,2,25,0,78734640,4793,1988340,120,16452
2109,7,0,22,3,78757980,4791,2032200,123,16459
2110,2,0,15,10,78812580,4792,2032200,123,16461
2111,7,0,19,6,78829200,4792,2032200,123,16468
2112,4,0,17,8,78854520,4792,2032200,123,16472
2113,6,0,17,8,78885780,4792,2032200,123,16478
2114,4,0,18,7,78899100,4792,2032200,123,16482
2115,3,0,14,11,78935640,4792,2032200,123,16485
2116,8,0,17,8,78955560,4792,2032200,123,16493
2117,4,0,17,8,78973320,4792,2032200,123,16497
2118,12,0,22,3,79002180,4791,2032200,123,16509
2119,9,0,21,4,79047600,4791,2035740,123,16518
2120,7,0,24,1,79073880,4792,2035740,123,16525
2121,9,0,25,0,79117800,4792,2035740,123,16534
2122,8,0,20,5,79181040,4792,2035860,123,16542
2123,3,0,17,8,79210500,4792,2035860,123,16545
2124,13,0,24,1,79236420,4792,2035860,122,16558
2125,10,1,25,0,79272720,4792,2036820,122,16568
2126,13,2,25,0,79330020,4792,2039940,123,16581
2127,12,4,25,0,79385280,4792,2042880,123,16593
2128,12,7,25,0,79434000,4792,2047020,123,16605
2129,10,6,25,0,79496880,4793,2059140,123,16615
2130,5,0,22,3,79567860,4793,2121480,127,16620
2131,9,0,20,5,79601040,4792,2121480,127,16629
2132,7,0,19,6,79639560,4792,2121480,127,16636
2133,3,0,14,11,79677960,4792,2121480,127,16639
2134,4,0,16,9,79685520,4792,2121480,127,16643
2135,5,0,17,8,79708800,4792,2121480,127,16648
2136,7,0,18,7,79731180,4792,2121480,127,16655
2137,2,0,15,10,79754580,4792,2121480,127,16657
2138,6,0,15,10,79786140,4792,2121480,127,16663
2139,7,0,16,9,79802280,4791,2121480,127,16670
2140,10,0,19,6,79836600,4791,2121480,127,16680
2141,3,0,15,10,79861620,4791,2121480,127,16683
2142,13,0,25,0,79878060,4791,2121840,127,16696
2143,7,0,22,3,79930560,4791,2124480,127,16703
2144,10,0,21,4,79982460,4791,2124480,127,16713
2145,8,0,21,4,80018340,4791,2124480,127,16721
2146,9,0,23,2,80047740,4791,2124480,126,16730
2147,10,1,25,0,80086380,4791,2126040,127,16740
2148,10,1,25,0,80145000,4792,2130780,127,16750
2149,17,6,25,0,80206080,4792,2144760,127,16767
2150,19,19,25,0,80238900,4792,2151420,128,16786
2151,12,27,20,5,80294100,4793,2153580,128,16798
2152,10,33,18,7,80336220,4794,2158320,128,16808
2153,10,32,25,0,80357160,4794,2188740,130,16818
2154,6,28,25,0,80419200,4795,2236320,132,16824
2155,7,24,25,0,80482380,4795,2327460,138,16831
2156,6,23,25,0,80525280,4796,2359380,140,16837
2157,5,14,25,0,80593500,4796,2588700,153,16842
2158,6,2,25,0,80658600,4795,2862960,169,16848
2159,6,0,16,9,80707800,4793,2893560,171,16854
2160,2,0,14,11,80723100,4792,2893560,171,16856
2161,4,0,16,9,80734500,4793,2893560,171,16860
2162,6,0,17,8,80754900,4792,2893560,171,16866
2163,4,0,17,8,80774880,4792,2893560,171,16870
2164,5,0,15,10,80809740,4792,2893560,171,16875
2165,2,0,15,10,80821800,4793,2893560,171,16877
2166,11,0,22,3,80844600,4793,2893560,171,16888
2167,9,0,22,3,80879340,4792,2893560,171,16897
2168,5,0,19,6,80921580,4793,2893560,171,16902
2169,9,0,22,3,80953800,4793,2893560,171,16911
2170,11,2,25,0,80990280,4793,2895720,171,16922
2171,5,0,21,4,81042840,4793,2898360,171,16927
2172,11,0,22,3,81091920,4793,2898360,171,16938
2173,12,2,25,0,81117480,4793,2899740,171,16950
2174,10,0,24,1,81177540,4793,2902320,171,16960
2175,12,2,25,0,81223020,4793,2904900,171,16972
2176,6,0,20,5,81285900,4793,2907180,171,16978
2177,10,0,22,3,81319500,4793,2907180,171,16988
2178,5,0,20,5,81357960,4793,2907180,171,16993
2179,9,0,23,2,81395100,4793,2907180,170,17002
2180,10,0,25,0,81434520,4793,2907360,170,17012
2181,7,0,25,0,81472620,4794,2907360,170,17019
2182,6,0,21,4,81536340,4795,2907360,170,17025
2183,6,0,18,7,81583860,4795,2907360,170,17031
2184,7,0,16,9,81626760,4795,2907360,170,17038
2185,3,0,14,11,81649560,4795,2907360,170,17041
2186,5,0,16,9,81660840,4795,2907360,170,17046
2187,10,0,21,4,81677580,4794,2907360,170,17056
2188,2,0,16,9,81710640,4794,2907360,170,17058
2189,5,0,15,10,81742320,4794,2907360,170,17063
2190,2,0,14,11,81752400,4794,2907360,170,17065
2191,8,0,18,7,81771900,4794,2907360,170,17073
2192,17,1,25,0,81803700,4793,2911260,170,17090
2193,6,0,22,3,81842700,4793,2912220,170,17096
2194,11,0,21,4,81913920,4794,2912220,170,17107
2195,11,2,25,0,81934860,4794,2914740,170,17118
2196,13,2,25,0,81995940,4793,2918400,170,17131
2197,10,4,25,0,82030860,4793,2923680,170,17141
2198,12,0,25,0,82112580,4794,2937300,171,17153
2199,12,0,24,1,82155420,4792,2937300,171,17165
2200,12,3,25,0,82194060,4792,2940540,171,17177
2201,7,0,20,5,82256880,4792,2941800,171,17184
2202,11,0,21,4,82302180,4792,2941800,171,17195
2203,6,0,23,2,82319880,4792,2941800,171,17201
2204,4,0,17,8,82377540,4792,2941800,170,17205
2205,2,0,14,11,82405800,4792,2941800,170,17207
2206,10,0,21,4,82422360,4793,2941800,170,17217
2207,3,0,17,8,82455420,4793,2941800,170,17220
2208,6,0,17,8,82489500,4793,2941800,170,17226
2209,6,0,20,5,82499280,4793,2941800,170,17232
2210,4,0,18,7,82527840,4793,2941800,170,17236
2211,6,0,18,7,82559100,4793,2941800,170,17242
2212,4,0,15,10,82591740,4793,2941800,170,17246
2213,5,0,19,6,82594140,4793,2941800,170,17251
2214,12,0,23,2,82629420,4792,2942040,170,17263
2215,6,0,15,10,82694220,4792,2942040,170,17269
2216,10,0,22,3,82702560,4792,2942040,170,17279
2217,3,0,20,5,82732560,4792,2942040,170,17282
2218,9,0,21,4,82778160,4793,2942040,170,17291
2219,13,0,24,1,82826220,4793,2942040,170,17304
2220,7,0,20,5,82873260,4792,2942040,169,17311
2221,15,4,25,0,82906680,4793,2942400,169,17326
2222,14,10,25,0,82949340,4793,2951820,170,17340
2223,8,8,25,0,83011080,4794,2962800,170,17348
2224,8,6,25,0,83066220,4794,2984940,171,17356
2225,8,6,25,0,83113980,4795,3009060,173,17364
2226,9,7,25,0,83161380,4795,3040380,175,17373
2227,10,5,25,0,83228760,4796,3059640,176,17383
2228,12,6,25,0,83276580,4795,3073680,176,17395
2229,3,0,19,6,83345340,4795,3093060,177,17398
2230,4,0,14,11,83391840,4795,3093060,177,17402
2231,7,0,17,8,83409600,4795,3093060,177,17409
2232,3,0,18,7,83418720,4795,3093060,177,17412
2233,7,0,20,5,83443740,4795,3093060,177,17419
2234,4,0,15,10,83490360,4796,3093060,177,17423
2235,3,0,14,11,83510280,4796,3093060,177,17426
2236,4,0,14,11,83526840,4795,3093060,177,17430
2237,11,0,22,3,83533380,4795,3093060,177,17441
2238,9,0,24,1,83564280,4795,3095340,177,17450
2239,9,0,22,3,83615820,4795,3097440,177,17459
2240,5,0,17,8,83670480,4795,3097440,177,17464
2241,7,0,18,7,83699520,4795,3097440,177,17471
2242,12,0,24,1,83724000,4795,3097440,177,17483
2243,9,4,25,0,83740500,4795,3100800,177,17492
2244,11,1,25,0,83823480,4796,3114780,177,17503
2245,7,0,20,5,83880360,4795,3118800,178,17510
2246,11,2,25,0,83901720,4796,3120240,178,17521
2247,6,0,20,5,83974020,4796,3122400,178,17527
2248,15,3,25,0,84001440,4796,3124080,178,17542
2249,5,0,23,2,84055320,4796,3129240,178,17547
2250,10,0,21,4,84121320,4797,3129240,178,17557
2251,5,0,19,6,84151680,4796,3129240,178,17562
2252,5,0,18,7,84178680,4796,3129240,178,17567
2253,4,0,17,8,84201420,4796,3129240,178,17571
2254,10,0,20,5,84241500,4797,3129240,177,17581
2255,7,0,20,5,84265740,4796,3129240,177,17588
2256,7,0,21,4,84293100,4796,3129240,177,17595
2257,6,0,19,6,84326100,4796,3129240,177,17601
2258,5,0,19,6,84358380,4796,3129240,177,17606
2259,7,0,22,3,84379860,4796,3129240,177,17613
2260,6,0,18,7,84429480,4796,3129240,177,17619
2261,6,0,17,8,84464400,4796,3129240,177,17625
2262,6,0,19,6,84480720,4796,3129240,177,17631
2263,9,0,23,2,84505200,4796,3129240,177,17640
2264,11,2,25,0,84541020,4796,3130440,177,17651
2265,14,8,25,0,84587820,4797,3133980,177,17665
2266,12,7,25,0,84661140,4798,3149940,178,17677
2267,9,7,25,0,84702480,4797,3173760,179,17686
2268,11,1,25,0,84776580,4797,3203340,181,17697
2269,11,2,25,0,84813540,4796,3213540,181,17708
2270,14,4,25,0,84877620,4797,3223320,181,17722
2271,9,7,25,0,84911340,4797,3230880,182,17731
2272,8,0,25,0,84985860,4797,3274980,184,17739
2273,10,0,22,3,85031520,4796,3275340,184,17749
2274,7,0,20,5,85069140,4796,3275340,184,17756
2275,8,0,21,4,85099080,4796,3275340,184,17764
2276,8,0,22,3,85130580,4796,3275340,184,17772
2277,4,0,17,8,85179420,4796,3275340,184,17776
2278,8,0,18,7,85221240,4796,3275340,184,17784
2279,7,0,18,7,85250940,4796,3275340,184,17791
2280,8,0,20,5,85283340,4796,3275340,184,17799
2281,6,0,21,4,85308900,4796,3275340,183,17805
2282,8,0,20,5,85347720,4796,3275340,183,17813
2283,8,0,23,2,85376700,4796,3275340,183,17821
2284,3,0,18,7,85413960,4796,3275340,183,17824
2285,8,0,19,6,85453260,4797,3275340,183,17832
2286,9,0,22,3,85483920,4797,3275340,183,17841
2287,8,0,20,5,85532400,4797,3275340,183,17849
2288,7,0,19,6,85567200,4797,3275340,183,17856
2289,9,0,20,5,85597080,4796,3275340,183,17865
2290,7,0,18,7,85638960,4796,3275340,183,17872
2291,10,0,22,3,85667040,4796,3275340,183,17882
2292,12,0,24,1,85708800,4796,3276180,183,17894
2293,10,0,23,2,85756560,4795,3276180,182,17904
2294,12,0,24,1,85811340,4796,3281580,183,17916
2295,12,0,25,0,85859040,4795,3281940,183,17928
2296,13,3,25,0,85906800,4795,3286860,183,17941
2297,13,2,25,0,85972740,4795,3295260,183,17954
2298,12,4,25,0,86007660,4794,3301380,183,17966
2299,12,4,25,0,86063040,4794,3306600,183,17978
2300,12,2,25,0,86126700,4794,3315600,184,17990
2301,4,0,15,10,86188740,4793,3316080,184,17994
2302,5,0,14,11,86216760,4793,3316080,184,17999
2303,5,0,15,10,86232300,4793,3316080,184,18004
2304,4,0,18,7,86238900,4793,3316080,184,18008
2305,5,0,15,10,86277840,4793,3316080,184,18013
2306,9,0,19,6,86290920,4793,3316080,184,18022
2307,5,0,17,8,86322120,4793,3316080,183,18027
2308,8,0,20,5,86352540,4793,3316080,183,18035
2309,3,0,16,9,86388480,4793,3316080,183,18038
2310,11,0,21,4,86417640,4793,3316080,183,18049
2311,12,2,25,0,86437560,4793,3317820,183,18061
2312,10,0,24,1,86493900,4792,3325320,184,18071
2313,9,0,22,3,86545380,4792,3325320,183,18080
2314,19,2,25,0,86598720,4791,3325320,183,18099
2315,10,7,25,0,86621580,4791,3330780,183,18109
2316,10,8,25,0,86673480,4792,3338160,184,18119
2317,15,8,25,0,86747400,4792,3359820,185,18134
2318,12,10,25,0,86803620,4792,3373560,185,18146
2319,15,17,25,0,86839560,4792,3383040,186,18161
2320,12,19,25,0,86904660,4793,3396660,186,18173
2321,11,22,25,0,86954400,4794,3415440,187,18184
2322,13,22,25,0,87023400,4794,3464880,190,18197
2323,4,17,25,0,87063660,4794,3504480,192,18201
2324,11,14,25,0,87136620,4794,3589620,197,18212
2325,8,8,25,0,87195540,4794,3761040,206,18220
2326,16,11,25,0,87233460,4793,3767520,206,18236
2327,6,7,25,0,87284640,4793,3821340,209,18242
2328,8,0,17,8,87358620,4791,3935460,215,18250
2329,7,0,18,7,87381960,4790,3935460,215,18257
2330,4,0,14,11,87419340,4790,3935460,215,18261
2331,8,0,21,4,87425040,4790,3935460,215,18269
2332,9,0,20,5,87471720,4790,3935460,215,18278
2333,5,0,17,8,87508260,4790,3935460,215,18283
2334,8,0,17,8,87536580,4790,3935460,215,18291
2335,8,0,17,8,87570840,4790,3935460,215,18299
2336,19,8,25,0,87577080,4789,3937260,214,18318
2337,10,8,25,0,87634500,4790,3956340,215,18328
2338,14,13,25,0,87691560,4790,3969180,216,18342
2339,17,19,25,0,87749700,4791,3985140,217,18359
2340,11,22,25,0,87792240,4791,3999600,217,18370
2341,13,24,25,0,87850920,4791,4021560,218,18383
2342,5,20,25,0,87895800,4791,4054620,220,18388
2343,7,19,25,0,87949320,4792,4085580,222,18395
2344,7,16,25,0,88000440,4792,4185660,227,18402
2345,12,13,25,0,88078980,4793,4290360,233,18414
2346,8,7,25,0,88130760,4792,4420200,239,18422
2347,5,0,21,4,88172220,4790,4551420,246,18427
2348,10,0,25,0,88205820,4790,4551840,246,18437
2349,8,0,22,3,88261080,4790,4553520,246,18445
2350,7,0,20,5,88313160,4791,4553520,246,18452
2351,6,0,21,4,88336980,4791,4553520,246,18458
2352,3,0,15,10,88380720,4791,4553520,246,18461
2353,5,0,17,8,88398180,4791,4553520,246,18466
2354,6,0,19,6,88417260,4791,4553520,246,18472
2355,6,0,19,6,88446540,4791,4553520,246,18478
2356,8,0,20,5,88479000,4791,4553520,246,18486
2357,6,0,17,8,88520280,4791,4553520,246,18492
2358,12,0,24,1,88546020,4791,4553520,246,18504
2359,4,0,18,7,88587720,4791,4553520,246,18508
2360,14,0,22,3,88627560,4790,4553520,245,18522
2361,8,0,23,2,88660140,4790,4553520,245,18530
2362,10,0,21,4,88707840,4790,4553520,245,18540
2363,11,0,19,6,88763760,4789,4553520,245,18551
2364,10,0,20,5,88799340,4789,4553520,245,18561
2365,4,0,16,9,88832280,4789,4553520,245,18565
2366,8,0,18,7,88854900,4788,4553520,245,18573
2367,6,0,20,5,88873980,4788,4553520,245,18579
2368,11,0,23,2,88912140,4788,4553520,244,18590
2369,12,0,25,0,88953300,4788,4553520,244,18602
2370,6,0,21,4,89001840,4788,4553820,244,18608
2371,5,0,17,8,89053680,4788,4553820,244,18613
2372,7,0,19,6,89079720,4788,4553820,244,18620
2373,5,0,17,8,89123460,4789,4553820,244,18625
2374,3,0,14,11,89144280,4789,4553820,244,18628
2375,5,0,16,9,89158560,4789,4553820,244,18633
2376,3,0,17,8,89162940,4788,4553820,244,18636
2377,5,0,15,10,89207340,4789,4553820,244,18641
2378,8,0,21,4,89213160,4789,4553820,244,18649
2379,6,0,18,7,89253120,4789,4553820,244,18655
2380,7,0,20,5,89275860,4788,4553820,244,18662
2381,3,0,18,7,89312880,4789,4553820,243,18665
2382,9,0,22,3,89338860,4789,4553820,243,18674
2383,11,0,25,0,89382000,4790,4553820,243,18685
2384,11,2,25,0,89425920,4790,4556880,243,18696
2385,7,0,22,3,89489760,4790,4560120,243,18703
2386,13,0,23,2,89535300,4789,4560120,243,18716
2387,7,0,18,7,89585400,4789,4560120,243,18723
2388,14,0,25,0,89609940,4788,4560120,243,18737
2389,9,0,25,0,89659740,4789,4562160,243,18746
2390,18,6,25,0,89725260,4789,4569240,243,18764
2391,11,9,25,0,89763120,4789,4580940,244,18775
2392,11,8,25,0,89830920,4790,4595220,244,18786
2393,5,8,21,4,89882040,4790,4602300,244,18791
2394,7,5,25,0,89921640,4791,4631760,246,18798
2395,7,0,22,3,89970840,4790,4679940,248,18805
2396,11,0,20,5,90023820,4789,4679940,248,18816
2397,6,0,21,4,90052320,4789,4679940,248,18822
2398,8,0,20,5,90101640,4790,4679940,248,18830
2399,7,0,19,6,90145560,4790,4679940,248,18837

