Hour,Arrivals,Waiting,Treating,Available Rooms,Total Treatment Time,Average Treatment Time,Total Wait Time,Average Wait Time,Total Arrivals
1,5,0,5,20,0,0,0,0,5
2,4,0,6,19,11040,3680,0,0,9
3,9,0,8,17,36480,3648,0,0,18
4,8,0,11,14,59700,3980,0,0,26
5,13,0,18,7,87480,4165,0,0,39
6,6,0,13,12,141000,4406,0,0,45
7,12,0,10,15,209040,4447,0,0,57
8,11,0,15,10,234780,4429,0,0,68
9,9,0,16,9,272400,4465,0,0,77
10,7,0,11,14,336900,4615,0,0,84
11,11,0,13,12,383880,4681,0,0,95
12,15,0,19,6,418380,4597,0,0,110
13,9,0,10,15,490980,4504,0,0,119
14,7,0,10,15,533940,4602,0,0,126
15,10,0,13,12,570180,4635,0,0,136
16,11,0,16,9,619800,4731,0,0,147
17,7,0,12,13,678960,4781,0,0,154
18,7,0,11,14,719580,4797,0,0,161
19,6,0,9,16,761520,4819,0,0,167
20,3,0,5,20,807600,4894,0,0,170
21,8,0,10,15,824820,4909,0,0,178
22,7,0,7,18,864060,4854,0,0,185
23,3,0,4,21,888720,4830,0,0,188
24,7,0,7,18,906480,4821,0,0,195
25,3,0,5,20,921420,4774,0,0,198
26,3,0,3,22,950040,4798,0,0,201
27,7,0,8,17,960120,4800,0,0,208
28,9,0,12,13,978120,4771,0,0,217
29,6,0,10,15,1015500,4767,0,0,223
30,7,0,9,16,1060200,4797,0,0,230
31,11,0,14,11,1092300,4811,0,0,241
32,11,0,15,10,1134300,4786,0,0,252
33,12,0,15,10,1194780,4798,0,0,264
34,9,0,14,11,1240020,4787,0,0,273
35,7,0,14,11,1271700,4780,0,0,280
36,7,0,13,12,1317360,4807,0,0,287
37,5,0,9,16,1378980,4872,0,0,292
38,9,0,10,15,1417500,4871,0,0,301
39,16,0,18,7,1458480,4877,0,0,317
40,13,0,17,8,1514280,4837,0,0,330
41,12,0,15,10,1582440,4839,0,0,342
42,7,0,11,14,1633320,4832,0,0,349
43,4,0,6,19,1678680,4837,0,0,353
44,3,0,5,20,1697640,4836,0,0,356
45,10,0,12,13,1711740,4835,0,0,366
46,5,0,10,15,1738620,4816,0,0,371
47,6,0,6,19,1791420,4828,0,0,377
48,5,0,7,18,1814100,4837,0,0,382
49,5,0,7,18,1837440,4835,0,0,387
50,3,0,4,21,1860600,4820,0,0,390
51,7,0,8,17,1866360,4797,0,0,397
52,4,0,7,18,1892760,4803,0,0,401
53,8,0,9,16,1924440,4811,0,0,409
54,4,0,10,15,1935120,4801,0,0,413
55,10,0,11,14,1986480,4821,0,0,423
56,2,0,6,19,2011440,4800,0,0,425
57,14,0,13,12,2047140,4805,0,0,439
58,8,0,11,14,2081100,4773,0,0,447
59,6,0,7,18,2131080,4778,0,0,453
60,7,0,7,18,2162760,4774,0,0,460
61,15,0,15,10,2191320,4763,0,0,475
62,8,0,15,10,2230800,4766,0,0,483
63,9,0,18,7,2260680,4769,0,0,492
64,1,0,6,19,2353080,4831,0,0,493
65,5,0,4,21,2398380,4855,0,0,498
66,12,0,11,14,2409240,4828,0,0,510
67,6,0,8,17,2454180,4831,0,0,516
68,6,0,7,18,2483280,4821,0,0,522
69,4,0,5,20,2511720,4820,0,0,526
70,2,0,1,24,2537760,4815,0,0,528
71,7,0,6,19,2543280,4807,0,0,535
72,4,0,7,18,2552940,4798,0,0,539
73,5,0,5,20,2597100,4818,0,0,544
74,8,0,10,15,2600820,4798,0,0,552
75,7,0,8,17,2644920,4800,0,0,559
76,8,0,10,15,2675220,4802,0,0,567
77,6,0,11,14,2697420,4799,0,0,573
78,9,0,12,13,2737500,4802,0,0,582
79,7,0,13,12,2770440,4809,0,0,589
80,13,0,12,13,2828940,4794,0,0,602
81,9,0,12,13,2864040,4781,0,0,611
82,8,0,13,12,2892180,4772,0,0,619
83,8,0,11,14,2944740,4780,0,0,627
84,9,0,15,10,2971140,4784,0,0,636
85,10,0,13,12,3019140,4769,0,0,646
86,7,0,11,14,3065520,4774,0,0,653
87,6,0,6,19,3116940,4773,0,0,659
88,11,0,13,12,3136800,4774,0,0,670
89,8,0,14,11,3169620,4773,0,0,678
90,13,0,13,12,3234720,4770,0,0,691
91,9,0,12,13,3281340,4769,0,0,700
92,9,0,10,15,3325680,4757,0,0,709
93,3,0,5,20,3371880,4769,0,0,712
94,7,0,8,17,3398820,4780,0,0,719
95,3,0,9,16,3403260,4773,0,0,722
96,7,0,8,17,3452280,4788,0,0,729
97,6,0,10,15,3473340,4790,0,0,735
98,5,0,8,17,3500640,4782,0,0,740
99,6,0,9,16,3526440,4784,0,0,746
100,8,0,6,19,3577380,4782,0,0,754
101,9,0,10,15,3591120,4769,0,0,763
102,9,0,10,15,3633120,4767,0,0,772
103,7,0,9,16,3667920,4763,0,0,779
104,12,0,10,15,3720840,4764,0,0,791
105,9,0,13,12,3749100,4763,0,0,800
106,6,0,8,17,3803040,4765,0,0,806
107,2,0,6,19,3829020,4774,0,0,808
108,9,0,9,16,3860040,4777,0,0,817
109,8,0,12,13,3885660,4779,0,0,825
110,8,0,13,12,3925800,4787,0,0,833
111,15,0,17,8,3978060,4787,0,0,848
112,10,0,14,11,4029120,4773,0,0,858
113,8,0,12,13,4079880,4777,0,0,866
114,7,0,11,14,4121520,4781,0,0,873
115,7,0,11,14,4150680,4776,0,0,880
116,8,0,11,14,4189800,4777,0,0,888
117,5,0,8,17,4238880,4789,0,0,893
118,12,0,15,10,4269660,4797,0,0,905
119,6,0,11,14,4315560,4795,0,0,911
120,5,0,6,19,4371000,4803,0,0,916
121,2,0,4,21,4393740,4807,0,0,918
122,7,0,7,18,4415460,4809,0,0,925
123,8,0,12,13,4432440,4812,0,0,933
124,8,0,10,15,4481820,4813,0,0,941
125,3,0,4,21,4534440,4823,0,0,944
126,9,0,9,16,4550100,4820,0,0,953
127,10,0,12,13,4573500,4809,0,0,963
128,11,0,13,12,4611600,4798,0,0,974
129,12,0,18,7,4644660,4798,0,0,986
130,18,0,21,4,4718820,4800,0,0,1004
131,8,0,11,14,4801020,4796,0,0,1012
132,18,0,19,6,4848480,4795,0,0,1030
133,10,0,16,9,4903980,4789,0,0,1040
134,10,0,10,15,4969680,4778,0,0,1050
135,14,0,16,9,5004240,4775,0,0,1064
136,9,0,15,10,5039940,4763,0,0,1073
137,7,0,10,15,5104200,4770,0,0,1080
138,8,0,10,15,5139060,4767,0,0,1088
139,6,0,11,14,5156700,4761,0,0,1094
140,7,0,8,17,5215740,4771,0,0,1101
141,6,0,9,16,5238180,4770,0,0,1107
142,9,0,8,17,5282640,4767,0,0,1116
143,2,0,7,18,5299260,4769,0,0,1118
144,2,0,3,22,5328840,4770,0,0,1120
145,9,0,9,16,5343840,4771,0,0,1129
146,7,0,9,16,5371020,4765,0,0,1136
147,3,0,6,19,5403300,4769,0,0,1139
148,8,0,9,16,5430300,4771,0,0,1147
149,8,0,9,16,5450940,4756,0,0,1155
150,7,0,10,15,5479020,4756,0,0,1162
151,12,0,14,11,5524800,4762,0,0,1174
152,8,0,13,12,5570280,4764,0,0,1182
153,7,0,11,14,5617800,4768,0,0,1189
154,6,0,4,21,5674380,4764,0,0,1195
155,11,0,9,16,5697840,4760,0,0,1206
156,11,0,15,10,5721720,4760,0,0,1217
157,14,0,20,5,5772180,4766,0,0,1231
158,10,0,14,11,5843340,4762,0,0,1241
159,9,0,12,13,5903400,4768,0,0,1250
160,10,0,14,11,5945880,4771,0,0,1260
161,11,0,13,12,6009600,4777,0,0,1271
162,3,0,7,18,6054180,4778,0,0,1274
163,10,0,8,17,6089760,4772,0,0,1284
164,6,0,5,20,6128340,4769,0,0,1290
165,6,0,8,17,6142200,4768,0,0,1296
166,6,0,7,18,6161280,4757,0,0,1302
167,7,0,11,14,6169800,4753,0,0,1309
168,4,0,6,19,6208860,4750,0,0,1313
169,5,0,5,20,6239460,4752,0,0,1318
170,10,0,11,14,6249480,4745,0,0,1328
171,4,0,8,17,6279480,4742,0,0,1332
172,1,0,2,23,6319500,4747,0,0,1333
173,6,0,8,17,6319500,4747,0,0,1339
174,5,0,6,19,6349620,4745,0,0,1344
175,5,0,6,19,6373800,4745,0,0,1349
176,4,0,6,19,6390120,4743,0,0,1353
177,3,0,5,20,6408240,4743,0,0,1356
178,12,0,10,15,6439620,4741,0,0,1368
179,8,0,15,10,6456240,4743,0,0,1376
180,8,0,11,14,6500400,4734,0,0,1384
181,8,0,13,12,6534660,4738,0,0,1392
182,16,0,17,8,6591240,4738,0,0,1408
183,13,0,22,3,6622140,4733,0,0,1421
184,6,0,9,16,6721080,4739,0,0,1427
185,13,0,13,12,6760140,4737,0,0,1440
186,6,0,8,17,6811260,4736,0,0,1446
187,9,0,13,12,6826260,4733,0,0,1455
188,2,0,6,19,6876720,4739,0,0,1457
189,6,0,9,16,6898320,4744,0,0,1463
190,8,0,11,14,6926100,4743,0,0,1471
191,8,0,11,14,6968340,4746,0,0,1479
192,4,0,9,16,7002180,4750,0,0,1483
193,12,0,10,15,7051500,4748,0,0,1495
194,5,0,9,16,7080240,4748,0,0,1500
195,8,0,9,16,7120020,4749,0,0,1508
196,3,0,6,19,7158300,4756,0,0,1511
197,8,0,9,16,7183620,4757,0,0,1519
198,7,0,12,13,7201140,4756,0,0,1526
199,4,0,9,16,7237080,4758,0,0,1530
200,8,0,10,15,7266840,4755,0,0,1538
201,6,0,9,16,7305180,4759,0,0,1544
202,7,0,8,17,7352040,4764,0,0,1551
203,9,0,9,16,7388220,4763,0,0,1560
204,7,0,13,12,7396500,4759,0,0,1567
205,18,0,21,4,7444320,4759,0,0,1585
206,10,0,18,7,7506000,4759,0,0,1595
207,13,0,18,7,7562820,4756,0,0,1608
208,8,0,11,14,7640220,4760,0,0,1616
209,12,0,15,10,7676280,4759,0,0,1628
210,8,0,14,11,7729140,4765,0,0,1636
211,7,0,11,14,7786080,4770,0,0,1643
212,0,0,5,20,7817220,4772,0,0,1643
213,5,0,5,20,7853040,4779,0,0,1648
214,6,0,6,19,7869480,4775,0,0,1654
215,4,0,6,19,7890900,4776,0,0,1658
216,7,0,8,17,7905060,4770,0,0,1665
217,7,0,11,14,7927740,4772,0,0,1672
218,4,0,7,18,7970340,4775,0,0,1676
219,2,0,4,21,7998000,4777,0,0,1678
220,5,0,4,21,8021460,4777,0,0,1683
221,3,0,6,19,8025480,4777,0,0,1686
222,16,0,16,9,8054100,4777,0,0,1702
223,8,0,10,15,8116500,4774,0,0,1710
224,8,0,11,14,8153040,4776,0,0,1718
225,14,0,18,7,8192940,4780,0,0,1732
226,10,0,17,8,8242740,4778,0,0,1742
227,15,0,15,10,8319000,4775,0,0,1757
228,14,0,21,4,8349720,4771,0,0,1771
229,14,0,21,4,8419440,4772,0,0,1785
230,7,0,11,14,8496240,4770,0,0,1792
231,7,0,9,16,8542680,4772,0,0,1799
232,9,0,10,15,8574060,4768,0,0,1808
233,7,0,13,12,8593800,4769,0,0,1815
234,6,0,10,15,8643960,4773,0,0,1821
235,5,0,7,18,8687760,4776,0,0,1826
236,7,0,7,18,8708760,4769,0,0,1833
237,10,0,11,14,8736360,4768,0,0,1843
238,11,0,11,14,8773200,4760,0,0,1854
239,9,0,13,12,8808420,4761,0,0,1863
240,8,0,12,13,8862480,4767,0,0,1871
241,3,0,5,20,8907300,4765,0,0,1874
242,5,0,6,19,8928660,4767,0,0,1879
243,2,0,4,21,8949780,4768,0,0,1881
244,8,0,5,20,8978040,4765,0,0,1889
245,3,0,6,19,8981520,4762,0,0,1892
246,4,0,7,18,8996880,4762,0,0,1896
247,6,0,8,17,9022320,4763,0,0,1902
248,14,0,13,12,9042420,4751,0,0,1916
249,5,0,11,14,9078300,4753,0,0,1921
250,13,0,13,12,9127980,4751,0,0,1934
251,8,0,11,14,9179340,4753,0,0,1942
252,8,0,11,14,9215100,4752,0,0,1950
253,12,0,12,13,9270660,4754,0,0,1962
254,9,0,14,11,9306420,4755,0,0,1971
255,20,0,24,1,9357000,4756,300,0,1991
256,16,3,25,0,9415380,4757,5460,2,2007
257,8,0,14,11,9524940,4760,11100,5,2015
258,4,0,5,20,9589680,4761,11100,5,2019
259,8,0,8,17,9606420,4758,11100,5,2027
260,14,0,19,6,9625020,4760,11100,5,2041
261,8,0,15,10,9675660,4756,11100,5,2049
262,8,0,10,15,9751440,4763,11100,5,2057
263,6,0,8,17,9786900,4762,11100,5,2063
264,5,0,5,20,9821100,4760,11100,5,2068
265,11,0,11,14,9843600,4759,11100,5,2079
266,7,0,10,15,9873720,4756,11100,5,2086
267,6,0,7,18,9918780,4757,11100,5,2092
268,7,0,7,18,9950280,4756,11100,5,2099
269,10,0,12,13,9968940,4753,11100,5,2109
270,6,0,7,18,10024800,4755,11100,5,2115
271,7,0,10,15,10042800,4755,11100,5,2122
272,7,0,10,15,10072680,4753,11100,5,2129
273,2,0,3,22,10114740,4753,11100,5,2131
274,10,0,11,14,10127340,4754,11100,5,2141
275,8,0,12,13,10145100,4747,11100,5,2149
276,12,0,13,12,10194300,4745,11100,5,2161
277,11,0,17,8,10228680,4746,11100,5,2172
278,7,0,11,14,10294800,4748,11100,5,2179
279,8,0,9,16,10346880,4750,11100,5,2187
280,5,0,9,16,10364880,4747,11100,5,2192
281,13,0,13,12,10406280,4747,11100,5,2205
282,3,0,9,16,10436220,4745,11100,5,2208
283,8,0,8,17,10476480,4744,11100,5,2216
284,10,0,13,12,10508220,4748,11100,4,2226
285,4,0,6,19,10562580,4749,11100,4,2230
286,9,0,10,15,10583460,4748,11100,4,2239
287,6,0,8,17,10616400,4745,11100,4,2245
288,4,0,5,20,10639620,4741,11100,4,2249
289,6,0,6,19,10663920,4741,11100,4,2255
290,9,0,9,16,10680600,4736,11100,4,2264
291,5,0,8,17,10704720,4734,11100,4,2269
292,4,0,5,20,10744440,4737,11100,4,2273
293,9,0,10,15,10763460,4737,11100,4,2282
294,10,0,15,10,10790460,4738,11100,4,2292
295,8,0,12,13,10839120,4737,11100,4,2300
296,5,0,8,17,10882560,4737,11100,4,2305
297,13,0,15,10,10912740,4738,11100,4,2318
298,13,0,18,7,10955760,4736,11100,4,2331
299,14,0,23,2,11011980,4742,11100,4,2345
300,13,0,16,9,11102220,4740,11100,4,2358
301,12,0,16,9,11162880,4742,11100,4,2370
302,6,0,12,13,11202420,4738,11100,4,2376
303,11,0,13,12,11258100,4742,11100,4,2387
304,14,0,19,6,11293800,4741,11100,4,2401
305,12,0,19,6,11348460,4740,11100,4,2413
306,6,0,13,12,11422200,4747,11100,4,2419
307,7,0,9,16,11488020,4753,11100,4,2426
308,6,0,9,16,11509080,4749,11100,4,2432
309,5,0,8,17,11538420,4750,11100,4,2437
310,12,0,12,13,11569740,4747,11100,4,2449
311,8,0,12,13,11610480,4748,11100,4,2457
312,9,0,9,16,11662320,4746,11100,4,2466
313,4,0,7,18,11688120,4745,11100,4,2470
314,9,0,8,17,11718780,4742,11100,4,2479
315,3,0,5,20,11735760,4737,11100,4,2482
316,6,0,6,19,11753760,4735,11100,4,2488
317,5,0,8,17,11770320,4736,11100,4,2493
318,5,0,8,17,11789940,4734,11100,4,2498
319,8,0,9,16,11819820,4733,11100,4,2506
320,9,0,11,14,11859360,4736,11100,4,2515
321,8,0,8,17,11898780,4731,11100,4,2523
322,10,0,13,12,11927100,4732,11100,4,2533
323,9,0,15,10,11956380,4731,11100,4,2542
324,7,0,7,18,12029940,4732,11100,4,2549
325,9,0,13,12,12042900,4731,11100,4,2558
326,10,0,12,13,12101580,4734,11100,4,2568
327,12,0,16,9,12122820,4728,11100,4,2580
328,9,0,7,18,12204780,4726,11100,4,2589
329,10,0,9,16,12233760,4723,11100,4,2599
330,8,0,12,13,12259020,4724,11100,4,2607
331,9,0,14,11,12291660,4723,11100,4,2616
332,2,0,5,20,12350160,4726,11100,4,2618
333,6,0,5,20,12374280,4724,11100,4,2624
334,5,0,6,19,12393720,4725,11100,4,2629
335,10,0,11,14,12411840,4722,11100,4,2639
336,4,0,7,18,12448680,4722,11100,4,2643
337,2,0,4,21,12476100,4724,11100,4,2645
338,7,0,10,15,12481740,4724,11100,4,2652
339,5,0,11,14,12506040,4726,11100,4,2657
340,8,0,10,15,12551580,4727,11100,4,2665
341,6,0,4,21,12605100,4726,11100,4,2671
342,9,0,12,13,12610380,4726,11100,4,2680
343,4,0,6,19,12650100,4723,11100,4,2684
344,7,0,10,15,12668760,4725,11100,4,2691
345,11,0,13,12,12702420,4723,11100,4,2702
346,11,0,13,12,12751920,4722,11100,4,2713
347,11,0,16,9,12786300,4721,11100,4,2724
348,11,0,17,8,12833820,4721,11100,4,2735
349,11,0,13,12,12908760,4723,11100,4,2746
350,11,0,16,9,12954720,4726,11100,4,2757
351,13,0,19,6,13005180,4727,11100,4,2770
352,8,0,15,10,13066200,4728,11100,3,2778
353,6,0,12,13,13113660,4730,11100,3,2784
354,11,0,14,11,13164360,4733,11100,3,2795
355,9,0,11,14,13218240,4732,11100,3,2804
356,6,0,8,17,13253940,4730,11100,3,2810
357,8,0,12,13,13280280,4732,11100,3,2818
358,6,0,11,14,13317060,4734,11100,3,2824
359,5,0,7,18,13360260,4734,11100,3,2829
360,11,0,9,16,13404480,4734,11100,3,2840
361,7,0,11,14,13426980,4734,11100,3,2847
362,7,0,10,15,13464600,4734,11100,3,2854
363,4,0,7,18,13501740,4735,11100,3,2858
364,7,0,9,16,13534680,4739,11100,3,2865
365,4,0,8,17,13563420,4740,11100,3,2869
366,8,0,8,17,13598940,4739,11100,3,2877
367,5,0,9,16,13611540,4737,11100,3,2882
368,6,0,7,18,13650840,4738,11100,3,2888
369,7,0,9,16,13678020,4739,11100,3,2895
370,14,0,12,13,13721700,4736,11100,3,2909
371,3,0,6,19,13754700,4733,11100,3,2912
372,9,0,10,15,13789080,4736,11100,3,2921
373,15,0,17,8,13820880,4734,11100,3,2936
374,9,0,14,11,13865520,4730,11100,3,2945
375,15,0,17,8,13921980,4730,11100,3,2960
376,9,0,16,9,13976040,4732,11100,3,2969
377,9,0,11,14,14037780,4731,11100,3,2978
378,9,0,10,15,14085000,4731,11100,3,2987
379,14,0,15,10,14122560,4729,11100,3,3001
380,4,0,8,17,14170920,4728,11100,3,3005
381,8,0,8,17,14207400,4727,11100,3,3013
382,11,0,14,11,14232060,4728,11100,3,3024
383,3,0,5,20,14295120,4730,11100,3,3027
384,7,0,9,16,14309160,4730,11100,3,3034
385,6,0,6,19,14348580,4729,11100,3,3040
386,5,0,8,17,14361840,4728,11100,3,3045
387,5,0,9,16,14383140,4729,11100,3,3050
388,4,0,7,18,14413380,4730,11100,3,3054
389,1,0,3,22,14440200,4731,11100,3,3055
390,5,0,4,21,14458260,4731,11100,3,3060
391,11,0,12,13,14467800,4729,11100,3,3071
392,7,0,12,13,14501880,4729,11100,3,3078
393,11,0,17,8,14542620,4733,11100,3,3089
394,14,0,13,12,14623320,4732,11100,3,3103
395,13,0,16,9,14656380,4727,11100,3,3116
396,12,0,15,10,14725740,4730,11100,3,3128
397,14,0,18,7,14773080,4728,11100,3,3142
398,11,0,19,6,14828640,4731,11100,3,3153
399,8,0,13,12,14902200,4733,11100,3,3161
400,8,0,13,12,14953080,4737,11100,3,3169
401,10,0,12,13,15003900,4737,11100,3,3179
402,5,0,10,15,15039540,4738,11100,3,3184
403,10,0,12,13,15083280,4740,11100,3,3194
404,5,0,7,18,15138420,4742,11100,3,3199
405,7,0,10,15,15159540,4743,11100,3,3206
406,0,0,2,23,15206520,4746,11100,3,3206
407,1,0,1,24,15217800,4746,11100,3,3207
408,4,0,4,21,15218340,4745,11100,3,3211
409,6,0,7,18,15224460,4742,11100,3,3217
410,4,0,4,21,15251880,4741,11100,3,3221
411,5,0,6,19,15267660,4741,11100,3,3226
412,4,0,6,19,15286440,4741,11100,3,3230
413,6,0,6,19,15307260,4739,11100,3,3236
414,7,0,9,16,15323160,4738,11100,3,3243
415,7,0,7,18,15353280,4734,11100,3,3250
416,5,0,5,20,15387840,4734,11100,3,3255
417,12,0,12,13,15400200,4731,11100,3,3267
418,9,0,12,13,15432120,4727,11100,3,3276
419,10,0,16,9,15466500,4729,11100,3,3286
420,16,0,18,7,15519780,4725,11100,3,3302
421,13,0,17,8,15585000,4725,11100,3,3315
422,6,0,12,13,15635820,4725,11100,3,3321
423,5,0,7,18,15685260,4725,11100,3,3326
424,9,0,10,15,15715260,4726,11100,3,3335
425,4,0,8,17,15739260,4725,11100,3,3339
426,8,0,9,16,15779460,4727,11100,3,3347
427,10,0,10,15,15813060,4724,11100,3,3357
428,4,0,9,16,15833400,4723,11100,3,3361
429,5,0,7,18,15870300,4724,11100,3,3366
430,5,0,10,15,15885420,4726,11100,3,3371
431,4,0,6,19,15920820,4725,11100,3,3375
432,7,0,10,15,15942180,4727,11100,3,3382
433,6,0,9,16,15976020,4728,11100,3,3388
434,7,0,6,19,16025640,4728,11100,3,3395
435,3,0,7,18,16033620,4728,11100,3,3398
436,3,0,2,23,16074360,4729,11100,3,3401
437,7,0,7,18,16084260,4729,11100,3,3408
438,2,0,5,20,16101000,4728,11100,3,3410
439,12,0,11,14,16130340,4728,11100,3,3422
440,7,0,12,13,16156020,4728,11100,3,3429
441,6,0,7,18,16209360,4728,11100,3,3435
442,6,0,5,20,16242840,4727,11100,3,3441
443,3,0,5,20,16260720,4728,11100,3,3444
444,11,0,10,15,16285860,4727,11100,3,3455
445,6,0,11,14,16306920,4726,11100,3,3461
446,13,0,16,9,16346760,4727,11100,3,3474
447,7,0,12,13,16395000,4726,11100,3,3481
448,7,0,9,16,16450440,4728,11100,3,3488
449,11,0,14,11,16476780,4727,11100,3,3499
450,8,0,13,12,16524480,4729,11100,3,3507
451,8,0,13,12,16566480,4730,11100,3,3515
452,9,0,10,15,16630500,4732,11100,3,3524
453,7,0,10,15,16659300,4731,11100,3,3531
454,4,0,7,18,16692840,4731,11100,3,3535
455,5,0,7,18,16728900,4735,11100,3,3540
456,10,0,13,12,16747260,4734,11100,3,3550
457,3,0,9,16,16775940,4733,11100,3,3553
458,5,0,7,18,16819020,4736,11100,3,3558
459,2,0,5,20,16843740,4738,11100,3,3560
460,5,0,7,18,16864020,4739,11100,3,3565
461,8,0,11,14,16880040,4738,11100,3,3573
462,7,0,9,16,16923420,4739,11100,3,3580
463,10,0,13,12,16943700,4736,11100,3,3590
464,6,0,12,13,16983240,4738,11100,3,3596
465,10,0,13,12,17032980,4740,11100,3,3606
466,14,0,16,9,17081880,4739,11100,3,3620
467,14,0,17,8,17138460,4738,11100,3,3634
468,6,0,13,12,17186640,4738,11100,3,3640
469,10,0,13,12,17238900,4739,11100,3,3650
470,7,0,13,12,17274000,4740,11100,3,3657
471,11,0,13,12,17329980,4741,11100,3,3668
472,8,0,11,14,17363940,4737,11100,3,3676
473,7,0,11,14,17392680,4736,11100,3,3683
474,9,0,9,16,17451240,4738,11100,3,3692
475,9,0,14,11,17471580,4738,11100,2,3701
476,8,0,8,17,17526060,4735,11100,2,3709
477,3,0,6,19,17539380,4732,11100,2,3712
478,3,0,4,21,17577960,4736,11100,2,3715
479,5,0,7,18,17585280,4736,11100,2,3720
480,3,0,5,20,17608380,4735,11100,2,3723
481,7,0,8,17,17621820,4734,11100,2,3730
482,4,0,4,21,17656620,4733,11100,2,3734
483,6,0,9,16,17662140,4733,11100,2,3740
484,9,0,12,13,17687160,4732,11100,2,3749
485,6,0,8,17,17735100,4733,11100,2,3755
486,7,0,10,15,17757840,4732,11100,2,3762
487,6,0,10,15,17790780,4734,11100,2,3768
488,8,0,12,13,17829480,4736,11100,2,3776
489,12,0,16,9,17868420,4737,11100,2,3788
490,8,0,14,11,17910360,4735,11100,2,3796
491,6,0,6,19,17981460,4736,11100,2,3802
492,6,0,7,18,18007620,4737,11100,2,3808
493,11,0,15,10,18023160,4737,11100,2,3819
494,10,0,14,11,18063420,4734,11100,2,3829
495,5,0,8,17,18121320,4736,11100,2,3834
496,16,0,18,7,18153060,4737,11100,2,3850
497,7,0,15,10,18201900,4737,11100,2,3857
498,7,0,10,15,18261480,4738,11100,2,3864
499,6,0,8,17,18302580,4739,11100,2,3870
500,8,0,9,16,18338400,4739,11100,2,3878
501,4,0,6,19,18378360,4741,11100,2,3882
502,5,0,7,18,18400140,4742,11100,2,3887
503,6,0,9,16,18423840,4743,11100,2,3893
504,5,0,8,17,18462660,4746,11100,2,3898
505,7,0,11,14,18486600,4747,11100,2,3905
506,2,0,4,21,18524160,4746,11100,2,3907
507,1,0,0,25,18551220,4746,11100,2,3908
508,7,0,5,20,18555420,4745,11100,2,3915
509,8,0,13,12,18555420,4745,11100,2,3923
510,11,0,11,14,18612660,4744,11100,2,3934
511,6,0,13,12,18635940,4745,11100,2,3940
512,17,0,20,5,18687720,4746,11100,2,3957
513,10,0,13,12,18754320,4743,11100,2,3967
514,9,0,12,13,18794880,4741,11100,2,3976
515,6,0,11,14,18838800,4744,11100,2,3982
516,11,0,11,14,18897180,4745,11100,2,3993
517,13,0,14,11,18931440,4742,11100,2,4006
518,9,0,14,11,18976200,4742,11100,2,4015
519,13,0,18,7,19016880,4742,11100,2,4028
520,6,0,14,11,19071000,4744,11100,2,4034
521,6,0,8,17,19140960,4747,11100,2,4040
522,4,0,8,17,19163040,4748,11100,2,4044
523,7,0,6,19,19195080,4745,11100,2,4051
524,14,0,12,13,19228140,4744,11100,2,4065
525,9,0,13,12,19261860,4743,11100,2,4074
526,8,0,15,10,19295760,4744,11100,2,4082
527,7,0,12,13,19356540,4747,11100,2,4089
528,5,0,10,15,19403820,4751,11100,2,4094
529,4,0,8,17,19438020,4752,11100,2,4098
530,6,0,11,14,19453440,4752,11100,2,4104
531,4,0,5,20,19508700,4754,11100,2,4108
532,5,0,7,18,19521300,4754,11100,2,4113
533,7,0,8,17,19548780,4754,11100,2,4120
534,8,0,8,17,19581060,4752,11100,2,4128
535,6,0,9,16,19605060,4752,11100,2,4134
536,10,0,11,14,19648200,4753,11100,2,4144
537,3,0,9,16,19676880,4755,11100,2,4147
538,13,0,11,14,19720500,4753,11100,2,4160
539,9,0,11,14,19752660,4750,11100,2,4169
540,9,0,11,14,19801560,4751,11100,2,4178
541,10,0,15,10,19832280,4752,11100,2,4188
542,13,0,17,8,19888620,4753,11100,2,4201
543,9,0,12,13,19954320,4753,11100,2,4210
544,8,0,11,14,19999980,4753,11100,2,4218
545,12,0,16,9,20040060,4755,11100,2,4230
546,10,0,16,9,20090880,4756,11100,2,4240
547,7,0,13,12,20146680,4758,11100,2,4247
548,2,0,3,22,20210880,4759,11100,2,4249
549,8,0,8,17,20223660,4759,11100,2,4257
550,8,0,10,15,20244360,4757,11100,2,4265
551,9,0,11,14,20292000,4760,11100,2,4274
552,4,0,7,18,20328240,4759,11100,2,4278
553,8,0,10,15,20350920,4759,11100,2,4286
554,7,0,9,16,20377320,4756,11100,2,4293
555,9,0,9,16,20410080,4754,11100,2,4302
556,9,0,14,11,20425380,4753,11100,2,4311
557,2,0,6,19,20473320,4753,11100,2,4313
558,6,0,7,18,20501580,4754,11100,2,4319
559,9,0,9,16,20530740,4753,11100,2,4328
560,10,0,13,12,20550540,4751,11100,2,4338
561,7,0,14,11,20588220,4753,11100,2,4345
562,9,0,10,15,20655600,4754,11100,2,4354
563,9,0,10,15,20696040,4754,11100,2,4363
564,8,0,12,13,20721300,4753,11100,2,4371
565,7,0,11,14,20758620,4753,11100,2,4378
566,11,0,14,11,20804040,4755,11100,2,4389
567,12,0,16,9,20848380,4754,11100,2,4401
568,9,0,14,11,20903160,4755,11100,2,4410
569,7,0,11,14,20956860,4756,11100,2,4417
570,4,0,5,20,21005040,4756,11100,2,4421
571,11,0,13,12,21021540,4757,11100,2,4432
572,5,0,9,16,21066000,4757,11100,2,4437
573,4,0,7,18,21096780,4757,11100,2,4441
574,3,0,5,20,21125340,4759,11100,2,4444
575,4,0,5,20,21151380,4760,11100,2,4448
576,6,0,8,17,21165840,4760,11100,2,4454
577,7,0,7,18,21200940,4759,11100,2,4461
578,3,0,6,19,21220740,4760,11100,2,4464
579,10,0,9,16,21249480,4759,11100,2,4474
580,4,0,9,16,21269400,4759,11100,2,4478
581,7,0,10,15,21305880,4761,11100,2,4485
582,3,0,5,20,21336480,4759,11100,2,4488
583,11,0,12,13,21354960,4759,11100,2,4499
584,6,0,11,14,21385020,4758,11100,2,4505
585,13,0,14,11,21441480,4760,11100,2,4518
586,4,0,8,17,21483240,4759,11100,2,4522
587,14,0,13,12,21521940,4758,11100,2,4536
588,9,0,11,14,21553140,4753,11100,2,4545
589,11,0,17,8,21577380,4753,11100,2,4556
590,10,0,17,8,21625560,4753,11100,2,4566
591,7,0,12,13,21685140,4754,11100,2,4573
592,9,0,11,14,21750660,4758,11100,2,4582
593,4,0,9,16,21783120,4759,11100,2,4586
594,13,0,12,13,21825240,4758,11100,2,4599
595,12,0,13,12,21870600,4756,11100,2,4611
596,10,0,13,12,21922500,4757,11100,2,4621
597,1,0,3,22,21973680,4757,11100,2,4622
598,7,0,8,17,21985140,4757,11100,2,4629
599,9,0,13,12,22000200,4756,11100,2,4638
600,6,0,11,14,22036920,4756,11100,2,4644
601,6,0,7,18,22091940,4758,11100,2,4650
602,7,0,8,17,22115760,4757,11100,2,4657
603,7,0,10,15,22141260,4757,11100,2,4664
604,5,0,9,16,22175400,4758,11100,2,4669
605,5,0,6,19,22220520,4760,11100,2,4674
606,7,0,9,16,22243980,4761,11100,2,4681
607,6,0,7,18,22285320,4761,11100,2,4687
608,17,0,16,9,22304340,4757,11100,2,4704
609,11,0,14,11,22355880,4755,11100,2,4715
610,10,0,12,13,22408920,4754,11100,2,4725
611,11,0,15,10,22441680,4753,11100,2,4736
612,11,0,11,14,22511460,4753,11100,2,4747
613,5,0,9,16,22543080,4752,11100,2,4752
614,10,0,12,13,22579080,4753,11100,2,4762
615,9,0,13,12,22620420,4754,11100,2,4771
616,13,0,15,10,22664760,4752,11100,2,4784
617,12,0,14,11,22723800,4751,11100,2,4796
618,7,0,10,15,22786020,4754,11100,2,4803
619,7,0,9,16,22821720,4753,11100,2,4810
620,14,0,14,11,22860000,4752,11100,2,4824
621,7,0,14,11,22893600,4752,11100,2,4831
622,6,0,10,15,22939500,4752,11100,2,4837
623,4,0,7,18,22978860,4753,11100,2,4841
624,6,0,5,20,23021640,4754,11100,2,4847
625,1,0,4,21,23031780,4754,11100,2,4848
626,5,0,4,21,23053860,4754,11100,2,4853
627,4,0,6,19,23058300,4753,11100,2,4857
628,5,0,5,20,23082900,4752,11100,2,4862
629,3,0,4,21,23101080,4752,11100,2,4865
630,11,0,12,13,23109000,4751,11100,2,4876
631,9,0,15,10,23135760,4750,11100,2,4885
632,6,0,9,16,23200140,4752,11100,2,4891
633,9,0,10,15,23236980,4751,11100,2,4900
634,10,0,13,12,23267640,4751,11100,2,4910
635,10,0,11,14,23325660,4751,11100,2,4920
636,11,0,15,10,23357100,4751,11100,2,4931
637,14,0,17,8,23412000,4750,11100,2,4945
638,10,0,13,12,23472840,4749,11100,2,4955
639,8,0,10,15,23531460,4750,11100,2,4963
640,15,0,17,8,23571300,4751,11100,2,4978
641,7,0,19,6,23591040,4750,11100,2,4985
642,10,0,12,13,23677320,4751,11100,2,4995
643,13,0,16,9,23722980,4752,11100,2,5008
644,5,0,5,20,23797860,4751,11100,2,5013
645,11,0,9,16,23825460,4750,11100,2,5024
646,4,0,7,18,23850900,4750,11100,2,5028
647,6,0,8,17,23879700,4751,11100,2,5034
648,7,0,10,15,23900760,4750,11100,2,5041
649,3,0,5,20,23940420,4751,11100,2,5044
650,8,0,7,18,23960100,4749,11100,2,5052
651,6,0,9,16,23972100,4747,11100,2,5058
652,6,0,10,15,24006000,4749,11100,2,5064
653,5,0,8,17,24034800,4749,11100,2,5069
654,4,0,7,18,24062220,4749,11100,2,5073
655,8,0,12,13,24076680,4749,11100,2,5081
656,8,0,14,11,24111900,4751,11100,2,5089
657,8,0,10,15,24161280,4749,11100,2,5097
658,8,0,7,18,24201180,4747,11100,2,5105
659,10,0,12,13,24216720,4745,11100,2,5115
660,11,0,13,12,24256680,4744,11100,2,5126
661,12,0,15,10,24289260,4741,11100,2,5138
662,10,0,15,10,24343200,4742,11100,2,5148
663,14,0,16,9,24415560,4744,11100,2,5162
664,9,0,15,10,24461520,4744,11100,2,5171
665,10,0,12,13,24530220,4745,11100,2,5181
666,8,0,8,17,24575460,4743,11100,2,5189
667,7,0,11,14,24593100,4743,11100,2,5196
668,8,0,11,14,24641340,4745,11100,2,5204
669,6,0,11,14,24676380,4746,11100,2,5210
670,7,0,10,15,24719940,4747,11100,2,5217
671,8,0,9,16,24765060,4747,11100,2,5225
672,5,0,8,17,24786060,4746,11100,2,5230
673,2,0,10,15,24786060,4746,11100,2,5232
674,3,0,10,15,24800700,4746,11100,2,5235
675,5,0,11,14,24814320,4745,11100,2,5240
676,9,0,15,10,24825720,4743,11100,2,5249
677,4,0,15,10,24850080,4744,11100,2,5253
678,15,0,24,1,24885480,4745,11100,2,5268
679,9,0,18,7,24944400,4743,11340,2,5277
680,7,0,16,9,24980160,4741,11340,2,5284
681,10,0,18,7,25012200,4740,11340,2,5294
682,8,0,16,9,25063860,4741,11340,2,5302
683,7,0,18,7,25085640,4741,11340,2,5309
684,7,0,19,6,25112640,4740,11340,2,5316
685,6,0,12,13,25177500,4741,11340,2,5322
686,9,0,19,6,25186080,4741,11340,2,5331
687,8,0,15,10,25229340,4738,11340,2,5339
688,8,0,15,10,25262520,4737,11340,2,5347
689,10,0,21,4,25280160,4737,11340,2,5357
690,7,0,15,10,25339140,4737,11340,2,5364
691,12,0,19,6,25375320,4736,11340,2,5376
692,5,0,14,11,25426140,4737,11340,2,5381
693,6,0,16,9,25444800,4737,11340,2,5387
694,3,0,10,15,25500240,4739,11340,2,5390
695,11,0,19,6,25510740,4740,11340,2,5401
696,7,0,16,9,25547880,4738,11340,2,5408
697,4,0,13,12,25581120,4738,11340,2,5412
698,8,0,17,8,25598880,4737,11340,2,5420
699,12,0,23,2,25624440,4737,11340,2,5432
700,4,0,13,12,25695780,4738,11340,2,5436
701,2,0,10,15,25719960,4738,11340,2,5438
702,6,0,13,12,25739820,4739,11340,2,5444
703,4,0,14,11,25750620,4738,11340,2,5448
704,11,0,19,6,25777740,4738,11340,2,5459
705,12,0,21,4,25815420,4736,11340,2,5471
706,10,0,19,6,25875360,4737,11340,2,5481
707,14,2,25,0,25903680,4737,11340,2,5495
708,7,0,25,0,25949280,4737,15960,2,5502
709,9,0,19,6,26031840,4739,16500,2,5511
710,17,1,25,0,26070840,4738,18480,3,5528
711,8,0,19,6,26151840,4740,19620,3,5536
712,13,0,20,5,26207220,4739,19620,3,5549
713,9,0,20,5,26243460,4738,19620,3,5558
714,11,0,18,7,26298960,4737,19620,3,5569
715,9,0,21,4,26321340,4736,19620,3,5578
716,4,0,15,10,26375280,4737,19620,3,5582
717,9,0,17,8,26410260,4738,19620,3,5591
718,5,0,13,12,26455740,4738,19620,3,5596
719,4,0,12,13,26476380,4738,19620,3,5600
720,4,0,14,11,26484360,4737,19620,3,5604
721,2,0,11,14,26505720,4737,19620,3,5606
722,4,0,13,12,26517900,4737,19620,3,5610
723,6,0,15,10,26536680,4737,19620,3,5616
724,9,0,21,4,26553000,4738,19620,3,5625
725,7,0,18,7,26602140,4738,19620,3,5632
726,10,0,18,7,26643780,4737,19620,3,5642
727,7,0,17,8,26677920,4736,19620,3,5649
728,4,0,13,12,26713440,4736,19620,3,5653
729,8,0,17,8,26731380,4736,19620,3,5661
730,5,0,14,11,26763360,4735,19620,3,5666
731,12,0,18,7,26786760,4732,19620,3,5678
732,11,0,22,3,26820840,4732,19620,3,5689
733,11,0,21,4,26872140,4731,19620,3,5700
734,16,2,25,0,26911620,4730,19620,3,5716
735,12,1,25,0,26971560,4730,25140,4,5728
736,6,0,17,8,27047400,4731,25260,4,5734
737,13,0,20,5,27088860,4730,25260,4,5747
738,10,0,20,5,27142500,4731,25260,4,5757
739,10,0,19,6,27197940,4731,27660,4,5767
740,7,0,18,7,27235800,4731,27660,4,5774
741,5,0,13,12,27288480,4732,27660,4,5779
742,9,0,20,5,27298920,4732,27660,4,5788
743,7,0,18,7,27343260,4733,27660,4,5795
744,7,0,15,10,27389640,4732,27660,4,5802
745,11,0,21,4,27412080,4732,27660,4,5813
746,7,0,18,7,27455400,4732,27660,4,5820
747,6,0,14,11,27508500,4733,27660,4,5826
748,5,0,14,11,27531420,4732,27660,4,5831
749,8,0,14,11,27561360,4731,27660,4,5839
750,7,0,16,9,27588840,4732,27660,4,5846
751,12,0,22,3,27615000,4731,27660,4,5858
752,12,0,25,0,27656880,4731,27660,4,5870
753,6,0,20,5,27714060,4732,27660,4,5876
754,18,0,23,2,27777300,4731,27660,4,5894
755,12,0,23,2,27824040,4729,30420,5,5906
756,11,0,17,8,27892800,4727,30420,5,5917
757,6,0,13,12,27934860,4726,30420,5,5923
758,5,0,11,14,27965100,4726,30420,5,5928
759,9,0,16,9,27976980,4725,30420,5,5937
760,9,0,21,4,27991020,4724,30420,5,5946
761,17,3,25,0,28029180,4722,30420,5,5963
762,8,1,25,0,28092480,4725,37500,6,5971
763,11,0,18,7,28192200,4727,39120,6,5982
764,4,0,15,10,28225980,4727,39120,6,5986
765,6,0,14,11,28267020,4728,39120,6,5992
766,7,0,16,9,28291080,4728,39120,6,5999
767,9,0,21,4,28310160,4728,39120,6,6008
768,2,0,14,11,28360860,4729,39120,6,6010
769,8,0,15,10,28391160,4729,39120,6,6018
770,5,0,17,8,28407420,4729,39120,6,6023
771,6,0,15,10,28446540,4730,39120,6,6029
772,5,0,15,10,28472100,4730,39120,6,6034
773,4,0,14,11,28501140,4731,39120,6,6038
774,7,0,18,7,28520640,4732,39120,6,6045
775,6,0,14,11,28564320,4731,39120,6,6051
776,4,0,13,12,28595400,4732,39120,6,6055
777,14,0,23,2,28614660,4732,39120,6,6069
778,14,5,25,0,28647360,4732,41100,6,6083
779,13,3,25,0,28725300,4733,51840,8,6096
780,11,0,24,1,28802220,4734,67920,11,6107
781,6,0,16,9,28848840,4731,67920,11,6113
782,16,0,25,0,28875360,4730,67920,11,6129
783,15,7,25,0,28918260,4731,69540,11,6144
784,13,6,25,0,28984140,4731,80880,13,6157
785,5,0,24,1,29047440,4732,88860,14,6162
786,7,0,19,6,29115300,4734,88860,14,6169
787,10,0,18,7,29183340,4736,88860,14,6179
788,7,0,17,8,29223300,4737,88860,14,6186
789,6,0,15,10,29260020,4736,88860,14,6192
790,4,0,11,14,29297160,4736,88860,14,6196
791,4,0,12,13,29315880,4737,88860,14,6200
792,5,0,12,13,29332740,4736,88860,14,6205
793,8,0,19,6,29335620,4736,88860,14,6213
794,2,0,12,13,29381820,4736,88860,14,6215
795,8,0,14,11,29399760,4735,88860,14,6223
796,4,0,12,13,29426520,4734,88860,14,6227
797,9,0,14,11,29451960,4733,88860,14,6236
798,10,0,21,4,29463720,4733,88860,14,6246
799,9,0,20,5,29513160,4733,88860,14,6255
800,6,0,13,12,29571780,4732,88860,14,6261
801,7,0,14,11,29602680,4733,88860,14,6268
802,6,0,14,11,29626860,4732,88860,14,6274
803,13,0,20,5,29659980,4732,88860,14,6287
804,7,0,19,6,29688240,4731,88860,14,6294
805,10,0,19,6,29742120,4732,88860,14,6304
806,15,1,25,0,29773980,4731,89100,14,6319
807,14,2,25,0,29831820,4730,91560,14,6333
808,18,7,25,0,29903100,4732,103620,16,6351
809,10,5,25,0,29961120,4732,114480,17,6361
810,6,0,16,9,30043080,4730,150960,23,6367
811,8,0,15,10,30086520,4730,150960,23,6375
812,9,0,17,8,30117960,4730,150960,23,6384
813,4,0,14,11,30153420,4730,150960,23,6388
814,1,0,7,18,30195420,4731,150960,23,6389
815,9,0,16,9,30195420,4731,150960,23,6398
816,4,0,14,11,30220980,4730,150960,23,6402
817,6,0,13,12,30247560,4729,150960,23,6408
818,7,0,15,10,30277560,4730,150960,23,6415
819,7,0,19,6,30289500,4730,150960,23,6422
820,8,0,18,7,30340560,4731,150960,23,6430
821,5,0,19,6,30358500,4731,150960,23,6435
822,5,0,16,9,30399360,4732,150960,23,6440
823,6,0,14,11,30447300,4733,150960,23,6446
824,7,0,15,10,30476340,4733,150960,23,6453
825,16,0,25,0,30499440,4732,151440,23,6469
826,7,0,17,8,30567180,4732,151440,23,6476
827,6,0,17,8,30587820,4731,151440,23,6482
828,12,0,20,5,30626700,4730,151440,23,6494
829,11,0,25,0,30656580,4730,151920,23,6505
830,11,0,24,1,30723120,4732,152100,23,6516
831,5,0,18,7,30786780,4734,152100,23,6521
832,10,0,19,6,30831180,4734,152100,23,6531
833,13,0,25,0,30862740,4734,154140,23,6544
834,6,0,17,8,30938520,4735,154140,23,6550
835,5,0,12,13,30988440,4736,154140,23,6555
836,11,0,19,6,31012080,4736,154140,23,6566
837,1,0,13,12,31041780,4736,154140,23,6567
838,10,0,18,7,31080360,4738,154140,23,6577
839,2,0,11,14,31115880,4737,154140,23,6579
840,6,0,11,14,31135560,4736,154140,23,6585
841,7,0,15,10,31145580,4735,154140,23,6592
842,6,0,16,9,31170000,4735,154140,23,6598
843,3,0,11,14,31203660,4735,154140,23,6601
844,6,0,13,12,31222920,4735,154140,23,6607
845,3,0,12,13,31247820,4735,154140,23,6610
846,6,0,14,11,31265460,4735,154140,23,6616
847,9,0,15,10,31288860,4733,154140,23,6625
848,7,0,18,7,31309020,4733,154140,23,6632
849,6,0,16,9,31343940,4733,154140,23,6638
850,12,0,23,2,31362900,4732,154140,23,6650
851,11,0,24,1,31404000,4731,154140,23,6661
852,10,0,25,0,31452300,4732,158160,23,6671
853,12,0,21,4,31554420,4736,158580,23,6683
854,9,0,19,6,31597860,4735,158580,23,6692
855,17,3,25,0,31627380,4733,158580,23,6709
856,16,9,25,0,31681380,4734,166680,24,6725
857,11,5,25,0,31763100,4736,186420,27,6736
858,8,0,22,3,31820820,4733,213180,31,6744
859,10,0,19,6,31886580,4734,213180,31,6754
860,9,0,19,6,31933740,4735,213180,31,6763
861,7,0,15,10,31976280,4733,213180,31,6770
862,7,0,15,10,32005860,4733,213180,31,6777
863,11,0,18,7,32035800,4732,213180,31,6788
864,5,0,17,8,32057400,4731,213180,31,6793
865,4,0,13,12,32104560,4732,213180,31,6797
866,5,0,14,11,32122740,4732,213180,31,6802
867,8,0,17,8,32151480,4733,213180,31,6810
868,8,0,18,7,32180700,4732,213180,31,6818
869,8,0,18,7,32218680,4732,213180,31,6826
870,4,0,15,10,32253840,4732,213180,31,6830
871,10,0,17,8,32284380,4731,213180,31,6840
872,7,0,13,12,32324700,4729,213180,31,6847
873,15,0,23,2,32345340,4729,213180,31,6862
874,11,0,22,3,32390880,4727,213180,31,6873
875,12,0,21,4,32449800,4727,213240,30,6885
876,14,1,25,0,32486280,4726,213840,30,6899
877,8,0,21,4,32552820,4727,215400,31,6907
878,18,4,25,0,32609040,4728,218580,31,6925
879,5,0,21,4,32675700,4729,223800,32,6930
880,12,0,23,2,32725380,4729,223800,32,6942
881,9,0,22,3,32782860,4731,223800,32,6951
882,7,0,21,4,32832120,4732,223800,32,6958
883,9,0,21,4,32887200,4734,223800,32,6967
884,8,0,19,6,32933940,4734,223800,32,6975
885,5,0,14,11,32990940,4735,223800,32,6980
886,5,0,12,13,33024900,4736,223800,32,6985
887,7,0,14,11,33042420,4735,223800,32,6992
888,7,0,18,7,33056520,4735,223800,31,6999
889,4,0,15,10,33099240,4736,223800,31,7003
890,8,0,17,8,33130620,4737,223800,31,7011
891,6,0,13,12,33181560,4737,223800,31,7017
892,6,0,14,11,33197760,4736,223800,31,7023
893,7,0,16,9,33222420,4736,223800,31,7030
894,12,0,20,5,33251640,4735,223800,31,7042
895,7,0,17,8,33308700,4736,223800,31,7049
896,8,0,15,10,33347100,4735,223800,31,7057
897,6,0,16,9,33362400,4734,223800,31,7063
898,10,0,21,4,33388860,4734,223800,31,7073
899,10,0,20,5,33437520,4734,223800,31,7083
900,10,0,22,3,33478920,4734,223800,31,7093
901,9,0,20,5,33541800,4736,223800,31,7102
902,9,0,19,6,33591960,4736,223800,31,7111
903,8,0,20,5,33624120,4736,223800,31,7119
904,11,0,22,3,33675120,4737,223800,31,7130
905,10,0,21,4,33721920,4736,223800,31,7140
906,5,0,15,10,33782580,4738,223800,31,7145
907,8,0,18,7,33808740,4738,223800,31,7153
908,14,0,20,5,33858420,4737,223800,31,7167
909,12,0,24,1,33891300,4736,226380,31,7179
910,6,0,18,7,33953520,4737,226380,31,7185
911,2,0,10,15,34013940,4739,226380,31,7187
912,2,0,9,16,34026240,4739,226380,31,7189
913,4,0,10,15,34031580,4737,226380,31,7193
914,4,0,13,12,34037940,4738,226380,31,7197
915,4,0,13,12,34058220,4738,226380,31,7201
916,7,0,13,12,34089720,4737,226380,31,7208
917,9,0,20,5,34096440,4737,226380,31,7217
918,4,0,18,7,34123260,4737,226380,31,7221
919,12,0,19,6,34181580,4738,226380,31,7233
920,10,0,24,1,34204140,4738,226380,31,7243
921,14,2,25,0,34254840,4737,228420,31,7257
922,4,0,18,7,34329960,4739,231480,31,7261
923,13,0,20,5,34383960,4740,231480,31,7274
924,10,0,20,5,34423860,4738,231480,31,7284
925,14,0,19,6,34485060,4737,231480,31,7298
926,13,0,23,2,34518660,4736,231480,31,7311
927,12,0,24,1,34565160,4735,231480,31,7323
928,16,0,25,0,34633620,4735,231480,31,7339
929,13,2,25,0,34691460,4736,239760,32,7352
930,5,0,21,4,34751880,4737,245040,33,7357
931,7,0,17,8,34807980,4737,245040,33,7364
932,5,0,15,10,34847340,4738,245040,33,7369
933,4,0,15,10,34870200,4739,245040,33,7373
934,11,0,18,7,34912260,4739,245040,33,7384
935,2,0,13,12,34939200,4738,245040,33,7386
936,5,0,10,15,34978260,4738,245040,33,7391
937,8,0,16,9,34986660,4738,245040,33,7399
938,9,0,20,5,35013540,4739,245040,33,7408
939,7,0,15,10,35071500,4739,245040,33,7415
940,3,0,13,12,35097960,4739,245040,33,7418
941,7,0,16,9,35126760,4741,245040,33,7425
942,4,0,15,10,35146980,4740,245040,32,7429
943,6,0,14,11,35173620,4739,245040,32,7435
944,10,0,15,10,35212920,4739,245040,32,7445
945,9,0,18,7,35234220,4738,245040,32,7454
946,14,0,24,1,35262360,4737,245040,32,7468
947,13,1,25,0,35308560,4736,245040,32,7481
948,8,0,21,4,35379480,4737,245280,32,7489
949,12,1,25,0,35420700,4738,245280,32,7501
950,5,0,16,9,35498280,4739,245340,32,7506
951,9,0,19,6,35529780,4739,245340,32,7515
952,7,0,17,8,35575680,4740,245340,32,7522
953,11,0,20,5,35601720,4738,245340,32,7533
954,11,0,19,6,35650500,4737,245340,32,7544
955,6,0,18,7,35680500,4737,245340,32,7550
956,10,0,21,4,35722140,4738,245340,32,7560
957,6,0,18,7,35776500,4739,245340,32,7566
958,5,0,12,13,35829120,4739,245340,32,7571
959,7,0,13,12,35850540,4739,245340,32,7578
960,3,0,13,12,35868540,4739,245340,32,7581
961,5,0,16,9,35884800,4740,245340,32,7586
962,2,0,12,13,35911740,4740,245340,32,7588
963,5,0,13,12,35939460,4741,245340,32,7593
964,2,0,11,14,35956440,4741,245340,32,7595
965,16,0,22,3,35975580,4740,245340,32,7611
966,12,0,25,0,36012060,4739,245340,32,7623
967,6,0,19,6,36069420,4739,245340,32,7629
968,7,0,17,8,36115560,4740,245340,32,7636
969,21,3,25,0,36149700,4738,245340,32,7657
970,11,3,25,0,36207600,4739,262200,34,7668
971,13,8,25,0,36254460,4740,268080,34,7681
972,9,4,25,0,36329820,4742,298560,38,7690
973,10,0,18,7,36409380,4739,313980,40,7700
974,8,0,16,9,36444000,4737,313980,40,7708
975,13,0,19,6,36476580,4735,313980,40,7721
976,10,0,20,5,36519120,4735,313980,40,7731
977,7,0,20,5,36559500,4736,313980,40,7738
978,9,0,17,8,36618960,4737,313980,40,7747
979,9,0,18,7,36657960,4737,313980,40,7756
980,7,0,18,7,36685980,4736,313980,40,7763
981,6,0,19,6,36718560,4737,313980,40,7769
982,6,0,13,12,36770760,4737,313980,40,7775
983,3,0,12,13,36792960,4737,313980,40,7778
984,7,0,15,10,36813240,4737,313980,40,7785
985,2,0,13,12,36836700,4738,313980,40,7787
986,2,0,9,16,36868020,4738,313980,40,7789
987,5,0,14,11,36868020,4738,313980,40,7794
988,4,0,12,13,36892200,4738,313980,40,7798
989,3,0,9,16,36910560,4736,313980,40,7801
990,4,0,11,14,36920040,4736,313980,40,7805
991,7,0,16,9,36927780,4736,313980,40,7812
992,8,0,20,5,36951060,4737,313980,40,7820
993,8,0,19,6,36995640,4737,313980,40,7828
994,11,0,20,5,37042920,4737,313980,40,7839
995,7,0,14,11,37097280,4736,313980,40,7846
996,8,0,19,6,37114740,4737,313980,39,7854
997,12,0,17,8,37165980,4735,313980,39,7866
998,11,0,21,4,37198680,4735,313980,39,7877
999,8,0,22,3,37236180,4735,313980,39,7885
1000,12,0,22,3,37287660,4734,314100,39,7897
1001,11,0,18,7,37364040,4735,314100,39,7908
1002,4,0,13,12,37404480,4735,314100,39,7912
1003,12,0,17,8,37430880,4733,314100,39,7924
1004,4,0,15,10,37457160,4733,314100,39,7928
1005,7,0,16,9,37489500,4734,314100,39,7935
1006,9,0,15,10,37533780,4733,314100,39,7944
1007,5,0,16,9,37550400,4733,314100,39,7949
1008,6,0,15,10,37590300,4734,314100,39,7955
1009,3,0,11,14,37628580,4734,314100,39,7958
1010,4,0,13,12,37639740,4735,314100,39,7962
1011,10,0,19,6,37658940,4735,314100,39,7972
1012,9,0,21,4,37686840,4734,314100,39,7981
1013,6,0,17,8,37743720,4735,314100,39,7987
1014,3,0,11,14,37790160,4736,314100,39,7990
1015,4,0,12,13,37802880,4736,314100,39,7994
1016,10,0,16,9,37814340,4733,314100,39,8004
1017,14,0,23,2,37845540,4733,314100,39,8018
1018,6,0,20,5,37889160,4733,314520,39,8024
1019,18,0,25,0,37960320,4734,314880,39,8042
1020,5,0,21,4,37999140,4734,315660,39,8047
1021,15,2,25,0,38055420,4736,316320,39,8062
1022,9,0,24,1,38128800,4738,319740,39,8071
1023,12,0,21,4,38200380,4738,320160,39,8083
1024,10,0,23,2,38235300,4737,320160,39,8093
1025,5,0,18,7,38292780,4739,320160,39,8098
1026,5,0,16,9,38339100,4740,320160,39,8103
1027,8,0,15,10,38388420,4741,320160,39,8111
1028,2,0,14,11,38404320,4741,320160,39,8113
1029,11,0,20,5,38436120,4742,320160,39,8124
1030,7,0,22,3,38461620,4743,320160,39,8131
1031,7,0,16,9,38527260,4743,320160,39,8138
1032,5,0,16,9,38554560,4744,320160,39,8143
1033,7,0,17,8,38586900,4744,320160,39,8150
1034,3,0,13,12,38623080,4744,320160,39,8153
1035,6,0,13,12,38653800,4745,320160,39,8159
1036,8,0,17,8,38672100,4745,320160,39,8167
1037,8,0,17,8,38704920,4744,320160,39,8175
1038,11,0,23,2,38732520,4744,320160,39,8186
1039,5,0,16,9,38790780,4745,320160,39,8191
1040,15,1,25,0,38805300,4743,321120,39,8206
1041,4,0,17,8,38884140,4746,321300,39,8210
1042,10,0,19,6,38936580,4747,321300,39,8220
1043,7,0,20,5,38966460,4747,321300,39,8227
1044,6,0,17,8,39010440,4748,321300,39,8233
1045,13,0,22,3,39056520,4749,321300,38,8246
1046,11,0,22,3,39095280,4747,321300,38,8257
1047,14,0,23,2,39157560,4747,321300,38,8271
1048,7,0,21,4,39198960,4747,321300,38,8278
1049,8,0,15,10,39264300,4747,321300,38,8286
1050,12,0,20,5,39285300,4745,321300,38,8298
1051,9,0,21,4,39323220,4745,321300,38,8307
1052,6,0,11,14,39392940,4744,321300,38,8313
1053,8,0,15,10,39405480,4744,321300,38,8321
1054,6,0,17,8,39427560,4744,321300,38,8327
1055,7,0,15,10,39469020,4744,321300,38,8334
1056,6,0,17,8,39494040,4745,321300,38,8340
1057,6,0,16,9,39523140,4744,321300,38,8346
1058,4,0,12,13,39562560,4744,321300,38,8350
1059,5,0,14,11,39579300,4745,321300,38,8355
1060,7,0,18,7,39597780,4745,321300,38,8362
1061,10,0,20,5,39635580,4745,321300,38,8372
1062,8,0,18,7,39685980,4745,321300,38,8380
1063,5,0,17,8,39714480,4745,321300,38,8385
1064,8,0,16,9,39773220,4747,321300,38,8393
1065,9,0,17,8,39808320,4747,321300,38,8402
1066,11,0,19,6,39840840,4746,321300,38,8413
1067,9,0,21,4,39870660,4745,321300,38,8422
1068,13,0,21,4,39928440,4745,321300,38,8435
1069,10,0,23,2,39965460,4745,321300,38,8445
1070,12,0,21,4,40032600,4745,321300,37,8457
1071,11,0,22,3,40080600,4745,321300,37,8468
1072,16,4,25,0,40124460,4745,321600,37,8484
1073,8,0,21,4,40198500,4745,330180,38,8492
1074,7,0,21,4,40234800,4745,330180,38,8499
1075,7,0,18,7,40293960,4747,330180,38,8506
1076,7,0,16,9,40336020,4747,330180,38,8513
1077,6,0,14,11,40382280,4748,330180,38,8519
1078,11,0,21,4,40397520,4747,330180,38,8530
1079,4,0,16,9,40432800,4746,330180,38,8534
1080,8,0,17,8,40474200,4747,330180,38,8542
1081,8,0,21,4,40497180,4748,330180,38,8550
1082,6,0,19,6,40539660,4748,330180,38,8556
1083,3,0,14,11,40588620,4749,330180,38,8559
1084,6,0,11,14,40630440,4749,330180,38,8565
1085,8,0,17,8,40633980,4749,330180,38,8573
1086,6,0,15,10,40669440,4748,330180,38,8579
1087,6,0,16,9,40689420,4748,330180,38,8585
1088,10,0,19,6,40729560,4749,330180,38,8595
1089,7,0,15,10,40775460,4748,330180,38,8602
1090,7,0,16,9,40808100,4748,330180,38,8609
1091,8,0,17,8,40834980,4748,330180,38,8617
1092,9,0,20,5,40866540,4748,330180,38,8626
1093,7,0,16,9,40917480,4748,330180,38,8633
1094,16,0,24,1,40940640,4746,330180,38,8649
1095,13,1,25,0,41000100,4747,333420,38,8662
1096,13,2,25,0,41057160,4747,338520,39,8675
1097,8,0,21,4,41118540,4747,345900,39,8683
1098,10,0,16,9,41195520,4747,345900,39,8693
1099,8,0,14,11,41233320,4746,345900,39,8701
1100,7,0,15,10,41256600,4745,345900,39,8708
1101,8,0,16,9,41285280,4745,345900,39,8716
1102,5,0,16,9,41310660,4745,345900,39,8721
1103,10,0,18,7,41347740,4745,345900,39,8731
1104,6,0,13,12,41389620,4744,345900,39,8737
1105,7,0,16,9,41406660,4744,345900,39,8744
1106,7,0,18,7,41436300,4744,345900,39,8751
1107,9,0,17,8,41485080,4744,345900,39,8760
1108,4,0,12,13,41529300,4745,345900,39,8764
1109,3,0,10,15,41547840,4744,345900,39,8767
1110,2,0,8,17,41559180,4743,345900,39,8769
1111,7,0,13,12,41560800,4742,345900,39,8776
1112,10,0,15,10,41578380,4740,345900,39,8786
1113,17,2,25,0,41601840,4740,346560,39,8803
1114,11,0,25,0,41662440,4740,353040,40,8814
1115,8,0,20,5,41733240,4741,353040,40,8822
1116,4,0,11,14,41789520,4740,353040,40,8826
1117,15,0,22,3,41808000,4740,353040,39,8841
1118,9,0,20,5,41842260,4738,353040,39,8850
1119,6,0,19,6,41885520,4739,353040,39,8856
1120,8,0,20,5,41931060,4741,353040,39,8864
1121,13,0,24,1,41978100,4741,353040,39,8877
1122,7,0,23,2,42027360,4742,353040,39,8884
1123,4,0,12,13,42101640,4743,353040,39,8888
1124,7,0,13,12,42129480,4743,353040,39,8895
1125,9,0,15,10,42149220,4741,353040,39,8904
1126,5,0,15,10,42174480,4741,353040,39,8909
1127,10,0,18,7,42205500,4741,353040,39,8919
1128,2,0,17,8,42220860,4741,353040,39,8921
1129,3,0,12,13,42278040,4743,353040,39,8924
1130,4,0,12,13,42301740,4744,353040,39,8928
1131,6,0,12,13,42325620,4743,353040,39,8934
1132,3,0,14,11,42328860,4743,353040,39,8937
1133,7,0,14,11,42361380,4743,353040,39,8944
1134,7,0,15,10,42387600,4743,353040,39,8951
1135,8,0,18,7,42413280,4743,353040,39,8959
1136,12,0,18,7,42455940,4742,353040,39,8971
1137,14,0,21,4,42496200,4740,353040,39,8985
1138,12,0,23,2,42525180,4738,353040,39,8997
1139,10,0,20,5,42591360,4739,353040,39,9007
1140,7,0,17,8,42636420,4738,353040,39,9014
1141,14,0,23,2,42674160,4738,353040,39,9028
1142,10,0,24,1,42718800,4739,354180,39,9038
1143,11,0,23,2,42789720,4740,354180,39,9049
1144,10,0,22,3,42839220,4740,354180,39,9059
1145,12,0,20,5,42907380,4740,354180,39,9071
1146,4,0,16,9,42955020,4741,354180,39,9075
1147,15,0,25,0,42988020,4742,354180,38,9090
1148,5,0,14,11,43049520,4740,354180,38,9095
1149,7,0,15,10,43087860,4741,354180,38,9102
1150,8,0,21,4,43099500,4741,354180,38,9110
1151,4,0,15,10,43149240,4742,354180,38,9114
1152,4,0,14,11,43173960,4742,354180,38,9118
1153,3,0,10,15,43211460,4742,354180,38,9121
1154,6,0,13,12,43222260,4742,354180,38,9127
1155,3,0,14,11,43233360,4742,354180,38,9130
1156,3,0,12,13,43258320,4742,354180,38,9133
1157,7,0,15,10,43272900,4742,354180,38,9140
1158,9,0,19,6,43295580,4742,354180,38,9149
1159,9,0,18,7,43347960,4742,354180,38,9158
1160,7,0,18,7,43380540,4742,354180,38,9165
1161,11,0,19,6,43429920,4742,354180,38,9176
1162,8,0,14,11,43480620,4741,354180,38,9184
1163,6,0,14,11,43502700,4740,354180,38,9190
1164,10,0,19,6,43522320,4740,354180,38,9200
1165,16,1,25,0,43558380,4739,354600,38,9216
1166,7,0,25,0,43600860,4740,356040,38,9223
1167,8,0,21,4,43662840,4740,356040,38,9231
1168,14,0,23,2,43720860,4740,356040,38,9245
1169,9,0,19,6,43766580,4739,356040,38,9254
1170,5,0,12,13,43829520,4739,356040,38,9259
1171,8,0,17,8,43845060,4740,356040,38,9267
1172,6,0,16,9,43878480,4740,356040,38,9273
1173,5,0,16,9,43907820,4740,356040,38,9278
1174,1,0,11,14,43942020,4741,356040,38,9279
1175,6,0,15,10,43954740,4741,356040,38,9285
1176,7,0,17,8,43980480,4741,356040,38,9292
1177,2,0,14,11,44003700,4741,356040,38,9294
1178,3,0,11,14,44038380,4742,356040,38,9297
1179,7,0,14,11,44058720,4742,356040,38,9304
1180,7,0,18,7,44072340,4742,356040,38,9311
1181,5,0,16,9,44105640,4742,356040,38,9316
1182,7,0,16,9,44137140,4742,356040,38,9323
1183,12,0,23,2,44161860,4742,356040,38,9335
1184,8,0,20,5,44213820,4742,356040,38,9343
1185,9,0,21,4,44238360,4741,356040,38,9352
1186,7,0,18,7,44303460,4742,356040,38,9359
1187,8,0,16,9,44344560,4742,356040,38,9367
1188,4,0,16,9,44371380,4743,356040,37,9371
1189,8,0,17,8,44404200,4743,356040,37,9379
1190,7,0,20,5,44420760,4742,356040,37,9386
1191,9,0,18,7,44473620,4742,356040,37,9395
1192,13,0,23,2,44513280,4743,356040,37,9408
1193,10,0,20,5,44568420,4742,356040,37,9418
1194,8,0,21,4,44610840,4743,356040,37,9426
1195,2,0,12,13,44658420,4742,356040,37,9428
1196,6,0,15,10,44677980,4743,356040,37,9434
1197,7,0,14,11,44706960,4742,356040,37,9441
1198,2,0,9,16,44738580,4742,356040,37,9443
1199,5,0,11,14,44750880,4742,356040,37,9448
1200,4,0,10,15,44765820,4741,356040,37,9452
1201,5,0,12,13,44771340,4740,356040,37,9457
1202,5,0,12,13,44790360,4739,356040,37,9462
1203,3,0,11,14,44806020,4739,356040,37,9465
1204,8,0,17,8,44818860,4739,356040,37,9473
1205,5,0,15,10,44846760,4739,356040,37,9478
1206,5,0,15,10,44876640,4739,356040,37,9483
1207,5,0,16,9,44900520,4740,356040,37,9488
1208,9,0,17,8,44930340,4739,356040,37,9497
1209,8,0,20,5,44964180,4740,356040,37,9505
1210,12,0,21,4,45015300,4740,356040,37,9517
1211,4,0,16,9,45056700,4740,356040,37,9521
1212,6,0,16,9,45091740,4741,356040,37,9527
1213,7,0,19,6,45121860,4742,356040,37,9534
1214,11,0,16,9,45182820,4741,356040,37,9545
1215,12,0,20,5,45204900,4739,356040,37,9557
1216,8,0,16,9,45260280,4739,356040,37,9565
1217,14,0,22,3,45292680,4739,356040,37,9579
1218,8,0,22,3,45336000,4739,356040,37,9587
1219,8,0,18,7,45411300,4741,356040,37,9595
1220,3,0,14,11,45454260,4742,356040,37,9598
1221,5,0,13,12,45489120,4743,356040,37,9603
1222,2,0,11,14,45498720,4742,356040,37,9605
1223,7,0,14,11,45524520,4743,356040,37,9612
1224,6,0,11,14,45553080,4741,356040,37,9618
1225,5,0,15,10,45556320,4741,356040,36,9623
1226,7,0,16,9,45579000,4740,356040,36,9630
1227,9,0,17,8,45616980,4740,356040,36,9639
1228,2,0,11,14,45648720,4740,356040,36,9641
1229,4,0,10,15,45668700,4739,356040,36,9645
1230,5,0,13,12,45683460,4740,356040,36,9650
1231,10,0,22,3,45686760,4740,356040,36,9660
1232,13,0,22,3,45724620,4737,356040,36,9673
1233,11,0,24,1,45771360,4738,356040,36,9684
1234,13,2,25,0,45824820,4738,356040,36,9697
1235,11,2,25,0,45880320,4739,364680,37,9708
1236,17,7,25,0,45955740,4741,369600,38,9725
1237,8,4,25,0,46012440,4741,394080,40,9733
1238,9,0,19,6,46087740,4740,404220,41,9742
1239,9,0,21,4,46124640,4740,404220,41,9751
1240,6,0,16,9,46188480,4741,404220,41,9757
1241,12,0,21,4,46217220,4741,404220,41,9769
1242,6,0,19,6,46254300,4741,404220,41,9775
1243,7,0,18,7,46289280,4740,404220,41,9782
1244,4,0,16,9,46320120,4741,404220,41,9786
1245,8,0,16,9,46372860,4742,404220,41,9794
1246,7,0,20,5,46379400,4741,404220,41,9801
1247,3,0,11,14,46444740,4742,404220,41,9804
1248,3,0,9,16,46467480,4742,404220,41,9807
1249,3,0,9,16,46478820,4742,404220,41,9810
1250,1,0,10,15,46478820,4742,404220,41,9811
1251,5,0,12,13,46491360,4742,404220,41,9816
1252,4,0,11,14,46507260,4741,404220,41,9820
1253,6,0,14,11,46524000,4741,404220,41,9826
1254,7,0,15,10,46558560,4742,404220,41,9833
1255,12,0,21,4,46577700,4741,404220,41,9845
1256,8,0,18,7,46628520,4741,404220,41,9853
1257,16,0,23,2,46685400,4741,405840,41,9869
1258,13,0,25,0,46723380,4740,405900,41,9882
1259,17,2,25,0,46795320,4740,408960,41,9899
1260,14,6,25,0,46843920,4740,412020,41,9913
1261,11,3,25,0,46924800,4741,426300,42,9924
1262,12,3,25,0,46975980,4741,441660,44,9936
1263,10,0,22,3,47043120,4740,444300,44,9946
1264,11,0,20,5,47114940,4741,444300,44,9957
1265,12,0,25,0,47150220,4741,444600,44,9969
1266,6,0,18,7,47211660,4741,447060,44,9975
1267,9,0,19,6,47263680,4742,447060,44,9984
1268,5,0,18,7,47292780,4743,447060,44,9989
1269,4,0,15,10,47336280,4744,447060,44,9993
1270,9,0,19,6,47367660,4744,447060,44,10002
1271,10,0,18,7,47418480,4744,447060,44,10012
1272,6,0,18,7,47440920,4744,447060,44,10018
1273,6,0,16,9,47486460,4744,447060,44,10024
1274,5,0,15,10,47517420,4745,447060,44,10029
1275,10,0,20,5,47539800,4744,447060,44,10039
1276,9,0,18,7,47602440,4746,447060,44,10048
1277,12,0,25,0,47626200,4746,447480,44,10060
1278,7,0,20,5,47688540,4746,447660,44,10067
1279,5,0,15,10,47737260,4746,447660,44,10072
1280,8,0,15,10,47785740,4747,447660,44,10080
1281,3,0,10,15,47818200,4747,447660,44,10083
1282,11,0,18,7,47825760,4746,447660,44,10094
1283,13,0,24,1,47858700,4746,447660,44,10107
1284,8,0,19,6,47921580,4746,447780,44,10115
1285,20,3,25,0,47976060,4746,448560,44,10135
1286,7,0,22,3,48033600,4746,453060,44,10142
1287,18,4,25,0,48092460,4747,457260,45,10160
1288,12,0,24,1,48169080,4746,461820,45,10172
1289,7,0,21,4,48214800,4746,461820,45,10179
1290,11,0,21,4,48268740,4746,461820,45,10190
1291,10,0,20,5,48331260,4747,461820,45,10200
1292,5,0,18,7,48365820,4747,461820,45,10205
1293,8,0,16,9,48426780,4749,461820,45,10213
1294,8,0,18,7,48447180,4748,461820,45,10221
1295,6,0,14,11,48493440,4748,461820,45,10227
1296,5,0,15,10,48512520,4748,461820,45,10232
1297,5,0,12,13,48551460,4748,461820,45,10237
1298,4,0,12,13,48562980,4747,461820,45,10241
1299,3,0,12,13,48583260,4748,461820,45,10244
1300,9,0,15,10,48605520,4747,461820,45,10253
1301,12,0,23,2,48627300,4747,461820,44,10265
1302,2,0,17,8,48661080,4747,461820,44,10267
1303,7,0,16,9,48713460,4748,461820,44,10274
1304,5,0,16,9,48733200,4748,461820,44,10279
1305,13,0,22,3,48770460,4748,461820,44,10292
1306,10,0,19,6,48826680,4748,461820,44,10302
1307,6,0,15,10,48872460,4748,461820,44,10308
1308,14,0,21,4,48906420,4747,461820,44,10322
1309,7,0,21,4,48935820,4747,461820,44,10329
1310,11,0,22,3,48992640,4748,461820,44,10340
1311,8,0,19,6,49041780,4747,461820,44,10348
1312,9,0,17,8,49103640,4748,461820,44,10357
1313,10,0,22,3,49130040,4749,461820,44,10367
1314,5,0,12,13,49203120,4749,461820,44,10372
1315,5,0,13,12,49218900,4749,461820,44,10377
1316,9,0,18,7,49235460,4748,461820,44,10386
1317,3,0,14,11,49274040,4749,461820,44,10389
1318,5,0,10,15,49314120,4749,461820,44,10394
1319,3,0,11,14,49325520,4749,461820,44,10397
1320,4,0,12,13,49335480,4748,461820,44,10401
1321,5,0,16,9,49343460,4749,461820,44,10406
1322,7,0,16,9,49377000,4749,461820,44,10413
1323,6,0,16,9,49406400,4749,461820,44,10419
1324,5,0,14,11,49441800,4749,461820,44,10424
1325,8,0,13,12,49479960,4749,461820,44,10432
1326,2,0,11,14,49501260,4749,461820,44,10434
1327,8,0,15,10,49526880,4749,461820,44,10442
1328,8,0,17,8,49542780,4748,461820,44,10450
1329,10,0,20,5,49569120,4748,461820,44,10460
1330,7,0,18,7,49611540,4747,461820,44,10467
1331,9,0,20,5,49639140,4747,461820,44,10476
1332,10,0,19,6,49689540,4747,461820,44,10486
1333,10,0,22,3,49711080,4746,461820,43,10496
1334,12,0,19,6,49793160,4747,461820,43,10508
1335,11,0,21,4,49821720,4745,461820,43,10519
1336,9,0,21,4,49876980,4747,461820,43,10528
1337,5,0,15,10,49934640,4747,461820,43,10533
1338,9,0,18,7,49960260,4747,461820,43,10542
1339,13,0,23,2,49986180,4746,461820,43,10555
1340,6,0,18,7,50038740,4746,461820,43,10561
1341,10,0,20,5,50071380,4745,461820,43,10571
1342,7,0,18,7,50113740,4745,461820,43,10578
1343,10,0,17,8,50171040,4746,461820,43,10588
1344,5,0,14,11,50217360,4746,461820,43,10593
1345,8,0,21,4,50218140,4746,461820,43,10601
1346,7,0,20,5,50241120,4745,461820,43,10608
1347,7,0,21,4,50264220,4744,461820,43,10615
1348,6,0,21,4,50283840,4743,461820,43,10621
1349,6,0,19,6,50316480,4743,461820,43,10627
1350,10,0,24,1,50343060,4743,461820,43,10637
1351,10,1,25,0,50372940,4742,464400,43,10647
1352,8,0,24,1,50416620,4742,466200,43,10655
1353,7,0,24,1,50456580,4743,466200,43,10662
1354,12,3,25,0,50497260,4743,473940,44,10674
1355,15,13,25,0,50524740,4743,485640,45,10689
1356,12,17,25,0,50578140,4745,498600,46,10701
1357,4,12,25,0,50626320,4745,534480,49,10705
1358,12,15,25,0,50662680,4745,561000,52,10717
1359,8,15,25,0,50704080,4745,570780,53,10725
1360,8,14,25,0,50749200,4745,608460,56,10733
1361,11,14,25,0,50802840,4745,626100,58,10744
1362,8,14,25,0,50839440,4745,635160,59,10752
1363,5,8,25,0,50892540,4745,726840,67,10757
1364,12,7,25,0,50921640,4742,851340,79,10769
1365,10,9,25,0,50970060,4743,862200,79,10779
1366,5,4,25,0,51012120,4743,874140,81,10784
1367,5,0,19,6,51058680,4740,980040,90,10789
1368,4,0,18,7,51087000,4741,980040,90,10793
1369,4,0,21,4,51091740,4741,980040,90,10797
1370,10,0,25,0,51116100,4740,982860,90,10807
1371,5,1,25,0,51147600,4742,984720,91,10812
1372,10,1,25,0,51196320,4742,986700,91,10822
1373,6,0,22,3,51252960,4743,988140,91,10828
1374,3,0,17,8,51291180,4743,988140,91,10831
1375,6,0,18,7,51312780,4742,988140,91,10837
1376,7,0,18,7,51334860,4741,988140,91,10844
1377,5,0,20,5,51347640,4741,988140,91,10849
1378,7,0,21,4,51372420,4741,988140,91,10856
1379,4,0,20,5,51399540,4741,988140,90,10860
1380,13,0,24,1,51434460,4740,988320,90,10873
1381,18,10,25,0,51463560,4740,992880,91,10891
1382,10,11,25,0,51509880,4740,1011060,92,10901
1383,9,11,25,0,51558420,4741,1018800,93,10910
1384,14,18,25,0,51598860,4742,1024980,93,10924
1385,10,22,25,0,51634800,4742,1038660,95,10934
1386,7,23,25,0,51673020,4743,1055460,96,10941
1387,8,21,25,0,51734400,4744,1075140,98,10949
1388,5,18,25,0,51778740,4745,1129740,103,10954
1389,1,12,25,0,51814380,4745,1241700,113,10955
1390,3,0,24,1,51877860,4744,1517460,138,10958
1391,6,0,20,5,51899400,4742,1517460,138,10964
1392,1,0,16,9,51915480,4741,1517460,138,10965
1393,2,0,14,11,51933480,4741,1517460,138,10967
1394,5,0,17,8,51936900,4740,1517460,138,10972
1395,4,0,18,7,51947580,4740,1517460,138,10976
1396,5,0,19,6,51966120,4740,1517460,138,10981
1397,5,0,19,6,51990300,4740,1517460,138,10986
1398,5,0,20,5,52012080,4740,1517460,138,10991
1399,7,0,22,3,52040640,4741,1517460,137,10998
1400,6,0,22,3,52063140,4740,1517460,137,11004
1401,9,1,25,0,52095600,4741,1517460,137,11013
1402,9,2,25,0,52137720,4741,1523340,138,11022
1403,12,9,25,0,52164300,4742,1529100,138,11034
1404,10,11,25,0,52212600,4743,1544940,139,11044
1405,5,7,25,0,52271280,4744,1588500,143,11049
1406,10,0,25,0,52325580,4742,1641840,148,11059
1407,13,5,25,0,52345920,4740,1645680,148,11072
1408,17,15,25,0,52388280,4741,1655580,149,11089
1409,7,14,25,0,52436100,4742,1678980,151,11096
1410,11,17,25,0,52477920,4742,1693020,152,11107
1411,7,17,25,0,52518420,4743,1709100,153,11114
1412,3,8,25,0,52570140,4742,1829880,164,11117
1413,5,0,17,8,52624560,4738,1909680,171,11122
1414,6,0,21,4,52637040,4739,1909680,171,11128
1415,4,0,19,6,52659960,4738,1909680,171,11132
1416,6,0,19,6,52688940,4738,1909680,171,11138
1417,4,0,20,5,52699980,4738,1909680,171,11142
1418,8,0,24,1,52723320,4738,1909680,171,11150
1419,2,0,21,4,52742100,4738,1909680,171,11152
1420,3,0,17,8,52778040,4738,1909680,171,11155
1421,4,0,19,6,52785000,4738,1909680,171,11159
1422,10,1,25,0,52807560,4739,1909680,170,11169
1423,9,3,25,0,52840140,4739,1913940,171,11178
1424,8,4,25,0,52885980,4740,1923360,171,11186
1425,11,10,25,0,52915380,4740,1931100,172,11197
1426,5,3,25,0,52982700,4741,1951920,174,11202
1427,10,3,25,0,53022660,4740,1969860,175,11212
1428,13,8,25,0,53059920,4740,1973460,175,11225
1429,8,6,25,0,53117160,4741,1996680,177,11233
1430,10,10,25,0,53150280,4742,2006280,178,11243
1431,13,14,25,0,53193360,4742,2017620,179,11256
1432,9,16,25,0,53233020,4742,2026680,179,11265
1433,10,19,25,0,53269620,4743,2037360,180,11275
1434,11,20,25,0,53323080,4743,2046060,181,11286
1435,10,25,25,0,53346840,4743,2050920,181,11296
1436,8,23,25,0,53407440,4744,2058180,182,11304
1437,7,22,25,0,53448720,4745,2091840,184,11311
1438,4,18,25,0,53486580,4745,2154480,190,11315
1439,6,12,25,0,53545920,4745,2345400,207,11321
1440,5,0,21,4,53592720,4740,2655000,234,11326
1441,3,0,19,6,53620680,4740,2655000,234,11329
1442,4,0,18,7,53645100,4741,2655000,234,11333
1443,3,0,18,7,53657580,4740,2655000,234,11336
1444,7,0,20,5,53683200,4741,2655000,234,11343
1445,9,0,24,1,53702100,4740,2655000,233,11352
1446,9,2,25,0,53730540,4740,2656380,233,11361
1447,9,2,25,0,53780340,4741,2663880,234,11370
1448,7,3,25,0,53812800,4741,2669520,234,11377
1449,14,9,25,0,53861580,4742,2679420,235,11391
1450,4,4,25,0,53913000,4743,2704500,237,11395
1451,16,9,25,0,53958780,4742,2718300,238,11411
1452,9,11,25,0,53994000,4742,2723940,238,11420
1453,9,11,25,0,54040860,4743,2741580,239,11429
1454,12,15,25,0,54077580,4743,2755860,240,11441
1455,10,16,25,0,54126780,4743,2779560,242,11451
1456,13,21,25,0,54165540,4743,2785980,243,11464
1457,8,23,25,0,54196620,4744,2793600,243,11472
1458,14,29,25,0,54244740,4744,2802120,244,11486
1459,5,26,25,0,54291960,4745,2839740,247,11491
1460,7,25,25,0,54338040,4746,2870640,249,11498
1461,6,24,25,0,54374880,4746,2904720,252,11504
1462,5,21,25,0,54409620,4746,2995320,260,11509
1463,2,6,25,0,54479400,4745,3401460,295,11511
1464,3,0,16,9,54515520,4741,3582780,311,11514
1465,5,0,18,7,54536520,4741,3582780,311,11519
1466,5,0,22,3,54539940,4741,3582780,310,11524
1467,9,0,24,1,54571680,4741,3582780,310,11533
1468,4,0,22,3,54601380,4741,3582780,310,11537
1469,8,0,23,2,54636480,4741,3582780,310,11545
1470,9,0,24,1,54674520,4741,3582900,310,11554
1471,10,0,25,0,54717840,4741,3582900,309,11564
1472,7,0,24,1,54749880,4741,3584700,309,11571
1473,8,0,23,2,54791280,4741,3585120,309,11579
1474,10,2,25,0,54825060,4741,3588060,309,11589
1475,11,6,25,0,54855540,4741,3593100,309,11600
1476,12,7,25,0,54928440,4743,3607080,310,11612
1477,10,9,25,0,54964020,4743,3617520,311,11622
1478,8,8,25,0,55008360,4743,3647700,313,11630
1479,14,13,25,0,55046880,4742,3656820,314,11644
1480,8,13,25,0,55089300,4743,3669780,315,11652
1481,6,9,25,0,55140900,4743,3690360,316,11658
1482,15,18,25,0,55171800,4743,3694740,316,11673
1483,12,20,25,0,55223640,4744,3709740,317,11685
1484,11,26,25,0,55247340,4744,3717720,317,11696
1485,5,20,25,0,55305840,4744,3783180,323,11701
1486,5,20,25,0,55327620,4744,3793020,324,11706
1487,2,12,25,0,55395480,4746,3919920,334,11708
1488,9,0,20,5,55454940,4740,4254480,363,11717
1489,4,0,19,6,55478460,4740,4254480,362,11721
1490,3,0,17,8,55500600,4740,4254480,362,11724
1491,6,0,19,6,55519980,4740,4254480,362,11730
1492,2,0,18,7,55535580,4740,4254480,362,11732
1493,7,0,21,4,55558320,4741,4254480,362,11739
1494,7,0,23,2,55577760,4740,4254540,362,11746
1495,5,0,18,7,55618320,4740,4254540,362,11751
1496,3,0,19,6,55630680,4740,4254540,361,11754
1497,3,0,16,9,55662360,4740,4254540,361,11757
1498,8,0,21,4,55674720,4740,4254540,361,11765
1499,8,0,24,1,55693020,4740,4254540,361,11773
1500,10,1,25,0,55725180,4739,4255380,361,11783
1501,8,0,25,0,55771860,4740,4256220,360,11791
1502,12,4,25,0,55813920,4740,4264200,361,11803
1503,10,7,25,0,55854120,4741,4269660,361,11813
1504,5,4,25,0,55895040,4741,4282860,362,11818
1505,4,0,20,5,55940040,4739,4311960,364,11822
1506,5,0,22,3,55954200,4739,4311960,364,11827
1507,6,0,20,5,56002380,4740,4311960,364,11833
1508,6,0,21,4,56025780,4740,4311960,364,11839
1509,8,0,23,2,56049240,4740,4311960,363,11847
1510,7,0,25,0,56068920,4739,4311960,363,11854
1511,6,0,20,5,56127840,4740,4311960,363,11860
1512,4,0,19,6,56155440,4740,4311960,363,11864
1513,2,0,17,8,56180040,4741,4311960,363,11866
1514,7,0,20,5,56198820,4741,4311960,363,11873
1515,5,0,17,8,56232060,4740,4311960,363,11878
1516,3,0,17,8,56245680,4740,4311960,362,11881
1517,6,0,20,5,56259120,4740,4311960,362,11887
1518,8,0,23,2,56279700,4740,4311960,362,11895
1519,9,0,25,0,56309580,4740,4313700,362,11904
1520,4,0,21,4,56356620,4741,4313700,362,11908
1521,12,1,25,0,56390220,4741,4313760,361,11920
1522,7,0,23,2,56432400,4740,4316880,361,11927
1523,8,0,23,2,56472480,4740,4316880,361,11935
1524,7,0,25,0,56492160,4740,4316880,361,11942
1525,5,0,20,5,56538060,4740,4316880,361,11947
1526,5,0,21,4,56564160,4740,4316880,361,11952
1527,9,0,22,3,56599560,4740,4316880,360,11961
1528,11,1,25,0,56627340,4740,4317000,360,11972
1529,16,8,25,0,56664840,4739,4320960,360,11988
1530,12,14,25,0,56701500,4740,4329420,360,12000
1531,12,21,25,0,56736540,4741,4338660,361,12012
1532,6,19,25,0,56791020,4742,4367580,363,12018
1533,7,18,25,0,56841780,4743,4398720,365,12025
1534,9,21,25,0,56874420,4744,4406280,366,12034
1535,5,19,25,0,56914200,4744,4429560,367,12039
1536,5,17,25,0,56956920,4745,4452000,369,12044
1537,6,14,25,0,57006360,4746,4530120,375,12050
1538,4,2,25,0,57060420,4744,4832220,400,12054
1539,4,0,16,9,57107700,4742,4858260,402,12058
1540,5,0,18,7,57117960,4742,4858260,402,12063
1541,8,0,22,3,57136320,4741,4858260,402,12071
1542,8,0,23,2,57166860,4741,4859400,402,12079
1543,6,0,18,7,57214140,4741,4859640,402,12085
1544,7,0,21,4,57232800,4741,4859640,401,12092
1545,9,0,25,0,57250620,4740,4859640,401,12101
1546,8,1,25,0,57283620,4740,4862520,401,12109
1547,9,0,24,1,57340740,4741,4873980,402,12118
1548,12,0,25,0,57382020,4740,4873980,401,12130
1549,7,0,24,1,57417900,4740,4874100,401,12137
1550,10,1,25,0,57446160,4739,4874100,401,12147
1551,11,5,25,0,57486900,4740,4879500,401,12158
1552,18,15,25,0,57528180,4740,4886040,401,12176
1553,6,11,25,0,57579960,4740,4904280,402,12182
1554,5,11,25,0,57612540,4741,4923840,404,12187
1555,7,10,25,0,57652440,4741,4974660,407,12194
1556,13,14,25,0,57711180,4742,4992900,409,12207
1557,10,16,25,0,57750600,4742,5000160,409,12217
1558,2,10,25,0,57793500,4743,5062440,414,12219
1559,4,0,25,0,57848340,4742,5218500,426,12223
1560,6,0,20,5,57877980,4740,5218500,426,12229
1561,3,0,20,5,57890160,4740,5218500,426,12232
1562,11,0,25,0,57925980,4741,5220300,426,12243
1563,3,0,20,5,57960660,4740,5220600,426,12246
1564,9,0,22,3,57994500,4740,5220600,425,12255
1565,7,0,24,1,58008180,4740,5220600,425,12262
1566,5,0,20,5,58050060,4739,5220780,425,12267
1567,10,0,23,2,58087140,4740,5220780,425,12277
1568,9,0,25,0,58112400,4739,5220900,424,12286
1569,12,0,24,1,58162380,4738,5224140,424,12298
1570,8,1,25,0,58189260,4738,5225880,424,12306
1571,8,0,24,1,58238280,4738,5234760,425,12314
1572,8,0,23,2,58280700,4738,5237520,425,12322
1573,5,0,20,5,58317720,4738,5237520,424,12327
1574,10,0,23,2,58344420,4738,5237520,424,12337
1575,8,0,24,1,58373580,4737,5237940,424,12345
1576,10,4,25,0,58403640,4738,5237940,424,12355
1577,11,5,25,0,58463100,4739,5248260,424,12366
1578,13,11,25,0,58500720,4739,5256780,424,12379
1579,6,9,25,0,58547160,4740,5275020,425,12385
1580,7,8,25,0,58587000,4740,5290920,426,12392
1581,4,2,25,0,58621200,4739,5371800,433,12396
1582,4,0,18,7,58676520,4738,5389500,434,12400
1583,6,0,21,4,58691100,4738,5389500,434,12406
1584,3,0,20,5,58711560,4739,5389500,434,12409
1585,3,0,16,9,58741200,4738,5389500,434,12412
1586,3,0,17,8,58753260,4738,5389500,434,12415
1587,4,0,16,9,58771200,4738,5389500,433,12419
1588,4,0,17,8,58786500,4738,5389500,433,12423
1589,6,0,19,6,58799640,4738,5389500,433,12429
1590,4,0,20,5,58815900,4738,5389500,433,12433
1591,6,0,20,5,58840320,4737,5389500,433,12439
1592,9,0,23,2,58866060,4737,5389500,432,12448
1593,5,0,24,1,58882440,4737,5389500,432,12453
1594,10,1,25,0,58924320,4737,5390940,432,12463
1595,4,0,19,6,58985460,4738,5391840,432,12467
1596,13,1,25,0,59001840,4737,5391840,432,12480
1597,7,1,25,0,59032500,4737,5394480,432,12487
1598,7,0,22,3,59086500,4737,5395620,431,12494
1599,13,3,25,0,59116860,4737,5396640,431,12507
1600,9,2,25,0,59169060,4737,5408160,432,12516
1601,9,6,25,0,59199780,4738,5411580,432,12525
1602,9,7,25,0,59242740,4738,5421720,432,12534
1603,8,3,25,0,59297700,4738,5448060,434,12542
1604,8,2,25,0,59329380,4737,5453880,434,12550
1605,6,0,23,2,59374860,4737,5465400,435,12556
1606,5,0,20,5,59418540,4737,5465400,435,12561
1607,6,0,19,6,59444100,4737,5465400,434,12567
1608,5,0,19,6,59464260,4737,5465400,434,12572
1609,5,0,19,6,59483340,4736,5465400,434,12577
1610,6,0,20,5,59509980,4736,5465400,434,12583
1611,10,0,22,3,59539320,4736,5465400,434,12593
1612,3,0,21,4,59562120,4736,5465400,433,12596
1613,9,1,25,0,59582400,4736,5465820,433,12605
1614,8,1,25,0,59627460,4737,5468340,433,12613
1615,9,0,25,0,59681100,4737,5470860,433,12622
1616,11,1,25,0,59727120,4737,5473500,433,12633
1617,10,0,24,1,59773260,4736,5475660,433,12643
1618,15,9,25,0,59802600,4737,5483100,433,12658
1619,7,10,25,0,59835840,4737,5486520,433,12665
1620,11,12,25,0,59886540,4738,5517120,435,12676
1621,8,13,25,0,59925900,4738,5528040,435,12684
1622,12,18,25,0,59972880,4739,5546580,436,12696
1623,8,19,25,0,60014460,4740,5558400,437,12704
1624,7,20,25,0,60046860,4740,5567220,437,12711
1625,7,17,25,0,60103140,4741,5614500,441,12718
1626,8,13,25,0,60151140,4740,5666400,445,12726
1627,6,9,25,0,60201300,4741,5747100,451,12732
1628,4,0,20,5,60243900,4737,5990040,470,12736
1629,7,0,23,2,60264180,4737,5990040,470,12743
1630,6,0,22,3,60301500,4738,5990040,469,12749
1631,5,0,23,2,60332160,4738,5990040,469,12754
1632,3,0,17,8,60373260,4738,5990040,469,12757
1633,4,0,18,7,60388920,4738,5990040,469,12761
1634,5,0,18,7,60410760,4738,5990040,469,12766
1635,4,0,18,7,60429420,4738,5990040,469,12770
1636,7,0,21,4,60449040,4738,5990040,468,12777
1637,2,0,19,6,60465540,4738,5990040,468,12779
1638,8,0,20,5,60496260,4738,5990040,468,12787
1639,6,0,20,5,60520560,4738,5990040,468,12793
1640,7,0,22,3,60539460,4737,5990040,467,12800
1641,8,0,22,3,60574440,4737,5990040,467,12808
1642,12,8,25,0,60580200,4737,5990040,467,12820
1643,14,11,25,0,60651960,4739,6010140,468,12834
1644,14,21,25,0,60673560,4739,6016680,468,12848
1645,4,17,25,0,60714120,4739,6031440,469,12852
1646,7,14,25,0,60780900,4741,6061080,471,12859
1647,7,15,25,0,60813240,4741,6113520,475,12866
1648,12,19,25,0,60857700,4741,6120420,475,12878
1649,4,12,25,0,60910620,4741,6154800,477,12882
1650,10,14,25,0,60947520,4741,6165780,478,12892
1651,9,17,25,0,60985860,4742,6194940,480,12901
1652,5,10,25,0,61039620,4742,6358020,492,12906
1653,10,11,25,0,61075920,4741,6399900,495,12916
1654,2,6,25,0,61113540,4742,6442800,498,12918
1655,6,0,22,3,61170420,4741,6607020,511,12924
1656,4,0,19,6,61204620,4741,6607020,511,12928
1657,3,0,17,8,61226400,4741,6607020,510,12931
1658,1,0,15,10,61243380,4741,6607020,510,12932
1659,3,0,17,8,61246740,4741,6607020,510,12935
1660,5,0,20,5,61262340,4741,6607020,510,12940
1661,13,2,25,0,61282920,4741,6607260,510,12953
1662,11,4,25,0,61328580,4741,6615900,510,12964
1663,12,11,25,0,61354800,4741,6627240,510,12976
1664,4,7,25,0,61414200,4743,6654420,512,12980
1665,5,4,25,0,61457280,4743,6697260,515,12985
1666,5,0,20,5,61510740,4742,6709500,516,12990
1667,13,5,25,0,61522140,4742,6711840,516,13003
1668,7,4,25,0,61573200,4743,6721980,516,13010
1669,12,7,25,0,61611720,4743,6729480,516,13022
1670,9,8,25,0,61660860,4743,6749760,517,13031
1671,4,0,23,2,61712400,4742,6795600,521,13035
1672,13,1,25,0,61744500,4741,6797280,520,13048
1673,11,1,25,0,61791180,4741,6804540,521,13059
1674,5,0,22,3,61832340,4741,6804720,520,13064
1675,10,0,24,1,61869780,4740,6806160,520,13074
1676,4,0,19,6,61909200,4740,6806160,520,13078
1677,12,0,24,1,61935060,4740,6806160,519,13090
1678,7,0,23,2,61966800,4739,6806460,519,13097
1679,5,0,23,2,61997760,4740,6806460,519,13102
1680,13,0,25,0,62052840,4740,6806460,518,13115
1681,2,0,19,6,62089860,4740,6806460,518,13117
1682,9,0,24,1,62113920,4740,6806460,518,13126
1683,5,0,18,7,62161980,4740,6807240,518,13131
1684,5,0,21,4,62170620,4740,6807240,518,13136
1685,8,0,24,1,62200980,4740,6807240,517,13144
1686,8,0,22,3,62243820,4740,6807240,517,13152
1687,2,0,18,7,62275080,4740,6807240,517,13154
1688,4,0,18,7,62298600,4741,6807240,517,13158
1689,7,0,22,3,62313840,4741,6807240,517,13165
1690,7,0,24,1,62335560,4741,6807240,516,13172
1691,10,0,23,2,62377920,4740,6807240,516,13182
1692,9,1,25,0,62397060,4739,6809460,516,13191
1693,18,11,25,0,62444520,4740,6814380,516,13209
1694,12,18,25,0,62480040,4741,6821400,515,13221
1695,9,18,25,0,62535600,4742,6851700,517,13230
1696,6,18,25,0,62568960,4742,6866460,518,13236
1697,10,19,25,0,62616480,4742,6910560,521,13246
1698,14,26,25,0,62658840,4743,6929220,522,13260
1699,7,29,25,0,62684760,4744,6940500,523,13267
1700,7,28,25,0,62741700,4745,6987840,526,13274
1701,9,27,25,0,62801520,4746,7030800,529,13283
1702,2,22,25,0,62832840,4746,7174680,540,13285
1703,10,21,25,0,62885520,4746,7251660,545,13295
1704,8,21,25,0,62921580,4746,7316640,549,13303
1705,4,17,25,0,62962440,4746,7394640,555,13307
1706,4,9,25,0,63016560,4746,7550340,567,13311
1707,5,0,18,7,63063420,4742,7854600,589,13316
1708,6,0,23,2,63068340,4742,7854600,589,13322
1709,10,4,25,0,63090600,4742,7855080,589,13332
1710,8,3,25,0,63145020,4743,7861260,589,13340
1711,1,0,21,4,63183780,4743,7879440,590,13341
1712,10,0,23,2,63228180,4744,7879440,590,13351
1713,10,5,25,0,63240000,4743,7879500,589,13361
1714,15,11,25,0,63299640,4745,7889160,589,13376
1715,16,23,25,0,63323220,4745,7898640,589,13392
1716,12,26,25,0,63377040,4746,7913880,590,13404
1717,10,28,25,0,63423300,4746,7932960,591,13414
1718,9,28,25,0,63472920,4747,7974300,594,13423
1719,11,34,25,0,63499620,4747,7980600,594,13434
1720,8,32,25,0,63558960,4748,8077380,601,13442
1721,10,35,25,0,63597600,4748,8109720,602,13452
1722,6,35,25,0,63636060,4749,8147760,605,13458
1723,5,32,25,0,63678960,4750,8244900,612,13463
1724,6,28,25,0,63736380,4750,8316780,617,13469
1725,4,24,25,0,63771840,4750,8494140,630,13473
1726,9,20,25,0,63819780,4749,8599620,637,13482
1727,6,19,25,0,63849420,4749,8652600,641,13488
1728,7,16,25,0,63902520,4749,8739000,647,13495
1729,7,3,25,0,63952380,4746,9243240,684,13502
1730,5,0,21,4,63987480,4744,9310680,689,13507
1731,10,0,22,3,64019040,4743,9310680,688,13517
1732,10,3,25,0,64036260,4743,9311520,688,13527
1733,4,0,23,2,64088820,4744,9320640,688,13531
1734,6,0,19,6,64139700,4744,9320640,688,13537
1735,7,0,23,2,64151340,4744,9320640,688,13544
1736,19,13,25,0,64173600,4744,9323400,687,13563
1737,13,17,25,0,64229700,4745,9335400,687,13576
1738,9,18,25,0,64273320,4746,9347580,688,13585
1739,9,22,25,0,64304820,4746,9364800,688,13594
1740,12,25,25,0,64361340,4747,9381540,689,13606
1741,13,33,25,0,64389180,4748,9385380,689,13619
1742,9,33,25,0,64440240,4748,9419100,691,13628
1743,13,39,25,0,64476480,4748,9435180,691,13641
1744,13,40,25,0,64529820,4750,9453720,692,13654
1745,11,40,25,0,64573380,4750,9466260,693,13665
1746,8,38,25,0,64617420,4750,9646620,706,13673
1747,9,36,25,0,64663500,4750,9714540,710,13682
1748,7,35,25,0,64700220,4750,9848700,720,13689
1749,7,32,25,0,64744860,4750,9933660,725,13696
1750,6,27,25,0,64797600,4750,10076460,735,13702
1751,5,23,25,0,64831260,4749,10229820,746,13707
1752,8,19,25,0,64882560,4749,10461960,763,13715
1753,3,0,23,2,64942140,4745,11086320,808,13718
1754,8,0,21,4,64960560,4743,11086320,808,13726
1755,6,0,19,6,64995900,4743,11086320,807,13732
1756,7,0,22,3,65008920,4742,11086320,807,13739
1757,10,0,24,1,65046240,4742,11086320,806,13749
1758,8,0,18,7,65090400,4741,11086380,806,13757
1759,10,0,25,0,65098620,4740,11086380,805,13767
1760,12,1,25,0,65150280,4740,11092020,805,13779
1761,8,2,25,0,65179260,4740,11100360,805,13787
1762,14,5,25,0,65227080,4739,11108160,805,13801
1763,9,9,25,0,65256720,4740,11117520,805,13810
1764,14,14,25,0,65307660,4741,11132400,806,13824
1765,14,20,25,0,65343720,4740,11137860,805,13838
1766,9,20,25,0,65396640,4741,11160000,806,13847
1767,7,20,25,0,65432820,4741,11170260,806,13854
1768,10,23,25,0,65477640,4742,11175660,806,13864
1769,8,20,25,0,65540520,4743,11213760,808,13872
1770,14,26,25,0,65575500,4743,11219640,808,13886
1771,5,26,25,0,65604180,4743,11231040,809,13891
1772,8,25,25,0,65650620,4743,11252880,810,13899
1773,6,23,25,0,65696340,4744,11292240,812,13905
1774,2,12,25,0,65756160,4744,11596740,834,13907
1775,6,8,25,0,65795100,4743,11740500,844,13913
1776,8,0,24,1,65833740,4740,11980200,861,13921
1777,4,0,21,4,65865000,4740,11980200,860,13925
1778,6,0,21,4,65901300,4741,11980200,860,13931
1779,3,0,20,5,65918040,4740,11980200,860,13934
1780,6,0,21,4,65941380,4740,11980200,860,13940
1781,9,0,21,4,65980920,4740,11980200,859,13949
1782,13,5,25,0,65995320,4740,11982420,858,13962
1783,7,0,23,2,66057840,4740,11996100,859,13969
1784,9,0,23,2,66091500,4739,11996100,858,13978
1785,11,1,25,0,66128820,4739,11997180,858,13989
1786,6,1,25,0,66160560,4739,11998260,857,13995
1787,9,2,25,0,66202500,4739,12000960,857,14004
1788,13,6,25,0,66245940,4739,12013920,857,14017
1789,13,9,25,0,66297840,4740,12028560,857,14030
1790,11,12,25,0,66336240,4740,12039240,858,14041
1791,9,15,25,0,66366840,4740,12045060,857,14050
1792,7,14,25,0,66420780,4741,12070980,859,14057
1793,6,13,25,0,66461580,4742,12096960,860,14063
1794,5,0,23,2,66530820,4740,12253200,871,14068
1795,9,2,25,0,66538920,4739,12253320,871,14077
1796,6,0,24,1,66591540,4739,12257940,871,14083
1797,10,1,25,0,66639240,4740,12258540,870,14093
1798,7,0,24,1,66676380,4740,12265080,870,14100
1799,1,0,16,9,66716100,4740,12265080,870,14101
1800,5,0,16,9,66736860,4739,12265080,870,14106
1801,4,0,18,7,66749460,4740,12265080,869,14110
1802,2,0,16,9,66766560,4739,12265080,869,14112
1803,6,0,18,7,66781020,4739,12265080,869,14118
1804,5,0,21,4,66794280,4739,12265080,869,14123
1805,5,0,20,5,66830400,4740,12265080,868,14128
1806,4,0,20,5,66849480,4740,12265080,868,14132
1807,9,0,25,0,66871020,4740,12265080,867,14141
1808,9,0,25,0,66902340,4739,12265080,867,14150
1809,13,5,25,0,66936720,4739,12266820,866,14163
1810,11,7,25,0,66987600,4740,12277500,866,14174
1811,11,12,25,0,67017540,4740,12289020,867,14185
1812,13,18,25,0,67064580,4741,12296940,866,14198
1813,13,25,25,0,67098060,4741,12303840,866,14211
1814,13,27,25,0,67158960,4742,12338760,868,14224
1815,15,34,25,0,67200360,4742,12349800,868,14239
1816,12,39,25,0,67240500,4742,12364860,868,14251
1817,9,40,25,0,67264200,4743,12371760,868,14260
1818,12,40,25,0,67324560,4744,12459420,874,14272
1819,9,37,25,0,67371300,4745,12508920,877,14281
1820,4,30,25,0,67422180,4745,12628380,885,14285
1821,8,27,25,0,67466340,4744,12736920,892,14293
1822,3,18,25,0,67507680,4743,12997020,910,14296
1823,6,9,25,0,67553160,4741,13286040,930,14302
1824,12,3,25,0,67582860,4737,13566060,949,14314
1825,6,3,25,0,67624260,4738,13577220,949,14320
1826,6,0,22,3,67680900,4738,13586160,949,14326
1827,7,0,20,5,67717020,4738,13586640,949,14333
1828,6,0,20,5,67745940,4738,13586640,948,14339
1829,7,0,24,1,67769640,4738,13586640,948,14346
1830,6,0,22,3,67802940,4738,13586640,948,14352
1831,7,0,21,4,67838400,4738,13586640,947,14359
1832,4,0,22,3,67859460,4738,13586640,947,14363
1833,10,1,25,0,67899300,4739,13589760,946,14373
1834,10,0,25,0,67942860,4738,13592160,946,14383
1835,7,0,23,2,67979280,4738,13592160,945,14390
1836,11,0,25,0,68020200,4738,13594380,945,14401
1837,7,0,25,0,68062140,4739,13597380,945,14408
1838,10,1,25,0,68104800,4739,13597980,944,14418
1839,12,5,25,0,68142600,4739,13603620,944,14430
1840,15,11,25,0,68189940,4739,13613640,943,14445
1841,10,14,25,0,68231580,4739,13623120,943,14455
1842,9,16,25,0,68273400,4740,13630320,943,14464
1843,9,20,25,0,68307420,4741,13635840,943,14473
1844,5,16,25,0,68365260,4742,13698900,947,14478
1845,5,12,25,0,68404620,4742,13741980,950,14483
1846,7,10,25,0,68450940,4742,13813440,954,14490
1847,4,0,23,2,68497800,4740,13972920,965,14494
1848,5,0,19,6,68526780,4739,13972920,965,14499
1849,8,0,20,5,68564760,4739,13972920,964,14507
1850,7,0,23,2,68584620,4739,13972920,964,14514
1851,8,0,24,1,68615220,4739,13972920,963,14522
1852,7,0,24,1,68645940,4739,13972920,963,14529
1853,7,0,21,4,68698920,4739,13975260,962,14536
1854,6,0,21,4,68723340,4739,13975260,962,14542
1855,6,0,23,2,68738820,4739,13975260,962,14548
1856,9,1,25,0,68774520,4739,13975680,961,14557
1857,5,0,23,2,68817900,4740,13977000,961,14562
1858,13,5,25,0,68851800,4740,13977480,960,14575
1859,9,6,25,0,68890020,4740,13989600,960,14584
1860,9,8,25,0,68932920,4741,13998900,960,14593
1861,9,11,25,0,68973780,4742,14005800,960,14602
1862,15,15,25,0,69029760,4742,14013660,960,14617
1863,10,15,25,0,69076980,4742,14025240,960,14627
1864,9,17,25,0,69110100,4742,14034060,960,14636
1865,10,20,25,0,69146880,4742,14045700,960,14646
1866,10,21,25,0,69195840,4743,14076300,961,14656
1867,7,19,25,0,69246360,4743,14092140,962,14663
1868,10,21,25,0,69289440,4743,14131140,964,14673
1869,6,21,25,0,69328980,4744,14138460,964,14679
1870,2,15,25,0,69378120,4745,14242380,971,14681
1871,7,12,25,0,69418320,4744,14305440,975,14688
1872,7,10,25,0,69458460,4744,14368140,979,14695
1873,4,7,25,0,69495420,4745,14545440,991,14699
1874,2,0,17,8,69554880,4743,14777400,1006,14701
1875,6,0,18,7,69569400,4742,14777400,1006,14707
1876,7,0,21,4,69580740,4742,14777400,1005,14714
1877,3,0,18,7,69605280,4742,14777400,1005,14717
1878,4,0,18,7,69631440,4742,14777400,1005,14721
1879,9,0,24,1,69648840,4742,14777520,1004,14730
1880,9,3,25,0,69664500,4742,14777520,1004,14739
1881,8,0,24,1,69717780,4742,14779980,1003,14747
1882,9,2,25,0,69750060,4742,14783040,1003,14756
1883,5,0,23,2,69794580,4742,14788920,1003,14761
1884,13,6,25,0,69829440,4743,14789220,1002,14774
1885,11,10,25,0,69867900,4743,14795520,1002,14785
1886,4,6,25,0,69914160,4744,14820120,1003,14789
1887,12,5,25,0,69966180,4743,14850720,1004,14801
1888,10,5,25,0,70006200,4742,14856240,1004,14811
1889,11,2,25,0,70056720,4741,14902080,1006,14822
1890,11,4,25,0,70082220,4740,14906160,1006,14833
1891,9,3,25,0,70128420,4740,14915880,1006,14842
1892,7,0,22,3,70182900,4740,14920380,1006,14849
1893,5,0,18,7,70224480,4740,14920380,1005,14854
1894,9,0,24,1,70239300,4740,14920380,1005,14863
1895,5,0,25,0,70258680,4740,14920380,1004,14868
1896,1,0,22,3,70276380,4740,14920380,1004,14869
1897,3,0,15,10,70344960,4741,14920380,1004,14872
1898,2,0,16,9,70351980,4741,14920380,1004,14874
1899,4,0,19,6,70358160,4741,14920380,1004,14878
1900,6,0,20,5,70378680,4741,14920380,1003,14884
1901,1,0,16,9,70403940,4741,14920380,1003,14885
1902,5,0,18,7,70423740,4742,14920380,1003,14890
1903,4,0,20,5,70431960,4741,14920380,1003,14894
1904,9,0,23,2,70462080,4742,14920380,1002,14903
1905,9,0,25,0,70488060,4741,14920920,1002,14912
1906,8,3,25,0,70516200,4741,14923860,1001,14920
1907,8,1,25,0,70567500,4742,14936040,1001,14928
1908,10,2,25,0,70611540,4742,14945220,1002,14938
1909,12,7,25,0,70650900,4742,14951160,1001,14950
1910,19,21,25,0,70678560,4742,14956440,1000,14969
1911,6,18,25,0,70735980,4743,14974500,1001,14975
1912,5,16,25,0,70775340,4744,15000180,1002,14980
1913,6,14,25,0,70826520,4745,15048180,1005,14986
1914,8,12,25,0,70871940,4745,15098280,1008,14994
1915,7,13,25,0,70898580,4744,15104220,1008,15001
1916,10,16,25,0,70950360,4746,15109980,1008,15011
1917,10,17,25,0,71004240,4746,15122820,1008,15021
1918,3,13,25,0,71036760,4746,15208800,1013,15024
1919,4,6,25,0,71083260,4746,15396000,1025,15028
1920,10,0,22,3,71142360,4744,15484320,1031,15038
1921,6,0,18,7,71176140,4743,15484320,1030,15044
1922,8,0,23,2,71194740,4743,15484320,1030,15052
1923,7,0,22,3,71229240,4743,15484380,1029,15059
1924,8,2,25,0,71245920,4743,15484380,1029,15067
1925,6,0,22,3,71303700,4744,15485460,1028,15073
1926,9,1,25,0,71332380,4744,15490560,1028,15082
1927,10,4,25,0,71366940,4744,15494220,1028,15092
1928,10,7,25,0,71405760,4744,15500880,1028,15102
1929,8,8,25,0,71452440,4745,15510720,1027,15110
1930,8,11,25,0,71488200,4746,15525600,1028,15118
1931,5,3,25,0,71557800,4747,15583140,1031,15123
1932,14,4,25,0,71600820,4745,15595140,1031,15137
1933,12,6,25,0,71646360,4745,15602760,1031,15149
1934,11,9,25,0,71681580,4745,15613680,1031,15160
1935,10,13,25,0,71717640,4746,15624300,1031,15170
1936,10,14,25,0,71765640,4746,15648840,1032,15180
1937,12,18,25,0,71808180,4746,15658560,1032,15192
1938,9,20,25,0,71842560,4746,15678240,1032,15201
1939,13,24,25,0,71897940,4747,15692580,1032,15214
1940,13,32,25,0,71926080,4747,15717600,1033,15227
1941,9,35,25,0,71970600,4748,15724920,1033,15236
1942,6,34,25,0,72023580,4750,15743580,1034,15242
1943,4,31,25,0,72063540,4750,15796020,1037,15246
1944,9,31,25,0,72110700,4751,15889320,1043,15255
1945,6,28,25,0,72160380,4751,15946200,1046,15261
1946,9,30,25,0,72193020,4751,15956520,1046,15270
1947,4,23,25,0,72240840,4751,16022280,1050,15274
1948,5,21,25,0,72273240,4751,16103160,1055,15279
1949,5,16,25,0,72335340,4752,16379040,1073,15284
1950,6,11,25,0,72373680,4751,16635900,1089,15290
1951,7,0,24,1,72426900,4748,17055240,1116,15297
1952,9,0,25,0,72457800,4748,17055240,1115,15306
1953,10,2,25,0,72484020,4747,17059020,1115,15316
1954,10,0,25,0,72541260,4747,17067420,1115,15326
1955,10,0,22,3,72579660,4745,17067660,1114,15336
1956,15,0,25,0,72629940,4745,17069160,1113,15351
1957,10,6,25,0,72645360,4745,17070480,1112,15361
1958,13,9,25,0,72707280,4746,17080920,1112,15374
1959,7,10,25,0,72742740,4746,17092080,1112,15381
1960,6,9,25,0,72787200,4747,17130540,1114,15387
1961,4,1,25,0,72831960,4746,17212260,1119,15391
1962,11,0,22,3,72880740,4745,17212320,1119,15402
1963,5,0,18,7,72909840,4744,17212320,1118,15407
1964,5,0,19,6,72931500,4744,17212320,1118,15412
1965,4,0,18,7,72951120,4744,17212320,1118,15416
1966,6,0,23,2,72951780,4743,17212320,1117,15422
1967,5,0,21,4,72986220,4743,17212320,1117,15427
1968,7,0,21,4,73025460,4744,17212320,1116,15434
1969,3,0,18,7,73046460,4743,17212320,1116,15437
1970,8,0,19,6,73082760,4744,17212320,1115,15445
1971,5,0,20,5,73097760,4743,17212320,1115,15450
1972,5,0,19,6,73125660,4743,17212320,1115,15455
1973,4,0,18,7,73147020,4743,17212320,1114,15459
1974,5,0,21,4,73161960,4743,17212320,1114,15464
1975,8,0,23,2,73184220,4743,17212320,1113,15472
1976,7,0,22,3,73219140,4743,17212320,1113,15479
1977,8,0,23,2,73254780,4743,17212440,1112,15487
1978,6,0,23,2,73284000,4743,17212440,1112,15493
1979,7,0,21,4,73324080,4743,17212440,1111,15500
1980,12,3,25,0,73342380,4743,17213160,1111,15512
1981,11,4,25,0,73398120,4743,17218800,1110,15523
1982,14,13,25,0,73426500,4743,17225100,1110,15537
1983,11,15,25,0,73481220,4744,17237460,1110,15548
1984,6,14,25,0,73516020,4744,17250720,1110,15554
1985,11,14,25,0,73567380,4744,17297880,1112,15565
1986,5,10,25,0,73610940,4744,17336100,1114,15570
1987,8,0,25,0,73649460,4741,17484840,1123,15578
1988,2,0,20,5,73686960,4742,17484840,1123,15580
1989,3,0,16,9,73723080,4742,17484840,1123,15583
1990,4,0,17,8,73737780,4742,17484840,1123,15587
1991,5,0,20,5,73745460,4742,17484840,1122,15592
1992,3,0,17,8,73776900,4742,17484840,1122,15595
1993,3,0,17,8,73792680,4742,17484840,1122,15598
1994,2,0,16,9,73801140,4742,17484840,1122,15600
1995,9,0,21,4,73816260,4741,17484840,1121,15609
1996,6,0,21,4,73847340,4742,17484840,1121,15615
1997,7,0,22,3,73876740,4742,17484840,1120,15622
1998,6,0,22,3,73905540,4742,17484840,1120,15628
1999,10,0,22,3,73938780,4741,17484840,1119,15638
2000,10,0,24,1,73973700,4740,17484840,1118,15648
2001,7,2,25,0,73995660,4741,17487600,1118,15655
2002,10,3,25,0,74047860,4741,17496420,1118,15665
2003,5,0,25,0,74087460,4741,17501700,1118,15670
2004,12,5,25,0,74125980,4742,17507040,1117,15682
2005,9,6,25,0,74168940,4742,17515620,1117,15691
2006,11,4,25,0,74229900,4742,17532660,1118,15702
2007,9,0,25,0,74277360,4741,17555100,1118,15711
2008,5,0,25,0,74301660,4741,17557560,1118,15716
2009,7,0,24,1,74348040,4742,17557560,1118,15723
2010,11,1,25,0,74389560,4742,17557680,1117,15734
2011,8,1,25,0,74433120,4742,17560500,1117,15742
2012,4,0,20,5,74474280,4742,17560500,1116,15746
2013,10,0,24,1,74503920,4742,17560860,1116,15756
2014,10,2,25,0,74535960,4742,17560860,1115,15766
2015,2,0,20,5,74578200,4742,17563740,1115,15768
2016,7,0,21,4,74608860,4742,17563740,1114,15775
2017,3,0,23,2,74610720,4742,17563740,1114,15778
2018,5,2,25,0,74614020,4741,17563740,1114,15783
2019,4,1,25,0,74636280,4741,17569980,1114,15787
2020,3,1,25,0,74651040,4741,17574660,1114,15790
2021,7,6,25,0,74659980,4741,17577540,1114,15797
2022,10,12,25,0,74682180,4742,17585520,1114,15807
2023,9,18,25,0,74695620,4741,17589840,1114,15816
2024,8,22,25,0,74723040,4742,17593920,1113,15824
2025,10,31,25,0,74729940,4742,17594640,1113,15834
2026,12,39,25,0,74755020,4743,17608440,1113,15846
2027,10,40,25,0,74765820,4743,17612400,1112,15856
2028,12,40,25,0,74789880,4743,17640600,1114,15868
2029,12,40,25,0,74810100,4743,17656440,1115,15880
2030,11,40,25,0,74816400,4743,17657880,1115,15891
2031,4,40,25,0,74840700,4743,17684400,1116,15895
2032,14,40,25,0,74861220,4744,17691240,1116,15909
2033,10,40,25,0,74880120,4744,17701920,1117,15919
2034,8,40,25,0,74901780,4744,17782020,1121,15927
2035,5,40,25,0,74913480,4744,17816340,1123,15932
2036,2,36,25,0,74944620,4745,17934480,1131,15934
2037,6,39,25,0,74954400,4745,17992200,1134,15940
2038,6,39,25,0,74971740,4745,18002160,1134,15946
2039,3,38,25,0,74990520,4745,18017820,1135,15949
2040,6,40,25,0,75006660,4745,18079560,1139,15955
2041,3,40,25,0,75022740,4745,18084540,1139,15958
2042,10,40,25,0,75037440,4745,18098040,1140,15968
2043,3,37,25,0,75063240,4746,18149880,1143,15971
2044,5,38,25,0,75083880,4746,18177600,1144,15976
2045,11,40,25,0,75090180,4746,18180120,1144,15987
2046,6,39,25,0,75111960,4746,18198780,1145,15993
2047,5,39,25,0,75135060,4746,18297480,1151,15998
2048,9,40,25,0,75149520,4746,18472440,1162,16007
2049,3,40,25,0,75164940,4747,18480060,1162,16010
2050,11,40,25,0,75187440,4747,18581040,1168,16021
2051,10,40,25,0,75203520,4747,18792060,1181,16031
2052,15,40,25,0,75222780,4747,18899220,1187,16046
2053,4,40,25,0,75241020,4747,19104720,1200,16050
2054,9,40,25,0,75252780,4747,19211820,1207,16059
2055,11,40,25,0,75278160,4747,19454700,1222,16070
2056,10,39,25,0,75294120,4748,19465200,1222,16080
2057,10,39,25,0,75310440,4748,19587780,1230,16090
2058,7,38,25,0,75338460,4748,19593420,1230,16097
2059,9,40,25,0,75348840,4748,19726380,1238,16106
2060,6,40,25,0,75372180,4748,19872540,1246,16112
2061,7,40,25,0,75388320,4748,19881000,1247,16119
2062,5,40,25,0,75395100,4748,19886760,1247,16124
2063,6,40,25,0,75413520,4748,19897740,1248,16130
2064,7,39,25,0,75446580,4748,20008920,1254,16137
2065,2,39,25,0,75455160,4748,20013300,1254,16139
2066,10,40,25,0,75476880,4749,20176860,1264,16149
2067,8,40,25,0,75495960,4749,20184300,1264,16157
2068,7,40,25,0,75509880,4749,20187900,1264,16164
2069,7,38,25,0,75533880,4749,20285340,1270,16171
2070,4,40,25,0,75547260,4749,20363700,1275,16175
2071,8,39,25,0,75567060,4749,20528940,1285,16183
2072,3,37,25,0,75588780,4749,20535120,1285,16186
2073,13,40,25,0,75591480,4749,20536860,1285,16199
2074,8,39,25,0,75622920,4749,20607600,1289,16207
2075,13,40,25,0,75631920,4749,20611620,1289,16220
2076,9,39,25,0,75658980,4750,20620140,1289,16229
2077,18,39,25,0,75680400,4750,20625360,1289,16247
2078,5,39,25,0,75691020,4750,20812920,1300,16252
2079,11,40,25,0,75707820,4750,21060480,1316,16263
2080,13,40,25,0,75727260,4750,21089220,1317,16276
2081,7,38,25,0,75753480,4750,21097200,1317,16283
2082,11,40,25,0,75758220,4750,21098640,1317,16294
2083,4,37,25,0,75787080,4750,21158760,1321,16298
2084,6,39,25,0,75792420,4750,21209580,1324,16304
2085,14,39,25,0,75820860,4750,21214800,1324,16318
2086,5,37,25,0,75842040,4751,21256800,1326,16323
2087,5,40,25,0,75849960,4751,21283800,1327,16328
2088,2,38,25,0,75872340,4751,21294900,1328,16330
2089,2,35,25,0,75900120,4751,21507120,1341,16332
2090,10,40,25,0,75902460,4751,21508860,1341,16342
2091,5,40,25,0,75927240,4751,21515940,1341,16347
2092,6,40,25,0,75934980,4751,21574020,1344,16353
2093,2,37,25,0,75956160,4751,21751020,1355,16355
2094,5,39,25,0,75977460,4752,21752760,1355,16360
2095,7,39,25,0,75997560,4752,21759240,1355,16367
2096,10,40,25,0,76012860,4752,21764160,1355,16377
2097,11,40,25,0,76026240,4752,21764340,1355,16388
2098,13,39,25,0,76045140,4753,21769620,1355,16401
2099,9,40,25,0,76066020,4753,21780600,1355,16410
2100,11,39,25,0,76084860,4753,22069920,1373,16421
2101,6,39,25,0,76101540,4753,22347900,1390,16427
2102,6,40,25,0,76123680,4753,22575780,1404,16433
2103,12,40,25,0,76139160,4753,22587960,1404,16445
2104,13,40,25,0,76159200,4754,22596300,1404,16458
2105,7,40,25,0,76180320,4753,22608900,1405,16465
2106,11,40,25,0,76196700,4753,22789020,1416,16476
2107,6,40,25,0,76209180,4753,22791300,1415,16482
2108,4,39,25,0,76228200,4753,22803180,1416,16486
2109,2,38,25,0,76247160,4754,23016120,1429,16488
2110,7,40,25,0,76272000,4754,23018400,1429,16495
2111,2,39,25,0,76284360,4754,23024040,1429,16497
2112,3,38,25,0,76306620,4754,23049780,1430,16500
2113,9,40,25,0,76316220,4754,23052840,1430,16509
2114,7,39,25,0,76345440,4754,23063940,1430,16516
2115,1,36,25,0,76363140,4754,23319240,1446,16517
2116,8,40,25,0,76377900,4754,23320260,1445,16525
2117,8,38,25,0,76396860,4754,23338440,1446,16533
2118,6,40,25,0,76410780,4754,23348220,1446,16539
2119,11,40,25,0,76423500,4754,23359080,1447,16550
2120,12,40,25,0,76453260,4754,23368980,1447,16562
2121,12,39,25,0,76466160,4754,23380920,1448,16574
2122,7,40,25,0,76485660,4754,23734800,1469,16581
2123,5,40,25,0,76496820,4754,23736660,1469,16586
2124,13,40,25,0,76514160,4754,23747160,1469,16599
2125,9,40,25,0,76536720,4754,23760600,1470,16608
2126,11,39,25,0,76563720,4754,24050340,1487,16619
2127,13,40,25,0,76580760,4754,24056580,1487,16632
2128,12,40,25,0,76583880,4754,24058680,1487,16644
2129,9,36,25,0,76620660,4754,24707340,1527,16653
2130,13,40,25,0,76628520,4753,24709860,1526,16666
2131,7,40,25,0,76638960,4753,24711240,1526,16673
2132,10,40,25,0,76653840,4754,24722460,1527,16683
2133,4,38,25,0,76683720,4754,25136220,1552,16687
2134,3,37,25,0,76704420,4754,25139940,1552,16690
2135,5,40,25,0,76717740,4755,25143780,1552,16695
2136,2,38,25,0,76743060,4755,25153320,1552,16697
2137,6,39,25,0,76750440,4755,25157640,1552,16703
2138,6,40,25,0,76766580,4755,25160880,1552,16709
2139,5,39,25,0,76790700,4756,25189560,1554,16714
2140,10,40,25,0,76806780,4756,25193220,1553,16724
2141,6,40,25,0,76824480,4756,25201080,1554,16730
2142,17,39,25,0,76846500,4756,25628040,1580,16747
2143,12,40,25,0,76864560,4756,25631100,1579,16759
2144,10,39,25,0,76884900,4756,25635480,1579,16769
2145,6,39,25,0,76900140,4756,25655820,1580,16775
2146,6,38,25,0,76920000,4756,25992780,1600,16781
2147,11,40,25,0,76932240,4755,25996020,1600,16792
2148,9,40,25,0,76943460,4756,26003580,1601,16801
2149,19,39,25,0,76967580,4756,26018940,1601,16820
2150,9,40,25,0,76988280,4757,26026620,1601,16829
2151,12,39,25,0,77010780,4756,26037660,1602,16841
2152,11,39,25,0,77023020,4756,26043960,1602,16852
2153,13,39,25,0,77045460,4756,26415600,1624,16865
2154,10,40,25,0,77062320,4756,26424840,1624,16875
2155,9,40,25,0,77081160,4756,26427360,1624,16884
2156,5,40,25,0,77085600,4756,26429880,1624,16889
2157,7,39,25,0,77116080,4756,26724360,1642,16896
2158,8,40,25,0,77130840,4755,26930760,1654,16904
2159,5,39,25,0,77147700,4755,26934660,1653,16909
2160,1,37,25,0,77164320,4755,26953440,1654,16910
2161,5,40,25,0,77179920,4756,26958540,1655,16915
2162,4,38,25,0,77205480,4756,26967180,1655,16919
2163,7,39,25,0,77226900,4756,26976960,1655,16926
2164,1,39,25,0,77233200,4756,26982420,1655,16927
2165,4,39,25,0,77259120,4757,26997900,1656,16931
2166,7,40,25,0,77269560,4757,27002940,1656,16938
2167,10,38,25,0,77293380,4757,27015420,1656,16948
2168,7,40,25,0,77300340,4758,27016740,1656,16955
2169,6,40,25,0,77321940,4758,27029640,1656,16961
2170,11,39,25,0,77355360,4758,27330840,1674,16972
2171,9,40,25,0,77356320,4758,27331080,1674,16981
2172,9,40,25,0,77381220,4758,27344880,1675,16990
2173,14,40,25,0,77398620,4758,27349800,1674,17004
2174,11,40,25,0,77417400,4758,27354060,1674,17015
2175,15,39,25,0,77442540,4758,27560220,1687,17030
2176,17,40,25,0,77455080,4758,27565020,1686,17047
2177,15,40,25,0,77473500,4758,27570900,1686,17062
2178,8,40,25,0,77487600,4758,27580440,1687,17070
2179,7,40,25,0,77517360,4758,27766560,1697,17077
2180,11,39,25,0,77528880,4758,27772380,1697,17088
2181,4,38,25,0,77551680,4758,27778080,1697,17092
2182,4,39,25,0,77559420,4758,27779700,1697,17096
2183,6,38,25,0,77586600,4758,27784020,1697,17102
2184,4,40,25,0,77596620,4758,27786780,1697,17106
2185,6,39,25,0,77616780,4757,27905640,1703,17112
2186,9,39,25,0,77641200,4758,27911580,1703,17121
2187,5,38,25,0,77659500,4758,28021740,1710,17126
2188,12,40,25,0,77670300,4757,28024920,1709,17138
2189,4,38,25,0,77693220,4757,28037040,1710,17142
2190,2,32,25,0,77708820,4756,30538140,1862,17144
2191,9,33,25,0,77729820,4755,31270200,1906,17153
2192,9,40,25,0,77736900,4755,31272840,1906,17162
2193,3,40,25,0,77754600,4755,31279860,1905,17165
2194,10,40,25,0,77772360,4755,31295640,1906,17175
2195,14,40,25,0,77802360,4756,31336800,1908,17189
2196,17,40,25,0,77810460,4756,31348560,1908,17206
2197,7,40,25,0,77834520,4756,31365300,1909,17213
2198,8,40,25,0,77845680,4756,31381440,1910,17221
2199,6,39,25,0,77870760,4756,31420920,1911,17227
2200,8,40,25,0,77889060,4756,31448460,1913,17235
2201,13,40,25,0,77908080,4756,31477740,1914,17248
2202,11,40,25,0,77921220,4756,31483500,1914,17259
2203,14,40,25,0,77945220,4756,31486620,1913,17273
2204,4,39,25,0,77956380,4756,31495680,1914,17277
2205,10,40,25,0,77980020,4756,31550460,1916,17287
2206,3,39,25,0,77994240,4756,31560240,1917,17290
2207,2,38,25,0,78009540,4756,31567320,1917,17292
2208,8,39,25,0,78029160,4756,31569840,1917,17300
2209,4,34,25,0,78057420,4756,32316960,1962,17304
2210,4,34,25,0,78063360,4755,32439660,1969,17308
2211,3,32,25,0,78090720,4755,33187560,2014,17311
2212,4,33,25,0,78099960,4755,33189180,2013,17315
2213,7,38,25,0,78115440,4755,33192480,2013,17322
2214,9,39,25,0,78147000,4756,33208560,2013,17331
2215,4,39,25,0,78152220,4756,33211620,2013,17335
2216,7,40,25,0,78170820,4756,33218280,2013,17342
2217,7,40,25,0,78195540,4756,33229140,2013,17349
2218,10,40,25,0,78211560,4756,33231300,2013,17359
2219,11,37,25,0,78240360,4756,33267600,2014,17370
2220,8,40,25,0,78245160,4756,33270120,2014,17378
2221,7,37,25,0,78267360,4756,33307680,2016,17385
2222,10,40,25,0,78282960,4756,33311640,2016,17395
2223,18,40,25,0,78290700,4756,33316260,2016,17413
2224,14,40,25,0,78325260,4757,33330360,2016,17427
2225,7,40,25,0,78338220,4756,33371280,2018,17434
2226,9,39,25,0,78352440,4756,33421080,2021,17443
2227,6,40,25,0,78374460,4756,33434280,2021,17449
2228,7,39,25,0,78392760,4756,33460680,2022,17456
2229,8,39,25,0,78410400,4756,33472920,2022,17464
2230,1,28,25,0,78437340,4754,36174060,2185,17465
2231,7,26,25,0,78449280,4752,38687460,2336,17472
2232,11,32,25,0,78466740,4752,38693580,2335,17483
2233,3,32,25,0,78484020,4752,38699580,2335,17486
2234,5,35,25,0,78493560,4752,38703540,2334,17491
2235,7,38,25,0,78519240,4752,38705400,2334,17498
2236,6,38,25,0,78535800,4752,38732280,2335,17504
2237,5,40,25,0,78547740,4752,38747100,2335,17509
2238,10,40,25,0,78569940,4753,38761020,2336,17519
2239,6,39,25,0,78591120,4753,38787780,2337,17525
2240,10,40,25,0,78603480,4754,38815080,2338,17535
2241,11,40,25,0,78630720,4754,38843820,2339,17546
2242,10,40,25,0,78636720,4754,38849760,2339,17556
2243,5,37,25,0,78668160,4755,38900580,2342,17561
2244,10,40,25,0,78676380,4755,38943180,2344,17571
2245,4,40,25,0,78694980,4754,38954880,2344,17575
2246,8,40,25,0,78711540,4755,39003600,2347,17583
2247,9,38,25,0,78735180,4755,39020040,2347,17592
2248,5,40,25,0,78749880,4755,39020940,2347,17597
2249,12,39,25,0,78770700,4755,39066240,2349,17609
2250,9,39,25,0,78784320,4755,39108600,2351,17618
2251,1,35,25,0,78807900,4755,39214980,2357,17619
2252,9,39,25,0,78830340,4755,39219240,2356,17628
2253,5,39,25,0,78836400,4755,39222780,2356,17633
2254,5,40,25,0,78863400,4755,39234720,2357,17638
2255,12,40,25,0,78872760,4755,39314820,2361,17650
2256,3,36,25,0,78898860,4756,39386520,2365,17653
2257,4,35,25,0,78919860,4755,39522540,2373,17657
2258,5,36,25,0,78935820,4755,39527760,2372,17662
2259,6,40,25,0,78946440,4755,39535500,2372,17668
2260,5,40,25,0,78963840,4755,39552840,2373,17673
2261,5,40,25,0,78983700,4756,39567180,2373,17678
2262,6,40,25,0,78997200,4756,39576420,2373,17684
2263,9,39,25,0,79027740,4756,39599700,2374,17693
2264,7,40,25,0,79039680,4756,39608640,2374,17700
2265,7,39,25,0,79061880,4757,39621000,2374,17707
2266,13,38,25,0,79079700,4757,39635700,2375,17720
2267,8,39,25,0,79089660,4757,39666420,2376,17728
2268,10,38,25,0,79120440,4757,39682320,2377,17738
2269,11,40,25,0,79129560,4757,39684000,2376,17749
2270,8,39,25,0,79146240,4757,39692700,2376,17757
2271,10,40,25,0,79161300,4757,39704160,2377,17767
2272,14,40,25,0,79184340,4757,39707640,2376,17781
2273,7,40,25,0,79195200,4757,39717480,2376,17788
2274,6,40,25,0,79217100,4757,39731580,2377,17794
2275,3,35,25,0,79245120,4757,39939600,2389,17797
2276,7,39,25,0,79253280,4757,39942900,2388,17804
2277,6,39,25,0,79271340,4757,39946980,2388,17810
2278,8,40,25,0,79287720,4757,39955020,2388,17818
2279,10,39,25,0,79314780,4757,39968100,2388,17828
2280,3,39,25,0,79324740,4757,39975900,2388,17831
2281,2,32,25,0,79353780,4756,40938660,2445,17833
2282,6,28,25,0,79371000,4754,42526320,2539,17839
2283,6,32,25,0,79379940,4754,42528900,2538,17845
2284,6,33,25,0,79406580,4754,42538500,2538,17851
2285,8,38,25,0,79416540,4754,42541020,2537,17859
2286,8,40,25,0,79434780,4754,42543540,2536,17867
2287,10,39,25,0,79453260,4755,42561540,2537,17877
2288,8,40,25,0,79464900,4754,42585180,2538,17885
2289,7,40,25,0,79487100,4755,42614220,2539,17892
2290,9,40,25,0,79511460,4755,42647100,2540,17901
2291,14,40,25,0,79525740,4755,42682200,2542,17915
2292,18,40,25,0,79536960,4755,42687840,2542,17933
2293,17,40,25,0,79560840,4755,42694260,2542,17950
2294,11,40,25,0,79583160,4755,42754620,2545,17961
2295,8,40,25,0,79603560,4755,42815520,2548,17969
2296,7,40,25,0,79616160,4755,42819900,2548,17976
2297,11,39,25,0,79637220,4755,42874620,2550,17987
2298,10,40,25,0,79655880,4755,42911280,2552,17997
2299,6,39,25,0,79669080,4755,42917820,2551,18003
2300,10,38,25,0,79689180,4754,43012200,2556,18013
2301,8,39,25,0,79701840,4754,43020300,2556,18021
2302,4,39,25,0,79722720,4755,43026960,2556,18025
2303,5,39,25,0,79744800,4755,43048080,2557,18030
2304,4,39,25,0,79757460,4755,43054620,2557,18034
2305,9,39,25,0,79780620,4755,43061100,2557,18043
2306,4,40,25,0,79792320,4755,43065000,2557,18047
2307,5,39,25,0,79815360,4755,43093560,2557,18052
2308,5,40,25,0,79826460,4755,43096500,2557,18057
2309,5,39,25,0,79853460,4756,43108740,2558,18062
2310,5,39,25,0,79871100,4755,43314360,2569,18067
2311,13,40,25,0,79884720,4755,43317420,2568,18080
2312,16,40,25,0,79895640,4755,43318740,2568,18096
2313,14,40,25,0,79922580,4755,43354320,2570,18110
2314,11,40,25,0,79938300,4755,43499700,2578,18121
2315,13,40,25,0,79957500,4755,43502100,2577,18134
2316,3,37,25,0,79978920,4754,43758780,2592,18137
2317,13,40,25,0,79991700,4754,43761180,2591,18150
2318,8,40,25,0,80008560,4754,43772220,2591,18158
2319,5,40,25,0,80021880,4754,43782720,2591,18163
2320,14,40,25,0,80050860,4755,43794240,2591,18177
2321,9,38,25,0,80072220,4755,43893540,2597,18186
2322,8,40,25,0,80085600,4754,43938780,2599,18194
2323,7,39,25,0,80097000,4754,43943700,2598,18201
2324,12,40,25,0,80118660,4755,43956660,2599,18213
2325,7,39,25,0,80137920,4755,43962840,2598,18220
2326,4,39,25,0,80156640,4755,43977360,2599,18224
2327,3,37,25,0,80178960,4755,43986480,2599,18227
2328,12,40,25,0,80192220,4755,43988520,2598,18239
2329,6,40,25,0,80196900,4755,43989600,2598,18245
2330,4,36,25,0,80227860,4755,44176140,2608,18249
2331,8,39,25,0,80250660,4755,44183160,2608,18257
2332,2,39,25,0,80262180,4755,44188800,2608,18259
2333,3,38,25,0,80285160,4755,44209500,2609,18262
2334,5,40,25,0,80296740,4755,44217420,2609,18267
2335,9,40,25,0,80321160,4755,44226900,2609,18276
2336,11,38,25,0,80339760,4755,44245800,2609,18287
2337,11,40,25,0,80353980,4755,44251020,2609,18298
2338,7,40,25,0,80366880,4755,44255100,2609,18305
2339,11,40,25,0,80384220,4755,44267040,2609,18316
2340,12,40,25,0,80408820,4755,44272860,2608,18328
2341,11,39,25,0,80422320,4756,44310180,2610,18339
2342,17,40,25,0,80445780,4756,44313780,2610,18356
2343,10,40,25,0,80456520,4756,44320440,2610,18366
2344,9,40,25,0,80476620,4756,44323920,2609,18375
2345,9,40,25,0,80499780,4756,44362200,2611,18384
2346,7,39,25,0,80515680,4756,44373960,2611,18391
2347,7,37,25,0,80539020,4756,44391000,2612,18398
2348,12,40,25,0,80556240,4756,44400240,2611,18410
2349,5,39,25,0,80566680,4756,44404200,2611,18415
2350,10,40,25,0,80581980,4756,44408520,2611,18425
2351,4,39,25,0,80604780,4756,44416740,2611,18429
2352,12,39,25,0,80626980,4757,44433660,2611,18441
2353,7,39,25,0,80647500,4756,44458380,2612,18448
2354,8,37,25,0,80666280,4756,44620200,2621,18456
2355,5,38,25,0,80675280,4755,44838960,2633,18461
2356,7,40,25,0,80689380,4756,44840340,2633,18468
2357,4,39,25,0,80710380,4756,44850120,2633,18472
2358,5,40,25,0,80723520,4756,44853900,2633,18477
2359,6,40,25,0,80741760,4757,44856360,2633,18483
2360,17,40,25,0,80766360,4757,44886780,2634,18500
2361,7,40,25,0,80779440,4757,44892960,2633,18507
2362,4,36,25,0,80811180,4757,45710760,2681,18511
2363,12,40,25,0,80826540,4756,45714000,2680,18523
2364,5,40,25,0,80839260,4756,45723540,2680,18528
2365,19,40,25,0,80845620,4756,45728940,2680,18547
2366,11,40,25,0,80878260,4757,45751980,2681,18558
2367,5,38,25,0,80899380,4757,45763800,2681,18563
2368,12,39,25,0,80913660,4757,45768000,2680,18575
2369,4,37,25,0,80936400,4757,45988200,2693,18579
2370,8,36,25,0,80956620,4756,46169940,2703,18587
2371,6,37,25,0,80961780,4755,46367820,2713,18593
2372,5,38,25,0,80985720,4756,46372620,2713,18598
2373,8,40,25,0,81002580,4756,46381020,2713,18606
2374,3,40,25,0,81013320,4756,46387080,2713,18609
2375,7,40,25,0,81027060,4756,46396320,2713,18616
2376,4,38,25,0,81057780,4757,46414680,2714,18620
2377,6,40,25,0,81076020,4757,46417920,2713,18626
2378,3,39,25,0,81088380,4757,46425120,2713,18629
2379,6,40,25,0,81094500,4757,46426200,2713,18635
2380,6,39,25,0,81134220,4758,46446600,2714,18641
2381,9,37,25,0,81154740,4757,46455960,2713,18650
2382,4,37,25,0,81166380,4757,46705380,2727,18654
2383,9,39,25,0,81178500,4757,46877760,2736,18663
2384,4,39,25,0,81202080,4757,46886160,2736,18667
2385,10,39,25,0,81219120,4757,46939260,2739,18677
2386,9,40,25,0,81234900,4757,46943520,2738,18686
2387,17,40,25,0,81246480,4757,46947900,2738,18703
2388,10,39,25,0,81278580,4757,47285280,2757,18713
2389,7,40,25,0,81288060,4757,47287740,2757,18720
2390,12,39,25,0,81310200,4756,47320080,2758,18732
2391,10,40,25,0,81325260,4756,47327160,2757,18742
2392,6,39,25,0,81348180,4757,47334240,2757,18748
2393,9,40,25,0,81358920,4756,47366460,2758,18757
2394,16,40,25,0,81380400,4757,47379540,2759,18773
2395,12,39,25,0,81400260,4757,47388660,2759,18785
2396,4,39,25,0,81419160,4757,47391480,2758,18789
2397,11,38,25,0,81438840,4757,47440020,2761,18800
2398,9,40,25,0,81443880,4757,47440860,2760,18809
2399,3,39,25,0,81467460,4757,47451420,2760,18812

