Hour,Arrivals,Waiting,Treating,Available Rooms,Total Treatment Time,Average Treatment Time,Total Wait Time,Average Wait Time,Total Arrivals
1,8,0,8,17,0,0,0,0,8
2,4,0,7,18,17640,3528,0,0,12
3,9,0,11,14,47820,4782,0,0,21
4,7,0,11,14,83220,4895,0,0,28
5,7,0,12,13,111840,4862,0,0,35
6,4,0,7,18,160140,5004,0,0,39
7,9,0,10,15,191880,5049,0,0,48
8,11,0,13,12,220020,4783,0,0,59
9,8,0,11,14,273180,4878,0,0,67
10,14,0,15,10,305700,4631,0,0,81
11,8,0,14,11,346800,4624,0,0,89
12,7,0,6,19,425820,4731,0,0,96
13,11,0,6,19,459600,4550,0,0,107
14,5,0,7,18,471720,4492,0,0,112
15,9,0,9,16,498540,4451,0,0,121
16,7,0,12,13,514500,4435,0,0,128
17,6,0,8,17,563400,4471,0,0,134
18,14,0,15,10,594240,4467,0,0,148
19,7,0,13,12,637860,4491,0,0,155
20,8,0,11,14,682380,4489,0,0,163
21,4,0,8,17,708600,4456,0,0,167
22,6,0,6,19,761100,4557,0,0,173
23,4,0,6,19,782340,4575,0,0,177
24,4,0,8,17,792900,4583,0,0,181
25,5,0,6,19,829200,4606,0,0,186
26,7,0,7,18,850560,4572,0,0,193
27,8,0,9,16,876600,4565,0,0,201
28,11,0,15,10,902820,4582,0,0,212
29,4,0,7,18,960720,4596,0,0,216
30,12,0,11,14,996300,4591,0,0,228
31,9,0,12,13,1031040,4582,0,0,237
32,12,0,15,10,1071540,4579,0,0,249
33,7,0,11,14,1118820,4566,0,0,256
34,8,0,11,14,1156860,4572,0,0,264
35,7,0,10,15,1197180,4586,0,0,271
36,11,0,15,10,1224900,4587,0,0,282
37,15,0,18,7,1275000,4569,0,0,297
38,8,0,11,14,1344420,4572,0,0,305
39,16,0,19,6,1370880,4539,0,0,321
40,12,0,19,6,1434360,4568,0,0,333
41,6,0,10,15,1519500,4618,0,0,339
42,11,0,13,12,1559040,4626,0,0,350
43,7,0,14,11,1591920,4641,0,0,357
44,7,0,10,15,1647780,4654,0,0,364
45,6,0,7,18,1684200,4639,0,0,370
46,6,0,8,17,1713660,4656,0,0,376
47,4,0,8,17,1737000,4669,0,0,380
48,7,0,6,19,1774440,4657,0,0,387
49,7,0,10,15,1784760,4647,0,0,394
50,6,0,12,13,1813920,4675,0,0,400
51,8,0,9,16,1863780,4671,0,0,408
52,3,0,5,20,1895040,4667,0,0,411
53,7,0,9,16,1907580,4664,0,0,418
54,4,0,8,17,1932240,4667,0,0,422
55,11,0,14,11,1959900,4677,0,0,433
56,5,0,12,13,1998120,4690,0,0,438
57,7,0,8,17,2056860,4706,0,0,445
58,10,0,13,12,2077500,4700,0,0,455
59,8,0,9,16,2134260,4701,0,0,463
60,7,0,9,16,2166240,4699,0,0,470
61,12,0,15,10,2192160,4694,0,0,482
62,12,0,15,10,2244960,4686,0,0,494
63,11,0,13,12,2302920,4680,0,0,505
64,13,0,16,9,2347320,4675,0,0,518
65,5,0,7,18,2398980,4649,0,0,523
66,11,0,13,12,2424120,4652,0,0,534
67,7,0,10,15,2465580,4643,0,0,541
68,6,0,7,18,2513640,4654,0,0,547
69,5,0,4,21,2541660,4638,0,0,552
70,11,0,10,15,2560440,4630,0,0,563
71,5,0,11,14,2576940,4626,0,0,568
72,2,0,4,21,2625240,4638,0,0,570
73,4,0,4,21,2644080,4638,0,0,574
74,4,0,6,19,2654880,4641,0,0,578
75,7,0,8,17,2669700,4626,0,0,585
76,3,0,4,21,2716080,4650,0,0,588
77,7,0,8,17,2727780,4646,0,0,595
78,5,0,9,16,2742540,4640,0,0,600
79,8,0,10,15,2776380,4642,0,0,608
80,7,0,9,16,2818740,4651,0,0,615
81,8,0,11,14,2851320,4659,0,0,623
82,9,0,12,13,2887500,4657,0,0,632
83,7,0,11,14,2927460,4661,0,0,639
84,8,0,8,17,2978400,4661,0,0,647
85,14,0,14,11,2998500,4634,0,0,661
86,11,0,13,12,3051420,4630,0,0,672
87,9,0,12,13,3102480,4637,0,0,681
88,6,0,13,12,3127260,4639,0,0,687
89,7,0,10,15,3185940,4657,0,0,694
90,7,0,11,14,3206940,4647,0,0,701
91,8,0,10,15,3254220,4655,0,0,709
92,5,0,6,19,3295860,4655,0,0,714
93,4,0,3,22,3323820,4648,0,0,718
94,8,0,8,17,3328620,4635,0,0,726
95,11,0,11,14,3369300,4640,0,0,737
96,0,0,6,19,3395160,4644,0,0,737
97,7,0,4,21,3440340,4649,0,0,744
98,4,0,7,18,3444540,4648,0,0,748
99,7,0,10,15,3466980,4653,0,0,755
100,6,0,10,15,3493920,4652,0,0,761
101,8,0,11,14,3530160,4657,0,0,769
102,7,0,9,16,3573900,4659,0,0,776
103,2,0,6,19,3591360,4652,0,0,778
104,10,0,7,18,3633060,4651,0,0,788
105,9,0,14,11,3641940,4651,0,0,797
106,11,0,13,12,3699420,4653,0,0,808
107,10,0,14,11,3729000,4638,0,0,818
108,11,0,13,12,3783900,4637,0,0,829
109,7,0,13,12,3824040,4646,0,0,836
110,9,0,13,12,3884820,4669,0,0,845
111,7,0,9,16,3941460,4675,0,0,852
112,2,0,4,21,3975720,4677,0,0,854
113,9,0,8,17,3993900,4671,0,0,863
114,6,0,9,16,4011300,4664,0,0,869
115,6,0,9,16,4044120,4669,0,0,875
116,7,0,9,16,4082340,4676,0,0,882
117,5,0,8,17,4109940,4675,0,0,887
118,8,0,7,18,4149300,4672,0,0,895
119,3,0,6,19,4166400,4670,0,0,898
120,3,0,5,20,4189740,4676,0,0,901
121,4,0,6,19,4207440,4680,0,0,905
122,6,0,7,18,4229520,4678,0,0,911
123,1,0,4,21,4253040,4683,0,0,912
124,7,0,7,18,4276560,4689,0,0,919
125,3,0,5,20,4294920,4683,0,0,922
126,5,0,6,19,4316160,4686,0,0,927
127,5,0,6,19,4338480,4685,0,0,932
128,6,0,9,16,4358700,4691,0,0,938
129,9,0,12,13,4388040,4693,0,0,947
130,16,0,19,6,4428300,4690,0,0,963
131,14,0,22,3,4476660,4687,0,0,977
132,18,0,24,1,4555020,4691,0,0,995
133,16,0,22,3,4640340,4691,5520,5,1011
134,10,0,17,8,4712700,4693,5520,5,1021
135,4,0,9,16,4776120,4700,5520,5,1025
136,8,0,9,16,4819200,4706,5520,5,1033
137,13,0,17,8,4840380,4703,5520,5,1046
138,13,0,16,9,4902960,4700,5520,5,1059
139,4,0,10,15,4957680,4708,5520,5,1063
140,4,0,5,20,5004540,4712,5520,5,1067
141,10,0,13,12,5017260,4715,5520,5,1077
142,8,0,13,12,5045400,4706,5520,5,1085
143,6,0,7,18,5112060,4715,5520,5,1091
144,7,0,9,16,5131620,4712,5520,5,1098
145,11,0,19,6,5139180,4714,5520,4,1109
146,8,0,14,11,5221860,4734,5520,4,1117
147,4,0,6,19,5287080,4741,5520,4,1121
148,6,0,5,20,5321040,4742,5520,4,1127
149,6,0,8,17,5334060,4741,5520,4,1133
150,8,0,10,15,5361300,4740,5520,4,1141
151,7,0,12,13,5390220,4744,5520,4,1148
152,10,0,13,12,5436360,4747,5520,4,1158
153,10,0,12,13,5491980,4750,5520,4,1168
154,5,0,5,20,5536860,4740,5520,4,1173
155,7,0,7,18,5559420,4739,5520,4,1180
156,9,0,11,14,5583120,4739,5520,4,1189
157,20,0,24,1,5610120,4734,5520,4,1209
158,9,0,14,11,5687460,4723,6000,4,1218
159,8,0,11,14,5748300,4731,6000,4,1226
160,7,0,9,16,5793360,4733,6000,4,1233
161,15,0,17,8,5825880,4732,6000,4,1248
162,9,0,12,13,5882700,4725,6000,4,1257
163,6,0,6,19,5943360,4728,6000,4,1263
164,10,0,12,13,5952660,4720,6000,4,1273
165,4,0,7,18,5987940,4714,6000,4,1277
166,9,0,8,17,6029280,4717,6000,4,1286
167,7,0,12,13,6043860,4718,6000,4,1293
168,6,0,11,14,6079140,4719,6000,4,1299
169,5,0,10,15,6115740,4726,6000,4,1304
170,3,0,3,22,6170400,4731,6000,4,1307
171,5,0,4,21,6184560,4728,6000,4,1312
172,7,0,7,18,6194040,4721,6000,4,1319
173,3,0,5,20,6216840,4720,6000,4,1322
174,9,0,8,17,6242040,4718,6000,4,1331
175,8,0,9,16,6266160,4711,6000,4,1339
176,4,0,9,16,6286560,4712,6000,4,1343
177,5,0,5,20,6332280,4715,6000,4,1348
178,9,0,10,15,6358680,4720,6000,4,1357
179,9,0,11,14,6395400,4719,6000,4,1366
180,6,0,13,12,6411180,4717,6000,4,1372
181,7,0,8,17,6471600,4720,6000,4,1379
182,10,0,10,15,6503100,4715,6000,4,1389
183,16,0,20,5,6532260,4716,6000,4,1405
184,8,0,17,8,6585300,4717,6000,4,1413
185,12,0,15,10,6663120,4725,6000,4,1425
186,4,0,10,15,6710040,4728,6000,4,1429
187,10,0,11,14,6749820,4726,6000,4,1439
188,7,0,9,16,6787380,4723,6000,4,1446
189,7,0,11,14,6810000,4722,6000,4,1453
190,12,0,12,13,6852300,4715,6000,4,1465
191,4,0,9,16,6895020,4722,6000,4,1469
192,4,0,8,17,6928440,4729,6000,4,1473
193,3,0,4,21,6961200,4729,6000,4,1476
194,4,0,4,21,6979920,4728,6000,4,1480
195,5,0,6,19,6990600,4726,6000,4,1485
196,7,0,8,17,7014120,4726,6000,4,1492
197,7,0,7,18,7045560,4722,6000,4,1499
198,5,0,10,15,7059300,4725,6000,3,1504
199,7,0,11,14,7088700,4725,6000,3,1511
200,7,0,10,15,7127280,4726,6000,3,1518
201,7,0,9,16,7166100,4726,6000,3,1525
202,11,0,13,12,7194420,4723,6000,3,1536
203,6,0,11,14,7231020,4723,6000,3,1542
204,5,0,8,17,7272180,4725,6000,3,1547
205,13,0,12,13,7309980,4722,6000,3,1560
206,8,0,11,14,7338360,4713,6000,3,1568
207,10,0,11,14,7386240,4713,6000,3,1578
208,8,0,11,14,7419780,4710,6000,3,1586
209,7,0,10,15,7452960,4708,6000,3,1593
210,11,0,12,13,7503600,4713,6000,3,1604
211,4,0,7,18,7547580,4714,6000,3,1608
212,8,0,8,17,7577760,4712,6000,3,1616
213,10,0,13,12,7597500,4710,6000,3,1626
214,7,0,8,17,7648380,4706,6000,3,1633
215,6,0,6,19,7690500,4709,6000,3,1639
216,1,0,4,21,7705260,4709,6000,3,1640
217,8,0,10,15,7716660,4711,6000,3,1648
218,5,0,9,16,7746060,4711,6000,3,1653
219,12,0,12,13,7782960,4708,6000,3,1665
220,3,0,8,17,7819320,4710,6000,3,1668
221,5,0,5,20,7862940,4713,6000,3,1673
222,5,0,5,20,7873140,4706,6000,3,1678
223,4,0,4,21,7897680,4706,6000,3,1682
224,12,0,11,14,7915740,4703,6000,3,1694
225,6,0,11,14,7942140,4702,6000,3,1700
226,13,0,14,11,7987980,4701,6000,3,1713
227,5,0,7,18,8046180,4702,6000,3,1718
228,11,0,9,16,8080380,4697,6000,3,1729
229,5,0,6,19,8116980,4697,6000,3,1734
230,15,0,13,12,8144400,4691,6000,3,1749
231,9,0,12,13,8192460,4692,6000,3,1758
232,4,0,7,18,8242020,4696,6000,3,1762
233,6,0,6,19,8276760,4697,6000,3,1768
234,6,0,10,15,8288460,4698,6000,3,1774
235,11,0,13,12,8323020,4696,6000,3,1785
236,11,0,19,6,8353980,4701,6000,3,1796
237,7,0,9,16,8438280,4703,6000,3,1803
238,3,0,7,18,8471700,4709,6000,3,1806
239,5,0,6,19,8506200,4712,6000,3,1811
240,5,0,4,21,8539320,4712,6000,3,1816
241,4,0,5,20,8544540,4707,6000,3,1820
242,6,0,8,17,8558160,4707,6000,3,1826
243,9,0,9,16,8592360,4705,6000,3,1835
244,5,0,8,17,8625240,4708,6000,3,1840
245,4,0,6,19,8647800,4705,6000,3,1844
246,9,0,11,14,8663040,4703,6000,3,1853
247,5,0,10,15,8696580,4705,6000,3,1858
248,4,0,7,18,8742900,4713,6000,3,1862
249,12,0,11,14,8779080,4712,6000,3,1874
250,13,0,17,8,8796720,4704,6000,3,1887
251,15,0,20,5,8859300,4707,6000,3,1902
252,11,0,21,4,8907060,4707,6000,3,1913
253,13,0,14,11,9004080,4709,6000,3,1926
254,14,0,16,9,9059700,4708,6000,3,1940
255,6,0,12,13,9110760,4710,6000,3,1946
256,10,0,11,14,9159960,4709,6000,3,1956
257,6,0,10,15,9201720,4713,6000,3,1962
258,7,0,7,18,9242400,4710,6000,3,1969
259,9,0,9,16,9272280,4709,6000,3,1978
260,10,0,15,10,9284460,4705,6000,3,1988
261,6,0,8,17,9351360,4708,6000,3,1994
262,8,0,8,17,9391140,4709,6000,2,2002
263,4,0,9,16,9405600,4709,6000,2,2006
264,8,0,12,13,9433560,4712,6000,2,2014
265,5,0,7,18,9480120,4711,6000,2,2019
266,6,0,6,19,9518820,4714,6000,2,2025
267,4,0,8,17,9529380,4715,6000,2,2029
268,4,0,7,18,9554400,4715,6000,2,2033
269,9,0,10,15,9585000,4717,6000,2,2042
270,5,0,9,16,9604260,4712,6000,2,2047
271,7,0,8,17,9646740,4714,6000,2,2054
272,5,0,7,18,9673320,4714,6000,2,2059
273,12,0,14,11,9689040,4710,6000,2,2071
274,7,0,10,15,9741540,4710,6000,2,2078
275,7,0,7,18,9794580,4713,6000,2,2085
276,10,0,11,14,9813660,4709,6000,2,2095
277,8,0,9,16,9851040,4704,6000,2,2103
278,7,0,9,16,9883620,4704,6000,2,2110
279,9,0,12,13,9919740,4707,6000,2,2119
280,9,0,10,15,9959220,4702,6000,2,2128
281,8,0,11,14,10002240,4706,6000,2,2136
282,8,0,8,17,10034160,4697,6000,2,2144
283,6,0,8,17,10063440,4698,6000,2,2150
284,6,0,6,19,10098600,4697,6000,2,2156
285,4,0,4,21,10123260,4695,6000,2,2160
286,7,0,6,19,10141860,4693,6000,2,2167
287,6,0,6,19,10163640,4690,6000,2,2173
288,6,0,7,18,10182480,4688,6000,2,2179
289,11,0,10,15,10208760,4682,6000,2,2190
290,6,0,10,15,10233720,4681,6000,2,2196
291,7,0,11,14,10262340,4681,6000,2,2203
292,4,0,7,18,10302360,4682,6000,2,2207
293,10,0,10,15,10328940,4680,6000,2,2217
294,4,0,8,17,10356240,4679,6000,2,2221
295,8,0,8,17,10394820,4680,6000,2,2229
296,7,0,8,17,10422480,4677,6000,2,2236
297,8,0,9,16,10446840,4674,6000,2,2244
298,15,0,16,9,10475880,4670,6000,2,2259
299,4,0,10,15,10516020,4667,6000,2,2263
300,14,0,16,9,10556160,4668,6000,2,2277
301,10,0,15,10,10622160,4675,6000,2,2287
302,19,1,25,0,10665960,4678,6780,2,2306
303,8,0,16,9,10756560,4680,7380,3,2314
304,4,0,7,18,10837920,4689,7380,3,2318
305,11,0,11,14,10874520,4691,7380,3,2329
306,11,0,12,13,10916040,4689,7380,3,2340
307,10,0,14,11,10952220,4688,7380,3,2350
308,7,0,11,14,11008680,4692,7380,3,2357
309,7,0,7,18,11063700,4693,7380,3,2364
310,6,0,8,17,11085120,4693,7380,3,2370
311,9,0,10,15,11115300,4691,7380,3,2379
312,5,0,9,16,11144460,4692,7380,3,2384
313,3,0,5,20,11180520,4693,7380,3,2387
314,4,0,6,19,11193000,4693,7380,3,2391
315,5,0,6,19,11220660,4694,7380,3,2396
316,6,0,7,18,11238480,4692,7380,3,2402
317,6,0,8,17,11262780,4692,7380,3,2408
318,8,0,11,14,11284080,4691,7380,3,2416
319,6,0,7,18,11335440,4693,7380,3,2422
320,9,0,11,14,11358480,4693,7380,3,2431
321,7,0,8,17,11413920,4697,7380,3,2438
322,6,0,7,18,11444100,4695,7380,3,2444
323,7,0,8,17,11463480,4692,7380,3,2451
324,18,0,19,6,11498880,4693,7380,2,2469
325,8,0,17,8,11534100,4688,7380,2,2477
326,2,0,6,19,11610720,4694,7380,2,2479
327,11,0,11,14,11640540,4695,7380,2,2490
328,15,0,19,6,11677680,4697,7380,2,2505
329,8,0,10,15,11752500,4695,7380,2,2513
330,12,0,16,9,11791620,4699,7380,2,2525
331,6,0,12,13,11840100,4700,7380,2,2531
332,9,0,14,11,11885820,4705,7380,2,2540
333,4,0,9,16,11934000,4707,7380,2,2544
334,5,0,5,20,11983440,4710,7380,2,2549
335,2,0,2,23,12007620,4710,7380,2,2551
336,4,0,2,23,12012120,4705,7380,2,2555
337,3,0,1,24,12024780,4702,7380,2,2558
338,1,0,2,23,12024780,4702,7380,2,2559
339,5,0,6,19,12030900,4703,7380,2,2564
340,10,0,10,15,12052920,4700,7380,2,2574
341,2,0,7,18,12078660,4701,7380,2,2576
342,9,0,9,16,12113340,4702,7380,2,2585
343,7,0,10,15,12134280,4699,7380,2,2592
344,8,0,13,12,12168060,4703,7380,2,2600
345,8,0,12,13,12213900,4704,7380,2,2608
346,14,0,15,10,12267300,4705,7380,2,2622
347,9,0,17,8,12309660,4709,7380,2,2631
348,11,0,15,10,12376560,4711,7380,2,2642
349,21,1,25,0,12420660,4710,7680,2,2663
350,12,0,17,8,12513180,4707,9240,3,2675
351,17,0,20,5,12577080,4706,9240,3,2692
352,17,0,20,5,12660900,4708,9240,3,2709
353,8,0,17,8,12705900,4705,9240,3,2717
354,11,0,12,13,12795240,4711,9240,3,2728
355,6,0,9,16,12834060,4709,9240,3,2734
356,8,0,10,15,12864360,4708,9240,3,2742
357,6,0,9,16,12897660,4708,9240,3,2748
358,10,0,9,16,12943620,4708,9240,3,2758
359,6,0,8,17,12971940,4706,9240,3,2764
360,3,0,8,17,12991800,4708,9240,3,2767
361,4,0,8,17,13020060,4712,9240,3,2771
362,3,0,5,20,13057080,4715,9240,3,2774
363,10,0,10,15,13075680,4713,9240,3,2784
364,5,0,10,15,13093560,4711,9240,3,2789
365,8,0,9,16,13138380,4712,9240,3,2797
366,7,0,11,14,13163820,4713,9240,3,2804
367,9,0,9,16,13214940,4712,9240,3,2813
368,9,0,10,15,13247160,4710,9240,3,2822
369,12,0,14,11,13279980,4709,9240,3,2834
370,11,0,19,6,13311360,4710,9240,3,2845
371,10,0,11,14,13393140,4709,9240,3,2855
372,11,0,13,12,13431300,4707,9240,3,2866
373,11,0,14,11,13477440,4707,9240,3,2877
374,13,0,13,12,13539240,4706,9240,3,2890
375,9,0,11,14,13579980,4702,9240,3,2899
376,7,0,11,14,13612680,4702,9240,3,2906
377,5,0,8,17,13648620,4701,9240,3,2911
378,16,0,14,11,13684980,4697,9240,3,2927
379,12,0,18,7,13722360,4697,9240,3,2939
380,5,0,8,17,13799340,4700,9240,3,2944
381,11,0,14,11,13827960,4701,9240,3,2955
382,5,0,8,17,13863060,4696,9240,3,2960
383,0,0,1,24,13906620,4699,9240,3,2960
384,12,0,12,13,13915980,4701,9240,3,2972
385,5,0,11,14,13937580,4699,9240,3,2977
386,7,0,7,18,13991160,4699,9240,3,2984
387,5,0,5,20,14021220,4698,9240,3,2989
388,4,0,5,20,14043240,4699,9240,3,2993
389,9,0,9,16,14058720,4697,9240,3,3002
390,8,0,11,14,14075100,4693,9240,3,3010
391,7,0,11,14,14104200,4692,9240,3,3017
392,13,0,14,11,14151660,4692,9240,3,3030
393,6,0,10,15,14197620,4691,9240,3,3036
394,8,0,11,14,14229840,4691,9240,3,3044
395,13,0,17,8,14267400,4693,9240,3,3057
396,7,0,16,9,14301900,4692,9240,3,3064
397,13,0,20,5,14360220,4697,9240,3,3077
398,8,0,10,15,14447160,4698,9240,2,3085
399,11,0,13,12,14484840,4698,9240,2,3096
400,9,0,16,9,14524080,4701,9240,2,3105
401,8,0,11,14,14585760,4702,9240,2,3113
402,3,0,5,20,14625960,4701,9240,2,3116
403,17,0,16,9,14642820,4697,9240,2,3133
404,7,0,13,12,14684580,4696,9240,2,3140
405,5,0,7,18,14743440,4698,9240,2,3145
406,8,0,10,15,14763300,4697,9240,2,3153
407,9,0,15,10,14786040,4698,9240,2,3162
408,7,0,13,12,14839560,4702,9240,2,3169
409,8,0,12,13,14880300,4701,9240,2,3177
410,9,0,12,13,14931660,4704,9240,2,3186
411,5,0,9,16,14971680,4705,9240,2,3191
412,8,0,8,17,15013920,4705,9240,2,3199
413,5,0,6,19,15040380,4703,9240,2,3204
414,10,0,9,16,15071700,4702,9240,2,3214
415,11,0,11,14,15106680,4700,9240,2,3225
416,4,0,8,17,15136980,4699,9240,2,3229
417,11,0,14,11,15163080,4700,9240,2,3240
418,14,0,16,9,15214740,4698,9240,2,3254
419,12,0,18,7,15254700,4696,9240,2,3266
420,13,0,16,9,15319500,4694,9240,2,3279
421,8,0,9,16,15377040,4690,9240,2,3287
422,20,0,20,5,15425220,4692,9240,2,3307
423,13,0,24,1,15464880,4692,9600,2,3320
424,12,0,12,13,15574560,4691,9600,2,3332
425,15,0,15,10,15629340,4690,9600,2,3347
426,8,0,12,13,15689760,4693,9600,2,3355
427,11,0,15,10,15726600,4693,9600,2,3366
428,7,0,13,12,15765900,4692,9600,2,3373
429,6,0,6,19,15820920,4690,9600,2,3379
430,5,0,8,17,15845520,4693,9600,2,3384
431,3,0,4,21,15879780,4693,9600,2,3387
432,4,0,4,21,15896460,4693,9600,2,3391
433,1,0,0,25,15917220,4692,9600,2,3392
434,1,0,0,25,15921000,4692,9600,2,3393
435,1,0,1,24,15921000,4692,9600,2,3394
436,3,0,4,21,15921000,4692,9600,2,3397
437,4,0,5,20,15933120,4691,9600,2,3401
438,8,0,10,15,15948780,4692,9600,2,3409
439,8,0,10,15,15976140,4689,9600,2,3417
440,5,0,7,18,16020360,4691,9600,2,3422
441,8,0,11,14,16046700,4693,9600,2,3430
442,14,0,16,9,16082700,4691,9600,2,3444
443,6,0,14,11,16127760,4693,9600,2,3450
444,12,0,15,10,16191480,4697,9600,2,3462
445,12,0,14,11,16241940,4694,9600,2,3474
446,6,0,9,16,16301580,4696,9600,2,3480
447,5,0,7,18,16329060,4694,9600,2,3485
448,9,0,10,15,16366620,4697,9600,2,3494
449,12,0,16,9,16388040,4695,9600,2,3506
450,5,0,14,11,16431060,4698,9600,2,3511
451,11,0,12,13,16501740,4701,9600,2,3522
452,7,0,12,13,16533600,4701,9600,2,3529
453,4,0,7,18,16582920,4703,9600,2,3533
454,3,0,7,18,16602540,4704,9600,2,3536
455,3,0,3,22,16649400,4708,9600,2,3539
456,11,0,11,14,16662600,4708,9600,2,3550
457,5,0,8,17,16691220,4705,9600,2,3555
458,10,0,8,17,16723740,4701,9600,2,3565
459,2,0,5,20,16748880,4702,9600,2,3567
460,4,0,4,21,16774380,4702,9600,2,3571
461,7,0,8,17,16788660,4702,9600,2,3578
462,4,0,9,16,16797420,4701,9600,2,3582
463,12,0,9,16,16848960,4699,9600,2,3594
464,7,0,11,14,16867680,4698,9600,2,3601
465,6,0,9,16,16910400,4699,9600,2,3607
466,7,0,11,14,16941540,4702,9600,2,3614
467,5,0,7,18,16982160,4701,9600,2,3619
468,16,0,17,8,17006520,4700,9600,2,3635
469,18,0,21,4,17061000,4697,9600,2,3653
470,14,0,21,4,17126940,4697,9600,2,3667
471,13,0,18,7,17208240,4699,9600,2,3680
472,6,0,15,10,17266020,4703,9600,2,3686
473,4,0,7,18,17338140,4707,9600,2,3690
474,6,0,7,18,17371380,4708,9600,2,3696
475,9,0,10,15,17395320,4707,9600,2,3705
476,6,0,11,14,17421420,4708,9600,2,3711
477,6,0,8,17,17455800,4706,9600,2,3717
478,8,0,7,18,17498880,4706,9600,2,3725
479,2,0,5,20,17508540,4704,9600,2,3727
480,5,0,3,22,17539320,4703,9600,2,3732
481,7,0,7,18,17546640,4701,9600,2,3739
482,7,0,7,18,17574600,4700,9600,2,3746
483,8,0,11,14,17592840,4700,9600,2,3754
484,7,0,11,14,17632380,4701,9600,2,3761
485,5,0,10,15,17661240,4702,9600,2,3766
486,8,0,11,14,17707860,4705,9600,2,3774
487,5,0,6,19,17752860,4705,9600,2,3779
488,8,0,8,17,17781720,4705,9600,2,3787
489,3,0,5,20,17805060,4704,9600,2,3790
490,7,0,8,17,17819820,4703,9600,2,3797
491,4,0,7,18,17847540,4704,9600,2,3801
492,13,0,15,10,17864640,4702,9600,2,3814
493,15,0,21,4,17903340,4701,9600,2,3829
494,7,0,15,10,17966760,4702,9600,2,3836
495,11,0,15,10,18033480,4706,9600,2,3847
496,8,0,10,15,18087000,4704,9600,2,3855
497,6,0,9,16,18131100,4706,9600,2,3861
498,7,0,11,14,18161820,4708,9600,2,3868
499,8,0,10,15,18201840,4708,9600,2,3876
500,8,0,11,14,18236820,4708,9600,2,3884
501,8,0,8,17,18281100,4706,9600,2,3892
502,4,0,5,20,18314400,4706,9600,2,3896
503,5,0,7,18,18326160,4706,9600,2,3901
504,3,0,6,19,18353340,4708,9600,2,3904
505,8,0,9,16,18375000,4707,9600,2,3912
506,8,0,8,17,18413400,4706,9600,2,3920
507,4,0,7,18,18435120,4706,9600,2,3924
508,5,0,6,19,18458940,4705,9600,2,3929
509,1,0,2,23,18485820,4706,9600,2,3930
510,4,0,6,19,18485820,4706,9600,2,3934
511,12,0,13,12,18512220,4706,9600,2,3946
512,8,0,12,13,18547800,4705,9600,2,3954
513,13,0,14,11,18591420,4703,9600,2,3967
514,4,0,7,18,18640800,4702,9600,2,3971
515,11,0,15,10,18661860,4704,9600,2,3982
516,9,0,13,12,18710880,4703,9600,2,3991
517,8,0,13,12,18760140,4706,9600,2,3999
518,10,0,15,10,18797460,4706,9600,2,4009
519,7,0,10,15,18860220,4707,9600,2,4016
520,4,0,7,18,18891480,4707,9600,2,4020
521,5,0,2,23,18935640,4706,9600,2,4025
522,15,0,12,13,18949980,4704,9600,2,4040
523,7,0,9,16,18988800,4702,9600,2,4047
524,8,0,10,15,19016040,4701,9600,2,4055
525,7,0,11,14,19043160,4700,9600,2,4062
526,9,0,9,16,19085280,4698,9600,2,4071
527,8,0,10,15,19114500,4697,9600,2,4079
528,5,0,6,19,19149660,4695,9600,2,4084
529,8,0,9,16,19172220,4695,9600,2,4092
530,10,0,11,14,19202460,4693,9600,2,4102
531,7,0,9,16,19240380,4692,9600,2,4109
532,8,0,8,17,19275600,4691,9600,2,4117
533,6,0,9,16,19295820,4690,9600,2,4123
534,5,0,7,18,19331220,4690,9600,2,4128
535,8,0,8,17,19372980,4693,9600,2,4136
536,8,0,9,16,19399740,4691,9600,2,4144
537,12,0,11,14,19440660,4690,9600,2,4156
538,20,0,20,5,19480740,4687,9600,2,4176
539,9,0,15,10,19533060,4684,9600,2,4185
540,12,0,13,12,19594260,4683,9600,2,4197
541,6,0,11,14,19619880,4680,9600,2,4203
542,4,0,5,20,19679160,4683,9600,2,4207
543,3,0,5,20,19690680,4682,9600,2,4210
544,13,0,11,14,19715280,4680,9600,2,4223
545,10,0,15,10,19736820,4679,9600,2,4233
546,10,0,16,9,19785960,4680,9600,2,4243
547,12,0,15,10,19854540,4682,9600,2,4255
548,9,0,14,11,19898880,4682,9600,2,4264
549,5,0,11,14,19949940,4685,9600,2,4269
550,9,0,10,15,20004000,4686,9600,2,4278
551,7,0,12,13,20022660,4685,9600,2,4285
552,6,0,7,18,20085420,4688,9600,2,4291
553,3,0,6,19,20101380,4687,9600,2,4294
554,4,0,5,20,20131980,4689,9600,2,4298
555,4,0,6,19,20144460,4689,9600,2,4302
556,4,0,4,21,20168640,4688,9600,2,4306
557,6,0,7,18,20176680,4686,9600,2,4312
558,3,0,7,18,20200620,4689,9600,2,4315
559,17,0,15,10,20246940,4690,9600,2,4332
560,13,0,18,7,20286060,4688,9600,2,4345
561,9,0,16,9,20348220,4690,9600,2,4354
562,5,0,7,18,20410080,4689,9600,2,4359
563,18,0,16,9,20459940,4691,9600,2,4377
564,7,0,15,10,20484360,4688,9600,2,4384
565,13,0,14,11,20557260,4690,9600,2,4397
566,9,0,13,12,20598600,4688,9600,2,4406
567,17,0,21,4,20647680,4690,9600,2,4423
568,10,0,17,8,20708640,4689,9600,2,4433
569,11,0,18,7,20757840,4689,9600,2,4444
570,9,0,10,15,20837220,4689,9600,2,4453
571,8,0,9,16,20877120,4689,9600,2,4461
572,12,0,12,13,20904300,4686,9600,2,4473
573,4,0,6,19,20948280,4685,9600,2,4477
574,11,0,12,13,20973120,4685,9600,2,4488
575,8,0,11,14,21010800,4684,9600,2,4496
576,5,0,8,17,21055140,4686,9600,2,4501
577,5,0,7,18,21085140,4686,9600,2,4506
578,4,0,8,17,21097440,4686,9600,2,4510
579,3,0,6,19,21125580,4687,9600,2,4513
580,9,0,10,15,21162120,4690,9600,2,4522
581,13,0,15,10,21194040,4688,9600,2,4535
582,4,0,8,17,21240420,4687,9600,2,4539
583,12,0,10,15,21289860,4688,9600,2,4551
584,7,0,11,14,21317160,4688,9600,2,4558
585,6,0,12,13,21340500,4688,9600,2,4564
586,8,0,10,15,21395820,4690,9600,2,4572
587,4,0,9,16,21422100,4690,9600,2,4576
588,6,0,5,20,21466920,4690,9600,2,4582
589,9,0,8,17,21486540,4688,9600,2,4591
590,12,0,14,11,21514020,4688,9600,2,4603
591,11,0,14,11,21562980,4687,9600,2,4614
592,8,0,11,14,21618360,4688,9600,2,4622
593,9,0,12,13,21654120,4688,9600,2,4631
594,12,0,13,12,21706560,4688,9600,2,4643
595,7,0,11,14,21742980,4686,9600,2,4650
596,9,0,11,14,21789420,4687,9600,2,4659
597,5,0,7,18,21829980,4687,9600,2,4664
598,6,0,8,17,21854280,4687,9600,2,4670
599,7,0,10,15,21876060,4687,9600,2,4677
600,5,0,9,16,21905820,4687,9600,2,4682
601,5,0,8,17,21936900,4688,9600,2,4687
602,8,0,8,17,21973980,4688,9600,2,4695
603,8,0,6,19,22013880,4686,9600,2,4703
604,7,0,8,17,22026960,4684,9600,2,4710
605,4,0,7,18,22057020,4686,9600,2,4714
606,4,0,6,19,22083540,4686,9600,2,4718
607,6,0,5,20,22106400,4684,9600,2,4724
608,3,0,6,19,22117320,4684,9600,2,4727
609,14,0,12,13,22148100,4683,9600,2,4741
610,6,0,9,16,22178580,4681,9600,2,4747
611,11,0,7,18,22226820,4678,9600,2,4758
612,10,0,12,13,22241460,4676,9600,2,4768
613,8,0,12,13,22277520,4676,9600,2,4776
614,17,0,19,6,22327800,4676,9600,2,4793
615,8,0,15,10,22379040,4675,9600,1,4801
616,9,0,12,13,22440420,4677,9600,1,4810
617,3,0,8,17,22478520,4678,9600,1,4813
618,10,0,9,16,22521360,4678,9600,1,4823
619,7,0,10,15,22543140,4677,9600,1,4830
620,10,0,15,10,22565580,4676,9600,1,4840
621,6,0,11,14,22631940,4680,9600,1,4846
622,4,0,6,19,22681440,4682,9600,1,4850
623,5,0,8,17,22702500,4683,9600,1,4855
624,4,0,9,16,22722300,4685,9600,1,4859
625,5,0,8,17,22750740,4685,9600,1,4864
626,5,0,10,15,22766640,4685,9600,1,4869
627,4,0,6,19,22814700,4687,9600,1,4873
628,9,0,12,13,22824840,4686,9600,1,4882
629,2,0,8,17,22858920,4688,9600,1,4884
630,5,0,7,18,22896060,4689,9600,1,4889
631,15,0,17,8,22917900,4689,9600,1,4904
632,8,0,21,4,22939620,4690,9600,1,4912
633,8,0,10,15,23053440,4695,9600,1,4920
634,13,0,13,12,23091120,4693,9600,1,4933
635,4,0,11,14,23125260,4694,9600,1,4937
636,15,0,14,11,23187060,4695,9600,1,4952
637,8,0,14,11,23213820,4693,9600,1,4960
638,11,0,11,14,23293620,4696,9600,1,4971
639,10,0,16,9,23314980,4695,9600,1,4981
640,17,0,19,6,23373120,4694,9600,1,4998
641,8,0,15,10,23428200,4694,9600,1,5006
642,7,0,11,14,23482500,4694,9600,1,5013
643,7,0,9,16,23527860,4695,9600,1,5020
644,5,0,11,14,23548380,4696,9600,1,5025
645,8,0,5,20,23606460,4695,9600,1,5033
646,6,0,6,19,23623800,4693,9600,1,5039
647,8,0,10,15,23638440,4692,9600,1,5047
648,4,0,7,18,23672760,4693,9600,1,5051
649,6,0,5,20,23705340,4692,9600,1,5057
650,5,0,5,20,23724960,4691,9600,1,5062
651,4,0,5,20,23746380,4692,9600,1,5066
652,5,0,8,17,23756820,4692,9600,1,5071
653,4,0,9,16,23769180,4691,9600,1,5075
654,14,0,15,10,23810880,4692,9600,1,5089
655,8,0,10,15,23861820,4690,9600,1,5097
656,7,0,10,15,23901900,4692,9600,1,5104
657,4,0,6,19,23937180,4691,9600,1,5108
658,8,0,11,14,23945880,4690,9600,1,5116
659,10,0,12,13,24000720,4693,9600,1,5126
660,14,0,18,7,24033120,4692,9600,1,5140
661,17,0,20,5,24105660,4692,9600,1,5157
662,9,0,17,8,24157920,4691,9600,1,5166
663,14,0,16,9,24228780,4691,9600,1,5180
664,8,0,9,16,24304020,4692,9600,1,5188
665,9,0,11,14,24339840,4693,9600,1,5197
666,15,0,17,8,24369060,4690,9600,1,5212
667,11,0,20,5,24409860,4691,9600,1,5223
668,6,0,11,14,24484740,4692,9600,1,5229
669,9,0,11,14,24537120,4694,9600,1,5238
670,5,0,9,16,24567480,4693,9600,1,5243
671,7,0,8,17,24599100,4692,9600,1,5250
672,10,0,12,13,24638460,4694,9600,1,5260
673,7,0,16,9,24640620,4692,9600,1,5267
674,3,0,16,9,24650760,4691,9600,1,5270
675,6,0,17,8,24671460,4691,9600,1,5276
676,0,0,12,13,24688740,4690,9600,1,5276
677,3,0,15,10,24688740,4690,9600,1,5279
678,10,0,21,4,24707880,4690,9600,1,5289
679,8,0,23,2,24730860,4689,9600,1,5297
680,13,4,25,0,24762780,4689,9600,1,5310
681,5,0,22,3,24819960,4689,15660,2,5315
682,9,0,23,2,24866340,4690,15900,2,5324
683,12,1,25,0,24914160,4691,18480,3,5336
684,9,1,25,0,24959580,4692,20760,3,5345
685,14,7,25,0,25010520,4695,32220,6,5359
686,15,13,25,0,25063680,4697,47220,8,5374
687,15,20,25,0,25113600,4699,56340,10,5389
688,5,17,25,0,25158060,4700,86700,16,5394
689,10,19,25,0,25212780,4703,103680,19,5404
690,8,18,25,0,25271040,4706,129180,23,5412
691,8,17,25,0,25312980,4706,196260,36,5420
692,7,16,25,0,25361400,4708,241920,44,5427
693,6,14,25,0,25408740,4710,305940,56,5433
694,3,0,18,7,25482720,4703,562080,103,5436
695,6,0,17,8,25510500,4702,562080,103,5442
696,2,0,14,11,25531440,4701,562080,103,5444
697,6,0,15,10,25548360,4700,562080,103,5450
698,8,0,18,7,25564680,4699,562080,102,5458
699,7,0,22,3,25578480,4699,562080,102,5465
700,7,0,23,2,25603980,4698,562080,102,5472
701,2,0,18,7,25652160,4701,562080,102,5474
702,7,0,16,9,25701180,4702,562080,102,5481
703,6,0,19,6,25710600,4702,562080,102,5487
704,7,0,18,7,25745220,4701,562080,102,5494
705,7,0,15,10,25782600,4699,562080,102,5501
706,11,0,24,1,25785000,4698,562080,101,5512
707,11,0,22,3,25842180,4697,565620,102,5523
708,10,0,25,0,25860060,4695,565860,102,5533
709,15,2,25,0,25924260,4695,566700,102,5548
710,6,0,24,1,25965420,4695,570240,102,5554
711,9,0,25,0,26010360,4696,570240,102,5563
712,10,1,25,0,26062740,4698,573300,102,5573
713,10,0,24,1,26122680,4699,575580,103,5583
714,6,0,23,2,26160720,4700,575580,102,5589
715,12,3,25,0,26197140,4700,575580,102,5601
716,8,0,22,3,26260380,4700,583680,104,5609
717,2,0,18,7,26295480,4701,583680,104,5611
718,7,0,18,7,26330160,4701,583680,103,5618
719,7,0,20,5,26355420,4702,583680,103,5625
720,5,0,18,7,26386260,4701,583680,103,5630
721,10,0,23,2,26407140,4701,583680,103,5640
722,6,0,20,5,26452560,4701,583680,103,5646
723,6,0,19,6,26484780,4701,583680,103,5652
724,4,0,16,9,26520420,4702,583680,103,5656
725,7,0,17,8,26543820,4701,583680,103,5663
726,10,0,24,1,26564460,4702,583680,102,5673
727,5,0,18,7,26609880,4701,583980,102,5678
728,11,0,22,3,26640060,4700,583980,102,5689
729,11,0,24,1,26677560,4700,583980,102,5700
730,7,0,23,2,26710200,4699,583980,102,5707
731,13,3,25,0,26763180,4701,585780,102,5720
732,11,0,25,0,26817360,4699,594900,103,5731
733,8,0,18,7,26872740,4697,594900,103,5739
734,8,0,21,4,26900880,4698,594900,103,5747
735,5,0,18,7,26939520,4698,594900,103,5752
736,10,0,20,5,26978640,4698,594900,103,5762
737,8,0,21,4,27008280,4697,594900,103,5770
738,13,0,25,0,27041160,4696,596760,103,5783
739,5,0,23,2,27079200,4697,600420,103,5788
740,9,0,23,2,27140100,4700,600420,103,5797
741,1,0,16,9,27177420,4700,600420,103,5798
742,2,0,12,13,27204480,4700,600420,103,5800
743,7,0,19,6,27204480,4700,600420,103,5807
744,4,0,19,6,27222540,4700,600420,103,5811
745,1,0,15,10,27249420,4700,600420,103,5812
746,3,0,11,14,27283380,4700,600420,103,5815
747,2,0,13,12,27283380,4700,600420,103,5817
748,4,0,15,10,27286620,4699,600420,103,5821
749,10,0,22,3,27300360,4699,600420,102,5831
750,6,0,21,4,27328680,4698,600420,102,5837
751,9,0,19,6,27374040,4697,600420,102,5846
752,3,0,14,11,27408060,4697,600420,102,5849
753,1,0,12,13,27423660,4697,600420,102,5850
754,16,3,25,0,27423660,4697,600420,102,5866
755,15,10,25,0,27454800,4696,609300,103,5881
756,13,14,25,0,27508620,4698,617340,104,5894
757,13,19,25,0,27557640,4700,631080,106,5907
758,11,23,25,0,27600060,4701,655380,110,5918
759,6,21,25,0,27645840,4703,709680,119,5924
760,10,22,25,0,27705300,4706,731460,123,5934
761,8,20,25,0,27758400,4707,763200,128,5942
762,8,18,25,0,27806460,4707,807180,135,5950
763,11,20,25,0,27861240,4709,826560,138,5961
764,4,13,25,0,27921900,4710,931320,156,5965
765,5,0,25,0,27977220,4706,1257720,210,5970
766,4,0,16,9,28016400,4702,1257720,210,5974
767,6,0,19,6,28028340,4701,1257720,210,5980
768,3,0,16,9,28061160,4702,1257720,210,5983
769,5,0,17,8,28081560,4702,1257720,210,5988
770,2,0,14,11,28103400,4702,1257720,209,5990
771,5,0,16,9,28116840,4702,1257720,209,5995
772,1,0,12,13,28137240,4702,1257720,209,5996
773,7,0,17,8,28148160,4702,1257720,209,6003
774,6,0,20,5,28161240,4702,1257720,209,6009
775,13,0,24,1,28197120,4701,1258080,208,6022
776,8,0,20,5,28237440,4698,1258080,208,6030
777,5,0,19,6,28268520,4698,1258080,208,6035
778,8,0,22,3,28295580,4699,1258080,208,6043
779,14,4,25,0,28328940,4699,1261620,208,6057
780,8,6,25,0,28359480,4699,1267920,209,6065
781,8,1,25,0,28433220,4702,1292760,212,6073
782,15,3,25,0,28486440,4700,1297500,213,6088
783,10,7,25,0,28512060,4700,1302180,213,6098
784,17,14,25,0,28580100,4703,1310460,214,6115
785,7,13,25,0,28628760,4705,1328880,217,6122
786,12,16,25,0,28681320,4707,1347600,219,6134
787,11,17,25,0,28742820,4709,1363860,221,6145
788,6,15,25,0,28781280,4709,1421340,231,6151
789,6,8,25,0,28834680,4708,1521960,247,6157
790,9,0,25,0,28886340,4703,1660680,269,6166
791,13,0,24,1,28939980,4701,1660980,268,6179
792,2,0,17,8,28976280,4700,1660980,268,6181
793,6,0,18,7,29006640,4702,1660980,268,6187
794,11,0,24,1,29018160,4700,1661340,268,6198
795,5,0,20,5,29063940,4700,1661340,267,6203
796,6,0,17,8,29103540,4700,1661340,267,6209
797,5,0,17,8,29128140,4700,1661340,267,6214
798,2,0,15,10,29145360,4700,1661340,267,6216
799,6,0,16,9,29167860,4699,1661340,267,6222
800,9,0,21,4,29190060,4700,1661340,266,6231
801,10,1,25,0,29209020,4699,1661340,266,6241
802,8,0,23,2,29260980,4699,1661520,265,6249
803,11,0,25,0,29301660,4699,1662180,265,6260
804,13,2,25,0,29346960,4698,1663320,265,6273
805,11,2,25,0,29394240,4697,1671000,265,6284
806,10,4,25,0,29439060,4698,1675800,266,6294
807,9,1,25,0,29508120,4700,1694040,268,6303
808,11,1,25,0,29554080,4700,1710780,270,6314
809,7,0,20,5,29610480,4699,1713720,271,6321
810,8,0,23,2,29635500,4699,1713720,270,6329
811,9,0,24,1,29670300,4699,1714260,270,6338
812,7,0,21,4,29720160,4699,1714260,270,6345
813,6,0,20,5,29756280,4700,1714260,269,6351
814,9,0,23,2,29786940,4700,1714260,269,6360
815,13,0,25,0,29832900,4699,1714260,268,6373
816,4,0,22,3,29866080,4699,1714260,268,6377
817,2,0,16,9,29912400,4700,1714260,268,6379
818,3,0,13,12,29949360,4702,1714260,268,6382
819,9,0,22,3,29949360,4702,1714260,268,6391
820,4,0,21,4,29976720,4702,1714260,268,6395
821,8,0,22,3,30015600,4703,1714260,267,6403
822,4,0,18,7,30053760,4703,1714260,267,6407
823,14,0,24,1,30088860,4703,1714260,266,6421
824,12,0,25,0,30121200,4700,1714800,266,6433
825,9,1,25,0,30156120,4700,1715520,266,6442
826,5,0,18,7,30223320,4701,1715580,266,6447
827,11,0,23,2,30244740,4700,1715580,265,6458
828,9,0,22,3,30286620,4699,1715580,265,6467
829,6,0,20,5,30318240,4698,1715580,265,6473
830,10,0,24,1,30350100,4698,1715580,264,6483
831,6,0,22,3,30382680,4698,1715580,264,6489
832,12,0,22,3,30434580,4697,1715760,263,6501
833,5,0,18,7,30468960,4696,1715760,263,6506
834,4,0,15,10,30496920,4695,1715760,263,6510
835,8,0,21,4,30504480,4695,1715760,263,6518
836,4,0,19,6,30523680,4693,1715760,263,6522
837,7,0,15,10,30568080,4692,1715760,262,6529
838,8,0,21,4,30583260,4693,1715760,262,6537
839,6,0,22,3,30605700,4693,1715760,262,6543
840,6,0,20,5,30651000,4694,1715760,261,6549
841,5,0,20,5,30674220,4694,1715760,261,6554
842,5,0,16,9,30717120,4694,1715760,261,6559
843,10,0,21,4,30742980,4695,1715760,261,6569
844,8,0,19,6,30783840,4694,1716180,260,6577
845,4,0,16,9,30817620,4694,1716180,260,6581
846,12,0,21,4,30839040,4692,1716180,260,6593
847,9,0,23,2,30869520,4692,1716180,259,6602
848,10,2,25,0,30897300,4692,1716180,259,6612
849,10,2,25,0,30943800,4692,1718040,259,6622
850,15,9,25,0,30983460,4692,1722060,259,6637
851,13,11,25,0,31051020,4694,1732980,260,6650
852,12,16,25,0,31085520,4694,1749720,262,6662
853,12,20,25,0,31131960,4696,1765920,264,6674
854,13,21,25,0,31200600,4698,1781340,266,6687
855,6,22,25,0,31229520,4698,1790940,267,6693
856,10,22,25,0,31293720,4701,1827720,272,6703
857,18,30,25,0,31349280,4702,1832220,272,6721
858,9,28,25,0,31404060,4703,1866120,277,6730
859,13,35,25,0,31431720,4703,1869060,277,6743
860,5,31,25,0,31491780,4705,1895820,280,6748
861,11,29,25,0,31560300,4706,1948320,288,6759
862,7,27,25,0,31596660,4706,1991640,294,6766
863,3,14,25,0,31663740,4704,2440320,360,6769
864,6,0,17,8,31716720,4693,2855100,421,6775
865,5,0,17,8,31736820,4692,2855100,421,6780
866,5,0,18,7,31758240,4693,2855100,420,6785
867,4,0,16,9,31788600,4693,2855100,420,6789
868,10,0,19,6,31809660,4691,2855100,419,6799
869,4,0,15,10,31840740,4690,2855100,419,6803
870,8,0,18,7,31860360,4690,2855100,419,6811
871,8,0,23,2,31881120,4691,2855100,418,6819
872,9,0,19,6,31934700,4690,2855100,418,6828
873,5,0,18,7,31963200,4690,2855100,417,6833
874,12,0,23,2,31989600,4689,2855220,417,6845
875,14,6,25,0,32023860,4690,2858160,416,6859
876,10,7,25,0,32077680,4691,2872140,418,6869
877,18,18,25,0,32116920,4692,2877120,417,6887
878,12,20,25,0,32182140,4695,2896500,419,6899
879,11,20,25,0,32238300,4696,2909220,421,6910
880,7,18,25,0,32276940,4695,2923380,422,6917
881,7,14,25,0,32337480,4696,2995020,432,6924
882,3,4,25,0,32394840,4696,3151020,454,6927
883,8,0,20,5,32444880,4691,3230820,465,6935
884,4,0,16,9,32480100,4691,3230820,465,6939
885,9,0,21,4,32499840,4691,3230820,465,6948
886,5,0,21,4,32521200,4691,3230820,464,6953
887,10,0,22,3,32569680,4692,3230820,463,6963
888,6,0,24,1,32589960,4692,3230820,463,6969
889,5,0,18,7,32654280,4694,3230820,463,6974
890,4,0,16,9,32680080,4694,3230820,463,6978
891,6,0,18,7,32706720,4695,3230820,462,6984
892,4,0,16,9,32735040,4695,3230820,462,6988
893,13,0,25,0,32747100,4694,3230820,461,7001
894,5,0,20,5,32783640,4692,3231000,461,7006
895,6,0,16,9,32834820,4693,3231000,460,7012
896,9,0,22,3,32848860,4693,3231000,460,7021
897,10,0,24,1,32884380,4693,3232440,459,7031
898,10,0,23,2,32933880,4692,3233160,459,7041
899,8,0,23,2,32975640,4693,3233160,458,7049
900,6,0,18,7,33033600,4694,3233160,458,7055
901,13,1,25,0,33053400,4693,3233160,457,7068
902,12,4,25,0,33092100,4693,3237420,457,7080
903,10,6,25,0,33137820,4694,3242700,457,7090
904,10,11,25,0,33166140,4695,3263880,459,7100
905,12,13,25,0,33241440,4699,3281580,461,7112
906,7,11,25,0,33294300,4700,3316560,465,7119
907,9,8,25,0,33355260,4701,3351840,470,7128
908,7,4,25,0,33398160,4699,3385560,474,7135
909,5,0,21,4,33452880,4699,3425820,479,7140
910,3,0,14,11,33499380,4699,3425820,479,7143
911,9,0,21,4,33509940,4699,3425820,479,7152
912,6,0,17,8,33543660,4697,3425820,478,7158
913,5,0,16,9,33574740,4697,3425820,478,7163
914,5,0,15,10,33598440,4697,3425820,477,7168
915,3,0,16,9,33606240,4696,3425820,477,7171
916,3,0,16,9,33622500,4697,3425820,477,7174
917,9,0,22,3,33637500,4697,3425820,476,7183
918,6,0,18,7,33674220,4695,3425820,476,7189
919,12,0,20,5,33715260,4695,3425820,475,7201
920,5,0,19,6,33742500,4694,3425820,475,7206
921,7,0,20,5,33767100,4694,3425820,474,7213
922,5,0,18,7,33798900,4694,3425820,474,7218
923,15,0,24,1,33832620,4693,3426480,473,7233
924,21,12,25,0,33860820,4691,3429840,472,7254
925,21,24,25,0,33913500,4693,3440820,472,7275
926,10,24,25,0,33979800,4695,3452400,473,7285
927,10,28,25,0,34011780,4696,3471180,476,7295
928,6,26,25,0,34056540,4697,3499560,479,7301
929,15,33,25,0,34108680,4699,3572760,488,7316
930,11,35,25,0,34167240,4701,3614340,493,7327
931,12,37,25,0,34221960,4702,3655020,498,7339
932,9,39,25,0,34260600,4703,3686400,501,7348
933,10,35,25,0,34332660,4704,3718260,505,7358
934,6,31,25,0,34380540,4704,3878460,526,7364
935,4,26,25,0,34422240,4704,3928860,533,7368
936,3,18,25,0,34485720,4706,4202820,570,7371
937,3,0,25,0,34542240,4700,4754220,644,7374
938,9,0,21,4,34574160,4696,4754280,643,7383
939,3,0,17,8,34614360,4697,4754280,643,7386
940,9,0,18,7,34647000,4696,4754280,642,7395
941,4,0,19,6,34660080,4696,4754280,642,7399
942,6,0,17,8,34689180,4695,4754280,642,7405
943,8,0,19,6,34718100,4695,4754280,641,7413
944,8,0,22,3,34744980,4695,4754280,640,7421
945,7,0,20,5,34780800,4695,4754280,640,7428
946,7,0,23,2,34797600,4694,4754280,639,7435
947,15,3,25,0,34848780,4695,4758720,638,7450
948,13,4,25,0,34895340,4694,4766220,638,7463
949,8,4,25,0,34944660,4695,4776960,639,7471
950,12,4,25,0,35002440,4695,4791180,640,7483
951,10,0,23,2,35060220,4693,4814760,642,7493
952,11,3,25,0,35088240,4693,4816680,641,7504
953,13,5,25,0,35153880,4695,4828020,642,7517
954,9,2,25,0,35208720,4695,4845960,643,7526
955,5,0,19,6,35254560,4693,4851540,644,7531
956,8,0,22,3,35277480,4693,4851540,643,7539
957,3,0,14,11,35318640,4691,4851540,643,7542
958,7,0,17,8,35332800,4691,4851540,642,7549
959,3,0,14,11,35362620,4691,4851540,642,7552
960,3,0,14,11,35374620,4690,4851540,642,7555
961,4,0,16,9,35376900,4690,4851540,641,7559
962,5,0,17,8,35391900,4689,4851540,641,7564
963,4,0,17,8,35412120,4689,4851540,641,7568
964,6,0,18,7,35435640,4689,4851540,640,7574
965,8,0,20,5,35459940,4689,4851540,639,7582
966,5,0,22,3,35475300,4689,4851540,639,7587
967,2,0,17,8,35517780,4690,4851540,639,7589
968,11,0,22,3,35548260,4690,4851540,638,7600
969,11,3,25,0,35571780,4690,4857120,638,7611
970,11,6,25,0,35622840,4692,4864260,638,7622
971,15,11,25,0,35680320,4694,4877340,638,7637
972,16,19,25,0,35722080,4694,4884780,638,7653
973,18,27,25,0,35778600,4695,4898460,638,7671
974,7,25,25,0,35829600,4697,4921140,640,7678
975,10,25,25,0,35884800,4698,4951260,644,7688
976,7,24,25,0,35929500,4699,5023920,652,7695
977,6,20,25,0,35982600,4699,5084820,660,7701
978,10,20,25,0,36033240,4700,5128020,665,7711
979,10,20,25,0,36074940,4699,5166960,669,7721
980,7,13,25,0,36148740,4700,5328900,689,7728
981,5,0,19,6,36191700,4691,5607960,725,7733
982,6,0,19,6,36220920,4691,5607960,724,7739
983,4,0,17,8,36255660,4692,5607960,724,7743
984,3,0,16,9,36275280,4692,5607960,723,7746
985,7,0,18,7,36300360,4693,5607960,723,7753
986,5,0,16,9,36327540,4692,5607960,722,7758
987,3,0,15,10,36352680,4693,5607960,722,7761
988,5,0,17,8,36372120,4693,5607960,722,7766
989,3,0,16,9,36391920,4693,5607960,721,7769
990,11,0,19,6,36428640,4693,5607960,720,7780
991,12,1,25,0,36444600,4692,5608500,719,7792
992,16,11,25,0,36473280,4692,5611980,718,7808
993,9,11,25,0,36526260,4694,5625540,719,7817
994,12,13,25,0,36584700,4695,5648340,721,7829
995,11,20,25,0,36619200,4697,5653980,721,7840
996,16,23,25,0,36703260,4700,5667480,721,7856
997,12,27,25,0,36741300,4700,5679960,721,7868
998,15,35,25,0,36785280,4702,5717760,725,7883
999,13,37,25,0,36835020,4703,5736660,726,7896
1000,9,37,25,0,36888540,4704,5743560,726,7905
1001,10,37,25,0,36940620,4705,5846160,738,7915
1002,8,33,25,0,37000860,4705,5933880,749,7923
1003,6,27,25,0,37051380,4704,6022020,759,7929
1004,5,16,25,0,37108980,4702,6310980,795,7934
1005,7,9,25,0,37155240,4700,6535380,823,7941
1006,5,0,19,6,37205880,4694,6806040,856,7946
1007,7,0,20,5,37237680,4695,6806040,855,7953
1008,8,0,21,4,37271340,4695,6806040,855,7961
1009,2,0,17,8,37311720,4696,6806040,854,7963
1010,4,0,15,10,37350000,4698,6806040,854,7967
1011,7,0,17,8,37370640,4697,6806040,853,7974
1012,1,0,16,9,37381860,4697,6806040,853,7975
1013,6,0,19,6,37398840,4698,6806040,852,7981
1014,6,0,18,7,37437840,4699,6806040,852,7987
1015,7,0,20,5,37460280,4698,6806040,851,7994
1016,6,0,22,3,37479000,4698,6806040,850,8000
1017,11,0,23,2,37528140,4699,6806040,849,8011
1018,8,0,25,0,37554180,4698,6806580,849,8019
1019,10,0,25,0,37611600,4700,6818820,849,8029
1020,8,1,25,0,37647840,4700,6824160,849,8037
1021,13,5,25,0,37695960,4701,6830520,848,8050
1022,9,5,25,0,37744500,4702,6840600,849,8059
1023,4,0,23,2,37805280,4703,6866520,851,8063
1024,19,7,25,0,37854480,4703,6867300,850,8082
1025,10,11,25,0,37883280,4703,6872880,849,8092
1026,3,2,25,0,37957860,4705,6910380,853,8095
1027,10,0,23,2,38011500,4704,6927000,854,8105
1028,5,0,20,5,38049600,4704,6927000,854,8110
1029,7,0,20,5,38084820,4704,6927000,853,8117
1030,3,0,16,9,38111820,4704,6927000,853,8120
1031,5,0,17,8,38140320,4705,6927000,852,8125
1032,5,0,18,7,38159160,4705,6927000,852,8130
1033,3,0,18,7,38177040,4705,6927000,851,8133
1034,8,0,23,2,38195820,4706,6927000,851,8141
1035,2,0,20,5,38226240,4707,6927000,850,8143
1036,5,0,16,9,38277060,4708,6927000,850,8148
1037,11,0,23,2,38292120,4707,6927000,849,8159
1038,13,4,25,0,38331000,4708,6931080,848,8172
1039,10,5,25,0,38375400,4708,6942840,848,8182
1040,6,0,23,2,38440560,4709,6955680,849,8188
1041,4,0,17,8,38482860,4708,6955680,849,8192
1042,2,0,15,10,38507100,4709,6955680,849,8194
1043,10,0,23,2,38523900,4710,6955680,848,8204
1044,11,1,25,0,38560380,4709,6958020,847,8215
1045,11,3,25,0,38599920,4709,6964260,846,8226
1046,8,2,25,0,38655060,4711,6976980,847,8234
1047,13,3,25,0,38707260,4710,6981720,846,8247
1048,7,3,25,0,38751060,4711,6992400,847,8254
1049,9,0,25,0,38812440,4712,7004040,847,8263
1050,7,0,21,4,38856660,4711,7004040,847,8270
1051,6,0,18,7,38901060,4711,7004040,846,8276
1052,5,0,18,7,38922780,4711,7004040,846,8281
1053,7,0,17,8,38944200,4709,7004040,845,8288
1054,3,0,14,11,38977260,4710,7004040,844,8291
1055,5,0,17,8,38987340,4710,7004040,844,8296
1056,5,0,19,6,39002160,4710,7004040,843,8301
1057,4,0,18,7,39025560,4710,7004040,843,8305
1058,6,0,18,7,39055440,4710,7004040,842,8311
1059,5,0,19,6,39070920,4710,7004040,842,8316
1060,4,0,17,8,39111780,4711,7004040,842,8320
1061,7,0,19,6,39144420,4712,7004040,841,8327
1062,11,0,24,1,39161880,4711,7004040,840,8338
1063,4,0,21,4,39200760,4712,7004040,839,8342
1064,11,0,25,0,39232920,4712,7004040,838,8353
1065,6,0,19,6,39290280,4712,7004040,838,8359
1066,11,0,22,3,39322680,4711,7004040,837,8370
1067,12,1,25,0,39350760,4710,7004160,835,8382
1068,12,5,25,0,39389760,4710,7006800,834,8394
1069,13,10,25,0,39439500,4712,7015620,834,8407
1070,9,7,25,0,39495600,4711,7052400,838,8416
1071,10,0,24,1,39546600,4707,7083420,840,8426
1072,6,0,21,4,39595980,4708,7083420,840,8432
1073,8,0,21,4,39639120,4709,7083420,839,8440
1074,7,0,22,3,39665700,4709,7083420,838,8447
1075,6,0,20,5,39704100,4709,7083420,838,8453
1076,8,0,23,2,39733740,4710,7083420,837,8461
1077,8,0,23,2,39774180,4710,7083420,836,8469
1078,7,0,18,7,39823860,4709,7083420,835,8476
1079,9,0,22,3,39845280,4709,7083420,835,8485
1080,3,0,19,6,39875160,4709,7083420,834,8488
1081,7,0,18,7,39910560,4709,7083420,834,8495
1082,4,0,14,11,39950460,4709,7083420,833,8499
1083,7,0,19,6,39957480,4709,7083420,832,8506
1084,6,0,20,5,39975180,4708,7083420,832,8512
1085,6,0,18,7,40015980,4708,7083420,831,8518
1086,1,0,14,11,40044360,4709,7083420,831,8519
1087,13,0,23,2,40061880,4709,7083420,830,8532
1088,11,2,25,0,40091760,4708,7089000,829,8543
1089,11,4,25,0,40139100,4709,7095600,829,8554
1090,11,2,25,0,40188780,4708,7110900,830,8565
1091,9,1,25,0,40237380,4708,7113660,829,8574
1092,12,4,25,0,40284780,4708,7117140,829,8586
1093,12,8,25,0,40334400,4710,7124700,828,8598
1094,6,2,25,0,40390500,4710,7168320,833,8604
1095,13,3,25,0,40457940,4711,7178460,833,8617
1096,11,8,25,0,40489920,4711,7183320,832,8628
1097,11,10,25,0,40546680,4713,7196460,833,8639
1098,6,9,25,0,40586820,4714,7217220,835,8645
1099,5,0,19,6,40654200,4711,7281060,841,8650
1100,6,0,18,7,40680000,4710,7281060,841,8656
1101,4,0,15,10,40720020,4711,7281060,840,8660
1102,6,0,17,8,40733760,4710,7281060,840,8666
1103,7,0,19,6,40743600,4709,7281060,839,8673
1104,6,0,18,7,40771260,4708,7281060,839,8679
1105,7,0,20,5,40789620,4707,7281060,838,8686
1106,3,0,16,9,40819020,4707,7281060,838,8689
1107,5,0,17,8,40834620,4707,7281060,837,8694
1108,4,0,15,10,40871940,4708,7281060,837,8698
1109,3,0,16,9,40879320,4707,7281060,836,8701
1110,3,0,16,9,40891680,4707,7281060,836,8704
1111,3,0,13,12,40924260,4708,7281060,836,8707
1112,15,1,25,0,40930380,4707,7281060,835,8722
1113,7,0,22,3,40965420,4705,7282620,834,8729
1114,12,0,21,4,41014260,4704,7286220,833,8741
1115,13,3,25,0,41041440,4704,7289400,832,8754
1116,7,0,23,2,41100540,4704,7293960,832,8761
1117,14,2,25,0,41148600,4704,7294380,831,8775
1118,10,4,25,0,41188320,4705,7299480,831,8785
1119,11,4,25,0,41249760,4706,7312620,831,8796
1120,7,3,25,0,41288520,4706,7323540,832,8803
1121,14,5,25,0,41352360,4707,7331100,831,8817
1122,9,7,25,0,41388180,4707,7336320,831,8826
1123,12,6,25,0,41448780,4707,7361460,833,8838
1124,10,2,25,0,41509740,4706,7390800,835,8848
1125,5,0,21,4,41543820,4704,7415100,837,8853
1126,9,0,21,4,41596080,4705,7415100,836,8862
1127,4,0,21,4,41617260,4706,7415100,836,8866
1128,5,0,15,10,41667180,4706,7415100,836,8871
1129,3,0,15,10,41677860,4705,7415100,835,8874
1130,6,0,20,5,41683920,4705,7415100,835,8880
1131,5,0,19,6,41714460,4706,7415100,834,8885
1132,7,0,21,4,41735940,4705,7415100,834,8892
1133,9,0,19,6,41789880,4706,7415100,833,8901
1134,9,0,22,3,41806140,4704,7415100,832,8910
1135,9,0,23,2,41849520,4705,7415100,831,8919
1136,11,0,23,2,41881260,4703,7415100,830,8930
1137,5,0,20,5,41928960,4704,7415580,830,8935
1138,9,0,20,5,41976060,4704,7415580,829,8944
1139,15,5,25,0,42005220,4705,7420200,828,8959
1140,11,7,25,0,42058680,4706,7432140,828,8970
1141,5,0,21,4,42120180,4705,7461240,831,8975
1142,17,8,25,0,42140580,4704,7462260,830,8992
1143,9,8,25,0,42197820,4706,7473540,830,9001
1144,10,7,25,0,42251460,4706,7502460,832,9011
1145,11,8,25,0,42302400,4707,7515720,833,9022
1146,10,7,25,0,42353400,4706,7541220,835,9032
1147,6,0,24,1,42409980,4705,7577460,838,9038
1148,8,0,24,1,42449820,4706,7577460,837,9046
1149,9,0,23,2,42498960,4706,7577460,837,9055
1150,4,0,16,9,42538380,4705,7577460,836,9059
1151,9,0,18,7,42563640,4704,7577460,835,9068
1152,4,0,17,8,42577320,4703,7577460,835,9072
1153,4,0,14,11,42609600,4703,7577460,835,9076
1154,0,0,13,12,42615900,4703,7577460,835,9076
1155,4,0,15,10,42630720,4703,7577460,834,9080
1156,2,0,14,11,42640020,4703,7577460,834,9082
1157,3,0,13,12,42655860,4702,7577460,834,9085
1158,4,0,16,9,42659580,4702,7577460,833,9089
1159,10,0,20,5,42687360,4702,7577460,832,9099
1160,9,0,24,1,42705180,4702,7577460,832,9108
1161,14,5,25,0,42750420,4703,7580760,831,9122
1162,7,3,25,0,42800040,4703,7591140,831,9129
1163,10,1,25,0,42852900,4703,7602000,832,9139
1164,12,3,25,0,42901740,4703,7608420,831,9151
1165,4,0,22,3,42950640,4703,7615440,832,9155
1166,6,0,19,6,42997440,4704,7615440,831,9161
1167,7,0,20,5,43021080,4703,7615440,830,9168
1168,14,3,25,0,43050720,4703,7615740,829,9182
1169,16,15,25,0,43072980,4704,7619640,828,9198
1170,5,8,25,0,43145520,4706,7646220,831,9203
1171,7,8,25,0,43187400,4707,7678200,834,9210
1172,4,0,24,1,43248780,4707,7723920,838,9214
1173,3,0,16,9,43296000,4706,7723920,838,9217
1174,7,0,18,7,43319940,4706,7723920,837,9224
1175,4,0,18,7,43332900,4706,7723920,837,9228
1176,6,0,16,9,43364700,4705,7723920,836,9234
1177,6,0,19,6,43379040,4705,7723920,836,9240
1178,4,0,16,9,43408560,4705,7723920,835,9244
1179,6,0,17,8,43432440,4705,7723920,835,9250
1180,5,0,18,7,43446840,4704,7723920,834,9255
1181,4,0,17,8,43465680,4704,7723920,834,9259
1182,8,0,20,5,43495980,4704,7723920,833,9267
1183,10,1,25,0,43520100,4705,7725000,832,9277
1184,9,1,25,0,43560780,4705,7727280,832,9286
1185,12,4,25,0,43615140,4706,7729020,831,9298
1186,7,3,25,0,43656960,4706,7738680,832,9305
1187,8,0,24,1,43724100,4708,7744740,831,9313
1188,13,4,25,0,43772580,4709,7750620,831,9326
1189,8,5,25,0,43810320,4709,7754220,830,9334
1190,5,0,19,6,43887300,4709,7769820,832,9339
1191,5,0,19,6,43906320,4709,7769820,831,9344
1192,7,0,18,7,43940760,4709,7769820,831,9351
1193,8,0,21,4,43957020,4708,7769820,830,9359
1194,4,0,18,7,43989060,4708,7769820,830,9363
1195,3,0,15,10,44021460,4708,7769820,829,9366
1196,6,0,16,9,44041140,4708,7769820,829,9372
1197,6,0,19,6,44061240,4708,7769820,828,9378
1198,6,0,19,6,44083740,4708,7769820,828,9384
1199,6,0,17,8,44119620,4708,7769820,827,9390
1200,6,0,19,6,44139120,4708,7769820,827,9396
1201,5,0,19,6,44166960,4708,7769820,826,9401
1202,8,0,22,3,44187480,4708,7769820,825,9409
1203,4,0,18,7,44230920,4708,7769820,825,9413
1204,6,0,17,8,44263620,4708,7769820,825,9419
1205,4,0,15,10,44282220,4707,7769820,824,9423
1206,6,0,20,5,44286480,4707,7769820,824,9429
1207,9,0,23,2,44316240,4707,7769820,823,9438
1208,8,0,25,0,44344860,4708,7773300,823,9446
1209,10,0,24,1,44405580,4708,7773600,822,9456
1210,15,5,25,0,44447400,4708,7775820,821,9471
1211,12,6,25,0,44507280,4709,7787100,821,9483
1212,11,6,25,0,44566020,4710,7808160,822,9494
1213,7,8,25,0,44593560,4710,7811280,822,9501
1214,9,5,25,0,44657820,4711,7851840,825,9510
1215,16,6,25,0,44703840,4709,7858380,825,9526
1216,11,13,25,0,44726460,4709,7863780,824,9537
1217,8,11,25,0,44790660,4711,7884180,826,9545
1218,11,10,25,0,44859060,4712,7900020,826,9556
1219,7,0,25,0,44914860,4710,8016000,838,9563
1220,4,0,22,3,44940360,4709,8016000,838,9567
1221,7,0,20,5,44993040,4710,8016000,837,9574
1222,8,0,25,0,45011160,4710,8016000,836,9582
1223,4,0,19,6,45071340,4712,8016000,836,9586
1224,5,0,19,6,45102660,4712,8016000,835,9591
1225,3,0,14,11,45136740,4712,8016000,835,9594
1226,5,0,17,8,45143280,4712,8016000,835,9599
1227,5,0,17,8,45169140,4712,8016000,834,9604
1228,7,0,21,4,45179460,4712,8016000,834,9611
1229,8,0,19,6,45226560,4712,8016000,833,9619
1230,12,0,23,2,45267060,4712,8020800,832,9631
1231,9,0,20,5,45310620,4711,8020800,832,9640
1232,10,0,21,4,45344340,4710,8020800,831,9650
1233,8,0,21,4,45384120,4710,8020800,830,9658
1234,5,0,20,5,45415380,4710,8020800,830,9663
1235,9,0,22,3,45453420,4711,8020800,829,9672
1236,14,3,25,0,45488820,4710,8020980,828,9686
1237,11,3,25,0,45531660,4710,8029740,828,9697
1238,13,7,25,0,45574080,4710,8038560,828,9710
1239,12,10,25,0,45631860,4711,8049420,828,9722
1240,9,8,25,0,45699060,4713,8066700,829,9731
1241,7,8,25,0,45734580,4713,8081580,830,9738
1242,10,7,25,0,45798720,4714,8120700,833,9748
1243,11,9,25,0,45841560,4714,8132160,833,9759
1244,5,6,25,0,45878640,4714,8184240,838,9764
1245,2,0,14,11,45952500,4713,8241780,844,9766
1246,6,0,16,9,45963300,4712,8241780,843,9772
1247,8,0,21,4,45973440,4711,8241780,842,9780
1248,4,0,16,9,46016520,4711,8241780,842,9784
1249,5,0,16,9,46047000,4712,8241780,842,9789
1250,5,0,18,7,46057680,4712,8241780,841,9794
1251,6,0,20,5,46080360,4712,8241780,841,9800
1252,7,0,19,6,46116660,4712,8241780,840,9807
1253,4,0,18,7,46136880,4712,8241780,840,9811
1254,10,0,19,6,46169220,4711,8241780,839,9821
1255,13,0,24,1,46195380,4709,8241780,838,9834
1256,8,0,23,2,46226340,4708,8241840,837,9842
1257,9,0,23,2,46278960,4709,8241840,836,9851
1258,18,7,25,0,46313820,4709,8244120,835,9869
1259,13,9,25,0,46367640,4709,8261940,836,9882
1260,7,7,25,0,46417800,4710,8280840,837,9889
1261,12,8,25,0,46475340,4710,8301720,838,9901
1262,10,11,25,0,46511040,4710,8314080,839,9911
1263,15,16,25,0,46574220,4712,8328960,839,9926
1264,11,20,25,0,46614420,4713,8343960,839,9937
1265,9,16,25,0,46683060,4714,8383860,843,9946
1266,7,11,25,0,46721520,4712,8451480,849,9953
1267,12,9,25,0,46780560,4711,8520120,855,9965
1268,10,5,25,0,46817460,4708,8642820,866,9975
1269,8,0,24,1,46874880,4707,8681400,869,9983
1270,11,0,24,1,46923960,4707,8681820,868,9994
1271,2,0,16,9,46975980,4707,8681820,868,9996
1272,4,0,15,10,47001360,4708,8681820,868,10000
1273,5,0,17,8,47009760,4707,8681820,867,10005
1274,9,0,22,3,47026440,4707,8681820,867,10014
1275,6,0,18,7,47071020,4707,8682780,866,10020
1276,4,0,17,8,47100600,4707,8682780,866,10024
1277,5,0,18,7,47128380,4708,8682780,865,10029
1278,8,0,21,4,47147040,4708,8682780,865,10037
1279,10,0,25,0,47174580,4708,8683620,864,10047
1280,8,0,25,0,47213100,4708,8684520,863,10055
1281,4,0,18,7,47271300,4708,8684820,863,10059
1282,12,0,24,1,47297820,4708,8684820,862,10071
1283,10,0,24,1,47343600,4708,8684880,861,10081
1284,8,0,25,0,47375820,4708,8684880,860,10089
1285,11,0,25,0,47435880,4709,8691840,860,10100
1286,14,9,25,0,47463180,4709,8695440,859,10114
1287,10,7,25,0,47532600,4710,8711520,860,10124
1288,11,12,25,0,47566380,4711,8720460,860,10135
1289,9,10,25,0,47631720,4712,8755920,863,10144
1290,5,6,25,0,47682120,4713,8791320,866,10149
1291,11,0,19,6,47751660,4709,8854620,871,10160
1292,3,0,17,8,47777340,4709,8854620,871,10163
1293,6,0,18,7,47807520,4710,8854620,870,10169
1294,7,0,19,6,47830200,4710,8854620,870,10176
1295,4,0,18,7,47856300,4710,8854620,869,10180
1296,6,0,17,8,47895900,4710,8854620,869,10186
1297,7,0,18,7,47913480,4709,8854620,868,10193
1298,5,0,18,7,47938380,4710,8854620,868,10198
1299,7,0,20,5,47962620,4710,8854620,867,10205
1300,3,0,16,9,47999340,4710,8854620,867,10208
1301,5,0,19,6,48008700,4710,8854620,867,10213
1302,9,0,21,4,48041160,4710,8854620,866,10222
1303,6,0,21,4,48071940,4710,8854620,865,10228
1304,7,0,21,4,48103860,4710,8854620,865,10235
1305,10,0,21,4,48148380,4710,8854620,864,10245
1306,12,3,25,0,48169440,4710,8854620,863,10257
1307,9,2,25,0,48221520,4710,8861400,863,10266
1308,14,9,25,0,48248280,4709,8864940,862,10280
1309,12,9,25,0,48319980,4711,8874840,862,10292
1310,10,13,25,0,48354540,4711,8883240,862,10302
1311,8,8,25,0,48434040,4713,8910600,864,10310
1312,9,12,25,0,48455580,4713,8922360,865,10319
1313,6,2,25,0,48527580,4713,9030120,874,10325
1314,8,0,18,7,48582480,4710,9041160,875,10333
1315,8,0,20,5,48608460,4710,9041160,874,10341
1316,9,0,24,1,48631020,4710,9041160,873,10350
1317,4,0,19,6,48683400,4711,9041160,873,10354
1318,5,0,18,7,48711060,4711,9041160,872,10359
1319,8,0,21,4,48736500,4711,9041160,872,10367
1320,6,0,19,6,48768840,4711,9041160,871,10373
1321,8,0,21,4,48798000,4711,9041160,871,10381
1322,10,1,25,0,48823080,4711,9043680,870,10391
1323,1,0,19,6,48876180,4712,9046500,870,10392
1324,5,0,18,7,48915780,4713,9046500,870,10397
1325,7,0,22,3,48929100,4713,9046500,869,10404
1326,4,0,17,8,48977040,4714,9046500,869,10408
1327,8,0,19,6,49004580,4714,9046500,868,10416
1328,3,0,16,9,49030980,4714,9046500,868,10419
1329,14,2,25,0,49045380,4714,9046620,867,10433
1330,6,0,25,0,49088880,4714,9050460,867,10439
1331,10,0,19,6,49154400,4713,9050520,866,10449
1332,10,1,25,0,49173420,4714,9050520,865,10459
1333,11,5,25,0,49211520,4714,9054360,865,10470
1334,11,8,25,0,49256940,4715,9061500,865,10481
1335,8,4,25,0,49312920,4715,9084840,866,10489
1336,14,6,25,0,49368720,4715,9094620,866,10503
1337,5,2,25,0,49406400,4714,9107400,866,10508
1338,17,5,25,0,49480140,4715,9113460,866,10525
1339,9,5,25,0,49515960,4714,9118560,865,10534
1340,16,14,25,0,49559460,4715,9129540,865,10550
1341,9,13,25,0,49618980,4717,9144660,866,10559
1342,1,4,25,0,49679280,4718,9215280,872,10560
1343,6,0,20,5,49736700,4717,9260940,876,10566
1344,6,0,17,8,49772520,4716,9260940,876,10572
1345,10,0,25,0,49775400,4715,9262080,875,10582
1346,3,0,22,3,49801800,4715,9263160,875,10585
1347,6,0,25,0,49821600,4716,9263460,874,10591
1348,7,0,25,0,49860360,4716,9270480,874,10598
1349,5,0,25,0,49881720,4716,9270480,874,10603
1350,9,2,25,0,49918200,4716,9276300,874,10612
1351,8,2,25,0,49953900,4716,9283080,874,10620
1352,10,7,25,0,49981680,4717,9285180,873,10630
1353,9,12,25,0,50005740,4717,9290280,873,10639
1354,7,12,25,0,50046600,4718,9314100,875,10646
1355,5,13,25,0,50070780,4718,9323580,875,10651
1356,14,19,25,0,50109120,4718,9340620,876,10665
1357,8,19,25,0,50148660,4718,9356040,876,10673
1358,10,25,25,0,50168340,4719,9369780,877,10683
1359,7,28,25,0,50200200,4720,9398580,879,10690
1360,9,32,25,0,50232180,4721,9426360,881,10699
1361,4,29,25,0,50271540,4721,9438540,882,10703
1362,8,31,25,0,50304720,4722,9467640,884,10711
1363,7,33,25,0,50338080,4723,9477360,884,10718
1364,9,39,25,0,50355900,4723,9483900,884,10727
1365,7,40,25,0,50398560,4724,9493920,884,10734
1366,10,40,25,0,50427780,4725,9531300,887,10744
1367,7,40,25,0,50460000,4725,9570180,891,10751
1368,6,40,25,0,50490960,4726,9603480,893,10757
1369,3,37,25,0,50531460,4727,9689700,901,10760
1370,2,32,25,0,50569560,4727,9890760,919,10762
1371,7,27,25,0,50605680,4725,10105200,939,10769
1372,6,26,25,0,50628000,4724,10123440,940,10775
1373,4,24,25,0,50657160,4725,10348860,960,10779
1374,8,22,25,0,50697240,4724,10504500,974,10787
1375,10,24,25,0,50730240,4723,10510140,974,10797
1376,11,28,25,0,50759820,4723,10517940,974,10808
1377,6,28,25,0,50787720,4723,10532220,975,10814
1378,10,30,25,0,50828820,4723,10541760,974,10824
1379,12,36,25,0,50855700,4723,10548540,974,10836
1380,11,40,25,0,50884440,4724,10561380,974,10847
1381,14,40,25,0,50924280,4724,10584180,976,10861
1382,8,39,25,0,50946060,4725,10596420,976,10869
1383,5,38,25,0,50984340,4726,10640760,980,10874
1384,9,38,25,0,51027840,4726,10645860,980,10883
1385,7,38,25,0,51049560,4726,10698900,984,10890
1386,8,37,25,0,51088980,4726,10764780,990,10898
1387,6,35,25,0,51118200,4725,10771380,990,10904
1388,11,39,25,0,51147180,4725,10853100,996,10915
1389,6,38,25,0,51180840,4725,10864980,997,10921
1390,7,40,25,0,51203820,4725,10870560,997,10928
1391,4,37,25,0,51243840,4726,10947060,1004,10932
1392,7,33,25,0,51285840,4725,11107320,1018,10939
1393,3,30,25,0,51311700,4725,11214900,1027,10942
1394,6,24,25,0,51350160,4723,11832600,1083,10948
1395,7,23,25,0,51375840,4722,12210720,1117,10955
1396,6,27,25,0,51388740,4722,12217440,1117,10961
1397,6,25,25,0,51444420,4724,12233820,1118,10967
1398,4,25,25,0,51465720,4724,12257040,1120,10971
1399,5,19,25,0,51506160,4723,12477360,1139,10976
1400,11,19,25,0,51542520,4722,12705300,1159,10987
1401,13,29,25,0,51559140,4722,12710400,1158,11000
1402,11,34,25,0,51595560,4723,12723480,1158,11011
1403,8,36,25,0,51635280,4724,12732780,1158,11019
1404,11,40,25,0,51652980,4724,12747360,1159,11030
1405,6,38,25,0,51698280,4725,12766260,1160,11036
1406,15,40,25,0,51715320,4725,12769260,1160,11051
1407,10,40,25,0,51767580,4726,12876120,1168,11061
1408,14,38,25,0,51779520,4726,12885060,1169,11075
1409,9,38,25,0,51835800,4728,12922380,1171,11084
1410,6,39,25,0,51856080,4727,12930000,1172,11090
1411,5,34,25,0,51895920,4728,12983040,1176,11095
1412,13,38,25,0,51929580,4728,13031460,1179,11108
1413,2,37,25,0,51943680,4728,13035960,1179,11110
1414,6,34,25,0,51998220,4729,13123080,1187,11116
1415,0,25,25,0,52025880,4727,13824780,1250,11116
1416,5,7,25,0,52072620,4722,15642600,1414,11121
1417,8,4,25,0,52087140,4718,16219740,1465,11129
1418,6,4,25,0,52116720,4719,16226160,1465,11135
1419,5,1,25,0,52153680,4718,16517340,1491,11140
1420,2,0,19,6,52192080,4718,16518900,1490,11142
1421,7,0,23,2,52201800,4718,16518900,1489,11149
1422,6,0,24,1,52222980,4717,16519440,1489,11155
1423,5,0,22,3,52256880,4718,16519920,1488,11160
1424,10,1,25,0,52281900,4717,16519920,1487,11170
1425,8,1,25,0,52312440,4717,16523700,1486,11178
1426,9,5,25,0,52332120,4716,16526700,1485,11187
1427,9,9,25,0,52363140,4717,16533120,1485,11196
1428,12,16,25,0,52395300,4718,16541760,1484,11208
1429,9,21,25,0,52420920,4718,16545540,1483,11217
1430,11,24,25,0,52466400,4719,16559640,1483,11228
1431,11,31,25,0,52486620,4719,16563000,1482,11239
1432,8,32,25,0,52532520,4720,16591860,1483,11247
1433,10,36,25,0,52567200,4721,16601820,1483,11257
1434,10,40,25,0,52590480,4721,16612080,1483,11267
1435,9,39,25,0,52638060,4721,16637820,1483,11276
1436,11,40,25,0,52649340,4721,16643520,1484,11287
1437,4,36,25,0,52685640,4722,16669380,1486,11291
1438,4,35,25,0,52719480,4723,16733880,1491,11295
1439,2,29,25,0,52764240,4723,16984200,1513,11297
1440,4,28,25,0,52790100,4723,16993440,1513,11301
1441,9,29,25,0,52825500,4723,17171700,1528,11310
1442,11,33,25,0,52856700,4723,17177760,1527,11321
1443,5,32,25,0,52883280,4723,17185620,1527,11326
1444,7,34,25,0,52916100,4724,17194560,1527,11333
1445,6,34,25,0,52948020,4724,17209620,1527,11339
1446,6,32,25,0,52990020,4724,17236140,1529,11345
1447,3,28,25,0,53027460,4725,17359260,1539,11348
1448,5,25,25,0,53055900,4724,17561400,1556,11353
1449,10,27,25,0,53081400,4723,17607900,1559,11363
1450,14,36,25,0,53107620,4723,17612280,1558,11377
1451,10,38,25,0,53143500,4724,17625240,1558,11387
1452,7,38,25,0,53181900,4725,17646840,1559,11394
1453,9,40,25,0,53206200,4725,17668560,1560,11403
1454,9,39,25,0,53242440,4725,17679180,1560,11412
1455,8,39,25,0,53261460,4726,17699940,1561,11420
1456,6,34,25,0,53315940,4726,17881620,1577,11426
1457,11,35,25,0,53349780,4725,17899320,1577,11437
1458,5,37,25,0,53363880,4725,17903880,1576,11442
1459,8,38,25,0,53403360,4726,17912940,1576,11450
1460,10,38,25,0,53431020,4726,17923440,1576,11460
1461,12,40,25,0,53470020,4727,17931720,1576,11472
1462,1,32,25,0,53510340,4727,18563400,1631,11473
1463,2,17,25,0,53552880,4724,19601580,1722,11475
1464,7,0,22,3,53581380,4715,20842020,1830,11482
1465,5,0,25,0,53591220,4715,20842020,1829,11487
1466,5,0,24,1,53621160,4715,20842440,1829,11492
1467,11,3,25,0,53653800,4715,20844000,1827,11503
1468,5,4,25,0,53676060,4715,20848620,1827,11508
1469,7,3,25,0,53719380,4716,20869620,1827,11515
1470,6,0,22,3,53756880,4714,20880480,1827,11521
1471,9,3,25,0,53771460,4714,20882940,1826,11530
1472,9,5,25,0,53800860,4714,20894280,1826,11539
1473,19,17,25,0,53832780,4714,20901180,1824,11558
1474,13,24,25,0,53871240,4715,20912400,1822,11571
1475,9,29,25,0,53894040,4715,20917620,1821,11580
1476,8,31,25,0,53925000,4715,20944500,1823,11588
1477,13,37,25,0,53961420,4716,20965800,1822,11601
1478,9,39,25,0,53994060,4717,20981100,1822,11610
1479,21,39,25,0,54035760,4718,20996280,1823,11631
1480,11,37,25,0,54067320,4717,21070080,1828,11642
1481,10,36,25,0,54096240,4717,21109320,1831,11652
1482,6,37,25,0,54122640,4717,21147360,1833,11658
1483,12,39,25,0,54160980,4718,21156780,1833,11670
1484,8,39,25,0,54191760,4718,21173160,1833,11678
1485,13,39,25,0,54226080,4719,21248100,1839,11691
1486,4,39,25,0,54247980,4719,21254880,1839,11695
1487,1,33,25,0,54291300,4720,21435360,1854,11696
1488,10,37,25,0,54322080,4720,21472560,1856,11706
1489,8,39,25,0,54352200,4720,21483240,1856,11714
1490,7,37,25,0,54391260,4721,21538680,1859,11721
1491,3,36,25,0,54411540,4721,21546900,1860,11724
1492,5,34,25,0,54449820,4722,21666420,1869,11729
1493,8,31,25,0,54486300,4720,21914280,1889,11737
1494,5,31,25,0,54508260,4720,22068000,1902,11742
1495,9,28,25,0,54555780,4719,22469460,1935,11751
1496,9,30,25,0,54586980,4719,22474860,1933,11760
1497,7,34,25,0,54604980,4719,22482840,1934,11767
1498,14,37,25,0,54649860,4720,22495320,1932,11781
1499,8,39,25,0,54675840,4720,22511040,1933,11789
1500,13,40,25,0,54700680,4721,22515540,1932,11802
1501,5,40,25,0,54720300,4721,22531440,1933,11807
1502,9,38,25,0,54777720,4722,22560600,1934,11816
1503,10,38,25,0,54812700,4722,22569540,1934,11826
1504,3,35,25,0,54841440,4722,22639440,1939,11829
1505,9,35,25,0,54873600,4721,22980000,1967,11838
1506,8,36,25,0,54898380,4721,23003880,1968,11846
1507,9,40,25,0,54928680,4721,23010780,1967,11855
1508,9,40,25,0,54962040,4722,23016060,1967,11864
1509,3,36,25,0,54998460,4723,23087340,1972,11867
1510,5,27,25,0,55032240,4720,23615100,2016,11872
1511,6,23,25,0,55066560,4719,24045600,2052,11878
1512,10,19,25,0,55099980,4716,24733080,2109,11888
1513,4,14,25,0,55140660,4716,24773340,2111,11892
1514,3,4,25,0,55166040,4713,25528560,2175,11895
1515,4,0,20,5,55198200,4710,25907820,2207,11899
1516,5,0,21,4,55224360,4711,25907820,2206,11904
1517,7,0,23,2,55242660,4711,25907820,2205,11911
1518,9,2,25,0,55262280,4710,25908780,2203,11920
1519,8,4,25,0,55297020,4711,25913700,2202,11928
1520,8,7,25,0,55322100,4711,25920720,2201,11936
1521,8,9,25,0,55358580,4712,25933200,2201,11944
1522,8,11,25,0,55392720,4712,25950540,2201,11952
1523,9,13,25,0,55423560,4712,25965780,2200,11961
1524,5,9,25,0,55459860,4711,26005680,2203,11966
1525,5,6,25,0,55494180,4711,26034840,2204,11971
1526,11,11,25,0,55523940,4711,26041980,2203,11982
1527,14,21,25,0,55548720,4712,26047080,2201,11996
1528,14,29,25,0,55586280,4713,26058720,2199,12010
1529,3,27,25,0,55618080,4713,26078340,2200,12013
1530,7,27,25,0,55659180,4714,26101440,2201,12020
1531,11,34,25,0,55678020,4714,26115480,2201,12031
1532,7,35,25,0,55714560,4715,26142120,2201,12038
1533,5,37,25,0,55733100,4715,26166540,2202,12043
1534,8,38,25,0,55783080,4716,26191020,2203,12051
1535,6,40,25,0,55805220,4717,26200140,2202,12057
1536,5,38,25,0,55842780,4717,26248620,2205,12062
1537,9,39,25,0,55861680,4718,26252940,2205,12071
1538,9,40,25,0,55906080,4719,26312400,2209,12080
1539,3,38,25,0,55927920,4719,26321700,2209,12083
1540,3,35,25,0,55969560,4720,26495760,2223,12086
1541,4,31,25,0,56011500,4720,26640120,2234,12090
1542,10,38,25,0,56032680,4721,26693580,2237,12100
1543,12,40,25,0,56062140,4721,26707920,2237,12112
1544,8,36,25,0,56113740,4722,26725620,2237,12120
1545,9,39,25,0,56125080,4722,26828580,2245,12129
1546,12,40,25,0,56166720,4723,26839500,2244,12141
1547,14,39,25,0,56206260,4723,26924520,2250,12155
1548,10,40,25,0,56230260,4723,27048480,2260,12165
1549,12,40,25,0,56265120,4724,27254580,2276,12177
1550,9,38,25,0,56300520,4722,27353280,2282,12186
1551,7,39,25,0,56331420,4723,27379140,2283,12193
1552,14,40,25,0,56351100,4723,27384180,2282,12207
1553,10,39,25,0,56396640,4724,27442980,2286,12217
1554,3,33,25,0,56431560,4724,27662400,2304,12220
1555,7,30,25,0,56465220,4723,27933840,2325,12227
1556,14,37,25,0,56490000,4722,28166880,2343,12241
1557,4,33,25,0,56527380,4722,28179360,2342,12245
1558,5,33,25,0,56556000,4722,28201740,2343,12250
1559,4,29,25,0,56594040,4722,28538760,2370,12254
1560,6,16,25,0,56633820,4718,29687880,2465,12260
1561,6,14,25,0,56657880,4717,29723340,2466,12266
1562,2,8,25,0,56687700,4716,30157380,2502,12268
1563,2,0,19,6,56723400,4713,30521640,2532,12270
1564,6,0,21,4,56731980,4712,30521640,2531,12276
1565,4,0,21,4,56751120,4712,30521640,2530,12280
1566,4,0,19,6,56771820,4712,30521640,2529,12284
1567,11,2,25,0,56781000,4711,30521880,2527,12295
1568,7,1,25,0,56814960,4711,30525120,2525,12302
1569,5,1,25,0,56839320,4711,30530820,2525,12307
1570,16,11,25,0,56877960,4712,30537060,2523,12323
1571,13,20,25,0,56903880,4712,30546120,2521,12336
1572,16,31,25,0,56932440,4713,30551400,2517,12352
1573,17,39,25,0,56965500,4714,30571080,2516,12369
1574,12,38,25,0,57007920,4714,30583860,2516,12381
1575,9,39,25,0,57035280,4715,30610800,2517,12390
1576,8,40,25,0,57067620,4715,30655620,2520,12398
1577,10,38,25,0,57100860,4715,30706080,2522,12408
1578,9,40,25,0,57124020,4716,30726900,2523,12417
1579,8,38,25,0,57164100,4717,30759060,2525,12425
1580,10,39,25,0,57205620,4717,30863460,2532,12435
1581,4,37,25,0,57234060,4718,30905100,2534,12439
1582,6,35,25,0,57272040,4718,30953100,2537,12445
1583,7,39,25,0,57283800,4718,30996780,2540,12452
1584,8,39,25,0,57334800,4720,31057440,2543,12460
1585,5,39,25,0,57359580,4720,31066200,2543,12465
1586,3,34,25,0,57401820,4720,31241760,2556,12468
1587,6,36,25,0,57424740,4720,31249020,2556,12474
1588,6,35,25,0,57464040,4721,31436700,2570,12480
1589,7,36,25,0,57487260,4720,31475040,2572,12487
1590,7,37,25,0,57520680,4721,31564860,2578,12494
1591,5,32,25,0,57556860,4720,31679160,2586,12499
1592,7,32,25,0,57585720,4720,31766580,2592,12506
1593,16,40,25,0,57625260,4720,31775160,2589,12522
1594,12,40,25,0,57657420,4720,31788840,2589,12534
1595,13,39,25,0,57686940,4720,31808640,2589,12547
1596,24,40,25,0,57707580,4720,31810860,2588,12571
1597,14,38,25,0,57765120,4721,32057880,2606,12585
1598,14,39,25,0,57790200,4721,32206020,2617,12599
1599,18,40,25,0,57821400,4720,32269680,2620,12617
1600,7,36,25,0,57859740,4719,32679060,2652,12624
1601,8,35,25,0,57882360,4718,32968620,2674,12632
1602,11,40,25,0,57911820,4718,32972220,2672,12643
1603,6,35,25,0,57950040,4718,32992020,2673,12649
1604,8,40,25,0,57964440,4718,33000780,2673,12657
1605,9,40,25,0,58014120,4719,33008100,2671,12666
1606,7,37,25,0,58041000,4719,33020400,2671,12673
1607,4,33,25,0,58084680,4720,33109260,2677,12677
1608,6,28,25,0,58106100,4717,33420120,2701,12683
1609,3,19,25,0,58150800,4716,34255140,2768,12686
1610,3,5,25,0,58169460,4711,35423220,2862,12689
1611,4,0,20,5,58214580,4709,35676120,2881,12693
1612,5,0,23,2,58222080,4709,35676120,2880,12698
1613,5,0,23,2,58246020,4709,35676120,2879,12703
1614,7,0,25,0,58271220,4709,35679360,2878,12710
1615,8,3,25,0,58298400,4710,35684580,2876,12718
1616,4,0,24,1,58338000,4710,35693040,2876,12722
1617,11,5,25,0,58356420,4709,35694660,2874,12733
1618,15,15,25,0,58389900,4710,35699640,2871,12748
1619,4,15,25,0,58413900,4711,35708700,2871,12752
1620,9,19,25,0,58453080,4712,35731800,2871,12761
1621,15,27,25,0,58497480,4713,35742360,2868,12776
1622,15,37,25,0,58520160,4713,35752440,2865,12791
1623,7,38,25,0,58560900,4714,35771340,2865,12798
1624,10,38,25,0,58589040,4715,35784960,2865,12808
1625,17,39,25,0,58623600,4715,35810460,2865,12825
1626,12,40,25,0,58647420,4715,35845140,2867,12837
1627,2,35,25,0,58681020,4716,35885040,2870,12839
1628,7,38,25,0,58706160,4716,35891100,2869,12846
1629,9,37,25,0,58753800,4717,35902200,2868,12855
1630,11,40,25,0,58783980,4717,35961840,2871,12866
1631,0,33,25,0,58822800,4718,36088500,2881,12866
1632,6,30,25,0,58859940,4717,36235560,2891,12872
1633,6,31,25,0,58881660,4717,36271440,2893,12878
1634,6,33,25,0,58894920,4717,36288720,2893,12884
1635,6,30,25,0,58956000,4718,36352980,2896,12890
1636,5,30,25,0,58972920,4718,36472380,2905,12895
1637,4,28,25,0,59014140,4719,36654120,2918,12899
1638,4,23,25,0,59052060,4718,36990900,2944,12903
1639,7,23,25,0,59077920,4718,37137180,2955,12910
1640,13,30,25,0,59105640,4718,37141140,2952,12923
1641,15,38,25,0,59141220,4718,37152540,2949,12938
1642,8,40,25,0,59160480,4718,37156020,2948,12946
1643,11,37,25,0,59208180,4720,37180620,2949,12957
1644,12,40,25,0,59217660,4720,37188840,2949,12969
1645,7,39,25,0,59274120,4721,37229940,2951,12976
1646,7,37,25,0,59306280,4721,37261080,2952,12983
1647,13,39,25,0,59333280,4722,37287600,2952,12996
1648,8,38,25,0,59369820,4722,37335060,2955,13004
1649,10,38,25,0,59406900,4722,37358520,2955,13014
1650,6,39,25,0,59424600,4722,37362120,2954,13020
1651,7,37,25,0,59465820,4723,37436640,2958,13027
1652,7,38,25,0,59495700,4723,37496040,2962,13034
1653,10,37,25,0,59534640,4722,37695420,2975,13044
1654,3,35,25,0,59562840,4722,37700640,2975,13047
1655,7,28,25,0,59604060,4720,38231520,3015,13054
1656,4,28,25,0,59621220,4720,38236620,3014,13058
1657,10,31,25,0,59668140,4721,38243280,3013,13068
1658,2,29,25,0,59691060,4722,38254440,3013,13070
1659,3,20,25,0,59736480,4721,38893800,3062,13073
1660,1,0,23,2,59763180,4714,40658160,3201,13074
1661,6,0,22,3,59789760,4714,40658160,3200,13080
1662,8,2,25,0,59798700,4713,40660320,3198,13088
1663,9,4,25,0,59836920,4714,40663860,3196,13097
1664,2,1,25,0,59860920,4714,40678560,3196,13099
1665,8,3,25,0,59898420,4714,40683000,3195,13107
1666,11,7,25,0,59932500,4715,40687440,3194,13118
1667,10,9,25,0,59970660,4715,40695900,3191,13128
1668,14,18,25,0,59993280,4714,40708860,3188,13142
1669,13,27,25,0,60021240,4715,40714980,3187,13155
1670,9,30,25,0,60062220,4716,40727220,3184,13164
1671,12,38,25,0,60084720,4716,40738980,3183,13176
1672,5,36,25,0,60128400,4717,40766220,3183,13181
1673,15,40,25,0,60143280,4717,40782240,3183,13196
1674,10,39,25,0,60189540,4718,40819500,3184,13206
1675,14,40,25,0,60221880,4719,40891560,3188,13220
1676,9,40,25,0,60248460,4719,40898820,3187,13229
1677,9,40,25,0,60295080,4720,41080500,3200,13238
1678,2,36,25,0,60318480,4720,41149860,3205,13240
1679,3,32,25,0,60355080,4720,41294040,3215,13243
1680,7,35,25,0,60378000,4720,41352900,3218,13250
1681,6,33,25,0,60423000,4721,41360940,3217,13256
1682,3,31,25,0,60446280,4721,41523420,3229,13259
1683,5,26,25,0,60480060,4720,41705760,3242,13264
1684,4,20,25,0,60527520,4720,42013620,3264,13268
1685,5,16,25,0,60556920,4719,42230100,3280,13273
1686,11,22,25,0,60570780,4718,42233520,3278,13284
1687,9,23,25,0,60611580,4718,42239700,3276,13293
1688,11,30,25,0,60634260,4718,42244440,3274,13304
1689,5,28,25,0,60676980,4719,42261120,3274,13309
1690,12,35,25,0,60705240,4720,42268080,3271,13321
1691,5,34,25,0,60743880,4720,42281100,3271,13326
1692,17,39,25,0,60786120,4721,42289920,3268,13343
1693,8,40,25,0,60803820,4721,42296280,3267,13351
1694,12,39,25,0,60840420,4721,42320640,3268,13363
1695,12,39,25,0,60870060,4721,42329700,3267,13375
1696,7,38,25,0,60904020,4722,42356580,3268,13382
1697,10,40,25,0,60940500,4722,42456660,3274,13392
1698,7,37,25,0,60973560,4721,42506820,3276,13399
1699,8,37,25,0,61003080,4721,42513240,3275,13407
1700,7,36,25,0,61038180,4722,42549720,3276,13414
1701,6,35,25,0,61066800,4722,42635520,3281,13420
1702,8,33,25,0,61106460,4721,42985380,3306,13428
1703,6,33,25,0,61127760,4721,43046160,3309,13434
1704,3,29,25,0,61159740,4720,43329000,3330,13437
1705,11,26,25,0,61196280,4718,43745160,3359,13448
1706,7,27,25,0,61222020,4718,43801320,3363,13455
1707,8,24,25,0,61260000,4717,44184960,3390,13463
1708,7,26,25,0,61285560,4717,44191740,3388,13470
1709,6,28,25,0,61312620,4718,44193540,3387,13476
1710,9,28,25,0,61364400,4718,44205300,3385,13485
1711,7,29,25,0,61393020,4718,44212740,3384,13492
1712,10,33,25,0,61423980,4719,44219400,3382,13502
1713,12,38,25,0,61453440,4719,44230380,3380,13514
1714,8,40,25,0,61469520,4719,44242080,3380,13522
1715,11,40,25,0,61513320,4720,44260860,3379,13533
1716,12,40,25,0,61530060,4720,44277420,3380,13545
1717,12,40,25,0,61586100,4721,44299200,3379,13557
1718,8,39,25,0,61617540,4721,44378460,3384,13565
1719,12,39,25,0,61648800,4721,44386140,3382,13577
1720,10,37,25,0,61689660,4721,44416860,3383,13587
1721,6,35,25,0,61725360,4721,44436000,3383,13593
1722,8,36,25,0,61749840,4720,44526840,3388,13601
1723,8,36,25,0,61783320,4720,44588940,3391,13609
1724,8,37,25,0,61820220,4720,44599620,3389,13617
1725,7,40,25,0,61833900,4720,44604240,3388,13624
1726,4,35,25,0,61884660,4721,44679120,3393,13628
1727,1,23,25,0,61920900,4719,46098120,3500,13629
1728,4,1,25,0,61942440,4711,47995620,3644,13633
1729,6,0,23,2,61972020,4710,47995680,3642,13639
1730,9,2,25,0,61996200,4710,47995980,3640,13648
1731,5,3,25,0,62016480,4711,48000180,3638,13653
1732,8,0,24,1,62062200,4710,48002880,3636,13661
1733,9,3,25,0,62084640,4710,48004200,3634,13670
1734,7,4,25,0,62115540,4710,48013440,3632,13677
1735,5,3,25,0,62153640,4711,48027660,3633,13682
1736,12,6,25,0,62190180,4710,48032100,3629,13694
1737,9,11,25,0,62212500,4710,48040860,3628,13703
1738,10,15,25,0,62241720,4710,48054240,3626,13713
1739,8,17,25,0,62279700,4711,48060000,3624,13721
1740,11,23,25,0,62308080,4712,48066480,3622,13732
1741,8,25,25,0,62340600,4712,48078660,3621,13740
1742,15,34,25,0,62374860,4712,48084060,3617,13755
1743,10,40,25,0,62396400,4713,48089760,3614,13765
1744,10,38,25,0,62436900,4713,48104280,3614,13775
1745,12,40,25,0,62464680,4714,48123900,3614,13787
1746,8,38,25,0,62510520,4715,48170880,3616,13795
1747,5,38,25,0,62538780,4715,48177360,3615,13800
1748,10,40,25,0,62568300,4715,48209520,3616,13810
1749,9,38,25,0,62595180,4716,48219240,3615,13819
1750,6,34,25,0,62644560,4716,48379260,3626,13825
1751,3,34,25,0,62661060,4716,48446280,3630,13828
1752,3,32,25,0,62695320,4717,48488880,3632,13831
1753,2,27,25,0,62736000,4718,48730500,3650,13833
1754,3,17,25,0,62780820,4716,49199580,3684,13836
1755,7,15,25,0,62805600,4715,49366500,3695,13843
1756,9,21,25,0,62815800,4715,49368900,3694,13852
1757,3,16,25,0,62869440,4716,49384380,3693,13855
1758,8,18,25,0,62889180,4715,49454760,3696,13863
1759,7,16,25,0,62934120,4715,49507200,3698,13870
1760,6,18,25,0,62946540,4715,49511520,3697,13876
1761,13,24,25,0,62982060,4715,49549920,3697,13889
1762,8,25,25,0,63025380,4716,49568280,3695,13897
1763,11,31,25,0,63050580,4716,49586940,3694,13908
1764,13,38,25,0,63084960,4716,49590780,3690,13921
1765,8,40,25,0,63108060,4717,49601460,3691,13929
1766,13,38,25,0,63147120,4718,49621140,3690,13942
1767,8,40,25,0,63181980,4718,49640820,3690,13950
1768,4,34,25,0,63226800,4719,49746840,3697,13954
1769,5,34,25,0,63251460,4719,49773840,3697,13959
1770,7,36,25,0,63281400,4720,49787040,3697,13966
1771,2,32,25,0,63321660,4720,49835100,3699,13968
1772,7,32,25,0,63347640,4720,49901280,3702,13975
1773,6,32,25,0,63377280,4720,49951020,3704,13981
1774,3,23,25,0,63425220,4719,50258820,3726,13984
1775,2,5,25,0,63456180,4715,51679140,3831,13986
1776,11,2,25,0,63480180,4712,52035180,3855,13997
1777,5,0,25,0,63515760,4712,52043700,3853,14002
1778,2,0,22,3,63539640,4712,52043700,3853,14004
1779,14,3,25,0,63577380,4712,52046040,3849,14018
1780,8,6,25,0,63600240,4712,52054740,3847,14026
1781,5,7,25,0,63626700,4712,52068600,3847,14031
1782,5,9,25,0,63641520,4712,52078320,3847,14036
1783,3,4,25,0,63695400,4713,52104600,3847,14039
1784,8,4,25,0,63722040,4713,52128960,3847,14047
1785,10,8,25,0,63759960,4713,52135140,3845,14057
1786,7,10,25,0,63788760,4714,52147980,3844,14064
1787,14,17,25,0,63828000,4714,52152720,3840,14078
1788,4,18,25,0,63848040,4715,52159560,3839,14082
1789,10,19,25,0,63901380,4715,52176900,3838,14092
1790,8,24,25,0,63916980,4716,52179180,3836,14100
1791,12,29,25,0,63953640,4716,52202400,3834,14112
1792,10,33,25,0,63985740,4716,52208220,3832,14122
1793,14,39,25,0,64022220,4717,52218720,3829,14136
1794,9,40,25,0,64038240,4717,52225740,3829,14145
1795,7,37,25,0,64078080,4718,52253520,3830,14152
1796,4,35,25,0,64123140,4719,52289880,3831,14156
1797,2,32,25,0,64152540,4719,52370400,3837,14158
1798,3,30,25,0,64180920,4720,52418040,3839,14161
1799,4,27,25,0,64217400,4720,52525980,3846,14165
1800,7,26,25,0,64249500,4720,52656000,3854,14172
1801,6,27,25,0,64278300,4720,52694340,3855,14178
1802,7,24,25,0,64320960,4720,52822800,3862,14185
1803,5,22,25,0,64348440,4719,52959300,3871,14190
1804,2,16,25,0,64374660,4718,53180700,3886,14192
1805,3,5,25,0,64423140,4717,53758440,3927,14195
1806,9,2,25,0,64442520,4714,54045300,3946,14204
1807,6,2,25,0,64472700,4714,54050640,3945,14210
1808,8,5,25,0,64504200,4715,54060840,3943,14218
1809,11,13,25,0,64524960,4716,54063360,3940,14229
1810,7,12,25,0,64573260,4716,54096300,3941,14236
1811,15,21,25,0,64601460,4716,54105660,3937,14251
1812,12,28,25,0,64634220,4717,54112860,3934,14263
1813,18,40,25,0,64653600,4717,54122280,3931,14281
1814,8,39,25,0,64695420,4718,54139860,3930,14289
1815,16,40,25,0,64731600,4718,54172140,3930,14305
1816,13,40,25,0,64765560,4718,54202020,3930,14318
1817,9,38,25,0,64792260,4719,54221460,3931,14327
1818,4,38,25,0,64824360,4719,54256740,3932,14331
1819,4,34,25,0,64864740,4720,54372120,3939,14335
1820,5,35,25,0,64889460,4720,54413580,3941,14340
1821,5,34,25,0,64928760,4721,54501600,3946,14345
1822,7,35,25,0,64965840,4722,54510180,3944,14352
1823,6,35,25,0,64995420,4722,54633720,3952,14358
1824,8,37,25,0,65027340,4722,54686280,3954,14366
1825,2,35,25,0,65052480,4722,54696780,3953,14368
1826,5,36,25,0,65071740,4722,54793920,3959,14373
1827,1,29,25,0,65125380,4724,54877140,3965,14374
1828,7,30,25,0,65149800,4723,54986760,3971,14381
1829,5,25,25,0,65189640,4723,55266000,3990,14386
1830,5,21,25,0,65232840,4723,55434000,4000,14391
1831,6,21,25,0,65258520,4723,55438620,3999,14397
1832,13,29,25,0,65279220,4722,55512780,4001,14410
1833,3,26,25,0,65316480,4723,55533600,4001,14413
1834,8,29,25,0,65346000,4723,55546140,4000,14421
1835,11,34,25,0,65378580,4724,55560840,3998,14432
1836,13,40,25,0,65406660,4724,55572900,3995,14445
1837,10,39,25,0,65436300,4724,55592280,3995,14455
1838,14,40,25,0,65469660,4725,55610760,3995,14469
1839,7,40,25,0,65504160,4726,55643640,3996,14476
1840,8,40,25,0,65536260,4726,55651140,3995,14484
1841,16,40,25,0,65578980,4727,55747800,4000,14500
1842,4,39,25,0,65601240,4727,55795620,4002,14504
1843,3,29,25,0,65653380,4727,56492280,4051,14507
1844,2,23,25,0,65683380,4726,56921820,4081,14509
1845,9,25,25,0,65709120,4725,57024960,4086,14518
1846,2,20,25,0,65736960,4725,57135720,4093,14520
1847,4,5,25,0,65779320,4722,58234980,4171,14524
1848,7,0,24,1,65800260,4719,58478760,4186,14531
1849,8,1,25,0,65829840,4719,58483980,4185,14539
1850,4,0,23,2,65856360,4718,58484100,4183,14543
1851,11,6,25,0,65876460,4719,58485180,4181,14554
1852,3,3,25,0,65914680,4719,58504080,4180,14557
1853,11,11,25,0,65931840,4720,58509900,4178,14568
1854,11,14,25,0,65983320,4721,58522680,4175,14579
1855,5,14,25,0,66007920,4721,58537980,4175,14584
1856,9,15,25,0,66048780,4721,58573680,4175,14593
1857,7,16,25,0,66077760,4721,58592880,4174,14600
1858,6,17,25,0,66103140,4721,58600980,4173,14606
1859,6,18,25,0,66133800,4722,58606860,4172,14612
1860,5,16,25,0,66169980,4722,58640100,4173,14617
1861,9,14,25,0,66213720,4721,58744260,4177,14626
1862,9,16,25,0,66240720,4721,58749840,4175,14635
1863,12,22,25,0,66270000,4721,58755540,4172,14647
1864,4,20,25,0,66303240,4721,58767120,4171,14651
1865,10,26,25,0,66324900,4721,58797060,4172,14661
1866,8,28,25,0,66357960,4722,58809960,4169,14669
1867,8,32,25,0,66381480,4722,58819980,4168,14677
1868,5,30,25,0,66431520,4723,58838700,4167,14682
1869,10,34,25,0,66464160,4724,58845720,4165,14692
1870,6,34,25,0,66496200,4724,58860540,4164,14698
1871,5,34,25,0,66526080,4724,58872540,4163,14703
1872,7,35,25,0,66560280,4725,58939380,4166,14710
1873,6,33,25,0,66598800,4725,58947960,4165,14716
1874,4,31,25,0,66630540,4725,59036280,4170,14720
1875,6,29,25,0,66664920,4725,59154540,4176,14726
1876,2,24,25,0,66695160,4725,59294700,4186,14728
1877,5,6,25,0,66738300,4720,60285000,4254,14733
1878,7,0,23,2,66758460,4716,60566640,4272,14740
1879,5,0,21,4,66786720,4716,60566640,4270,14745
1880,9,0,25,0,66801120,4715,60566760,4268,14754
1881,5,0,24,1,66831060,4716,60566820,4266,14759
1882,8,0,24,1,66869640,4716,60567840,4264,14767
1883,12,6,25,0,66892800,4716,60570540,4261,14779
1884,11,15,25,0,66901860,4716,60571680,4259,14790
1885,7,14,25,0,66951720,4716,60590820,4257,14797
1886,16,25,25,0,66983940,4717,60599760,4253,14813
1887,21,40,25,0,67014000,4717,60607860,4248,14834
1888,15,40,25,0,67041600,4718,60620880,4247,14849
1889,13,39,25,0,67077960,4718,60633120,4246,14862
1890,7,40,25,0,67104960,4719,60653280,4246,14869
1891,15,39,25,0,67146720,4720,60660660,4244,14884
1892,8,36,25,0,67185600,4720,60725880,4248,14892
1893,6,38,25,0,67207020,4720,60781980,4250,14898
1894,6,37,25,0,67242840,4721,60792360,4250,14904
1895,6,35,25,0,67284840,4722,60847080,4252,14910
1896,6,36,25,0,67311600,4722,60952020,4257,14916
1897,8,40,25,0,67334700,4722,60961500,4257,14924
1898,5,37,25,0,67377060,4723,60982620,4256,14929
1899,4,37,25,0,67403220,4723,60997560,4256,14933
1900,6,38,25,0,67428780,4723,61006080,4255,14939
1901,10,38,25,0,67475040,4724,61128660,4261,14949
1902,5,38,25,0,67501620,4725,61192920,4264,14954
1903,4,36,25,0,67529400,4724,61315380,4271,14958
1904,8,39,25,0,67560120,4725,61452360,4280,14966
1905,12,40,25,0,67593540,4725,61596300,4287,14978
1906,6,38,25,0,67625940,4726,61715220,4294,14984
1907,10,38,25,0,67665660,4725,61900620,4305,14994
1908,9,40,25,0,67695780,4726,61905540,4302,15003
1909,8,38,25,0,67733160,4726,61924920,4302,15011
1910,8,40,25,0,67747500,4726,61931580,4301,15019
1911,6,37,25,0,67792680,4727,61995180,4304,15025
1912,6,38,25,0,67817820,4727,62095140,4309,15031
1913,6,39,25,0,67842660,4727,62126460,4310,15037
1914,6,39,25,0,67878660,4728,62134800,4310,15043
1915,8,39,25,0,67923780,4729,62141340,4307,15051
1916,10,38,25,0,67955160,4729,62147640,4306,15061
1917,4,35,25,0,67993320,4730,62851740,4355,15065
1918,8,31,25,0,68029140,4728,63222720,4378,15073
1919,7,34,25,0,68042760,4728,63341280,4384,15080
1920,5,30,25,0,68093520,4729,63358680,4383,15085
1921,7,30,25,0,68124120,4728,63365640,4382,15092
1922,11,33,25,0,68158680,4728,63532140,4390,15103
1923,7,34,25,0,68186700,4728,63534720,4388,15110
1924,6,33,25,0,68225820,4729,63547320,4387,15116
1925,4,33,25,0,68245620,4729,63551400,4386,15120
1926,8,35,25,0,68283420,4729,63555900,4384,15128
1927,6,33,25,0,68316720,4729,63632760,4387,15134
1928,8,29,25,0,68341860,4727,63947940,4406,15142
1929,7,29,25,0,68383380,4727,63955620,4405,15149
1930,10,35,25,0,68403720,4727,63959940,4403,15159
1931,11,39,25,0,68425680,4728,63971160,4400,15170
1932,8,36,25,0,68481300,4729,63998580,4401,15178
1933,14,40,25,0,68506140,4729,64018560,4400,15192
1934,11,40,25,0,68532900,4729,64039560,4400,15203
1935,20,40,25,0,68573640,4730,64055280,4400,15223
1936,10,36,25,0,68614680,4731,64114800,4402,15233
1937,12,35,25,0,68647140,4730,64132680,4401,15245
1938,7,37,25,0,68672100,4730,64173180,4402,15252
1939,4,31,25,0,68716080,4730,64313520,4410,15256
1940,4,21,25,0,68741640,4727,65548140,4494,15260
1941,12,21,25,0,68771220,4725,65942280,4517,15272
1942,3,18,25,0,68800560,4725,65954520,4517,15275
1943,5,17,25,0,68832900,4726,65966340,4516,15280
1944,9,20,25,0,68860620,4726,66263700,4533,15289
1945,9,25,25,0,68886000,4726,66273180,4532,15298
1946,9,30,25,0,68915160,4727,66290760,4531,15307
1947,4,26,25,0,68964360,4728,66312780,4530,15311
1948,4,26,25,0,68987100,4728,66333360,4530,15315
1949,3,23,25,0,69025440,4729,66377100,4533,15318
1950,8,26,25,0,69054840,4729,66413280,4533,15326
1951,7,27,25,0,69092100,4730,66426240,4531,15333
1952,2,23,25,0,69124260,4730,66448740,4532,15335
1953,12,29,25,0,69153660,4730,66503940,4532,15347
1954,11,32,25,0,69189960,4730,66514320,4530,15358
1955,10,37,25,0,69220980,4730,66521340,4527,15368
1956,10,37,25,0,69264540,4731,66540000,4525,15378
1957,13,39,25,0,69272760,4731,66547140,4525,15391
1958,7,39,25,0,69316440,4732,66562800,4524,15398
1959,9,40,25,0,69344400,4732,66571680,4524,15407
1960,17,40,25,0,69377160,4733,66617340,4525,15424
1961,6,40,25,0,69402960,4733,66670560,4527,15430
1962,10,40,25,0,69442620,4733,66708180,4527,15440
1963,4,38,25,0,69477000,4734,66727920,4527,15444
1964,4,36,25,0,69510300,4734,66770340,4529,15448
1965,3,32,25,0,69542880,4734,66925260,4539,15451
1966,9,31,25,0,69585540,4734,67035240,4544,15460
1967,1,28,25,0,69603720,4734,67091580,4547,15461
1968,6,24,25,0,69652080,4734,67333800,4561,15467
1969,3,15,25,0,69676620,4732,68368320,4630,15470
1970,6,5,25,0,69716400,4729,69999420,4739,15476
1971,5,0,23,2,69739680,4727,70959660,4802,15481
1972,5,0,22,3,69760740,4726,70959780,4801,15486
1973,5,0,21,4,69787440,4726,70959780,4799,15491
1974,4,0,23,2,69798660,4726,70959780,4798,15495
1975,10,5,25,0,69816480,4727,70964040,4795,15505
1976,9,6,25,0,69869580,4728,70972800,4793,15514
1977,13,15,25,0,69884520,4727,70976700,4791,15527
1978,15,22,25,0,69933540,4728,70989000,4784,15542
1979,2,21,25,0,69948480,4728,70996620,4785,15544
1980,9,23,25,0,69989640,4729,71018820,4783,15553
1981,13,30,25,0,70018620,4729,71037240,4780,15566
1982,10,34,25,0,70051020,4729,71056020,4778,15576
1983,13,40,25,0,70078260,4729,71064360,4775,15589
1984,12,40,25,0,70104180,4730,71075280,4774,15601
1985,4,37,25,0,70143540,4730,71111100,4776,15605
1986,10,38,25,0,70189020,4731,71183940,4778,15615
1987,4,37,25,0,70210800,4731,71197500,4778,15619
1988,8,40,25,0,70244400,4731,71209200,4776,15627
1989,5,39,25,0,70280100,4732,71224740,4775,15632
1990,11,40,25,0,70296720,4732,71230740,4774,15643
1991,6,40,25,0,70336920,4733,71354640,4782,15649
1992,1,33,25,0,70381560,4733,71502420,4790,15650
1993,4,27,25,0,70414980,4732,71734560,4805,15654
1994,2,20,25,0,70443060,4731,72185580,4834,15656
1995,5,16,25,0,70484220,4731,72401340,4847,15661
1996,2,12,25,0,70507620,4731,72617280,4861,15663
1997,4,0,21,4,70550640,4727,73137720,4894,15667
1998,5,0,21,4,70567860,4727,73137720,4892,15672
1999,9,2,25,0,70582860,4727,73138260,4889,15681
2000,7,5,25,0,70605420,4727,73144140,4888,15688
2001,9,5,25,0,70650660,4728,73161120,4886,15697
2002,7,6,25,0,70675800,4727,73166220,4884,15704
2003,12,12,25,0,70708560,4728,73178460,4881,15716
2004,7,15,25,0,70729800,4728,73182840,4880,15723
2005,7,13,25,0,70780380,4728,73208940,4878,15730
2006,12,19,25,0,70808820,4728,73219680,4875,15742
2007,11,25,25,0,70836840,4729,73229100,4872,15753
2008,11,29,25,0,70875840,4729,73250340,4870,15764
2009,7,31,25,0,70900920,4729,73258080,4868,15771
2010,8,33,25,0,70931760,4729,73267560,4866,15779
2011,2,30,25,0,70963140,4730,73307880,4868,15781
2012,6,32,25,0,70984920,4730,73329720,4868,15787
2013,5,28,25,0,71037540,4731,73383780,4870,15792
2014,6,29,25,0,71064240,4731,73400940,4869,15798
2015,7,29,25,0,71098800,4731,73454340,4871,15805
2016,6,27,25,0,71129280,4730,73586340,4878,15811
2017,7,34,25,0,71129280,4730,73586340,4878,15818
2018,4,38,25,0,71129280,4730,73586340,4878,15822
2019,2,40,25,0,71129280,4730,73586340,4878,15824
2020,8,40,25,0,71129280,4730,73586340,4878,15832
2021,4,40,25,0,71129280,4730,73586340,4878,15836
2022,3,40,25,0,71129280,4730,73586340,4878,15839
2023,13,40,25,0,71129280,4730,73586340,4878,15852
2024,9,40,25,0,71129280,4730,73586340,4878,15861
2025,13,40,25,0,71129280,4730,73586340,4878,15874
2026,10,40,25,0,71129280,4730,73586340,4878,15884
2027,10,40,25,0,71129280,4730,73586340,4878,15894
2028,6,40,25,0,71129280,4730,73586340,4878,15900
2029,11,40,25,0,71129280,4730,73586340,4878,15911
2030,9,40,25,0,71129280,4730,73586340,4878,15920
2031,8,40,25,0,71129280,4730,73586340,4878,15928
2032,14,40,25,0,71129280,4730,73586340,4878,15942
2033,7,40,25,0,71129280,4730,73586340,4878,15949
2034,7,40,25,0,71129280,4730,73586340,4878,15956
2035,7,40,25,0,71129280,4730,73586340,4878,15963
2036,6,40,25,0,71129280,4730,73586340,4878,15969
2037,4,40,25,0,71129280,4730,73586340,4878,15973
2038,4,40,25,0,71129280,4730,73586340,4878,15977
2039,5,40,25,0,71129280,4730,73586340,4878,15982
2040,5,40,25,0,71129280,4730,73586340,4878,15987
2041,9,40,25,0,71129280,4730,73586340,4878,15996
2042,6,40,25,0,71129280,4730,73586340,4878,16002
2043,4,40,25,0,71129280,4730,73586340,4878,16006
2044,4,40,25,0,71129280,4730,73586340,4878,16010
2045,11,40,25,0,71129280,4730,73586340,4878,16021
2046,1,40,25,0,71129280,4730,73586340,4878,16022
2047,7,40,25,0,71129280,4730,73586340,4878,16029
2048,9,40,25,0,71129280,4730,73586340,4878,16038
2049,10,40,25,0,71129280,4730,73586340,4878,16048
2050,13,40,25,0,71129280,4730,73586340,4878,16061
2051,8,40,25,0,71129280,4730,73586340,4878,16069
2052,9,40,25,0,71129280,4730,73586340,4878,16078
2053,6,40,25,0,71129280,4730,73586340,4878,16084
2054,9,40,25,0,71129280,4730,73586340,4878,16093
2055,13,40,25,0,71129280,4730,73586340,4878,16106
2056,8,40,25,0,71129280,4730,73586340,4878,16114
2057,10,40,25,0,71129280,4730,73586340,4878,16124
2058,9,40,25,0,71129280,4730,73586340,4878,16133
2059,6,40,25,0,71129280,4730,73586340,4878,16139
2060,9,40,25,0,71129280,4730,73586340,4878,16148
2061,4,40,25,0,71129280,4730,73586340,4878,16152
2062,3,40,25,0,71129280,4730,73586340,4878,16155
2063,3,40,25,0,71129280,4730,73586340,4878,16158
2064,4,40,25,0,71129280,4730,73586340,4878,16162
2065,4,40,25,0,71129280,4730,73586340,4878,16166
2066,7,40,25,0,71129280,4730,73586340,4878,16173
2067,6,40,25,0,71129280,4730,73586340,4878,16179
2068,3,40,25,0,71129280,4730,73586340,4878,16182
2069,6,40,25,0,71129280,4730,73586340,4878,16188
2070,1,40,25,0,71129280,4730,73586340,4878,16189
2071,9,40,25,0,71129280,4730,73586340,4878,16198
2072,9,40,25,0,71129280,4730,73586340,4878,16207
2073,6,40,25,0,71129280,4730,73586340,4878,16213
2074,3,40,25,0,71129280,4730,73586340,4878,16216
2075,9,40,25,0,71129280,4730,73586340,4878,16225
2076,9,40,25,0,71129280,4730,73586340,4878,16234
2077,13,40,25,0,71129280,4730,73586340,4878,16247
2078,7,40,25,0,71129280,4730,73586340,4878,16254
2079,11,40,25,0,71129280,4730,73586340,4878,16265
2080,13,40,25,0,71129280,4730,73586340,4878,16278
2081,6,40,25,0,71129280,4730,73586340,4878,16284
2082,10,40,25,0,71129280,4730,73586340,4878,16294
2083,5,40,25,0,71129280,4730,73586340,4878,16299
2084,8,40,25,0,71129280,4730,73586340,4878,16307
2085,7,40,25,0,71129280,4730,73586340,4878,16314
2086,3,40,25,0,71129280,4730,73586340,4878,16317
2087,4,40,25,0,71129280,4730,73586340,4878,16321
2088,7,40,25,0,71129280,4730,73586340,4878,16328
2089,5,40,25,0,71129280,4730,73586340,4878,16333
2090,5,40,25,0,71129280,4730,73586340,4878,16338
2091,7,40,25,0,71129280,4730,73586340,4878,16345
2092,4,40,25,0,71129280,4730,73586340,4878,16349
2093,4,40,25,0,71129280,4730,73586340,4878,16353
2094,5,40,25,0,71129280,4730,73586340,4878,16358
2095,6,40,25,0,71129280,4730,73586340,4878,16364
2096,4,40,25,0,71129280,4730,73586340,4878,16368
2097,4,40,25,0,71129280,4730,73586340,4878,16372
2098,14,40,25,0,71129280,4730,73586340,4878,16386
2099,13,40,25,0,71129280,4730,73586340,4878,16399
2100,13,40,25,0,71129280,4730,73586340,4878,16412
2101,13,40,25,0,71129280,4730,73586340,4878,16425
2102,8,40,25,0,71129280,4730,73586340,4878,16433
2103,5,40,25,0,71129280,4730,73586340,4878,16438
2104,7,40,25,0,71129280,4730,73586340,4878,16445
2105,15,40,25,0,71129280,4730,73586340,4878,16460
2106,5,40,25,0,71129280,4730,73586340,4878,16465
2107,8,40,25,0,71129280,4730,73586340,4878,16473
2108,10,40,25,0,71129280,4730,73586340,4878,16483
2109,5,40,25,0,71129280,4730,73586340,4878,16488
2110,6,40,25,0,71129280,4730,73586340,4878,16494
2111,1,40,25,0,71129280,4730,73586340,4878,16495
2112,2,40,25,0,71129280,4730,73586340,4878,16497
2113,3,40,25,0,71129280,4730,73586340,4878,16500
2114,7,40,25,0,71129280,4730,73586340,4878,16507
2115,8,40,25,0,71129280,4730,73586340,4878,16515
2116,9,40,25,0,71129280,4730,73586340,4878,16524
2117,11,40,25,0,71129280,4730,73586340,4878,16535
2118,5,40,25,0,71129280,4730,73586340,4878,16540
2119,7,40,25,0,71129280,4730,73586340,4878,16547
2120,4,40,25,0,71129280,4730,73586340,4878,16551
2121,8,40,25,0,71129280,4730,73586340,4878,16559
2122,6,40,25,0,71129280,4730,73586340,4878,16565
2123,11,40,25,0,71129280,4730,73586340,4878,16576
2124,12,40,25,0,71129280,4730,73586340,4878,16588
2125,11,40,25,0,71129280,4730,73586340,4878,16599
2126,12,40,25,0,71129280,4730,73586340,4878,16611
2127,9,40,25,0,71129280,4730,73586340,4878,16620
2128,11,40,25,0,71129280,4730,73586340,4878,16631
2129,5,40,25,0,71129280,4730,73586340,4878,16636
2130,5,40,25,0,71129280,4730,73586340,4878,16641
2131,6,40,25,0,71129280,4730,73586340,4878,16647
2132,8,40,25,0,71129280,4730,73586340,4878,16655
2133,3,40,25,0,71129280,4730,73586340,4878,16658
2134,5,40,25,0,71129280,4730,73586340,4878,16663
2135,9,40,25,0,71129280,4730,73586340,4878,16672
2136,7,40,25,0,71129280,4730,73586340,4878,16679
2137,9,40,25,0,71129280,4730,73586340,4878,16688
2138,6,40,25,0,71129280,4730,73586340,4878,16694
2139,3,40,25,0,71129280,4730,73586340,4878,16697
2140,7,40,25,0,71129280,4730,73586340,4878,16704
2141,5,40,25,0,71129280,4730,73586340,4878,16709
2142,6,40,25,0,71129280,4730,73586340,4878,16715
2143,7,40,25,0,71129280,4730,73586340,4878,16722
2144,6,40,25,0,71129280,4730,73586340,4878,16728
2145,13,40,25,0,71129280,4730,73586340,4878,16741
2146,7,40,25,0,71129280,4730,73586340,4878,16748
2147,8,40,25,0,71129280,4730,73586340,4878,16756
2148,9,40,25,0,71129280,4730,73586340,4878,16765
2149,8,40,25,0,71129280,4730,73586340,4878,16773
2150,5,40,25,0,71129280,4730,73586340,4878,16778
2151,9,40,25,0,71129280,4730,73586340,4878,16787
2152,11,40,25,0,71129280,4730,73586340,4878,16798
2153,15,40,25,0,71129280,4730,73586340,4878,16813
2154,16,40,25,0,71129280,4730,73586340,4878,16829
2155,8,40,25,0,71129280,4730,73586340,4878,16837
2156,2,40,25,0,71129280,4730,73586340,4878,16839
2157,6,40,25,0,71129280,4730,73586340,4878,16845
2158,3,40,25,0,71129280,4730,73586340,4878,16848
2159,8,40,25,0,71129280,4730,73586340,4878,16856
2160,6,40,25,0,71129280,4730,73586340,4878,16862
2161,9,40,25,0,71129280,4730,73586340,4878,16871
2162,3,40,25,0,71129280,4730,73586340,4878,16874
2163,2,40,25,0,71129280,4730,73586340,4878,16876
2164,10,40,25,0,71129280,4730,73586340,4878,16886
2165,8,40,25,0,71129280,4730,73586340,4878,16894
2166,8,40,25,0,71129280,4730,73586340,4878,16902
2167,9,40,25,0,71129280,4730,73586340,4878,16911
2168,10,40,25,0,71129280,4730,73586340,4878,16921
2169,14,40,25,0,71129280,4730,73586340,4878,16935
2170,13,40,25,0,71129280,4730,73586340,4878,16948
2171,10,40,25,0,71129280,4730,73586340,4878,16958
2172,6,40,25,0,71129280,4730,73586340,4878,16964
2173,5,40,25,0,71129280,4730,73586340,4878,16969
2174,10,40,25,0,71129280,4730,73586340,4878,16979
2175,9,40,25,0,71129280,4730,73586340,4878,16988
2176,12,40,25,0,71129280,4730,73586340,4878,17000
2177,11,40,25,0,71129280,4730,73586340,4878,17011
2178,9,40,25,0,71129280,4730,73586340,4878,17020
2179,7,40,25,0,71129280,4730,73586340,4878,17027
2180,8,40,25,0,71129280,4730,73586340,4878,17035
2181,7,40,25,0,71129280,4730,73586340,4878,17042
2182,3,40,25,0,71129280,4730,73586340,4878,17045
2183,4,40,25,0,71129280,4730,73586340,4878,17049
2184,4,40,25,0,71129280,4730,73586340,4878,17053
2185,5,40,25,0,71129280,4730,73586340,4878,17058
2186,2,40,25,0,71129280,4730,73586340,4878,17060
2187,4,40,25,0,71129280,4730,73586340,4878,17064
2188,10,40,25,0,71129280,4730,73586340,4878,17074
2189,9,40,25,0,71129280,4730,73586340,4878,17083
2190,3,40,25,0,71129280,4730,73586340,4878,17086
2191,7,40,25,0,71129280,4730,73586340,4878,17093
2192,9,40,25,0,71129280,4730,73586340,4878,17102
2193,9,40,25,0,71129280,4730,73586340,4878,17111
2194,12,40,25,0,71129280,4730,73586340,4878,17123
2195,8,40,25,0,71129280,4730,73586340,4878,17131
2196,8,40,25,0,71129280,4730,73586340,4878,17139
2197,13,40,25,0,71129280,4730,73586340,4878,17152
2198,13,40,25,0,71129280,4730,73586340,4878,17165
2199,9,40,25,0,71129280,4730,73586340,4878,17174
2200,16,40,25,0,71129280,4730,73586340,4878,17190
2201,10,40,25,0,71129280,4730,73586340,4878,17200
2202,6,40,25,0,71129280,4730,73586340,4878,17206
2203,7,40,25,0,71129280,4730,73586340,4878,17213
2204,5,40,25,0,71129280,4730,73586340,4878,17218
2205,2,40,25,0,71129280,4730,73586340,4878,17220
2206,3,40,25,0,71129280,4730,73586340,4878,17223
2207,7,40,25,0,71129280,4730,73586340,4878,17230
2208,2,40,25,0,71129280,4730,73586340,4878,17232
2209,5,40,25,0,71129280,4730,73586340,4878,17237
2210,5,40,25,0,71129280,4730,73586340,4878,17242
2211,7,40,25,0,71129280,4730,73586340,4878,17249
2212,10,40,25,0,71129280,4730,73586340,4878,17259
2213,4,40,25,0,71129280,4730,73586340,4878,17263
2214,9,40,25,0,71129280,4730,73586340,4878,17272
2215,6,40,25,0,71129280,4730,73586340,4878,17278
2216,12,40,25,0,71129280,4730,73586340,4878,17290
2217,6,40,25,0,71129280,4730,73586340,4878,17296
2218,10,40,25,0,71129280,4730,73586340,4878,17306
2219,12,40,25,0,71129280,4730,73586340,4878,17318
2220,8,40,25,0,71129280,4730,73586340,4878,17326
2221,11,40,25,0,71129280,4730,73586340,4878,17337
2222,11,40,25,0,71129280,4730,73586340,4878,17348
2223,11,40,25,0,71129280,4730,73586340,4878,17359
2224,11,40,25,0,71129280,4730,73586340,4878,17370
2225,10,40,25,0,71129280,4730,73586340,4878,17380
2226,9,40,25,0,71129280,4730,73586340,4878,17389
2227,6,40,25,0,71129280,4730,73586340,4878,17395
2228,6,40,25,0,71129280,4730,73586340,4878,17401
2229,8,40,25,0,71129280,4730,73586340,4878,17409
2230,4,40,25,0,71129280,4730,73586340,4878,17413
2231,5,40,25,0,71129280,4730,73586340,4878,17418
2232,7,40,25,0,71129280,4730,73586340,4878,17425
2233,6,40,25,0,71129280,4730,73586340,4878,17431
2234,8,40,25,0,71129280,4730,73586340,4878,17439
2235,4,40,25,0,71129280,4730,73586340,4878,17443
2236,11,40,25,0,71129280,4730,73586340,4878,17454
2237,4,40,25,0,71129280,4730,73586340,4878,17458
2238,8,40,25,0,71129280,4730,73586340,4878,17466
2239,2,40,25,0,71129280,4730,73586340,4878,17468
2240,10,40,25,0,71129280,4730,73586340,4878,17478
2241,7,40,25,0,71129280,4730,73586340,4878,17485
2242,11,40,25,0,71129280,4730,73586340,4878,17496
2243,7,40,25,0,71129280,4730,73586340,4878,17503
2244,15,40,25,0,71129280,4730,73586340,4878,17518
2245,13,40,25,0,71129280,4730,73586340,4878,17531
2246,12,40,25,0,71129280,4730,73586340,4878,17543
2247,8,40,25,0,71129280,4730,73586340,4878,17551
2248,17,40,25,0,71129280,4730,73586340,4878,17568
2249,7,40,25,0,71129280,4730,73586340,4878,17575
2250,10,40,25,0,71129280,4730,73586340,4878,17585
2252,3,40,25,0,71129280,4730,73586340,4878,17588
2251,0,40,25,0,71129280,4730,73586340,4878,17588
2253,6,40,25,0,71129280,4730,73586340,4878,17594
2254,5,40,25,0,71129280,4730,73586340,4878,17599
2255,4,40,25,0,71129280,4730,73586340,4878,17603
2256,5,40,25,0,71129280,4730,73586340,4878,17608
2257,3,40,25,0,71129280,4730,73586340,4878,17611
2258,6,40,25,0,71129280,4730,73586340,4878,17617
2259,1,40,25,0,71129280,4730,73586340,4878,17618
2260,10,40,25,0,71129280,4730,73586340,4878,17628
2261,7,40,25,0,71129280,4730,73586340,4878,17635
2262,5,40,25,0,71129280,4730,73586340,4878,17640
2263,11,40,25,0,71129280,4730,73586340,4878,17651
2264,10,40,25,0,71129280,4730,73586340,4878,17661
2265,6,40,25,0,71129280,4730,73586340,4878,17667
2266,6,40,25,0,71129280,4730,73586340,4878,17673
2267,10,40,25,0,71129280,4730,73586340,4878,17683
2268,21,40,25,0,71129280,4730,73586340,4878,17704
2269,6,40,25,0,71129280,4730,73586340,4878,17710
2270,8,40,25,0,71129280,4730,73586340,4878,17718
2271,18,40,25,0,71129280,4730,73586340,4878,17736
2272,10,40,25,0,71129280,4730,73586340,4878,17746
2273,7,40,25,0,71129280,4730,73586340,4878,17753
2274,15,40,25,0,71129280,4730,73586340,4878,17768
2275,9,40,25,0,71129280,4730,73586340,4878,17777
2276,5,40,25,0,71129280,4730,73586340,4878,17782
2277,5,40,25,0,71129280,4730,73586340,4878,17787
2278,6,40,25,0,71129280,4730,73586340,4878,17793
2279,6,40,25,0,71129280,4730,73586340,4878,17799
2280,7,40,25,0,71129280,4730,73586340,4878,17806
2282,8,40,25,0,71129280,4730,73586340,4878,17814
2281,0,40,25,0,71129280,4730,73586340,4878,17814
2283,4,40,25,0,71129280,4730,73586340,4878,17818
2284,11,40,25,0,71129280,4730,73586340,4878,17829
2285,8,40,25,0,71129280,4730,73586340,4878,17837
2286,6,40,25,0,71129280,4730,73586340,4878,17843
2287,4,40,25,0,71129280,4730,73586340,4878,17847
2288,4,40,25,0,71129280,4730,73586340,4878,17851
2289,9,40,25,0,71129280,4730,73586340,4878,17860
2290,9,40,25,0,71129280,4730,73586340,4878,17869
2291,18,40,25,0,71129280,4730,73586340,4878,17887
2292,13,40,25,0,71129280,4730,73586340,4878,17900
2293,13,40,25,0,71129280,4730,73586340,4878,17913
2294,9,40,25,0,71129280,4730,73586340,4878,17922
2295,11,40,25,0,71129280,4730,73586340,4878,17933
2296,9,40,25,0,71129280,4730,73586340,4878,17942
2297,11,40,25,0,71129280,4730,73586340,4878,17953
2298,17,40,25,0,71129280,4730,73586340,4878,17970
2299,3,40,25,0,71129280,4730,73586340,4878,17973
2300,7,40,25,0,71129280,4730,73586340,4878,17980
2301,6,40,25,0,71129280,4730,73586340,4878,17986
2302,3,40,25,0,71129280,4730,73586340,4878,17989
2303,4,40,25,0,71129280,4730,73586340,4878,17993
2304,4,40,25,0,71129280,4730,73586340,4878,17997
2305,7,40,25,0,71129280,4730,73586340,4878,18004
2306,4,40,25,0,71129280,4730,73586340,4878,18008
2307,5,40,25,0,71129280,4730,73586340,4878,18013
2308,2,40,25,0,71129280,4730,73586340,4878,18015
2309,4,40,25,0,71129280,4730,73586340,4878,18019
2310,12,40,25,0,71129280,4730,73586340,4878,18031
2311,10,40,25,0,71129280,4730,73586340,4878,18041
2312,9,40,25,0,71129280,4730,73586340,4878,18050
2313,10,40,25,0,71129280,4730,73586340,4878,18060
2314,13,40,25,0,71129280,4730,73586340,4878,18073
2315,5,40,25,0,71129280,4730,73586340,4878,18078
2316,13,40,25,0,71129280,4730,73586340,4878,18091
2317,12,40,25,0,71129280,4730,73586340,4878,18103
2318,13,40,25,0,71129280,4730,73586340,4878,18116
2319,10,40,25,0,71129280,4730,73586340,4878,18126
2320,8,40,25,0,71129280,4730,73586340,4878,18134
2321,9,40,25,0,71129280,4730,73586340,4878,18143
2322,9,40,25,0,71129280,4730,73586340,4878,18152
2323,10,40,25,0,71129280,4730,73586340,4878,18162
2324,7,40,25,0,71129280,4730,73586340,4878,18169
2325,6,40,25,0,71129280,4730,73586340,4878,18175
2326,4,40,25,0,71129280,4730,73586340,4878,18179
2327,6,40,25,0,71129280,4730,73586340,4878,18185
2328,8,40,25,0,71129280,4730,73586340,4878,18193
2329,7,40,25,0,71129280,4730,73586340,4878,18200
2330,5,40,25,0,71129280,4730,73586340,4878,18205
2331,6,40,25,0,71129280,4730,73586340,4878,18211
2332,3,40,25,0,71129280,4730,73586340,4878,18214
2333,5,40,25,0,71129280,4730,73586340,4878,18219
2334,3,40,25,0,71129280,4730,73586340,4878,18222
2335,7,40,25,0,71129280,4730,73586340,4878,18229
2336,5,40,25,0,71129280,4730,73586340,4878,18234
2337,8,40,25,0,71129280,4730,73586340,4878,18242
2338,8,40,25,0,71129280,4730,73586340,4878,18250
2339,10,40,25,0,71129280,4730,73586340,4878,18260
2340,11,40,25,0,71129280,4730,73586340,4878,18271
2341,13,40,25,0,71129280,4730,73586340,4878,18284
2342,10,40,25,0,71129280,4730,73586340,4878,18294
2343,9,40,25,0,71129280,4730,73586340,4878,18303
2344,9,40,25,0,71129280,4730,73586340,4878,18312
2345,6,40,25,0,71129280,4730,73586340,4878,18318
2346,5,40,25,0,71129280,4730,73586340,4878,18323
2347,6,40,25,0,71129280,4730,73586340,4878,18329
2348,5,40,25,0,71129280,4730,73586340,4878,18334
2349,2,40,25,0,71129280,4730,73586340,4878,18336
2350,5,40,25,0,71129280,4730,73586340,4878,18341
2351,7,40,25,0,71129280,4730,73586340,4878,18348
2352,9,40,25,0,71129280,4730,73586340,4878,18357
2353,4,40,25,0,71129280,4730,73586340,4878,18361
2354,4,40,25,0,71129280,4730,73586340,4878,18365
2355,11,40,25,0,71129280,4730,73586340,4878,18376
2356,9,40,25,0,71129280,4730,73586340,4878,18385
2357,5,40,25,0,71129280,4730,73586340,4878,18390
2358,3,40,25,0,71129280,4730,73586340,4878,18393
2359,9,40,25,0,71129280,4730,73586340,4878,18402
2360,16,40,25,0,71129280,4730,73586340,4878,18418
2361,11,40,25,0,71129280,4730,73586340,4878,18429
2362,9,40,25,0,71129280,4730,73586340,4878,18438
2363,10,40,25,0,71129280,4730,73586340,4878,18448
2364,10,40,25,0,71129280,4730,73586340,4878,18458
2365,5,40,25,0,71129280,4730,73586340,4878,18463
2366,14,40,25,0,71129280,4730,73586340,4878,18477
2367,3,40,25,0,71129280,4730,73586340,4878,18480
2368,10,40,25,0,71129280,4730,73586340,4878,18490
2369,10,40,25,0,71129280,4730,73586340,4878,18500
2370,8,40,25,0,71129280,4730,73586340,4878,18508
2371,10,40,25,0,71129280,4730,73586340,4878,18518
2372,2,40,25,0,71129280,4730,73586340,4878,18520
2373,4,40,25,0,71129280,4730,73586340,4878,18524
2374,3,40,25,0,71129280,4730,73586340,4878,18527
2375,9,40,25,0,71129280,4730,73586340,4878,18536
2376,4,40,25,0,71129280,4730,73586340,4878,18540
2377,5,40,25,0,71129280,4730,73586340,4878,18545
2378,6,40,25,0,71129280,4730,73586340,4878,18551
2379,7,40,25,0,71129280,4730,73586340,4878,18558
2380,8,40,25,0,71129280,4730,73586340,4878,18566
2381,8,40,25,0,71129280,4730,73586340,4878,18574
2382,6,40,25,0,71129280,4730,73586340,4878,18580
2383,6,40,25,0,71129280,4730,73586340,4878,18586
2384,8,40,25,0,71129280,4730,73586340,4878,18594
2385,8,40,25,0,71129280,4730,73586340,4878,18602
2386,12,40,25,0,71129280,4730,73586340,4878,18614
2387,6,40,25,0,71129280,4730,73586340,4878,18620
2388,7,40,25,0,71129280,4730,73586340,4878,18627
2389,9,40,25,0,71129280,4730,73586340,4878,18636
2390,12,40,25,0,71129280,4730,73586340,4878,18648
2391,9,40,25,0,71129280,4730,73586340,4878,18657
2392,10,40,25,0,71129280,4730,73586340,4878,18667
2393,11,40,25,0,71129280,4730,73586340,4878,18678
2394,9,40,25,0,71129280,4730,73586340,4878,18687
2395,9,40,25,0,71129280,4730,73586340,4878,18696
2396,11,40,25,0,71129280,4730,73586340,4878,18707
2397,9,40,25,0,71129280,4730,73586340,4878,18716
2398,8,40,25,0,71129280,4730,73586340,4878,18724
2399,9,40,25,0,71129280,4730,73586340,4878,18733

