Hour,Arrivals,Waiting,Treating,Available Rooms,Total Treatment Time,Average Treatment Time,Total Wait Time,Average Wait Time,Total Arrivals
1,4,0,4,21,0,0,0,0,4
2,3,0,3,22,10260,2565,0,0,7
3,5,0,6,19,15840,2640,0,0,12
4,10,0,10,15,36900,3075,0,0,22
5,8,0,11,14,74580,3925,0,0,30
6,6,0,8,17,112380,4013,0,0,36
7,8,0,8,17,147600,4100,0,0,44
8,8,0,11,14,173940,4242,0,0,52
9,12,0,13,12,219300,4300,0,0,64
10,12,0,15,10,257820,4226,0,0,76
11,10,0,12,13,317580,4291,0,0,86
12,6,0,10,15,365820,4461,0,0,92
13,9,0,12,13,395280,4441,0,0,101
14,11,0,11,14,447180,4427,0,0,112
15,7,0,12,13,478320,4470,0,0,119
16,16,0,18,7,531000,4538,0,0,135
17,11,0,17,8,583620,4524,0,0,146
18,10,0,21,4,615180,4556,0,0,156
19,11,0,14,11,723780,4730,0,0,167
20,8,0,12,13,768900,4717,0,0,175
21,6,0,9,16,811680,4719,0,0,181
22,9,0,11,14,848760,4741,0,0,190
23,3,0,9,16,872280,4740,0,0,193
24,6,0,8,17,913380,4782,0,0,199
25,4,0,7,18,930180,4745,0,0,203
26,5,0,7,18,964920,4800,0,0,208
27,4,0,6,19,987840,4795,0,0,212
28,7,0,6,19,1012620,4754,0,0,219
29,10,0,9,16,1039800,4726,0,0,229
30,7,0,8,17,1072800,4705,0,0,236
31,12,0,12,13,1104600,4680,0,0,248
32,5,0,9,16,1140300,4673,0,0,253
33,11,0,14,11,1171200,4684,0,0,264
34,12,0,18,7,1207560,4680,0,0,276
35,11,0,17,8,1266600,4691,0,0,287
36,7,0,6,19,1343220,4663,0,0,294
37,12,0,13,12,1356180,4628,0,0,306
38,8,0,11,14,1402260,4627,0,0,314
39,9,0,14,11,1435440,4645,0,0,323
40,6,0,7,18,1497180,4649,0,0,329
41,11,0,12,13,1528380,4659,0,0,340
42,11,0,15,10,1553760,4624,0,0,351
43,9,0,13,12,1613820,4650,0,0,360
44,11,0,15,10,1653240,4643,0,0,371
45,13,0,12,13,1721520,4627,0,0,384
46,8,0,8,17,1771440,4613,0,0,392
47,4,0,6,19,1796880,4607,0,0,396
48,5,0,5,20,1828620,4617,0,0,401
49,4,0,4,21,1845780,4602,0,0,405
50,5,0,7,18,1860900,4617,0,0,410
51,5,0,6,19,1883040,4604,0,0,415
52,8,0,9,16,1901340,4592,0,0,423
53,5,0,5,20,1943100,4593,0,0,428
54,8,0,8,17,1958340,4575,0,0,436
55,11,0,15,10,1976520,4575,0,0,447
56,7,0,13,12,2015580,4570,0,0,454
57,9,0,11,14,2078280,4597,0,0,463
58,10,0,14,11,2102340,4580,0,0,473
59,10,0,11,14,2159460,4575,0,0,483
60,8,0,13,12,2191560,4584,0,0,491
61,15,0,19,6,2234160,4587,0,0,506
62,8,0,17,8,2277840,4583,0,0,514
63,14,0,19,6,2345220,4607,0,0,528
64,10,0,17,8,2406360,4618,0,0,538
65,8,0,13,12,2472960,4639,0,0,546
66,6,0,9,16,2529180,4657,0,0,552
67,5,0,9,16,2558640,4669,0,0,557
68,8,0,10,15,2603880,4691,0,0,565
69,4,0,8,17,2630880,4689,0,0,569
70,9,0,10,15,2663040,4688,0,0,578
71,3,0,6,19,2700480,4696,0,0,581
72,5,0,6,19,2724120,4696,0,0,586
73,4,0,7,18,2740140,4700,0,0,590
74,8,0,9,16,2763420,4691,0,0,598
75,7,0,9,16,2792220,4684,0,0,605
76,8,0,7,18,2833080,4675,0,0,613
77,7,0,8,17,2857920,4669,0,0,620
78,2,0,5,20,2888100,4680,0,0,622
79,8,0,7,18,2920920,4688,0,0,630
80,5,0,9,16,2934480,4687,0,0,635
81,9,0,10,15,2968740,4682,0,0,644
82,7,0,10,15,3009360,4694,0,0,651
83,8,0,10,15,3039060,4682,0,0,659
84,13,0,16,9,3077760,4691,0,0,672
85,4,0,10,15,3120900,4686,0,0,676
86,8,0,9,16,3170580,4697,0,0,684
87,10,0,13,12,3196980,4694,0,0,694
88,12,0,15,10,3235140,4681,0,0,706
89,6,0,9,16,3286920,4675,0,0,712
90,16,0,20,5,3312120,4678,0,0,728
91,6,0,14,11,3361620,4668,0,0,734
92,6,0,8,17,3440460,4700,0,0,740
93,5,0,9,16,3465000,4707,0,0,745
94,5,0,7,18,3505140,4717,0,0,750
95,6,0,9,16,3528960,4724,0,0,756
96,7,0,10,15,3566460,4736,0,0,763
97,4,0,9,16,3592560,4739,0,0,767
98,4,0,7,18,3632640,4754,0,0,771
99,3,0,6,19,3659460,4764,0,0,774
100,3,0,4,21,3685380,4767,0,0,777
101,6,0,7,18,3697740,4765,0,0,783
102,10,0,10,15,3723480,4755,0,0,793
103,14,0,16,9,3761580,4755,0,0,807
104,7,0,12,13,3813540,4755,0,0,814
105,7,0,11,14,3857820,4762,0,0,821
106,10,0,12,13,3900060,4761,0,0,831
107,5,0,12,13,3926400,4765,0,0,836
108,18,0,18,7,3988260,4770,0,0,854
109,6,0,16,9,4036020,4782,0,0,860
110,11,0,14,11,4106820,4792,0,0,871
111,7,0,10,15,4158960,4791,0,0,878
112,10,0,11,14,4199880,4788,0,0,888
113,11,0,13,12,4240140,4785,0,0,899
114,7,0,16,9,4259640,4786,0,0,906
115,8,0,11,14,4339020,4805,0,0,914
116,7,0,10,15,4377780,4805,0,0,921
117,7,0,11,14,4413180,4812,0,0,928
118,5,0,8,17,4455660,4816,0,0,933
119,9,0,12,13,4484280,4821,0,0,942
120,6,0,12,13,4509060,4817,0,0,948
121,1,0,3,22,4565760,4826,0,0,949
122,5,0,4,21,4586400,4827,0,0,954
123,5,0,7,18,4595160,4826,0,0,959
124,4,0,7,18,4612560,4824,0,0,963
125,5,0,9,16,4630200,4828,0,0,968
126,10,0,13,12,4659960,4828,0,0,978
127,6,0,9,16,4712580,4833,0,0,984
128,10,0,11,14,4747560,4829,0,0,994
129,17,0,20,5,4778820,4822,0,0,1011
130,16,0,21,4,4837740,4808,0,0,1027
131,13,0,18,7,4925760,4819,0,0,1040
132,10,0,17,8,4977720,4818,0,0,1050
133,16,0,20,5,5043840,4822,0,0,1066
134,18,0,25,0,5107500,4822,60,0,1084
135,7,0,15,10,5185620,4819,60,0,1091
136,6,0,4,21,5279340,4830,60,0,1097
137,8,0,8,17,5287980,4820,60,0,1105
138,11,0,9,16,5328900,4813,60,0,1116
139,6,0,7,18,5358420,4805,60,0,1122
140,5,0,4,21,5393820,4803,60,0,1127
141,2,0,3,22,5410500,4805,60,0,1129
142,7,0,8,17,5421720,4806,60,0,1136
143,10,0,13,12,5440500,4801,60,0,1146
144,7,0,8,17,5485560,4790,60,0,1153
145,4,0,5,20,5524380,4795,60,0,1157
146,5,0,7,18,5536620,4793,60,0,1162
147,6,0,11,14,5551620,4798,60,0,1168
148,7,0,8,17,5586300,4786,60,0,1175
149,10,0,9,16,5623080,4781,60,0,1185
150,3,0,10,15,5630160,4779,60,0,1188
151,5,0,4,21,5689320,4784,60,0,1193
152,10,0,13,12,5696280,4786,60,0,1203
153,4,0,7,18,5733960,4778,60,0,1207
154,16,0,13,12,5773920,4771,60,0,1223
155,15,0,19,6,5806080,4762,60,0,1238
156,6,0,13,12,5854680,4756,60,0,1244
157,11,0,12,13,5930940,4771,60,0,1255
158,8,0,11,14,5974920,4772,60,0,1263
159,11,0,16,9,6001860,4770,60,0,1274
160,9,0,12,13,6066480,4772,60,0,1283
161,13,0,16,9,6103740,4768,60,0,1296
162,6,0,13,12,6149040,4770,60,0,1302
163,6,0,10,15,6196260,4773,60,0,1308
164,12,0,12,13,6240840,4771,60,0,1320
165,11,0,16,9,6269100,4767,60,0,1331
166,11,0,16,9,6326880,4771,60,0,1342
167,5,0,9,16,6382320,4770,60,0,1347
168,10,0,14,11,6420540,4780,60,0,1357
169,6,0,9,16,6482220,4787,60,0,1363
170,4,0,5,20,6526020,4791,60,0,1367
171,5,0,4,21,6546780,4785,60,0,1372
172,12,0,13,12,6556800,4782,60,0,1384
173,6,0,11,14,6590340,4779,60,0,1390
174,2,0,2,23,6647100,4782,60,0,1392
175,12,0,13,12,6650100,4780,60,0,1404
176,8,0,14,11,6682320,4779,60,0,1412
177,8,0,11,14,6733680,4779,60,0,1420
178,7,0,8,17,6789540,4784,60,0,1427
179,3,0,9,16,6799140,4784,60,0,1430
180,7,0,8,17,6843720,4789,60,0,1437
181,14,0,14,11,6877740,4786,60,0,1451
182,6,0,13,12,6914100,4788,60,0,1457
183,6,0,10,15,6969780,4796,60,0,1463
184,10,0,12,13,7016520,4802,60,0,1473
185,7,0,9,16,7057320,4797,60,0,1480
186,9,0,11,14,7098240,4802,60,0,1489
187,5,0,7,18,7133340,4797,60,0,1494
188,6,0,9,16,7155480,4799,60,0,1500
189,8,0,11,14,7187160,4801,60,0,1508
190,5,0,10,15,7212840,4798,60,0,1513
191,7,0,10,15,7259220,4807,60,0,1520
192,5,0,11,14,7280640,4808,60,0,1525
193,3,0,5,20,7324260,4809,60,0,1528
194,3,0,3,22,7353540,4812,60,0,1531
195,7,0,7,18,7367880,4812,60,0,1538
196,5,0,11,14,7368600,4809,60,0,1543
197,4,0,9,16,7410540,4818,60,0,1547
198,7,0,11,14,7440000,4821,60,0,1554
199,10,0,12,13,7481340,4820,60,0,1564
200,5,0,8,17,7520820,4817,60,0,1569
201,6,0,7,18,7556640,4819,60,0,1575
202,12,0,13,12,7583100,4817,60,0,1587
203,19,0,22,3,7616460,4808,60,0,1606
204,6,0,10,15,7702140,4807,60,0,1612
205,13,0,16,9,7737540,4808,60,0,1625
206,10,0,16,9,7786680,4809,60,0,1635
207,13,0,16,9,7850460,4810,60,0,1648
208,13,0,20,5,7894260,4810,60,0,1661
209,6,0,13,12,7957440,4811,60,0,1667
210,10,0,13,12,7998780,4806,60,0,1677
211,15,0,16,9,8058000,4807,60,0,1692
212,10,0,19,6,8093100,4808,60,0,1702
213,5,0,8,17,8184540,4817,60,0,1707
214,9,0,11,14,8211960,4816,60,0,1716
215,8,0,13,12,8241480,4816,60,0,1724
216,8,0,11,14,8295300,4820,60,0,1732
217,6,0,9,16,8337120,4821,60,0,1738
218,7,0,10,15,8357100,4816,60,0,1745
219,1,0,2,23,8405940,4819,60,0,1746
220,5,0,5,20,8415360,4819,60,0,1751
221,5,0,5,20,8437260,4818,60,0,1756
222,14,0,15,10,8453520,4816,60,0,1770
223,4,0,7,18,8499780,4810,60,0,1774
224,9,0,8,17,8539500,4810,60,0,1783
225,13,0,15,10,8560200,4806,60,0,1796
226,9,0,11,14,8608020,4798,60,0,1805
227,18,0,21,4,8644620,4797,60,0,1823
228,4,0,12,13,8698080,4792,60,0,1827
229,9,0,12,13,8744220,4793,60,0,1836
230,6,0,10,15,8793420,4799,60,0,1842
231,7,0,11,14,8832780,4805,60,0,1849
232,14,0,14,11,8873880,4799,60,0,1863
233,5,0,10,15,8916180,4798,60,0,1868
234,9,0,12,13,8965320,4807,60,0,1877
235,4,0,5,20,9010140,4802,60,0,1881
236,8,0,8,17,9027840,4799,60,0,1889
237,11,0,12,13,9057420,4797,60,0,1900
238,7,0,11,14,9089040,4793,60,0,1907
239,4,0,8,17,9121140,4793,60,0,1911
240,7,0,9,16,9150600,4793,60,0,1918
241,3,0,7,18,9174360,4793,60,0,1921
242,6,0,7,18,9213660,4798,60,0,1927
243,4,0,5,20,9242580,4798,60,0,1931
244,4,0,5,20,9255660,4795,60,0,1935
245,7,0,8,17,9278580,4797,60,0,1942
246,4,0,9,16,9290760,4796,60,0,1946
247,6,0,7,18,9335340,4799,60,0,1952
248,9,0,10,15,9358620,4796,60,0,1961
249,11,0,12,13,9397260,4794,60,0,1972
250,5,0,7,18,9437340,4790,60,0,1977
251,5,0,6,19,9470940,4792,60,0,1982
252,10,0,12,13,9484680,4790,60,0,1992
253,16,0,18,7,9521160,4784,60,0,2008
254,14,0,18,7,9584040,4782,60,0,2022
255,14,0,20,5,9643020,4783,60,0,2036
256,13,0,21,4,9704280,4785,60,0,2049
257,9,0,12,13,9789780,4784,60,0,2058
258,6,0,7,18,9835500,4781,60,0,2064
259,9,0,11,14,9859920,4781,60,0,2073
260,10,0,16,9,9886440,4782,60,0,2083
261,9,0,13,12,9954360,4788,60,0,2092
262,3,0,7,18,10002480,4790,60,0,2095
263,6,0,6,19,10041480,4793,60,0,2101
264,5,0,6,19,10065000,4792,60,0,2106
265,5,0,6,19,10087440,4792,60,0,2111
266,5,0,6,19,10107240,4790,60,0,2116
267,17,0,17,8,10130940,4787,60,0,2133
268,5,0,10,15,10180800,4784,60,0,2138
269,6,0,7,18,10228500,4786,60,0,2144
270,9,0,11,14,10252020,4786,60,0,2153
271,8,0,12,13,10286100,4786,60,0,2161
272,9,0,10,15,10339560,4786,60,0,2170
273,3,0,6,19,10366680,4783,60,0,2173
274,13,0,14,11,10396500,4786,60,0,2186
275,6,0,12,13,10428660,4783,60,0,2192
276,8,0,9,16,10487760,4786,60,0,2200
277,4,0,9,16,10507740,4787,60,0,2204
278,7,0,10,15,10531740,4784,60,0,2211
279,11,0,13,12,10580280,4789,60,0,2222
280,7,0,11,14,10630920,4793,60,0,2229
281,7,0,11,14,10664400,4792,60,0,2236
282,6,0,7,18,10718280,4795,60,0,2242
283,7,0,9,16,10739040,4794,60,0,2249
284,7,0,11,14,10765740,4795,60,0,2256
285,10,0,12,13,10798140,4790,60,0,2266
286,8,0,11,14,10846140,4792,60,0,2274
287,5,0,6,19,10902060,4796,60,0,2279
288,7,0,9,16,10922520,4796,60,0,2286
289,2,0,4,21,10958580,4797,60,0,2288
290,5,0,6,19,10974000,4798,60,0,2293
291,9,0,7,18,11000760,4793,60,0,2302
292,8,0,8,17,11019180,4786,60,0,2310
293,6,0,6,19,11055180,4785,60,0,2316
294,9,0,9,16,11075760,4782,60,0,2325
295,6,0,7,18,11109300,4780,60,0,2331
296,9,0,11,14,11133540,4780,60,0,2340
297,11,0,12,13,11171520,4776,60,0,2351
298,10,0,14,11,11215440,4778,60,0,2361
299,14,0,15,10,11267880,4774,60,0,2375
300,9,0,12,13,11333460,4778,60,0,2384
301,9,0,12,13,11370960,4775,60,0,2393
302,12,0,11,14,11420700,4770,60,0,2405
303,11,0,14,11,11439300,4762,60,0,2416
304,10,0,10,15,11514600,4765,60,0,2426
305,9,0,14,11,11542860,4767,60,0,2435
306,8,0,11,14,11590860,4765,60,0,2443
307,9,0,11,14,11637840,4767,60,0,2452
308,6,0,9,16,11670240,4765,60,0,2458
309,7,0,10,15,11703900,4767,60,0,2465
310,7,0,8,17,11748540,4768,60,0,2472
311,8,0,5,20,11795700,4765,60,0,2480
312,9,0,11,14,11806320,4764,60,0,2489
313,8,0,11,14,11834580,4760,60,0,2497
314,4,0,6,19,11888280,4764,60,0,2501
315,9,0,9,16,11913480,4763,60,0,2510
316,4,0,7,18,11940780,4762,60,0,2514
317,9,0,11,14,11970300,4765,60,0,2523
318,6,0,8,17,12006060,4762,60,0,2529
319,4,0,6,19,12038880,4764,60,0,2533
320,8,0,6,19,12070920,4761,60,0,2541
321,14,0,13,12,12101160,4760,60,0,2555
322,5,0,13,12,12127140,4761,60,0,2560
323,7,0,7,18,12189060,4761,60,0,2567
324,8,0,10,15,12209700,4760,60,0,2575
325,8,0,12,13,12234720,4758,60,0,2583
326,15,0,15,10,12291600,4758,60,0,2598
327,9,0,12,13,12342420,4756,60,0,2607
328,6,0,9,16,12392880,4759,60,0,2613
329,14,0,13,12,12439740,4758,60,0,2627
330,9,0,18,7,12458700,4758,60,0,2636
331,6,0,9,16,12530820,4759,60,0,2642
332,6,0,7,18,12574920,4761,60,0,2648
333,9,0,8,17,12605700,4758,60,0,2657
334,5,0,9,16,12620940,4757,60,0,2662
335,5,0,7,18,12655920,4757,60,0,2667
336,3,0,5,20,12684060,4759,60,0,2670
337,10,0,9,16,12704100,4756,60,0,2680
338,2,0,6,19,12735300,4759,60,0,2682
339,4,0,3,22,12770700,4759,60,0,2686
340,3,0,3,22,12779040,4757,60,0,2689
341,7,0,8,17,12785520,4756,60,0,2696
342,10,0,13,12,12804780,4754,60,0,2706
343,3,0,9,16,12846960,4758,60,0,2709
344,13,0,12,13,12904320,4761,60,0,2722
345,8,0,14,11,12931860,4761,60,0,2730
346,6,0,9,16,12982800,4760,60,0,2736
347,10,0,12,13,13027500,4764,60,0,2746
348,10,0,13,12,13063020,4762,60,0,2756
349,8,0,9,16,13117140,4761,60,0,2764
350,11,0,14,11,13147500,4761,60,0,2775
351,9,0,12,13,13200720,4762,60,0,2784
352,8,0,12,13,13242840,4763,60,0,2792
353,12,0,13,12,13291200,4762,60,0,2804
354,6,0,8,17,13342500,4761,60,0,2810
355,4,0,3,22,13384080,4761,60,0,2814
356,9,0,11,14,13387860,4760,60,0,2823
357,5,0,9,16,13422060,4761,60,0,2828
358,4,0,8,17,13450140,4762,60,0,2832
359,6,0,8,17,13485300,4765,60,0,2838
360,4,0,4,21,13516980,4762,60,0,2842
361,4,0,5,20,13531680,4762,60,0,2846
362,8,0,8,17,13556460,4763,60,0,2854
363,10,0,14,11,13570260,4761,60,0,2864
364,6,0,10,15,13622820,4763,60,0,2870
365,10,0,11,14,13667640,4763,60,0,2880
366,3,0,6,19,13701480,4762,60,0,2883
367,8,0,10,15,13726080,4764,60,0,2891
368,6,0,12,13,13740240,4762,60,0,2897
369,8,0,11,14,13794060,4766,60,0,2905
370,9,0,10,15,13845240,4767,60,0,2914
371,15,0,14,11,13873440,4759,60,0,2929
372,11,0,17,8,13912860,4759,60,0,2940
373,6,0,8,17,13983540,4759,60,0,2946
374,19,0,18,7,14028540,4760,60,0,2965
375,8,0,16,9,14078940,4761,60,0,2973
376,9,0,13,12,14136540,4761,60,0,2982
377,10,0,13,12,14197080,4765,60,0,2992
378,16,0,19,6,14241000,4764,60,0,3008
379,8,0,15,10,14301240,4765,60,0,3016
380,7,0,12,13,14360220,4769,60,0,3023
381,9,0,7,18,14419680,4766,60,0,3032
382,3,0,3,22,14447940,4765,60,0,3035
383,8,0,10,15,14454540,4765,60,0,3043
384,7,0,9,16,14492820,4765,60,0,3050
385,7,0,9,16,14526000,4765,60,0,3057
386,5,0,8,17,14555160,4765,60,0,3062
387,10,0,11,14,14590020,4766,60,0,3072
388,1,0,8,17,14608260,4766,60,0,3073
389,7,0,9,16,14645280,4768,60,0,3080
390,10,0,13,12,14671200,4768,60,0,3090
391,12,0,15,10,14716320,4767,60,0,3102
392,13,0,18,7,14771340,4769,60,0,3115
393,6,0,8,17,14845980,4769,60,0,3121
394,7,0,9,16,14880720,4770,60,0,3128
395,7,0,10,15,14903160,4769,60,0,3135
396,8,0,11,14,14938140,4769,60,0,3143
397,14,0,14,11,14982660,4766,60,0,3157
398,8,0,10,15,15029160,4763,60,0,3165
399,12,0,17,8,15046920,4761,60,0,3177
400,7,0,12,13,15112320,4764,60,0,3184
401,5,0,8,17,15155700,4764,60,0,3189
402,13,0,11,14,15195480,4761,60,0,3202
403,8,0,11,14,15230580,4761,60,0,3210
404,5,0,8,17,15274500,4762,60,0,3215
405,2,0,4,21,15308400,4764,60,0,3217
406,5,0,6,19,15321660,4764,60,0,3222
407,3,0,8,17,15330420,4765,60,0,3225
408,4,0,6,19,15359640,4765,60,0,3229
409,8,0,7,18,15386940,4763,60,0,3237
410,9,0,10,15,15406200,4760,60,0,3246
411,4,0,6,19,15443760,4760,60,0,3250
412,3,0,5,20,15463260,4760,60,0,3253
413,9,0,6,19,15489120,4757,60,0,3262
414,11,0,13,12,15504900,4756,60,0,3273
415,13,0,15,10,15543960,4752,60,0,3286
416,7,0,14,11,15586380,4753,60,0,3293
417,4,0,8,17,15634560,4753,60,0,3297
418,7,0,7,18,15678600,4755,60,0,3304
419,9,0,8,17,15713460,4754,60,0,3313
420,13,0,13,12,15735840,4749,60,0,3326
421,13,0,17,8,15780180,4750,60,0,3339
422,13,0,17,8,15842160,4750,60,0,3352
423,12,0,15,10,15908880,4750,60,0,3364
424,7,0,12,13,15954600,4749,60,0,3371
425,6,0,8,17,16005540,4750,60,0,3377
426,8,0,8,17,16049340,4752,60,0,3385
427,7,0,7,18,16072020,4748,60,0,3392
428,4,0,7,18,16093440,4748,60,0,3396
429,9,0,10,15,16124700,4749,60,0,3405
430,13,0,16,9,16145520,4745,60,0,3418
431,6,0,8,17,16197960,4741,60,0,3424
432,4,0,4,21,16247100,4745,60,0,3428
433,5,0,7,18,16252380,4743,60,0,3433
434,5,0,6,19,16281360,4743,60,0,3438
435,3,0,3,22,16302480,4741,60,0,3441
436,10,0,12,13,16303980,4740,60,0,3451
437,11,0,16,9,16337520,4741,60,0,3462
438,8,0,13,12,16384020,4739,60,0,3470
439,5,0,12,13,16437780,4746,60,0,3475
440,13,0,13,12,16492080,4745,60,0,3488
441,12,0,14,11,16537020,4743,60,0,3500
442,5,0,5,20,16608360,4745,60,0,3505
443,9,0,9,16,16636500,4746,60,0,3514
444,15,0,22,3,16644240,4746,60,0,3529
445,7,0,12,13,16731600,4747,60,0,3536
446,8,0,12,13,16770120,4748,60,0,3544
447,10,0,13,12,16815960,4748,60,0,3554
448,10,0,12,13,16865460,4748,60,0,3564
449,16,0,19,6,16899780,4745,60,0,3580
450,6,0,12,13,16956960,4744,60,0,3586
451,7,0,11,14,17000580,4746,60,0,3593
452,7,0,11,14,17040600,4748,60,0,3600
453,9,0,11,14,17088000,4749,60,0,3609
454,7,0,14,11,17098500,4746,60,0,3616
455,7,0,13,12,17155260,4752,60,0,3623
456,7,0,13,12,17194560,4753,60,0,3630
457,7,0,9,16,17247180,4753,60,0,3637
458,8,0,8,17,17287920,4753,60,0,3645
459,6,0,10,15,17301540,4751,60,0,3651
460,6,0,7,18,17342400,4751,60,0,3657
461,5,0,6,19,17371980,4751,60,0,3662
462,6,0,7,18,17391780,4750,60,0,3668
463,9,0,11,14,17416020,4750,60,0,3677
464,5,0,11,14,17433600,4749,60,0,3682
465,14,0,15,10,17483760,4749,60,0,3696
466,11,0,22,3,17504700,4750,60,0,3707
467,12,0,21,4,17578920,4753,60,0,3719
468,14,0,17,8,17667000,4754,60,0,3733
469,12,0,17,8,17725020,4754,60,0,3745
470,11,0,14,11,17793180,4754,60,0,3756
471,10,0,13,12,17846580,4755,60,0,3766
472,10,0,15,10,17890260,4756,60,0,3776
473,14,0,16,9,17958660,4758,60,0,3790
474,7,0,14,11,17991900,4755,60,0,3797
475,6,0,9,16,18052800,4758,60,0,3803
476,5,0,8,17,18092340,4761,60,0,3808
477,10,0,12,13,18123300,4761,60,0,3818
478,6,0,9,16,18166620,4761,60,0,3824
479,7,0,7,18,18212460,4762,60,0,3831
480,6,0,10,15,18225180,4762,60,0,3837
481,7,0,9,16,18266580,4763,60,0,3844
482,6,0,9,16,18295380,4763,60,0,3850
483,6,0,9,16,18331260,4765,60,0,3856
484,3,0,5,20,18362160,4764,60,0,3859
485,5,0,7,18,18383040,4766,60,0,3864
486,5,0,5,20,18421980,4767,60,0,3869
487,2,0,2,23,18442200,4766,60,0,3871
488,11,0,7,18,18462540,4764,60,0,3882
489,6,0,9,16,18481500,4764,60,0,3888
490,6,0,8,17,18520740,4766,60,0,3894
491,10,0,11,14,18546600,4764,60,0,3904
492,6,0,8,17,18595740,4765,60,0,3910
493,9,0,12,13,18625980,4767,60,0,3919
494,16,0,21,4,18648360,4764,60,0,3935
495,16,0,21,4,18729540,4765,60,0,3951
496,9,0,14,11,18799080,4764,60,0,3960
497,9,0,11,14,18869340,4767,60,0,3969
498,14,0,20,5,18892680,4767,60,0,3983
499,4,0,11,14,18959940,4768,60,0,3987
500,8,0,10,15,19004460,4768,60,0,3995
501,7,0,12,13,19027200,4768,60,0,4002
502,8,0,9,16,19089000,4771,60,0,4010
503,13,0,15,10,19120080,4770,60,0,4023
504,9,0,15,10,19156980,4768,60,0,4032
505,10,0,15,10,19211580,4770,60,0,4042
506,8,0,13,12,19268460,4772,60,0,4050
507,4,0,8,17,19319100,4774,60,0,4054
508,4,0,4,21,19367460,4777,60,0,4058
509,6,0,8,17,19380000,4778,60,0,4064
510,11,0,12,13,19411860,4777,60,0,4075
511,6,0,9,16,19444440,4775,60,0,4081
512,8,0,9,16,19479660,4774,60,0,4089
513,7,0,9,16,19507920,4773,60,0,4096
514,12,0,12,13,19546380,4772,60,0,4108
515,13,0,14,11,19590720,4770,60,0,4121
516,12,0,11,14,19656360,4768,60,0,4133
517,18,0,18,7,19700160,4766,60,0,4151
518,15,0,21,4,19751520,4765,60,0,4166
519,10,0,16,9,19827360,4766,60,0,4176
520,6,0,9,16,19892640,4766,60,0,4182
521,8,0,13,12,19916580,4768,60,0,4190
522,9,0,9,16,19975680,4767,60,0,4199
523,9,0,10,15,20010240,4766,60,0,4208
524,9,0,12,13,20038200,4765,60,0,4217
525,3,0,5,20,20086800,4765,60,0,4220
526,7,0,5,20,20116920,4764,60,0,4227
527,8,0,9,16,20131620,4763,60,0,4235
528,6,0,12,13,20148060,4764,60,0,4241
529,3,0,6,19,20199060,4766,60,0,4244
530,3,0,4,21,20221500,4765,60,0,4247
531,6,0,6,19,20245440,4766,60,0,4253
532,8,0,12,13,20253360,4766,60,0,4261
533,4,0,6,19,20296260,4765,60,0,4265
534,5,0,4,21,20331660,4765,60,0,4270
535,5,0,6,19,20342640,4765,60,0,4275
536,18,0,18,7,20355300,4761,60,0,4293
537,4,0,8,17,20410440,4758,60,0,4297
538,11,0,14,11,20438100,4759,60,0,4308
539,13,0,15,10,20481120,4756,60,0,4321
540,8,0,14,11,20519460,4755,60,0,4329
541,7,0,9,16,20588340,4758,60,0,4336
542,11,0,13,12,20618520,4757,60,0,4347
543,12,0,14,11,20661060,4755,60,0,4359
544,10,0,10,15,20720220,4753,60,0,4369
545,12,0,11,14,20772840,4753,60,0,4381
546,7,0,12,13,20800500,4753,60,0,4388
547,6,0,8,17,20845680,4752,60,0,4394
548,2,0,4,21,20883480,4754,60,0,4396
549,8,0,9,16,20891940,4753,60,0,4404
550,10,0,13,12,20923740,4754,60,0,4414
551,8,0,14,11,20958660,4754,60,0,4422
552,7,0,9,16,21016140,4754,60,0,4429
553,6,0,11,14,21042900,4756,60,0,4435
554,6,0,4,21,21092520,4753,60,0,4441
555,4,0,3,22,21118380,4754,60,0,4445
556,9,0,9,16,21128160,4753,60,0,4454
557,1,0,7,18,21144780,4753,60,0,4455
558,7,0,7,18,21179580,4754,60,0,4462
559,8,0,11,14,21199800,4754,60,0,4470
560,10,0,12,13,21239100,4753,60,0,4480
561,14,0,17,8,21269400,4750,60,0,4494
562,8,0,18,7,21299940,4750,60,0,4502
563,14,0,16,9,21397800,4755,60,0,4516
564,18,5,25,0,21408420,4753,300,0,4534
565,10,0,18,7,21529620,4756,7260,1,4544
566,9,0,13,12,21601500,4758,7260,1,4553
567,16,0,21,4,21652200,4760,7260,1,4569
568,9,0,17,8,21723060,4762,7260,1,4578
569,7,0,14,11,21793020,4767,7260,1,4585
570,12,0,15,10,21850680,4768,7260,1,4597
571,9,0,13,12,21897060,4767,7260,1,4606
572,9,0,14,11,21938340,4768,7260,1,4615
573,7,0,9,16,22009200,4771,7260,1,4622
574,5,0,8,17,22036200,4770,7260,1,4627
575,8,0,11,14,22057920,4770,7260,1,4635
576,5,0,5,20,22105680,4769,7260,1,4640
577,3,0,7,18,22113300,4769,7260,1,4643
578,7,0,9,16,22136520,4769,7260,1,4650
579,4,0,6,19,22166880,4769,7260,1,4654
580,4,0,6,19,22185540,4769,7260,1,4658
581,6,0,7,18,22211220,4769,7260,1,4664
582,2,0,4,21,22235160,4769,7260,1,4666
583,4,0,4,21,22253400,4769,7260,1,4670
584,7,0,8,17,22267740,4769,7260,1,4677
585,11,0,14,11,22288800,4768,7260,1,4688
586,14,0,18,7,22328040,4766,7260,1,4702
587,11,0,15,10,22402920,4768,7260,1,4713
588,11,0,14,11,22461420,4768,7260,1,4724
589,11,0,13,12,22512060,4767,7260,1,4735
590,10,0,15,10,22540920,4765,7260,1,4745
591,11,0,17,8,22586520,4766,7260,1,4756
592,8,0,11,14,22662900,4768,7260,1,4764
593,11,0,17,8,22686120,4767,7260,1,4775
594,6,0,10,15,22750860,4768,7260,1,4781
595,9,0,11,14,22791120,4769,7260,1,4790
596,9,0,15,10,22818480,4769,7260,1,4799
597,9,0,14,11,22865880,4769,7260,1,4808
598,6,0,11,14,22920480,4772,7260,1,4814
599,6,0,6,19,22972140,4771,7260,1,4820
600,4,0,5,20,22994580,4771,7260,1,4824
601,9,0,11,14,23007960,4771,7260,1,4833
602,6,0,10,15,23037540,4770,7260,1,4839
603,5,0,5,20,23086260,4770,7260,1,4844
604,5,0,5,20,23105580,4769,7260,1,4849
605,8,0,10,15,23123520,4770,7260,1,4857
606,5,0,5,20,23155500,4767,7260,1,4862
607,8,0,10,15,23171280,4767,7260,1,4870
608,11,0,16,9,23194920,4767,7260,1,4881
609,5,0,8,17,23255880,4767,7260,1,4886
610,6,0,6,19,23297040,4768,7260,1,4892
611,5,0,7,18,23312400,4767,7260,1,4897
612,6,0,9,16,23329980,4767,7260,1,4903
613,9,0,13,12,23350320,4766,7260,1,4912
614,9,0,11,14,23404440,4766,7260,1,4921
615,8,0,7,18,23449320,4764,7260,1,4929
616,12,0,11,14,23487240,4764,7260,1,4941
617,4,0,12,13,23502720,4764,7260,1,4945
618,4,0,6,19,23560380,4766,7260,1,4949
619,6,0,8,17,23584080,4767,7260,1,4955
620,10,0,14,11,23595720,4765,7260,1,4965
621,6,0,11,14,23643900,4766,7260,1,4971
622,4,0,4,21,23701500,4767,7260,1,4975
623,8,0,10,15,23707200,4767,7260,1,4983
624,3,0,5,20,23749260,4767,7260,1,4986
625,9,0,9,16,23766600,4766,7260,1,4995
626,5,0,7,18,23791380,4764,7260,1,5000
627,7,0,7,18,23821440,4764,7260,1,5007
628,8,0,14,11,23826540,4764,7260,1,5015
629,7,0,12,13,23878740,4766,7260,1,5022
630,6,0,10,15,23921160,4767,7260,1,5028
631,5,0,9,16,23963460,4769,7260,1,5033
632,8,0,12,13,23988420,4770,7260,1,5041
633,8,0,12,13,24026760,4770,7260,1,5049
634,6,0,6,19,24086520,4770,7260,1,5055
635,11,0,10,15,24113520,4769,7260,1,5066
636,15,0,19,6,24135660,4768,7260,1,5081
637,14,0,20,5,24202560,4768,7260,1,5095
638,6,0,11,14,24283380,4770,7260,1,5101
639,8,0,7,18,24338100,4770,7260,1,5109
640,9,0,9,16,24364320,4768,7260,1,5118
641,8,0,12,13,24385500,4768,7260,1,5126
642,10,0,15,10,24425280,4769,7260,1,5136
643,7,0,13,12,24462000,4768,7260,1,5143
644,5,0,8,17,24520500,4770,7260,1,5148
645,11,0,11,14,24558960,4770,7260,1,5159
646,3,0,5,20,24611640,4772,7260,1,5162
647,5,0,7,18,24623880,4772,7260,1,5167
648,3,0,5,20,24652860,4773,7260,1,5170
649,5,0,5,20,24680580,4773,7260,1,5175
650,5,0,9,16,24688500,4774,7260,1,5180
651,9,0,12,13,24719580,4774,7260,1,5189
652,6,0,7,18,24769800,4774,7260,1,5195
653,10,0,11,14,24791640,4773,7260,1,5205
654,6,0,9,16,24829800,4773,7260,1,5211
655,8,0,11,14,24852600,4772,7260,1,5219
656,9,0,12,13,24900180,4773,7260,1,5228
657,11,0,14,11,24938640,4772,7260,1,5239
658,11,0,12,13,24992760,4771,7260,1,5250
659,9,0,11,14,25038180,4770,7260,1,5259
660,10,0,15,10,25060140,4769,7260,1,5269
661,9,0,12,13,25112880,4768,7260,1,5278
662,13,0,14,11,25165440,4768,7260,1,5291
663,7,0,13,12,25199520,4768,7260,1,5298
664,7,0,8,17,25269780,4770,7260,1,5305
665,7,0,11,14,25296420,4772,7260,1,5312
666,12,0,15,10,25331160,4771,7260,1,5324
667,5,0,11,14,25380360,4772,7260,1,5329
668,11,0,14,11,25428240,4774,7260,1,5340
669,8,0,16,9,25463940,4775,7260,1,5348
670,3,0,9,16,25529580,4779,7260,1,5351
671,4,0,5,20,25565220,4778,7260,1,5355
672,2,0,4,21,25584720,4779,7260,1,5357
673,4,0,8,17,25584720,4779,7260,1,5361
674,6,0,11,14,25596000,4778,7260,1,5367
675,7,0,15,10,25609620,4778,7260,1,5374
676,5,0,12,13,25649340,4779,7260,1,5379
677,9,0,14,11,25679460,4778,7260,1,5388
678,13,0,19,6,25712940,4777,7260,1,5401
679,11,0,17,8,25783920,4779,7260,1,5412
680,15,0,21,4,25828740,4777,7260,1,5427
681,14,1,25,0,25866000,4776,7620,1,5441
682,11,0,22,3,25948620,4778,7920,1,5452
683,11,0,19,6,26020260,4779,7920,1,5463
684,12,0,18,7,26072280,4777,7920,1,5475
685,17,0,23,2,26130600,4777,7920,1,5492
686,7,0,17,8,26203380,4779,7920,1,5499
687,8,0,12,13,26268720,4780,7920,1,5507
688,13,0,17,8,26293440,4778,7920,1,5520
689,8,0,17,8,26331240,4777,7920,1,5528
690,6,0,17,8,26365140,4778,7920,1,5534
691,10,0,17,8,26426640,4781,7920,1,5544
692,9,0,17,8,26465400,4780,7920,1,5553
693,8,0,15,10,26524080,4782,7920,1,5561
694,5,0,10,15,26570520,4782,7920,1,5566
695,13,0,18,7,26589420,4781,7920,1,5579
696,6,0,12,13,26639220,4780,7920,1,5585
697,4,0,10,15,26677740,4781,7920,1,5589
698,5,0,8,17,26709900,4781,7920,1,5594
699,9,0,10,15,26731320,4779,7920,1,5603
700,2,0,9,16,26747280,4779,7920,1,5605
701,8,0,11,14,26780280,4780,7920,1,5613
702,8,0,16,9,26796960,4780,7920,1,5621
703,7,0,14,11,26841060,4781,7920,1,5628
704,13,0,19,6,26890620,4783,7920,1,5641
705,9,0,14,11,26952060,4782,7920,1,5650
706,5,0,11,14,26989320,4781,7920,1,5655
707,10,0,13,12,27024960,4781,7920,1,5665
708,14,0,22,3,27044880,4780,7920,1,5679
709,7,0,14,11,27120060,4781,7920,1,5686
710,10,0,16,9,27161700,4781,7920,1,5696
711,7,0,14,11,27207780,4782,7920,1,5703
712,15,0,21,4,27252780,4783,7920,1,5718
713,6,0,15,10,27305940,4782,7920,1,5724
714,11,0,19,6,27346680,4784,7920,1,5735
715,5,0,14,11,27399360,4785,7920,1,5740
716,11,0,15,10,27441240,4784,7920,1,5751
717,7,0,14,11,27478320,4783,7920,1,5758
718,3,0,7,18,27527820,4784,7920,1,5761
719,1,0,5,20,27544080,4784,7920,1,5762
720,4,0,8,17,27549720,4784,7920,1,5766
721,2,0,5,20,27573420,4784,7920,1,5768
722,10,0,13,12,27579840,4784,7920,1,5778
723,5,0,12,13,27603300,4783,7920,1,5783
724,7,0,11,14,27637560,4782,7920,1,5790
725,4,0,12,13,27658260,4783,7920,1,5794
726,8,0,15,10,27691800,4785,7920,1,5802
727,9,0,16,9,27733320,4785,7920,1,5811
728,1,0,7,18,27784680,4786,7920,1,5812
729,10,0,13,12,27804480,4786,7920,1,5822
730,11,0,16,9,27840480,4786,7920,1,5833
731,4,0,12,13,27882120,4786,7920,1,5837
732,10,0,12,13,27931560,4786,7920,1,5847
733,10,0,17,8,27958740,4787,7920,1,5857
734,9,0,16,9,27995940,4785,7920,1,5866
735,13,0,18,7,28053780,4786,7920,1,5879
736,9,0,15,10,28109100,4786,7920,1,5888
737,13,0,16,9,28161480,4785,7920,1,5901
738,11,0,17,8,28199880,4783,7920,1,5912
739,4,0,9,16,28260960,4784,7920,1,5916
740,13,0,16,9,28282260,4783,7920,1,5929
741,6,0,12,13,28331340,4783,7920,1,5935
742,2,0,5,20,28383060,4784,7920,1,5937
743,8,0,10,15,28393560,4784,7920,1,5945
744,3,0,11,14,28401360,4783,7920,1,5948
745,8,0,8,17,28446900,4782,7920,1,5956
746,4,0,5,20,28475280,4781,7920,1,5960
747,4,0,8,17,28476180,4781,7920,1,5964
748,7,0,14,11,28478100,4780,7920,1,5971
749,7,0,12,13,28535340,4782,7920,1,5978
750,9,0,13,12,28568280,4782,7920,1,5987
751,9,0,15,10,28605420,4782,7920,1,5996
752,7,0,12,13,28660320,4783,7920,1,6003
753,11,0,18,7,28682640,4783,7920,1,6014
754,7,0,15,10,28729560,4783,7920,1,6021
755,11,0,16,9,28779600,4783,7920,1,6032
756,9,0,14,11,28825980,4782,7920,1,6041
757,9,0,15,10,28864920,4782,7920,1,6050
758,11,0,18,7,28906680,4783,7920,1,6061
759,11,0,20,5,28946280,4782,7920,1,6072
760,9,0,16,9,29017020,4784,7920,1,6081
761,15,0,24,1,29044560,4783,7920,1,6096
762,12,0,17,8,29140500,4784,7920,1,6108
763,11,0,21,4,29164560,4782,7920,1,6119
764,8,0,10,15,29254860,4782,7920,1,6127
765,9,0,14,11,29277600,4782,7920,1,6136
766,6,0,12,13,29323980,4783,7920,1,6142
767,2,0,10,15,29348400,4784,7920,1,6144
768,4,0,8,17,29385540,4785,7920,1,6148
769,2,0,6,19,29407320,4786,7920,1,6150
770,10,0,12,13,29418420,4785,7920,1,6160
771,1,0,10,15,29435280,4785,7920,1,6161
772,5,0,7,18,29485140,4787,7920,1,6166
773,7,0,9,16,29495340,4785,7920,1,6173
774,5,0,10,15,29512080,4784,7920,1,6178
775,9,0,15,10,29528760,4784,7920,1,6187
776,9,0,16,9,29573460,4785,7920,1,6196
777,9,0,15,10,29621640,4785,7920,1,6205
778,6,0,10,15,29669760,4784,7920,1,6211
779,13,0,16,9,29705760,4785,7920,1,6224
780,17,1,25,0,29727540,4783,8340,1,6241
781,13,3,25,0,29789340,4784,12360,1,6254
782,17,0,25,0,29903040,4787,28680,4,6271
783,12,0,22,3,29964360,4785,39840,6,6283
784,10,0,16,9,30047460,4786,39840,6,6293
785,6,0,12,13,30096960,4787,39840,6,6299
786,9,0,14,11,30123720,4786,39840,6,6308
787,3,0,8,17,30164280,4785,39840,6,6311
788,6,0,9,16,30188580,4785,39840,6,6317
789,4,0,10,15,30203040,4785,39840,6,6321
790,5,0,9,16,30235440,4786,39840,6,6326
791,4,0,9,16,30255060,4786,39840,6,6330
792,4,0,9,16,30280380,4787,39840,6,6334
793,8,0,14,11,30293520,4787,39840,6,6342
794,1,0,10,15,30321300,4787,39840,6,6343
795,5,0,10,15,30357180,4789,39840,6,6348
796,12,0,19,6,30377280,4790,39840,6,6360
797,6,0,17,8,30421500,4791,39840,6,6366
798,5,0,8,17,30493440,4792,39840,6,6371
799,8,0,10,15,30516060,4791,39840,6,6379
800,8,0,13,12,30535320,4790,39840,6,6387
801,7,0,15,10,30569940,4792,39840,6,6394
802,10,0,15,10,30617040,4792,39840,6,6404
803,4,0,13,12,30649020,4792,39840,6,6408
804,9,0,13,12,30694740,4793,39840,6,6417
805,12,0,13,12,30730140,4789,39840,6,6429
806,9,0,17,8,30757560,4790,39840,6,6438
807,7,0,14,11,30811380,4791,39840,6,6445
808,7,0,12,13,30856980,4791,39840,6,6452
809,11,0,17,8,30884940,4791,39840,6,6463
810,9,0,19,6,30926280,4792,39840,6,6472
811,5,0,12,13,30986340,4792,39840,6,6477
812,7,0,13,12,31023360,4794,39840,6,6484
813,6,0,9,16,31065240,4793,39840,6,6490
814,6,0,9,16,31102680,4794,39840,6,6496
815,3,0,8,17,31122600,4794,39840,6,6499
816,7,0,11,14,31135200,4793,39840,6,6506
817,2,0,9,16,31157880,4794,39840,6,6508
818,2,0,6,19,31180140,4793,39840,6,6510
819,11,0,13,12,31195200,4793,39840,6,6521
820,5,0,13,12,31209720,4791,39840,6,6526
821,4,0,9,16,31254780,4792,39840,6,6530
822,9,0,14,11,31277520,4793,39840,6,6539
823,10,0,14,11,31313880,4791,39840,6,6549
824,8,0,13,12,31355880,4791,39840,6,6557
825,7,0,15,10,31387200,4792,39840,6,6564
826,9,0,16,9,31426200,4792,39840,6,6573
827,11,0,17,8,31474260,4792,39840,6,6584
828,7,0,14,11,31515180,4791,39840,6,6591
829,9,0,15,10,31566120,4793,39840,6,6600
830,8,0,14,11,31606080,4793,39840,6,6608
831,10,0,20,5,31630680,4793,39840,6,6618
832,8,0,17,8,31689480,4794,39840,6,6626
833,15,0,20,5,31748760,4795,39840,5,6641
834,5,0,12,13,31809060,4794,39840,5,6646
835,2,0,10,15,31832460,4795,39840,5,6648
836,6,0,10,15,31874040,4797,39840,5,6654
837,8,0,14,11,31894320,4797,39840,5,6662
838,4,0,7,18,31939260,4796,39840,5,6666
839,11,0,16,9,31945680,4795,39840,5,6677
840,4,0,10,15,31995840,4796,39840,5,6681
841,4,0,8,17,32030580,4797,39840,5,6685
842,7,0,11,14,32047800,4796,39840,5,6692
843,8,0,10,15,32086320,4796,39840,5,6700
844,1,0,5,20,32114160,4796,39840,5,6701
845,3,0,6,19,32127780,4796,39840,5,6704
846,5,0,8,17,32131680,4795,39840,5,6709
847,5,0,7,18,32151960,4793,39840,5,6714
848,12,0,16,9,32168760,4794,39840,5,6726
849,7,0,19,6,32187180,4794,39840,5,6733
850,13,0,19,6,32255220,4794,39840,5,6746
851,10,0,18,7,32307660,4794,39840,5,6756
852,14,0,17,8,32388360,4796,39840,5,6770
853,7,0,17,8,32422260,4796,39840,5,6777
854,9,0,13,12,32490540,4797,39840,5,6786
855,12,0,18,7,32518680,4796,39840,5,6798
856,10,0,18,7,32563200,4795,39840,5,6808
857,12,0,18,7,32617020,4795,39840,5,6820
858,11,0,13,12,32689200,4794,39840,5,6831
859,12,0,13,12,32732760,4792,39840,5,6843
860,5,0,10,15,32762280,4791,39840,5,6848
861,7,0,11,14,32791740,4791,39840,5,6855
862,5,0,11,14,32814540,4791,39840,5,6860
863,7,0,11,14,32843040,4790,39840,5,6867
864,11,0,12,13,32871540,4787,39840,5,6878
865,8,0,15,10,32900340,4788,39840,5,6886
866,9,0,16,9,32941860,4788,39840,5,6895
867,8,0,17,8,32982480,4789,39840,5,6903
868,5,0,11,14,33043740,4791,39840,5,6908
869,8,0,12,13,33079740,4791,39840,5,6916
870,3,0,10,15,33102180,4791,39840,5,6919
871,10,0,13,12,33136020,4791,39840,5,6929
872,8,0,13,12,33168660,4790,39840,5,6937
873,10,0,15,10,33201840,4789,39840,5,6947
874,16,0,21,4,33240000,4788,39840,5,6963
875,6,0,17,8,33291780,4788,39840,5,6969
876,15,0,21,4,33346740,4789,39840,5,6984
877,16,0,24,1,33406380,4788,39840,5,7000
878,7,0,18,7,33468540,4788,39840,5,7007
879,10,0,14,11,33536820,4788,39840,5,7017
880,13,0,19,6,33568140,4787,39840,5,7030
881,8,0,18,7,33611040,4787,39840,5,7038
882,5,0,10,15,33681300,4789,39840,5,7043
883,8,0,12,13,33715320,4789,39840,5,7051
884,8,0,17,8,33735600,4790,39840,5,7059
885,6,0,11,14,33789480,4790,39840,5,7065
886,8,0,13,12,33820020,4790,39840,5,7073
887,7,0,12,13,33850920,4789,39840,5,7080
888,6,0,11,14,33883140,4789,39840,5,7086
889,4,0,11,14,33903300,4789,39840,5,7090
890,9,0,12,13,33939480,4788,39840,5,7099
891,2,0,8,17,33971220,4789,39840,5,7101
892,10,0,13,12,33993900,4789,39840,5,7111
893,8,0,17,8,34007220,4788,39840,5,7119
894,8,0,11,14,34084500,4789,39840,5,7127
895,9,0,14,11,34112820,4789,39840,5,7136
896,7,0,16,9,34140960,4790,39840,5,7143
897,12,0,16,9,34199400,4790,39840,5,7155
898,11,0,16,9,34245840,4789,39840,5,7166
899,8,0,14,11,34290540,4789,39840,5,7174
900,14,0,20,5,34337460,4790,39840,5,7188
901,10,0,17,8,34392600,4789,39840,5,7198
902,5,0,9,16,34449480,4788,39840,5,7203
903,16,0,16,9,34476180,4786,39840,5,7219
904,14,0,21,4,34511880,4785,39840,5,7233
905,7,0,16,9,34560780,4784,39840,5,7240
906,9,0,12,13,34634160,4785,39840,5,7249
907,7,0,14,11,34656000,4785,39840,5,7256
908,8,0,14,11,34687740,4784,39840,5,7264
909,4,0,6,19,34741500,4784,39840,5,7268
910,6,0,10,15,34747860,4783,39840,5,7274
911,2,0,7,18,34767540,4782,39840,5,7276
912,4,0,9,16,34778580,4783,39840,5,7280
913,2,0,6,19,34802700,4783,39840,5,7282
914,6,0,10,15,34814760,4783,39840,5,7288
915,4,0,11,14,34835280,4784,39840,5,7292
916,8,0,13,12,34870740,4785,39840,5,7300
917,6,0,12,13,34901880,4785,39840,5,7306
918,11,0,14,11,34955520,4786,39840,5,7317
919,8,0,14,11,34980960,4784,39840,5,7325
920,6,0,10,15,35033280,4785,39840,5,7331
921,9,0,14,11,35054160,4784,39840,5,7340
922,7,0,15,10,35081580,4784,39840,5,7347
923,3,0,10,15,35127660,4785,39840,5,7350
924,7,0,9,16,35162880,4785,39840,5,7357
925,8,0,10,15,35185200,4783,39840,5,7365
926,10,0,14,11,35209500,4783,39840,5,7375
927,12,0,19,6,35245080,4783,39840,5,7387
928,10,0,16,9,35311200,4784,39840,5,7397
929,3,0,11,14,35343960,4783,39840,5,7400
930,9,0,11,14,35390940,4783,39840,5,7409
931,7,0,11,14,35421720,4783,39840,5,7416
932,11,0,14,11,35442900,4781,39840,5,7427
933,8,0,15,10,35473980,4780,39840,5,7435
934,11,0,18,7,35508840,4780,39840,5,7446
935,5,0,14,11,35566260,4782,39840,5,7451
936,4,0,8,17,35624400,4783,39840,5,7455
937,5,0,9,16,35640780,4783,39840,5,7460
938,8,0,13,12,35657100,4782,39840,5,7468
939,5,0,12,13,35685720,4782,39840,5,7473
940,5,0,12,13,35711340,4783,39840,5,7478
941,8,0,14,11,35746080,4784,39840,5,7486
942,8,0,17,8,35771760,4784,39840,5,7494
943,9,0,16,9,35817120,4783,39840,5,7503
944,12,0,18,7,35861820,4783,39840,5,7515
945,11,0,17,8,35919720,4783,39840,5,7526
946,9,0,14,11,35982240,4784,39840,5,7535
947,8,0,15,10,36008340,4783,39840,5,7543
948,13,0,18,7,36069300,4784,39840,5,7556
949,13,0,22,3,36106980,4784,39840,5,7569
950,18,1,25,0,36176340,4784,41820,5,7587
951,15,1,25,0,36243240,4783,44640,5,7602
952,8,0,19,6,36322980,4785,44940,5,7610
953,10,0,16,9,36391680,4785,44940,5,7620
954,12,0,19,6,36446580,4787,44940,5,7632
955,9,0,12,13,36513900,4786,44940,5,7641
956,12,0,16,9,36553020,4786,44940,5,7653
957,4,0,14,11,36585240,4786,44940,5,7657
958,8,0,14,11,36630240,4787,44940,5,7665
959,5,0,15,10,36655560,4788,44940,5,7670
960,7,0,10,15,36718200,4789,44940,5,7677
961,5,0,8,17,36742680,4787,44940,5,7682
962,5,0,11,14,36752880,4788,44940,5,7687
963,4,0,8,17,36780420,4787,44940,5,7691
964,7,0,13,12,36789360,4787,44940,5,7698
965,7,0,10,15,36829320,4786,44940,5,7705
966,5,0,12,13,36845640,4786,44940,5,7710
967,7,0,12,13,36871860,4785,44940,5,7717
968,9,0,12,13,36917280,4785,44940,5,7726
969,8,0,13,12,36950760,4785,44940,5,7734
970,10,0,14,11,36982080,4784,44940,5,7744
971,10,0,14,11,37022520,4783,44940,5,7754
972,16,0,17,8,37076340,4782,44940,5,7770
973,10,0,15,10,37126860,4781,44940,5,7780
974,15,0,20,5,37174740,4781,44940,5,7795
975,8,0,19,6,37214340,4780,44940,5,7803
976,9,0,16,9,37281180,4782,44940,5,7812
977,6,0,14,11,37318020,4781,44940,5,7818
978,10,0,15,10,37361760,4781,44940,5,7828
979,15,0,20,5,37409580,4781,44940,5,7843
980,3,0,12,13,37459380,4781,44940,5,7846
981,8,0,12,13,37506300,4782,44940,5,7854
982,6,0,13,12,37532160,4782,44940,5,7860
983,1,0,6,19,37573920,4783,44940,5,7861
984,9,0,11,14,37595160,4783,44940,5,7870
985,4,0,10,15,37608300,4782,44940,5,7874
986,7,0,11,14,37637460,4782,44940,5,7881
987,4,0,12,13,37655220,4782,44940,5,7885
988,7,0,13,12,37686780,4783,44940,5,7892
989,5,0,10,15,37734060,4784,44940,5,7897
990,14,0,16,9,37761000,4782,44940,5,7911
991,7,0,18,7,37790160,4783,44940,5,7918
992,8,0,11,14,37868460,4784,44940,5,7926
993,7,0,13,12,37892640,4784,44940,5,7933
994,9,0,13,12,37932900,4784,44940,5,7942
995,8,0,13,12,37957860,4782,44940,5,7950
996,8,0,14,11,37992180,4782,44940,5,7958
997,11,0,15,10,38039400,4782,44940,5,7969
998,8,0,16,9,38079780,4783,44940,5,7977
999,14,0,22,3,38128260,4784,44940,5,7991
1000,3,0,11,14,38192160,4784,44940,5,7994
1001,7,0,11,14,38224980,4784,44940,5,8001
1002,7,0,13,12,38251020,4784,44940,5,8008
1003,8,0,15,10,38278260,4784,44940,5,8016
1004,9,0,11,14,38335920,4783,44940,5,8025
1005,3,0,6,19,38365260,4782,44940,5,8028
1006,8,0,12,13,38374920,4782,44940,5,8036
1007,9,0,11,14,38414220,4781,44940,5,8045
1008,6,0,12,13,38441160,4781,44940,5,8051
1009,6,0,10,15,38477820,4781,44940,5,8057
1010,2,0,7,18,38501280,4781,44940,5,8059
1011,5,0,9,16,38519400,4782,44940,5,8064
1012,4,0,10,15,38531220,4781,44940,5,8068
1013,9,0,15,10,38553540,4782,44940,5,8077
1014,8,0,12,13,38594700,4780,44940,5,8085
1015,6,0,12,13,38625900,4781,44940,5,8091
1016,10,0,12,13,38664180,4779,44940,5,8101
1017,10,0,11,14,38705580,4778,44940,5,8111
1018,6,0,11,14,38725860,4777,44940,5,8117
1019,11,0,15,10,38759220,4777,44940,5,8128
1020,6,0,15,10,38777940,4776,44940,5,8134
1021,6,0,9,16,38836200,4776,44940,5,8140
1022,5,0,11,14,38850180,4776,44940,5,8145
1023,6,0,11,14,38876280,4775,44940,5,8151
1024,10,0,16,9,38897760,4775,44940,5,8161
1025,10,0,19,6,38934300,4776,44940,5,8171
1026,7,0,17,8,38983860,4776,44940,5,8178
1027,14,0,14,11,39064500,4776,44940,5,8192
1028,8,0,16,9,39095460,4777,44940,5,8200
1029,7,0,11,14,39150240,4776,44940,5,8207
1030,11,0,15,10,39173880,4775,44940,5,8218
1031,6,0,12,13,39218940,4775,44940,5,8224
1032,5,0,10,15,39246360,4775,44940,5,8229
1033,6,0,13,12,39261540,4775,44940,5,8235
1034,2,0,7,18,39299700,4775,44940,5,8237
1035,7,0,10,15,39317340,4774,44940,5,8244
1036,5,0,11,14,39331800,4774,44940,5,8249
1037,5,0,8,17,39377040,4775,44940,5,8254
1038,7,0,10,15,39398340,4774,44940,5,8261
1039,6,0,10,15,39428100,4775,44940,5,8267
1040,9,0,15,10,39446640,4775,44940,5,8276
1041,8,0,15,10,39474780,4773,44940,5,8284
1042,10,0,15,10,39527640,4774,44940,5,8294
1043,12,0,21,4,39558720,4774,44940,5,8306
1044,8,0,14,11,39630960,4774,44940,5,8314
1045,8,0,12,13,39674700,4774,44940,5,8322
1046,4,0,8,17,39713940,4774,44940,5,8326
1047,10,0,13,12,39741000,4774,44940,5,8336
1048,4,0,11,14,39769200,4774,44940,5,8340
1049,4,0,9,16,39810240,4776,44940,5,8344
1050,12,0,17,8,39825540,4775,44940,5,8356
1051,8,0,16,9,39866100,4775,44940,5,8364
1052,4,0,12,13,39910020,4776,44940,5,8368
1053,10,0,15,10,39945300,4776,44940,5,8378
1054,3,0,10,15,39979980,4776,44940,5,8381
1055,5,0,8,17,40012140,4775,44940,5,8386
1056,0,0,4,21,40037520,4776,44940,5,8386
1057,6,0,8,17,40043760,4776,44940,5,8392
1058,2,0,8,17,40052400,4776,44940,5,8394
1059,7,0,12,13,40069980,4776,44940,5,8401
1060,6,0,14,11,40092000,4776,44940,5,8407
1061,10,0,12,13,40151100,4777,44940,5,8417
1062,13,0,17,8,40188540,4776,44940,5,8430
1063,6,0,13,12,40231680,4776,44940,5,8436
1064,5,0,14,11,40254420,4776,44940,5,8441
1065,6,0,10,15,40311300,4777,44940,5,8447
1066,14,0,16,9,40347420,4777,44940,5,8461
1067,12,0,20,5,40377120,4776,44940,5,8473
1068,7,0,15,10,40434360,4776,44940,5,8480
1069,11,0,17,8,40481580,4777,44940,5,8491
1070,14,0,20,5,40524600,4776,44940,5,8505
1071,16,0,21,4,40580160,4774,44940,5,8521
1072,9,0,19,6,40636860,4774,44940,5,8530
1073,9,0,14,11,40715460,4776,44940,5,8539
1074,9,0,14,11,40764120,4776,44940,5,8548
1075,9,0,18,7,40785420,4776,44940,5,8557
1076,11,0,16,9,40848840,4776,44940,5,8568
1077,9,0,16,9,40893000,4776,44940,5,8577
1078,10,0,16,9,40942620,4776,44940,5,8587
1079,3,0,11,14,40981320,4776,44940,5,8590
1080,7,0,11,14,41015640,4777,44940,5,8597
1081,3,0,7,18,41046300,4776,44940,5,8600
1082,7,0,10,15,41066820,4776,44940,5,8607
1083,12,0,15,10,41086920,4775,44940,5,8619
1084,8,0,14,11,41126640,4774,44940,5,8627
1085,6,0,13,12,41171880,4776,44940,5,8633
1086,9,0,12,13,41213340,4775,44940,5,8642
1087,5,0,10,15,41253960,4776,44940,5,8647
1088,3,0,8,17,41272080,4775,44940,5,8650
1089,13,0,16,9,41293260,4775,44940,5,8663
1090,6,0,13,12,41327040,4774,44940,5,8669
1091,10,0,11,14,41375400,4773,44940,5,8679
1092,8,0,16,9,41397660,4774,44940,5,8687
1093,12,0,19,6,41449320,4775,44940,5,8699
1094,6,0,12,13,41506020,4774,44940,5,8705
1095,12,0,14,11,41544540,4773,44940,5,8717
1096,10,0,15,10,41581860,4772,44940,5,8727
1097,11,0,16,9,41626020,4772,44940,5,8738
1098,13,0,19,6,41668800,4771,44940,5,8751
1099,7,0,17,8,41719260,4772,44940,5,8758
1100,3,0,10,15,41771520,4773,44940,5,8761
1101,9,0,13,12,41805360,4773,44940,5,8770
1102,8,0,15,10,41836440,4774,44940,5,8778
1103,5,0,9,16,41878440,4773,44940,5,8783
1104,2,0,5,20,41915280,4773,44940,5,8785
1105,3,0,6,19,41923080,4773,44940,5,8788
1106,3,0,7,18,41932200,4773,44940,5,8791
1107,5,0,7,18,41954700,4773,44940,5,8796
1108,2,0,6,19,41963640,4772,44940,5,8798
1109,5,0,9,16,41973540,4772,44940,5,8803
1110,10,0,13,12,41994660,4772,44940,5,8813
1111,4,0,9,16,42033120,4772,44940,5,8817
1112,5,0,12,13,42044460,4772,44940,5,8822
1113,9,0,12,13,42084420,4772,44940,5,8831
1114,8,0,12,13,42112680,4770,44940,5,8839
1115,7,0,12,13,42147420,4771,44940,5,8846
1116,11,0,15,10,42188820,4771,44940,5,8857
1117,9,0,16,9,42227400,4771,44940,5,8866
1118,11,0,13,12,42295920,4771,44940,5,8877
1119,8,0,16,9,42315540,4771,44940,5,8885
1120,12,0,18,7,42363960,4771,44940,5,8897
1121,4,0,14,11,42408240,4771,44940,5,8901
1122,9,0,13,12,42466500,4773,44940,5,8910
1123,4,0,13,12,42489840,4773,44940,5,8914
1124,4,0,9,16,42534780,4774,44940,5,8918
1125,7,0,10,15,42574380,4775,44940,5,8925
1126,8,0,9,16,42608820,4774,44940,5,8933
1127,4,0,10,15,42618540,4774,44940,5,8937
1128,6,0,12,13,42638700,4774,44940,5,8943
1129,7,0,11,14,42675300,4774,44940,5,8950
1130,4,0,11,14,42697680,4774,44940,5,8954
1131,9,0,13,12,42733080,4774,44940,5,8963
1132,3,0,10,15,42763080,4774,44940,5,8966
1133,6,0,10,15,42788220,4774,44940,5,8972
1134,9,0,13,12,42814020,4774,44940,5,8981
1135,10,0,14,11,42860520,4774,44940,4,8991
1136,9,0,14,11,42901440,4774,44940,4,9000
1137,12,0,17,8,42940860,4773,44940,4,9012
1138,7,0,16,9,42985860,4774,44940,4,9019
1139,14,0,19,6,43034580,4774,44940,4,9033
1140,10,0,19,6,43071480,4772,44940,4,9043
1141,7,0,14,11,43139880,4774,44940,4,9050
1142,19,0,24,1,43179060,4773,45000,4,9069
1143,12,0,24,1,43222260,4772,46320,5,9081
1144,6,0,14,11,43310820,4773,46320,5,9087
1145,6,0,14,11,43354980,4775,46320,5,9093
1146,18,0,22,3,43396920,4774,46320,5,9111
1147,15,0,23,2,43457700,4773,46500,5,9126
1148,10,0,20,5,43524180,4774,46500,5,9136
1149,7,0,15,10,43594260,4775,46500,5,9143
1150,14,0,19,6,43645920,4776,46500,5,9157
1151,9,0,17,8,43699440,4776,46500,5,9166
1152,2,0,8,17,43747980,4775,46500,5,9168
1153,6,0,9,16,43775880,4776,46500,5,9174
1154,4,0,8,17,43793100,4775,46500,5,9178
1155,4,0,9,16,43801200,4775,46500,5,9182
1156,4,0,7,18,43832760,4775,46500,5,9186
1157,9,0,14,11,43841160,4775,46500,5,9195
1158,10,0,17,8,43876380,4775,46500,5,9205
1159,10,0,15,10,43936320,4775,46500,5,9215
1160,6,0,11,14,43973820,4774,46500,5,9221
1161,10,0,17,8,43999980,4775,46500,5,9231
1162,12,0,21,4,44036640,4775,46500,5,9243
1163,8,0,17,8,44115120,4777,46500,5,9251
1164,14,0,19,6,44164800,4776,46500,5,9265
1165,9,0,15,10,44217780,4775,46500,5,9274
1166,8,0,13,12,44266560,4775,46500,5,9282
1167,11,0,15,10,44296380,4774,46500,5,9293
1168,15,0,21,4,44336880,4774,46500,4,9308
1169,10,0,20,5,44383860,4773,46500,4,9318
1170,6,0,13,12,44451120,4774,46500,4,9324
1171,7,0,9,16,44496180,4773,46500,4,9331
1172,11,0,13,12,44519580,4772,46500,4,9342
1173,9,0,17,8,44545560,4772,46500,4,9351
1174,2,0,7,18,44599800,4772,46500,4,9353
1175,8,0,11,14,44622660,4772,46500,4,9361
1176,5,0,11,14,44643480,4772,46500,4,9366
1177,11,0,12,13,44684880,4771,46500,4,9377
1178,3,0,11,14,44699460,4770,46500,4,9380
1179,4,0,7,18,44748480,4772,46500,4,9384
1180,2,0,7,18,44757840,4772,46500,4,9386
1181,6,0,8,17,44780880,4772,46500,4,9392
1182,6,0,10,15,44798880,4771,46500,4,9398
1183,14,0,17,8,44824980,4771,46500,4,9412
1184,11,0,18,7,44858280,4769,46500,4,9423
1185,3,0,9,16,44926920,4770,46500,4,9426
1186,14,0,18,7,44949480,4770,46500,4,9440
1187,10,0,19,6,44988180,4770,46500,4,9450
1188,11,0,17,8,45052260,4770,46500,4,9461
1189,12,0,18,7,45109920,4771,46500,4,9473
1190,6,0,15,10,45148500,4770,46500,4,9479
1191,7,0,13,12,45195240,4770,46500,4,9486
1192,9,0,14,11,45238800,4771,46500,4,9495
1193,9,0,12,13,45298020,4772,46500,4,9504
1194,7,0,10,15,45337200,4771,46500,4,9511
1195,6,0,13,12,45352740,4771,46500,4,9517
1196,4,0,11,14,45381240,4771,46500,4,9521
1197,6,0,9,16,45421380,4772,46500,4,9527
1198,3,0,9,16,45440040,4772,46500,4,9530
1199,4,0,7,18,45473460,4773,46500,4,9534
1200,7,0,10,15,45490380,4772,46500,4,9541
1201,3,0,8,17,45505740,4771,46500,4,9544
1202,3,0,7,18,45528600,4772,46500,4,9547
1203,8,0,12,13,45536160,4771,46500,4,9555
1204,4,0,8,17,45566520,4770,46500,4,9559
1205,8,0,9,16,45599940,4770,46500,4,9567
1206,5,0,11,14,45610020,4770,46500,4,9572
1207,15,0,19,6,45632580,4769,46500,4,9587
1208,7,0,13,12,45686160,4768,46500,4,9594
1209,6,0,12,13,45717000,4768,46500,4,9600
1210,12,0,17,8,45760740,4769,46500,4,9612
1211,7,0,16,9,45802620,4769,46500,4,9619
1212,8,0,15,10,45841500,4769,46500,4,9627
1213,13,0,21,4,45880320,4769,46500,4,9640
1214,17,0,24,1,45948900,4769,47040,4,9657
1215,7,0,18,7,46011240,4769,47040,4,9664
1216,12,0,18,7,46076100,4770,47040,4,9676
1217,11,0,15,10,46141980,4770,47040,4,9687
1218,5,0,11,14,46184460,4770,47040,4,9692
1219,12,0,14,11,46227180,4770,47040,4,9704
1220,6,0,14,11,46251900,4770,47040,4,9710
1221,9,0,15,10,46296960,4770,47040,4,9719
1222,14,0,20,5,46342740,4771,47040,4,9733
1223,4,0,15,10,46390680,4771,47040,4,9737
1224,5,0,11,14,46449180,4773,47040,4,9742
1225,7,0,11,14,46481880,4773,47040,4,9749
1226,6,0,11,14,46505880,4772,47040,4,9755
1227,4,0,8,17,46536180,4772,47040,4,9759
1228,9,0,12,13,46566540,4773,47040,4,9768
1229,7,0,13,12,46585680,4772,47040,4,9775
1230,11,0,18,7,46622820,4773,47040,4,9786
1231,4,0,12,13,46669260,4772,47040,4,9790
1232,15,0,14,11,46716900,4771,47040,4,9805
1233,10,0,19,6,46733340,4770,47040,4,9815
1234,13,0,19,6,46787820,4769,47040,4,9828
1235,13,0,23,2,46839720,4770,47040,4,9841
1236,8,0,19,6,46909260,4772,47040,4,9849
1237,9,0,14,11,46983600,4772,47040,4,9858
1238,8,0,14,11,47030340,4773,47040,4,9866
1239,6,0,11,14,47069160,4773,47040,4,9872
1240,8,0,15,10,47090700,4773,47040,4,9880
1241,21,6,25,0,47118720,4773,47400,4,9901
1242,11,1,25,0,47196060,4774,57480,5,9912
1243,13,0,21,4,47286660,4774,62280,6,9925
1244,6,0,14,11,47366760,4776,62280,6,9931
1245,6,0,9,16,47424720,4776,62280,6,9937
1246,6,0,11,14,47444520,4776,62280,6,9943
1247,8,0,15,10,47466120,4777,62280,6,9951
1248,5,0,11,14,47509860,4777,62280,6,9956
1249,2,0,5,20,47548440,4777,62280,6,9958
1250,5,0,8,17,47556840,4777,62280,6,9963
1251,6,0,10,15,47577660,4777,62280,6,9969
1252,7,0,11,14,47598900,4776,62280,6,9976
1253,6,0,11,14,47626980,4776,62280,6,9982
1254,7,0,12,13,47649060,4775,62280,6,9989
1255,7,0,11,14,47685540,4775,62280,6,9996
1256,9,0,13,12,47723160,4776,62280,6,10005
1257,6,0,13,12,47750520,4776,62280,6,10011
1258,9,0,15,10,47782800,4775,62280,6,10020
1259,7,0,15,10,47815860,4775,62280,6,10027
1260,5,0,13,12,47858580,4776,62280,6,10032
1261,9,0,14,11,47899620,4777,62280,6,10041
1262,8,0,13,12,47933220,4776,62280,6,10049
1263,9,0,18,7,47957040,4776,62280,6,10058
1264,4,0,13,12,48019860,4778,62280,6,10062
1265,6,0,11,14,48061620,4778,62280,6,10068
1266,3,0,9,16,48092160,4779,62280,6,10071
1267,12,0,18,7,48107640,4779,62280,6,10083
1268,6,0,16,9,48146940,4779,62280,6,10089
1269,5,0,10,15,48206700,4780,62280,6,10094
1270,9,0,14,11,48228900,4780,62280,6,10103
1271,9,0,15,10,48273840,4781,62280,6,10112
1272,4,0,12,13,48304920,4780,62280,6,10116
1273,9,0,13,12,48339000,4780,62280,6,10125
1274,4,0,8,17,48378300,4779,62280,6,10129
1275,5,0,9,16,48394680,4779,62280,6,10134
1276,9,0,15,10,48415080,4780,62280,6,10143
1277,9,0,16,9,48444480,4779,62280,6,10152
1278,5,0,10,15,48498180,4779,62280,6,10157
1279,6,0,11,14,48524100,4779,62280,6,10163
1280,9,0,12,13,48566760,4780,62280,6,10172
1281,6,0,15,10,48581700,4780,62280,6,10178
1282,8,0,9,16,48639720,4779,62280,6,10186
1283,9,0,14,11,48654720,4778,62280,6,10195
1284,7,0,10,15,48694740,4777,62280,6,10202
1285,14,0,16,9,48718740,4776,62280,6,10216
1286,12,0,18,7,48761820,4775,62280,6,10228
1287,4,0,13,12,48807780,4776,62280,6,10232
1288,8,0,13,12,48850500,4776,62280,6,10240
1289,10,0,15,10,48887400,4776,62280,6,10250
1290,14,0,16,9,48936540,4775,62280,6,10264
1291,8,0,16,9,48964200,4774,62280,6,10272
1292,8,0,15,10,49003620,4773,62280,6,10280
1293,8,0,15,10,49048320,4774,62280,6,10288
1294,6,0,12,13,49090380,4774,62280,6,10294
1295,2,0,10,15,49110540,4774,62280,6,10296
1296,7,0,10,15,49144740,4774,62280,6,10303
1297,8,0,11,14,49173240,4774,62280,6,10311
1298,6,0,10,15,49196460,4773,62280,6,10317
1299,6,0,12,13,49220820,4773,62280,6,10323
1300,5,0,11,14,49249980,4773,62280,6,10328
1301,6,0,10,15,49281240,4773,62280,6,10334
1302,6,0,12,13,49302780,4773,62280,6,10340
1303,8,0,11,14,49334160,4772,62280,6,10348
1304,9,0,15,10,49344840,4771,62280,6,10357
1305,12,0,18,7,49387860,4771,62280,6,10369
1306,11,0,18,7,49437900,4771,62280,6,10380
1307,10,0,17,8,49489740,4771,62280,5,10390
1308,11,0,18,7,49541340,4771,62280,5,10401
1309,15,0,23,2,49584720,4770,62280,5,10416
1310,9,0,15,10,49668720,4771,62280,5,10425
1311,8,0,19,6,49688700,4771,62280,5,10433
1312,12,0,21,4,49747320,4772,62280,5,10445
1313,8,0,13,12,49827420,4772,62280,5,10453
1314,8,0,13,12,49864560,4772,62280,5,10461
1315,8,0,15,10,49886460,4771,62280,5,10469
1316,4,0,6,19,49943400,4771,62280,5,10473
1317,5,0,8,17,49955880,4771,62280,5,10478
1318,7,0,10,15,49974120,4770,62280,5,10485
1319,4,0,9,16,50001180,4771,62280,5,10489
1320,4,0,8,17,50022300,4770,62280,5,10493
1321,8,0,11,14,50041500,4770,62280,5,10501
1322,9,0,10,15,50078040,4769,62280,5,10510
1323,2,0,6,19,50102820,4768,62280,5,10512
1324,5,0,9,16,50111040,4768,62280,5,10517
1325,4,0,10,15,50121780,4768,62280,5,10521
1326,5,0,10,15,50143500,4768,62280,5,10526
1327,11,0,18,7,50161560,4768,62280,5,10537
1328,7,0,17,8,50197680,4768,62280,5,10544
1329,10,0,16,9,50256480,4769,62280,5,10554
1330,12,0,19,6,50297040,4768,62280,5,10566
1331,10,0,18,7,50355900,4769,62280,5,10576
1332,3,0,7,18,50424960,4769,62280,5,10579
1333,11,0,14,11,50445540,4769,62280,5,10590
1334,2,0,10,15,50471880,4769,62280,5,10592
1335,17,0,17,8,50506680,4768,62280,5,10609
1336,4,0,13,12,50541060,4768,62280,5,10613
1337,6,0,8,17,50600040,4768,62280,5,10619
1338,10,0,15,10,50611500,4768,62280,5,10629
1339,11,0,16,9,50660520,4768,62280,5,10640
1340,9,0,21,4,50676600,4768,62280,5,10649
1341,16,0,22,3,50748060,4768,62280,5,10665
1342,1,0,10,15,50819520,4769,62280,5,10666
1343,7,0,9,16,50855280,4768,62280,5,10673
1344,3,0,11,14,50860080,4768,62280,5,10676
1345,7,0,17,8,50860440,4768,62280,5,10683
1346,4,0,17,8,50876580,4768,62280,5,10687
1347,3,0,15,10,50897460,4767,62280,5,10690
1348,9,0,16,9,50932920,4767,62280,5,10699
1349,5,0,17,8,50947080,4767,62280,5,10704
1350,5,0,17,8,50974860,4767,62280,5,10709
1351,6,0,20,5,50993460,4767,62280,5,10715
1352,4,0,22,3,51004620,4768,62280,5,10719
1353,7,0,20,5,51067560,4769,62280,5,10726
1354,11,0,22,3,51113700,4770,62460,5,10737
1355,9,0,22,3,51155460,4770,62460,5,10746
1356,9,0,20,5,51207180,4770,62460,5,10755
1357,8,0,22,3,51237180,4770,62460,5,10763
1358,12,3,25,0,51265500,4770,63000,5,10775
1359,12,5,25,0,51321660,4771,70740,6,10787
1360,13,5,25,0,51389220,4771,80160,7,10800
1361,11,4,25,0,51443520,4771,98820,9,10811
1362,4,0,16,9,51507540,4769,118440,10,10815
1363,7,0,15,10,51535680,4768,118440,10,10822
1364,5,0,18,7,51546000,4768,118440,10,10827
1365,3,0,15,10,51574020,4768,118440,10,10830
1366,4,0,15,10,51594180,4768,118440,10,10834
1367,6,0,18,7,51613800,4769,118440,10,10840
1368,2,0,13,12,51644100,4769,118440,10,10842
1369,5,0,16,9,51653940,4769,118440,10,10847
1370,6,0,22,3,51653940,4769,118440,10,10853
1371,4,0,16,9,51703980,4769,118440,10,10857
1372,5,0,16,9,51730620,4769,118440,10,10862
1373,4,0,18,7,51743220,4769,118440,10,10866
1374,4,0,14,11,51785760,4770,118440,10,10870
1375,4,0,17,8,51792660,4770,118440,10,10874
1376,7,0,16,9,51823380,4769,118440,10,10881
1377,10,0,19,6,51847920,4768,118440,10,10891
1378,11,0,22,3,51874800,4767,118560,10,10902
1379,9,0,22,3,51916620,4767,118560,10,10911
1380,17,4,25,0,51967800,4768,126960,11,10928
1381,17,13,25,0,52011120,4768,134220,12,10945
1382,7,8,25,0,52072860,4769,163620,14,10952
1383,8,10,25,0,52104600,4769,174180,15,10960
1384,5,0,25,0,52183800,4770,263760,24,10965
1385,7,0,19,6,52228380,4768,263760,24,10972
1386,7,0,18,7,52267620,4768,263760,24,10979
1387,5,0,20,5,52286580,4768,263760,24,10984
1388,4,0,14,11,52340400,4769,263760,24,10988
1389,8,0,17,8,52356600,4768,263760,23,10996
1390,6,0,19,6,52378860,4769,263760,23,11002
1391,4,0,14,11,52419780,4768,263760,23,11006
1392,1,0,14,11,52428840,4769,263760,23,11007
1393,6,0,17,8,52450200,4769,263760,23,11013
1394,9,0,20,5,52477140,4769,263760,23,11022
1395,7,0,21,4,52503240,4769,263760,23,11029
1396,7,0,21,4,52536420,4769,263760,23,11036
1397,4,0,18,7,52571340,4769,263760,23,11040
1398,3,0,14,11,52615200,4770,263760,23,11043
1399,8,0,20,5,52620540,4770,263760,23,11051
1400,9,0,24,1,52652940,4771,263760,23,11060
1401,9,0,21,4,52714860,4771,264360,23,11069
1402,11,0,22,3,52761240,4771,264360,23,11080
1403,16,1,25,0,52812960,4770,265920,23,11096
1404,12,9,25,0,52832160,4770,270060,24,11108
1405,14,10,25,0,52910340,4772,286260,25,11122
1406,11,10,25,0,52963380,4772,297900,26,11133
1407,13,19,25,0,52983300,4772,302580,27,11146
1408,8,11,25,0,53069760,4773,342900,30,11154
1409,8,1,25,0,53132100,4771,459720,41,11162
1410,10,0,21,4,53185620,4769,471960,42,11172
1411,13,0,24,1,53231400,4769,473220,42,11185
1412,6,0,19,6,53282400,4769,473220,42,11191
1413,12,0,22,3,53316360,4768,473220,42,11203
1414,8,0,20,5,53361420,4768,473220,42,11211
1415,7,0,20,5,53392620,4768,473220,42,11218
1416,5,0,18,7,53433180,4768,473220,42,11223
1417,6,0,17,8,53459760,4768,473220,42,11229
1418,4,0,14,11,53489460,4767,473220,42,11233
1419,5,0,16,9,53498760,4767,473220,42,11238
1420,12,0,24,1,53522100,4767,473580,42,11250
1421,1,0,14,11,53577900,4767,473580,42,11251
1422,10,0,18,7,53605140,4767,473580,42,11261
1423,6,0,23,2,53609940,4767,473580,42,11267
1424,8,0,23,2,53651880,4768,473580,42,11275
1425,12,2,25,0,53691000,4768,475680,42,11287
1426,15,11,25,0,53726160,4768,482160,42,11302
1427,11,12,25,0,53796240,4770,500340,44,11313
1428,14,16,25,0,53853840,4771,521280,46,11327
1429,9,15,25,0,53903400,4771,571320,50,11336
1430,7,5,25,0,53970600,4770,641880,56,11343
1431,9,1,25,0,54004080,4768,688500,60,11352
1432,8,0,24,1,54062700,4769,688860,60,11360
1433,7,0,19,6,54127740,4769,688860,60,11367
1434,12,0,25,0,54153720,4769,688860,60,11379
1435,9,0,23,2,54199680,4768,691200,60,11388
1436,7,0,20,5,54249120,4769,691200,60,11395
1437,9,0,23,2,54279420,4769,691200,60,11404
1438,7,0,20,5,54324900,4769,691200,60,11411
1439,6,0,16,9,54367980,4768,691200,60,11417
1440,5,0,16,9,54391500,4768,691200,60,11422
1441,8,0,20,5,54403620,4768,691200,60,11430
1442,6,0,19,6,54433140,4767,691200,60,11436
1443,2,0,15,10,54471420,4768,691200,60,11438
1444,6,0,17,8,54498840,4769,691200,60,11444
1445,7,0,18,7,54518460,4768,691200,60,11451
1446,5,0,18,7,54546420,4768,691200,60,11456
1447,8,0,22,3,54566580,4768,691200,60,11464
1448,8,0,25,0,54590160,4768,691560,60,11472
1449,11,0,23,2,54661260,4769,695460,60,11483
1450,6,0,19,6,54716040,4770,695760,60,11489
1451,14,3,25,0,54745320,4770,696660,60,11503
1452,17,12,25,0,54789840,4771,706740,61,11520
1453,11,11,25,0,54854280,4772,714960,62,11531
1454,13,17,25,0,54893040,4772,724440,62,11544
1455,8,15,25,0,54953700,4773,733200,63,11552
1456,8,12,25,0,55010760,4773,804060,69,11560
1457,4,6,25,0,55059660,4774,892320,77,11564
1458,9,0,23,2,55122120,4772,951480,82,11573
1459,7,0,19,6,55172640,4772,951480,82,11580
1460,6,0,17,8,55210080,4772,951480,82,11586
1461,4,0,16,9,55234860,4772,951480,82,11590
1462,5,0,17,8,55251840,4772,951480,82,11595
1463,8,0,19,6,55278240,4771,951480,82,11603
1464,9,0,25,0,55294260,4772,951480,81,11612
1465,7,0,17,8,55359060,4771,951480,81,11619
1466,2,0,14,11,55391880,4772,951480,81,11621
1467,5,0,17,8,55405800,4772,951480,81,11626
1468,2,0,13,12,55432980,4772,951480,81,11628
1469,2,0,12,13,55443540,4772,951480,81,11630
1470,6,0,17,8,55452840,4772,951480,81,11636
1471,10,0,21,4,55477800,4772,951480,81,11646
1472,14,4,25,0,55506900,4772,953160,81,11660
1473,6,2,25,0,55555500,4773,970920,83,11666
1474,7,0,23,2,55619280,4774,976440,83,11673
1475,8,0,19,6,55673760,4773,976680,83,11681
1476,3,0,16,9,55704600,4774,976680,83,11684
1477,4,0,15,10,55729800,4774,976680,83,11688
1478,6,0,16,9,55748700,4773,976680,83,11694
1479,13,0,24,1,55765680,4773,976680,83,11707
1480,8,0,25,0,55789920,4772,976680,83,11715
1481,10,2,25,0,55823280,4772,978780,83,11725
1482,7,0,20,5,55900680,4772,980040,83,11732
1483,6,0,20,5,55929000,4772,980040,83,11738
1484,7,0,17,8,55977420,4772,980040,83,11745
1485,4,0,17,8,55995960,4772,980040,83,11749
1486,9,0,17,8,56026140,4771,980040,83,11758
1487,2,0,13,12,56054820,4771,980040,83,11760
1488,9,0,20,5,56062860,4771,980040,83,11769
1489,6,0,20,5,56089200,4771,980040,83,11775
1490,5,0,19,6,56126640,4772,980040,83,11780
1491,3,0,13,12,56171520,4772,980040,83,11783
1492,2,0,13,12,56185020,4772,980040,83,11785
1493,5,0,16,9,56191380,4772,980040,83,11790
1494,10,0,23,2,56203560,4772,980040,83,11800
1495,12,2,25,0,56241900,4772,980280,82,11812
1496,6,0,25,0,56281560,4772,981900,83,11818
1497,4,0,19,6,56339520,4773,981900,83,11822
1498,17,3,25,0,56386200,4774,984060,83,11839
1499,12,7,25,0,56428800,4774,994200,83,11851
1500,10,5,25,0,56496060,4775,1014840,85,11861
1501,11,8,25,0,56532780,4775,1020660,85,11872
1502,18,18,25,0,56578920,4775,1025160,86,11890
1503,9,17,25,0,56639460,4776,1037880,87,11899
1504,10,20,25,0,56676780,4777,1043460,87,11909
1505,13,22,25,0,56748300,4778,1055340,88,11922
1506,6,15,25,0,56816520,4779,1142640,95,11928
1507,6,8,25,0,56869140,4778,1259940,105,11934
1508,8,0,22,3,56920380,4775,1421520,119,11942
1509,6,0,19,6,56961840,4775,1421520,118,11948
1510,7,0,23,2,56979300,4775,1421520,118,11955
1511,8,0,20,5,57034560,4775,1421520,118,11963
1512,7,0,18,7,57075360,4775,1421520,118,11970
1513,5,0,17,8,57097920,4774,1421520,118,11975
1514,6,0,16,9,57131400,4774,1421520,118,11981
1515,4,0,17,8,57142140,4774,1421520,118,11985
1516,7,0,19,6,57174420,4775,1421520,118,11992
1517,7,0,20,5,57203760,4775,1421520,118,11999
1518,4,0,17,8,57241440,4775,1421520,118,12003
1519,8,0,19,6,57271620,4775,1421520,118,12011
1520,5,0,18,7,57296460,4775,1421520,118,12016
1521,16,0,23,2,57339180,4774,1421520,118,12032
1522,10,0,22,3,57376500,4773,1421520,118,12042
1523,11,0,24,1,57417660,4773,1421880,117,12053
1524,12,5,25,0,57445500,4773,1425240,118,12065
1525,9,3,25,0,57508920,4774,1431300,118,12074
1526,7,0,22,3,57570720,4774,1438800,119,12081
1527,10,0,21,4,57621600,4773,1438800,118,12091
1528,8,0,24,1,57650220,4774,1438800,118,12099
1529,7,0,19,6,57709980,4774,1438800,118,12106
1530,10,0,19,6,57752460,4774,1438800,118,12116
1531,13,0,25,0,57785460,4774,1438800,118,12129
1532,4,0,20,5,57831960,4774,1439280,118,12133
1533,6,0,19,6,57866760,4774,1439280,118,12139
1534,6,0,16,9,57915300,4774,1439280,118,12145
1535,4,0,16,9,57935100,4775,1439280,118,12149
1536,8,0,18,7,57959040,4774,1439280,118,12157
1537,4,0,16,9,57980340,4774,1439280,118,12161
1538,7,0,18,7,58007280,4774,1439280,118,12168
1539,3,0,13,12,58044960,4774,1439280,118,12171
1540,7,0,18,7,58053660,4774,1439280,118,12178
1541,9,0,22,3,58072800,4773,1439280,118,12187
1542,15,2,25,0,58117500,4773,1442820,118,12202
1543,15,8,25,0,58167540,4774,1449420,118,12217
1544,4,1,25,0,58227720,4774,1476300,120,12221
1545,12,0,23,2,58285680,4773,1479840,120,12233
1546,6,0,15,10,58345140,4772,1479840,120,12239
1547,12,0,21,4,58363200,4772,1479840,120,12251
1548,6,0,18,7,58399920,4771,1479840,120,12257
1549,12,0,24,1,58426620,4771,1479840,120,12269
1550,10,1,25,0,58469280,4771,1481640,120,12279
1551,6,0,23,2,58516380,4772,1489380,121,12285
1552,5,0,18,7,58576860,4773,1489380,121,12290
1553,6,0,18,7,58603440,4773,1489380,121,12296
1554,10,0,20,5,58645320,4773,1489380,121,12306
1555,4,0,20,5,58665600,4773,1489380,120,12310
1556,6,0,17,8,58709460,4773,1489380,120,12316
1557,7,0,18,7,58746060,4774,1489380,120,12323
1558,5,0,20,5,58761180,4774,1489380,120,12328
1559,9,0,19,6,58805880,4773,1489380,120,12337
1560,4,0,15,10,58836360,4773,1489380,120,12341
1561,4,0,15,10,58858560,4773,1489380,120,12345
1562,6,0,18,7,58873560,4773,1489380,120,12351
1563,6,0,16,9,58905360,4773,1489380,120,12357
1564,2,0,15,10,58914960,4772,1489380,120,12359
1565,3,0,13,12,58947600,4773,1489380,120,12362
1566,7,0,19,6,58953840,4773,1489380,120,12369
1567,5,0,19,6,58971240,4773,1489380,120,12374
1568,14,0,23,2,59021760,4773,1489500,120,12388
1569,10,0,22,3,59059020,4772,1489500,120,12398
1570,7,0,19,6,59102820,4771,1489500,120,12405
1571,3,0,19,6,59122260,4772,1489500,120,12408
1572,11,0,23,2,59162640,4772,1489500,119,12419
1573,10,0,21,4,59208840,4771,1489500,119,12429
1574,15,1,25,0,59253960,4771,1489500,119,12444
1575,16,8,25,0,59294220,4771,1497240,120,12460
1576,13,10,25,0,59358660,4772,1513560,121,12473
1577,10,12,25,0,59402100,4772,1523820,122,12483
1578,7,3,25,0,59478780,4772,1603560,128,12490
1579,11,1,25,0,59525820,4771,1612920,129,12501
1580,7,0,19,6,59576460,4770,1614720,129,12508
1581,7,0,19,6,59613840,4770,1614720,129,12515
1582,10,0,24,1,59637300,4770,1614720,128,12525
1583,3,0,19,6,59676540,4770,1614720,128,12528
1584,7,0,19,6,59719260,4771,1614720,128,12535
1585,5,0,18,7,59743920,4771,1614720,128,12540
1586,6,0,18,7,59774520,4771,1614720,128,12546
1587,4,0,18,7,59785740,4770,1614720,128,12550
1588,7,0,19,6,59822160,4771,1614720,128,12557
1589,6,0,21,4,59840760,4771,1614720,128,12563
1590,9,0,21,4,59877720,4770,1614720,128,12572
1591,10,0,21,4,59920320,4770,1614720,128,12582
1592,7,0,20,5,59955720,4770,1614720,128,12589
1593,4,0,19,6,59980680,4770,1614720,128,12593
1594,9,0,20,5,60022620,4770,1614720,128,12602
1595,16,0,25,0,60070020,4770,1621800,128,12618
1596,10,2,25,0,60103500,4769,1625280,128,12628
1597,7,0,23,2,60166200,4770,1631100,129,12635
1598,13,0,24,1,60211200,4769,1631100,128,12648
1599,8,0,24,1,60251400,4769,1631100,128,12656
1600,5,0,19,6,60302460,4770,1631100,128,12661
1601,15,2,25,0,60333360,4769,1631520,128,12676
1602,4,0,19,6,60384840,4769,1632000,128,12680
1603,11,0,24,1,60419400,4769,1632000,128,12691
1604,11,2,25,0,60456540,4769,1640160,129,12702
1605,8,2,25,0,60511140,4771,1654500,130,12710
1606,7,0,19,6,60584220,4771,1657800,130,12717
1607,3,0,17,8,60614460,4771,1657800,130,12720
1608,6,0,16,9,60647880,4771,1657800,130,12726
1609,3,0,15,10,60671340,4772,1657800,130,12729
1610,6,0,18,7,60690660,4772,1657800,130,12735
1611,3,0,18,7,60706320,4772,1657800,130,12738
1612,6,0,19,6,60732240,4772,1657800,130,12744
1613,9,0,22,3,60768300,4773,1657800,129,12753
1614,3,0,15,10,60822960,4773,1657800,129,12756
1615,8,0,19,6,60842160,4773,1657800,129,12764
1616,6,0,18,7,60871980,4773,1657800,129,12770
1617,9,0,20,5,60903360,4773,1657800,129,12779
1618,9,0,25,0,60914760,4772,1657800,129,12788
1619,12,0,23,2,60975000,4772,1657800,129,12800
1620,5,0,18,7,61024920,4772,1657800,129,12805
1621,12,1,25,0,61048380,4772,1657800,129,12817
1622,18,10,25,0,61096140,4773,1663200,129,12835
1623,11,12,25,0,61143720,4773,1673580,130,12846
1624,12,13,25,0,61211760,4774,1696860,131,12858
1625,13,18,25,0,61256400,4775,1713600,133,12871
1626,6,13,25,0,61325160,4776,1762620,136,12877
1627,2,4,25,0,61371300,4775,1878120,145,12879
1628,7,0,18,7,61431360,4773,1904700,147,12886
1629,6,0,20,5,61450620,4773,1904700,147,12892
1630,7,0,16,9,61497780,4773,1904700,147,12899
1631,6,0,15,10,61528800,4773,1904700,147,12905
1632,4,0,15,10,61543200,4773,1904700,147,12909
1633,6,0,18,7,61561620,4773,1904700,147,12915
1634,6,0,18,7,61593960,4773,1904700,147,12921
1635,6,0,19,6,61617000,4773,1904700,147,12927
1636,8,0,23,2,61642860,4774,1904700,147,12935
1637,7,0,21,4,61680840,4773,1904700,147,12942
1638,7,0,20,5,61728060,4774,1904700,147,12949
1639,8,0,20,5,61769460,4774,1904700,147,12957
1640,3,0,17,8,61796220,4774,1904700,146,12960
1641,5,0,14,11,61835220,4774,1904700,146,12965
1642,6,0,18,7,61840200,4774,1904700,146,12971
1643,9,0,22,3,61863600,4774,1904700,146,12980
1644,9,0,21,4,61906320,4773,1904700,146,12989
1645,15,1,25,0,61946880,4773,1905060,146,13004
1646,14,5,25,0,61993680,4773,1910220,146,13018
1647,12,7,25,0,62053320,4774,1917660,147,13030
1648,8,5,25,0,62100840,4774,1938420,148,13038
1649,6,0,21,4,62163960,4773,1963020,150,13044
1650,10,0,24,1,62194920,4773,1963020,150,13054
1651,4,0,16,9,62258340,4773,1963020,150,13058
1652,2,0,12,13,62287140,4773,1963020,150,13060
1653,10,0,18,7,62299560,4773,1963020,150,13070
1654,8,0,19,6,62320500,4772,1963020,150,13078
1655,5,0,18,7,62357100,4772,1963020,150,13083
1656,6,0,19,6,62387280,4773,1963020,149,13089
1657,4,0,16,9,62417940,4773,1963020,149,13093
1658,4,0,15,10,62437980,4772,1963020,149,13097
1659,3,0,13,12,62457600,4772,1963020,149,13100
1660,5,0,15,10,62470020,4772,1963020,149,13105
1661,4,0,17,8,62472660,4771,1963020,149,13109
1662,6,0,17,8,62505480,4772,1963020,149,13115
1663,3,0,15,10,62527920,4772,1963020,149,13118
1664,7,0,18,7,62551080,4772,1963020,149,13125
1665,3,0,17,8,62568900,4772,1963020,149,13128
1666,13,0,22,3,62591100,4771,1963020,149,13141
1667,10,2,25,0,62616480,4771,1967400,149,13151
1668,13,0,25,0,62695200,4771,1976280,150,13164
1669,13,1,25,0,62739000,4770,1976460,150,13177
1670,7,2,25,0,62771040,4770,1979760,150,13184
1671,9,0,22,3,62837880,4770,1981440,150,13193
1672,10,0,23,2,62877480,4770,1981440,150,13203
1673,8,0,19,6,62927160,4770,1981440,149,13211
1674,16,3,25,0,62956740,4769,1981680,149,13227
1675,7,0,23,2,63008820,4769,1988160,150,13234
1676,3,0,18,7,63042480,4769,1988160,150,13237
1677,4,0,17,8,63078600,4770,1988160,150,13241
1678,10,0,23,2,63091980,4769,1988160,150,13251
1679,5,0,20,5,63134580,4769,1988160,149,13256
1680,7,0,18,7,63181560,4770,1988160,149,13263
1681,3,0,15,10,63209760,4770,1988160,149,13266
1682,2,0,15,10,63221040,4770,1988160,149,13268
1683,8,0,18,7,63240000,4769,1988160,149,13276
1684,8,0,19,6,63279120,4770,1988160,149,13284
1685,3,0,17,8,63304560,4770,1988160,149,13287
1686,9,0,18,7,63334980,4769,1988160,149,13296
1687,10,0,19,6,63369420,4769,1988160,149,13306
1688,8,0,20,5,63392520,4768,1988160,149,13314
1689,12,0,24,1,63422340,4767,1988640,149,13326
1690,10,0,20,5,63487440,4767,1989120,149,13336
1691,16,3,25,0,63528240,4767,1990380,149,13352
1692,13,9,25,0,63568140,4768,1995840,149,13365
1693,9,9,25,0,63620160,4769,2005020,149,13374
1694,8,9,25,0,63668280,4769,2031420,151,13382
1695,13,9,25,0,63745800,4771,2047140,152,13395
1696,8,8,25,0,63787560,4770,2056320,153,13403
1697,10,0,24,1,63862380,4769,2152740,160,13413
1698,7,0,22,3,63900780,4769,2152740,160,13420
1699,9,0,21,4,63951060,4769,2153160,160,13429
1700,8,0,20,5,63987660,4769,2153160,160,13437
1701,12,0,25,0,64023600,4769,2153160,160,13449
1702,7,0,22,3,64063980,4768,2153160,160,13456
1703,3,0,16,9,64112460,4769,2153160,159,13459
1704,4,0,17,8,64131540,4769,2153160,159,13463
1705,7,0,20,5,64157820,4770,2153160,159,13470
1706,4,0,17,8,64192020,4770,2153160,159,13474
1707,2,0,12,13,64226760,4770,2153160,159,13476
1708,5,0,16,9,64236180,4770,2153160,159,13481
1709,14,0,24,1,64255620,4769,2153160,159,13495
1710,8,1,25,0,64286520,4770,2154600,159,13503
1711,8,0,20,5,64355760,4770,2155620,159,13511
1712,6,0,20,5,64388940,4770,2155620,159,13517
1713,9,0,18,7,64435860,4770,2155620,159,13526
1714,11,0,22,3,64463460,4769,2155620,159,13537
1715,9,0,22,3,64509300,4769,2155620,159,13546
1716,10,1,25,0,64536240,4769,2156040,159,13556
1717,11,0,24,1,64593960,4769,2157360,159,13567
1718,9,0,22,3,64647420,4769,2157360,158,13576
1719,4,0,19,6,64686780,4770,2157360,158,13580
1720,10,0,19,6,64734240,4770,2157360,158,13590
1721,8,0,23,2,64753440,4770,2157360,158,13598
1722,6,0,19,6,64802460,4770,2157360,158,13604
1723,6,0,18,7,64834320,4770,2157360,158,13610
1724,7,0,19,6,64863660,4770,2157360,158,13617
1725,13,0,25,0,64895820,4769,2157360,158,13630
1726,5,0,20,5,64940400,4769,2157360,158,13635
1727,8,0,19,6,64986240,4769,2157360,158,13643
1728,10,0,22,3,65009040,4769,2157360,158,13653
1729,3,0,16,9,65058900,4769,2157360,157,13656
1730,2,0,13,12,65083980,4769,2157360,157,13658
1731,3,0,14,11,65097840,4770,2157360,157,13661
1732,5,0,16,9,65110320,4769,2157360,157,13666
1733,9,0,22,3,65122260,4769,2157360,157,13675
1734,10,0,23,2,65158980,4769,2157360,157,13685
1735,7,0,20,5,65191260,4768,2157360,157,13692
1736,10,0,20,5,65246280,4768,2157360,157,13702
1737,6,0,20,5,65274540,4768,2157360,157,13708
1738,10,0,18,7,65327280,4768,2157360,157,13718
1739,12,0,24,1,65354700,4768,2157360,157,13730
1740,10,0,25,0,65391180,4767,2158020,157,13740
1741,10,2,25,0,65431980,4768,2160780,157,13750
1742,9,0,19,6,65506620,4767,2165220,157,13759
1743,12,0,23,2,65548020,4767,2165220,157,13771
1744,7,0,22,3,65583180,4767,2165220,157,13778
1745,10,0,24,1,65621100,4767,2167320,157,13788
1746,5,0,17,8,65670900,4767,2167320,157,13793
1747,3,0,15,10,65704440,4767,2167320,157,13796
1748,8,0,19,6,65721060,4767,2167320,157,13804
1749,8,0,22,3,65747640,4767,2167320,156,13812
1750,3,0,17,8,65793720,4768,2167320,156,13815
1751,7,0,17,8,65832900,4768,2167320,156,13822
1752,4,0,17,8,65850960,4768,2167320,156,13826
1753,7,0,19,6,65880300,4769,2167320,156,13833
1754,4,0,15,10,65916060,4768,2167320,156,13837
1755,5,0,14,11,65945340,4768,2167320,156,13842
1756,4,0,16,9,65957280,4769,2167320,156,13846
1757,5,0,16,9,65983980,4769,2167320,156,13851
1758,7,0,16,9,66011520,4768,2167320,156,13858
1759,10,0,22,3,66029640,4768,2167320,156,13868
1760,8,0,22,3,66067560,4768,2167320,156,13876
1761,5,0,19,6,66098940,4768,2167320,156,13881
1762,14,1,25,0,66122340,4767,2168820,156,13895
1763,10,0,24,1,66182700,4767,2169180,156,13905
1764,11,0,25,0,66231480,4767,2169600,155,13916
1765,10,0,24,1,66276420,4767,2170620,155,13926
1766,9,0,22,3,66321960,4766,2170620,155,13935
1767,7,0,22,3,66360720,4767,2170620,155,13942
1768,10,0,22,3,66408480,4767,2170620,155,13952
1769,10,0,21,4,66458280,4767,2170620,155,13962
1770,9,0,20,5,66505080,4767,2170620,155,13971
1771,11,0,22,3,66542100,4766,2170620,155,13982
1772,7,0,20,5,66585000,4766,2170620,155,13989
1773,5,0,18,7,66621240,4766,2170620,155,13994
1774,8,0,22,3,66645480,4767,2170620,155,14002
1775,5,0,16,9,66695160,4767,2170620,154,14007
1776,5,0,15,10,66719280,4766,2170620,154,14012
1777,5,0,13,12,66751200,4766,2170620,154,14017
1778,12,0,20,5,66765300,4765,2170620,154,14029
1779,8,0,24,1,66781020,4765,2170620,154,14037
1780,3,0,16,9,66842040,4766,2170620,154,14040
1781,8,0,20,5,66856020,4765,2170620,154,14048
1782,8,0,20,5,66894780,4765,2170620,154,14056
1783,4,0,16,9,66928980,4765,2170620,154,14060
1784,7,0,19,6,66946500,4765,2170620,154,14067
1785,9,0,23,2,66969540,4765,2170620,154,14076
1786,6,0,18,7,67020120,4765,2170620,154,14082
1787,13,0,22,3,67055940,4764,2171160,154,14095
1788,10,0,24,1,67093560,4764,2171160,153,14105
1789,11,2,25,0,67132500,4764,2171220,153,14116
1790,13,5,25,0,67192080,4765,2177400,154,14129
1791,8,3,25,0,67246380,4766,2186340,154,14137
1792,9,0,24,1,67301220,4765,2206920,156,14146
1793,12,0,25,0,67354500,4765,2212140,156,14158
1794,9,0,23,2,67399440,4765,2212860,156,14167
1795,6,0,20,5,67450380,4765,2212860,156,14173
1796,8,0,17,8,67503120,4765,2212860,156,14181
1797,11,0,20,5,67525500,4764,2212860,155,14192
1798,8,0,20,5,67561740,4764,2212860,155,14200
1799,7,0,15,10,67612440,4764,2212860,155,14207
1800,9,0,18,7,67631760,4763,2212860,155,14216
1801,4,0,18,7,67660920,4764,2212860,155,14220
1802,4,0,16,9,67690380,4764,2212860,155,14224
1803,6,0,16,9,67714740,4763,2212860,155,14230
1804,6,0,17,8,67725480,4763,2212860,155,14236
1805,9,0,22,3,67745700,4763,2212860,155,14245
1806,6,0,22,3,67775580,4763,2212860,155,14251
1807,7,0,18,7,67829280,4763,2212860,155,14258
1808,10,0,21,4,67853640,4762,2212860,155,14268
1809,7,0,22,3,67877640,4762,2212860,155,14275
1810,8,0,22,3,67927140,4763,2212860,154,14283
1811,7,0,20,5,67979940,4763,2212860,154,14290
1812,14,1,25,0,68008140,4763,2217600,155,14304
1813,10,0,24,1,68077620,4764,2219820,155,14314
1814,13,0,25,0,68125560,4763,2228880,155,14327
1815,12,1,25,0,68170920,4762,2232180,155,14339
1816,7,0,23,2,68215680,4762,2235120,155,14346
1817,7,0,21,4,68261880,4762,2235120,155,14353
1818,6,0,15,10,68319120,4762,2235120,155,14359
1819,7,0,19,6,68329140,4762,2235120,155,14366
1820,3,0,14,11,68363640,4762,2235120,155,14369
1821,10,0,19,6,68382900,4762,2235120,155,14379
1822,6,0,22,3,68397900,4762,2235120,155,14385
1823,5,0,16,9,68446200,4761,2235120,155,14390
1824,9,0,20,5,68472360,4761,2235120,155,14399
1825,2,0,17,8,68494020,4761,2235120,155,14401
1826,5,0,15,10,68538660,4762,2235120,155,14406
1827,7,0,20,5,68547120,4762,2235120,155,14413
1828,6,0,18,7,68585940,4762,2235120,155,14419
1829,4,0,18,7,68607840,4762,2235120,154,14423
1830,8,0,19,6,68643060,4762,2235120,154,14431
1831,6,0,18,7,68678880,4763,2235120,154,14437
1832,12,0,24,1,68704500,4762,2235840,154,14449
1833,7,0,23,2,68749080,4763,2235840,154,14456
1834,8,0,21,4,68794500,4763,2235840,154,14464
1835,8,0,22,3,68832540,4763,2235840,154,14472
1836,13,2,25,0,68874660,4763,2235840,154,14485
1837,13,6,25,0,68916300,4763,2241600,154,14498
1838,11,8,25,0,68971320,4764,2248380,154,14509
1839,11,10,25,0,69022860,4765,2259780,155,14520
1840,10,8,25,0,69099420,4766,2294700,157,14530
1841,13,14,25,0,69128940,4766,2302080,158,14543
1842,7,13,25,0,69180120,4767,2316060,159,14550
1843,9,9,25,0,69250980,4767,2349720,161,14559
1844,10,4,25,0,69303480,4766,2425200,166,14569
1845,5,0,21,4,69366540,4766,2469960,169,14574
1846,5,0,16,9,69413040,4766,2469960,169,14579
1847,8,0,20,5,69426360,4766,2469960,169,14587
1848,6,0,20,5,69460980,4766,2469960,169,14593
1849,7,0,17,8,69505140,4766,2469960,169,14600
1850,7,0,18,7,69536400,4766,2469960,169,14607
1851,8,0,20,5,69565380,4766,2469960,169,14615
1852,9,0,21,4,69600840,4766,2469960,168,14624
1853,7,0,18,7,69642000,4765,2469960,168,14631
1854,9,0,23,2,69659640,4765,2469960,168,14640
1855,10,0,22,3,69718740,4766,2469960,168,14650
1856,10,0,22,3,69757920,4765,2470320,168,14660
1857,8,0,20,5,69798960,4765,2470320,168,14668
1858,6,0,18,7,69836460,4765,2470320,168,14674
1859,12,0,22,3,69870480,4764,2470320,168,14686
1860,10,0,25,0,69896640,4764,2470320,168,14696
1861,7,0,21,4,69943320,4763,2470320,168,14703
1862,4,0,16,9,69996720,4764,2470320,167,14707
1863,14,1,25,0,70023840,4765,2472360,167,14721
1864,12,3,25,0,70074000,4765,2476980,168,14733
1865,7,0,21,4,70135560,4764,2487960,168,14740
1866,9,0,22,3,70175280,4765,2487960,168,14749
1867,4,0,17,8,70223100,4765,2487960,168,14753
1868,8,0,18,7,70253280,4765,2487960,168,14761
1869,4,0,18,7,70272600,4765,2487960,168,14765
1870,6,0,19,6,70301400,4765,2487960,168,14771
1871,6,0,20,5,70326540,4765,2487960,168,14777
1872,7,0,19,6,70372800,4766,2487960,168,14784
1873,5,0,18,7,70405020,4766,2487960,168,14789
1874,10,0,20,5,70438740,4766,2487960,168,14799
1875,7,0,22,3,70470780,4766,2487960,168,14806
1876,5,0,19,6,70504740,4766,2487960,167,14811
1877,8,0,18,7,70547040,4766,2487960,167,14819
1878,9,0,20,5,70564980,4765,2487960,167,14828
1879,8,0,21,4,70601280,4765,2487960,167,14836
1880,5,0,19,6,70641240,4765,2487960,167,14841
1881,7,0,20,5,70666800,4765,2487960,167,14848
1882,8,0,20,5,70709880,4766,2487960,167,14856
1883,16,5,25,0,70735440,4765,2490480,167,14872
1884,11,6,25,0,70794780,4766,2495700,167,14883
1885,8,3,25,0,70857780,4767,2521680,169,14891
1886,9,0,23,2,70907460,4766,2529720,169,14900
1887,8,0,24,1,70941720,4766,2529720,169,14908
1888,3,0,16,9,71006700,4767,2529720,169,14911
1889,11,0,24,1,71021580,4767,2529720,169,14922
1890,4,0,20,5,71052900,4766,2529720,169,14926
1891,10,0,21,4,71110200,4767,2529720,169,14936
1892,5,0,18,7,71148600,4767,2529720,169,14941
1893,6,0,18,7,71171940,4767,2529720,169,14947
1894,3,0,16,9,71196180,4767,2529720,169,14950
1895,7,0,18,7,71222700,4767,2529720,169,14957
1896,5,0,17,8,71248020,4767,2529720,169,14962
1897,3,0,15,10,71274300,4767,2529720,169,14965
1898,9,0,19,6,71293320,4767,2529720,168,14974
1899,5,0,21,4,71307600,4767,2529720,168,14979
1900,6,0,15,10,71368020,4767,2529720,168,14985
1901,5,0,15,10,71385900,4767,2529720,168,14990
1902,6,0,15,10,71409480,4766,2529720,168,14996
1903,10,0,22,3,71422680,4766,2529720,168,15006
1904,7,0,20,5,71462040,4766,2529720,168,15013
1905,8,0,19,6,71501820,4766,2529720,168,15021
1906,13,0,24,1,71541900,4766,2532180,168,15034
1907,8,2,25,0,71576640,4767,2533560,168,15042
1908,12,0,24,1,71643120,4766,2537700,168,15054
1909,14,1,25,0,71693100,4766,2539020,168,15068
1910,9,0,25,0,71741940,4766,2539920,168,15077
1911,13,1,25,0,71803740,4766,2547360,168,15090
1912,9,0,24,1,71856060,4766,2550240,168,15099
1913,8,0,23,2,71907480,4767,2556480,169,15107
1914,13,2,25,0,71949060,4767,2556480,169,15120
1915,8,1,25,0,71991960,4767,2559420,169,15128
1916,5,0,23,2,72032880,4767,2559780,169,15133
1917,3,0,16,9,72096420,4768,2559780,169,15136
1918,2,0,11,14,72132240,4768,2559780,169,15138
1919,12,0,22,3,72133380,4768,2559780,168,15150
1920,3,0,17,8,72160080,4767,2559780,168,15153
1921,6,0,15,10,72202800,4767,2559780,168,15159
1922,2,0,13,12,72225720,4768,2559780,168,15161
1923,2,0,14,11,72231540,4768,2559780,168,15163
1924,6,0,19,6,72237660,4768,2559780,168,15169
1925,10,0,22,3,72272940,4768,2559780,168,15179
1926,12,0,25,0,72312240,4768,2564280,168,15191
1927,7,0,21,4,72355440,4767,2564340,168,15198
1928,8,0,18,7,72408960,4767,2564340,168,15206
1929,17,6,25,0,72436740,4768,2565300,168,15223
1930,9,4,25,0,72494100,4768,2578680,169,15232
1931,10,5,25,0,72542040,4768,2587380,169,15242
1932,11,7,25,0,72593820,4769,2595120,170,15253
1933,13,8,25,0,72656700,4769,2606940,170,15266
1934,14,15,25,0,72698400,4770,2612100,171,15280
1935,12,14,25,0,72774000,4771,2628000,171,15292
1936,5,14,25,0,72797340,4771,2640360,172,15297
1937,9,14,25,0,72850380,4771,2690640,175,15306
1938,8,10,25,0,72919080,4772,2750460,179,15314
1939,2,0,21,4,72981720,4771,2888040,188,15316
1940,3,0,15,10,73027260,4771,2888040,188,15319
1941,5,0,17,8,73048920,4772,2888040,188,15324
1942,4,0,18,7,73065720,4772,2888040,188,15328
1943,6,0,19,6,73096740,4772,2888040,188,15334
1944,8,0,20,5,73128840,4772,2888040,188,15342
1945,4,0,18,7,73160580,4773,2888040,188,15346
1946,3,0,16,9,73189080,4773,2888040,188,15349
1947,5,0,17,8,73213020,4773,2888040,188,15354
1948,2,0,13,12,73237260,4773,2888040,188,15356
1949,9,0,18,7,73256700,4773,2888040,187,15365
1950,8,0,19,6,73289460,4773,2888040,187,15373
1951,6,0,18,7,73307340,4772,2888040,187,15379
1952,11,0,22,3,73340280,4772,2888040,187,15390
1953,10,0,23,2,73370400,4771,2888040,187,15400
1954,6,0,23,2,73409760,4772,2888040,187,15406
1955,8,0,21,4,73464000,4772,2888040,187,15414
1956,5,0,18,7,73507680,4772,2888040,187,15419
1957,6,0,19,6,73533600,4773,2888040,187,15425
1958,10,0,20,5,73572540,4772,2888040,187,15435
1959,11,0,23,2,73602240,4772,2888040,186,15446
1960,12,2,25,0,73639440,4772,2891880,187,15458
1961,9,3,25,0,73688940,4772,2897760,187,15467
1962,7,0,25,0,73738620,4773,2905560,187,15474
1963,6,0,19,6,73801920,4773,2905560,187,15480
1964,8,0,21,4,73834320,4773,2905560,187,15488
1965,4,0,19,6,73872960,4774,2905560,187,15492
1966,3,0,15,10,73905960,4774,2905560,187,15495
1967,2,0,15,10,73922340,4774,2905560,187,15497
1968,10,0,20,5,73941300,4774,2905560,187,15507
1969,4,0,19,6,73961940,4774,2905560,187,15511
1970,9,0,20,5,74006400,4774,2905560,187,15520
1971,8,0,20,5,74036520,4774,2905560,187,15528
1972,8,0,23,2,74061180,4774,2905560,187,15536
1973,7,0,20,5,74120820,4774,2906880,187,15543
1974,6,0,19,6,74159220,4775,2906880,186,15549
1975,6,0,18,7,74186580,4774,2906880,186,15555
1976,4,0,16,9,74223720,4775,2906880,186,15559
1977,10,0,20,5,74252220,4775,2906880,186,15569
1978,13,0,24,1,74289780,4775,2906880,186,15582
1979,20,10,25,0,74326740,4774,2913480,186,15602
1980,8,9,25,0,74381460,4775,2925300,187,15610
1981,10,8,25,0,74448120,4776,2940840,188,15620
1982,16,19,25,0,74482380,4776,2955420,189,15636
1983,10,18,25,0,74545560,4777,2972340,190,15646
1984,15,25,25,0,74589420,4778,2983440,190,15661
1985,3,19,25,0,74645460,4778,3010260,192,15664
1986,10,17,25,0,74717760,4779,3055800,194,15674
1987,5,11,25,0,74777520,4780,3203580,204,15679
1988,9,7,25,0,74824200,4779,3339480,212,15688
1989,10,0,21,4,74876220,4776,3430440,218,15698
1990,9,0,18,7,74924160,4775,3430440,218,15707
1991,7,0,16,9,74955120,4774,3430440,218,15714
1992,9,0,22,3,74966160,4774,3430440,218,15723
1993,9,0,24,1,74999340,4774,3430440,218,15732
1994,2,0,17,8,75055500,4775,3430440,218,15734
1995,4,0,14,11,75100980,4776,3430440,217,15738
1996,8,0,21,4,75105360,4776,3430440,217,15746
1997,7,0,22,3,75134160,4776,3430440,217,15753
1998,8,0,18,7,75201120,4776,3430440,217,15761
1999,10,0,24,1,75216900,4776,3430440,217,15771
2000,6,0,22,3,75248760,4776,3430440,217,15777
2001,9,0,20,5,75300600,4776,3430440,217,15786
2002,7,0,21,4,75337800,4776,3430440,217,15793
2003,11,0,23,2,75381540,4776,3430500,217,15804
2004,9,0,19,6,75437940,4776,3430980,216,15813
2005,10,0,19,6,75470520,4775,3430980,216,15823
2006,5,0,21,4,75489060,4775,3430980,216,15828
2007,15,0,25,0,75527100,4774,3431280,216,15843
2008,5,0,16,9,75594360,4774,3431280,216,15848
2009,7,0,18,7,75625020,4775,3431280,216,15855
2010,9,0,23,2,75641220,4775,3431280,216,15864
2011,6,0,22,3,75678300,4775,3431280,216,15870
2012,9,0,22,3,75720240,4775,3431280,216,15879
2013,3,0,16,9,75774600,4775,3431280,216,15882
2014,4,0,16,9,75798540,4776,3431280,215,15886
2015,6,0,16,9,75832320,4776,3431280,215,15892
2016,6,0,20,5,75842820,4776,3431280,215,15898
2017,9,2,25,0,75845220,4776,3431400,215,15907
2018,6,6,25,0,75855180,4776,3435780,215,15913
2019,3,5,25,0,75882600,4776,3448980,216,15916
2020,7,8,25,0,75904020,4776,3462600,217,15923
2021,6,11,25,0,75922380,4777,3468480,217,15929
2022,4,12,25,0,75945600,4777,3480960,218,15933
2023,9,18,25,0,75963420,4777,3486780,218,15942
2024,10,23,25,0,75993120,4778,3502800,219,15952
2025,10,32,25,0,75995820,4778,3509100,219,15962
2026,13,39,25,0,76033140,4778,3522420,220,15975
2027,7,39,25,0,76053840,4778,3539880,221,15982
2028,9,40,25,0,76068540,4779,3545760,221,15991
2029,14,39,25,0,76099560,4779,3562440,222,16005
2030,11,40,25,0,76116600,4779,3614820,226,16016
2031,9,37,25,0,76143420,4779,3642600,227,16025
2032,6,39,25,0,76163940,4779,3681840,230,16031
2033,12,39,25,0,76185240,4780,3720480,232,16043
2034,7,39,25,0,76202100,4779,3791520,236,16050
2035,8,40,25,0,76228560,4780,3891840,243,16058
2036,6,38,25,0,76250160,4780,3952620,246,16064
2037,4,37,25,0,76280460,4780,4006740,250,16068
2038,6,40,25,0,76285560,4780,4054740,253,16074
2039,6,40,25,0,76316820,4780,4234800,264,16080
2040,5,37,25,0,76337460,4780,4316340,269,16085
2041,4,38,25,0,76358400,4781,4377240,273,16089
2042,5,39,25,0,76380540,4781,4450320,277,16094
2043,5,39,25,0,76401480,4781,4520580,281,16099
2044,8,40,25,0,76421100,4781,4525620,282,16107
2045,10,40,25,0,76449300,4781,4638000,288,16117
2046,7,40,25,0,76465380,4781,4640100,288,16124
2047,14,40,25,0,76484460,4781,4643100,289,16138
2048,6,40,25,0,76507620,4781,4681980,291,16144
2049,9,40,25,0,76533360,4781,4735980,294,16153
2050,15,40,25,0,76552020,4781,4741620,295,16168
2051,15,40,25,0,76569060,4781,4747380,295,16183
2052,15,40,25,0,76596180,4781,4885260,303,16198
2053,13,40,25,0,76607520,4781,4890000,303,16211
2054,6,40,25,0,76634520,4781,5013360,311,16217
2055,7,40,25,0,76663320,4781,5016360,311,16224
2056,8,39,25,0,76669680,4781,5020260,311,16232
2057,9,40,25,0,76704420,4782,5178360,321,16241
2058,6,38,25,0,76729380,4781,5242920,325,16247
2059,7,38,25,0,76751520,4781,5360580,332,16254
2060,7,39,25,0,76768860,4781,5366460,332,16261
2061,3,38,25,0,76793100,4781,5476080,339,16264
2062,6,38,25,0,76817520,4781,5624760,348,16270
2063,5,38,25,0,76837920,4781,5634000,349,16275
2064,8,40,25,0,76847760,4781,5640000,349,16283
2065,7,40,25,0,76877100,4781,5653500,350,16290
2066,5,38,25,0,76895460,4782,5665380,350,16295
2067,7,39,25,0,76918080,4782,5810820,359,16302
2068,4,39,25,0,76939740,4782,5966520,369,16306
2069,11,40,25,0,76953780,4782,5974740,369,16317
2070,8,40,25,0,76987200,4782,5987400,370,16325
2071,5,37,25,0,77008020,4782,5998560,371,16330
2072,8,39,25,0,77030040,4782,6001680,371,16338
2073,11,38,25,0,77056740,4782,6172140,381,16349
2074,11,40,25,0,77068020,4782,6177900,381,16360
2075,10,40,25,0,77094660,4782,6328200,390,16370
2076,14,40,25,0,77114040,4782,6334260,391,16384
2077,19,40,25,0,77127360,4782,6343200,391,16403
2078,12,40,25,0,77152500,4782,6348060,391,16415
2079,6,37,25,0,77180160,4782,6752940,416,16421
2080,10,40,25,0,77204220,4782,6900960,425,16431
2081,9,40,25,0,77214060,4782,6904500,425,16440
2082,7,40,25,0,77238960,4782,6914580,426,16447
2083,8,38,25,0,77268360,4782,7312440,450,16455
2084,12,40,25,0,77285160,4782,7316880,450,16467
2085,5,39,25,0,77305980,4782,7322400,451,16472
2086,7,40,25,0,77331000,4782,7333020,451,16479
2087,6,39,25,0,77353380,4783,7349520,452,16485
2088,2,32,25,0,77386620,4782,8257920,508,16487
2089,9,27,25,0,77402040,4779,9312300,573,16496
2090,4,30,25,0,77403780,4779,9312420,573,16500
2091,11,36,25,0,77436000,4779,9318960,573,16511
2092,5,37,25,0,77458620,4779,9325020,573,16516
2093,6,38,25,0,77484900,4780,9335820,573,16522
2094,9,38,25,0,77504640,4780,9347100,574,16531
2095,6,40,25,0,77517780,4780,9352260,574,16537
2096,4,37,25,0,77550960,4780,9398760,577,16541
2097,6,38,25,0,77568480,4780,9423540,578,16547
2098,8,40,25,0,77575680,4780,9427200,578,16555
2099,14,40,25,0,77605860,4780,9445440,579,16569
2100,14,39,25,0,77638020,4780,9453600,579,16583
2101,6,36,25,0,77660040,4779,9584940,587,16589
2102,13,40,25,0,77672820,4779,9586920,587,16602
2103,15,40,25,0,77691240,4780,9596280,588,16617
2104,10,38,25,0,77713140,4779,9607920,588,16627
2105,14,40,25,0,77725440,4780,9610920,588,16641
2106,8,40,25,0,77752200,4780,9683640,593,16649
2107,9,37,25,0,77792820,4780,9693960,593,16658
2108,7,40,25,0,77802420,4779,9895080,605,16665
2109,8,39,25,0,77826720,4780,9903420,605,16673
2110,6,38,25,0,77849280,4779,9939960,607,16679
2111,4,32,25,0,77871420,4778,11063460,676,16683
2112,8,33,25,0,77896560,4777,11069280,676,16691
2113,2,30,25,0,77923380,4777,11083740,677,16693
2114,5,29,25,0,77937060,4777,11462580,700,16698
2115,4,26,25,0,77961300,4776,11632740,710,16702
2116,5,18,25,0,77983500,4774,13317600,813,16707
2117,2,11,25,0,78003900,4772,14152080,863,16709
2118,6,9,25,0,78022080,4771,15079140,920,16715
2119,7,12,25,0,78040320,4771,15080820,920,16722
2120,6,12,25,0,78066480,4771,15086940,919,16728
2121,6,12,25,0,78085020,4770,15166260,924,16734
2122,8,16,25,0,78103440,4770,15168180,924,16742
2123,9,23,25,0,78116820,4770,15172560,924,16751
2124,9,27,25,0,78151140,4771,15191400,924,16760
2125,16,40,25,0,78159900,4771,15196560,924,16776
2126,8,40,25,0,78179220,4771,15203520,924,16784
2127,7,39,25,0,78212580,4772,15217920,924,16791
2128,8,38,25,0,78238140,4772,15231840,925,16799
2129,14,40,25,0,78246960,4772,15260880,927,16813
2130,5,37,25,0,78281460,4773,15302640,929,16818
2131,5,39,25,0,78297660,4773,15331740,931,16823
2132,9,40,25,0,78324780,4773,15370260,933,16832
2133,9,38,25,0,78347760,4773,15441480,937,16841
2134,5,40,25,0,78357420,4773,15474900,939,16846
2135,7,40,25,0,78380640,4774,15520980,941,16853
2136,9,39,25,0,78413700,4774,15579360,944,16862
2137,3,39,25,0,78431160,4774,15637920,948,16865
2138,6,37,25,0,78459120,4774,15691860,951,16871
2139,9,40,25,0,78470940,4774,15696480,951,16880
2140,6,40,25,0,78497220,4775,15716280,952,16886
2141,8,38,25,0,78514740,4775,15740580,953,16894
2142,8,40,25,0,78529200,4775,15782220,955,16902
2143,14,40,25,0,78561300,4775,15790560,956,16916
2144,10,37,25,0,78585180,4775,15993060,968,16926
2145,4,37,25,0,78599520,4775,16012980,969,16930
2146,10,40,25,0,78623520,4775,16058220,971,16940
2147,10,39,25,0,78653820,4776,16081860,972,16950
2148,12,40,25,0,78667680,4775,16085400,972,16962
2149,10,40,25,0,78688260,4775,16090140,972,16972
2150,9,40,25,0,78706620,4776,16095300,972,16981
2151,12,40,25,0,78733320,4776,16179780,977,16993
2152,6,39,25,0,78752460,4776,16183980,977,16999
2153,7,39,25,0,78779100,4776,16258020,982,17006
2154,9,38,25,0,78802500,4776,16407360,990,17015
2155,15,40,25,0,78820620,4776,16413780,990,17030
2156,10,40,25,0,78835380,4776,16419780,990,17040
2157,7,38,25,0,78863820,4776,16493220,995,17047
2158,3,35,25,0,78890700,4776,16759920,1011,17050
2159,2,31,25,0,78909360,4776,17176380,1036,17052
2160,4,28,25,0,78936120,4775,17583720,1060,17056
2161,1,26,25,0,78950340,4775,18207180,1097,17057
2162,3,17,25,0,78981540,4774,19714860,1188,17060
2163,6,8,25,0,78996840,4770,21012300,1266,17066
2164,3,5,25,0,79013460,4769,21570720,1299,17069
2165,7,5,25,0,79041600,4769,21751260,1310,17076
2166,10,10,25,0,79061280,4769,21756180,1309,17086
2167,8,15,25,0,79073160,4769,21760380,1309,17094
2168,6,18,25,0,79090980,4769,21766500,1309,17100
2169,9,23,25,0,79118820,4769,21781740,1309,17109
2170,10,29,25,0,79144980,4770,21789420,1309,17119
2171,11,37,25,0,79162680,4770,21792600,1308,17130
2172,11,39,25,0,79194000,4771,21813540,1309,17141
2173,11,40,25,0,79199940,4771,21814320,1309,17152
2174,11,39,25,0,79232040,4771,21852300,1310,17163
2175,6,40,25,0,79249620,4771,21886500,1312,17169
2176,9,40,25,0,79279560,4771,21941640,1315,17178
2177,4,38,25,0,79297260,4771,21982200,1317,17182
2178,4,39,25,0,79312740,4771,22045800,1321,17186
2179,17,40,25,0,79339740,4772,22057620,1321,17203
2180,4,39,25,0,79362180,4772,22069080,1322,17207
2181,8,39,25,0,79382640,4772,22075800,1322,17215
2182,3,36,25,0,79415640,4772,22226520,1330,17218
2183,5,39,25,0,79425780,4772,22277280,1333,17223
2184,6,38,25,0,79449300,4772,22282920,1333,17229
2185,7,39,25,0,79474320,4772,22414560,1340,17236
2186,5,39,25,0,79490160,4772,22491300,1345,17241
2187,5,39,25,0,79513140,4772,22631220,1353,17246
2188,2,38,25,0,79534080,4773,22640400,1353,17248
2189,8,38,25,0,79558500,4773,22713960,1357,17256
2190,12,40,25,0,79572600,4773,22719420,1357,17268
2191,7,40,25,0,79582740,4773,22726080,1357,17275
2192,11,40,25,0,79617360,4774,22890300,1367,17286
2193,10,39,25,0,79644840,4774,22904040,1367,17296
2194,5,38,25,0,79658340,4774,22988580,1372,17301
2195,13,40,25,0,79686300,4774,23153040,1381,17314
2196,10,40,25,0,79702800,4774,23165100,1382,17324
2197,10,40,25,0,79726440,4774,23170980,1382,17334
2198,10,40,25,0,79737060,4774,23174940,1382,17344
2199,12,38,25,0,79771380,4774,23374620,1393,17356
2200,10,40,25,0,79798920,4774,23380080,1393,17366
2201,14,38,25,0,79812360,4774,23391900,1394,17380
2202,11,40,25,0,79828680,4775,23394780,1394,17391
2203,9,39,25,0,79858740,4775,23405760,1394,17400
2204,8,38,25,0,79888080,4775,23520240,1400,17408
2205,4,38,25,0,79899600,4775,23552520,1402,17412
2206,14,40,25,0,79922700,4775,23561160,1402,17426
2207,8,40,25,0,79943820,4775,23567640,1402,17434
2208,9,39,25,0,79964880,4775,23573640,1402,17443
2209,10,40,25,0,79983900,4775,23611200,1404,17453
2210,7,40,25,0,80004660,4775,23706900,1409,17460
2211,7,40,25,0,80033100,4775,23770260,1412,17467
2212,7,40,25,0,80049540,4775,23800140,1414,17474
2213,8,40,25,0,80076180,4774,23809140,1414,17482
2214,10,40,25,0,80096640,4775,23812560,1414,17492
2215,10,40,25,0,80117160,4775,23961780,1422,17502
2216,8,40,25,0,80128740,4775,23969040,1423,17510
2217,9,40,25,0,80157000,4775,23972880,1422,17519
2218,4,39,25,0,80169000,4775,23976240,1422,17523
2219,5,36,25,0,80211900,4776,24307080,1442,17528
2220,11,40,25,0,80221440,4775,24308040,1441,17539
2221,6,38,25,0,80249820,4775,24322380,1442,17545
2222,15,40,25,0,80269560,4775,24327720,1442,17560
2223,10,40,25,0,80281800,4776,24501240,1452,17570
2224,8,40,25,0,80312340,4776,24524100,1452,17578
2225,9,39,25,0,80333100,4776,24533940,1453,17587
2226,8,40,25,0,80355960,4775,24562380,1454,17595
2227,5,40,25,0,80370540,4776,24569820,1454,17600
2228,8,39,25,0,80404500,4776,24579060,1454,17608
2229,6,39,25,0,80423820,4775,24906960,1473,17614
2230,2,37,25,0,80437260,4775,25095420,1484,17616
2231,4,36,25,0,80458080,4775,25648380,1516,17620
2232,3,32,25,0,80488800,4775,26264100,1552,17623
2233,10,37,25,0,80508240,4774,26271360,1552,17633
2234,4,40,25,0,80514660,4774,26276100,1552,17637
2235,3,37,25,0,80553540,4775,26306580,1553,17640
2236,5,39,25,0,80567640,4775,26320740,1554,17645
2237,7,40,25,0,80588340,4775,26325060,1554,17652
2238,11,40,25,0,80608320,4775,26333820,1554,17663
2239,11,40,25,0,80637240,4776,26336820,1554,17674
2240,6,38,25,0,80655840,4775,26353680,1554,17680
2241,9,40,25,0,80681460,4776,26357220,1554,17689
2242,11,38,25,0,80699100,4776,26395920,1556,17700
2243,10,36,25,0,80730300,4776,26623260,1569,17710
2244,13,40,25,0,80733300,4775,26623320,1569,17723
2245,8,39,25,0,80770080,4776,26639700,1569,17731
2246,18,38,25,0,80785380,4776,26646600,1569,17749
2247,11,40,25,0,80809080,4776,26688780,1571,17760
2248,9,38,25,0,80832600,4776,26747460,1574,17769
2249,6,39,25,0,80854080,4776,26751660,1574,17775
2250,11,38,25,0,80878980,4776,26775960,1575,17786
2251,12,40,25,0,80895720,4776,26780520,1575,17798
2252,3,40,25,0,80911140,4776,26808840,1576,17801
2253,5,39,25,0,80937180,4777,26820420,1577,17806
2254,5,39,25,0,80959140,4776,26900820,1581,17811
2255,6,40,25,0,80974560,4776,26906760,1581,17817
2256,9,40,25,0,80983140,4776,26910360,1581,17826
2257,7,40,25,0,81024660,4777,26928180,1581,17833
2258,6,36,25,0,81055560,4777,27400860,1609,17839
2259,7,34,25,0,81075960,4776,27632880,1622,17846
2260,3,32,25,0,81090480,4775,28153680,1652,17849
2261,9,34,25,0,81111000,4775,28157580,1652,17858
2262,4,35,25,0,81128640,4775,28166940,1652,17862
2263,10,39,25,0,81148800,4775,28178820,1652,17872
2264,6,39,25,0,81165360,4775,28189560,1652,17878
2265,6,40,25,0,81198840,4776,28217580,1653,17884
2266,6,40,25,0,81214920,4776,28226100,1654,17890
2267,12,40,25,0,81233100,4777,28230060,1653,17902
2268,12,40,25,0,81264900,4777,28239420,1653,17914
2269,8,40,25,0,81276300,4777,28242180,1653,17922
2270,9,39,25,0,81304980,4777,28274340,1655,17931
2271,14,40,25,0,81324420,4777,28278240,1655,17945
2272,6,39,25,0,81344160,4777,28284480,1655,17951
2273,10,39,25,0,81371280,4778,28348980,1658,17961
2274,5,38,25,0,81391320,4777,28402980,1661,17966
2275,11,40,25,0,81411480,4777,28411140,1661,17977
2276,5,40,25,0,81423180,4777,28416120,1661,17982
2277,3,33,25,0,81461280,4777,29564400,1728,17985
2278,4,29,25,0,81479160,4776,30044580,1755,17989
2279,3,24,25,0,81502440,4775,31985700,1868,17992
2280,3,17,25,0,81527100,4773,34036560,1988,17995
2281,3,15,25,0,81536220,4772,34355580,2006,17998
2282,7,15,25,0,81564600,4772,34546380,2016,18005
2283,10,22,25,0,81579960,4772,34550880,2016,18015
2284,8,26,25,0,81604500,4773,34558860,2015,18023
2285,8,30,25,0,81626700,4773,34580340,2015,18031
2286,1,28,25,0,81641700,4773,34590480,2016,18032
2287,3,27,25,0,81672660,4773,34618200,2017,18035
2288,8,32,25,0,81690240,4774,34631880,2017,18043
2289,7,36,25,0,81706500,4774,34653240,2018,18050
2290,12,39,25,0,81740160,4774,34669740,2017,18062
2291,18,40,25,0,81754140,4774,34684200,2018,18080
2292,11,40,25,0,81780300,4774,34705800,2018,18091
2293,8,40,25,0,81795540,4774,34742580,2020,18099
2294,11,36,25,0,81831720,4775,34827060,2025,18110
2295,10,40,25,0,81835680,4775,34827360,2024,18120
2296,7,40,25,0,81864060,4775,34856880,2025,18127
2297,8,38,25,0,81887700,4775,34869480,2025,18135
2298,15,39,25,0,81917280,4775,34889160,2026,18150
2299,8,40,25,0,81931020,4775,34893000,2026,18158
2300,6,40,25,0,81948240,4775,34952700,2029,18164
2301,6,40,25,0,81964020,4775,34963860,2029,18170
2302,9,39,25,0,81997440,4775,34988640,2030,18179
2303,2,37,25,0,82018620,4776,35113740,2037,18181
2304,6,38,25,0,82039260,4775,35200620,2041,18187
2305,6,37,25,0,82064820,4775,35292120,2046,18193
2306,5,36,25,0,82087980,4775,35300460,2046,18198
2307,5,37,25,0,82101180,4774,35305320,2046,18203
2308,3,34,25,0,82131240,4774,35397060,2050,18206
2309,2,31,25,0,82150500,4774,35654400,2065,18208
2310,5,29,25,0,82172160,4773,35935980,2081,18213
2311,4,26,25,0,82191960,4773,36180540,2094,18217
2312,6,23,25,0,82215720,4771,37443360,2167,18223
2313,12,30,25,0,82229100,4771,37974780,2197,18235
2314,11,38,25,0,82249980,4771,37979940,2195,18246
2315,11,39,25,0,82277040,4772,37990800,2195,18257
2316,10,39,25,0,82297260,4772,38008020,2195,18267
2317,4,39,25,0,82319220,4772,38013120,2195,18271
2318,11,39,25,0,82345080,4773,38044800,2197,18282
2319,15,40,25,0,82359180,4773,38064540,2197,18297
2320,8,40,25,0,82382760,4773,38120220,2200,18305
2321,10,40,25,0,82411440,4773,38139000,2200,18315
2322,7,40,25,0,82414740,4773,38143140,2200,18322
2323,7,40,25,0,82449360,4773,38193600,2203,18329
2324,3,39,25,0,82469220,4773,38205300,2203,18332
2325,14,40,25,0,82486500,4774,38248500,2205,18346
2326,9,40,25,0,82514880,4774,38304420,2208,18355
2327,3,39,25,0,82534920,4774,38359560,2210,18358
2328,7,40,25,0,82552260,4774,38414340,2213,18365
2329,7,38,25,0,82587960,4774,38425500,2213,18372
2330,3,38,25,0,82600020,4774,38470680,2215,18375
2331,6,40,25,0,82608840,4774,38470800,2215,18381
2332,5,39,25,0,82638180,4775,38479920,2215,18386
2333,4,40,25,0,82658820,4775,38480580,2215,18390
2334,8,39,25,0,82690020,4776,38484900,2214,18398
2335,4,39,25,0,82700160,4776,38559300,2218,18402
2336,8,40,25,0,82722420,4776,38560380,2218,18410
2337,16,40,25,0,82759560,4776,38611560,2220,18426
2338,13,40,25,0,82772640,4776,38629200,2220,18439
2339,14,39,25,0,82782000,4776,38698380,2224,18453
2340,9,38,25,0,82819500,4777,38780100,2228,18462
2341,6,39,25,0,82834920,4777,38857560,2232,18468
2342,7,39,25,0,82864080,4776,38866620,2232,18475
2343,10,39,25,0,82884300,4776,38876040,2232,18485
2344,9,38,25,0,82906140,4777,38917980,2234,18494
2345,9,40,25,0,82927620,4776,38921100,2233,18503
2346,6,39,25,0,82942800,4776,38924940,2233,18509
2347,6,40,25,0,82956900,4777,38926620,2233,18515
2348,5,37,25,0,82996380,4777,39060600,2240,18520
2349,6,39,25,0,83009400,4777,39065340,2240,18526
2350,4,37,25,0,83032260,4777,39074400,2240,18530
2351,5,39,25,0,83049900,4777,39081360,2239,18535
2352,8,40,25,0,83073540,4777,39089160,2240,18543
2353,5,40,25,0,83101560,4778,39103800,2240,18548
2354,3,38,25,0,83121720,4777,39218100,2246,18551
2355,6,39,25,0,83142060,4777,39373200,2254,18557
2356,6,38,25,0,83166120,4777,39385260,2254,18563
2357,6,40,25,0,83171880,4777,39390240,2254,18569
2358,4,37,25,0,83210580,4778,39404400,2254,18573
2359,12,39,25,0,83227020,4777,39408180,2254,18585
2360,8,38,25,0,83250720,4777,39429000,2254,18593
2361,11,40,25,0,83270220,4777,39435120,2254,18604
2362,9,38,25,0,83290320,4778,39442740,2254,18613
2363,6,39,25,0,83315700,4778,39447840,2254,18619
2364,8,39,25,0,83328660,4778,39453900,2254,18627
2365,5,38,25,0,83357340,4778,39666900,2265,18632
2366,14,39,25,0,83386200,4778,39820080,2273,18646
2367,2,35,25,0,83407500,4778,40019400,2284,18648
2368,10,40,25,0,83418240,4777,40021260,2284,18658
2369,3,37,25,0,83446800,4777,40031220,2283,18661
2370,13,40,25,0,83458620,4778,40033860,2283,18674
2371,6,36,25,0,83492940,4778,40162860,2290,18680
2372,6,38,25,0,83509380,4777,40168860,2289,18686
2373,3,37,25,0,83530380,4778,40175280,2289,18689
2374,7,39,25,0,83554200,4778,40180920,2289,18696
2375,5,39,25,0,83572320,4778,40196400,2290,18701
2376,1,33,25,0,83595720,4777,40896960,2329,18702
2377,5,29,25,0,83622120,4776,41893740,2385,18707
2378,11,35,25,0,83639940,4776,41896620,2384,18718
2379,2,35,25,0,83650740,4776,41899260,2384,18720
2380,5,33,25,0,83685420,4776,41917320,2384,18725
2381,6,38,25,0,83691960,4776,41920020,2383,18731
2382,5,38,25,0,83725740,4776,41928300,2383,18736
2383,6,40,25,0,83745960,4777,41935080,2383,18742
2384,10,40,25,0,83766780,4777,41939700,2383,18752
2385,8,38,25,0,83788200,4776,41977200,2384,18760
2386,11,40,25,0,83810160,4776,42029040,2386,18771
2387,18,39,25,0,83827200,4776,42039360,2386,18789
2388,11,40,25,0,83850780,4776,42044820,2386,18800
2389,9,40,25,0,83862780,4776,42046380,2386,18809
2390,11,38,25,0,83904360,4777,42101940,2388,18820
2391,7,39,25,0,83915640,4776,42106080,2388,18827
2392,12,40,25,0,83937840,4777,42112740,2388,18839
2393,12,40,25,0,83953380,4777,42134700,2388,18851
2394,17,40,25,0,83990700,4777,42163320,2389,18868
2395,8,40,25,0,84003000,4776,42176700,2389,18876
2396,4,40,25,0,84017400,4776,42183360,2389,18880
2397,8,37,25,0,84049560,4777,42203400,2390,18888
2398,7,39,25,0,84071280,4777,42208740,2390,18895
2399,4,39,25,0,84089160,4777,42220800,2390,18899

