Hour,Arrivals,Waiting,Treating,Available Rooms,Total Treatment Time,Average Treatment Time,Total Wait Time,Average Wait Time,Total Arrivals
1,5,0,4,21,1020,1020,0,0,5
2,7,0,7,18,10620,2124,0,0,12
3,10,0,14,11,19200,2400,0,0,22
4,8,0,14,11,63660,3978,0,0,30
5,5,0,7,18,123600,4414,0,0,35
6,10,0,12,13,148320,4494,0,0,45
7,12,0,10,15,199680,4248,0,0,57
8,9,0,12,13,236400,4377,0,0,66
9,10,0,12,13,275760,4308,0,0,76
10,11,0,18,7,306360,4440,0,0,87
11,9,0,15,10,371460,4585,0,0,96
12,9,0,11,14,441960,4701,0,0,105
13,7,0,8,17,486480,4677,0,0,112
14,5,0,7,18,513900,4671,0,0,117
15,5,0,8,17,532620,4672,0,0,122
16,8,0,8,17,570360,4675,0,0,130
17,9,0,14,11,579780,4638,0,0,139
18,4,0,7,18,638940,4698,0,0,143
19,9,0,10,15,664560,4680,0,0,152
20,7,0,9,16,708360,4722,0,0,159
21,6,0,9,16,738900,4736,0,0,165
22,8,0,11,14,771120,4760,0,0,173
23,9,0,14,11,805320,4793,0,0,182
24,2,0,7,18,853620,4822,0,0,184
25,7,0,7,18,891660,4845,0,0,191
26,6,0,5,20,920520,4794,0,0,197
27,8,0,9,16,930540,4747,0,0,205
28,5,0,7,18,958860,4723,0,0,210
29,6,0,7,18,995160,4761,0,0,216
30,7,0,9,16,1018800,4760,0,0,223
31,4,0,9,16,1035660,4750,0,0,227
32,5,0,7,18,1074900,4777,0,0,232
33,9,0,7,18,1112460,4754,0,0,241
34,10,0,14,11,1126740,4754,0,0,251
35,8,0,15,10,1161960,4762,0,0,259
36,13,0,14,11,1228500,4761,0,0,272
37,12,0,11,14,1294740,4742,0,0,284
38,9,0,12,13,1329540,4731,0,0,293
39,10,0,14,11,1366080,4726,0,0,303
40,8,0,13,12,1403820,4710,0,0,311
41,10,0,13,12,1461360,4744,0,0,321
42,10,0,12,13,1523880,4777,0,0,331
43,8,0,9,16,1567260,4749,0,0,339
44,9,0,10,15,1597140,4725,0,0,348
45,6,0,10,15,1631580,4742,0,0,354
46,3,0,6,19,1671900,4763,0,0,357
47,6,0,10,15,1683180,4768,0,0,363
48,3,0,5,20,1726020,4781,0,0,366
49,3,0,5,20,1736820,4771,0,0,369
50,7,0,7,18,1759380,4767,0,0,376
51,3,0,7,18,1766940,4749,0,0,379
52,5,0,4,21,1800120,4737,0,0,384
53,7,0,10,15,1801020,4727,0,0,391
54,5,0,9,16,1830960,4731,0,0,396
55,4,0,7,18,1864860,4745,0,0,400
56,13,0,13,12,1895520,4738,0,0,413
57,4,0,5,20,1947360,4726,0,0,417
58,7,0,7,18,1971000,4726,0,0,424
59,8,0,10,15,1986960,4708,0,0,432
60,4,0,9,16,2011440,4710,0,0,436
61,13,0,13,12,2052840,4708,0,0,449
62,6,0,12,13,2086200,4709,0,0,455
63,9,0,10,15,2140980,4715,0,0,464
64,16,0,19,6,2175840,4719,0,0,480
65,6,0,12,13,2231400,4707,0,0,486
66,6,0,10,15,2275800,4721,0,0,492
67,8,0,11,14,2315280,4734,0,0,500
68,8,0,8,17,2364540,4729,0,0,508
69,5,0,5,20,2404200,4732,0,0,513
70,8,0,10,15,2410260,4716,0,0,521
71,5,0,7,18,2450400,4721,0,0,526
72,8,0,9,16,2475180,4714,0,0,534
73,5,0,8,17,2503620,4714,0,0,539
74,14,0,14,11,2538420,4709,0,0,553
75,7,0,12,13,2575380,4699,0,0,560
76,6,0,11,14,2617440,4716,0,0,566
77,4,0,8,17,2659860,4732,0,0,570
78,6,0,9,16,2677740,4722,0,0,576
79,6,0,6,19,2735760,4749,0,0,582
80,3,0,3,22,2757360,4737,0,0,585
81,11,0,10,15,2766660,4721,0,0,596
82,8,0,13,12,2791440,4723,0,0,604
83,6,0,8,17,2841300,4719,0,0,610
84,10,0,11,14,2866080,4706,0,0,620
85,8,0,13,12,2893740,4705,0,0,628
86,9,0,12,13,2946780,4714,0,0,637
87,9,0,10,15,2989740,4700,0,0,646
88,9,0,15,10,3013380,4708,0,0,655
89,7,0,11,14,3075480,4724,0,0,662
90,5,0,9,16,3110280,4726,0,0,667
91,11,0,12,13,3152700,4733,0,0,678
92,8,0,11,14,3186060,4720,0,0,686
93,7,0,10,15,3218220,4711,0,0,693
94,6,0,8,17,3264600,4724,0,0,699
95,5,0,5,20,3303900,4726,0,0,704
96,5,0,4,21,3320700,4710,0,0,709
97,5,0,4,21,3339360,4703,0,0,714
98,4,0,6,19,3352860,4709,0,0,718
99,4,0,6,19,3375420,4714,0,0,722
100,1,0,2,23,3394740,4708,0,0,723
101,4,0,3,22,3408600,4708,0,0,727
102,5,0,6,19,3415380,4704,0,0,732
103,7,0,10,15,3427740,4701,0,0,739
104,12,0,14,11,3454740,4687,0,0,751
105,5,0,10,15,3503940,4696,0,0,756
106,8,0,14,11,3526620,4702,0,0,764
107,8,0,10,15,3591360,4713,0,0,772
108,7,0,8,17,3633060,4712,0,0,779
109,13,0,13,12,3661200,4699,0,0,792
110,8,0,11,14,3702420,4692,0,0,800
111,7,0,13,12,3729480,4697,0,0,807
112,6,0,7,18,3798000,4712,0,0,813
113,10,0,7,18,3830880,4694,0,0,823
114,14,0,15,10,3852720,4687,0,0,837
115,6,0,12,13,3890580,4681,0,0,843
116,5,0,8,17,3940260,4690,0,0,848
117,6,0,5,20,3989160,4698,0,0,854
118,5,0,5,20,4005420,4690,0,0,859
119,7,0,7,18,4025220,4685,0,0,866
120,4,0,4,21,4058520,4686,0,0,870
121,2,0,1,24,4083060,4687,0,0,872
122,12,0,7,18,4094280,4668,0,0,884
123,5,0,8,17,4113540,4669,0,0,889
124,2,0,6,19,4141140,4679,0,0,891
125,6,0,5,20,4174740,4680,0,0,897
126,12,0,11,14,4203300,4680,0,0,909
127,3,0,8,17,4230120,4679,0,0,912
128,17,0,17,8,4264680,4676,0,0,929
129,8,0,14,11,4309080,4668,0,0,937
130,6,0,8,17,4380840,4685,0,0,943
131,6,0,10,15,4406040,4692,0,0,949
132,10,0,10,15,4445040,4683,0,0,959
133,12,0,13,12,4482420,4678,0,0,971
134,15,0,19,6,4518660,4672,0,0,986
135,8,0,14,11,4587480,4681,0,0,994
136,11,0,14,11,4640220,4682,0,0,1005
137,8,0,10,15,4690260,4676,0,0,1013
138,9,0,12,13,4730460,4683,0,0,1022
139,5,0,11,14,4761420,4686,0,0,1027
140,12,0,15,10,4809240,4696,0,0,1039
141,7,0,15,10,4852320,4706,0,0,1046
142,3,0,10,15,4906680,4722,0,0,1049
143,7,0,7,18,4969380,4737,0,0,1056
144,3,0,5,20,4992840,4737,0,0,1059
145,6,0,7,18,5010060,4735,0,0,1065
146,0,0,3,22,5035500,4741,0,0,1065
147,1,0,0,25,5056800,4743,0,0,1066
148,9,0,8,17,5059260,4741,0,0,1075
149,3,0,7,18,5072520,4736,0,0,1078
150,8,0,8,17,5105940,4736,0,0,1086
151,3,0,6,19,5127480,4734,0,0,1089
152,20,0,19,6,5152080,4726,0,0,1109
153,13,0,15,10,5215920,4711,0,0,1122
154,16,0,17,8,5267520,4698,0,0,1138
155,12,0,17,8,5316720,4692,0,0,1150
156,6,0,10,15,5378100,4692,0,0,1156
157,8,0,7,18,5439480,4701,0,0,1164
158,16,0,15,10,5468640,4694,0,0,1180
159,6,0,10,15,5512080,4687,0,0,1186
160,11,0,12,13,5561220,4693,0,0,1197
161,8,0,12,13,5601840,4695,0,0,1205
162,10,0,12,13,5641020,4689,0,0,1215
163,6,0,8,17,5688120,4689,0,0,1221
164,3,0,5,20,5716380,4689,0,0,1224
165,4,0,6,19,5736960,4694,0,0,1228
166,5,0,10,15,5745120,4697,0,0,1233
167,8,0,10,15,5786640,4700,0,0,1241
168,2,0,5,20,5821320,4702,0,0,1243
169,3,0,4,21,5832660,4696,0,0,1246
170,9,0,10,15,5855280,4703,0,0,1255
171,4,0,9,16,5880060,4704,0,0,1259
172,7,0,9,16,5914140,4704,0,0,1266
173,6,0,9,16,5943720,4706,0,0,1272
174,9,0,12,13,5976780,4709,0,0,1281
175,6,0,12,13,6001080,4706,0,0,1287
176,15,0,16,9,6056100,4709,0,0,1302
177,12,0,22,3,6096360,4718,0,0,1314
178,10,0,14,11,6197940,4731,0,0,1324
179,8,0,11,14,6246420,4728,0,0,1332
180,15,0,18,7,6283440,4727,0,0,1347
181,8,0,14,11,6331500,4721,0,0,1355
182,16,0,17,8,6385560,4716,0,0,1371
183,11,0,17,8,6431880,4712,0,0,1382
184,14,0,19,6,6485520,4709,0,0,1396
185,11,0,16,9,6552720,4710,0,0,1407
186,6,0,13,12,6609720,4721,0,0,1413
187,9,0,12,13,6653760,4718,0,0,1422
188,3,0,5,20,6698040,4716,0,0,1425
189,9,0,8,17,6728160,4718,0,0,1434
190,4,0,4,21,6760980,4714,0,0,1438
191,1,0,2,23,6777120,4716,0,0,1439
192,2,0,1,24,6794880,4718,0,0,1441
193,4,0,4,21,6799320,4718,0,0,1445
194,4,0,7,18,6803880,4718,0,0,1449
195,6,0,8,17,6823860,4715,0,0,1455
196,4,0,7,18,6841980,4712,0,0,1459
197,4,0,6,19,6876540,4719,0,0,1463
198,2,0,3,22,6896280,4717,0,0,1465
199,10,0,11,14,6909840,4719,0,0,1475
200,7,0,12,13,6929580,4714,0,0,1482
201,14,0,21,4,6958140,4717,0,0,1496
202,13,0,19,6,7025100,4714,0,0,1509
203,10,0,13,12,7109580,4720,0,0,1519
204,16,0,17,8,7154400,4713,0,0,1535
205,13,0,16,9,7216320,4710,0,0,1548
206,14,0,16,9,7280220,4709,0,0,1562
207,11,0,12,13,7341300,4702,0,0,1573
208,17,0,22,3,7376880,4704,0,0,1590
209,8,0,16,9,7441260,4703,0,0,1598
210,15,0,16,9,7512960,4704,0,0,1613
211,8,0,18,7,7549260,4709,0,0,1621
212,11,0,15,10,7624800,4715,0,0,1632
213,8,0,8,17,7686240,4709,0,0,1640
214,9,0,10,15,7721700,4711,0,0,1649
215,5,0,9,16,7757520,4715,0,0,1654
216,3,0,7,18,7788840,4720,0,0,1657
217,3,0,5,20,7820160,4725,0,0,1660
218,6,0,7,18,7839960,4725,0,0,1666
219,4,0,5,20,7861920,4721,0,0,1670
220,6,0,7,18,7886160,4725,0,0,1676
221,9,0,12,13,7900620,4722,0,0,1685
222,2,0,5,20,7939680,4720,0,0,1687
223,10,0,11,14,7969440,4726,0,0,1697
224,9,0,12,13,7997280,4720,0,0,1706
225,7,0,8,17,8044140,4717,0,0,1713
226,13,0,16,9,8069160,4718,0,0,1726
227,12,0,17,8,8104740,4709,0,0,1738
228,14,0,18,7,8173740,4713,0,0,1752
229,13,0,24,1,8206620,4713,0,0,1765
230,9,0,18,7,8287860,4719,1380,0,1774
231,11,0,18,7,8347920,4724,1380,0,1785
232,8,0,14,11,8416200,4730,1380,0,1793
233,8,0,10,15,8480580,4735,1380,0,1801
234,9,0,8,17,8523540,4730,1380,0,1810
235,12,0,12,13,8556180,4727,1380,0,1822
236,6,0,10,15,8587200,4723,1380,0,1828
237,9,0,10,15,8637180,4727,1380,0,1837
238,10,0,9,16,8680680,4722,1380,0,1847
239,8,0,12,13,8702220,4721,1380,0,1855
240,3,0,5,20,8754600,4724,1380,0,1858
241,3,0,3,22,8782860,4727,1380,0,1861
242,2,0,2,23,8790600,4723,1380,0,1863
243,5,0,5,20,8798640,4722,1380,0,1868
244,11,0,11,14,8818380,4720,1380,0,1879
245,4,0,6,19,8857860,4719,1380,0,1883
246,7,0,9,16,8885880,4724,1380,0,1890
247,10,0,13,12,8915160,4724,1380,0,1900
248,12,0,15,10,8958180,4722,1380,0,1912
249,11,0,13,12,9024180,4724,1380,0,1923
250,14,0,17,8,9065580,4721,1380,0,1937
251,10,0,14,11,9118680,4717,1380,0,1947
252,6,0,6,19,9191760,4720,1380,0,1953
253,9,0,12,13,9202860,4719,1380,0,1962
254,12,0,17,8,9232260,4717,1380,0,1974
255,18,0,20,5,9300420,4716,1380,0,1992
256,9,0,15,10,9372000,4719,1380,0,2001
257,6,0,12,13,9413100,4718,1380,0,2007
258,12,0,14,11,9472020,4724,1380,0,2019
259,4,0,8,17,9527700,4728,1380,0,2023
260,6,0,8,17,9558600,4729,1380,0,2029
261,5,0,8,17,9577800,4727,1380,0,2034
262,5,0,8,17,9612600,4732,1380,0,2039
263,3,0,7,18,9633960,4734,1380,0,2042
264,5,0,7,18,9658980,4734,1380,0,2047
265,5,0,4,21,9692280,4732,1380,0,2052
266,4,0,6,19,9701460,4732,1380,0,2056
267,3,0,5,20,9715320,4729,1380,0,2059
268,4,0,7,18,9727380,4731,1380,0,2063
269,9,0,10,15,9767700,4737,1380,0,2072
270,14,0,18,7,9790740,4734,1380,0,2086
271,6,0,14,11,9839100,4734,1380,0,2092
272,8,0,10,15,9899880,4736,1380,0,2100
273,9,0,12,13,9936840,4738,1380,0,2109
274,5,0,11,14,9965580,4738,1380,0,2114
275,12,0,17,8,10003080,4743,1380,0,2126
276,12,0,17,8,10058280,4742,1380,0,2138
277,14,0,14,11,10145220,4745,1380,0,2152
278,11,0,15,10,10193100,4745,1380,0,2163
279,9,0,13,12,10249920,4747,1380,0,2172
280,16,0,16,9,10293540,4739,1380,0,2188
281,4,0,10,15,10337940,4737,1380,0,2192
282,7,0,10,15,10377720,4740,1380,0,2199
283,6,0,10,15,10404840,4740,1380,0,2205
284,5,0,7,18,10446600,4741,1380,0,2210
285,4,0,7,18,10457820,4738,1380,0,2214
286,4,0,5,20,10493400,4741,1380,0,2218
287,3,0,5,20,10512540,4743,1380,0,2221
288,6,0,8,17,10526400,4743,1380,0,2227
289,7,0,11,14,10543860,4743,1380,0,2234
290,4,0,7,18,10584480,4744,1380,0,2238
291,2,0,4,21,10612860,4746,1380,0,2240
292,4,0,6,19,10620120,4745,1380,0,2244
293,3,0,2,23,10647600,4742,1380,0,2247
294,6,0,6,19,10656000,4742,1380,0,2253
295,4,0,6,19,10671420,4740,1380,0,2257
296,5,0,8,17,10682880,4739,1380,0,2262
297,4,0,3,22,10723920,4738,1380,0,2266
298,16,0,18,7,10728720,4738,1380,0,2282
299,11,0,19,6,10771560,4736,1380,0,2293
300,10,0,12,13,10847040,4734,1380,0,2303
301,9,0,14,11,10882260,4735,1380,0,2312
302,7,0,12,13,10930620,4738,1380,0,2319
303,14,0,17,8,10980000,4740,1380,0,2333
304,10,0,16,9,11023200,4737,1380,0,2343
305,14,0,16,9,11086200,4735,1380,0,2357
306,5,0,8,17,11144880,4734,1380,0,2362
307,12,0,14,11,11176200,4735,1380,0,2374
308,5,0,10,15,11226840,4739,1380,0,2379
309,4,0,4,21,11276280,4739,1380,0,2383
310,11,0,11,14,11293860,4739,1380,0,2394
311,6,0,12,13,11315340,4738,1380,0,2400
312,4,0,10,15,11348160,4740,1380,0,2404
313,4,0,6,19,11400420,4746,1380,0,2408
314,9,0,12,13,11425500,4750,1380,0,2417
315,6,0,10,15,11461800,4750,1380,0,2423
316,8,0,11,14,11499420,4751,1380,0,2431
317,8,0,12,13,11534640,4752,1380,0,2439
318,7,0,10,15,11576160,4752,1380,0,2446
319,11,0,11,14,11619840,4750,1380,0,2457
320,7,0,11,14,11653440,4750,1380,0,2464
321,5,0,8,17,11696160,4752,1380,0,2469
322,12,0,16,9,11713380,4751,1380,0,2481
323,6,0,10,15,11769360,4751,1380,0,2487
324,11,0,11,14,11818500,4752,1380,0,2498
325,14,0,15,10,11865300,4751,1380,0,2512
326,7,0,11,14,11909100,4748,1380,0,2519
327,7,0,10,15,11952720,4750,1380,0,2526
328,11,0,13,12,11992620,4751,1380,0,2537
329,13,0,12,13,12055920,4750,1380,0,2550
330,11,0,11,14,12105420,4747,1380,0,2561
331,13,0,15,10,12135840,4742,1380,0,2574
332,3,0,5,20,12195720,4741,1380,0,2577
333,6,0,5,20,12231420,4744,1380,0,2583
334,5,0,6,19,12252480,4745,1380,0,2588
335,4,0,5,20,12273480,4744,1380,0,2592
336,3,0,5,20,12280680,4741,1380,0,2595
337,6,0,5,20,12312900,4743,1380,0,2601
338,5,0,7,18,12320580,4740,1380,0,2606
339,3,0,8,17,12333420,4741,1380,0,2609
340,5,0,8,17,12362700,4743,1380,0,2614
341,8,0,9,16,12398520,4744,1380,0,2622
342,7,0,10,15,12425400,4744,1380,0,2629
343,8,0,10,15,12466620,4745,1380,0,2637
344,3,0,4,21,12509400,4745,1380,0,2640
345,10,0,9,16,12525120,4742,1380,0,2650
346,11,0,14,11,12547020,4740,1380,0,2661
347,15,0,19,6,12594360,4740,1380,0,2676
348,5,0,9,16,12664620,4739,1380,0,2681
349,8,0,8,17,12713520,4742,1380,0,2689
350,9,0,12,13,12732180,4740,1380,0,2698
351,10,0,13,12,12766860,4737,1380,0,2708
352,10,0,13,12,12804720,4733,1380,0,2718
353,13,0,16,9,12851700,4733,1380,0,2731
354,7,0,11,14,12908520,4733,1380,0,2738
355,9,0,10,15,12952860,4732,1380,0,2747
356,11,0,13,12,12978960,4728,1380,0,2758
357,9,0,13,12,13024620,4729,1380,0,2767
358,5,0,7,18,13079220,4730,1380,0,2772
359,5,0,6,19,13105320,4729,1380,0,2777
360,5,0,7,18,13125600,4729,1380,0,2782
361,5,0,8,17,13152360,4732,1380,0,2787
362,4,0,8,17,13176180,4734,1380,0,2791
363,8,0,9,16,13211040,4735,1380,0,2799
364,3,0,7,18,13230900,4733,1380,0,2802
365,7,0,7,18,13268460,4735,1380,0,2809
366,4,0,5,20,13291500,4733,1380,0,2813
367,7,0,8,17,13304520,4731,1380,0,2820
368,9,0,12,13,13331400,4732,1380,0,2829
369,12,0,13,12,13379640,4731,1380,0,2841
370,8,0,12,13,13418940,4729,1380,0,2849
371,13,0,17,8,13448460,4727,1380,0,2862
372,11,0,19,6,13498500,4729,1380,0,2873
373,11,0,20,5,13547940,4730,1380,0,2884
374,12,0,17,8,13641960,4738,1380,0,2896
375,9,0,13,12,13697280,4736,1380,0,2905
376,9,0,16,9,13733760,4739,1380,0,2914
377,7,0,13,12,13789860,4742,1380,0,2921
378,10,0,11,14,13849620,4743,1380,0,2931
379,8,0,9,16,13885860,4739,1380,0,2939
380,7,0,8,17,13930020,4741,1380,0,2946
381,8,0,11,14,13956060,4742,1380,0,2954
382,8,0,12,13,13982880,4739,1380,0,2962
383,3,0,6,19,14031540,4741,1380,0,2965
384,7,0,9,16,14051340,4742,1380,0,2972
385,5,0,10,15,14069820,4742,1380,0,2977
386,1,0,4,21,14113380,4745,1380,0,2978
387,1,0,2,23,14134860,4748,1380,0,2979
388,7,0,6,19,14146560,4747,1380,0,2986
389,6,0,8,17,14161320,4745,1380,0,2992
390,9,0,11,14,14179500,4742,1380,0,3001
391,8,0,9,16,14233440,4744,1380,0,3009
392,8,0,9,16,14264700,4742,1380,0,3017
393,12,0,10,15,14307900,4739,1380,0,3029
394,8,0,12,13,14333280,4738,1380,0,3037
395,18,0,22,3,14369280,4737,1380,0,3055
396,13,0,17,8,14440800,4733,1380,0,3068
397,12,0,18,7,14499180,4735,1380,0,3080
398,8,0,11,14,14567880,4734,1380,0,3088
399,15,0,19,6,14605560,4735,1380,0,3103
400,11,0,18,7,14661840,4735,1380,0,3114
401,8,0,12,13,14729160,4736,1380,0,3122
402,8,0,8,17,14784780,4735,1380,0,3130
403,7,0,8,17,14824020,4737,1380,0,3137
404,7,0,12,13,14833800,4736,1380,0,3144
405,2,0,4,21,14891220,4739,1380,0,3146
406,4,0,6,19,14902920,4740,1380,0,3150
407,8,0,12,13,14913540,4740,1380,0,3158
408,7,0,9,16,14960100,4740,1380,0,3165
409,2,0,4,21,15002700,4743,1380,0,3167
410,4,0,6,19,15009480,4742,1380,0,3171
411,4,0,5,20,15038220,4743,1380,0,3175
412,3,0,2,23,15056820,4740,1380,0,3178
413,7,0,7,18,15064620,4740,1380,0,3185
414,6,0,10,15,15071220,4737,1380,0,3191
415,12,0,15,10,15108540,4739,1380,0,3203
416,10,0,18,7,15143160,4739,1380,0,3213
417,7,0,8,17,15224520,4739,1380,0,3220
418,13,0,15,10,15253860,4740,1380,0,3233
419,9,0,13,12,15298800,4737,1380,0,3242
420,8,0,11,14,15360000,4742,1380,0,3250
421,7,0,12,13,15384840,4741,1380,0,3257
422,12,0,12,13,15439980,4740,1380,0,3269
423,13,0,17,8,15472560,4738,1380,0,3282
424,10,0,15,10,15534720,4740,1380,0,3292
425,5,0,8,17,15585120,4738,1380,0,3297
426,8,0,9,16,15625740,4740,1380,0,3305
427,9,0,14,11,15638460,4738,1380,0,3314
428,4,0,8,17,15687900,4739,1380,0,3318
429,5,0,5,20,15731820,4741,1380,0,3323
430,7,0,7,18,15750780,4739,1380,0,3330
431,4,0,6,19,15771660,4739,1380,0,3334
432,5,0,4,21,15801480,4738,1380,0,3339
433,1,0,1,24,15817080,4737,1380,0,3340
434,8,0,7,18,15824400,4736,1380,0,3348
435,5,0,7,18,15843540,4735,1380,0,3353
436,5,0,7,18,15859020,4732,1380,0,3358
437,6,0,5,20,15894420,4731,1380,0,3364
438,11,0,12,13,15909480,4730,1380,0,3375
439,8,0,12,13,15945240,4730,1380,0,3383
440,10,0,14,11,15989280,4731,1380,0,3393
441,6,0,8,17,16040940,4730,1380,0,3399
442,8,0,10,15,16074840,4732,1380,0,3407
443,12,0,12,13,16120860,4731,1380,0,3419
444,13,0,16,9,16161900,4731,1380,0,3432
445,8,0,15,10,16196220,4728,1380,0,3440
446,9,0,10,15,16271460,4731,1380,0,3449
447,9,0,10,15,16311840,4730,1380,0,3458
448,9,0,12,13,16339140,4729,1380,0,3467
449,8,0,10,15,16389360,4729,1380,0,3475
450,7,0,9,16,16421520,4728,1380,0,3482
451,7,0,6,19,16464720,4727,1380,0,3489
452,8,0,8,17,16492920,4727,1380,0,3497
453,11,0,16,9,16506660,4726,1380,0,3508
454,6,0,12,13,16555620,4727,1380,0,3514
455,2,0,3,22,16617840,4730,1380,0,3516
456,7,0,6,19,16631580,4728,1380,0,3523
457,5,0,7,18,16641480,4726,1380,0,3528
458,2,0,4,21,16676100,4729,1380,0,3530
459,4,0,6,19,16682700,4728,1380,0,3534
460,6,0,7,18,16704660,4728,1380,0,3540
461,5,0,8,17,16724580,4728,1380,0,3545
462,6,0,10,15,16740840,4727,1380,0,3551
463,6,0,7,18,16782240,4727,1380,0,3557
464,12,0,14,11,16803840,4726,1380,0,3569
465,11,0,13,12,16868820,4729,1380,0,3580
466,7,0,9,16,16918260,4728,1380,0,3587
467,12,0,13,12,16949040,4726,1380,0,3599
468,17,0,20,5,16992540,4725,1380,0,3616
469,8,0,16,9,17035980,4721,1380,0,3624
470,7,0,10,15,17122440,4728,1380,0,3631
471,13,0,13,12,17165640,4727,1380,0,3644
472,11,0,13,12,17205360,4724,1380,0,3655
473,13,0,18,7,17251080,4726,1380,0,3668
474,7,0,9,16,17316240,4723,1380,0,3675
475,13,0,13,12,17367120,4725,1380,0,3688
476,3,0,6,19,17415120,4725,1380,0,3691
477,4,0,4,21,17445960,4726,1380,0,3695
478,3,0,5,20,17453340,4726,1380,0,3698
479,10,0,10,15,17475060,4725,1380,0,3708
480,4,0,6,19,17511300,4725,1380,0,3712
481,5,0,7,18,17531940,4725,1380,0,3717
482,4,0,4,21,17559840,4724,1380,0,3721
483,6,0,6,19,17579520,4724,1380,0,3727
484,3,0,6,19,17590860,4723,1380,0,3730
485,10,0,10,15,17624280,4725,1380,0,3740
486,4,0,9,16,17643180,4723,1380,0,3744
487,10,0,8,17,17695140,4723,1380,0,3754
488,12,0,12,13,17724900,4721,1380,0,3766
489,10,0,12,13,17773260,4721,1380,0,3776
490,14,0,17,8,17809860,4720,1380,0,3790
491,7,0,13,12,17864160,4720,1380,0,3797
492,8,0,12,13,17920680,4724,1380,0,3805
493,12,0,15,10,17965560,4725,1380,0,3817
494,11,0,12,13,18028620,4724,1380,0,3828
495,9,0,13,12,18063180,4723,1380,0,3837
496,12,0,11,14,18136320,4725,1380,0,3849
497,12,0,11,14,18178500,4721,1380,0,3861
498,15,0,14,11,18228060,4719,1380,0,3876
499,5,0,10,15,18266400,4718,1380,0,3881
500,7,0,8,17,18307560,4718,1380,0,3888
501,6,0,10,15,18336000,4720,1380,0,3894
502,3,0,5,20,18375840,4721,1380,0,3897
503,10,0,10,15,18392580,4719,1380,0,3907
504,9,0,12,13,18417360,4717,1380,0,3916
505,9,0,11,14,18453720,4714,1380,0,3925
506,2,0,7,18,18484080,4715,1380,0,3927
507,3,0,5,20,18505140,4714,1380,0,3930
508,5,0,6,19,18536700,4717,1380,0,3935
509,5,0,8,17,18549240,4717,1380,0,3940
510,10,0,13,12,18577740,4718,1380,0,3950
511,6,0,10,15,18617160,4717,1380,0,3956
512,9,0,8,17,18663720,4716,1380,0,3965
513,7,0,9,16,18694380,4717,1380,0,3972
514,14,0,17,8,18734940,4720,1380,0,3986
515,9,0,16,9,18780780,4719,1380,0,3995
516,5,0,8,17,18846720,4721,1380,0,4000
517,11,0,14,11,18870540,4721,1380,0,4011
518,10,0,14,11,18912660,4719,1380,0,4021
519,7,0,10,15,18956160,4717,1380,0,4028
520,12,0,14,11,18990480,4716,1380,0,4040
521,6,0,7,18,19053000,4717,1380,0,4046
522,7,0,9,16,19078020,4717,1380,0,4053
523,4,0,5,20,19116960,4717,1380,0,4057
524,6,0,6,19,19132680,4715,1380,0,4063
525,7,0,9,16,19152420,4716,1380,0,4070
526,6,0,7,18,19178880,4713,1380,0,4076
527,2,0,4,21,19207080,4714,1380,0,4078
528,5,0,7,18,19214640,4714,1380,0,4083
529,11,0,13,12,19241580,4714,1380,0,4094
530,5,0,11,14,19283460,4717,1380,0,4099
531,3,0,3,22,19346700,4719,1380,0,4102
532,4,0,4,21,19361220,4719,1380,0,4106
533,8,0,7,18,19375680,4717,1380,0,4114
534,6,0,7,18,19397640,4716,1380,0,4120
535,8,0,11,14,19422180,4717,1380,0,4128
536,3,0,8,17,19454880,4718,1380,0,4131
537,6,0,7,18,19492980,4719,1380,0,4137
538,9,0,12,13,19513500,4720,1380,0,4146
539,15,0,17,8,19548180,4717,1380,0,4161
540,15,0,19,6,19602540,4715,1380,0,4176
541,13,0,18,7,19670760,4716,1380,0,4189
542,10,0,15,10,19733520,4716,1380,0,4199
543,10,0,15,10,19802700,4721,1380,0,4209
544,10,0,15,10,19852740,4722,1380,0,4219
545,13,0,17,8,19903020,4721,1380,0,4232
546,6,0,11,14,19963860,4722,1380,0,4238
547,6,0,4,21,20024520,4722,1380,0,4244
548,8,0,9,16,20035200,4721,1380,0,4252
549,4,0,9,16,20056680,4722,1380,0,4256
550,4,0,5,20,20102100,4724,1380,0,4260
551,3,0,5,20,20116680,4724,1380,0,4263
552,5,0,4,21,20141820,4723,1380,0,4268
553,3,0,5,20,20150040,4723,1380,0,4271
554,7,0,7,18,20169600,4722,1380,0,4278
555,4,0,7,18,20187900,4722,1380,0,4282
556,4,0,3,22,20225760,4722,1380,0,4286
557,4,0,4,21,20237520,4721,1380,0,4290
558,9,0,11,14,20250540,4722,1380,0,4299
559,6,0,9,16,20293680,4723,1380,0,4305
560,9,0,12,13,20325120,4724,1380,0,4314
561,10,0,12,13,20363580,4722,1380,0,4324
562,14,0,17,8,20396460,4720,1380,0,4338
563,13,0,15,10,20465520,4719,1380,0,4351
564,7,0,12,13,20507160,4718,1380,0,4358
565,17,0,17,8,20562060,4718,1380,0,4375
566,18,0,23,2,20616840,4717,1800,0,4393
567,9,0,16,9,20701140,4719,1800,0,4402
568,9,0,12,13,20767620,4720,1800,0,4411
569,10,0,14,11,20809140,4721,1800,0,4421
570,7,0,10,15,20867460,4723,1800,0,4428
571,3,0,7,18,20892300,4722,1800,0,4431
572,6,0,7,18,20923380,4723,1800,0,4437
573,7,0,9,16,20949060,4723,1800,0,4444
574,7,0,10,15,20974500,4722,1800,0,4451
575,5,0,9,16,21009660,4724,1800,0,4456
576,4,0,7,18,21046860,4726,1800,0,4460
577,5,0,8,17,21063120,4725,1800,0,4465
578,9,0,11,14,21094260,4726,1800,0,4474
579,3,0,7,18,21128940,4726,1800,0,4477
580,7,0,8,17,21159360,4727,1800,0,4484
581,7,0,10,15,21185880,4727,1800,0,4491
582,4,0,6,19,21225900,4728,1800,0,4495
583,13,0,11,14,21251580,4725,1800,0,4508
584,10,0,14,11,21279180,4724,1800,0,4518
585,15,0,19,6,21337620,4726,1800,0,4533
586,12,0,16,9,21404880,4726,1800,0,4545
587,8,0,12,13,21459180,4725,1800,0,4553
588,10,0,13,12,21512400,4728,1800,0,4563
589,17,0,21,4,21549840,4726,1800,0,4580
590,10,0,12,13,21637680,4726,1800,0,4590
591,6,0,10,15,21676740,4726,1800,0,4596
592,8,0,8,17,21727500,4727,1800,0,4604
593,11,0,10,15,21760920,4725,1800,0,4615
594,6,0,6,19,21807420,4725,1800,0,4621
595,9,0,10,15,21828660,4724,1800,0,4630
596,13,0,16,9,21863940,4725,1800,0,4643
597,3,0,8,17,21912840,4724,1800,0,4646
598,4,0,5,20,21947280,4724,1800,0,4650
599,5,0,5,20,21974520,4725,1800,0,4655
600,7,0,7,18,21999000,4725,1800,0,4662
601,3,0,6,19,22015080,4725,1800,0,4665
602,2,0,4,21,22039620,4726,1800,0,4667
603,7,0,6,19,22058160,4725,1800,0,4674
604,4,0,4,21,22076760,4723,1800,0,4678
605,7,0,9,16,22085820,4723,1800,0,4685
606,9,0,12,13,22110780,4722,1800,0,4694
607,8,0,11,14,22148580,4721,1800,0,4702
608,8,0,11,14,22194840,4723,1800,0,4710
609,6,0,11,14,22227180,4724,1800,0,4716
610,7,0,10,15,22276080,4726,1800,0,4723
611,10,0,13,12,22305240,4725,1800,0,4733
612,13,0,13,12,22357800,4723,1800,0,4746
613,8,0,13,12,22396920,4724,1800,0,4754
614,7,0,10,15,22452240,4725,1800,0,4761
615,5,0,7,18,22488060,4725,1800,0,4766
616,16,0,16,9,22519020,4724,1800,0,4782
617,11,0,16,9,22568760,4724,1800,0,4793
618,13,0,16,9,22630380,4724,1800,0,4806
619,6,0,9,16,22691340,4724,1800,0,4812
620,7,0,7,18,22737180,4725,1800,0,4819
621,3,0,3,22,22765920,4724,1800,0,4822
622,3,0,4,21,22773960,4723,1800,0,4825
623,12,0,11,14,22794420,4723,1800,0,4837
624,3,0,8,17,22824120,4723,1800,0,4840
625,4,0,6,19,22863240,4725,1800,0,4844
626,5,0,7,18,22885260,4726,1800,0,4849
627,6,0,9,16,22908720,4727,1800,0,4855
628,7,0,8,17,22940640,4726,1800,0,4862
629,8,0,12,13,22959240,4726,1800,0,4870
630,11,0,15,10,22999260,4726,1800,0,4881
631,7,0,15,10,23036580,4727,1800,0,4888
632,4,0,7,18,23112240,4731,1800,0,4892
633,8,0,7,18,23146920,4730,1800,0,4900
634,8,0,10,15,23170380,4730,1800,0,4908
635,12,0,13,12,23216820,4731,1800,0,4920
636,8,0,15,10,23242740,4730,1800,0,4928
637,13,0,14,11,23317620,4732,1800,0,4941
638,10,0,16,9,23350320,4731,1800,0,4951
639,17,0,20,5,23403120,4729,1800,0,4968
640,5,0,13,12,23463060,4730,1800,0,4973
641,13,0,15,10,23531220,4733,1800,0,4986
642,11,0,17,8,23573940,4733,1800,0,4997
643,6,0,11,14,23634780,4734,1800,0,5003
644,10,0,9,16,23687220,4733,1800,0,5013
645,7,0,9,16,23719440,4733,1800,0,5020
646,6,0,6,19,23751780,4731,1800,0,5026
647,6,0,9,16,23765580,4731,1800,0,5032
648,7,0,11,14,23783580,4730,1800,0,5039
649,5,0,7,18,23831580,4731,1800,0,5044
650,4,0,5,20,23852580,4729,1800,0,5048
651,8,0,8,17,23875200,4729,1800,0,5056
652,1,0,4,21,23901000,4730,1800,0,5057
653,3,0,4,21,23919840,4730,1800,0,5060
654,7,0,8,17,23929920,4730,1800,0,5067
655,3,0,4,21,23966400,4730,1800,0,5070
656,7,0,7,18,23980140,4729,1800,0,5077
657,9,0,13,12,23990880,4729,1800,0,5086
658,9,0,12,13,24041700,4729,1800,0,5095
659,12,0,17,8,24075300,4729,1800,0,5107
660,10,0,16,9,24133740,4731,1800,0,5117
661,9,0,12,13,24204900,4733,1800,0,5126
662,12,0,13,12,24256200,4732,1800,0,5138
663,10,0,16,9,24292080,4733,1800,0,5148
664,10,0,15,10,24350760,4734,1800,0,5158
665,7,0,12,13,24420600,4739,1800,0,5165
666,9,0,10,15,24469500,4738,1800,0,5174
667,10,0,10,15,24513540,4737,1800,0,5184
668,10,0,11,14,24550200,4736,1800,0,5194
669,10,0,13,12,24583440,4735,1800,0,5204
670,3,0,8,17,24620520,4735,1800,0,5207
671,6,0,8,17,24658380,4737,1800,0,5213
672,8,0,9,16,24690900,4737,1800,0,5221
673,6,0,15,10,24690900,4737,1800,0,5227
674,4,0,13,12,24711120,4735,1800,0,5231
675,3,0,15,10,24717600,4736,1800,0,5234
676,6,0,16,9,24747300,4737,1800,0,5240
677,2,0,11,14,24780600,4737,1800,0,5242
678,6,0,15,10,24796740,4738,1800,0,5248
679,7,0,17,8,24815340,4737,1800,0,5255
680,13,0,24,1,24840840,4737,1800,0,5268
681,3,0,16,9,24886440,4735,1800,0,5271
682,14,0,23,2,24926400,4737,1800,0,5285
683,1,0,15,10,24962580,4735,1800,0,5286
684,5,0,13,12,25000740,4736,1800,0,5291
685,7,0,18,7,25005360,4735,1800,0,5298
686,13,0,25,0,25038120,4736,1800,0,5311
687,3,0,17,8,25091040,4736,2040,0,5314
688,12,0,18,7,25149600,4738,2040,0,5326
689,7,0,19,6,25174440,4737,2040,0,5333
690,7,0,19,6,25210020,4737,2040,0,5340
691,7,0,16,9,25247280,4735,2040,0,5347
692,12,0,22,3,25277460,4736,2040,0,5359
693,11,0,23,2,25318080,4735,2880,0,5370
694,6,0,16,9,25376280,4734,2880,0,5376
695,7,0,15,10,25416480,4734,2880,0,5383
696,7,0,17,8,25434180,4733,2880,0,5390
697,4,0,13,12,25473540,4733,2880,0,5394
698,8,0,16,9,25497060,4733,2880,0,5402
699,5,0,14,11,25531680,4734,2880,0,5407
700,3,0,13,12,25558140,4735,2880,0,5410
701,4,0,13,12,25574880,4735,2880,0,5414
702,7,0,14,11,25595280,4733,2880,0,5421
703,6,0,17,8,25610940,4734,2880,0,5427
704,7,0,14,11,25644120,4731,2880,0,5434
705,4,0,16,9,25652460,4731,2880,0,5438
706,9,0,17,8,25689480,4731,2880,0,5447
707,12,0,21,4,25729500,4731,2880,0,5459
708,6,0,20,5,25764600,4731,3000,0,5465
709,8,0,20,5,25807020,4732,3000,0,5473
710,15,0,21,4,25863720,4730,3000,0,5488
711,9,0,20,5,25902300,4729,3000,0,5497
712,2,0,14,11,25944300,4730,3000,0,5499
713,7,0,16,9,25974060,4731,3000,0,5506
714,6,0,17,8,25992960,4730,3000,0,5512
715,10,0,23,2,26016840,4731,3000,0,5522
716,8,0,24,1,26057700,4732,3000,0,5530
717,5,0,15,10,26132940,4734,3000,0,5535
718,9,0,18,7,26153640,4732,3000,0,5544
719,5,0,12,13,26198160,4731,3000,0,5549
720,8,0,17,8,26210280,4731,3000,0,5557
721,7,0,19,6,26231580,4730,3000,0,5564
722,7,0,18,7,26275260,4731,3000,0,5571
723,7,0,20,5,26299800,4731,3000,0,5578
724,9,0,16,9,26357520,4731,3000,0,5587
725,7,0,17,8,26382780,4730,3000,0,5594
726,11,0,20,5,26416920,4729,3000,0,5605
727,11,0,25,0,26444040,4729,3300,0,5616
728,10,0,21,4,26510460,4729,4560,0,5626
729,9,0,21,4,26558520,4730,4560,0,5635
730,11,0,24,1,26592720,4730,4560,0,5646
731,11,0,20,5,26652180,4728,4560,0,5657
732,11,0,22,3,26693460,4727,4680,0,5668
733,11,1,25,0,26723700,4727,7260,1,5679
734,13,0,24,1,26805540,4729,10080,1,5692
735,6,0,19,6,26865300,4730,10080,1,5698
736,9,0,19,6,26897340,4728,10080,1,5707
737,7,0,16,9,26954700,4730,10080,1,5714
738,7,0,18,7,26982840,4731,10080,1,5721
739,8,0,21,4,27009540,4731,10080,1,5729
740,9,0,21,4,27057480,4732,10080,1,5738
741,8,0,21,4,27104880,4734,10080,1,5746
742,4,0,16,9,27154440,4735,10080,1,5750
743,6,0,16,9,27190320,4736,10080,1,5756
744,7,0,18,7,27206640,4735,10080,1,5763
745,5,0,13,12,27267480,4738,10080,1,5768
746,3,0,15,10,27270840,4737,10080,1,5771
747,9,0,19,6,27305340,4739,10080,1,5780
748,12,0,21,4,27348060,4738,10080,1,5792
749,7,0,21,4,27383400,4739,10080,1,5799
750,8,0,18,7,27444240,4740,10080,1,5807
751,8,0,19,6,27466740,4738,10080,1,5815
752,5,0,17,8,27508920,4740,10080,1,5820
753,10,0,22,3,27536580,4741,10080,1,5830
754,11,0,22,3,27575940,4738,10080,1,5841
755,10,0,24,1,27619800,4739,10080,1,5851
756,9,0,24,1,27670320,4741,10080,1,5860
757,12,0,24,1,27732660,4742,10080,1,5872
758,11,2,25,0,27780300,4743,19860,3,5883
759,6,0,22,3,27843300,4745,22380,3,5889
760,12,0,25,0,27899640,4748,22380,3,5901
761,8,0,21,4,27963000,4749,25320,4,5909
762,6,0,19,6,27998520,4748,25320,4,5915
763,11,0,20,5,28054440,4750,25320,4,5926
764,5,0,19,6,28081620,4749,25320,4,5931
765,3,0,13,12,28134900,4751,25320,4,5934
766,5,0,14,11,28150680,4751,25320,4,5939
767,8,0,18,7,28178220,4752,25320,4,5947
768,1,0,14,11,28207260,4753,25320,4,5948
769,2,0,12,13,28233960,4754,25320,4,5950
770,5,0,13,12,28258260,4755,25320,4,5955
771,9,0,20,5,28263180,4754,25320,4,5964
772,5,0,16,9,28302240,4754,25320,4,5969
773,9,0,16,9,28335060,4752,25320,4,5978
774,3,0,14,11,28362180,4753,25320,4,5981
775,4,0,13,12,28386900,4753,25320,4,5985
776,11,0,20,5,28405980,4753,25320,4,5996
777,9,0,23,2,28428600,4752,25320,4,6005
778,9,0,18,7,28491120,4751,25500,4,6014
779,8,0,21,4,28515420,4751,25500,4,6022
780,10,0,17,8,28578000,4751,25500,4,6032
781,7,0,18,7,28597620,4749,25500,4,6039
782,9,0,17,8,28648980,4750,25500,4,6048
783,13,0,22,3,28675920,4748,25500,4,6061
784,10,0,21,4,28727700,4748,25500,4,6071
785,6,0,17,8,28774860,4748,25500,4,6077
786,12,0,20,5,28810980,4747,25500,4,6089
787,7,0,19,6,28841580,4746,25500,4,6096
788,10,0,17,8,28896780,4745,25500,4,6106
789,10,0,19,6,28932960,4745,25500,4,6116
790,8,0,21,4,28958820,4745,25500,4,6124
791,6,0,17,8,29005860,4744,25500,4,6130
792,9,0,20,5,29044320,4746,25500,4,6139
793,8,0,19,6,29088180,4746,25500,4,6147
794,3,0,14,11,29129880,4747,25500,4,6150
795,1,0,10,15,29160840,4748,25500,4,6151
796,5,0,13,12,29168880,4748,25500,4,6156
797,5,0,15,10,29180280,4747,25500,4,6161
798,6,0,14,11,29211540,4747,25500,4,6167
799,2,0,11,14,29239020,4748,25500,4,6169
800,3,0,12,13,29244660,4747,25500,4,6172
801,11,0,18,7,29264340,4746,25500,4,6183
802,7,0,19,6,29290920,4746,25500,4,6190
803,5,0,15,10,29335680,4746,25500,4,6195
804,8,0,18,7,29361960,4747,25500,4,6203
805,13,0,25,0,29388780,4747,25500,4,6216
806,12,4,25,0,29442300,4749,29940,4,6228
807,10,3,25,0,29504160,4751,46380,7,6238
808,14,5,25,0,29565360,4751,56040,8,6252
809,8,0,22,3,29642460,4751,76140,12,6260
810,7,0,19,6,29691120,4752,76140,12,6267
811,3,0,12,13,29742240,4752,76140,12,6270
812,8,0,18,7,29753940,4753,76140,12,6278
813,10,0,21,4,29785980,4752,76140,12,6288
814,4,0,15,10,29836500,4753,76140,12,6292
815,7,0,16,9,29868360,4753,76140,12,6299
816,8,0,18,7,29894220,4753,76140,12,6307
817,6,0,14,11,29941260,4753,76140,12,6313
818,5,0,13,12,29959860,4751,76140,12,6318
819,9,0,18,7,29972280,4750,76140,12,6327
820,5,0,14,11,30027420,4752,76140,12,6332
821,5,0,16,9,30043200,4752,76140,12,6337
822,6,0,16,9,30078540,4753,76140,12,6343
823,4,0,14,11,30097140,4752,76140,11,6347
824,12,0,19,6,30126420,4751,76140,11,6359
825,9,0,24,1,30138600,4750,76140,11,6368
826,4,0,17,8,30195300,4751,76140,11,6372
827,12,0,18,7,30247140,4751,76140,11,6384
828,14,0,22,3,30276420,4748,76140,11,6398
829,7,0,17,8,30326880,4747,76140,11,6405
830,4,0,13,12,30359700,4746,76140,11,6409
831,11,0,17,8,30387600,4745,76140,11,6420
832,14,3,25,0,30405000,4746,77340,12,6434
833,7,0,23,2,30463260,4746,86460,13,6441
834,10,0,18,7,30540540,4747,86460,13,6451
835,5,0,17,8,30573480,4748,86460,13,6456
836,1,0,11,14,30615300,4749,86460,13,6457
837,17,0,24,1,30628440,4748,86460,13,6474
838,4,0,16,9,30682200,4748,86520,13,6478
839,5,0,13,12,30720660,4748,86520,13,6483
840,6,0,13,12,30744060,4747,86520,13,6489
841,2,0,13,12,30757680,4748,86520,13,6491
842,4,0,12,13,30779460,4747,86520,13,6495
843,2,0,12,13,30786360,4747,86520,13,6497
844,9,0,17,8,30803640,4747,86520,13,6506
845,6,0,19,6,30826020,4747,86520,13,6512
846,4,0,14,11,30873000,4748,86520,13,6516
847,8,0,16,9,30902280,4748,86520,13,6524
848,6,0,15,10,30928800,4747,86520,13,6530
849,11,0,20,5,30957240,4747,86520,13,6541
850,9,0,21,4,30985440,4745,86520,13,6550
851,8,0,19,6,31030860,4745,86520,13,6558
852,4,0,16,9,31076100,4747,86520,13,6562
853,11,0,20,5,31108440,4747,86520,13,6573
854,11,0,21,4,31139760,4744,86520,13,6584
855,11,1,25,0,31172820,4745,86520,13,6595
856,12,2,25,0,31232460,4746,88200,13,6607
857,8,0,19,6,31303620,4745,90480,13,6615
858,9,0,19,6,31357200,4747,90480,13,6624
859,6,0,16,9,31392240,4746,90480,13,6630
860,7,0,14,11,31434300,4746,90480,13,6637
861,8,0,20,5,31443600,4746,90480,13,6645
862,5,0,18,7,31478580,4746,90480,13,6650
863,8,0,19,6,31521180,4747,90480,13,6658
864,3,0,15,10,31562460,4749,90480,13,6661
865,7,0,13,12,31594260,4747,90480,13,6668
866,5,0,13,12,31621860,4748,90480,13,6673
867,2,0,12,13,31632900,4747,90480,13,6675
868,3,0,13,12,31646340,4748,90480,13,6678
869,6,0,14,11,31673520,4748,90480,13,6684
870,4,0,15,10,31682160,4747,90480,13,6688
871,7,0,13,12,31721460,4747,90480,13,6695
872,13,0,22,3,31735320,4746,90480,13,6708
873,15,4,25,0,31776240,4746,90480,13,6723
874,9,2,25,0,31831620,4747,97680,14,6732
875,10,0,21,4,31903680,4746,101460,15,6742
876,16,5,25,0,31940700,4747,101700,15,6758
877,10,3,25,0,32002560,4748,109140,16,6768
878,10,0,25,0,32067060,4748,123660,18,6778
879,12,0,23,2,32130600,4748,123660,18,6790
880,7,0,22,3,32169600,4748,123660,18,6797
881,6,0,16,9,32228940,4748,123660,18,6803
882,8,0,17,8,32266560,4749,123660,18,6811
883,5,0,14,11,32302140,4748,123660,18,6816
884,6,0,15,10,32326680,4749,123660,18,6822
885,6,0,15,10,32353080,4748,123660,18,6828
886,8,0,16,9,32382420,4748,123660,18,6836
887,5,0,19,6,32393460,4748,123660,18,6841
888,5,0,16,9,32432700,4748,123660,18,6846
889,8,0,16,9,32471460,4748,123660,18,6854
890,6,0,17,8,32493660,4748,123660,18,6860
891,7,0,17,8,32517300,4747,123660,18,6867
892,3,0,11,14,32564280,4747,123660,18,6870
893,6,0,16,9,32569620,4747,123660,17,6876
894,3,0,13,12,32602020,4748,123660,17,6879
895,9,0,17,8,32622240,4747,123660,17,6888
896,12,0,24,1,32640900,4747,123660,17,6900
897,16,9,25,0,32667780,4746,127920,18,6916
898,9,4,25,0,32756160,4750,147240,21,6925
899,3,0,20,5,32813280,4750,171540,24,6928
900,5,0,12,13,32883180,4751,171540,24,6933
901,14,0,23,2,32898360,4751,171540,24,6947
902,9,0,24,1,32928840,4750,174600,25,6956
903,5,0,15,10,32990640,4749,174600,25,6961
904,16,0,23,2,33027900,4749,174600,25,6977
905,13,2,25,0,33060060,4747,177600,25,6990
906,13,4,25,0,33129360,4750,182100,26,7003
907,8,1,25,0,33179280,4750,200700,28,7011
908,12,1,25,0,33239700,4750,201900,28,7023
909,9,0,25,0,33296280,4751,204660,29,7032
910,4,0,18,7,33359400,4753,204660,29,7036
911,5,0,14,11,33414240,4755,204660,29,7041
912,5,0,14,11,33437580,4755,204660,29,7046
913,5,0,14,11,33459060,4754,204660,29,7051
914,3,0,13,12,33478680,4754,204660,29,7054
915,3,0,13,12,33493920,4754,204660,29,7057
916,4,0,14,11,33514920,4755,204660,28,7061
917,10,0,18,7,33538800,4755,204660,28,7071
918,10,0,21,4,33558780,4753,204660,28,7081
919,8,0,19,6,33611220,4754,204660,28,7089
920,6,0,16,9,33650640,4753,204660,28,7095
921,6,0,16,9,33684840,4754,204660,28,7101
922,8,0,17,8,33707400,4752,204660,28,7109
923,6,0,18,7,33732540,4753,204660,28,7115
924,4,0,16,9,33763620,4753,204660,28,7119
925,10,0,21,4,33793440,4754,204660,28,7129
926,14,0,25,0,33837960,4753,204660,28,7143
927,6,0,21,4,33888060,4754,204720,28,7149
928,11,0,22,3,33936660,4754,204720,28,7160
929,12,0,21,4,34005000,4755,204720,28,7172
930,9,0,23,2,34040700,4755,204720,28,7181
931,7,0,21,4,34091280,4756,204960,28,7188
932,8,0,16,9,34155900,4757,204960,28,7196
933,7,0,16,9,34190280,4757,204960,28,7203
934,4,0,13,12,34220400,4756,204960,28,7207
935,4,0,15,10,34235220,4757,204960,28,7211
936,7,0,15,10,34268460,4757,204960,28,7218
937,5,0,15,10,34294920,4757,204960,28,7223
938,4,0,15,10,34312440,4757,204960,28,7227
939,4,0,15,10,34331820,4757,204960,28,7231
940,9,0,19,6,34355760,4757,204960,28,7240
941,7,0,19,6,34380900,4756,204960,28,7247
942,6,0,17,8,34423680,4757,204960,28,7253
943,9,0,20,5,34457040,4757,204960,28,7262
944,6,0,20,5,34493580,4759,204960,28,7268
945,16,1,25,0,34539840,4758,205740,28,7284
946,7,0,25,0,34586880,4760,208620,28,7291
947,9,0,22,3,34650240,4760,208620,28,7300
948,8,0,16,9,34717380,4761,208620,28,7308
949,11,0,19,6,34750320,4760,208620,28,7319
950,11,0,21,4,34782480,4758,208620,28,7330
951,9,0,22,3,34817520,4758,208620,28,7339
952,10,0,23,2,34863300,4758,208620,28,7349
953,10,0,23,2,34919460,4760,208620,28,7359
954,11,0,24,1,34967160,4760,208740,28,7370
955,7,0,19,6,35030400,4760,208800,28,7377
956,7,0,17,8,35078100,4761,208800,28,7384
957,8,0,17,8,35110200,4760,208800,28,7392
958,6,0,16,9,35142600,4760,208800,28,7398
959,7,0,17,8,35175720,4761,208800,28,7405
960,6,0,15,10,35219580,4761,208800,28,7411
961,3,0,15,10,35235660,4762,208800,28,7414
962,3,0,12,13,35277960,4764,208800,28,7417
963,9,0,18,7,35294880,4764,208800,28,7426
964,5,0,15,10,35320260,4762,208800,28,7431
965,8,0,16,9,35348460,4762,208800,28,7439
966,3,0,17,8,35355960,4761,208800,28,7442
967,9,0,17,8,35407920,4762,208800,28,7451
968,11,0,22,3,35422560,4761,208980,28,7462
969,8,0,18,7,35489160,4762,208980,27,7470
970,7,0,18,7,35519760,4762,208980,27,7477
971,13,0,25,0,35551020,4762,209160,27,7490
972,8,0,20,5,35610720,4762,210540,28,7498
973,11,0,20,5,35668620,4762,210540,28,7509
974,9,0,20,5,35704140,4761,210540,28,7518
975,6,0,17,8,35743980,4761,210540,27,7524
976,8,0,23,2,35757720,4761,210540,27,7532
977,10,0,23,2,35820780,4764,210540,27,7542
978,8,0,20,5,35881500,4765,211860,28,7550
979,6,0,14,11,35934180,4764,211860,28,7556
980,8,0,18,7,35950380,4764,211860,28,7564
981,7,0,16,9,35987220,4763,211860,27,7571
982,4,0,16,9,36012480,4764,211860,27,7575
983,7,0,18,7,36037740,4764,211860,27,7582
984,9,0,22,3,36064020,4764,211860,27,7591
985,7,0,21,4,36110280,4765,211860,27,7598
986,5,0,17,8,36160440,4766,211860,27,7603
987,3,0,13,12,36195360,4766,211860,27,7606
988,7,0,16,9,36210780,4766,211860,27,7613
989,4,0,16,9,36232680,4766,211860,27,7617
990,7,0,15,10,36267840,4766,211860,27,7624
991,7,0,17,8,36295140,4766,211860,27,7631
992,4,0,14,11,36325740,4766,211860,27,7635
993,6,0,15,10,36351000,4766,211860,27,7641
994,9,0,19,6,36379320,4767,211860,27,7650
995,9,0,22,3,36411060,4767,211860,27,7659
996,11,0,22,3,36466800,4768,212880,27,7670
997,8,0,19,6,36522480,4768,212880,27,7678
998,6,0,20,5,36547320,4768,212880,27,7684
999,9,0,16,9,36614160,4769,212880,27,7693
1000,12,0,22,3,36643980,4769,212880,27,7705
1001,3,0,14,11,36687900,4768,212880,27,7708
1002,10,0,15,10,36714600,4766,212880,27,7718
1003,9,0,19,6,36742320,4766,212880,27,7727
1004,2,0,15,10,36772380,4766,212880,27,7729
1005,8,0,16,9,36809280,4767,212880,27,7737
1006,2,0,13,12,36833400,4767,212880,27,7739
1007,9,0,15,10,36862260,4766,212880,27,7748
1008,6,0,15,10,36885660,4766,212880,27,7754
1009,5,0,17,8,36902580,4766,212880,27,7759
1010,5,0,17,8,36925560,4766,212880,27,7764
1011,6,0,17,8,36960900,4767,212880,27,7770
1012,6,0,15,10,36995640,4766,212880,27,7776
1013,5,0,16,9,37015380,4766,212880,27,7781
1014,8,0,17,8,37047000,4766,212880,27,7789
1015,10,0,22,3,37072920,4766,212880,27,7799
1016,16,2,25,0,37121280,4766,214020,27,7815
1017,10,5,25,0,37163160,4767,220500,28,7825
1018,12,7,25,0,37230660,4770,227460,29,7837
1019,6,0,17,8,37311600,4767,248100,31,7843
1020,8,0,18,7,37341480,4767,248100,31,7851
1021,13,0,20,5,37374000,4764,248100,31,7864
1022,7,0,18,7,37423440,4765,248100,31,7871
1023,9,0,19,6,37454520,4764,248100,31,7880
1024,9,0,19,6,37496280,4764,248100,31,7889
1025,6,0,12,13,37552140,4763,248100,31,7895
1026,11,0,20,5,37563660,4763,248100,31,7906
1027,10,0,20,5,37594500,4761,248100,31,7916
1028,4,0,16,9,37641600,4762,248100,31,7920
1029,4,0,13,12,37685220,4763,248100,31,7924
1030,7,0,15,10,37708800,4763,248100,31,7931
1031,5,0,15,10,37730280,4763,248100,31,7936
1032,7,0,16,9,37756560,4763,248100,31,7943
1033,6,0,14,11,37788780,4762,248100,31,7949
1034,7,0,18,7,37801020,4762,248100,31,7956
1035,10,0,18,7,37847100,4761,248100,31,7966
1036,5,0,15,10,37886340,4761,248100,31,7971
1037,9,0,21,4,37899780,4761,248100,31,7980
1038,10,0,21,4,37932660,4760,248100,31,7990
1039,9,0,19,6,37987920,4760,248280,31,7999
1040,5,0,17,8,38033460,4761,248280,31,8004
1041,14,0,23,2,38077920,4762,249120,31,8018
1042,12,0,24,1,38126940,4762,249720,31,8030
1043,10,0,23,2,38179080,4762,249720,31,8040
1044,13,0,23,2,38247120,4763,250740,31,8053
1045,15,4,25,0,38284440,4762,252420,31,8068
1046,9,1,25,0,38350980,4763,260220,32,8077
1047,14,0,24,1,38420760,4762,268380,33,8091
1048,6,0,20,5,38475420,4763,268380,33,8097
1049,10,0,22,3,38522880,4764,268380,33,8107
1050,5,0,18,7,38571900,4765,268380,33,8112
1051,14,0,24,1,38611380,4765,268380,33,8126
1052,6,0,16,9,38680140,4765,268500,33,8132
1053,11,0,19,6,38718000,4765,268500,32,8143
1054,4,0,16,9,38754240,4766,268500,32,8147
1055,9,0,22,3,38772540,4766,268500,32,8156
1056,5,0,18,7,38827020,4768,268500,32,8161
1057,8,0,19,6,38865000,4768,268500,32,8169
1058,8,0,20,5,38898780,4768,268500,32,8177
1059,7,0,19,6,38941980,4769,268500,32,8184
1060,10,0,21,4,38989440,4770,268500,32,8194
1061,9,0,19,6,39041340,4770,268500,32,8203
1062,8,0,22,3,39060540,4769,268500,32,8211
1063,4,0,15,10,39124320,4771,268500,32,8215
1064,13,0,22,3,39151440,4771,268500,32,8228
1065,6,0,18,7,39201240,4771,268500,32,8234
1066,10,0,20,5,39240240,4771,268500,32,8244
1067,8,0,19,6,39286320,4771,268500,32,8252
1068,8,0,20,5,39317280,4771,268500,32,8260
1069,5,0,13,12,39380760,4772,268500,32,8265
1070,12,0,22,3,39395040,4772,268500,32,8277
1071,15,1,25,0,39447840,4772,271560,32,8292
1072,7,0,23,2,39498720,4772,277140,33,8299
1073,7,0,17,8,39566700,4773,277140,33,8306
1074,5,0,15,10,39599280,4773,277140,33,8311
1075,14,0,24,1,39626340,4773,277140,33,8325
1076,4,0,17,8,39676860,4773,277140,33,8329
1077,5,0,16,9,39709620,4773,277140,33,8334
1078,6,0,14,11,39739500,4772,277140,33,8340
1079,5,0,15,10,39752700,4772,277140,33,8345
1080,5,0,14,11,39772140,4771,277140,33,8350
1081,3,0,14,11,39796800,4772,277140,33,8353
1082,5,0,14,11,39821160,4772,277140,33,8358
1083,8,0,16,9,39842820,4771,277140,33,8366
1084,8,0,21,4,39859980,4771,277140,33,8374
1085,10,0,21,4,39902400,4771,277140,33,8384
1086,9,0,19,6,39950160,4770,277140,33,8393
1087,10,0,21,4,39991680,4771,277140,32,8403
1088,6,0,17,8,40045080,4771,277140,32,8409
1089,12,0,23,2,40077600,4772,277140,32,8421
1090,12,0,21,4,40134060,4771,278520,33,8433
1091,10,0,21,4,40175340,4770,278520,32,8443
1092,7,0,18,7,40224720,4770,278520,32,8450
1093,13,0,19,6,40273020,4769,278520,32,8463
1094,16,6,25,0,40293000,4769,279660,32,8479
1095,12,4,25,0,40366860,4770,290580,34,8491
1096,3,0,21,4,40416660,4770,297480,35,8494
1097,9,0,16,9,40493040,4771,297480,34,8503
1098,8,0,18,7,40513560,4770,297480,34,8511
1099,10,0,21,4,40547220,4770,297480,34,8521
1100,9,0,18,7,40606560,4770,297480,34,8530
1101,10,0,25,0,40617600,4770,297480,34,8540
1102,9,0,20,5,40692060,4771,297660,34,8549
1103,5,0,18,7,40727580,4771,297660,34,8554
1104,8,0,18,7,40779900,4772,297660,34,8562
1105,1,0,14,11,40806180,4773,297660,34,8563
1106,8,0,16,9,40838040,4773,297660,34,8571
1107,4,0,13,12,40863540,4772,297660,34,8575
1108,8,0,17,8,40887300,4773,297660,34,8583
1109,2,0,15,10,40907220,4773,297660,34,8585
1110,9,0,19,6,40931880,4773,297660,34,8594
1111,7,0,21,4,40956000,4773,297660,34,8601
1112,12,0,22,3,41011620,4773,297660,34,8613
1113,10,0,19,6,41062740,4772,297660,34,8623
1114,12,0,22,3,41109180,4772,297660,34,8635
1115,10,0,18,7,41161560,4771,297660,34,8645
1116,6,0,18,7,41185980,4770,297660,34,8651
1117,16,0,22,3,41230800,4769,297660,34,8667
1118,10,0,24,1,41268120,4769,303240,34,8677
1119,11,0,21,4,41325420,4768,303420,34,8688
1120,13,0,22,3,41381340,4767,303420,34,8701
1121,13,4,25,0,41414520,4768,303780,34,8714
1122,11,4,25,0,41475540,4769,317880,36,8725
1123,8,0,23,2,41543820,4769,324540,37,8733
1124,11,0,21,4,41601900,4769,324540,37,8744
1125,12,0,20,5,41650380,4767,324540,37,8756
1126,2,0,12,13,41692680,4767,324540,37,8758
1127,3,0,13,12,41701200,4766,324540,37,8761
1128,3,0,11,14,41725380,4766,324540,37,8764
1129,9,0,18,7,41733960,4766,324540,36,8773
1130,5,0,17,8,41769420,4767,324540,36,8778
1131,8,0,20,5,41803080,4768,324540,36,8786
1132,5,0,16,9,41851620,4769,324540,36,8791
1133,4,0,15,10,41877300,4769,324540,36,8795
1134,7,0,16,9,41904720,4769,324540,36,8802
1135,8,0,19,6,41929380,4769,324540,36,8810
1136,7,0,18,7,41970300,4769,324540,36,8817
1137,12,0,22,3,42003180,4769,324540,36,8829
1138,9,0,18,7,42064800,4769,324540,36,8838
1139,13,0,22,3,42105180,4768,324540,36,8851
1140,10,0,20,5,42149760,4767,324540,36,8861
1141,7,0,17,8,42198060,4767,324540,36,8868
1142,9,0,21,4,42225720,4768,324540,36,8877
1143,11,0,22,3,42262500,4766,324540,36,8888
1144,12,0,22,3,42315780,4766,324600,36,8900
1145,10,0,20,5,42368940,4765,324600,36,8910
1146,5,0,17,8,42408300,4766,324600,36,8915
1147,5,0,16,9,42439380,4766,324600,36,8920
1148,4,0,14,11,42468120,4766,324600,36,8924
1149,6,0,18,7,42480660,4766,324600,36,8930
1150,4,0,15,10,42522960,4767,324600,36,8934
1151,6,0,16,9,42553560,4768,324600,36,8940
1152,8,0,19,6,42577500,4768,324600,36,8948
1153,7,0,15,10,42630000,4768,324600,36,8955
1154,5,0,17,8,42637200,4767,324600,36,8960
1155,13,0,24,1,42678120,4769,324600,36,8973
1156,5,0,17,8,42729120,4768,324600,36,8978
1157,5,0,16,9,42762360,4768,324600,36,8983
1158,6,0,13,12,42802920,4768,324600,36,8989
1159,5,0,14,11,42818520,4768,324600,36,8994
1160,6,0,13,12,42851220,4768,324600,36,9000
1161,9,0,16,9,42869820,4767,324600,36,9009
1162,15,4,25,0,42872940,4766,324660,35,9024
1163,13,4,25,0,42948360,4767,337200,37,9037
1164,6,2,25,0,42987180,4767,348720,38,9043
1165,9,0,21,4,43052160,4767,360960,39,9052
1166,11,0,20,5,43119900,4768,360960,39,9063
1167,11,0,20,5,43164000,4767,360960,39,9074
1168,7,0,19,6,43190160,4766,360960,39,9081
1169,9,0,17,8,43247400,4766,360960,39,9090
1170,10,0,23,2,43272600,4767,360960,39,9100
1171,6,0,17,8,43330680,4767,360960,39,9106
1172,8,0,18,7,43363800,4767,360960,39,9114
1173,13,0,24,1,43392540,4766,360960,39,9127
1174,5,0,16,9,43452420,4766,360960,39,9132
1175,12,0,21,4,43485060,4766,360960,39,9144
1176,4,0,13,12,43530300,4765,360960,39,9148
1177,1,0,10,15,43554720,4765,360960,39,9149
1178,1,0,9,16,43566900,4766,360960,39,9150
1179,9,0,18,7,43566900,4766,360960,39,9159
1180,10,0,25,0,43579320,4765,361440,39,9169
1181,6,0,18,7,43645320,4766,361440,39,9175
1182,6,0,16,9,43687500,4766,361440,39,9181
1183,6,0,20,5,43707000,4767,361440,39,9187
1184,10,0,20,5,43748040,4767,361440,39,9197
1185,15,0,25,0,43796400,4767,361440,39,9212
1186,9,0,20,5,43859340,4766,361920,39,9221
1187,7,0,19,6,43896600,4766,361920,39,9228
1188,12,0,22,3,43944780,4767,361920,39,9240
1189,8,0,22,3,43986960,4767,361920,39,9248
1190,8,0,21,4,44027100,4767,361920,39,9256
1191,14,1,25,0,44082900,4768,362220,39,9270
1192,10,2,25,0,44136180,4769,371580,40,9280
1193,6,0,22,3,44196240,4770,372360,40,9286
1194,11,0,21,4,44252580,4770,372360,40,9297
1195,8,0,19,6,44290020,4769,372360,40,9305
1196,8,0,18,7,44345100,4770,372360,39,9313
1197,6,0,18,7,44372580,4770,372360,39,9319
1198,5,0,16,9,44416920,4771,372360,39,9324
1199,4,0,12,13,44459940,4772,372360,39,9328
1200,6,0,14,11,44477220,4772,372360,39,9334
1201,3,0,13,12,44499360,4772,372360,39,9337
1202,4,0,14,11,44516640,4772,372360,39,9341
1203,7,0,14,11,44547300,4772,372360,39,9348
1204,8,0,17,8,44571960,4772,372360,39,9356
1205,6,0,17,8,44597580,4772,372360,39,9362
1206,5,0,14,11,44639940,4772,372360,39,9367
1207,10,0,22,3,44645400,4772,372360,39,9377
1208,2,0,15,10,44691960,4772,372360,39,9379
1209,9,0,18,7,44725980,4773,372360,39,9388
1210,10,0,21,4,44746920,4771,372360,39,9398
1211,4,0,16,9,44789580,4771,372360,39,9402
1212,13,0,20,5,44836920,4772,372360,39,9415
1213,7,0,16,9,44869980,4770,372360,39,9422
1214,9,0,21,4,44888820,4770,372360,39,9431
1215,12,0,21,4,44941680,4769,372360,39,9443
1216,8,0,21,4,44978820,4769,372360,39,9451
1217,14,1,25,0,45016920,4769,373140,39,9465
1218,11,0,24,1,45090240,4770,373980,39,9476
1219,10,0,22,3,45148560,4770,376140,39,9486
1220,9,0,21,4,45193920,4770,376140,39,9495
1221,5,0,17,8,45236340,4770,376140,39,9500
1222,5,0,14,11,45294900,4772,376140,39,9505
1223,7,0,16,9,45320160,4772,376140,39,9512
1224,3,0,14,11,45341100,4772,376140,39,9515
1225,2,0,12,13,45362820,4772,376140,39,9517
1226,3,0,13,12,45377340,4773,376140,39,9520
1227,7,0,18,7,45391380,4773,376140,39,9527
1228,8,0,16,9,45428580,4772,376140,39,9535
1229,4,0,17,8,45442620,4772,376140,39,9539
1230,10,0,17,8,45480960,4771,376140,39,9549
1231,12,0,23,2,45505860,4771,376140,39,9561
1232,10,0,23,2,45551880,4770,376140,39,9571
1233,6,0,17,8,45598380,4769,376140,39,9577
1234,6,0,16,9,45631320,4769,376140,39,9583
1235,8,0,16,9,45663600,4769,376140,39,9591
1236,9,0,19,6,45689880,4768,376140,39,9600
1237,7,0,16,9,45735120,4768,376140,39,9607
1238,12,0,21,4,45752400,4766,376140,39,9619
1239,10,0,23,2,45792000,4767,376140,39,9629
1240,10,0,18,7,45858780,4766,376140,39,9639
1241,5,0,16,9,45887700,4766,376140,39,9644
1242,8,0,17,8,45918840,4765,376140,38,9652
1243,7,0,18,7,45943320,4765,376140,38,9659
1244,3,0,15,10,45979200,4766,376140,38,9662
1245,5,0,12,13,46022820,4766,376140,38,9667
1246,7,0,16,9,46032000,4766,376140,38,9674
1247,4,0,16,9,46050360,4766,376140,38,9678
1248,0,0,11,14,46077060,4766,376140,38,9678
1249,7,0,14,11,46096680,4766,376140,38,9685
1250,6,0,17,8,46107600,4766,376140,38,9691
1251,9,0,18,7,46144740,4766,376140,38,9700
1252,8,0,21,4,46170240,4766,376140,38,9708
1253,6,0,16,9,46224780,4766,376140,38,9714
1254,6,0,13,12,46264560,4766,376140,38,9720
1255,7,0,17,8,46276200,4765,376140,38,9727
1256,6,0,17,8,46305780,4765,376140,38,9733
1257,2,0,13,12,46337520,4766,376140,38,9735
1258,17,0,24,1,46366260,4766,376140,38,9752
1259,17,6,25,0,46403040,4765,378180,38,9769
1260,13,5,25,0,46480440,4766,386460,39,9782
1261,11,6,25,0,46530000,4766,401460,41,9793
1262,9,4,25,0,46592280,4767,411180,41,9802
1263,9,0,19,6,46668000,4765,438480,44,9811
1264,11,0,23,2,46697100,4765,438480,44,9822
1265,10,0,21,4,46750800,4765,438480,44,9832
1266,5,0,20,5,46787280,4765,438480,44,9837
1267,6,0,16,9,46836000,4766,438480,44,9843
1268,10,0,21,4,46859460,4766,438480,44,9853
1269,5,0,18,7,46906200,4766,438480,44,9858
1270,2,0,11,14,46951860,4767,438480,44,9860
1271,4,0,11,14,46974720,4767,438480,44,9864
1272,2,0,12,13,46979040,4767,438480,44,9866
1273,1,0,9,16,46993980,4767,438480,44,9867
1274,5,0,13,12,46994940,4766,438480,44,9872
1275,8,0,19,6,47002260,4766,438480,44,9880
1276,6,0,15,10,47057460,4767,438480,44,9886
1277,4,0,15,10,47069460,4766,438480,44,9890
1278,6,0,13,12,47116620,4767,438480,44,9896
1279,7,0,13,12,47131560,4765,438480,44,9903
1280,12,0,23,2,47140020,4765,438480,44,9915
1281,10,0,18,7,47197620,4764,440940,44,9925
1282,12,0,22,3,47229420,4763,440940,44,9937
1283,15,4,25,0,47275560,4764,444660,44,9952
1284,7,0,17,8,47361960,4763,450720,45,9959
1285,9,0,17,8,47405400,4763,450720,45,9968
1286,7,0,17,8,47440920,4764,450720,45,9975
1287,13,0,23,2,47469720,4763,450720,45,9988
1288,9,0,22,3,47519100,4763,450840,45,9997
1289,8,0,20,5,47573820,4764,450840,45,10005
1290,6,0,17,8,47623980,4765,450840,45,10011
1291,6,0,19,6,47642760,4765,450840,45,10017
1292,10,0,22,3,47686620,4766,450840,44,10027
1293,11,0,18,7,47743200,4764,450840,44,10038
1294,9,0,19,6,47769480,4763,450840,44,10047
1295,9,0,22,3,47800200,4763,450840,44,10056
1296,9,0,19,6,47858640,4763,450840,44,10065
1297,5,0,14,11,47896380,4762,450840,44,10070
1298,6,0,15,10,47923320,4763,450840,44,10076
1299,8,0,18,7,47948220,4763,450840,44,10084
1300,8,0,18,7,47980380,4762,450840,44,10092
1301,7,0,21,4,47989860,4761,450840,44,10099
1302,6,0,16,9,48044220,4762,450840,44,10105
1303,11,0,22,3,48068940,4762,450840,44,10116
1304,13,0,23,2,48113460,4760,450840,44,10129
1305,16,0,25,0,48163740,4759,450840,44,10145
1306,11,0,19,6,48233520,4758,450840,44,10156
1307,8,0,19,6,48266940,4757,450840,44,10164
1308,15,0,24,1,48304440,4756,450840,44,10179
1309,18,5,25,0,48348720,4755,456420,44,10197
1310,14,5,25,0,48415500,4755,466380,45,10211
1311,7,0,24,1,48461160,4753,479160,46,10218
1312,9,0,23,2,48508920,4753,479160,46,10227
1313,9,0,21,4,48568200,4754,479160,46,10236
1314,7,0,18,7,48627840,4755,479160,46,10243
1315,7,0,17,8,48672360,4756,479160,46,10250
1316,7,0,18,7,48694200,4755,479160,46,10257
1317,7,0,19,6,48722040,4755,479160,46,10264
1318,9,0,18,7,48759900,4754,479160,46,10273
1319,3,0,12,13,48793920,4753,479160,46,10276
1320,5,0,14,11,48810120,4754,479160,46,10281
1321,10,0,23,2,48816540,4754,479160,46,10291
1322,7,0,23,2,48847140,4753,479160,46,10298
1323,4,0,15,10,48914760,4755,479160,46,10302
1324,5,0,14,11,48955560,4756,479160,46,10307
1325,10,0,21,4,48963960,4755,479160,46,10317
1326,3,0,12,13,49021140,4755,479160,46,10320
1327,8,0,16,9,49042860,4755,479160,46,10328
1328,9,0,16,9,49075680,4754,479160,46,10337
1329,10,0,22,3,49097760,4755,479160,46,10347
1330,13,3,25,0,49138320,4755,481860,46,10360
1331,10,4,25,0,49196100,4757,489900,47,10370
1332,11,2,25,0,49269300,4758,502560,48,10381
1333,16,2,25,0,49349640,4758,515340,49,10397
1334,15,7,25,0,49382160,4757,528720,50,10412
1335,9,1,25,0,49459500,4758,551880,52,10421
1336,10,0,21,4,49515900,4756,555000,53,10431
1337,8,0,22,3,49546800,4756,555000,53,10439
1338,9,0,20,5,49609020,4757,555000,53,10448
1339,7,0,20,5,49643700,4757,555000,53,10455
1340,9,0,19,6,49696380,4757,555000,53,10464
1341,5,0,18,7,49726800,4758,555000,53,10469
1342,5,0,17,8,49764660,4758,555000,52,10474
1343,7,0,18,7,49797240,4759,555000,52,10481
1344,5,0,16,9,49831980,4759,555000,52,10486
1345,4,0,19,6,49833600,4759,555000,52,10490
1346,0,0,18,7,49837800,4759,555000,52,10490
1347,6,0,22,3,49848240,4759,555000,52,10496
1348,4,0,21,4,49875120,4759,555000,52,10500
1349,6,0,24,1,49895460,4760,555000,52,10506
1350,5,0,25,0,49918680,4760,555000,52,10511
1351,7,0,23,2,49958760,4760,555120,52,10518
1352,13,8,25,0,49968660,4759,556260,52,10531
1353,9,8,25,0,50018460,4760,567780,53,10540
1354,10,9,25,0,50054400,4759,581760,55,10550
1355,8,12,25,0,50082000,4760,588720,55,10558
1356,10,16,25,0,50126340,4761,602640,57,10568
1357,12,23,25,0,50153460,4762,618060,58,10580
1358,9,24,25,0,50205900,4763,637260,60,10589
1359,10,29,25,0,50231160,4763,657360,62,10599
1360,13,34,25,0,50272260,4763,681660,64,10612
1361,8,39,25,0,50291940,4764,689280,64,10620
1362,5,36,25,0,50344320,4765,711780,66,10625
1363,12,40,25,0,50382300,4765,756000,71,10637
1364,7,36,25,0,50423880,4765,809760,76,10644
1365,10,38,25,0,50452500,4766,820620,77,10654
1366,6,37,25,0,50492040,4766,831180,78,10660
1367,3,34,25,0,50526120,4767,965520,90,10663
1368,6,35,25,0,50552880,4767,1107360,103,10669
1369,4,30,25,0,50604720,4768,1269180,118,10673
1370,1,24,25,0,50634300,4768,1422720,133,10674
1371,9,23,25,0,50672340,4767,1593480,149,10683
1372,6,21,25,0,50706600,4767,1745160,163,10689
1373,11,23,25,0,50743200,4766,1826640,170,10700
1374,5,21,25,0,50778900,4766,1837380,171,10705
1375,5,17,25,0,50812800,4765,2031180,189,10710
1376,5,10,25,0,50859780,4764,2505780,234,10715
1377,10,5,25,0,50891700,4761,2668020,248,10725
1378,7,1,25,0,50920980,4758,2799780,261,10732
1379,12,5,25,0,50951820,4758,2804580,261,10744
1380,11,11,25,0,50983260,4759,2812680,261,10755
1381,9,15,25,0,51018600,4760,2816880,261,10764
1382,3,10,25,0,51068640,4761,2848380,264,10767
1383,9,13,25,0,51102480,4761,2875260,266,10776
1384,6,11,25,0,51138540,4761,2901480,269,10782
1385,5,10,25,0,51172440,4761,2919720,270,10787
1386,8,11,25,0,51210120,4762,2927220,271,10795
1387,4,10,25,0,51231300,4762,2957220,274,10799
1388,4,2,25,0,51283560,4761,3143220,291,10803
1389,9,0,21,4,51324300,4758,3150060,291,10812
1390,8,1,25,0,51339960,4758,3155220,291,10820
1391,5,0,25,0,51383280,4760,3162720,292,10825
1392,8,0,24,1,51418080,4759,3163320,292,10833
1393,4,0,23,2,51441600,4759,3163320,292,10837
1394,5,0,20,5,51480960,4759,3163320,291,10842
1395,5,0,21,4,51499860,4759,3163320,291,10847
1396,2,0,18,7,51523980,4759,3163320,291,10849
1397,9,0,25,0,51531900,4759,3163320,291,10858
1398,5,1,25,0,51550920,4759,3170340,292,10863
1399,12,7,25,0,51587820,4760,3180540,292,10875
1400,10,13,25,0,51615360,4761,3185040,292,10885
1401,12,18,25,0,51664500,4762,3201180,293,10897
1402,7,21,25,0,51688020,4762,3208380,294,10904
1403,12,26,25,0,51736020,4764,3228900,295,10916
1404,13,32,25,0,51775680,4764,3247140,297,10929
1405,8,36,25,0,51798180,4765,3264060,298,10937
1406,8,39,25,0,51830640,4766,3276420,299,10945
1407,10,35,25,0,51884940,4767,3362280,307,10955
1408,9,39,25,0,51910680,4767,3412740,311,10964
1409,10,40,25,0,51950340,4768,3422040,312,10974
1410,7,39,25,0,51981420,4768,3518520,320,10981
1411,10,38,25,0,52019640,4769,3551880,323,10991
1412,7,39,25,0,52056000,4770,3561360,324,10998
1413,13,40,25,0,52095600,4770,3642960,331,11011
1414,6,38,25,0,52131660,4770,3696720,336,11017
1415,4,37,25,0,52162560,4771,3830880,348,11021
1416,5,35,25,0,52203540,4772,3930480,357,11026
1417,5,33,25,0,52233000,4771,4052100,368,11031
1418,6,30,25,0,52282560,4772,4123080,374,11037
1419,2,23,25,0,52316160,4771,4427580,402,11039
1420,7,18,25,0,52356120,4770,4868580,441,11046
1421,9,16,25,0,52378740,4767,5056500,458,11055
1422,4,10,25,0,52419720,4766,5250060,475,11059
1423,8,8,25,0,52459140,4765,5456100,494,11067
1424,9,5,25,0,52493640,4763,5650560,511,11076
1425,8,4,25,0,52530300,4763,5655600,511,11084
1426,11,1,25,0,52573260,4761,5695620,514,11095
1427,12,5,25,0,52606980,4760,5702340,514,11107
1428,11,12,25,0,52627860,4760,5708040,514,11118
1429,9,14,25,0,52667340,4761,5732280,516,11127
1430,10,15,25,0,52715700,4762,5762580,518,11137
1431,11,23,25,0,52735740,4762,5774880,519,11148
1432,8,24,25,0,52776720,4763,5802780,521,11156
1433,5,26,25,0,52802340,4764,5809980,521,11161
1434,9,29,25,0,52840200,4765,5858700,525,11170
1435,13,35,25,0,52888500,4766,5881020,527,11183
1436,8,37,25,0,52921980,4766,5892960,527,11191
1437,2,33,25,0,52955820,4767,5921160,530,11193
1438,7,33,25,0,52990500,4767,6015720,538,11200
1439,3,28,25,0,53041020,4768,6080820,544,11203
1440,4,28,25,0,53062680,4768,6151140,550,11207
1441,2,22,25,0,53109900,4769,6261660,559,11209
1442,4,24,25,0,53121960,4769,6262200,559,11213
1443,6,21,25,0,53171040,4770,6457980,577,11219
1444,3,16,25,0,53202480,4769,6511980,581,11222
1445,8,14,25,0,53253900,4770,6706200,598,11230
1446,8,9,25,0,53286120,4767,7039740,627,11238
1447,8,10,25,0,53321040,4767,7047780,628,11246
1448,6,10,25,0,53354760,4768,7065540,629,11252
1449,8,11,25,0,53390880,4768,7077900,630,11260
1450,8,11,25,0,53431920,4768,7087140,630,11268
1451,9,17,25,0,53448840,4768,7090200,630,11277
1452,9,17,25,0,53499120,4769,7110240,631,11286
1453,14,25,25,0,53537940,4770,7125360,632,11300
1454,14,33,25,0,53569320,4770,7137060,632,11314
1455,10,38,25,0,53597100,4770,7148280,633,11324
1456,13,39,25,0,53640240,4772,7158540,633,11337
1457,14,38,25,0,53682660,4773,7181760,634,11351
1458,7,39,25,0,53702220,4773,7210680,637,11358
1459,8,37,25,0,53757240,4774,7295460,644,11366
1460,11,39,25,0,53789160,4774,7328340,646,11377
1461,3,36,25,0,53821860,4774,7388700,651,11380
1462,10,38,25,0,53864220,4775,7423740,654,11390
1463,5,37,25,0,53893800,4775,7541580,664,11395
1464,12,38,25,0,53937420,4774,7565640,666,11407
1465,6,39,25,0,53956920,4774,7570080,666,11413
1466,4,35,25,0,54005280,4775,7745400,681,11417
1467,9,35,25,0,54043020,4775,7842360,689,11426
1468,4,30,25,0,54078300,4774,7880400,692,11430
1469,6,29,25,0,54108960,4774,7919280,695,11436
1470,2,23,25,0,54147120,4774,8261640,725,11438
1471,10,20,25,0,54187800,4772,8516880,747,11448
1472,6,15,25,0,54222960,4771,8751240,767,11454
1473,2,3,25,0,54262260,4768,9692700,849,11456
1474,12,0,25,0,54297840,4765,10078380,882,11468
1475,11,6,25,0,54317040,4765,10082340,882,11479
1476,14,15,25,0,54346260,4765,10091220,882,11493
1477,9,16,25,0,54396900,4766,10104780,882,11502
1478,11,22,25,0,54424560,4766,10111020,882,11513
1479,6,20,25,0,54471360,4767,10133700,883,11519
1480,13,25,25,0,54508200,4767,10140360,883,11532
1481,13,34,25,0,54528840,4767,10147140,882,11545
1482,12,37,25,0,54582960,4768,10157460,882,11557
1483,4,36,25,0,54609720,4768,10173180,883,11561
1484,10,39,25,0,54644820,4769,10210020,886,11571
1485,7,39,25,0,54683880,4769,10224600,886,11578
1486,9,39,25,0,54719820,4770,10306380,893,11587
1487,10,40,25,0,54761340,4770,10468560,906,11597
1488,6,40,25,0,54773100,4771,10473960,907,11603
1489,9,39,25,0,54835620,4772,10586820,916,11612
1490,9,39,25,0,54863100,4772,10599420,917,11621
1491,6,39,25,0,54893700,4772,10637460,919,11627
1492,5,36,25,0,54932460,4773,10725120,926,11632
1493,4,28,25,0,54985320,4772,11080500,957,11636
1494,13,31,25,0,55014180,4770,11170200,964,11649
1495,7,33,25,0,55038180,4770,11177340,964,11656
1496,7,35,25,0,55065000,4771,11183760,964,11663
1497,11,39,25,0,55102800,4772,11197560,964,11674
1498,7,38,25,0,55147380,4773,11214240,965,11681
1499,11,37,25,0,55193760,4774,11231940,966,11692
1500,10,40,25,0,55219860,4774,11250660,967,11702
1501,8,39,25,0,55255500,4774,11263620,967,11710
1502,10,38,25,0,55304580,4775,11367480,976,11720
1503,8,39,25,0,55329720,4774,11373180,976,11728
1504,13,40,25,0,55362960,4775,11379360,976,11741
1505,13,40,25,0,55400460,4775,11383080,975,11754
1506,8,37,25,0,55431420,4774,11439660,980,11762
1507,4,31,25,0,55482840,4775,11595540,993,11766
1508,4,27,25,0,55516860,4774,12049980,1031,11770
1509,7,24,25,0,55555440,4774,12317820,1054,11777
1510,5,20,25,0,55590660,4773,12773880,1092,11782
1511,2,12,25,0,55620720,4771,13441200,1149,11784
1512,7,1,25,0,55661400,4767,14343060,1226,11791
1513,5,0,21,4,55698420,4767,14343060,1225,11796
1514,8,2,25,0,55708560,4767,14343060,1224,11804
1515,4,0,20,5,55758540,4766,14350860,1224,11808
1516,6,0,21,4,55771500,4765,14350860,1224,11814
1517,8,0,24,1,55793520,4765,14350860,1223,11822
1518,7,0,22,3,55830600,4765,14351460,1222,11829
1519,9,0,25,0,55859040,4765,14354100,1221,11838
1520,10,2,25,0,55890240,4764,14355840,1221,11848
1521,3,0,22,3,55925100,4764,14360640,1221,11851
1522,9,0,24,1,55958340,4764,14360640,1220,11860
1523,12,5,25,0,55980360,4763,14363160,1219,11872
1524,13,12,25,0,56013240,4764,14373960,1218,11885
1525,8,14,25,0,56053440,4765,14395080,1220,11893
1526,16,25,25,0,56087340,4766,14404020,1219,11909
1527,13,32,25,0,56120460,4766,14415600,1219,11922
1528,5,29,25,0,56159760,4766,14452500,1221,11927
1529,10,32,25,0,56200140,4767,14465820,1221,11937
1530,4,31,25,0,56227980,4767,14514780,1224,11941
1531,9,33,25,0,56272080,4768,14561400,1228,11950
1532,8,36,25,0,56295480,4768,14593680,1229,11958
1533,7,37,25,0,56327700,4768,14601960,1230,11965
1534,10,39,25,0,56367120,4769,14610900,1229,11975
1535,6,40,25,0,56400540,4770,14626740,1230,11981
1536,4,36,25,0,56439480,4771,14650920,1232,11985
1537,8,39,25,0,56473800,4772,14772840,1242,11993
1538,6,36,25,0,56522520,4772,14822940,1245,11999
1539,5,34,25,0,56561400,4773,14968440,1256,12004
1540,6,36,25,0,56580600,4773,15057000,1263,12010
1541,10,35,25,0,56637240,4774,15080880,1264,12020
1542,5,34,25,0,56662140,4773,15088740,1264,12025
1543,9,34,25,0,56712240,4774,15285720,1280,12034
1544,8,34,25,0,56742300,4773,15388440,1288,12042
1545,9,37,25,0,56763540,4773,15459780,1293,12051
1546,4,36,25,0,56798580,4774,15508380,1297,12055
1547,7,34,25,0,56838240,4773,15590280,1303,12062
1548,7,30,25,0,56886420,4773,15835200,1322,12069
1549,13,37,25,0,56913840,4773,15908640,1327,12082
1550,11,40,25,0,56950920,4773,15924960,1327,12093
1551,10,38,25,0,56984400,4774,15942060,1328,12103
1552,5,37,25,0,57023880,4775,15950280,1328,12108
1553,7,37,25,0,57057000,4775,15975240,1330,12115
1554,8,37,25,0,57095580,4775,15988380,1330,12123
1555,6,38,25,0,57126000,4775,16021980,1332,12129
1556,10,40,25,0,57161220,4775,16028760,1332,12139
1557,10,39,25,0,57203160,4775,16129080,1339,12149
1558,6,38,25,0,57237360,4776,16240140,1348,12155
1559,4,33,25,0,57282780,4776,16581060,1376,12159
1560,4,22,25,0,57324600,4773,17434800,1446,12163
1561,6,10,25,0,57355560,4769,18228000,1511,12169
1562,6,3,25,0,57377040,4765,18669600,1547,12175
1563,7,0,24,1,57418080,4764,18934020,1568,12182
1564,2,0,21,4,57447600,4765,18934020,1567,12184
1565,5,0,21,4,57483480,4766,18934020,1567,12189
1566,8,0,24,1,57499080,4765,18934200,1566,12197
1567,4,0,23,2,57528120,4766,18934320,1565,12201
1568,9,0,23,2,57563640,4765,18934320,1564,12210
1569,8,0,24,1,57599400,4765,18934680,1563,12218
1570,12,8,25,0,57612840,4765,18934680,1563,12230
1571,6,6,25,0,57658680,4766,18954000,1563,12236
1572,7,7,25,0,57694260,4766,18966420,1562,12243
1573,3,3,25,0,57737400,4767,18995040,1564,12246
1574,7,1,25,0,57770100,4766,19027440,1566,12253
1575,11,8,25,0,57787980,4766,19027800,1565,12264
1576,14,17,25,0,57819060,4767,19035780,1564,12278
1577,7,18,25,0,57863160,4768,19048020,1564,12285
1578,5,15,25,0,57914640,4769,19070340,1565,12290
1579,7,15,25,0,57949680,4769,19100220,1567,12297
1580,7,14,25,0,57990840,4770,19163340,1571,12304
1581,5,18,25,0,57995280,4770,19165200,1571,12309
1582,6,15,25,0,58045560,4770,19177500,1571,12315
1583,5,14,25,0,58081320,4771,19212840,1573,12320
1584,7,13,25,0,58123860,4771,19289400,1578,12327
1585,3,2,25,0,58174740,4770,19500480,1595,12330
1586,5,0,21,4,58198140,4767,19549800,1598,12335
1587,12,3,25,0,58221060,4767,19549800,1597,12347
1588,3,0,24,1,58252740,4767,19560540,1597,12350
1589,6,0,25,0,58286100,4768,19560540,1597,12356
1590,7,0,19,6,58332060,4767,19560720,1596,12363
1591,7,0,21,4,58346340,4766,19560720,1595,12370
1592,6,0,25,0,58354500,4766,19560720,1594,12376
1593,4,0,24,1,58383240,4766,19564260,1594,12380
1594,11,4,25,0,58419120,4767,19564320,1593,12391
1595,9,4,25,0,58468740,4767,19574880,1592,12400
1596,8,9,25,0,58484100,4767,19584060,1592,12408
1597,14,14,25,0,58538280,4768,19598940,1591,12422
1598,11,20,25,0,58564620,4769,19606380,1590,12433
1599,16,32,25,0,58589340,4769,19615740,1589,12449
1600,8,34,25,0,58627980,4770,19642800,1591,12457
1601,8,34,25,0,58671180,4770,19693020,1594,12465
1602,9,36,25,0,58709820,4771,19730280,1595,12474
1603,11,40,25,0,58746900,4771,19743540,1595,12485
1604,4,34,25,0,58788540,4772,19815720,1601,12489
1605,5,34,25,0,58816440,4772,19824480,1600,12494
1606,6,34,25,0,58850640,4772,19913940,1607,12500
1607,5,31,25,0,58897560,4773,20069040,1619,12505
1608,5,30,25,0,58926420,4773,20098440,1620,12510
1609,4,25,25,0,58967340,4773,20290320,1635,12514
1610,5,23,25,0,58996020,4773,20401380,1644,12519
1611,5,22,25,0,59028300,4773,20528400,1653,12524
1612,4,17,25,0,59067120,4773,20657880,1663,12528
1613,7,9,25,0,59115480,4771,20983200,1688,12535
1614,4,0,21,4,59148120,4767,21311340,1714,12539
1615,8,0,24,1,59170560,4767,21311340,1713,12547
1616,9,2,25,0,59199540,4767,21315840,1713,12556
1617,7,2,25,0,59237400,4767,21326100,1712,12563
1618,9,7,25,0,59256000,4767,21332460,1711,12572
1619,13,13,25,0,59300400,4768,21338760,1710,12585
1620,10,18,25,0,59330640,4768,21363420,1711,12595
1621,7,17,25,0,59375220,4769,21378780,1711,12602
1622,12,22,25,0,59412480,4769,21405360,1712,12614
1623,13,28,25,0,59451660,4770,21414960,1711,12627
1624,9,32,25,0,59477820,4770,21426600,1710,12636
1625,8,34,25,0,59517180,4771,21438720,1710,12644
1626,10,38,25,0,59552220,4771,21449820,1710,12654
1627,10,39,25,0,59591160,4771,21508620,1713,12664
1628,10,38,25,0,59628360,4772,21549720,1716,12674
1629,2,33,25,0,59671320,4773,21655020,1724,12676
1630,10,38,25,0,59694180,4773,21681600,1725,12686
1631,4,34,25,0,59740680,4773,21693780,1725,12690
1632,7,35,25,0,59770860,4774,21708240,1725,12697
1633,4,33,25,0,59804280,4774,21791100,1731,12701
1634,5,33,25,0,59837760,4775,21834480,1734,12706
1635,4,30,25,0,59884380,4776,22003260,1747,12710
1636,4,23,25,0,59926920,4775,22390620,1777,12714
1637,9,24,25,0,59949300,4774,22519740,1786,12723
1638,10,26,25,0,59994360,4774,22528560,1785,12733
1639,9,28,25,0,60026340,4774,22534440,1784,12742
1640,9,32,25,0,60056640,4775,22603080,1789,12751
1641,11,36,25,0,60092700,4775,22609800,1788,12762
1642,10,39,25,0,60125040,4775,22621020,1787,12772
1643,6,37,25,0,60166080,4776,22641720,1788,12778
1644,10,40,25,0,60205800,4776,22686540,1790,12788
1645,10,38,25,0,60233280,4777,22698120,1791,12798
1646,13,38,25,0,60280020,4777,22716720,1791,12811
1647,14,36,25,0,60320640,4777,22791540,1797,12825
1648,16,40,25,0,60356220,4776,22801800,1795,12841
1649,8,39,25,0,60371820,4776,22830960,1797,12849
1650,13,39,25,0,60418080,4776,22877700,1799,12862
1651,9,39,25,0,60461040,4776,22897200,1799,12871
1652,6,38,25,0,60492180,4776,22924740,1801,12877
1653,5,37,25,0,60519060,4776,22957560,1803,12882
1654,6,35,25,0,60569760,4777,23410440,1837,12888
1655,6,20,25,0,60611460,4772,24630960,1932,12894
1656,9,16,25,0,60639120,4770,24813120,1945,12903
1657,2,8,25,0,60671220,4769,25300560,1983,12905
1658,8,0,24,1,60714960,4766,25771560,2019,12913
1659,8,1,25,0,60738540,4765,25772340,2018,12921
1660,4,0,23,2,60776820,4766,25774080,2017,12925
1661,5,0,20,5,60819780,4766,25774080,2016,12930
1662,4,0,18,7,60845520,4766,25774080,2016,12934
1663,4,0,19,6,60855540,4765,25774080,2015,12938
1664,12,2,25,0,60868740,4765,25774320,2013,12950
1665,9,5,25,0,60898620,4765,25778220,2012,12959
1666,10,6,25,0,60947160,4765,25787100,2011,12969
1667,8,9,25,0,60974280,4766,25796940,2011,12977
1668,11,15,25,0,61003980,4766,25803960,2009,12988
1669,7,16,25,0,61045560,4767,25813380,2009,12995
1670,11,23,25,0,61070880,4768,25823520,2009,13006
1671,9,26,25,0,61105740,4768,25837080,2008,13015
1672,13,31,25,0,61149240,4769,25865040,2008,13028
1673,16,40,25,0,61181400,4770,25887660,2008,13044
1674,12,39,25,0,61222920,4770,25899180,2008,13056
1675,6,38,25,0,61257900,4770,25928040,2009,13062
1676,11,40,25,0,61292460,4771,25957020,2010,13073
1677,4,37,25,0,61318500,4771,26000460,2013,13077
1678,9,37,25,0,61375800,4772,26138400,2022,13086
1679,8,36,25,0,61413240,4772,26146560,2022,13094
1680,9,39,25,0,61440060,4772,26240220,2028,13103
1681,3,32,25,0,61481940,4772,26422140,2041,13106
1682,9,32,25,0,61520400,4771,26490180,2045,13115
1683,5,31,25,0,61547100,4771,26495100,2045,13120
1684,5,30,25,0,61579980,4772,26567820,2050,13125
1685,4,27,25,0,61616460,4772,26729160,2061,13129
1686,11,32,25,0,61646400,4772,26733300,2060,13140
1687,12,39,25,0,61681320,4773,26738940,2060,13152
1688,8,37,25,0,61722540,4773,26755080,2059,13160
1689,8,39,25,0,61755060,4774,26766720,2059,13168
1690,7,35,25,0,61809540,4775,26808540,2061,13175
1691,9,40,25,0,61825860,4775,26827740,2062,13184
1692,13,38,25,0,61877880,4776,26840760,2061,13197
1693,10,40,25,0,61898700,4776,26843220,2061,13207
1694,8,38,25,0,61942620,4776,26870640,2062,13215
1695,5,35,25,0,61990080,4777,26899020,2063,13220
1696,11,38,25,0,62020380,4776,26948520,2065,13231
1697,4,35,25,0,62056320,4776,26968140,2066,13235
1698,12,38,25,0,62097420,4776,27067020,2072,13247
1699,7,35,25,0,62128500,4776,27181200,2080,13254
1700,2,28,25,0,62167800,4776,27703260,2119,13256
1701,4,21,25,0,62201820,4775,28382940,2171,13260
1702,5,0,22,3,62242260,4767,29969160,2291,13265
1703,9,1,25,0,62264760,4767,29970060,2290,13274
1704,6,2,25,0,62291280,4767,29973240,2289,13280
1705,0,0,18,7,62337600,4768,29980200,2289,13280
1706,2,0,17,8,62354460,4768,29980200,2289,13282
1707,3,0,18,7,62361420,4768,29980200,2289,13285
1708,6,0,22,3,62371320,4768,29980200,2288,13291
1709,6,0,25,0,62384280,4767,29981160,2287,13297
1710,6,0,24,1,62419500,4768,29981460,2286,13303
1711,8,2,25,0,62445960,4768,29981460,2284,13311
1712,11,5,25,0,62483880,4768,29984520,2283,13322
1713,12,14,25,0,62504880,4768,29990520,2282,13334
1714,7,15,25,0,62544540,4769,30000720,2281,13341
1715,13,22,25,0,62584980,4770,30008940,2279,13354
1716,9,26,25,0,62615040,4771,30021780,2278,13363
1717,8,26,25,0,62663400,4771,30068580,2280,13371
1718,3,21,25,0,62703420,4771,30100020,2282,13374
1719,12,25,25,0,62743680,4772,30142560,2283,13386
1720,12,33,25,0,62762580,4772,30148500,2282,13398
1721,5,33,25,0,62793360,4772,30158820,2282,13403
1722,11,36,25,0,62845560,4773,30171060,2281,13414
1723,6,34,25,0,62888220,4774,30194220,2281,13420
1724,10,36,25,0,62923320,4773,30202980,2280,13430
1725,7,36,25,0,62944680,4773,30216300,2280,13437
1726,10,40,25,0,62966340,4774,30266160,2283,13447
1727,5,36,25,0,63019740,4774,30347640,2289,13452
1728,8,35,25,0,63060300,4774,30357720,2288,13460
1729,6,32,25,0,63098820,4774,30455340,2294,13466
1730,6,28,25,0,63140280,4773,30707940,2312,13472
1731,6,22,25,0,63176160,4772,30948660,2329,13478
1732,4,13,25,0,63205560,4769,31432320,2365,13482
1733,5,0,21,4,63245160,4764,32012460,2408,13487
1734,9,1,25,0,63270960,4765,32012520,2406,13496
1735,10,7,25,0,63286620,4765,32015400,2405,13506
1736,16,15,25,0,63344640,4766,32019720,2402,13522
1737,4,15,25,0,63366480,4766,32035620,2402,13526
1738,11,20,25,0,63405420,4767,32051280,2402,13537
1739,18,31,25,0,63442440,4767,32063640,2399,13555
1740,15,39,25,0,63465720,4768,32079420,2398,13570
1741,9,39,25,0,63517260,4769,32108820,2399,13579
1742,14,39,25,0,63547080,4769,32129040,2400,13593
1743,7,39,25,0,63587160,4770,32170980,2402,13600
1744,13,39,25,0,63626400,4771,32195820,2402,13613
1745,9,40,25,0,63650160,4771,32227140,2404,13622
1746,3,34,25,0,63702540,4772,32395740,2416,13625
1747,9,34,25,0,63744540,4772,32562840,2426,13634
1748,9,38,25,0,63763260,4771,32570760,2426,13643
1749,4,34,25,0,63805080,4772,32698860,2434,13647
1750,5,31,25,0,63849600,4772,32763900,2438,13652
1751,5,28,25,0,63879600,4772,32935140,2451,13657
1752,3,21,25,0,63918120,4771,33249960,2473,13660
1753,5,14,25,0,63951720,4769,33484920,2490,13665
1754,5,0,21,4,63998460,4764,34022820,2529,13670
1755,7,0,21,4,64021080,4764,34022820,2527,13677
1756,9,2,25,0,64025220,4763,34022880,2526,13686
1757,3,0,21,4,64070100,4763,34023900,2525,13689
1758,7,0,22,3,64096800,4763,34023900,2524,13696
1759,8,0,23,2,64121040,4762,34023900,2522,13704
1760,12,4,25,0,64146660,4762,34025820,2520,13716
1761,10,7,25,0,64179420,4762,34034580,2519,13726
1762,16,16,25,0,64217520,4762,34042020,2517,13742
1763,7,19,25,0,64242900,4763,34051500,2516,13749
1764,12,25,25,0,64278840,4763,34062960,2516,13761
1765,13,30,25,0,64325040,4764,34078980,2514,13774
1766,14,36,25,0,64367700,4764,34100880,2513,13788
1767,5,37,25,0,64389600,4765,34109040,2512,13793
1768,19,40,25,0,64434180,4765,34121760,2511,13812
1769,10,39,25,0,64462560,4766,34154400,2513,13822
1770,11,40,25,0,64504140,4766,34177320,2513,13833
1771,6,39,25,0,64539780,4766,34235220,2517,13839
1772,7,38,25,0,64575000,4767,34326840,2522,13846
1773,3,35,25,0,64615320,4767,34455660,2531,13849
1774,7,34,25,0,64656480,4768,34485540,2532,13856
1775,5,34,25,0,64681560,4768,34557420,2536,13861
1776,4,27,25,0,64725060,4767,34911300,2562,13865
1777,6,22,25,0,64764300,4766,35046720,2570,13871
1778,7,20,25,0,64806480,4766,35195220,2580,13878
1779,5,17,25,0,64840500,4766,35271240,2584,13883
1780,6,10,25,0,64878180,4764,35585820,2606,13889
1781,6,6,25,0,64901760,4762,35811480,2622,13895
1782,6,3,25,0,64934580,4761,35927220,2629,13901
1783,6,3,25,0,64975440,4762,35930880,2628,13907
1784,12,9,25,0,65005080,4762,35936820,2626,13919
1785,14,16,25,0,65045880,4763,35948580,2625,13933
1786,15,25,25,0,65082720,4764,35956500,2622,13948
1787,12,31,25,0,65118360,4764,35965620,2620,13960
1788,9,36,25,0,65143920,4765,35968980,2619,13969
1789,11,40,25,0,65187000,4765,35993760,2619,13980
1790,6,36,25,0,65238720,4766,36037860,2621,13986
1791,9,40,25,0,65254020,4766,36059940,2621,13995
1792,10,39,25,0,65295900,4767,36075600,2621,14005
1793,5,37,25,0,65334840,4767,36123120,2624,14010
1794,9,36,25,0,65377860,4768,36245520,2631,14019
1795,8,35,25,0,65417640,4768,36310920,2635,14027
1796,11,38,25,0,65445360,4767,36316980,2633,14038
1797,4,38,25,0,65466720,4767,36321120,2632,14042
1798,8,36,25,0,65517840,4767,36401700,2637,14050
1799,4,32,25,0,65557860,4767,36493860,2643,14054
1800,7,29,25,0,65595120,4767,36686100,2655,14061
1801,0,22,25,0,65625420,4766,36958440,2675,14061
1802,4,11,25,0,65670180,4764,37615860,2722,14065
1803,10,1,25,0,65701020,4760,38236740,2765,14075
1804,6,5,25,0,65713800,4760,38240220,2764,14081
1805,7,0,24,1,65772660,4760,38252040,2763,14088
1806,8,0,23,2,65803140,4759,38252040,2762,14096
1807,3,0,20,5,65826240,4758,38252040,2761,14099
1808,3,0,16,9,65854560,4758,38252040,2760,14102
1809,11,1,25,0,65855280,4758,38252040,2758,14113
1810,9,6,25,0,65871540,4758,38255820,2757,14122
1811,11,9,25,0,65922600,4759,38266320,2755,14133
1812,3,8,25,0,65944560,4759,38280540,2756,14136
1813,9,9,25,0,65987820,4759,38311200,2756,14145
1814,11,13,25,0,66024840,4759,38321220,2755,14156
1815,11,19,25,0,66053340,4760,38326860,2753,14167
1816,10,22,25,0,66099000,4761,38338800,2752,14177
1817,5,20,25,0,66137280,4761,38363100,2753,14182
1818,12,24,25,0,66174540,4761,38387400,2752,14194
1819,6,22,25,0,66208260,4761,38438640,2754,14200
1820,14,30,25,0,66232080,4760,38461500,2754,14214
1821,7,31,25,0,66273780,4761,38476320,2753,14221
1822,7,30,25,0,66310680,4761,38525760,2755,14228
1823,7,29,25,0,66350400,4761,38535480,2755,14235
1824,9,35,25,0,66369180,4762,38537700,2753,14244
1825,8,37,25,0,66408960,4762,38547180,2752,14252
1826,2,32,25,0,66452400,4763,38567040,2753,14254
1827,7,30,25,0,66504600,4764,38585460,2753,14261
1828,6,29,25,0,66534600,4764,38647260,2756,14267
1829,3,27,25,0,66553200,4763,38790720,2766,14270
1830,6,23,25,0,66605160,4763,38997720,2779,14276
1831,8,19,25,0,66645060,4762,39259140,2797,14284
1832,6,18,25,0,66672900,4762,39294900,2798,14290
1833,12,23,25,0,66708900,4762,39301740,2796,14302
1834,8,24,25,0,66742260,4762,39311700,2795,14310
1835,8,25,25,0,66780720,4762,39318960,2794,14318
1836,8,26,25,0,66808620,4762,39363720,2796,14326
1837,9,30,25,0,66833460,4762,39371700,2794,14335
1838,8,31,25,0,66882900,4763,39386580,2794,14343
1839,10,34,25,0,66923460,4764,39399960,2793,14353
1840,6,33,25,0,66961020,4764,39411420,2792,14359
1841,12,39,25,0,66989460,4764,39424740,2791,14371
1842,10,40,25,0,67022460,4765,39436020,2791,14381
1843,12,39,25,0,67062360,4766,39453300,2791,14393
1844,7,40,25,0,67096440,4766,39472860,2791,14400
1845,2,34,25,0,67134900,4767,39543000,2796,14402
1846,6,30,25,0,67184820,4767,39619740,2800,14408
1847,9,27,25,0,67222980,4765,39752880,2808,14417
1848,5,28,25,0,67240440,4765,39762480,2807,14422
1849,2,22,25,0,67279980,4765,40069680,2828,14424
1850,6,5,25,0,67331220,4761,41511720,2929,14430
1851,7,3,25,0,67353180,4760,42015120,2964,14437
1852,8,0,24,1,67389600,4758,42046980,2964,14445
1853,8,1,25,0,67413840,4758,42049200,2962,14453
1854,6,0,25,0,67459140,4759,42052320,2961,14459
1855,8,0,25,0,67492200,4759,42052500,2959,14467
1856,7,0,23,2,67527240,4758,42052620,2958,14474
1857,12,0,25,0,67557660,4757,42052800,2956,14486
1858,9,4,25,0,67578420,4757,42055320,2954,14495
1859,15,13,25,0,67609260,4757,42057120,2952,14510
1860,12,18,25,0,67650840,4757,42068700,2949,14522
1861,14,27,25,0,67681920,4758,42083280,2948,14536
1862,8,28,25,0,67731420,4759,42119100,2948,14544
1863,6,28,25,0,67763940,4759,42148800,2949,14550
1864,6,29,25,0,67796520,4760,42186060,2951,14556
1865,13,37,25,0,67827960,4760,42246900,2953,14569
1866,12,38,25,0,67878480,4761,42260100,2951,14581
1867,6,39,25,0,67897440,4761,42297660,2953,14587
1868,5,34,25,0,67955520,4762,42400200,2959,14592
1869,7,34,25,0,67988880,4762,42424020,2959,14599
1870,2,29,25,0,68018340,4762,42559200,2968,14601
1871,10,26,25,0,68064660,4761,42685020,2975,14611
1872,3,23,25,0,68082480,4760,42725040,2977,14614
1873,7,20,25,0,68127840,4760,42885060,2987,14621
1874,8,21,25,0,68155320,4760,43069860,2998,14629
1875,2,11,25,0,68197440,4759,43338480,3016,14631
1876,1,0,18,7,68238060,4755,43697700,3041,14632
1877,2,0,18,7,68247300,4755,43697700,3041,14634
1878,9,1,25,0,68256060,4755,43697700,3039,14643
1879,10,3,25,0,68297700,4756,43708740,3037,14653
1880,11,12,25,0,68312640,4756,43710960,3036,14664
1881,9,11,25,0,68372340,4757,43729200,3035,14673
1882,7,12,25,0,68402760,4757,43744320,3034,14680
1883,3,10,25,0,68432460,4757,43775940,3036,14683
1884,6,10,25,0,68468220,4758,43812180,3037,14689
1885,9,13,25,0,68503980,4758,43817100,3035,14698
1886,11,18,25,0,68536320,4759,43825680,3034,14709
1887,6,16,25,0,68583900,4759,43839420,3033,14715
1888,10,21,25,0,68615940,4760,43845720,3032,14725
1889,8,23,25,0,68654820,4761,43860600,3031,14733
1890,10,29,25,0,68680500,4761,43862220,3029,14743
1891,9,33,25,0,68711820,4762,43903860,3031,14752
1892,8,34,25,0,68757900,4762,43923240,3030,14760
1893,7,34,25,0,68798760,4763,43943580,3030,14767
1894,4,32,25,0,68833860,4763,43998540,3033,14771
1895,0,26,25,0,68864160,4764,44123280,3041,14771
1896,1,15,25,0,68913960,4763,44473800,3065,14772
1897,4,9,25,0,68948400,4762,44731740,3082,14776
1898,6,0,21,4,68984580,4758,45030900,3101,14782
1899,5,0,20,5,69008160,4758,45030900,3100,14787
1900,8,0,22,3,69031380,4758,45030900,3099,14795
1901,13,6,25,0,69047640,4757,45032760,3096,14808
1902,10,9,25,0,69086460,4758,45041400,3094,14818
1903,5,9,25,0,69112740,4758,45049620,3095,14823
1904,9,10,25,0,69155160,4758,45062220,3093,14832
1905,11,15,25,0,69188700,4759,45068520,3091,14843
1906,14,24,25,0,69219840,4759,45073140,3089,14857
1907,12,30,25,0,69252360,4759,45088140,3088,14869
1908,6,29,25,0,69295680,4760,45116040,3088,14875
1909,17,40,25,0,69320160,4761,45125640,3085,14892
1910,10,38,25,0,69374460,4762,45149280,3085,14902
1911,5,36,25,0,69415860,4762,45216660,3089,14907
1912,9,40,25,0,69440220,4762,45255900,3090,14916
1913,11,40,25,0,69473280,4763,45340680,3095,14927
1914,15,40,25,0,69504720,4763,45363420,3095,14942
1915,7,38,25,0,69552720,4764,45419880,3098,14949
1916,7,36,25,0,69592140,4764,45463200,3099,14956
1917,5,37,25,0,69614700,4764,45532680,3103,14961
1918,6,29,25,0,69676260,4764,45834240,3122,14967
1919,4,23,25,0,69700620,4762,46072560,3137,14971
1920,7,19,25,0,69739560,4761,46256040,3148,14978
1921,6,7,25,0,69768660,4757,46661760,3175,14984
1922,7,0,24,1,69805800,4755,47012100,3197,14991
1923,10,3,25,0,69839640,4755,47015760,3195,15001
1924,10,6,25,0,69880320,4756,47023620,3194,15011
1925,10,6,25,0,69914160,4755,47040300,3192,15021
1926,6,6,25,0,69938400,4755,47052780,3192,15027
1927,10,7,25,0,69988920,4755,47066580,3191,15037
1928,9,9,25,0,70014000,4755,47073360,3189,15046
1929,10,13,25,0,70046100,4755,47087340,3188,15056
1930,8,13,25,0,70091700,4755,47099640,3187,15064
1931,10,16,25,0,70130040,4756,47119560,3186,15074
1932,14,25,25,0,70159020,4756,47126160,3184,15088
1933,10,32,25,0,70175520,4756,47135400,3183,15098
1934,15,38,25,0,70237140,4757,47150820,3181,15113
1935,11,40,25,0,70260900,4758,47161980,3180,15124
1936,5,38,25,0,70306740,4759,47202480,3181,15129
1937,9,38,25,0,70331640,4759,47211600,3181,15138
1938,11,39,25,0,70375620,4759,47296860,3185,15149
1939,4,36,25,0,70415640,4760,47315520,3185,15153
1940,6,34,25,0,70458420,4760,47403120,3190,15159
1941,6,35,25,0,70482660,4760,47433600,3190,15165
1942,4,30,25,0,70528620,4760,47614860,3202,15169
1943,7,31,25,0,70554120,4760,47665440,3204,15176
1944,5,27,25,0,70594380,4760,47807820,3212,15181
1945,2,22,25,0,70623780,4760,47915880,3219,15183
1946,5,11,25,0,70667700,4758,48433620,3253,15188
1947,5,0,24,1,70705980,4755,49017240,3291,15193
1948,4,0,18,7,70741680,4754,49017240,3290,15197
1949,10,0,25,0,70753500,4754,49017240,3288,15207
1950,7,3,25,0,70768800,4754,49017240,3287,15214
1951,5,0,24,1,70811940,4754,49022940,3285,15219
1952,10,2,25,0,70847040,4754,49025580,3283,15229
1953,8,4,25,0,70885020,4754,49033860,3282,15237
1954,13,12,25,0,70912620,4755,49039140,3280,15250
1955,13,20,25,0,70948320,4755,49045740,3277,15263
1956,11,28,25,0,70967760,4756,49053960,3276,15274
1957,8,29,25,0,71020200,4757,49078020,3275,15282
1958,9,33,25,0,71050020,4757,49107660,3276,15291
1959,7,32,25,0,71098080,4758,49136340,3276,15298
1960,15,39,25,0,71135400,4759,49142460,3273,15313
1961,10,40,25,0,71161800,4759,49159500,3273,15323
1962,11,39,25,0,71214420,4759,49211100,3275,15334
1963,4,40,25,0,71226360,4759,49219080,3274,15338
1964,6,36,25,0,71282820,4760,49329960,3281,15344
1965,0,31,25,0,71309160,4760,49426740,3287,15344
1966,4,30,25,0,71343900,4761,49488300,3290,15348
1967,8,32,25,0,71384640,4762,49567620,3294,15356
1968,5,32,25,0,71415600,4762,49660200,3299,15361
1969,4,31,25,0,71447040,4763,49798020,3307,15365
1970,6,32,25,0,71479740,4763,49896960,3313,15371
1971,3,24,25,0,71535600,4763,50051940,3322,15374
1972,6,20,25,0,71574960,4763,50277480,3336,15380
1973,10,21,25,0,71603820,4762,50347860,3338,15390
1974,9,24,25,0,71635200,4762,50370720,3338,15399
1975,12,30,25,0,71671620,4763,50383920,3336,15411
1976,8,31,25,0,71711520,4763,50394120,3335,15419
1977,10,36,25,0,71736420,4763,50412720,3334,15429
1978,11,40,25,0,71764200,4763,50418420,3332,15440
1979,15,39,25,0,71796300,4764,50430360,3332,15455
1980,16,40,25,0,71855820,4765,50446500,3331,15471
1981,6,36,25,0,71897700,4765,50487540,3332,15477
1982,13,40,25,0,71923740,4764,50488980,3331,15490
1983,14,37,25,0,71968200,4765,50503320,3330,15504
1984,8,37,25,0,72007920,4765,50544180,3331,15512
1985,4,34,25,0,72036600,4765,50703720,3341,15516
1986,10,34,25,0,72074760,4764,50885100,3351,15526
1987,11,39,25,0,72102480,4764,50891940,3349,15537
1988,5,35,25,0,72154260,4765,50962680,3352,15542
1989,12,40,25,0,72168540,4764,50970240,3351,15554
1990,6,38,25,0,72214800,4765,50986320,3350,15560
1991,6,36,25,0,72250800,4765,51006840,3351,15566
1992,5,32,25,0,72291900,4765,51210120,3363,15571
1993,8,29,25,0,72329400,4764,51464460,3377,15579
1994,4,23,25,0,72359820,4763,51970800,3410,15583
1995,6,8,25,0,72400440,4759,53312580,3497,15589
1996,3,0,19,6,72439860,4756,53831880,3530,15592
1997,12,3,25,0,72453600,4756,53832360,3528,15604
1998,7,2,25,0,72485700,4755,53838600,3526,15611
1999,5,0,23,2,72528180,4755,53844120,3525,15616
2000,11,2,25,0,72557580,4755,53846460,3523,15627
2001,9,5,25,0,72592260,4756,53851560,3521,15636
2002,9,6,25,0,72636600,4756,53864580,3520,15645
2003,9,11,25,0,72657600,4756,53874060,3518,15654
2004,12,18,25,0,72689460,4757,53878680,3516,15666
2005,12,23,25,0,72738420,4758,53889120,3514,15678
2006,10,29,25,0,72761460,4758,53896740,3512,15688
2007,12,35,25,0,72803460,4759,53910480,3511,15700
2008,12,39,25,0,72838920,4759,53930700,3509,15712
2009,8,39,25,0,72874980,4760,53954100,3509,15720
2010,9,39,25,0,72919860,4760,53995980,3510,15729
2011,8,37,25,0,72954840,4761,54021960,3511,15737
2012,5,35,25,0,72995820,4761,54122820,3516,15742
2013,6,36,25,0,73023840,4761,54204240,3520,15748
2014,7,36,25,0,73064760,4762,54220860,3520,15755
2015,6,39,25,0,73084020,4762,54227940,3519,15761
2016,4,35,25,0,73135080,4763,54353100,3526,15765
2017,11,40,25,0,73135080,4763,54353100,3526,15776
2018,7,40,25,0,73135080,4763,54353100,3526,15783
2019,4,40,25,0,73135080,4763,54353100,3526,15787
2020,12,40,25,0,73135080,4763,54353100,3526,15799
2021,8,40,25,0,73135080,4763,54353100,3526,15807
2022,7,40,25,0,73135080,4763,54353100,3526,15814
2023,7,40,25,0,73135080,4763,54353100,3526,15821
2024,5,40,25,0,73135080,4763,54353100,3526,15826
2025,11,40,25,0,73135080,4763,54353100,3526,15837
2026,11,40,25,0,73135080,4763,54353100,3526,15848
2027,11,40,25,0,73135080,4763,54353100,3526,15859
2028,14,40,25,0,73135080,4763,54353100,3526,15873
2029,19,40,25,0,73135080,4763,54353100,3526,15892
2030,16,40,25,0,73135080,4763,54353100,3526,15908
2031,9,40,25,0,73135080,4763,54353100,3526,15917
2032,8,40,25,0,73135080,4763,54353100,3526,15925
2033,9,40,25,0,73135080,4763,54353100,3526,15934
2034,5,40,25,0,73135080,4763,54353100,3526,15939
2035,9,40,25,0,73135080,4763,54353100,3526,15948
2036,7,40,25,0,73135080,4763,54353100,3526,15955
2037,4,40,25,0,73135080,4763,54353100,3526,15959
2038,2,40,25,0,73135080,4763,54353100,3526,15961
2039,4,40,25,0,73135080,4763,54353100,3526,15965
2040,3,40,25,0,73135080,4763,54353100,3526,15968
2041,7,40,25,0,73135080,4763,54353100,3526,15975
2042,4,40,25,0,73135080,4763,54353100,3526,15979
2043,9,40,25,0,73135080,4763,54353100,3526,15988
2044,7,40,25,0,73135080,4763,54353100,3526,15995
2045,2,40,25,0,73135080,4763,54353100,3526,15997
2046,7,40,25,0,73135080,4763,54353100,3526,16004
2047,8,40,25,0,73135080,4763,54353100,3526,16012
2048,5,40,25,0,73135080,4763,54353100,3526,16017
2049,6,40,25,0,73135080,4763,54353100,3526,16023
2050,9,40,25,0,73135080,4763,54353100,3526,16032
2051,10,40,25,0,73135080,4763,54353100,3526,16042
2052,13,40,25,0,73135080,4763,54353100,3526,16055
2053,10,40,25,0,73135080,4763,54353100,3526,16065
2054,9,40,25,0,73135080,4763,54353100,3526,16074
2055,8,40,25,0,73135080,4763,54353100,3526,16082
2056,14,40,25,0,73135080,4763,54353100,3526,16096
2057,4,40,25,0,73135080,4763,54353100,3526,16100
2058,12,40,25,0,73135080,4763,54353100,3526,16112
2059,9,40,25,0,73135080,4763,54353100,3526,16121
2060,8,40,25,0,73135080,4763,54353100,3526,16129
2061,7,40,25,0,73135080,4763,54353100,3526,16136
2062,9,40,25,0,73135080,4763,54353100,3526,16145
2063,6,40,25,0,73135080,4763,54353100,3526,16151
2064,4,40,25,0,73135080,4763,54353100,3526,16155
2065,3,40,25,0,73135080,4763,54353100,3526,16158
2066,6,40,25,0,73135080,4763,54353100,3526,16164
2067,5,40,25,0,73135080,4763,54353100,3526,16169
2068,5,40,25,0,73135080,4763,54353100,3526,16174
2069,4,40,25,0,73135080,4763,54353100,3526,16178
2070,10,40,25,0,73135080,4763,54353100,3526,16188
2071,10,40,25,0,73135080,4763,54353100,3526,16198
2072,9,40,25,0,73135080,4763,54353100,3526,16207
2073,15,40,25,0,73135080,4763,54353100,3526,16222
2074,14,40,25,0,73135080,4763,54353100,3526,16236
2075,14,40,25,0,73135080,4763,54353100,3526,16250
2076,5,40,25,0,73135080,4763,54353100,3526,16255
2077,4,40,25,0,73135080,4763,54353100,3526,16259
2078,7,40,25,0,73135080,4763,54353100,3526,16266
2079,12,40,25,0,73135080,4763,54353100,3526,16278
2080,14,40,25,0,73135080,4763,54353100,3526,16292
2081,9,40,25,0,73135080,4763,54353100,3526,16301
2082,8,40,25,0,73135080,4763,54353100,3526,16309
2083,9,40,25,0,73135080,4763,54353100,3526,16318
2084,6,40,25,0,73135080,4763,54353100,3526,16324
2085,6,40,25,0,73135080,4763,54353100,3526,16330
2086,9,40,25,0,73135080,4763,54353100,3526,16339
2087,7,40,25,0,73135080,4763,54353100,3526,16346
2088,3,40,25,0,73135080,4763,54353100,3526,16349
2089,2,40,25,0,73135080,4763,54353100,3526,16351
2090,6,40,25,0,73135080,4763,54353100,3526,16357
2091,5,40,25,0,73135080,4763,54353100,3526,16362
2092,4,40,25,0,73135080,4763,54353100,3526,16366
2093,10,40,25,0,73135080,4763,54353100,3526,16376
2094,7,40,25,0,73135080,4763,54353100,3526,16383
2095,5,40,25,0,73135080,4763,54353100,3526,16388
2096,15,40,25,0,73135080,4763,54353100,3526,16403
2097,10,40,25,0,73135080,4763,54353100,3526,16413
2098,5,40,25,0,73135080,4763,54353100,3526,16418
2099,9,40,25,0,73135080,4763,54353100,3526,16427
2100,7,40,25,0,73135080,4763,54353100,3526,16434
2101,7,40,25,0,73135080,4763,54353100,3526,16441
2102,14,40,25,0,73135080,4763,54353100,3526,16455
2103,6,40,25,0,73135080,4763,54353100,3526,16461
2104,12,40,25,0,73135080,4763,54353100,3526,16473
2105,9,40,25,0,73135080,4763,54353100,3526,16482
2106,8,40,25,0,73135080,4763,54353100,3526,16490
2107,11,40,25,0,73135080,4763,54353100,3526,16501
2108,6,40,25,0,73135080,4763,54353100,3526,16507
2109,6,40,25,0,73135080,4763,54353100,3526,16513
2110,4,40,25,0,73135080,4763,54353100,3526,16517
2111,5,40,25,0,73135080,4763,54353100,3526,16522
2112,3,40,25,0,73135080,4763,54353100,3526,16525
2113,3,40,25,0,73135080,4763,54353100,3526,16528
2114,5,40,25,0,73135080,4763,54353100,3526,16533
2115,5,40,25,0,73135080,4763,54353100,3526,16538
2116,8,40,25,0,73135080,4763,54353100,3526,16546
2117,4,40,25,0,73135080,4763,54353100,3526,16550
2118,10,40,25,0,73135080,4763,54353100,3526,16560
2119,13,40,25,0,73135080,4763,54353100,3526,16573
2120,11,40,25,0,73135080,4763,54353100,3526,16584
2121,10,40,25,0,73135080,4763,54353100,3526,16594
2122,8,40,25,0,73135080,4763,54353100,3526,16602
2123,16,40,25,0,73135080,4763,54353100,3526,16618
2124,8,40,25,0,73135080,4763,54353100,3526,16626
2125,7,40,25,0,73135080,4763,54353100,3526,16633
2126,11,40,25,0,73135080,4763,54353100,3526,16644
2127,18,40,25,0,73135080,4763,54353100,3526,16662
2128,3,40,25,0,73135080,4763,54353100,3526,16665
2129,11,40,25,0,73135080,4763,54353100,3526,16676
2130,7,40,25,0,73135080,4763,54353100,3526,16683
2131,6,40,25,0,73135080,4763,54353100,3526,16689
2132,6,40,25,0,73135080,4763,54353100,3526,16695
2133,6,40,25,0,73135080,4763,54353100,3526,16701
2134,3,40,25,0,73135080,4763,54353100,3526,16704
2135,5,40,25,0,73135080,4763,54353100,3526,16709
2136,5,40,25,0,73135080,4763,54353100,3526,16714
2137,7,40,25,0,73135080,4763,54353100,3526,16721
2138,5,40,25,0,73135080,4763,54353100,3526,16726
2139,8,40,25,0,73135080,4763,54353100,3526,16734
2140,2,40,25,0,73135080,4763,54353100,3526,16736
2141,10,40,25,0,73135080,4763,54353100,3526,16746
2142,9,40,25,0,73135080,4763,54353100,3526,16755
2143,11,40,25,0,73135080,4763,54353100,3526,16766
2144,8,40,25,0,73135080,4763,54353100,3526,16774
2145,14,40,25,0,73135080,4763,54353100,3526,16788
2146,15,40,25,0,73135080,4763,54353100,3526,16803
2147,14,40,25,0,73135080,4763,54353100,3526,16817
2148,16,40,25,0,73135080,4763,54353100,3526,16833
2149,11,40,25,0,73135080,4763,54353100,3526,16844
2150,6,40,25,0,73135080,4763,54353100,3526,16850
2151,12,40,25,0,73135080,4763,54353100,3526,16862
2152,12,40,25,0,73135080,4763,54353100,3526,16874
2153,10,40,25,0,73135080,4763,54353100,3526,16884
2154,12,40,25,0,73135080,4763,54353100,3526,16896
2155,8,40,25,0,73135080,4763,54353100,3526,16904
2156,7,40,25,0,73135080,4763,54353100,3526,16911
2157,11,40,25,0,73135080,4763,54353100,3526,16922
2158,3,40,25,0,73135080,4763,54353100,3526,16925
2159,9,40,25,0,73135080,4763,54353100,3526,16934
2160,7,40,25,0,73135080,4763,54353100,3526,16941
2161,6,40,25,0,73135080,4763,54353100,3526,16947
2162,6,40,25,0,73135080,4763,54353100,3526,16953
2163,10,40,25,0,73135080,4763,54353100,3526,16963
2164,7,40,25,0,73135080,4763,54353100,3526,16970
2165,15,40,25,0,73135080,4763,54353100,3526,16985
2166,6,40,25,0,73135080,4763,54353100,3526,16991
2167,6,40,25,0,73135080,4763,54353100,3526,16997
2168,9,40,25,0,73135080,4763,54353100,3526,17006
2169,8,40,25,0,73135080,4763,54353100,3526,17014
2170,10,40,25,0,73135080,4763,54353100,3526,17024
2171,10,40,25,0,73135080,4763,54353100,3526,17034
2172,12,40,25,0,73135080,4763,54353100,3526,17046
2173,12,40,25,0,73135080,4763,54353100,3526,17058
2174,10,40,25,0,73135080,4763,54353100,3526,17068
2175,15,40,25,0,73135080,4763,54353100,3526,17083
2176,9,40,25,0,73135080,4763,54353100,3526,17092
2177,11,40,25,0,73135080,4763,54353100,3526,17103
2178,7,40,25,0,73135080,4763,54353100,3526,17110
2179,10,40,25,0,73135080,4763,54353100,3526,17120
2180,8,40,25,0,73135080,4763,54353100,3526,17128
2181,8,40,25,0,73135080,4763,54353100,3526,17136
2182,4,40,25,0,73135080,4763,54353100,3526,17140
2183,1,40,25,0,73135080,4763,54353100,3526,17141
2184,6,40,25,0,73135080,4763,54353100,3526,17147
2185,3,40,25,0,73135080,4763,54353100,3526,17150
2186,6,40,25,0,73135080,4763,54353100,3526,17156
2187,11,40,25,0,73135080,4763,54353100,3526,17167
2188,3,40,25,0,73135080,4763,54353100,3526,17170
2189,6,40,25,0,73135080,4763,54353100,3526,17176
2190,7,40,25,0,73135080,4763,54353100,3526,17183
2191,10,40,25,0,73135080,4763,54353100,3526,17193
2192,15,40,25,0,73135080,4763,54353100,3526,17208
2193,10,40,25,0,73135080,4763,54353100,3526,17218
2194,14,40,25,0,73135080,4763,54353100,3526,17232
2195,8,40,25,0,73135080,4763,54353100,3526,17240
2196,10,40,25,0,73135080,4763,54353100,3526,17250
2197,12,40,25,0,73135080,4763,54353100,3526,17262
2198,9,40,25,0,73135080,4763,54353100,3526,17271
2199,13,40,25,0,73135080,4763,54353100,3526,17284
2200,8,40,25,0,73135080,4763,54353100,3526,17292
2201,12,40,25,0,73135080,4763,54353100,3526,17304
2202,9,40,25,0,73135080,4763,54353100,3526,17313
2203,11,40,25,0,73135080,4763,54353100,3526,17324
2204,8,40,25,0,73135080,4763,54353100,3526,17332
2205,4,40,25,0,73135080,4763,54353100,3526,17336
2206,6,40,25,0,73135080,4763,54353100,3526,17342
2207,4,40,25,0,73135080,4763,54353100,3526,17346
2208,5,40,25,0,73135080,4763,54353100,3526,17351
2209,3,40,25,0,73135080,4763,54353100,3526,17354
2210,9,40,25,0,73135080,4763,54353100,3526,17363
2211,7,40,25,0,73135080,4763,54353100,3526,17370
2212,6,40,25,0,73135080,4763,54353100,3526,17376
2213,11,40,25,0,73135080,4763,54353100,3526,17387
2214,8,40,25,0,73135080,4763,54353100,3526,17395
2215,9,40,25,0,73135080,4763,54353100,3526,17404
2216,9,40,25,0,73135080,4763,54353100,3526,17413
2217,5,40,25,0,73135080,4763,54353100,3526,17418
2218,10,40,25,0,73135080,4763,54353100,3526,17428
2219,11,40,25,0,73135080,4763,54353100,3526,17439
2220,6,40,25,0,73135080,4763,54353100,3526,17445
2221,8,40,25,0,73135080,4763,54353100,3526,17453
2222,15,40,25,0,73135080,4763,54353100,3526,17468
2223,18,40,25,0,73135080,4763,54353100,3526,17486
2224,9,40,25,0,73135080,4763,54353100,3526,17495
2225,7,40,25,0,73135080,4763,54353100,3526,17502
2226,13,40,25,0,73135080,4763,54353100,3526,17515
2227,11,40,25,0,73135080,4763,54353100,3526,17526
2228,10,40,25,0,73135080,4763,54353100,3526,17536
2229,12,40,25,0,73135080,4763,54353100,3526,17548
2230,5,40,25,0,73135080,4763,54353100,3526,17553
2231,2,40,25,0,73135080,4763,54353100,3526,17555
2232,9,40,25,0,73135080,4763,54353100,3526,17564
2233,4,40,25,0,73135080,4763,54353100,3526,17568
2234,8,40,25,0,73135080,4763,54353100,3526,17576
2235,1,40,25,0,73135080,4763,54353100,3526,17577
2236,5,40,25,0,73135080,4763,54353100,3526,17582
2237,8,40,25,0,73135080,4763,54353100,3526,17590
2238,9,40,25,0,73135080,4763,54353100,3526,17599
2239,11,40,25,0,73135080,4763,54353100,3526,17610
2240,9,40,25,0,73135080,4763,54353100,3526,17619
2241,12,40,25,0,73135080,4763,54353100,3526,17631
2242,11,40,25,0,73135080,4763,54353100,3526,17642
2243,7,40,25,0,73135080,4763,54353100,3526,17649
2244,16,40,25,0,73135080,4763,54353100,3526,17665
2245,9,40,25,0,73135080,4763,54353100,3526,17674
2246,8,40,25,0,73135080,4763,54353100,3526,17682
2247,6,40,25,0,73135080,4763,54353100,3526,17688
2248,7,40,25,0,73135080,4763,54353100,3526,17695
2249,13,40,25,0,73135080,4763,54353100,3526,17708
2250,5,40,25,0,73135080,4763,54353100,3526,17713
2251,6,40,25,0,73135080,4763,54353100,3526,17719
2252,9,40,25,0,73135080,4763,54353100,3526,17728
2253,6,40,25,0,73135080,4763,54353100,3526,17734
2254,5,40,25,0,73135080,4763,54353100,3526,17739
2255,4,40,25,0,73135080,4763,54353100,3526,17743
2256,3,40,25,0,73135080,4763,54353100,3526,17746
2257,5,40,25,0,73135080,4763,54353100,3526,17751
2258,5,40,25,0,73135080,4763,54353100,3526,17756
2259,3,40,25,0,73135080,4763,54353100,3526,17759
2260,9,40,25,0,73135080,4763,54353100,3526,17768
2261,6,40,25,0,73135080,4763,54353100,3526,17774
2262,6,40,25,0,73135080,4763,54353100,3526,17780
2263,7,40,25,0,73135080,4763,54353100,3526,17787
2264,8,40,25,0,73135080,4763,54353100,3526,17795
2265,10,40,25,0,73135080,4763,54353100,3526,17805
2266,8,40,25,0,73135080,4763,54353100,3526,17813
2267,12,40,25,0,73135080,4763,54353100,3526,17825
2268,13,40,25,0,73135080,4763,54353100,3526,17838
2269,12,40,25,0,73135080,4763,54353100,3526,17850
2270,9,40,25,0,73135080,4763,54353100,3526,17859
2271,6,40,25,0,73135080,4763,54353100,3526,17865
2272,13,40,25,0,73135080,4763,54353100,3526,17878
2273,6,40,25,0,73135080,4763,54353100,3526,17884
2274,10,40,25,0,73135080,4763,54353100,3526,17894
2275,9,40,25,0,73135080,4763,54353100,3526,17903
2276,10,40,25,0,73135080,4763,54353100,3526,17913
2277,12,40,25,0,73135080,4763,54353100,3526,17925
2278,3,40,25,0,73135080,4763,54353100,3526,17928
2279,3,40,25,0,73135080,4763,54353100,3526,17931
2280,7,40,25,0,73135080,4763,54353100,3526,17938
2281,8,40,25,0,73135080,4763,54353100,3526,17946
2282,4,40,25,0,73135080,4763,54353100,3526,17950
2283,5,40,25,0,73135080,4763,54353100,3526,17955
2284,1,40,25,0,73135080,4763,54353100,3526,17956
2285,8,40,25,0,73135080,4763,54353100,3526,17964
2286,10,40,25,0,73135080,4763,54353100,3526,17974
2287,8,40,25,0,73135080,4763,54353100,3526,17982
2288,11,40,25,0,73135080,4763,54353100,3526,17993
2289,9,40,25,0,73135080,4763,54353100,3526,18002
2290,13,40,25,0,73135080,4763,54353100,3526,18015
2291,9,40,25,0,73135080,4763,54353100,3526,18024
2292,11,40,25,0,73135080,4763,54353100,3526,18035
2293,8,40,25,0,73135080,4763,54353100,3526,18043
2294,9,40,25,0,73135080,4763,54353100,3526,18052
2295,13,40,25,0,73135080,4763,54353100,3526,18065
2296,7,40,25,0,73135080,4763,54353100,3526,18072
2297,8,40,25,0,73135080,4763,54353100,3526,18080
2298,11,40,25,0,73135080,4763,54353100,3526,18091
2299,9,40,25,0,73135080,4763,54353100,3526,18100
2300,3,40,25,0,73135080,4763,54353100,3526,18103
2301,7,40,25,0,73135080,4763,54353100,3526,18110
2302,5,40,25,0,73135080,4763,54353100,3526,18115
2303,2,40,25,0,73135080,4763,54353100,3526,18117
2304,9,40,25,0,73135080,4763,54353100,3526,18126
2305,4,40,25,0,73135080,4763,54353100,3526,18130
2306,9,40,25,0,73135080,4763,54353100,3526,18139
2307,2,40,25,0,73135080,4763,54353100,3526,18141
2308,3,40,25,0,73135080,4763,54353100,3526,18144
2309,9,40,25,0,73135080,4763,54353100,3526,18153
2310,4,40,25,0,73135080,4763,54353100,3526,18157
2311,5,40,25,0,73135080,4763,54353100,3526,18162
2312,10,40,25,0,73135080,4763,54353100,3526,18172
2313,12,40,25,0,73135080,4763,54353100,3526,18184
2314,11,40,25,0,73135080,4763,54353100,3526,18195
2315,9,40,25,0,73135080,4763,54353100,3526,18204
2316,9,40,25,0,73135080,4763,54353100,3526,18213
2317,18,40,25,0,73135080,4763,54353100,3526,18231
2318,7,40,25,0,73135080,4763,54353100,3526,18238
2319,9,40,25,0,73135080,4763,54353100,3526,18247
2320,12,40,25,0,73135080,4763,54353100,3526,18259
2321,6,40,25,0,73135080,4763,54353100,3526,18265
2322,12,40,25,0,73135080,4763,54353100,3526,18277
2323,6,40,25,0,73135080,4763,54353100,3526,18283
2324,6,40,25,0,73135080,4763,54353100,3526,18289
2325,6,40,25,0,73135080,4763,54353100,3526,18295
2326,5,40,25,0,73135080,4763,54353100,3526,18300
2327,8,40,25,0,73135080,4763,54353100,3526,18308
2328,4,40,25,0,73135080,4763,54353100,3526,18312
2329,6,40,25,0,73135080,4763,54353100,3526,18318
2330,5,40,25,0,73135080,4763,54353100,3526,18323
2331,3,40,25,0,73135080,4763,54353100,3526,18326
2332,6,40,25,0,73135080,4763,54353100,3526,18332
2333,5,40,25,0,73135080,4763,54353100,3526,18337
2334,9,40,25,0,73135080,4763,54353100,3526,18346
2335,6,40,25,0,73135080,4763,54353100,3526,18352
2336,6,40,25,0,73135080,4763,54353100,3526,18358
2337,10,40,25,0,73135080,4763,54353100,3526,18368
2338,7,40,25,0,73135080,4763,54353100,3526,18375
2339,11,40,25,0,73135080,4763,54353100,3526,18386
2340,7,40,25,0,73135080,4763,54353100,3526,18393
2341,10,40,25,0,73135080,4763,54353100,3526,18403
2342,13,40,25,0,73135080,4763,54353100,3526,18416
2343,7,40,25,0,73135080,4763,54353100,3526,18423
2344,14,40,25,0,73135080,4763,54353100,3526,18437
2345,2,40,25,0,73135080,4763,54353100,3526,18439
2346,6,40,25,0,73135080,4763,54353100,3526,18445
2347,5,40,25,0,73135080,4763,54353100,3526,18450
2348,9,40,25,0,73135080,4763,54353100,3526,18459
2349,5,40,25,0,73135080,4763,54353100,3526,18464
2350,7,40,25,0,73135080,4763,54353100,3526,18471
2351,7,40,25,0,73135080,4763,54353100,3526,18478
2352,7,40,25,0,73135080,4763,54353100,3526,18485
2353,7,40,25,0,73135080,4763,54353100,3526,18492
2354,7,40,25,0,73135080,4763,54353100,3526,18499
2355,4,40,25,0,73135080,4763,54353100,3526,18503
2356,6,40,25,0,73135080,4763,54353100,3526,18509
2357,3,40,25,0,73135080,4763,54353100,3526,18512
2358,6,40,25,0,73135080,4763,54353100,3526,18518
2359,12,40,25,0,73135080,4763,54353100,3526,18530
2360,14,40,25,0,73135080,4763,54353100,3526,18544
2361,8,40,25,0,73135080,4763,54353100,3526,18552
2362,4,40,25,0,73135080,4763,54353100,3526,18556
2363,10,40,25,0,73135080,4763,54353100,3526,18566
2364,14,40,25,0,73135080,4763,54353100,3526,18580
2365,11,40,25,0,73135080,4763,54353100,3526,18591
2366,9,40,25,0,73135080,4763,54353100,3526,18600
2367,7,40,25,0,73135080,4763,54353100,3526,18607
2368,7,40,25,0,73135080,4763,54353100,3526,18614
2369,9,40,25,0,73135080,4763,54353100,3526,18623
2370,8,40,25,0,73135080,4763,54353100,3526,18631
2371,10,40,25,0,73135080,4763,54353100,3526,18641
2372,7,40,25,0,73135080,4763,54353100,3526,18648
2373,6,40,25,0,73135080,4763,54353100,3526,18654
2374,10,40,25,0,73135080,4763,54353100,3526,18664
2375,7,40,25,0,73135080,4763,54353100,3526,18671
2376,5,40,25,0,73135080,4763,54353100,3526,18676
2377,4,40,25,0,73135080,4763,54353100,3526,18680
2378,6,40,25,0,73135080,4763,54353100,3526,18686
2379,4,40,25,0,73135080,4763,54353100,3526,18690
2380,9,40,25,0,73135080,4763,54353100,3526,18699
2381,10,40,25,0,73135080,4763,54353100,3526,18709
2382,7,40,25,0,73135080,4763,54353100,3526,18716
2383,10,40,25,0,73135080,4763,54353100,3526,18726
2384,12,40,25,0,73135080,4763,54353100,3526,18738
2385,2,40,25,0,73135080,4763,54353100,3526,18740
2386,4,40,25,0,73135080,4763,54353100,3526,18744
2387,9,40,25,0,73135080,4763,54353100,3526,18753
2388,6,40,25,0,73135080,4763,54353100,3526,18759
2389,11,40,25,0,73135080,4763,54353100,3526,18770
2390,8,40,25,0,73135080,4763,54353100,3526,18778
2391,12,40,25,0,73135080,4763,54353100,3526,18790
2392,7,40,25,0,73135080,4763,54353100,3526,18797
2393,8,40,25,0,73135080,4763,54353100,3526,18805
2394,12,40,25,0,73135080,4763,54353100,3526,18817
2395,6,40,25,0,73135080,4763,54353100,3526,18823
2396,6,40,25,0,73135080,4763,54353100,3526,18829
2397,6,40,25,0,73135080,4763,54353100,3526,18835
2398,9,40,25,0,73135080,4763,54353100,3526,18844
2399,3,40,25,0,73135080,4763,54353100,3526,18847

