Hour,Arrivals,Waiting,Treating,Available Rooms,Total Treatment Time,Average Treatment Time,Total Wait Time,Average Wait Time,Total Arrivals
1,7,0,6,19,1920,1920,0,0,7
2,5,0,7,18,19200,3840,0,0,12
3,4,0,6,19,45960,4596,0,0,16
4,9,0,10,15,63540,4236,0,0,25
5,5,0,9,16,91860,4374,0,0,30
6,6,0,8,17,129420,4622,0,0,36
7,4,0,4,21,164040,4556,0,0,40
8,6,0,6,19,175620,4390,0,0,46
9,6,0,6,19,206520,4489,0,0,52
10,8,0,11,14,216840,4425,0,0,60
11,15,0,18,7,253380,4445,0,0,75
12,14,0,19,6,299340,4276,0,0,89
13,12,0,13,12,399840,4543,0,0,101
14,7,0,11,14,430860,4441,0,0,108
15,12,0,15,10,477660,4549,0,0,120
16,12,0,15,10,530700,4535,0,0,132
17,9,0,19,6,562020,4606,0,0,141
18,7,0,11,14,640440,4674,0,0,148
19,8,0,9,16,688440,4683,0,0,156
20,5,0,10,15,716880,4747,0,0,161
21,5,0,8,17,758340,4799,0,0,166
22,10,0,9,16,791580,4740,0,0,176
23,11,0,14,11,813300,4701,0,0,187
24,4,0,9,16,862080,4736,0,0,191
25,11,0,9,16,914940,4740,0,0,202
26,8,0,11,14,931320,4680,0,0,210
27,7,0,13,12,962040,4715,0,0,217
28,1,0,2,23,1031640,4776,0,0,218
29,3,0,3,22,1047060,4803,0,0,221
30,7,0,10,15,1047060,4803,0,0,228
31,4,0,6,19,1083120,4792,0,0,232
32,3,0,4,21,1110900,4809,0,0,235
33,17,0,17,8,1125720,4790,0,0,252
34,9,0,16,9,1170360,4776,0,0,261
35,11,0,12,13,1243080,4781,0,0,272
36,10,0,12,13,1292040,4785,0,0,282
37,13,0,18,7,1334400,4817,0,0,295
38,7,0,12,13,1404300,4842,0,0,302
39,11,0,15,10,1438500,4827,0,0,313
40,13,0,15,10,1497960,4816,0,0,326
41,5,0,7,18,1566960,4836,0,0,331
42,7,0,9,16,1591380,4837,0,0,338
43,8,0,11,14,1617600,4828,0,0,346
44,9,0,9,16,1652640,4776,0,0,355
45,7,0,9,16,1690920,4790,0,0,362
46,4,0,8,17,1722660,4811,0,0,366
47,7,0,9,16,1749900,4807,0,0,373
48,4,0,7,18,1789200,4835,0,0,377
49,5,0,5,20,1826460,4844,0,0,382
50,6,0,6,19,1847220,4835,0,0,388
51,4,0,9,16,1852140,4835,0,0,392
52,7,0,8,17,1893360,4842,0,0,399
53,4,0,4,21,1926660,4828,0,0,403
54,5,0,4,21,1950780,4828,0,0,408
55,5,0,7,18,1959480,4826,0,0,413
56,10,0,14,11,1972560,4822,0,0,423
57,10,0,11,14,2029980,4810,0,0,433
58,16,0,20,5,2063520,4810,0,0,449
59,10,0,21,4,2101140,4797,0,0,459
60,6,0,10,15,2190060,4813,0,0,465
61,9,0,8,17,2254920,4838,0,0,474
62,9,0,10,15,2280000,4820,0,0,483
63,19,0,22,3,2302200,4796,0,0,502
64,7,0,13,12,2370480,4779,0,0,509
65,11,0,14,11,2423820,4790,0,0,520
66,5,0,5,20,2481900,4772,0,0,525
67,7,0,8,17,2500800,4772,0,0,532
68,8,0,13,12,2515200,4772,0,0,540
69,5,0,8,17,2561340,4769,0,0,545
70,7,0,10,15,2586960,4772,0,0,552
71,6,0,10,15,2620980,4782,0,0,558
72,4,0,10,15,2642460,4787,0,0,562
73,4,0,4,21,2705400,4813,0,0,566
74,2,0,4,21,2714580,4813,0,0,568
75,6,0,4,21,2731980,4792,0,0,574
76,9,0,12,13,2740080,4798,0,0,583
77,5,0,7,18,2780340,4785,0,0,588
78,12,0,12,13,2811780,4781,0,0,600
79,11,0,14,11,2851080,4775,0,0,611
80,5,0,10,15,2900280,4785,0,0,616
81,10,0,13,12,2937120,4791,0,0,626
82,12,0,15,10,2973960,4773,0,0,638
83,7,0,10,15,3036360,4781,0,0,645
84,10,0,13,12,3066180,4775,0,0,655
85,9,0,9,16,3129240,4777,0,0,664
86,10,0,15,10,3150000,4779,0,0,674
87,7,0,9,16,3202680,4765,0,0,681
88,8,0,11,14,3236640,4773,0,0,689
89,8,0,10,15,3274500,4766,0,0,697
90,10,0,10,15,3321420,4765,0,0,707
91,4,0,6,19,3359040,4764,0,0,711
92,6,0,8,17,3378360,4764,0,0,717
93,7,0,10,15,3397920,4758,0,0,724
94,8,0,9,16,3437700,4754,0,0,732
95,4,0,9,16,3467100,4769,0,0,736
96,7,0,8,17,3507420,4772,0,0,743
97,3,0,6,19,3529620,4769,0,0,746
98,4,0,6,19,3555240,4778,0,0,750
99,3,0,6,19,3573300,4783,0,0,753
100,8,0,10,15,3600540,4794,0,0,761
101,5,0,10,15,3622140,4791,0,0,766
102,6,0,6,19,3669240,4790,0,0,772
103,10,0,10,15,3688260,4777,0,0,782
104,5,0,8,17,3715860,4770,0,0,787
105,7,0,10,15,3746280,4778,0,0,794
106,11,0,12,13,3790260,4779,0,0,805
107,12,0,14,11,3837300,4778,0,0,817
108,10,0,17,8,3869460,4777,0,0,827
109,8,0,8,17,3950640,4777,0,0,835
110,12,0,13,12,3982140,4774,0,0,847
111,15,0,20,5,4016160,4769,0,0,862
112,10,0,15,10,4087020,4768,0,0,872
113,9,0,13,12,4147380,4778,0,0,881
114,3,0,8,17,4194480,4788,0,0,884
115,11,0,14,11,4225740,4796,0,0,895
116,12,0,15,10,4274160,4791,0,0,907
117,5,0,14,11,4308360,4797,0,0,912
118,10,0,13,12,4366800,4803,0,0,922
119,9,0,13,12,4414980,4809,0,0,931
120,7,0,11,14,4459620,4810,0,0,938
121,3,0,7,18,4500660,4818,0,0,941
122,4,0,7,18,4530300,4829,0,0,945
123,3,0,3,22,4564440,4830,0,0,948
124,9,0,7,18,4579920,4820,0,0,957
125,5,0,9,16,4597200,4823,0,0,962
126,0,0,1,24,4637520,4825,0,0,962
127,9,0,8,17,4649400,4828,0,0,971
128,7,0,8,17,4676100,4820,0,0,978
129,8,0,8,17,4703880,4809,0,0,986
130,13,0,13,12,4746540,4813,0,0,999
131,7,0,12,13,4772820,4801,0,0,1006
132,9,0,9,16,4831800,4802,0,0,1015
133,7,0,9,16,4869600,4807,0,0,1022
134,11,0,11,14,4908120,4802,0,0,1033
135,13,0,15,10,4956480,4807,0,0,1046
136,7,0,12,13,5003100,4806,0,0,1053
137,7,0,13,12,5032260,4806,0,0,1060
138,7,0,7,18,5093940,4805,0,0,1067
139,6,0,11,14,5103480,4805,0,0,1073
140,10,0,14,11,5139420,4807,0,0,1083
141,6,0,6,19,5205300,4806,0,0,1089
142,6,0,6,19,5233800,4806,0,0,1095
143,5,0,9,16,5241780,4804,0,0,1100
144,5,0,6,19,5281740,4805,0,0,1105
145,4,0,4,21,5306280,4802,0,0,1109
146,5,0,6,19,5323920,4804,0,0,1114
147,8,0,9,16,5335680,4793,0,0,1122
148,10,0,12,13,5374440,4798,0,0,1132
149,5,0,10,15,5406420,4797,0,0,1137
150,5,0,6,19,5450340,4797,0,0,1142
151,9,0,11,14,5471820,4799,0,0,1151
152,9,0,14,11,5499900,4799,0,0,1160
153,7,0,9,16,5557320,4799,0,0,1167
154,22,2,25,0,5575140,4797,0,0,1189
155,11,0,19,6,5661780,4794,840,0,1200
156,12,0,19,6,5730060,4803,840,0,1212
157,15,0,19,6,5793540,4795,840,0,1227
158,12,0,16,9,5872080,4801,840,0,1239
159,13,0,16,9,5928840,4796,840,0,1252
160,6,0,11,14,5983800,4798,840,0,1258
161,7,0,7,18,6042840,4803,840,0,1265
162,5,0,8,17,6052620,4796,840,0,1270
163,7,0,10,15,6081780,4800,840,0,1277
164,3,0,6,19,6121620,4805,840,0,1280
165,4,0,5,20,6153960,4811,840,0,1284
166,6,0,10,15,6160500,4812,840,0,1290
167,3,0,5,20,6202680,4815,840,0,1293
168,4,0,5,20,6223320,4816,840,0,1297
169,5,0,4,21,6247980,4813,840,0,1302
170,7,0,9,16,6255900,4812,840,0,1309
171,1,0,2,23,6295680,4813,840,0,1310
172,6,0,4,21,6311040,4810,840,0,1316
173,7,0,9,16,6318540,4808,840,0,1323
174,10,0,12,13,6349500,4806,840,0,1333
175,3,0,8,17,6377580,4802,840,0,1336
176,16,0,15,10,6423900,4804,840,0,1352
177,10,0,16,9,6453540,4794,840,0,1362
178,6,0,10,15,6512760,4795,840,0,1368
179,12,0,16,9,6540660,4795,840,0,1380
180,12,0,18,7,6586260,4793,840,0,1392
181,9,0,12,13,6670080,4802,840,0,1401
182,13,0,16,9,6707940,4798,840,0,1414
183,7,0,9,16,6762300,4789,840,0,1421
184,8,0,9,16,6803640,4791,840,0,1429
185,9,0,11,14,6842520,4795,840,0,1438
186,9,0,12,13,6871860,4788,840,0,1447
187,10,0,13,12,6913800,4787,840,0,1457
188,6,0,7,18,6960720,4780,840,0,1463
189,4,0,4,21,6992400,4779,840,0,1467
190,9,0,8,17,7005060,4771,840,0,1476
191,4,0,7,18,7031880,4773,840,0,1480
192,3,0,4,21,7067400,4778,840,0,1483
193,5,0,5,20,7086900,4778,840,0,1488
194,5,0,7,18,7097700,4776,840,0,1493
195,9,0,11,14,7127340,4780,840,0,1502
196,4,0,6,19,7170060,4780,840,0,1506
197,12,0,11,14,7194360,4773,840,0,1518
198,6,0,11,14,7224600,4775,840,0,1524
199,3,0,6,19,7270620,4780,840,0,1527
200,10,0,10,15,7297500,4778,840,0,1537
201,5,0,8,17,7332840,4780,840,0,1542
202,8,0,9,16,7369920,4782,840,0,1550
203,6,0,10,15,7395660,4783,840,0,1556
204,8,0,10,15,7439520,4787,840,0,1564
205,11,0,12,13,7472520,4780,840,0,1575
206,2,0,8,17,7505160,4783,840,0,1577
207,12,0,13,12,7545780,4787,840,0,1589
208,4,0,7,18,7585200,4782,840,0,1593
209,7,0,10,15,7605420,4783,840,0,1600
210,6,0,8,17,7640160,4781,840,0,1606
211,8,0,12,13,7659180,4781,840,0,1614
212,7,0,10,15,7694760,4776,840,0,1621
213,9,0,11,14,7735920,4778,840,0,1630
214,9,0,11,14,7770180,4772,840,0,1639
215,6,0,9,16,7808400,4772,840,0,1645
216,7,0,9,16,7840440,4772,840,0,1652
217,8,0,11,14,7877220,4776,840,0,1660
218,17,0,18,7,7930260,4780,840,0,1677
219,5,0,14,11,7970220,4778,840,0,1682
220,6,0,7,18,8036040,4780,840,0,1688
221,8,0,8,17,8072640,4782,840,0,1696
222,5,0,8,17,8094600,4781,840,0,1701
223,9,0,12,13,8122920,4783,840,0,1710
224,9,0,14,11,8149860,4779,840,0,1719
225,10,0,13,12,8212200,4785,840,0,1729
226,11,0,16,9,8250960,4785,840,0,1740
227,12,0,15,10,8310180,4784,840,0,1752
228,10,0,16,9,8356620,4786,840,0,1762
229,7,0,9,16,8430900,4790,840,0,1769
230,13,0,16,9,8466900,4794,840,0,1782
231,14,0,22,3,8512440,4798,840,0,1796
232,11,0,16,9,8595420,4799,840,0,1807
233,13,0,15,10,8659440,4797,840,0,1820
234,7,0,10,15,8717700,4797,840,0,1827
235,12,0,15,10,8753460,4799,840,0,1839
236,5,0,14,11,8783040,4799,840,0,1844
237,6,0,8,17,8845440,4802,840,0,1850
238,6,0,7,18,8883720,4804,840,0,1856
239,9,0,10,15,8906580,4801,840,0,1865
240,6,0,12,13,8922780,4799,840,0,1871
241,6,0,7,18,8983080,4803,840,0,1877
242,2,0,4,21,9007620,4804,840,0,1879
243,6,0,7,18,9023820,4805,840,0,1885
244,7,0,9,16,9049680,4805,840,0,1892
245,3,0,5,20,9075240,4801,840,0,1895
246,9,0,7,18,9112380,4803,840,0,1904
247,5,0,8,17,9124020,4799,840,0,1909
248,5,0,5,20,9158940,4797,840,0,1914
249,4,0,6,19,9178020,4800,840,0,1918
250,9,0,11,14,9194820,4798,840,0,1927
251,11,0,13,12,9230400,4795,840,0,1938
252,7,0,12,13,9267540,4794,840,0,1945
253,9,0,12,13,9310080,4794,840,0,1954
254,11,0,10,15,9367380,4791,840,0,1965
255,14,0,16,9,9401160,4789,840,0,1979
256,7,0,12,13,9443700,4784,840,0,1986
257,3,0,4,21,9494400,4783,840,0,1989
258,9,0,8,17,9525180,4786,840,0,1998
259,9,0,10,15,9552660,4783,840,0,2007
260,7,0,8,17,9584760,4778,840,0,2014
261,8,0,10,15,9617220,4779,840,0,2022
262,6,0,12,13,9640800,4782,840,0,2028
263,3,0,7,18,9689880,4787,840,0,2031
264,3,0,5,20,9721680,4791,840,0,2034
265,6,0,7,18,9740640,4791,840,0,2040
266,6,0,8,17,9761340,4789,840,0,2046
267,5,0,9,16,9780960,4789,840,0,2051
268,8,0,10,15,9816600,4790,840,0,2059
269,5,0,9,16,9843600,4790,840,0,2064
270,7,0,10,15,9875220,4791,840,0,2071
271,19,0,20,5,9911220,4788,840,0,2090
272,12,0,19,6,9972540,4787,900,0,2102
273,11,0,11,14,10053900,4783,900,0,2113
274,11,0,15,10,10086780,4782,900,0,2124
275,7,0,13,12,10133100,4784,900,0,2131
276,11,0,10,15,10186500,4777,900,0,2142
277,9,0,13,12,10211700,4776,900,0,2151
278,13,0,16,9,10259220,4776,900,0,2164
279,14,0,20,5,10302840,4774,900,0,2178
280,14,0,20,5,10372140,4775,900,0,2192
281,11,0,16,9,10443660,4775,900,0,2203
282,15,0,19,6,10502820,4776,900,0,2218
283,8,0,14,11,10560000,4773,900,0,2226
284,8,0,7,18,10628340,4772,900,0,2234
285,8,0,7,18,10663260,4771,900,0,2242
286,4,0,9,16,10670820,4770,900,0,2246
287,4,0,7,18,10709940,4774,900,0,2250
288,4,0,6,19,10739340,4777,900,0,2254
289,6,0,6,19,10769340,4777,900,0,2260
290,3,0,3,22,10802640,4779,900,0,2263
291,7,0,8,17,10805940,4777,900,0,2270
292,12,0,11,14,10839660,4773,900,0,2282
293,8,0,13,12,10871580,4774,900,0,2290
294,4,0,9,16,10909560,4774,900,0,2294
295,3,0,7,18,10937580,4776,900,0,2297
296,6,0,8,17,10970940,4780,900,0,2303
297,9,0,13,12,10996380,4783,900,0,2312
298,13,0,18,7,11027040,4779,900,0,2325
299,16,0,18,7,11111520,4783,900,0,2341
300,4,0,8,17,11165700,4777,900,0,2345
301,9,0,7,18,11221260,4781,900,0,2354
302,15,0,15,10,11241540,4775,900,0,2369
303,13,0,17,8,11286660,4772,900,0,2382
304,8,0,14,11,11347860,4776,900,0,2390
305,9,0,11,14,11406360,4776,900,0,2399
306,9,0,14,11,11447040,4781,900,0,2408
307,7,0,13,12,11480580,4779,900,0,2415
308,7,0,11,14,11532540,4783,900,0,2422
309,5,0,7,18,11574660,4782,900,0,2427
310,5,0,5,20,11606040,4782,900,0,2432
311,7,0,8,17,11616000,4778,900,0,2439
312,3,0,6,19,11644680,4780,900,0,2442
313,5,0,7,18,11669220,4782,900,0,2447
314,7,0,6,19,11697420,4778,900,0,2454
315,1,0,2,23,11724540,4779,900,0,2455
316,6,0,4,21,11735820,4776,900,0,2461
317,11,0,11,14,11751660,4775,900,0,2472
318,7,0,11,14,11782380,4774,900,0,2479
319,8,0,10,15,11828700,4775,900,0,2487
320,9,0,11,14,11871960,4777,900,0,2496
321,6,0,11,14,11896860,4775,900,0,2502
322,10,0,9,16,11951340,4774,900,0,2512
323,4,0,6,19,11988780,4776,900,0,2516
324,7,0,10,15,12003240,4776,900,0,2523
325,4,0,8,17,12033600,4777,900,0,2527
326,7,0,10,15,12059400,4777,900,0,2534
327,9,0,11,14,12088020,4774,900,0,2543
328,6,0,8,17,12128460,4773,900,0,2549
329,3,0,5,20,12154440,4772,900,0,2552
330,9,0,8,17,12179880,4770,900,0,2561
331,10,0,15,10,12190860,4769,900,0,2571
332,4,0,8,17,12247020,4770,900,0,2575
333,10,0,10,15,12279900,4768,900,0,2585
334,6,0,9,16,12309600,4767,900,0,2591
335,7,0,10,15,12340440,4768,900,0,2598
336,7,0,9,16,12379620,4768,900,0,2605
337,6,0,10,15,12409080,4770,900,0,2611
338,5,0,7,18,12445500,4770,900,0,2616
339,8,0,8,17,12478680,4770,900,0,2624
340,7,0,9,16,12498660,4766,900,0,2631
341,6,0,6,19,12543180,4767,900,0,2637
342,11,0,14,11,12552840,4765,900,0,2648
343,8,0,14,11,12600060,4769,900,0,2656
344,5,0,8,17,12658860,4771,900,0,2661
345,9,0,11,14,12692520,4773,900,0,2670
346,8,0,14,11,12724560,4776,900,0,2678
347,3,0,5,20,12779640,4775,900,0,2681
348,13,0,12,13,12805920,4774,900,0,2694
349,4,0,8,17,12846240,4775,900,0,2698
350,10,0,11,14,12879780,4775,900,0,2708
351,10,0,16,9,12906480,4776,900,0,2718
352,6,0,8,17,12972360,4776,900,0,2724
353,4,0,6,19,13001700,4776,900,0,2728
354,8,0,9,16,13030020,4778,900,0,2736
355,5,0,8,17,13049820,4774,900,0,2741
356,8,0,7,18,13090920,4774,900,0,2749
357,5,0,7,18,13107960,4771,900,0,2754
358,6,0,8,17,13139400,4774,900,0,2760
359,1,0,3,22,13167900,4774,900,0,2761
360,7,0,7,18,13181760,4774,900,0,2768
361,4,0,5,20,13207920,4773,900,0,2772
362,2,0,4,21,13223160,4773,900,0,2774
363,6,0,3,22,13244280,4769,900,0,2780
364,8,0,7,18,13259520,4767,900,0,2788
365,6,0,11,14,13270920,4768,900,0,2794
366,7,0,11,14,13303860,4768,900,0,2801
367,4,0,9,16,13344900,4772,900,0,2805
368,6,0,7,18,13389720,4775,900,0,2811
369,12,0,14,11,13409160,4773,900,0,2823
370,13,0,14,11,13460040,4769,900,0,2836
371,14,0,20,5,13496760,4769,900,0,2850
372,7,0,10,15,13569120,4766,900,0,2857
373,21,0,22,3,13622460,4769,900,0,2878
374,15,1,25,0,13667220,4767,1320,0,2893
375,14,0,22,3,13760760,4769,1620,0,2907
376,12,0,18,7,13840320,4770,1620,0,2919
377,15,0,22,3,13892460,4770,1620,0,2934
378,11,0,16,9,13989840,4776,1620,0,2945
379,5,0,9,16,14050800,4777,1620,0,2950
380,3,0,4,21,14096760,4780,1620,0,2953
381,5,0,6,19,14110320,4779,1620,0,2958
382,3,0,5,20,14124960,4778,1620,0,2961
383,6,0,8,17,14141940,4779,1620,0,2967
384,6,0,9,16,14170140,4780,1620,0,2973
385,7,0,7,18,14214540,4781,1620,0,2980
386,4,0,4,21,14236560,4777,1620,0,2984
387,6,0,8,17,14246580,4777,1620,0,2990
388,6,0,7,18,14272080,4774,1620,0,2996
389,5,0,8,17,14294220,4775,1620,0,3001
390,9,0,12,13,14320380,4776,1620,0,3010
391,7,0,13,12,14344740,4775,1620,0,3017
392,8,0,12,13,14393400,4777,1620,0,3025
393,13,0,18,7,14431680,4778,1620,0,3038
394,11,0,15,10,14488020,4775,1620,0,3049
395,12,0,15,10,14547300,4775,1620,0,3061
396,9,0,13,12,14594220,4774,1620,0,3070
397,5,0,9,16,14644440,4776,1620,0,3075
398,6,0,9,16,14675220,4777,1620,0,3081
399,10,0,13,12,14704260,4777,1620,0,3091
400,15,0,18,7,14744160,4774,1620,0,3106
401,8,0,14,11,14795640,4772,1620,0,3114
402,6,0,9,16,14859960,4776,1620,0,3120
403,2,0,5,20,14896020,4778,1620,0,3122
404,6,0,8,17,14915760,4780,1620,0,3128
405,4,0,7,18,14941080,4781,1620,0,3132
406,2,0,5,20,14967480,4783,1620,0,3134
407,3,0,4,21,14989980,4784,1620,0,3137
408,6,0,6,19,15006420,4783,1620,0,3143
409,4,0,6,19,15031020,4785,1620,0,3147
410,4,0,6,19,15054180,4786,1620,0,3151
411,2,0,5,20,15063900,4785,1620,0,3153
412,6,0,7,18,15080940,4784,1620,0,3159
413,7,0,10,15,15108300,4787,1620,0,3166
414,4,0,7,18,15143040,4787,1620,0,3170
415,10,0,13,12,15164100,4788,1620,0,3180
416,12,0,15,10,15216900,4789,1620,0,3192
417,11,0,15,10,15264120,4787,1620,0,3203
418,8,0,15,10,15306540,4789,1620,0,3211
419,13,0,16,9,15364620,4789,1620,0,3224
420,15,0,20,5,15417420,4789,1620,0,3239
421,13,0,20,5,15482160,4790,2820,0,3252
422,10,0,13,12,15567180,4791,2820,0,3262
423,10,0,14,11,15612720,4792,2820,0,3272
424,10,0,11,14,15670260,4790,2820,0,3282
425,10,0,12,13,15708180,4789,2820,0,3292
426,5,0,8,17,15748500,4788,2820,0,3297
427,8,0,9,16,15786720,4789,2820,0,3305
428,4,0,5,20,15825000,4789,2820,0,3309
429,6,0,5,20,15846840,4787,2820,0,3315
430,2,0,3,22,15864660,4787,2820,0,3317
431,6,0,5,20,15878460,4785,2820,0,3323
432,6,0,10,15,15883020,4785,2820,0,3329
433,9,0,9,16,15930120,4785,2820,0,3338
434,5,0,8,17,15955680,4784,2820,0,3343
435,8,0,8,17,15986100,4781,2820,0,3351
436,3,0,8,17,16001100,4782,2820,0,3354
437,8,0,11,14,16034400,4784,2820,0,3362
438,6,0,8,17,16079700,4785,2820,0,3368
439,11,0,13,12,16111980,4786,2820,0,3379
440,12,0,17,8,16148520,4786,2820,0,3391
441,7,0,13,12,16196220,4784,2820,0,3398
442,13,0,13,12,16268820,4787,2820,0,3411
443,12,0,14,11,16317540,4786,2820,0,3423
444,11,0,11,14,16376940,4784,2820,0,3434
445,11,0,14,11,16402800,4780,2820,0,3445
446,9,0,16,9,16439400,4781,2820,0,3454
447,8,0,9,16,16534740,4788,2820,0,3462
448,3,0,8,17,16563720,4791,2820,0,3465
449,8,0,10,15,16595340,4792,2820,0,3473
450,7,0,11,14,16625280,4792,2820,0,3480
451,7,0,11,14,16662360,4793,2820,0,3487
452,6,0,6,19,16711080,4792,2820,0,3493
453,8,0,9,16,16725300,4789,2820,0,3501
454,3,0,7,18,16753080,4790,2820,0,3504
455,1,0,2,23,16790220,4793,2820,0,3505
456,8,0,10,15,16790220,4793,2820,0,3513
457,5,0,7,18,16821600,4791,2820,0,3518
458,8,0,13,12,16833540,4791,2820,0,3526
459,4,0,9,16,16876440,4793,2820,0,3530
460,4,0,5,20,16922160,4795,2820,0,3534
461,8,0,9,16,16941300,4795,2820,0,3542
462,7,0,9,16,16972440,4794,2820,0,3549
463,10,0,13,12,16996800,4793,2820,0,3559
464,14,0,16,9,17055120,4794,2820,0,3573
465,9,0,14,11,17102220,4793,2820,0,3582
466,17,0,20,5,17160480,4794,2820,0,3599
467,14,0,19,6,17230980,4794,2820,0,3613
468,11,0,17,8,17297220,4795,2820,0,3624
469,6,0,10,15,17366460,4797,2820,0,3630
470,15,0,16,9,17410380,4797,2820,0,3645
471,16,0,19,6,17463300,4794,2820,0,3661
472,9,0,18,7,17513520,4795,2820,0,3670
473,10,0,13,12,17581980,4794,2820,0,3680
474,7,0,8,17,17646240,4796,2820,0,3687
475,9,0,10,15,17671440,4794,2820,0,3696
476,5,0,8,17,17706120,4794,2820,0,3701
477,7,0,10,15,17739960,4797,2820,0,3708
478,3,0,7,18,17771160,4797,2820,0,3711
479,4,0,5,20,17806080,4799,2820,0,3715
480,5,0,8,17,17815740,4799,2820,0,3720
481,4,0,7,18,17837160,4798,2820,0,3724
482,3,0,4,21,17874780,4801,2820,0,3727
483,3,0,2,23,17892060,4799,2820,0,3730
484,4,0,5,20,17893020,4798,2820,0,3734
485,9,0,8,17,17913300,4796,2820,0,3743
486,6,0,9,16,17932500,4794,2820,0,3749
487,12,0,13,12,17964120,4792,2820,0,3761
488,9,0,11,14,18010740,4791,2820,0,3770
489,10,0,13,12,18044820,4790,2820,0,3780
490,7,0,8,17,18108240,4791,2820,0,3787
491,18,0,17,8,18148440,4791,2820,0,3805
492,14,0,22,3,18177000,4787,2820,0,3819
493,12,0,17,8,18249240,4784,2820,0,3831
494,13,0,17,8,18317580,4786,2820,0,3844
495,9,0,10,15,18393360,4786,2820,0,3853
496,7,0,10,15,18424140,4785,2820,0,3860
497,11,0,15,10,18462180,4787,2820,0,3871
498,6,0,10,15,18509400,4786,2820,0,3877
499,8,0,13,12,18550080,4790,2820,0,3885
500,7,0,10,15,18594120,4789,2820,0,3892
501,8,0,9,16,18637860,4789,2820,0,3900
502,6,0,7,18,18677460,4790,2820,0,3906
503,6,0,10,15,18694440,4790,2820,0,3912
504,1,0,4,21,18725700,4790,2820,0,3913
505,7,0,5,20,18755160,4790,2820,0,3920
506,2,0,4,21,18768900,4790,2820,0,3922
507,3,0,4,21,18783480,4790,2820,0,3925
508,5,0,8,17,18787140,4790,2820,0,3930
509,9,0,12,13,18816120,4791,2820,0,3939
510,2,0,5,20,18862620,4792,2820,0,3941
511,6,0,6,19,18886980,4792,2820,0,3947
512,7,0,7,18,18904140,4789,2820,0,3954
513,10,0,14,11,18918300,4789,2820,0,3964
514,18,0,23,2,18965400,4790,2820,0,3982
515,12,0,16,9,19049880,4788,2820,0,3994
516,10,0,18,7,19083300,4787,2820,0,4004
517,6,0,10,15,19174680,4793,2820,0,4010
518,8,0,12,13,19213500,4796,2820,0,4018
519,10,0,14,11,19249740,4795,2820,0,4028
520,11,0,15,10,19291380,4794,2820,0,4039
521,12,0,18,7,19340580,4795,2820,0,4051
522,9,0,14,11,19396740,4794,2820,0,4060
523,7,0,9,16,19465620,4796,2820,0,4067
524,8,0,11,14,19500120,4798,2820,0,4075
525,10,0,13,12,19528620,4795,2820,0,4085
526,5,0,10,15,19576020,4798,2820,0,4090
527,2,0,2,23,19622280,4797,2820,0,4092
528,4,0,5,20,19628340,4797,2820,0,4096
529,7,0,10,15,19639080,4798,2820,0,4103
530,5,0,9,16,19667580,4798,2820,0,4108
531,7,0,5,20,19714500,4796,2820,0,4115
532,1,0,3,22,19734120,4797,2820,0,4116
533,5,0,5,20,19747920,4797,2820,0,4121
534,8,0,10,15,19761300,4797,2820,0,4129
535,5,0,9,16,19779540,4795,2820,0,4134
536,8,0,8,17,19820100,4794,2820,0,4142
537,7,0,9,16,19862520,4797,2820,0,4149
538,4,0,5,20,19894740,4796,2820,0,4153
539,15,0,16,9,19915860,4796,2820,0,4168
540,5,0,13,12,19942260,4793,2820,0,4173
541,14,0,16,9,20005860,4796,2820,0,4187
542,17,0,19,6,20059380,4793,2820,0,4204
543,14,0,17,8,20108700,4786,2820,0,4218
544,11,0,14,11,20183040,4788,2820,0,4229
545,8,0,11,14,20225220,4785,2820,0,4237
546,7,0,9,16,20282160,4789,2820,0,4244
547,5,0,12,13,20295900,4790,2820,0,4249
548,2,0,3,22,20355840,4791,2820,0,4251
549,6,0,7,18,20364960,4791,2820,0,4257
550,10,0,12,13,20388360,4791,2820,0,4267
551,4,0,5,20,20440920,4791,2820,0,4271
552,4,0,6,19,20455680,4791,2820,0,4275
553,7,0,11,14,20468280,4792,2820,0,4282
554,6,0,10,15,20499180,4791,2820,0,4288
555,7,0,9,16,20540040,4792,2820,0,4295
556,7,0,9,16,20586660,4795,2820,0,4302
557,3,0,5,20,20616180,4794,2820,0,4305
558,6,0,8,17,20629020,4794,2820,0,4311
559,9,0,13,12,20655960,4795,2820,0,4320
560,10,0,14,11,20695380,4795,2820,0,4330
561,9,0,15,10,20737980,4796,2820,0,4339
562,10,0,10,15,20817060,4797,2820,0,4349
563,9,0,14,11,20834340,4796,2820,0,4358
564,10,0,15,10,20888100,4798,2820,0,4368
565,15,0,18,7,20935380,4796,2820,0,4383
566,18,0,19,6,21001500,4792,2820,0,4401
567,11,0,14,11,21081960,4793,2820,0,4412
568,11,0,13,12,21133680,4792,2820,0,4423
569,14,0,18,7,21193740,4796,2820,0,4437
570,6,0,12,13,21243960,4794,2820,0,4443
571,8,0,12,13,21298320,4797,2820,0,4451
572,5,0,9,16,21341520,4799,2820,0,4456
573,6,0,8,17,21377700,4799,2820,0,4462
574,9,0,10,15,21412680,4799,2820,0,4471
575,2,0,7,18,21436140,4799,2820,0,4473
576,5,0,6,19,21468660,4800,2820,0,4478
577,8,0,10,15,21486660,4800,2820,0,4486
578,7,0,9,16,21522960,4799,2820,0,4493
579,8,0,10,15,21558600,4800,2820,0,4501
580,3,0,5,20,21592140,4799,2820,0,4504
581,8,0,9,16,21611160,4799,2820,0,4512
582,11,0,15,10,21634440,4799,2820,0,4523
583,11,0,18,7,21672540,4799,2820,0,4534
584,10,0,13,12,21744540,4799,2820,0,4544
585,12,0,18,7,21776880,4798,2820,0,4556
586,13,0,18,7,21838140,4798,2820,0,4569
587,8,0,16,9,21892920,4800,2820,0,4577
588,11,0,14,11,21961800,4801,2820,0,4588
589,14,0,18,7,22003140,4799,2820,0,4602
590,11,0,13,12,22078740,4799,2820,0,4613
591,14,0,14,11,22141560,4799,2820,0,4627
592,8,0,10,15,22184940,4796,2820,0,4635
593,15,0,20,5,22211760,4797,2820,0,4650
594,7,0,11,14,22282020,4795,2820,0,4657
595,13,0,14,11,22331940,4796,2820,0,4670
596,9,0,16,9,22378380,4799,2820,0,4679
597,10,0,15,10,22437660,4800,2820,0,4689
598,5,0,9,16,22487280,4799,2820,0,4694
599,2,0,2,23,22529460,4799,2820,0,4696
600,4,0,5,20,22532040,4799,2820,0,4700
601,6,0,8,17,22546080,4799,2820,0,4706
602,9,0,9,16,22576800,4797,2820,0,4715
603,9,0,10,15,22608240,4795,2820,0,4724
604,11,0,16,9,22631580,4795,2820,0,4735
605,12,0,13,12,22697460,4794,2820,0,4747
606,5,0,11,14,22728720,4794,2820,0,4752
607,7,0,9,16,22782120,4796,2820,0,4759
608,5,0,8,17,22811340,4796,2820,0,4764
609,7,0,7,18,22846140,4795,2820,0,4771
610,12,0,12,13,22872120,4793,2820,0,4783
611,12,0,13,12,22910520,4790,2820,0,4795
612,16,0,21,4,22950660,4791,2820,0,4811
613,14,0,23,2,23010360,4791,2820,0,4825
614,15,0,21,4,23095620,4792,2820,0,4840
615,3,0,10,15,23158980,4791,2820,0,4843
616,11,0,13,12,23199480,4792,2820,0,4854
617,6,0,11,14,23240760,4792,2820,0,4860
618,14,0,17,8,23283480,4793,2820,0,4874
619,7,0,14,11,23333820,4794,2820,0,4881
620,2,0,6,19,23388720,4795,2820,0,4883
621,1,0,2,23,23425080,4798,2820,0,4884
622,4,0,4,21,23435940,4798,2820,0,4888
623,3,0,5,20,23446980,4798,2820,0,4891
624,5,0,7,18,23460420,4798,2820,0,4896
625,3,0,5,20,23480100,4797,2820,0,4899
626,3,0,4,21,23499540,4797,2820,0,4902
627,4,0,6,19,23515080,4798,2820,0,4906
628,5,0,6,19,23533500,4797,2820,0,4911
629,12,0,14,11,23552820,4797,2820,0,4923
630,8,0,14,11,23597460,4799,2820,0,4931
631,7,0,10,15,23654280,4799,2820,0,4938
632,8,0,10,15,23700480,4801,2820,0,4946
633,6,0,9,16,23733960,4801,2820,0,4952
634,10,0,13,12,23765820,4802,2820,0,4962
635,7,0,11,14,23810820,4802,2820,0,4969
636,13,0,14,11,23852940,4801,2820,0,4982
637,9,0,15,10,23887380,4800,2820,0,4991
638,13,0,18,7,23939700,4801,2820,0,5004
639,8,0,14,11,23998620,4801,2820,0,5012
640,8,0,8,17,24064140,4801,2820,0,5020
641,12,0,14,11,24088380,4800,2820,0,5032
642,10,0,16,9,24122160,4799,2820,0,5042
643,8,0,13,12,24179700,4800,2820,0,5050
644,9,0,11,14,24237840,4801,2820,0,5059
645,5,0,10,15,24267720,4801,2820,0,5064
646,5,0,8,17,24304200,4802,2820,0,5069
647,5,0,8,17,24334440,4803,2820,0,5074
648,6,0,8,17,24361500,4803,2820,0,5080
649,5,0,7,18,24392280,4803,2820,0,5085
650,3,0,5,20,24412800,4802,2820,0,5088
651,2,0,3,22,24435600,4803,2820,0,5090
652,9,0,9,16,24445560,4802,2820,0,5099
653,7,0,11,14,24464040,4801,2820,0,5106
654,5,0,5,20,24516480,4801,2820,0,5111
655,5,0,8,17,24529980,4802,2820,0,5116
656,4,0,8,17,24554940,4803,2820,0,5120
657,10,0,12,13,24590340,4804,2820,0,5130
658,13,0,13,12,24639720,4803,2820,0,5143
659,9,0,13,12,24685080,4803,2820,0,5152
660,12,0,16,9,24727680,4803,2820,0,5164
661,10,0,15,10,24780600,4803,2820,0,5174
662,16,0,22,3,24834600,4805,2820,0,5190
663,11,0,18,7,24897000,4803,2820,0,5201
664,8,0,12,13,24975300,4805,2820,0,5209
665,10,0,13,12,25016220,4805,2820,0,5219
666,5,0,11,14,25050120,4805,2820,0,5224
667,4,0,7,18,25099920,4807,2820,0,5228
668,9,0,11,14,25122720,4807,2820,0,5237
669,4,0,9,16,25150980,4807,2820,0,5241
670,10,0,12,13,25188660,4807,2820,0,5251
671,5,0,11,14,25219260,4808,2820,0,5256
672,3,0,4,21,25268040,4808,2820,0,5259
673,3,0,7,18,25268040,4808,2820,0,5262
674,3,0,6,19,25277460,4806,2820,0,5265
675,10,0,14,11,25286820,4806,2820,0,5275
676,6,0,14,11,25314420,4806,2820,0,5281
677,8,0,13,12,25357260,4806,2820,0,5289
678,7,0,13,12,25389240,4805,2820,0,5296
679,3,0,10,15,25429320,4807,2820,0,5299
680,9,0,12,13,25465380,4808,2820,0,5308
681,7,0,16,9,25481220,4808,2820,0,5315
682,10,0,16,9,25531620,4809,2820,0,5325
683,7,0,12,13,25577040,4807,2820,0,5332
684,12,0,12,13,25627440,4806,2820,0,5344
685,8,0,15,10,25650660,4806,2820,0,5352
686,9,0,15,10,25690320,4805,2820,0,5361
687,14,0,18,7,25744740,4805,2820,0,5375
688,14,0,19,6,25792680,4803,2820,0,5389
689,10,0,15,10,25852260,4801,2820,0,5399
690,3,0,9,16,25904880,4803,2820,0,5402
691,3,0,8,17,25928640,4804,2820,0,5405
692,6,0,12,13,25943160,4805,2820,0,5411
693,6,0,12,13,25968480,4804,2820,0,5417
694,6,0,11,14,26004840,4805,2820,0,5423
695,4,0,8,17,26044440,4806,2820,0,5427
696,4,0,9,16,26059140,4806,2820,0,5431
697,6,0,10,15,26086740,4806,2820,0,5437
698,2,0,7,18,26106720,4806,2820,0,5439
699,9,0,13,12,26123580,4806,2820,0,5448
700,6,0,12,13,26150040,4805,2820,0,5454
701,2,0,7,18,26191500,4806,2820,0,5456
702,6,0,9,16,26207640,4806,2820,0,5462
703,6,0,8,17,26236080,4805,2820,0,5468
704,8,0,11,14,26258160,4804,2820,0,5476
705,9,0,13,12,26281920,4802,2820,0,5485
706,4,0,12,13,26308020,4803,2820,0,5489
707,10,0,15,10,26339460,4802,2820,0,5499
708,19,0,24,1,26387520,4802,2820,0,5518
709,13,0,20,5,26448180,4799,3120,0,5531
710,11,0,16,9,26521020,4799,3120,0,5542
711,14,0,22,3,26554080,4798,3120,0,5556
712,14,0,20,5,26635380,4799,3120,0,5570
713,13,0,19,6,26694720,4797,3120,0,5583
714,7,0,12,13,26765340,4798,3120,0,5590
715,7,0,9,16,26809020,4797,3120,0,5597
716,7,0,11,14,26826540,4796,3120,0,5604
717,4,0,10,15,26850480,4796,3120,0,5608
718,3,0,8,17,26878080,4797,3120,0,5611
719,6,0,10,15,26902020,4797,3120,0,5617
720,3,0,9,16,26916420,4797,3120,0,5620
721,5,0,11,14,26936760,4798,3120,0,5625
722,8,0,13,12,26960880,4797,3120,0,5633
723,10,0,14,11,26997840,4796,3120,0,5643
724,6,0,12,13,27033300,4795,3120,0,5649
725,5,0,10,15,27069960,4796,3120,0,5654
726,8,0,12,13,27091080,4794,3120,0,5662
727,7,0,12,13,27113940,4792,3120,0,5669
728,7,0,13,12,27145560,4793,3120,0,5676
729,10,0,12,13,27197280,4793,3120,0,5686
730,6,0,14,11,27219180,4793,3120,0,5692
731,9,0,19,6,27242160,4794,3120,0,5701
732,9,0,15,10,27315660,4796,3120,0,5710
733,15,0,18,7,27362040,4794,3120,0,5725
734,13,0,20,5,27410040,4793,3120,0,5738
735,8,0,13,12,27486240,4794,3120,0,5746
736,8,0,13,12,27519300,4793,3120,0,5754
737,9,0,15,10,27548520,4792,3120,0,5763
738,4,0,13,12,27580980,4793,3120,0,5767
739,6,0,14,11,27607560,4793,3120,0,5773
740,5,0,13,12,27649380,4796,3120,0,5778
741,7,0,13,12,27688920,4797,3120,0,5785
742,6,0,11,14,27736140,4798,3120,0,5791
743,7,0,11,14,27771900,4799,3120,0,5798
744,8,0,14,11,27794520,4798,3120,0,5806
745,1,0,7,18,27834240,4799,3120,0,5807
746,6,0,6,19,27861720,4797,3120,0,5813
747,7,0,11,14,27865560,4796,3120,0,5820
748,13,0,17,8,27896280,4796,3120,0,5833
749,7,0,10,15,27958680,4795,3120,0,5840
750,8,0,13,12,27974220,4794,3120,0,5848
751,3,0,11,14,28004940,4795,3120,0,5851
752,16,0,19,6,28052520,4796,3120,0,5867
753,13,4,25,0,28073820,4798,3300,0,5880
754,8,0,15,10,28184400,4798,11280,1,5888
755,11,0,18,7,28222800,4798,11280,1,5899
756,9,0,18,7,28269240,4799,11280,1,5908
757,14,0,19,6,28324920,4798,11280,1,5922
758,8,0,16,9,28374780,4797,11280,1,5930
759,10,0,14,11,28441260,4799,11280,1,5940
760,4,0,10,15,28477260,4798,11280,1,5944
761,10,0,15,10,28500060,4798,11280,1,5954
762,8,0,14,11,28543200,4798,11280,1,5962
763,10,0,12,13,28585620,4796,11280,1,5972
764,4,0,11,14,28618140,4797,11280,1,5976
765,6,0,10,15,28657860,4798,11280,1,5982
766,8,0,12,13,28682760,4798,11280,1,5990
767,4,0,11,14,28700700,4797,11280,1,5994
768,3,0,8,17,28739160,4798,11280,1,5997
769,6,0,9,16,28765680,4799,11280,1,6003
770,6,0,13,12,28773180,4798,11280,1,6009
771,5,0,13,12,28793640,4798,11280,1,6014
772,2,0,6,19,28850640,4800,11280,1,6016
773,8,0,11,14,28858800,4799,11280,1,6024
774,3,0,8,17,28887180,4799,11280,1,6027
775,12,0,13,12,28912740,4797,11280,1,6039
776,13,0,18,7,28941480,4796,11280,1,6052
777,11,0,15,10,29004180,4795,11280,1,6063
778,8,0,13,12,29042280,4794,11280,1,6071
779,5,0,9,16,29090880,4794,11280,1,6076
780,6,0,9,16,29117940,4794,11280,1,6082
781,12,0,19,6,29127780,4794,11280,1,6094
782,10,0,21,4,29168940,4795,11280,1,6104
783,12,0,18,7,29242140,4795,11280,1,6116
784,12,0,17,8,29299260,4794,11280,1,6128
785,12,0,18,7,29357880,4795,11280,1,6140
786,7,0,16,9,29403180,4795,11280,1,6147
787,4,0,12,13,29450160,4797,11280,1,6151
788,11,0,15,10,29494500,4798,11280,1,6162
789,2,0,9,16,29536620,4798,11280,1,6164
790,7,0,12,13,29557200,4799,11280,1,6171
791,2,0,8,17,29581860,4798,11280,1,6173
792,8,0,11,14,29606760,4798,11280,1,6181
793,3,0,10,15,29625840,4798,11280,1,6184
794,4,0,7,18,29663580,4799,11280,1,6188
795,5,0,10,15,29675040,4799,11280,1,6193
796,2,0,7,18,29703360,4800,11280,1,6195
797,5,0,8,17,29717340,4799,11280,1,6200
798,11,0,16,9,29727840,4798,11280,1,6211
799,7,0,15,10,29765460,4798,11280,1,6218
800,4,0,8,17,29816580,4798,11280,1,6222
801,7,0,11,14,29845260,4799,11280,1,6229
802,9,0,13,12,29871540,4798,11280,1,6238
803,11,0,17,8,29897400,4797,11280,1,6249
804,4,0,11,14,29951760,4798,11280,1,6253
805,8,0,13,12,29979360,4798,11280,1,6261
806,10,0,17,8,30013260,4799,11280,1,6271
807,5,0,16,9,30042360,4799,11280,1,6276
808,6,0,12,13,30098520,4800,11280,1,6282
809,10,0,14,11,30127800,4798,11280,1,6292
810,6,0,13,12,30168900,4800,11280,1,6298
811,5,0,8,17,30212760,4799,11280,1,6303
812,9,0,13,12,30232980,4799,11280,1,6312
813,6,0,12,13,30267540,4799,11280,1,6318
814,3,0,8,17,30296820,4799,11280,1,6321
815,3,0,7,18,30322920,4800,11280,1,6324
816,8,0,11,14,30343080,4800,11280,1,6332
817,5,0,11,14,30366540,4800,11280,1,6337
818,6,0,12,13,30396060,4801,11280,1,6343
819,6,0,8,17,30436500,4799,11280,1,6349
820,6,0,11,14,30453360,4800,11280,1,6355
821,12,0,18,7,30468540,4798,11280,1,6367
822,11,0,20,5,30522540,4800,11280,1,6378
823,2,0,7,18,30596940,4801,11280,1,6380
824,13,0,13,12,30618480,4799,11280,1,6393
825,7,0,12,13,30648300,4797,11280,1,6400
826,9,0,15,10,30680040,4798,11280,1,6409
827,9,0,16,9,30717900,4798,11280,1,6418
828,11,0,13,12,30775440,4796,11280,1,6429
829,10,0,13,12,30812460,4794,11280,1,6439
830,7,0,10,15,30860220,4794,11280,1,6446
831,12,0,18,7,30876600,4794,11280,1,6458
832,13,0,20,5,30929880,4794,11280,1,6471
833,17,0,23,2,30989460,4793,11280,1,6488
834,11,0,22,3,31038000,4792,12720,1,6499
835,4,0,9,16,31142580,4795,12720,1,6503
836,2,0,6,19,31170420,4796,12720,1,6505
837,4,0,7,18,31181340,4795,12720,1,6509
838,8,0,12,13,31193820,4795,12720,1,6517
839,7,0,9,16,31223460,4792,12720,1,6524
840,5,0,11,14,31245960,4793,12720,1,6529
841,8,0,11,14,31284120,4793,12720,1,6537
842,5,0,11,14,31302780,4792,12720,1,6542
843,2,0,8,17,31325700,4792,12720,1,6544
844,5,0,10,15,31351980,4794,12720,1,6549
845,6,0,9,16,31378080,4793,12720,1,6555
846,12,0,11,14,31413720,4791,12720,1,6567
847,8,0,14,11,31439460,4791,12720,1,6575
848,10,0,12,13,31491840,4791,12720,1,6585
849,7,0,14,11,31513080,4790,12720,1,6592
850,5,0,10,15,31553880,4790,12720,1,6597
851,6,0,10,15,31587900,4791,12720,1,6603
852,8,0,12,13,31608840,4789,12720,1,6611
853,9,0,15,10,31635180,4789,12720,1,6620
854,14,0,17,8,31689720,4789,12720,1,6634
855,9,0,15,10,31735140,4788,12720,1,6643
856,12,0,20,5,31770360,4788,12720,1,6655
857,11,0,22,3,31814400,4788,12720,1,6666
858,8,0,17,8,31886880,4789,12720,1,6674
859,8,0,10,15,31965240,4790,12720,1,6682
860,4,0,11,14,31977720,4790,12720,1,6686
861,4,0,9,16,32011140,4791,12720,1,6690
862,4,0,8,17,32034360,4791,12720,1,6694
863,5,0,9,16,32053380,4791,12720,1,6699
864,3,0,7,18,32075700,4790,12720,1,6702
865,5,0,11,14,32083620,4791,12720,1,6707
866,5,0,10,15,32106180,4790,12720,1,6712
867,5,0,9,16,32139060,4791,12720,1,6717
868,9,0,13,12,32163360,4791,12720,1,6726
869,4,0,11,14,32191680,4791,12720,1,6730
870,6,0,11,14,32227980,4792,12720,1,6736
871,6,0,11,14,32251620,4791,12720,1,6742
872,8,0,11,14,32281560,4790,12720,1,6750
873,7,0,9,16,32322360,4789,12720,1,6757
874,4,0,7,18,32349000,4789,12720,1,6761
875,5,0,9,16,32363760,4789,12720,1,6766
876,12,0,18,7,32371500,4788,12720,1,6778
877,11,0,23,2,32403960,4789,12720,1,6789
878,8,0,18,7,32472540,4790,12720,1,6797
879,7,0,13,12,32534520,4790,12720,1,6804
880,14,0,18,7,32589780,4792,12720,1,6818
881,10,0,19,6,32633160,4792,12720,1,6828
882,5,0,15,10,32679840,4793,12720,1,6833
883,15,0,21,4,32733900,4794,12720,1,6848
884,6,0,13,12,32805960,4795,12720,1,6854
885,4,0,13,12,32831760,4796,12720,1,6858
886,6,0,10,15,32880480,4797,12720,1,6864
887,7,0,13,12,32904120,4797,12720,1,6871
888,6,0,10,15,32952780,4798,12720,1,6877
889,2,0,9,16,32967840,4798,12720,1,6879
890,7,0,11,14,32999280,4799,12720,1,6886
891,5,0,8,17,33030120,4798,12720,1,6891
892,11,0,15,10,33053700,4799,12720,1,6902
893,9,0,16,9,33089700,4799,12720,1,6911
894,4,0,10,15,33137460,4799,12720,1,6915
895,10,0,16,9,33158280,4799,12720,1,6925
896,6,0,12,13,33199020,4798,12720,1,6931
897,10,0,13,12,33241200,4798,12720,1,6941
898,12,0,19,6,33265980,4797,12720,1,6953
899,9,0,13,12,33328860,4796,12720,1,6962
900,10,0,16,9,33359580,4795,12720,1,6972
901,6,0,11,14,33406620,4794,12720,1,6978
902,9,0,13,12,33440100,4794,12720,1,6987
903,13,0,17,8,33479040,4794,12720,1,7000
904,9,0,18,7,33518700,4794,12720,1,7009
905,10,0,17,8,33584280,4796,12720,1,7019
906,7,0,13,12,33636360,4796,12720,1,7026
907,6,0,11,14,33678600,4796,12720,1,7032
908,7,0,11,14,33709860,4796,12720,1,7039
909,6,0,8,17,33755400,4796,12720,1,7045
910,9,0,13,12,33771240,4796,12720,1,7054
911,2,0,9,16,33791820,4795,12720,1,7056
912,4,0,7,18,33827940,4796,12720,1,7060
913,6,0,8,17,33839400,4794,12720,1,7066
914,10,0,16,9,33846720,4794,12720,1,7076
915,5,0,11,14,33887400,4793,12720,1,7081
916,5,0,10,15,33921360,4793,12720,1,7086
917,3,0,8,17,33953400,4795,12720,1,7089
918,7,0,11,14,33969960,4794,12720,1,7096
919,7,0,11,14,33995520,4793,12720,1,7103
920,9,0,14,11,34024440,4793,12720,1,7112
921,14,0,20,5,34057320,4792,12720,1,7126
922,7,0,12,13,34128000,4792,12720,1,7133
923,9,0,12,13,34172400,4792,12720,1,7142
924,10,0,15,10,34191120,4790,12720,1,7152
925,9,0,9,16,34264860,4790,12720,1,7161
926,2,0,10,15,34267320,4790,12720,1,7163
927,15,0,17,8,34301100,4789,12720,1,7178
928,7,0,14,11,34342860,4789,12720,1,7185
929,11,0,16,9,34386000,4789,12720,1,7196
930,10,0,13,12,34446120,4788,12720,1,7206
931,4,0,9,16,34482420,4788,12720,1,7210
932,6,0,10,15,34499940,4787,12720,1,7216
933,8,0,12,13,34526640,4787,12720,1,7224
934,5,0,9,16,34559460,4786,12720,1,7229
935,6,0,10,15,34587480,4787,12720,1,7235
936,3,0,7,18,34620960,4787,12720,1,7238
937,5,0,8,17,34632900,4786,12720,1,7243
938,4,0,11,14,34640520,4787,12720,1,7247
939,7,0,9,16,34676280,4786,12720,1,7254
940,4,0,9,16,34697520,4786,12720,1,7258
941,6,0,10,15,34723560,4786,12720,1,7264
942,3,0,6,19,34755360,4786,12720,1,7267
943,8,0,13,12,34763460,4787,12720,1,7275
944,12,0,18,7,34791000,4786,12720,1,7287
945,8,0,13,12,34843620,4784,12720,1,7295
946,4,0,11,14,34875120,4785,12720,1,7299
947,13,0,19,6,34911000,4786,12720,1,7312
948,11,0,19,6,34961040,4786,12720,1,7323
949,8,0,15,10,35028780,4787,12720,1,7331
950,14,0,17,8,35076780,4786,12720,1,7345
951,7,0,8,17,35144640,4785,12720,1,7352
952,11,0,16,9,35157900,4785,12720,1,7363
953,7,0,15,10,35196360,4785,12720,1,7370
954,6,0,13,12,35237040,4785,12720,1,7376
955,11,0,20,5,35264580,4786,12720,1,7387
956,6,0,14,11,35319120,4786,12720,1,7393
957,6,0,12,13,35368080,4787,12720,1,7399
958,7,0,14,11,35387220,4787,12720,1,7406
959,4,0,8,17,35436300,4787,12720,1,7410
960,6,0,10,15,35458860,4787,12720,1,7416
961,11,0,15,10,35476500,4786,12720,1,7427
962,5,0,9,16,35517300,4784,12720,1,7432
963,8,0,14,11,35533380,4784,12720,1,7440
964,2,0,6,19,35573220,4783,12720,1,7442
965,9,0,11,14,35590380,4783,12720,1,7451
966,6,0,12,13,35608800,4782,12720,1,7457
967,11,0,13,12,35639880,4780,12720,1,7468
968,5,0,14,11,35655660,4780,12720,1,7473
969,6,0,13,12,35689320,4780,12720,1,7479
970,8,0,14,11,35730540,4781,12720,1,7487
971,13,0,23,2,35749980,4781,12720,1,7500
972,12,0,21,4,35830980,4783,12720,1,7512
973,14,0,24,1,35885700,4783,12720,1,7526
974,12,0,22,3,35963340,4784,12720,1,7538
975,9,0,14,11,36043920,4784,12720,1,7547
976,13,0,19,6,36080640,4784,12720,1,7560
977,6,0,14,11,36135660,4784,12720,1,7566
978,12,0,18,7,36175440,4785,12720,1,7578
979,5,0,15,10,36216600,4785,12720,1,7583
980,2,0,9,16,36264540,4786,12720,1,7585
981,12,0,16,9,36284700,4786,12720,1,7597
982,8,0,16,9,36323100,4786,12720,1,7605
983,5,0,12,13,36374160,4787,12720,1,7610
984,4,0,8,17,36421200,4788,12720,1,7614
985,7,0,11,14,36435780,4787,12720,1,7621
986,3,0,7,18,36465060,4787,12720,1,7624
987,6,0,9,16,36484740,4787,12720,1,7630
988,6,0,13,12,36493260,4787,12720,1,7636
989,3,0,9,16,36532560,4788,12720,1,7639
990,6,0,9,16,36568500,4788,12720,1,7645
991,6,0,13,12,36580860,4789,12720,1,7651
992,7,0,10,15,36623520,4788,12720,1,7658
993,7,0,13,12,36639420,4788,12720,1,7665
994,10,0,15,10,36673080,4787,12720,1,7675
995,5,0,12,13,36715380,4788,12720,1,7680
996,7,0,15,10,36736740,4788,12720,1,7687
997,16,0,21,4,36793080,4789,12720,1,7703
998,8,0,17,8,36849600,4789,12720,1,7711
999,6,0,10,15,36912840,4789,12720,1,7717
1000,6,0,11,14,36939720,4789,12720,1,7723
1001,11,0,18,7,36955680,4789,12720,1,7734
1002,14,0,19,6,37020060,4789,12720,1,7748
1003,8,0,16,9,37058340,4787,12720,1,7756
1004,12,0,17,8,37102440,4786,12720,1,7768
1005,14,0,22,3,37142100,4786,12720,1,7782
1006,4,0,15,10,37198260,4786,12720,1,7786
1007,4,0,10,15,37260180,4789,12720,1,7790
1008,0,0,4,21,37294080,4789,12720,1,7790
1009,7,0,8,17,37303020,4789,12720,1,7797
1010,5,0,9,16,37316040,4788,12720,1,7802
1011,3,0,8,17,37333800,4788,12720,1,7805
1012,7,0,9,16,37359840,4787,12720,1,7812
1013,5,0,8,17,37376700,4786,12720,1,7817
1014,9,0,12,13,37401600,4786,12720,1,7826
1015,7,0,12,13,37430040,4785,12720,1,7833
1016,7,0,14,11,37453440,4785,12720,1,7840
1017,6,0,11,14,37496220,4785,12720,1,7846
1018,12,0,17,8,37515540,4784,12720,1,7858
1019,7,0,13,12,37566840,4784,12720,1,7865
1020,11,0,16,9,37602180,4783,12720,1,7876
1021,16,0,20,5,37648380,4782,12720,1,7892
1022,7,0,15,10,37700040,4781,12720,1,7899
1023,12,0,16,9,37755900,4782,12720,1,7911
1024,14,0,20,5,37801440,4781,12720,1,7925
1025,11,0,16,9,37868760,4781,12720,1,7936
1026,6,0,10,15,37918140,4780,12720,1,7942
1027,9,0,14,11,37940640,4780,12720,1,7951
1028,4,0,11,14,37983840,4781,12720,1,7955
1029,7,0,11,14,38023800,4782,12720,1,7962
1030,5,0,10,15,38043540,4781,12720,1,7967
1031,7,0,12,13,38062800,4780,12720,1,7974
1032,9,0,14,11,38092800,4780,12720,1,7983
1033,4,0,9,16,38130540,4779,12720,1,7987
1034,6,0,12,13,38142960,4779,12720,1,7993
1035,5,0,8,17,38190600,4779,12720,1,7998
1036,10,0,14,11,38204880,4779,12720,1,8008
1037,7,0,12,13,38244180,4778,12720,1,8015
1038,5,0,13,12,38265240,4778,12720,1,8020
1039,7,0,15,10,38292420,4779,12720,1,8027
1040,8,0,11,14,38344080,4778,12720,1,8035
1041,13,0,20,5,38368320,4779,12720,1,8048
1042,15,0,23,2,38428140,4779,14880,1,8063
1043,8,0,20,5,38486880,4780,15660,1,8071
1044,19,0,24,1,38572320,4782,15900,1,8090
1045,10,0,23,2,38614380,4780,15900,1,8100
1046,14,0,25,0,38679420,4781,15960,1,8114
1047,13,0,21,4,38766780,4782,15960,1,8127
1048,11,0,16,9,38850960,4783,15960,1,8138
1049,8,0,13,12,38903640,4783,15960,1,8146
1050,11,0,16,9,38945820,4783,15960,1,8157
1051,7,0,11,14,38988780,4782,15960,1,8164
1052,9,0,14,11,39013680,4781,15960,1,8173
1053,7,0,14,11,39049320,4781,15960,1,8180
1054,8,0,13,12,39094080,4782,15960,1,8188
1055,4,0,11,14,39126660,4782,15960,1,8192
1056,3,0,8,17,39153720,4782,15960,1,8195
1057,6,0,9,16,39175440,4782,15960,1,8201
1058,9,0,15,10,39183300,4781,15960,1,8210
1059,9,0,15,10,39216780,4780,15960,1,8219
1060,5,0,11,14,39258840,4780,15960,1,8224
1061,5,0,8,17,39300480,4780,15960,1,8229
1062,7,0,13,12,39306540,4780,15960,1,8236
1063,3,0,10,15,39333480,4779,15960,1,8239
1064,10,0,14,11,39365940,4780,15960,1,8249
1065,6,0,15,10,39390420,4780,15960,1,8255
1066,7,0,13,12,39443100,4781,15960,1,8262
1067,16,0,22,3,39473160,4781,15960,1,8278
1068,10,0,19,6,39527880,4780,15960,1,8288
1069,11,0,18,7,39592440,4781,15960,1,8299
1070,8,0,17,8,39632760,4780,15960,1,8307
1071,10,0,14,11,39708240,4782,15960,1,8317
1072,8,0,14,11,39747660,4782,15960,1,8325
1073,12,0,19,6,39777300,4782,15960,1,8337
1074,7,0,13,12,39834780,4781,15960,1,8344
1075,9,0,15,10,39870960,4781,15960,1,8353
1076,6,0,12,13,39908160,4781,15960,1,8359
1077,2,0,7,18,39945600,4781,15960,1,8361
1078,5,0,10,15,39953100,4781,15960,1,8366
1079,7,0,13,12,39975840,4781,15960,1,8373
1080,3,0,6,19,40015740,4780,15960,1,8376
1081,6,0,9,16,40029420,4780,15960,1,8382
1082,4,0,7,18,40045560,4779,15960,1,8386
1083,4,0,7,18,40065120,4779,15960,1,8390
1084,4,0,7,18,40079580,4778,15960,1,8394
1085,4,0,7,18,40095780,4778,15960,1,8398
1086,8,0,12,13,40108680,4778,15960,1,8406
1087,9,0,15,10,40133580,4777,15960,1,8415
1088,9,0,17,8,40173180,4778,15960,1,8424
1089,9,0,16,9,40229700,4779,15960,1,8433
1090,9,0,17,8,40265040,4779,15960,1,8442
1091,17,0,22,3,40335240,4780,15960,1,8459
1092,9,0,19,6,40387800,4780,15960,1,8468
1093,15,0,24,1,40444140,4781,15960,1,8483
1094,5,0,17,8,40510920,4782,15960,1,8488
1095,4,0,7,18,40593840,4784,15960,1,8492
1096,14,0,17,8,40599060,4782,15960,1,8506
1097,13,0,20,5,40641060,4781,15960,1,8519
1098,5,0,17,8,40685400,4782,15960,1,8524
1099,8,0,12,13,40753680,4783,15960,1,8532
1100,8,0,11,14,40794000,4782,15960,1,8540
1101,5,0,9,16,40821000,4782,15960,1,8545
1102,7,0,13,12,40835640,4782,15960,1,8552
1103,5,0,11,14,40872360,4782,15960,1,8557
1104,4,0,9,16,40902600,4782,15960,1,8561
1105,6,0,9,16,40923540,4781,15960,1,8567
1106,7,0,11,14,40947420,4781,15960,1,8574
1107,6,0,8,17,40983600,4781,15960,1,8580
1108,4,0,9,16,40999380,4781,15960,1,8584
1109,11,0,17,8,41016420,4781,15960,1,8595
1110,10,0,16,9,41064900,4781,15960,1,8605
1111,5,0,12,13,41099640,4780,15960,1,8610
1112,13,0,18,7,41140200,4780,15960,1,8623
1113,14,0,17,8,41191440,4778,15960,1,8637
1114,6,0,15,10,41227920,4778,15960,1,8643
1115,12,0,16,9,41286780,4779,15960,1,8655
1116,4,0,13,12,41326440,4779,15960,1,8659
1117,5,0,8,17,41385480,4781,15960,1,8664
1118,11,0,16,9,41395320,4780,15960,1,8675
1119,13,0,19,6,41435700,4779,15960,1,8688
1120,6,0,14,11,41487000,4779,15960,1,8694
1121,5,0,11,14,41535420,4780,15960,1,8699
1122,10,0,15,10,41567460,4781,15960,1,8709
1123,6,0,10,15,41617680,4780,15960,1,8715
1124,5,0,10,15,41637720,4780,15960,1,8720
1125,10,0,14,11,41665500,4780,15960,1,8730
1126,8,0,14,11,41698380,4779,15960,1,8738
1127,5,0,11,14,41743440,4780,15960,1,8743
1128,6,0,8,17,41789040,4780,15960,1,8749
1129,6,0,9,16,41805780,4779,15960,1,8755
1130,1,0,5,20,41821920,4779,15960,1,8756
1131,5,0,6,19,41840940,4779,15960,1,8761
1132,6,0,10,15,41848320,4778,15960,1,8767
1133,3,0,9,16,41863260,4778,15960,1,8770
1134,6,0,9,16,41880960,4777,15960,1,8776
1135,6,0,11,14,41902980,4777,15960,1,8782
1136,6,0,13,12,41934000,4778,15960,1,8788
1137,13,0,17,8,41980560,4779,15960,1,8801
1138,10,0,18,7,42019800,4778,15960,1,8811
1139,15,0,21,4,42084360,4779,15960,1,8826
1140,13,0,22,3,42142020,4779,16140,1,8839
1141,13,0,24,1,42210540,4781,16140,1,8852
1142,12,0,23,2,42265200,4780,17040,1,8864
1143,10,0,15,10,42352980,4780,17040,1,8874
1144,6,0,15,10,42389700,4781,17040,1,8880
1145,14,0,21,4,42435060,4782,17040,1,8894
1146,7,0,12,13,42511680,4782,17040,1,8901
1147,5,0,12,13,42540960,4783,17040,1,8906
1148,8,0,15,10,42569580,4783,17040,1,8914
1149,6,0,16,9,42597540,4784,17040,1,8920
1150,10,0,15,10,42663540,4785,17040,1,8930
1151,3,0,11,14,42702360,4786,17040,1,8933
1152,7,0,12,13,42734640,4786,17040,1,8940
1153,6,0,11,14,42762960,4786,17040,1,8946
1154,8,0,11,14,42804900,4786,17040,1,8954
1155,7,0,9,16,42844440,4786,17040,1,8961
1156,3,0,8,17,42863640,4786,17040,1,8964
1157,8,0,10,15,42883560,4785,17040,1,8972
1158,3,0,6,19,42916680,4785,17040,1,8975
1159,7,0,13,12,42916680,4785,17040,1,8982
1160,8,0,13,12,42943380,4783,17040,1,8990
1161,5,0,9,16,42980340,4783,17040,1,8995
1162,7,0,11,14,43003440,4782,17040,1,9002
1163,9,0,14,11,43027800,4782,17040,1,9011
1164,12,0,21,4,43046220,4781,17040,1,9023
1165,7,0,20,5,43094460,4782,17040,1,9030
1166,10,0,19,6,43154880,4783,17040,1,9040
1167,7,0,20,5,43203240,4786,17040,1,9047
1168,7,0,11,14,43283100,4786,17040,1,9054
1169,14,0,17,8,43322520,4786,17040,1,9068
1170,6,0,17,8,43347000,4786,17040,1,9074
1171,7,0,14,11,43414440,4788,17040,1,9081
1172,7,0,13,12,43453680,4788,17040,1,9088
1173,7,0,12,13,43502340,4789,17040,1,9095
1174,6,0,10,15,43539840,4789,17040,1,9101
1175,6,0,12,13,43554180,4788,17040,1,9107
1176,2,0,7,18,43587540,4788,17040,1,9109
1177,3,0,6,19,43604100,4788,17040,1,9112
1178,10,0,14,11,43609440,4788,17040,1,9122
1179,2,0,10,15,43638240,4788,17040,1,9124
1180,7,0,8,17,43679400,4787,17040,1,9131
1181,4,0,6,19,43701420,4787,17040,1,9135
1182,7,0,10,15,43712640,4786,17040,1,9142
1183,9,0,13,12,43724880,4784,17040,1,9151
1184,5,0,10,15,43759440,4784,17040,1,9156
1185,9,0,13,12,43796100,4785,17040,1,9165
1186,10,0,16,9,43819920,4784,17040,1,9175
1187,9,0,16,9,43861260,4784,17040,1,9184
1188,12,0,19,6,43904040,4784,17040,1,9196
1189,9,0,16,9,43963800,4784,17040,1,9205
1190,10,0,17,8,44002740,4783,17040,1,9215
1191,8,0,16,9,44051520,4784,17040,1,9223
1192,10,0,19,6,44095800,4785,17040,1,9233
1193,6,0,11,14,44165520,4786,17040,1,9239
1194,5,0,10,15,44189100,4785,17040,1,9244
1195,4,0,11,14,44205480,4785,17040,1,9248
1196,4,0,9,16,44246400,4787,17040,1,9252
1197,8,0,12,13,44266380,4786,17040,1,9260
1198,6,0,14,11,44295240,4787,17040,1,9266
1199,4,0,11,14,44329740,4787,17040,1,9270
1200,8,0,14,11,44356020,4787,17040,1,9278
1201,5,0,12,13,44396880,4788,17040,1,9283
1202,3,0,7,18,44438580,4789,17040,1,9286
1203,4,0,8,17,44455560,4789,17040,1,9290
1204,2,0,6,19,44472720,4789,17040,1,9292
1205,8,0,11,14,44484060,4788,17040,1,9300
1206,5,0,11,14,44506080,4788,17040,1,9305
1207,8,0,14,11,44530080,4788,17040,1,9313
1208,11,0,15,10,44572140,4788,17040,1,9324
1209,14,0,22,3,44607180,4788,17040,1,9338
1210,9,0,20,5,44655360,4787,17040,1,9347
1211,9,0,17,8,44724000,4788,17040,1,9356
1212,10,0,16,9,44776620,4788,17040,1,9366
1213,10,0,17,8,44822640,4789,17040,1,9376
1214,10,0,18,7,44873280,4790,17040,1,9386
1215,11,0,12,13,44951880,4789,17040,1,9397
1216,15,0,15,10,44987640,4787,17040,1,9412
1217,5,0,14,11,45012180,4787,17040,1,9417
1218,10,0,14,11,45065820,4787,17040,1,9427
1219,8,0,13,12,45102720,4786,17040,1,9435
1220,7,0,12,13,45148320,4787,17040,1,9442
1221,6,0,9,16,45186180,4787,17040,1,9448
1222,4,0,7,18,45214860,4787,17040,1,9452
1223,4,0,10,15,45219480,4787,17040,1,9456
1224,3,0,7,18,45249600,4787,17040,1,9459
1225,3,0,7,18,45267480,4787,17040,1,9462
1226,3,0,8,17,45275640,4787,17040,1,9465
1227,6,0,9,16,45294360,4786,17040,1,9471
1228,7,0,14,11,45311340,4787,17040,1,9478
1229,6,0,12,13,45344400,4787,17040,1,9484
1230,5,0,12,13,45376920,4788,17040,1,9489
1231,3,0,5,20,45419820,4787,17040,1,9492
1232,13,0,14,11,45426780,4786,17040,1,9505
1233,8,0,18,7,45443040,4785,17040,1,9513
1234,13,0,21,4,45508620,4787,17040,1,9526
1235,16,0,20,5,45584520,4787,17220,1,9542
1236,4,0,11,14,45652860,4787,17220,1,9546
1237,12,0,14,11,45682920,4786,17220,1,9558
1238,9,0,12,13,45729720,4785,17220,1,9567
1239,9,0,12,13,45760140,4784,17220,1,9576
1240,3,0,8,17,45796140,4784,17220,1,9579
1241,9,0,13,12,45809040,4784,17220,1,9588
1242,6,0,12,13,45840240,4783,17220,1,9594
1243,14,0,19,6,45866160,4783,17220,1,9608
1244,6,0,11,14,45925620,4782,17220,1,9614
1245,4,0,8,17,45966600,4783,17220,1,9618
1246,9,0,11,14,45987180,4782,17220,1,9627
1247,5,0,12,13,46006560,4782,17220,1,9632
1248,5,0,12,13,46029540,4782,17220,1,9637
1249,4,0,10,15,46071780,4783,17220,1,9641
1250,9,0,14,11,46100100,4784,17220,1,9650
1251,8,0,18,7,46120440,4784,17220,1,9658
1252,7,0,12,13,46186140,4784,17220,1,9665
1253,3,0,8,17,46219980,4784,17220,1,9668
1254,6,0,10,15,46247460,4785,17220,1,9674
1255,4,0,9,16,46278720,4786,17220,1,9678
1256,16,0,20,5,46297200,4785,17220,1,9694
1257,12,0,22,3,46333200,4784,17220,1,9706
1258,11,0,19,6,46411140,4785,17220,1,9717
1259,7,0,14,11,46473060,4786,17220,1,9724
1260,12,0,18,7,46512900,4786,17220,1,9736
1261,12,0,17,8,46576500,4786,17220,1,9748
1262,9,0,15,10,46628520,4786,17220,1,9757
1263,10,0,16,9,46665360,4785,17220,1,9767
1264,8,0,16,9,46701900,4785,17220,1,9775
1265,5,0,12,13,46745760,4785,17220,1,9780
1266,6,0,11,14,46785600,4786,17220,1,9786
1267,8,0,13,12,46816260,4786,17220,1,9794
1268,6,0,12,13,46853460,4786,17220,1,9800
1269,5,0,9,16,46893840,4787,17220,1,9805
1270,7,0,12,13,46906560,4786,17220,1,9812
1271,5,0,10,15,46938300,4786,17220,1,9817
1272,5,0,10,15,46960320,4786,17220,1,9822
1273,5,0,8,17,46997160,4786,17220,1,9827
1274,4,0,9,16,47012400,4786,17220,1,9831
1275,4,0,8,17,47039760,4786,17220,1,9835
1276,4,0,8,17,47052660,4786,17220,1,9839
1277,7,0,12,13,47067660,4786,17220,1,9846
1278,8,0,13,12,47100180,4786,17220,1,9854
1279,9,0,14,11,47137260,4785,17220,1,9863
1280,9,0,13,12,47188440,4786,17220,1,9872
1281,6,0,11,14,47225100,4786,17220,1,9878
1282,8,0,13,12,47250480,4785,17220,1,9886
1283,9,0,19,6,47271900,4786,17220,1,9895
1284,9,0,14,11,47328960,4785,17220,1,9904
1285,6,0,12,13,47367360,4785,17220,1,9910
1286,9,0,14,11,47406720,4786,17220,1,9919
1287,5,0,14,11,47434980,4786,17220,1,9924
1288,5,0,9,16,47488500,4787,17220,1,9929
1289,7,0,13,12,47498400,4786,17220,1,9936
1290,6,0,12,13,47533260,4786,17220,1,9942
1291,5,0,10,15,47567100,4786,17220,1,9947
1292,9,0,12,13,47603760,4787,17220,1,9956
1293,3,0,6,19,47637300,4786,17220,1,9959
1294,5,0,10,15,47642700,4786,17220,1,9964
1295,7,0,12,13,47664600,4786,17220,1,9971
1296,3,0,8,17,47700360,4786,17220,1,9974
1297,5,0,8,17,47725020,4786,17220,1,9979
1298,9,0,11,14,47746320,4785,17220,1,9988
1299,4,0,10,15,47771640,4785,17220,1,9992
1300,4,0,11,14,47789340,4786,17220,1,9996
1301,10,0,17,8,47811780,4786,17220,1,10006
1302,4,0,13,12,47851560,4786,17220,1,10010
1303,7,0,13,12,47893500,4787,17220,1,10017
1304,8,0,16,9,47917080,4787,17220,1,10025
1305,9,0,16,9,47961720,4787,17220,1,10034
1306,4,0,11,14,48008340,4787,17220,1,10038
1307,10,0,14,11,48041760,4787,17220,1,10048
1308,5,0,11,14,48076920,4787,17220,1,10053
1309,12,0,18,7,48101760,4787,17220,1,10065
1310,18,1,25,0,48146100,4787,17340,1,10083
1311,9,0,20,5,48215520,4787,22680,2,10092
1312,13,0,18,7,48301560,4788,22680,2,10105
1313,8,0,19,6,48340740,4789,22680,2,10113
1314,9,0,14,11,48402720,4788,22680,2,10122
1315,5,0,10,15,48459120,4789,22680,2,10127
1316,11,0,17,8,48476280,4789,22680,2,10138
1317,3,0,10,15,48514200,4788,22680,2,10141
1318,11,0,13,12,48544620,4787,22680,2,10152
1319,7,0,15,10,48578040,4788,22680,2,10159
1320,2,0,8,17,48622740,4789,22680,2,10161
1321,8,0,10,15,48644340,4788,22680,2,10169
1322,9,0,15,10,48655260,4787,22680,2,10178
1323,1,0,8,17,48699540,4788,22680,2,10179
1324,8,0,11,14,48729420,4788,22680,2,10187
1325,2,0,10,15,48742920,4788,22680,2,10189
1326,4,0,7,18,48782220,4789,22680,2,10193
1327,4,0,8,17,48792900,4788,22680,2,10197
1328,2,0,7,18,48811380,4789,22680,2,10199
1329,15,0,15,10,48834780,4788,22680,2,10214
1330,11,0,17,8,48870900,4787,22680,2,10225
1331,10,0,17,8,48910740,4786,22680,2,10235
1332,7,0,15,10,48962940,4787,22680,2,10242
1333,9,0,14,11,49009860,4787,22680,2,10251
1334,12,0,17,8,49060980,4788,22680,2,10263
1335,9,0,20,5,49096080,4788,22680,2,10272
1336,9,0,14,11,49170000,4789,22680,2,10281
1337,10,0,17,8,49203600,4789,22680,2,10291
1338,10,0,19,6,49240680,4789,22680,2,10301
1339,8,0,17,8,49299720,4790,22680,2,10309
1340,12,0,16,9,49366320,4790,22680,2,10321
1341,9,0,16,9,49409760,4790,22680,2,10330
1342,4,0,12,13,49456140,4791,22680,2,10334
1343,11,0,15,10,49500960,4791,22680,2,10345
1344,3,0,11,14,49530960,4791,22680,2,10348
1345,5,0,13,12,49537680,4790,22680,2,10353
1346,7,0,17,8,49548600,4790,22680,2,10360
1347,3,0,16,9,49566780,4790,22680,2,10363
1348,8,0,19,6,49597320,4791,22680,2,10371
1349,5,0,18,7,49628520,4791,22680,2,10376
1350,6,0,19,6,49653300,4791,22680,2,10382
1351,10,0,23,2,49677900,4791,22680,2,10392
1352,12,3,25,0,49707240,4790,23520,2,10404
1353,13,3,25,0,49774860,4791,29040,2,10417
1354,14,9,25,0,49814100,4791,36180,3,10431
1355,10,11,25,0,49862580,4792,49980,4,10441
1356,11,12,25,0,49923120,4793,79200,7,10452
1357,10,10,25,0,49986720,4793,106320,10,10462
1358,9,11,25,0,50028480,4794,112260,10,10471
1359,6,2,25,0,50093400,4793,207960,19,10477
1360,8,0,17,8,50159940,4791,226860,21,10485
1361,10,0,21,4,50183880,4791,226860,21,10495
1362,8,0,22,3,50212680,4790,226860,21,10503
1363,12,0,25,0,50260920,4791,226920,21,10515
1364,5,0,20,5,50299080,4790,226920,21,10520
1365,5,0,18,7,50341380,4791,226920,21,10525
1366,3,0,15,10,50372040,4791,226920,21,10528
1367,5,0,15,10,50400900,4791,226920,21,10533
1368,2,0,14,11,50417820,4792,226920,21,10535
1369,8,0,20,5,50429760,4792,226920,21,10543
1370,8,0,23,2,50448240,4791,226920,21,10551
1371,7,2,23,2,50477940,4792,228840,21,10558
1372,8,0,22,3,50551380,4794,234000,22,10566
1373,9,0,24,1,50593920,4795,234540,22,10575
1374,9,0,21,4,50649900,4795,234540,22,10584
1375,14,4,25,0,50676000,4794,234960,22,10598
1376,9,6,21,4,50741340,4795,244920,23,10607
1377,7,7,25,0,50754060,4796,249780,23,10614
1378,17,16,25,0,50808480,4797,266460,25,10631
1379,3,9,25,0,50860860,4798,304860,28,10634
1380,8,0,23,2,50937540,4796,366060,34,10642
1381,11,0,21,4,50981160,4795,366060,34,10653
1382,6,0,18,7,51031320,4795,366060,34,10659
1383,9,0,23,2,51049680,4795,366060,34,10668
1384,8,0,25,0,51082800,4796,368820,34,10676
1385,14,0,25,0,51148500,4795,369420,34,10690
1386,10,0,24,1,51201060,4795,372480,34,10700
1387,6,0,20,5,51249840,4795,372480,34,10706
1388,5,0,18,7,51285900,4796,372480,34,10711
1389,7,0,19,6,51319920,4796,372480,34,10718
1390,5,0,18,7,51353220,4797,372480,34,10723
1391,4,0,16,9,51383580,4797,372480,34,10727
1392,7,0,18,7,51405600,4797,372480,34,10734
1393,3,0,14,11,51425820,4795,372480,34,10737
1394,10,0,23,2,51430080,4795,372480,34,10747
1395,5,0,19,6,51476160,4796,372480,34,10752
1396,3,0,14,11,51522240,4796,372480,34,10755
1397,6,0,18,7,51533580,4796,372480,34,10761
1398,3,0,16,9,51557340,4796,372480,34,10764
1399,12,0,21,4,51589440,4796,372480,34,10776
1400,9,0,22,3,51614520,4795,372480,34,10785
1401,8,0,18,7,51675420,4795,372480,34,10793
1402,11,0,22,3,51699840,4795,372480,34,10804
1403,9,0,24,1,51733380,4795,372480,34,10813
1404,11,0,22,3,51789240,4794,372960,34,10824
1405,4,0,13,12,51851100,4794,372960,34,10828
1406,5,0,14,11,51858960,4793,372960,34,10833
1407,10,0,18,7,51876480,4792,372960,34,10843
1408,11,1,25,0,51893820,4792,372960,34,10854
1409,9,2,25,0,51939720,4793,381540,35,10863
1410,9,0,25,0,51991200,4793,394860,36,10872
1411,8,0,19,6,52048140,4792,394860,36,10880
1412,9,0,21,4,52092900,4793,394860,36,10889
1413,4,0,16,9,52134900,4793,394860,36,10893
1414,6,0,15,10,52161000,4792,394860,36,10899
1415,5,0,16,9,52181400,4792,394860,36,10904
1416,4,0,12,13,52213860,4792,394860,36,10908
1417,5,0,16,9,52215840,4791,394860,36,10913
1418,3,0,14,11,52235100,4791,394860,36,10916
1419,6,0,16,9,52247700,4790,394860,36,10922
1420,6,0,16,9,52272420,4790,394860,36,10928
1421,4,0,15,10,52295460,4790,394860,36,10932
1422,6,0,15,10,52317180,4789,394860,36,10938
1423,8,0,18,7,52338360,4789,394860,36,10946
1424,9,0,22,3,52366020,4789,394860,36,10955
1425,5,0,19,6,52416240,4790,394860,36,10960
1426,13,0,23,2,52464600,4791,394920,35,10973
1427,10,0,24,1,52495440,4790,395040,35,10983
1428,8,0,17,8,52568460,4790,395040,35,10991
1429,14,0,23,2,52593300,4789,395040,35,11005
1430,15,4,25,0,52627020,4788,398280,36,11020
1431,6,0,22,3,52671840,4786,406680,36,11026
1432,5,0,19,6,52720380,4787,406680,36,11031
1433,12,0,22,3,52766640,4787,406680,36,11043
1434,6,0,19,6,52810440,4787,406680,36,11049
1435,6,0,18,7,52848000,4788,406680,36,11055
1436,6,0,17,8,52873980,4787,406680,36,11061
1437,7,0,19,6,52898580,4787,406680,36,11068
1438,6,0,21,4,52915680,4787,406680,36,11074
1439,7,0,20,5,52962360,4788,407160,36,11081
1440,4,0,14,11,53009160,4788,407160,36,11085
1441,6,0,18,7,53019060,4788,407160,36,11091
1442,3,0,14,11,53059200,4788,407160,36,11094
1443,6,0,15,10,53076840,4788,407160,36,11100
1444,2,0,12,13,53091660,4787,407160,36,11102
1445,9,0,17,8,53109600,4787,407160,36,11111
1446,13,2,25,0,53120220,4786,408000,36,11124
1447,9,0,25,0,53173860,4786,410700,36,11133
1448,8,0,23,2,53228700,4787,410880,36,11141
1449,11,0,22,3,53287980,4787,410880,36,11152
1450,14,2,25,0,53316720,4786,414180,37,11166
1451,6,0,23,2,53366760,4786,415260,37,11172
1452,13,2,25,0,53424960,4788,419220,37,11185
1453,18,13,25,0,53460780,4788,423420,37,11203
1454,16,17,25,0,53528880,4789,439500,39,11219
1455,13,22,25,0,53577240,4790,461220,41,11232
1456,9,18,25,0,53646000,4790,512820,45,11241
1457,4,12,25,0,53694900,4790,586080,52,11245
1458,14,12,25,0,53755020,4790,625560,55,11259
1459,4,7,25,0,53790180,4789,663720,58,11263
1460,9,0,22,3,53869320,4788,792120,70,11272
1461,11,0,20,5,53910960,4786,792120,70,11283
1462,2,0,16,9,53944380,4786,792120,70,11285
1463,7,0,18,7,53972220,4787,792120,70,11292
1464,7,0,16,9,54004800,4786,792120,70,11299
1465,6,0,17,8,54025800,4786,792120,70,11305
1466,4,0,18,7,54037560,4785,792120,70,11309
1467,5,0,17,8,54071820,4786,792120,70,11314
1468,5,0,17,8,54098280,4786,792120,69,11319
1469,8,0,20,5,54127080,4787,792120,69,11327
1470,6,0,16,9,54160020,4785,792120,69,11333
1471,3,0,14,11,54187140,4786,792120,69,11336
1472,6,0,16,9,54200040,4785,792120,69,11342
1473,8,0,21,4,54213960,4785,792120,69,11350
1474,11,0,23,2,54262200,4785,793800,69,11361
1475,4,0,16,9,54303960,4784,793800,69,11365
1476,10,0,20,5,54340080,4785,793800,69,11375
1477,11,1,25,0,54361680,4785,794760,69,11386
1478,15,6,25,0,54412680,4785,800580,70,11401
1479,9,5,25,0,54468960,4786,809520,70,11410
1480,8,0,21,4,54530100,4784,839580,73,11418
1481,6,0,18,7,54580200,4785,839580,73,11424
1482,5,0,18,7,54601860,4785,839580,73,11429
1483,3,0,15,10,54629580,4784,839580,73,11432
1484,10,0,20,5,54649380,4784,839580,73,11442
1485,10,0,23,2,54679140,4784,839580,73,11452
1486,3,0,20,5,54713820,4784,839580,73,11455
1487,14,0,23,2,54768000,4784,839580,73,11469
1488,8,0,22,3,54803880,4784,839580,73,11477
1489,5,0,20,5,54842700,4784,839580,73,11482
1490,9,0,20,5,54888420,4784,839580,73,11491
1491,4,0,18,7,54919200,4785,839580,73,11495
1492,8,0,20,5,54957420,4785,839580,72,11503
1493,3,0,16,9,54990600,4785,839580,72,11506
1494,5,0,17,8,55015140,4786,839580,72,11511
1495,4,0,14,11,55049640,4786,839580,72,11515
1496,9,0,17,8,55067220,4785,839580,72,11524
1497,6,0,18,7,55088340,4785,839580,72,11530
1498,6,0,16,9,55120920,4784,839580,72,11536
1499,11,0,24,1,55134360,4784,839580,72,11547
1500,13,0,25,0,55184160,4784,840660,72,11560
1501,14,4,25,0,55225980,4783,845040,73,11574
1502,6,0,21,4,55296120,4783,855480,73,11580
1503,10,0,21,4,55341360,4783,855480,73,11590
1504,15,2,25,0,55380240,4783,858060,73,11605
1505,7,0,25,0,55430760,4783,863460,74,11612
1506,7,0,22,3,55482780,4784,863460,74,11619
1507,8,0,22,3,55525380,4784,863460,74,11627
1508,13,0,25,0,55562220,4783,863880,74,11640
1509,4,0,20,5,55606320,4783,863880,74,11644
1510,7,0,16,9,55656780,4783,863880,74,11651
1511,5,0,15,10,55686780,4783,863880,74,11656
1512,3,0,15,10,55697880,4783,863880,74,11659
1513,6,0,17,8,55707780,4782,863880,74,11665
1514,4,0,15,10,55731660,4782,863880,74,11669
1515,9,0,20,5,55747080,4781,863880,73,11678
1516,4,0,19,6,55765500,4781,863880,73,11682
1517,16,0,22,3,55824060,4781,863880,73,11698
1518,8,0,22,3,55857420,4780,863880,73,11706
1519,8,0,22,3,55899960,4781,863880,73,11714
1520,13,0,23,2,55965180,4781,865800,73,11727
1521,9,0,24,1,55997760,4781,875220,74,11736
1522,10,0,21,4,56063460,4781,875220,74,11746
1523,12,3,25,0,56081700,4781,875220,74,11758
1524,11,4,25,0,56141820,4782,887880,75,11769
1525,8,0,25,0,56206560,4782,906060,76,11777
1526,11,0,22,3,56259780,4781,906720,76,11788
1527,6,0,19,6,56294700,4780,908220,77,11794
1528,12,0,19,6,56350620,4780,908220,76,11806
1529,6,0,18,7,56378040,4780,908220,76,11812
1530,10,0,22,3,56409420,4780,908220,76,11822
1531,6,0,19,6,56439240,4779,908220,76,11828
1532,9,0,21,4,56473140,4779,908220,76,11837
1533,7,0,20,5,56506920,4779,908220,76,11844
1534,7,0,20,5,56539740,4778,908220,76,11851
1535,9,0,20,5,56578800,4778,908220,76,11860
1536,8,0,19,6,56619180,4778,908220,76,11868
1537,6,0,21,4,56633160,4777,908220,76,11874
1538,5,0,18,7,56674620,4778,908220,76,11879
1539,7,0,17,8,56700000,4777,908220,76,11886
1540,5,0,14,11,56753820,4778,908220,76,11891
1541,9,0,19,6,56767560,4778,908220,76,11900
1542,3,0,18,7,56787240,4778,908220,76,11903
1543,5,0,16,9,56823780,4778,908220,76,11908
1544,12,0,24,1,56842320,4778,908220,76,11920
1545,8,0,25,0,56869620,4777,908220,76,11928
1546,8,0,22,3,56931000,4778,908220,76,11936
1547,11,0,20,5,56991000,4778,908580,76,11947
1548,6,0,18,7,57027900,4778,908580,76,11953
1549,9,0,20,5,57056880,4777,908580,75,11962
1550,9,0,23,2,57082920,4777,908580,75,11971
1551,12,4,25,0,57112680,4777,909000,75,11983
1552,11,4,25,0,57181200,4779,919500,76,11994
1553,13,5,25,0,57243840,4779,931620,77,12007
1554,8,5,25,0,57282180,4779,935580,77,12015
1555,5,2,25,0,57335880,4780,966780,80,12020
1556,6,0,18,7,57399840,4780,989220,82,12026
1557,7,0,19,6,57438480,4780,989220,82,12033
1558,5,0,14,11,57475200,4780,989220,82,12038
1559,4,0,15,10,57490560,4780,989220,82,12042
1560,5,0,19,6,57498000,4780,989220,82,12047
1561,6,0,18,7,57521220,4779,989220,82,12053
1562,4,0,17,8,57545700,4779,989220,82,12057
1563,5,0,16,9,57574260,4779,989220,82,12062
1564,4,0,15,10,57590880,4778,989220,81,12066
1565,6,0,14,11,57620940,4778,989220,81,12072
1566,8,0,18,7,57629040,4777,989220,81,12080
1567,4,0,15,10,57651060,4776,989220,81,12084
1568,11,0,20,5,57676140,4776,989220,81,12095
1569,8,0,20,5,57696000,4774,989220,81,12103
1570,12,0,22,3,57747360,4775,989220,81,12115
1571,8,0,22,3,57785760,4775,989220,81,12123
1572,14,2,25,0,57824160,4774,991920,81,12137
1573,8,2,25,0,57859260,4774,995280,81,12145
1574,14,4,25,0,57930540,4775,1002780,82,12159
1575,5,0,23,2,57985200,4775,1015860,83,12164
1576,7,0,18,7,58037700,4775,1015860,83,12171
1577,20,6,25,0,58068480,4775,1017360,83,12191
1578,4,0,19,6,58130400,4774,1029180,84,12195
1579,9,0,21,4,58166940,4774,1029180,84,12204
1580,9,0,21,4,58220460,4775,1029180,84,12213
1581,6,0,18,7,58253100,4774,1029180,84,12219
1582,5,0,15,10,58296300,4774,1029180,84,12224
1583,4,0,15,10,58313340,4774,1029180,84,12228
1584,6,0,18,7,58325340,4774,1029180,84,12234
1585,6,0,19,6,58350300,4774,1029180,84,12240
1586,3,0,16,9,58384860,4775,1029180,84,12243
1587,4,0,14,11,58412760,4775,1029180,84,12247
1588,2,0,14,11,58421460,4774,1029180,84,12249
1589,7,0,18,7,58434360,4774,1029180,83,12256
1590,11,0,24,1,58451460,4774,1029240,83,12267
1591,9,0,24,1,58490400,4773,1029300,83,12276
1592,11,0,24,1,58540380,4773,1030320,83,12287
1593,17,2,25,0,58594800,4772,1030980,83,12304
1594,9,0,24,1,58643160,4772,1034760,84,12313
1595,8,0,19,6,58705020,4771,1034760,83,12321
1596,10,0,25,0,58726740,4772,1034760,83,12331
1597,11,1,25,0,58779540,4772,1040280,84,12342
1598,18,9,25,0,58827780,4772,1045020,84,12360
1599,11,9,25,0,58888740,4773,1062720,85,12371
1600,11,6,25,0,58956300,4773,1077120,86,12382
1601,11,7,25,0,58997220,4772,1107600,89,12393
1602,5,0,24,1,59047380,4771,1156620,93,12398
1603,8,0,19,6,59108880,4771,1156620,93,12406
1604,8,0,21,4,59136180,4771,1156620,93,12414
1605,7,0,19,6,59184180,4772,1156620,93,12421
1606,4,0,17,8,59218080,4772,1156620,93,12425
1607,7,0,19,6,59247600,4773,1156620,93,12432
1608,8,0,22,3,59272860,4773,1156620,92,12440
1609,2,0,15,10,59320680,4773,1156620,92,12442
1610,7,0,15,10,59353080,4773,1156620,92,12449
1611,3,0,15,10,59362800,4773,1156620,92,12452
1612,8,0,18,7,59388900,4773,1156620,92,12460
1613,6,0,19,6,59413740,4773,1156620,92,12466
1614,6,0,16,9,59449440,4772,1156620,92,12472
1615,9,0,19,6,59467440,4771,1156620,92,12481
1616,8,0,18,7,59505360,4771,1156620,92,12489
1617,5,0,14,11,59540280,4770,1156620,92,12494
1618,12,0,22,3,59550420,4770,1156620,92,12506
1619,11,0,24,1,59595180,4770,1157040,92,12517
1620,6,0,21,4,59642160,4770,1157040,92,12523
1621,15,6,25,0,59661480,4770,1157040,92,12538
1622,6,0,24,1,59737440,4771,1165560,92,12544
1623,7,0,22,3,59781240,4771,1166280,92,12551
1624,10,0,21,4,59840880,4772,1167960,92,12561
1625,7,0,20,5,59872320,4771,1167960,92,12568
1626,5,0,19,6,59909820,4772,1167960,92,12573
1627,12,0,24,1,59945040,4772,1167960,92,12585
1628,8,0,21,4,59993940,4772,1168020,92,12593
1629,8,0,19,6,60042120,4772,1168020,92,12601
1630,9,0,18,7,60079680,4771,1168020,92,12610
1631,4,0,15,10,60116820,4771,1168020,92,12614
1632,5,0,17,8,60131460,4771,1168020,92,12619
1633,4,0,18,7,60144540,4771,1168020,92,12623
1634,4,0,17,8,60178380,4772,1168020,92,12627
1635,6,0,17,8,60206460,4772,1168020,92,12633
1636,3,0,15,10,60224520,4771,1168020,92,12636
1637,9,0,19,6,60253800,4772,1168020,92,12645
1638,7,0,19,6,60287160,4772,1168020,92,12652
1639,8,0,20,5,60307560,4771,1168020,92,12660
1640,9,0,22,3,60346740,4771,1168020,92,12669
1641,8,0,18,7,60400440,4771,1168020,92,12677
1642,10,0,22,3,60424140,4770,1168020,92,12687
1643,11,4,25,0,60450720,4771,1171620,92,12698
1644,10,3,25,0,60505380,4771,1183260,93,12708
1645,6,0,23,2,60563760,4772,1192200,93,12714
1646,12,0,24,1,60610440,4771,1192800,93,12726
1647,14,1,25,0,60672660,4772,1194360,93,12740
1648,7,0,23,2,60723600,4772,1197360,93,12747
1649,5,0,20,5,60763860,4772,1197360,93,12752
1650,18,6,25,0,60805080,4773,1197360,93,12770
1651,6,3,25,0,60853860,4773,1215300,95,12776
1652,11,5,25,0,60906900,4774,1224120,95,12787
1653,5,2,25,0,60943380,4774,1252440,97,12792
1654,6,0,17,8,61032360,4775,1253940,97,12798
1655,7,0,16,9,61068420,4775,1253940,97,12805
1656,4,0,17,8,61083300,4775,1253940,97,12809
1657,4,0,13,12,61118400,4774,1253940,97,12813
1658,5,0,15,10,61131840,4774,1253940,97,12818
1659,0,0,13,12,61141080,4774,1253940,97,12818
1660,8,0,17,8,61161660,4774,1253940,97,12826
1661,8,0,19,6,61181760,4774,1253940,97,12834
1662,11,0,22,3,61219440,4774,1253940,97,12845
1663,13,3,25,0,61247580,4773,1259580,97,12858
1664,15,10,25,0,61289100,4774,1270320,98,12873
1665,14,16,25,0,61340100,4775,1283340,99,12887
1666,10,15,25,0,61408020,4776,1304940,101,12897
1667,15,21,25,0,61451580,4776,1309020,101,12912
1668,17,26,25,0,61523040,4777,1321620,102,12929
1669,9,29,25,0,61562940,4778,1335240,103,12938
1670,9,29,25,0,61620480,4779,1366440,105,12947
1671,19,39,25,0,61672380,4780,1381740,106,12966
1672,11,37,25,0,61732560,4781,1401660,108,12977
1673,9,40,25,0,61767120,4781,1446000,111,12986
1674,8,36,25,0,61840980,4783,1516080,116,12994
1675,8,31,25,0,61900020,4782,1602840,123,13002
1676,9,28,25,0,61960680,4783,1699140,130,13011
1677,5,24,25,0,61993200,4782,1850580,142,13016
1678,5,12,25,0,62057760,4781,2291880,176,13021
1679,3,0,14,11,62122620,4776,2670360,205,13024
1680,5,0,16,9,62137620,4776,2670360,205,13029
1681,6,0,21,4,62141280,4776,2670360,204,13035
1682,5,0,19,6,62174520,4776,2670360,204,13040
1683,6,0,19,6,62212380,4777,2670360,204,13046
1684,5,0,19,6,62230620,4776,2670360,204,13051
1685,3,0,15,10,62275620,4777,2670360,204,13054
1686,1,0,11,14,62300340,4777,2670360,204,13055
1687,8,0,18,7,62301720,4777,2670360,204,13063
1688,4,0,19,6,62317140,4777,2670360,204,13067
1689,10,0,23,2,62344620,4777,2670360,204,13077
1690,13,4,25,0,62382120,4777,2674620,204,13090
1691,12,9,25,0,62428380,4778,2678940,204,13102
1692,3,1,25,0,62496420,4779,2713200,207,13105
1693,7,0,16,9,62567160,4779,2719920,207,13112
1694,4,0,16,9,62584320,4778,2719920,207,13116
1695,13,0,22,3,62611920,4778,2719920,207,13129
1696,10,0,24,1,62644320,4777,2721960,207,13139
1697,9,0,20,5,62699820,4777,2721960,207,13148
1698,7,0,20,5,62737020,4777,2721960,206,13155
1699,9,0,24,1,62760660,4777,2721960,206,13164
1700,12,0,23,2,62820660,4777,2722020,206,13176
1701,4,0,17,8,62871060,4777,2722020,206,13180
1702,4,0,17,8,62893680,4778,2722020,206,13184
1703,3,0,14,11,62926680,4778,2722020,206,13187
1704,8,0,18,7,62938980,4777,2722020,206,13195
1705,5,0,18,7,62963400,4777,2722020,206,13200
1706,9,0,21,4,62991060,4777,2722020,206,13209
1707,9,0,22,3,63030600,4777,2722020,205,13218
1708,3,0,15,10,63085080,4778,2722020,205,13221
1709,10,0,21,4,63097500,4777,2722020,205,13231
1710,4,0,15,10,63154560,4778,2722020,205,13235
1711,4,0,17,8,63161580,4778,2722020,205,13239
1712,6,0,18,7,63189180,4778,2722020,205,13245
1713,7,0,18,7,63215340,4778,2722020,205,13252
1714,6,0,19,6,63237060,4778,2722020,205,13258
1715,13,0,25,0,63276360,4778,2722020,205,13271
1716,13,6,25,0,63308040,4778,2723280,205,13284
1717,11,6,25,0,63374400,4779,2741580,206,13295
1718,13,11,25,0,63418080,4779,2757960,207,13308
1719,10,13,25,0,63468840,4780,2773980,208,13318
1720,7,9,25,0,63533940,4781,2807100,210,13325
1721,8,5,25,0,63592380,4781,2846340,213,13333
1722,8,0,19,6,63653160,4779,2904960,217,13341
1723,11,0,20,5,63688860,4778,2904960,217,13352
1724,7,0,21,4,63716640,4778,2904960,217,13359
1725,5,0,19,6,63756180,4778,2904960,217,13364
1726,6,0,17,8,63788100,4778,2904960,217,13370
1727,5,0,14,11,63818700,4777,2904960,217,13375
1728,9,0,19,6,63827640,4777,2904960,217,13384
1729,4,0,15,10,63867300,4777,2904960,217,13388
1730,9,0,20,5,63888900,4777,2904960,216,13397
1731,5,0,21,4,63909480,4777,2904960,216,13402
1732,2,0,12,13,63964740,4777,2904960,216,13404
1733,7,0,17,8,63972000,4777,2904960,216,13411
1734,8,0,23,2,63978060,4777,2904960,216,13419
1735,7,0,17,8,64042860,4777,2904960,216,13426
1736,7,0,19,6,64065900,4777,2904960,216,13433
1737,9,0,23,2,64087020,4777,2904960,216,13442
1738,9,0,20,5,64138020,4776,2904960,216,13451
1739,11,0,22,3,64178520,4776,2904960,215,13462
1740,9,0,23,2,64210380,4776,2904960,215,13471
1741,14,5,25,0,64246500,4776,2904960,215,13485
1742,12,11,25,0,64280100,4776,2913360,215,13497
1743,12,10,25,0,64364640,4778,2934300,217,13509
1744,3,2,25,0,64418640,4778,2977380,220,13512
1745,11,2,25,0,64471260,4778,3007980,222,13523
1746,9,0,24,1,64507260,4776,3012000,222,13532
1747,6,0,21,4,64556760,4777,3012000,222,13538
1748,7,0,20,5,64602480,4777,3012000,222,13545
1749,4,0,17,8,64632720,4777,3012000,222,13549
1750,6,0,14,11,64661040,4776,3012000,222,13555
1751,9,0,20,5,64676040,4776,3012000,222,13564
1752,6,0,20,5,64705380,4776,3012000,222,13570
1753,4,0,14,11,64751100,4776,3012000,221,13574
1754,3,0,14,11,64765860,4776,3012000,221,13577
1755,10,0,20,5,64778400,4776,3012000,221,13587
1756,9,0,23,2,64800960,4775,3012000,221,13596
1757,5,0,18,7,64852500,4775,3012000,221,13601
1758,6,0,18,7,64881960,4776,3012000,221,13607
1759,6,0,17,8,64917600,4776,3012000,221,13613
1760,12,0,24,1,64930620,4775,3012000,221,13625
1761,14,2,25,0,64979100,4775,3016440,221,13639
1762,8,0,25,0,65022180,4774,3023280,221,13647
1763,11,2,25,0,65071020,4775,3024900,221,13658
1764,10,2,25,0,65129160,4775,3026280,221,13668
1765,7,0,21,4,65193240,4776,3027000,221,13675
1766,9,0,21,4,65238240,4776,3027000,221,13684
1767,13,1,25,0,65277720,4776,3027000,221,13697
1768,13,1,25,0,65334360,4775,3030180,221,13710
1769,17,9,25,0,65372820,4775,3036300,221,13727
1770,10,8,25,0,65436180,4776,3050580,222,13737
1771,7,5,25,0,65494620,4777,3077520,223,13744
1772,6,0,19,6,65549640,4775,3117000,226,13750
1773,5,0,18,7,65582100,4775,3117000,226,13755
1774,10,0,23,2,65601420,4775,3117000,226,13765
1775,4,0,23,2,65626140,4775,3117000,226,13769
1776,4,0,17,8,65689140,4776,3117000,226,13773
1777,8,0,18,7,65723100,4776,3117000,226,13781
1778,4,0,16,9,65747400,4776,3117000,226,13785
1779,2,0,13,12,65773200,4776,3117000,226,13787
1780,9,0,18,7,65788980,4776,3117000,226,13796
1781,5,0,18,7,65807460,4775,3117000,225,13801
1782,11,0,24,1,65837040,4776,3117000,225,13812
1783,8,0,22,3,65886060,4776,3118080,225,13820
1784,10,0,22,3,65921460,4775,3118080,225,13830
1785,8,0,22,3,65958660,4775,3118080,225,13838
1786,3,0,16,9,66007980,4775,3118080,225,13841
1787,5,0,16,9,66036900,4776,3118080,225,13846
1788,13,0,19,6,66070500,4775,3118080,225,13859
1789,6,0,20,5,66093360,4775,3118080,224,13865
1790,7,0,18,7,66130980,4774,3118080,224,13872
1791,14,2,25,0,66155460,4774,3118200,224,13886
1792,11,0,24,1,66212160,4774,3124020,224,13897
1793,9,0,24,1,66257940,4774,3125340,224,13906
1794,12,0,25,0,66320340,4775,3128580,224,13918
1795,3,0,20,5,66354180,4774,3129420,224,13921
1796,6,0,15,10,66417480,4775,3129420,224,13927
1797,3,0,16,9,66424560,4775,3129420,224,13930
1798,4,0,15,10,66455220,4775,3129420,224,13934
1799,3,0,14,11,66469860,4775,3129420,224,13937
1800,3,0,15,10,66482400,4775,3129420,224,13940
1801,4,0,16,9,66500580,4775,3129420,224,13944
1802,5,0,12,13,66530400,4775,3129420,224,13949
1803,8,0,20,5,66530400,4775,3129420,224,13957
1804,3,0,17,8,66559980,4775,3129420,224,13960
1805,8,0,18,7,66593940,4775,3129420,224,13968
1806,10,0,21,4,66615480,4774,3129420,223,13978
1807,11,0,25,0,66646140,4774,3130140,223,13989
1808,2,0,20,5,66679380,4774,3130140,223,13991
1809,12,0,23,2,66725220,4774,3130140,223,14003
1810,12,1,25,0,66760560,4773,3131220,223,14015
1811,7,0,22,3,66817800,4774,3131460,223,14022
1812,10,0,23,2,66866880,4774,3131460,223,14032
1813,12,0,25,0,66912900,4774,3131880,223,14044
1814,15,5,25,0,66963300,4774,3137640,223,14059
1815,12,8,25,0,67013580,4775,3143700,223,14071
1816,8,6,25,0,67070760,4775,3155580,224,14079
1817,8,1,25,0,67127700,4775,3205920,227,14087
1818,7,0,21,4,67185840,4775,3206280,227,14094
1819,5,0,16,9,67234620,4775,3206280,227,14099
1820,6,0,17,8,67252740,4775,3206280,227,14105
1821,7,0,17,8,67281420,4774,3206280,227,14112
1822,7,0,19,6,67302240,4774,3206280,227,14119
1823,11,0,23,2,67334520,4774,3206280,226,14130
1824,3,0,19,6,67368120,4774,3206280,226,14133
1825,2,0,15,10,67403880,4774,3206280,226,14135
1826,5,0,14,11,67435980,4775,3206280,226,14140
1827,7,0,15,10,67454160,4774,3206280,226,14147
1828,8,0,17,8,67469820,4773,3206280,226,14155
1829,4,0,18,7,67482840,4773,3206280,226,14159
1830,4,0,16,9,67521180,4774,3206280,226,14163
1831,7,0,20,5,67540860,4774,3206280,226,14170
1832,9,0,23,2,67570260,4774,3206280,226,14179
1833,6,0,20,5,67610940,4774,3206280,226,14185
1834,15,1,25,0,67655700,4774,3206520,225,14200
1835,10,3,25,0,67689300,4774,3207540,225,14210
1836,12,5,25,0,67732200,4773,3208740,225,14222
1837,5,0,21,4,67812120,4774,3215160,226,14227
1838,10,0,19,6,67868280,4774,3215160,225,14237
1839,9,0,21,4,67885680,4773,3215160,225,14246
1840,7,0,20,5,67927140,4773,3215160,225,14253
1841,9,0,22,3,67963860,4774,3215160,225,14262
1842,8,0,19,6,68019420,4774,3215160,225,14270
1843,6,0,21,4,68040900,4774,3215160,225,14276
1844,8,0,21,4,68082000,4774,3215160,225,14284
1845,6,0,18,7,68130240,4775,3215160,225,14290
1846,4,0,17,8,68154120,4775,3215160,224,14294
1847,2,0,14,11,68183520,4775,3215160,224,14296
1848,4,0,14,11,68200560,4775,3215160,224,14300
1849,4,0,13,12,68222400,4775,3215160,224,14304
1850,4,0,14,11,68236320,4775,3215160,224,14308
1851,6,0,16,9,68250900,4774,3215160,224,14314
1852,9,0,20,5,68270640,4774,3215160,224,14323
1853,5,0,21,4,68291460,4774,3215160,224,14328
1854,5,0,15,10,68346540,4774,3215160,224,14333
1855,8,0,17,8,68369340,4774,3215160,224,14341
1856,14,0,25,0,68393940,4774,3215580,224,14355
1857,7,0,18,7,68448420,4773,3215700,223,14362
1858,6,0,16,9,68475000,4772,3215700,223,14368
1859,13,0,25,0,68496300,4772,3215700,223,14381
1860,12,5,25,0,68527140,4772,3222060,223,14393
1861,15,11,25,0,68590740,4773,3229620,224,14408
1862,17,19,25,0,68640000,4774,3246480,225,14425
1863,16,23,25,0,68699340,4774,3262140,225,14441
1864,9,24,25,0,68739840,4774,3279180,227,14450
1865,10,22,25,0,68811240,4775,3303060,228,14460
1866,12,21,25,0,68868180,4775,3344520,231,14472
1867,10,21,25,0,68917320,4775,3384840,233,14482
1868,12,24,25,0,68968200,4775,3396960,234,14494
1869,13,30,25,0,69011880,4776,3403380,234,14507
1870,6,26,25,0,69078240,4777,3443040,237,14513
1871,5,22,25,0,69123960,4778,3505680,241,14518
1872,6,14,25,0,69201000,4778,3743460,257,14524
1873,7,0,17,8,69266460,4773,4155540,286,14531
1874,9,0,20,5,69287700,4773,4155540,285,14540
1875,4,0,20,5,69310080,4773,4155540,285,14544
1876,6,0,17,8,69353160,4773,4155540,285,14550
1877,6,0,17,8,69383160,4773,4155540,285,14556
1878,11,0,24,1,69401340,4773,4155540,285,14567
1879,5,0,23,2,69422820,4772,4155720,285,14572
1880,9,0,24,1,69480960,4774,4155840,285,14581
1881,6,0,20,5,69534540,4774,4155840,284,14587
1882,9,0,21,4,69568740,4774,4155840,284,14596
1883,7,0,17,8,69623580,4774,4155840,284,14603
1884,11,0,21,4,69649680,4774,4155840,284,14614
1885,13,3,25,0,69677520,4774,4157280,284,14627
1886,14,5,25,0,69743760,4774,4171140,285,14641
1887,15,11,25,0,69791220,4774,4177740,285,14656
1888,17,17,25,0,69852840,4775,4185840,285,14673
1889,13,21,25,0,69899820,4775,4198620,286,14686
1890,3,16,25,0,69943380,4776,4216200,287,14689
1891,7,12,25,0,70003800,4776,4294200,292,14696
1892,7,8,25,0,70066200,4777,4357740,296,14703
1893,5,0,18,7,70128060,4775,4493580,305,14708
1894,6,0,19,6,70147020,4774,4493580,305,14714
1895,7,0,18,7,70189920,4775,4493580,305,14721
1896,2,0,13,12,70219380,4774,4493580,305,14723
1897,6,0,15,10,70238640,4774,4493580,305,14729
1898,4,0,15,10,70246860,4774,4493580,305,14733
1899,6,0,20,5,70253160,4774,4493580,304,14739
1900,6,0,20,5,70285560,4774,4493580,304,14745
1901,6,0,20,5,70320720,4774,4493580,304,14751
1902,3,0,16,9,70354560,4774,4493580,304,14754
1903,7,0,17,8,70379760,4774,4493580,304,14761
1904,6,0,20,5,70399080,4775,4493580,304,14767
1905,10,0,22,3,70439580,4775,4493580,304,14777
1906,8,0,20,5,70482600,4774,4493580,304,14785
1907,8,0,19,6,70526460,4774,4493580,303,14793
1908,10,0,22,3,70556760,4774,4493580,303,14803
1909,12,2,25,0,70592580,4774,4495380,303,14815
1910,13,4,25,0,70653060,4775,4506300,303,14828
1911,10,6,25,0,70704540,4776,4516380,304,14838
1912,8,5,25,0,70753800,4776,4539540,305,14846
1913,10,2,25,0,70814640,4776,4562520,307,14856
1914,9,0,23,2,70867020,4776,4571940,307,14865
1915,8,0,22,3,70917300,4776,4571940,307,14873
1916,9,0,21,4,70967400,4776,4571940,307,14882
1917,8,0,18,7,71013600,4776,4571940,307,14890
1918,10,0,22,3,71039700,4776,4571940,306,14900
1919,6,0,20,5,71078100,4776,4571940,306,14906
1920,4,0,18,7,71108040,4776,4571940,306,14910
1921,10,0,21,4,71142600,4776,4571940,306,14920
1922,5,0,22,3,71164500,4776,4571940,306,14925
1923,5,0,16,9,71223120,4776,4571940,306,14930
1924,8,0,17,8,71251800,4776,4571940,306,14938
1925,7,0,21,4,71261580,4776,4571940,305,14945
1926,10,0,24,1,71299560,4776,4572360,305,14955
1927,3,0,17,8,71340960,4776,4572360,305,14958
1928,12,0,21,4,71382900,4776,4572360,305,14970
1929,8,0,22,3,71413260,4776,4572420,305,14978
1930,9,0,21,4,71455980,4775,4572420,305,14987
1931,10,0,25,0,71491020,4776,4572840,304,14997
1932,12,0,24,1,71546340,4775,4574460,304,15009
1933,4,0,18,7,71597400,4776,4574460,304,15013
1934,12,0,24,1,71629560,4776,4574460,304,15025
1935,14,2,25,0,71670240,4775,4575540,304,15039
1936,14,9,25,0,71715180,4776,4577100,304,15053
1937,12,17,19,6,71778540,4777,4584660,304,15065
1938,13,20,24,1,71816580,4778,4608240,305,15078
1939,14,28,25,0,71847660,4778,4623360,306,15092
1940,8,25,25,0,71915640,4779,4664880,309,15100
1941,8,21,25,0,71972640,4779,4734060,313,15108
1942,5,17,25,0,72021420,4780,4784400,316,15113
1943,4,9,25,0,72088080,4780,4956360,327,15117
1944,4,1,25,0,72134400,4779,5105580,337,15121
1945,5,0,16,9,72182820,4778,5107920,337,15126
1946,5,0,15,10,72212220,4778,5107920,337,15131
1947,1,0,13,12,72229680,4778,5107920,337,15132
1948,8,0,17,8,72243960,4778,5107920,337,15140
1949,5,0,17,8,72260640,4777,5107920,337,15145
1950,4,0,15,10,72291960,4778,5107920,337,15149
1951,7,0,18,7,72303780,4777,5107920,337,15156
1952,9,0,23,2,72325740,4777,5107920,336,15165
1953,10,0,21,4,72375420,4777,5107920,336,15175
1954,17,4,25,0,72400740,4776,5109540,336,15192
1955,12,9,25,0,72448440,4777,5113200,336,15204
1956,11,7,25,0,72522060,4777,5124000,336,15215
1957,13,10,25,0,72563880,4777,5139180,337,15228
1958,11,15,23,2,72612480,4778,5145720,337,15239
1959,8,14,25,0,72658920,4778,5177040,339,15247
1960,13,12,25,0,72723420,4778,5234820,343,15260
1961,13,15,25,0,72768300,4778,5240220,343,15273
1962,10,12,25,0,72841560,4779,5254260,343,15283
1963,7,4,25,0,72888780,4777,5427840,355,15290
1964,8,0,21,4,72943080,4775,5452920,356,15298
1965,11,0,23,2,72978720,4775,5452920,356,15309
1966,6,0,21,4,73005240,4774,5452920,356,15315
1967,7,0,19,6,73049760,4774,5452920,355,15322
1968,3,0,15,10,73083660,4774,5452920,355,15325
1969,0,0,10,15,73114740,4775,5452920,355,15325
1970,10,0,20,5,73114740,4775,5452920,355,15335
1971,4,0,22,3,73121280,4775,5452920,355,15339
1972,6,0,16,9,73180800,4775,5452920,355,15345
1973,6,0,16,9,73210860,4775,5452920,355,15351
1974,1,0,15,10,73221360,4775,5452920,355,15352
1975,8,0,18,7,73244520,4775,5452920,355,15360
1976,11,0,21,4,73280220,4775,5453340,354,15371
1977,9,0,22,3,73317900,4775,5453340,354,15380
1978,10,0,21,4,73370400,4775,5453340,354,15390
1979,11,0,25,0,73403700,4775,5453700,354,15401
1980,11,1,25,0,73446060,4774,5456700,354,15412
1981,9,0,23,2,73506720,4775,5458260,354,15421
1982,10,1,25,0,73546440,4775,5460780,353,15431
1983,8,0,21,4,73604580,4775,5467800,354,15439
1984,10,0,24,1,73646280,4775,5467800,354,15449
1985,6,0,21,4,73694580,4776,5467800,353,15455
1986,9,0,20,5,73741020,4775,5467800,353,15464
1987,5,0,17,8,73780860,4776,5467800,353,15469
1988,4,0,16,9,73809900,4776,5467800,353,15473
1989,8,0,18,7,73843020,4776,5467800,353,15481
1990,8,0,21,4,73861680,4776,5467800,353,15489
1991,5,0,17,8,73908900,4776,5467800,352,15494
1992,3,0,17,8,73921440,4776,5467800,352,15497
1993,3,0,14,11,73959120,4777,5467800,352,15500
1994,4,0,14,11,73973520,4776,5467800,352,15504
1995,9,0,19,6,73993320,4776,5467800,352,15513
1996,8,0,23,2,74010780,4776,5467800,352,15521
1997,6,0,19,6,74060820,4776,5467800,352,15527
1998,6,0,17,8,74104440,4777,5467800,352,15533
1999,1,0,13,12,74131740,4777,5467800,352,15534
2000,9,0,19,6,74147040,4777,5467800,351,15543
2001,14,2,25,0,74170800,4777,5467800,351,15557
2002,7,0,21,4,74229060,4776,5470260,351,15564
2003,10,0,24,1,74262900,4776,5470260,351,15574
2004,9,0,23,2,74308920,4776,5470680,351,15583
2005,8,0,18,7,74366340,4776,5470680,350,15591
2006,13,0,23,2,74401620,4776,5470680,350,15604
2007,7,0,25,0,74422500,4776,5470680,350,15611
2008,13,4,25,0,74475480,4776,5471460,350,15624
2009,8,1,25,0,74534400,4777,5478420,350,15632
2010,6,0,16,9,74610420,4777,5479260,350,15638
2011,6,0,18,7,74632560,4777,5479260,350,15644
2012,6,0,19,6,74653200,4777,5479260,350,15650
2013,5,0,17,8,74687460,4777,5479260,350,15655
2014,4,0,16,9,74717040,4777,5479260,350,15659
2015,7,0,16,9,74740080,4776,5479260,349,15666
2016,3,0,15,10,74763360,4777,5479260,349,15669
2017,9,0,22,3,74766240,4776,5479260,349,15678
2018,2,0,22,3,74775180,4776,5479260,349,15680
2019,4,0,18,7,74814240,4776,5479260,349,15684
2020,10,0,23,2,74829240,4776,5479260,349,15694
2021,6,1,25,0,74840040,4776,5479440,349,15700
2022,12,3,25,0,74883000,4775,5481540,349,15712
2023,7,5,25,0,74914740,4776,5487840,349,15719
2024,8,5,25,0,74964300,4776,5497620,349,15727
2025,11,10,25,0,74999400,4777,5505000,349,15738
2026,10,13,25,0,75036180,4777,5510820,350,15748
2027,9,15,25,0,75075780,4777,5521440,350,15757
2028,10,18,25,0,75116280,4778,5568540,353,15767
2029,10,19,25,0,75156420,4778,5576760,353,15777
2030,11,20,25,0,75208800,4778,5597940,354,15788
2031,8,22,25,0,75243360,4778,5612220,355,15796
2032,9,24,25,0,75278100,4778,5625840,356,15805
2033,11,25,25,0,75328560,4779,5629620,356,15816
2034,9,28,25,0,75356280,4779,5640540,356,15825
2035,6,25,25,0,75399360,4779,5706540,360,15831
2036,9,26,25,0,75433560,4778,5739660,362,15840
2037,3,20,25,0,75476640,4778,5839680,368,15843
2038,1,10,25,0,75523860,4778,6223500,392,15844
2039,4,0,18,7,75567240,4774,6514200,411,15848
2040,4,0,21,4,75571620,4774,6514200,411,15852
2041,8,0,23,2,75596580,4774,6514200,410,15860
2042,8,0,24,1,75628680,4774,6514200,410,15868
2043,5,0,25,0,75648300,4774,6515160,410,15873
2044,8,0,25,0,75690840,4774,6515160,410,15881
2045,4,0,20,5,75733860,4774,6515160,410,15885
2046,9,0,21,4,75764460,4774,6515160,410,15894
2047,11,1,25,0,75783240,4773,6515280,409,15905
2048,13,8,25,0,75813840,4773,6519960,409,15918
2049,17,16,25,0,75859680,4774,6530100,409,15935
2050,9,21,25,0,75886260,4774,6536280,410,15944
2051,16,32,25,0,75924060,4775,6541500,410,15960
2052,17,39,25,0,75974820,4776,6563340,410,15977
2053,11,40,25,0,75999480,4776,6570300,411,15988
2054,9,38,25,0,76044900,4776,6602880,413,15997
2055,11,38,25,0,76080300,4777,6648000,415,16008
2056,6,37,25,0,76124700,4778,6685320,418,16014
2057,8,38,25,0,76162260,4778,6738900,421,16022
2058,11,40,25,0,76202280,4779,6777780,423,16033
2059,7,37,25,0,76242960,4779,6795300,424,16040
2060,8,40,25,0,76270200,4780,6898980,430,16048
2061,8,37,25,0,76331040,4781,6984540,435,16056
2062,7,36,25,0,76359420,4781,7071120,441,16063
2063,4,30,25,0,76402980,4780,7230420,450,16067
2064,3,25,25,0,76443300,4780,7488600,466,16070
2065,6,18,25,0,76498200,4780,7996080,498,16076
2066,9,10,25,0,76533960,4777,8285460,516,16085
2067,5,0,22,3,76571400,4774,8606820,535,16090
2068,7,0,23,2,76602240,4774,8606820,535,16097
2069,8,1,25,0,76624860,4774,8607540,535,16105
2070,8,2,25,0,76664520,4775,8613600,535,16113
2071,6,2,25,0,76701420,4775,8617200,535,16119
2072,6,0,25,0,76750680,4776,8622120,535,16125
2073,6,0,23,2,76794480,4776,8622120,535,16131
2074,6,0,23,2,76823520,4776,8622120,535,16137
2075,8,0,24,1,76858260,4776,8625000,535,16145
2076,14,7,25,0,76890120,4776,8630520,535,16159
2077,7,8,25,0,76925160,4777,8641140,535,16166
2078,17,15,25,0,76979040,4777,8650860,535,16183
2079,15,29,20,5,77007420,4777,8651580,535,16198
2080,7,26,24,1,77046960,4778,8677140,536,16205
2081,4,26,25,0,77060640,4778,8694900,537,16209
2082,5,25,25,0,77100660,4779,8746740,540,16214
2083,10,28,25,0,77139600,4779,8776440,541,16224
2084,2,23,25,0,77184600,4780,8849160,546,16226
2085,10,26,25,0,77220780,4780,8905320,549,16236
2086,9,28,25,0,77260080,4780,8917200,549,16245
2087,4,24,25,0,77305260,4781,8970780,553,16249
2088,10,27,25,0,77337540,4781,9042480,557,16259
2089,6,25,25,0,77374200,4780,9051600,557,16265
2090,7,23,25,0,77424600,4781,9082140,559,16272
2091,6,21,25,0,77463000,4781,9305100,572,16278
2092,5,11,25,0,77513820,4780,9610380,591,16283
2093,7,0,21,4,77550120,4775,9946140,611,16290
2094,8,0,25,0,77565840,4775,9946140,611,16298
2095,7,0,20,5,77620980,4775,9948720,611,16305
2096,10,0,23,2,77644740,4774,9949200,610,16315
2097,8,0,23,2,77675640,4774,9949200,610,16323
2098,10,0,23,2,77709000,4773,9949200,610,16333
2099,12,1,25,0,77741340,4772,9949860,609,16345
2100,9,4,25,0,77772600,4773,9953940,609,16354
2101,15,7,25,0,77819160,4772,9966720,610,16369
2102,7,8,25,0,77849160,4772,9977160,610,16376
2103,7,6,25,0,77898180,4772,10004100,611,16383
2104,11,8,25,0,77938140,4772,10013700,611,16394
2105,12,15,25,0,77960820,4772,10018200,611,16406
2106,7,14,25,0,78009960,4773,10031580,612,16413
2107,7,12,25,0,78056100,4773,10054380,613,16420
2108,7,13,25,0,78086760,4773,10063980,613,16427
2109,4,10,25,0,78120960,4773,10143660,618,16431
2110,7,2,25,0,78173100,4772,10258620,625,16438
2111,8,0,24,1,78207900,4771,10304280,627,16446
2112,4,0,22,3,78235140,4771,10304280,627,16450
2113,7,0,22,3,78275280,4771,10304280,627,16457
2114,7,0,23,2,78299100,4771,10304400,627,16464
2115,11,1,25,0,78331140,4771,10307040,626,16475
2116,3,0,22,3,78365160,4771,10307520,626,16478
2117,11,1,25,0,78396240,4770,10308600,626,16489
2118,12,4,25,0,78440340,4771,10317420,626,16501
2119,9,7,25,0,78473220,4771,10332180,626,16510
2120,10,11,25,0,78506940,4771,10345080,627,16520
2121,10,10,25,0,78556980,4771,10357980,627,16530
2122,12,16,25,0,78588780,4771,10366260,627,16542
2123,10,20,25,0,78622380,4771,10374300,627,16552
2124,7,19,25,0,78669240,4772,10391040,628,16559
2125,15,28,25,0,78702840,4772,10399740,628,16574
2126,15,37,24,1,78743580,4773,10407720,628,16589
2127,13,40,25,0,78762060,4773,10420440,629,16602
2128,11,36,25,0,78827340,4774,10465920,631,16613
2129,7,39,25,0,78851040,4775,10479360,632,16620
2130,11,40,25,0,78888060,4775,10560600,636,16631
2131,5,36,24,1,78936900,4775,10595040,638,16636
2132,5,32,25,0,78974520,4775,10684020,643,16641
2133,6,33,24,1,79007040,4775,10767540,648,16647
2134,4,32,22,3,79051980,4776,10775220,648,16651
2135,4,27,25,0,79091220,4776,10861740,653,16655
2136,3,21,25,0,79132800,4776,11109900,668,16658
2137,6,18,25,0,79162260,4776,11382540,684,16664
2138,8,13,25,0,79206180,4774,11649240,700,16672
2139,4,1,25,0,79249020,4772,12135180,729,16676
2140,6,0,20,5,79279680,4771,12171420,731,16682
2141,8,0,24,1,79300560,4771,12171420,731,16690
2142,7,0,25,0,79328160,4771,12174180,731,16697
2143,15,6,25,0,79374120,4771,12178980,730,16712
2144,4,4,25,0,79405260,4771,12192240,731,16716
2145,6,4,25,0,79442580,4772,12206220,732,16722
2146,6,0,23,2,79491720,4771,12220980,732,16728
2147,11,4,25,0,79519680,4771,12226920,732,16739
2148,13,10,25,0,79560720,4772,12232800,732,16752
2149,10,12,25,0,79607700,4772,12241440,732,16762
2150,10,16,25,0,79636980,4772,12252480,732,16772
2151,14,24,25,0,79682640,4773,12260460,732,16786
2152,10,26,25,0,79722180,4774,12285240,733,16796
2153,7,27,25,0,79753740,4774,12341700,736,16803
2154,7,26,25,0,79797240,4774,12361020,737,16810
2155,8,27,25,0,79840500,4775,12391020,738,16818
2156,11,29,25,0,79889880,4775,12402240,739,16829
2157,7,33,25,0,79906920,4775,12415140,739,16836
2158,6,33,25,0,79940460,4775,12426660,739,16842
2159,10,33,25,0,80007000,4777,12445200,740,16852
2160,6,35,25,0,80027040,4777,12449940,740,16858
2161,1,29,25,0,80074800,4778,12585360,748,16859
2162,1,18,25,0,80133900,4778,12949680,770,16860
2163,2,3,25,0,80174580,4775,13488240,802,16862
2164,8,0,20,5,80207640,4773,13608660,808,16870
2165,9,0,22,3,80232900,4772,13608660,808,16879
2166,6,0,23,2,80258280,4772,13608660,808,16885
2167,2,0,21,4,80284920,4773,13608660,808,16887
2168,8,0,23,2,80316720,4773,13608660,807,16895
2169,9,0,24,1,80342160,4772,13608660,807,16904
2170,10,1,25,0,80376540,4772,13611420,806,16914
2171,12,9,24,1,80404500,4772,13614240,806,16926
2172,9,15,21,4,80442480,4773,13619700,806,16935
2173,12,18,25,0,80472060,4773,13637880,806,16947
2174,11,21,25,0,80517480,4773,13670460,808,16958
2175,10,26,25,0,80548320,4774,13687500,809,16968
2176,20,38,25,0,80589240,4774,13700160,808,16988
2177,9,38,25,0,80633640,4775,13722000,809,16997
2178,9,40,25,0,80665140,4775,13737840,810,17006
2179,4,38,25,0,80701140,4775,13762560,811,17010
2180,10,39,25,0,80756100,4776,13901880,819,17020
2181,6,38,25,0,80778720,4776,13947300,821,17026
2182,6,35,25,0,80830440,4777,14029440,826,17032
2183,8,37,25,0,80862960,4777,14069280,828,17040
2184,3,32,25,0,80908500,4777,14103600,830,17043
2185,3,25,25,0,80955600,4777,14337300,843,17046
2186,4,16,25,0,81001560,4776,14618700,860,17050
2187,4,4,25,0,81041760,4774,15098880,888,17054
2188,6,0,19,6,81072540,4772,15282060,898,17060
2189,3,0,20,5,81080940,4771,15282060,898,17063
2190,6,0,21,4,81109380,4772,15282060,898,17069
2191,7,0,25,0,81125100,4772,15282060,897,17076
2192,13,6,25,0,81161160,4772,15288300,897,17089
2193,8,7,25,0,81202020,4772,15296760,897,17097
2194,12,12,25,0,81237240,4773,15303420,897,17109
2195,8,12,25,0,81282060,4773,15315720,897,17117
2196,8,13,25,0,81312480,4773,15328560,897,17125
2197,9,15,25,0,81358020,4773,15339000,897,17134
2198,19,28,25,0,81387780,4774,15346380,897,17153
2199,6,27,25,0,81432060,4774,15356640,897,17159
2200,10,30,25,0,81472500,4775,15379140,898,17169
2201,7,31,25,0,81511620,4775,15429840,901,17176
2202,6,29,25,0,81560400,4776,15495120,904,17182
2203,8,29,25,0,81597900,4776,15523740,905,17190
2204,8,30,25,0,81633180,4776,15529200,905,17198
2205,5,28,25,0,81678540,4777,15618960,910,17203
2206,10,26,25,0,81723660,4776,15839160,923,17213
2207,5,22,25,0,81753000,4775,15918360,927,17218
2208,7,9,25,0,81811680,4773,16298220,949,17225
2209,5,0,24,1,81837540,4770,16559100,963,17230
2210,7,0,22,3,81874320,4770,16559100,963,17237
2211,8,0,24,1,81901500,4770,16559100,963,17245
2212,10,3,25,0,81926880,4770,16559820,962,17255
2213,9,5,25,0,81952440,4769,16562460,962,17264
2214,11,10,25,0,81997140,4770,16566180,962,17275
2215,8,6,25,0,82061640,4771,16591140,962,17283
2216,4,0,21,4,82101120,4769,16628580,964,17287
2217,4,0,19,6,82127220,4769,16628580,964,17291
2218,10,0,24,1,82141140,4768,16628580,964,17301
2219,9,2,25,0,82168140,4768,16628580,963,17310
2220,13,7,25,0,82213500,4769,16635420,963,17323
2221,9,11,25,0,82244340,4769,16642920,963,17332
2222,7,10,25,0,82289820,4769,16661760,963,17339
2223,10,13,25,0,82326300,4770,16687740,964,17349
2224,13,17,25,0,82364760,4769,16702740,964,17362
2225,7,19,25,0,82391220,4769,16715280,965,17369
2226,12,25,25,0,82427640,4770,16726200,965,17381
2227,9,27,25,0,82477080,4771,16751460,966,17390
2228,5,24,25,0,82520520,4771,16767180,966,17395
2229,3,20,25,0,82558620,4771,16836780,970,17398
2230,5,11,25,0,82609080,4770,17022600,981,17403
2231,3,0,16,9,82656660,4767,17283960,995,17406
2232,3,0,18,7,82661040,4767,17283960,995,17409
2233,5,0,19,6,82680120,4767,17283960,995,17414
2234,5,0,21,4,82689120,4767,17283960,995,17419
2235,3,0,19,6,82717680,4767,17283960,995,17422
2236,4,0,19,6,82736220,4767,17283960,994,17426
2237,6,0,20,5,82757520,4767,17283960,994,17432
2238,8,0,25,0,82773900,4767,17283960,994,17440
2239,8,3,25,0,82802640,4767,17287560,993,17448
2240,8,0,23,2,82862160,4767,17296560,993,17456
2241,6,0,24,1,82882620,4767,17296560,993,17462
2242,12,4,25,0,82912680,4767,17296980,992,17474
2243,11,8,25,0,82946340,4767,17300160,992,17485
2244,12,15,22,3,82989420,4767,17309520,992,17497
2245,6,11,25,0,83027760,4767,17329860,993,17503
2246,6,13,25,0,83052480,4767,17345580,993,17509
2247,13,20,25,0,83093280,4768,17373300,994,17522
2248,13,26,23,2,83148780,4769,17384160,994,17535
2249,9,27,25,0,83183520,4769,17399280,994,17544
2250,10,31,25,0,83213880,4769,17416800,995,17554
2251,8,31,25,0,83261460,4770,17452560,996,17562
2252,8,30,25,0,83303220,4770,17506020,999,17570
2253,9,34,25,0,83329980,4770,17521320,999,17579
2254,6,28,25,0,83389080,4770,17650020,1006,17585
2255,8,28,25,0,83419020,4770,17653440,1006,17593
2256,10,32,25,0,83456940,4770,17657340,1006,17603
2257,5,31,25,0,83491800,4770,17669220,1006,17608
2258,4,28,25,0,83536380,4771,17779320,1012,17612
2259,8,25,25,0,83584620,4771,17861100,1016,17620
2260,5,24,25,0,83611680,4771,18024780,1025,17625
2261,5,19,25,0,83660940,4771,18194820,1035,17630
2262,7,8,25,0,83704920,4768,18687240,1062,17637
2263,12,10,25,0,83735700,4768,18698940,1062,17649
2264,7,11,25,0,83773020,4768,18710100,1062,17656
2265,8,14,25,0,83808000,4769,18723360,1063,17664
2266,10,18,25,0,83846820,4769,18739500,1063,17674
2267,13,24,25,0,83888160,4770,18752100,1063,17687
2268,9,27,25,0,83923260,4770,18767460,1063,17696
2269,9,27,25,0,83978700,4771,18793020,1064,17705
2270,8,29,25,0,84012600,4771,18819360,1065,17713
2271,8,31,25,0,84046620,4771,18863100,1067,17721
2272,9,30,25,0,84091980,4771,18891300,1068,17730
2273,12,32,25,0,84135060,4771,18922320,1069,17742
2274,13,39,25,0,84161280,4771,18938400,1070,17755
2275,15,40,25,0,84197700,4771,18947160,1069,17770
2276,9,40,25,0,84250380,4772,18964260,1070,17779
2277,6,37,25,0,84289380,4772,19013340,1072,17785
2278,4,30,25,0,84331500,4771,19130400,1079,17789
2279,8,29,25,0,84371880,4771,19209960,1083,17797
2280,4,25,25,0,84411300,4771,19389000,1093,17801
2281,8,24,25,0,84445260,4771,19533780,1100,17809
2282,8,23,25,0,84489900,4771,19540980,1100,17817
2283,10,23,25,0,84544440,4771,19753260,1111,17827
2284,7,25,25,0,84559380,4771,19757460,1111,17834
2285,8,21,25,0,84619140,4771,19836540,1115,17842
2286,11,25,25,0,84646440,4770,19844820,1115,17853
2287,5,22,25,0,84692520,4771,19864860,1116,17858
2288,8,21,25,0,84730740,4771,19872060,1116,17866
2289,7,22,25,0,84763020,4771,19878720,1116,17873
2290,12,26,25,0,84807300,4771,19886400,1115,17885
2291,9,26,25,0,84848580,4771,19901040,1116,17894
2292,7,26,25,0,84880680,4771,19908900,1116,17901
2293,12,30,25,0,84925800,4771,19917900,1115,17913
2294,13,38,25,0,84953580,4772,19927740,1115,17926
2295,7,38,25,0,85000680,4772,19942680,1115,17933
2296,15,40,25,0,85035240,4772,19957800,1116,17948
2297,8,39,25,0,85081320,4773,19975920,1116,17956
2298,10,38,25,0,85112640,4773,19988400,1117,17966
2299,13,40,25,0,85147800,4774,20031720,1119,17979
2300,10,37,25,0,85208940,4774,20088600,1121,17989
2301,4,36,25,0,85238400,4774,20119800,1123,17993
2302,7,38,25,0,85266780,4775,20129400,1123,18000
2303,6,35,25,0,85315980,4775,20175240,1125,18006
2304,5,29,25,0,85373580,4775,20438580,1139,18011
2305,3,12,25,0,85409100,4772,22058220,1230,18014
2306,6,0,21,4,85441980,4768,23438880,1306,18020
2307,2,0,18,7,85461420,4768,23438880,1306,18022
2308,6,0,20,5,85485360,4768,23438880,1306,18028
2309,5,0,22,3,85500900,4768,23438880,1305,18033
2310,3,0,20,5,85522980,4768,23438880,1305,18036
2311,8,0,20,5,85554600,4768,23438880,1304,18044
2312,6,0,22,3,85569180,4767,23438880,1304,18050
2313,6,0,22,3,85595100,4767,23438880,1303,18056
2314,6,0,21,4,85624680,4767,23438880,1303,18062
2315,17,10,25,0,85636320,4767,23441760,1302,18079
2316,13,12,25,0,85696440,4767,23455980,1302,18092
2317,11,16,25,0,85728240,4767,23463360,1302,18103
2318,10,25,19,6,85767000,4768,23466540,1301,18113
2319,14,36,19,6,85785960,4768,23474280,1301,18127
2320,12,39,18,7,85799160,4768,23477700,1300,18139
2321,12,40,25,0,85824420,4769,23515320,1302,18151
2322,11,39,25,0,85850640,4769,23540400,1303,18162
2323,7,39,25,0,85893360,4769,23577240,1304,18169
2324,8,38,25,0,85933740,4770,23644620,1308,18177
2325,7,38,25,0,85968300,4770,23700000,1310,18184
2326,8,38,25,0,86005440,4770,23780760,1314,18192
2327,9,38,25,0,86042820,4771,23822340,1316,18201
2328,6,36,25,0,86092920,4772,23952060,1323,18207
2329,9,39,25,0,86127000,4772,23956680,1322,18216
2330,5,36,25,0,86173800,4773,23970720,1323,18221
2331,4,33,25,0,86209620,4773,24055560,1327,18225
2332,4,24,25,0,86267220,4773,24437880,1348,18229
2333,7,22,25,0,86296980,4772,24684780,1361,18236
2334,7,18,25,0,86334540,4771,24833100,1369,18243
2335,7,6,25,0,86380200,4768,25490340,1404,18250
2336,3,0,23,2,86399100,4767,25653600,1413,18253
2337,11,0,24,1,86449560,4767,25654980,1412,18264
2338,5,0,22,3,86489640,4767,25655580,1412,18269
2339,16,3,25,0,86528940,4767,25660320,1411,18285
2340,11,10,25,0,86556060,4767,25666980,1411,18296
2341,9,11,25,0,86612100,4768,25678200,1410,18305
2342,7,11,25,0,86643780,4768,25695360,1411,18312
2343,16,18,25,0,86690160,4768,25712100,1411,18328
2344,13,22,25,0,86732340,4768,25726560,1410,18341
2345,6,21,25,0,86768820,4768,25744860,1411,18347
2346,8,21,25,0,86806440,4768,25792980,1413,18355
2347,10,26,25,0,86840220,4769,25799580,1412,18365
2348,4,26,22,3,86883120,4769,25817520,1413,18369
2349,5,25,25,0,86903280,4770,25824480,1413,18374
2350,5,22,25,0,86938920,4770,25855860,1414,18379
2351,9,19,25,0,86995500,4770,26052300,1425,18388
2352,4,13,25,0,87035460,4769,26211960,1433,18392
2353,3,1,25,0,87072960,4767,26550360,1451,18395
2354,7,0,21,4,87107160,4766,26602020,1453,18402
2355,4,0,21,4,87122040,4766,26602020,1453,18406
2356,10,1,25,0,87147360,4766,26602020,1452,18416
2357,4,0,21,4,87188100,4766,26602740,1452,18420
2358,1,0,19,6,87206760,4766,26602740,1452,18421
2359,6,0,20,5,87232080,4766,26602740,1452,18427
2360,6,0,23,2,87249180,4766,26602740,1451,18433
2361,10,1,25,0,87274140,4766,26603760,1450,18443
2362,7,1,24,1,87318720,4766,26614620,1450,18450
2363,6,0,25,0,87350760,4766,26617200,1450,18456
2364,10,0,24,1,87398400,4766,26621820,1449,18466
2365,16,10,23,2,87427440,4766,26623140,1449,18482
2366,8,15,19,6,87464580,4766,26630340,1448,18490
2367,10,17,25,0,87481380,4766,26659560,1449,18500
2368,7,21,25,0,87496680,4766,26670900,1449,18507
2369,7,20,25,0,87555540,4768,26693460,1450,18514
2370,10,22,25,0,87602280,4768,26724840,1451,18524
2371,9,28,25,0,87618480,4768,26730240,1450,18533
2372,6,23,25,0,87688260,4769,26797860,1453,18539
2373,4,24,25,0,87702360,4769,26850660,1456,18543
2374,7,21,25,0,87756960,4769,26926260,1459,18550
2375,5,15,25,0,87802380,4769,27087840,1468,18555
2376,4,9,25,0,87838680,4768,27230700,1475,18559
2377,6,0,21,4,87880260,4766,27436440,1486,18565
2378,9,2,25,0,87888300,4765,27436440,1485,18574
2379,9,5,25,0,87921360,4766,27442560,1485,18583
2380,10,9,25,0,87960240,4766,27450180,1485,18593
2381,7,8,25,0,88002780,4766,27456600,1484,18600
2382,6,7,25,0,88045980,4767,27470040,1484,18606
2383,6,5,25,0,88089420,4767,27502680,1486,18612
2384,10,3,25,0,88135560,4767,27542580,1487,18622
2385,14,10,25,0,88168200,4767,27547500,1487,18636
2386,11,14,25,0,88203180,4767,27560460,1486,18647
2387,12,20,25,0,88242780,4767,27567000,1486,18659
2388,13,27,25,0,88283040,4768,27575700,1485,18672
2389,5,25,25,0,88322820,4768,27598320,1486,18677
2390,12,28,25,0,88374360,4769,27609120,1485,18689
2391,12,34,25,0,88403760,4769,27627960,1485,18701
2392,4,29,25,0,88453140,4769,27667080,1487,18705
2393,12,34,25,0,88488540,4769,27733860,1490,18717
2394,12,40,25,0,88517040,4769,27766260,1491,18729
2395,10,39,25,0,88562700,4769,27820260,1493,18739
2396,4,36,25,0,88600800,4770,27926640,1498,18743
2397,2,30,25,0,88647720,4770,27981060,1501,18745
2398,8,25,25,0,88704840,4770,28121820,1508,18753
2399,11,26,25,0,88734960,4769,28187520,1510,18764

