Hour,Arrivals,Waiting,Treating,Available Rooms,Total Treatment Time,Average Treatment Time,Total Wait Time,Average Wait Time,Total Arrivals
1,4,0,2,23,5820,2910,0,0,4
2,4,0,5,20,10080,3360,0,0,8
3,3,0,7,18,15120,3780,0,0,11
4,6,0,7,18,52560,5256,0,0,17
5,6,0,9,16,68280,4877,0,0,23
6,6,0,8,17,96600,4600,0,0,29
7,10,0,9,16,136740,4558,0,0,39
8,4,0,6,19,164460,4444,0,0,43
9,8,0,7,18,191460,4351,0,0,51
10,11,0,10,15,214620,4127,0,0,62
11,12,0,16,9,229800,3962,0,0,74
12,24,2,25,0,289620,4079,360,3,98
13,10,0,21,4,358920,4125,5640,52,108
14,10,0,15,10,455940,4426,5640,47,118
15,13,0,16,9,510660,4440,5640,43,131
16,12,0,18,7,548160,4385,5640,39,143
17,18,0,23,2,613620,4446,5640,35,161
18,4,0,14,11,679440,4499,5640,34,165
19,7,0,10,15,746820,4610,5640,32,172
20,2,0,8,17,767940,4626,5640,32,174
21,2,0,2,23,826740,4751,5640,32,176
22,5,0,5,20,835200,4745,5640,31,181
23,3,0,5,20,847260,4733,5640,30,184
24,9,0,10,15,869160,4749,5640,29,193
25,8,0,12,13,889020,4703,5640,28,201
26,10,0,9,16,951420,4710,5640,26,211
27,3,0,6,19,976560,4695,5640,26,214
28,2,0,3,22,1005480,4720,5640,26,216
29,6,0,7,18,1014300,4717,5640,25,222
30,12,0,10,15,1045740,4668,5640,24,234
31,7,0,12,13,1068000,4663,5640,23,241
32,5,0,9,16,1100520,4643,5640,22,246
33,17,0,16,9,1152720,4666,5640,21,263
34,6,0,10,15,1194120,4610,5640,20,269
35,17,0,19,6,1236720,4631,5640,19,286
36,13,0,19,6,1302840,4653,5640,18,299
37,9,0,13,12,1378860,4674,5640,18,308
38,17,0,20,5,1429860,4688,5640,17,325
39,9,0,14,11,1500180,4688,5640,16,334
40,12,0,13,12,1558740,4680,5640,16,346
41,11,0,13,12,1614600,4693,5640,15,357
42,4,0,7,18,1656000,4677,5640,15,361
43,16,0,13,12,1699320,4668,5640,14,377
44,4,0,9,16,1733880,4660,5640,14,381
45,3,0,4,21,1772160,4663,5640,14,384
46,8,0,7,18,1795020,4662,5640,14,392
47,7,0,6,19,1825380,4644,5640,14,399
48,8,0,9,16,1851660,4652,5640,13,407
49,7,0,8,17,1878660,4627,5640,13,414
50,7,0,12,13,1900080,4645,5640,13,421
51,4,0,8,17,1942200,4657,5640,13,425
52,0,0,1,24,1984260,4679,5640,13,425
53,6,0,6,19,1991640,4686,5640,13,431
54,7,0,11,14,2000100,4684,5640,12,438
55,6,0,9,16,2037600,4684,5640,12,444
56,6,0,9,16,2068980,4691,5640,12,450
57,10,0,10,15,2113860,4697,5640,12,460
58,11,0,11,14,2154480,4683,5640,11,471
59,9,0,14,11,2182020,4682,5640,11,480
60,15,0,19,6,2237100,4699,5640,11,495
61,11,0,18,7,2286720,4685,5640,11,506
62,11,0,17,8,2353080,4706,5640,10,517
63,20,0,24,1,2416320,4710,5640,10,537
64,7,0,18,7,2485560,4725,5820,10,544
65,12,0,13,12,2579580,4750,5820,10,556
66,8,0,14,11,2616060,4756,5820,10,564
67,6,0,10,15,2668140,4764,5820,10,570
68,5,0,5,20,2726340,4783,5820,10,575
69,8,0,9,16,2747640,4786,5820,9,583
70,7,0,7,18,2793780,4792,5820,9,590
71,6,0,7,18,2811000,4772,5820,9,596
72,8,0,10,15,2836320,4774,5820,9,604
73,2,0,5,20,2870700,4776,5820,9,606
74,3,0,4,21,2897160,4788,5820,9,609
75,1,0,1,24,2912880,4783,5820,9,610
76,7,0,7,18,2913660,4776,5820,9,617
77,6,0,8,17,2925660,4757,5820,9,623
78,4,0,4,21,2970720,4768,5820,9,627
79,7,0,7,18,2977800,4749,5820,9,634
80,13,0,17,8,2988600,4743,5820,8,647
81,8,0,13,12,3053460,4756,5820,8,655
82,7,0,6,19,3117060,4751,5820,8,662
83,11,0,14,11,3131340,4751,5820,8,673
84,11,0,16,9,3176640,4755,5820,8,684
85,11,0,14,11,3232140,4746,5820,8,695
86,11,0,17,8,3278580,4758,5820,8,706
87,8,0,16,9,3334380,4777,5820,8,714
88,9,0,13,12,3402060,4791,5820,8,723
89,11,0,14,11,3450720,4792,5820,7,734
90,10,0,13,12,3503100,4792,5820,7,744
91,11,0,14,11,3547080,4786,5820,7,755
92,9,0,11,14,3603900,4786,5820,7,764
93,3,0,9,16,3632040,4791,5820,7,767
94,5,0,7,18,3677400,4807,5820,7,772
95,9,0,10,15,3706440,4807,5820,7,781
96,9,0,12,13,3735720,4801,5820,7,790
97,4,0,8,17,3779640,4808,5820,7,794
98,2,0,3,22,3815640,4811,5820,7,796
99,10,0,10,15,3828960,4810,5820,7,806
100,9,0,14,11,3850980,4807,5820,7,815
101,6,0,11,14,3896100,4810,5820,7,821
102,5,0,7,18,3949800,4822,5820,7,826
103,8,0,11,14,3973380,4827,5820,6,834
104,10,0,15,10,4005240,4831,5820,6,844
105,9,0,15,10,4059180,4843,5820,6,853
106,7,0,11,14,4114860,4846,5820,6,860
107,9,0,10,15,4161780,4844,5820,6,869
108,16,0,17,8,4202640,4841,5820,6,885
109,14,0,19,6,4251660,4831,5820,6,899
110,8,0,17,8,4301640,4833,5820,6,907
111,11,0,13,12,4372500,4831,5820,6,918
112,10,0,13,12,4430280,4841,5820,6,928
113,13,0,9,16,4492920,4820,5820,6,941
114,8,0,13,12,4518240,4827,5820,6,949
115,8,0,13,12,4564740,4835,5820,6,957
116,8,0,11,14,4608060,4830,5820,6,965
117,11,0,15,10,4648440,4837,5820,5,976
118,2,0,6,19,4701120,4836,5820,5,978
119,10,0,7,18,4739100,4830,5820,5,988
120,5,0,7,18,4754460,4821,5820,5,993
121,7,0,8,17,4779600,4818,5820,5,1000
122,3,0,5,20,4805520,4815,5820,5,1003
123,8,0,9,16,4830840,4821,5820,5,1011
124,9,0,10,15,4859460,4811,5820,5,1020
125,8,0,12,13,4881420,4804,5820,5,1028
126,9,0,11,14,4932060,4807,5820,5,1037
127,9,0,12,13,4960920,4797,5820,5,1046
128,5,0,12,13,4998360,4810,5820,5,1051
129,11,0,14,11,5033160,4802,5820,5,1062
130,10,0,14,11,5080800,4802,5820,5,1072
131,7,0,14,11,5125800,4812,5820,5,1079
132,9,0,13,12,5187360,4825,5820,5,1088
133,16,0,21,4,5230440,4829,5820,5,1104
134,19,0,21,4,5306700,4815,5820,5,1123
135,9,0,19,6,5352840,4809,6180,5,1132
136,6,0,7,18,5455080,4823,6180,5,1138
137,9,0,9,16,5486400,4821,6180,5,1147
138,6,0,10,15,5517600,4827,6180,5,1153
139,10,0,12,13,5551320,4823,6180,5,1163
140,5,0,9,16,5594760,4827,6180,5,1168
141,5,0,5,20,5640120,4828,6180,5,1173
142,7,0,7,18,5655780,4821,6180,5,1180
143,9,0,10,15,5676180,4814,6180,5,1189
144,5,0,9,16,5704860,4814,6180,5,1194
145,7,0,9,16,5743500,4818,6180,5,1201
146,2,0,5,20,5775780,4821,6180,5,1203
147,6,0,7,18,5803500,4828,6180,5,1209
148,4,0,7,18,5818200,4824,6180,5,1213
149,9,0,13,12,5835360,4826,6180,5,1222
150,6,0,8,17,5897640,4834,6180,5,1228
151,11,0,14,11,5912400,4826,6180,4,1239
152,6,0,10,15,5963280,4828,6180,4,1245
153,11,0,13,12,5997720,4825,6180,4,1256
154,8,0,9,16,6050280,4820,6180,4,1264
155,15,0,16,9,6089700,4821,6180,4,1279
156,6,0,12,13,6137940,4821,6180,4,1285
157,15,0,18,7,6181380,4821,6180,4,1300
158,11,0,17,8,6237840,4820,6180,4,1311
159,10,0,13,12,6296820,4814,6180,4,1321
160,4,0,10,15,6335100,4817,6180,4,1325
161,13,0,13,12,6381420,4816,6180,4,1338
162,8,0,10,15,6418260,4804,6180,4,1346
163,5,0,4,21,6470580,4803,6180,4,1351
164,7,0,8,17,6488880,4806,6180,4,1358
165,10,0,14,11,6498120,4799,6180,4,1368
166,7,0,11,14,6550440,4802,6180,4,1375
167,5,0,8,17,6591420,4804,6180,4,1380
168,8,0,9,16,6631560,4808,6180,4,1388
169,4,0,7,18,6655920,4805,6180,4,1392
170,3,0,3,22,6687240,4804,6180,4,1395
171,3,0,4,21,6693960,4801,6180,4,1398
172,6,0,7,18,6706140,4800,6180,4,1404
173,8,0,10,15,6724440,4796,6180,4,1412
174,7,0,10,15,6759480,4797,6180,4,1419
175,6,0,9,16,6792240,4796,6180,4,1425
176,10,0,12,13,6832560,4801,6180,4,1435
177,10,0,15,10,6864060,4800,6180,4,1445
178,9,0,15,10,6906540,4799,6180,4,1454
179,10,0,12,13,6971820,4801,6180,4,1464
180,14,0,19,6,6996780,4795,6180,4,1478
181,15,0,18,7,7081620,4801,6180,4,1493
182,11,0,17,8,7135860,4798,6180,4,1504
183,11,0,14,11,7214160,4806,6180,4,1515
184,9,0,13,12,7262040,4806,6180,4,1524
185,12,0,17,8,7304340,4808,6180,4,1536
186,10,0,16,9,7351800,4805,6180,3,1546
187,8,0,14,11,7410240,4811,6180,3,1554
188,8,0,12,13,7459860,4812,6180,3,1562
189,1,0,4,21,7511400,4818,6180,3,1563
190,8,0,9,16,7526340,4818,6180,3,1571
191,6,0,9,16,7549200,4814,6180,3,1577
192,2,0,4,21,7583700,4815,6180,3,1579
193,1,0,2,23,7607280,4820,6180,3,1580
194,3,0,3,22,7621920,4824,6180,3,1583
195,4,0,6,19,7626840,4824,6180,3,1587
196,2,0,3,22,7648800,4822,6180,3,1589
197,7,0,8,17,7662660,4825,6180,3,1596
198,6,0,10,15,7680480,4824,6180,3,1602
199,12,0,17,8,7712340,4829,6180,3,1614
200,7,0,11,14,7771140,4826,6180,3,1621
201,5,0,9,16,7812060,4831,6180,3,1626
202,10,0,14,11,7835880,4830,6180,3,1636
203,7,0,12,13,7882500,4832,6180,3,1643
204,8,0,12,13,7926720,4836,6180,3,1651
205,9,0,12,13,7965360,4833,6180,3,1660
206,8,0,10,15,8012460,4832,6180,3,1668
207,10,0,11,14,8056620,4833,6180,3,1678
208,8,0,10,15,8102700,4834,6180,3,1686
209,8,0,15,10,8115360,4833,6180,3,1694
210,9,0,11,14,8183460,4836,6180,3,1703
211,4,0,8,17,8211000,4832,6180,3,1707
212,10,0,11,14,8233920,4826,6180,3,1717
213,3,0,6,19,8279700,4830,6180,3,1720
214,6,0,7,18,8301660,4829,6180,3,1726
215,5,0,8,17,8333220,4836,6180,3,1731
216,6,0,6,19,8363340,4831,6180,3,1737
217,5,0,8,17,8375220,4830,6180,3,1742
218,2,0,5,20,8403540,4832,6180,3,1744
219,4,0,3,22,8429040,4830,6180,3,1748
220,4,0,5,20,8437200,4829,6180,3,1752
221,4,0,6,19,8444940,4825,6180,3,1756
222,5,0,6,19,8463240,4822,6180,3,1761
223,14,0,15,10,8487660,4822,6180,3,1775
224,10,0,15,10,8532240,4820,6180,3,1785
225,11,0,16,9,8586000,4823,6180,3,1796
226,10,0,14,11,8637900,4820,6180,3,1806
227,13,0,18,7,8682480,4820,6180,3,1819
228,11,0,16,9,8745960,4821,6180,3,1830
229,8,0,13,12,8812680,4828,6180,3,1838
230,7,0,9,16,8865240,4828,6180,3,1845
231,6,0,10,15,8888460,4828,6180,3,1851
232,13,0,15,10,8927760,4828,6180,3,1864
233,4,0,8,17,8979960,4827,6180,3,1868
234,4,0,4,21,9011220,4823,6180,3,1872
235,7,0,8,17,9022980,4822,6180,3,1879
236,7,0,8,17,9050220,4819,6180,3,1886
237,6,0,8,17,9082920,4821,6180,3,1892
238,7,0,9,16,9107340,4818,6180,3,1899
239,10,0,14,11,9139440,4822,6180,3,1909
240,7,0,12,13,9189300,4826,6180,3,1916
241,3,0,5,20,9240180,4827,6180,3,1919
242,6,0,7,18,9265980,4831,6180,3,1925
243,2,0,3,22,9298080,4832,6180,3,1927
244,7,0,6,19,9309480,4828,6180,3,1934
245,8,0,7,18,9331200,4822,6180,3,1942
246,11,0,13,12,9346680,4817,6180,3,1953
247,2,0,4,21,9399300,4817,6180,3,1955
248,8,0,11,14,9405420,4818,6180,3,1963
249,11,0,14,11,9436860,4814,6180,3,1974
250,12,0,15,10,9495060,4817,6180,3,1986
251,14,0,21,4,9526260,4813,6180,3,2000
252,13,0,17,8,9612600,4815,6180,3,2013
253,14,0,19,6,9682500,4821,6180,3,2027
254,17,0,23,2,9740400,4819,6180,3,2044
255,12,0,20,5,9810780,4818,6180,3,2056
256,15,0,17,8,9895260,4817,6180,2,2071
257,5,0,12,13,9943740,4817,6180,2,2076
258,6,0,7,18,10004580,4821,6180,2,2082
259,7,0,9,16,10020420,4817,6180,2,2089
260,9,0,12,13,10053480,4819,6180,2,2098
261,6,0,11,14,10086480,4819,6180,2,2104
262,3,0,4,21,10140240,4821,6180,2,2107
263,4,0,4,21,10162680,4823,6180,2,2111
264,5,0,9,16,10162680,4823,6180,2,2116
265,3,0,5,20,10192500,4821,6180,2,2119
266,6,0,5,20,10224840,4823,6180,2,2125
267,5,0,6,19,10236840,4819,6180,2,2130
268,7,0,8,17,10253520,4816,6180,2,2137
269,12,0,16,9,10272240,4815,6180,2,2149
270,14,0,17,8,10325160,4811,6180,2,2163
271,6,0,11,14,10382340,4811,6180,2,2169
272,14,0,15,10,10443300,4817,6180,2,2183
273,5,0,11,14,10484460,4816,6180,2,2188
274,11,0,11,14,10539060,4816,6180,2,2199
275,9,0,9,16,10583340,4812,6180,2,2208
276,6,0,9,16,10608240,4810,6180,2,2214
277,3,0,6,19,10642980,4813,6180,2,2217
278,7,0,8,17,10670160,4815,6180,2,2224
279,10,0,14,11,10682640,4812,6180,2,2234
280,13,0,18,7,10721220,4809,6180,2,2247
281,7,0,10,15,10796520,4811,6180,2,2254
282,7,0,5,20,10853100,4810,6180,2,2261
283,9,0,10,15,10861560,4806,6180,2,2270
284,4,0,6,19,10898940,4805,6180,2,2274
285,8,0,9,16,10928880,4808,6180,2,2282
286,7,0,9,16,10948320,4801,6180,2,2289
287,6,0,6,19,10989540,4801,6180,2,2295
288,4,0,6,19,11006100,4799,6180,2,2299
289,13,0,11,14,11031780,4794,6180,2,2312
290,8,0,13,12,11063880,4795,6180,2,2320
291,4,0,8,17,11112960,4798,6180,2,2324
292,3,0,5,20,11145660,4800,6180,2,2327
293,7,0,9,16,11152980,4796,6180,2,2334
294,3,0,5,20,11193240,4799,6180,2,2337
295,9,0,10,15,11212440,4799,6180,2,2346
296,9,0,13,12,11234280,4796,6180,2,2355
297,14,0,19,6,11273340,4797,6180,2,2369
298,16,0,18,7,11338560,4790,6180,2,2385
299,8,0,14,11,11403720,4793,6180,2,2393
300,7,0,11,14,11457360,4795,6180,2,2400
301,8,0,11,14,11498220,4796,6180,2,2408
302,5,0,7,18,11540820,4796,6180,2,2413
303,12,0,14,11,11563920,4796,6180,2,2425
304,12,0,18,7,11589240,4790,6180,2,2437
305,8,0,14,11,11651880,4793,6180,2,2445
306,9,0,13,12,11711400,4797,6180,2,2454
307,6,0,8,17,11772480,4801,6180,2,2460
308,3,0,5,20,11796660,4799,6180,2,2463
309,12,0,12,13,11820840,4799,6180,2,2475
310,3,0,10,15,11838540,4796,6180,2,2478
311,6,0,9,16,11878680,4799,6180,2,2484
312,3,0,5,20,11912760,4799,6180,2,2487
313,5,0,5,20,11946480,4803,6180,2,2492
314,7,0,9,16,11954700,4801,6180,2,2499
315,4,0,6,19,11984760,4799,6180,2,2503
316,4,0,3,22,12006060,4794,6180,2,2507
317,3,0,3,22,12025740,4796,6180,2,2510
318,11,0,12,13,12032400,4795,6180,2,2521
319,3,0,11,14,12054960,4797,6180,2,2524
320,4,0,7,18,12101940,4800,6180,2,2528
321,14,0,16,9,12120360,4798,6180,2,2542
322,16,0,21,4,12160680,4793,6180,2,2558
323,11,0,19,6,12231000,4796,6180,2,2569
324,4,0,10,15,12302100,4799,6180,2,2573
325,17,0,16,9,12348660,4797,6180,2,2590
326,8,0,12,13,12411300,4799,6180,2,2598
327,12,0,15,10,12456240,4800,6180,2,2610
328,11,0,13,12,12517800,4799,6180,2,2621
329,7,0,14,11,12548520,4800,6180,2,2628
330,12,0,16,9,12600660,4802,6180,2,2640
331,6,0,10,15,12651900,4799,6180,2,2646
332,6,0,8,17,12698700,4802,6180,2,2652
333,8,0,9,16,12737820,4804,6180,2,2660
334,7,0,8,17,12771060,4802,6180,2,2667
335,2,0,6,19,12790440,4803,6180,2,2669
336,7,0,5,20,12822300,4800,6180,2,2676
337,4,0,3,22,12844140,4797,6180,2,2680
338,7,0,6,19,12856500,4795,6180,2,2687
339,6,0,7,18,12881760,4795,6180,2,2693
340,12,0,16,9,12900120,4797,6180,2,2705
341,14,0,21,4,12934260,4794,6180,2,2719
342,6,0,10,15,13013760,4793,6180,2,2725
343,9,0,9,16,13058940,4792,6180,2,2734
344,9,0,9,16,13093320,4789,6180,2,2743
345,12,0,12,13,13133160,4787,6180,2,2755
346,6,0,11,14,13160400,4785,6180,2,2761
347,12,0,13,12,13206480,4784,6180,2,2773
348,17,0,21,4,13244460,4783,6180,2,2790
349,15,0,20,5,13301700,4776,6180,2,2805
350,8,0,14,11,13370760,4776,6180,2,2813
351,10,0,12,13,13428480,4777,6180,2,2823
352,8,0,13,12,13465260,4778,6180,2,2831
353,11,0,14,11,13515360,4779,6180,2,2842
354,10,0,12,13,13568340,4777,6180,2,2852
355,10,0,11,14,13630500,4780,6180,2,2862
356,7,0,11,14,13659780,4779,6180,2,2869
357,16,0,16,9,13701840,4775,6180,2,2885
358,7,0,15,10,13737180,4774,6180,2,2892
359,5,0,8,17,13810740,4780,6180,2,2897
360,5,0,7,18,13836840,4779,6180,2,2902
361,3,0,7,18,13857180,4781,6180,2,2905
362,3,0,4,21,13892520,4783,6180,2,2908
363,4,0,6,19,13904460,4784,6180,2,2912
364,8,0,10,15,13921020,4783,6180,2,2920
365,7,0,10,15,13951380,4782,6180,2,2927
366,8,0,8,17,13991700,4780,6180,2,2935
367,9,0,12,13,14010420,4778,6180,2,2944
368,9,0,12,13,14056200,4779,6180,2,2953
369,9,0,8,17,14114280,4778,6180,2,2962
370,12,0,11,14,14151660,4776,6180,2,2974
371,12,0,14,11,14190540,4774,6180,2,2986
372,10,0,13,12,14236620,4772,6180,2,2996
373,12,0,18,7,14266800,4771,6180,2,3008
374,17,0,14,11,14356500,4768,6180,2,3025
375,16,0,22,3,14384040,4764,6180,2,3041
376,10,0,16,9,14467260,4766,6180,2,3051
377,7,0,9,16,14537280,4767,6180,2,3058
378,4,0,8,17,14569620,4770,6180,2,3062
379,8,0,11,14,14602920,4773,6180,2,3070
380,5,0,10,15,14630760,4773,6180,2,3075
381,6,0,8,17,14674020,4775,6180,2,3081
382,8,0,11,14,14701200,4776,6180,2,3089
383,5,0,8,17,14733360,4774,6180,1,3094
384,1,0,2,23,14772060,4775,6180,1,3095
385,5,0,5,20,14779740,4775,6180,1,3100
386,7,0,9,16,14787240,4773,6180,1,3107
387,5,0,4,21,14828160,4770,6180,1,3112
388,6,0,6,19,14844540,4770,6180,1,3118
389,8,0,9,16,14868780,4770,6180,1,3126
390,3,0,6,19,14897940,4770,6180,1,3129
391,6,0,8,17,14917140,4770,6180,1,3135
392,5,0,7,18,14943060,4769,6180,1,3140
393,4,0,4,21,14976180,4769,6180,1,3144
394,11,0,11,14,14980140,4764,6180,1,3155
395,15,0,18,7,15008160,4761,6180,1,3170
396,5,0,9,16,15077940,4762,6180,1,3175
397,11,0,13,12,15109200,4761,6180,1,3186
398,11,0,10,15,15168060,4759,6180,1,3197
399,12,0,18,7,15181080,4757,6180,1,3209
400,6,0,13,12,15247740,4761,6180,1,3215
401,10,0,11,14,15300780,4760,6180,1,3225
402,9,0,11,14,15346980,4761,6180,1,3234
403,11,0,16,9,15379680,4762,6180,1,3245
404,5,0,11,14,15436260,4765,6180,1,3250
405,9,0,13,12,15478860,4768,6180,1,3259
406,2,0,8,17,15512700,4768,6180,1,3261
407,2,0,5,20,15547920,4772,6180,1,3263
408,4,0,6,19,15566100,4773,6180,1,3267
409,3,0,6,19,15583380,4774,6180,1,3270
410,5,0,6,19,15605280,4773,6180,1,3275
411,5,0,5,20,15624540,4770,6180,1,3280
412,9,0,8,17,15642600,4767,6180,1,3289
413,7,0,11,14,15667200,4769,6180,1,3296
414,5,0,10,15,15702060,4771,6180,1,3301
415,2,0,6,19,15734520,4772,6180,1,3303
416,9,0,9,16,15766020,4773,6180,1,3312
417,7,0,10,15,15790920,4772,6180,1,3319
418,14,0,15,10,15833160,4771,6180,1,3333
419,6,0,11,14,15875160,4770,6180,1,3339
420,7,0,10,15,15912180,4769,6180,1,3346
421,9,0,12,13,15944220,4769,6180,1,3355
422,14,0,16,9,15997260,4771,6180,1,3369
423,9,0,14,11,16049340,4770,6180,1,3378
424,14,0,14,11,16117020,4771,6180,1,3392
425,6,0,9,16,16160160,4768,6180,1,3398
426,11,0,12,13,16198080,4768,6180,1,3409
427,6,0,12,13,16224780,4767,6180,1,3415
428,7,0,8,17,16283640,4769,6180,1,3422
429,11,0,16,9,16300500,4770,6180,1,3433
430,6,0,13,12,16344060,4770,6180,1,3439
431,7,0,10,15,16400340,4773,6180,1,3446
432,4,0,10,15,16436520,4778,6180,1,3450
433,12,0,14,11,16485660,4781,6180,1,3462
434,9,0,15,10,16521600,4780,6180,1,3471
435,4,0,5,20,16582140,4778,6180,1,3475
436,5,0,5,20,16609860,4779,6180,1,3480
437,6,0,7,18,16630320,4780,6180,1,3486
438,5,0,7,18,16653180,4779,6180,1,3491
439,9,0,11,14,16680840,4780,6180,1,3500
440,10,0,17,8,16698660,4780,6180,1,3510
441,10,0,10,15,16760640,4775,6180,1,3520
442,4,0,5,20,16803420,4775,6180,1,3524
443,9,0,11,14,16816680,4774,6180,1,3533
444,15,0,16,9,16845060,4769,6180,1,3548
445,3,0,9,16,16897440,4770,6180,1,3551
446,11,0,13,12,16941660,4773,6180,1,3562
447,15,0,21,4,16978200,4774,6180,1,3577
448,11,0,18,7,17049540,4775,6180,1,3588
449,10,0,13,12,17134260,4779,6180,1,3598
450,10,0,13,12,17173200,4776,6180,1,3608
451,5,0,10,15,17223960,4780,6180,1,3613
452,9,0,13,12,17256720,4781,6180,1,3622
453,5,0,11,14,17290980,4781,6180,1,3627
454,4,0,6,19,17346720,4785,6180,1,3631
455,7,0,6,19,17371800,4782,6180,1,3638
456,3,0,4,21,17398860,4783,6180,1,3641
457,7,0,8,17,17404920,4781,6180,1,3648
458,6,0,8,17,17440380,4783,6180,1,3654
459,6,0,9,16,17469660,4784,6180,1,3660
460,7,0,9,16,17497620,4783,6180,1,3667
461,9,0,10,15,17533860,4782,6180,1,3676
462,7,0,12,13,17549940,4780,6180,1,3683
463,8,0,9,16,17611740,4783,6180,1,3691
464,9,0,12,13,17641980,4783,6180,1,3700
465,10,0,10,15,17692560,4781,6180,1,3710
466,8,0,12,13,17725500,4782,6180,1,3718
467,13,0,17,8,17771220,4784,6180,1,3731
468,7,0,13,12,17831700,4787,6180,1,3738
469,12,0,14,11,17881080,4786,6180,1,3750
470,12,0,18,7,17916060,4785,6180,1,3762
471,10,0,15,10,17993280,4789,6180,1,3772
472,5,0,8,17,18056760,4790,6180,1,3777
473,13,0,16,9,18081180,4790,6180,1,3790
474,11,0,16,9,18124020,4788,6180,1,3801
475,6,0,12,13,18185100,4791,6180,1,3807
476,8,0,7,18,18253140,4793,6180,1,3815
477,4,0,8,17,18270840,4794,6180,1,3819
478,4,0,5,20,18299160,4792,6180,1,3823
479,3,0,5,20,18317040,4793,6180,1,3826
480,3,0,3,22,18333660,4791,6180,1,3829
481,5,0,6,19,18349800,4793,6180,1,3834
482,5,0,7,18,18361080,4791,6180,1,3839
483,5,0,7,18,18386580,4791,6180,1,3844
484,2,0,3,22,18417000,4792,6180,1,3846
485,4,0,6,19,18419640,4791,6180,1,3850
486,3,0,7,18,18440160,4794,6180,1,3853
487,9,0,11,14,18462240,4794,6180,1,3862
488,14,0,14,11,18514020,4793,6180,1,3876
489,7,0,14,11,18541260,4792,6180,1,3883
490,9,0,12,13,18604140,4794,6180,1,3892
491,10,0,10,15,18665940,4795,6180,1,3902
492,15,0,18,7,18689220,4793,6180,1,3917
493,16,0,21,4,18751260,4793,6180,1,3933
494,11,0,17,8,18817500,4791,6180,1,3944
495,12,0,14,11,18900180,4794,6180,1,3956
496,12,0,14,11,18952080,4793,6180,1,3968
497,9,0,16,9,18987540,4793,6180,1,3977
498,7,0,12,13,19051320,4796,6180,1,3984
499,10,0,10,15,19108200,4796,6180,1,3994
500,7,0,13,12,19128600,4796,6180,1,4001
501,3,0,8,17,19172640,4797,6180,1,4004
502,5,0,4,21,19222680,4799,6180,1,4009
503,5,0,7,18,19228800,4798,6180,1,4014
504,4,0,5,20,19253880,4797,6180,1,4018
505,7,0,9,16,19273920,4799,6180,1,4025
506,6,0,10,15,19296480,4798,6180,1,4031
507,4,0,7,18,19337520,4800,6180,1,4035
508,3,0,3,22,19369920,4800,6180,1,4038
509,5,0,5,20,19375920,4798,6180,1,4043
510,5,0,4,21,19401180,4797,6180,1,4048
511,9,0,9,16,19414140,4795,6180,1,4057
512,7,0,12,13,19430820,4795,6180,1,4064
513,5,0,10,15,19469580,4796,6180,1,4069
514,7,0,10,15,19510320,4798,6180,1,4076
515,16,0,19,6,19543800,4798,6180,1,4092
516,11,0,18,7,19596540,4797,6180,1,4103
517,16,0,20,5,19663260,4797,6180,1,4119
518,10,0,18,7,19714320,4795,6180,1,4129
519,11,0,16,9,19786080,4797,6180,1,4140
520,11,0,15,10,19855320,4800,6180,1,4151
521,12,0,11,14,19935240,4801,6180,1,4163
522,9,0,10,15,19974780,4799,6180,1,4172
523,10,0,9,16,20015100,4796,6180,1,4182
524,5,0,8,17,20039100,4795,6180,1,4187
525,6,0,8,17,20071440,4796,6180,1,4193
526,9,0,12,13,20099460,4797,6180,1,4202
527,4,0,7,18,20138280,4795,6180,1,4206
528,5,0,7,18,20165640,4796,6180,1,4211
529,3,0,6,19,20183580,4796,6180,1,4214
530,5,0,4,21,20218680,4796,6180,1,4219
531,5,0,5,20,20232240,4795,6180,1,4224
532,7,0,5,20,20257140,4793,6180,1,4231
533,9,0,13,12,20263920,4793,6180,1,4240
534,7,0,9,16,20301600,4790,6180,1,4247
535,11,0,12,13,20334240,4789,6180,1,4258
536,5,0,9,16,20376720,4790,6180,1,4263
537,5,0,10,15,20401860,4791,6180,1,4268
538,11,0,11,14,20442900,4789,6180,1,4279
539,6,0,11,14,20469660,4789,6180,1,4285
540,15,0,16,9,20520000,4789,6180,1,4300
541,8,0,13,12,20573460,4790,6180,1,4308
542,8,0,11,14,20619840,4789,6180,1,4316
543,13,0,12,13,20668080,4787,6180,1,4329
544,8,0,10,15,20707800,4785,6180,1,4337
545,7,0,12,13,20733780,4786,6180,1,4344
546,13,0,17,8,20775120,4786,6180,1,4357
547,9,0,15,10,20837580,4789,6180,1,4366
548,11,0,14,11,20895960,4789,6180,1,4377
549,8,0,14,11,20939820,4790,6180,1,4385
550,4,0,9,16,20984640,4791,6180,1,4389
551,5,0,5,20,21033660,4792,6180,1,4394
552,4,0,4,21,21051840,4791,6180,1,4398
553,4,0,7,18,21055020,4790,6180,1,4402
554,4,0,6,19,21083160,4791,6180,1,4406
555,6,0,9,16,21103380,4792,6180,1,4412
556,6,0,7,18,21141300,4792,6180,1,4418
557,9,0,8,17,21166020,4789,6180,1,4427
558,5,0,8,17,21189000,4789,6180,1,4432
559,8,0,7,18,21220020,4786,6180,1,4440
560,13,0,11,14,21254460,4784,6180,1,4453
561,11,0,15,10,21282240,4783,6180,1,4464
562,4,0,9,16,21333120,4784,6180,1,4468
563,12,0,16,9,21363720,4785,6180,1,4480
564,16,0,22,3,21417240,4787,6180,1,4496
565,10,0,21,4,21469920,4787,6180,1,4506
566,11,0,16,9,21569940,4792,6180,1,4517
567,10,0,14,11,21632940,4793,6180,1,4527
568,8,0,12,13,21685860,4794,6180,1,4535
569,8,0,11,14,21728640,4794,6180,1,4543
570,12,0,15,10,21762780,4793,6180,1,4555
571,5,0,12,13,21807060,4794,6180,1,4560
572,12,0,16,9,21862320,4798,6180,1,4572
573,4,0,9,16,21919200,4799,6180,1,4576
574,7,0,9,16,21951300,4799,6180,1,4583
575,4,0,8,17,21980400,4800,6180,1,4587
576,5,0,7,18,22011000,4800,6180,1,4592
577,5,0,7,18,22030620,4799,6180,1,4597
578,6,0,8,17,22050420,4798,6180,1,4603
579,6,0,8,17,22077720,4798,6180,1,4609
580,3,0,4,21,22105500,4797,6180,1,4612
581,10,0,10,15,22124100,4797,6180,1,4622
582,6,0,11,14,22146600,4796,6180,1,4628
583,10,0,8,17,22199220,4794,6180,1,4638
584,11,0,17,8,22209660,4794,6180,1,4649
585,8,0,12,13,22277820,4796,6180,1,4657
586,6,0,8,17,22324740,4795,6180,1,4663
587,10,0,11,14,22352700,4794,6180,1,4673
588,12,0,13,12,22395360,4793,6180,1,4685
589,15,0,18,7,22434780,4791,6180,1,4700
590,10,0,15,10,22501080,4792,6180,1,4710
591,12,0,16,9,22562100,4794,6180,1,4722
592,10,0,16,9,22609500,4794,6180,1,4732
593,7,0,12,13,22669620,4795,6180,1,4739
594,9,0,12,13,22708620,4794,6180,1,4748
595,6,0,10,15,22744020,4794,6180,1,4754
596,8,0,9,16,22786380,4794,6180,1,4762
597,8,0,13,12,22809840,4795,6180,1,4770
598,3,0,10,15,22846740,4796,6180,1,4773
599,2,0,3,22,22897200,4798,6180,1,4775
600,4,0,5,20,22908780,4798,6180,1,4779
601,4,0,4,21,22930140,4798,6180,1,4783
602,5,0,6,19,22946040,4798,6180,1,4788
603,2,0,3,22,22968600,4798,6180,1,4790
604,7,0,8,17,22982340,4798,6180,1,4797
605,4,0,10,15,22993380,4799,6180,1,4801
606,7,0,6,19,23040060,4798,6180,1,4808
607,7,0,9,16,23062320,4798,6180,1,4815
608,11,0,13,12,23081400,4795,6180,1,4826
609,8,0,15,10,23108580,4795,6180,1,4834
610,10,0,12,13,23175540,4796,6180,1,4844
611,13,0,18,7,23207280,4795,6180,1,4857
612,15,0,15,10,23275920,4792,6180,1,4872
613,9,0,12,13,23328000,4791,6180,1,4881
614,9,0,9,16,23382300,4790,6180,1,4890
615,8,0,9,16,23421300,4790,6180,1,4898
616,10,0,11,14,23446020,4787,6180,1,4908
617,9,0,10,15,23491740,4787,6180,1,4917
618,12,0,15,10,23521140,4786,6180,1,4929
619,11,0,16,9,23560200,4784,6180,1,4940
620,7,0,11,14,23618100,4784,6180,1,4947
621,5,0,6,19,23674440,4786,6180,1,4952
622,7,0,9,16,23690220,4785,6180,1,4959
623,8,0,7,18,23734440,4785,6180,1,4967
624,6,0,10,15,23747640,4784,6180,1,4973
625,5,0,8,17,23782860,4785,6180,1,4978
626,5,0,6,19,23822100,4786,6180,1,4983
627,6,0,7,18,23843220,4785,6180,1,4989
628,5,0,6,19,23865720,4784,6180,1,4994
629,6,0,9,16,23881440,4784,6180,1,5000
630,9,0,13,12,23904000,4784,6180,1,5009
631,12,0,14,11,23947800,4782,6180,1,5021
632,7,0,11,14,23987460,4781,6180,1,5028
633,9,0,9,16,24040800,4781,6180,1,5037
634,10,0,10,15,24076740,4779,6180,1,5047
635,9,0,10,15,24120720,4780,6180,1,5056
636,15,0,21,4,24139200,4780,6180,1,5071
637,10,0,18,7,24199440,4779,6180,1,5081
638,8,0,14,11,24256320,4779,6180,1,5089
639,12,0,13,12,24328320,4781,6180,1,5101
640,7,0,10,15,24372720,4780,6180,1,5108
641,11,0,13,12,24416040,4781,6180,1,5119
642,5,0,12,13,24451740,4783,6180,1,5124
643,7,0,11,14,24497940,4784,6180,1,5131
644,5,0,10,15,24523680,4784,6180,1,5136
645,12,0,15,10,24571560,4786,6180,1,5148
646,9,0,10,15,24624300,4784,6180,1,5157
647,6,0,12,13,24647160,4784,6180,1,5163
648,7,0,12,13,24679920,4784,6180,1,5170
649,4,0,8,17,24733920,4787,6180,1,5174
650,4,0,6,19,24762480,4787,6180,1,5178
651,6,0,7,18,24791040,4788,6180,1,5184
652,5,0,6,19,24819660,4788,6180,1,5189
653,6,0,10,15,24833400,4789,6180,1,5195
654,5,0,10,15,24861120,4790,6180,1,5200
655,5,0,8,17,24895020,4790,6180,1,5205
656,9,0,11,14,24926760,4790,6180,1,5214
657,13,0,13,12,24972600,4789,6180,1,5227
658,14,0,15,10,25020660,4787,6180,1,5241
659,3,0,8,17,25063980,4786,6180,1,5244
660,12,0,13,12,25104060,4788,6180,1,5256
661,9,0,12,13,25140540,4785,6180,1,5265
662,9,0,9,16,25190940,4784,6180,1,5274
663,8,0,10,15,25221240,4783,6180,1,5282
664,7,0,9,16,25257300,4783,6180,1,5289
665,11,0,13,12,25287000,4782,6180,1,5300
666,13,0,14,11,25338180,4781,6180,1,5313
667,12,0,19,6,25372260,4781,6180,1,5325
668,11,0,17,8,25432860,4781,6180,1,5336
669,12,0,16,9,25497000,4781,6180,1,5348
670,0,0,8,17,25541640,4783,6180,1,5348
671,6,0,7,18,25591620,4786,6180,1,5354
672,9,0,12,13,25618980,4787,6180,1,5363
673,5,0,16,9,25619700,4786,6180,1,5368
674,3,0,18,7,25621980,4786,6180,1,5371
675,5,0,16,9,25656720,4786,6180,1,5376
676,3,0,16,9,25674840,4787,6180,1,5379
677,5,0,15,10,25699140,4786,6180,1,5384
678,7,0,19,6,25708560,4785,6180,1,5391
679,14,2,25,0,25731540,4784,6900,1,5405
680,10,2,25,0,25778940,4784,12600,2,5415
681,4,0,21,4,25827000,4784,13140,2,5419
682,8,0,19,6,25874940,4784,13140,2,5427
683,6,0,20,5,25895880,4784,13140,2,5433
684,9,0,20,5,25931340,4782,13140,2,5442
685,9,0,21,4,25963080,4781,13140,2,5451
686,11,0,22,3,25997580,4778,13620,2,5462
687,9,0,23,2,26032620,4778,13620,2,5471
688,16,5,25,0,26069520,4777,14820,2,5487
689,6,0,24,1,26124900,4776,28320,5,5493
690,7,0,20,5,26174280,4776,28320,5,5500
691,5,0,17,8,26207160,4775,28320,5,5505
692,9,0,20,5,26239440,4776,28320,5,5514
693,9,2,25,0,26250120,4776,28800,5,5523
694,4,0,17,8,26315760,4776,30480,5,5527
695,7,0,18,7,26340660,4775,30480,5,5534
696,4,0,18,7,26361900,4775,30480,5,5538
697,5,0,18,7,26388540,4776,30480,5,5543
698,6,0,17,8,26421480,4776,30480,5,5549
699,6,0,21,4,26424360,4774,30480,5,5555
700,4,0,17,8,26463660,4775,30480,5,5559
701,8,0,21,4,26483580,4775,30480,5,5567
702,5,0,17,8,26526420,4775,30480,5,5572
703,5,0,19,6,26535840,4774,30480,5,5577
704,8,0,18,7,26578920,4774,30480,5,5585
705,4,0,18,7,26606640,4775,30480,5,5589
706,8,0,21,4,26628780,4775,30480,5,5597
707,7,0,19,6,26674080,4776,30480,5,5604
708,11,0,24,1,26703960,4776,30480,5,5615
709,9,0,24,1,26748240,4776,32400,5,5624
710,10,3,25,0,26777160,4776,32520,5,5634
711,9,0,24,1,26844780,4777,35220,6,5643
712,14,2,25,0,26897040,4777,35880,6,5657
713,11,5,25,0,26934840,4777,39180,6,5668
714,4,1,25,0,26980740,4778,58260,10,5672
715,5,0,18,7,27043920,4778,65880,11,5677
716,11,0,24,1,27066060,4778,65880,11,5688
717,3,0,16,9,27118620,4778,65880,11,5691
718,3,0,13,12,27147660,4778,65880,11,5694
719,6,0,16,9,27157620,4777,65880,11,5700
720,7,0,18,7,27174480,4776,65880,11,5707
721,4,0,20,5,27184380,4776,65880,11,5711
722,3,0,16,9,27223680,4777,65880,11,5714
723,5,0,16,9,27241020,4776,65880,11,5719
724,10,0,20,5,27265680,4775,65880,11,5729
725,7,0,19,6,27297060,4774,65880,11,5736
726,9,0,22,3,27325740,4774,65880,11,5745
727,11,2,25,0,27358740,4775,68160,11,5756
728,7,0,22,3,27416280,4775,70200,12,5763
729,7,0,21,4,27462240,4776,70200,12,5770
730,8,0,21,4,27500400,4776,70200,12,5778
731,8,0,19,6,27551700,4777,70200,12,5786
732,7,0,21,4,27566160,4775,70200,12,5793
733,14,0,24,1,27603960,4773,70200,12,5807
734,12,1,25,0,27641880,4771,70200,12,5819
735,4,0,22,3,27687060,4772,71940,12,5823
736,3,0,15,10,27741840,4774,71940,12,5826
737,11,0,20,5,27759060,4772,71940,12,5837
738,11,0,25,0,27782220,4771,72300,12,5848
739,9,0,23,2,27835500,4771,72480,12,5857
740,5,0,21,4,27871260,4771,72480,12,5862
741,10,0,25,0,27912420,4773,72600,12,5872
742,6,0,24,1,27947700,4774,72900,12,5878
743,7,0,20,5,28002540,4774,72900,12,5885
744,3,0,16,9,28040880,4775,72900,12,5888
745,9,0,20,5,28059780,4774,72900,12,5897
746,9,0,21,4,28090560,4773,72900,12,5906
747,10,0,22,3,28123440,4771,72900,12,5916
748,9,0,21,4,28169400,4771,73080,12,5925
749,4,0,18,7,28208340,4772,73080,12,5929
750,13,0,25,0,28227720,4770,73080,12,5942
751,6,0,18,7,28272060,4767,73080,12,5948
752,7,0,21,4,28293720,4768,73080,12,5955
753,9,0,22,3,28336500,4768,73080,12,5964
754,10,0,25,0,28363680,4767,78780,13,5974
755,11,0,23,2,28426380,4767,79800,13,5985
756,11,2,25,0,28456920,4767,79800,13,5996
757,11,5,25,0,28503780,4768,88440,14,6007
758,9,4,25,0,28560540,4770,97620,16,6016
759,10,5,25,0,28606440,4770,103980,17,6026
760,11,7,25,0,28654500,4771,110520,18,6037
761,7,4,25,0,28712580,4773,140760,23,6044
762,11,0,24,1,28765140,4769,172320,28,6055
763,6,0,21,4,28811880,4770,172320,28,6061
764,5,0,20,5,28846800,4771,172320,28,6066
765,6,0,22,3,28873860,4772,172320,28,6072
766,5,0,18,7,28918320,4772,172320,28,6077
767,4,0,16,9,28954380,4774,172320,28,6081
768,6,0,18,7,28972200,4773,172320,28,6087
769,6,0,20,5,28990560,4773,172320,28,6093
770,7,0,19,6,29028180,4773,172320,28,6100
771,6,0,19,6,29056200,4773,172320,28,6106
772,1,0,14,11,29088180,4774,172320,28,6107
773,6,0,17,8,29104620,4774,172320,28,6113
774,8,0,22,3,29115360,4773,172320,28,6121
775,10,0,22,3,29165940,4774,172320,28,6131
776,15,4,25,0,29195880,4772,173460,28,6146
777,13,8,25,0,29239320,4772,184440,29,6159
778,7,5,25,0,29295000,4774,201660,32,6166
779,10,5,25,0,29350680,4775,215340,34,6176
780,12,8,25,0,29396940,4776,230340,37,6188
781,11,10,25,0,29450880,4777,245640,39,6199
782,10,16,25,0,29474760,4778,254760,41,6209
783,13,16,25,0,29555820,4781,271440,43,6222
784,10,18,25,0,29596800,4782,285480,45,6232
785,10,18,25,0,29657220,4784,302160,48,6242
786,10,24,25,0,29679780,4784,307080,49,6252
787,9,24,25,0,29742900,4787,332460,53,6261
788,10,27,25,0,29789040,4790,340140,54,6271
789,9,26,25,0,29847600,4791,356280,56,6280
790,8,24,25,0,29901960,4792,373140,59,6288
791,8,21,25,0,29952120,4792,452100,71,6296
792,4,11,25,0,30015480,4791,788040,125,6300
793,5,0,19,6,30060120,4782,1129620,179,6305
794,12,0,23,2,30099540,4782,1129740,178,6317
795,8,0,24,1,30129540,4781,1129740,178,6325
796,7,0,21,4,30183120,4782,1129740,178,6332
797,7,0,24,1,30201780,4782,1129740,178,6339
798,7,0,19,6,30268920,4784,1129740,178,6346
799,3,0,18,7,30289560,4784,1129740,177,6349
800,13,0,24,1,30319440,4783,1129740,177,6362
801,3,0,21,4,30341400,4782,1129740,177,6365
802,11,0,21,4,30399240,4783,1129740,177,6376
803,12,3,25,0,30423480,4783,1132080,177,6388
804,9,0,25,0,30484980,4784,1145280,179,6397
805,15,5,25,0,30521040,4782,1147980,179,6412
806,15,10,25,0,30579420,4784,1160340,180,6427
807,9,13,25,0,30615600,4785,1174680,182,6436
808,10,13,25,0,30667440,4785,1200480,186,6446
809,9,9,25,0,30726300,4785,1211100,187,6455
810,8,8,25,0,30776220,4786,1234320,190,6463
811,6,0,23,2,30830160,4782,1348680,208,6469
812,9,0,20,5,30877200,4781,1348680,208,6478
813,5,0,18,7,30907020,4780,1348680,208,6483
814,8,0,19,6,30940260,4780,1348680,207,6491
815,8,0,21,4,30971760,4781,1348680,207,6499
816,7,0,23,2,30996600,4781,1348680,207,6506
817,1,0,18,7,31036680,4782,1348680,207,6507
818,9,0,19,6,31074540,4782,1348680,206,6516
819,3,0,18,7,31091100,4782,1348680,206,6519
820,5,0,17,8,31123380,4783,1348680,206,6524
821,8,0,19,6,31143720,4781,1348680,206,6532
822,7,0,20,5,31177620,4782,1348680,206,6539
823,10,0,25,0,31205280,4783,1348680,205,6549
824,11,3,25,0,31247820,4783,1354680,206,6560
825,10,4,25,0,31295520,4784,1362420,207,6570
826,10,5,25,0,31348920,4786,1369680,208,6580
827,12,8,25,0,31400340,4787,1374900,208,6592
828,14,11,25,0,31452180,4787,1387440,210,6606
829,13,15,25,0,31496760,4787,1406880,212,6619
830,8,12,25,0,31550640,4787,1440780,217,6627
831,5,0,25,0,31611000,4784,1584180,238,6632
832,10,0,20,5,31646340,4778,1584180,238,6642
833,6,0,20,5,31673820,4778,1584180,238,6648
834,8,0,21,4,31702200,4778,1584180,238,6656
835,7,0,22,3,31730700,4778,1584180,237,6663
836,3,0,18,7,31770060,4778,1584180,237,6666
837,6,0,17,8,31800360,4778,1584180,237,6672
838,7,0,20,5,31821960,4778,1584180,237,6679
839,5,0,20,5,31844280,4778,1584180,237,6684
840,3,0,17,8,31886220,4780,1584180,236,6687
841,5,0,18,7,31906020,4780,1584180,236,6692
842,4,0,15,10,31946760,4781,1584180,236,6696
843,5,0,18,7,31957500,4781,1584180,236,6701
844,7,0,21,4,31979400,4782,1584180,236,6708
845,6,0,21,4,32014380,4783,1584180,235,6714
846,4,0,17,8,32053680,4783,1584180,235,6718
847,7,0,20,5,32076840,4784,1584180,235,6725
848,10,0,25,0,32100180,4783,1584480,235,6735
849,10,0,25,0,32147820,4783,1587540,235,6745
850,7,0,22,3,32191500,4783,1589220,235,6752
851,9,0,23,2,32238180,4784,1589220,235,6761
852,11,0,21,4,32286480,4782,1589220,234,6772
853,12,3,25,0,32309100,4782,1589880,234,6784
854,9,0,25,0,32367540,4782,1595820,234,6793
855,12,0,25,0,32423400,4782,1597020,234,6805
856,8,0,21,4,32474400,4781,1597020,234,6813
857,10,0,23,2,32506980,4780,1597020,234,6823
858,7,0,24,1,32534700,4780,1597020,233,6830
859,10,0,25,0,32579040,4780,1597020,233,6840
860,6,0,19,6,32636820,4780,1597020,233,6846
861,8,0,20,5,32668800,4780,1597260,233,6854
862,5,0,16,9,32704260,4779,1597260,232,6859
863,6,0,16,9,32737500,4779,1597260,232,6865
864,5,0,18,7,32746560,4779,1597260,232,6870
865,2,0,15,10,32776260,4779,1597260,232,6872
866,11,0,21,4,32796540,4779,1597260,232,6883
867,1,0,14,11,32820000,4777,1597260,232,6884
868,4,0,17,8,32825820,4777,1597260,231,6888
869,6,0,17,8,32848740,4776,1597260,231,6894
870,4,0,17,8,32872680,4777,1597260,231,6898
871,11,0,21,4,32897460,4776,1597260,231,6909
872,13,4,25,0,32919480,4775,1598640,231,6922
873,17,9,25,0,32978340,4776,1606140,231,6939
874,9,10,25,0,33021480,4776,1616280,232,6948
875,7,4,25,0,33082020,4776,1655220,237,6955
876,9,5,25,0,33125340,4777,1672380,240,6964
877,14,10,25,0,33172740,4777,1677360,240,6978
878,10,12,25,0,33222900,4779,1685340,241,6988
879,11,14,25,0,33273180,4780,1706100,243,6999
880,5,9,25,0,33330240,4781,1760220,251,7004
881,9,6,25,0,33384660,4781,1846320,263,7013
882,13,2,25,0,33430680,4776,1901400,270,7026
883,3,0,18,7,33481320,4775,1906260,271,7029
884,7,0,18,7,33521220,4776,1906260,270,7036
885,5,0,18,7,33544200,4776,1906260,270,7041
886,9,0,20,5,33572100,4775,1906260,270,7050
887,5,0,19,6,33596340,4774,1906260,270,7055
888,5,0,19,6,33628860,4776,1906260,270,7060
889,7,0,18,7,33661920,4775,1906260,269,7067
890,6,0,17,8,33693480,4775,1906260,269,7073
891,4,0,15,10,33720600,4774,1906260,269,7077
892,10,0,20,5,33739140,4774,1906260,268,7087
893,6,0,22,3,33751380,4773,1906260,268,7093
894,7,0,22,3,33789120,4773,1906260,268,7100
895,9,0,25,0,33827820,4775,1907700,268,7109
896,5,0,21,4,33876420,4776,1907760,268,7114
897,7,0,18,7,33929520,4776,1907760,267,7121
898,11,0,20,5,33960600,4775,1907760,267,7132
899,14,3,25,0,33980160,4773,1912080,267,7146
900,14,8,25,0,34030620,4774,1916340,267,7160
901,13,12,25,0,34083060,4776,1930020,269,7173
902,11,12,25,0,34130760,4775,1952280,271,7184
903,15,16,25,0,34188360,4776,1967460,273,7199
904,10,15,25,0,34244160,4776,1976040,274,7209
905,7,13,25,0,34293780,4777,1994220,276,7216
906,6,7,25,0,34350000,4777,2117100,293,7222
907,6,0,16,9,34401060,4769,2209200,305,7228
908,11,0,20,5,34425180,4768,2209200,305,7239
909,9,0,23,2,34452840,4768,2209200,304,7248
910,1,0,19,6,34477140,4768,2209200,304,7249
911,3,0,14,11,34526880,4770,2209200,304,7252
912,12,0,22,3,34532160,4768,2209200,304,7264
913,3,0,20,5,34557420,4768,2209200,304,7267
914,3,0,15,10,34603320,4769,2209200,303,7270
915,4,0,16,9,34620900,4770,2209200,303,7274
916,8,0,22,3,34630560,4770,2209200,303,7282
917,4,0,19,6,34671060,4771,2209200,303,7286
918,8,0,18,7,34710600,4770,2209200,302,7294
919,3,0,15,10,34740780,4770,2209200,302,7297
920,9,0,19,6,34762680,4770,2209200,302,7306
921,16,0,24,1,34798200,4768,2211900,302,7322
922,9,0,23,2,34837560,4767,2213640,301,7331
923,13,0,24,1,34887240,4766,2214300,301,7344
924,8,0,21,4,34930740,4764,2214300,301,7352
925,11,0,24,1,34970040,4764,2214300,300,7363
926,12,4,25,0,35006400,4765,2217540,300,7375
927,12,4,25,0,35067300,4765,2236860,302,7387
928,6,0,21,4,35120880,4764,2240460,303,7393
929,11,0,25,0,35148420,4763,2240460,302,7404
930,5,0,20,5,35191200,4762,2240460,302,7409
931,7,0,23,2,35215620,4763,2240460,302,7416
932,9,0,22,3,35266860,4763,2240460,301,7425
933,6,0,20,5,35304780,4763,2240460,301,7431
934,4,0,19,6,35334900,4764,2240460,301,7435
935,3,0,15,10,35372880,4765,2240460,301,7438
936,2,0,14,11,35393160,4766,2240460,301,7440
937,1,0,12,13,35410200,4766,2240460,301,7441
938,2,0,14,11,35410200,4766,2240460,301,7443
939,4,0,16,9,35421780,4766,2240460,300,7447
940,6,0,19,6,35433660,4766,2240460,300,7453
941,5,0,22,3,35443680,4766,2240460,300,7458
942,8,0,19,6,35509020,4768,2240580,300,7466
943,4,0,19,6,35529480,4768,2240580,299,7470
944,11,0,23,2,35572080,4769,2240580,299,7481
945,9,0,25,0,35603880,4769,2241300,299,7490
946,9,1,25,0,35648400,4770,2244720,299,7499
947,7,0,23,2,35693820,4769,2248320,299,7506
948,12,0,25,0,35743800,4770,2248500,299,7518
949,16,6,25,0,35795220,4770,2253060,299,7534
950,11,11,25,0,35828100,4771,2258520,299,7545
951,6,8,25,0,35883900,4773,2276460,301,7551
952,8,6,25,0,35933220,4773,2313180,306,7559
953,9,5,25,0,35988660,4774,2319480,306,7568
954,9,4,25,0,36034260,4774,2358960,311,7577
955,9,1,25,0,36093780,4774,2365020,311,7586
956,6,0,21,4,36140880,4773,2366340,311,7592
957,6,0,19,6,36188760,4774,2366340,311,7598
958,5,0,18,7,36212220,4774,2366340,311,7603
959,8,0,19,6,36239100,4773,2366340,310,7611
960,3,0,18,7,36257040,4773,2366340,310,7614
961,6,0,18,7,36294780,4774,2366340,310,7620
962,7,0,20,5,36314160,4773,2366340,310,7627
963,8,0,19,6,36343440,4771,2366340,309,7635
964,7,0,19,6,36367500,4770,2366340,309,7642
965,5,0,18,7,36400620,4771,2366340,309,7647
966,9,0,22,3,36425520,4771,2366340,309,7656
967,3,0,17,8,36461520,4771,2366340,308,7659
968,5,0,17,8,36483720,4770,2366340,308,7664
969,8,0,20,5,36503820,4770,2366340,308,7672
970,14,6,25,0,36518160,4770,2367060,308,7686
971,11,9,25,0,36563820,4771,2380380,309,7697
972,9,9,25,0,36619980,4773,2401380,311,7706
973,9,7,25,0,36681420,4774,2427240,314,7715
974,9,4,25,0,36728040,4772,2457720,318,7724
975,7,0,20,5,36778380,4769,2482260,321,7731
976,11,0,24,1,36811260,4769,2482260,320,7742
977,8,0,22,3,36851760,4768,2482260,320,7750
978,7,0,19,6,36895380,4768,2482260,320,7757
979,5,0,21,4,36907920,4767,2482260,319,7762
980,7,0,19,6,36955620,4768,2482260,319,7769
981,7,0,21,4,36977700,4768,2482260,319,7776
982,7,0,19,6,37020900,4768,2482260,318,7783
983,6,0,19,6,37049160,4768,2482260,318,7789
984,7,0,20,5,37073520,4767,2482260,318,7796
985,7,0,21,4,37098960,4767,2482260,318,7803
986,8,0,21,4,37134780,4766,2482260,317,7811
987,8,0,20,5,37179540,4767,2482260,317,7819
988,7,0,21,4,37208580,4767,2482260,317,7826
989,4,0,18,7,37246920,4767,2482260,317,7830
990,6,0,18,7,37281600,4768,2482260,316,7836
991,12,0,24,1,37303140,4767,2482260,316,7848
992,7,1,25,0,37328820,4768,2484480,316,7855
993,8,0,23,2,37381560,4768,2484900,316,7863
994,10,0,23,2,37433880,4768,2484900,315,7873
995,12,3,25,0,37466040,4768,2487840,315,7885
996,10,4,25,0,37514220,4769,2494140,315,7895
997,11,4,25,0,37578240,4770,2508420,317,7906
998,8,2,25,0,37632420,4771,2522520,318,7914
999,11,0,22,3,37688880,4768,2529780,319,7925
1000,9,0,25,0,37714500,4768,2531460,319,7934
1001,14,5,25,0,37759260,4768,2535600,319,7948
1002,8,1,25,0,37819140,4769,2549040,320,7956
1003,15,1,25,0,37872720,4766,2554080,320,7971
1004,8,2,25,0,37906620,4766,2558040,320,7979
1005,10,1,25,0,37968060,4768,2562360,320,7989
1006,2,0,15,10,38020200,4766,2564880,320,7991
1007,5,0,15,10,38049780,4767,2564880,320,7996
1008,5,0,17,8,38057700,4766,2564880,320,8001
1009,2,0,18,7,38065740,4767,2564880,320,8003
1010,7,0,19,6,38096580,4767,2564880,320,8010
1011,11,0,25,0,38116740,4766,2565300,319,8021
1012,9,0,23,2,38165760,4766,2566380,319,8030
1013,6,0,19,6,38213100,4766,2566380,319,8036
1014,6,0,20,5,38236200,4766,2566380,319,8042
1015,10,0,25,0,38259720,4766,2566380,318,8052
1016,8,1,25,0,38292780,4766,2566380,318,8060
1017,8,0,24,1,38349300,4767,2568540,318,8068
1018,10,0,24,1,38393220,4766,2570460,318,8078
1019,10,0,22,3,38455800,4767,2571780,317,8088
1020,15,7,25,0,38480880,4767,2573880,317,8103
1021,14,10,25,0,38543880,4769,2585400,318,8117
1022,9,7,25,0,38599860,4768,2612520,321,8126
1023,16,12,25,0,38640900,4767,2625900,322,8142
1024,7,10,25,0,38692200,4768,2642400,324,8149
1025,10,11,25,0,38737200,4768,2682480,328,8159
1026,11,9,25,0,38788320,4767,2696040,329,8170
1027,19,18,25,0,38836260,4767,2705400,330,8189
1028,5,13,25,0,38889660,4768,2726040,332,8194
1029,5,4,25,0,38958660,4768,2850000,347,8199
1030,6,0,18,7,39001800,4763,2935800,357,8205
1031,1,0,15,10,39021600,4763,2935800,357,8206
1032,3,0,14,11,39051540,4765,2935800,357,8209
1033,6,0,17,8,39065580,4765,2935800,357,8215
1034,8,0,22,3,39072120,4764,2935800,357,8223
1035,5,0,20,5,39110820,4764,2935800,356,8228
1036,4,0,15,10,39162180,4765,2935800,356,8232
1037,8,0,23,2,39162180,4765,2935800,356,8240
1038,10,0,24,1,39207060,4766,2935800,355,8250
1039,6,0,21,4,39244680,4765,2935800,355,8256
1040,4,0,16,9,39292260,4766,2935800,355,8260
1041,4,0,17,8,39307980,4766,2935800,355,8264
1042,11,0,24,1,39323520,4765,2935800,354,8275
1043,12,2,25,0,39366060,4765,2943000,355,8287
1044,15,8,25,0,39414180,4766,2953260,355,8302
1045,12,12,25,0,39460800,4767,2962320,356,8314
1046,9,14,25,0,39504360,4768,2971260,356,8323
1047,7,7,25,0,39575400,4769,3048720,366,8330
1048,7,0,24,1,39601260,4763,3107040,372,8337
1049,10,0,24,1,39659400,4765,3107940,372,8347
1050,6,0,21,4,39703140,4765,3107940,372,8353
1051,6,0,19,6,39734640,4764,3107940,371,8359
1052,5,0,18,7,39761340,4764,3107940,371,8364
1053,7,0,19,6,39787440,4763,3107940,371,8371
1054,9,0,21,4,39819120,4763,3107940,370,8380
1055,6,0,22,3,39846540,4764,3107940,370,8386
1056,4,0,13,12,39908040,4764,3107940,370,8390
1057,4,0,17,8,39908040,4764,3107940,370,8394
1058,7,0,19,6,39927000,4763,3107940,369,8401
1059,2,0,16,9,39955560,4763,3107940,369,8403
1060,4,0,17,8,39975780,4764,3107940,369,8407
1061,11,0,23,2,39994560,4764,3107940,369,8418
1062,8,0,24,1,40030500,4764,3109140,368,8426
1063,6,0,19,6,40089480,4765,3109320,368,8432
1064,11,1,25,0,40104480,4764,3109320,368,8443
1065,10,0,22,3,40161060,4763,3109800,367,8453
1066,9,0,22,3,40194000,4762,3109800,367,8462
1067,10,0,24,1,40236360,4762,3109980,367,8472
1068,9,0,24,1,40285440,4763,3110040,366,8481
1069,7,0,22,3,40327920,4763,3110040,366,8488
1070,12,2,25,0,40358160,4763,3111180,366,8500
1071,15,9,25,0,40407540,4764,3115380,366,8515
1072,8,8,25,0,40460880,4765,3126900,366,8523
1073,11,8,25,0,40520580,4766,3160260,370,8534
1074,5,2,25,0,40572300,4766,3203580,375,8539
1075,14,0,25,0,40627200,4763,3210960,375,8553
1076,6,0,23,2,40665180,4763,3213780,375,8559
1077,10,0,25,0,40702560,4763,3213780,375,8569
1078,7,0,22,3,40754520,4764,3213780,374,8576
1079,10,0,22,3,40801740,4764,3213780,374,8586
1080,5,0,18,7,40838820,4763,3214320,374,8591
1081,3,0,15,10,40874400,4764,3214320,374,8594
1082,1,0,12,13,40894980,4764,3214320,373,8595
1083,6,0,18,7,40894980,4764,3214320,373,8601
1084,4,0,19,6,40907700,4764,3214320,373,8605
1085,5,0,20,5,40925460,4764,3214320,373,8610
1086,4,0,16,9,40976220,4765,3214320,373,8614
1087,8,0,23,2,40984620,4766,3214320,372,8622
1088,5,0,20,5,41020980,4766,3214320,372,8627
1089,8,0,23,2,41051040,4766,3214320,372,8635
1090,10,0,23,2,41097900,4766,3218460,372,8645
1091,13,1,25,0,41142840,4766,3218460,371,8658
1092,9,0,23,2,41194800,4765,3219060,371,8667
1093,15,1,25,0,41233500,4763,3222900,371,8682
1094,13,3,25,0,41273940,4762,3226860,371,8695
1095,17,11,25,0,41327700,4763,3235560,371,8712
1096,11,14,25,0,41376360,4764,3245340,372,8723
1097,9,13,25,0,41426280,4764,3281340,375,8732
1098,5,6,25,0,41488380,4765,3340680,382,8737
1099,6,0,23,2,41539740,4763,3408420,389,8743
1100,12,0,23,2,41575680,4761,3408420,389,8755
1101,12,1,25,0,41604780,4759,3409500,388,8767
1102,5,0,19,6,41664480,4760,3412380,389,8772
1103,5,0,20,5,41693400,4761,3412380,388,8777
1104,10,0,24,1,41723460,4761,3412380,388,8787
1105,9,1,25,0,41770020,4762,3424020,389,8796
1106,5,0,22,3,41811720,4762,3427200,389,8801
1107,7,0,20,5,41868060,4764,3427200,389,8808
1108,3,0,17,8,41895780,4764,3427200,388,8811
1109,20,6,25,0,41923800,4764,3427620,388,8831
1110,5,1,25,0,41972940,4764,3439080,389,8836
1111,14,5,25,0,42023460,4764,3451380,389,8850
1112,6,4,25,0,42064680,4765,3463080,391,8856
1113,5,0,17,8,42138180,4764,3472020,391,8861
1114,17,5,25,0,42158640,4764,3472080,391,8878
1115,7,3,25,0,42198780,4764,3481080,391,8885
1116,10,4,25,0,42249720,4765,3495240,392,8895
1117,10,5,25,0,42293760,4765,3500820,393,8905
1118,9,4,25,0,42357900,4767,3508860,393,8914
1119,12,7,25,0,42386460,4765,3537420,396,8926
1120,13,7,25,0,42456840,4766,3544080,396,8939
1121,9,10,25,0,42487020,4766,3553980,397,8948
1122,6,6,25,0,42554280,4769,3585000,400,8954
1123,8,4,25,0,42607920,4769,3610620,402,8962
1124,12,3,25,0,42659940,4768,3656520,407,8974
1125,10,2,25,0,42703380,4767,3667860,408,8984
1126,4,0,22,3,42752280,4768,3669420,408,8988
1127,8,0,23,2,42783480,4768,3669420,407,8996
1128,2,0,17,8,42836340,4769,3669420,407,8998
1129,1,0,13,12,42867240,4770,3669420,407,8999
1130,2,0,14,11,42873900,4770,3669420,407,9001
1131,6,0,17,8,42882000,4769,3669420,407,9007
1132,11,1,25,0,42889980,4769,3669420,406,9018
1133,5,0,25,0,42924000,4770,3669960,406,9023
1134,4,0,15,10,42992160,4770,3669960,406,9027
1135,10,0,21,4,43008960,4770,3669960,406,9037
1136,10,0,22,3,43037040,4768,3669960,405,9047
1137,9,0,22,3,43086000,4769,3669960,405,9056
1138,9,0,24,1,43127940,4770,3670740,404,9065
1139,10,1,25,0,43166040,4770,3672420,404,9075
1140,11,0,25,0,43223580,4770,3680940,405,9086
1141,5,0,20,5,43275120,4770,3682500,405,9091
1142,8,0,21,4,43321500,4772,3682500,404,9099
1143,5,0,22,3,43338120,4771,3682500,404,9104
1144,12,2,25,0,43371360,4771,3682920,404,9116
1145,10,0,22,3,43443780,4771,3685500,403,9126
1146,4,0,16,9,43489020,4771,3685500,403,9130
1147,11,0,23,2,43510560,4771,3685500,403,9141
1148,7,0,22,3,43539960,4770,3687180,403,9148
1149,6,0,20,5,43582740,4771,3687180,402,9154
1150,5,0,19,6,43616880,4772,3687180,402,9159
1151,6,0,21,4,43642980,4772,3687180,402,9165
1152,2,0,17,8,43677300,4773,3687180,402,9167
1153,7,0,20,5,43702620,4774,3687180,401,9174
1154,5,0,23,2,43716120,4774,3687180,401,9179
1155,8,0,21,4,43764600,4774,3687180,401,9187
1156,5,0,15,10,43815960,4774,3687180,401,9192
1157,7,0,20,5,43827360,4774,3687180,400,9199
1158,4,0,20,5,43850100,4775,3687180,400,9203
1159,9,0,22,3,43885680,4775,3687180,400,9212
1160,9,0,24,1,43917780,4775,3687180,399,9221
1161,12,1,25,0,43962120,4774,3691200,399,9233
1162,11,0,25,0,44021280,4775,3693780,399,9244
1163,12,4,25,0,44063040,4775,3698280,399,9256
1164,14,7,25,0,44109900,4774,3707220,399,9270
1165,10,7,25,0,44168400,4775,3718620,400,9280
1166,7,8,25,0,44204880,4776,3737700,402,9287
1167,6,5,25,0,44253720,4777,3746340,403,9293
1168,9,0,22,3,44320800,4775,3785820,406,9302
1169,6,0,21,4,44355720,4776,3785820,406,9308
1170,13,0,24,1,44399280,4775,3785820,406,9321
1171,13,3,25,0,44445600,4776,3794400,406,9334
1172,7,1,25,0,44484960,4775,3803040,407,9341
1173,4,0,18,7,44541660,4775,3803160,406,9345
1174,5,0,16,9,44565600,4774,3803160,406,9350
1175,6,0,19,6,44591040,4775,3803160,406,9356
1176,6,0,21,4,44612280,4775,3803160,406,9362
1177,6,0,21,4,44639040,4775,3803160,405,9368
1178,9,0,21,4,44693580,4776,3803160,405,9377
1179,4,0,17,8,44723580,4776,3803160,405,9381
1180,2,0,14,11,44757480,4777,3803160,405,9383
1181,7,0,17,8,44767020,4776,3803160,405,9390
1182,6,0,17,8,44784660,4774,3803160,404,9396
1183,7,0,21,4,44797680,4774,3803160,404,9403
1184,9,0,21,4,44840580,4774,3803160,404,9412
1185,7,0,24,1,44863800,4775,3803160,403,9419
1186,5,0,17,8,44928660,4776,3803160,403,9424
1187,9,0,22,3,44944380,4775,3803160,403,9433
1188,9,0,24,1,44974200,4775,3803160,402,9442
1189,17,9,25,0,45014040,4776,3805500,402,9459
1190,13,12,25,0,45071760,4777,3817260,403,9472
1191,8,12,25,0,45119880,4778,3838680,404,9480
1192,9,11,25,0,45176820,4779,3853740,406,9489
1193,14,15,25,0,45222360,4778,3883560,408,9503
1194,10,15,25,0,45270000,4778,3906240,410,9513
1195,7,8,25,0,45339720,4779,3982980,418,9520
1196,7,0,24,1,45375540,4774,4085220,428,9527
1197,5,0,16,9,45430080,4774,4085220,428,9532
1198,9,0,20,5,45450180,4773,4085220,428,9541
1199,5,0,19,6,45481020,4773,4085220,427,9546
1200,7,0,20,5,45517140,4774,4085220,427,9553
1201,9,1,25,0,45533880,4774,4085460,427,9562
1202,7,0,19,6,45592500,4774,4085820,426,9569
1203,6,0,20,5,45620160,4774,4085820,426,9575
1204,7,0,19,6,45657180,4774,4085820,426,9582
1205,6,0,23,2,45661440,4773,4085820,426,9588
1206,7,0,15,10,45732000,4773,4085820,425,9595
1207,5,0,16,9,45744600,4773,4085820,425,9600
1208,7,0,20,5,45757260,4772,4085820,425,9607
1209,9,0,21,4,45788640,4772,4085820,424,9616
1210,4,0,20,5,45814980,4772,4085820,424,9620
1211,7,0,22,3,45846600,4773,4085820,424,9627
1212,4,0,19,6,45886200,4773,4085820,424,9631
1213,8,0,18,7,45924900,4773,4085820,423,9639
1214,9,0,21,4,45952140,4773,4085820,423,9648
1215,8,0,24,1,45973620,4773,4085820,423,9656
1216,9,0,24,1,46015200,4772,4085820,422,9665
1217,5,0,19,6,46056180,4772,4085820,422,9670
1218,18,0,25,0,46097160,4770,4086120,421,9688
1219,8,1,25,0,46134720,4770,4088340,421,9696
1220,5,0,19,6,46188960,4770,4089060,421,9701
1221,4,0,17,8,46221780,4771,4089060,421,9705
1222,5,0,17,8,46242000,4770,4089060,421,9710
1223,5,0,17,8,46274940,4771,4089060,420,9715
1224,5,0,18,7,46290240,4771,4089060,420,9720
1225,5,0,17,8,46324080,4771,4089060,420,9725
1226,4,0,16,9,46350960,4772,4089060,420,9729
1227,2,0,15,10,46369620,4772,4089060,420,9731
1228,8,0,19,6,46382340,4771,4089060,419,9739
1229,4,0,15,10,46420380,4771,4089060,419,9743
1230,10,0,21,4,46431960,4771,4089060,419,9753
1231,5,0,20,5,46455840,4770,4089060,419,9758
1232,9,0,21,4,46490340,4770,4089060,418,9767
1233,9,0,20,5,46533720,4769,4089060,418,9776
1234,11,1,25,0,46552800,4769,4089540,417,9787
1235,9,0,23,2,46607460,4769,4095360,418,9796
1236,11,0,25,0,46642740,4768,4097220,417,9807
1237,7,0,20,5,46705260,4768,4098000,417,9814
1238,9,0,22,3,46743780,4769,4098000,417,9823
1239,9,0,23,2,46781160,4769,4098540,416,9832
1240,12,0,23,2,46841460,4769,4098540,416,9844
1241,13,5,25,0,46875840,4770,4102200,416,9857
1242,17,14,25,0,46919640,4770,4110000,416,9874
1243,7,11,25,0,46971600,4771,4140420,419,9881
1244,8,8,25,0,47036340,4772,4170900,421,9889
1245,12,7,25,0,47085240,4771,4194540,423,9901
1246,2,0,21,4,47126220,4768,4264020,430,9903
1247,11,0,21,4,47187420,4769,4264020,430,9914
1248,5,0,22,3,47208600,4769,4264020,429,9919
1249,2,0,18,7,47241780,4770,4264020,429,9921
1250,6,0,18,7,47285880,4772,4264020,429,9927
1251,3,0,18,7,47300400,4772,4264020,429,9930
1252,7,0,21,4,47318040,4771,4264020,429,9937
1253,5,0,16,9,47374500,4772,4264020,428,9942
1254,8,0,23,2,47378520,4772,4264020,428,9950
1255,6,0,21,4,47410740,4772,4264020,428,9956
1256,2,0,15,10,47455380,4772,4264020,428,9958
1257,5,0,16,9,47485260,4773,4264020,427,9963
1258,14,2,25,0,47493600,4773,4264560,427,9977
1259,13,7,25,0,47534400,4773,4268160,427,9990
1260,9,7,25,0,47586420,4774,4275660,427,9999
1261,4,2,25,0,47625600,4774,4315140,431,10003
1262,6,0,21,4,47691540,4774,4324800,432,10009
1263,15,2,25,0,47735040,4774,4326300,431,10024
1264,14,6,25,0,47780820,4774,4332300,431,10038
1265,4,0,24,1,47834520,4774,4359480,434,10042
1266,9,0,22,3,47878140,4773,4360920,433,10051
1267,8,0,20,5,47931120,4774,4360920,433,10059
1268,7,0,22,3,47955120,4774,4360920,433,10066
1269,6,0,19,6,47998200,4774,4360920,432,10072
1270,6,0,18,7,48031980,4774,4360920,432,10078
1271,6,0,20,5,48045180,4773,4360920,432,10084
1272,10,0,21,4,48089040,4774,4360920,432,10094
1273,4,0,15,10,48137160,4774,4360920,431,10098
1274,4,0,16,9,48152460,4774,4360920,431,10102
1275,5,0,19,6,48165480,4774,4360920,431,10107
1276,6,0,16,9,48200940,4773,4360920,431,10113
1277,6,0,17,8,48220080,4773,4360920,430,10119
1278,8,0,23,2,48227880,4773,4360920,430,10127
1279,12,0,24,1,48277860,4772,4360920,430,10139
1280,10,1,25,0,48312120,4772,4363500,429,10149
1281,8,0,23,2,48367380,4772,4367940,430,10157
1282,14,2,25,0,48418620,4773,4374480,430,10171
1283,9,3,25,0,48458940,4773,4380660,430,10180
1284,9,1,25,0,48512040,4773,4389480,430,10189
1285,8,0,23,2,48562620,4773,4389960,430,10197
1286,14,3,25,0,48597120,4772,4390680,430,10211
1287,11,7,25,0,48634740,4772,4398000,430,10222
1288,11,8,25,0,48702180,4774,4416900,431,10233
1289,10,5,25,0,48761280,4774,4435800,433,10243
1290,6,0,21,4,48807960,4771,4457760,434,10249
1291,11,0,25,0,48845760,4772,4458060,434,10260
1292,11,3,25,0,48885000,4772,4460760,434,10271
1293,7,0,24,1,48942660,4773,4473180,435,10278
1294,4,0,16,9,48993420,4772,4473180,435,10282
1295,5,0,16,9,49016040,4772,4473180,434,10287
1296,8,0,20,5,49028100,4771,4473180,434,10295
1297,5,0,19,6,49051020,4771,4473180,434,10300
1298,8,0,22,3,49072260,4770,4473180,433,10308
1299,3,0,15,10,49119960,4770,4473180,433,10311
1300,10,0,19,6,49135380,4769,4473180,433,10321
1301,5,0,19,6,49154040,4768,4473180,433,10326
1302,11,0,24,1,49191540,4769,4473360,432,10337
1303,7,0,22,3,49236600,4770,4473360,432,10344
1304,10,0,22,3,49286340,4770,4473360,432,10354
1305,7,0,19,6,49321920,4769,4473360,431,10361
1306,13,0,24,1,49354980,4768,4474320,431,10374
1307,11,0,24,1,49403520,4768,4474320,430,10385
1308,13,2,25,0,49443060,4767,4475400,430,10398
1309,9,2,25,0,49487100,4767,4480860,430,10407
1310,8,0,21,4,49552020,4767,4484220,430,10415
1311,9,0,24,1,49586640,4767,4484220,430,10424
1312,12,2,25,0,49622760,4767,4484700,429,10436
1313,10,3,25,0,49672920,4767,4489980,429,10446
1314,5,0,22,3,49726740,4768,4496100,430,10451
1315,9,0,25,0,49759980,4768,4496100,429,10460
1316,10,0,19,6,49821960,4767,4498020,429,10470
1317,4,0,18,7,49848600,4767,4498020,429,10474
1318,6,0,18,7,49881960,4767,4498020,429,10480
1319,10,0,25,0,49890600,4767,4498020,428,10490
1320,9,0,25,0,49937220,4767,4503300,428,10499
1321,4,0,19,6,49989000,4768,4503600,428,10503
1322,3,0,14,11,50033520,4768,4503600,428,10506
1323,6,0,18,7,50039820,4768,4503600,428,10512
1324,5,0,21,4,50049660,4768,4503600,428,10517
1325,8,0,19,6,50092860,4768,4503600,427,10525
1326,8,0,23,2,50114400,4768,4503600,427,10533
1327,4,0,19,6,50151480,4768,4503600,427,10537
1328,9,0,22,3,50187840,4768,4503600,427,10546
1329,9,0,23,2,50225160,4768,4503600,426,10555
1330,11,0,25,0,50260620,4768,4503600,426,10566
1331,15,2,25,0,50309220,4766,4504500,425,10581
1332,11,3,25,0,50349840,4766,4507380,425,10592
1333,11,3,25,0,50411400,4767,4517160,426,10603
1334,13,8,25,0,50449800,4767,4522380,425,10616
1335,14,13,25,0,50499540,4767,4532640,426,10630
1336,6,10,25,0,50545560,4767,4552200,427,10636
1337,8,5,25,0,50604780,4767,4616040,433,10644
1338,7,0,22,3,50651460,4765,4652520,436,10651
1339,10,0,25,0,50684700,4765,4654620,436,10661
1340,13,5,25,0,50735580,4766,4661580,436,10674
1341,6,1,25,0,50785080,4766,4677000,437,10680
1342,4,0,16,9,50850420,4766,4678860,437,10684
1343,5,0,18,7,50863500,4766,4678860,437,10689
1344,5,0,17,8,50893380,4766,4678860,437,10694
1345,4,0,21,4,50893380,4766,4678860,437,10698
1346,5,0,24,1,50897520,4766,4678860,437,10703
1347,3,0,21,4,50923800,4765,4678860,437,10706
1348,5,0,21,4,50951400,4766,4678860,436,10711
1349,10,2,25,0,50962020,4765,4679160,436,10721
1350,10,6,25,0,50990160,4765,4684800,436,10731
1351,11,10,25,0,51028200,4765,4699140,437,10742
1352,11,16,25,0,51058680,4766,4711980,438,10753
1353,14,24,25,0,51092640,4766,4717440,438,10767
1354,20,39,25,0,51111000,4766,4732200,438,10787
1355,8,38,25,0,51154560,4768,4746240,439,10795
1356,11,40,25,0,51180420,4768,4770840,441,10806
1357,10,40,25,0,51213540,4769,4801500,444,10816
1358,16,40,25,0,51253500,4770,4828380,446,10832
1359,12,39,25,0,51279540,4771,4910700,454,10844
1360,4,35,25,0,51325860,4772,5011020,463,10848
1361,5,36,25,0,51343380,4772,5041080,465,10853
1362,9,39,25,0,51379440,4772,5110020,471,10862
1363,8,40,25,0,51401460,4773,5149380,475,10870
1364,11,39,25,0,51454140,4773,5271300,486,10881
1365,4,38,25,0,51478020,4773,5335440,492,10885
1366,3,37,25,0,51505920,4774,5392200,497,10888
1367,5,35,25,0,51547080,4775,5502600,506,10893
1368,6,36,25,0,51572160,4775,5565240,512,10899
1369,6,36,25,0,51610140,4776,5679240,522,10905
1370,3,32,25,0,51639060,4776,5842440,537,10908
1371,3,27,25,0,51672540,4775,6077040,558,10911
1372,5,23,25,0,51711180,4775,6280620,577,10916
1373,5,20,25,0,51742980,4774,6487800,596,10921
1374,5,18,25,0,51764340,4773,6674820,613,10926
1375,9,19,25,0,51808380,4774,6754620,619,10935
1376,9,23,25,0,51834000,4774,6760860,619,10944
1377,4,22,25,0,51868920,4775,6767880,620,10948
1378,14,32,25,0,51891420,4775,6770160,619,10962
1379,7,30,25,0,51943260,4776,6788160,621,10969
1380,4,32,25,0,51953820,4776,6800520,621,10973
1381,11,37,25,0,51989460,4777,6826020,623,10984
1382,17,40,25,0,52021920,4777,6830820,623,11001
1383,11,40,25,0,52050060,4778,6851580,625,11012
1384,12,40,25,0,52089480,4779,6871260,626,11024
1385,10,40,25,0,52124400,4779,6884460,627,11034
1386,9,37,25,0,52164660,4780,6904800,629,11043
1387,10,38,25,0,52201500,4780,6918060,630,11053
1388,5,38,25,0,52214400,4780,6924480,630,11058
1389,5,37,25,0,52254120,4781,6971640,634,11063
1390,4,34,25,0,52287840,4781,7057320,641,11067
1391,5,33,25,0,52318860,4781,7110000,646,11072
1392,1,27,25,0,52356300,4782,7386000,671,11073
1393,5,21,25,0,52387860,4780,7869840,715,11078
1394,4,0,25,0,52434900,4773,9740580,884,11082
1395,6,0,22,3,52449540,4771,9740580,884,11088
1396,8,2,25,0,52462440,4771,9742800,883,11096
1397,7,5,25,0,52488000,4771,9748200,883,11103
1398,6,5,25,0,52522080,4772,9765660,885,11109
1399,5,0,24,1,52568640,4771,9784860,886,11114
1400,8,1,25,0,52594740,4771,9786240,885,11122
1401,14,5,25,0,52628040,4770,9790320,884,11136
1402,6,8,25,0,52645680,4770,9796380,885,11142
1403,9,9,25,0,52690140,4770,9806640,885,11151
1404,8,10,25,0,52725000,4771,9818040,885,11159
1405,7,12,25,0,52751940,4771,9825540,885,11166
1406,12,19,25,0,52780980,4771,9829380,885,11178
1407,3,18,25,0,52805880,4772,9839100,885,11181
1408,9,22,25,0,52848180,4774,9846540,885,11190
1409,6,22,25,0,52881780,4774,9863760,886,11196
1410,9,25,25,0,52917360,4775,9887940,888,11205
1411,4,24,25,0,52945440,4775,9924780,891,11209
1412,3,21,25,0,52980480,4776,9949200,893,11212
1413,7,24,25,0,53005860,4776,9950460,892,11219
1414,4,19,25,0,53047620,4776,10007220,897,11223
1415,9,22,25,0,53074500,4776,10013160,897,11232
1416,6,22,25,0,53108460,4776,10020180,897,11238
1417,6,23,25,0,53139300,4777,10099860,904,11244
1418,6,21,25,0,53174760,4777,10172640,910,11250
1419,8,22,25,0,53213460,4777,10184640,910,11258
1420,5,23,25,0,53238120,4778,10187940,910,11263
1421,5,23,25,0,53265720,4778,10225980,913,11268
1422,4,20,25,0,53307360,4779,10413960,929,11272
1423,5,17,25,0,53334360,4778,10682580,953,11277
1424,4,8,25,0,53372340,4776,11062740,987,11281
1425,14,15,25,0,53399100,4775,11064300,986,11295
1426,10,19,25,0,53427420,4775,11070960,985,11305
1427,14,28,25,0,53459640,4776,11079780,985,11319
1428,4,25,25,0,53500500,4776,11105400,987,11323
1429,2,24,25,0,53522640,4777,11133480,989,11325
1430,13,31,25,0,53557860,4778,11154840,990,11338
1431,6,32,25,0,53584620,4778,11164200,990,11344
1432,7,32,25,0,53629860,4779,11199300,993,11351
1433,11,38,25,0,53661600,4780,11211300,993,11362
1434,9,37,25,0,53694960,4780,11232420,994,11371
1435,8,38,25,0,53722860,4780,11256960,996,11379
1436,6,37,25,0,53763600,4781,11269200,996,11385
1437,6,38,25,0,53789640,4781,11301480,999,11391
1438,8,37,25,0,53825880,4782,11340960,1002,11399
1439,5,38,25,0,53850420,4782,11418960,1008,11404
1440,7,40,25,0,53881680,4783,11428920,1008,11411
1441,4,37,25,0,53915820,4784,11569980,1021,11415
1442,9,37,25,0,53951940,4784,11576580,1021,11424
1443,3,36,25,0,53981760,4785,11598840,1022,11427
1444,7,36,25,0,54017280,4785,11668380,1028,11434
1445,5,33,25,0,54045900,4784,11865600,1045,11439
1446,11,38,25,0,54081360,4785,11871840,1044,11450
1447,5,40,25,0,54097080,4786,11876520,1044,11455
1448,7,40,25,0,54132120,4786,11891700,1045,11462
1449,13,39,25,0,54179700,4787,11903640,1046,11475
1450,14,40,25,0,54210180,4788,11910360,1046,11489
1451,11,39,25,0,54234720,4788,11916780,1046,11500
1452,12,39,25,0,54278100,4788,11959740,1049,11512
1453,12,40,25,0,54298800,4789,11985660,1051,11524
1454,10,38,25,0,54345000,4789,12083340,1059,11534
1455,4,38,25,0,54358740,4789,12126180,1062,11538
1456,12,40,25,0,54403860,4789,12240480,1071,11550
1457,5,38,25,0,54437580,4789,12316800,1077,11555
1458,10,40,25,0,54463860,4789,12332700,1078,11565
1459,8,37,25,0,54509220,4789,12431280,1086,11573
1460,8,38,25,0,54539820,4789,12750060,1113,11581
1461,6,37,25,0,54566460,4789,12869220,1123,11587
1462,5,37,25,0,54596760,4789,12981060,1132,11592
1463,5,32,25,0,54638280,4789,13339440,1163,11597
1464,3,24,25,0,54666840,4786,14364540,1252,11600
1465,6,5,25,0,54707340,4780,15946860,1389,11606
1466,6,0,24,1,54732600,4777,16473060,1434,11612
1467,9,1,25,0,54762600,4776,16473960,1433,11621
1468,10,7,25,0,54781980,4776,16476300,1433,11631
1469,6,8,25,0,54810960,4777,16485300,1433,11637
1470,6,7,25,0,54850260,4777,16505760,1433,11643
1471,11,10,25,0,54889320,4777,16513860,1433,11654
1472,6,11,25,0,54912660,4777,16533720,1434,11660
1473,7,10,25,0,54958080,4778,16546260,1434,11667
1474,7,12,25,0,54978840,4778,16552620,1434,11674
1475,15,21,25,0,55012140,4778,16558800,1432,11689
1476,15,32,25,0,55034280,4778,16565520,1432,11704
1477,6,34,25,0,55062420,4779,16585920,1432,11710
1478,12,38,25,0,55109580,4781,16611960,1433,11722
1479,13,37,25,0,55145160,4782,16637880,1435,11735
1480,4,35,25,0,55180380,4782,16661460,1436,11739
1481,6,36,25,0,55209600,4783,16686000,1438,11745
1482,7,38,25,0,55238160,4783,16746840,1442,11752
1483,6,39,25,0,55264440,4783,16775220,1444,11758
1484,11,40,25,0,55294920,4784,16791120,1444,11769
1485,11,40,25,0,55321920,4785,16806540,1445,11780
1486,4,35,25,0,55364160,4785,17039340,1465,11784
1487,5,34,25,0,55396980,4786,17167080,1475,11789
1488,6,34,25,0,55433340,4786,17288400,1485,11795
1489,4,32,25,0,55462620,4787,17383920,1493,11799
1490,3,28,25,0,55499880,4787,17744340,1523,11802
1491,6,26,25,0,55536360,4787,17867760,1533,11808
1492,5,28,25,0,55553340,4787,17917800,1537,11813
1493,8,28,25,0,55600200,4788,18058500,1548,11821
1494,5,28,25,0,55622880,4788,18132960,1554,11826
1495,11,31,25,0,55660500,4788,18161760,1554,11837
1496,12,36,25,0,55692000,4787,18169800,1554,11849
1497,11,40,25,0,55711080,4788,18179760,1553,11860
1498,12,40,25,0,55759980,4789,18190980,1553,11872
1499,12,38,25,0,55782900,4789,18210240,1555,11884
1500,7,39,25,0,55823580,4790,18250020,1557,11891
1501,6,40,25,0,55843920,4790,18257520,1557,11897
1502,16,40,25,0,55885200,4791,18263700,1557,11913
1503,10,38,25,0,55922640,4792,18344760,1563,11923
1504,14,39,25,0,55956720,4791,18419340,1568,11937
1505,12,40,25,0,55984260,4791,18449280,1570,11949
1506,10,40,25,0,56019180,4791,18544380,1577,11959
1507,4,37,25,0,56050800,4791,18618420,1583,11963
1508,6,36,25,0,56078940,4790,18684360,1587,11969
1509,7,35,25,0,56122140,4791,18826440,1598,11976
1510,6,36,25,0,56144460,4790,18832440,1598,11982
1511,10,36,25,0,56182920,4790,19033620,1614,11992
1512,3,34,25,0,56208780,4790,19044480,1614,11995
1513,6,33,25,0,56248800,4790,19118880,1620,12001
1514,7,34,25,0,56275440,4790,19126200,1620,12008
1515,5,34,25,0,56301360,4790,19249140,1629,12013
1516,3,29,25,0,56349480,4791,19576380,1657,12016
1517,9,34,25,0,56360160,4790,19579800,1656,12025
1518,5,32,25,0,56405580,4791,19592220,1656,12030
1519,13,38,25,0,56445000,4792,19602720,1655,12043
1520,9,37,25,0,56472120,4792,19618740,1656,12052
1521,9,39,25,0,56500740,4792,19640460,1657,12061
1522,12,39,25,0,56535120,4792,19654860,1657,12073
1523,11,40,25,0,56567220,4793,19661400,1656,12084
1524,8,38,25,0,56601180,4793,19683420,1658,12092
1525,11,40,25,0,56638740,4792,19719420,1659,12103
1526,10,39,25,0,56663160,4793,19730160,1660,12113
1527,9,33,25,0,56705580,4792,20052840,1686,12122
1528,16,40,25,0,56719680,4791,20056740,1685,12138
1529,5,38,25,0,56749020,4792,20073780,1686,12143
1530,11,40,25,0,56795700,4793,20090880,1686,12154
1531,6,35,25,0,56833080,4794,20130000,1689,12160
1532,3,25,25,0,56866260,4791,21212880,1779,12163
1533,9,21,25,0,56894520,4788,22188000,1860,12172
1534,8,25,25,0,56915520,4788,22194180,1859,12180
1535,8,28,25,0,56947080,4789,22203360,1859,12188
1536,3,24,25,0,56982960,4789,22224960,1860,12191
1537,5,25,25,0,57010680,4790,22234680,1860,12196
1538,6,20,25,0,57055140,4789,22763700,1903,12202
1539,4,18,25,0,57084240,4789,22961100,1919,12206
1540,6,6,25,0,57123780,4785,23978820,2003,12212
1541,5,3,25,0,57145140,4784,24694740,2063,12217
1542,6,0,25,0,57186600,4784,24740760,2065,12223
1543,12,7,25,0,57212760,4784,24742800,2063,12235
1544,10,12,25,0,57245760,4785,24753240,2062,12245
1545,10,17,25,0,57272520,4785,24757860,2062,12255
1546,4,15,25,0,57305760,4785,24773700,2062,12259
1547,8,18,25,0,57336240,4786,24789180,2062,12267
1548,12,23,25,0,57379320,4787,24799800,2061,12279
1549,8,27,25,0,57399240,4787,24809460,2060,12287
1550,7,27,25,0,57440460,4787,24852420,2062,12294
1551,10,32,25,0,57471060,4788,24883500,2063,12304
1552,10,37,25,0,57503640,4789,24897420,2063,12314
1553,4,34,25,0,57543840,4789,24918060,2063,12318
1554,8,37,25,0,57571500,4790,24957420,2065,12326
1555,12,40,25,0,57598320,4790,24969120,2065,12338
1556,7,40,25,0,57626280,4790,24986220,2066,12345
1557,4,36,25,0,57663540,4790,25031580,2069,12349
1558,11,40,25,0,57692640,4791,25138800,2076,12360
1559,1,36,25,0,57728880,4792,25152360,2077,12361
1560,6,34,25,0,57769560,4792,25238820,2083,12367
1561,6,32,25,0,57802260,4792,25348440,2091,12373
1562,4,29,25,0,57833760,4791,25555740,2108,12377
1563,8,30,25,0,57864900,4791,25614960,2111,12385
1564,8,31,25,0,57894960,4791,25682580,2115,12393
1565,7,35,25,0,57913080,4791,25685100,2115,12400
1566,7,34,25,0,57961560,4792,25773600,2121,12407
1567,6,35,25,0,57984360,4792,25776660,2120,12413
1568,9,38,25,0,58020120,4793,25790280,2119,12422
1569,3,36,25,0,58049820,4793,25805880,2120,12425
1570,8,39,25,0,58083720,4794,25819800,2120,12433
1571,11,38,25,0,58120920,4795,25839180,2121,12444
1572,10,40,25,0,58150140,4795,25861200,2121,12454
1573,12,39,25,0,58180380,4795,25889520,2122,12466
1574,13,38,25,0,58225860,4796,26044080,2134,12479
1575,8,37,25,0,58260240,4795,26062980,2134,12487
1576,15,40,25,0,58284060,4795,26068860,2133,12502
1577,9,38,25,0,58311000,4796,26098020,2135,12511
1578,8,39,25,0,58344480,4796,26122680,2136,12519
1579,9,40,25,0,58380480,4796,26126160,2135,12528
1580,5,36,25,0,58411260,4796,26268600,2146,12533
1581,11,39,25,0,58439400,4796,26273160,2145,12544
1582,5,36,25,0,58482060,4796,26299020,2146,12549
1583,3,33,25,0,58509000,4796,26516280,2163,12552
1584,5,27,25,0,58548300,4795,27265440,2224,12557
1585,5,25,25,0,58576800,4795,27491520,2241,12562
1586,5,17,25,0,58618560,4793,28139880,2293,12567
1587,2,1,25,0,58645560,4788,29730540,2422,12569
1588,5,0,21,4,58675560,4787,29802300,2427,12574
1589,8,0,25,0,58683960,4786,29802540,2425,12582
1590,7,1,25,0,58709520,4785,29802900,2424,12589
1591,12,8,25,0,58736040,4786,29807940,2422,12601
1592,10,10,25,0,58775040,4786,29819940,2421,12611
1593,5,8,25,0,58807920,4786,29842620,2422,12616
1594,9,9,25,0,58840500,4785,29858100,2422,12625
1595,15,19,25,0,58865340,4785,29862840,2419,12640
1596,8,20,25,0,58905900,4786,29876640,2418,12648
1597,6,20,25,0,58936080,4786,29898180,2419,12654
1598,12,25,25,0,58970400,4786,29917740,2418,12666
1599,11,30,25,0,59001960,4786,29929080,2417,12677
1600,8,33,25,0,59030940,4787,29934540,2416,12685
1601,4,30,25,0,59069460,4787,29976060,2418,12689
1602,1,25,25,0,59099820,4787,30029100,2422,12690
1603,4,23,25,0,59131920,4788,30088080,2426,12694
1604,9,23,25,0,59169360,4787,30182640,2432,12703
1605,7,26,25,0,59184660,4787,30185760,2431,12710
1606,9,28,25,0,59225760,4787,30193380,2430,12719
1607,5,27,25,0,59259900,4788,30207420,2430,12724
1608,5,28,25,0,59282760,4788,30210420,2430,12729
1609,3,24,25,0,59330520,4789,30307560,2437,12732
1610,4,20,25,0,59359140,4788,30504180,2452,12736
1611,7,19,25,0,59388960,4788,30671400,2464,12743
1612,5,16,25,0,59427180,4788,30848460,2477,12748
1613,10,16,25,0,59460480,4787,30925980,2482,12758
1614,7,17,25,0,59487000,4786,30933540,2481,12765
1615,8,16,25,0,59524020,4786,30942480,2480,12773
1616,4,13,25,0,59552580,4786,31021680,2485,12777
1617,12,16,25,0,59591340,4785,31054980,2485,12789
1618,4,14,25,0,59622060,4785,31067400,2485,12793
1619,11,21,25,0,59643180,4786,31076340,2484,12804
1620,17,31,25,0,59687400,4786,31092480,2482,12821
1621,6,33,25,0,59705700,4786,31097880,2481,12827
1622,8,35,25,0,59742780,4787,31110000,2481,12835
1623,6,34,25,0,59783160,4788,31131600,2481,12841
1624,8,38,25,0,59804100,4788,31137240,2480,12849
1625,10,39,25,0,59842260,4788,31168020,2481,12859
1626,11,40,25,0,59869380,4789,31196460,2483,12870
1627,7,37,25,0,59907780,4789,31221960,2484,12877
1628,3,36,25,0,59934300,4790,31245060,2485,12880
1629,8,37,25,0,59974920,4790,31379580,2494,12888
1630,9,40,25,0,59999940,4790,31386600,2493,12897
1631,5,37,25,0,60033540,4791,31399440,2493,12902
1632,14,40,25,0,60054120,4791,31449300,2496,12916
1633,8,38,25,0,60097020,4792,31597860,2507,12924
1634,6,38,25,0,60133560,4793,31692840,2513,12930
1635,2,32,25,0,60172440,4793,31842720,2524,12932
1636,6,27,25,0,60209640,4791,32158260,2549,12938
1637,7,21,25,0,60239160,4789,32389020,2565,12945
1638,13,21,25,0,60264240,4786,32867460,2601,12958
1639,7,23,25,0,60287520,4786,32875320,2600,12965
1640,12,29,25,0,60324060,4786,32893920,2599,12977
1641,9,34,25,0,60346140,4787,32905020,2599,12986
1642,7,34,25,0,60385260,4787,32917260,2598,12993
1643,8,34,25,0,60429240,4787,32940840,2598,13001
1644,7,37,25,0,60453720,4788,32947620,2597,13008
1645,14,40,25,0,60487320,4788,32956440,2596,13022
1646,15,39,25,0,60526380,4789,32974380,2595,13037
1647,10,39,25,0,60554400,4789,32986380,2596,13047
1648,11,39,25,0,60572100,4789,33042840,2599,13058
1649,7,39,25,0,60619200,4790,33144780,2606,13065
1650,8,40,25,0,60647280,4790,33198240,2609,13073
1651,9,39,25,0,60679380,4789,33207360,2608,13082
1652,6,38,25,0,60711540,4790,33259620,2611,13088
1653,5,34,25,0,60756240,4790,33418500,2622,13093
1654,6,31,25,0,60791220,4789,33526500,2630,13099
1655,7,28,25,0,60823380,4788,33660000,2638,13106
1656,5,29,25,0,60841980,4788,33689940,2640,13111
1657,7,29,25,0,60879240,4788,33703620,2640,13118
1658,8,28,25,0,60926400,4789,33713820,2639,13126
1659,1,27,25,0,60935580,4789,33792180,2645,13127
1660,5,15,25,0,60983400,4786,35077800,2744,13132
1661,0,0,23,2,61016220,4782,36871560,2884,13132
1662,2,0,18,7,61036200,4781,36871560,2884,13134
1663,8,1,25,0,61036200,4781,36871560,2882,13142
1664,14,9,25,0,61062180,4781,36878340,2880,13156
1665,10,14,25,0,61094340,4781,36889260,2879,13166
1666,9,18,25,0,61122120,4782,36897840,2877,13175
1667,11,21,25,0,61166700,4782,36908100,2875,13186
1668,5,21,25,0,61192740,4782,36919920,2875,13191
1669,5,23,25,0,61211700,4783,36941580,2876,13196
1670,14,30,25,0,61256160,4784,36949020,2873,13210
1671,13,37,25,0,61291320,4784,36955560,2871,13223
1672,7,38,25,0,61322460,4785,36971880,2871,13230
1673,15,39,25,0,61362780,4786,36991860,2871,13245
1674,9,39,25,0,61385640,4786,37015560,2871,13254
1675,6,40,25,0,61417980,4786,37048080,2873,13260
1676,7,38,25,0,61459260,4786,37120740,2877,13267
1677,4,39,25,0,61474620,4786,37148580,2878,13271
1678,6,38,25,0,61518240,4787,37310220,2890,13277
1679,4,35,25,0,61553160,4787,37320840,2889,13281
1680,10,39,25,0,61590240,4788,37385100,2892,13291
1681,5,39,25,0,61616580,4788,37390980,2891,13296
1682,10,39,25,0,61644300,4789,37395420,2890,13306
1683,3,34,25,0,61689060,4789,37635960,2908,13309
1684,9,36,25,0,61714740,4788,37765020,2917,13318
1685,10,40,25,0,61740540,4788,37768320,2915,13328
1686,14,40,25,0,61765140,4789,37776720,2914,13342
1687,8,39,25,0,61809900,4790,37841820,2918,13350
1688,6,40,25,0,61834200,4790,37858860,2918,13356
1689,6,40,25,0,61869480,4790,37863360,2917,13362
1690,4,36,25,0,61910760,4791,37982940,2926,13366
1691,11,40,25,0,61940820,4791,38146440,2936,13377
1692,6,38,25,0,61962960,4791,38195520,2939,13383
1693,8,37,25,0,62009100,4791,38239500,2941,13391
1694,9,39,25,0,62033880,4791,38247960,2939,13400
1695,6,39,25,0,62065680,4792,38254860,2939,13406
1696,10,39,25,0,62108760,4792,38282160,2940,13416
1697,6,39,25,0,62127480,4791,38301420,2940,13422
1698,4,35,25,0,62158860,4791,38356080,2942,13426
1699,6,32,25,0,62204280,4791,38598540,2960,13432
1700,6,34,25,0,62220000,4791,38724840,2968,13438
1701,8,34,25,0,62264580,4791,38846580,2976,13446
1702,2,30,25,0,62293740,4791,38973120,2985,13448
1703,2,24,25,0,62331960,4791,39542520,3028,13450
1704,2,6,25,0,62374320,4787,41221200,3156,13452
1705,4,0,20,5,62396880,4783,41766360,3197,13456
1706,3,0,21,4,62407440,4784,41766360,3196,13459
1707,3,0,22,3,62415000,4783,41766360,3195,13462
1708,5,0,23,2,62433960,4783,41766360,3194,13467
1709,0,0,19,6,62457000,4784,41766360,3194,13467
1710,6,0,22,3,62481060,4784,41766360,3193,13473
1711,6,0,24,1,62496420,4784,41766360,3191,13479
1712,8,1,25,0,62521320,4784,41768340,3190,13487
1713,16,13,25,0,62541480,4784,41770560,3186,13503
1714,7,14,25,0,62579940,4785,41782140,3185,13510
1715,17,25,25,0,62616120,4785,41789220,3182,13527
1716,12,34,25,0,62637060,4786,41791560,3180,13539
1717,14,40,25,0,62683140,4787,41815620,3177,13553
1718,17,40,25,0,62706960,4787,41824560,3177,13570
1719,14,39,25,0,62744460,4788,41848920,3178,13584
1720,12,39,25,0,62774220,4789,41876820,3179,13596
1721,10,37,25,0,62818740,4789,41911260,3180,13606
1722,18,38,25,0,62841300,4790,41939460,3181,13624
1723,9,38,25,0,62877360,4790,41994240,3184,13633
1724,4,36,25,0,62903220,4790,42064980,3188,13637
1725,7,38,25,0,62936160,4790,42116160,3190,13644
1726,4,35,25,0,62975280,4791,42171600,3193,13648
1727,6,33,25,0,63015000,4791,42436800,3212,13654
1728,6,35,25,0,63030540,4791,42540660,3219,13660
1729,4,32,25,0,63071160,4791,42655560,3226,13664
1730,7,31,25,0,63111900,4791,42723480,3230,13671
1731,1,26,25,0,63141060,4791,42986100,3249,13672
1732,5,24,25,0,63166980,4791,43159440,3261,13677
1733,7,22,25,0,63204840,4790,43280220,3268,13684
1734,8,23,25,0,63236940,4790,43379400,3274,13692
1735,2,20,25,0,63261960,4790,43482660,3281,13694
1736,5,13,25,0,63308040,4789,43806420,3304,13699
1737,14,21,25,0,63329520,4789,43809780,3302,13713
1738,6,21,25,0,63362700,4789,43820460,3300,13719
1739,8,25,25,0,63388320,4790,43829400,3299,13727
1740,13,32,25,0,63424140,4790,43862880,3300,13740
1741,5,30,25,0,63459540,4790,43873140,3298,13745
1742,17,39,25,0,63486540,4791,43881240,3295,13762
1743,8,37,25,0,63532560,4792,43901580,3295,13770
1744,15,40,25,0,63545880,4792,43912020,3295,13785
1745,12,40,25,0,63582540,4792,43940220,3296,13797
1746,12,38,25,0,63622620,4793,44005320,3300,13809
1747,6,39,25,0,63651180,4794,44038860,3301,13815
1748,3,37,25,0,63679860,4794,44074140,3303,13818
1749,4,34,25,0,63727560,4795,44210940,3312,13822
1750,7,38,25,0,63743580,4795,44249520,3313,13829
1751,6,38,25,0,63778740,4796,44260260,3312,13835
1752,5,36,25,0,63819300,4797,44330760,3317,13840
1753,9,39,25,0,63844800,4796,44335680,3315,13849
1754,8,38,25,0,63867600,4797,44346180,3315,13857
1755,9,39,25,0,63906540,4797,44454540,3321,13866
1756,4,34,25,0,63951420,4797,44550000,3327,13870
1757,4,26,25,0,63985080,4795,44834280,3347,13874
1758,4,12,25,0,64016460,4791,45807660,3419,13878
1759,5,8,25,0,64045380,4790,46102860,3439,13883
1760,9,0,25,0,64084200,4787,47036580,3507,13892
1761,8,0,24,1,64109760,4786,47036580,3505,13900
1762,5,0,25,0,64130640,4786,47042760,3504,13905
1763,9,4,25,0,64154700,4786,47046240,3502,13914
1764,14,12,25,0,64190940,4786,47055360,3500,13928
1765,11,18,25,0,64219860,4787,47068320,3497,13939
1766,17,28,25,0,64258440,4787,47074200,3493,13956
1767,14,37,25,0,64281480,4787,47079000,3491,13970
1768,11,40,25,0,64309260,4787,47097960,3490,13981
1769,9,40,25,0,64347120,4788,47115300,3489,13990
1770,5,38,25,0,64388520,4789,47157060,3491,13995
1771,8,39,25,0,64423560,4789,47170440,3490,14003
1772,9,37,25,0,64456440,4789,47273460,3496,14012
1773,6,38,25,0,64486500,4790,47340480,3500,14018
1774,7,40,25,0,64509420,4790,47377020,3502,14025
1775,5,38,25,0,64545240,4791,47389140,3501,14030
1776,4,37,25,0,64577940,4791,47468700,3506,14034
1777,5,35,25,0,64616820,4792,47592060,3513,14039
1778,0,29,25,0,64653060,4792,47776800,3527,14039
1779,5,29,25,0,64679220,4792,47932920,3538,14044
1780,5,25,25,0,64723140,4792,48101940,3548,14049
1781,5,22,25,0,64750200,4792,48332340,3564,14054
1782,6,21,25,0,64773960,4791,48362700,3565,14060
1783,13,26,25,0,64807800,4790,48439020,3567,14073
1784,9,29,25,0,64843980,4791,48449280,3565,14082
1785,7,31,25,0,64870020,4791,48453960,3564,14089
1786,4,27,25,0,64916940,4792,48480120,3565,14093
1787,2,26,25,0,64926600,4791,48506040,3566,14095
1788,17,32,25,0,64978680,4791,48509100,3562,14112
1789,10,36,25,0,65005740,4791,48517740,3560,14122
1790,17,40,25,0,65022120,4791,48529080,3559,14139
1791,17,39,25,0,65075340,4793,48555300,3559,14156
1792,5,39,25,0,65103660,4793,48575580,3559,14161
1793,15,40,25,0,65127540,4793,48584580,3559,14176
1794,8,40,25,0,65163540,4794,48590640,3558,14184
1795,9,38,25,0,65192040,4794,48623940,3559,14193
1796,8,36,25,0,65228880,4793,48692280,3562,14201
1797,7,37,25,0,65263680,4794,48700800,3561,14208
1798,7,37,25,0,65295120,4794,48738180,3562,14215
1799,4,33,25,0,65323800,4793,48926100,3575,14219
1800,14,37,25,0,65364780,4793,49007400,3577,14233
1801,0,33,25,0,65387460,4793,49022040,3578,14233
1802,7,35,25,0,65418540,4793,49028700,3577,14240
1803,4,30,25,0,65460660,4793,49323780,3597,14244
1804,6,28,25,0,65495100,4793,49529820,3611,14250
1805,4,26,25,0,65519040,4793,49656900,3619,14254
1806,11,29,25,0,65556840,4793,49660620,3616,14265
1807,6,31,25,0,65580660,4793,49669080,3615,14271
1808,6,29,25,0,65622660,4793,49684200,3615,14277
1809,5,26,25,0,65651340,4793,49812000,3623,14282
1810,8,29,25,0,65668920,4792,49954260,3631,14290
1811,13,36,25,0,65714760,4793,49961580,3629,14303
1812,7,38,25,0,65746680,4794,49974780,3627,14310
1813,14,40,25,0,65776680,4794,49986720,3626,14324
1814,12,39,25,0,65809680,4795,50016720,3627,14336
1815,10,39,25,0,65846160,4795,50050260,3628,14346
1816,16,34,25,0,65887740,4796,50156580,3635,14362
1817,10,36,25,0,65912940,4795,50160900,3633,14372
1818,4,35,25,0,65938380,4795,50171040,3632,14376
1819,9,40,25,0,65966400,4795,50173980,3631,14385
1820,3,37,25,0,66002100,4796,50184180,3631,14388
1821,7,35,25,0,66044220,4796,50285820,3636,14395
1822,3,28,25,0,66076140,4795,50938920,3682,14398
1823,5,14,25,0,66114660,4791,52686480,3807,14403
1824,9,10,25,0,66141120,4789,53466120,3862,14412
1825,5,8,25,0,66160740,4788,53662260,3874,14417
1826,6,7,25,0,66201360,4788,53816700,3884,14423
1827,6,0,22,3,66242220,4785,54254580,3913,14429
1828,4,0,21,4,66264240,4785,54254580,3912,14433
1829,5,0,24,1,66274500,4785,54254580,3911,14438
1830,8,1,25,0,66301800,4785,54257640,3909,14446
1831,7,3,25,0,66323880,4785,54259440,3907,14453
1832,7,1,25,0,66368160,4785,54269280,3906,14460
1833,7,0,24,1,66404340,4785,54269700,3904,14467
1834,10,6,25,0,66421020,4785,54271680,3901,14477
1835,7,6,25,0,66458100,4785,54278340,3900,14484
1836,9,8,25,0,66493320,4785,54284460,3898,14493
1837,13,19,25,0,66502440,4785,54285540,3896,14506
1838,12,24,25,0,66552180,4786,54294600,3892,14518
1839,4,20,25,0,66599700,4787,54318540,3892,14522
1840,8,24,25,0,66619080,4787,54331260,3890,14530
1841,12,30,25,0,66652260,4787,54363060,3891,14542
1842,7,31,25,0,66686580,4788,54388080,3889,14549
1843,11,39,25,0,66705660,4788,54396240,3888,14560
1844,7,37,25,0,66751440,4789,54417480,3887,14567
1845,2,33,25,0,66783360,4789,54459120,3889,14569
1846,8,33,25,0,66820860,4789,54581820,3896,14577
1847,4,34,25,0,66836040,4789,54617160,3897,14581
1848,2,28,25,0,66885180,4790,54796140,3909,14583
1849,9,29,25,0,66924180,4790,54831780,3909,14592
1850,4,32,25,0,66930600,4790,54833940,3910,14596
1851,5,29,25,0,66986220,4791,54857100,3909,14601
1852,5,24,25,0,67024620,4791,55158420,3929,14606
1853,6,22,25,0,67048140,4790,55313460,3938,14612
1854,2,18,25,0,67080300,4790,55520820,3953,14614
1855,7,18,25,0,67109280,4790,55537020,3952,14621
1856,12,23,25,0,67138800,4789,55543740,3949,14633
1857,9,25,25,0,67174560,4789,55557600,3948,14642
1858,9,26,25,0,67214040,4790,55571280,3946,14651
1859,10,32,25,0,67233300,4790,55577640,3944,14661
1860,10,34,25,0,67273680,4790,55588320,3942,14671
1861,6,36,25,0,67294560,4790,55605540,3941,14677
1862,7,35,25,0,67338960,4790,55648260,3942,14684
1863,13,39,25,0,67356480,4790,55654440,3940,14697
1864,11,40,25,0,67402140,4791,55675080,3939,14708
1865,12,40,25,0,67427820,4791,55685400,3939,14720
1866,11,40,25,0,67457160,4792,55719540,3940,14731
1867,4,39,25,0,67486080,4792,55753500,3942,14735
1868,6,36,25,0,67534020,4793,55801320,3943,14741
1869,10,40,25,0,67558500,4793,55838340,3944,14751
1870,6,38,25,0,67584600,4793,55847400,3943,14757
1871,5,39,25,0,67618920,4794,55853940,3942,14762
1872,4,35,25,0,67660080,4794,56102280,3959,14766
1873,6,34,25,0,67690260,4794,56193180,3963,14772
1874,6,32,25,0,67725540,4794,56263920,3966,14778
1875,1,29,25,0,67748640,4794,56477760,3981,14779
1876,6,27,25,0,67789980,4794,56765700,4000,14785
1877,5,18,25,0,67833240,4793,57571680,4055,14790
1878,6,13,25,0,67860960,4791,57899220,4077,14796
1879,6,11,25,0,67880520,4790,58069920,4087,14802
1880,8,7,25,0,67926840,4789,58344960,4104,14810
1881,3,0,21,4,67953780,4786,58965300,4147,14813
1882,14,7,25,0,67967880,4786,58965720,4144,14827
1883,16,18,25,0,67997940,4786,58971840,4138,14843
1884,8,22,25,0,68026980,4787,58983780,4138,14851
1885,10,23,25,0,68080260,4788,58996320,4135,14861
1886,12,32,25,0,68092680,4788,58999860,4132,14873
1887,9,34,25,0,68136120,4788,59043780,4133,14882
1888,8,37,25,0,68165340,4789,59057940,4131,14890
1889,13,39,25,0,68198940,4789,59078400,4130,14903
1890,9,39,25,0,68229600,4790,59125800,4132,14912
1891,4,37,25,0,68263380,4790,59213580,4137,14916
1892,6,38,25,0,68294220,4791,59284440,4141,14922
1893,10,39,25,0,68324160,4791,59314020,4141,14932
1894,4,38,25,0,68350620,4791,59379060,4145,14936
1895,4,34,25,0,68400600,4792,59555940,4155,14940
1896,2,30,25,0,68432820,4792,59739360,4167,14942
1897,2,25,25,0,68465040,4792,59879700,4177,14944
1898,6,21,25,0,68502660,4792,60021300,4185,14950
1899,5,16,25,0,68533560,4790,60290400,4202,14955
1900,4,13,25,0,68557260,4790,60384900,4208,14959
1901,1,2,25,0,68596860,4788,60844680,4239,14960
1902,11,0,25,0,68627820,4786,60941880,4243,14971
1903,9,6,25,0,68643420,4786,60946020,4240,14980
1904,10,10,25,0,68681340,4787,60959160,4240,14990
1905,11,15,25,0,68715000,4787,60965040,4236,15001
1906,7,16,25,0,68746620,4788,60974460,4234,15008
1907,12,24,25,0,68773020,4788,60984300,4233,15020
1908,3,19,25,0,68816700,4788,61010460,4233,15023
1909,8,24,25,0,68836500,4789,61030560,4232,15031
1910,9,26,25,0,68875920,4789,61045380,4230,15040
1911,7,26,25,0,68914440,4790,61072380,4229,15047
1912,13,36,25,0,68932020,4790,61076640,4226,15060
1913,6,36,25,0,68972400,4791,61094580,4225,15066
1914,7,38,25,0,69001980,4791,61120020,4225,15073
1915,5,36,25,0,69042240,4791,61141260,4225,15078
1916,7,36,25,0,69076500,4791,61236960,4231,15085
1917,1,33,25,0,69099240,4792,61265820,4231,15086
1918,4,31,25,0,69131580,4792,61395480,4239,15090
1919,7,33,25,0,69166260,4793,61542480,4248,15097
1920,6,31,25,0,69211200,4793,61644660,4253,15103
1921,6,30,25,0,69245040,4793,61734060,4257,15109
1922,5,29,25,0,69270000,4793,61804800,4260,15114
1923,6,31,25,0,69291900,4793,61807860,4259,15120
1924,4,30,25,0,69316800,4793,61832580,4260,15124
1925,8,30,25,0,69364200,4794,61944780,4265,15132
1926,7,28,25,0,69394980,4793,61998960,4267,15139
1927,6,28,25,0,69425400,4793,62080260,4270,15145
1928,11,32,25,0,69461760,4793,62085840,4268,15156
1929,8,35,25,0,69489300,4794,62092080,4266,15164
1930,14,40,25,0,69515040,4794,62101680,4264,15178
1931,12,40,25,0,69551340,4794,62121900,4263,15190
1932,5,40,25,0,69581400,4794,62133780,4263,15195
1933,9,40,25,0,69613020,4795,62236440,4268,15204
1934,8,39,25,0,69643320,4795,62242740,4267,15212
1935,8,39,25,0,69685920,4796,62357220,4273,15220
1936,19,40,25,0,69723540,4796,62360160,4271,15239
1937,8,40,25,0,69735060,4796,62389560,4272,15247
1938,9,38,25,0,69777240,4797,62518200,4279,15256
1939,7,39,25,0,69813060,4797,62566740,4281,15263
1940,6,37,25,0,69847860,4797,62650020,4284,15269
1941,4,33,25,0,69889860,4797,62862240,4298,15273
1942,4,30,25,0,69913140,4797,63382260,4333,15277
1943,6,24,25,0,69954960,4796,63835080,4361,15283
1944,4,19,25,0,69985260,4795,63995040,4371,15287
1945,5,13,25,0,70008120,4793,64594500,4411,15292
1946,6,0,25,0,70057320,4790,65610600,4478,15298
1947,8,1,25,0,70071720,4788,65612040,4476,15306
1948,7,3,25,0,70096500,4788,65618160,4474,15313
1949,6,0,24,1,70142640,4788,65624640,4473,15319
1950,6,0,24,1,70167660,4788,65624640,4471,15325
1951,8,0,25,0,70194360,4788,65624760,4468,15333
1952,9,4,25,0,70222260,4788,65628720,4466,15342
1953,8,5,25,0,70255440,4788,65645580,4465,15350
1954,7,6,25,0,70288380,4788,65651940,4463,15357
1955,12,11,25,0,70329180,4789,65669640,4461,15369
1956,8,13,25,0,70359180,4789,65675220,4458,15377
1957,7,14,25,0,70385280,4789,65703480,4458,15384
1958,7,16,25,0,70412160,4789,65709060,4456,15391
1959,13,23,25,0,70450560,4789,65714940,4453,15404
1960,8,24,25,0,70489200,4790,65735880,4452,15412
1961,8,27,25,0,70514940,4790,65746740,4451,15420
1962,5,25,25,0,70556940,4790,65757000,4449,15425
1963,8,28,25,0,70577100,4790,65781900,4449,15433
1964,6,29,25,0,70608180,4791,65787180,4448,15439
1965,5,28,25,0,70643700,4791,65800440,4447,15444
1966,7,27,25,0,70687860,4792,65808120,4445,15451
1967,5,27,25,0,70710960,4792,65844480,4446,15456
1968,4,24,25,0,70744560,4792,66016620,4457,15460
1969,4,18,25,0,70782720,4791,66249660,4471,15464
1970,5,13,25,0,70818780,4790,66495480,4486,15469
1971,3,0,25,0,70847940,4787,66985380,4518,15472
1972,10,1,25,0,70869120,4785,66985440,4515,15482
1973,7,2,25,0,70896360,4785,66989100,4514,15489
1974,12,10,25,0,70918740,4785,66993000,4510,15501
1975,10,15,25,0,70953780,4786,67002660,4508,15511
1976,10,19,25,0,70993740,4787,67021680,4506,15521
1977,14,28,25,0,71023140,4787,67032480,4503,15535
1978,6,28,25,0,71056140,4788,67043880,4502,15541
1979,17,40,25,0,71081220,4788,67050540,4497,15558
1980,13,39,25,0,71120700,4788,67073220,4497,15571
1981,5,38,25,0,71151780,4789,67094160,4497,15576
1982,11,40,25,0,71191860,4790,67142580,4498,15587
1983,9,40,25,0,71212500,4790,67151820,4498,15596
1984,7,39,25,0,71255820,4791,67207740,4500,15603
1985,15,40,25,0,71284200,4791,67275480,4502,15618
1986,5,38,25,0,71309520,4791,67309860,4503,15623
1987,5,38,25,0,71345340,4792,67438500,4510,15628
1988,8,37,25,0,71389800,4792,67504260,4512,15636
1989,9,39,25,0,71412240,4791,67565280,4514,15645
1990,7,39,25,0,71445540,4792,67569060,4513,15652
1991,4,35,25,0,71482860,4792,67736760,4522,15656
1992,7,32,25,0,71523180,4791,67864260,4529,15663
1993,8,37,25,0,71533980,4791,67868460,4526,15671
1994,4,34,25,0,71580180,4792,67881360,4526,15675
1995,1,30,25,0,71602740,4792,67939920,4530,15676
1996,1,21,25,0,71648220,4791,68454180,4564,15677
1997,2,9,25,0,71684640,4789,69231120,4615,15679
1998,4,0,20,5,71710320,4785,69736920,4647,15683
1999,5,0,24,1,71714220,4785,69736920,4646,15688
2000,10,3,25,0,71746560,4785,69740520,4644,15698
2001,4,0,24,1,71777820,4785,69751620,4642,15702
2002,11,2,25,0,71810880,4785,69753060,4639,15713
2003,11,6,25,0,71836920,4784,69757200,4636,15724
2004,10,12,25,0,71857800,4784,69762300,4635,15734
2005,16,23,25,0,71882580,4784,69766200,4631,15750
2006,8,24,25,0,71932080,4785,69790620,4628,15758
2007,6,27,25,0,71952900,4786,69806280,4628,15764
2008,9,28,25,0,72000060,4786,69849000,4627,15773
2009,14,39,25,0,72016560,4787,69859380,4626,15787
2010,9,36,25,0,72064980,4788,69877560,4624,15796
2011,9,40,25,0,72094680,4788,69893280,4623,15805
2012,4,37,25,0,72113640,4788,69913440,4623,15809
2013,8,39,25,0,72148080,4789,69942120,4623,15817
2014,6,38,25,0,72190860,4790,69980160,4624,15823
2015,6,39,25,0,72214560,4790,69991500,4623,15829
2016,9,40,25,0,72254220,4791,70037820,4624,15838
2017,4,40,25,0,72254220,4791,70037820,4624,15842
2018,6,40,25,0,72254220,4791,70037820,4624,15848
2019,7,40,25,0,72254220,4791,70037820,4624,15855
2020,3,40,25,0,72254220,4791,70037820,4624,15858
2021,5,40,25,0,72254220,4791,70037820,4624,15863
2022,8,40,25,0,72254220,4791,70037820,4624,15871
2023,6,40,25,0,72254220,4791,70037820,4624,15877
2024,7,40,25,0,72254220,4791,70037820,4624,15884
2025,12,40,25,0,72254220,4791,70037820,4624,15896
2026,13,40,25,0,72254220,4791,70037820,4624,15909
2027,6,40,25,0,72254220,4791,70037820,4624,15915
2028,9,40,25,0,72254220,4791,70037820,4624,15924
2029,17,40,25,0,72254220,4791,70037820,4624,15941
2030,8,40,25,0,72254220,4791,70037820,4624,15949
2031,8,40,25,0,72254220,4791,70037820,4624,15957
2032,11,40,25,0,72254220,4791,70037820,4624,15968
2033,9,40,25,0,72254220,4791,70037820,4624,15977
2034,12,40,25,0,72254220,4791,70037820,4624,15989
2035,10,40,25,0,72254220,4791,70037820,4624,15999
2036,4,40,25,0,72254220,4791,70037820,4624,16003
2037,3,40,25,0,72254220,4791,70037820,4624,16006
2038,4,40,25,0,72254220,4791,70037820,4624,16010
2039,7,40,25,0,72254220,4791,70037820,4624,16017
2040,12,40,25,0,72254220,4791,70037820,4624,16029
2041,3,40,25,0,72254220,4791,70037820,4624,16032
2042,5,40,25,0,72254220,4791,70037820,4624,16037
2043,10,40,25,0,72254220,4791,70037820,4624,16047
2044,5,40,25,0,72254220,4791,70037820,4624,16052
2045,5,40,25,0,72254220,4791,70037820,4624,16057
2046,8,40,25,0,72254220,4791,70037820,4624,16065
2047,6,40,25,0,72254220,4791,70037820,4624,16071
2048,8,40,25,0,72254220,4791,70037820,4624,16079
2049,11,40,25,0,72254220,4791,70037820,4624,16090
2050,9,40,25,0,72254220,4791,70037820,4624,16099
2051,14,40,25,0,72254220,4791,70037820,4624,16113
2052,5,40,25,0,72254220,4791,70037820,4624,16118
2053,13,40,25,0,72254220,4791,70037820,4624,16131
2054,10,40,25,0,72254220,4791,70037820,4624,16141
2055,9,40,25,0,72254220,4791,70037820,4624,16150
2056,7,40,25,0,72254220,4791,70037820,4624,16157
2057,14,40,25,0,72254220,4791,70037820,4624,16171
2058,7,40,25,0,72254220,4791,70037820,4624,16178
2059,9,40,25,0,72254220,4791,70037820,4624,16187
2060,6,40,25,0,72254220,4791,70037820,4624,16193
2061,9,40,25,0,72254220,4791,70037820,4624,16202
2062,5,40,25,0,72254220,4791,70037820,4624,16207
2063,8,40,25,0,72254220,4791,70037820,4624,16215
2064,4,40,25,0,72254220,4791,70037820,4624,16219
2065,2,40,25,0,72254220,4791,70037820,4624,16221
2066,8,40,25,0,72254220,4791,70037820,4624,16229
2067,5,40,25,0,72254220,4791,70037820,4624,16234
2068,3,40,25,0,72254220,4791,70037820,4624,16237
2069,3,40,25,0,72254220,4791,70037820,4624,16240
2070,5,40,25,0,72254220,4791,70037820,4624,16245
2071,6,40,25,0,72254220,4791,70037820,4624,16251
2072,10,40,25,0,72254220,4791,70037820,4624,16261
2073,13,40,25,0,72254220,4791,70037820,4624,16274
2074,9,40,25,0,72254220,4791,70037820,4624,16283
2075,11,40,25,0,72254220,4791,70037820,4624,16294
2076,7,40,25,0,72254220,4791,70037820,4624,16301
2077,10,40,25,0,72254220,4791,70037820,4624,16311
2078,11,40,25,0,72254220,4791,70037820,4624,16322
2079,12,40,25,0,72254220,4791,70037820,4624,16334
2080,11,40,25,0,72254220,4791,70037820,4624,16345
2081,11,40,25,0,72254220,4791,70037820,4624,16356
2082,5,40,25,0,72254220,4791,70037820,4624,16361
2083,7,40,25,0,72254220,4791,70037820,4624,16368
2084,9,40,25,0,72254220,4791,70037820,4624,16377
2085,7,40,25,0,72254220,4791,70037820,4624,16384
2086,7,40,25,0,72254220,4791,70037820,4624,16391
2087,9,40,25,0,72254220,4791,70037820,4624,16400
2088,1,40,25,0,72254220,4791,70037820,4624,16401
2089,4,40,25,0,72254220,4791,70037820,4624,16405
2090,4,40,25,0,72254220,4791,70037820,4624,16409
2091,8,40,25,0,72254220,4791,70037820,4624,16417
2092,5,40,25,0,72254220,4791,70037820,4624,16422
2093,11,40,25,0,72254220,4791,70037820,4624,16433
2094,11,40,25,0,72254220,4791,70037820,4624,16444
2095,8,40,25,0,72254220,4791,70037820,4624,16452
2096,8,40,25,0,72254220,4791,70037820,4624,16460
2097,9,40,25,0,72254220,4791,70037820,4624,16469
2098,9,40,25,0,72254220,4791,70037820,4624,16478
2099,9,40,25,0,72254220,4791,70037820,4624,16487
2100,9,40,25,0,72254220,4791,70037820,4624,16496
2101,15,40,25,0,72254220,4791,70037820,4624,16511
2102,6,40,25,0,72254220,4791,70037820,4624,16517
2103,11,40,25,0,72254220,4791,70037820,4624,16528
2104,15,40,25,0,72254220,4791,70037820,4624,16543
2105,9,40,25,0,72254220,4791,70037820,4624,16552
2106,5,40,25,0,72254220,4791,70037820,4624,16557
2107,6,40,25,0,72254220,4791,70037820,4624,16563
2108,4,40,25,0,72254220,4791,70037820,4624,16567
2109,5,40,25,0,72254220,4791,70037820,4624,16572
2110,5,40,25,0,72254220,4791,70037820,4624,16577
2111,5,40,25,0,72254220,4791,70037820,4624,16582
2112,4,40,25,0,72254220,4791,70037820,4624,16586
2113,3,40,25,0,72254220,4791,70037820,4624,16589
2114,3,40,25,0,72254220,4791,70037820,4624,16592
2115,8,40,25,0,72254220,4791,70037820,4624,16600
2116,7,40,25,0,72254220,4791,70037820,4624,16607
2117,5,40,25,0,72254220,4791,70037820,4624,16612
2118,4,40,25,0,72254220,4791,70037820,4624,16616
2119,6,40,25,0,72254220,4791,70037820,4624,16622
2120,9,40,25,0,72254220,4791,70037820,4624,16631
2121,11,40,25,0,72254220,4791,70037820,4624,16642
2122,13,40,25,0,72254220,4791,70037820,4624,16655
2123,7,40,25,0,72254220,4791,70037820,4624,16662
2124,11,40,25,0,72254220,4791,70037820,4624,16673
2125,12,40,25,0,72254220,4791,70037820,4624,16685
2126,8,40,25,0,72254220,4791,70037820,4624,16693
2127,9,40,25,0,72254220,4791,70037820,4624,16702
2128,8,40,25,0,72254220,4791,70037820,4624,16710
2129,8,40,25,0,72254220,4791,70037820,4624,16718
2130,13,40,25,0,72254220,4791,70037820,4624,16731
2131,5,40,25,0,72254220,4791,70037820,4624,16736
2132,8,40,25,0,72254220,4791,70037820,4624,16744
2133,6,40,25,0,72254220,4791,70037820,4624,16750
2134,3,40,25,0,72254220,4791,70037820,4624,16753
2135,2,40,25,0,72254220,4791,70037820,4624,16755
2136,6,40,25,0,72254220,4791,70037820,4624,16761
2137,7,40,25,0,72254220,4791,70037820,4624,16768
2138,4,40,25,0,72254220,4791,70037820,4624,16772
2139,6,40,25,0,72254220,4791,70037820,4624,16778
2140,5,40,25,0,72254220,4791,70037820,4624,16783
2141,5,40,25,0,72254220,4791,70037820,4624,16788
2142,10,40,25,0,72254220,4791,70037820,4624,16798
2143,8,40,25,0,72254220,4791,70037820,4624,16806
2144,11,40,25,0,72254220,4791,70037820,4624,16817
2145,7,40,25,0,72254220,4791,70037820,4624,16824
2146,8,40,25,0,72254220,4791,70037820,4624,16832
2147,9,40,25,0,72254220,4791,70037820,4624,16841
2148,13,40,25,0,72254220,4791,70037820,4624,16854
2149,7,40,25,0,72254220,4791,70037820,4624,16861
2150,4,40,25,0,72254220,4791,70037820,4624,16865
2151,11,40,25,0,72254220,4791,70037820,4624,16876
2152,12,40,25,0,72254220,4791,70037820,4624,16888
2153,12,40,25,0,72254220,4791,70037820,4624,16900
2154,5,40,25,0,72254220,4791,70037820,4624,16905
2155,7,40,25,0,72254220,4791,70037820,4624,16912
2156,2,40,25,0,72254220,4791,70037820,4624,16914
2157,8,40,25,0,72254220,4791,70037820,4624,16922
2158,5,40,25,0,72254220,4791,70037820,4624,16927
2159,5,40,25,0,72254220,4791,70037820,4624,16932
2160,8,40,25,0,72254220,4791,70037820,4624,16940
2161,6,40,25,0,72254220,4791,70037820,4624,16946
2162,5,40,25,0,72254220,4791,70037820,4624,16951
2163,8,40,25,0,72254220,4791,70037820,4624,16959
2164,3,40,25,0,72254220,4791,70037820,4624,16962
2165,8,40,25,0,72254220,4791,70037820,4624,16970
2166,13,40,25,0,72254220,4791,70037820,4624,16983
2167,7,40,25,0,72254220,4791,70037820,4624,16990
2168,16,40,25,0,72254220,4791,70037820,4624,17006
2169,14,40,25,0,72254220,4791,70037820,4624,17020
2170,9,40,25,0,72254220,4791,70037820,4624,17029
2171,13,40,25,0,72254220,4791,70037820,4624,17042
2172,16,40,25,0,72254220,4791,70037820,4624,17058
2173,6,40,25,0,72254220,4791,70037820,4624,17064
2174,6,40,25,0,72254220,4791,70037820,4624,17070
2175,10,40,25,0,72254220,4791,70037820,4624,17080
2176,8,40,25,0,72254220,4791,70037820,4624,17088
2177,13,40,25,0,72254220,4791,70037820,4624,17101
2178,10,40,25,0,72254220,4791,70037820,4624,17111
2179,7,40,25,0,72254220,4791,70037820,4624,17118
2180,8,40,25,0,72254220,4791,70037820,4624,17126
2181,13,40,25,0,72254220,4791,70037820,4624,17139
2182,4,40,25,0,72254220,4791,70037820,4624,17143
2183,5,40,25,0,72254220,4791,70037820,4624,17148
2184,7,40,25,0,72254220,4791,70037820,4624,17155
2185,5,40,25,0,72254220,4791,70037820,4624,17160
2186,10,40,25,0,72254220,4791,70037820,4624,17170
2187,2,40,25,0,72254220,4791,70037820,4624,17172
2188,4,40,25,0,72254220,4791,70037820,4624,17176
2189,4,40,25,0,72254220,4791,70037820,4624,17180
2190,6,40,25,0,72254220,4791,70037820,4624,17186
2191,10,40,25,0,72254220,4791,70037820,4624,17196
2192,6,40,25,0,72254220,4791,70037820,4624,17202
2193,6,40,25,0,72254220,4791,70037820,4624,17208
2194,5,40,25,0,72254220,4791,70037820,4624,17213
2195,8,40,25,0,72254220,4791,70037820,4624,17221
2196,10,40,25,0,72254220,4791,70037820,4624,17231
2197,10,40,25,0,72254220,4791,70037820,4624,17241
2198,17,40,25,0,72254220,4791,70037820,4624,17258
2199,4,40,25,0,72254220,4791,70037820,4624,17262
2200,16,40,25,0,72254220,4791,70037820,4624,17278
2201,8,40,25,0,72254220,4791,70037820,4624,17286
2202,6,40,25,0,72254220,4791,70037820,4624,17292
2203,9,40,25,0,72254220,4791,70037820,4624,17301
2204,5,40,25,0,72254220,4791,70037820,4624,17306
2205,7,40,25,0,72254220,4791,70037820,4624,17313
2206,8,40,25,0,72254220,4791,70037820,4624,17321
2207,3,40,25,0,72254220,4791,70037820,4624,17324
2208,6,40,25,0,72254220,4791,70037820,4624,17330
2209,8,40,25,0,72254220,4791,70037820,4624,17338
2210,2,40,25,0,72254220,4791,70037820,4624,17340
2211,6,40,25,0,72254220,4791,70037820,4624,17346
2212,1,40,25,0,72254220,4791,70037820,4624,17347
2213,5,40,25,0,72254220,4791,70037820,4624,17352
2214,4,40,25,0,72254220,4791,70037820,4624,17356
2215,7,40,25,0,72254220,4791,70037820,4624,17363
2216,8,40,25,0,72254220,4791,70037820,4624,17371
2217,7,40,25,0,72254220,4791,70037820,4624,17378
2218,14,40,25,0,72254220,4791,70037820,4624,17392
2219,6,40,25,0,72254220,4791,70037820,4624,17398
2220,7,40,25,0,72254220,4791,70037820,4624,17405
2221,4,40,25,0,72254220,4791,70037820,4624,17409
2222,11,40,25,0,72254220,4791,70037820,4624,17420
2223,9,40,25,0,72254220,4791,70037820,4624,17429
2224,20,40,25,0,72254220,4791,70037820,4624,17449
2225,16,40,25,0,72254220,4791,70037820,4624,17465
2226,10,40,25,0,72254220,4791,70037820,4624,17475
2227,6,40,25,0,72254220,4791,70037820,4624,17481
2228,10,40,25,0,72254220,4791,70037820,4624,17491
2229,4,40,25,0,72254220,4791,70037820,4624,17495
2230,4,40,25,0,72254220,4791,70037820,4624,17499
2231,8,40,25,0,72254220,4791,70037820,4624,17507
2232,7,40,25,0,72254220,4791,70037820,4624,17514
2233,4,40,25,0,72254220,4791,70037820,4624,17518
2234,8,40,25,0,72254220,4791,70037820,4624,17526
2235,8,40,25,0,72254220,4791,70037820,4624,17534
2236,3,40,25,0,72254220,4791,70037820,4624,17537
2237,11,40,25,0,72254220,4791,70037820,4624,17548
2238,4,40,25,0,72254220,4791,70037820,4624,17552
2239,6,40,25,0,72254220,4791,70037820,4624,17558
2240,5,40,25,0,72254220,4791,70037820,4624,17563
2241,4,40,25,0,72254220,4791,70037820,4624,17567
2242,11,40,25,0,72254220,4791,70037820,4624,17578
2243,4,40,25,0,72254220,4791,70037820,4624,17582
2244,12,40,25,0,72254220,4791,70037820,4624,17594
2245,9,40,25,0,72254220,4791,70037820,4624,17603
2246,11,40,25,0,72254220,4791,70037820,4624,17614
2247,12,40,25,0,72254220,4791,70037820,4624,17626
2248,10,40,25,0,72254220,4791,70037820,4624,17636
2249,6,40,25,0,72254220,4791,70037820,4624,17642
2250,10,40,25,0,72254220,4791,70037820,4624,17652
2251,3,40,25,0,72254220,4791,70037820,4624,17655
2252,12,40,25,0,72254220,4791,70037820,4624,17667
2253,3,40,25,0,72254220,4791,70037820,4624,17670
2254,5,40,25,0,72254220,4791,70037820,4624,17675
2255,6,40,25,0,72254220,4791,70037820,4624,17681
2256,4,40,25,0,72254220,4791,70037820,4624,17685
2257,4,40,25,0,72254220,4791,70037820,4624,17689
2258,5,40,25,0,72254220,4791,70037820,4624,17694
2259,4,40,25,0,72254220,4791,70037820,4624,17698
2260,12,40,25,0,72254220,4791,70037820,4624,17710
2261,9,40,25,0,72254220,4791,70037820,4624,17719
2262,8,40,25,0,72254220,4791,70037820,4624,17727
2263,3,40,25,0,72254220,4791,70037820,4624,17730
2264,5,40,25,0,72254220,4791,70037820,4624,17735
2265,10,40,25,0,72254220,4791,70037820,4624,17745
2266,11,40,25,0,72254220,4791,70037820,4624,17756
2267,11,40,25,0,72254220,4791,70037820,4624,17767
2268,10,40,25,0,72254220,4791,70037820,4624,17777
2269,6,40,25,0,72254220,4791,70037820,4624,17783
2270,11,40,25,0,72254220,4791,70037820,4624,17794
2271,12,40,25,0,72254220,4791,70037820,4624,17806
2272,10,40,25,0,72254220,4791,70037820,4624,17816
2273,11,40,25,0,72254220,4791,70037820,4624,17827
2274,5,40,25,0,72254220,4791,70037820,4624,17832
2275,9,40,25,0,72254220,4791,70037820,4624,17841
2276,7,40,25,0,72254220,4791,70037820,4624,17848
2277,5,40,25,0,72254220,4791,70037820,4624,17853
2278,3,40,25,0,72254220,4791,70037820,4624,17856
2279,8,40,25,0,72254220,4791,70037820,4624,17864
2280,2,40,25,0,72254220,4791,70037820,4624,17866
2281,10,40,25,0,72254220,4791,70037820,4624,17876
2282,6,40,25,0,72254220,4791,70037820,4624,17882
2283,7,40,25,0,72254220,4791,70037820,4624,17889
2284,6,40,25,0,72254220,4791,70037820,4624,17895
2285,7,40,25,0,72254220,4791,70037820,4624,17902
2286,9,40,25,0,72254220,4791,70037820,4624,17911
2287,12,40,25,0,72254220,4791,70037820,4624,17923
2288,2,40,25,0,72254220,4791,70037820,4624,17925
2289,8,40,25,0,72254220,4791,70037820,4624,17933
2290,11,40,25,0,72254220,4791,70037820,4624,17944
2291,10,40,25,0,72254220,4791,70037820,4624,17954
2292,12,40,25,0,72254220,4791,70037820,4624,17966
2293,7,40,25,0,72254220,4791,70037820,4624,17973
2294,11,40,25,0,72254220,4791,70037820,4624,17984
2295,9,40,25,0,72254220,4791,70037820,4624,17993
2296,9,40,25,0,72254220,4791,70037820,4624,18002
2297,6,40,25,0,72254220,4791,70037820,4624,18008
2298,9,40,25,0,72254220,4791,70037820,4624,18017
2299,5,40,25,0,72254220,4791,70037820,4624,18022
2300,11,40,25,0,72254220,4791,70037820,4624,18033
2301,9,40,25,0,72254220,4791,70037820,4624,18042
2302,7,40,25,0,72254220,4791,70037820,4624,18049
2303,3,40,25,0,72254220,4791,70037820,4624,18052
2304,6,40,25,0,72254220,4791,70037820,4624,18058
2305,3,40,25,0,72254220,4791,70037820,4624,18061
2306,8,40,25,0,72254220,4791,70037820,4624,18069
2307,5,40,25,0,72254220,4791,70037820,4624,18074
2308,11,40,25,0,72254220,4791,70037820,4624,18085
2309,5,40,25,0,72254220,4791,70037820,4624,18090
2310,6,40,25,0,72254220,4791,70037820,4624,18096
2311,5,40,25,0,72254220,4791,70037820,4624,18101
2312,12,40,25,0,72254220,4791,70037820,4624,18113
2313,8,40,25,0,72254220,4791,70037820,4624,18121
2314,10,40,25,0,72254220,4791,70037820,4624,18131
2315,15,40,25,0,72254220,4791,70037820,4624,18146
2316,6,40,25,0,72254220,4791,70037820,4624,18152
2317,14,40,25,0,72254220,4791,70037820,4624,18166
2318,6,40,25,0,72254220,4791,70037820,4624,18172
2319,10,40,25,0,72254220,4791,70037820,4624,18182
2320,16,40,25,0,72254220,4791,70037820,4624,18198
2321,10,40,25,0,72254220,4791,70037820,4624,18208
2322,10,40,25,0,72254220,4791,70037820,4624,18218
2323,11,40,25,0,72254220,4791,70037820,4624,18229
2324,8,40,25,0,72254220,4791,70037820,4624,18237
2325,5,40,25,0,72254220,4791,70037820,4624,18242
2326,8,40,25,0,72254220,4791,70037820,4624,18250
2327,6,40,25,0,72254220,4791,70037820,4624,18256
2328,5,40,25,0,72254220,4791,70037820,4624,18261
2329,6,40,25,0,72254220,4791,70037820,4624,18267
2330,8,40,25,0,72254220,4791,70037820,4624,18275
2331,4,40,25,0,72254220,4791,70037820,4624,18279
2332,6,40,25,0,72254220,4791,70037820,4624,18285
2333,2,40,25,0,72254220,4791,70037820,4624,18287
2334,6,40,25,0,72254220,4791,70037820,4624,18293
2335,9,40,25,0,72254220,4791,70037820,4624,18302
2336,6,40,25,0,72254220,4791,70037820,4624,18308
2337,13,40,25,0,72254220,4791,70037820,4624,18321
2338,13,40,25,0,72254220,4791,70037820,4624,18334
2339,11,40,25,0,72254220,4791,70037820,4624,18345
2340,10,40,25,0,72254220,4791,70037820,4624,18355
2341,13,40,25,0,72254220,4791,70037820,4624,18368
2342,8,40,25,0,72254220,4791,70037820,4624,18376
2343,12,40,25,0,72254220,4791,70037820,4624,18388
2344,10,40,25,0,72254220,4791,70037820,4624,18398
2345,11,40,25,0,72254220,4791,70037820,4624,18409
2346,14,40,25,0,72254220,4791,70037820,4624,18423
2347,6,40,25,0,72254220,4791,70037820,4624,18429
2348,4,40,25,0,72254220,4791,70037820,4624,18433
2349,3,40,25,0,72254220,4791,70037820,4624,18436
2350,2,40,25,0,72254220,4791,70037820,4624,18438
2351,7,40,25,0,72254220,4791,70037820,4624,18445
2352,8,40,25,0,72254220,4791,70037820,4624,18453
2353,6,40,25,0,72254220,4791,70037820,4624,18459
2354,6,40,25,0,72254220,4791,70037820,4624,18465
2355,5,40,25,0,72254220,4791,70037820,4624,18470
2356,7,40,25,0,72254220,4791,70037820,4624,18477
2357,4,40,25,0,72254220,4791,70037820,4624,18481
2358,9,40,25,0,72254220,4791,70037820,4624,18490
2359,15,40,25,0,72254220,4791,70037820,4624,18505
2360,7,40,25,0,72254220,4791,70037820,4624,18512
2361,8,40,25,0,72254220,4791,70037820,4624,18520
2362,12,40,25,0,72254220,4791,70037820,4624,18532
2363,8,40,25,0,72254220,4791,70037820,4624,18540
2364,8,40,25,0,72254220,4791,70037820,4624,18548
2365,19,40,25,0,72254220,4791,70037820,4624,18567
2366,10,40,25,0,72254220,4791,70037820,4624,18577
2367,10,40,25,0,72254220,4791,70037820,4624,18587
2368,10,40,25,0,72254220,4791,70037820,4624,18597
2369,12,40,25,0,72254220,4791,70037820,4624,18609
2370,10,40,25,0,72254220,4791,70037820,4624,18619
2371,10,40,25,0,72254220,4791,70037820,4624,18629
2372,3,40,25,0,72254220,4791,70037820,4624,18632
2373,2,40,25,0,72254220,4791,70037820,4624,18634
2374,9,40,25,0,72254220,4791,70037820,4624,18643
2375,6,40,25,0,72254220,4791,70037820,4624,18649
2376,4,40,25,0,72254220,4791,70037820,4624,18653
2377,3,40,25,0,72254220,4791,70037820,4624,18656
2378,3,40,25,0,72254220,4791,70037820,4624,18659
2379,5,40,25,0,72254220,4791,70037820,4624,18664
2380,5,40,25,0,72254220,4791,70037820,4624,18669
2381,2,40,25,0,72254220,4791,70037820,4624,18671
2382,7,40,25,0,72254220,4791,70037820,4624,18678
2383,12,40,25,0,72254220,4791,70037820,4624,18690
2384,10,40,25,0,72254220,4791,70037820,4624,18700
2385,14,40,25,0,72254220,4791,70037820,4624,18714
2386,12,40,25,0,72254220,4791,70037820,4624,18726
2387,11,40,25,0,72254220,4791,70037820,4624,18737
2388,9,40,25,0,72254220,4791,70037820,4624,18746
2389,11,40,25,0,72254220,4791,70037820,4624,18757
2390,9,40,25,0,72254220,4791,70037820,4624,18766
2391,15,40,25,0,72254220,4791,70037820,4624,18781
2392,16,40,25,0,72254220,4791,70037820,4624,18797
2393,12,40,25,0,72254220,4791,70037820,4624,18809
2394,9,40,25,0,72254220,4791,70037820,4624,18818
2395,7,40,25,0,72254220,4791,70037820,4624,18825
2396,5,40,25,0,72254220,4791,70037820,4624,18830
2397,7,40,25,0,72254220,4791,70037820,4624,18837
2398,10,40,25,0,72254220,4791,70037820,4624,18847
2399,7,40,25,0,72254220,4791,70037820,4624,18854

