Hour,Arrivals,Waiting,Treating,Available Rooms,Total Treatment Time,Average Treatment Time,Total Wait Time,Average Wait Time,Total Arrivals
1,3,0,3,22,0,0,0,0,3
2,7,0,8,17,5760,2880,0,0,10
3,4,0,6,19,25200,3150,0,0,14
4,3,0,7,18,36420,3642,0,0,17
5,7,0,8,17,56820,3551,0,0,24
6,6,0,6,19,93540,3897,0,0,30
7,6,0,8,17,112980,4035,0,0,36
8,3,0,5,20,143940,4233,0,0,39
9,11,0,12,13,166140,4372,0,0,50
10,12,0,15,10,194820,4145,0,0,62
11,6,0,13,12,238440,4335,0,0,68
12,14,0,17,8,290280,4465,0,0,82
13,9,0,12,13,360120,4558,0,0,91
14,8,0,12,13,392580,4512,0,0,99
15,10,0,12,13,440100,4537,0,0,109
16,12,0,14,11,482700,4511,0,0,121
17,11,0,13,12,531120,4463,0,0,132
18,10,0,12,13,593940,4568,0,0,142
19,3,0,10,15,621360,4602,0,0,145
20,8,0,10,15,661980,4629,0,0,153
21,5,0,7,18,706440,4678,0,0,158
22,6,0,7,18,739500,4710,0,0,164
23,13,0,16,9,759000,4714,0,0,177
24,5,0,10,15,800340,4653,0,0,182
25,8,0,10,15,845460,4697,0,0,190
26,1,0,1,24,886740,4667,0,0,191
27,1,0,1,24,891900,4669,0,0,192
28,6,0,5,20,896280,4643,0,0,198
29,3,0,2,23,917280,4609,0,0,201
30,6,0,4,21,928980,4576,0,0,207
31,6,0,8,17,936000,4565,0,0,213
32,6,0,8,17,962700,4562,0,0,219
33,6,0,9,16,985500,4562,0,0,225
34,9,0,14,11,1007760,4580,0,0,234
35,7,0,11,14,1056060,4591,0,0,241
36,10,0,13,12,1091160,4584,0,0,251
37,15,0,20,5,1134660,4612,0,0,266
38,7,0,12,13,1192500,4568,0,0,273
39,5,0,7,18,1249920,4612,0,0,278
40,7,0,9,16,1280040,4637,0,0,285
41,8,0,8,17,1311060,4600,0,0,293
42,9,0,9,16,1337460,4564,0,0,302
43,10,0,13,12,1365060,4565,0,0,312
44,12,0,15,10,1421820,4601,0,0,324
45,4,0,16,9,1433880,4595,0,0,328
46,5,0,7,18,1521780,4668,0,0,333
47,2,0,5,20,1540560,4668,0,0,335
48,6,0,5,20,1565820,4660,0,0,341
49,8,0,11,14,1569540,4643,0,0,349
50,3,0,6,19,1607640,4646,0,0,352
51,5,0,8,17,1626240,4659,0,0,357
52,8,0,9,16,1660320,4663,0,0,365
53,5,0,7,18,1693560,4665,0,0,370
54,10,0,12,13,1714620,4659,0,0,380
55,9,0,12,13,1758240,4663,0,0,389
56,2,0,7,18,1786200,4651,0,0,391
57,6,0,6,19,1825620,4669,0,0,397
58,12,0,15,10,1833000,4652,0,0,409
59,6,0,9,16,1890060,4655,0,0,415
60,16,0,15,10,1934460,4650,0,0,431
61,7,0,12,13,1985340,4660,0,0,438
62,11,0,14,11,2028540,4663,0,0,449
63,11,0,17,8,2069940,4672,0,0,460
64,12,0,18,7,2127480,4686,0,0,472
65,13,0,18,7,2190720,4691,0,0,485
66,9,0,15,10,2247660,4692,0,0,494
67,9,0,12,13,2306040,4696,0,0,503
68,6,0,10,15,2347320,4704,0,0,509
69,7,0,9,16,2390580,4715,0,0,516
70,6,0,9,16,2413260,4704,0,0,522
71,2,0,4,21,2453400,4718,0,0,524
72,4,0,3,22,2480040,4723,0,0,528
73,4,0,7,18,2480040,4723,0,0,532
74,7,0,9,16,2504880,4726,0,0,539
75,4,0,7,18,2533860,4727,0,0,543
76,7,0,9,16,2557440,4727,0,0,550
77,7,0,8,17,2599080,4734,0,0,557
78,15,0,18,7,2627280,4742,0,0,572
79,8,0,12,13,2677560,4714,0,0,580
80,11,0,17,8,2716080,4731,0,0,591
81,5,0,12,13,2763060,4731,0,0,596
82,11,0,12,13,2811540,4725,0,0,607
83,8,0,11,14,2855940,4728,0,0,615
84,7,0,13,12,2892480,4749,0,0,622
85,10,0,12,13,2942520,4746,0,0,632
86,7,0,11,14,2980980,4746,0,0,639
87,8,0,12,13,3018540,4753,0,0,647
88,8,0,11,14,3067140,4762,0,0,655
89,15,0,15,10,3111780,4750,0,0,670
90,6,0,9,16,3156720,4732,0,0,676
91,9,0,11,14,3194100,4739,0,0,685
92,10,0,15,10,3210840,4721,0,0,695
93,10,0,12,13,3279840,4732,0,0,705
94,5,0,7,18,3340260,4751,0,0,710
95,4,0,4,21,3374340,4752,0,0,714
96,2,0,3,22,3389700,4754,0,0,716
97,3,0,4,21,3400920,4756,0,0,719
98,3,0,5,20,3413640,4761,0,0,722
99,6,0,9,16,3417360,4752,0,0,728
100,5,0,7,18,3459300,4764,0,0,733
101,8,0,9,16,3481440,4756,0,0,741
102,3,0,7,18,3504180,4754,0,0,744
103,9,0,6,19,3547500,4748,0,0,753
104,9,0,12,13,3559740,4746,0,0,762
105,9,0,13,12,3600000,4749,0,0,771
106,11,0,15,10,3635760,4740,0,0,782
107,15,0,18,7,3686940,4732,0,0,797
108,13,0,12,13,3761460,4713,0,0,810
109,10,0,15,10,3790860,4709,0,0,820
110,11,0,14,11,3844920,4706,0,0,831
111,6,0,10,15,3894540,4709,0,0,837
112,12,0,14,11,3932340,4709,0,0,849
113,8,0,11,14,3983460,4708,0,0,857
114,8,0,13,12,4011300,4708,0,0,865
115,8,0,11,14,4049820,4698,0,0,873
116,2,0,7,18,4085280,4706,0,0,875
117,7,0,7,18,4128540,4718,0,0,882
118,1,0,5,20,4140660,4716,0,0,883
119,4,0,4,21,4169280,4721,0,0,887
120,7,0,8,17,4180560,4718,0,0,894
121,5,0,8,17,4209900,4724,0,0,899
122,5,0,6,19,4239300,4720,0,0,904
123,2,0,5,20,4252140,4719,0,0,906
124,4,0,5,20,4272480,4720,0,0,910
125,5,0,8,17,4283160,4722,0,0,915
126,2,0,7,18,4299300,4724,0,0,917
127,13,0,12,13,4335720,4723,0,0,930
128,6,0,12,13,4361340,4720,0,0,936
129,9,0,13,12,4405080,4726,0,0,945
130,10,0,10,15,4464780,4724,0,0,955
131,15,0,15,10,4502340,4714,0,0,970
132,8,0,8,17,4562460,4703,0,0,978
133,7,0,9,16,4593000,4705,0,0,985
134,10,0,12,13,4625700,4705,0,0,995
135,9,0,9,16,4678080,4701,0,0,1004
136,16,0,17,8,4709160,4695,0,0,1020
137,8,0,12,13,4772220,4697,0,0,1028
138,6,0,10,15,4812660,4699,0,0,1034
139,7,0,8,17,4862940,4707,0,0,1041
140,6,0,7,18,4886880,4698,0,0,1047
141,7,0,9,16,4904340,4693,0,0,1054
142,7,0,8,17,4935480,4687,0,0,1061
143,5,0,6,19,4973820,4692,0,0,1066
144,5,0,7,18,4987260,4687,0,0,1071
145,5,0,9,16,4997700,4683,0,0,1076
146,9,0,9,16,5041560,4685,0,0,1085
147,6,0,9,16,5073240,4688,0,0,1091
148,6,0,11,14,5093460,4690,0,0,1097
149,7,0,11,14,5136120,4699,0,0,1104
150,6,0,9,16,5174460,4699,0,0,1110
151,4,0,6,19,5215860,4707,0,0,1114
152,9,0,10,15,5245200,4712,0,0,1123
153,9,0,14,11,5265600,4709,0,0,1132
154,14,0,17,8,5317320,4709,0,0,1146
155,10,0,17,8,5356020,4702,0,0,1156
156,10,0,10,15,5448240,4713,0,0,1166
157,9,0,12,13,5484180,4715,0,0,1175
158,7,0,10,15,5525700,4714,0,0,1182
159,11,0,11,14,5568300,4710,0,0,1193
160,8,0,12,13,5602500,4711,0,0,1201
161,5,0,10,15,5645280,4720,0,0,1206
162,5,0,9,16,5677260,4723,0,0,1211
163,5,0,7,18,5724900,4735,0,0,1216
164,5,0,4,21,5756940,4730,0,0,1221
165,5,0,5,20,5769300,4725,0,0,1226
166,8,0,8,17,5791500,4723,0,0,1234
167,6,0,10,15,5806620,4720,0,0,1240
168,7,0,8,17,5852400,4723,0,0,1247
169,2,0,4,21,5883060,4725,0,0,1249
170,6,0,5,20,5907600,4726,0,0,1255
171,8,0,12,13,5908800,4723,0,0,1263
172,5,0,9,16,5943420,4720,0,0,1268
173,5,0,5,20,5995920,4728,0,0,1273
174,11,0,13,12,6002880,4722,0,0,1284
175,5,0,9,16,6044580,4722,0,0,1289
176,8,0,10,15,6092460,4733,0,0,1297
177,10,0,14,11,6117600,4731,0,0,1307
178,12,0,15,10,6176400,4736,0,0,1319
179,9,0,14,11,6211560,4727,0,0,1328
180,7,0,10,15,6264840,4728,0,0,1335
181,2,0,5,20,6309000,4736,0,0,1337
182,11,0,13,12,6327360,4739,0,0,1348
183,14,0,20,5,6358560,4738,0,0,1362
184,4,0,11,14,6423360,4740,0,0,1366
185,9,0,12,13,6470940,4747,0,0,1375
186,4,0,6,19,6523020,4750,0,0,1379
187,7,0,9,16,6541500,4750,0,0,1386
188,7,0,7,18,6583680,4750,0,0,1393
189,9,0,10,15,6602880,4743,0,0,1402
190,8,0,12,13,6633540,4745,0,0,1410
191,6,0,8,17,6676140,4741,0,0,1416
192,3,0,5,20,6710040,4745,0,0,1419
193,4,0,5,20,6732540,4747,0,0,1423
194,5,0,4,21,6750660,4740,0,0,1428
195,6,0,9,16,6755940,4741,0,0,1434
196,7,0,8,17,6794580,4741,0,0,1441
197,4,0,6,19,6826920,4744,0,0,1445
198,8,0,11,14,6834840,4739,0,0,1453
199,11,0,11,14,6869520,4727,0,0,1464
200,16,0,16,9,6916380,4724,0,0,1480
201,9,0,16,9,6961680,4726,0,0,1489
202,5,0,7,18,7037040,4732,0,0,1494
203,13,0,12,13,7070520,4729,0,0,1507
204,18,0,22,3,7090800,4717,0,0,1525
205,6,0,13,12,7177380,4728,0,0,1531
206,12,0,15,10,7242720,4740,0,0,1543
207,15,0,20,5,7282020,4734,0,0,1558
208,12,0,16,9,7364700,4739,0,0,1570
209,12,0,13,12,7438380,4740,0,0,1582
210,9,0,18,7,7457460,4740,0,0,1591
211,6,0,9,16,7540080,4748,0,0,1597
212,12,0,12,13,7580760,4746,0,0,1609
213,7,0,14,11,7604820,4747,0,0,1616
214,5,0,6,19,7669680,4749,0,0,1621
215,10,0,14,11,7677360,4747,0,0,1631
216,5,0,6,19,7738380,4747,0,0,1636
217,9,0,6,19,7765200,4737,0,0,1645
218,7,0,9,16,7781460,4736,0,0,1652
219,3,0,5,20,7805880,4730,0,0,1655
220,3,0,3,22,7832820,4732,0,0,1658
221,8,0,8,17,7845420,4731,0,0,1666
222,10,0,13,12,7865100,4729,0,0,1676
223,11,0,13,12,7917360,4729,0,0,1687
224,13,0,17,8,7948620,4722,0,0,1700
225,7,0,13,12,8008380,4727,0,0,1707
226,15,0,15,10,8064000,4724,0,0,1722
227,7,0,13,12,8101920,4721,0,0,1729
228,9,0,9,16,8165100,4722,0,0,1738
229,11,0,12,13,8197020,4719,0,0,1749
230,6,0,11,14,8230500,4719,0,0,1755
231,8,0,11,14,8271960,4721,0,0,1763
232,10,0,11,14,8318040,4720,0,0,1773
233,12,0,14,11,8354040,4717,0,0,1785
234,7,0,12,13,8397060,4717,0,0,1792
235,10,0,12,13,8449680,4720,0,0,1802
236,8,0,9,16,8494560,4716,0,0,1810
237,4,0,7,18,8525520,4718,0,0,1814
238,4,0,6,19,8552640,4720,0,0,1818
239,5,0,6,19,8572380,4717,0,0,1823
240,7,0,10,15,8588100,4718,0,0,1830
241,4,0,6,19,8631840,4722,0,0,1834
242,3,0,5,20,8644920,4718,0,0,1837
243,4,0,2,23,8678940,4719,0,0,1841
244,6,0,6,19,8687640,4718,0,0,1847
245,9,0,12,13,8699580,4717,0,0,1856
246,6,0,7,18,8751600,4717,0,0,1862
247,4,0,5,20,8785800,4721,0,0,1866
248,14,0,16,9,8796240,4719,0,0,1880
249,7,0,14,11,8835660,4717,0,0,1887
250,7,0,10,15,8896740,4722,0,0,1894
251,10,0,11,14,8936940,4721,0,0,1904
252,13,0,18,7,8958660,4717,0,0,1917
253,6,0,10,15,9027180,4718,0,0,1923
254,10,0,15,10,9057480,4722,0,0,1933
255,16,0,15,10,9121620,4716,0,0,1949
256,6,0,10,15,9178800,4719,0,0,1955
257,12,0,13,12,9218220,4717,0,0,1967
258,8,0,11,14,9277560,4723,0,0,1975
259,8,0,9,16,9328680,4725,0,0,1983
260,5,0,8,17,9352260,4723,0,0,1988
261,5,0,8,17,9379680,4725,0,0,1993
262,3,0,6,19,9409800,4728,0,0,1996
263,3,0,4,21,9436380,4730,0,0,1999
264,8,0,8,17,9455400,4730,0,0,2007
265,4,0,8,17,9475260,4730,0,0,2011
266,6,0,6,19,9514260,4731,0,0,2017
267,6,0,7,18,9538320,4731,0,0,2023
268,7,0,11,14,9549300,4729,0,0,2030
269,4,0,5,20,9601620,4732,0,0,2034
270,11,0,11,14,9628080,4733,0,0,2045
271,5,0,10,15,9652140,4731,0,0,2050
272,6,0,9,16,9690060,4733,0,0,2056
273,12,0,14,11,9720300,4732,0,0,2068
274,11,0,16,9,9763980,4732,0,0,2079
275,12,0,17,8,9813960,4731,0,0,2091
276,10,0,13,12,9878400,4731,0,0,2101
277,15,0,20,5,9933840,4739,0,0,2116
278,11,0,17,8,9996060,4737,0,0,2127
279,10,0,14,11,10068300,4742,0,0,2137
280,13,0,14,11,10130220,4742,0,0,2150
281,14,0,20,5,10165260,4741,0,0,2164
282,11,0,19,6,10230540,4745,0,0,2175
283,6,0,10,15,10316700,4752,0,0,2181
284,6,0,5,20,10362960,4749,0,0,2187
285,6,0,8,17,10376340,4748,0,0,2193
286,6,0,8,17,10405800,4749,0,0,2199
287,7,0,6,19,10444260,4747,0,0,2206
288,3,0,5,20,10460160,4745,0,0,2209
289,6,0,7,18,10480620,4746,0,0,2215
290,3,0,6,19,10501260,4747,0,0,2218
291,5,0,7,18,10525020,4749,0,0,2223
292,3,0,7,18,10538040,4749,0,0,2226
293,6,0,8,17,10551720,4744,0,0,2232
294,4,0,3,22,10603800,4748,0,0,2236
295,7,0,7,18,10616100,4747,0,0,2243
296,9,0,10,15,10635120,4743,0,0,2252
297,3,0,7,18,10668960,4745,0,0,2255
298,9,0,8,17,10704240,4744,0,0,2264
299,5,0,8,17,10727400,4744,0,0,2269
300,13,0,13,12,10750560,4738,0,0,2282
301,18,0,22,3,10792680,4737,0,0,2300
302,9,0,14,11,10868400,4735,0,0,2309
303,12,0,15,10,10922400,4736,0,0,2321
304,3,0,9,16,10966800,4737,0,0,2324
305,4,0,4,21,11020980,4742,0,0,2328
306,7,0,7,18,11034420,4739,0,0,2335
307,8,0,9,16,11057040,4737,0,0,2343
308,5,0,8,17,11079780,4734,0,0,2348
309,8,0,12,13,11099040,4735,0,0,2356
310,3,0,6,19,11150160,4738,0,0,2359
311,4,0,5,20,11176740,4739,0,0,2363
312,6,0,7,18,11195460,4739,0,0,2369
313,11,0,13,12,11219760,4740,0,0,2380
314,6,0,11,14,11255580,4739,0,0,2386
315,10,0,12,13,11306460,4742,0,0,2396
316,4,0,8,17,11345460,4743,0,0,2400
317,5,0,6,19,11385600,4745,0,0,2405
318,9,0,9,16,11411640,4744,0,0,2414
319,16,0,18,7,11446260,4745,0,0,2430
320,9,0,16,9,11495040,4744,0,0,2439
321,10,0,15,10,11555160,4747,0,0,2449
322,9,0,14,11,11612760,4751,0,0,2458
323,16,0,20,5,11665680,4753,0,0,2474
324,5,0,12,13,11730720,4755,0,0,2479
325,8,0,11,14,11780760,4757,0,0,2487
326,11,0,16,9,11821680,4762,0,0,2498
327,9,0,17,8,11868960,4766,0,0,2507
328,10,0,16,9,11930700,4770,0,0,2517
329,6,0,7,18,12004560,4771,0,0,2523
330,5,0,7,18,12023340,4769,0,0,2528
331,4,0,8,17,12038760,4769,0,0,2532
332,6,0,7,18,12076620,4771,0,0,2538
333,7,0,9,16,12096540,4769,0,0,2545
334,3,0,6,19,12131280,4772,0,0,2548
335,6,0,9,16,12148800,4773,0,0,2554
336,4,0,7,18,12178020,4773,0,0,2558
337,3,0,3,22,12205980,4771,0,0,2561
338,3,0,4,21,12213840,4771,0,0,2564
339,7,0,8,17,12227520,4770,0,0,2571
340,6,0,8,17,12253920,4769,0,0,2577
341,11,0,13,12,12275520,4767,0,0,2588
342,4,0,8,17,12324960,4769,0,0,2592
343,8,0,9,16,12362580,4771,0,0,2600
344,5,0,7,18,12391380,4769,0,0,2605
345,7,0,6,19,12424140,4767,0,0,2612
346,9,0,10,15,12439140,4764,0,0,2621
347,10,0,12,13,12473460,4762,0,0,2631
348,12,0,14,11,12521220,4762,0,0,2643
349,10,0,14,11,12565080,4761,0,0,2653
350,9,0,13,12,12603960,4758,0,0,2662
351,11,0,14,11,12655380,4759,0,0,2673
352,12,0,17,8,12696660,4758,0,0,2685
353,7,0,11,14,12766320,4761,0,0,2692
354,8,0,12,13,12797820,4761,0,0,2700
355,8,0,10,15,12850740,4763,0,0,2708
356,5,0,9,16,12869820,4759,0,0,2713
357,6,0,6,19,12925020,4764,0,0,2719
358,6,0,9,16,12932340,4761,0,0,2725
359,6,0,7,18,12971460,4761,0,0,2731
360,8,0,13,12,12982620,4762,0,0,2739
361,2,0,7,18,13018560,4761,0,0,2741
362,4,0,3,22,13070820,4766,0,0,2745
363,5,0,4,21,13084140,4764,0,0,2750
364,5,0,8,17,13089300,4764,0,0,2755
365,10,0,10,15,13124400,4763,0,0,2765
366,7,0,10,15,13146120,4759,0,0,2772
367,5,0,8,17,13177980,4759,0,0,2777
368,10,0,10,15,13218480,4759,0,0,2787
369,7,0,9,16,13257240,4760,0,0,2794
370,10,0,12,13,13284120,4757,0,0,2804
371,12,0,13,12,13332060,4756,0,0,2816
372,8,0,9,16,13376220,4751,0,0,2824
373,15,0,18,7,13399800,4750,0,0,2839
374,12,0,15,10,13459320,4745,0,0,2851
375,12,0,15,10,13513920,4745,0,0,2863
376,8,0,12,13,13561200,4743,0,0,2871
377,6,0,9,16,13611960,4746,0,0,2877
378,5,0,6,19,13651380,4746,0,0,2882
379,11,0,13,12,13662960,4744,0,0,2893
380,10,0,13,12,13706640,4742,0,0,2903
381,4,0,4,21,13760760,4740,0,0,2907
382,3,0,3,22,13784820,4741,0,0,2910
383,4,0,6,19,13787220,4741,0,0,2914
384,5,0,7,18,13805880,4741,0,0,2919
385,2,0,3,22,13839180,4742,0,0,2921
386,4,0,4,21,13849560,4741,0,0,2925
387,2,0,4,21,13854720,4739,0,0,2927
388,7,0,8,17,13877760,4742,0,0,2934
389,2,0,6,19,13888620,4740,0,0,2936
390,8,0,7,18,13919100,4739,0,0,2944
391,9,0,9,16,13953240,4739,0,0,2953
392,9,0,15,10,13967880,4739,0,0,2962
393,7,0,13,12,14012340,4740,0,0,2969
394,15,0,21,4,14062080,4745,0,0,2984
395,12,0,17,8,14141100,4746,0,0,2996
396,14,0,15,10,14206800,4743,0,0,3010
397,8,0,9,16,14277180,4744,0,0,3018
398,6,0,9,16,14299140,4742,0,0,3024
399,8,0,12,13,14327580,4744,0,0,3032
400,9,0,12,13,14370240,4744,0,0,3041
401,17,0,21,4,14416800,4747,0,0,3058
402,5,0,16,9,14468820,4748,0,0,3063
403,5,0,8,17,14541420,4752,0,0,3068
404,8,0,9,16,14577900,4753,0,0,3076
405,10,0,12,13,14603640,4750,0,0,3086
406,3,0,6,19,14645100,4750,0,0,3089
407,3,0,3,22,14675160,4750,0,0,3092
408,7,0,6,19,14694300,4750,0,0,3099
409,4,0,6,19,14706060,4748,0,0,3103
410,1,0,3,22,14725800,4748,0,0,3104
411,8,0,7,18,14740500,4747,0,0,3112
412,1,0,6,19,14752860,4748,0,0,3113
413,5,0,6,19,14789160,4752,0,0,3118
414,6,0,5,20,14816640,4750,0,0,3124
415,7,0,10,15,14826300,4750,0,0,3131
416,6,0,10,15,14853060,4749,0,0,3137
417,9,0,14,11,14869740,4747,0,0,3146
418,10,0,17,8,14914500,4751,0,0,3156
419,8,0,11,14,14991600,4754,0,0,3164
420,13,0,16,9,15026580,4753,0,0,3177
421,12,0,13,12,15083280,4749,0,0,3189
422,10,0,16,9,15115560,4748,0,0,3199
423,8,0,11,14,15180780,4749,0,0,3207
424,6,0,8,17,15228480,4751,0,0,3213
425,12,0,15,10,15251220,4751,0,0,3225
426,9,0,15,10,15297060,4752,0,0,3234
427,5,0,11,14,15340860,4752,0,0,3239
428,11,0,14,11,15394500,4757,0,0,3250
429,4,0,9,16,15441780,4758,0,0,3254
430,9,0,11,14,15473700,4758,0,0,3263
431,5,0,9,16,15513180,4760,0,0,3268
432,3,0,4,21,15555840,4761,0,0,3271
433,7,0,7,18,15576900,4762,0,0,3278
434,2,0,5,20,15595740,4762,0,0,3280
435,6,0,7,18,15618960,4763,0,0,3286
436,4,0,5,20,15639960,4761,0,0,3290
437,6,0,8,17,15653280,4760,0,0,3296
438,8,0,8,17,15692640,4761,0,0,3304
439,8,0,12,13,15715020,4762,0,0,3312
440,10,0,15,10,15750540,4762,0,0,3322
441,8,0,10,15,15809040,4761,0,0,3330
442,8,0,11,14,15844860,4762,0,0,3338
443,10,0,14,11,15875760,4761,0,0,3348
444,11,0,10,15,15940440,4759,0,0,3359
445,6,0,5,20,15984540,4757,0,0,3365
446,10,0,8,17,16002480,4752,0,0,3375
447,7,0,9,16,16032780,4753,0,0,3382
448,3,0,3,22,16072260,4752,0,0,3385
449,12,0,12,13,16082460,4751,0,0,3397
450,17,0,19,6,16120800,4748,0,0,3414
451,10,0,17,8,16172160,4746,0,0,3424
452,2,0,7,18,16235460,4748,0,0,3426
453,12,0,11,14,16279620,4750,0,0,3438
454,6,0,10,15,16307580,4748,0,0,3444
455,8,0,12,13,16341420,4750,0,0,3452
456,6,0,8,17,16388160,4750,0,0,3458
457,3,0,7,18,16410120,4751,0,0,3461
458,6,0,5,20,16454760,4752,0,0,3467
459,3,0,6,19,16466700,4753,0,0,3470
460,2,0,4,21,16491900,4755,0,0,3472
461,3,0,4,21,16509300,4756,0,0,3475
462,5,0,5,20,16528440,4756,0,0,3480
463,6,0,9,16,16531860,4754,0,0,3486
464,4,0,6,19,16566480,4755,0,0,3490
465,11,0,10,15,16596720,4754,0,0,3501
466,15,0,16,9,16629900,4751,0,0,3516
467,10,0,17,8,16666140,4749,0,0,3526
468,7,0,11,14,16741200,4753,0,0,3533
469,11,0,12,13,16783560,4751,0,0,3544
470,8,0,12,13,16834080,4755,0,0,3552
471,6,0,14,11,16858200,4756,0,0,3558
472,14,0,17,8,16919640,4759,0,0,3572
473,3,0,10,15,16964100,4758,0,0,3575
474,14,0,13,12,17018040,4758,0,0,3589
475,12,0,12,13,17071440,4756,0,0,3601
476,11,0,15,10,17109480,4756,0,0,3612
477,4,0,9,16,17161800,4757,0,0,3616
478,6,0,8,17,17200140,4759,0,0,3622
479,11,0,15,10,17224500,4760,0,0,3633
480,4,0,8,17,17276040,4760,0,0,3637
481,3,0,5,20,17307000,4761,0,0,3640
482,6,0,7,18,17332200,4762,0,0,3646
483,4,0,6,19,17349240,4761,0,0,3650
484,7,0,9,16,17370300,4761,0,0,3657
485,9,0,11,14,17396280,4759,0,0,3666
486,8,0,13,12,17424360,4759,0,0,3674
487,5,0,8,17,17477400,4760,0,0,3679
488,9,0,13,12,17496720,4761,0,0,3688
489,4,0,7,18,17543400,4760,0,0,3692
490,15,0,17,8,17557020,4758,0,0,3707
491,7,0,12,13,17611680,4757,0,0,3714
492,7,0,10,15,17651580,4756,0,0,3721
493,5,0,8,17,17689740,4757,0,0,3726
494,9,0,9,16,17728560,4758,0,0,3735
495,11,0,12,13,17765580,4757,0,0,3746
496,12,0,14,11,17803440,4755,0,0,3758
497,4,0,8,17,17850420,4755,0,0,3762
498,12,0,12,13,17892660,4756,0,0,3774
499,4,0,11,14,17914560,4755,0,0,3778
500,5,0,6,19,17968080,4757,0,0,3783
501,7,0,5,20,17994960,4754,0,0,3790
502,7,0,9,16,18009120,4754,0,0,3797
503,6,0,11,14,18031200,4755,0,0,3803
504,3,0,6,19,18073260,4756,0,0,3806
505,4,0,5,20,18101340,4757,0,0,3810
506,8,0,9,16,18119940,4757,0,0,3818
507,1,0,1,24,18161040,4756,0,0,3819
508,8,0,7,18,18167280,4755,0,0,3827
509,6,0,12,13,18171960,4755,0,0,3833
510,8,0,13,12,18209700,4756,0,0,3841
511,14,0,16,9,18257460,4755,0,0,3855
512,10,0,17,8,18307980,4757,0,0,3865
513,13,0,14,11,18374880,4755,0,0,3878
514,12,0,16,9,18418440,4754,0,0,3890
515,11,0,15,10,18481080,4755,0,0,3901
516,17,0,20,5,18548880,4758,0,0,3918
517,7,0,14,11,18615480,4759,0,0,3925
518,12,0,16,9,18665220,4760,0,0,3937
519,17,1,25,0,18703860,4761,300,0,3954
520,7,0,14,11,18800760,4763,1140,0,3961
521,11,0,16,9,18849480,4764,1140,0,3972
522,12,0,17,8,18920940,4769,1140,0,3984
523,3,0,5,20,19003560,4772,1140,0,3987
524,3,0,3,22,19026360,4772,1140,0,3990
525,1,0,1,24,19038240,4771,1140,0,3991
526,5,0,4,21,19045920,4771,1140,0,3996
527,8,0,10,15,19049280,4769,1140,0,4004
528,7,0,11,14,19076100,4769,1140,0,4011
529,5,0,8,17,19114080,4768,1140,0,4016
530,5,0,6,19,19152780,4770,1140,0,4021
531,3,0,4,21,19183020,4771,1140,0,4024
532,13,0,12,13,19199580,4770,1140,0,4037
533,1,0,5,20,19234440,4769,1140,0,4038
534,3,0,4,21,19257960,4770,1140,0,4041
535,11,0,11,14,19276380,4770,1140,0,4052
536,6,0,8,17,19318680,4770,1140,0,4058
537,12,0,14,11,19345320,4769,1140,0,4070
538,6,0,13,12,19376520,4769,1140,0,4076
539,11,0,12,13,19439820,4770,1140,0,4087
540,3,0,9,16,19476420,4772,1140,0,4090
541,13,0,15,10,19517100,4774,1140,0,4103
542,14,0,18,7,19558080,4771,1140,0,4117
543,10,0,12,13,19630500,4770,1140,0,4127
544,10,0,12,13,19667100,4767,1140,0,4137
545,5,0,6,19,19713960,4766,1140,0,4142
546,11,0,11,14,19747440,4767,1140,0,4153
547,9,0,11,14,19776960,4764,1140,0,4162
548,5,0,5,20,19826100,4763,1140,0,4167
549,5,0,7,18,19843620,4764,1140,0,4172
550,5,0,7,18,19875480,4766,1140,0,4177
551,10,0,12,13,19898700,4766,1140,0,4187
552,2,0,7,18,19935180,4766,1140,0,4189
553,3,0,3,22,19972320,4767,1140,0,4192
554,7,0,7,18,19983900,4767,1140,0,4199
555,5,0,8,17,20001000,4766,1140,0,4204
556,7,0,9,16,20029260,4766,1140,0,4211
557,9,0,10,15,20059200,4764,1140,0,4220
558,7,0,8,17,20103540,4765,1140,0,4227
559,8,0,12,13,20127540,4766,1140,0,4235
560,7,0,9,16,20178240,4766,1140,0,4242
561,12,0,13,12,20209680,4765,1140,0,4254
562,18,0,17,8,20253060,4759,1140,0,4272
563,6,0,12,13,20298840,4758,1140,0,4278
564,13,0,15,10,20359320,4761,1140,0,4291
565,14,0,17,8,20418300,4761,1140,0,4305
566,13,0,14,11,20487240,4760,1140,0,4318
567,9,0,15,10,20529960,4761,1140,0,4327
568,9,0,11,14,20588940,4760,1140,0,4336
569,10,0,12,13,20630820,4760,1140,0,4346
570,7,0,11,14,20679420,4762,1140,0,4353
571,7,0,12,13,20714100,4764,1140,0,4360
572,8,0,10,15,20758980,4763,1140,0,4368
573,5,0,8,17,20786100,4761,1140,0,4373
574,6,0,8,17,20811120,4761,1140,0,4379
575,5,0,6,19,20850780,4762,1140,0,4384
576,10,0,9,16,20866080,4758,1140,0,4394
577,8,0,10,15,20897940,4758,1140,0,4402
578,9,0,8,17,20929920,4753,1140,0,4411
579,9,0,11,14,20960040,4753,1140,0,4420
580,6,0,9,16,20990280,4752,1140,0,4426
581,7,0,11,14,21011520,4751,1140,0,4433
582,3,0,8,17,21044460,4752,1140,0,4436
583,6,0,9,16,21063360,4751,1140,0,4442
584,10,0,11,14,21104100,4752,1140,0,4452
585,16,0,19,6,21133440,4750,1140,0,4468
586,17,0,22,3,21194160,4748,4740,1,4485
587,12,0,17,8,21278340,4749,4740,1,4497
588,10,0,15,10,21341940,4751,4740,1,4507
589,9,0,13,12,21398640,4752,4740,1,4516
590,11,0,15,10,21438180,4751,4740,1,4527
591,17,0,20,5,21495060,4751,4740,1,4544
592,11,0,18,7,21558120,4751,4740,1,4555
593,10,0,16,9,21615300,4751,4740,1,4565
594,10,0,12,13,21691920,4753,4740,1,4575
595,9,0,14,11,21733200,4755,4740,1,4584
596,6,0,12,13,21773640,4756,4740,1,4590
597,12,0,14,11,21823740,4756,4740,1,4602
598,10,0,15,10,21876180,4758,4740,1,4612
599,5,0,10,15,21933600,4760,4740,1,4617
600,8,0,8,17,21981660,4761,4740,1,4625
601,9,0,10,15,22014300,4760,4740,1,4634
602,6,0,8,17,22042680,4758,4740,1,4640
603,6,0,8,17,22077600,4760,4740,1,4646
604,2,0,3,22,22106340,4759,4740,1,4648
605,4,0,5,20,22122180,4760,4740,1,4652
606,5,0,6,19,22139280,4760,4740,1,4657
607,7,0,7,18,22165260,4759,4740,1,4664
608,11,0,10,15,22189980,4756,4740,1,4675
609,6,0,9,16,22221480,4756,4740,1,4681
610,8,0,9,16,22252260,4754,4740,1,4689
611,10,0,9,16,22289760,4752,4740,1,4699
612,8,0,10,15,22318920,4751,4740,1,4707
613,16,0,18,7,22352820,4750,4740,1,4723
614,13,0,20,5,22400580,4749,4740,1,4736
615,10,0,14,11,22468260,4748,4740,0,4746
616,8,0,11,14,22534800,4751,4740,0,4754
617,15,0,17,8,22579680,4751,4740,0,4769
618,9,0,18,7,22612020,4750,4740,0,4778
619,6,0,9,16,22709700,4755,4740,0,4784
620,4,0,8,17,22738320,4756,4740,0,4788
621,7,0,9,16,22768680,4757,4740,0,4795
622,2,0,5,20,22802940,4758,4740,0,4797
623,3,0,4,21,22824660,4759,4740,0,4800
624,2,0,2,23,22841760,4758,4740,0,4802
625,2,0,2,23,22854660,4759,4740,0,4804
626,2,0,2,23,22859460,4758,4740,0,4806
627,5,0,6,19,22865520,4758,4740,0,4811
628,6,0,7,18,22884960,4757,4740,0,4817
629,6,0,6,19,22915560,4757,4740,0,4823
630,8,0,9,16,22936860,4756,4740,0,4831
631,15,0,16,9,22961820,4754,4740,0,4846
632,10,0,12,13,23019720,4752,4740,0,4856
633,8,0,11,14,23070240,4753,4740,0,4864
634,7,0,11,14,23100300,4753,4740,0,4871
635,10,0,13,12,23147400,4755,4740,0,4881
636,13,0,16,9,23191080,4754,4740,0,4894
637,9,0,17,8,23226180,4753,4740,0,4903
638,10,0,16,9,23290800,4756,4740,0,4913
639,8,0,16,9,23328420,4756,4740,0,4921
640,8,0,12,13,23399400,4758,4740,0,4929
641,4,0,8,17,23445840,4760,4740,0,4933
642,7,0,10,15,23474880,4761,4740,0,4940
643,6,0,6,19,23521320,4761,4740,0,4946
644,9,0,9,16,23538180,4759,4740,0,4955
645,9,0,10,15,23577840,4759,4740,0,4964
646,8,0,12,13,23608620,4759,4740,0,4972
647,5,0,11,14,23632980,4758,4740,0,4977
648,7,0,9,16,23676540,4759,4740,0,4984
649,10,0,10,15,23726820,4760,4740,0,4994
650,4,0,9,16,23749740,4760,4740,0,4998
651,6,0,9,16,23784180,4761,4740,0,5004
652,1,0,1,24,23830140,4762,4740,0,5005
653,1,0,1,24,23838960,4763,4740,0,5006
654,10,0,10,15,23842320,4762,4740,0,5016
655,7,0,13,12,23855520,4761,4740,0,5023
656,10,0,12,13,23903100,4760,4740,0,5033
657,7,0,9,16,23945220,4759,4740,0,5040
658,8,0,9,16,23984640,4759,4740,0,5048
659,7,0,12,13,24004380,4759,4740,0,5055
660,14,0,16,9,24053760,4760,4740,0,5069
661,10,0,14,11,24108480,4759,4740,0,5079
662,12,0,14,11,24170760,4760,4740,0,5091
663,7,0,9,16,24230220,4761,4740,0,5098
664,4,0,5,20,24274380,4762,4740,0,5102
665,13,0,15,10,24293400,4763,4740,0,5115
666,11,0,17,8,24336360,4763,4740,0,5126
667,8,0,10,15,24401220,4762,4740,0,5134
668,6,0,9,16,24437580,4762,4740,0,5140
669,5,0,7,18,24466620,4761,4740,0,5145
670,8,0,8,17,24497520,4761,4740,0,5153
671,4,0,5,20,24529140,4761,4740,0,5157
672,7,0,10,15,24540360,4761,4740,0,5164
673,5,0,15,10,24540360,4761,4740,0,5169
674,4,0,15,10,24557820,4761,4740,0,5173
675,7,0,19,6,24569700,4760,4740,0,5180
676,9,0,23,2,24594060,4760,4740,0,5189
677,4,0,19,6,24631260,4760,4740,0,5193
678,8,0,17,8,24681300,4761,4740,0,5201
679,13,1,23,2,24705960,4760,4740,0,5214
680,6,0,22,3,24744960,4760,5580,1,5220
681,6,0,18,7,24800760,4762,5580,1,5226
682,8,0,19,6,24843180,4763,5580,1,5234
683,12,0,24,1,24865440,4761,5700,1,5246
684,12,0,25,0,24919860,4762,5700,1,5258
685,17,7,25,0,24970200,4762,9900,1,5275
686,9,3,25,0,25037700,4763,21540,4,5284
687,9,0,21,4,25096320,4760,35220,6,5293
688,8,0,22,3,25134480,4761,35220,6,5301
689,9,0,20,5,25193820,4762,35400,6,5310
690,15,0,23,2,25237440,4759,35400,6,5325
691,5,0,20,5,25279200,4760,35400,6,5330
692,4,0,17,8,25321860,4762,35400,6,5334
693,10,0,19,6,25363080,4763,35400,6,5344
694,6,0,17,8,25394520,4761,35400,6,5350
695,8,0,18,7,25424280,4761,35400,6,5358
696,2,0,13,12,25466400,4762,35400,6,5360
697,3,0,13,12,25477260,4762,35400,6,5363
698,3,0,12,13,25497180,4762,35400,6,5366
699,7,0,16,9,25504860,4761,35400,6,5373
700,2,0,13,12,25530540,4761,35400,6,5375
701,13,0,24,1,25541160,4761,35400,6,5388
702,6,0,21,4,25581660,4761,35400,6,5394
703,5,0,19,6,25623660,4762,35400,6,5399
704,9,0,19,6,25676760,4764,35400,6,5408
705,11,0,23,2,25706580,4764,35400,6,5419
706,13,1,25,0,25752420,4763,35400,6,5432
707,6,0,19,6,25818480,4764,35520,6,5438
708,14,0,24,1,25860900,4764,35520,6,5452
709,11,0,24,1,25907580,4763,36180,6,5463
710,10,0,24,1,25957380,4763,39000,7,5473
711,12,0,24,1,26008260,4762,39000,7,5485
712,7,0,22,3,26051760,4762,39000,7,5492
713,7,0,19,6,26098560,4762,39000,7,5499
714,10,0,22,3,26133960,4762,39000,7,5509
715,7,0,18,7,26192760,4764,39000,7,5516
716,8,0,20,5,26223480,4764,39000,7,5524
717,6,0,21,4,26242920,4763,39000,7,5530
718,10,0,21,4,26300940,4765,39000,7,5540
719,9,0,21,4,26348340,4766,39180,7,5549
720,4,0,17,8,26385960,4766,39180,7,5553
721,1,0,13,12,26422620,4768,39180,7,5554
722,5,0,14,11,26442660,4768,39180,7,5559
723,8,0,20,5,26450160,4768,39180,7,5567
724,6,0,17,8,26494800,4768,39180,7,5573
725,7,0,19,6,26518620,4768,39180,7,5580
726,7,0,18,7,26567400,4770,39180,7,5587
727,6,0,16,9,26597880,4769,39180,7,5593
728,6,0,14,11,26628480,4767,39180,6,5599
729,7,0,17,8,26647800,4767,39180,6,5606
730,13,0,23,2,26673240,4766,39180,6,5619
731,9,0,24,1,26712300,4766,39180,6,5628
732,7,0,20,5,26769540,4767,39180,6,5635
733,16,0,22,3,26822520,4765,39900,7,5651
734,10,0,25,0,26861700,4766,40680,7,5661
735,14,2,25,0,26920620,4766,42600,7,5675
736,6,0,24,1,26974380,4768,47760,8,5681
737,8,0,17,8,27045180,4768,47760,8,5689
738,5,0,17,8,27062220,4766,47760,8,5694
739,3,0,17,8,27074460,4766,47760,8,5697
740,8,0,20,5,27104100,4767,47760,8,5705
741,5,0,17,8,27149940,4769,47760,8,5710
742,11,0,24,1,27169380,4769,47760,8,5721
743,5,0,17,8,27216840,4767,47760,8,5726
744,3,0,13,12,27260820,4769,47760,8,5729
745,3,0,12,13,27272220,4767,47760,8,5732
746,7,0,18,7,27279600,4768,47760,8,5739
747,7,0,19,6,27298320,4766,47760,8,5746
748,2,0,14,11,27339780,4768,47760,8,5748
749,8,0,17,8,27368100,4768,47760,8,5756
750,5,0,18,7,27386220,4768,47760,8,5761
751,5,0,18,7,27409500,4768,47760,8,5766
752,7,0,16,9,27457080,4769,47760,8,5773
753,14,0,24,1,27475560,4767,47760,8,5787
754,7,0,23,2,27517560,4768,47760,8,5794
755,6,0,14,11,27591540,4768,47760,8,5800
756,10,0,20,5,27609540,4768,47760,8,5810
757,10,0,19,6,27651480,4766,47760,8,5820
758,6,0,17,8,27682380,4765,47760,8,5826
759,8,0,20,5,27707760,4765,47760,8,5834
760,14,0,23,2,27757800,4765,47820,8,5848
761,3,0,14,11,27817800,4765,47820,8,5851
762,9,0,18,7,27836100,4764,47820,8,5860
763,9,0,21,4,27860220,4764,47820,8,5869
764,6,0,20,5,27901020,4765,47820,8,5875
765,10,0,22,3,27944220,4766,47820,8,5885
766,11,0,24,1,27986820,4766,47820,8,5896
767,4,0,18,7,28039080,4766,47820,8,5900
768,7,0,19,6,28068480,4767,47820,8,5907
769,3,0,17,8,28098240,4768,47820,8,5910
770,2,0,14,11,28135260,4770,47820,8,5912
771,6,0,17,8,28158360,4771,47820,8,5918
772,10,0,18,7,28192380,4770,47820,8,5928
773,9,0,19,6,28228380,4769,47820,8,5937
774,8,0,17,8,28267860,4768,47820,8,5945
775,4,0,16,9,28288020,4767,47820,8,5949
776,7,0,18,7,28314900,4768,47820,8,5956
777,8,0,20,5,28348500,4769,47820,8,5964
778,10,0,23,2,28386240,4769,47820,8,5974
779,20,11,25,0,28425900,4771,51360,8,5994
780,15,19,25,0,28469520,4772,59580,9,6009
781,10,18,25,0,28537320,4775,90240,14,6019
782,13,20,25,0,28608000,4778,118440,19,6032
783,13,24,25,0,28654140,4778,151860,25,6045
784,13,25,25,0,28722660,4780,169560,27,6058
785,6,23,25,0,28761960,4780,189420,31,6064
786,8,20,25,0,28832460,4783,203460,33,6072
787,7,17,25,0,28890480,4785,304080,50,6079
788,6,6,25,0,28972620,4785,518220,85,6085
789,6,0,16,9,29024040,4777,697140,114,6091
790,5,0,16,9,29054220,4778,697140,114,6096
791,10,0,19,6,29077860,4777,697140,114,6106
792,3,0,16,9,29100300,4776,697140,114,6109
793,3,0,12,13,29141580,4777,697140,114,6112
794,5,0,16,9,29146680,4777,697140,113,6117
795,6,0,18,7,29163660,4777,697140,113,6123
796,4,0,16,9,29198040,4777,697140,113,6127
797,9,0,19,6,29225520,4777,697140,113,6136
798,6,0,18,7,29263020,4778,697140,113,6142
799,10,0,22,3,29291160,4778,697140,113,6152
800,12,0,25,0,29325720,4776,697140,113,6164
801,9,0,18,7,29400660,4776,697320,112,6173
802,9,0,19,6,29432700,4775,697320,112,6182
803,12,0,23,2,29466000,4774,697320,112,6194
804,10,0,21,4,29525460,4775,697320,112,6204
805,6,0,20,5,29565000,4776,697320,112,6210
806,10,0,19,6,29606460,4774,697320,112,6220
807,11,0,22,3,29638140,4773,697320,111,6231
808,5,0,17,8,29687580,4773,697320,111,6236
809,6,0,15,10,29726580,4773,697320,111,6242
810,3,0,13,12,29759880,4775,697320,111,6245
811,10,0,19,6,29775180,4774,697320,111,6255
812,10,0,22,3,29799300,4773,697320,111,6265
813,6,0,21,4,29836140,4773,697320,111,6271
814,9,0,21,4,29888280,4775,699060,111,6280
815,11,0,22,3,29923620,4773,699060,111,6291
816,5,0,18,7,29979180,4775,699060,111,6296
817,3,0,12,13,30026160,4775,699060,110,6299
818,3,0,13,12,30036300,4776,699060,110,6302
819,4,0,11,14,30058440,4774,699060,110,6306
820,1,0,11,14,30064920,4775,699060,110,6307
821,9,0,17,8,30074460,4774,699060,110,6316
822,8,0,19,6,30093540,4772,699060,110,6324
823,6,0,17,8,30131700,4772,699060,110,6330
824,9,0,19,6,30163980,4772,699060,110,6339
825,9,0,24,1,30180840,4772,699060,110,6348
826,11,1,25,0,30232140,4773,699600,110,6359
827,10,0,24,1,30285360,4773,699720,109,6369
828,11,0,23,2,30351180,4774,699720,109,6380
829,11,2,25,0,30380040,4773,701460,109,6391
830,15,3,25,0,30452460,4774,705000,110,6406
831,5,0,22,3,30496380,4773,706140,110,6411
832,7,0,18,7,30551220,4773,706140,110,6418
833,7,0,17,8,30594720,4774,706140,109,6425
834,6,0,18,7,30613560,4773,706140,109,6431
835,12,0,19,6,30661380,4772,706140,109,6443
836,16,6,25,0,30673740,4771,707100,109,6459
837,9,6,25,0,30720360,4772,718620,111,6468
838,7,2,25,0,30786840,4774,728940,112,6475
839,4,0,14,11,30868620,4774,735360,113,6479
840,3,0,13,12,30888540,4774,735360,113,6482
841,3,0,13,12,30902160,4774,735360,113,6485
842,4,0,15,10,30915180,4775,735360,113,6489
843,10,0,20,5,30936360,4774,735360,113,6499
844,7,0,21,4,30960060,4774,735360,113,6506
845,11,0,21,4,31020900,4775,735360,112,6517
846,4,0,16,9,31058760,4774,735360,112,6521
847,9,0,21,4,31077240,4774,735360,112,6530
848,13,4,20,5,31122900,4774,736320,112,6543
849,13,14,18,7,31151760,4774,739680,112,6556
850,12,14,25,0,31187580,4776,769560,117,6568
851,4,8,25,0,31248780,4778,808560,123,6572
852,15,12,25,0,31309620,4780,825900,125,6587
853,10,10,25,0,31372980,4781,836520,126,6597
854,5,7,25,0,31417740,4782,909600,137,6602
855,23,17,25,0,31476360,4781,916440,138,6625
856,9,17,25,0,31528500,4782,924420,139,6634
857,11,17,25,0,31594920,4784,950520,143,6645
858,11,18,25,0,31646760,4785,971520,146,6656
859,6,16,25,0,31695180,4787,1016460,152,6662
860,3,5,25,0,31768920,4788,1167660,175,6665
861,5,0,14,11,31847040,4784,1300860,195,6670
862,7,0,16,9,31863900,4783,1300860,194,6677
863,7,0,19,6,31881600,4783,1300860,194,6684
864,5,0,17,8,31916460,4783,1300860,194,6689
865,4,0,15,10,31950480,4784,1300860,194,6693
866,6,0,14,11,31980360,4783,1300860,194,6699
867,5,0,16,9,31992060,4783,1300860,194,6704
868,10,0,19,6,32015820,4782,1300860,193,6714
869,8,0,17,8,32063040,4781,1300860,193,6722
870,4,0,17,8,32081340,4781,1300860,193,6726
871,8,0,18,7,32120760,4782,1300860,193,6734
872,13,1,25,0,32145660,4782,1302840,193,6747
873,3,0,18,7,32209020,4784,1303980,193,6750
874,7,0,16,9,32255700,4785,1303980,192,6757
875,14,0,23,2,32284560,4784,1303980,192,6771
876,4,0,15,10,32336160,4783,1303980,192,6775
877,10,0,22,3,32351760,4783,1303980,192,6785
878,12,0,23,2,32386920,4781,1303980,191,6797
879,15,1,25,0,32444220,4781,1308480,192,6812
880,8,1,25,0,32489280,4782,1317120,193,6820
881,11,0,23,2,32549040,4780,1320900,193,6831
882,5,0,19,6,32595480,4781,1320900,193,6836
883,7,0,18,7,32633220,4781,1320900,193,6843
884,10,0,23,2,32661420,4782,1320900,192,6853
885,6,0,19,6,32721480,4783,1320900,192,6859
886,5,0,17,8,32756520,4784,1320900,192,6864
887,5,0,18,7,32780880,4784,1320900,192,6869
888,6,0,18,7,32814240,4785,1320900,192,6875
889,2,0,13,12,32858820,4787,1320900,192,6877
890,4,0,16,9,32865420,4787,1320900,191,6881
891,1,0,12,13,32898420,4788,1320900,191,6882
892,5,0,16,9,32905080,4788,1320900,191,6887
893,8,0,19,6,32929020,4788,1320900,191,6895
894,10,0,22,3,32963700,4789,1320900,191,6905
895,5,0,18,7,33011700,4789,1320900,191,6910
896,12,0,22,3,33048360,4789,1320900,190,6922
897,8,0,20,5,33089460,4788,1320900,190,6930
898,4,0,17,8,33126300,4789,1320900,190,6934
899,4,0,14,11,33163320,4789,1320900,190,6938
900,7,0,18,7,33174180,4789,1320900,190,6945
901,11,0,24,1,33200460,4789,1321920,190,6956
902,13,1,25,0,33243420,4788,1322100,189,6969
903,9,1,25,0,33296220,4789,1322880,189,6978
904,10,0,22,3,33363480,4789,1323360,189,6988
905,10,0,22,3,33404520,4788,1323360,189,6998
906,8,0,22,3,33449580,4789,1323360,188,7006
907,11,1,25,0,33487740,4790,1324020,188,7017
908,8,1,25,0,33538980,4791,1325700,188,7025
909,7,0,17,8,33621240,4792,1327920,188,7032
910,8,0,18,7,33653460,4792,1327920,188,7040
911,2,0,15,10,33686160,4793,1327920,188,7042
912,6,0,14,11,33723300,4794,1327920,188,7048
913,7,0,16,9,33745200,4794,1327920,188,7055
914,5,0,18,7,33758520,4793,1327920,188,7060
915,6,0,14,11,33801300,4793,1327920,187,7066
916,1,0,10,15,33825840,4793,1327920,187,7067
917,11,0,18,7,33832200,4792,1327920,187,7078
918,3,0,15,10,33857880,4791,1327920,187,7081
919,11,0,19,6,33895440,4792,1327920,187,7092
920,8,0,19,6,33926100,4791,1327920,187,7100
921,8,0,18,7,33967620,4790,1327920,186,7108
922,8,0,20,5,33993480,4790,1327920,186,7116
923,11,0,21,4,34035600,4789,1327920,186,7127
924,7,0,24,1,34051920,4789,1327920,186,7134
925,8,0,18,7,34116240,4788,1327920,185,7142
926,7,0,19,6,34157700,4790,1327920,185,7149
927,13,0,23,2,34194840,4789,1327920,185,7162
928,5,0,18,7,34235460,4788,1327920,185,7167
929,4,0,18,7,34258680,4789,1327920,185,7171
930,11,0,19,6,34308840,4789,1327920,184,7182
931,7,0,17,8,34338420,4787,1327920,184,7189
932,6,0,17,8,34360680,4786,1327920,184,7195
933,10,0,20,5,34398540,4787,1327920,184,7205
934,4,0,18,7,34420080,4786,1327920,184,7209
935,9,0,17,8,34474860,4787,1327920,183,7218
936,3,0,13,12,34503000,4786,1327920,183,7221
937,6,0,16,9,34512600,4786,1327920,183,7227
938,3,0,14,11,34542780,4786,1327920,183,7230
939,7,0,17,8,34565580,4787,1327920,183,7237
940,7,0,19,6,34594320,4788,1327920,183,7244
941,6,0,18,7,34628460,4788,1327920,183,7250
942,11,0,20,5,34671360,4788,1327920,182,7261
943,11,0,21,4,34714860,4787,1327920,182,7272
944,4,0,19,6,34745340,4787,1327920,182,7276
945,11,0,22,3,34786260,4788,1327920,182,7287
946,14,0,24,1,34834200,4786,1327920,181,7301
947,9,0,25,0,34871940,4786,1328940,181,7310
948,7,0,21,4,34938780,4788,1328940,181,7317
949,11,0,25,0,34978560,4789,1328940,181,7328
950,6,0,20,5,35028240,4789,1328940,181,7334
951,3,0,15,10,35066040,4789,1328940,181,7337
952,8,0,16,9,35100780,4789,1328940,180,7345
953,9,0,20,5,35128560,4789,1328940,180,7354
954,14,2,25,0,35157840,4789,1328940,180,7368
955,8,0,19,6,35226900,4788,1331940,180,7376
956,6,0,18,7,35268300,4789,1331940,180,7382
957,9,0,20,5,35302980,4789,1331940,180,7391
958,8,0,18,7,35342940,4788,1331940,180,7399
959,3,0,16,9,35373180,4789,1331940,179,7402
960,4,0,12,13,35415120,4789,1331940,179,7406
961,6,0,16,9,35420580,4789,1331940,179,7412
962,8,0,20,5,35436780,4788,1331940,179,7420
963,5,0,17,8,35476140,4788,1331940,179,7425
964,5,0,18,7,35500500,4789,1331940,179,7430
965,4,0,15,10,35538300,4790,1331940,179,7434
966,9,0,20,5,35561100,4790,1331940,178,7443
967,10,0,23,2,35594640,4790,1331940,178,7453
968,6,0,16,9,35655840,4790,1331940,178,7459
969,7,0,17,8,35674980,4789,1331940,178,7466
970,11,0,20,5,35701200,4787,1331940,178,7477
971,19,9,25,0,35728020,4787,1334880,178,7496
972,7,5,25,0,35789580,4789,1352880,180,7503
973,9,3,25,0,35851980,4790,1376160,183,7512
974,12,0,25,0,35912160,4788,1384260,183,7524
975,8,0,19,6,35974380,4788,1384260,183,7532
976,4,0,19,6,35998320,4788,1384260,183,7536
977,13,0,20,5,36052140,4788,1384260,183,7549
978,10,0,24,1,36077220,4787,1385040,183,7559
979,8,0,19,6,36128160,4786,1385040,183,7567
980,9,0,20,5,36180480,4788,1385040,182,7576
981,5,0,19,6,36208980,4788,1385040,182,7581
982,10,0,18,7,36259080,4787,1385040,182,7591
983,8,0,21,4,36275040,4786,1385040,182,7599
984,9,0,22,3,36315660,4787,1385040,182,7608
985,3,0,19,6,36348300,4787,1385040,181,7611
986,12,0,22,3,36398100,4788,1385040,181,7623
987,3,0,18,7,36433980,4788,1385040,181,7626
988,8,0,17,8,36481260,4789,1385040,181,7634
989,6,0,19,6,36497700,4789,1385040,181,7640
990,7,0,20,5,36539400,4790,1385040,181,7647
991,17,5,25,0,36572400,4790,1387440,181,7664
992,7,1,25,0,36635640,4792,1400460,182,7671
993,6,0,24,1,36673440,4792,1406940,183,7677
994,11,0,22,3,36748140,4793,1406940,183,7688
995,13,3,25,0,36772320,4792,1407840,182,7701
996,10,2,25,0,36831240,4793,1413540,183,7711
997,12,3,25,0,36881340,4792,1415340,183,7723
998,9,0,22,3,36952860,4792,1417440,183,7732
999,14,2,25,0,36984960,4791,1417440,183,7746
1000,9,4,25,0,37030140,4792,1426200,183,7755
1001,6,0,21,4,37107780,4794,1436640,185,7761
1002,8,0,18,7,37152240,4793,1436640,184,7769
1003,5,0,19,6,37169040,4792,1436640,184,7774
1004,6,0,18,7,37214100,4794,1436640,184,7780
1005,8,0,16,9,37263240,4794,1436640,184,7788
1006,6,0,19,6,37274880,4794,1436640,184,7794
1007,9,0,22,3,37307640,4794,1436640,184,7803
1008,6,0,19,6,37350900,4794,1436640,183,7809
1009,4,0,17,8,37387200,4795,1436640,183,7813
1010,4,0,17,8,37409100,4796,1436640,183,7817
1011,6,0,17,8,37443660,4796,1436640,183,7823
1012,7,0,18,7,37472640,4796,1436640,183,7830
1013,7,0,19,6,37496700,4796,1436640,183,7837
1014,7,0,18,7,37540140,4796,1436640,183,7844
1015,8,0,23,2,37565340,4798,1436640,182,7852
1016,10,0,25,0,37613400,4799,1436640,182,7862
1017,11,0,24,1,37670220,4799,1436820,182,7873
1018,13,0,23,2,37729920,4798,1437060,182,7886
1019,6,0,18,7,37774260,4797,1437600,182,7892
1020,7,0,17,8,37819800,4798,1437600,181,7899
1021,8,0,18,7,37851000,4797,1437600,181,7907
1022,7,0,18,7,37888560,4798,1437600,181,7914
1023,8,0,20,5,37911900,4797,1437600,181,7922
1024,9,0,21,4,37951680,4797,1437600,181,7931
1025,12,0,23,2,37993320,4797,1437600,180,7943
1026,6,0,20,5,38034780,4796,1437600,180,7949
1027,9,0,21,4,38076120,4797,1437600,180,7958
1028,11,0,22,3,38124180,4797,1437600,180,7969
1029,13,0,24,1,38170980,4796,1437600,180,7982
1030,9,0,25,0,38205840,4796,1439340,180,7991
1031,1,0,13,12,38281800,4797,1439340,180,7992
1032,5,0,15,10,38297880,4798,1439340,179,7997
1033,3,0,13,12,38318640,4797,1439340,179,8000
1034,5,0,14,11,38337900,4797,1439340,179,8005
1035,6,0,18,7,38346540,4797,1439340,179,8011
1036,6,0,20,5,38364360,4797,1439340,179,8017
1037,4,0,15,10,38399760,4796,1439340,179,8021
1038,4,0,15,10,38419800,4796,1439340,179,8025
1039,7,0,20,5,38439900,4797,1439340,179,8032
1040,10,0,23,2,38479080,4798,1439340,178,8042
1041,7,0,21,4,38515680,4797,1439340,178,8049
1042,10,0,22,3,38557680,4797,1439340,178,8059
1043,9,0,18,7,38608620,4796,1439340,178,8068
1044,9,0,20,5,38646720,4796,1439340,178,8077
1045,7,0,19,6,38685420,4796,1439340,178,8084
1046,11,0,19,6,38731860,4795,1439340,177,8095
1047,7,0,19,6,38757480,4794,1439340,177,8102
1048,20,3,25,0,38802720,4794,1439880,177,8122
1049,12,7,25,0,38835540,4793,1448160,178,8134
1050,9,7,25,0,38885340,4794,1465920,180,8143
1051,7,0,21,4,38970420,4793,1479420,181,8150
1052,6,0,17,8,39011220,4793,1479420,181,8156
1053,15,1,25,0,39031920,4792,1479420,181,8171
1054,7,0,21,4,39080220,4791,1479780,180,8178
1055,7,0,18,7,39128760,4791,1479780,180,8185
1056,5,0,14,11,39165660,4790,1479780,180,8190
1057,6,0,15,10,39192600,4790,1479780,180,8196
1058,2,0,14,11,39212460,4791,1479780,180,8198
1059,5,0,15,10,39235020,4791,1479780,180,8203
1060,2,0,15,10,39240720,4791,1479780,180,8205
1061,4,0,14,11,39266160,4791,1479780,180,8209
1062,6,0,16,9,39288540,4791,1479780,180,8215
1063,5,0,19,6,39297000,4791,1479780,180,8220
1064,13,0,23,2,39342180,4791,1479780,179,8233
1065,12,0,21,4,39392460,4789,1479780,179,8245
1066,8,0,20,5,39434880,4789,1479780,179,8253
1067,15,2,25,0,39479940,4790,1483740,179,8268
1068,11,1,25,0,39522840,4788,1489140,179,8279
1069,11,0,24,1,39597120,4790,1490100,179,8290
1070,16,5,25,0,39640200,4789,1495620,180,8306
1071,10,4,25,0,39698700,4790,1513140,181,8316
1072,14,6,25,0,39767040,4791,1523640,182,8330
1073,9,3,25,0,39818340,4791,1549980,185,8339
1074,6,0,18,7,39889200,4790,1566180,187,8345
1075,2,0,12,13,39925080,4790,1566180,187,8347
1076,8,0,16,9,39940260,4789,1566180,187,8355
1077,5,0,17,8,39956160,4789,1566180,187,8360
1078,3,0,13,12,39989640,4789,1566180,187,8363
1079,3,0,12,13,40002660,4788,1566180,187,8366
1080,5,0,15,10,40010460,4788,1566180,187,8371
1081,4,0,12,13,40036320,4787,1566180,187,8375
1082,5,0,14,11,40048680,4787,1566180,186,8380
1083,8,0,18,7,40053600,4785,1566180,186,8388
1084,10,0,22,3,40076940,4784,1566180,186,8398
1085,5,0,21,4,40114800,4785,1566180,186,8403
1086,4,0,16,9,40170300,4787,1566180,186,8407
1087,5,0,14,11,40210500,4788,1566180,186,8412
1088,8,0,19,6,40223640,4787,1566180,186,8420
1089,10,0,21,4,40256100,4787,1566540,185,8430
1090,13,2,25,0,40300500,4788,1567260,185,8443
1091,13,4,25,0,40358760,4789,1572180,185,8456
1092,8,0,23,2,40423140,4788,1577880,186,8464
1093,12,0,25,0,40464240,4788,1577880,186,8476
1094,13,2,25,0,40519680,4788,1583940,186,8489
1095,18,4,25,0,40583400,4786,1590300,186,8507
1096,9,1,25,0,40632060,4785,1604280,188,8516
1097,10,1,25,0,40684620,4786,1607340,188,8526
1098,6,0,21,4,40745520,4787,1607940,188,8532
1099,17,3,25,0,40790160,4787,1608120,188,8549
1100,7,2,25,0,40833900,4787,1614120,188,8556
1101,5,0,21,4,40895460,4788,1616940,188,8561
1102,8,0,18,7,40953060,4789,1616940,188,8569
1103,9,0,18,7,41002320,4789,1616940,188,8578
1104,4,0,18,7,41018580,4789,1616940,188,8582
1105,5,0,18,7,41049180,4790,1616940,188,8587
1106,3,0,14,11,41084280,4790,1616940,188,8590
1107,7,0,14,11,41116020,4790,1616940,188,8597
1108,4,0,16,9,41122860,4790,1616940,187,8601
1109,7,0,18,7,41146800,4790,1616940,187,8608
1110,9,0,21,4,41167320,4789,1616940,187,8617
1111,9,0,23,2,41199180,4788,1616940,187,8626
1112,5,0,19,6,41250780,4789,1616940,187,8631
1113,13,0,22,3,41302740,4790,1616940,187,8644
1114,11,2,25,0,41334120,4790,1618920,187,8655
1115,10,0,23,2,41404800,4791,1624140,187,8665
1116,11,0,21,4,41456220,4789,1624140,187,8676
1117,10,0,23,2,41495580,4789,1624140,186,8686
1118,11,0,19,6,41561820,4789,1624140,186,8697
1119,9,0,20,5,41596320,4788,1624140,186,8706
1120,8,0,21,4,41625060,4788,1624140,186,8714
1121,8,0,18,7,41679720,4788,1624140,186,8722
1122,11,0,23,2,41705700,4788,1624140,185,8733
1123,11,2,25,0,41735940,4787,1624680,185,8744
1124,12,1,25,0,41803380,4788,1630560,186,8756
1125,9,2,25,0,41843400,4788,1635780,186,8765
1126,5,0,20,5,41919660,4790,1637160,186,8770
1127,8,0,16,9,41973060,4790,1637160,186,8778
1128,6,0,15,10,42000720,4789,1637160,186,8784
1129,2,0,13,12,42021900,4789,1637160,186,8786
1130,3,0,14,11,42034140,4790,1637160,186,8789
1131,2,0,12,13,42056460,4790,1637160,186,8791
1132,6,0,14,11,42068880,4789,1637160,186,8797
1133,8,0,19,6,42079500,4789,1637160,185,8805
1134,9,0,23,2,42106620,4789,1637160,185,8814
1135,10,0,25,0,42142020,4789,1637160,185,8824
1136,7,0,19,6,42201720,4789,1637160,185,8831
1137,9,0,21,4,42245100,4790,1637160,185,8840
1138,7,0,18,7,42296640,4790,1637160,185,8847
1139,7,0,19,6,42329040,4791,1637160,184,8854
1140,8,0,19,6,42359400,4790,1637160,184,8862
1141,14,0,23,2,42402720,4789,1637160,184,8876
1142,8,1,25,0,42424500,4789,1637400,184,8884
1143,15,1,25,0,42499380,4789,1638540,184,8899
1144,7,0,24,1,42551640,4790,1642380,184,8906
1145,7,0,21,4,42601020,4790,1642380,184,8913
1146,12,0,23,2,42651180,4791,1642380,184,8925
1147,4,0,16,9,42700620,4790,1642380,183,8929
1148,13,0,22,3,42722220,4789,1642380,183,8942
1149,4,0,20,5,42754200,4789,1642380,183,8946
1150,7,0,16,9,42815580,4790,1642380,183,8953
1151,6,0,18,7,42827520,4790,1642380,183,8959
1152,5,0,17,8,42859020,4790,1642380,183,8964
1153,8,0,17,8,42887580,4789,1642380,183,8972
1154,5,0,16,9,42913260,4788,1642380,182,8977
1155,5,0,17,8,42937380,4789,1642380,182,8982
1156,7,0,17,8,42961140,4788,1642380,182,8989
1157,8,0,24,1,42967440,4788,1642380,182,8997
1158,6,0,20,5,43026360,4789,1642380,182,9003
1159,5,0,17,8,43077000,4791,1642380,182,9008
1160,8,0,16,9,43115880,4790,1642380,182,9016
1161,6,0,18,7,43139460,4791,1642380,182,9022
1162,6,0,16,9,43170240,4790,1642380,181,9028
1163,19,5,25,0,43194960,4790,1642620,181,9047
1164,10,3,25,0,43242240,4789,1651200,182,9057
1165,10,1,25,0,43297740,4789,1674240,184,9067
1166,6,0,20,5,43357200,4789,1677720,184,9073
1167,13,0,21,4,43415100,4789,1677720,184,9086
1168,10,0,25,0,43440180,4788,1678380,184,9096
1169,7,0,20,5,43497480,4788,1678380,184,9103
1170,9,0,20,5,43540860,4788,1678380,184,9112
1171,4,0,14,11,43588140,4788,1678380,184,9116
1172,8,0,18,7,43614840,4789,1678380,183,9124
1173,7,0,19,6,43635420,4788,1678380,183,9131
1174,6,0,17,8,43679040,4789,1678380,183,9137
1175,2,0,15,10,43700040,4789,1678380,183,9139
1176,4,0,14,11,43726140,4789,1678380,183,9143
1177,5,0,16,9,43737480,4789,1678380,183,9148
1178,4,0,16,9,43763760,4790,1678380,183,9152
1179,6,0,18,7,43786260,4790,1678380,183,9158
1180,4,0,17,8,43815960,4791,1678380,183,9162
1181,5,0,14,11,43853220,4791,1678380,183,9167
1182,11,0,21,4,43865280,4790,1678380,182,9178
1183,9,0,20,5,43913220,4790,1678380,182,9187
1184,11,0,21,4,43959300,4790,1678380,182,9198
1185,6,0,20,5,43995540,4790,1678380,182,9204
1186,9,0,18,7,44040420,4789,1678380,182,9213
1187,13,0,22,3,44076480,4788,1678980,181,9226
1188,15,1,25,0,44114940,4787,1682880,182,9241
1189,7,0,21,4,44174700,4787,1684260,182,9248
1190,7,0,17,8,44223840,4787,1684260,181,9255
1191,14,0,25,0,44241480,4785,1684260,181,9269
1192,4,0,17,8,44290860,4785,1684260,181,9273
1193,9,0,19,6,44333160,4786,1684260,181,9282
1194,9,0,24,1,44350440,4785,1684260,181,9291
1195,10,0,21,4,44411640,4785,1686660,181,9301
1196,6,0,21,4,44445720,4786,1686660,181,9307
1197,8,0,18,7,44499180,4786,1686660,181,9315
1198,8,0,20,5,44523480,4785,1686660,180,9323
1199,5,0,15,10,44567280,4785,1686660,180,9328
1200,2,0,12,13,44594820,4785,1686660,180,9330
1201,4,0,12,13,44606400,4785,1686660,180,9334
1202,4,0,13,12,44617560,4784,1686660,180,9338
1203,4,0,15,10,44627040,4784,1686660,180,9342
1204,13,0,24,1,44639640,4784,1686660,180,9355
1205,11,0,25,0,44688000,4784,1686900,180,9366
1206,7,0,23,2,44730960,4784,1687200,180,9373
1207,8,0,21,4,44787060,4784,1687200,179,9381
1208,12,0,21,4,44833440,4783,1687200,179,9393
1209,8,0,21,4,44863560,4782,1687200,179,9401
1210,8,0,20,5,44912220,4783,1687200,179,9409
1211,10,0,21,4,44947860,4782,1687200,179,9419
1212,6,0,20,5,44982420,4782,1687200,179,9425
1213,22,12,25,0,45012180,4783,1687380,178,9447
1214,11,10,25,0,45086220,4784,1712760,181,9458
1215,5,7,25,0,45132780,4785,1738920,183,9463
1216,15,1,25,0,45207600,4782,1791360,189,9478
1217,14,4,25,0,45246480,4781,1798200,189,9492
1218,12,3,25,0,45321480,4782,1809420,190,9504
1219,7,0,24,1,45368400,4782,1820460,191,9511
1220,8,0,21,4,45424260,4782,1820460,191,9519
1221,9,0,22,3,45469740,4783,1820460,191,9528
1222,9,0,22,3,45512340,4783,1820460,190,9537
1223,6,0,17,8,45568800,4783,1820460,190,9543
1224,4,0,17,8,45594960,4784,1820460,190,9547
1225,4,0,18,7,45618480,4785,1820460,190,9551
1226,3,0,12,13,45668940,4786,1820460,190,9554
1227,4,0,13,12,45687540,4786,1820460,190,9558
1228,5,0,15,10,45701040,4786,1820460,190,9563
1229,8,0,20,5,45718140,4786,1820460,190,9571
1230,7,0,21,4,45746460,4786,1820460,190,9578
1231,9,0,20,5,45801840,4787,1820460,189,9587
1232,2,0,14,11,45839520,4787,1820460,189,9589
1233,16,0,22,3,45871740,4786,1820460,189,9605
1234,12,7,25,0,45876960,4786,1820520,189,9617
1235,7,0,24,1,45969300,4788,1836600,190,9624
1236,10,0,18,7,46027920,4786,1836600,190,9634
1237,13,0,24,1,46052340,4785,1836600,190,9647
1238,16,6,25,0,46097400,4785,1838580,190,9663
1239,9,6,25,0,46147860,4786,1849920,191,9672
1240,9,5,25,0,46211340,4788,1857360,191,9681
1241,10,5,25,0,46262340,4788,1872540,193,9691
1242,9,0,24,1,46329960,4788,1903140,196,9700
1243,7,0,20,5,46383660,4788,1903140,196,9707
1244,10,0,23,2,46420680,4788,1905000,196,9717
1245,7,0,19,6,46472460,4788,1905000,195,9724
1246,5,0,20,5,46497240,4789,1905000,195,9729
1247,8,0,20,5,46540440,4789,1905000,195,9737
1248,2,0,15,10,46584480,4790,1905000,195,9739
1249,2,0,14,11,46601520,4790,1905000,195,9741
1250,8,0,17,8,46623900,4790,1905000,195,9749
1251,5,0,18,7,46638300,4790,1905000,195,9754
1252,6,0,16,9,46671840,4789,1905000,195,9760
1253,7,0,19,6,46697220,4790,1905000,195,9767
1254,10,0,24,1,46720860,4790,1905120,194,9777
1255,5,0,18,7,46780800,4791,1905120,194,9782
1256,7,0,17,8,46816380,4790,1905120,194,9789
1257,4,0,15,10,46845960,4790,1905120,194,9793
1258,9,0,18,7,46874820,4790,1905120,194,9802
1259,10,0,23,2,46897380,4790,1905120,194,9812
1260,9,0,23,2,46938480,4790,1905240,193,9821
1261,15,2,25,0,46990620,4790,1906680,193,9836
1262,7,0,24,1,47048160,4791,1918740,194,9843
1263,7,0,19,6,47113140,4792,1918740,194,9850
1264,9,0,17,8,47149440,4790,1918740,194,9859
1265,10,0,22,3,47166600,4789,1918740,194,9869
1266,8,0,21,4,47202420,4789,1918740,194,9877
1267,7,0,16,9,47266740,4789,1918740,194,9884
1268,7,0,16,9,47299020,4789,1918740,193,9891
1269,7,0,19,6,47318160,4789,1918740,193,9898
1270,8,0,19,6,47346780,4788,1918740,193,9906
1271,8,0,23,2,47370060,4789,1918740,193,9914
1272,8,0,19,6,47422560,4788,1918740,193,9922
1273,0,0,13,12,47460000,4789,1918740,193,9922
1274,10,0,18,7,47485440,4789,1918740,193,9932
1275,5,0,17,8,47502240,4788,1918740,193,9937
1276,4,0,14,11,47533440,4788,1918740,193,9941
1277,5,0,15,10,47548920,4787,1918740,192,9946
1278,9,0,18,7,47577000,4787,1918740,192,9955
1279,14,1,25,0,47603580,4787,1919760,192,9969
1280,6,0,19,6,47667300,4787,1921020,192,9975
1281,16,5,22,3,47695620,4786,1922100,192,9991
1282,6,0,24,1,47759760,4788,1942980,194,9997
1283,11,0,25,0,47808240,4788,1949100,194,10008
1284,17,2,25,0,47874360,4788,1949100,194,10025
1285,12,6,25,0,47908740,4788,1954140,194,10037
1286,8,3,25,0,47964060,4788,1969380,196,10045
1287,9,0,25,0,48030720,4789,1992660,198,10054
1288,10,0,24,1,48084120,4789,1992660,197,10064
1289,7,0,22,3,48132300,4789,1992660,197,10071
1290,7,0,19,6,48191460,4790,1992660,197,10078
1291,13,1,25,0,48220080,4790,1992960,197,10091
1292,7,0,22,3,48283320,4791,1995300,197,10098
1293,5,0,20,5,48320340,4792,1995300,197,10103
1294,2,0,12,13,48380820,4793,1995300,197,10105
1295,5,0,12,13,48398520,4792,1995300,197,10110
1296,5,0,15,10,48404520,4792,1995300,197,10115
1297,11,0,24,1,48413280,4792,1995300,197,10126
1298,5,0,18,7,48468120,4792,1995300,196,10131
1299,5,0,16,9,48501420,4792,1995300,196,10136
1300,8,0,17,8,48534780,4792,1995300,196,10144
1301,6,0,14,11,48564300,4791,1995300,196,10150
1302,11,0,22,3,48584100,4791,1995300,196,10161
1303,9,0,20,5,48632400,4791,1995300,196,10170
1304,8,0,22,3,48662640,4791,1995300,196,10178
1305,9,0,19,6,48704280,4789,1995300,195,10187
1306,14,0,24,1,48737460,4788,1995900,195,10201
1307,12,0,25,0,48783000,4788,1996860,195,10213
1308,12,2,25,0,48834840,4788,2002560,195,10225
1309,9,0,19,6,48907920,4787,2006760,196,10234
1310,17,2,25,0,48943620,4787,2008500,195,10251
1311,8,2,25,0,48975660,4786,2014320,196,10259
1312,9,0,22,3,49053960,4787,2019480,196,10268
1313,9,0,19,6,49106760,4787,2019480,196,10277
1314,7,0,21,4,49127700,4786,2019480,196,10284
1315,9,0,19,6,49178580,4786,2019480,196,10293
1316,9,0,21,4,49202700,4785,2019480,196,10302
1317,5,0,16,9,49263840,4787,2019480,195,10307
1318,3,0,15,10,49283640,4787,2019480,195,10310
1319,4,0,15,10,49304220,4787,2019480,195,10314
1320,2,0,13,12,49328040,4787,2019480,195,10316
1321,7,0,18,7,49341060,4788,2019480,195,10323
1322,4,0,13,12,49372500,4786,2019480,195,10327
1323,3,0,14,11,49385940,4787,2019480,195,10330
1324,11,0,22,3,49397700,4787,2019480,195,10341
1325,3,0,18,7,49427460,4786,2019480,195,10344
1326,15,0,25,0,49473780,4787,2019480,194,10359
1327,8,0,25,0,49505400,4786,2019840,194,10367
1328,12,0,23,2,49574640,4787,2032740,195,10379
1329,9,0,20,5,49635780,4787,2032740,195,10388
1330,7,0,19,6,49671420,4787,2032740,195,10395
1331,11,3,23,2,49691880,4787,2034300,195,10406
1332,10,0,22,3,49761120,4787,2041260,195,10416
1333,6,0,17,8,49813800,4787,2041680,195,10422
1334,7,0,19,6,49852320,4788,2041680,195,10429
1335,13,0,24,1,49890360,4788,2041740,195,10442
1336,11,0,24,1,49929360,4787,2041980,195,10453
1337,14,0,23,2,49995180,4786,2042040,195,10467
1338,8,0,21,4,50040840,4786,2042040,194,10475
1339,4,0,14,11,50084820,4785,2042040,194,10479
1340,8,0,17,8,50106240,4785,2042040,194,10487
1341,9,0,20,5,50123880,4784,2042040,194,10496
1342,9,0,17,8,50177460,4784,2042040,194,10505
1343,5,0,15,10,50198520,4783,2042040,194,10510
1344,4,0,14,11,50222820,4783,2042040,194,10514
1345,7,0,20,5,50228220,4783,2042040,194,10521
1346,1,0,18,7,50241840,4783,2042040,194,10522
1347,7,0,19,6,50273760,4783,2042040,193,10529
1348,4,0,22,3,50280240,4783,2042040,193,10533
1349,6,0,19,6,50327700,4784,2042040,193,10539
1350,11,1,25,0,50337840,4783,2042460,193,10550
1351,9,0,25,0,50378400,4782,2043900,193,10559
1352,16,7,25,0,50419860,4782,2046840,193,10575
1353,7,6,25,0,50462760,4782,2057760,194,10582
1354,7,3,25,0,50512800,4782,2073000,195,10589
1355,8,3,25,0,50538180,4781,2088720,197,10597
1356,7,0,25,0,50596440,4782,2099940,198,10604
1357,9,1,25,0,50638500,4783,2106360,198,10613
1358,9,2,25,0,50678760,4783,2108640,198,10622
1359,7,0,25,0,50723340,4783,2114640,198,10629
1360,17,10,25,0,50763300,4784,2124840,199,10646
1361,6,10,25,0,50806680,4785,2142900,201,10652
1362,3,5,25,0,50845080,4785,2175240,204,10655
1363,10,0,23,2,50905080,4783,2208840,207,10665
1364,14,8,24,1,50925660,4783,2211840,207,10679
1365,6,6,25,0,50970240,4784,2231820,208,10685
1366,4,4,25,0,50997360,4783,2244300,209,10689
1367,9,5,25,0,51056160,4785,2270580,212,10698
1368,6,2,25,0,51108480,4786,2291820,214,10704
1369,3,0,19,6,51155460,4786,2302920,215,10707
1370,0,0,17,8,51166920,4786,2302920,215,10707
1371,10,0,23,2,51198660,4787,2302920,214,10717
1372,4,0,19,6,51232860,4787,2302920,214,10721
1373,7,0,18,7,51256260,4785,2302920,214,10728
1374,8,0,22,3,51277080,4785,2302920,214,10736
1375,6,0,19,6,51313500,4785,2303220,214,10742
1376,10,0,25,0,51329640,4785,2303940,214,10752
1377,4,0,21,4,51370020,4785,2303940,214,10756
1378,7,0,24,1,51391500,4785,2303940,214,10763
1379,16,8,25,0,51438060,4786,2304900,213,10779
1380,7,8,25,0,51479220,4787,2316660,214,10786
1381,11,12,25,0,51523680,4788,2325660,215,10797
1382,11,14,25,0,51573840,4789,2342280,216,10808
1383,17,21,25,0,51625260,4789,2357520,217,10825
1384,12,30,25,0,51640680,4789,2359140,217,10837
1385,9,28,25,0,51705360,4790,2388900,220,10846
1386,11,29,25,0,51753300,4790,2423700,223,10857
1387,9,35,25,0,51770100,4790,2426700,223,10866
1388,5,32,25,0,51822660,4792,2457540,226,10871
1389,5,28,25,0,51875520,4793,2511960,230,10876
1390,5,25,25,0,51918960,4793,2638140,242,10881
1391,7,21,25,0,51964800,4792,2762280,253,10888
1392,4,17,25,0,52000500,4792,2902980,266,10892
1393,2,4,25,0,52060920,4791,3319260,304,10894
1394,3,0,17,8,52092660,4787,3447180,316,10897
1395,2,0,18,7,52096200,4787,3447180,316,10899
1396,7,0,18,7,52120740,4786,3447180,316,10906
1397,7,0,20,5,52135200,4786,3447180,315,10913
1398,5,0,20,5,52153380,4785,3447180,315,10918
1399,5,0,21,4,52177620,4786,3447180,315,10923
1400,8,0,22,3,52204740,4785,3447180,315,10931
1401,6,0,21,4,52232340,4784,3447180,315,10937
1402,10,0,24,1,52267020,4785,3447180,314,10947
1403,10,2,25,0,52300680,4785,3447660,314,10957
1404,10,4,25,0,52343340,4785,3457260,315,10967
1405,9,3,25,0,52386660,4785,3472680,316,10976
1406,10,5,25,0,52424940,4785,3478560,316,10986
1407,5,1,25,0,52461840,4784,3503340,318,10991
1408,4,0,19,6,52522920,4785,3503460,318,10995
1409,14,2,25,0,52544820,4784,3505620,318,11009
1410,6,1,25,0,52578840,4784,3512940,318,11015
1411,9,1,25,0,52621320,4784,3514200,318,11024
1412,9,0,25,0,52666440,4784,3514380,318,11033
1413,7,3,25,0,52679280,4783,3518100,318,11040
1414,5,0,22,3,52748400,4785,3523260,318,11045
1415,6,0,22,3,52779240,4785,3523260,318,11051
1416,2,0,19,6,52806780,4785,3523260,318,11053
1417,3,0,17,8,52835700,4786,3523260,318,11056
1418,5,0,19,6,52856640,4786,3523260,318,11061
1419,6,0,20,5,52878240,4786,3523260,318,11067
1420,6,0,22,3,52893060,4786,3523260,318,11073
1421,4,0,20,5,52926840,4786,3523260,318,11077
1422,8,0,22,3,52951380,4786,3523260,317,11085
1423,6,0,22,3,52984620,4786,3523260,317,11091
1424,9,2,25,0,53007600,4787,3523260,317,11100
1425,8,0,24,1,53053020,4786,3526920,317,11108
1426,13,2,25,0,53091780,4785,3527820,317,11121
1427,3,0,19,6,53139600,4785,3529740,317,11124
1428,14,3,25,0,53164980,4785,3529740,316,11138
1429,6,3,25,0,53191620,4785,3535440,317,11144
1430,13,8,25,0,53234700,4785,3547380,317,11157
1431,7,4,25,0,53280300,4784,3569580,319,11164
1432,10,3,25,0,53329140,4784,3586920,321,11174
1433,8,5,25,0,53359320,4784,3594600,321,11182
1434,12,9,25,0,53413080,4786,3605820,322,11194
1435,8,7,25,0,53464260,4786,3631380,324,11202
1436,3,0,21,4,53514300,4784,3671100,327,11205
1437,7,0,21,4,53540340,4784,3671100,327,11212
1438,7,0,20,5,53570220,4783,3671100,327,11219
1439,5,0,19,6,53593080,4782,3671100,327,11224
1440,5,0,18,7,53620500,4782,3671100,326,11229
1441,3,0,16,9,53638560,4782,3671100,326,11232
1442,5,0,19,6,53646060,4782,3671100,326,11237
1443,7,0,21,4,53669100,4782,3671100,326,11244
1444,5,0,19,6,53702940,4782,3671100,326,11249
1445,11,0,25,0,53722140,4781,3671100,326,11260
1446,11,7,25,0,53742540,4781,3676680,326,11271
1447,9,6,25,0,53805060,4783,3693600,327,11280
1448,7,5,25,0,53835960,4782,3710700,328,11287
1449,11,9,25,0,53870880,4782,3714180,328,11298
1450,12,12,25,0,53935860,4784,3722400,329,11310
1451,15,23,25,0,53959680,4784,3729840,329,11325
1452,12,27,25,0,54010260,4786,3736380,329,11337
1453,7,26,25,0,54063660,4787,3767400,332,11344
1454,11,31,25,0,54097800,4787,3792360,333,11355
1455,15,39,25,0,54127800,4788,3799980,334,11370
1456,9,39,25,0,54187080,4790,3824820,336,11379
1457,9,40,25,0,54232080,4790,3861420,339,11388
1458,4,36,25,0,54270960,4791,3907260,343,11392
1459,7,33,25,0,54328740,4792,4053420,355,11399
1460,3,29,25,0,54364440,4792,4195860,368,11402
1461,8,30,25,0,54404460,4792,4252740,372,11410
1462,4,23,25,0,54454920,4792,4462800,391,11414
1463,13,23,25,0,54505200,4791,4488720,392,11427
1464,9,23,25,0,54538020,4790,4550220,398,11436
1465,3,5,25,0,54578220,4785,5259420,459,11439
1466,6,0,20,5,54622860,4782,5350260,467,11445
1467,6,0,19,6,54664380,4783,5350260,467,11451
1468,7,0,22,3,54679740,4783,5350260,467,11458
1469,6,0,22,3,54705960,4782,5350260,466,11464
1470,4,0,18,7,54737520,4782,5350260,466,11468
1471,7,0,21,4,54751560,4781,5350260,466,11475
1472,12,0,25,0,54775440,4780,5350740,465,11487
1473,7,0,21,4,54818640,4779,5350740,465,11494
1474,11,2,25,0,54840540,4779,5352600,465,11505
1475,14,8,25,0,54879300,4779,5357160,465,11519
1476,9,10,25,0,54924960,4780,5366460,465,11528
1477,10,12,25,0,54964500,4780,5373480,465,11538
1478,8,11,25,0,55016280,4781,5404860,468,11546
1479,11,11,25,0,55063620,4781,5440020,470,11557
1480,5,4,25,0,55102680,4779,5508660,476,11562
1481,6,0,21,4,55150860,4777,5555460,480,11568
1482,16,5,25,0,55182240,4777,5556660,479,11584
1483,9,4,25,0,55230060,4777,5572800,480,11593
1484,6,0,22,3,55271940,4775,5584860,481,11599
1485,5,0,18,7,55309680,4775,5584860,481,11604
1486,6,0,22,3,55320480,4775,5584860,481,11610
1487,5,0,22,3,55348680,4775,5584860,480,11615
1488,2,0,20,5,55367220,4775,5584860,480,11617
1489,5,0,19,6,55404900,4776,5584860,480,11622
1490,8,0,23,2,55423020,4776,5584860,480,11630
1491,8,0,24,1,55449960,4776,5587680,480,11638
1492,7,0,22,3,55491420,4775,5587680,480,11645
1493,2,0,18,7,55523760,4776,5587680,479,11647
1494,6,0,21,4,55552260,4777,5587680,479,11653
1495,5,0,20,5,55575660,4777,5587680,479,11658
1496,5,0,22,3,55596060,4777,5587680,479,11663
1497,9,0,25,0,55632360,4778,5587680,478,11672
1498,14,7,25,0,55663920,4778,5589960,478,11686
1499,5,1,25,0,55715340,4777,5611560,480,11691
1500,4,0,18,7,55769040,4777,5612640,480,11695
1501,18,5,25,0,55789800,4776,5613360,479,11713
1502,7,5,25,0,55816020,4776,5623140,479,11720
1503,10,9,25,0,55851540,4776,5633580,480,11730
1504,12,12,25,0,55919700,4779,5649300,481,11742
1505,11,14,25,0,55962780,4779,5660460,481,11753
1506,12,22,25,0,55986900,4779,5666460,481,11765
1507,5,18,25,0,56042160,4780,5691420,483,11770
1508,6,15,25,0,56089080,4780,5724900,486,11776
1509,8,15,25,0,56127660,4780,5746620,487,11784
1510,4,10,25,0,56170080,4780,5843700,495,11788
1511,6,0,25,0,56224380,4778,6049860,513,11794
1512,5,0,21,4,56254500,4777,6049860,512,11799
1513,7,0,22,3,56284920,4778,6049860,512,11806
1514,5,0,19,6,56319540,4777,6049860,512,11811
1515,6,0,22,3,56329680,4777,6049860,512,11817
1516,3,0,19,6,56359980,4777,6049860,512,11820
1517,12,2,25,0,56383080,4777,6054660,511,11832
1518,3,0,21,4,56429220,4778,6055620,511,11835
1519,11,0,25,0,56463480,4778,6055920,511,11846
1520,9,1,25,0,56499300,4777,6059280,511,11855
1521,12,3,25,0,56542860,4777,6065460,511,11867
1522,6,2,25,0,56581080,4778,6073560,511,11873
1523,8,1,25,0,56631540,4778,6083100,512,11881
1524,10,2,25,0,56665920,4777,6089040,512,11891
1525,12,2,25,0,56716260,4777,6092640,512,11903
1526,7,2,25,0,56748840,4777,6099540,512,11910
1527,8,1,25,0,56798040,4777,6105120,512,11918
1528,12,4,25,0,56844840,4778,6109260,512,11930
1529,11,7,25,0,56885820,4778,6118980,512,11941
1530,8,7,25,0,56927340,4778,6125580,512,11949
1531,9,8,25,0,56969940,4778,6138660,513,11958
1532,8,8,25,0,57010260,4779,6188040,517,11966
1533,7,1,25,0,57065280,4778,6224280,520,11973
1534,5,0,20,5,57101100,4776,6224340,519,11978
1535,6,0,19,6,57136380,4776,6224340,519,11984
1536,8,0,22,3,57156060,4776,6224340,519,11992
1537,6,0,22,3,57186840,4776,6224340,518,11998
1538,5,0,21,4,57219180,4777,6224340,518,12003
1539,7,0,21,4,57252480,4777,6224340,518,12010
1540,2,0,20,5,57264660,4776,6224340,518,12012
1541,6,0,18,7,57303060,4776,6224340,518,12018
1542,8,0,24,1,57314460,4777,6224340,517,12026
1543,9,0,24,1,57352560,4776,6225300,517,12035
1544,6,0,22,3,57394800,4776,6225300,517,12041
1545,10,0,25,0,57426300,4776,6225420,516,12051
1546,13,7,25,0,57451560,4776,6227640,516,12064
1547,16,16,25,0,57494460,4777,6232500,516,12080
1548,11,19,25,0,57540720,4777,6256200,517,12091
1549,14,25,25,0,57586320,4778,6266160,517,12105
1550,15,36,25,0,57612240,4779,6271320,517,12120
1551,18,39,25,0,57676020,4780,6286680,518,12138
1552,12,36,25,0,57733740,4781,6330780,521,12150
1553,6,38,25,0,57759600,4782,6344400,522,12156
1554,8,37,25,0,57810000,4783,6398040,526,12164
1555,7,37,25,0,57846780,4783,6475560,532,12171
1556,0,28,25,0,57902220,4784,6706080,551,12171
1557,6,27,25,0,57937620,4784,6829620,561,12177
1558,11,28,25,0,57984840,4784,6905100,567,12188
1559,5,26,25,0,58012560,4784,6986340,573,12193
1560,6,22,25,0,58070520,4784,7066680,580,12199
1561,1,10,25,0,58117560,4783,7508220,616,12200
1562,4,0,17,8,58157760,4778,7774500,637,12204
1563,4,0,19,6,58162680,4778,7774500,637,12208
1564,10,0,25,0,58175580,4777,7774500,637,12218
1565,5,0,24,1,58211520,4778,7774680,636,12223
1566,8,0,25,0,58254480,4778,7774680,636,12231
1567,6,0,25,0,58296420,4779,7775040,636,12237
1568,10,4,25,0,58321140,4779,7775040,635,12247
1569,15,10,25,0,58377360,4780,7779960,635,12262
1570,16,18,25,0,58422300,4781,7790760,635,12278
1571,7,17,25,0,58463760,4781,7804380,636,12285
1572,11,21,25,0,58507860,4782,7828680,637,12296
1573,13,26,25,0,58542000,4782,7840560,637,12309
1574,10,27,25,0,58592580,4782,7879380,640,12319
1575,14,31,25,0,58640640,4782,7888020,640,12333
1576,14,40,25,0,58656000,4782,7892820,640,12347
1577,10,39,25,0,58714200,4784,7915380,641,12357
1578,8,38,25,0,58767600,4785,7930260,642,12365
1579,3,33,25,0,58810380,4785,7960680,644,12368
1580,5,30,25,0,58856880,4786,8044380,651,12373
1581,7,27,25,0,58906500,4786,8184360,662,12380
1582,5,27,25,0,58934460,4786,8190960,662,12385
1583,4,21,25,0,58986180,4787,8333460,673,12389
1584,3,13,25,0,59028060,4786,8697240,703,12392
1585,9,6,25,0,59080020,4784,8990460,726,12401
1586,5,0,21,4,59118660,4781,9298080,750,12406
1587,5,0,19,6,59151720,4781,9298080,750,12411
1588,7,0,23,2,59172120,4781,9298080,750,12418
1589,9,0,25,0,59195460,4781,9298080,749,12427
1590,3,0,20,5,59238480,4781,9298080,749,12430
1591,15,1,25,0,59276460,4781,9299340,748,12445
1592,7,0,24,1,59303940,4779,9300300,748,12452
1593,6,0,24,1,59340120,4780,9300360,747,12458
1594,10,0,25,0,59388720,4780,9300960,747,12468
1595,5,0,24,1,59415960,4780,9300960,746,12473
1596,14,5,25,0,59454900,4780,9302160,746,12487
1597,12,9,25,0,59493840,4780,9314280,746,12499
1598,12,14,25,0,59534160,4781,9324900,746,12511
1599,12,17,25,0,59583900,4782,9347100,747,12523
1600,11,21,25,0,59624580,4782,9357240,747,12534
1601,14,28,25,0,59667720,4783,9381600,748,12548
1602,7,28,25,0,59707560,4783,9419100,751,12555
1603,3,20,25,0,59756580,4783,9541080,761,12558
1604,10,17,25,0,59809620,4782,9613800,766,12568
1605,4,15,25,0,59838420,4782,9632460,767,12572
1606,9,9,25,0,59894820,4781,9792180,779,12581
1607,5,0,20,5,59937780,4777,9974460,793,12586
1608,3,0,17,8,59967780,4777,9974460,793,12589
1609,3,0,19,6,59973120,4777,9974460,793,12592
1610,8,0,22,3,59995920,4777,9974460,792,12600
1611,5,0,20,5,60025260,4777,9975060,792,12605
1612,7,0,19,6,60053880,4776,9975060,792,12612
1613,14,1,25,0,60073860,4775,9975060,791,12626
1614,11,3,25,0,60119340,4775,9986340,791,12637
1615,5,0,25,0,60157620,4775,9997800,792,12642
1616,7,0,25,0,60190320,4775,9997800,791,12649
1617,4,0,24,1,60221760,4776,9997800,791,12653
1618,9,0,23,2,60274020,4776,9999780,791,12662
1619,6,1,25,0,60293580,4777,10001280,790,12668
1620,12,3,25,0,60361380,4778,10010100,790,12680
1621,12,11,25,0,60380760,4778,10014120,790,12692
1622,7,9,25,0,60436980,4779,10033620,791,12699
1623,12,16,25,0,60464760,4780,10037580,791,12711
1624,9,16,25,0,60526920,4781,10057320,792,12720
1625,8,18,25,0,60558300,4781,10071360,792,12728
1626,7,16,25,0,60611820,4782,10101060,794,12735
1627,7,15,25,0,60656460,4783,10159800,798,12742
1628,4,10,25,0,60698460,4783,10257840,806,12746
1629,10,6,25,0,60750120,4781,10341540,812,12756
1630,8,2,25,0,60782760,4780,10460640,821,12764
1631,5,0,22,3,60822480,4779,10462440,820,12769
1632,6,0,21,4,60858900,4779,10462440,820,12775
1633,6,0,20,5,60889200,4779,10462440,819,12781
1634,3,0,17,8,60915120,4779,10462440,819,12784
1635,7,0,19,6,60939540,4779,10462440,819,12791
1636,7,0,22,3,60951840,4778,10462440,818,12798
1637,8,0,21,4,60987000,4778,10462440,818,12806
1638,4,0,18,7,61016760,4777,10462440,818,12810
1639,11,0,22,3,61040160,4776,10462440,817,12821
1640,11,2,25,0,61067040,4776,10466160,817,12832
1641,10,1,25,0,61114740,4776,10477260,817,12842
1642,10,2,25,0,61150680,4775,10483440,817,12852
1643,12,0,23,2,61204140,4774,10486500,816,12864
1644,9,3,25,0,61224720,4774,10487520,816,12873
1645,19,10,25,0,61286760,4774,10495020,815,12892
1646,13,16,25,0,61323720,4774,10507080,815,12905
1647,8,17,25,0,61361520,4775,10518600,815,12913
1648,6,15,25,0,61411680,4776,10561080,818,12919
1649,8,17,25,0,61445040,4776,10602180,821,12927
1650,8,14,25,0,61499940,4776,10642440,824,12935
1651,3,5,25,0,61545780,4775,10738860,831,12938
1652,14,5,25,0,61581000,4773,10823880,837,12952
1653,2,0,24,1,61613820,4772,10867320,840,12954
1654,10,0,24,1,61662420,4773,10867320,839,12964
1655,7,0,23,2,61692960,4772,10867680,839,12971
1656,6,0,22,3,61730220,4772,10867680,838,12977
1658,1,0,14,11,61781940,4773,10867680,838,12978
1657,0,0,14,11,61781940,4773,10867680,838,12978
1659,3,0,16,9,61790400,4773,10867680,838,12981
1660,8,0,21,4,61796820,4773,10867680,838,12989
1661,3,0,20,5,61816500,4773,10867680,837,12992
1662,6,0,22,3,61840680,4773,10867680,837,12998
1663,5,0,20,5,61874880,4773,10867680,837,13003
1664,4,0,17,8,61909680,4773,10867680,836,13007
1665,10,0,24,1,61920180,4773,10867680,836,13017
1666,8,0,23,2,61967700,4773,10867740,835,13025
1667,12,2,25,0,61995600,4772,10868340,835,13037
1668,9,7,25,0,62020380,4773,10875120,835,13046
1669,7,4,25,0,62086620,4774,10884660,835,13053
1670,5,0,23,2,62132760,4774,10907520,836,13058
1671,10,0,25,0,62168580,4774,10911660,836,13068
1672,6,0,24,1,62207280,4774,10911660,835,13074
1673,16,9,25,0,62239860,4774,10914480,835,13090
1674,3,1,25,0,62293620,4774,10939560,836,13093
1675,6,0,22,3,62329920,4774,10944660,836,13099
1676,8,0,21,4,62379720,4774,10944660,836,13107
1677,3,0,19,6,62391420,4773,10944660,836,13110
1678,2,0,16,9,62421120,4774,10944660,836,13112
1679,7,0,21,4,62430180,4774,10944660,835,13119
1680,6,0,19,6,62464620,4773,10944660,835,13125
1681,2,0,14,11,62497440,4773,10944660,835,13127
1682,8,0,20,5,62500020,4773,10944660,834,13135
1683,4,0,21,4,62510520,4772,10944660,834,13139
1684,6,0,21,4,62546700,4773,10944660,833,13145
1685,10,0,24,1,62574120,4773,10944840,833,13155
1686,7,0,20,5,62624220,4772,10944840,832,13162
1687,4,0,18,7,62650500,4772,10944840,832,13166
1688,8,0,23,2,62663280,4772,10944840,832,13174
1689,10,0,24,1,62689140,4771,10944960,831,13184
1690,8,0,24,1,62730000,4771,10944960,830,13192
1691,11,2,25,0,62766180,4771,10946040,830,13203
1692,10,5,25,0,62806320,4771,10954500,830,13213
1693,8,2,25,0,62858700,4771,10972620,831,13221
1694,10,1,25,0,62900280,4770,10984140,831,13231
1695,9,4,25,0,62921520,4770,10987440,831,13240
1696,15,12,25,0,62973000,4771,10991520,830,13255
1697,8,10,25,0,63030600,4772,11011320,831,13263
1698,7,9,25,0,63069960,4772,11028960,832,13270
1699,10,9,25,0,63114720,4772,11048340,833,13280
1700,9,10,25,0,63149340,4772,11052480,833,13289
1701,11,12,25,0,63198300,4772,11059860,832,13300
1702,4,8,25,0,63241560,4772,11105040,836,13304
1703,6,0,25,0,63283860,4771,11269380,848,13310
1704,6,0,19,6,63335820,4770,11269380,847,13316
1705,5,0,21,4,63346800,4770,11269380,847,13321
1706,4,0,23,2,63359700,4770,11269380,847,13325
1707,3,0,20,5,63405060,4771,11269380,846,13328
1708,5,0,19,6,63440160,4772,11269380,846,13333
1709,6,0,19,6,63466860,4772,11269380,846,13339
1710,7,0,22,3,63489720,4772,11269380,845,13346
1711,5,0,20,5,63519240,4772,11269380,845,13351
1712,8,0,21,4,63542460,4771,11269380,844,13359
1713,12,0,24,1,63564120,4769,11269380,844,13371
1714,9,0,24,1,63607560,4769,11270040,843,13380
1715,7,0,24,1,63638220,4769,11270040,843,13387
1716,7,0,22,3,63679500,4769,11270040,842,13394
1717,7,0,24,1,63703080,4769,11270040,842,13401
1718,10,1,25,0,63747540,4770,11272680,841,13411
1719,8,0,23,2,63782280,4768,11272860,841,13419
1720,13,2,25,0,63821640,4768,11273040,840,13432
1721,12,6,25,0,63850980,4767,11274720,840,13444
1722,9,5,25,0,63911100,4768,11285760,840,13453
1723,7,9,25,0,63924480,4768,11290740,840,13460
1724,9,3,25,0,63998340,4768,11332620,842,13469
1725,10,5,25,0,64027680,4768,11352180,843,13479
1726,7,2,25,0,64071600,4767,11359140,843,13486
1727,8,3,25,0,64112760,4768,11362500,843,13494
1728,5,0,24,1,64158720,4768,11371920,843,13499
1729,8,2,25,0,64184280,4768,11372760,843,13507
1730,6,0,22,3,64242180,4769,11376360,843,13513
1731,2,0,18,7,64278360,4769,11376360,843,13515
1732,7,0,21,4,64297260,4769,11376360,842,13522
1733,12,0,25,0,64323360,4768,11376540,841,13534
1734,8,0,25,0,64365480,4769,11380440,841,13542
1735,7,0,20,5,64417380,4768,11380800,841,13549
1736,11,0,23,2,64453020,4768,11383320,840,13560
1737,7,0,24,1,64476300,4768,11384580,840,13567
1738,12,3,25,0,64521660,4768,11389500,840,13579
1739,10,7,25,0,64554420,4769,11397060,839,13589
1740,11,9,25,0,64600560,4769,11405820,840,13600
1741,3,2,25,0,64654500,4769,11437680,842,13603
1742,12,4,25,0,64690620,4768,11457480,843,13615
1743,10,3,25,0,64733880,4768,11464560,842,13625
1744,9,6,25,0,64769040,4768,11474400,843,13634
1745,17,15,25,0,64816560,4769,11478840,842,13651
1746,12,19,25,0,64859340,4769,11490720,842,13663
1747,8,17,25,0,64912680,4770,11508960,843,13671
1748,7,18,25,0,64945140,4770,11538360,844,13678
1749,6,12,25,0,65007720,4770,11636100,851,13684
1750,7,4,25,0,65049480,4768,11758200,860,13691
1751,6,0,25,0,65082540,4767,11808120,863,13697
1752,4,0,22,3,65107200,4766,11808120,863,13701
1753,6,0,19,6,65164440,4768,11808120,862,13707
1754,3,0,17,8,65192520,4768,11808120,862,13710
1755,9,0,24,1,65202360,4768,11808120,862,13719
1756,3,0,20,5,65233500,4768,11808120,861,13722
1757,7,0,22,3,65265840,4768,11808120,861,13729
1758,3,0,18,7,65298360,4768,11808120,861,13732
1759,8,0,22,3,65323260,4769,11808120,860,13740
1760,5,0,20,5,65352240,4768,11808120,860,13745
1761,8,0,21,4,65382360,4768,11808120,859,13753
1762,4,0,19,6,65408700,4768,11808120,859,13757
1763,13,0,24,1,65437500,4767,11808120,858,13770
1764,9,0,25,0,65476320,4767,11813040,858,13779
1765,14,6,25,0,65512080,4767,11815740,857,13793
1766,10,9,25,0,65548980,4767,11827440,858,13803
1767,10,11,25,0,65586000,4767,11844840,858,13813
1768,7,6,25,0,65639940,4767,11878380,860,13820
1769,10,6,25,0,65685000,4767,11901120,861,13830
1770,7,9,25,0,65709600,4767,11906820,861,13837
1771,12,13,25,0,65760600,4768,11912280,861,13849
1772,5,12,25,0,65802420,4769,11929980,862,13854
1773,2,0,20,5,65870400,4768,12043440,870,13856
1774,6,0,18,7,65895660,4767,12043440,870,13862
1775,5,0,20,5,65905200,4766,12043440,869,13867
1776,4,0,19,6,65933640,4767,12043440,869,13871
1777,3,0,17,8,65952660,4766,12043440,869,13874
1778,6,0,20,5,65970060,4766,12043440,868,13880
1779,2,0,18,7,65984520,4766,12043440,868,13882
1780,4,0,17,8,66012720,4766,12043440,868,13886
1781,6,0,20,5,66022260,4766,12043440,868,13892
1782,8,0,23,2,66046140,4766,12043440,867,13900
1783,6,0,22,3,66076440,4766,12043440,867,13906
1784,7,0,23,2,66120540,4767,12043440,866,13913
1785,11,4,25,0,66142800,4767,12045420,866,13924
1786,11,7,25,0,66182280,4767,12053160,866,13935
1787,9,8,25,0,66224940,4767,12058440,866,13944
1788,12,10,25,0,66281340,4768,12071340,866,13956
1789,13,17,25,0,66307260,4768,12078300,866,13969
1790,9,15,25,0,66367260,4768,12096420,866,13978
1791,15,23,25,0,66399720,4768,12099060,866,13993
1792,10,26,25,0,66440280,4769,12111420,866,14003
1793,10,26,25,0,66488160,4769,12123660,866,14013
1794,16,35,25,0,66528300,4769,12130620,865,14029
1795,7,34,25,0,66578400,4770,12144540,866,14036
1796,7,33,25,0,66616860,4770,12175200,868,14043
1797,4,28,25,0,66668220,4771,12222720,871,14047
1798,6,26,25,0,66701160,4770,12341940,879,14053
1799,5,17,25,0,66764400,4770,12587100,896,14058
1800,3,0,19,6,66807720,4764,13138320,935,14061
1801,7,0,22,3,66830220,4765,13138320,935,14068
1802,6,0,22,3,66858000,4765,13138320,934,14074
1803,6,0,22,3,66890100,4765,13138320,934,14080
1804,6,0,23,2,66919080,4765,13138320,934,14086
1805,6,0,17,8,66964500,4764,13138500,933,14092
1806,9,0,22,3,66984180,4764,13138500,933,14101
1807,4,0,20,5,67016580,4765,13138500,932,14105
1808,11,0,24,1,67045620,4764,13138620,932,14116
1809,13,4,25,0,67078920,4764,13140180,931,14129
1810,4,0,23,2,67129020,4764,13151280,931,14133
1811,9,0,24,1,67163160,4764,13152840,931,14142
1812,9,0,24,1,67208340,4764,13152900,930,14151
1813,1,0,19,6,67237860,4764,13152900,930,14152
1814,10,0,23,2,67275600,4765,13152900,930,14162
1815,7,0,23,2,67308000,4765,13153800,929,14169
1816,10,0,25,0,67345260,4765,13155600,929,14179
1817,12,3,25,0,67374840,4764,13157820,928,14191
1818,12,8,25,0,67422420,4765,13164480,928,14203
1819,4,5,25,0,67458600,4765,13179960,929,14207
1820,5,0,24,1,67513080,4765,13208940,930,14212
1821,4,0,17,8,67558740,4765,13208940,930,14216
1822,6,0,21,4,67566120,4764,13208940,930,14222
1823,4,0,19,6,67588740,4764,13208940,929,14226
1824,9,0,22,3,67615200,4764,13208940,929,14235
1825,4,0,20,5,67639260,4763,13208940,929,14239
1826,2,0,17,8,67670280,4764,13208940,928,14241
1827,5,0,18,7,67691580,4764,13208940,928,14246
1828,9,0,24,1,67708080,4764,13208940,927,14255
1829,4,0,20,5,67742580,4764,13208940,927,14259
1830,1,0,15,10,67773120,4764,13208940,927,14260
1831,10,0,24,1,67780140,4764,13208940,927,14270
1832,13,6,25,0,67807320,4764,13213260,926,14283
1833,10,9,25,0,67841580,4764,13218660,926,14293
1834,12,12,25,0,67901460,4766,13231020,926,14305
1835,10,17,25,0,67927020,4766,13234260,925,14315
1836,8,14,25,0,67977420,4765,13263720,927,14323
1837,5,12,25,0,68013780,4766,13286220,928,14328
1838,10,14,25,0,68060880,4766,13290540,928,14338
1839,5,10,25,0,68105340,4766,13368420,933,14343
1840,6,0,23,2,68159100,4764,13556220,946,14349
1841,4,0,20,5,68184780,4764,13556220,945,14353
1842,11,0,25,0,68216940,4764,13556220,945,14364
1843,10,3,25,0,68245740,4764,13556940,944,14374
1844,10,4,25,0,68305440,4765,13571220,944,14384
1845,8,10,24,1,68328600,4765,13574040,944,14392
1846,5,6,25,0,68381100,4766,13602360,946,14397
1847,4,6,25,0,68405280,4767,13616340,947,14401
1848,4,0,22,3,68470920,4767,13659000,949,14405
1849,9,0,25,0,68503800,4767,13659360,949,14414
1850,5,0,18,7,68556120,4767,13659960,948,14419
1851,3,0,15,10,68581020,4767,13659960,948,14422
1852,8,0,21,4,68582340,4766,13659960,948,14430
1853,7,0,24,1,68601720,4766,13662900,947,14437
1854,4,0,20,5,68642520,4766,13662960,947,14441
1855,4,0,16,9,68686980,4767,13662960,947,14445
1856,10,0,21,4,68701860,4766,13662960,946,14455
1857,11,0,25,0,68727600,4766,13666500,946,14466
1858,9,0,25,0,68756400,4765,13666860,945,14475
1859,13,2,25,0,68805060,4764,13671900,945,14488
1860,12,5,25,0,68849460,4764,13679700,944,14500
1861,10,5,25,0,68893140,4764,13690260,944,14510
1862,10,4,25,0,68945100,4764,13703580,945,14520
1863,6,0,22,3,68977020,4762,13731480,946,14526
1864,11,1,25,0,69015120,4762,13731480,946,14537
1865,6,0,19,6,69066480,4762,13732500,945,14543
1866,14,3,25,0,69083100,4761,13733340,944,14557
1867,8,2,25,0,69130980,4762,13747620,945,14565
1868,6,0,24,1,69174540,4762,13757700,945,14571
1869,9,0,24,1,69214080,4761,13757700,944,14580
1870,5,0,24,1,69238500,4761,13757880,944,14585
1871,5,0,20,5,69291000,4762,13757880,944,14590
1872,3,0,19,6,69317280,4763,13757880,944,14593
1873,7,0,23,2,69337980,4763,13757880,943,14600
1874,3,0,19,6,69369540,4763,13757880,943,14603
1875,3,0,16,9,69403500,4763,13757880,943,14606
1876,4,0,16,9,69419580,4763,13757880,943,14610
1877,7,0,20,5,69427740,4763,13757880,942,14617
1878,12,0,25,0,69460680,4763,13759740,941,14629
1879,4,0,24,1,69486420,4763,13759740,941,14633
1880,9,0,23,2,69541320,4763,13759740,941,14642
1881,12,6,25,0,69555600,4763,13761720,940,14654
1882,6,3,25,0,69616680,4764,13773600,940,14660
1883,6,0,24,1,69660480,4764,13792500,941,14666
1884,6,0,23,2,69699180,4764,13793520,941,14672
1885,11,0,25,0,69737640,4764,13794180,940,14683
1886,8,0,24,1,69778980,4764,13795260,940,14691
1887,15,8,25,0,69815280,4764,13797000,939,14706
1888,8,8,25,0,69862020,4765,13806720,939,14714
1889,15,15,25,0,69898560,4765,13816680,939,14729
1890,7,18,25,0,69927480,4766,13827420,939,14736
1891,9,16,25,0,69992700,4766,13862280,941,14745
1892,13,21,25,0,70035240,4767,13866840,941,14758
1893,5,16,25,0,70087200,4767,13907580,943,14763
1894,3,10,25,0,70125780,4767,13999800,949,14766
1895,5,0,21,4,70166400,4763,14185920,961,14771
1896,7,0,22,3,70187340,4763,14185920,961,14778
1897,4,0,21,4,70212060,4763,14185920,961,14782
1898,4,0,19,6,70250340,4764,14185920,960,14786
1899,6,0,21,4,70269540,4764,14185920,960,14792
1900,3,0,19,6,70300380,4764,14185920,960,14795
1901,8,0,24,1,70317240,4764,14185920,959,14803
1902,7,2,25,0,70338180,4764,14187780,959,14810
1903,11,3,25,0,70383600,4764,14192280,959,14821
1904,7,2,25,0,70433880,4765,14207820,959,14828
1905,7,2,25,0,70470060,4765,14216340,959,14835
1906,9,4,25,0,70501620,4765,14220480,959,14844
1907,7,0,25,0,70555020,4765,14227260,959,14851
1908,11,1,25,0,70604460,4765,14228040,958,14862
1909,12,7,25,0,70639800,4766,14233320,958,14874
1910,10,11,25,0,70668120,4766,14243820,958,14884
1911,11,14,25,0,70717680,4766,14259180,958,14895
1912,12,18,25,0,70771440,4768,14270520,958,14907
1913,12,23,25,0,70815000,4768,14292360,959,14919
1914,14,30,25,0,70861380,4769,14312160,959,14933
1915,8,32,25,0,70893420,4769,14325060,960,14941
1916,12,34,25,0,70948080,4770,14376900,963,14953
1917,3,29,25,0,70990140,4770,14414220,965,14956
1918,8,29,25,0,71036340,4771,14486280,969,14964
1919,6,31,25,0,71060700,4771,14541240,972,14970
1920,0,20,25,0,71125140,4772,14739660,985,14970
1921,13,22,25,0,71171280,4771,14783280,988,14983
1922,1,15,25,0,71212080,4771,14960520,999,14984
1923,6,3,25,0,71267700,4769,15301440,1022,14990
1924,6,0,23,2,71292240,4768,15373860,1026,14996
1925,7,0,22,3,71330340,4768,15373860,1026,15003
1926,9,0,22,3,71361720,4767,15373860,1025,15012
1927,5,0,20,5,71394480,4767,15373860,1025,15017
1928,6,0,20,5,71417040,4766,15373860,1024,15023
1929,12,0,24,1,71453580,4766,15374580,1024,15035
1930,11,5,25,0,71472780,4766,15377640,1023,15046
1931,14,12,25,0,71515680,4767,15388140,1023,15060
1932,10,14,25,0,71571000,4768,15401280,1023,15070
1933,5,13,25,0,71600820,4768,15423300,1024,15075
1934,7,11,25,0,71657400,4769,15460260,1026,15082
1935,6,13,25,0,71676840,4769,15477960,1027,15088
1936,4,7,25,0,71737740,4770,15550200,1031,15092
1937,8,3,25,0,71784300,4769,15606720,1034,15100
1938,10,2,25,0,71830080,4768,15649500,1037,15110
1939,4,0,22,3,71866860,4768,15655740,1037,15114
1940,8,0,22,3,71913060,4769,15655740,1036,15122
1941,9,0,25,0,71943420,4769,15655740,1036,15131
1942,10,2,25,0,71983860,4769,15658080,1035,15141
1943,5,0,24,1,72027240,4769,15665700,1035,15146
1944,2,0,18,7,72065040,4769,15665700,1035,15148
1945,8,0,21,4,72090540,4769,15665700,1035,15156
1946,8,0,22,3,72116760,4769,15665700,1034,15164
1947,6,0,24,1,72136620,4769,15665700,1034,15170
1948,7,0,25,0,72166740,4769,15669480,1033,15177
1949,8,2,25,0,72199740,4769,15675480,1033,15185
1950,7,0,22,3,72263100,4770,15679200,1033,15192
1951,11,2,25,0,72291540,4770,15680940,1032,15203
1952,12,5,25,0,72334620,4770,15685680,1032,15215
1953,9,8,25,0,72370800,4770,15693960,1032,15224
1954,11,9,25,0,72421800,4770,15704880,1032,15235
1955,8,6,25,0,72470460,4770,15727980,1033,15243
1956,12,9,25,0,72513060,4770,15735660,1032,15255
1957,8,5,25,0,72555360,4769,15794700,1036,15263
1958,9,2,25,0,72592140,4768,15826380,1037,15272
1959,11,5,25,0,72630780,4768,15833160,1037,15283
1960,10,9,25,0,72673140,4769,15837900,1037,15293
1961,16,15,25,0,72728280,4769,15847860,1036,15309
1962,11,18,25,0,72765420,4769,15864180,1036,15320
1963,7,18,25,0,72804480,4769,15876600,1037,15327
1964,3,13,25,0,72844680,4770,15922080,1040,15330
1965,8,11,25,0,72907740,4771,15993060,1044,15338
1966,3,7,25,0,72938580,4770,16027980,1046,15341
1967,5,0,23,2,72978180,4769,16167420,1054,15346
1968,4,0,18,7,73028340,4769,16167420,1054,15350
1969,6,0,19,6,73048440,4769,16167420,1054,15356
1970,3,0,18,7,73071300,4769,16167420,1054,15359
1971,7,0,20,5,73088580,4769,16167420,1053,15366
1972,8,0,24,1,73103400,4768,16167420,1053,15374
1973,7,0,22,3,73132020,4768,16167960,1052,15381
1974,9,0,23,2,73179900,4768,16167960,1051,15390
1975,6,0,24,1,73201380,4768,16167960,1051,15396
1976,17,7,25,0,73251600,4768,16170960,1050,15413
1977,10,11,25,0,73279680,4768,16186800,1051,15423
1978,12,17,25,0,73316700,4769,16193760,1050,15435
1979,6,12,25,0,73383480,4770,16229280,1052,15441
1980,12,16,25,0,73419600,4770,16235100,1052,15453
1981,11,20,25,0,73454520,4770,16242360,1051,15464
1982,12,25,25,0,73491660,4770,16264500,1052,15476
1983,10,25,25,0,73543560,4770,16311540,1054,15486
1984,8,27,25,0,73574820,4771,16327980,1055,15494
1985,6,22,25,0,73640340,4771,16414140,1060,15500
1986,9,19,25,0,73688340,4771,16546980,1068,15509
1987,12,23,25,0,73718940,4770,16556160,1068,15521
1988,9,22,25,0,73765260,4770,16618320,1071,15530
1989,5,19,25,0,73804380,4770,16634220,1072,15535
1990,7,10,25,0,73869780,4770,16864380,1086,15542
1991,5,1,25,0,73899060,4767,17151000,1104,15547
1992,6,0,17,8,73945140,4766,17151000,1104,15553
1993,7,0,20,5,73966920,4766,17151000,1103,15560
1994,3,0,17,8,73995600,4766,17151000,1103,15563
1995,2,0,18,7,73998720,4766,17151000,1103,15565
1996,2,0,15,10,74027280,4766,17151000,1103,15567
1997,4,0,18,7,74033880,4766,17151000,1102,15571
1998,8,0,23,2,74050440,4766,17151000,1102,15579
1999,3,0,20,5,74074740,4766,17151000,1102,15582
2000,8,0,21,4,74107740,4766,17151000,1101,15590
2001,12,2,25,0,74130960,4766,17152200,1100,15602
2002,9,4,25,0,74169300,4766,17156880,1100,15611
2003,7,4,25,0,74213580,4767,17165100,1100,15618
2004,8,5,25,0,74251080,4767,17175780,1100,15626
2005,9,1,25,0,74311320,4767,17203560,1101,15635
2006,7,2,25,0,74337300,4767,17205840,1101,15642
2007,7,0,24,1,74389320,4767,17209440,1101,15649
2008,10,4,25,0,74415540,4767,17210580,1100,15659
2009,7,1,25,0,74473800,4768,17227620,1101,15666
2010,8,1,25,0,74521320,4768,17235900,1101,15674
2011,6,3,25,0,74545560,4769,17240640,1101,15680
2012,6,1,25,0,74586600,4769,17257740,1101,15686
2013,2,0,18,7,74641020,4769,17257740,1101,15688
2014,7,0,18,7,74674500,4769,17257740,1101,15695
2015,6,0,21,4,74686260,4769,17257740,1100,15701
2016,3,0,21,4,74696940,4769,17257740,1100,15704
2017,6,1,25,0,74699340,4769,17257740,1100,15710
2018,4,1,25,0,74718180,4769,17262360,1100,15714
2019,1,0,24,1,74734860,4769,17263680,1100,15715
2020,10,7,25,0,74745420,4769,17263860,1099,15725
2021,6,9,25,0,74765400,4769,17272320,1099,15731
2022,15,21,25,0,74783520,4769,17275380,1098,15746
2023,8,27,25,0,74796840,4769,17277420,1098,15754
2024,3,25,25,0,74826780,4770,17299080,1099,15757
2025,5,28,25,0,74834220,4770,17300100,1099,15762
2026,8,33,25,0,74853900,4770,17321160,1100,15770
2027,17,40,25,0,74873400,4770,17343060,1100,15787
2028,16,40,25,0,74885400,4770,17348760,1100,15803
2029,13,40,25,0,74918040,4771,17366880,1101,15816
2030,7,38,25,0,74933520,4771,17388900,1102,15823
2031,12,40,25,0,74947020,4771,17405400,1103,15835
2032,13,40,25,0,74968680,4771,17427480,1104,15848
2033,10,40,25,0,74979780,4771,17451000,1106,15858
2034,6,40,25,0,75002640,4771,17492100,1108,15864
2035,6,38,25,0,75019620,4771,17609100,1115,15870
2036,8,39,25,0,75036660,4771,17662380,1118,15878
2037,12,40,25,0,75053280,4771,17718240,1122,15890
2038,8,40,25,0,75070620,4772,17733720,1122,15898
2039,4,40,25,0,75086220,4772,17803500,1127,15902
2040,5,40,25,0,75109200,4772,17821080,1127,15907
2041,2,40,25,0,75113820,4772,17825640,1128,15909
2042,3,39,25,0,75138360,4773,17838900,1128,15912
2043,5,40,25,0,75167520,4773,17910300,1132,15917
2044,5,39,25,0,75184020,4773,17918460,1133,15922
2045,8,40,25,0,75203820,4773,17931840,1133,15930
2046,10,40,25,0,75203820,4773,17931840,1133,15940
2047,10,40,25,0,75238500,4774,18023760,1139,15950
2048,5,40,25,0,75255000,4774,18037740,1139,15955
2049,6,38,25,0,75277020,4775,18045060,1140,15961
2050,7,40,25,0,75292380,4775,18147960,1146,15968
2051,7,38,25,0,75313020,4775,18160260,1146,15975
2052,8,40,25,0,75328680,4775,18167220,1147,15983
2053,10,38,25,0,75340260,4775,18289320,1154,15993
2054,4,39,25,0,75363600,4776,18606720,1174,15997
2055,11,39,25,0,75386220,4776,18621120,1175,16008
2056,9,40,25,0,75402180,4776,18626880,1175,16017
2057,13,40,25,0,75415800,4776,18636660,1175,16030
2058,11,39,25,0,75435120,4777,18659400,1176,16041
2059,10,40,25,0,75455460,4777,18670920,1177,16051
2060,7,39,25,0,75473880,4777,18684060,1177,16058
2061,7,40,25,0,75483060,4777,18691860,1178,16065
2062,10,38,25,0,75515820,4777,18849660,1187,16075
2063,6,39,25,0,75523620,4777,18855300,1188,16081
2064,4,38,25,0,75547560,4778,18870780,1188,16085
2065,8,40,25,0,75555060,4778,19011600,1197,16093
2066,5,39,25,0,75583680,4778,19025400,1198,16098
2067,1,37,25,0,75598440,4778,19178400,1207,16099
2068,3,36,25,0,75623220,4779,19518540,1228,16102
2069,10,40,25,0,75627720,4779,19519140,1228,16112
2070,9,40,25,0,75651300,4779,19532700,1229,16121
2071,9,39,25,0,75674520,4779,19725000,1240,16130
2072,8,39,25,0,75690240,4779,19730040,1240,16138
2073,6,39,25,0,75708060,4779,19832040,1247,16144
2074,6,37,25,0,75725040,4780,19850880,1248,16150
2075,9,40,25,0,75745380,4780,19989120,1256,16159
2076,5,40,25,0,75757500,4779,19992780,1256,16164
2077,12,40,25,0,75773460,4780,20000580,1256,16176
2078,14,40,25,0,75794400,4780,20003040,1256,16190
2079,7,37,25,0,75817020,4780,20353920,1278,16197
2080,10,40,25,0,75835740,4780,20356380,1278,16207
2081,8,40,25,0,75841740,4780,20360940,1278,16215
2082,9,40,25,0,75870540,4780,20456340,1283,16224
2083,2,36,25,0,75894060,4780,20478060,1284,16226
2084,8,39,25,0,75906000,4779,20483040,1284,16234
2085,7,40,25,0,75911460,4780,20484240,1284,16241
2086,6,39,25,0,75945240,4780,20715420,1298,16247
2087,6,40,25,0,75956640,4780,20718000,1298,16253
2088,3,37,25,0,75978960,4780,20857860,1307,16256
2089,3,36,25,0,75995460,4780,20915160,1310,16259
2090,5,35,25,0,76015620,4779,21207420,1328,16264
2091,7,37,25,0,76036500,4779,21211020,1328,16271
2092,4,37,25,0,76051800,4779,21218820,1328,16275
2093,2,36,25,0,76063680,4779,21222900,1328,16277
2094,7,40,25,0,76079580,4779,21244320,1329,16284
2095,9,40,25,0,76099980,4779,21249600,1329,16293
2096,6,39,25,0,76113660,4779,21258960,1329,16299
2097,8,40,25,0,76140660,4779,21286260,1330,16307
2098,11,40,25,0,76159920,4779,21550680,1347,16318
2099,13,40,25,0,76175400,4779,21557220,1347,16331
2100,12,40,25,0,76190280,4779,21562680,1347,16343
2101,8,37,25,0,76214640,4779,21746400,1358,16351
2102,10,39,25,0,76229100,4779,21748860,1358,16361
2103,11,38,25,0,76244580,4779,22020840,1375,16372
2104,18,40,25,0,76268220,4779,22030140,1375,16390
2105,9,40,25,0,76274640,4779,22035840,1375,16399
2106,5,37,25,0,76301640,4779,22059360,1376,16404
2107,8,40,25,0,76317780,4779,22371780,1395,16412
2108,10,40,25,0,76330620,4779,22376400,1395,16422
2109,3,39,25,0,76356360,4779,22390140,1395,16425
2110,3,36,25,0,76377780,4779,22976640,1432,16428
2111,3,34,25,0,76392780,4778,23468880,1462,16431
2112,4,32,25,0,76413360,4778,23837220,1485,16435
2113,5,36,25,0,76420500,4778,23839380,1485,16440
2114,6,38,25,0,76443120,4778,23853720,1485,16446
2115,4,39,25,0,76462320,4778,23865480,1485,16450
2116,10,40,25,0,76474200,4779,23877000,1486,16460
2117,8,39,25,0,76502880,4779,23898960,1487,16468
2118,8,38,25,0,76516440,4779,23908260,1487,16476
2119,7,40,25,0,76527660,4779,23912640,1487,16483
2120,7,38,25,0,76556520,4779,23923440,1487,16490
2121,11,40,25,0,76560240,4779,23923500,1487,16501
2122,12,40,25,0,76584540,4779,23972760,1490,16513
2123,9,40,25,0,76604220,4779,23978160,1490,16522
2124,11,40,25,0,76612860,4779,23983200,1490,16533
2125,8,39,25,0,76642860,4780,24021000,1492,16541
2126,10,40,25,0,76653780,4780,24023580,1492,16551
2127,19,40,25,0,76678860,4780,24059040,1493,16570
2128,15,40,25,0,76700160,4780,24140340,1498,16585
2129,8,39,25,0,76718640,4779,24208440,1502,16593
2130,2,37,25,0,76732500,4779,24222540,1502,16595
2131,8,40,25,0,76743900,4779,24226320,1502,16603
2132,11,40,25,0,76764900,4779,24228660,1502,16614
2133,6,40,25,0,76775760,4779,24280020,1505,16620
2134,6,38,25,0,76804440,4779,24322080,1507,16626
2135,4,37,25,0,76826820,4779,24351060,1509,16630
2136,9,40,25,0,76838220,4779,24352980,1508,16639
2137,7,40,25,0,76856160,4779,24358620,1508,16646
2138,6,40,25,0,76875360,4779,24363300,1508,16652
2139,9,36,25,0,76904640,4779,24664440,1527,16661
2140,4,36,25,0,76910520,4779,24841140,1537,16665
2141,10,40,25,0,76923660,4779,24845460,1537,16675
2142,11,40,25,0,76949520,4779,24856620,1537,16686
2143,7,40,25,0,76957680,4779,24870480,1538,16693
2144,12,40,25,0,76980960,4779,24892020,1539,16705
2145,10,40,25,0,76999800,4779,24904860,1539,16715
2146,8,39,25,0,77019420,4780,24912180,1540,16723
2147,14,40,25,0,77033880,4780,24928140,1540,16737
2148,9,40,25,0,77056620,4780,24946500,1541,16746
2149,9,40,25,0,77071620,4780,24951900,1541,16755
2150,9,40,25,0,77083260,4780,24953340,1541,16764
2151,14,39,25,0,77113140,4781,24978000,1542,16778
2152,6,39,25,0,77132580,4780,25014180,1544,16784
2153,13,39,25,0,77146200,4780,25023300,1544,16797
2154,9,40,25,0,77163960,4780,25031700,1544,16806
2155,9,39,25,0,77184420,4780,25038480,1544,16815
2156,6,37,25,0,77202960,4780,25387620,1566,16821
2157,12,39,25,0,77219160,4780,25392960,1565,16833
2158,5,40,25,0,77226840,4780,25395420,1565,16838
2159,7,37,25,0,77261700,4781,25415820,1566,16845
2160,6,40,25,0,77266920,4780,25418760,1566,16851
2161,5,39,25,0,77290140,4781,25570920,1575,16856
2162,6,40,25,0,77303520,4780,25573440,1575,16862
2163,7,40,25,0,77324040,4780,25579920,1575,16869
2164,3,40,25,0,77339880,4780,25584900,1575,16872
2165,5,40,25,0,77364480,4781,25600740,1576,16877
2166,8,40,25,0,77373360,4781,25602600,1575,16885
2167,5,39,25,0,77396940,4781,25629180,1577,16890
2168,6,40,25,0,77419620,4781,25643100,1577,16896
2169,13,39,25,0,77431260,4780,25912680,1593,16909
2170,8,40,25,0,77452440,4781,25925280,1594,16917
2171,12,40,25,0,77465280,4781,25928880,1594,16929
2172,11,40,25,0,77484360,4781,25936920,1594,16940
2173,12,40,25,0,77505900,4781,25940940,1594,16952
2174,14,40,25,0,77523600,4781,25946940,1594,16966
2175,17,40,25,0,77541840,4781,26099640,1602,16983
2176,8,40,25,0,77555760,4781,26104800,1602,16991
2177,13,38,25,0,77585040,4780,26204100,1608,17004
2178,7,38,25,0,77596380,4781,26209920,1608,17011
2179,8,40,25,0,77607480,4780,26217720,1608,17019
2180,6,39,25,0,77634420,4780,26226240,1608,17025
2181,14,40,25,0,77634420,4780,26226240,1608,17039
2182,13,39,25,0,77668740,4781,26237580,1608,17052
2183,7,37,25,0,77686380,4780,26408160,1619,17059
2184,2,34,25,0,77700300,4780,27085560,1660,17061
2185,5,32,25,0,77721840,4779,28002600,1716,17066
2186,5,31,25,0,77745180,4779,28598100,1752,17071
2187,7,36,25,0,77751060,4779,28600500,1751,17078
2188,4,36,25,0,77774640,4779,28606560,1751,17082
2189,6,40,25,0,77787060,4779,28608000,1751,17088
2190,4,39,25,0,77809560,4780,28614660,1750,17092
2191,9,39,25,0,77832840,4780,28623060,1751,17101
2192,12,40,25,0,77843280,4780,28628400,1751,17113
2193,7,40,25,0,77857260,4780,28634400,1751,17120
2194,9,40,25,0,77881860,4780,28675740,1753,17129
2195,11,39,25,0,77900400,4780,28698060,1754,17140
2196,9,38,25,0,77923680,4780,28718700,1754,17149
2197,12,40,25,0,77929140,4780,28720560,1754,17161
2198,10,39,25,0,77951820,4780,28737420,1755,17171
2199,7,40,25,0,77966340,4780,28742760,1755,17178
2200,6,40,25,0,77987220,4781,28793700,1758,17184
2201,12,39,25,0,78015240,4781,28802220,1758,17196
2202,8,39,25,0,78026280,4781,28814580,1758,17204
2203,5,39,25,0,78042360,4781,28837320,1759,17209
2204,8,39,25,0,78066360,4781,28843080,1759,17217
2205,11,40,25,0,78081540,4781,28848660,1759,17228
2206,4,39,25,0,78101340,4781,28856160,1759,17232
2207,4,39,25,0,78113220,4781,28858140,1759,17236
2208,8,40,25,0,78132600,4781,28874520,1760,17244
2209,1,37,25,0,78151260,4781,29126220,1775,17245
2210,8,39,25,0,78172560,4780,29184660,1778,17253
2211,1,34,25,0,78193080,4780,29430780,1792,17254
2212,9,37,25,0,78209820,4779,29737860,1810,17263
2213,5,40,25,0,78219000,4779,29741460,1810,17268
2214,3,37,25,0,78252060,4780,29760660,1811,17271
2215,5,40,25,0,78261540,4780,29765820,1811,17276
2216,10,40,25,0,78277380,4780,29772720,1811,17286
2217,6,40,25,0,78296940,4780,29781360,1811,17292
2218,7,40,25,0,78307560,4780,29791740,1811,17299
2219,15,40,25,0,78337920,4781,29816340,1812,17314
2220,15,40,25,0,78342600,4781,29822160,1813,17329
2221,10,40,25,0,78370200,4781,29828820,1812,17339
2222,5,39,25,0,78390120,4781,29873220,1815,17344
2223,18,40,25,0,78405840,4781,29876580,1814,17362
2224,6,40,25,0,78420900,4781,29925780,1817,17368
2225,3,37,25,0,78446940,4781,29935200,1817,17371
2226,12,38,25,0,78461940,4781,29941380,1817,17383
2227,9,40,25,0,78476100,4782,29947800,1817,17392
2228,6,38,25,0,78493020,4782,29954400,1818,17398
2229,4,38,24,1,78516720,4782,30015960,1821,17402
2230,4,40,25,0,78516720,4782,30015960,1821,17406
2231,4,39,25,0,78543720,4782,30038400,1822,17410
2232,7,38,25,0,78561840,4783,30043500,1822,17417
2233,2,35,25,0,78588900,4783,30115320,1826,17419
2234,3,32,25,0,78608760,4782,31034880,1881,17422
2235,5,31,25,0,78615600,4781,32070120,1944,17427
2236,4,32,25,0,78633900,4781,32074380,1943,17431
2237,10,39,25,0,78652020,4781,32083920,1943,17441
2238,7,39,25,0,78673020,4781,32093220,1943,17448
2239,6,40,25,0,78688380,4782,32103720,1943,17454
2240,8,39,25,0,78710760,4782,32118840,1943,17462
2241,13,40,25,0,78726420,4782,32131140,1944,17475
2242,6,40,25,0,78737340,4782,32137380,1944,17481
2243,12,39,25,0,78770460,4782,32192160,1947,17493
2244,9,40,25,0,78781740,4782,32194920,1946,17502
2245,12,39,25,0,78792420,4782,32199360,1946,17514
2246,7,40,25,0,78816420,4782,32278860,1950,17521
2247,15,40,25,0,78829680,4782,32282640,1950,17536
2248,8,40,25,0,78845640,4782,32291340,1950,17544
2249,13,40,25,0,78870960,4782,32362320,1954,17557
2250,8,40,25,0,78888240,4782,32370420,1954,17565
2251,2,40,25,0,78898620,4782,32375880,1954,17567
2252,4,36,25,0,78930840,4781,32435100,1957,17571
2253,10,40,25,0,78935460,4781,32545440,1964,17581
2254,4,39,25,0,78964320,4781,32558940,1964,17585
2255,3,40,25,0,78969300,4781,32562240,1964,17588
2256,3,38,25,0,78999600,4782,32569560,1964,17591
2257,5,39,25,0,79010580,4782,32572620,1964,17596
2258,8,40,25,0,79033860,4782,32585760,1964,17604
2259,5,37,25,0,79052580,4782,32611740,1965,17609
2260,5,38,25,0,79065300,4781,32614980,1965,17614
2261,5,36,25,0,79094400,4781,33175920,1998,17619
2262,12,40,25,0,79097220,4781,33177120,1997,17631
2263,11,40,25,0,79130880,4781,33189960,1997,17642
2264,2,39,25,0,79137060,4781,33200280,1998,17644
2265,8,39,25,0,79160100,4781,33210780,1998,17652
2266,8,40,25,0,79169520,4781,33214260,1998,17660
2267,11,40,25,0,79193160,4782,33225240,1998,17671
2268,14,40,25,0,79212240,4782,33231480,1998,17685
2269,13,39,25,0,79231200,4782,33266280,2000,17698
2270,11,40,25,0,79244580,4782,33266880,1999,17709
2271,20,40,25,0,79263480,4782,33283140,2000,17729
2272,7,40,25,0,79283160,4782,33288360,2000,17736
2273,7,39,25,0,79296780,4782,33293580,2000,17743
2274,8,40,25,0,79308240,4782,33293880,1999,17751
2275,5,39,25,0,79331400,4783,33299220,1999,17756
2276,4,39,25,0,79356420,4783,33306660,1999,17760
2277,9,40,25,0,79368840,4783,33308220,1999,17769
2278,4,37,25,0,79394760,4783,34199340,2053,17773
2279,5,33,25,0,79415160,4782,35136120,2108,17778
2280,3,34,25,0,79421700,4782,35137740,2108,17781
2281,6,36,25,0,79444440,4782,35141340,2108,17787
2282,11,38,25,0,79469640,4782,35154600,2107,17798
2283,2,39,25,0,79476660,4782,35156340,2107,17800
2284,4,38,25,0,79502400,4782,35187780,2108,17804
2285,9,38,25,0,79514520,4783,35197440,2109,17813
2286,9,40,25,0,79533240,4783,35201940,2109,17822
2287,9,39,25,0,79561260,4783,35217480,2109,17831
2288,10,40,25,0,79565580,4783,35218680,2109,17841
2289,13,40,25,0,79582740,4783,35251620,2110,17854
2290,15,38,25,0,79612020,4783,35265000,2110,17869
2291,12,40,25,0,79622220,4783,35268480,2110,17881
2292,16,40,25,0,79645620,4783,35279940,2110,17897
2293,8,38,25,0,79667700,4783,35288280,2110,17905
2294,9,39,25,0,79684140,4782,35333640,2112,17914
2295,14,40,25,0,79695060,4782,35335200,2112,17928
2296,10,38,25,0,79712100,4782,35554560,2125,17938
2297,6,38,25,0,79735980,4782,35559180,2124,17944
2298,9,40,25,0,79752480,4782,35563560,2124,17953
2299,5,40,25,0,79768020,4782,35566380,2124,17958
2300,11,39,25,0,79789380,4782,35576160,2124,17969
2301,8,37,25,0,79809600,4781,36511860,2179,17977
2302,4,38,25,0,79820160,4781,36516480,2179,17981
2303,2,37,25,0,79835460,4781,36527760,2179,17983
2304,5,40,25,0,79842120,4781,36530760,2179,17988
2305,0,35,25,0,79882140,4782,36553020,2180,17988
2306,4,37,25,0,79893780,4782,36553740,2180,17992
2307,7,40,25,0,79912560,4782,36573420,2180,17999
2308,3,39,25,0,79925520,4782,36579180,2180,18002
2309,7,39,25,0,79952820,4783,36613560,2181,18009
2310,14,40,25,0,79963860,4782,36615240,2181,18023
2311,8,39,25,0,79983420,4782,36663660,2184,18031
2312,12,40,25,0,79998660,4782,36667080,2183,18043
2313,9,39,25,0,80018160,4782,36676260,2183,18052
2314,7,39,25,0,80037960,4782,36686340,2183,18059
2315,11,40,25,0,80064660,4783,36693600,2183,18070
2316,9,39,25,0,80079780,4782,36698820,2183,18079
2317,9,40,25,0,80090820,4782,36699720,2183,18088
2318,6,38,25,0,80106360,4783,36710400,2183,18094
2319,6,39,25,0,80136480,4783,36712800,2183,18100
2320,10,39,25,0,80155800,4783,36717960,2182,18110
2321,10,39,25,0,80168640,4783,36720720,2182,18120
2322,8,39,25,0,80186160,4783,36728880,2182,18128
2323,6,38,25,0,80208900,4783,36735840,2182,18134
2324,2,33,25,0,80226780,4782,37545360,2230,18136
2325,6,35,25,0,80232660,4781,37547760,2229,18142
2326,10,40,25,0,80254680,4781,37553460,2229,18152
2327,4,37,25,0,80279880,4782,37572360,2229,18156
2328,8,40,25,0,80286000,4782,37572360,2229,18164
2329,2,40,25,0,80297040,4782,37584660,2230,18166
2330,1,36,25,0,80329920,4782,37618860,2231,18167
2331,8,40,25,0,80343660,4782,37633200,2232,18175
2332,9,40,25,0,80365500,4783,37638600,2231,18184
2333,8,40,25,0,80385660,4783,37645080,2231,18192
2334,3,39,25,0,80394780,4783,37667280,2232,18195
2335,6,36,25,0,80428500,4782,38159940,2260,18201
2336,16,40,25,0,80432940,4782,38162220,2260,18217
2337,7,39,25,0,80457120,4782,38174580,2260,18224
2338,6,40,25,0,80468580,4782,38179980,2260,18230
2339,13,39,25,0,80496600,4782,38193000,2260,18243
2340,12,40,25,0,80507700,4783,38196060,2260,18255
2341,12,40,25,0,80524620,4782,38218620,2261,18267
2342,10,40,25,0,80548500,4782,38248080,2262,18277
2343,10,40,25,0,80551440,4782,38250300,2262,18287
2344,13,40,25,0,80568300,4782,38260500,2262,18300
2345,13,40,25,0,80594160,4783,38267820,2262,18313
2346,8,40,25,0,80602080,4783,38271060,2262,18321
2347,7,38,25,0,80637300,4783,38285160,2262,18328
2348,14,40,25,0,80655420,4783,38317260,2263,18342
2349,8,40,25,0,80664300,4783,38323020,2264,18350
2350,7,40,25,0,80676360,4783,38323860,2263,18357
2351,5,40,25,0,80703780,4784,38337480,2264,18362
2352,4,38,25,0,80725500,4784,38342340,2263,18366
2353,10,40,25,0,80744040,4784,38343060,2263,18376
2354,6,39,25,0,80759160,4784,38345520,2263,18382
2355,7,38,25,0,80784660,4784,38640900,2279,18389
2356,3,33,25,0,80798400,4782,39662100,2339,18392
2357,9,35,25,0,80816160,4781,39878460,2351,18401
2358,8,39,25,0,80833380,4781,39883680,2350,18409
2359,9,39,25,0,80849160,4781,39891780,2350,18418
2360,7,40,25,0,80856720,4781,39892500,2350,18425
2361,7,39,25,0,80885760,4782,39912300,2351,18432
2362,7,40,25,0,80909100,4782,39921840,2351,18439
2363,9,39,25,0,80918520,4782,39924540,2350,18448
2364,9,40,25,0,80931840,4782,39951960,2352,18457
2365,15,40,25,0,80957880,4783,39988260,2353,18472
2366,9,40,25,0,80975340,4783,39998640,2353,18481
2367,10,39,25,0,80991300,4783,40003440,2353,18491
2368,8,40,25,0,81012600,4783,40029780,2354,18499
2369,12,40,25,0,81030480,4783,40037520,2354,18511
2370,10,40,25,0,81049200,4783,40043400,2354,18521
2371,10,39,25,0,81061380,4783,40056720,2354,18531
2372,9,40,25,0,81086700,4783,40063380,2354,18540
2373,8,40,25,0,81107040,4783,40119540,2357,18548
2374,6,40,25,0,81118020,4782,40125060,2357,18554
2375,8,38,25,0,81142140,4781,41025480,2409,18562
2376,6,40,25,0,81149220,4781,41026680,2408,18568
2377,5,39,25,0,81180240,4781,41044740,2408,18573
2378,3,38,25,0,81190980,4781,41053740,2408,18576
2379,7,39,25,0,81214140,4782,41063520,2408,18583
2380,5,39,25,0,81223320,4782,41083380,2409,18588
2381,8,39,25,0,81252420,4782,41101560,2410,18596
2382,2,36,25,0,81267780,4781,41204400,2415,18598
2383,11,40,25,0,81281820,4781,41205960,2414,18609
2384,10,40,25,0,81299760,4781,41213940,2414,18619
2385,6,39,25,0,81320340,4780,41441340,2427,18625
2386,16,40,25,0,81328020,4780,41441940,2427,18641
2387,4,39,25,0,81348180,4780,41453100,2427,18645
2388,8,40,25,0,81377640,4781,41464560,2427,18653
2389,8,40,25,0,81381600,4781,41468460,2427,18661
2390,6,36,25,0,81418140,4781,41535900,2430,18667
2391,11,38,25,0,81428520,4780,41541540,2430,18678
2392,13,40,25,0,81440820,4781,41545080,2429,18691
2393,5,39,25,0,81457680,4781,41553360,2429,18696
2394,10,39,25,0,81480540,4781,41560140,2429,18706
2395,5,37,25,0,81505200,4781,41632200,2433,18711
2396,2,35,25,0,81517200,4780,41738160,2439,18713
2397,4,32,25,0,81540420,4780,42460920,2480,18717
2398,12,40,25,0,81545520,4779,42461880,2480,18729
2399,5,39,25,0,81573360,4780,42475080,2479,18734

