Hour,Arrivals,Waiting,Treating,Available Rooms,Total Treatment Time,Average Treatment Time,Total Wait Time,Average Wait Time,Total Arrivals
1,7,0,5,20,1500,750,0,0,7
2,10,0,9,16,19020,2377,0,0,17
3,3,0,7,18,42960,3304,0,0,20
4,11,0,10,15,72120,3434,0,0,31
5,5,0,7,18,110520,3811,0,0,36
6,8,0,10,15,134040,3942,0,0,44
7,8,0,13,12,159960,4101,0,0,52
8,6,0,9,16,206280,4209,0,0,58
9,11,0,13,12,239160,4270,0,0,69
10,6,0,10,15,282060,4339,0,0,75
11,12,0,14,11,320520,4390,0,0,87
12,7,0,15,10,349320,4421,0,0,94
13,9,0,12,13,399720,4392,0,0,103
14,19,0,19,6,443820,4308,0,0,122
15,12,0,19,6,511020,4443,0,0,134
16,8,0,9,16,590700,4441,0,0,142
17,10,0,14,11,613020,4442,0,0,152
18,9,0,13,12,657480,4442,0,0,161
19,8,0,12,13,704040,4484,0,0,169
20,5,0,11,14,736680,4519,0,0,174
21,7,0,9,16,779040,4529,0,0,181
22,7,0,9,16,814440,4549,0,0,188
23,6,0,9,16,845160,4568,0,0,194
24,5,0,6,19,886140,4591,0,0,199
25,4,0,6,19,901980,4578,0,0,203
26,6,0,6,19,926820,4565,0,0,209
27,4,0,6,19,940680,4544,0,0,213
28,4,0,5,20,963480,4544,0,0,217
29,8,0,11,14,973020,4546,0,0,225
30,9,0,14,11,999300,4542,0,0,234
31,4,0,5,20,1073160,4605,0,0,238
32,3,0,5,20,1087200,4606,0,0,241
33,8,0,6,19,1111920,4575,0,0,249
34,11,0,15,10,1121820,4578,0,0,260
35,9,0,14,11,1170840,4591,0,0,269
36,11,0,13,12,1231560,4612,0,0,280
37,10,0,14,11,1276140,4623,0,0,290
38,11,0,15,10,1324560,4631,0,0,301
39,7,0,11,14,1365840,4598,0,0,308
40,10,0,11,14,1413600,4604,0,0,318
41,8,0,10,15,1452180,4595,0,0,326
42,5,0,5,20,1511160,4635,0,0,331
43,8,0,9,16,1529700,4635,0,0,339
44,7,0,11,14,1546680,4616,0,0,346
45,7,0,11,14,1578300,4614,0,0,353
46,6,0,8,17,1623240,4624,0,0,359
47,6,0,8,17,1661580,4654,0,0,365
48,3,0,4,21,1687920,4637,0,0,368
49,6,0,7,18,1703280,4641,0,0,374
50,5,0,6,19,1721040,4614,0,0,379
51,10,0,12,13,1743600,4624,0,0,389
52,5,0,9,16,1776180,4613,0,0,394
53,8,0,6,19,1824420,4607,0,0,402
54,4,0,6,19,1841220,4603,0,0,406
55,7,0,8,17,1857720,4586,0,0,413
56,8,0,6,19,1895580,4567,0,0,421
57,7,0,10,15,1911240,4572,0,0,428
58,10,0,11,14,1947300,4560,0,0,438
59,9,0,13,12,1981380,4565,0,0,447
60,11,0,14,11,2029740,4571,0,0,458
61,5,0,6,19,2083380,4558,0,0,463
62,11,0,12,13,2104860,4555,0,0,474
63,8,0,14,11,2136540,4565,0,0,482
64,7,0,11,14,2187960,4577,0,0,489
65,11,0,10,15,2228220,4547,0,0,500
66,9,0,9,16,2270580,4541,0,0,509
67,7,0,8,17,2297400,4522,0,0,516
68,8,0,9,16,2327640,4519,0,0,524
69,6,0,9,16,2354400,4519,0,0,530
70,4,0,6,19,2387700,4522,0,0,534
71,5,0,7,18,2413200,4536,0,0,539
72,6,0,7,18,2439300,4534,0,0,545
73,4,0,5,20,2468640,4537,0,0,549
74,9,0,10,15,2486400,4537,0,0,558
75,3,0,7,18,2514960,4539,0,0,561
76,6,0,5,20,2554500,4545,0,0,567
77,7,0,9,16,2561700,4533,0,0,574
78,7,0,6,19,2600100,4521,0,0,581
79,11,0,11,14,2621040,4511,0,0,592
80,7,0,10,15,2664420,4523,0,0,599
81,15,0,16,9,2699040,4513,0,0,614
82,10,0,20,5,2727120,4515,0,0,624
83,12,0,13,12,2810940,4511,0,0,636
84,9,0,13,12,2862060,4528,0,0,645
85,5,0,7,18,2919180,4539,0,0,650
86,13,0,14,11,2950440,4546,0,0,663
87,10,0,12,13,2992800,4527,0,0,673
88,14,0,16,9,3045660,4538,0,0,687
89,12,0,14,11,3100680,4526,0,0,699
90,11,0,17,8,3134760,4523,0,0,710
91,13,0,11,14,3216480,4517,0,0,723
92,6,0,13,12,3234060,4516,0,0,729
93,4,0,6,19,3299460,4538,0,0,733
94,4,0,5,20,3325380,4542,0,0,737
95,4,0,6,19,3337800,4541,0,0,741
96,7,0,7,18,3356400,4529,0,0,748
97,7,0,11,14,3368700,4527,0,0,755
98,7,0,10,15,3411480,4536,0,0,762
99,11,0,12,13,3447420,4530,0,0,773
100,4,0,8,17,3489720,4537,0,0,777
101,7,0,8,17,3522540,4539,0,0,784
102,5,0,8,17,3555840,4552,0,0,789
103,6,0,7,18,3585900,4550,0,0,795
104,11,0,11,14,3615180,4547,0,0,806
105,13,0,16,9,3653520,4549,0,0,819
106,10,0,14,11,3706080,4547,0,0,829
107,7,0,14,11,3740580,4550,0,0,836
108,9,0,11,14,3806880,4564,0,0,845
109,13,0,11,14,3857100,4553,0,0,858
110,4,0,9,16,3879660,4548,0,0,862
111,11,0,11,14,3919440,4546,0,0,873
112,4,0,9,16,3948060,4548,0,0,877
113,3,0,6,19,3987540,4562,0,0,880
114,16,0,19,6,3992880,4552,0,0,896
115,11,0,19,6,4049460,4560,0,0,907
116,2,0,5,20,4137060,4576,0,0,909
117,2,0,3,22,4157460,4578,0,0,911
118,7,0,7,18,4176540,4584,0,0,918
119,6,0,12,13,4177140,4580,0,0,924
120,13,0,15,10,4223520,4580,0,0,937
121,2,0,9,16,4262400,4583,0,0,939
122,4,0,6,19,4304220,4593,0,0,943
123,9,0,11,14,4327680,4599,0,0,952
124,5,0,8,17,4366920,4601,0,0,957
125,10,0,11,14,4403340,4606,0,0,967
126,8,0,9,16,4447560,4604,0,0,975
127,9,0,12,13,4476600,4605,0,0,984
128,7,0,12,13,4505160,4601,0,0,991
129,5,0,11,14,4538760,4607,0,0,996
130,8,0,9,16,4591620,4614,0,0,1004
131,8,0,10,15,4633020,4623,0,0,1012
132,9,0,12,13,4663740,4622,0,0,1021
133,5,0,8,17,4706940,4623,0,0,1026
134,10,0,13,12,4740000,4633,0,0,1036
135,8,0,13,12,4773360,4629,0,0,1044
136,17,0,15,10,4828500,4616,0,0,1061
137,9,0,13,12,4877400,4614,0,0,1070
138,7,0,12,13,4909020,4609,0,0,1077
139,9,0,11,14,4966260,4619,0,0,1086
140,8,0,11,14,5006580,4622,0,0,1094
141,6,0,10,15,5040660,4624,0,0,1100
142,9,0,10,15,5085180,4627,0,0,1109
143,7,0,10,15,5121420,4630,0,0,1116
144,6,0,7,18,5170380,4637,0,0,1122
145,3,0,5,20,5192940,4636,0,0,1125
146,9,0,10,15,5211300,4636,0,0,1134
147,5,0,6,19,5254740,4637,0,0,1139
148,4,0,6,19,5273460,4638,0,0,1143
149,9,0,12,13,5286480,4637,0,0,1152
150,9,0,16,9,5318040,4644,0,0,1161
151,6,0,7,18,5386380,4643,0,0,1167
152,10,0,10,15,5425020,4648,0,0,1177
153,11,0,14,11,5441100,4634,0,0,1188
154,7,0,10,15,5504280,4644,0,0,1195
155,11,0,15,10,5536140,4648,0,0,1206
156,10,0,12,13,5597280,4648,0,0,1216
157,13,0,18,7,5630940,4649,0,0,1229
158,15,0,18,7,5693940,4644,0,0,1244
159,14,0,18,7,5764020,4648,0,0,1258
160,13,0,18,7,5829300,4652,0,0,1271
161,12,0,16,9,5889420,4648,0,0,1283
162,7,0,14,11,5943540,4657,0,0,1290
163,5,0,8,17,6010200,4669,0,0,1295
164,9,0,10,15,6036540,4665,0,0,1304
165,7,0,10,15,6077220,4671,0,0,1311
166,10,0,13,12,6107340,4669,0,0,1321
167,5,0,5,20,6160500,4663,0,0,1326
168,2,0,3,22,6183300,4666,0,0,1328
169,4,0,4,21,6196980,4666,0,0,1332
170,5,0,6,19,6207660,4663,0,0,1337
171,5,0,6,19,6226920,4660,0,0,1342
172,3,0,6,19,6242760,4662,0,0,1345
173,7,0,8,17,6270600,4665,0,0,1352
174,5,0,10,15,6283800,4665,0,0,1357
175,8,0,9,16,6326220,4665,0,0,1365
176,9,0,13,12,6350520,4666,0,0,1374
177,6,0,9,16,6404640,4671,0,0,1380
178,12,0,16,9,6423960,4668,0,0,1392
179,6,0,8,17,6483600,4664,0,0,1398
180,12,0,12,13,6520020,4663,0,0,1410
181,11,0,15,10,6563160,4667,0,0,1421
182,16,0,22,3,6610080,4671,0,0,1437
183,10,0,18,7,6682440,4676,0,0,1447
184,9,0,13,12,6755220,4681,0,0,1456
185,7,0,11,14,6802620,4685,0,0,1463
186,8,0,9,16,6850680,4685,0,0,1471
187,9,0,10,15,6887040,4685,0,0,1480
188,6,0,12,13,6908280,4686,0,0,1486
189,3,0,6,19,6958500,4692,0,0,1489
190,4,0,4,21,6987840,4692,0,0,1493
191,5,0,5,20,7000980,4689,0,0,1498
192,12,0,12,13,7024500,4689,0,0,1510
193,3,0,7,18,7053240,4683,0,0,1513
194,5,0,6,19,7089180,4688,0,0,1518
195,4,0,6,19,7106160,4687,0,0,1522
196,8,0,8,17,7126500,4682,0,0,1530
197,5,0,11,14,7131060,4679,0,0,1535
198,8,0,12,13,7177020,4687,0,0,1543
199,5,0,9,16,7228200,4696,0,0,1548
200,9,0,9,16,7268400,4695,0,0,1557
201,9,0,12,13,7293540,4693,0,0,1566
202,12,0,18,7,7322520,4693,0,0,1578
203,12,0,15,10,7385520,4689,0,0,1590
204,9,0,12,13,7444440,4690,0,0,1599
205,14,0,16,9,7489920,4689,0,0,1613
206,9,0,14,11,7536240,4686,0,0,1622
207,9,0,11,14,7609020,4696,0,0,1631
208,9,0,9,16,7650780,4690,0,0,1640
209,10,0,13,12,7681680,4692,0,0,1650
210,5,0,6,19,7729200,4687,0,0,1655
211,7,0,8,17,7754760,4688,0,0,1662
212,10,0,12,13,7785120,4689,0,0,1672
213,0,0,6,19,7813680,4690,0,0,1672
214,11,0,11,14,7851360,4695,0,0,1683
215,7,0,15,10,7860300,4692,0,0,1690
216,4,0,8,17,7930200,4703,0,0,1694
217,9,0,9,16,7964520,4701,0,0,1703
218,3,0,8,17,7985580,4702,0,0,1706
219,4,0,5,20,8022780,4705,0,0,1710
220,7,0,9,16,8034780,4704,0,0,1717
221,6,0,9,16,8063400,4704,0,0,1723
222,6,0,8,17,8099040,4706,0,0,1729
223,9,0,7,18,8139060,4701,0,0,1738
224,8,0,9,16,8165220,4700,0,0,1746
225,7,0,7,18,8199780,4696,0,0,1753
226,12,0,14,11,8222460,4695,0,0,1765
227,10,0,16,9,8258400,4694,0,0,1775
228,11,0,17,8,8309760,4697,0,0,1786
229,7,0,14,11,8363340,4701,0,0,1793
230,12,0,14,11,8423580,4703,0,0,1805
231,9,0,15,10,8468340,4707,0,0,1814
232,14,0,19,6,8519340,4709,0,0,1828
233,14,0,15,10,8607900,4711,0,0,1842
234,3,0,8,17,8649300,4708,0,0,1845
235,8,0,10,15,8681940,4710,0,0,1853
236,10,0,11,14,8718660,4707,0,0,1863
237,5,0,12,13,8743500,4710,0,0,1868
238,6,0,10,15,8783760,4712,0,0,1874
239,3,0,6,19,8821080,4714,0,0,1877
240,4,0,5,20,8848500,4716,0,0,1881
241,8,0,10,15,8865960,4718,0,0,1889
242,8,0,11,14,8898540,4718,0,0,1897
243,3,0,5,20,8936100,4715,0,0,1900
244,5,0,7,18,8951460,4716,0,0,1905
245,7,0,9,16,8978760,4718,0,0,1912
246,6,0,8,17,9009960,4717,0,0,1918
247,8,0,13,12,9023700,4717,0,0,1926
248,7,0,6,19,9084180,4714,0,0,1933
249,11,0,12,13,9097740,4708,0,0,1944
250,9,0,13,12,9137880,4710,0,0,1953
251,7,0,14,11,9169080,4711,0,0,1960
252,10,0,12,13,9230460,4714,0,0,1970
253,12,0,14,11,9278820,4714,0,0,1982
254,8,0,12,13,9325500,4714,0,0,1990
255,14,0,20,5,9352560,4713,0,0,2004
256,10,0,16,9,9421140,4715,0,0,2014
257,3,0,7,18,9490380,4721,0,0,2017
258,5,0,6,19,9525240,4724,0,0,2022
259,10,0,14,11,9528120,4721,0,0,2032
260,12,0,13,12,9583140,4718,0,0,2044
261,8,0,12,13,9624840,4718,0,0,2052
262,8,0,12,13,9674820,4724,0,0,2060
263,7,0,12,13,9716100,4728,0,0,2067
264,10,0,12,13,9767220,4729,0,0,2077
265,8,0,11,14,9800820,4725,0,0,2085
266,5,0,11,14,9824640,4725,0,0,2090
267,3,0,4,21,9873840,4726,0,0,2093
268,6,0,8,17,9883740,4726,0,0,2099
269,4,0,7,18,9905760,4726,0,0,2103
270,8,0,9,16,9941520,4729,0,0,2111
271,6,0,12,13,9954120,4728,0,0,2117
272,11,0,12,13,10006080,4728,0,0,2128
273,6,0,9,16,10065540,4736,0,0,2134
274,10,0,13,12,10098780,4738,0,0,2144
275,13,0,17,8,10137300,4737,0,0,2157
276,19,0,25,0,10191000,4737,0,0,2176
277,2,0,10,15,10276680,4740,0,0,2178
278,9,0,9,16,10335120,4745,0,0,2187
279,7,0,11,14,10356840,4744,0,0,2194
280,11,0,12,13,10410300,4747,0,0,2205
281,11,0,16,9,10443000,4746,0,0,2216
282,7,0,9,16,10500960,4742,0,0,2223
283,4,0,4,21,10542300,4742,0,0,2227
284,8,0,8,17,10559160,4741,0,0,2235
285,5,0,9,16,10575720,4740,0,0,2240
286,6,0,9,16,10599000,4738,0,0,2246
287,7,0,9,16,10641240,4742,0,0,2253
288,8,0,10,15,10674780,4742,0,0,2261
289,7,0,8,17,10707840,4737,0,0,2268
290,2,0,5,20,10734720,4739,0,0,2270
291,10,0,10,15,10753860,4737,0,0,2280
292,6,0,10,15,10781700,4737,0,0,2286
293,7,0,13,12,10806780,4739,0,0,2293
294,6,0,8,17,10868880,4744,0,0,2299
295,12,0,14,11,10896000,4743,0,0,2311
296,12,0,11,14,10964820,4742,0,0,2323
297,12,0,17,8,10994160,4742,0,0,2335
298,17,0,19,6,11068500,4744,0,0,2352
299,6,0,13,12,11123160,4743,0,0,2358
300,11,0,12,13,11185740,4745,0,0,2369
301,11,0,15,10,11209260,4739,0,0,2380
302,6,0,8,17,11280600,4743,0,0,2386
303,13,0,15,10,11308740,4743,0,0,2399
304,13,0,16,9,11364900,4743,0,0,2412
305,11,0,14,11,11416380,4739,0,0,2423
306,9,0,14,11,11463420,4740,0,0,2432
307,9,0,12,13,11522940,4743,0,0,2441
308,8,0,10,15,11570940,4744,0,0,2449
309,6,0,10,15,11606220,4746,0,0,2455
310,5,0,6,19,11652300,4748,0,0,2460
311,6,0,8,17,11669700,4747,0,0,2466
312,4,0,6,19,11694300,4746,0,0,2470
313,5,0,8,17,11708760,4746,0,0,2475
314,4,0,6,19,11737980,4746,0,0,2479
315,3,0,6,19,11755080,4747,0,0,2482
316,3,0,4,21,11780760,4748,0,0,2485
317,4,0,4,21,11801880,4749,0,0,2489
318,8,0,10,15,11807760,4747,0,0,2497
319,6,0,9,16,11838420,4746,0,0,2503
320,9,0,10,15,11874720,4746,0,0,2512
321,8,0,13,12,11898420,4746,0,0,2520
322,16,0,20,5,11942700,4746,0,0,2536
323,7,0,14,11,12009000,4748,0,0,2543
324,13,0,10,15,12089160,4748,0,0,2556
325,5,0,9,16,12110760,4745,0,0,2561
326,14,0,13,12,12155760,4744,0,0,2575
327,9,0,14,11,12186960,4742,0,0,2584
328,8,0,15,10,12234180,4747,0,0,2592
329,11,0,17,8,12283260,4749,0,0,2603
330,8,0,15,10,12339180,4753,0,0,2611
331,4,0,5,20,12418560,4758,0,0,2615
332,7,0,8,17,12434340,4756,0,0,2622
333,8,0,12,13,12461880,4760,0,0,2630
334,9,0,10,15,12509460,4758,0,0,2639
335,4,0,10,15,12531180,4759,0,0,2643
336,5,0,8,17,12575520,4763,0,0,2648
337,3,0,5,20,12608280,4765,0,0,2651
338,2,0,1,24,12642660,4767,0,0,2653
339,10,0,10,15,12643740,4765,0,0,2663
340,6,0,14,11,12650880,4764,0,0,2669
341,8,0,14,11,12697440,4768,0,0,2677
342,4,0,7,18,12752520,4769,0,0,2681
343,7,0,8,17,12783420,4769,0,0,2688
344,9,0,12,13,12807000,4769,0,0,2697
345,7,0,10,15,12848400,4769,0,0,2704
346,9,0,11,14,12884640,4768,0,0,2713
347,11,0,14,11,12919860,4767,0,0,2724
348,8,0,14,11,12961140,4768,0,0,2732
349,9,0,12,13,13009860,4767,0,0,2741
350,9,0,11,14,13058340,4767,0,0,2750
351,15,0,17,8,13103580,4768,0,0,2765
352,7,0,13,12,13155720,4768,0,0,2772
353,6,0,12,13,13187760,4767,0,0,2778
354,7,0,9,16,13260540,4776,0,0,2785
355,6,0,9,16,13287720,4776,0,0,2791
356,7,0,10,15,13317360,4776,0,0,2798
357,7,0,6,19,13361520,4773,0,0,2805
358,5,0,9,16,13375500,4775,0,0,2810
359,8,0,10,15,13410240,4775,0,0,2818
360,8,0,8,17,13456080,4775,0,0,2826
361,9,0,12,13,13478700,4774,0,0,2835
362,4,0,8,17,13510980,4772,0,0,2839
363,3,0,4,21,13543860,4772,0,0,2842
364,7,0,8,17,13562460,4773,0,0,2849
365,4,0,7,18,13584900,4773,0,0,2853
366,7,0,10,15,13602240,4772,0,0,2860
367,3,0,5,20,13640520,4772,0,0,2863
368,8,0,8,17,13656480,4769,0,0,2871
369,10,0,11,14,13680960,4766,0,0,2881
370,12,0,14,11,13725900,4767,0,0,2893
371,11,0,14,11,13767600,4763,0,0,2904
372,7,0,9,16,13833840,4767,0,0,2911
373,11,0,10,15,13876260,4765,0,0,2922
374,9,0,12,13,13910760,4765,0,0,2931
375,7,0,12,13,13941780,4764,0,0,2938
376,7,0,12,13,13982460,4767,0,0,2945
377,8,0,6,19,14033700,4762,0,0,2953
378,9,0,10,15,14053200,4760,0,0,2962
379,10,0,11,14,14089080,4758,0,0,2972
380,8,0,13,12,14117100,4758,0,0,2980
381,5,0,6,19,14173860,4757,0,0,2985
382,6,0,5,20,14202660,4756,0,0,2991
383,4,0,6,19,14214780,4755,0,0,2995
384,3,0,5,20,14236440,4756,0,0,2998
385,4,0,5,20,14248080,4754,0,0,3002
386,2,0,5,20,14256900,4753,0,0,3004
387,5,0,6,19,14275020,4753,0,0,3009
388,11,0,12,13,14296620,4752,0,0,3020
389,4,0,8,17,14327520,4750,0,0,3024
390,7,0,8,17,14358480,4749,0,0,3031
391,6,0,8,17,14386860,4749,0,0,3037
392,10,0,8,17,14430180,4748,0,0,3047
393,7,0,10,15,14447400,4746,0,0,3054
394,5,0,6,19,14490600,4746,0,0,3059
395,14,0,14,11,14522160,4747,0,0,3073
396,9,0,13,12,14558160,4743,0,0,3082
397,9,0,11,14,14615460,4745,0,0,3091
398,7,0,9,16,14661420,4746,0,0,3098
399,14,0,14,11,14688360,4741,0,0,3112
400,11,0,18,7,14723460,4741,0,0,3123
401,4,0,10,15,14789220,4744,0,0,3127
402,5,0,6,19,14848380,4749,0,0,3132
403,8,0,10,15,14866500,4749,0,0,3140
404,6,0,9,16,14898840,4749,0,0,3146
405,7,0,10,15,14931960,4750,0,0,3153
406,5,0,8,17,14962320,4749,0,0,3158
407,10,0,13,12,14988300,4750,0,0,3168
408,7,0,10,15,15037380,4751,0,0,3175
409,7,0,7,18,15083520,4750,0,0,3182
410,5,0,9,16,15097140,4750,0,0,3187
411,4,0,7,18,15130440,4752,0,0,3191
412,7,0,8,17,15152580,4750,0,0,3198
413,9,0,9,16,15184560,4748,0,0,3207
414,7,0,9,16,15219960,4748,0,0,3214
415,8,0,12,13,15241020,4747,0,0,3222
416,7,0,8,17,15283980,4745,0,0,3229
417,9,0,9,16,15323220,4745,0,0,3238
418,11,0,12,13,15361500,4745,0,0,3249
419,12,0,18,7,15391080,4745,0,0,3261
420,13,0,17,8,15452760,4744,0,0,3274
421,7,0,13,12,15515100,4747,0,0,3281
422,11,0,13,12,15565320,4746,0,0,3292
423,13,0,16,9,15617040,4748,0,0,3305
424,7,0,11,14,15668520,4746,0,0,3312
425,13,0,12,13,15727740,4747,0,0,3325
426,5,0,12,13,15748500,4746,0,0,3330
427,6,0,5,20,15815160,4747,0,0,3336
428,7,0,9,16,15827640,4747,0,0,3343
429,7,0,8,17,15867420,4747,0,0,3350
430,7,0,11,14,15884460,4747,0,0,3357
431,6,0,10,15,15924540,4749,0,0,3363
432,7,0,9,16,15965580,4750,0,0,3370
433,4,0,5,20,16000920,4749,0,0,3374
434,7,0,7,18,16022040,4748,0,0,3381
435,5,0,8,17,16038180,4747,0,0,3386
436,9,0,12,13,16063560,4748,0,0,3395
437,3,0,5,20,16100160,4745,0,0,3398
438,5,0,3,22,16128000,4743,0,0,3403
439,8,0,7,18,16135080,4740,0,0,3411
440,10,0,14,11,16147440,4739,0,0,3421
441,12,0,13,12,16201260,4737,0,0,3433
442,11,0,12,13,16265100,4739,0,0,3444
443,14,0,18,7,16292220,4736,0,0,3458
444,4,0,11,14,16350300,4737,0,0,3462
445,12,0,13,12,16397820,4737,0,0,3474
446,12,0,14,11,16447200,4737,0,0,3486
447,14,0,15,10,16504080,4735,0,0,3500
448,7,0,12,13,16544100,4733,0,0,3507
449,13,0,11,14,16607880,4732,0,0,3520
450,11,0,14,11,16638540,4730,0,0,3531
451,8,0,11,14,16682100,4728,0,0,3539
452,11,0,16,9,16710240,4728,0,0,3550
453,7,0,10,15,16775820,4729,0,0,3557
454,10,0,13,12,16822620,4733,0,0,3567
455,7,0,11,14,16861680,4732,0,0,3574
456,2,0,5,20,16897080,4731,0,0,3576
457,4,0,2,23,16930980,4731,0,0,3580
458,7,0,8,17,16935660,4731,0,0,3587
459,5,0,9,16,16948740,4730,0,0,3592
460,7,0,9,16,16972260,4727,0,0,3599
461,9,0,11,14,17005080,4727,0,0,3608
462,7,0,10,15,17041320,4727,0,0,3615
463,7,0,11,14,17071920,4727,0,0,3622
464,13,0,14,11,17107740,4724,0,0,3635
465,9,0,10,15,17159880,4722,0,0,3644
466,12,0,12,13,17200980,4720,0,0,3656
467,11,0,15,10,17239740,4720,0,0,3667
468,10,0,15,10,17279940,4718,0,0,3677
469,14,0,16,9,17344020,4719,0,0,3691
470,15,0,21,4,17395080,4720,60,0,3706
471,8,0,16,9,17456040,4720,60,0,3714
472,9,0,12,13,17534940,4725,60,0,3723
473,9,0,13,12,17574120,4725,60,0,3732
474,7,0,11,14,17620020,4726,60,0,3739
475,8,0,12,13,17656140,4727,60,0,3747
476,7,0,9,16,17706240,4727,60,0,3754
477,6,0,9,16,17731080,4727,60,0,3760
478,3,0,4,21,17764740,4725,60,0,3763
479,6,0,6,19,17787840,4727,60,0,3769
480,3,0,3,22,17810820,4725,60,0,3772
481,6,0,6,19,17828040,4726,60,0,3778
482,7,0,8,17,17854980,4727,60,0,3785
483,5,0,7,18,17877960,4725,60,0,3790
484,8,0,11,14,17899260,4726,60,0,3798
485,6,0,8,17,17941860,4726,60,0,3804
486,6,0,9,16,17964660,4726,60,0,3810
487,4,0,9,16,17979060,4725,60,0,3814
488,8,0,9,16,18016800,4725,60,0,3822
489,14,0,17,8,18039600,4723,60,0,3836
490,14,0,21,4,18083700,4722,60,0,3850
491,16,0,22,3,18159300,4724,60,0,3866
492,11,0,21,4,18225780,4726,480,0,3877
493,11,0,17,8,18307800,4729,480,0,3888
494,10,0,15,10,18364860,4729,480,0,3898
495,6,0,6,19,18439980,4730,480,0,3904
496,6,0,6,19,18467700,4730,480,0,3910
497,11,0,11,14,18482400,4726,480,0,3921
498,7,0,9,16,18518820,4725,480,0,3928
499,4,0,7,18,18553860,4727,480,0,3932
500,5,0,7,18,18582420,4728,480,0,3937
501,6,0,8,17,18597120,4726,480,0,3943
502,9,0,12,13,18612660,4724,480,0,3952
503,4,0,7,18,18663060,4726,480,0,3956
504,7,0,8,17,18696060,4727,480,0,3963
505,8,0,9,16,18722760,4725,480,0,3971
506,1,0,1,24,18760140,4724,480,0,3972
507,6,0,4,21,18767280,4722,480,0,3978
508,4,0,5,20,18775680,4721,480,0,3982
509,3,0,5,20,18795000,4722,480,0,3985
510,7,0,8,17,18811380,4721,480,0,3992
511,8,0,11,14,18826680,4719,480,0,4000
512,5,0,10,15,18854880,4719,480,0,4005
513,12,0,11,14,18905280,4719,480,0,4017
514,9,0,10,15,18938100,4715,480,0,4026
515,7,0,12,13,18958320,4714,480,0,4033
516,8,0,10,15,19007160,4715,480,0,4041
517,8,0,11,14,19042860,4715,480,0,4049
518,10,0,13,12,19084500,4716,480,0,4059
519,11,0,13,12,19132860,4716,480,0,4070
520,7,0,11,14,19178100,4716,480,0,4077
521,5,0,11,14,19198200,4715,480,0,4082
522,12,0,13,12,19251420,4717,480,0,4094
523,5,0,10,15,19291320,4717,480,0,4099
524,6,0,11,14,19330680,4721,480,0,4105
525,4,0,6,19,19372860,4721,480,0,4109
526,4,0,5,20,19395120,4721,480,0,4113
527,7,0,7,18,19415640,4720,480,0,4120
528,7,0,10,15,19441140,4722,480,0,4127
529,5,0,7,18,19484340,4723,480,0,4132
530,6,0,10,15,19501800,4724,480,0,4138
531,9,0,10,15,19547280,4724,480,0,4147
532,9,0,13,12,19577940,4725,480,0,4156
533,7,0,14,11,19602840,4724,480,0,4163
534,5,0,8,17,19669560,4728,480,0,4168
535,12,0,11,14,19711560,4728,480,0,4180
536,13,0,16,9,19736220,4724,480,0,4193
537,13,0,21,4,19764180,4722,480,0,4206
538,9,0,13,12,19856940,4725,480,0,4215
539,12,0,16,9,19911240,4728,480,0,4227
540,15,0,22,3,19954260,4728,480,0,4242
541,16,0,23,2,20014260,4725,480,0,4258
542,9,0,18,7,20098080,4730,480,0,4267
543,13,0,16,9,20162760,4728,480,0,4280
544,17,0,19,6,20234340,4729,480,0,4297
545,8,0,14,11,20286960,4727,480,0,4305
546,9,0,13,12,20348520,4731,480,0,4314
547,9,0,12,13,20393820,4730,480,0,4323
548,7,0,7,18,20441640,4728,480,0,4330
549,3,0,4,21,20473260,4729,480,0,4333
550,8,0,9,16,20491140,4730,480,0,4341
551,8,0,11,14,20516400,4729,480,0,4349
552,2,0,5,20,20556300,4729,480,0,4351
553,5,0,5,20,20581800,4730,480,0,4356
554,3,0,3,22,20605500,4730,480,0,4359
555,3,0,5,20,20609820,4730,480,0,4362
556,7,0,8,17,20630100,4730,480,0,4369
557,7,0,12,13,20643780,4730,480,0,4376
558,5,0,9,16,20689380,4732,480,0,4381
559,12,0,9,16,20729340,4728,480,0,4393
560,14,0,18,7,20753640,4728,480,0,4407
561,11,0,18,7,20805360,4728,480,0,4418
562,15,0,16,9,20893980,4730,480,0,4433
563,10,0,16,9,20946180,4731,480,0,4443
564,13,0,15,10,21005700,4729,480,0,4456
565,17,0,22,3,21049920,4729,480,0,4473
566,5,0,11,14,21125160,4729,480,0,4478
567,9,0,10,15,21191160,4733,480,0,4487
568,9,0,13,12,21212220,4731,480,0,4496
569,4,0,8,17,21257820,4732,480,0,4500
570,10,0,11,14,21294900,4733,480,0,4510
571,2,0,5,20,21327000,4731,480,0,4512
572,10,0,10,15,21350280,4731,480,0,4522
573,7,0,9,16,21376140,4729,480,0,4529
574,3,0,6,19,21409740,4730,480,0,4532
575,10,0,9,16,21436380,4728,480,0,4542
576,4,0,5,20,21472920,4728,480,0,4546
577,8,0,9,16,21496380,4729,480,0,4554
578,3,0,7,18,21522720,4730,480,0,4557
579,4,0,5,20,21553860,4730,480,0,4561
580,2,0,3,22,21569700,4730,480,0,4563
581,7,0,6,19,21582900,4728,480,0,4570
582,10,0,11,14,21601080,4727,480,0,4580
583,6,0,9,16,21630360,4725,480,0,4586
584,7,0,7,18,21666000,4724,480,0,4593
585,10,0,13,12,21688380,4725,480,0,4603
586,4,0,8,17,21730620,4725,480,0,4607
587,6,0,6,19,21768540,4725,480,0,4613
588,10,0,10,15,21791160,4723,480,0,4623
589,12,0,14,11,21824100,4722,480,0,4635
590,8,0,11,14,21872460,4722,480,0,4643
591,7,0,10,15,21917100,4723,480,0,4650
592,6,0,10,15,21948180,4724,480,0,4656
593,13,0,13,12,21989460,4722,480,0,4669
594,3,0,9,16,22023300,4722,480,0,4672
595,10,0,8,17,22066560,4721,480,0,4682
596,2,0,7,18,22078140,4720,480,0,4684
597,5,0,6,19,22113180,4722,480,0,4689
598,9,0,7,18,22137060,4719,480,0,4698
599,6,0,7,18,22156740,4717,480,0,4704
600,4,0,4,21,22189500,4717,480,0,4708
601,1,0,3,22,22202520,4717,480,0,4709
602,5,0,7,18,22207080,4717,480,0,4714
603,7,0,10,15,22224240,4717,480,0,4721
604,11,0,11,14,22259940,4715,480,0,4732
605,2,0,6,19,22292100,4714,480,0,4734
606,9,0,9,16,22336560,4718,480,0,4743
607,7,0,11,14,22356420,4717,480,0,4750
608,4,0,10,15,22380480,4717,480,0,4754
609,9,0,8,17,22438680,4718,480,0,4763
610,7,0,11,14,22454700,4718,480,0,4770
611,12,0,17,8,22493340,4720,480,0,4782
612,17,0,21,4,22559220,4721,480,0,4799
613,11,0,20,5,22615620,4721,480,0,4810
614,10,0,12,13,22712580,4723,480,0,4820
615,7,0,10,15,22757160,4724,480,0,4827
616,4,0,7,18,22789860,4724,480,0,4831
617,13,0,12,13,22828320,4724,480,0,4844
618,7,0,8,17,22864860,4721,480,0,4851
619,8,0,11,14,22892100,4721,480,0,4859
620,6,0,12,13,22918560,4722,480,0,4865
621,3,0,9,16,22953780,4723,480,0,4868
622,4,0,6,19,23001000,4726,480,0,4872
623,7,0,9,16,23022600,4727,480,0,4879
624,4,0,6,19,23054040,4727,480,0,4883
625,7,0,9,16,23074860,4727,480,0,4890
626,4,0,9,16,23092620,4727,480,0,4894
627,3,0,5,20,23126460,4727,480,0,4897
628,7,0,9,16,23143620,4728,480,0,4904
629,10,0,12,13,23174340,4727,480,0,4914
630,9,0,12,13,23211540,4726,480,0,4923
631,8,0,8,17,23260020,4724,480,0,4931
632,10,0,12,13,23281260,4723,480,0,4941
633,14,0,15,10,23335320,4723,480,0,4955
634,7,0,11,14,23392380,4724,480,0,4962
635,10,0,14,11,23425140,4724,480,0,4972
636,8,0,10,15,23477940,4723,480,0,4980
637,12,0,10,15,23517180,4720,480,0,4992
638,10,0,11,14,23556780,4719,480,0,5002
639,8,0,11,14,23591040,4719,480,0,5010
640,9,0,13,12,23619360,4718,480,0,5019
641,12,0,12,13,23674620,4716,480,0,5031
642,9,0,14,11,23698260,4715,480,0,5040
643,6,0,7,18,23757900,4714,480,0,5046
644,10,0,12,13,23786940,4715,480,0,5056
645,9,0,13,12,23829120,4716,480,0,5065
646,9,0,15,10,23869560,4718,480,0,5074
647,6,0,9,16,23935980,4720,480,0,5080
648,4,0,3,22,23979120,4719,480,0,5084
649,5,0,5,20,23997360,4720,480,0,5089
650,6,0,7,18,24016260,4720,480,0,5095
651,6,0,7,18,24040500,4719,480,0,5101
652,11,0,12,13,24061740,4717,480,0,5112
653,7,0,10,15,24103380,4717,480,0,5119
654,7,0,7,18,24145980,4716,480,0,5126
655,14,0,15,10,24185040,4719,480,0,5140
656,3,0,11,14,24212160,4717,480,0,5143
657,5,0,7,18,24267120,4720,480,0,5148
658,8,0,9,16,24300240,4721,480,0,5156
659,5,0,10,15,24316980,4720,480,0,5161
660,13,0,12,13,24366960,4720,480,0,5174
661,7,0,9,16,24406860,4719,480,0,5181
662,8,0,8,17,24441180,4717,480,0,5189
663,10,0,8,17,24475680,4715,480,0,5199
664,12,0,14,11,24501660,4714,480,0,5211
665,7,0,12,13,24545040,4714,480,0,5218
666,4,0,5,20,24589500,4713,480,0,5222
667,7,0,9,16,24609420,4714,480,0,5229
668,8,0,9,16,24642300,4713,480,0,5237
669,4,0,6,19,24676320,4713,480,0,5241
670,5,0,6,19,24701520,4714,480,0,5246
671,5,0,6,19,24726900,4714,480,0,5251
672,4,0,6,19,24741900,4713,480,0,5255
673,11,0,14,11,24747300,4711,480,0,5266
674,6,0,13,12,24770160,4710,480,0,5272
675,5,0,11,14,24800700,4709,480,0,5277
676,7,0,13,12,24824100,4709,480,0,5284
677,7,0,15,10,24848040,4709,480,0,5291
678,4,0,13,12,24880620,4710,480,0,5295
679,7,0,16,9,24909540,4712,480,0,5302
680,10,0,14,11,24964620,4712,480,0,5312
681,11,0,19,6,24987240,4711,480,0,5323
682,8,0,18,7,25034160,4711,480,0,5331
683,7,0,12,13,25090560,4710,480,0,5338
684,9,0,16,9,25115700,4711,480,0,5347
685,9,0,20,5,25140240,4711,480,0,5356
686,9,0,16,9,25201380,4711,480,0,5365
687,9,0,16,9,25249200,4712,480,0,5374
688,11,0,19,6,25276680,4710,480,0,5385
689,9,0,18,7,25324020,4710,480,0,5394
690,8,0,17,8,25367520,4710,480,0,5402
691,13,0,17,8,25426320,4710,480,0,5415
692,8,0,15,10,25469340,4709,480,0,5423
693,6,0,14,11,25502220,4709,480,0,5429
694,3,0,11,14,25531560,4709,480,0,5432
695,3,0,8,17,25564620,4710,480,0,5435
696,5,0,10,15,25577280,4710,480,0,5440
697,10,0,16,9,25588740,4709,480,0,5450
698,7,0,16,9,25629000,4710,480,0,5457
699,3,0,11,14,25673160,4711,480,0,5460
700,14,0,16,9,25706880,4709,480,0,5474
701,12,0,18,7,25746060,4708,480,0,5486
702,6,0,14,11,25786440,4707,480,0,5492
703,7,0,15,10,25823160,4708,480,0,5499
704,10,0,18,7,25846020,4706,480,0,5509
705,8,0,14,11,25896540,4705,480,0,5517
706,9,0,15,10,25926300,4704,480,0,5526
707,8,0,18,7,25952340,4704,480,0,5534
708,6,0,15,10,25997280,4705,480,0,5540
709,13,0,19,6,26046000,4706,480,0,5553
710,9,0,19,6,26073900,4703,480,0,5562
711,7,0,16,9,26116140,4703,480,0,5569
712,11,0,18,7,26168700,4704,480,0,5580
713,10,0,23,2,26191740,4704,480,0,5590
714,5,0,12,13,26272860,4705,480,0,5595
715,8,0,14,11,26301780,4705,480,0,5603
716,5,0,12,13,26337240,4706,480,0,5608
717,6,0,12,13,26365740,4706,480,0,5614
718,5,0,12,13,26382840,4705,480,0,5619
719,9,0,18,7,26400000,4705,480,0,5628
720,9,0,17,8,26453280,4706,480,0,5637
721,6,0,14,11,26507100,4709,480,0,5643
722,3,0,10,15,26545920,4710,480,0,5646
723,9,0,15,10,26560740,4709,480,0,5655
724,7,0,14,11,26600640,4709,480,0,5662
725,8,0,15,10,26637600,4710,480,0,5670
726,7,0,17,8,26656620,4709,480,0,5677
727,8,0,17,8,26700360,4710,480,0,5685
728,4,0,12,13,26744280,4710,480,0,5689
729,8,0,15,10,26771880,4711,480,0,5697
730,5,0,16,9,26793480,4712,480,0,5702
731,6,0,15,10,26827680,4712,480,0,5708
732,12,0,21,4,26864940,4713,480,0,5720
733,7,0,14,11,26922420,4712,480,0,5727
734,15,0,20,5,26959560,4711,480,0,5742
735,13,0,24,1,26999880,4711,900,0,5755
736,14,0,19,6,27078720,4709,900,0,5769
737,8,0,18,7,27128580,4710,900,0,5777
738,9,0,14,11,27189240,4710,900,0,5786
739,11,0,19,6,27218220,4710,900,0,5797
740,7,0,17,8,27260400,4710,900,0,5804
741,3,0,12,13,27299460,4710,900,0,5807
742,7,0,14,11,27327840,4711,900,0,5814
743,9,0,13,12,27370680,4710,900,0,5823
744,5,0,10,15,27403860,4710,900,0,5828
745,5,0,12,13,27417120,4710,900,0,5833
746,3,0,10,15,27445260,4710,900,0,5836
747,13,0,19,6,27460200,4710,900,0,5849
748,8,0,19,6,27502800,4710,900,0,5857
749,9,0,17,8,27559320,4711,900,0,5866
750,5,0,12,13,27597720,4710,900,0,5871
751,10,0,14,11,27635760,4710,900,0,5881
752,8,0,15,10,27661620,4709,900,0,5889
753,8,0,14,11,27715800,4711,900,0,5897
754,7,0,13,12,27743820,4709,900,0,5904
755,11,0,16,9,27768780,4707,900,0,5915
756,10,0,18,7,27802260,4706,900,0,5925
757,9,0,18,7,27843900,4706,900,0,5934
758,16,0,21,4,27907380,4706,900,0,5950
759,10,0,22,3,27945720,4706,900,0,5960
760,8,0,18,7,28009680,4707,900,0,5968
761,8,0,17,8,28057440,4708,900,0,5976
762,10,0,16,9,28113240,4709,900,0,5986
763,8,0,18,7,28144140,4709,900,0,5994
764,13,0,21,4,28195080,4710,900,0,6007
765,7,0,19,6,28239660,4710,900,0,6014
766,5,0,12,13,28302240,4711,900,0,6019
767,4,0,9,16,28339140,4712,900,0,6023
768,5,0,12,13,28341240,4710,900,0,6028
769,7,0,12,13,28369020,4710,900,0,6035
770,9,0,15,10,28402320,4710,900,0,6044
771,10,0,17,8,28428720,4709,900,0,6054
772,4,0,12,13,28466760,4708,900,0,6058
773,4,0,12,13,28486080,4708,900,0,6062
774,8,0,13,12,28525200,4709,900,0,6070
775,3,0,13,12,28537020,4709,900,0,6073
776,3,0,10,15,28573980,4710,900,0,6076
777,10,0,14,11,28600500,4710,900,0,6086
778,5,0,13,12,28628100,4710,900,0,6091
779,10,0,16,9,28657080,4709,900,0,6101
780,9,0,14,11,28714140,4710,900,0,6110
781,10,0,15,10,28755660,4710,900,0,6120
782,10,0,17,8,28780260,4708,900,0,6130
783,13,0,23,2,28817340,4708,900,0,6143
784,7,0,19,6,28873320,4709,900,0,6150
785,10,0,19,6,28927440,4710,900,0,6160
786,15,0,24,1,28992840,4713,3000,0,6175
787,6,0,20,5,29035380,4712,3000,0,6181
788,8,0,13,12,29121480,4715,3000,0,6189
789,6,0,13,12,29151180,4715,3000,0,6195
790,3,0,12,13,29173980,4716,3000,0,6198
791,4,0,10,15,29202000,4716,3000,0,6202
792,3,0,9,16,29230800,4717,3000,0,6205
793,5,0,9,16,29246520,4716,3000,0,6210
794,8,0,15,10,29261400,4717,3000,0,6218
795,3,0,11,14,29290140,4716,3000,0,6221
796,4,0,9,16,29319480,4716,3000,0,6225
797,5,0,11,14,29331000,4716,3000,0,6230
798,8,0,13,12,29349300,4714,3000,0,6238
799,14,0,20,5,29376120,4713,3000,0,6252
800,6,0,15,10,29423940,4713,3000,0,6258
801,5,0,11,14,29472360,4714,3000,0,6263
802,12,0,18,7,29493840,4713,3000,0,6275
803,9,0,18,7,29533620,4713,3000,0,6284
804,8,0,18,7,29577420,4714,3000,0,6292
805,8,0,18,7,29618280,4714,3000,0,6300
806,9,0,17,8,29670480,4715,3000,0,6309
807,14,0,19,6,29726580,4715,3000,0,6323
808,6,0,15,10,29774580,4715,3000,0,6329
809,12,0,17,8,29817780,4715,3000,0,6341
810,5,0,15,10,29844480,4714,3000,0,6346
811,3,0,10,15,29891640,4715,3000,0,6349
812,5,0,9,16,29921760,4715,3000,0,6354
813,7,0,11,14,29939340,4714,3000,0,6361
814,8,0,15,10,29947200,4713,3000,0,6369
815,3,0,11,14,29983680,4713,3000,0,6372
816,11,0,18,7,29999760,4713,3000,0,6383
817,3,0,15,10,30033360,4714,3000,0,6386
818,9,0,17,8,30076080,4715,3000,0,6395
819,4,0,14,11,30117660,4716,3000,0,6399
820,8,0,14,11,30159000,4717,3000,0,6407
821,9,0,18,7,30182580,4717,3000,0,6416
822,6,0,17,8,30223440,4718,3000,0,6422
823,7,0,14,11,30278700,4719,3000,0,6429
824,8,0,15,10,30312600,4720,3000,0,6437
825,2,0,11,14,30341760,4720,3000,0,6439
826,7,0,14,11,30368520,4721,3000,0,6446
827,12,0,22,3,30388920,4721,3000,0,6458
828,5,0,15,10,30445200,4721,3000,0,6463
829,10,0,17,8,30491940,4723,3000,0,6473
830,11,0,21,4,30523980,4722,3000,0,6484
831,8,0,19,6,30574440,4723,3000,0,6492
832,10,0,18,7,30635280,4724,3000,0,6502
833,9,0,20,5,30667020,4724,3000,0,6511
834,8,0,14,11,30732780,4724,3000,0,6519
835,7,0,13,12,30766200,4723,3000,0,6526
836,7,0,14,11,30792180,4723,3000,0,6533
837,6,0,15,10,30820680,4724,3000,0,6539
838,3,0,11,14,30853140,4724,3000,0,6542
839,9,0,16,9,30876360,4724,3000,0,6551
840,4,0,14,11,30903120,4724,3000,0,6555
841,7,0,12,13,30944580,4724,3000,0,6562
842,4,0,12,13,30961320,4724,3000,0,6566
843,4,0,10,15,30998820,4725,3000,0,6570
844,4,0,11,14,31010760,4725,3000,0,6574
845,9,0,15,10,31030920,4724,3000,0,6583
846,5,0,17,8,31047600,4724,3000,0,6588
847,9,0,15,10,31103400,4725,3000,0,6597
848,5,0,12,13,31132800,4724,3000,0,6602
849,15,0,20,5,31156380,4722,3000,0,6617
850,6,0,17,8,31190340,4721,3000,0,6623
851,7,0,14,11,31235580,4721,3000,0,6630
852,12,0,17,8,31283700,4722,3000,0,6642
853,9,0,18,7,31315500,4721,3000,0,6651
854,16,1,25,0,31356240,4721,3000,0,6667
855,8,0,21,4,31427940,4723,3180,0,6675
856,8,0,16,9,31494120,4723,3180,0,6683
857,10,0,15,10,31555200,4725,3180,0,6693
858,9,0,14,11,31605240,4725,3180,0,6702
859,5,0,11,14,31631940,4724,3180,0,6707
860,5,0,10,15,31655160,4723,3180,0,6712
861,5,0,11,14,31671120,4722,3180,0,6717
862,3,0,9,16,31696560,4723,3180,0,6720
863,7,0,11,14,31707000,4721,3180,0,6727
864,5,0,12,13,31720500,4720,3180,0,6732
865,6,0,13,12,31747080,4720,3180,0,6738
866,5,0,14,11,31771800,4721,3180,0,6743
867,7,0,13,12,31811400,4721,3180,0,6750
868,4,0,12,13,31835400,4721,3180,0,6754
869,2,0,7,18,31869240,4722,3180,0,6756
870,5,0,11,14,31874940,4722,3180,0,6761
871,6,0,15,10,31883580,4722,3180,0,6767
872,11,0,17,8,31925340,4721,3180,0,6778
873,5,0,16,9,31958340,4722,3180,0,6783
874,10,0,15,10,32013000,4723,3180,0,6793
875,4,0,12,13,32042280,4722,3180,0,6797
876,12,0,16,9,32068620,4720,3180,0,6809
877,15,0,22,3,32097720,4718,3180,0,6824
878,8,0,20,5,32148900,4719,3180,0,6832
879,9,0,18,7,32214060,4721,3180,0,6841
880,8,0,15,10,32265840,4721,3180,0,6849
881,12,0,19,6,32312220,4722,3180,0,6861
882,13,0,21,4,32356860,4721,3180,0,6874
883,9,0,16,9,32406000,4719,3180,0,6883
884,7,0,15,10,32451840,4720,3180,0,6890
885,5,0,15,10,32479320,4720,3180,0,6895
886,0,0,10,15,32508120,4721,3180,0,6895
887,6,0,10,15,32540460,4722,3180,0,6901
888,5,0,11,14,32557500,4721,3180,0,6906
889,2,0,10,15,32573100,4722,3180,0,6908
890,5,0,9,16,32597760,4721,3180,0,6913
891,3,0,8,17,32612700,4721,3180,0,6916
892,10,0,14,11,32623740,4719,3180,0,6926
893,6,0,11,14,32658720,4718,3180,0,6932
894,8,0,14,11,32681340,4718,3180,0,6940
895,9,0,17,8,32702040,4717,3180,0,6949
896,4,0,11,14,32748420,4717,3180,0,6953
897,9,0,16,9,32766120,4717,3180,0,6962
898,5,0,16,9,32793660,4717,3180,0,6967
899,15,0,19,6,32851200,4717,3180,0,6982
900,15,0,21,4,32899740,4716,3180,0,6997
901,16,3,25,0,32943960,4716,4200,0,7013
902,11,0,23,2,33022380,4716,10140,1,7024
903,6,0,16,9,33092580,4718,10140,1,7030
904,8,0,15,10,33135180,4718,10140,1,7038
905,10,0,18,7,33172740,4718,10140,1,7048
906,6,0,16,9,33206340,4718,10140,1,7054
907,8,0,15,10,33253320,4718,10140,1,7062
908,5,0,14,11,33289020,4719,10140,1,7067
909,6,0,14,11,33308760,4718,10140,1,7073
910,4,0,11,14,33351120,4719,10140,1,7077
911,5,0,13,12,33366240,4720,10140,1,7082
912,6,0,15,10,33384540,4719,10140,1,7088
913,6,0,13,12,33423720,4720,10140,1,7094
914,5,0,10,15,33463380,4720,10140,1,7099
915,8,0,12,13,33481860,4719,10140,1,7107
916,3,0,12,13,33497700,4719,10140,1,7110
917,6,0,12,13,33528360,4719,10140,1,7116
918,6,0,11,14,33548220,4717,10140,1,7122
919,9,0,12,13,33576840,4716,10140,1,7131
920,6,0,13,12,33609960,4717,10140,1,7137
921,10,0,16,9,33638640,4717,10140,1,7147
922,8,0,15,10,33676500,4716,10140,1,7155
923,10,0,17,8,33712740,4716,10140,1,7165
924,8,0,17,8,33749340,4716,10140,1,7173
925,14,0,20,5,33802860,4716,10140,1,7187
926,10,0,19,6,33855960,4716,10140,1,7197
927,10,0,16,9,33915480,4716,10140,1,7207
928,8,0,18,7,33937740,4715,10140,1,7215
929,7,0,14,11,33998700,4716,10140,1,7222
930,9,0,14,11,34034460,4715,10140,1,7231
931,9,0,17,8,34066140,4716,10140,1,7240
932,3,0,13,12,34104000,4717,10140,1,7243
933,13,0,19,6,34136880,4716,10140,1,7256
934,7,0,14,11,34197720,4717,10140,1,7263
935,2,0,11,14,34219260,4717,10140,1,7265
936,6,0,9,16,34259880,4717,10140,1,7271
937,4,0,11,14,34267140,4717,10140,1,7275
938,5,0,10,15,34284960,4715,10140,1,7280
939,6,0,13,12,34302300,4716,10140,1,7286
940,5,0,11,14,34338360,4716,10140,1,7291
941,3,0,11,14,34354740,4717,10140,1,7294
942,15,0,21,4,34379520,4717,10140,1,7309
943,7,0,17,8,34420860,4715,10140,1,7316
944,9,0,16,9,34472520,4716,10140,1,7325
945,7,0,16,9,34505280,4716,10140,1,7332
946,11,0,17,8,34557420,4717,10140,1,7343
947,6,0,15,10,34589700,4716,10140,1,7349
948,8,0,14,11,34632960,4716,10140,1,7357
949,8,0,14,11,34670580,4716,10140,1,7365
950,9,0,15,10,34710780,4716,10140,1,7374
951,6,0,13,12,34745940,4716,10140,1,7380
952,6,0,11,14,34778460,4715,10140,1,7386
953,12,0,17,8,34800060,4714,10140,1,7398
954,13,0,17,8,34850820,4713,10140,1,7411
955,8,0,16,9,34883220,4712,10140,1,7419
956,8,0,16,9,34918740,4711,10140,1,7427
957,4,0,13,12,34956540,4712,10140,1,7431
958,10,0,15,10,34994160,4712,10140,1,7441
959,8,0,17,8,35019120,4711,10140,1,7449
960,4,0,12,13,35060520,4711,10140,1,7453
961,0,0,8,17,35085120,4712,10140,1,7453
962,6,0,10,15,35106180,4712,10140,1,7459
963,4,0,12,13,35111820,4712,10140,1,7463
964,6,0,13,12,35138880,4712,10140,1,7469
965,6,0,14,11,35165700,4713,10140,1,7475
966,10,0,15,10,35209560,4713,10140,1,7485
967,9,0,16,9,35244660,4713,10140,1,7494
968,9,0,18,7,35272860,4712,10140,1,7503
969,12,0,20,5,35320740,4712,10140,1,7515
970,10,0,20,5,35363820,4712,10140,1,7525
971,6,0,15,10,35410440,4711,10140,1,7531
972,14,0,20,5,35458500,4712,10140,1,7545
973,10,0,20,5,35505420,4712,10140,1,7555
974,12,0,19,6,35570640,4712,10140,1,7567
975,9,0,21,4,35612280,4713,10140,1,7576
976,6,0,18,7,35668560,4715,10140,1,7582
977,9,0,13,12,35732700,4715,10140,1,7591
978,11,0,19,6,35751660,4714,10140,1,7602
979,9,0,17,8,35798700,4714,10140,1,7611
980,10,0,19,6,35838900,4714,10140,1,7621
981,7,0,15,10,35894520,4714,10140,1,7628
982,4,0,10,15,35944680,4715,10140,1,7632
983,8,0,15,10,35952840,4715,10140,1,7640
984,2,0,10,15,35989680,4715,10140,1,7642
985,5,0,11,14,36016020,4716,10140,1,7647
986,6,0,11,14,36039780,4716,10140,1,7653
987,4,0,11,14,36056580,4715,10140,1,7657
988,13,0,20,5,36071760,4715,10140,1,7670
989,4,0,16,9,36108720,4715,10140,1,7674
990,9,0,19,6,36147960,4716,10140,1,7683
991,5,0,13,12,36201240,4716,10140,1,7688
992,10,0,15,10,36245820,4717,10140,1,7698
993,7,0,16,9,36267840,4716,10140,1,7705
994,10,0,14,11,36328020,4717,10140,1,7715
995,10,0,17,8,36345900,4715,10140,1,7725
996,8,0,16,9,36388740,4715,10140,1,7733
997,11,0,20,5,36420900,4715,10140,1,7744
998,14,0,22,3,36480300,4715,10440,1,7758
999,12,0,18,7,36551460,4715,10440,1,7770
1000,11,0,20,5,36577560,4712,10440,1,7781
1001,12,0,22,3,36630060,4713,10440,1,7793
1002,7,0,18,7,36688380,4714,10440,1,7800
1003,9,0,19,6,36733800,4715,10440,1,7809
1004,7,0,11,14,36799740,4714,10440,1,7816
1005,7,0,14,11,36820980,4715,10440,1,7823
1006,6,0,14,11,36845220,4714,10440,1,7829
1007,2,0,9,16,36885540,4715,10440,1,7831
1008,6,0,13,12,36896700,4715,10440,1,7837
1009,2,0,13,12,36909060,4716,10440,1,7839
1010,4,0,9,16,36944460,4715,10440,1,7843
1011,5,0,12,13,36957000,4716,10440,1,7848
1012,9,0,16,9,36976080,4715,10440,1,7857
1013,3,0,12,13,37007160,4715,10440,1,7860
1014,8,0,14,11,37041120,4716,10440,1,7868
1015,6,0,14,11,37066260,4715,10440,1,7874
1016,2,0,11,14,37096560,4716,10440,1,7876
1017,11,0,15,10,37122180,4715,10440,1,7887
1018,8,0,14,11,37158960,4715,10440,1,7895
1019,14,0,21,4,37191480,4714,10440,1,7909
1020,7,0,16,9,37250880,4715,10440,1,7916
1021,7,0,16,9,37286040,4715,10440,1,7923
1022,8,0,17,8,37331160,4717,10440,1,7931
1023,9,0,21,4,37361400,4717,10440,1,7940
1024,9,0,17,8,37426500,4718,10440,1,7949
1025,8,0,11,14,37477620,4716,10440,1,7957
1026,4,0,11,14,37497420,4716,10440,1,7961
1027,10,0,18,7,37516020,4717,10440,1,7971
1028,8,0,17,8,37555620,4716,10440,1,7979
1029,4,0,14,11,37595940,4717,10440,1,7983
1030,9,0,15,10,37634700,4717,10440,1,7992
1031,4,0,12,13,37667880,4717,10440,1,7996
1032,2,0,9,16,37698660,4718,10440,1,7998
1033,4,0,10,15,37720320,4719,10440,1,8002
1034,5,0,11,14,37737660,4719,10440,1,8007
1035,5,0,13,12,37751400,4719,10440,1,8012
1036,6,0,13,12,37783140,4719,10440,1,8018
1037,3,0,12,13,37806120,4720,10440,1,8021
1038,10,0,15,10,37828260,4719,10440,1,8031
1039,12,0,18,7,37864200,4718,10440,1,8043
1040,9,0,18,7,37906320,4718,10440,1,8052
1041,8,0,15,10,37962900,4718,10440,1,8060
1042,12,0,16,9,38005080,4717,10440,1,8072
1043,4,0,12,13,38038740,4717,10440,1,8076
1044,18,0,21,4,38075220,4716,10440,1,8094
1045,13,0,25,0,38110860,4715,17220,2,8107
1046,9,0,17,8,38192580,4715,20220,2,8116
1047,11,0,16,9,38251500,4716,20220,2,8127
1048,11,0,21,4,38275200,4715,20220,2,8138
1049,9,0,20,5,38326980,4716,20220,2,8147
1050,12,0,20,5,38392260,4717,20220,2,8159
1051,5,0,15,10,38432640,4716,20220,2,8164
1052,5,0,10,15,38484300,4716,20220,2,8169
1053,6,0,11,14,38505360,4716,20220,2,8175
1054,5,0,13,12,38513340,4715,20220,2,8180
1055,6,0,11,14,38545380,4715,20220,2,8186
1056,5,0,10,15,38573280,4714,20220,2,8191
1057,2,0,9,16,38589420,4715,20220,2,8193
1058,8,0,15,10,38602080,4715,20220,2,8201
1059,3,0,12,13,38624100,4714,20220,2,8204
1060,7,0,12,13,38666160,4715,20220,2,8211
1061,7,0,12,13,38689920,4714,20220,2,8218
1062,10,0,15,10,38714760,4713,20220,2,8228
1063,7,0,15,10,38753400,4714,20220,2,8235
1064,10,0,20,5,38775780,4714,20220,2,8245
1065,8,0,19,6,38818380,4714,20220,2,8253
1066,9,0,16,9,38872200,4714,20220,2,8262
1067,11,0,16,9,38917800,4713,20220,2,8273
1068,11,0,21,4,38941440,4712,20220,2,8284
1069,9,0,20,5,38990640,4712,20220,2,8293
1070,11,0,21,4,39048120,4714,20220,2,8304
1071,16,0,24,1,39116820,4715,20220,2,8320
1072,16,7,25,0,39163500,4716,22260,2,8336
1073,7,0,23,2,39246600,4717,42180,5,8343
1074,8,0,17,8,39318300,4717,42180,5,8351
1075,6,0,16,9,39357600,4718,42180,5,8357
1076,7,0,16,9,39392460,4718,42180,5,8364
1077,11,0,18,7,39428760,4718,42180,5,8375
1078,2,0,13,12,39472440,4719,42180,5,8377
1079,4,0,11,14,39508920,4720,42180,5,8381
1080,8,0,15,10,39531180,4720,42180,5,8389
1081,4,0,13,12,39553380,4719,42180,5,8393
1082,7,0,13,12,39586440,4719,42180,5,8400
1083,5,0,14,11,39605760,4720,42180,5,8405
1084,6,0,11,14,39654540,4720,42180,5,8411
1085,6,0,12,13,39674160,4720,42180,5,8417
1086,9,0,16,9,39695460,4720,42180,5,8426
1087,7,0,17,8,39724560,4720,42180,5,8433
1088,8,0,18,7,39766500,4721,42180,4,8441
1089,10,0,19,6,39812760,4721,42180,4,8451
1090,7,0,14,11,39875580,4722,42180,4,8458
1091,6,0,12,13,39913980,4722,42180,4,8464
1092,11,0,17,8,39941760,4722,42180,4,8475
1093,8,0,15,10,39987000,4722,42180,4,8483
1094,11,0,20,5,40010820,4721,42180,4,8494
1095,14,0,21,4,40071720,4721,42180,4,8508
1096,12,0,19,6,40126560,4720,42600,5,8520
1097,12,0,22,3,40172820,4720,42600,4,8532
1098,10,0,18,7,40247160,4721,43020,5,8542
1099,6,0,16,9,40296900,4723,43020,5,8548
1100,5,0,12,13,40356240,4725,43020,5,8553
1101,7,0,16,9,40372500,4725,43020,5,8560
1102,2,0,11,14,40417020,4726,43020,5,8562
1103,4,0,10,15,40445340,4727,43020,5,8566
1104,5,0,12,13,40461660,4727,43020,5,8571
1105,3,0,10,15,40481700,4726,43020,5,8574
1106,3,0,9,16,40504740,4727,43020,5,8577
1107,5,0,11,14,40518540,4727,43020,5,8582
1108,6,0,11,14,40532460,4725,43020,5,8588
1109,5,0,12,13,40548120,4725,43020,5,8593
1110,12,0,20,5,40569060,4725,43020,4,8605
1111,6,0,15,10,40623840,4725,43020,4,8611
1112,10,0,16,9,40668600,4726,43020,4,8621
1113,12,0,19,6,40697040,4724,43020,4,8633
1114,9,0,15,10,40753440,4723,43020,4,8642
1115,12,0,19,6,40786920,4723,43020,4,8654
1116,12,0,22,3,40829880,4723,43020,4,8666
1117,13,0,18,7,40908540,4723,43020,4,8679
1118,12,0,19,6,40950900,4722,43020,4,8691
1119,10,0,20,5,40993200,4722,43020,4,8701
1120,9,0,17,8,41056920,4722,43020,4,8710
1121,12,0,20,5,41098920,4722,43020,4,8722
1122,12,0,23,2,41131500,4721,43920,5,8734
1123,7,0,17,8,41195340,4722,43920,5,8741
1124,8,0,13,12,41259840,4722,43920,5,8749
1125,6,0,12,13,41296620,4723,43920,5,8755
1126,1,0,9,16,41316960,4723,43920,5,8756
1127,5,0,11,14,41334060,4723,43920,5,8761
1128,7,0,16,9,41350260,4724,43920,5,8768
1129,2,0,8,17,41398860,4724,43920,5,8770
1130,3,0,8,17,41413860,4724,43920,5,8773
1131,2,0,9,16,41421000,4725,43920,5,8775
1132,4,0,10,15,41434080,4725,43920,5,8779
1133,6,0,14,11,41440680,4724,43920,4,8785
1134,8,0,18,7,41464860,4725,43920,4,8793
1135,9,0,19,6,41504460,4725,43920,4,8802
1136,10,0,16,9,41574180,4726,43920,4,8812
1137,5,0,15,10,41606520,4726,43920,4,8817
1138,1,0,11,14,41641260,4728,43920,4,8818
1139,7,0,13,12,41671860,4728,43920,4,8825
1140,10,0,20,5,41688480,4729,43920,4,8835
1141,10,0,21,4,41735520,4729,43920,4,8845
1142,8,0,15,10,41789520,4728,43920,4,8853
1143,11,0,19,6,41819760,4728,43920,4,8864
1144,10,0,19,6,41873280,4728,43920,4,8874
1145,14,0,24,1,41903760,4727,43920,4,8888
1146,7,0,21,4,41965500,4729,43920,4,8895
1147,3,0,13,12,42036780,4731,43920,4,8898
1148,9,0,14,11,42075180,4731,43920,4,8907
1149,10,0,17,8,42100200,4730,43920,4,8917
1150,9,0,17,8,42137760,4729,43920,4,8926
1151,8,0,14,11,42192360,4730,43920,4,8934
1152,8,0,14,11,42223920,4729,43920,4,8942
1153,6,0,16,9,42244200,4729,43920,4,8948
1154,3,0,12,13,42289740,4730,43920,4,8951
1155,6,0,12,13,42318420,4730,43920,4,8957
1156,7,0,15,10,42335400,4730,43920,4,8964
1157,8,0,16,9,42369060,4730,43920,4,8972
1158,9,0,14,11,42418440,4730,43920,4,8981
1159,6,0,11,14,42460140,4730,43920,4,8987
1160,2,0,9,16,42484500,4731,43920,4,8989
1161,5,0,11,14,42501300,4731,43920,4,8994
1162,13,0,20,5,42517440,4730,43920,4,9007
1163,10,0,22,3,42548460,4730,43920,4,9017
1164,6,0,17,8,42598920,4730,43920,4,9023
1165,10,0,16,9,42666840,4731,43920,4,9033
1166,11,0,18,7,42716880,4732,43920,4,9044
1167,7,0,13,12,42765240,4731,43920,4,9051
1168,13,0,20,5,42789660,4731,43920,4,9064
1169,13,0,22,3,42837540,4730,43920,4,9077
1170,9,0,23,2,42879240,4731,43920,4,9086
1171,8,0,18,7,42949260,4732,43920,4,9094
1172,4,0,12,13,43012140,4733,43920,4,9098
1173,7,0,12,13,43050180,4734,43920,4,9105
1174,10,0,18,7,43070040,4734,43920,4,9115
1175,1,0,9,16,43110540,4733,43920,4,9116
1176,4,0,9,16,43132680,4734,43920,4,9120
1177,3,0,11,14,43137960,4734,43920,4,9123
1178,7,0,12,13,43166100,4734,43920,4,9130
1179,5,0,12,13,43195260,4734,43920,4,9135
1180,11,0,17,8,43223100,4734,43920,4,9146
1181,7,0,17,8,43258320,4734,43920,4,9153
1182,7,0,13,12,43315500,4735,43920,4,9160
1183,5,0,12,13,43340220,4735,43920,4,9165
1184,5,0,12,13,43369080,4735,43920,4,9170
1185,10,0,17,8,43389960,4735,43920,4,9180
1186,12,0,19,6,43424220,4733,43920,4,9192
1187,11,0,17,8,43467660,4731,43920,4,9203
1188,13,0,20,5,43514280,4731,43920,4,9216
1189,10,0,17,8,43577760,4732,43920,4,9226
1190,5,0,15,10,43620300,4733,43920,4,9231
1191,13,0,20,5,43654440,4732,43920,4,9244
1192,8,0,21,4,43691040,4733,43920,4,9252
1193,13,0,22,3,43752060,4733,43920,4,9265
1194,11,1,25,0,43786800,4733,44880,4,9276
1195,12,0,20,5,43872600,4733,45960,4,9288
1196,5,0,13,12,43951140,4736,45960,4,9293
1197,5,0,10,15,43987380,4735,45960,4,9298
1198,8,0,11,14,44011620,4734,45960,4,9306
1199,5,0,11,14,44031660,4734,45960,4,9311
1200,2,0,9,16,44045460,4734,45960,4,9313
1201,4,0,10,15,44065500,4734,45960,4,9317
1202,5,0,13,12,44075340,4734,45960,4,9322
1203,5,0,13,12,44093340,4734,45960,4,9327
1204,9,0,16,9,44113680,4733,45960,4,9336
1205,8,0,13,12,44165640,4733,45960,4,9344
1206,6,0,13,12,44192460,4733,45960,4,9350
1207,8,0,14,11,44223120,4732,45960,4,9358
1208,6,0,15,10,44248380,4732,45960,4,9364
1209,11,0,20,5,44285280,4733,45960,4,9375
1210,7,0,16,9,44339100,4734,45960,4,9382
1211,7,0,13,12,44387760,4734,45960,4,9389
1212,7,0,16,9,44408520,4734,45960,4,9396
1213,6,0,13,12,44455620,4734,45960,4,9402
1214,11,0,17,8,44477400,4733,45960,4,9413
1215,10,0,17,8,44521680,4733,45960,4,9423
1216,12,0,18,7,44570820,4733,45960,4,9435
1217,17,0,25,0,44612640,4732,46380,4,9452
1218,12,0,23,2,44672280,4731,46620,4,9464
1219,4,0,14,11,44722800,4730,46620,4,9468
1220,8,0,13,12,44780340,4732,46620,4,9476
1221,2,0,9,16,44801340,4731,46620,4,9478
1222,4,0,9,16,44822160,4731,46620,4,9482
1223,8,0,13,12,44838960,4731,46620,4,9490
1224,7,0,13,12,44868240,4730,46620,4,9497
1225,4,0,10,15,44905080,4731,46620,4,9501
1226,4,0,11,14,44919780,4731,46620,4,9505
1227,4,0,11,14,44940720,4731,46620,4,9509
1228,12,0,15,10,44969160,4730,46620,4,9521
1229,8,0,17,8,44986860,4729,46620,4,9529
1230,6,0,17,8,45015360,4729,46620,4,9535
1231,8,0,14,11,45077940,4730,46620,4,9543
1232,6,0,10,15,45115260,4729,46620,4,9549
1233,9,0,12,13,45140580,4728,46620,4,9558
1234,7,0,12,13,45158940,4727,46620,4,9565
1235,6,0,12,13,45180660,4726,46620,4,9571
1236,9,0,13,12,45216960,4726,46620,4,9580
1237,12,0,17,8,45249000,4725,46620,4,9592
1238,17,0,24,1,45285900,4724,46980,4,9609
1239,13,1,25,0,45338940,4724,47160,4,9622
1240,8,0,18,7,45430860,4726,48480,5,9630
1241,14,0,21,4,45480300,4726,48480,5,9644
1242,10,0,19,6,45531000,4725,48480,5,9654
1243,11,0,20,5,45581340,4725,48480,5,9665
1244,5,0,18,7,45622920,4726,48480,5,9670
1245,4,0,10,15,45692460,4728,48480,5,9674
1246,5,0,11,14,45706980,4727,48480,5,9679
1247,4,0,11,14,45729780,4728,48480,5,9683
1248,1,0,8,17,45751380,4728,48480,5,9684
1249,12,0,18,7,45759900,4728,48480,5,9696
1250,5,0,14,11,45797760,4727,48480,4,9701
1251,6,0,13,12,45837360,4728,48480,4,9707
1252,2,0,10,15,45871260,4729,48480,4,9709
1253,4,0,12,13,45883980,4729,48480,4,9713
1254,9,0,17,8,45898980,4729,48480,4,9722
1255,7,0,18,7,45942900,4731,48480,4,9729
1256,5,0,15,10,45986100,4731,48480,4,9734
1257,13,0,19,6,46024380,4731,48480,4,9747
1258,3,0,14,11,46066440,4731,48480,4,9750
1259,12,0,17,8,46126200,4733,48480,4,9762
1260,8,0,20,5,46145100,4732,48480,4,9770
1261,10,0,19,6,46203000,4733,48480,4,9780
1262,7,0,12,13,46264500,4732,48480,4,9787
1263,10,0,16,9,46299540,4733,48480,4,9797
1264,12,0,18,7,46336560,4732,48480,4,9809
1265,10,0,21,4,46371180,4732,48480,4,9819
1266,2,0,15,10,46414080,4733,48480,4,9821
1267,5,0,13,12,46463280,4734,48480,4,9826
1268,11,0,20,5,46482180,4734,48480,4,9837
1269,8,0,18,7,46530420,4734,48480,4,9845
1270,5,0,14,11,46573920,4735,48480,4,9850
1271,1,0,7,18,46616400,4735,48480,4,9851
1272,4,0,7,18,46635480,4735,48480,4,9855
1273,2,0,8,17,46640700,4735,48480,4,9857
1274,4,0,10,15,46647660,4735,48480,4,9861
1275,7,0,11,14,46674840,4735,48480,4,9868
1276,7,0,15,10,46690680,4735,48480,4,9875
1277,4,0,10,15,46726740,4734,48480,4,9879
1278,4,0,10,15,46745220,4734,48480,4,9883
1279,6,0,13,12,46758600,4734,48480,4,9889
1280,6,0,14,11,46781940,4734,48480,4,9895
1281,10,0,16,9,46818660,4734,48480,4,9905
1282,16,0,24,1,46851180,4733,48480,4,9921
1283,10,0,21,4,46907160,4733,48840,4,9931
1284,8,0,16,9,46978260,4734,48840,4,9939
1285,8,0,16,9,47016420,4734,48840,4,9947
1286,15,0,22,3,47051340,4733,48840,4,9962
1287,11,0,22,3,47099880,4733,48840,4,9973
1288,8,0,15,10,47174160,4733,48840,4,9981
1289,10,0,17,8,47212860,4733,48840,4,9991
1290,7,0,15,10,47253120,4733,48840,4,9998
1291,9,0,17,8,47287500,4733,48840,4,10007
1292,7,0,18,7,47314080,4733,48840,4,10014
1293,7,0,14,11,47372580,4733,48840,4,10021
1294,7,0,14,11,47403420,4733,48840,4,10028
1295,6,0,13,12,47440800,4734,48840,4,10034
1296,3,0,11,14,47463840,4734,48840,4,10037
1297,6,0,12,13,47492040,4734,48840,4,10043
1298,3,0,12,13,47509620,4734,48840,4,10046
1299,1,0,10,15,47526420,4735,48840,4,10047
1300,4,0,12,13,47543820,4735,48840,4,10051
1301,10,0,17,8,47577240,4736,48840,4,10061
1302,6,0,15,10,47620020,4737,48840,4,10067
1303,13,0,16,9,47660520,4735,48840,4,10080
1304,9,0,17,8,47696760,4735,48840,4,10089
1305,8,0,16,9,47739300,4735,48840,4,10097
1306,5,0,15,10,47765160,4735,48840,4,10102
1307,9,0,16,9,47798820,4734,48840,4,10111
1308,9,0,18,7,47835600,4735,48840,4,10120
1309,15,1,25,0,47871780,4735,48840,4,10135
1310,12,0,23,2,47946360,4735,49560,4,10147
1311,7,0,17,8,48009120,4736,49560,4,10154
1312,8,0,14,11,48072600,4737,49560,4,10162
1313,8,0,16,9,48093840,4736,49560,4,10170
1314,6,0,14,11,48135360,4736,49560,4,10176
1315,8,0,17,8,48167220,4737,49560,4,10184
1316,5,0,13,12,48210360,4737,49560,4,10189
1317,6,0,11,14,48249960,4737,49560,4,10195
1318,5,0,11,14,48276660,4738,49560,4,10200
1319,9,0,15,10,48295980,4737,49560,4,10209
1320,6,0,12,13,48332520,4737,49560,4,10215
1321,11,0,17,8,48359160,4736,49560,4,10226
1322,8,0,17,8,48399720,4737,49560,4,10234
1323,5,0,11,14,48455700,4737,49560,4,10239
1324,5,0,11,14,48476640,4737,49560,4,10244
1325,9,0,15,10,48503040,4737,49560,4,10253
1326,9,0,18,7,48531960,4737,49560,4,10262
1327,10,0,18,7,48573180,4736,49560,4,10272
1328,5,0,12,13,48638820,4738,49560,4,10277
1329,8,0,14,11,48664080,4738,49560,4,10285
1330,10,0,20,5,48673920,4737,49560,4,10295
1331,7,0,19,6,48724680,4738,49560,4,10302
1332,10,0,17,8,48783840,4738,49560,4,10312
1333,7,0,17,8,48829860,4739,49560,4,10319
1334,10,0,16,9,48880980,4739,49560,4,10329
1335,13,0,18,7,48926820,4739,49560,4,10342
1336,15,0,24,1,48955260,4737,50520,4,10357
1337,11,2,25,0,49003440,4738,56040,5,10368
1338,20,6,25,0,49087980,4739,66420,6,10388
1339,7,0,24,1,49165260,4740,82080,7,10395
1340,10,0,18,7,49239240,4740,82080,7,10405
1341,6,0,15,10,49273140,4739,82080,7,10411
1342,7,0,13,12,49319100,4739,82080,7,10418
1343,7,0,16,9,49337280,4739,82080,7,10425
1344,2,0,9,16,49395060,4741,82080,7,10427
1345,5,0,13,12,49397640,4741,82080,7,10432
1346,5,0,15,10,49411500,4741,82080,7,10437
1347,2,0,13,12,49434720,4741,82080,7,10439
1348,8,0,18,7,49452060,4741,82080,7,10447
1349,7,0,21,4,49471920,4741,82080,7,10454
1350,7,0,20,5,49513440,4742,82080,7,10461
1351,11,0,23,2,49562760,4743,82080,7,10472
1352,6,0,18,7,49623660,4744,82080,7,10478
1353,6,0,16,9,49658940,4743,82080,7,10484
1354,9,0,16,9,49689120,4742,82080,7,10493
1355,11,0,22,3,49714140,4742,82080,7,10504
1356,12,0,23,2,49764960,4742,82320,7,10516
1357,16,2,25,0,49808100,4741,83220,7,10532
1358,12,0,25,0,49874880,4741,89220,8,10544
1359,9,0,23,2,49922160,4740,89220,8,10553
1360,8,0,22,3,49977420,4742,89220,8,10561
1361,9,0,21,4,50033400,4742,89220,8,10570
1362,13,0,21,4,50087100,4742,89220,8,10583
1363,10,0,21,4,50125860,4741,89220,8,10593
1364,9,0,20,5,50176200,4741,89220,8,10602
1365,9,0,19,6,50230800,4742,89220,8,10611
1366,12,0,20,5,50272740,4741,89220,8,10623
1367,7,0,18,7,50313600,4741,89220,8,10630
1368,3,0,14,11,50338980,4740,89220,8,10633
1369,3,0,12,13,50366400,4740,89220,8,10636
1370,4,0,11,14,50379720,4739,89220,8,10640
1371,6,0,15,10,50383920,4739,89220,8,10646
1372,6,0,14,11,50414940,4739,89220,8,10652
1373,8,0,19,6,50430660,4739,89220,8,10660
1374,9,0,19,6,50474220,4739,89220,8,10669
1375,12,0,23,2,50508540,4739,90660,8,10681
1376,10,0,21,4,50572500,4739,90660,8,10691
1377,7,0,20,5,50609940,4739,90660,8,10698
1378,9,0,21,4,50639940,4738,90660,8,10707
1379,7,0,20,5,50691000,4740,90660,8,10714
1380,12,0,20,5,50748360,4740,90660,8,10726
1381,5,0,18,7,50784420,4740,90660,8,10731
1382,5,0,20,5,50801940,4740,90660,8,10736
1383,11,0,19,6,50867940,4741,90660,8,10747
1384,6,0,19,6,50891400,4741,90660,8,10753
1385,5,0,15,10,50941560,4741,90660,8,10758
1386,6,0,15,10,50968200,4741,90660,8,10764
1387,10,0,22,3,50976060,4741,90660,8,10774
1388,6,0,16,9,51034500,4741,90660,8,10780
1389,3,0,14,11,51059340,4741,90660,8,10783
1390,7,0,14,11,51091860,4741,90660,8,10790
1391,5,0,16,9,51104520,4741,90660,8,10795
1392,3,0,12,13,51136080,4740,90660,8,10798
1393,7,0,14,11,51158580,4740,90660,8,10805
1394,2,0,13,12,51170580,4740,90660,8,10807
1395,7,0,15,10,51196680,4740,90660,8,10814
1396,6,0,19,6,51206820,4740,90660,8,10820
1397,5,0,17,8,51238920,4740,90660,8,10825
1398,8,0,19,6,51268860,4740,90660,8,10833
1399,3,0,14,11,51316200,4741,90660,8,10836
1400,4,0,14,11,51342660,4742,90660,8,10840
1401,8,0,15,10,51364260,4741,90660,8,10848
1402,5,0,12,13,51387840,4740,90660,8,10853
1403,4,0,13,12,51402960,4740,90660,8,10857
1404,9,0,17,8,51427020,4740,90660,8,10866
1405,8,0,19,6,51450060,4739,90660,8,10874
1406,15,0,23,2,51502080,4739,90660,8,10889
1407,7,0,18,7,51546660,4738,90660,8,10896
1408,10,0,19,6,51586800,4738,90660,8,10906
1409,6,0,16,9,51616980,4737,90660,8,10912
1410,9,0,20,5,51642840,4737,90660,8,10921
1411,8,0,19,6,51678780,4736,90660,8,10929
1412,12,0,23,2,51717720,4736,90660,8,10941
1413,7,0,19,6,51770340,4736,90840,8,10948
1414,5,0,16,9,51814140,4737,90840,8,10953
1415,4,0,14,11,51846300,4737,90840,8,10957
1416,6,0,16,9,51865740,4737,90840,8,10963
1417,5,0,13,12,51899820,4737,90840,8,10968
1418,8,0,17,8,51925320,4738,90840,8,10976
1419,7,0,18,7,51949740,4737,90840,8,10983
1420,3,0,13,12,51989640,4737,90840,8,10986
1421,11,0,19,6,52005300,4737,90840,8,10997
1422,5,0,16,9,52048380,4737,90840,8,11002
1423,4,0,11,14,52086240,4737,90840,8,11006
1424,4,0,12,13,52099740,4737,90840,8,11010
1425,9,0,15,10,52114560,4735,90840,8,11019
1426,8,0,17,8,52136940,4735,90840,8,11027
1427,13,0,23,2,52170540,4735,90840,8,11040
1428,14,4,25,0,52204560,4735,94560,8,11054
1429,17,8,25,0,52286160,4736,103260,9,11071
1430,5,3,25,0,52336860,4737,142860,12,11076
1431,8,0,20,5,52410300,4737,167880,15,11084
1432,19,4,25,0,52452480,4736,167880,15,11103
1433,13,8,25,0,52495860,4736,175260,15,11116
1434,6,0,25,0,52571700,4737,211620,19,11122
1435,5,0,14,11,52643400,4737,212040,19,11127
1436,5,0,16,9,52657200,4737,212040,19,11132
1437,8,0,19,6,52684440,4737,212040,19,11140
1438,6,0,16,9,52728420,4737,212040,19,11146
1439,7,0,18,7,52756980,4737,212040,19,11153
1440,5,0,15,10,52803780,4738,212040,19,11158
1441,4,0,12,13,52832100,4738,212040,18,11162
1442,4,0,12,13,52848240,4738,212040,18,11166
1443,5,0,13,12,52863660,4737,212040,18,11171
1444,9,0,19,6,52878540,4737,212040,18,11180
1445,6,0,19,6,52905420,4737,212040,18,11186
1446,11,0,19,6,52944420,4736,212040,18,11197
1447,10,0,22,3,52982040,4736,212040,18,11207
1448,10,0,20,5,53041800,4737,212040,18,11217
1449,10,0,22,3,53079960,4737,212040,18,11227
1450,10,0,21,4,53124480,4736,214260,19,11237
1451,7,0,16,9,53190480,4737,214260,19,11244
1452,6,0,15,10,53216700,4736,214260,19,11250
1453,11,0,20,5,53241780,4736,214260,19,11261
1454,17,5,25,0,53274480,4736,216600,19,11278
1455,8,2,25,0,53342520,4737,237840,21,11286
1456,7,0,20,5,53410620,4737,248100,21,11293
1457,9,0,20,5,53448300,4737,248100,21,11302
1458,5,0,19,6,53484480,4738,248100,21,11307
1459,8,0,19,6,53524260,4738,248100,21,11315
1460,10,0,22,3,53575800,4739,248100,21,11325
1461,7,0,16,9,53639640,4740,248100,21,11332
1462,7,0,20,5,53647920,4739,248100,21,11339
1463,8,0,15,10,53713020,4739,248100,21,11347
1464,4,0,13,12,53729640,4738,248100,21,11351
1465,6,0,16,9,53746020,4739,248100,21,11357
1466,9,0,17,8,53777160,4738,248100,21,11366
1467,9,0,20,5,53807400,4738,248100,21,11375
1468,7,0,16,9,53863500,4739,248100,21,11382
1469,2,0,13,12,53890440,4739,248100,21,11384
1470,6,0,16,9,53905980,4739,248100,21,11390
1471,11,0,19,6,53943120,4739,248100,21,11401
1472,9,1,25,0,53950500,4739,248100,21,11410
1473,8,0,18,7,54029940,4739,249240,21,11418
1474,14,0,22,3,54068700,4738,249240,21,11432
1475,8,0,21,4,54113280,4738,250020,21,11440
1476,12,0,21,4,54176880,4739,250020,21,11452
1477,6,0,19,6,54208320,4738,250020,21,11458
1478,7,0,18,7,54253320,4739,250020,21,11465
1479,14,0,23,2,54293220,4739,250020,21,11479
1480,9,0,25,0,54324300,4739,250020,21,11488
1481,13,4,25,0,54362460,4738,252660,21,11501
1482,3,0,20,5,54443640,4740,256020,22,11504
1483,7,0,16,9,54496320,4740,256020,22,11511
1484,6,0,17,8,54512940,4740,256020,22,11517
1485,5,0,15,10,54557160,4741,256020,22,11522
1486,9,0,20,5,54577440,4741,256020,22,11531
1487,7,0,19,6,54613380,4741,256020,22,11538
1488,6,0,18,7,54646620,4741,256020,22,11544
1489,3,0,14,11,54685560,4741,256020,22,11547
1490,5,0,15,10,54711540,4742,256020,22,11552
1491,2,0,14,11,54728340,4742,256020,22,11554
1492,11,0,15,10,54767160,4741,256020,22,11565
1493,6,0,17,8,54779100,4741,256020,22,11571
1494,3,0,14,11,54817260,4741,256020,22,11574
1495,11,0,19,6,54843480,4741,256020,22,11585
1496,13,0,24,1,54867960,4740,256020,22,11598
1497,8,0,25,0,54909660,4741,257940,22,11606
1498,10,0,21,4,54985800,4742,258060,22,11616
1499,9,0,24,1,55023420,4742,258060,22,11625
1500,13,1,25,0,55082940,4743,259380,22,11638
1501,12,2,25,0,55139640,4744,262140,22,11650
1502,6,0,20,5,55200960,4743,264420,22,11656
1503,14,0,25,0,55245840,4744,264420,22,11670
1504,7,0,21,4,55307760,4745,266820,22,11677
1505,10,0,20,5,55364880,4745,266820,22,11687
1506,11,0,20,5,55415100,4745,266820,22,11698
1507,1,0,12,13,55468200,4746,266820,22,11699
1508,4,0,10,15,55495320,4746,266820,22,11703
1509,5,0,13,12,55502940,4745,266820,22,11708
1510,7,0,16,9,55519140,4745,266820,22,11715
1511,12,0,22,3,55537320,4744,266820,22,11727
1512,13,5,25,0,55568760,4745,270960,23,11740
1513,7,0,21,4,55653480,4746,294660,25,11747
1514,1,0,12,13,55704060,4746,294660,25,11748
1515,5,0,14,11,55717800,4746,294660,25,11753
1516,7,0,19,6,55731360,4746,294660,25,11760
1517,5,0,18,7,55762620,4746,294660,25,11765
1518,13,0,22,3,55809120,4747,294660,25,11778
1519,10,0,21,4,55860060,4747,296280,25,11788
1520,8,0,19,6,55906500,4747,296280,25,11796
1521,7,0,20,5,55938840,4747,296280,25,11803
1522,9,0,19,6,55998420,4748,296280,25,11812
1523,11,0,22,3,56036760,4748,296400,25,11823
1524,10,0,23,2,56082180,4748,296400,25,11833
1525,10,0,24,1,56118300,4748,296400,25,11843
1526,12,0,21,4,56197680,4748,296400,25,11855
1527,6,0,22,3,56219400,4748,296400,24,11861
1528,6,0,17,8,56280360,4749,296400,24,11867
1529,7,0,14,11,56325660,4749,296400,24,11874
1530,12,0,20,5,56349360,4748,296400,24,11886
1531,12,2,25,0,56362800,4747,296400,24,11898
1532,8,0,21,4,56429220,4747,296760,24,11906
1533,5,0,17,8,56478720,4748,296760,24,11911
1534,2,0,12,13,56513700,4748,296760,24,11913
1535,9,0,18,7,56524740,4748,296760,24,11922
1536,12,0,24,1,56556480,4748,297000,24,11934
1537,7,0,21,4,56612340,4749,297000,24,11941
1538,7,0,19,6,56656020,4749,297000,24,11948
1539,9,0,19,6,56702340,4749,297000,24,11957
1540,9,0,20,5,56742960,4749,297000,24,11966
1541,7,0,20,5,56786040,4750,297000,24,11973
1542,11,0,23,2,56834040,4751,297000,24,11984
1543,9,0,20,5,56885460,4751,297000,24,11993
1544,11,0,22,3,56922000,4750,297000,24,12004
1545,17,5,25,0,56972460,4751,304200,25,12021
1546,9,3,25,0,57026160,4751,315900,26,12030
1547,7,0,19,6,57093300,4750,330300,27,12037
1548,11,0,21,4,57138840,4750,330300,27,12048
1549,11,0,23,2,57177240,4750,330300,27,12059
1550,15,0,23,2,57239220,4749,330540,27,12074
1551,8,0,21,4,57289980,4750,330540,27,12082
1552,12,0,22,3,57343260,4750,330540,27,12094
1553,9,0,24,1,57377700,4750,330540,27,12103
1554,5,0,20,5,57430380,4751,330840,27,12108
1555,11,0,21,4,57478800,4751,330840,27,12119
1556,10,0,22,3,57533340,4752,330840,27,12129
1557,3,0,17,8,57583260,4753,330840,27,12132
1558,7,0,15,10,57632160,4753,330840,27,12139
1559,7,0,17,8,57643980,4752,330840,27,12146
1560,6,0,17,8,57673200,4752,330840,27,12152
1561,2,0,14,11,57703080,4753,330840,27,12154
1562,9,0,16,9,57742500,4753,330840,27,12163
1563,8,0,21,4,57756720,4753,330840,27,12171
1564,3,0,14,11,57808500,4753,330840,27,12174
1565,8,0,15,10,57842280,4754,330840,27,12182
1566,6,0,17,8,57861480,4754,330840,27,12188
1567,14,3,25,0,57879840,4754,330840,27,12202
1568,8,0,25,0,57931320,4754,338940,27,12210
1569,10,0,20,5,57997380,4753,339120,27,12220
1570,8,0,20,5,58037100,4754,339120,27,12228
1571,11,0,20,5,58091760,4754,339120,27,12239
1572,7,0,21,4,58120320,4754,339120,27,12246
1573,14,0,25,0,58164960,4753,339120,27,12260
1574,12,0,24,1,58223280,4753,343140,27,12272
1575,10,0,20,5,58285080,4753,344100,28,12282
1576,7,0,20,5,58315200,4753,344100,28,12289
1577,11,0,20,5,58379940,4754,344100,27,12300
1578,8,0,17,8,58427100,4753,344100,27,12308
1579,4,0,14,11,58464840,4754,344100,27,12312
1580,11,0,20,5,58490220,4754,344100,27,12323
1581,8,0,16,9,58527720,4752,344100,27,12331
1582,4,0,14,11,58557000,4752,344100,27,12335
1583,8,0,16,9,58584480,4752,344100,27,12343
1584,7,0,17,8,58610160,4752,344100,27,12350
1585,7,0,16,9,58651200,4752,344100,27,12357
1586,2,0,14,11,58672260,4752,344100,27,12359
1587,5,0,14,11,58703340,4753,344100,27,12364
1588,7,0,17,8,58716960,4752,344100,27,12371
1589,8,0,18,7,58744740,4752,344100,27,12379
1590,5,0,16,9,58769820,4751,344100,27,12384
1591,16,0,23,2,58807500,4751,344100,27,12400
1592,5,0,19,6,58843680,4750,344100,27,12405
1593,6,0,21,4,58865160,4751,344100,27,12411
1594,9,0,17,8,58941180,4752,344100,27,12420
1595,8,0,21,4,58961160,4752,344100,27,12428
1596,9,0,23,2,58988400,4751,344100,27,12437
1597,8,0,21,4,59040240,4752,344100,27,12445
1598,13,0,24,1,59090280,4752,344100,27,12458
1599,11,0,25,0,59136960,4752,344280,27,12469
1600,9,0,24,1,59192760,4752,347340,27,12478
1601,7,0,15,10,59273400,4753,347340,27,12485
1602,5,0,14,11,59301840,4753,347340,27,12490
1603,9,0,18,7,59319300,4752,347340,27,12499
1604,7,0,18,7,59357040,4753,347340,27,12506
1605,4,0,17,8,59381820,4753,347340,27,12510
1606,4,0,13,12,59422200,4753,347340,27,12514
1607,6,0,17,8,59438040,4753,347340,27,12520
1608,8,0,21,4,59463720,4754,347340,27,12528
1609,4,0,17,8,59511780,4755,347340,27,12532
1610,6,0,17,8,59546820,4755,347340,27,12538
1611,8,0,18,7,59580300,4755,347340,27,12546
1612,8,0,17,8,59622120,4755,347340,27,12554
1613,2,0,13,12,59649240,4755,347340,27,12556
1614,11,0,19,6,59677800,4755,347340,27,12567
1615,4,0,16,9,59707020,4755,347340,27,12571
1616,4,0,13,12,59735940,4755,347340,27,12575
1617,5,0,14,11,59757120,4755,347340,27,12580
1618,12,0,22,3,59772420,4755,347340,27,12592
1619,6,0,22,3,59796720,4754,347340,27,12598
1620,14,1,25,0,59849940,4755,347340,27,12612
1621,7,0,23,2,59904240,4755,348780,27,12619
1622,9,0,19,6,59972460,4756,348780,27,12628
1623,10,0,25,0,59993280,4756,348780,27,12638
1624,7,0,19,6,60061320,4756,349440,27,12645
1625,10,0,17,8,60122940,4757,349440,27,12655
1626,11,0,23,2,60136260,4756,349440,27,12666
1627,5,0,17,8,60192600,4756,349440,27,12671
1628,9,0,18,7,60235560,4757,349440,27,12680
1629,8,0,22,3,60258600,4757,349440,27,12688
1630,8,0,19,6,60312480,4757,349440,27,12696
1631,3,0,15,10,60354180,4758,349440,27,12699
1632,3,0,12,13,60391860,4759,349440,27,12702
1633,6,0,14,11,60408960,4758,349440,27,12708
1634,9,0,18,7,60425100,4758,349440,27,12717
1635,1,0,14,11,60453360,4758,349440,27,12718
1636,5,0,14,11,60486900,4759,349440,27,12723
1637,8,0,20,5,60496740,4759,349440,27,12731
1638,8,0,21,4,60530820,4759,349440,27,12739
1639,6,0,18,7,60574860,4759,349440,27,12745
1640,12,0,21,4,60616500,4759,349440,27,12757
1641,7,0,19,6,60659940,4759,349440,27,12764
1642,11,0,19,6,60703020,4758,349440,27,12775
1643,12,0,21,4,60739020,4757,349440,27,12787
1644,12,0,20,5,60782760,4756,349440,27,12799
1645,12,0,24,1,60824400,4756,349440,27,12811
1646,16,7,25,0,60881220,4758,355800,27,12827
1647,11,10,25,0,60927720,4758,364140,28,12838
1648,9,6,25,0,61011300,4760,398880,31,12847
1649,7,0,21,4,61069920,4758,445200,34,12854
1650,4,0,15,10,61121220,4759,445200,34,12858
1651,12,0,21,4,61157280,4759,445200,34,12870
1652,4,0,15,10,61201560,4759,445200,34,12874
1653,10,0,19,6,61222380,4758,445200,34,12884
1654,7,0,19,6,61251720,4758,445200,34,12891
1655,6,0,16,9,61295460,4758,445200,34,12897
1656,7,0,17,8,61321920,4758,445200,34,12904
1657,5,0,18,7,61339500,4758,445200,34,12909
1658,4,0,11,14,61396620,4758,445200,34,12913
1659,11,0,20,5,61400640,4758,445200,34,12924
1660,6,0,18,7,61436460,4758,445200,34,12930
1661,6,0,15,10,61487160,4758,445200,34,12936
1662,7,0,17,8,61504020,4758,445200,34,12943
1663,3,0,12,13,61539060,4757,445200,34,12946
1664,7,0,16,9,61555920,4758,445200,34,12953
1665,11,0,24,1,61568820,4758,445200,34,12964
1666,9,0,21,4,61621920,4757,445200,34,12973
1667,9,0,19,6,61665840,4757,445200,34,12982
1668,13,0,21,4,61717620,4757,445200,34,12995
1669,5,0,15,10,61764000,4756,445200,34,13000
1670,7,0,17,8,61787460,4756,445200,34,13007
1671,7,0,18,7,61809180,4756,445200,34,13014
1672,7,0,17,8,61851420,4756,445200,34,13021
1673,7,0,16,9,61885500,4756,445200,34,13028
1674,11,0,21,4,61912920,4755,445200,34,13039
1675,9,0,20,5,61952640,4755,445200,34,13048
1676,9,0,22,3,61990680,4755,445200,34,13057
1677,7,0,17,8,62046540,4755,445200,34,13064
1678,8,0,17,8,62086500,4755,445200,34,13072
1679,10,0,21,4,62121780,4756,445200,34,13082
1680,5,0,18,7,62158020,4756,445200,34,13087
1681,8,0,18,7,62205240,4756,445200,33,13095
1682,6,0,16,9,62247120,4757,445200,33,13101
1683,6,0,16,9,62272560,4756,445200,33,13107
1684,7,0,21,4,62282760,4756,445200,33,13114
1685,4,0,16,9,62333760,4757,445200,33,13118
1686,10,0,20,5,62358960,4757,445200,33,13128
1687,5,0,13,12,62412720,4757,445200,33,13133
1688,7,0,15,10,62437440,4757,445200,33,13140
1689,3,0,11,14,62471700,4757,445200,33,13143
1690,13,0,23,2,62474940,4757,445200,33,13156
1691,5,0,19,6,62511360,4756,445200,33,13161
1692,11,0,22,3,62560320,4757,445200,33,13172
1693,8,0,22,3,62598060,4757,445200,33,13180
1694,9,0,20,5,62655000,4757,445200,33,13189
1695,6,0,16,9,62703420,4757,445200,33,13195
1696,8,0,18,7,62727600,4757,445200,33,13203
1697,11,0,23,2,62762640,4757,445200,33,13214
1698,13,2,25,0,62811240,4758,447360,33,13227
1699,8,0,24,1,62866980,4758,449640,33,13235
1700,9,0,24,1,62919780,4759,449640,33,13244
1701,7,0,20,5,62978040,4759,449640,33,13251
1702,6,0,17,8,63030240,4760,449640,33,13257
1703,3,0,12,13,63062340,4760,449640,33,13260
1704,6,0,11,14,63089100,4759,449640,33,13266
1705,7,0,14,11,63099240,4758,449640,33,13273
1706,5,0,15,10,63118500,4758,449640,33,13278
1707,6,0,15,10,63140220,4758,449640,33,13284
1708,3,0,14,11,63164700,4758,449640,33,13287
1709,9,0,18,7,63184320,4758,449640,33,13296
1710,5,0,16,9,63219960,4758,449640,33,13301
1711,13,0,20,5,63259560,4758,449640,33,13314
1712,7,0,20,5,63283500,4757,449640,33,13321
1713,5,0,12,13,63346800,4757,449640,33,13326
1714,9,0,19,6,63355740,4757,449640,33,13335
1715,8,0,19,6,63389460,4757,449640,33,13343
1716,14,2,25,0,63411120,4757,449640,33,13357
1717,10,0,23,2,63474120,4756,450060,33,13367
1718,14,3,25,0,63517380,4756,450600,33,13381
1719,7,2,25,0,63561480,4757,455880,34,13388
1720,11,0,22,3,63635880,4757,458040,34,13399
1721,7,0,20,5,63690720,4758,458040,34,13406
1722,8,0,19,6,63724080,4757,458040,34,13414
1723,7,0,18,7,63768360,4757,458040,34,13421
1724,7,0,19,6,63801060,4758,458040,34,13428
1725,4,0,15,10,63836940,4757,458040,34,13432
1726,3,0,11,14,63876900,4758,458040,34,13435
1727,9,0,18,7,63885180,4758,458040,34,13444
1728,7,0,18,7,63915840,4758,458040,34,13451
1729,3,0,11,14,63960720,4757,458040,34,13454
1730,0,0,8,17,63974340,4757,458040,34,13454
1731,7,0,14,11,63976500,4757,458040,34,13461
1732,3,0,15,10,63980520,4757,458040,34,13464
1733,6,0,16,9,64008120,4757,458040,34,13470
1734,4,0,17,8,64023780,4757,458040,33,13474
1735,7,0,17,8,64062840,4758,458040,33,13481
1736,8,0,18,7,64096980,4758,458040,33,13489
1737,17,2,25,0,64126980,4757,458520,33,13506
1738,8,0,23,2,64187160,4757,465000,34,13514
1739,17,4,25,0,64245060,4758,466380,34,13531
1740,10,3,25,0,64298700,4758,477300,35,13541
1741,13,6,25,0,64348500,4758,483480,35,13554
1742,7,1,25,0,64422120,4759,505260,37,13561
1743,11,0,20,5,64495920,4759,505440,37,13572
1744,10,0,22,3,64531500,4758,505440,37,13582
1745,10,0,21,4,64583880,4758,505440,37,13592
1746,10,0,20,5,64635780,4758,505440,37,13602
1747,8,0,21,4,64664100,4758,505440,37,13610
1748,10,0,21,4,64723740,4759,505440,37,13620
1749,5,0,17,8,64767300,4759,505440,37,13625
1750,4,0,13,12,64815600,4760,505440,37,13629
1751,4,0,14,11,64834140,4760,505440,37,13633
1752,5,0,15,10,64852980,4760,505440,37,13638
1753,6,0,15,10,64876380,4760,505440,37,13644
1754,7,0,16,9,64900500,4759,505440,37,13651
1755,7,0,16,9,64937280,4760,505440,37,13658
1756,4,0,16,9,64956420,4760,505440,36,13662
1757,5,0,13,12,64991940,4759,505440,36,13667
1758,6,0,15,10,65002740,4759,505440,36,13673
1759,11,0,17,8,65043540,4759,505440,36,13684
1760,9,0,23,2,65057580,4759,505440,36,13693
1761,9,0,24,1,65091600,4758,505440,36,13702
1762,8,0,19,6,65157960,4759,505440,36,13710
1763,8,0,20,5,65186220,4758,505440,36,13718
1764,13,1,25,0,65229540,4759,505440,36,13731
1765,9,0,25,0,65268540,4758,507240,36,13740
1766,6,0,17,8,65344680,4759,507240,36,13746
1767,9,0,19,6,65380140,4759,507240,36,13755
1768,12,0,22,3,65417580,4759,507240,36,13767
1769,8,0,19,6,65464860,4759,507240,36,13775
1770,12,0,20,5,65511840,4758,507240,36,13787
1771,4,0,17,8,65547600,4758,507240,36,13791
1772,1,0,12,13,65581440,4759,507240,36,13792
1773,3,0,11,14,65604780,4759,507240,36,13795
1774,5,0,15,10,65609640,4759,507240,36,13800
1775,4,0,15,10,65629980,4759,507240,36,13804
1776,2,0,11,14,65660040,4759,507240,36,13806
1777,10,0,17,8,65671500,4759,507240,36,13816
1778,6,0,16,9,65698380,4758,507240,36,13822
1779,4,0,13,12,65725680,4758,507240,36,13826
1780,4,0,14,11,65737140,4758,507240,36,13830
1781,3,0,12,13,65762520,4758,507240,36,13833
1782,7,0,15,10,65776740,4757,507240,36,13840
1783,2,0,14,11,65793180,4757,507240,36,13842
1784,7,0,14,11,65827320,4758,507240,36,13849
1785,11,0,20,5,65850780,4758,507240,36,13860
1786,6,0,17,8,65887320,4757,507240,36,13866
1787,14,0,24,1,65923500,4757,507240,36,13880
1788,9,0,25,0,65965980,4758,507240,36,13889
1789,14,4,25,0,66019560,4758,511140,36,13903
1790,12,7,25,0,66063600,4758,520260,37,13915
1791,14,10,25,0,66130800,4759,528960,37,13929
1792,9,4,25,0,66218040,4760,554880,39,13938
1793,12,2,25,0,66279900,4760,591720,42,13950
1794,13,1,25,0,66324840,4758,609840,43,13963
1795,9,0,23,2,66391260,4759,609960,43,13972
1796,6,0,20,5,66438060,4759,609960,43,13978
1797,3,0,14,11,66488400,4760,609960,43,13981
1798,4,0,13,12,66509400,4760,609960,43,13985
1799,4,0,12,13,66531900,4760,609960,43,13989
1800,5,0,16,9,66538260,4760,609960,43,13994
1801,4,0,16,9,66557040,4760,609960,43,13998
1802,6,0,18,7,66576060,4760,609960,43,14004
1803,7,0,18,7,66622200,4761,609960,43,14011
1804,7,0,18,7,66649440,4760,609960,43,14018
1805,7,0,17,8,66688500,4760,609960,43,14025
1806,12,0,20,5,66724440,4760,609960,43,14037
1807,4,0,15,10,66771060,4760,609960,43,14041
1808,7,0,18,7,66792060,4760,609960,43,14048
1809,8,0,17,8,66830220,4760,609960,43,14056
1810,7,0,18,7,66860640,4760,609960,43,14063
1811,10,0,20,5,66896400,4760,609960,43,14073
1812,9,0,23,2,66921120,4760,609960,43,14082
1813,16,6,25,0,66973320,4761,611280,43,14098
1814,10,7,25,0,67023000,4761,620700,43,14108
1815,14,8,25,0,67096080,4762,641160,45,14122
1816,10,4,25,0,67160400,4762,663480,46,14132
1817,6,0,20,5,67213380,4760,695040,49,14138
1818,4,0,14,11,67265880,4761,695040,49,14142
1819,4,0,13,12,67289340,4761,695040,49,14146
1820,4,0,15,10,67300500,4761,695040,49,14150
1821,1,0,12,13,67327500,4761,695040,49,14151
1822,5,0,13,12,67346640,4761,695040,49,14156
1823,3,0,12,13,67362660,4761,695040,49,14159
1824,4,0,13,12,67374300,4761,695040,49,14163
1825,3,0,13,12,67385160,4761,695040,49,14166
1826,4,0,11,14,67412340,4761,695040,49,14170
1827,1,0,9,16,67427340,4761,695040,49,14171
1828,3,0,11,14,67430460,4761,695040,49,14174
1829,6,0,17,8,67430460,4761,695040,49,14180
1830,7,0,17,8,67457640,4760,695040,48,14187
1831,11,0,20,5,67493760,4760,695040,48,14198
1832,9,0,19,6,67540500,4760,695580,48,14207
1833,11,0,19,6,67601340,4760,695580,48,14218
1834,13,0,25,0,67628100,4760,695580,48,14231
1835,7,0,19,6,67691820,4760,695580,48,14238
1836,9,0,21,4,67729320,4760,695580,48,14247
1837,6,0,19,6,67772580,4761,695580,48,14253
1838,10,0,18,7,67824180,4761,695580,48,14263
1839,10,0,22,3,67849140,4761,695580,48,14273
1840,11,0,21,4,67907520,4761,695580,48,14284
1841,9,0,20,5,67949040,4760,695580,48,14293
1842,9,0,19,6,67997640,4760,695580,48,14302
1843,5,0,16,9,68035620,4760,695580,48,14307
1844,7,0,18,7,68062800,4760,695580,48,14314
1845,9,0,20,5,68092560,4760,695580,48,14323
1846,5,0,16,9,68143020,4761,695580,48,14328
1847,3,0,15,10,68166540,4761,695580,48,14331
1848,4,0,12,13,68200920,4761,695580,48,14335
1849,8,0,17,8,68211360,4761,695580,48,14343
1850,6,0,16,9,68240460,4761,695580,48,14349
1851,12,0,20,5,68268000,4760,695580,48,14361
1852,2,0,14,11,68303700,4760,695580,48,14363
1853,4,0,14,11,68327460,4760,695580,48,14367
1854,5,0,15,10,68351100,4760,695580,48,14372
1855,4,0,15,10,68368980,4760,695580,48,14376
1856,8,0,19,6,68393160,4761,695580,48,14384
1857,7,0,19,6,68424180,4760,695580,48,14391
1858,13,0,22,3,68483340,4761,695580,48,14404
1859,10,0,25,0,68520420,4762,698520,48,14414
1860,8,0,16,9,68597040,4761,698520,48,14422
1861,12,0,22,3,68619240,4761,698520,48,14434
1862,16,5,25,0,68655120,4761,698640,48,14450
1863,5,0,24,1,68713140,4761,714960,49,14455
1864,11,0,23,2,68772060,4761,714960,49,14466
1865,13,2,25,0,68824140,4762,721680,49,14479
1866,8,0,19,6,68896920,4762,725580,50,14487
1867,5,0,16,9,68941860,4762,725580,50,14492
1868,12,0,23,2,68964300,4762,725580,50,14504
1869,6,0,21,4,69003720,4762,725580,50,14510
1870,2,0,12,13,69064200,4763,725580,49,14512
1871,8,0,16,9,69088320,4763,725580,49,14520
1872,3,0,16,9,69098280,4763,725580,49,14523
1873,4,0,13,12,69133440,4763,725580,49,14527
1874,4,0,13,12,69157020,4763,725580,49,14531
1875,14,0,21,4,69182580,4763,725580,49,14545
1876,3,0,21,4,69193500,4763,725580,49,14548
1877,7,0,18,7,69256920,4764,725580,49,14555
1878,9,0,20,5,69288000,4764,725580,49,14564
1879,14,1,25,0,69328800,4764,726060,49,14578
1880,11,2,25,0,69387840,4764,732480,50,14589
1881,6,0,22,3,69443640,4765,737040,50,14595
1882,8,0,18,7,69511800,4765,737040,50,14603
1883,9,0,20,5,69546480,4766,737040,50,14612
1884,6,0,18,7,69584040,4766,737040,50,14618
1885,11,0,20,5,69632460,4766,737040,50,14629
1886,10,0,21,4,69680520,4766,737040,50,14639
1887,7,0,21,4,69718320,4767,737040,50,14646
1888,8,0,17,8,69774600,4767,737040,50,14654
1889,9,0,19,6,69810720,4767,737040,50,14663
1890,10,0,23,2,69843420,4767,737040,50,14673
1891,6,0,16,9,69898260,4766,737040,50,14679
1892,9,0,16,9,69948240,4767,737040,50,14688
1893,6,0,17,8,69971220,4767,737040,50,14694
1894,5,0,16,9,70001100,4767,737040,50,14699
1895,3,0,14,11,70027560,4767,737040,50,14702
1896,7,0,15,10,70059840,4767,737040,50,14709
1897,2,0,15,10,70071720,4768,737040,50,14711
1898,5,0,14,11,70098840,4767,737040,50,14716
1899,3,0,11,14,70128960,4768,737040,50,14719
1900,1,0,10,15,70140600,4768,737040,50,14720
1901,5,0,12,13,70152720,4768,737040,50,14725
1902,10,0,18,7,70166940,4767,737040,50,14735
1903,4,0,17,8,70189500,4767,737040,50,14739
1904,7,0,17,8,70233000,4768,737040,49,14746
1905,10,0,20,5,70274580,4768,737040,49,14756
1906,12,0,22,3,70310340,4768,740340,50,14768
1907,8,0,21,4,70353420,4768,740340,50,14776
1908,10,0,18,7,70417740,4768,740340,50,14786
1909,9,0,20,5,70446120,4767,740340,50,14795
1910,12,0,24,1,70483200,4767,740340,49,14807
1911,9,0,22,3,70532940,4767,740820,50,14816
1912,14,4,25,0,70576200,4768,741120,49,14830
1913,2,0,19,6,70648440,4769,745320,50,14832
1914,11,0,21,4,70689720,4769,745320,50,14843
1915,7,0,19,6,70746600,4770,745320,50,14850
1916,6,0,15,10,70797240,4770,745320,50,14856
1917,13,0,21,4,70820100,4769,745320,50,14869
1918,5,0,19,6,70846500,4769,745320,50,14874
1919,3,0,15,10,70886280,4769,745320,50,14877
1920,6,0,16,9,70921380,4770,745320,50,14883
1921,5,0,19,6,70929540,4770,745320,50,14888
1922,4,0,14,11,70974060,4770,745320,50,14892
1923,2,0,11,14,70999800,4770,745320,50,14894
1924,4,0,13,12,71013480,4770,745320,50,14898
1925,6,0,16,9,71029560,4770,745320,50,14904
1926,6,0,15,10,71064720,4771,745320,49,14910
1927,8,0,19,6,71080500,4770,745320,49,14918
1928,6,0,18,7,71112840,4770,745320,49,14924
1929,6,0,14,11,71161260,4770,745320,49,14930
1930,7,0,17,8,71170260,4770,745320,49,14937
1931,5,0,15,10,71206380,4770,745320,49,14942
1932,16,0,24,1,71236200,4770,745320,49,14958
1933,16,3,25,0,71279340,4769,747900,49,14974
1934,8,0,21,4,71352240,4769,751440,50,14982
1935,12,0,23,2,71394840,4768,751440,50,14994
1936,11,0,22,3,71444700,4768,751680,50,15005
1937,11,0,21,4,71498460,4768,751680,50,15016
1938,11,0,23,2,71538960,4767,751920,50,15027
1939,11,2,25,0,71578980,4768,753300,50,15038
1940,13,1,25,0,71656920,4769,755040,50,15051
1941,9,0,23,2,71712900,4769,756000,50,15060
1942,11,0,20,5,71772480,4768,756000,50,15071
1943,5,0,16,9,71817720,4768,756000,50,15076
1944,2,0,12,13,71851140,4769,756000,50,15078
1945,5,0,15,10,71870040,4769,756000,50,15083
1946,9,0,18,7,71886660,4768,756000,50,15092
1947,3,0,13,12,71925900,4768,756000,50,15095
1948,9,0,18,7,71946180,4769,756000,50,15104
1949,7,0,18,7,71981820,4769,756000,50,15111
1950,4,0,15,10,72021120,4769,756000,50,15115
1951,10,0,18,7,72046680,4769,756000,49,15125
1952,15,0,23,2,72076920,4767,756000,49,15140
1953,8,0,20,5,72128100,4767,756000,49,15148
1954,12,0,25,0,72157860,4767,756000,49,15160
1955,12,4,25,0,72203160,4768,762000,50,15172
1956,6,0,21,4,72280980,4768,771060,50,15178
1957,15,2,25,0,72331380,4769,771660,50,15193
1958,13,1,25,0,72406560,4769,780660,51,15206
1959,7,0,20,5,72460680,4769,780660,51,15213
1960,16,1,25,0,72512400,4769,781680,51,15229
1961,6,0,18,7,72564840,4768,782040,51,15235
1962,6,0,19,6,72592980,4768,782040,51,15241
1963,2,0,15,10,72630780,4769,782040,51,15243
1964,6,0,15,10,72664080,4769,782040,51,15249
1965,3,0,13,12,72690540,4770,782040,51,15252
1966,7,0,13,12,72715860,4769,782040,51,15259
1967,8,0,16,9,72729960,4768,782040,51,15267
1968,9,0,17,8,72760260,4768,782040,51,15276
1969,1,0,14,11,72781860,4768,782040,51,15277
1970,5,0,13,12,72819360,4769,782040,51,15282
1971,3,0,10,15,72842220,4768,782040,51,15285
1972,4,0,10,15,72859620,4768,782040,51,15289
1973,10,0,17,8,72872160,4768,782040,51,15299
1974,11,0,20,5,72890760,4767,782040,51,15310
1975,11,0,20,5,72941640,4767,782040,51,15321
1976,9,0,24,1,72968760,4767,782040,51,15330
1977,4,0,17,8,73023900,4767,782400,51,15334
1978,8,0,17,8,73071300,4768,782400,50,15342
1979,8,0,20,5,73093020,4767,782400,50,15350
1980,14,0,24,1,73145220,4768,782400,50,15364
1981,11,0,25,0,73183920,4767,786480,51,15375
1982,10,0,22,3,73252740,4768,786900,51,15385
1983,9,0,24,1,73282560,4767,786900,51,15394
1984,13,0,23,2,73354680,4768,786900,51,15407
1985,8,0,23,2,73399560,4768,786900,51,15415
1986,9,0,20,5,73447500,4768,786900,51,15424
1987,10,0,18,7,73503480,4767,786900,50,15434
1988,4,0,17,8,73531080,4768,786900,50,15438
1989,4,0,14,11,73576740,4769,786900,50,15442
1990,6,0,15,10,73602540,4769,786900,50,15448
1991,3,0,12,13,73632000,4769,786900,50,15451
1992,5,0,14,11,73646340,4769,786900,50,15456
1993,5,0,16,9,73661040,4769,786900,50,15461
1994,3,0,16,9,73678920,4769,786900,50,15464
1995,4,0,14,11,73715340,4769,786900,50,15468
1996,9,0,17,8,73746360,4770,786900,50,15477
1997,4,0,15,10,73771920,4769,786900,50,15481
1998,6,0,14,11,73811100,4770,786900,50,15487
1999,5,0,17,8,73823400,4770,786900,50,15492
2000,10,0,22,3,73850580,4770,786900,50,15502
2001,7,0,21,4,73890000,4770,786900,50,15509
2002,5,0,15,10,73940400,4770,786900,50,15514
2003,11,0,22,3,73971120,4771,786900,50,15525
2004,11,0,22,3,74016960,4770,786900,50,15536
2005,5,0,18,7,74066040,4771,786900,50,15541
2006,7,0,19,6,74101380,4771,786900,50,15548
2007,11,0,19,6,74143260,4771,786900,50,15559
2008,8,0,20,5,74174040,4770,786900,50,15567
2009,5,0,16,9,74228760,4771,786900,50,15572
2010,5,0,16,9,74251140,4771,786900,50,15577
2011,4,0,12,13,74288580,4771,786900,50,15581
2012,6,0,15,10,74304480,4771,786900,50,15587
2013,6,0,19,6,74310240,4771,786900,50,15593
2014,4,0,15,10,74348880,4771,786900,50,15597
2015,3,0,12,13,74375640,4771,786900,50,15600
2016,9,0,20,5,74382060,4771,786900,50,15609
2017,4,0,23,2,74385000,4771,786900,50,15613
2018,7,1,25,0,74404920,4771,788940,50,15620
2019,4,1,25,0,74422320,4771,792180,50,15624
2020,8,5,25,0,74446440,4771,795120,50,15632
2021,11,14,25,0,74454720,4771,796140,50,15643
2022,8,18,25,0,74482200,4772,806940,51,15651
2023,10,25,25,0,74501400,4772,811920,51,15661
2024,13,34,25,0,74524320,4772,826740,52,15674
2025,10,39,25,0,74549160,4773,839580,53,15684
2026,13,40,25,0,74571540,4773,862380,54,15697
2027,12,36,25,0,74597880,4774,900060,57,15709
2028,10,40,25,0,74614560,4774,902580,57,15719
2029,12,39,25,0,74637360,4774,910080,57,15731
2030,5,39,25,0,74660520,4775,915360,58,15736
2031,12,40,25,0,74666460,4775,936540,59,15748
2032,10,39,25,0,74706900,4776,1048560,66,15758
2033,6,40,25,0,74720880,4776,1060860,67,15764
2034,7,40,25,0,74745240,4776,1079340,68,15771
2035,9,40,25,0,74765760,4776,1084440,69,15780
2036,7,39,25,0,74793180,4776,1225020,77,15787
2037,4,36,25,0,74819280,4777,1240200,78,15791
2038,8,40,25,0,74829060,4777,1331400,84,15799
2039,8,40,25,0,74849520,4777,1409160,89,15807
2040,7,39,25,0,74878200,4777,1550400,98,15814
2041,8,39,25,0,74900340,4778,1559700,99,15822
2042,2,37,25,0,74921880,4778,1781940,113,15824
2043,7,36,25,0,74949540,4778,1794720,113,15831
2044,8,40,25,0,74957940,4778,1949700,123,15839
2045,6,39,25,0,74989560,4778,2035920,129,15845
2046,8,39,25,0,75006000,4778,2048820,130,15853
2047,9,40,25,0,75018240,4778,2057640,130,15862
2048,11,40,25,0,75043320,4779,2153340,136,15873
2049,7,39,25,0,75069720,4779,2266260,143,15880
2050,7,38,25,0,75094920,4780,2366400,150,15887
2051,8,40,25,0,75113340,4780,2468160,156,15895
2052,8,40,25,0,75126420,4780,2475780,156,15903
2053,9,40,25,0,75156060,4781,2488440,157,15912
2054,14,39,25,0,75178620,4781,2715960,172,15926
2055,12,40,25,0,75199380,4781,2721600,172,15938
2056,7,37,25,0,75231000,4781,2877480,182,15945
2057,12,39,25,0,75245400,4781,2879940,182,15957
2058,13,39,25,0,75266340,4781,2973420,188,15970
2059,12,40,25,0,75278220,4781,3043380,192,15982
2060,7,40,25,0,75300780,4781,3048180,192,15989
2061,9,40,25,0,75331980,4781,3197640,202,15998
2062,4,38,25,0,75356160,4781,3267840,206,16002
2063,4,38,25,0,75372060,4781,3286680,207,16006
2064,4,35,25,0,75401760,4781,3678540,232,16010
2065,3,33,25,0,75420600,4781,3995820,252,16013
2066,2,30,25,0,75443460,4780,4250820,268,16015
2067,8,33,25,0,75456480,4780,4355940,274,16023
2068,4,35,25,0,75470400,4780,4361700,275,16027
2069,4,34,25,0,75501000,4780,4365420,275,16031
2070,4,34,25,0,75522360,4781,4495740,283,16035
2071,6,33,25,0,75553320,4780,5094900,321,16041
2072,12,39,25,0,75568620,4780,5096520,321,16053
2073,9,40,25,0,75580620,4780,5103240,321,16062
2074,7,40,25,0,75604620,4780,5118600,322,16069
2075,7,39,25,0,75635400,4780,5134920,323,16076
2076,16,40,25,0,75654900,4781,5138820,323,16092
2077,7,40,25,0,75670680,4781,5159700,324,16099
2078,6,38,25,0,75694380,4781,5172420,325,16105
2079,14,40,25,0,75708600,4781,5176740,325,16119
2080,16,40,25,0,75739560,4781,5225640,328,16135
2081,6,40,25,0,75756900,4781,5235180,329,16141
2082,13,40,25,0,75775680,4781,5237760,329,16154
2083,9,39,25,0,75806820,4781,5310180,333,16163
2084,6,38,25,0,75828480,4781,5343660,335,16169
2085,9,39,25,0,75852180,4781,5580060,350,16178
2086,5,38,25,0,75876300,4781,5802360,364,16183
2087,6,40,25,0,75884220,4781,5811840,364,16189
2088,2,34,25,0,75920520,4780,6088620,381,16191
2089,6,34,25,0,75935460,4780,6206640,389,16197
2090,3,30,25,0,75958440,4779,6458700,404,16200
2091,4,27,25,0,75984480,4778,7025100,440,16204
2092,3,20,25,0,76002060,4776,8278620,518,16207
2093,8,25,25,0,76010760,4776,8281200,518,16215
2094,4,23,25,0,76048260,4777,8294520,519,16219
2095,5,23,25,0,76060740,4776,8301240,519,16224
2096,7,26,25,0,76085280,4776,8306220,519,16231
2097,9,32,25,0,76101540,4776,8312880,520,16240
2098,11,39,25,0,76126080,4777,8318400,519,16251
2099,13,40,25,0,76148640,4777,8334600,520,16264
2100,12,40,25,0,76163040,4777,8351760,521,16276
2101,11,40,25,0,76188960,4777,8360760,522,16287
2102,14,40,25,0,76215720,4778,8373000,522,16301
2103,14,40,25,0,76226940,4778,8377020,523,16315
2104,6,40,25,0,76257480,4778,8411520,525,16321
2105,7,40,25,0,76278780,4778,8498280,530,16328
2106,7,39,25,0,76303620,4779,8542200,532,16335
2107,9,37,25,0,76327560,4779,8583420,535,16344
2108,8,38,25,0,76351260,4779,8588460,535,16352
2109,6,40,25,0,76360860,4779,8589600,535,16358
2110,3,38,25,0,76385820,4779,8639340,538,16361
2111,8,40,25,0,76410780,4779,8669100,540,16369
2112,3,37,25,0,76431960,4779,8728680,543,16372
2113,11,40,25,0,76451760,4779,8731260,543,16383
2114,5,40,25,0,76473780,4779,8776500,546,16388
2115,3,36,25,0,76499160,4778,8955180,557,16391
2116,7,36,25,0,76527120,4778,9006420,560,16398
2117,6,37,25,0,76542480,4777,9080100,564,16404
2118,4,36,25,0,76564620,4777,9091440,565,16408
2119,6,37,25,0,76587660,4777,9097440,565,16414
2120,7,40,25,0,76599900,4777,9100500,565,16421
2121,8,39,25,0,76623660,4777,9111660,565,16429
2122,9,38,25,0,76652820,4778,9122100,566,16438
2123,10,40,25,0,76658580,4778,9138540,567,16448
2124,10,40,25,0,76690200,4778,9156960,568,16458
2125,11,40,25,0,76708260,4778,9162600,568,16469
2126,6,40,25,0,76730400,4778,9207360,571,16475
2127,9,39,25,0,76762500,4778,9324240,578,16484
2128,14,39,25,0,76779480,4778,9332340,578,16498
2129,12,40,25,0,76791480,4778,9334920,578,16510
2130,9,40,25,0,76815360,4778,9346200,579,16519
2131,6,39,25,0,76845000,4779,9480720,587,16525
2132,7,40,25,0,76856940,4779,9488460,587,16532
2133,8,40,25,0,76888980,4779,9496140,587,16540
2134,3,40,25,0,76901700,4779,9501060,588,16543
2135,6,40,25,0,76919640,4779,9523920,589,16549
2136,6,38,25,0,76957860,4779,9575100,592,16555
2137,4,38,25,0,76973580,4779,9583620,592,16559
2138,8,40,25,0,76991640,4779,9592020,593,16567
2139,7,40,25,0,77008500,4779,9604920,593,16574
2140,10,40,25,0,77036220,4780,9616740,594,16584
2141,9,40,25,0,77052960,4779,9625620,594,16593
2142,6,39,25,0,77076060,4780,9634200,595,16599
2143,6,40,25,0,77096280,4780,9635700,595,16605
2144,10,40,25,0,77121840,4780,9641100,595,16615
2145,8,40,25,0,77142540,4781,9675180,597,16623
2146,9,40,25,0,77163420,4781,9684000,597,16632
2147,10,39,25,0,77181060,4781,9689400,597,16642
2148,10,40,25,0,77214900,4781,9816780,605,16652
2149,19,40,25,0,77220480,4781,9819360,605,16671
2150,12,38,25,0,77253540,4781,9927480,612,16683
2151,8,39,25,0,77276040,4781,9929340,612,16691
2152,14,40,25,0,77287380,4781,9931380,612,16705
2153,6,38,25,0,77318700,4782,9948180,612,16711
2154,5,37,25,0,77347260,4782,10026000,617,16716
2155,7,40,25,0,77352600,4781,10027200,617,16723
2156,6,39,25,0,77382660,4782,10040280,618,16729
2157,8,38,25,0,77401440,4781,10048860,618,16737
2158,7,38,25,0,77429940,4781,10092660,620,16744
2159,6,40,25,0,77436000,4781,10095900,620,16750
2160,5,39,25,0,77475840,4782,10111200,621,16755
2161,5,40,25,0,77487660,4782,10118040,622,16760
2162,6,40,25,0,77510820,4782,10135740,623,16766
2163,5,38,25,0,77529240,4781,10144320,623,16771
2164,2,33,25,0,77555940,4781,10997460,675,16773
2165,8,36,25,0,77571600,4780,11390760,699,16781
2166,7,39,25,0,77592300,4781,11397000,699,16788
2167,8,40,25,0,77614020,4781,11414940,700,16796
2168,8,39,25,0,77634780,4781,11428560,701,16804
2169,4,40,25,0,77656800,4782,11431500,701,16808
2170,8,40,25,0,77677920,4782,11436840,701,16816
2171,12,39,25,0,77707620,4782,11459220,702,16828
2172,8,39,25,0,77731320,4782,11464740,702,16836
2173,11,40,25,0,77744400,4782,11473800,703,16847
2174,9,40,25,0,77765100,4782,11477700,703,16856
2175,10,40,25,0,77789040,4782,11483040,703,16866
2176,15,38,25,0,77822460,4781,11741520,718,16881
2177,5,39,25,0,77838540,4781,11743860,718,16886
2178,9,40,25,0,77852580,4781,11746260,718,16895
2179,5,40,25,0,77873820,4781,11751000,718,16900
2180,8,40,25,0,77895480,4781,11754360,718,16908
2181,7,38,25,0,77928660,4782,11781960,720,16915
2182,4,38,25,0,77943540,4781,11785920,720,16919
2183,3,31,25,0,77970480,4780,12924540,789,16922
2184,7,33,25,0,77982000,4779,13359060,815,16929
2185,1,31,25,0,78000900,4780,13369920,816,16930
2186,6,34,25,0,78020580,4780,13377240,816,16936
2187,7,35,25,0,78053040,4780,13387440,816,16943
2188,7,37,25,0,78079440,4780,13400880,817,16950
2189,8,39,25,0,78092220,4780,13407900,817,16958
2190,8,40,25,0,78111420,4780,13411800,817,16966
2191,4,38,25,0,78137460,4781,13421160,818,16970
2192,7,40,25,0,78147780,4781,13423080,818,16977
2193,8,39,25,0,78190260,4781,13485240,821,16985
2194,11,39,25,0,78199680,4781,13505880,822,16996
2195,9,39,25,0,78221640,4781,13517340,823,17005
2196,16,39,25,0,78250800,4781,13568820,825,17021
2197,9,33,25,0,78279420,4779,14197260,863,17030
2198,12,39,25,0,78288000,4778,14745780,896,17042
2199,10,38,25,0,78309480,4778,14757360,897,17052
2200,7,40,25,0,78322560,4778,14767140,897,17059
2201,11,38,25,0,78354180,4779,14801460,899,17070
2202,13,39,25,0,78372000,4779,14807040,899,17083
2203,9,40,25,0,78396540,4779,14843760,901,17092
2204,7,40,25,0,78411480,4779,14849160,901,17099
2205,6,40,25,0,78430260,4779,14871420,902,17105
2206,9,40,25,0,78458400,4780,14875920,902,17114
2207,2,39,25,0,78475320,4780,14881140,903,17116
2208,5,40,25,0,78495300,4780,14895480,903,17121
2209,4,39,25,0,78521160,4781,14944380,906,17125
2210,11,40,25,0,78555060,4780,14981700,908,17136
2211,4,40,25,0,78564720,4780,14988120,908,17140
2212,9,40,25,0,78589020,4780,14996100,908,17149
2213,7,39,25,0,78616320,4780,15013260,909,17156
2214,7,40,25,0,78629640,4780,15015900,909,17163
2215,11,40,25,0,78659460,4780,15197640,920,17174
2216,6,39,25,0,78679500,4780,15202380,920,17180
2217,12,39,25,0,78701880,4780,15207900,920,17192
2218,8,40,25,0,78719040,4780,15211800,920,17200
2219,9,40,25,0,78743160,4780,15214920,920,17209
2220,11,40,25,0,78764460,4779,15224880,920,17220
2221,13,40,25,0,78784020,4780,15262800,922,17233
2222,4,36,25,0,78805140,4779,15447300,933,17237
2223,9,34,25,0,78833880,4778,16715040,1009,17246
2224,12,39,25,0,78847080,4778,16718940,1009,17258
2225,11,40,25,0,78868020,4778,16732320,1009,17269
2226,4,39,25,0,78886560,4778,16754700,1010,17273
2227,6,40,25,0,78901980,4778,16765380,1011,17279
2228,9,38,25,0,78941880,4779,16792560,1012,17288
2229,9,40,25,0,78952200,4779,16794840,1012,17297
2230,13,40,25,0,78986400,4780,16815180,1013,17310
2231,7,39,25,0,79005360,4780,16824660,1014,17317
2232,6,39,25,0,79021620,4780,16830180,1014,17323
2233,4,37,25,0,79044300,4780,16897800,1018,17327
2234,9,39,25,0,79070160,4780,16937460,1020,17336
2235,6,40,25,0,79084860,4780,16946340,1020,17342
2236,7,35,25,0,79115640,4780,17020440,1024,17349
2237,9,37,25,0,79131180,4779,17282220,1040,17358
2238,6,38,25,0,79151460,4778,17422320,1048,17364
2239,6,35,25,0,79176480,4777,17646660,1061,17370
2240,11,40,25,0,79187640,4777,17706600,1064,17381
2241,10,40,25,0,79212480,4777,17713920,1064,17391
2242,17,40,25,0,79236000,4777,17722980,1064,17408
2243,12,40,25,0,79264500,4777,17729220,1064,17420
2244,13,40,25,0,79274880,4777,17736300,1064,17433
2245,8,40,25,0,79298880,4777,17740860,1064,17441
2246,13,38,25,0,79332900,4777,17910060,1074,17454
2247,13,39,25,0,79345140,4777,17914440,1074,17467
2248,19,40,25,0,79369080,4777,17923260,1074,17486
2249,8,40,25,0,79377660,4777,17925180,1074,17494
2250,9,38,25,0,79420500,4777,17945340,1075,17503
2251,5,39,25,0,79435620,4777,17951040,1075,17508
2252,5,37,25,0,79461000,4777,18000120,1078,17513
2253,6,39,25,0,79472580,4777,18001500,1077,17519
2254,3,34,25,0,79507560,4777,18133920,1085,17522
2255,9,31,25,0,79523460,4775,19884780,1190,17531
2256,2,28,25,0,79540440,4774,20553240,1229,17533
2257,7,30,25,0,79563540,4774,21390960,1279,17540
2258,3,28,25,0,79586580,4774,22140000,1324,17543
2259,5,23,25,0,79616280,4773,25270740,1510,17548
2260,4,19,25,0,79632300,4772,28187640,1684,17552
2261,8,23,25,0,79650180,4772,28191660,1684,17560
2262,3,22,25,0,79668060,4772,28200180,1684,17563
2263,5,24,25,0,79690140,4772,28209900,1684,17568
2264,3,24,25,0,79711200,4773,28220280,1685,17571
2265,13,33,25,0,79732620,4773,28224960,1683,17584
2266,10,40,25,0,79749540,4773,28226580,1683,17594
2267,10,38,25,0,79782960,4774,28249140,1684,17604
2268,14,40,25,0,79795920,4774,28264560,1684,17618
2269,10,39,25,0,79828140,4774,28287120,1685,17628
2270,7,39,25,0,79847940,4774,28305060,1686,17635
2271,7,39,25,0,79864920,4774,28319940,1686,17642
2272,6,40,25,0,79885740,4774,28338060,1687,17648
2273,9,40,25,0,79903320,4774,28349400,1687,17657
2274,6,36,25,0,79938480,4775,28426620,1691,17663
2275,7,40,25,0,79947540,4774,28428600,1691,17670
2276,8,40,25,0,79965060,4775,28476960,1694,17678
2277,12,40,25,0,80000580,4775,28494780,1694,17690
2278,4,38,25,0,80017800,4775,28546620,1697,17694
2279,7,40,25,0,80022960,4775,28549560,1697,17701
2280,4,40,25,0,80037900,4775,28558260,1697,17705
2281,10,40,25,0,80086800,4777,28569480,1697,17715
2282,3,38,25,0,80100960,4777,28579920,1698,17718
2283,7,39,25,0,80119380,4777,28583220,1697,17725
2284,5,40,25,0,80141160,4777,28653240,1701,17730
2285,3,40,25,0,80156820,4777,28659480,1701,17733
2286,4,38,25,0,80189700,4778,28740840,1706,17737
2287,11,40,25,0,80201940,4777,28742880,1705,17748
2288,10,40,25,0,80239680,4778,28789860,1707,17758
2289,7,39,25,0,80258940,4778,28860120,1711,17765
2290,12,40,25,0,80281260,4778,28863720,1711,17777
2291,13,40,25,0,80291940,4778,28867260,1711,17790
2292,10,40,25,0,80313120,4778,28888080,1712,17800
2293,18,40,25,0,80345340,4778,28985760,1717,17818
2294,11,39,25,0,80362500,4778,28991820,1717,17829
2295,8,39,25,0,80384880,4778,29021340,1718,17837
2296,8,39,25,0,80402400,4778,29065740,1720,17845
2297,5,37,25,0,80432400,4778,29102280,1722,17850
2298,10,40,25,0,80448840,4778,29112240,1722,17860
2299,11,40,25,0,80462940,4778,29116800,1722,17871
2300,11,40,25,0,80487360,4778,29125920,1722,17882
2301,7,39,25,0,80513940,4778,29143800,1723,17889
2302,4,37,25,0,80542680,4778,29233620,1728,17893
2303,2,34,25,0,80558280,4778,29388960,1737,17895
2304,3,32,25,0,80578680,4777,29684580,1754,17898
2305,5,32,25,0,80601180,4777,29977320,1770,17903
2306,7,35,25,0,80620140,4777,29980800,1770,17910
2307,5,33,25,0,80640240,4776,30068220,1775,17915
2308,2,25,25,0,80671080,4775,32585520,1923,17917
2309,3,11,25,0,80690520,4772,37849920,2233,17920
2310,5,10,25,0,80711640,4771,37855680,2233,17925
2311,2,5,25,0,80735520,4771,38568960,2275,17927
2312,9,10,25,0,80748600,4770,38570820,2274,17936
2313,12,17,25,0,80769840,4770,38577000,2273,17948
2314,14,26,25,0,80797560,4771,38585520,2271,17962
2315,19,40,25,0,80810520,4771,38590860,2269,17981
2316,12,39,25,0,80842140,4771,38601720,2269,17993
2317,11,40,25,0,80849760,4771,38608620,2270,18004
2318,3,40,25,0,80872200,4772,38626080,2270,18007
2319,14,40,25,0,80902440,4772,38645280,2271,18021
2320,9,40,25,0,80926680,4772,38729040,2275,18030
2321,8,37,25,0,80955660,4772,38775360,2277,18038
2322,13,40,25,0,80965080,4772,38810100,2279,18051
2323,8,40,25,0,80987760,4772,38856120,2281,18059
2324,11,39,25,0,81006600,4772,38906880,2283,18070
2325,10,39,25,0,81026640,4772,38919000,2283,18080
2326,8,39,25,0,81063000,4773,38944380,2284,18088
2327,2,38,25,0,81076560,4773,39001980,2287,18090
2328,2,35,25,0,81102780,4773,39112140,2293,18092
2329,4,35,25,0,81123720,4773,39176700,2297,18096
2330,2,35,25,0,81132600,4773,39237840,2300,18098
2331,5,35,25,0,81162780,4773,39365760,2307,18103
2332,10,40,25,0,81188340,4773,39439860,2310,18113
2333,9,40,25,0,81193560,4773,39443940,2310,18122
2334,7,39,25,0,81228360,4774,39668640,2322,18129
2335,5,37,25,0,81256440,4774,39828600,2331,18134
2336,8,39,25,0,81266280,4774,39908400,2335,18142
2337,6,39,25,0,81294420,4774,39993840,2340,18148
2338,10,40,25,0,81310800,4774,39999840,2340,18158
2339,13,40,25,0,81327360,4774,40002300,2340,18171
2340,11,39,25,0,81358440,4775,40011360,2339,18182
2341,9,40,25,0,81370920,4775,40087800,2343,18191
2342,11,37,25,0,81408780,4774,40347480,2358,18202
2343,10,39,25,0,81421920,4774,40352220,2357,18212
2344,9,37,25,0,81444420,4774,40371900,2358,18221
2345,10,39,25,0,81472080,4774,40418880,2359,18231
2346,11,40,25,0,81481260,4774,40424400,2359,18242
2347,10,39,25,0,81510960,4774,40453320,2360,18252
2348,11,40,25,0,81524580,4774,40455720,2360,18263
2349,3,37,25,0,81551100,4775,40604700,2369,18266
2350,5,35,25,0,81580560,4774,40725180,2375,18271
2351,3,32,25,0,81602580,4774,40878360,2383,18274
2352,8,34,25,0,81623760,4774,41016660,2391,18282
2353,7,38,25,0,81631260,4773,41020140,2390,18289
2354,3,36,25,0,81657480,4773,41031540,2390,18292
2355,5,39,25,0,81667560,4773,41035260,2390,18297
2356,6,38,25,0,81705600,4774,41055960,2390,18303
2357,8,38,25,0,81717540,4774,41067600,2390,18311
2358,7,39,25,0,81736860,4775,41085300,2391,18318
2359,7,38,25,0,81771300,4775,41129880,2393,18325
2360,6,39,25,0,81786900,4775,41162460,2394,18331
2361,11,39,25,0,81808560,4775,41168460,2394,18342
2362,6,37,25,0,81832800,4775,41199300,2395,18348
2363,12,39,25,0,81855240,4775,41202540,2394,18360
2364,17,39,25,0,81871920,4774,41392620,2405,18377
2365,11,40,25,0,81892560,4775,41399160,2405,18388
2366,9,40,25,0,81910440,4775,41408580,2404,18397
2367,12,39,25,0,81941160,4775,41414820,2404,18409
2368,14,40,25,0,81958740,4775,41427840,2404,18423
2369,9,38,25,0,81979680,4775,41464500,2406,18432
2370,9,40,25,0,82004100,4774,41512260,2408,18441
2371,10,40,25,0,82028640,4774,41519640,2407,18451
2372,6,40,25,0,82038780,4774,41523120,2407,18457
2373,6,40,25,0,82071240,4775,41569020,2409,18463
2374,5,39,25,0,82089540,4775,41589960,2410,18468
2375,2,35,25,0,82116240,4775,41609340,2411,18470
2376,4,35,25,0,82127940,4774,42050400,2436,18474
2377,7,38,25,0,82147680,4774,42053580,2436,18481
2378,4,36,25,0,82177260,4774,42067260,2435,18485
2379,6,37,25,0,82203000,4775,42071220,2435,18491
2380,10,39,25,0,82220640,4775,42075480,2434,18501
2381,9,38,25,0,82247160,4775,42089580,2435,18510
2382,4,39,25,0,82266120,4776,42102060,2435,18514
2383,7,40,25,0,82288440,4776,42107520,2435,18521
2384,5,36,25,0,82314060,4776,42317460,2446,18526
2385,8,38,25,0,82335180,4776,42320880,2446,18534
2386,12,40,25,0,82343340,4776,42322620,2445,18546
2387,16,40,25,0,82373040,4776,42352380,2446,18562
2388,8,38,25,0,82391820,4776,42555240,2458,18570
2389,11,40,25,0,82410720,4776,42957300,2480,18581
2390,8,40,25,0,82428960,4776,42968580,2480,18589
2391,9,38,25,0,82461780,4776,42974340,2480,18598
2392,13,40,25,0,82480980,4776,42997620,2480,18611
2393,14,40,25,0,82494840,4776,43001340,2480,18625
2394,9,40,25,0,82518360,4776,43018380,2481,18634
2395,7,39,25,0,82548840,4776,43024140,2480,18641
2396,8,40,25,0,82563060,4776,43248900,2492,18649
2397,8,40,25,0,82584900,4776,43260780,2493,18657
2398,7,40,25,0,82609440,4776,43265160,2492,18664
2399,9,40,25,0,82626300,4776,43275660,2492,18673

