Hour,Arrivals,Waiting,Treating,Available Rooms,Total Treatment Time,Average Treatment Time,Total Wait Time,Average Wait Time,Total Arrivals
1,2,0,2,23,0,0,0,0,2
2,5,0,4,21,6300,2100,0,0,7
3,7,0,8,17,17880,2980,0,0,14
4,4,0,5,20,41160,3166,0,0,18
5,4,0,6,19,57720,3607,0,0,22
6,13,0,12,13,73920,3213,0,0,35
7,6,0,5,20,123060,3418,0,0,41
8,3,0,5,20,139500,3576,0,0,44
9,10,0,8,17,157080,3414,0,0,54
10,10,0,11,14,180600,3407,0,0,64
11,6,0,6,19,231480,3616,0,0,70
12,10,0,8,17,254880,3540,0,0,80
13,12,0,10,15,287640,3507,0,0,92
14,10,0,10,15,312900,3401,0,0,102
15,8,0,7,18,347160,3370,0,0,110
16,9,0,13,12,352500,3325,0,0,119
17,11,0,14,11,404640,3488,0,0,130
18,15,0,15,10,446520,3434,0,0,145
19,8,0,9,16,499800,3470,0,0,153
20,4,0,4,21,539400,3525,0,0,157
21,7,0,10,15,546660,3549,0,0,164
22,7,0,5,20,584040,3518,0,0,171
23,3,0,4,21,605700,3562,0,0,174
24,3,0,3,22,625800,3596,0,0,177
25,6,0,7,18,632160,3591,0,0,183
26,8,0,5,20,665280,3576,0,0,191
27,6,0,7,18,675720,3556,0,0,197
28,11,0,13,12,690060,3538,0,0,208
29,6,0,6,19,733200,3525,0,0,214
30,6,0,7,18,761940,3577,0,0,220
31,11,0,9,16,786540,3542,0,0,231
32,6,0,4,21,827640,3552,0,0,237
33,8,0,5,20,842460,3510,0,0,245
34,13,0,7,18,863580,3440,0,0,258
35,13,0,10,15,890460,3411,0,0,271
36,13,0,10,15,924420,3373,0,0,284
37,17,0,16,9,962820,3378,0,0,301
38,11,0,15,10,1008120,3394,0,0,312
39,9,0,11,14,1053840,3399,0,0,321
40,16,0,13,12,1104900,3410,0,0,337
41,9,0,9,16,1141740,3387,0,0,346
42,12,0,15,10,1164900,3396,0,0,358
43,8,0,8,17,1214340,3392,0,0,366
44,11,0,12,13,1241280,3400,0,0,377
45,6,0,7,18,1293960,3441,0,0,383
46,8,0,10,15,1305780,3427,0,0,391
47,9,0,5,20,1364340,3454,0,0,400
48,8,0,5,20,1390200,3449,0,0,408
49,8,0,9,16,1399440,3438,0,0,416
50,1,0,4,21,1430220,3463,0,0,417
51,11,0,5,20,1473540,3483,0,0,428
52,9,0,8,17,1493100,3480,0,0,437
53,9,0,8,17,1519860,3470,0,0,446
54,5,0,7,18,1533660,3454,0,0,451
55,3,0,5,20,1563540,3482,0,0,454
56,5,0,6,19,1579380,3486,0,0,459
57,9,0,9,16,1597620,3480,0,0,468
58,6,0,5,20,1627740,3470,0,0,474
59,6,0,10,15,1633800,3476,0,0,480
60,13,0,13,12,1679820,3499,0,0,493
61,11,0,14,11,1701960,3473,0,0,504
62,9,0,10,15,1751340,3481,0,0,513
63,7,0,9,16,1796580,3515,0,0,520
64,9,0,10,15,1820040,3506,0,0,529
65,8,0,6,19,1862520,3507,0,0,537
66,9,0,9,16,1893420,3525,0,0,546
67,7,0,10,15,1915080,3526,0,0,553
68,6,0,7,18,1956540,3544,0,0,559
69,10,0,8,17,2000040,3565,0,0,569
70,4,0,5,20,2021640,3559,0,0,573
71,3,0,6,19,2034420,3569,0,0,576
72,4,0,5,20,2059800,3582,0,0,580
73,7,0,8,17,2077260,3587,0,0,587
74,3,0,6,19,2098500,3593,0,0,590
75,5,0,5,20,2112600,3580,0,0,595
76,7,0,8,17,2139420,3601,0,0,602
77,10,0,11,14,2163660,3600,0,0,612
78,10,0,9,16,2203680,3594,0,0,622
79,8,0,7,18,2235420,3588,0,0,630
80,10,0,9,16,2269020,3595,0,0,640
81,10,0,11,14,2297160,3594,0,0,650
82,13,0,12,13,2337060,3589,0,0,663
83,20,0,15,10,2387460,3574,0,0,683
84,15,0,16,9,2440980,3579,0,0,698
85,10,0,13,12,2493180,3587,0,0,708
86,12,0,12,13,2551980,3604,0,0,720
87,8,0,12,13,2580480,3604,0,0,728
88,9,0,12,13,2616840,3609,0,0,737
89,13,0,12,13,2671020,3619,0,0,750
90,8,0,11,14,2705940,3622,0,0,758
91,8,0,11,14,2743380,3633,0,0,766
92,7,0,10,15,2783040,3647,0,0,773
93,7,0,9,16,2815980,3652,0,0,780
94,6,0,4,21,2854020,3649,0,0,786
95,6,0,4,21,2873400,3646,0,0,792
96,5,0,5,20,2881320,3638,0,0,797
97,7,0,9,16,2891160,3636,0,0,804
98,7,0,11,14,2917320,3646,0,0,811
99,5,0,9,16,2952000,3657,0,0,816
100,3,0,4,21,2991900,3671,0,0,819
101,8,0,5,20,3015000,3667,0,0,827
102,4,0,6,19,3017280,3657,0,0,831
103,4,0,6,19,3040320,3667,0,0,835
104,10,0,10,15,3057180,3661,0,0,845
105,10,0,10,15,3103800,3673,0,0,855
106,8,0,9,16,3120720,3654,0,0,863
107,12,0,13,12,3162420,3668,0,0,875
108,13,0,10,15,3214020,3660,0,0,888
109,16,0,16,9,3257160,3667,0,0,904
110,9,0,14,11,3281940,3650,0,0,913
111,9,0,11,14,3342720,3669,0,0,922
112,10,0,10,15,3389040,3675,0,0,932
113,11,0,13,12,3429720,3687,0,0,943
114,12,0,13,12,3473760,3687,0,0,955
115,8,0,8,17,3523200,3689,0,0,963
116,8,0,9,16,3542520,3682,0,0,971
117,5,0,4,21,3579360,3682,0,0,976
118,6,0,5,20,3591060,3675,0,0,982
119,8,0,7,18,3612060,3674,0,0,990
120,4,0,2,23,3648780,3678,0,0,994
121,10,0,9,16,3653940,3672,0,0,1004
122,4,0,9,16,3673620,3677,0,0,1008
123,9,0,7,18,3712680,3675,0,0,1017
124,5,0,8,17,3736620,3685,0,0,1022
125,6,0,8,17,3756960,3683,0,0,1028
126,9,0,8,17,3791820,3684,0,0,1037
127,9,0,8,17,3821340,3681,0,0,1046
128,8,0,5,20,3854400,3674,0,0,1054
129,11,0,12,13,3866700,3672,0,0,1065
130,10,0,5,20,3914700,3658,0,0,1075
131,20,0,19,6,3929580,3652,0,0,1095
132,11,0,12,13,3990060,3647,0,0,1106
133,14,0,16,9,4035240,3655,0,0,1120
134,14,0,16,9,4087140,3655,0,0,1134
135,5,0,9,16,4138320,3662,0,0,1139
136,10,0,6,19,4199520,3674,0,0,1149
137,12,0,9,16,4214580,3658,0,0,1161
138,6,0,7,18,4241100,3656,0,0,1167
139,15,0,12,13,4275060,3653,0,0,1182
140,5,0,9,16,4303200,3652,0,0,1187
141,8,0,8,17,4346580,3661,0,0,1195
142,3,0,6,19,4377180,3672,0,0,1198
143,0,0,1,24,4404720,3679,0,0,1198
144,4,0,3,22,4411140,3679,0,0,1202
145,8,0,5,20,4420740,3668,0,0,1210
146,3,0,5,20,4433880,3670,0,0,1213
147,5,0,5,20,4454820,3672,0,0,1218
148,7,0,8,17,4475460,3677,0,0,1225
149,4,0,7,18,4502880,3684,0,0,1229
150,11,0,13,12,4520520,3684,0,0,1240
151,7,0,8,17,4572840,3690,0,0,1247
152,10,0,6,19,4600260,3677,0,0,1257
153,13,0,10,15,4621020,3667,0,0,1270
154,7,0,14,11,4633680,3668,0,0,1277
155,8,0,7,18,4704120,3680,0,0,1285
156,6,0,8,17,4728180,3685,0,0,1291
157,7,0,8,17,4751820,3683,0,0,1298
158,7,0,6,19,4774200,3675,0,0,1305
159,6,0,5,20,4803480,3678,0,0,1311
160,9,0,10,15,4815960,3676,0,0,1320
161,13,0,14,11,4849380,3676,0,0,1333
162,8,0,12,13,4887480,3677,0,0,1341
163,10,0,12,13,4934280,3685,0,0,1351
164,9,0,9,16,4981320,3687,0,0,1360
165,8,0,11,14,5004960,3688,0,0,1368
166,9,0,12,13,5041920,3693,0,0,1377
167,5,0,9,16,5082600,3701,0,0,1382
168,2,0,3,22,5133300,3717,0,0,1384
169,3,0,5,20,5138940,3718,0,0,1387
170,6,0,8,17,5144160,3714,0,0,1393
171,4,0,4,21,5187600,3724,0,0,1397
172,9,0,12,13,5194320,3726,0,0,1406
173,6,0,5,20,5233020,3719,0,0,1412
174,7,0,7,18,5259660,3724,0,0,1419
175,9,0,7,18,5282400,3717,0,0,1428
176,13,0,11,14,5316720,3717,0,0,1441
177,12,0,14,11,5351280,3718,0,0,1453
178,10,0,13,12,5385540,3714,0,0,1463
179,12,0,13,12,5439660,3720,0,0,1475
180,8,0,9,16,5488440,3723,0,0,1483
181,10,0,5,20,5530500,3716,0,0,1493
182,16,0,13,12,5545560,3706,0,0,1509
183,9,0,9,16,5594460,3707,0,0,1518
184,10,0,9,16,5637060,3711,0,0,1528
185,9,0,5,20,5667840,3699,0,0,1537
186,8,0,6,19,5689740,3697,0,0,1545
187,8,0,9,16,5698500,3690,0,0,1553
188,7,0,9,16,5724060,3690,0,0,1560
189,4,0,5,20,5755740,3691,0,0,1564
190,1,0,2,23,5782680,3699,0,0,1565
191,6,0,5,20,5794260,3700,0,0,1571
192,5,0,8,17,5802960,3700,0,0,1576
193,7,0,10,15,5821260,3700,0,0,1583
194,1,0,1,24,5871660,3709,0,0,1584
195,8,0,5,20,5880660,3705,0,0,1592
196,2,0,3,22,5889540,3701,0,0,1594
197,7,0,4,21,5912280,3702,0,0,1601
198,10,0,7,18,5926980,3695,0,0,1611
199,7,0,10,15,5938620,3693,0,0,1618
200,11,0,14,11,5961300,3691,0,0,1629
201,7,0,10,15,6002400,3691,0,0,1636
202,9,0,9,16,6053100,3699,0,0,1645
203,8,0,9,16,6086400,3702,0,0,1653
204,9,0,11,14,6129240,3712,0,0,1662
205,8,0,8,17,6172620,3713,0,0,1670
206,5,0,6,19,6196500,3712,0,0,1675
207,5,0,5,20,6220680,3713,0,0,1680
208,6,0,5,20,6247860,3716,0,0,1686
209,6,0,7,18,6259140,3714,0,0,1692
210,8,0,9,16,6277620,3712,0,0,1700
211,10,0,11,14,6308640,3713,0,0,1710
212,9,0,5,20,6362640,3712,0,0,1719
213,11,0,9,16,6383640,3709,0,0,1730
214,5,0,6,19,6410220,3707,0,0,1735
215,9,0,2,23,6460560,3708,0,0,1744
216,3,0,5,20,6460560,3708,0,0,1747
217,7,0,6,19,6480360,3707,0,0,1754
218,2,0,2,23,6503340,3707,0,0,1756
219,5,0,4,21,6512400,3706,0,0,1761
220,4,0,5,20,6519540,3704,0,0,1765
221,7,0,9,16,6532740,3705,0,0,1772
222,9,0,10,15,6553980,3700,0,0,1781
223,8,0,9,16,6575760,3694,0,0,1789
224,9,0,7,18,6614700,3693,0,0,1798
225,8,0,7,18,6648060,3695,0,0,1806
226,8,0,8,17,6668220,3692,0,0,1814
227,7,0,9,16,6685320,3689,0,0,1821
228,19,0,14,11,6746280,3694,0,0,1840
229,13,0,13,12,6784200,3687,0,0,1853
230,10,0,12,13,6828840,3689,0,0,1863
231,8,0,13,12,6863160,3693,0,0,1871
232,8,0,9,16,6924300,3702,0,0,1879
233,6,0,5,20,6965640,3705,0,0,1885
234,4,0,4,21,6987360,3706,0,0,1889
235,4,0,4,21,7001340,3706,0,0,1893
236,9,0,8,17,7022520,3707,0,0,1902
237,5,0,7,18,7042440,3706,0,0,1907
238,3,0,5,20,7066380,3709,0,0,1910
239,6,0,7,18,7084800,3711,0,0,1916
240,4,0,5,20,7096980,3705,0,0,1920
241,4,0,3,22,7123080,3708,0,0,1924
242,2,0,4,21,7131720,3710,0,0,1926
243,4,0,4,21,7145040,3709,0,0,1930
244,7,0,7,18,7163640,3711,0,0,1937
245,5,0,6,19,7186800,3712,0,0,1942
246,7,0,5,20,7205520,3706,0,0,1949
247,10,0,11,14,7226400,3709,0,0,1959
248,6,0,9,16,7254300,3708,0,0,1965
249,11,0,10,15,7290000,3708,0,0,1976
250,9,0,7,18,7329600,3705,0,0,1985
251,16,0,13,12,7357980,3701,0,0,2001
252,7,0,12,13,7380900,3697,0,0,2008
253,15,0,12,13,7450980,3705,0,0,2023
254,9,0,12,13,7481040,3703,0,0,2032
255,8,0,6,19,7536540,3705,0,0,2040
256,11,0,10,15,7557660,3702,0,0,2051
257,8,0,11,14,7588260,3705,0,0,2059
258,9,0,10,15,7629900,3707,0,0,2068
259,6,0,6,19,7673040,3710,0,0,2074
260,10,0,8,17,7703580,3710,0,0,2084
261,5,0,3,22,7723440,3702,0,0,2089
262,7,0,5,20,7733160,3698,0,0,2096
263,12,0,11,14,7752840,3697,0,0,2108
264,9,0,8,17,7791360,3694,0,0,2117
265,7,0,5,20,7820820,3690,0,0,2124
266,3,0,3,22,7831020,3686,0,0,2127
267,6,0,6,19,7835760,3683,0,0,2133
268,10,0,11,14,7854780,3684,0,0,2143
269,8,0,12,13,7883940,3685,0,0,2151
270,5,0,6,19,7933560,3690,0,0,2156
271,4,0,5,20,7958100,3692,0,0,2160
272,10,0,7,18,7980480,3689,0,0,2170
273,9,0,8,17,7998120,3684,0,0,2179
274,12,0,10,15,8027820,3680,0,0,2191
275,8,0,8,17,8067240,3681,0,0,2199
276,11,0,11,14,8088120,3678,0,0,2210
277,8,0,4,21,8134440,3674,0,0,2218
278,12,0,8,17,8156640,3670,0,0,2230
279,5,0,7,18,8171580,3667,0,0,2235
280,7,0,5,20,8197920,3664,0,0,2242
281,13,0,10,15,8219220,3661,0,0,2255
282,6,0,7,18,8261820,3665,0,0,2261
283,4,0,4,21,8295240,3668,0,0,2265
284,4,0,4,21,8314500,3670,0,0,2269
285,6,0,4,21,8325600,3666,0,0,2275
286,6,0,4,21,8344860,3664,0,0,2281
287,3,0,2,23,8366100,3666,0,0,2284
288,7,0,6,19,8371800,3663,0,0,2291
289,6,0,8,17,8379600,3660,0,0,2297
290,5,0,5,20,8409960,3661,0,0,2302
291,6,0,5,20,8441760,3665,0,0,2308
292,9,0,5,20,8461140,3659,0,0,2317
293,1,0,0,25,8484540,3660,0,0,2318
294,1,0,0,25,8485200,3658,0,0,2319
295,8,0,3,22,8493000,3654,0,0,2327
296,7,0,5,20,8506320,3652,0,0,2334
297,13,0,16,9,8509980,3650,0,0,2347
298,14,0,10,15,8583120,3650,0,0,2361
299,10,0,11,14,8617140,3651,0,0,2371
300,9,0,7,18,8661600,3650,0,0,2380
301,11,0,8,17,8689020,3646,0,0,2391
302,15,0,13,12,8710980,3640,0,0,2406
303,16,0,13,12,8765880,3638,0,0,2422
304,8,0,8,17,8798760,3632,0,0,2430
305,13,0,11,14,8836200,3633,0,0,2443
306,9,0,9,16,8874600,3632,0,0,2452
307,11,0,12,13,8900100,3631,0,0,2463
308,7,0,7,18,8947800,3632,0,0,2470
309,3,0,4,21,8979900,3637,0,0,2473
310,10,0,7,18,9001560,3635,0,0,2483
311,5,0,6,19,9015060,3632,0,0,2488
312,4,0,8,17,9025200,3633,0,0,2492
313,6,0,10,15,9049560,3637,0,0,2498
314,6,0,7,18,9094500,3642,0,0,2504
315,5,0,5,20,9120660,3642,0,0,2509
316,6,0,5,20,9141600,3642,0,0,2515
317,8,0,7,18,9163740,3642,0,0,2523
318,5,0,8,17,9181020,3643,0,0,2528
319,4,0,7,18,9205800,3645,0,0,2532
320,5,0,8,17,9217260,3644,0,0,2537
321,11,0,8,17,9260880,3646,0,0,2548
322,8,0,7,18,9292500,3645,0,0,2556
323,14,0,12,13,9316500,3642,0,0,2570
324,8,0,8,17,9362820,3643,0,0,2578
325,3,0,4,21,9396780,3646,0,0,2581
326,15,0,12,13,9424680,3647,0,0,2596
327,8,0,13,12,9452040,3648,0,0,2604
328,6,0,9,16,9499140,3652,0,0,2610
329,13,0,8,17,9543360,3649,0,0,2623
330,6,0,10,15,9556380,3648,0,0,2629
331,8,0,7,18,9602760,3651,0,0,2637
332,5,0,3,22,9629220,3648,0,0,2642
333,6,0,2,23,9651300,3647,0,0,2648
334,6,0,3,22,9665220,3645,0,0,2654
335,7,0,8,17,9669060,3644,0,0,2661
336,4,0,4,21,9696660,3643,0,0,2665
337,3,0,4,21,9709560,3644,0,0,2668
338,6,0,4,21,9729120,3643,0,0,2674
339,7,0,5,20,9740460,3639,0,0,2681
340,10,0,8,17,9762060,3638,0,0,2691
341,10,0,10,15,9782100,3635,0,0,2701
342,7,0,7,18,9824280,3637,0,0,2708
343,12,0,9,16,9862560,3637,0,0,2720
344,7,0,8,17,9884640,3635,0,0,2727
345,4,0,4,21,9913920,3635,0,0,2731
346,6,0,6,19,9936720,3638,0,0,2737
347,8,0,5,20,9948240,3630,0,0,2745
348,13,0,11,14,9973800,3630,0,0,2758
349,15,0,17,8,9995160,3626,0,0,2773
350,13,0,13,12,10048140,3623,0,0,2786
351,5,0,8,17,10098900,3628,0,0,2791
352,7,0,4,21,10143900,3630,0,0,2798
353,4,0,6,19,10146000,3628,0,0,2802
354,12,0,8,17,10176360,3626,0,0,2814
355,6,0,9,16,10190760,3625,0,0,2820
356,10,0,14,11,10212900,3626,0,0,2830
357,4,0,10,15,10250280,3629,0,0,2834
358,9,0,9,16,10304760,3636,0,0,2843
359,5,0,4,21,10334940,3633,0,0,2848
360,7,0,7,18,10347000,3633,0,0,2855
361,5,0,7,18,10367580,3633,0,0,2860
362,8,0,7,18,10405560,3637,0,0,2868
363,7,0,11,14,10414320,3636,0,0,2875
364,7,0,10,15,10437960,3634,0,0,2882
365,7,0,9,16,10483080,3639,0,0,2889
366,10,0,6,19,10525500,3638,0,0,2899
367,6,0,8,17,10538940,3637,0,0,2905
368,5,0,8,17,10563480,3640,0,0,2910
369,13,0,13,12,10607460,3645,0,0,2923
370,5,0,9,16,10632720,3642,0,0,2928
371,11,0,10,15,10667520,3642,0,0,2939
372,12,0,16,9,10690620,3642,0,0,2951
373,16,0,23,2,10722600,3642,0,0,2967
374,11,0,14,11,10815120,3648,0,0,2978
375,6,0,7,18,10878000,3654,0,0,2984
376,7,0,7,18,10914480,3657,0,0,2991
377,13,0,13,12,10942260,3658,0,0,3004
378,7,0,7,18,10981920,3655,0,0,3011
379,2,0,5,20,11003700,3658,0,0,3013
380,3,0,4,21,11028900,3661,0,0,3016
381,6,0,6,19,11042040,3661,0,0,3022
382,4,0,7,18,11056800,3662,0,0,3026
383,3,0,2,23,11086920,3662,0,0,3029
384,5,0,6,19,11087880,3661,0,0,3034
385,4,0,4,21,11114040,3663,0,0,3038
386,3,0,3,22,11124480,3661,0,0,3041
387,6,0,2,23,11142300,3659,0,0,3047
388,4,0,3,22,11151600,3658,0,0,3051
389,9,0,9,16,11155980,3656,0,0,3060
390,6,0,5,20,11192340,3656,0,0,3066
391,5,0,3,22,11220600,3657,0,0,3071
392,4,0,3,22,11230020,3655,0,0,3075
393,10,0,8,17,11241180,3653,0,0,3085
394,6,0,8,17,11256420,3651,0,0,3091
395,10,0,9,16,11286780,3650,0,0,3101
396,12,0,6,19,11330340,3646,0,0,3113
397,10,0,11,14,11340840,3644,0,0,3123
398,12,0,13,12,11377020,3644,0,0,3135
399,6,0,10,15,11409000,3643,0,0,3141
400,11,0,13,12,11446020,3646,0,0,3152
401,6,0,10,15,11487180,3649,0,0,3158
402,14,0,16,9,11519580,3650,0,0,3172
403,9,0,9,16,11583420,3651,0,0,3181
404,3,0,4,21,11616420,3652,0,0,3184
405,12,0,10,15,11631060,3650,0,0,3196
406,4,0,5,20,11663040,3650,0,0,3200
407,7,0,9,16,11678700,3651,0,0,3207
408,4,0,8,17,11698560,3652,0,0,3211
409,0,0,5,20,11716200,3654,0,0,3211
410,6,0,5,20,11749680,3658,0,0,3217
411,4,0,5,20,11767380,3659,0,0,3221
412,5,0,3,22,11789040,3657,0,0,3226
413,11,0,10,15,11802000,3657,0,0,3237
414,5,0,9,16,11822820,3656,0,0,3242
415,7,0,6,19,11856960,3656,0,0,3249
416,9,0,4,21,11885760,3652,0,0,3258
417,10,0,9,16,11903700,3652,0,0,3268
418,6,0,7,18,11928360,3651,0,0,3274
419,13,0,9,16,11971380,3652,0,0,3287
420,12,0,9,16,11998320,3646,0,0,3299
421,10,0,8,17,12030780,3644,0,0,3309
422,11,0,11,14,12064680,3646,0,0,3320
423,9,0,7,18,12101220,3642,0,0,3329
424,9,0,8,17,12135960,3644,0,0,3338
425,3,0,3,22,12165360,3644,0,0,3341
426,7,0,5,20,12180120,3643,0,0,3348
427,7,0,5,20,12195900,3640,0,0,3355
428,13,0,9,16,12214260,3636,0,0,3368
429,3,0,3,22,12243540,3635,0,0,3371
430,4,0,4,21,12270300,3639,0,0,3375
431,7,0,7,18,12278100,3637,0,0,3382
432,4,0,6,19,12297840,3638,0,0,3386
433,9,0,7,18,12318360,3635,0,0,3395
434,3,0,4,21,12354000,3639,0,0,3398
435,8,0,6,19,12375060,3639,0,0,3406
436,4,0,6,19,12393120,3640,0,0,3410
437,3,0,5,20,12409500,3641,0,0,3413
438,5,0,5,20,12433620,3643,0,0,3418
439,6,0,6,19,12451320,3642,0,0,3424
440,7,0,7,18,12477120,3644,0,0,3431
441,12,0,11,14,12488640,3638,0,0,3443
442,9,0,10,15,12522780,3638,0,0,3452
443,13,0,9,16,12565440,3635,0,0,3465
444,15,0,16,9,12593760,3635,0,0,3480
445,12,0,15,10,12650100,3638,0,0,3492
446,10,0,14,11,12693180,3639,0,0,3502
447,8,0,5,20,12766320,3642,0,0,3510
448,6,0,7,18,12782160,3642,0,0,3516
449,6,0,5,20,12801600,3639,0,0,3522
450,5,0,3,22,12832260,3641,0,0,3527
451,4,0,6,19,12835320,3641,0,0,3531
452,2,0,4,21,12853740,3642,0,0,3533
453,5,0,6,19,12866040,3642,0,0,3538
454,3,0,1,24,12891540,3641,0,0,3541
455,3,0,3,22,12893700,3641,0,0,3544
456,4,0,3,22,12910800,3641,0,0,3548
457,5,0,2,23,12927900,3640,0,0,3553
458,5,0,4,21,12941340,3641,0,0,3558
459,7,0,5,20,12959700,3640,0,0,3565
460,7,0,8,17,12969240,3638,0,0,3572
461,6,0,7,18,12988860,3637,0,0,3578
462,7,0,9,16,13015200,3639,0,0,3585
463,11,0,12,13,13036440,3637,0,0,3596
464,6,0,9,16,13068000,3637,0,0,3602
465,6,0,6,19,13111380,3640,0,0,3608
466,12,0,11,14,13133280,3639,0,0,3620
467,7,0,9,16,13158480,3636,0,0,3627
468,9,0,7,18,13204500,3638,0,0,3636
469,14,0,12,13,13228080,3636,0,0,3650
470,8,0,8,17,13265820,3634,0,0,3658
471,10,0,10,15,13296660,3634,0,0,3668
472,10,0,13,12,13328760,3636,0,0,3678
473,4,0,4,21,13385160,3639,0,0,3682
474,11,0,6,19,13410660,3637,0,0,3693
475,6,0,6,19,13434480,3637,0,0,3699
476,8,0,6,19,13461240,3637,0,0,3707
477,4,0,6,19,13477440,3637,0,0,3711
478,10,0,11,14,13489740,3636,0,0,3721
479,4,0,6,19,13520340,3635,0,0,3725
480,3,0,3,22,13541100,3635,0,0,3728
481,6,0,7,18,13548780,3635,0,0,3734
482,5,0,6,19,13577940,3637,0,0,3739
483,4,0,6,19,13598040,3638,0,0,3743
484,6,0,4,21,13632900,3640,0,0,3749
485,7,0,6,19,13645800,3638,0,0,3756
486,7,0,6,19,13667760,3637,0,0,3763
487,8,0,5,20,13695900,3636,0,0,3771
488,14,0,11,14,13709700,3632,0,0,3785
489,7,0,4,21,13758840,3632,0,0,3792
490,7,0,7,18,13770960,3631,0,0,3799
491,9,0,11,14,13787340,3631,0,0,3808
492,16,0,17,8,13821900,3630,0,0,3824
493,12,0,12,13,13878840,3629,0,0,3836
494,10,0,11,14,13912260,3627,0,0,3846
495,8,0,13,12,13948140,3631,0,0,3854
496,9,0,8,17,14002560,3632,0,0,3863
497,11,0,12,13,14028720,3632,0,0,3874
498,6,0,8,17,14078640,3636,0,0,3880
499,6,0,7,18,14118000,3639,0,0,3886
500,13,0,11,14,14148000,3638,0,0,3899
501,4,0,7,18,14181360,3639,0,0,3903
502,8,0,3,22,14226060,3640,0,0,3911
503,6,0,5,20,14233620,3638,0,0,3917
504,4,0,2,23,14258760,3638,0,0,3921
505,7,0,4,21,14278500,3638,0,0,3928
506,3,0,3,22,14290500,3638,0,0,3931
507,6,0,4,21,14307960,3637,0,0,3937
508,6,0,8,17,14314320,3637,0,0,3943
509,6,0,9,16,14333700,3637,0,0,3949
510,7,0,5,20,14371740,3637,0,0,3956
511,1,0,3,22,14392620,3640,0,0,3957
512,6,0,5,20,14411700,3641,0,0,3963
513,7,0,7,18,14422680,3639,0,0,3970
514,6,0,9,16,14437860,3639,0,0,3976
515,10,0,7,18,14477580,3638,0,0,3986
516,9,0,8,17,14493780,3635,0,0,3995
517,7,0,8,17,14525760,3636,0,0,4002
518,12,0,11,14,14559180,3637,0,0,4014
519,11,0,15,10,14585940,3637,0,0,4025
520,4,0,8,17,14634660,3639,0,0,4029
521,11,0,10,15,14678220,3642,0,0,4040
522,5,0,9,16,14703960,3643,0,0,4045
523,13,0,10,15,14747820,3643,0,0,4058
524,9,0,7,18,14795700,3644,0,0,4067
525,7,0,6,19,14818380,3642,0,0,4074
526,6,0,8,17,14837700,3643,0,0,4080
527,5,0,7,18,14858700,3643,0,0,4085
528,4,0,5,20,14887860,3645,0,0,4089
529,3,0,6,19,14900700,3646,0,0,4092
530,6,0,7,18,14927220,3648,0,0,4098
531,5,0,7,18,14948040,3649,0,0,4103
532,7,0,8,17,14971980,3649,0,0,4110
533,12,0,9,16,15000180,3647,0,0,4122
534,7,0,9,16,15022980,3646,0,0,4129
535,10,0,11,14,15047700,3645,0,0,4139
536,10,0,10,15,15086040,3644,0,0,4149
537,15,0,10,15,15127800,3641,0,0,4164
538,10,0,11,14,15149760,3639,0,0,4174
539,15,0,15,10,15183120,3637,0,0,4189
540,6,0,11,14,15225900,3639,0,0,4195
541,10,0,9,16,15275820,3640,0,0,4205
542,18,0,16,9,15308760,3638,0,0,4223
543,15,0,15,10,15359220,3637,0,0,4238
544,9,0,10,15,15401940,3635,0,0,4247
545,5,0,6,19,15458820,3640,0,0,4252
546,9,0,8,17,15487560,3641,0,0,4261
547,8,0,8,17,15511740,3640,0,0,4269
548,6,0,7,18,15544320,3642,0,0,4275
549,8,0,4,21,15579960,3641,0,0,4283
550,10,0,6,19,15597000,3638,0,0,4293
551,11,0,10,15,15618300,3637,0,0,4304
552,1,0,4,21,15646440,3637,0,0,4305
553,3,0,3,22,15669900,3639,0,0,4308
554,5,0,5,20,15678900,3639,0,0,4313
555,6,0,7,18,15687120,3638,0,0,4319
556,7,0,7,18,15721560,3640,0,0,4326
557,6,0,5,20,15740160,3637,0,0,4332
558,5,0,6,19,15752940,3637,0,0,4337
559,8,0,10,15,15766140,3636,0,0,4345
560,6,0,6,19,15810960,3638,0,0,4351
561,6,0,7,18,15819960,3636,0,0,4357
562,11,0,12,13,15852420,3639,0,0,4368
563,15,0,13,12,15900660,3638,0,0,4383
564,9,0,9,16,15945000,3637,0,0,4392
565,5,0,6,19,15975660,3638,0,0,4397
566,13,0,9,16,16002000,3635,0,0,4410
567,13,0,13,12,16030860,3635,0,0,4423
568,15,0,12,13,16081620,3633,0,0,4438
569,10,0,13,12,16108920,3632,0,0,4448
570,11,0,9,16,16173300,3634,0,0,4459
571,7,0,7,18,16205340,3634,0,0,4466
572,3,0,6,19,16230300,3636,0,0,4469
573,8,0,8,17,16258800,3638,0,0,4477
574,7,0,10,15,16275000,3637,0,0,4484
575,8,0,9,16,16300560,3636,0,0,4492
576,10,0,11,14,16340940,3638,0,0,4502
577,5,0,6,19,16383660,3640,0,0,4507
578,3,0,5,20,16409880,3642,0,0,4510
579,3,0,4,21,16431720,3644,0,0,4513
580,6,0,5,20,16444260,3642,0,0,4519
581,12,0,6,19,16470840,3639,0,0,4531
582,7,0,6,19,16487340,3637,0,0,4538
583,12,0,9,16,16509060,3635,0,0,4550
584,5,0,5,20,16549500,3637,0,0,4555
585,3,0,2,23,16572900,3637,0,0,4558
586,12,0,8,17,16581540,3634,0,0,4570
587,15,0,16,9,16591740,3631,0,0,4585
588,7,0,12,13,16641480,3633,0,0,4592
589,10,0,8,17,16700040,3635,0,0,4602
590,12,0,12,13,16715640,3632,0,0,4614
591,7,0,8,17,16764720,3634,0,0,4621
592,15,0,13,12,16797840,3633,0,0,4636
593,8,0,8,17,16843020,3633,0,0,4644
594,9,0,13,12,16860360,3633,0,0,4653
595,8,0,11,14,16904460,3635,0,0,4661
596,7,0,10,15,16946100,3638,0,0,4668
597,8,0,9,16,16986600,3639,0,0,4676
598,6,0,6,19,17015520,3638,0,0,4682
599,4,0,5,20,17048640,3642,0,0,4686
600,6,0,4,21,17066340,3640,0,0,4692
601,5,0,2,23,17079420,3637,0,0,4697
602,6,0,7,18,17085540,3638,0,0,4703
603,7,0,7,18,17106960,3637,0,0,4710
604,6,0,8,17,17126940,3637,0,0,4716
605,8,0,11,14,17145960,3638,0,0,4724
606,4,0,4,21,17200200,3641,0,0,4728
607,7,0,5,20,17222760,3641,0,0,4735
608,6,0,3,22,17247120,3640,0,0,4741
609,12,0,8,17,17259840,3637,0,0,4753
610,8,0,10,15,17281380,3637,0,0,4761
611,16,0,21,4,17305980,3638,0,0,4777
612,16,0,19,6,17390040,3642,0,0,4793
613,10,0,14,11,17450580,3643,0,0,4803
614,19,0,17,8,17510940,3644,0,0,4822
615,8,0,11,14,17573040,3646,0,0,4830
616,10,0,9,16,17619540,3647,0,0,4840
617,4,0,4,21,17663580,3649,0,0,4844
618,8,0,7,18,17670900,3647,0,0,4852
619,11,0,7,18,17702580,3645,0,0,4863
620,3,0,3,22,17727780,3645,0,0,4866
621,9,0,7,18,17739900,3644,0,0,4875
622,6,0,4,21,17769360,3643,0,0,4881
623,7,0,7,18,17783940,3643,0,0,4888
624,4,0,5,20,17801640,3642,0,0,4892
625,6,0,8,17,17811240,3642,0,0,4898
626,4,0,7,18,17841360,3644,0,0,4902
627,6,0,5,20,17860140,3642,0,0,4908
628,8,0,7,18,17886300,3643,0,0,4916
629,5,0,5,20,17915040,3644,0,0,4921
630,7,0,7,18,17930700,3643,0,0,4928
631,8,0,7,18,17965680,3644,0,0,4936
632,11,0,11,14,17982600,3643,0,0,4947
633,9,0,10,15,18014280,3642,0,0,4956
634,9,0,7,18,18062880,3643,0,0,4965
635,14,0,11,14,18088500,3641,0,0,4979
636,8,0,9,16,18124260,3640,0,0,4987
637,8,0,5,20,18159300,3639,0,0,4995
638,11,0,7,18,18196380,3640,0,0,5006
639,11,0,12,13,18211800,3638,0,0,5017
640,9,0,8,17,18251580,3637,0,0,5026
641,13,0,11,14,18297180,3639,0,0,5039
642,9,0,13,12,18321060,3638,0,0,5048
643,13,0,10,15,18389280,3640,0,0,5061
644,7,0,10,15,18414420,3640,0,0,5068
645,6,0,10,15,18445920,3642,0,0,5074
646,3,0,7,18,18477180,3644,0,0,5077
647,4,0,6,19,18508560,3647,0,0,5081
648,12,0,12,13,18529200,3646,0,0,5093
649,7,0,5,20,18579480,3646,0,0,5100
650,5,0,4,21,18604200,3647,0,0,5105
651,6,0,2,23,18628800,3646,0,0,5111
652,8,0,7,18,18638160,3645,0,0,5119
653,10,0,13,12,18643320,3644,0,0,5129
654,11,0,15,10,18683460,3645,0,0,5140
655,4,0,7,18,18735360,3647,0,0,5144
656,13,0,13,12,18756600,3646,0,0,5157
657,12,0,13,12,18801900,3646,0,0,5169
658,16,0,14,11,18851580,3645,0,0,5185
659,9,0,9,16,18898980,3644,0,0,5194
660,4,0,5,20,18933360,3645,0,0,5198
661,11,0,9,16,18953700,3644,0,0,5209
662,11,0,8,17,18987240,3642,0,0,5220
663,10,0,7,18,19024560,3642,0,0,5230
664,12,0,8,17,19056360,3640,0,0,5242
665,10,0,11,14,19084800,3641,0,0,5252
666,10,0,7,18,19131480,3640,0,0,5262
667,4,0,5,20,19148220,3639,0,0,5266
668,5,0,6,19,19166040,3640,0,0,5271
669,8,0,5,20,19192440,3639,0,0,5279
670,2,0,3,22,19216980,3640,0,0,5281
671,6,0,6,19,19230180,3641,0,0,5287
672,9,0,9,16,19238760,3638,0,0,5296
673,1,0,10,15,19238760,3638,0,0,5297
674,5,0,15,10,19238760,3638,0,0,5302
675,5,0,13,12,19265940,3639,0,0,5307
676,7,0,17,8,19275240,3638,0,0,5314
677,8,0,14,11,19308660,3637,0,0,5322
678,8,0,15,10,19337760,3638,0,0,5330
679,6,0,15,10,19357260,3637,0,0,5336
680,5,0,14,11,19376520,3637,0,0,5341
681,12,0,20,5,19400640,3637,0,0,5353
682,11,0,18,7,19432620,3634,0,0,5364
683,11,0,17,8,19467720,3633,0,0,5375
684,12,0,19,6,19507560,3634,0,0,5387
685,9,0,14,11,19557660,3633,0,0,5396
686,5,0,13,12,19573500,3632,0,0,5401
687,7,0,14,11,19594620,3632,0,0,5408
688,7,0,17,8,19601880,3631,0,0,5415
689,7,0,16,9,19632060,3631,0,0,5422
690,16,0,24,1,19665720,3632,0,0,5438
691,6,0,17,8,19720740,3633,0,0,5444
692,4,0,14,11,19755300,3635,0,0,5448
693,10,0,21,4,19765740,3635,0,0,5458
694,4,0,17,8,19813800,3638,0,0,5462
695,4,0,13,12,19850280,3640,0,0,5466
696,10,0,13,12,19865220,3636,0,0,5476
697,2,0,14,11,19870980,3636,0,0,5478
698,8,0,15,10,19905240,3638,0,0,5486
699,5,0,18,7,19913640,3638,0,0,5491
700,12,0,22,3,19938960,3637,0,0,5503
701,8,0,18,7,19985940,3638,0,0,5511
702,9,0,13,12,20049420,3640,0,0,5520
703,7,0,14,11,20066160,3639,0,0,5527
704,4,0,14,11,20074980,3638,0,0,5531
705,7,0,13,12,20104380,3638,0,0,5538
706,6,0,15,10,20114040,3637,0,0,5544
707,8,0,14,11,20153220,3639,0,0,5552
708,12,0,18,7,20173020,3637,0,0,5564
709,8,0,16,9,20209080,3637,0,0,5572
710,9,0,17,8,20230980,3636,0,0,5581
711,18,0,22,3,20270640,3634,0,0,5599
712,15,0,24,1,20307600,3632,0,0,5614
713,9,0,18,7,20357280,3631,0,0,5623
714,12,0,20,5,20404500,3633,0,0,5635
715,7,0,16,9,20449320,3634,0,0,5642
716,7,0,14,11,20478420,3634,0,0,5649
717,10,0,17,8,20498100,3633,0,0,5659
718,6,0,16,9,20518560,3632,0,0,5665
719,4,0,12,13,20562420,3634,0,0,5669
720,5,0,11,14,20571660,3632,0,0,5674
721,5,0,14,11,20586180,3633,0,0,5679
722,2,0,11,14,20604180,3633,0,0,5681
723,8,0,16,9,20611140,3633,0,0,5689
724,4,0,11,14,20639160,3632,0,0,5693
725,10,0,16,9,20655480,3632,0,0,5703
726,4,0,15,10,20675880,3632,0,0,5707
727,9,0,16,9,20702040,3631,0,0,5716
728,7,0,17,8,20723880,3631,0,0,5723
729,7,0,13,12,20765340,3632,0,0,5730
730,4,0,12,13,20794320,3634,0,0,5734
731,12,0,20,5,20803860,3633,0,0,5746
732,12,0,20,5,20836920,3631,0,0,5758
733,12,0,23,2,20870940,3631,0,0,5770
734,14,0,25,0,20914020,3631,960,0,5784
735,7,0,16,9,20980380,3632,960,0,5791
736,11,0,16,9,21025440,3633,960,0,5802
737,15,0,23,2,21044520,3632,960,0,5817
738,12,0,22,3,21095880,3632,8460,1,5829
739,8,1,22,3,21119940,3632,8520,1,5837
740,4,0,17,8,21180960,3636,8700,1,5841
741,6,0,15,10,21219300,3638,8700,1,5847
742,6,0,11,14,21253680,3638,8700,1,5853
743,5,0,11,14,21268440,3637,8700,1,5858
744,3,0,13,12,21269580,3637,8700,1,5861
745,4,0,13,12,21292140,3638,8700,1,5865
746,12,0,19,6,21310680,3637,8700,1,5877
747,10,0,17,8,21340920,3635,8700,1,5887
748,2,0,12,13,21377700,3637,8700,1,5889
749,3,0,10,15,21405000,3639,8700,1,5892
750,6,0,14,11,21411000,3638,8700,1,5898
751,8,0,17,8,21426660,3638,8700,1,5906
752,6,0,12,13,21457680,3636,8700,1,5912
753,7,0,12,13,21473280,3635,8700,1,5919
754,10,0,17,8,21491640,3635,8700,1,5929
755,8,0,17,8,21513360,3634,8700,1,5937
756,6,0,15,10,21558240,3636,8700,1,5943
757,9,0,18,7,21580980,3636,8700,1,5952
758,7,0,17,8,21610680,3636,8700,1,5959
759,13,0,20,5,21638700,3635,8700,1,5972
760,11,0,16,9,21691260,3635,8700,1,5983
761,8,0,18,7,21700800,3633,8700,1,5991
762,12,0,17,8,21744300,3632,8700,1,6003
763,3,0,16,9,21758760,3632,8700,1,6006
764,7,0,14,11,21805200,3634,8700,1,6013
765,10,0,18,7,21827400,3634,8700,1,6023
766,3,0,16,9,21850680,3635,8700,1,6026
767,3,0,10,15,21897840,3638,8700,1,6029
768,5,0,12,13,21908700,3638,8700,1,6034
769,11,0,19,6,21914760,3636,8700,1,6045
770,5,0,16,9,21936480,3635,8700,1,6050
771,7,0,15,10,21974940,3637,8700,1,6057
772,2,0,13,12,22004940,3639,8700,1,6059
773,11,0,17,8,22029420,3639,8700,1,6070
774,11,0,20,5,22050900,3638,8700,1,6081
775,12,0,18,7,22094400,3636,8700,1,6093
776,8,0,16,9,22131780,3637,8700,1,6101
777,13,0,20,5,22152900,3635,8700,1,6114
778,13,0,19,6,22198140,3634,8700,1,6127
779,15,0,20,5,22240740,3632,8700,1,6142
780,9,0,17,8,22284840,3633,8700,1,6151
781,8,0,19,6,22303800,3632,8700,1,6159
782,13,0,20,5,22352880,3633,8700,1,6172
783,9,1,18,7,22392600,3633,11400,1,6181
784,3,0,15,10,22427040,3635,12240,1,6184
785,8,0,16,9,22451820,3635,12240,1,6192
786,12,0,19,6,22484880,3635,12240,1,6204
787,6,0,18,7,22524600,3637,12240,1,6210
788,5,0,11,14,22578720,3639,12240,1,6215
789,4,0,14,11,22582080,3639,12240,1,6219
790,13,0,16,9,22612080,3637,12240,1,6232
791,3,0,12,13,22644780,3638,12240,1,6235
792,3,0,12,13,22659840,3639,12240,1,6238
793,4,0,11,14,22675860,3639,12240,1,6242
794,5,0,12,13,22685400,3638,12240,1,6247
795,3,0,11,14,22698300,3638,12240,1,6250
796,8,0,13,12,22711860,3636,12240,1,6258
797,11,0,20,5,22720920,3635,12240,1,6269
798,6,0,16,9,22761120,3636,12240,1,6275
799,6,0,10,15,22808940,3637,12240,1,6281
800,5,0,11,14,22813380,3635,12240,1,6286
801,8,0,16,9,22822140,3635,12240,1,6294
802,9,0,17,8,22837860,3633,12240,1,6303
803,7,0,17,8,22874820,3634,12240,1,6310
804,8,0,14,11,22916220,3635,12240,1,6318
805,7,0,14,11,22942500,3635,12240,1,6325
806,4,0,13,12,22956240,3634,12240,1,6329
807,15,0,16,9,22985640,3632,12240,1,6344
808,9,0,17,8,23009460,3631,12240,1,6353
809,2,0,12,13,23040060,3632,12240,1,6355
810,9,0,15,10,23059740,3632,12240,1,6364
811,17,0,22,3,23083080,3629,12240,1,6381
812,4,0,17,8,23124000,3631,12240,1,6385
813,2,0,12,13,23170020,3634,12240,1,6387
814,8,0,15,10,23196720,3635,12240,1,6395
815,3,0,14,11,23205900,3635,12240,1,6398
816,3,0,12,13,23224740,3635,12240,1,6401
817,3,0,11,14,23242800,3635,12240,1,6404
818,3,0,13,12,23245080,3635,12240,1,6407
819,2,0,11,14,23261220,3635,12240,1,6409
820,4,0,10,15,23277540,3635,12240,1,6413
821,4,0,11,14,23284080,3634,12240,1,6417
822,5,0,10,15,23296380,3633,12240,1,6422
823,5,0,14,11,23300160,3633,12240,1,6427
824,11,0,15,10,23322180,3631,12240,1,6438
825,6,0,15,10,23350500,3632,12240,1,6444
826,8,0,15,10,23373360,3631,12240,1,6452
827,8,0,16,9,23400660,3631,12240,1,6460
828,10,0,21,4,23413920,3630,12240,1,6470
829,12,0,23,2,23436000,3628,12300,1,6482
830,16,0,20,5,23505900,3628,12300,1,6498
831,11,1,20,5,23541060,3628,12300,1,6509
832,7,0,17,8,23587440,3629,12360,1,6516
833,18,7,21,4,23619180,3630,13920,2,6534
834,14,15,18,7,23667960,3632,19320,2,6548
835,11,23,16,9,23701380,3635,24120,3,6559
836,4,21,16,9,23746260,3638,39780,6,6563
837,5,20,21,4,23750220,3638,56160,8,6568
838,3,2,24,1,23822880,3639,303840,46,6571
839,4,0,14,11,23866680,3637,337860,51,6575
840,0,0,10,15,23887680,3638,337860,51,6575
841,4,0,11,14,23902500,3639,337860,51,6579
842,3,0,11,14,23910900,3638,337860,51,6582
843,4,0,13,12,23914320,3638,337860,51,6586
844,7,0,15,10,23931180,3638,337860,51,6593
845,5,0,13,12,23951340,3637,337860,51,6598
846,10,0,15,10,23973720,3636,337860,51,6608
847,9,0,17,8,23998020,3636,337860,51,6617
848,7,0,13,12,24037500,3635,337860,51,6624
849,4,0,11,14,24056400,3635,337860,50,6628
850,12,0,18,7,24072840,3635,337860,50,6640
851,11,0,19,6,24095760,3633,337860,50,6651
852,13,0,19,6,24129360,3631,337860,50,6664
853,16,0,23,2,24168300,3630,337860,50,6680
854,10,0,18,7,24217740,3629,337860,50,6690
855,12,0,21,4,24255120,3630,337860,50,6702
856,6,0,16,9,24297420,3630,337860,50,6708
857,14,0,21,4,24327840,3630,337860,50,6722
858,11,0,19,6,24376860,3630,337860,50,6733
859,2,0,14,11,24403380,3630,337860,50,6735
860,11,0,15,10,24448860,3632,337860,50,6746
861,6,0,18,7,24455700,3631,337860,50,6752
862,12,0,17,8,24512820,3633,337860,49,6764
863,14,0,16,9,24546780,3630,337860,49,6778
864,7,0,15,10,24575520,3630,337860,49,6785
865,7,0,15,10,24603000,3630,337860,49,6792
866,8,0,14,11,24629940,3629,337860,49,6800
867,2,0,9,16,24656460,3629,337860,49,6802
868,9,0,16,9,24660360,3629,337860,49,6811
869,3,0,13,12,24675360,3628,337860,49,6814
870,8,0,14,11,24694800,3627,337860,49,6822
871,8,0,15,10,24716460,3626,337860,49,6830
872,7,0,16,9,24740400,3627,337860,49,6837
873,7,0,18,7,24753480,3626,337860,49,6844
874,11,0,20,5,24795360,3627,339960,49,6855
875,14,0,18,7,24845280,3626,339960,49,6869
876,10,0,22,3,24870600,3627,339960,49,6879
877,4,0,11,14,24941940,3629,339960,49,6883
878,12,0,17,8,24954840,3628,339960,49,6895
879,13,0,17,8,24987420,3626,339960,49,6908
880,13,0,19,6,25017840,3624,339960,49,6921
881,8,0,15,10,25051380,3623,339960,49,6929
882,6,0,16,9,25071600,3623,339960,49,6935
883,10,0,17,8,25112880,3624,339960,48,6945
884,9,0,20,5,25124760,3623,339960,48,6954
885,5,0,13,12,25186980,3626,339960,48,6959
886,5,0,14,11,25200360,3625,339960,48,6964
887,5,0,13,12,25231200,3627,339960,48,6969
888,5,0,13,12,25245960,3626,339960,48,6974
889,6,0,17,8,25255740,3627,339960,48,6980
890,6,0,16,9,25292640,3628,339960,48,6986
891,5,0,14,11,25310220,3627,339960,48,6991
892,5,0,14,11,25334280,3628,339960,48,6996
893,7,0,16,9,25357500,3629,339960,48,7003
894,7,0,16,9,25378140,3628,339960,48,7010
895,9,0,19,6,25410540,3630,339960,48,7019
896,12,0,21,4,25448580,3630,339960,48,7031
897,4,0,15,10,25487880,3630,339960,48,7035
898,8,0,17,8,25521240,3632,339960,48,7043
899,8,0,18,7,25537920,3631,339960,48,7051
900,10,0,18,7,25593600,3633,339960,48,7061
901,12,0,18,7,25627860,3632,339960,48,7073
902,10,0,17,8,25661460,3631,339960,47,7083
903,9,0,16,9,25693620,3631,339960,47,7092
904,2,0,12,13,25724820,3632,339960,47,7094
905,13,0,15,10,25759080,3632,339960,47,7107
906,6,0,11,14,25783320,3630,339960,47,7113
907,10,0,14,11,25797420,3628,339960,47,7123
908,3,0,12,13,25820880,3629,339960,47,7126
909,6,0,12,13,25842420,3629,339960,47,7132
910,2,0,12,13,25846560,3629,339960,47,7134
911,7,0,12,13,25872480,3629,339960,47,7141
912,4,0,12,13,25888080,3629,339960,47,7145
913,2,0,9,16,25904220,3629,339960,47,7147
914,2,0,9,16,25908840,3628,339960,47,7149
915,9,0,13,12,25915740,3627,339960,47,7158
916,8,0,14,11,25932720,3625,339960,47,7166
917,10,0,18,7,25945980,3624,339960,47,7176
918,6,0,16,9,25977840,3625,339960,47,7182
919,5,0,16,9,26003760,3626,339960,47,7187
920,16,0,23,2,26038440,3626,340260,47,7203
921,11,0,21,4,26078820,3625,340260,47,7214
922,11,0,20,5,26128980,3626,340260,47,7225
923,5,0,17,8,26175900,3628,340260,47,7230
924,6,0,14,11,26208540,3628,340260,47,7236
925,20,0,17,8,26254020,3626,340260,46,7256
926,15,0,20,5,26284860,3624,340260,46,7271
927,10,0,20,5,26317920,3624,340260,46,7281
928,11,0,17,8,26358300,3623,340260,46,7292
929,13,0,18,7,26397840,3622,340260,46,7305
930,5,0,12,13,26433300,3621,340260,46,7310
931,10,0,16,9,26458860,3622,340260,46,7320
932,4,0,12,13,26480640,3621,340260,46,7324
933,11,0,18,7,26498160,3621,340260,46,7335
934,6,0,15,10,26537160,3622,340260,46,7341
935,7,0,14,11,26556540,3621,340260,46,7348
936,4,0,12,13,26588880,3622,340260,46,7352
937,6,0,14,11,26608500,3623,340260,46,7358
938,7,0,15,10,26617260,3621,340260,46,7365
939,7,0,14,11,26642880,3620,340260,46,7372
940,7,0,15,10,26659860,3620,340260,46,7379
941,5,0,14,11,26685360,3620,340260,46,7384
942,10,0,16,9,26710080,3620,340260,46,7394
943,5,0,13,12,26733660,3619,340260,45,7399
944,6,0,12,13,26765940,3620,340260,45,7405
945,4,0,11,14,26779020,3619,340260,45,7409
946,8,0,15,10,26791740,3619,340260,45,7417
947,8,0,17,8,26815320,3619,340260,45,7425
948,12,0,19,6,26849160,3619,340260,45,7437
949,12,0,19,6,26888760,3618,340260,45,7449
950,12,0,19,6,26919660,3617,340260,45,7461
951,10,0,21,4,26959380,3618,340260,45,7471
952,8,0,16,9,27001560,3618,340260,45,7479
953,11,0,19,6,27036900,3618,340260,45,7490
954,17,0,19,6,27068220,3614,340260,45,7507
955,5,0,14,11,27118260,3616,340260,45,7512
956,6,0,12,13,27154080,3617,340260,45,7518
957,3,0,12,13,27170520,3618,340260,45,7521
958,5,0,13,12,27186840,3618,340260,45,7526
959,7,0,12,13,27208200,3617,340260,45,7533
960,5,0,11,14,27232680,3617,340260,45,7538
961,4,0,14,11,27235140,3617,340260,45,7542
962,7,0,13,12,27261600,3617,340260,45,7549
963,0,0,10,15,27281460,3618,340260,45,7549
964,2,0,11,14,27289860,3619,340260,45,7551
965,8,0,14,11,27304620,3618,340260,45,7559
966,4,0,15,10,27314040,3618,340260,44,7563
967,6,0,17,8,27338400,3620,340260,44,7569
968,5,0,13,12,27376680,3620,340260,44,7574
969,13,0,15,10,27393000,3617,340260,44,7587
970,7,0,19,6,27408360,3618,340260,44,7594
971,15,0,22,3,27455880,3618,340260,44,7609
972,14,0,20,5,27510060,3618,340260,44,7623
973,9,0,18,7,27556680,3619,340260,44,7632
974,12,0,17,8,27594900,3618,340260,44,7644
975,9,0,18,7,27614160,3616,340260,44,7653
976,16,0,19,6,27662880,3616,340260,44,7669
977,11,0,18,7,27694020,3614,340260,44,7680
978,4,0,11,14,27736620,3614,340260,44,7684
979,9,0,13,12,27763620,3615,340260,44,7693
980,9,0,16,9,27780360,3614,340260,44,7702
981,11,0,19,6,27803700,3613,340260,44,7713
982,4,0,14,11,27840360,3614,340260,44,7717
983,5,0,11,14,27871920,3614,340260,44,7722
984,2,0,12,13,27878760,3614,340260,44,7724
985,7,0,16,9,27900240,3616,340260,44,7731
986,5,0,14,11,27934560,3617,340260,43,7736
987,2,0,13,12,27948840,3617,340260,43,7738
988,9,0,18,7,27972240,3619,340260,43,7747
989,5,0,17,8,27989820,3618,340260,43,7752
990,5,0,15,10,28010820,3618,340260,43,7757
991,7,0,16,9,28036740,3618,340260,43,7764
992,8,0,16,9,28078020,3620,340260,43,7772
993,12,0,17,8,28106460,3618,340260,43,7784
994,16,0,23,2,28139400,3618,340260,43,7800
995,13,0,24,1,28185660,3618,340620,43,7813
996,6,0,17,8,28248000,3620,340620,43,7819
997,6,0,15,10,28285080,3621,340620,43,7825
998,13,0,15,10,28322760,3620,340620,43,7838
999,13,0,23,2,28337160,3619,340620,43,7851
1000,9,0,16,9,28382940,3618,340620,43,7860
1001,13,0,17,8,28419360,3617,340620,43,7873
1002,10,0,18,7,28446180,3616,340620,43,7883
1003,9,0,20,5,28486500,3618,340620,43,7892
1004,9,0,19,6,28526580,3619,340620,43,7901
1005,12,0,21,4,28574640,3620,340620,43,7913
1006,3,0,13,12,28614540,3620,340620,43,7916
1007,11,0,18,7,28649460,3622,340620,42,7927
1008,7,0,15,10,28673400,3620,340620,42,7934
1009,7,0,16,9,28691280,3620,340620,42,7941
1010,9,0,15,10,28723380,3619,340620,42,7950
1011,5,0,17,8,28734540,3619,340620,42,7955
1012,6,0,14,11,28762980,3619,340620,42,7961
1013,7,0,18,7,28776720,3619,340620,42,7968
1014,5,0,14,11,28821780,3621,340620,42,7973
1015,9,0,17,8,28830840,3619,340620,42,7982
1016,14,0,19,6,28879920,3620,340620,42,7996
1017,7,0,16,9,28908060,3619,340620,42,8003
1018,12,0,20,5,28931220,3618,340620,42,8015
1019,12,3,24,1,28947420,3618,341340,42,8027
1020,10,0,16,9,29029560,3619,344700,42,8037
1021,7,0,14,11,29073060,3620,344700,42,8044
1022,8,0,20,5,29083680,3620,344700,42,8052
1023,6,0,17,8,29123880,3621,344700,42,8058
1024,14,0,20,5,29169180,3622,344700,42,8072
1025,12,0,22,3,29201160,3622,344700,42,8084
1026,10,0,18,7,29251440,3622,344700,42,8094
1027,7,0,17,8,29284440,3622,344700,42,8101
1028,4,0,13,12,29304240,3621,344700,42,8105
1029,5,0,10,15,29336160,3621,344700,42,8110
1030,7,0,14,11,29344920,3621,344700,42,8117
1031,5,0,14,11,29356680,3620,344700,42,8122
1032,2,0,11,14,29392380,3622,344700,42,8124
1033,8,0,15,10,29403240,3622,344700,42,8132
1034,9,0,18,7,29418900,3621,344700,42,8141
1035,3,0,12,13,29460540,3622,344700,42,8144
1036,6,0,14,11,29487060,3624,344700,42,8150
1037,3,0,15,10,29497920,3624,344700,42,8153
1038,7,0,14,11,29527620,3624,344700,42,8160
1039,5,0,13,12,29552100,3625,344700,42,8165
1040,4,0,11,14,29571180,3624,344700,42,8169
1041,5,0,12,13,29581560,3624,344700,42,8174
1042,10,0,16,9,29593200,3623,344700,42,8184
1043,8,0,20,5,29601300,3622,344700,42,8192
1044,11,0,20,5,29647020,3623,344700,42,8203
1045,8,0,19,6,29679540,3622,344700,41,8211
1046,13,0,19,6,29736840,3624,344700,41,8224
1047,11,0,16,9,29781360,3623,344700,41,8235
1048,13,0,21,4,29803320,3622,344700,41,8248
1049,8,0,20,5,29847420,3624,344700,41,8256
1050,13,0,20,5,29895960,3624,344700,41,8269
1051,4,0,14,11,29933700,3624,344700,41,8273
1052,6,0,14,11,29965680,3625,344700,41,8279
1053,6,0,12,13,29989980,3625,344700,41,8285
1054,4,0,13,12,29996220,3624,344700,41,8289
1055,2,0,11,14,30010620,3624,344700,41,8291
1056,4,0,10,15,30032220,3624,344700,41,8295
1057,9,0,17,8,30035880,3624,344700,41,8304
1058,3,0,13,12,30055440,3623,344700,41,8307
1059,5,0,12,13,30077580,3623,344700,41,8312
1060,4,0,13,12,30087180,3623,344700,41,8316
1061,2,0,10,15,30112200,3624,344700,41,8318
1062,6,0,13,12,30121260,3624,344700,41,8324
1063,7,0,13,12,30135420,3622,344700,41,8331
1064,9,0,18,7,30157380,3623,344700,41,8340
1065,7,0,13,12,30195120,3623,344700,41,8347
1066,3,0,14,11,30200940,3622,344700,41,8350
1067,3,0,12,13,30237780,3625,344700,41,8353
1068,12,0,17,8,30251340,3623,344700,41,8365
1069,13,0,19,6,30276780,3622,344700,41,8378
1070,16,0,25,0,30318180,3622,345720,41,8394
1071,16,7,25,0,30347760,3622,348120,41,8410
1072,11,0,22,3,30434160,3623,366000,43,8421
1073,7,0,19,6,30474300,3624,366000,43,8428
1074,8,0,14,11,30523380,3624,366000,43,8436
1075,10,0,18,7,30540720,3623,366000,43,8446
1076,9,0,20,5,30563940,3623,366000,43,8455
1077,6,0,16,9,30605880,3624,366000,43,8461
1078,14,0,21,4,30629940,3623,366000,43,8475
1079,6,0,17,8,30672900,3623,366000,43,8481
1080,4,0,13,12,30715680,3625,366000,43,8485
1081,3,0,10,15,30738840,3625,366000,43,8488
1082,3,0,10,15,30748080,3625,366000,43,8491
1083,3,0,10,15,30763140,3626,366000,43,8494
1084,8,0,13,12,30771240,3624,366000,43,8502
1085,10,0,18,7,30783540,3624,366000,42,8512
1086,5,0,17,8,30804300,3624,366000,42,8517
1087,5,0,12,13,30848640,3624,366000,42,8522
1088,1,0,10,15,30865200,3625,366000,42,8523
1089,8,0,15,10,30872580,3625,366000,42,8531
1090,9,0,19,6,30879600,3623,366000,42,8540
1091,7,0,17,8,30916320,3624,366000,42,8547
1092,14,0,20,5,30954420,3624,366000,42,8561
1093,10,0,17,8,30998640,3623,366000,42,8571
1094,14,0,23,2,31028580,3623,366000,42,8585
1095,10,0,21,4,31068120,3623,368940,42,8595
1096,7,0,16,9,31117080,3624,368940,42,8602
1097,12,0,22,3,31139880,3624,368940,42,8614
1098,8,0,17,8,31187580,3624,368940,42,8622
1099,9,0,19,6,31215240,3624,368940,42,8631
1100,8,0,14,11,31263420,3624,368940,42,8639
1101,5,0,13,12,31280940,3624,368940,42,8644
1102,7,0,16,9,31288200,3623,368940,42,8651
1103,1,0,12,13,31313520,3624,368940,42,8652
1104,4,0,12,13,31332600,3624,368940,42,8656
1105,8,0,17,8,31336080,3623,368940,42,8664
1106,5,0,15,10,31366500,3624,368940,42,8669
1107,5,0,13,12,31394220,3624,368940,42,8674
1108,6,0,14,11,31411260,3624,368940,42,8680
1109,1,0,11,14,31428660,3624,368940,42,8681
1110,9,0,16,9,31435920,3624,368940,42,8690
1111,5,0,13,12,31472400,3625,368940,42,8695
1112,7,0,14,11,31482960,3623,368940,42,8702
1113,8,0,15,10,31518180,3624,368940,42,8710
1114,9,0,16,9,31536480,3623,368940,42,8719
1115,6,0,12,13,31565580,3622,368940,42,8725
1116,8,0,17,8,31579200,3623,368940,42,8733
1117,9,0,17,8,31607340,3622,368940,42,8742
1118,7,0,15,10,31642560,3622,368940,42,8749
1119,14,0,18,7,31677300,3622,369900,42,8763
1120,13,0,24,1,31697460,3621,370200,42,8776
1121,6,0,16,9,31752240,3622,370200,42,8782
1122,11,0,19,6,31784340,3622,370200,42,8793
1123,7,0,18,7,31827000,3624,370200,42,8800
1124,3,0,11,14,31870860,3624,370200,42,8803
1125,6,0,10,15,31886760,3623,370200,42,8809
1126,8,0,14,11,31890180,3622,370200,41,8817
1127,5,0,13,12,31912020,3622,370200,41,8822
1128,4,0,13,12,31919520,3621,370200,41,8826
1129,3,0,12,13,31939260,3622,370200,41,8829
1130,3,0,13,12,31948140,3622,370200,41,8832
1131,4,0,11,14,31970880,3622,370200,41,8836
1132,5,0,11,14,31986360,3622,370200,41,8841
1133,8,0,14,11,31997040,3621,370200,41,8849
1134,6,0,17,8,32007300,3621,370200,41,8855
1135,8,0,16,9,32047200,3622,370200,41,8863
1136,8,0,20,5,32067660,3623,370200,41,8871
1137,5,0,16,9,32108820,3624,370200,41,8876
1138,14,0,19,6,32157420,3625,370200,41,8890
1139,10,0,15,10,32194140,3623,370200,41,8900
1140,6,0,14,11,32220780,3623,370200,41,8906
1141,11,0,19,6,32241360,3623,370200,41,8917
1142,11,8,16,9,32261580,3623,370500,41,8928
1143,14,17,16,9,32299260,3625,381360,42,8942
1144,8,19,20,5,32324100,3627,399660,44,8950
1145,9,17,25,0,32368800,3630,422400,47,8959
1146,10,9,25,0,32437980,3630,536640,59,8969
1147,10,0,16,9,32507040,3626,600960,66,8979
1148,5,0,14,11,32534040,3626,600960,66,8984
1149,6,0,17,8,32547900,3627,600960,66,8990
1150,10,0,20,5,32583420,3628,600960,66,9000
1151,6,0,16,9,32617440,3628,600960,66,9006
1152,6,0,13,12,32662140,3629,600960,66,9012
1153,7,0,15,10,32672820,3628,600960,66,9019
1154,4,0,13,12,32695800,3628,600960,66,9023
1155,8,0,14,11,32727780,3629,600960,66,9031
1156,7,0,15,10,32747100,3629,600960,66,9038
1157,5,0,13,12,32773440,3629,600960,66,9043
1158,10,0,18,7,32784420,3628,600960,66,9053
1159,10,0,17,8,32811840,3627,600960,66,9063
1160,8,0,15,10,32860500,3628,600960,66,9071
1161,14,0,22,3,32889360,3628,600960,66,9085
1162,16,2,25,0,32920800,3628,601920,66,9101
1163,13,0,20,5,32991780,3627,603180,66,9114
1164,13,0,19,6,33039120,3627,603300,66,9127
1165,9,0,18,7,33081480,3628,603300,66,9136
1166,10,0,14,11,33123960,3627,603300,65,9146
1167,16,0,23,2,33144660,3626,603300,65,9162
1168,9,0,21,4,33180780,3626,603300,65,9171
1169,13,0,22,3,33217140,3625,608220,66,9184
1170,7,0,22,3,33244560,3625,608220,66,9191
1171,4,0,13,12,33315060,3628,608220,66,9195
1172,6,0,15,10,33340020,3629,608220,66,9201
1173,8,0,16,9,33353340,3628,608220,66,9209
1174,9,0,14,11,33393960,3628,608220,65,9218
1175,3,0,16,9,33396540,3628,608220,65,9221
1176,8,0,18,7,33422700,3628,608220,65,9229
1177,7,0,15,10,33458940,3628,608220,65,9236
1178,6,0,14,11,33486120,3628,608220,65,9242
1179,6,0,13,12,33515400,3629,608220,65,9248
1180,5,0,12,13,33540240,3629,608220,65,9253
1181,4,0,12,13,33552780,3629,608220,65,9257
1182,5,0,12,13,33566460,3628,608220,65,9262
1183,4,0,13,12,33582300,3629,608220,65,9266
1184,4,0,15,10,33594120,3629,608220,65,9270
1185,19,0,22,3,33628680,3628,608220,65,9289
1186,12,0,23,2,33660180,3627,608220,65,9301
1187,11,1,20,5,33729900,3630,612120,65,9312
1188,9,0,20,5,33760680,3629,614220,65,9321
1189,13,0,21,4,33816300,3631,614220,65,9334
1190,12,0,22,3,33866940,3632,614220,65,9346
1191,9,0,16,9,33912840,3631,614220,65,9355
1192,18,0,18,7,33949680,3629,614220,65,9373
1193,8,0,18,7,33967380,3627,614220,65,9381
1194,6,0,13,12,33998460,3626,614220,65,9387
1195,12,0,19,6,34026120,3627,614220,65,9399
1196,2,0,11,14,34053840,3626,614220,65,9401
1197,9,0,16,9,34064640,3626,614220,65,9410
1198,7,0,17,8,34086600,3626,614220,65,9417
1199,8,0,14,11,34112760,3624,614220,65,9425
1200,2,0,15,10,34115940,3624,614220,65,9427
1201,5,0,13,12,34154220,3626,614220,65,9432
1202,3,0,12,13,34175520,3626,614220,65,9435
1203,2,0,11,14,34192800,3627,614220,65,9437
1204,4,0,11,14,34203660,3627,614220,65,9441
1205,6,0,13,12,34215840,3626,614220,65,9447
1206,12,0,20,5,34224120,3625,614220,64,9459
1207,9,0,15,10,34266960,3624,614220,64,9468
1208,14,0,20,5,34294260,3624,614220,64,9482
1209,8,0,17,8,34325040,3623,614220,64,9490
1210,10,0,19,6,34354740,3623,614220,64,9500
1211,10,3,21,4,34383660,3624,616500,64,9510
1212,9,0,21,4,34428000,3624,630900,66,9519
1213,5,0,13,12,34495020,3626,630900,66,9524
1214,4,0,11,14,34513920,3626,630900,66,9528
1215,8,0,18,7,34519620,3626,630900,66,9536
1216,7,0,15,10,34549680,3626,630900,66,9543
1217,6,0,15,10,34564020,3625,630900,66,9549
1218,12,0,20,5,34593240,3625,630900,65,9561
1219,7,0,16,9,34633860,3625,630900,65,9568
1220,8,0,14,11,34667760,3625,630900,65,9576
1221,4,0,9,16,34706280,3626,630900,65,9580
1222,7,0,15,10,34708680,3626,630900,65,9587
1223,3,0,13,12,34722720,3625,630900,65,9590
1224,7,0,14,11,34753260,3626,630900,65,9597
1225,5,0,12,13,34766940,3625,630900,65,9602
1226,4,0,11,14,34790400,3625,630900,65,9606
1227,6,0,12,13,34803000,3625,630900,65,9612
1228,13,0,19,6,34811820,3623,630900,65,9625
1229,10,0,20,5,34846200,3624,630900,65,9635
1230,4,0,11,14,34901340,3624,630900,65,9639
1231,12,0,18,7,34917240,3624,630900,65,9651
1232,5,0,16,9,34938420,3624,630900,65,9656
1233,8,0,17,8,34973040,3625,630900,65,9664
1234,9,0,16,9,35011980,3625,630900,65,9673
1235,8,0,16,9,35036580,3625,630900,65,9681
1236,13,0,22,3,35064720,3625,630900,65,9694
1237,6,0,15,10,35112480,3625,630900,65,9700
1238,17,0,17,8,35152380,3623,630900,64,9717
1239,4,0,13,12,35170620,3622,630900,64,9721
1240,7,0,14,11,35197200,3623,630900,64,9728
1241,10,0,17,8,35216580,3622,630900,64,9738
1242,5,0,13,12,35250480,3622,630900,64,9743
1243,3,0,11,14,35272980,3623,630900,64,9746
1244,5,0,11,14,35286420,3622,630900,64,9751
1245,5,0,11,14,35295960,3621,630900,64,9756
1246,5,0,15,10,35299260,3621,630900,64,9761
1247,6,0,16,9,35323560,3622,630900,64,9767
1248,8,0,16,9,35353860,3622,630900,64,9775
1249,2,0,12,13,35385660,3623,630900,64,9777
1250,7,0,14,11,35409480,3624,630900,64,9784
1251,4,0,15,10,35419560,3624,630900,64,9788
1252,5,0,12,13,35450220,3624,630900,64,9793
1253,11,0,19,6,35460300,3623,630900,64,9804
1254,7,0,18,7,35498640,3624,630900,64,9811
1255,7,0,15,10,35545740,3626,631860,64,9818
1256,9,0,17,8,35582700,3627,631860,64,9827
1257,6,0,15,10,35608380,3626,631860,64,9833
1258,15,0,17,8,35644980,3625,631860,64,9848
1259,10,0,19,6,35685240,3626,631860,64,9858
1260,11,0,20,5,35714940,3626,631860,64,9869
1261,17,0,21,4,35777340,3626,631860,63,9886
1262,9,0,18,7,35814180,3626,631860,63,9895
1263,12,0,20,5,35845440,3625,631860,63,9907
1264,6,0,13,12,35894580,3625,631860,63,9913
1265,7,0,16,9,35909760,3625,631860,63,9920
1266,5,0,14,11,35933880,3625,631860,63,9925
1267,9,0,18,7,35943780,3624,631860,63,9934
1268,7,0,16,9,35990880,3626,631860,63,9941
1269,3,0,15,10,36006540,3626,631860,63,9944
1270,8,0,13,12,36047640,3626,631860,63,9952
1271,1,0,8,17,36067860,3626,631860,63,9953
1272,4,0,12,13,36067860,3626,631860,63,9957
1273,7,0,15,10,36075720,3626,631860,63,9964
1274,2,0,13,12,36092700,3626,631860,63,9966
1275,4,0,14,11,36109320,3626,631860,63,9970
1276,6,0,16,9,36129060,3627,631860,63,9976
1277,7,0,14,11,36164760,3627,631860,63,9983
1278,6,0,13,12,36184500,3627,631860,63,9989
1279,12,0,20,5,36203700,3627,631860,63,10001
1280,12,0,21,4,36230220,3625,631860,63,10013
1281,10,1,20,5,36265320,3625,632040,63,10023
1282,13,0,19,6,36321540,3625,636060,63,10036
1283,11,0,22,3,36340440,3624,636060,63,10047
1284,14,7,17,8,36394620,3626,637260,63,10061
1285,13,11,19,6,36441360,3628,660480,65,10074
1286,7,0,22,3,36477060,3626,711840,70,10081
1287,14,0,20,5,36519540,3624,711840,70,10095
1288,13,0,23,2,36552240,3624,711840,70,10108
1289,9,0,19,6,36605400,3625,711840,70,10117
1290,10,0,18,7,36647280,3625,711840,70,10127
1291,6,0,14,11,36692220,3626,711840,70,10133
1292,5,0,15,10,36702300,3625,711840,70,10138
1293,6,0,13,12,36720000,3624,711840,70,10144
1294,6,0,14,11,36741960,3624,711840,70,10150
1295,2,0,10,15,36763140,3624,711840,70,10152
1296,4,0,13,12,36765600,3624,711840,70,10156
1297,6,0,13,12,36785100,3624,711840,70,10162
1298,11,0,20,5,36791640,3623,711840,69,10173
1299,7,0,15,10,36833280,3623,711840,69,10180
1300,4,0,13,12,36862860,3624,711840,69,10184
1301,4,0,11,14,36877440,3623,711840,69,10188
1302,9,0,17,8,36891240,3623,711840,69,10197
1303,10,0,19,6,36914820,3623,711840,69,10207
1304,8,0,15,10,36961440,3623,711840,69,10215
1305,1,0,12,13,36980520,3624,711840,69,10216
1306,13,0,21,4,37006260,3625,711840,69,10229
1307,6,0,15,10,37040880,3624,711840,69,10235
1308,12,0,17,8,37074600,3624,711840,69,10247
1309,12,0,21,4,37096620,3623,711840,69,10259
1310,12,0,19,6,37139100,3622,711840,69,10271
1311,9,0,14,11,37192500,3622,711840,69,10280
1312,7,0,14,11,37214640,3622,711840,69,10287
1313,6,0,12,13,37246560,3622,711840,69,10293
1314,7,0,16,9,37256940,3622,711840,69,10300
1315,7,0,17,8,37281600,3623,711840,69,10307
1316,4,0,16,9,37306980,3623,711840,69,10311
1317,16,0,19,6,37354920,3623,711840,68,10327
1318,1,0,13,12,37386060,3624,711840,68,10328
1319,7,0,14,11,37414860,3625,711840,68,10335
1320,6,0,16,9,37430880,3625,711840,68,10341
1321,4,0,12,13,37456620,3624,711840,68,10345
1322,8,0,15,10,37466700,3624,711840,68,10353
1323,5,0,14,11,37490160,3624,711840,68,10358
1324,8,0,20,5,37491900,3623,711840,68,10366
1325,4,0,14,11,37534680,3624,711840,68,10370
1326,5,0,9,16,37579200,3625,711840,68,10375
1327,7,0,13,12,37584720,3624,711840,68,10382
1328,8,0,16,9,37595400,3624,711840,68,10390
1329,12,0,20,5,37629900,3624,711840,68,10402
1330,7,0,16,9,37675800,3625,711840,68,10409
1331,6,0,15,10,37705740,3625,711840,68,10415
1332,8,0,16,9,37733280,3625,711840,68,10423
1333,9,0,14,11,37764660,3624,711840,68,10432
1334,6,0,15,10,37789680,3625,711840,68,10438
1335,14,0,20,5,37814940,3624,711840,68,10452
1336,12,1,25,0,37839480,3625,712200,68,10464
1337,5,0,20,5,37881000,3625,712980,68,10469
1338,7,0,16,9,37932180,3626,712980,68,10476
1339,5,0,16,9,37953360,3626,712980,68,10481
1340,7,0,13,12,37998660,3627,712980,67,10488
1341,9,0,15,10,38022120,3627,712980,67,10497
1342,4,0,15,10,38033580,3627,712980,67,10501
1343,3,0,11,14,38061900,3627,712980,67,10504
1344,6,0,15,10,38072700,3627,712980,67,10510
1345,6,0,18,7,38074320,3626,712980,67,10516
1346,7,0,19,6,38088120,3626,712980,67,10523
1347,4,0,19,6,38095680,3625,712980,67,10527
1348,4,0,16,9,38131680,3626,712980,67,10531
1349,0,0,14,11,38141940,3626,712980,67,10531
1350,7,0,21,4,38141940,3626,712980,67,10538
1351,7,0,22,3,38152740,3625,712980,67,10545
1352,13,0,24,1,38188620,3625,712980,67,10558
1353,8,2,25,0,38210460,3625,713220,67,10566
1354,5,0,21,4,38250780,3625,714240,67,10571
1355,11,2,25,0,38274720,3626,714300,67,10582
1356,15,11,24,1,38316240,3627,719520,67,10597
1357,7,15,23,2,38343720,3628,726540,68,10604
1358,11,22,25,0,38355480,3629,727920,68,10615
1359,8,23,25,0,38412960,3632,736620,69,10623
1360,11,27,25,0,38452620,3633,752280,70,10634
1361,10,28,25,0,38498520,3635,771300,72,10644
1362,10,31,25,0,38537700,3636,807900,75,10654
1363,10,31,25,0,38588400,3637,844980,79,10664
1364,6,30,25,0,38617380,3638,879660,82,10670
1365,6,24,25,0,38668680,3638,1040580,97,10676
1366,2,13,25,0,38709240,3638,1356120,127,10678
1367,6,0,18,7,38755260,3633,1624140,152,10684
1368,8,0,23,2,38760180,3632,1624140,151,10692
1369,4,0,19,6,38794140,3633,1624140,151,10696
1370,3,0,18,7,38810400,3633,1624140,151,10699
1371,6,0,20,5,38828940,3633,1624140,151,10705
1372,6,0,22,3,38840700,3633,1624140,151,10711
1373,4,0,21,4,38868540,3634,1624140,151,10715
1374,13,1,25,0,38904780,3635,1627200,151,10728
1375,12,5,25,0,38931960,3635,1631220,151,10740
1376,10,3,25,0,38976540,3635,1650360,153,10750
1377,10,2,25,0,39014640,3635,1660380,154,10760
1378,10,0,23,2,39071640,3635,1666020,154,10770
1379,12,2,25,0,39097200,3635,1668180,154,10782
1380,10,6,25,0,39123000,3635,1673820,155,10792
1381,9,5,25,0,39172140,3636,1697400,157,10801
1382,8,1,23,2,39212520,3635,1716660,158,10809
1383,7,0,23,2,39246000,3636,1720440,159,10816
1384,10,0,20,5,39289620,3635,1720440,158,10826
1385,7,0,25,0,39294720,3635,1720440,158,10833
1386,11,3,25,0,39329820,3636,1724280,159,10844
1387,10,1,25,0,39365880,3635,1738800,160,10854
1388,10,0,21,4,39414060,3634,1745640,160,10864
1389,8,0,22,3,39439020,3634,1745640,160,10872
1390,5,0,21,4,39457740,3634,1745640,160,10877
1391,2,0,17,8,39488820,3635,1745640,160,10879
1392,4,0,16,9,39504000,3635,1745640,160,10883
1393,1,0,14,11,39516840,3635,1745640,160,10884
1394,3,0,16,9,39517980,3635,1745640,160,10887
1395,1,0,17,8,39517980,3635,1745640,160,10888
1396,6,0,19,6,39526200,3634,1745640,160,10894
1397,6,0,21,4,39549540,3635,1745640,160,10900
1398,6,0,23,2,39566700,3635,1745640,160,10906
1399,5,0,20,5,39604320,3636,1745640,159,10911
1400,5,0,20,5,39627360,3636,1745640,159,10916
1401,4,0,17,8,39656400,3637,1745640,159,10920
1402,8,0,21,4,39670320,3637,1745640,159,10928
1403,15,3,25,0,39692400,3636,1746660,159,10943
1404,9,2,25,0,39741360,3637,1760640,160,10952
1405,7,1,25,0,39763560,3637,1769940,161,10959
1406,17,11,24,1,39810780,3638,1773360,161,10976
1407,9,17,22,3,39838080,3639,1777020,161,10985
1408,10,21,24,1,39863400,3640,1785060,162,10995
1409,11,26,25,0,39897900,3641,1796280,163,11006
1410,8,26,25,0,39948180,3643,1815720,164,11014
1411,9,30,25,0,39981420,3645,1840260,166,11023
1412,7,30,25,0,40012560,3645,1871220,169,11030
1413,5,26,25,0,40058760,3647,1906920,172,11035
1414,6,17,25,0,40113720,3647,2099640,190,11041
1415,2,1,25,0,40151940,3644,2493360,225,11043
1416,0,0,15,10,40181340,3643,2493600,225,11043
1417,7,0,19,6,40192140,3643,2493600,225,11050
1418,4,0,18,7,40207320,3643,2493600,225,11054
1419,7,0,20,5,40216800,3642,2493600,225,11061
1420,5,0,18,7,40236840,3642,2493600,225,11066
1421,14,0,22,3,40265760,3641,2494440,225,11080
1422,10,0,23,2,40289640,3640,2494500,224,11090
1423,15,3,25,0,40316640,3639,2496780,224,11105
1424,10,6,25,0,40360440,3641,2503680,225,11115
1425,7,6,25,0,40397040,3642,2519640,226,11122
1426,10,0,24,1,40449660,3641,2555520,229,11132
1427,10,0,21,4,40480080,3639,2555520,229,11142
1428,6,0,19,6,40499040,3639,2555520,229,11148
1429,9,0,18,7,40517160,3637,2555520,229,11157
1430,8,0,17,8,40551360,3637,2555520,228,11165
1431,9,0,24,1,40553760,3637,2555520,228,11174
1432,12,4,25,0,40590240,3638,2559420,228,11186
1433,11,0,25,0,40630620,3636,2569920,229,11197
1434,6,0,19,6,40679940,3637,2569980,229,11203
1435,8,0,24,1,40690800,3637,2569980,229,11211
1436,5,0,20,5,40727040,3637,2570880,229,11216
1437,12,0,23,2,40758540,3637,2570880,228,11228
1438,11,0,25,0,40789320,3637,2571300,228,11239
1439,3,0,18,7,40831320,3637,2571300,228,11242
1440,4,0,20,5,40843440,3638,2571300,228,11246
1441,7,0,21,4,40866840,3638,2571300,228,11253
1442,8,0,20,5,40890840,3637,2571300,228,11261
1443,10,1,25,0,40906020,3637,2572920,228,11271
1444,9,1,25,0,40937520,3637,2573940,228,11280
1445,5,0,17,8,40998540,3638,2574000,228,11285
1446,4,0,20,5,41004300,3638,2574000,228,11289
1447,4,0,19,6,41024460,3638,2574000,227,11293
1448,6,0,20,5,41046180,3639,2574000,227,11299
1449,9,0,21,4,41069040,3638,2574000,227,11308
1450,12,0,24,1,41097120,3638,2574000,227,11320
1451,6,0,20,5,41125500,3637,2574240,227,11326
1452,19,6,25,0,41156400,3637,2579040,227,11345
1453,12,13,25,0,41185500,3638,2584440,227,11357
1454,5,11,25,0,41227920,3640,2598120,228,11362
1455,13,17,25,0,41264460,3641,2622300,230,11375
1456,13,28,20,5,41292660,3641,2623560,230,11388
1457,5,25,23,2,41335920,3643,2650380,232,11393
1458,12,26,25,0,41369520,3643,2719920,238,11405
1459,11,27,25,0,41406420,3643,2795280,244,11416
1460,7,23,25,0,41448240,3643,2831760,247,11423
1461,11,20,25,0,41493540,3643,2925360,255,11434
1462,4,0,18,7,41539620,3637,3270000,285,11438
1463,6,0,18,7,41556300,3636,3270000,285,11444
1464,7,0,23,2,41558040,3636,3270000,285,11451
1465,10,0,19,6,41604120,3636,3270000,285,11461
1466,12,0,24,1,41624220,3635,3270000,285,11473
1467,3,0,22,3,41634840,3634,3270000,284,11476
1468,5,0,22,3,41657220,3635,3270000,284,11481
1469,7,0,22,3,41688780,3635,3270000,284,11488
1470,5,0,18,7,41718300,3635,3270000,284,11493
1471,11,0,24,1,41733180,3635,3270000,284,11504
1472,5,0,21,4,41770500,3636,3270000,284,11509
1473,12,2,25,0,41804100,3637,3275400,284,11521
1474,17,15,23,2,41823840,3636,3276720,284,11538
1475,7,17,21,4,41870760,3638,3285900,284,11545
1476,20,30,24,1,41887200,3638,3303540,285,11565
1477,11,40,20,5,41916780,3639,3309000,285,11576
1478,11,39,22,3,41968560,3642,3329700,287,11587
1479,7,37,25,0,41986380,3643,3365940,290,11594
1480,14,40,25,0,42003240,3643,3391260,292,11608
1481,8,35,25,0,42071940,3645,3494460,301,11616
1482,12,38,25,0,42102720,3645,3565980,307,11628
1483,9,37,25,0,42140220,3645,3619500,311,11637
1484,11,38,25,0,42179160,3646,3632280,312,11648
1485,8,33,25,0,42235980,3647,3910800,336,11656
1486,7,16,25,0,42269820,3643,4399920,377,11663
1487,6,4,25,0,42303900,3640,4726080,405,11669
1488,3,0,22,3,42330060,3639,4804380,412,11672
1489,5,0,19,6,42377880,3641,4804380,412,11677
1490,3,0,19,6,42388920,3641,4804380,412,11680
1491,2,0,17,8,42408180,3641,4804380,411,11682
1492,4,0,19,6,42410280,3640,4804380,411,11686
1493,6,0,20,5,42441300,3642,4804380,411,11692
1494,6,0,19,6,42463260,3641,4804380,411,11698
1495,7,0,19,6,42485640,3641,4804380,411,11705
1496,8,0,23,2,42499380,3641,4804380,410,11713
1497,11,0,21,4,42541440,3640,4804740,410,11724
1498,10,0,23,2,42556860,3639,4804740,410,11734
1499,13,4,25,0,42595980,3640,4805700,409,11747
1500,10,2,25,0,42637740,3640,4817700,410,11757
1501,11,3,25,0,42666720,3640,4824660,410,11768
1502,14,8,25,0,42712200,3641,4833960,410,11782
1503,12,11,25,0,42756720,3642,4843980,411,11794
1504,12,17,25,0,42786960,3642,4853640,411,11806
1505,9,18,25,0,42829560,3644,4871640,413,11815
1506,7,17,25,0,42865800,3644,4894560,414,11822
1507,10,16,25,0,42915780,3645,4918740,416,11832
1508,6,5,25,0,42955560,3643,5057520,427,11838
1509,7,0,20,5,42999720,3642,5156640,436,11845
1510,9,0,23,2,43021440,3642,5156640,435,11854
1511,9,0,21,4,43049100,3641,5157240,435,11863
1512,4,0,19,6,43069680,3641,5157240,435,11867
1513,6,0,21,4,43087380,3641,5157240,435,11873
1514,5,0,18,7,43112040,3640,5157240,434,11878
1515,6,0,18,7,43125960,3640,5157240,434,11884
1516,4,0,18,7,43137780,3640,5157240,434,11888
1517,8,0,20,5,43150380,3639,5157240,434,11896
1518,6,0,24,1,43155300,3639,5157240,434,11902
1519,9,0,25,0,43184580,3639,5157240,433,11911
1520,13,3,25,0,43226760,3639,5160900,433,11924
1521,14,10,25,0,43262640,3640,5167740,433,11938
1522,11,14,25,0,43299420,3641,5181960,434,11949
1523,4,11,25,0,43335000,3642,5197500,435,11953
1524,11,5,25,0,43390080,3641,5272740,441,11964
1525,8,0,22,3,43427940,3639,5300220,443,11972
1526,14,0,24,1,43464780,3639,5300580,442,11986
1527,8,0,25,0,43481820,3638,5300880,442,11994
1528,8,0,24,1,43523520,3639,5301660,442,12002
1529,7,2,22,3,43556220,3639,5301900,442,12009
1530,9,6,22,3,43586760,3641,5314800,442,12018
1531,11,9,25,0,43620240,3642,5323980,443,12029
1532,10,9,25,0,43664760,3642,5337900,444,12039
1533,4,0,25,0,43700040,3641,5412300,450,12043
1534,5,0,19,6,43742280,3642,5412300,449,12048
1535,1,0,16,9,43755480,3642,5412300,449,12049
1536,4,0,18,7,43765620,3642,5412300,449,12053
1537,7,0,20,5,43773060,3641,5412300,449,12060
1538,4,0,18,7,43788780,3640,5412300,449,12064
1539,8,0,18,7,43817880,3640,5412300,449,12072
1540,6,0,19,6,43828260,3640,5412300,448,12078
1541,11,0,24,1,43849080,3640,5413140,448,12089
1542,11,2,25,0,43882800,3640,5414100,448,12100
1543,4,0,22,3,43917660,3640,5416680,448,12104
1544,9,0,22,3,43956900,3641,5416680,447,12113
1545,10,0,25,0,43978200,3640,5417700,447,12123
1546,6,1,25,0,44001960,3641,5421000,447,12129
1547,9,1,25,0,44060460,3643,5424300,447,12138
1548,9,0,23,2,44096340,3642,5424840,447,12147
1549,11,0,20,5,44134980,3641,5424840,446,12158
1550,9,0,24,1,44150760,3641,5424840,446,12167
1551,11,1,25,0,44172960,3640,5424840,446,12178
1552,10,2,25,0,44202060,3640,5429100,446,12188
1553,7,0,23,2,44253000,3641,5432220,446,12195
1554,8,0,23,2,44281920,3641,5433120,445,12203
1555,11,5,25,0,44301780,3641,5435280,445,12214
1556,6,4,25,0,44340000,3642,5447280,446,12220
1557,3,0,18,7,44397540,3643,5461560,447,12223
1558,7,0,21,4,44419140,3643,5461560,447,12230
1559,7,0,22,3,44437980,3643,5461560,447,12237
1560,6,0,23,2,44455740,3643,5461560,446,12243
1561,9,0,19,6,44509560,3644,5461560,446,12252
1562,6,0,20,5,44528760,3644,5461560,446,12258
1563,5,0,22,3,44538960,3644,5461560,446,12263
1564,3,0,16,9,44578560,3644,5461560,445,12266
1565,5,0,18,7,44590860,3644,5461560,445,12271
1566,8,0,19,6,44605680,3643,5461560,445,12279
1567,5,0,20,5,44618220,3643,5461560,445,12284
1568,10,0,23,2,44637660,3643,5461860,444,12294
1569,10,0,20,5,44676840,3642,5461860,444,12304
1570,15,0,24,1,44706720,3641,5463840,444,12319
1571,5,0,20,5,44732760,3641,5463840,444,12324
1572,6,0,17,8,44764080,3641,5463840,443,12330
1573,6,0,21,4,44769000,3640,5463840,443,12336
1574,11,0,24,1,44786700,3640,5463840,443,12347
1575,7,0,25,0,44805360,3639,5463840,442,12354
1576,13,4,25,0,44836800,3639,5465640,442,12367
1577,7,6,23,2,44874060,3640,5472660,442,12374
1578,4,0,23,2,44922900,3641,5502120,445,12378
1579,8,0,19,6,44961540,3641,5502120,444,12386
1580,4,0,20,5,44973120,3641,5502120,444,12390
1581,3,0,21,4,44983740,3641,5502120,444,12393
1582,4,0,18,7,45022740,3642,5502120,444,12397
1583,3,0,18,7,45028380,3642,5502120,444,12400
1584,5,0,20,5,45043620,3642,5502120,444,12405
1585,4,0,17,8,45070140,3642,5502120,444,12409
1586,5,0,18,7,45086100,3642,5502120,443,12414
1587,7,0,22,3,45098880,3642,5502120,443,12421
1588,2,0,18,7,45121260,3642,5502120,443,12423
1589,4,0,18,7,45135360,3642,5502120,443,12427
1590,10,0,20,5,45158400,3642,5502120,443,12437
1591,8,0,22,3,45173820,3641,5502120,442,12445
1592,9,0,22,3,45203640,3641,5502120,442,12454
1593,9,0,21,4,45234480,3641,5502120,442,12463
1594,14,0,22,3,45270300,3640,5503260,441,12477
1595,16,5,25,0,45294420,3639,5505900,441,12493
1596,13,11,25,0,45321060,3639,5510820,441,12506
1597,14,21,22,3,45357720,3640,5514660,441,12520
1598,10,30,22,3,45368820,3641,5519760,441,12530
1599,24,40,25,0,45430500,3644,5558100,443,12554
1600,11,36,25,0,45465960,3644,5604060,447,12565
1601,6,32,25,0,45506700,3644,5657580,451,12571
1602,9,32,25,0,45536760,3644,5777040,460,12580
1603,7,27,25,0,45571680,3643,5876040,467,12587
1604,3,7,25,0,45634800,3642,6236820,496,12590
1605,5,0,17,8,45664500,3638,6369180,506,12595
1606,6,0,19,6,45677100,3638,6369180,506,12601
1607,7,0,23,2,45689100,3638,6369180,506,12608
1608,3,0,18,7,45715860,3638,6369180,506,12611
1609,2,0,16,9,45724140,3638,6369180,506,12613
1610,3,0,17,8,45741180,3638,6369180,506,12616
1611,7,0,20,5,45746160,3638,6369180,505,12623
1612,7,0,20,5,45766080,3637,6369180,505,12630
1613,5,0,19,6,45786000,3637,6369180,505,12635
1614,2,0,17,8,45812880,3638,6369180,505,12637
1615,12,0,22,3,45822720,3637,6369180,504,12649
1616,8,0,21,4,45857460,3637,6369180,504,12657
1617,7,0,22,3,45866940,3636,6369180,504,12664
1618,13,1,25,0,45904020,3636,6372900,503,12677
1619,10,0,25,0,45937680,3636,6379260,503,12687
1620,13,3,25,0,45977460,3636,6383820,503,12700
1621,14,10,25,0,46005180,3636,6390240,503,12714
1622,7,6,25,0,46058040,3637,6410580,505,12721
1623,9,0,22,3,46097460,3635,6445140,507,12730
1624,9,0,19,6,46123740,3634,6445140,507,12739
1625,8,0,20,5,46147380,3634,6445140,506,12747
1626,6,0,21,4,46160100,3633,6445140,506,12753
1627,3,0,17,8,46191180,3634,6445140,506,12756
1628,11,0,23,2,46201560,3633,6445140,505,12767
1629,8,0,19,6,46224840,3632,6445140,505,12775
1630,7,0,22,3,46247700,3632,6445140,505,12782
1631,12,0,22,3,46285080,3632,6446820,505,12794
1632,3,0,23,2,46298040,3632,6446820,504,12797
1633,6,0,23,2,46337100,3633,6446820,504,12803
1634,5,0,20,5,46376520,3634,6446820,504,12808
1635,9,0,22,3,46403400,3634,6446820,504,12817
1636,5,0,19,6,46437600,3635,6446820,503,12822
1637,4,0,21,4,46448160,3635,6446820,503,12826
1638,7,0,23,2,46458000,3634,6446820,503,12833
1639,6,0,22,3,46492080,3635,6446820,503,12839
1640,6,0,22,3,46514220,3635,6446820,503,12845
1641,11,1,25,0,46559700,3637,6447780,502,12856
1642,7,0,22,3,46602660,3637,6451920,502,12863
1643,8,0,22,3,46632600,3637,6451920,502,12871
1644,12,0,23,2,46669320,3637,6451920,501,12883
1645,14,10,22,3,46692660,3637,6455340,501,12897
1646,7,16,20,5,46707420,3637,6458040,501,12904
1647,5,16,21,4,46742400,3639,6475620,502,12909
1648,13,24,23,2,46765140,3640,6490080,503,12922
1649,14,35,21,4,46799520,3641,6493740,503,12936
1650,3,36,21,4,46810080,3641,6495360,503,12939
1651,5,32,25,0,46849560,3643,6600780,511,12944
1652,13,37,25,0,46891860,3644,6639960,513,12957
1653,7,33,25,0,46931760,3644,6698580,517,12964
1654,5,29,25,0,46966080,3644,6753420,521,12969
1655,7,21,25,0,47022120,3644,6937680,535,12976
1656,6,2,25,0,47063580,3641,7412580,572,12982
1657,9,0,23,2,47094480,3639,7476120,576,12991
1658,11,1,25,0,47116440,3639,7476960,576,13002
1659,3,1,25,0,47128920,3639,7477980,576,13005
1660,7,1,25,0,47166180,3640,7483740,576,13012
1661,5,0,18,7,47230440,3641,7485540,576,13017
1662,9,0,19,6,47246100,3640,7485540,575,13026
1663,11,0,23,2,47266740,3640,7486320,575,13037
1664,4,0,20,5,47300940,3640,7486320,575,13041
1665,7,0,21,4,47317020,3640,7486320,575,13048
1666,6,0,24,1,47325000,3640,7486320,574,13054
1667,4,0,22,3,47358720,3641,7486320,574,13058
1668,12,0,22,3,47410200,3641,7486320,574,13070
1669,8,0,21,4,47438760,3641,7486320,573,13078
1670,8,0,21,4,47463060,3640,7486320,573,13086
1671,14,1,25,0,47494200,3640,7489200,572,13100
1672,13,4,25,0,47521740,3640,7491720,572,13113
1673,9,1,25,0,47566740,3640,7498620,572,13122
1674,11,2,25,0,47609460,3640,7503840,572,13133
1675,8,0,22,3,47643720,3639,7507980,572,13141
1676,6,0,21,4,47677440,3640,7507980,572,13147
1677,5,0,21,4,47685360,3639,7507980,572,13152
1678,6,0,21,4,47713620,3640,7509120,571,13158
1679,8,0,22,3,47747280,3640,7509120,571,13166
1680,7,0,22,3,47777280,3641,7509120,571,13173
1681,6,0,20,5,47806740,3641,7509120,571,13179
1682,3,0,17,8,47831280,3641,7509120,570,13182
1683,7,0,20,5,47850720,3641,7509120,570,13189
1684,7,0,21,4,47863500,3640,7509120,570,13196
1685,10,0,21,4,47894880,3640,7509120,569,13206
1686,10,0,21,4,47928180,3640,7509300,569,13216
1687,12,0,25,0,47950200,3639,7509420,568,13228
1688,5,0,20,5,47992680,3640,7509420,568,13233
1689,12,0,25,0,48018060,3640,7509420,568,13245
1690,10,0,24,1,48040200,3638,7510320,567,13255
1691,11,0,25,0,48083640,3639,7510320,567,13266
1692,12,6,23,2,48104820,3638,7510740,567,13278
1693,13,12,25,0,48137100,3639,7524480,567,13291
1694,13,18,25,0,48178560,3641,7533720,567,13304
1695,16,28,25,0,48213660,3642,7537800,567,13320
1696,12,31,25,0,48267660,3643,7554720,568,13332
1697,9,36,25,0,48284400,3643,7568280,568,13341
1698,10,36,25,0,48336360,3645,7604820,570,13351
1699,8,34,25,0,48387420,3646,7711860,578,13359
1700,10,33,25,0,48426660,3646,7841640,587,13369
1701,7,33,25,0,48447300,3645,7889760,591,13376
1702,4,23,25,0,48517020,3647,8094060,606,13380
1703,3,0,17,8,48557340,3640,8559060,640,13383
1704,5,0,21,4,48562860,3640,8559060,640,13388
1705,2,0,16,9,48589380,3641,8559060,640,13390
1706,3,0,15,10,48599040,3640,8559060,640,13393
1707,4,0,18,7,48601380,3640,8559060,640,13397
1708,8,0,19,6,48618300,3639,8559060,639,13405
1709,7,0,22,3,48625080,3639,8559060,639,13412
1710,4,0,20,5,48646980,3639,8559060,639,13416
1711,12,0,25,0,48678720,3639,8565300,639,13428
1712,7,0,25,0,48710100,3640,8565840,638,13435
1713,8,0,23,2,48742080,3639,8566620,638,13443
1714,7,0,22,3,48780000,3640,8566620,638,13450
1715,11,0,23,2,48808260,3639,8566620,637,13461
1716,13,1,25,0,48837600,3639,8566620,637,13474
1717,13,0,25,0,48879420,3638,8568180,636,13487
1718,16,4,25,0,48904620,3637,8568960,636,13503
1719,7,0,23,2,48944700,3636,8572740,635,13510
1720,11,0,25,0,48973260,3636,8573340,635,13521
1721,12,4,25,0,48997860,3636,8575800,635,13533
1722,6,0,21,4,49054440,3636,8584980,635,13539
1723,4,0,18,7,49081620,3636,8584980,635,13543
1724,5,0,16,9,49097820,3636,8584980,635,13548
1725,6,0,20,5,49101660,3635,8584980,634,13554
1726,4,0,18,7,49112820,3635,8584980,634,13558
1727,9,0,23,2,49118460,3634,8584980,634,13567
1728,1,0,15,10,49153680,3634,8584980,634,13568
1729,8,0,19,6,49161000,3634,8584980,633,13576
1730,5,0,22,3,49170840,3634,8584980,633,13581
1731,4,0,17,8,49206900,3634,8584980,633,13585
1732,7,0,19,6,49221180,3634,8584980,632,13592
1733,3,0,16,9,49231860,3633,8584980,632,13595
1734,9,0,19,6,49251960,3633,8584980,632,13604
1735,7,0,21,4,49263240,3632,8584980,632,13611
1736,10,0,22,3,49292580,3632,8584980,631,13621
1737,11,0,22,3,49321080,3631,8584980,631,13632
1738,9,0,22,3,49353960,3631,8584980,630,13641
1739,9,0,23,2,49376640,3631,8585940,630,13650
1740,13,5,25,0,49401360,3631,8589420,630,13663
1741,11,11,24,1,49445640,3633,8599440,630,13674
1742,14,21,22,3,49487460,3634,8609700,630,13688
1743,7,25,22,3,49505100,3635,8618220,630,13695
1744,11,28,25,0,49543560,3636,8664540,633,13706
1745,5,27,25,0,49577220,3637,8671440,633,13711
1746,3,18,25,0,49631520,3638,8805540,643,13714
1747,11,19,25,0,49666320,3638,8830200,644,13725
1748,12,21,25,0,49702860,3638,8871600,647,13737
1749,5,20,25,0,49734360,3638,8881560,647,13742
1750,2,10,25,0,49775640,3638,9103740,663,13744
1751,10,0,20,5,49825020,3635,9306660,678,13754
1752,6,0,18,7,49843560,3634,9306660,677,13760
1753,3,0,17,8,49866480,3635,9306660,677,13763
1754,1,0,15,10,49879140,3635,9306660,677,13764
1755,6,0,19,6,49880580,3635,9306660,677,13770
1756,4,0,18,7,49892160,3634,9306660,677,13774
1757,6,0,20,5,49905720,3634,9306660,676,13780
1758,11,0,25,0,49922940,3634,9307440,676,13791
1759,7,0,22,3,49964340,3634,9307620,675,13798
1760,6,0,25,0,49986720,3635,9307620,675,13804
1761,9,0,23,2,50029920,3635,9308760,675,13813
1762,12,0,25,0,50070480,3635,9310080,674,13825
1763,7,0,20,5,50107920,3635,9311520,674,13832
1764,14,1,25,0,50134560,3635,9311580,673,13846
1765,8,1,25,0,50165700,3635,9319620,674,13854
1766,6,0,21,4,50202660,3635,9323100,674,13860
1767,11,0,22,3,50235000,3634,9323340,673,13871
1768,7,0,19,6,50269260,3634,9323340,673,13878
1769,9,0,19,6,50302980,3634,9323340,672,13887
1770,8,0,21,4,50318340,3634,9323340,672,13895
1771,5,0,20,5,50337840,3634,9323340,672,13900
1772,10,0,19,6,50370120,3633,9323340,671,13910
1773,5,0,19,6,50376900,3632,9323340,671,13915
1774,10,0,24,1,50392620,3632,9323340,670,13925
1775,8,0,23,2,50418900,3632,9323580,670,13933
1776,5,0,19,6,50458860,3632,9323580,670,13938
1777,4,0,18,7,50483100,3633,9323580,670,13942
1778,12,0,23,2,50501940,3632,9323580,669,13954
1779,5,0,24,1,50516520,3632,9323580,669,13959
1780,3,0,19,6,50555580,3633,9323940,669,13962
1781,5,0,17,8,50582520,3633,9323940,668,13967
1782,9,0,22,3,50602620,3633,9323940,668,13976
1783,11,0,23,2,50618160,3632,9323940,667,13987
1784,5,0,20,5,50646300,3632,9323940,667,13992
1785,7,0,19,6,50671860,3632,9323940,667,13999
1786,11,0,22,3,50683560,3630,9323940,666,14010
1787,12,0,24,1,50718360,3630,9324060,666,14022
1788,12,2,25,0,50754480,3631,9328200,666,14034
1789,14,6,25,0,50790720,3631,9338700,666,14048
1790,15,14,25,0,50819760,3631,9342900,665,14063
1791,15,21,25,0,50860860,3632,9349500,665,14078
1792,9,23,25,0,50909820,3633,9380820,667,14087
1793,9,22,25,0,50950080,3634,9430020,670,14096
1794,8,19,25,0,50992380,3634,9445980,671,14104
1795,9,3,25,0,51038880,3631,9707340,689,14113
1796,6,0,20,5,51069540,3629,9715800,689,14119
1797,12,0,24,1,51094140,3629,9715980,688,14131
1798,6,0,21,4,51118740,3628,9716460,688,14137
1799,4,0,17,8,51156600,3629,9716460,688,14141
1800,6,0,17,8,51180180,3629,9716460,688,14147
1801,3,0,17,8,51191880,3629,9716460,688,14150
1802,3,0,19,6,51198480,3629,9716460,687,14153
1803,10,1,25,0,51211080,3629,9717720,687,14163
1804,5,0,23,2,51256980,3631,9721140,687,14168
1805,3,0,18,7,51295800,3631,9721140,687,14171
1806,0,0,16,9,51308820,3632,9721140,687,14171
1807,10,0,22,3,51330180,3632,9721140,686,14181
1808,8,0,23,2,51352260,3632,9721140,686,14189
1809,13,1,25,0,51385620,3632,9721380,685,14202
1810,11,0,23,2,51425220,3631,9725280,685,14213
1811,9,0,22,3,51459120,3631,9725280,685,14222
1812,12,5,25,0,51473760,3631,9726420,684,14234
1813,9,7,25,0,51509040,3632,9735240,685,14243
1814,6,2,25,0,51572340,3633,9760740,686,14249
1815,13,2,25,0,51598680,3632,9774660,686,14262
1816,10,0,24,1,51633660,3631,9775080,686,14272
1817,9,3,24,1,51659640,3631,9775140,686,14281
1818,10,8,21,4,51704400,3632,9779280,685,14291
1819,10,10,25,0,51724440,3633,9790320,685,14301
1820,9,10,25,0,51776220,3634,9808080,686,14310
1821,5,8,25,0,51800220,3634,9835080,688,14315
1822,3,0,21,4,51847140,3633,9918600,694,14318
1823,2,0,16,9,51888000,3634,9918600,694,14320
1824,6,0,19,6,51895800,3634,9918600,693,14326
1825,6,0,16,9,51912960,3633,9918600,693,14332
1826,3,0,16,9,51919380,3633,9918600,693,14335
1827,6,0,20,5,51922500,3632,9918600,693,14341
1828,11,0,22,3,51950340,3632,9918600,692,14352
1829,2,0,20,5,51959460,3632,9918600,692,14354
1830,4,0,17,8,51988080,3632,9918600,692,14358
1831,14,1,25,0,52006140,3632,9918600,691,14372
1832,9,0,23,2,52038720,3631,9919080,691,14381
1833,7,0,22,3,52066020,3631,9919080,690,14388
1834,12,6,24,1,52078500,3631,9919980,690,14400
1835,7,4,25,0,52126200,3632,9935220,691,14407
1836,18,9,25,0,52176900,3632,9940620,690,14425
1837,9,10,25,0,52210800,3633,9953160,691,14434
1838,11,12,25,0,52247100,3633,9974640,692,14445
1839,10,0,25,0,52308780,3632,10044480,696,14455
1840,9,0,21,4,52334640,3630,10044780,695,14464
1841,9,0,24,1,52362720,3631,10044780,695,14473
1842,9,0,24,1,52386060,3630,10044780,694,14482
1843,6,0,25,0,52402620,3630,10047060,694,14488
1844,7,0,20,5,52467540,3631,10047300,694,14495
1845,2,0,18,7,52487460,3632,10047300,694,14497
1846,5,0,16,9,52507560,3631,10047300,694,14502
1847,3,0,17,8,52512780,3631,10047300,694,14505
1848,5,0,17,8,52519560,3631,10047300,693,14510
1849,2,0,18,7,52526520,3631,10047300,693,14512
1850,4,0,19,6,52544760,3631,10047300,693,14516
1851,5,0,20,5,52555260,3631,10047300,693,14521
1852,6,0,19,6,52584060,3631,10047300,693,14527
1853,6,0,23,2,52593480,3631,10047300,692,14533
1854,8,0,22,3,52621200,3631,10047300,692,14541
1855,8,0,22,3,52661100,3632,10047300,691,14549
1856,8,0,24,1,52677480,3631,10048620,691,14557
1857,9,0,21,4,52715040,3631,10051860,691,14566
1858,10,0,21,4,52753200,3631,10051860,690,14576
1859,16,7,25,0,52774140,3631,10052760,690,14592
1860,15,20,22,3,52798260,3632,10056540,689,14607
1861,11,27,21,4,52834260,3633,10070880,690,14618
1862,10,30,25,0,52860780,3634,10099140,691,14628
1863,9,38,25,0,52865880,3634,10100400,691,14637
1864,13,40,25,0,52933380,3636,10143000,693,14650
1865,4,36,25,0,52966740,3637,10185540,696,14654
1866,11,35,25,0,53024700,3638,10243140,699,14665
1867,14,38,24,1,53052960,3638,10248000,699,14679
1868,7,36,25,0,53096160,3639,10337760,705,14686
1869,9,37,25,0,53127480,3639,10344660,705,14695
1870,8,37,25,0,53171700,3640,10424040,710,14703
1871,6,33,25,0,53208060,3640,10595160,722,14709
1872,6,27,25,0,53258340,3641,10901580,742,14715
1873,4,13,25,0,53305140,3640,11319000,770,14719
1874,8,0,19,6,53342880,3635,11670420,794,14727
1875,4,0,18,7,53361840,3635,11670420,794,14731
1876,4,0,19,6,53367480,3635,11670420,794,14735
1877,7,0,20,5,53388960,3635,11670420,793,14742
1878,8,0,23,2,53397900,3634,11670420,793,14750
1879,6,0,18,7,53443500,3635,11670420,792,14756
1880,7,0,23,2,53450700,3635,11670420,792,14763
1881,9,0,20,5,53496180,3635,11673720,792,14772
1882,13,0,25,0,53524440,3635,11673720,791,14785
1883,11,5,25,0,53550480,3635,11677500,791,14796
1884,6,2,25,0,53583180,3635,11690940,791,14802
1885,15,1,25,0,53638620,3635,11691360,791,14817
1886,13,5,25,0,53675400,3635,11695560,790,14830
1887,12,10,25,0,53703180,3635,11703660,790,14842
1888,10,14,24,1,53740680,3636,11710440,790,14852
1889,8,18,24,1,53774880,3638,11717700,790,14860
1890,5,14,25,0,53816820,3638,11748360,792,14865
1891,15,10,25,0,53873340,3638,11820000,796,14880
1892,12,14,25,0,53896620,3637,11826660,796,14892
1893,8,16,25,0,53931480,3638,11835780,796,14900
1894,6,5,25,0,53987760,3638,11999700,807,14906
1895,6,0,24,1,54015240,3637,12070500,811,14912
1896,7,0,22,3,54053700,3637,12070500,811,14919
1897,8,0,19,6,54089040,3637,12070500,810,14927
1898,5,0,20,5,54103320,3637,12070500,810,14932
1899,10,0,21,4,54131520,3636,12070500,809,14942
1900,7,0,21,4,54145440,3636,12070500,809,14949
1901,6,0,19,6,54158760,3635,12070500,809,14955
1902,6,0,20,5,54190740,3635,12070500,808,14961
1903,12,0,23,2,54210000,3635,12070500,808,14973
1904,7,0,22,3,54235620,3634,12070500,807,14980
1905,6,0,22,3,54262380,3635,12070500,807,14986
1906,6,0,23,2,54280620,3635,12070500,807,14992
1907,10,0,21,4,54324360,3635,12070500,806,15002
1908,10,0,23,2,54347940,3634,12070500,806,15012
1909,13,3,25,0,54371640,3634,12070800,805,15025
1910,7,0,21,4,54415980,3634,12073740,805,15032
1911,13,0,23,2,54440220,3632,12073740,804,15045
1912,13,0,25,0,54484080,3633,12073980,803,15058
1913,14,1,25,0,54515220,3632,12077580,803,15072
1914,10,0,25,0,54543480,3631,12083760,803,15082
1915,11,2,25,0,54581160,3631,12087300,802,15093
1916,7,0,25,0,54624840,3632,12088320,802,15100
1917,1,0,18,7,54670260,3633,12088320,802,15101
1918,5,0,19,6,54686160,3633,12088320,802,15106
1919,11,0,22,3,54712800,3633,12088320,801,15117
1920,7,0,21,4,54741720,3633,12088320,801,15124
1921,3,0,17,8,54770940,3633,12088320,801,15127
1922,11,0,23,2,54788820,3633,12088320,800,15138
1923,5,0,23,2,54803640,3633,12088320,800,15143
1924,5,0,24,1,54827700,3634,12088320,799,15148
1925,11,0,25,0,54865920,3634,12088320,799,15159
1926,4,0,22,3,54899940,3634,12088320,799,15163
1927,10,0,24,1,54927540,3634,12088980,798,15173
1928,7,0,22,3,54963240,3634,12089100,798,15180
1929,10,0,24,1,54993120,3634,12090000,797,15190
1930,13,2,25,0,55031340,3635,12091140,797,15203
1931,9,4,25,0,55075800,3636,12096240,797,15212
1932,13,5,25,0,55119300,3636,12113220,797,15225
1933,8,0,24,1,55156200,3635,12135900,798,15233
1934,6,0,21,4,55186980,3635,12135900,798,15239
1935,12,2,25,0,55205820,3635,12135900,797,15251
1936,9,0,23,2,55254360,3635,12139320,797,15260
1937,12,0,23,2,55292340,3634,12139320,796,15272
1938,7,0,20,5,55321500,3634,12139320,796,15279
1939,8,0,23,2,55340940,3634,12139320,796,15287
1940,3,0,22,3,55359240,3634,12139320,795,15290
1941,2,0,15,10,55411740,3635,12139320,795,15292
1942,7,0,22,3,55411740,3635,12139320,795,15299
1943,5,0,20,5,55431180,3635,12139320,795,15304
1944,3,0,18,7,55449240,3635,12139320,794,15307
1945,8,0,24,1,55461060,3635,12139320,794,15315
1946,8,0,25,0,55493220,3636,12141480,794,15323
1947,9,0,23,2,55533000,3636,12142440,793,15332
1948,3,0,18,7,55574280,3637,12142440,793,15335
1949,1,0,15,10,55592520,3637,12142440,793,15336
1950,3,0,17,8,55593180,3637,12142440,793,15339
1951,13,0,21,4,55606080,3635,12142440,792,15352
1952,10,0,25,0,55620540,3635,12142440,792,15362
1953,9,0,20,5,55668420,3635,12142440,791,15371
1954,13,0,25,0,55691460,3634,12142440,791,15384
1955,14,4,25,0,55726080,3634,12148980,790,15398
1956,13,9,25,0,55756500,3634,12158340,790,15411
1957,7,9,25,0,55800900,3635,12175500,791,15418
1958,11,9,25,0,55840020,3635,12190740,792,15429
1959,6,5,25,0,55879200,3636,12225480,794,15435
1960,12,8,25,0,55902900,3635,12248280,794,15447
1961,11,9,25,0,55960860,3636,12256020,794,15458
1962,12,12,25,0,55998240,3637,12265020,794,15470
1963,8,12,25,0,56037300,3637,12275460,794,15478
1964,8,4,25,0,56083980,3637,12387960,801,15486
1965,7,0,23,2,56105460,3635,12436740,804,15493
1966,5,0,19,6,56146020,3635,12436740,804,15498
1967,8,0,23,2,56165040,3636,12436740,803,15506
1968,5,0,20,5,56190120,3635,12436740,803,15511
1969,4,0,20,5,56214720,3636,12436740,803,15515
1970,3,0,16,9,56241240,3636,12436740,803,15518
1971,4,0,17,8,56244360,3636,12436740,803,15522
1972,9,0,23,2,56253180,3636,12436740,802,15531
1973,5,0,22,3,56275620,3636,12436740,802,15536
1974,5,0,19,6,56312700,3636,12436740,802,15541
1975,5,0,20,5,56331900,3636,12436740,801,15546
1976,5,0,19,6,56353260,3636,12436740,801,15551
1977,9,0,19,6,56378820,3636,12436740,801,15560
1978,7,0,20,5,56393820,3635,12436740,800,15567
1979,9,0,22,3,56420400,3636,12436740,800,15576
1980,11,1,23,2,56440440,3635,12439020,799,15587
1981,12,4,24,1,56469840,3635,12440520,799,15599
1982,13,15,22,3,56495520,3635,12442860,799,15612
1983,8,15,25,0,56533440,3637,12467280,800,15620
1984,6,18,25,0,56556360,3638,12473460,800,15626
1985,11,19,25,0,56617140,3639,12509400,801,15637
1986,9,21,25,0,56636040,3639,12516480,801,15646
1987,4,16,25,0,56686020,3640,12591780,806,15650
1988,10,5,25,0,56742180,3638,12756180,816,15660
1989,4,0,22,3,56766420,3637,12823800,820,15664
1990,3,0,19,6,56799960,3638,12823800,820,15667
1991,4,0,16,9,56827260,3638,12823800,820,15671
1992,3,0,17,8,56837220,3638,12823800,820,15674
1993,4,0,18,7,56842380,3638,12823800,819,15678
1994,4,0,16,9,56861040,3638,12823800,819,15682
1995,3,0,17,8,56866800,3638,12823800,819,15685
1996,7,0,23,2,56875560,3638,12823800,819,15692
1997,9,0,24,1,56903220,3638,12824100,818,15701
1998,4,0,21,4,56928060,3638,12824100,818,15705
1999,8,0,21,4,56956500,3638,12824100,818,15713
2000,9,0,21,4,56997060,3638,12825540,817,15722
2001,9,0,22,3,57020220,3638,12825540,817,15731
2002,1,0,18,7,57042780,3638,12825540,817,15732
2003,10,0,23,2,57057540,3638,12825540,816,15742
2004,4,0,21,4,57085500,3638,12825540,816,15746
2005,17,6,24,1,57115380,3638,12827340,815,15763
2006,13,16,22,3,57145260,3639,12830280,815,15776
2007,18,30,20,5,57186660,3640,12838260,815,15794
2008,11,38,21,4,57196560,3641,12849900,815,15805
2009,10,38,21,4,57231900,3642,12864000,815,15815
2010,4,36,24,1,57255540,3642,12881520,816,15819
2011,10,40,25,0,57269280,3643,12920940,818,15829
2012,6,36,25,0,57332040,3645,12978420,821,15835
2013,4,33,25,0,57373800,3646,13121760,830,15839
2014,5,27,25,0,57421860,3646,13335180,844,15844
2015,5,22,25,0,57457260,3646,13463220,851,15849
2016,5,7,25,0,57504960,3645,13825440,874,15854
2017,8,15,25,0,57504960,3645,13825440,874,15862
2018,5,20,25,0,57504960,3645,13825440,874,15867
2019,7,27,25,0,57504960,3645,13825440,874,15874
2020,9,36,25,0,57504960,3645,13825440,874,15883
2021,8,40,25,0,57504960,3645,13825440,874,15891
2022,6,40,25,0,57504960,3645,13825440,874,15897
2023,4,40,25,0,57504960,3645,13825440,874,15901
2024,5,40,25,0,57504960,3645,13825440,874,15906
2025,6,40,25,0,57504960,3645,13825440,874,15912
2026,4,40,25,0,57504960,3645,13825440,874,15916
2027,13,40,25,0,57504960,3645,13825440,874,15929
2028,6,40,25,0,57504960,3645,13825440,874,15935
2029,11,40,25,0,57504960,3645,13825440,874,15946
2030,7,40,25,0,57504960,3645,13825440,874,15953
2031,8,40,25,0,57504960,3645,13825440,874,15961
2032,10,40,25,0,57504960,3645,13825440,874,15971
2033,8,40,25,0,57504960,3645,13825440,874,15979
2034,7,40,25,0,57504960,3645,13825440,874,15986
2035,9,40,25,0,57504960,3645,13825440,874,15995
2036,5,40,25,0,57504960,3645,13825440,874,16000
2037,7,40,25,0,57504960,3645,13825440,874,16007
2038,8,40,25,0,57504960,3645,13825440,874,16015
2039,3,40,25,0,57504960,3645,13825440,874,16018
2040,2,40,25,0,57504960,3645,13825440,874,16020
2041,7,40,25,0,57504960,3645,13825440,874,16027
2042,3,40,25,0,57504960,3645,13825440,874,16030
2043,6,40,25,0,57504960,3645,13825440,874,16036
2044,2,40,25,0,57504960,3645,13825440,874,16038
2045,6,40,25,0,57504960,3645,13825440,874,16044
2046,5,40,25,0,57504960,3645,13825440,874,16049
2047,6,40,25,0,57504960,3645,13825440,874,16055
2048,4,40,25,0,57504960,3645,13825440,874,16059
2049,9,40,25,0,57504960,3645,13825440,874,16068
2050,14,40,25,0,57504960,3645,13825440,874,16082
2051,9,40,25,0,57504960,3645,13825440,874,16091
2052,11,40,25,0,57504960,3645,13825440,874,16102
2053,7,40,25,0,57504960,3645,13825440,874,16109
2054,7,40,25,0,57504960,3645,13825440,874,16116
2055,14,40,25,0,57504960,3645,13825440,874,16130
2056,10,40,25,0,57504960,3645,13825440,874,16140
2057,17,40,25,0,57504960,3645,13825440,874,16157
2058,10,40,25,0,57504960,3645,13825440,874,16167
2059,10,40,25,0,57504960,3645,13825440,874,16177
2060,8,40,25,0,57504960,3645,13825440,874,16185
2061,11,40,25,0,57504960,3645,13825440,874,16196
2062,4,40,25,0,57504960,3645,13825440,874,16200
2063,1,40,25,0,57504960,3645,13825440,874,16201
2064,8,40,25,0,57504960,3645,13825440,874,16209
2065,5,40,25,0,57504960,3645,13825440,874,16214
2066,3,40,25,0,57504960,3645,13825440,874,16217
2067,2,40,25,0,57504960,3645,13825440,874,16219
2068,5,40,25,0,57504960,3645,13825440,874,16224
2069,4,40,25,0,57504960,3645,13825440,874,16228
2070,6,40,25,0,57504960,3645,13825440,874,16234
2071,4,40,25,0,57504960,3645,13825440,874,16238
2072,5,40,25,0,57504960,3645,13825440,874,16243
2073,12,40,25,0,57504960,3645,13825440,874,16255
2074,15,40,25,0,57504960,3645,13825440,874,16270
2075,8,40,25,0,57504960,3645,13825440,874,16278
2076,13,40,25,0,57504960,3645,13825440,874,16291
2077,12,40,25,0,57504960,3645,13825440,874,16303
2078,14,40,25,0,57504960,3645,13825440,874,16317
2079,9,40,25,0,57504960,3645,13825440,874,16326
2080,6,40,25,0,57504960,3645,13825440,874,16332
2081,8,40,25,0,57504960,3645,13825440,874,16340
2082,15,40,25,0,57504960,3645,13825440,874,16355
2083,5,40,25,0,57504960,3645,13825440,874,16360
2084,9,40,25,0,57504960,3645,13825440,874,16369
2085,16,40,25,0,57504960,3645,13825440,874,16385
2086,5,40,25,0,57504960,3645,13825440,874,16390
2087,5,40,25,0,57504960,3645,13825440,874,16395
2088,5,40,25,0,57504960,3645,13825440,874,16400
2089,7,40,25,0,57504960,3645,13825440,874,16407
2090,3,40,25,0,57504960,3645,13825440,874,16410
2091,2,40,25,0,57504960,3645,13825440,874,16412
2092,7,40,25,0,57504960,3645,13825440,874,16419
2093,12,40,25,0,57504960,3645,13825440,874,16431
2094,7,40,25,0,57504960,3645,13825440,874,16438
2095,6,40,25,0,57504960,3645,13825440,874,16444
2096,8,40,25,0,57504960,3645,13825440,874,16452
2097,12,40,25,0,57504960,3645,13825440,874,16464
2098,8,40,25,0,57504960,3645,13825440,874,16472
2099,17,40,25,0,57504960,3645,13825440,874,16489
2100,10,40,25,0,57504960,3645,13825440,874,16499
2101,6,40,25,0,57504960,3645,13825440,874,16505
2102,9,40,25,0,57504960,3645,13825440,874,16514
2103,9,40,25,0,57504960,3645,13825440,874,16523
2104,12,40,25,0,57504960,3645,13825440,874,16535
2105,10,40,25,0,57504960,3645,13825440,874,16545
2106,6,40,25,0,57504960,3645,13825440,874,16551
2107,10,40,25,0,57504960,3645,13825440,874,16561
2108,3,40,25,0,57504960,3645,13825440,874,16564
2109,3,40,25,0,57504960,3645,13825440,874,16567
2110,2,40,25,0,57504960,3645,13825440,874,16569
2111,6,40,25,0,57504960,3645,13825440,874,16575
2112,6,40,25,0,57504960,3645,13825440,874,16581
2113,6,40,25,0,57504960,3645,13825440,874,16587
2114,7,40,25,0,57504960,3645,13825440,874,16594
2115,3,40,25,0,57504960,3645,13825440,874,16597
2116,9,40,25,0,57504960,3645,13825440,874,16606
2117,3,40,25,0,57504960,3645,13825440,874,16609
2118,3,40,25,0,57504960,3645,13825440,874,16612
2119,14,40,25,0,57504960,3645,13825440,874,16626
2120,11,40,25,0,57504960,3645,13825440,874,16637
2121,17,40,25,0,57504960,3645,13825440,874,16654
2122,10,40,25,0,57504960,3645,13825440,874,16664
2123,8,40,25,0,57504960,3645,13825440,874,16672
2124,9,40,25,0,57504960,3645,13825440,874,16681
2125,8,40,25,0,57504960,3645,13825440,874,16689
2126,10,40,25,0,57504960,3645,13825440,874,16699
2127,8,40,25,0,57504960,3645,13825440,874,16707
2128,5,40,25,0,57504960,3645,13825440,874,16712
2129,5,40,25,0,57504960,3645,13825440,874,16717
2130,7,40,25,0,57504960,3645,13825440,874,16724
2131,5,40,25,0,57504960,3645,13825440,874,16729
2132,10,40,25,0,57504960,3645,13825440,874,16739
2133,7,40,25,0,57504960,3645,13825440,874,16746
2134,9,40,25,0,57504960,3645,13825440,874,16755
2135,4,40,25,0,57504960,3645,13825440,874,16759
2136,6,40,25,0,57504960,3645,13825440,874,16765
2137,9,40,25,0,57504960,3645,13825440,874,16774
2138,6,40,25,0,57504960,3645,13825440,874,16780
2139,5,40,25,0,57504960,3645,13825440,874,16785
2140,7,40,25,0,57504960,3645,13825440,874,16792
2141,6,40,25,0,57504960,3645,13825440,874,16798
2142,10,40,25,0,57504960,3645,13825440,874,16808
2143,4,40,25,0,57504960,3645,13825440,874,16812
2144,10,40,25,0,57504960,3645,13825440,874,16822
2145,8,40,25,0,57504960,3645,13825440,874,16830
2146,18,40,25,0,57504960,3645,13825440,874,16848
2147,9,40,25,0,57504960,3645,13825440,874,16857
2148,7,40,25,0,57504960,3645,13825440,874,16864
2149,12,40,25,0,57504960,3645,13825440,874,16876
2150,8,40,25,0,57504960,3645,13825440,874,16884
2151,8,40,25,0,57504960,3645,13825440,874,16892
2152,7,40,25,0,57504960,3645,13825440,874,16899
2153,9,40,25,0,57504960,3645,13825440,874,16908
2154,14,40,25,0,57504960,3645,13825440,874,16922
2155,9,40,25,0,57504960,3645,13825440,874,16931
2156,7,40,25,0,57504960,3645,13825440,874,16938
2157,8,40,25,0,57504960,3645,13825440,874,16946
2158,9,40,25,0,57504960,3645,13825440,874,16955
2159,3,40,25,0,57504960,3645,13825440,874,16958
2160,4,40,25,0,57504960,3645,13825440,874,16962
2161,6,40,25,0,57504960,3645,13825440,874,16968
2162,5,40,25,0,57504960,3645,13825440,874,16973
2163,6,40,25,0,57504960,3645,13825440,874,16979
2164,5,40,25,0,57504960,3645,13825440,874,16984
2165,10,40,25,0,57504960,3645,13825440,874,16994
2166,7,40,25,0,57504960,3645,13825440,874,17001
2167,5,40,25,0,57504960,3645,13825440,874,17006
2168,5,40,25,0,57504960,3645,13825440,874,17011
2169,6,40,25,0,57504960,3645,13825440,874,17017
2170,7,40,25,0,57504960,3645,13825440,874,17024
2171,9,40,25,0,57504960,3645,13825440,874,17033
2172,8,40,25,0,57504960,3645,13825440,874,17041
2173,14,40,25,0,57504960,3645,13825440,874,17055
2174,11,40,25,0,57504960,3645,13825440,874,17066
2175,9,40,25,0,57504960,3645,13825440,874,17075
2176,15,40,25,0,57504960,3645,13825440,874,17090
2177,6,40,25,0,57504960,3645,13825440,874,17096
2178,8,40,25,0,57504960,3645,13825440,874,17104
2179,7,40,25,0,57504960,3645,13825440,874,17111
2180,5,40,25,0,57504960,3645,13825440,874,17116
2181,6,40,25,0,57504960,3645,13825440,874,17122
2182,6,40,25,0,57504960,3645,13825440,874,17128
2183,7,40,25,0,57504960,3645,13825440,874,17135
2184,4,40,25,0,57504960,3645,13825440,874,17139
2185,3,40,25,0,57504960,3645,13825440,874,17142
2186,9,40,25,0,57504960,3645,13825440,874,17151
2187,4,40,25,0,57504960,3645,13825440,874,17155
2188,5,40,25,0,57504960,3645,13825440,874,17160
2189,3,40,25,0,57504960,3645,13825440,874,17163
2190,5,40,25,0,57504960,3645,13825440,874,17168
2191,12,40,25,0,57504960,3645,13825440,874,17180
2192,9,40,25,0,57504960,3645,13825440,874,17189
2193,6,40,25,0,57504960,3645,13825440,874,17195
2194,6,40,25,0,57504960,3645,13825440,874,17201
2195,8,40,25,0,57504960,3645,13825440,874,17209
2196,17,40,25,0,57504960,3645,13825440,874,17226
2197,8,40,25,0,57504960,3645,13825440,874,17234
2198,13,40,25,0,57504960,3645,13825440,874,17247
2199,16,40,25,0,57504960,3645,13825440,874,17263
2200,6,40,25,0,57504960,3645,13825440,874,17269
2201,11,40,25,0,57504960,3645,13825440,874,17280
2202,16,40,25,0,57504960,3645,13825440,874,17296
2203,7,40,25,0,57504960,3645,13825440,874,17303
2204,8,40,25,0,57504960,3645,13825440,874,17311
2205,6,40,25,0,57504960,3645,13825440,874,17317
2206,4,40,25,0,57504960,3645,13825440,874,17321
2207,4,40,25,0,57504960,3645,13825440,874,17325
2208,4,40,25,0,57504960,3645,13825440,874,17329
2209,4,40,25,0,57504960,3645,13825440,874,17333
2210,5,40,25,0,57504960,3645,13825440,874,17338
2211,5,40,25,0,57504960,3645,13825440,874,17343
2212,5,40,25,0,57504960,3645,13825440,874,17348
2213,4,40,25,0,57504960,3645,13825440,874,17352
2214,9,40,25,0,57504960,3645,13825440,874,17361
2215,8,40,25,0,57504960,3645,13825440,874,17369
2216,10,40,25,0,57504960,3645,13825440,874,17379
2217,13,40,25,0,57504960,3645,13825440,874,17392
2218,11,40,25,0,57504960,3645,13825440,874,17403
2219,7,40,25,0,57504960,3645,13825440,874,17410
2220,1,40,25,0,57504960,3645,13825440,874,17411
2221,9,40,25,0,57504960,3645,13825440,874,17420
2222,9,40,25,0,57504960,3645,13825440,874,17429
2223,10,40,25,0,57504960,3645,13825440,874,17439
2224,10,40,25,0,57504960,3645,13825440,874,17449
2225,7,40,25,0,57504960,3645,13825440,874,17456
2226,7,40,25,0,57504960,3645,13825440,874,17463
2227,7,40,25,0,57504960,3645,13825440,874,17470
2228,10,40,25,0,57504960,3645,13825440,874,17480
2229,3,40,25,0,57504960,3645,13825440,874,17483
2230,7,40,25,0,57504960,3645,13825440,874,17490
2231,3,40,25,0,57504960,3645,13825440,874,17493
2232,6,40,25,0,57504960,3645,13825440,874,17499
2233,7,40,25,0,57504960,3645,13825440,874,17506
2234,10,40,25,0,57504960,3645,13825440,874,17516
2235,6,40,25,0,57504960,3645,13825440,874,17522
2236,6,40,25,0,57504960,3645,13825440,874,17528
2237,7,40,25,0,57504960,3645,13825440,874,17535
2238,12,40,25,0,57504960,3645,13825440,874,17547
2239,6,40,25,0,57504960,3645,13825440,874,17553
2240,10,40,25,0,57504960,3645,13825440,874,17563
2241,10,40,25,0,57504960,3645,13825440,874,17573
2242,12,40,25,0,57504960,3645,13825440,874,17585
2243,12,40,25,0,57504960,3645,13825440,874,17597
2244,4,40,25,0,57504960,3645,13825440,874,17601
2245,9,40,25,0,57504960,3645,13825440,874,17610
2246,13,40,25,0,57504960,3645,13825440,874,17623
2247,17,40,25,0,57504960,3645,13825440,874,17640
2248,11,40,25,0,57504960,3645,13825440,874,17651
2249,8,40,25,0,57504960,3645,13825440,874,17659
2250,13,40,25,0,57504960,3645,13825440,874,17672
2251,9,40,25,0,57504960,3645,13825440,874,17681
2252,7,40,25,0,57504960,3645,13825440,874,17688
2253,11,40,25,0,57504960,3645,13825440,874,17699
2254,4,40,25,0,57504960,3645,13825440,874,17703
2255,9,40,25,0,57504960,3645,13825440,874,17712
2256,7,40,25,0,57504960,3645,13825440,874,17719
2257,4,40,25,0,57504960,3645,13825440,874,17723
2258,4,40,25,0,57504960,3645,13825440,874,17727
2259,11,40,25,0,57504960,3645,13825440,874,17738
2260,5,40,25,0,57504960,3645,13825440,874,17743
2261,4,40,25,0,57504960,3645,13825440,874,17747
2262,5,40,25,0,57504960,3645,13825440,874,17752
2263,8,40,25,0,57504960,3645,13825440,874,17760
2264,10,40,25,0,57504960,3645,13825440,874,17770
2265,6,40,25,0,57504960,3645,13825440,874,17776
2266,16,40,25,0,57504960,3645,13825440,874,17792
2267,10,40,25,0,57504960,3645,13825440,874,17802
2268,12,40,25,0,57504960,3645,13825440,874,17814
2269,6,40,25,0,57504960,3645,13825440,874,17820
2270,9,40,25,0,57504960,3645,13825440,874,17829
2271,11,40,25,0,57504960,3645,13825440,874,17840
2272,9,40,25,0,57504960,3645,13825440,874,17849
2273,9,40,25,0,57504960,3645,13825440,874,17858
2274,6,40,25,0,57504960,3645,13825440,874,17864
2275,4,40,25,0,57504960,3645,13825440,874,17868
2276,4,40,25,0,57504960,3645,13825440,874,17872
2277,12,40,25,0,57504960,3645,13825440,874,17884
2278,7,40,25,0,57504960,3645,13825440,874,17891
2279,3,40,25,0,57504960,3645,13825440,874,17894
2280,7,40,25,0,57504960,3645,13825440,874,17901
2281,5,40,25,0,57504960,3645,13825440,874,17906
2282,5,40,25,0,57504960,3645,13825440,874,17911
2283,1,40,25,0,57504960,3645,13825440,874,17912
2284,5,40,25,0,57504960,3645,13825440,874,17917
2285,13,40,25,0,57504960,3645,13825440,874,17930
2286,4,40,25,0,57504960,3645,13825440,874,17934
2287,5,40,25,0,57504960,3645,13825440,874,17939
2288,5,40,25,0,57504960,3645,13825440,874,17944
2289,8,40,25,0,57504960,3645,13825440,874,17952
2290,8,40,25,0,57504960,3645,13825440,874,17960
2291,14,40,25,0,57504960,3645,13825440,874,17974
2292,10,40,25,0,57504960,3645,13825440,874,17984
2293,11,40,25,0,57504960,3645,13825440,874,17995
2294,10,40,25,0,57504960,3645,13825440,874,18005
2295,15,40,25,0,57504960,3645,13825440,874,18020
2296,9,40,25,0,57504960,3645,13825440,874,18029
2297,12,40,25,0,57504960,3645,13825440,874,18041
2298,10,40,25,0,57504960,3645,13825440,874,18051
2299,9,40,25,0,57504960,3645,13825440,874,18060
2300,10,40,25,0,57504960,3645,13825440,874,18070
2301,6,40,25,0,57504960,3645,13825440,874,18076
2302,11,40,25,0,57504960,3645,13825440,874,18087
2303,5,40,25,0,57504960,3645,13825440,874,18092
2304,3,40,25,0,57504960,3645,13825440,874,18095
2305,7,40,25,0,57504960,3645,13825440,874,18102
2306,8,40,25,0,57504960,3645,13825440,874,18110
2307,4,40,25,0,57504960,3645,13825440,874,18114
2308,5,40,25,0,57504960,3645,13825440,874,18119
2309,7,40,25,0,57504960,3645,13825440,874,18126
2310,8,40,25,0,57504960,3645,13825440,874,18134
2311,11,40,25,0,57504960,3645,13825440,874,18145
2312,10,40,25,0,57504960,3645,13825440,874,18155
2313,9,40,25,0,57504960,3645,13825440,874,18164
2314,15,40,25,0,57504960,3645,13825440,874,18179
2315,16,40,25,0,57504960,3645,13825440,874,18195
2316,10,40,25,0,57504960,3645,13825440,874,18205
2317,7,40,25,0,57504960,3645,13825440,874,18212
2318,9,40,25,0,57504960,3645,13825440,874,18221
2319,6,40,25,0,57504960,3645,13825440,874,18227
2320,11,40,25,0,57504960,3645,13825440,874,18238
2321,11,40,25,0,57504960,3645,13825440,874,18249
2322,4,40,25,0,57504960,3645,13825440,874,18253
2323,6,40,25,0,57504960,3645,13825440,874,18259
2324,7,40,25,0,57504960,3645,13825440,874,18266
2325,10,40,25,0,57504960,3645,13825440,874,18276
2326,6,40,25,0,57504960,3645,13825440,874,18282
2327,3,40,25,0,57504960,3645,13825440,874,18285
2328,5,40,25,0,57504960,3645,13825440,874,18290
2329,6,40,25,0,57504960,3645,13825440,874,18296
2330,5,40,25,0,57504960,3645,13825440,874,18301
2331,5,40,25,0,57504960,3645,13825440,874,18306
2332,12,40,25,0,57504960,3645,13825440,874,18318
2333,5,40,25,0,57504960,3645,13825440,874,18323
2334,6,40,25,0,57504960,3645,13825440,874,18329
2335,10,40,25,0,57504960,3645,13825440,874,18339
2336,9,40,25,0,57504960,3645,13825440,874,18348
2337,8,40,25,0,57504960,3645,13825440,874,18356
2338,11,40,25,0,57504960,3645,13825440,874,18367
2339,11,40,25,0,57504960,3645,13825440,874,18378
2340,1,40,25,0,57504960,3645,13825440,874,18379
2341,12,40,25,0,57504960,3645,13825440,874,18391
2342,7,40,25,0,57504960,3645,13825440,874,18398
2343,10,40,25,0,57504960,3645,13825440,874,18408
2344,14,40,25,0,57504960,3645,13825440,874,18422
2345,10,40,25,0,57504960,3645,13825440,874,18432
2346,9,40,25,0,57504960,3645,13825440,874,18441
2347,7,40,25,0,57504960,3645,13825440,874,18448
2348,3,40,25,0,57504960,3645,13825440,874,18451
2349,5,40,25,0,57504960,3645,13825440,874,18456
2350,4,40,25,0,57504960,3645,13825440,874,18460
2351,2,40,25,0,57504960,3645,13825440,874,18462
2352,10,40,25,0,57504960,3645,13825440,874,18472
2353,8,40,25,0,57504960,3645,13825440,874,18480
2354,2,40,25,0,57504960,3645,13825440,874,18482
2355,7,40,25,0,57504960,3645,13825440,874,18489
2356,3,40,25,0,57504960,3645,13825440,874,18492
2357,7,40,25,0,57504960,3645,13825440,874,18499
2358,4,40,25,0,57504960,3645,13825440,874,18503
2359,5,40,25,0,57504960,3645,13825440,874,18508
2360,10,40,25,0,57504960,3645,13825440,874,18518
2361,8,40,25,0,57504960,3645,13825440,874,18526
2362,10,40,25,0,57504960,3645,13825440,874,18536
2363,11,40,25,0,57504960,3645,13825440,874,18547
2364,5,40,25,0,57504960,3645,13825440,874,18552
2365,6,40,25,0,57504960,3645,13825440,874,18558
2366,12,40,25,0,57504960,3645,13825440,874,18570
2367,5,40,25,0,57504960,3645,13825440,874,18575
2368,7,40,25,0,57504960,3645,13825440,874,18582
2369,20,40,25,0,57504960,3645,13825440,874,18602
2370,13,40,25,0,57504960,3645,13825440,874,18615
2371,7,40,25,0,57504960,3645,13825440,874,18622
2372,7,40,25,0,57504960,3645,13825440,874,18629
2373,10,40,25,0,57504960,3645,13825440,874,18639
2374,4,40,25,0,57504960,3645,13825440,874,18643
2375,6,40,25,0,57504960,3645,13825440,874,18649
2376,5,40,25,0,57504960,3645,13825440,874,18654
2377,5,40,25,0,57504960,3645,13825440,874,18659
2378,5,40,25,0,57504960,3645,13825440,874,18664
2379,9,40,25,0,57504960,3645,13825440,874,18673
2380,2,40,25,0,57504960,3645,13825440,874,18675
2381,6,40,25,0,57504960,3645,13825440,874,18681
2382,7,40,25,0,57504960,3645,13825440,874,18688
2383,2,40,25,0,57504960,3645,13825440,874,18690
2384,8,40,25,0,57504960,3645,13825440,874,18698
2385,9,40,25,0,57504960,3645,13825440,874,18707
2386,5,40,25,0,57504960,3645,13825440,874,18712
2387,12,40,25,0,57504960,3645,13825440,874,18724
2388,19,40,25,0,57504960,3645,13825440,874,18743
2389,13,40,25,0,57504960,3645,13825440,874,18756
2390,12,40,25,0,57504960,3645,13825440,874,18768
2391,10,40,25,0,57504960,3645,13825440,874,18778
2392,6,40,25,0,57504960,3645,13825440,874,18784
2393,7,40,25,0,57504960,3645,13825440,874,18791
2394,6,40,25,0,57504960,3645,13825440,874,18797
2395,7,40,25,0,57504960,3645,13825440,874,18804
2396,4,40,25,0,57504960,3645,13825440,874,18808
2397,6,40,25,0,57504960,3645,13825440,874,18814
2398,12,40,25,0,57504960,3645,13825440,874,18826
2399,7,40,25,0,57504960,3645,13825440,874,18833

