Hour,Arrivals,Waiting,Treating,Available Rooms,Total Treatment Time,Average Treatment Time,Total Wait Time,Average Wait Time,Total Arrivals
1,9,0,8,17,1320,1320,0,0,9
2,4,0,7,18,17400,2900,0,0,13
3,9,0,10,15,35820,2985,0,0,22
4,9,0,8,17,77520,3370,0,0,31
5,6,0,9,16,89700,3203,0,0,37
6,12,0,10,15,139260,3570,0,0,49
7,7,0,7,18,173640,3543,0,0,56
8,11,0,10,15,192240,3372,0,0,67
9,11,0,14,11,225000,3515,0,0,78
10,8,0,6,19,283680,3546,0,0,86
11,16,0,16,9,308520,3587,0,0,102
12,8,0,13,12,346800,3575,0,0,110
13,9,0,10,15,404340,3709,0,0,119
14,12,0,13,12,445380,3774,0,0,131
15,10,0,11,14,479820,3690,0,0,141
16,10,0,11,14,526320,3759,0,0,151
17,9,0,11,14,562620,3775,0,0,160
18,2,0,4,21,595380,3768,0,0,162
19,6,0,7,18,610380,3791,0,0,168
20,7,0,6,19,637920,3774,0,0,175
21,5,0,4,21,665640,3782,0,0,180
22,5,0,5,20,680040,3778,0,0,185
23,6,0,4,21,693240,3707,0,0,191
24,3,0,4,21,709260,3732,0,0,194
25,3,0,6,19,718200,3760,0,0,197
26,7,0,6,19,744420,3759,0,0,204
27,3,0,4,21,756660,3727,0,0,207
28,2,0,6,19,756660,3727,0,0,209
29,11,0,7,18,800520,3758,0,0,220
30,8,0,7,18,824160,3729,0,0,228
31,6,0,6,19,847260,3716,0,0,234
32,9,0,7,18,866460,3671,0,0,243
33,11,0,8,17,892320,3627,0,0,254
34,8,0,8,17,919260,3619,0,0,262
35,11,0,13,12,940920,3618,0,0,273
36,5,0,9,16,976560,3630,0,0,278
37,8,0,9,16,1005960,3631,0,0,286
38,14,0,14,11,1038780,3632,0,0,300
39,5,0,8,17,1075500,3621,0,0,305
40,10,0,11,14,1104240,3632,0,0,315
41,10,0,10,15,1134720,3602,0,0,325
42,8,0,8,17,1182660,3638,0,0,333
43,7,0,5,20,1220760,3644,0,0,340
44,8,0,7,18,1234440,3620,0,0,348
45,9,0,10,15,1256820,3621,0,0,357
46,4,0,2,23,1302480,3628,0,0,361
47,3,0,3,22,1309560,3627,0,0,364
48,5,0,4,21,1316400,3606,0,0,369
49,5,0,7,18,1321860,3601,0,0,374
50,4,0,5,20,1347060,3611,0,0,378
51,3,0,4,21,1369380,3632,0,0,381
52,8,0,6,19,1380360,3604,0,0,389
53,11,0,10,15,1402560,3596,0,0,400
54,6,0,9,16,1420080,3577,0,0,406
55,7,0,9,16,1460520,3615,0,0,413
56,10,0,8,17,1499340,3612,0,0,423
57,17,0,16,9,1540200,3632,0,0,440
58,10,0,11,14,1585140,3610,0,0,450
59,20,0,15,10,1637400,3598,0,0,470
60,9,0,9,16,1687200,3589,0,0,479
61,9,0,8,17,1721700,3586,0,0,488
62,8,0,5,20,1758480,3581,0,0,496
63,11,0,11,14,1772280,3573,0,0,507
64,9,0,11,14,1796520,3557,0,0,516
65,8,0,8,17,1839900,3565,0,0,524
66,5,0,4,21,1872120,3565,0,0,529
67,8,0,6,19,1899720,3577,0,0,537
68,15,0,12,13,1927020,3568,0,0,552
69,6,0,9,16,1961400,3572,0,0,558
70,5,0,4,21,2009400,3594,0,0,563
71,3,0,3,22,2029620,3605,0,0,566
72,7,0,7,18,2034480,3594,0,0,573
73,6,0,3,22,2065740,3586,0,0,579
74,7,0,9,16,2068560,3585,0,0,586
75,3,0,2,23,2106180,3588,0,0,589
76,3,0,3,22,2116740,3593,0,0,592
77,7,0,4,21,2129880,3579,0,0,599
78,10,0,8,17,2141820,3563,0,0,609
79,11,0,10,15,2164680,3548,0,0,620
80,11,0,11,14,2200020,3548,0,0,631
81,10,0,9,16,2247240,3555,0,0,641
82,17,0,17,8,2268300,3538,0,0,658
83,7,0,12,13,2308560,3535,0,0,665
84,13,0,12,13,2364600,3550,0,0,678
85,11,0,12,13,2408280,3557,0,0,689
86,9,0,10,15,2455320,3568,0,0,698
87,12,0,11,14,2487420,3558,0,0,710
88,18,0,20,5,2514960,3552,0,0,728
89,10,0,14,11,2587860,3574,120,0,738
90,6,0,7,18,2663220,3613,120,0,744
91,10,0,7,18,2691360,3602,120,0,754
92,6,0,5,20,2711580,3591,120,0,760
93,6,0,7,18,2734260,3602,120,0,766
94,6,0,7,18,2761200,3609,120,0,772
95,2,0,5,20,2775900,3609,120,0,774
96,7,0,4,21,2801880,3606,120,0,781
97,4,0,3,22,2814660,3599,120,0,785
98,3,0,2,23,2820360,3588,120,0,788
99,4,0,2,23,2838420,3592,120,0,792
100,6,0,4,21,2844780,3582,120,0,798
101,2,0,3,22,2851980,3578,120,0,800
102,10,0,8,17,2865000,3572,120,0,810
103,9,0,8,17,2886300,3558,120,0,819
104,7,0,7,18,2919120,3564,120,0,826
105,17,0,13,12,2951340,3555,120,0,843
106,14,0,13,12,2993040,3546,120,0,857
107,11,0,13,12,3031020,3545,120,0,868
108,15,0,15,10,3076560,3544,120,0,883
109,11,0,14,11,3127140,3553,120,0,894
110,12,0,17,8,3160560,3555,120,0,906
111,17,0,15,10,3219960,3546,120,0,923
112,8,0,10,15,3285660,3567,120,0,931
113,10,0,10,15,3317520,3563,120,0,941
114,8,0,10,15,3357900,3576,120,0,949
115,6,0,9,16,3392880,3586,120,0,955
116,7,0,8,17,3425520,3590,120,0,962
117,6,0,4,21,3466140,3595,120,0,968
118,5,0,4,21,3481860,3593,120,0,973
119,6,0,7,18,3485400,3585,120,0,979
120,3,0,3,22,3512460,3587,120,0,982
121,4,0,3,22,3526200,3587,120,0,986
122,4,0,7,18,3526200,3587,120,0,990
123,5,0,4,21,3557100,3589,120,0,995
124,4,0,3,22,3568860,3583,120,0,999
125,5,0,5,20,3578760,3582,120,0,1004
126,10,0,10,15,3599880,3585,120,0,1014
127,11,0,12,13,3625800,3579,120,0,1025
128,10,0,10,15,3667440,3577,120,0,1035
129,10,0,13,12,3697500,3582,120,0,1045
130,7,0,10,15,3730740,3580,120,0,1052
131,5,0,5,20,3770100,3583,120,0,1057
132,11,0,10,15,3802860,3594,120,0,1068
133,10,0,11,14,3829740,3589,120,0,1078
134,9,0,11,14,3871800,3598,120,0,1087
135,4,0,8,17,3906360,3606,120,0,1091
136,12,0,12,13,3934260,3606,120,0,1103
137,12,0,12,13,3997020,3623,120,0,1115
138,6,0,4,21,4042140,3618,120,0,1121
139,7,0,8,17,4055160,3620,120,0,1128
140,6,0,8,17,4071840,3616,120,0,1134
141,5,0,7,18,4106760,3627,120,0,1139
142,6,0,4,21,4138260,3626,120,0,1145
143,10,0,10,15,4148820,3623,120,0,1155
144,8,0,10,15,4168020,3614,120,0,1163
145,8,0,10,15,4201140,3618,120,0,1171
146,2,0,3,22,4248720,3631,120,0,1173
147,1,0,3,22,4254600,3633,120,0,1174
148,1,0,2,23,4271940,3641,120,0,1175
149,5,0,3,22,4286520,3641,120,0,1180
150,3,0,3,22,4297020,3641,120,0,1183
151,4,0,5,20,4305000,3642,120,0,1187
152,7,0,5,20,4323240,3636,120,0,1194
153,8,0,9,16,4334040,3632,120,0,1202
154,8,0,9,16,4373400,3641,120,0,1210
155,8,0,8,17,4413120,3647,120,0,1218
156,12,0,10,15,4441200,3640,120,0,1230
157,7,0,14,11,4448220,3637,120,0,1237
158,15,0,14,11,4508700,3641,120,0,1252
159,15,0,13,12,4573800,3647,120,0,1267
160,11,0,9,16,4637760,3654,120,0,1278
161,7,0,8,17,4671900,3658,120,0,1285
162,7,0,9,16,4698840,3662,120,0,1292
163,7,0,3,22,4739940,3657,120,0,1299
164,4,0,3,22,4761240,3662,120,0,1303
165,11,0,6,19,4778040,3652,120,0,1314
166,6,0,8,17,4796820,3656,120,0,1320
167,4,0,3,22,4828740,3655,120,0,1324
168,8,0,6,19,4848600,3656,120,0,1332
169,5,0,4,21,4864200,3649,120,0,1337
170,8,0,6,19,4887900,3650,120,0,1345
171,8,0,10,15,4898100,3647,120,0,1353
172,4,0,6,19,4930860,3649,120,0,1357
173,7,0,4,21,4963080,3649,120,0,1364
174,7,0,7,18,4968900,3642,120,0,1371
175,5,0,3,22,4991220,3635,120,0,1376
176,5,0,4,21,5000880,3631,120,0,1381
177,11,0,11,14,5014800,3631,120,0,1392
178,7,0,7,18,5055420,3631,120,0,1399
179,11,0,12,13,5073960,3629,120,0,1410
180,5,0,7,18,5124780,3639,120,0,1415
181,7,0,6,19,5152860,3639,120,0,1422
182,12,0,10,15,5168880,3629,120,0,1434
183,6,0,10,15,5185080,3625,120,0,1440
184,10,0,6,19,5256120,3639,120,0,1450
185,5,0,5,20,5277540,3639,120,0,1455
186,10,0,8,17,5300580,3638,120,0,1465
187,10,0,9,16,5325660,3632,120,0,1475
188,3,0,3,22,5362980,3635,120,0,1478
189,5,0,6,19,5372820,3637,120,0,1483
190,4,0,8,17,5389380,3643,120,0,1487
191,3,0,6,19,5408640,3644,120,0,1490
192,3,0,3,22,5454000,3660,120,0,1493
193,1,0,1,24,5464860,3660,120,0,1494
194,10,0,6,19,5474100,3654,120,0,1504
195,6,0,5,20,5492100,3649,120,0,1510
196,4,0,2,23,5519640,3650,120,0,1514
197,7,0,8,17,5523120,3650,120,0,1521
198,8,0,5,20,5551380,3642,120,0,1529
199,9,0,11,14,5558460,3640,120,0,1538
200,7,0,7,18,5606940,3645,120,0,1545
201,10,0,10,15,5620320,3637,120,0,1555
202,10,0,10,15,5658060,3638,120,0,1565
203,13,0,11,14,5701620,3638,120,0,1578
204,9,0,12,13,5730180,3638,120,0,1587
205,10,0,11,14,5770980,3638,120,0,1597
206,3,0,5,20,5809620,3642,120,0,1600
207,6,0,7,18,5828100,3644,120,0,1606
208,14,0,13,12,5854920,3643,120,0,1620
209,8,0,9,16,5906280,3648,120,0,1628
210,6,0,4,21,5940660,3644,120,0,1634
211,7,0,6,19,5955180,3642,120,0,1641
212,12,0,10,15,5983680,3641,120,0,1653
213,8,0,11,14,6000720,3636,120,0,1661
214,1,0,5,20,6038520,3644,120,0,1662
215,7,0,7,18,6062700,3647,120,0,1669
216,11,0,6,19,6088440,3637,120,0,1680
217,6,0,4,21,6111720,3633,120,0,1686
218,6,0,5,20,6125340,3630,120,0,1692
219,5,0,7,18,6139440,3632,120,0,1697
220,6,0,7,18,6156960,3630,120,0,1703
221,5,0,5,20,6178560,3628,120,0,1708
222,6,0,5,20,6194460,3624,120,0,1714
223,9,0,7,18,6223920,3626,120,0,1723
224,7,0,7,18,6240960,3622,120,0,1730
225,9,0,8,17,6261300,3617,120,0,1739
226,8,0,8,17,6293400,3618,120,0,1747
227,8,0,9,16,6310980,3614,120,0,1755
228,15,0,11,14,6360060,3615,120,0,1770
229,11,0,10,15,6395580,3611,120,0,1781
230,10,0,13,12,6425040,3613,120,0,1791
231,10,0,9,16,6471480,3611,120,0,1801
232,11,0,10,15,6510900,3613,120,0,1812
233,10,0,9,16,6548760,3612,120,0,1822
234,4,0,6,19,6576420,3613,120,0,1826
235,13,0,10,15,6610620,3614,120,0,1839
236,6,0,6,19,6633600,3607,120,0,1845
237,6,0,5,20,6654720,3604,120,0,1851
238,6,0,6,19,6676200,3606,120,0,1857
239,5,0,5,20,6700860,3608,120,0,1862
240,8,0,10,15,6714060,3609,120,0,1870
241,6,0,7,18,6748020,3610,120,0,1876
242,6,0,5,20,6780240,3612,120,0,1882
243,4,0,1,24,6804660,3609,120,0,1886
244,4,0,3,22,6806460,3607,120,0,1890
245,6,0,6,19,6813600,3605,120,0,1896
246,4,0,3,22,6835740,3603,120,0,1900
247,6,0,6,19,6840900,3600,120,0,1906
248,7,0,6,19,6865500,3600,120,0,1913
249,4,0,6,19,6879420,3599,120,0,1917
250,8,0,11,14,6889680,3599,120,0,1925
251,12,0,14,11,6929160,3603,120,0,1937
252,7,0,9,16,6981600,3608,120,0,1944
253,7,0,7,18,7026300,3614,120,0,1951
254,9,0,9,16,7054080,3615,120,0,1960
255,12,0,11,14,7088400,3614,120,0,1972
256,10,0,9,16,7134360,3615,120,0,1982
257,9,0,11,14,7161840,3617,120,0,1991
258,15,0,11,14,7211880,3614,120,0,2006
259,6,0,9,16,7239300,3614,120,0,2012
260,7,0,9,16,7267080,3615,120,0,2019
261,10,0,11,14,7300800,3617,120,0,2029
262,1,0,5,20,7345680,3627,120,0,2030
263,11,0,8,17,7380000,3630,120,0,2041
264,2,0,5,20,7392540,3627,120,0,2043
265,3,0,3,22,7422840,3633,120,0,2046
266,5,0,6,19,7426560,3631,120,0,2051
267,9,0,8,17,7449480,3630,120,0,2060
268,5,0,6,19,7475760,3630,120,0,2065
269,9,0,7,18,7508340,3632,120,0,2074
270,3,0,6,19,7524900,3633,120,0,2077
271,6,0,6,19,7546500,3633,120,0,2083
272,10,0,11,14,7566720,3634,120,0,2093
273,13,0,12,13,7597680,3628,120,0,2106
274,8,0,7,18,7637280,3624,120,0,2114
275,17,0,15,10,7671060,3625,120,0,2131
276,9,0,15,10,7706700,3626,120,0,2140
277,8,0,11,14,7762860,3632,120,0,2148
278,10,0,12,13,7803840,3636,120,0,2158
279,15,0,19,6,7823940,3632,120,0,2173
280,16,0,15,10,7908360,3637,120,0,2189
281,6,0,7,18,7967520,3641,120,0,2195
282,8,0,7,18,7995120,3640,120,0,2203
283,7,0,9,16,8012280,3640,120,0,2210
284,6,0,6,19,8045040,3640,120,0,2216
285,5,0,2,23,8081940,3642,120,0,2221
286,2,0,4,21,8081940,3642,120,0,2223
287,3,0,4,21,8098860,3644,120,0,2226
288,10,0,7,18,8118000,3641,120,0,2236
289,4,0,6,19,8132580,3640,120,0,2240
290,6,0,5,20,8160660,3641,120,0,2246
291,8,0,6,19,8179980,3638,120,0,2254
292,10,0,6,19,8210700,3636,120,0,2264
293,10,0,6,19,8231400,3629,120,0,2274
294,7,0,6,19,8248980,3625,120,0,2281
295,8,0,7,18,8281560,3629,120,0,2289
296,5,0,5,20,8309520,3630,120,0,2294
297,8,0,9,16,8325300,3630,120,0,2302
298,8,0,5,20,8353200,3623,120,0,2310
299,10,0,10,15,8373300,3624,120,0,2320
300,14,0,12,13,8405160,3619,120,0,2334
301,11,0,10,15,8449200,3618,120,0,2345
302,8,0,11,14,8482920,3622,120,0,2353
303,11,0,12,13,8539860,3630,120,0,2364
304,6,0,6,19,8577480,3628,120,0,2370
305,6,0,4,21,8604300,3627,120,0,2376
306,9,0,8,17,8626680,3629,120,0,2385
307,12,0,10,15,8653200,3625,120,0,2397
308,4,0,7,18,8689740,3629,120,0,2401
309,3,0,2,23,8725860,3632,120,0,2404
310,1,0,1,24,8732640,3632,120,0,2405
311,8,0,7,18,8734560,3630,120,0,2413
312,5,0,3,22,8765100,3629,120,0,2418
313,7,0,3,22,8785380,3627,120,0,2425
314,6,0,6,19,8790360,3624,120,0,2431
315,6,0,4,21,8811060,3621,120,0,2437
316,1,0,0,25,8830920,3622,120,0,2438
317,5,0,4,21,8831520,3620,120,0,2443
318,7,0,6,19,8838000,3616,120,0,2450
319,18,0,14,11,8868420,3613,120,0,2468
320,7,0,8,17,8896740,3606,120,0,2475
321,9,0,8,17,8940840,3611,120,0,2484
322,14,0,16,9,8956500,3608,120,0,2498
323,9,0,10,15,9009540,3608,120,0,2507
324,13,0,7,18,9060000,3605,120,0,2520
325,7,0,5,20,9090660,3604,120,0,2527
326,9,0,7,18,9103500,3599,120,0,2536
327,11,0,15,10,9111420,3598,120,0,2547
328,9,0,13,12,9163320,3603,120,0,2556
329,10,0,11,14,9213240,3605,120,0,2566
330,10,0,11,14,9258240,3609,120,0,2576
331,8,0,12,13,9271920,3604,120,0,2584
332,12,0,14,11,9328800,3613,120,0,2596
333,6,0,10,15,9369720,3614,120,0,2602
334,3,0,6,19,9410400,3620,120,0,2605
335,7,0,11,14,9419040,3621,120,0,2612
336,4,0,6,19,9470280,3628,120,0,2616
337,3,0,2,23,9498540,3629,120,0,2619
338,7,0,4,21,9504300,3624,120,0,2626
339,3,0,4,21,9516180,3625,120,0,2629
340,6,0,7,18,9527880,3625,120,0,2635
341,7,0,6,19,9547920,3622,120,0,2642
342,7,0,4,21,9581160,3622,120,0,2649
343,6,0,5,20,9596460,3621,120,0,2655
344,6,0,8,17,9608220,3621,120,0,2661
345,9,0,10,15,9631860,3621,120,0,2670
346,13,0,12,13,9665460,3618,120,0,2683
347,12,0,10,15,9704580,3614,120,0,2695
348,13,0,14,11,9734400,3613,120,0,2708
349,12,0,16,9,9776940,3615,120,0,2720
350,15,0,11,14,9860940,3620,120,0,2735
351,13,0,14,11,9887160,3616,120,0,2748
352,11,0,11,14,9928140,3612,120,0,2759
353,11,0,10,15,9988560,3619,120,0,2770
354,6,0,8,17,10023960,3621,120,0,2776
355,9,0,7,18,10053000,3618,120,0,2785
356,9,0,7,18,10079280,3616,120,0,2794
357,7,0,9,16,10096500,3616,120,0,2801
358,4,0,5,20,10128600,3617,120,0,2805
359,3,0,5,20,10144200,3619,120,0,2808
360,4,0,4,21,10166640,3620,120,0,2812
361,12,0,13,12,10175880,3620,120,0,2824
362,2,0,8,17,10206120,3621,120,0,2826
363,4,0,6,19,10238160,3625,120,0,2830
364,10,0,8,17,10260780,3623,120,0,2840
365,9,0,11,14,10293480,3627,120,0,2849
366,4,0,5,20,10332540,3627,120,0,2853
367,12,0,9,16,10358220,3626,120,0,2865
368,6,0,9,16,10376400,3625,120,0,2871
369,13,0,8,17,10428480,3626,120,0,2884
370,9,0,10,15,10446120,3623,120,0,2893
371,11,0,12,13,10473960,3621,120,0,2904
372,12,0,8,17,10523580,3618,120,0,2916
373,11,0,14,11,10539780,3618,120,0,2927
374,13,0,14,11,10593420,3620,120,0,2940
375,8,0,9,16,10656840,3626,120,0,2948
376,5,0,5,20,10691400,3626,120,0,2953
377,8,0,8,17,10708740,3626,120,0,2961
378,10,0,13,12,10725600,3625,120,0,2971
379,4,0,3,22,10768140,3623,120,0,2975
380,7,0,3,22,10777800,3617,120,0,2982
381,7,0,5,20,10795980,3617,120,0,2989
382,9,0,8,17,10813860,3616,120,0,2998
383,7,0,10,15,10832160,3616,120,0,3005
384,2,0,1,24,10879380,3619,120,0,3007
385,6,0,3,22,10892040,3618,120,0,3013
386,4,0,5,20,10897380,3617,120,0,3017
387,10,0,10,15,10914060,3617,120,0,3027
388,4,0,5,20,10940700,3615,120,0,3031
389,3,0,3,22,10968180,3618,120,0,3034
390,7,0,7,18,10974300,3617,120,0,3041
391,13,0,8,17,11006280,3613,120,0,3054
392,12,0,12,13,11024460,3609,120,0,3066
393,8,0,12,13,11057460,3611,120,0,3074
394,12,0,13,12,11116020,3617,120,0,3086
395,12,0,12,13,11144580,3611,120,0,3098
396,8,0,9,16,11195340,3614,120,0,3106
397,9,0,8,17,11230740,3614,120,0,3115
398,17,0,18,7,11253360,3613,120,0,3132
399,9,0,10,15,11319660,3615,120,0,3141
400,10,0,9,16,11358720,3615,120,0,3151
401,15,0,13,12,11393940,3613,120,0,3166
402,7,0,7,18,11430300,3610,120,0,3173
403,7,0,6,19,11464020,3611,120,0,3180
404,10,0,4,21,11499240,3609,120,0,3190
405,11,0,12,13,11503380,3607,120,0,3201
406,10,0,7,18,11554380,3606,120,0,3211
407,5,0,5,20,11582340,3607,120,0,3216
408,6,0,3,22,11603460,3604,120,0,3222
409,7,0,6,19,11608140,3601,120,0,3229
410,4,0,4,21,11631000,3602,120,0,3233
411,6,0,7,18,11636580,3600,120,0,3239
412,3,0,4,21,11663820,3602,120,0,3242
413,8,0,6,19,11692260,3604,120,0,3250
414,6,0,7,18,11709120,3603,120,0,3256
415,4,0,3,22,11727300,3600,120,0,3260
416,3,0,2,23,11742840,3600,120,0,3263
417,10,0,9,16,11747160,3599,120,0,3273
418,5,0,6,19,11772120,3597,120,0,3278
419,13,0,11,14,11795460,3596,120,0,3291
420,7,0,9,16,11838000,3599,120,0,3298
421,9,0,9,16,11871300,3599,120,0,3307
422,16,0,13,12,11917140,3600,120,0,3323
423,8,0,12,13,11945940,3599,120,0,3331
424,8,0,7,18,11996820,3600,120,0,3339
425,11,0,14,11,12020340,3603,120,0,3350
426,14,0,16,9,12060420,3602,120,0,3364
427,10,0,10,15,12129900,3605,120,0,3374
428,5,0,4,21,12167040,3605,120,0,3379
429,9,0,6,19,12184740,3602,120,0,3388
430,5,0,2,23,12211260,3601,120,0,3393
431,7,0,7,18,12215460,3600,120,0,3400
432,4,0,2,23,12245220,3599,120,0,3404
433,4,0,3,22,12248400,3597,120,0,3408
434,6,0,5,20,12256800,3595,120,0,3414
435,7,0,4,21,12277740,3593,120,0,3421
436,6,0,8,17,12282000,3592,120,0,3427
437,8,0,9,16,12308460,3592,120,0,3435
438,9,0,4,21,12360000,3593,120,0,3444
439,6,0,4,21,12381480,3593,120,0,3450
440,6,0,7,18,12391020,3592,120,0,3456
441,9,0,6,19,12426060,3592,120,0,3465
442,8,0,7,18,12451980,3592,120,0,3473
443,14,0,9,16,12479220,3588,120,0,3487
444,10,0,6,19,12507900,3582,120,0,3497
445,9,0,8,17,12534240,3583,120,0,3506
446,9,0,13,12,12547740,3583,120,0,3515
447,12,0,14,11,12582660,3581,120,0,3527
448,12,0,13,12,12632100,3582,120,0,3539
449,9,0,12,13,12681780,3586,120,0,3548
450,6,0,7,18,12725340,3587,120,0,3554
451,9,0,7,18,12762120,3588,120,0,3563
452,6,0,7,18,12777060,3587,120,0,3569
453,2,0,2,23,12793440,3584,120,0,3571
454,3,0,3,22,12811440,3587,120,0,3574
455,4,0,5,20,12818340,3587,120,0,3578
456,5,0,7,18,12827400,3587,120,0,3583
457,6,0,5,20,12856980,3587,120,0,3589
458,6,0,6,19,12867300,3585,120,0,3595
459,5,0,7,18,12889620,3587,120,0,3600
460,6,0,6,19,12917400,3588,120,0,3606
461,14,0,12,13,12944760,3587,120,0,3620
462,5,0,6,19,12974880,3585,120,0,3625
463,9,0,8,17,13002780,3585,120,0,3634
464,4,0,5,20,13029540,3586,120,0,3638
465,4,0,3,22,13051200,3586,120,0,3642
466,14,0,14,11,13062120,3586,120,0,3656
467,11,0,15,10,13093800,3585,120,0,3667
468,9,0,11,14,13139220,3585,120,0,3676
469,7,0,7,18,13200780,3591,120,0,3683
470,13,0,7,18,13247220,3591,120,0,3696
471,10,0,9,16,13276920,3591,120,0,3706
472,9,0,11,14,13293480,3588,120,0,3715
473,14,0,11,14,13347540,3589,120,0,3729
474,10,0,9,16,13368840,3584,120,0,3739
475,5,0,7,18,13399260,3585,120,0,3744
476,4,0,2,23,13452780,3591,120,0,3748
477,4,0,4,21,13458720,3590,120,0,3752
478,7,0,5,20,13470900,3588,120,0,3759
479,4,0,4,21,13487280,3587,120,0,3763
480,8,0,4,21,13511640,3586,120,0,3771
481,4,0,4,21,13522860,3586,120,0,3775
482,12,0,10,15,13536900,3584,120,0,3787
483,10,0,10,15,13558380,3580,120,0,3797
484,5,0,7,18,13593060,3581,120,0,3802
485,7,0,7,18,13624800,3583,120,0,3809
486,7,0,7,18,13642920,3581,120,0,3816
487,10,0,8,17,13679460,3582,120,0,3826
488,10,0,9,16,13717920,3584,120,0,3836
489,4,0,5,20,13759560,3587,120,0,3840
490,12,0,11,14,13776720,3586,120,0,3852
491,16,0,20,5,13787220,3582,120,0,3868
492,8,0,10,15,13850220,3582,120,0,3876
493,10,0,5,20,13906560,3583,120,0,3886
494,7,0,7,18,13922940,3582,120,0,3893
495,10,0,7,18,13957200,3582,120,0,3903
496,8,0,5,20,13993560,3582,120,0,3911
497,9,0,11,14,14004840,3582,120,0,3920
498,6,0,7,18,14044500,3583,120,0,3926
499,5,0,7,18,14065980,3584,120,0,3931
500,10,0,8,17,14094240,3583,120,0,3941
501,6,0,8,17,14108100,3581,120,0,3947
502,6,0,6,19,14139540,3582,120,0,3953
503,4,0,4,21,14157120,3581,120,0,3957
504,6,0,5,20,14174700,3581,120,0,3963
505,7,0,4,21,14201880,3580,120,0,3970
506,4,0,4,21,14208060,3578,120,0,3974
507,4,0,4,21,14229900,3580,120,0,3978
508,8,0,7,18,14239320,3578,120,0,3986
509,7,0,7,18,14256240,3576,120,0,3993
510,6,0,9,16,14287680,3580,120,0,3999
511,11,0,15,10,14310960,3582,120,0,4010
512,14,0,10,15,14372880,3580,120,0,4024
513,13,0,14,11,14404320,3580,120,0,4037
514,6,0,7,18,14460480,3582,120,0,4043
515,13,0,11,14,14497920,3584,120,0,4056
516,14,0,17,8,14520840,3582,120,0,4070
517,22,5,16,9,14575020,3580,1260,0,4092
518,16,2,23,2,14637780,3585,21240,5,4108
519,17,0,15,10,14725920,3582,24960,6,4125
520,11,0,9,16,14787600,3583,24960,6,4136
521,12,0,7,18,14832300,3581,24960,6,4148
522,7,0,5,20,14868000,3582,24960,6,4155
523,10,0,11,14,14873460,3580,24960,5,4165
524,8,0,5,20,14914500,3578,24960,5,4173
525,6,0,7,18,14928900,3578,24960,5,4179
526,5,0,4,21,14962020,3579,24960,5,4184
527,5,0,5,20,14973540,3578,24960,5,4189
528,10,0,6,19,15000360,3577,24960,5,4199
529,4,0,5,20,15009720,3575,24960,5,4203
530,2,0,5,20,15020520,3576,24960,5,4205
531,4,0,4,21,15051120,3579,24960,5,4209
532,4,0,5,20,15058020,3578,24960,5,4213
533,7,0,7,18,15076080,3578,24960,5,4220
534,4,0,4,21,15097800,3577,24960,5,4224
535,5,0,7,18,15110820,3579,24960,5,4229
536,13,0,12,13,15133140,3577,24960,5,4242
537,13,0,13,12,15162300,3574,24960,5,4255
538,12,0,13,12,15207780,3574,24960,5,4267
539,13,0,12,13,15253680,3573,24960,5,4280
540,8,0,9,16,15300780,3575,24960,5,4288
541,13,0,12,13,15345600,3577,24960,5,4301
542,12,0,13,12,15387180,3578,24960,5,4313
543,11,0,10,15,15430380,3576,24960,5,4324
544,9,0,7,18,15486180,3579,24960,5,4333
545,6,0,5,20,15509700,3578,24960,5,4339
546,7,0,8,17,15523380,3578,24960,5,4346
547,10,0,8,17,15550140,3576,24960,5,4356
548,8,0,9,16,15586500,3578,24960,5,4364
549,4,0,7,18,15606660,3578,24960,5,4368
550,5,0,4,21,15645420,3581,24960,5,4373
551,4,0,4,21,15659400,3580,24960,5,4377
552,5,0,4,21,15674880,3580,24960,5,4382
553,3,0,2,23,15693780,3580,24960,5,4385
554,5,0,4,21,15707100,3581,24960,5,4390
555,4,0,4,21,15719700,3580,24960,5,4394
556,9,0,9,16,15732600,3580,24960,5,4403
557,6,0,4,21,15767880,3579,24960,5,4409
558,6,0,6,19,15784140,3579,24960,5,4415
559,8,0,11,14,15800760,3581,24960,5,4423
560,2,0,4,21,15836100,3582,24960,5,4425
561,9,0,7,18,15856800,3581,24960,5,4434
562,13,0,14,11,15879660,3582,24960,5,4447
563,14,0,12,13,15936180,3581,24960,5,4461
564,11,0,13,12,15970860,3581,24960,5,4472
565,15,0,12,13,16030020,3582,24960,5,4487
566,12,0,12,13,16075440,3582,24960,5,4499
567,11,0,11,14,16125960,3584,24960,5,4510
568,9,0,11,14,16163280,3585,24960,5,4519
569,9,0,7,18,16206600,3584,24960,5,4528
570,8,0,7,18,16239420,3585,24960,5,4536
571,9,0,8,17,16254300,3582,24960,5,4545
572,7,0,13,12,16260000,3582,24960,5,4552
573,7,0,8,17,16324980,3587,24960,5,4559
574,4,0,4,21,16361340,3588,24960,5,4563
575,9,0,10,15,16377240,3589,24960,5,4572
576,4,0,6,19,16402320,3589,24960,5,4576
577,4,0,4,21,16433400,3591,24960,5,4580
578,9,0,7,18,16452120,3590,24960,5,4589
579,5,0,2,23,16471860,3587,24960,5,4594
580,7,0,6,19,16481520,3586,24960,5,4601
581,5,0,7,18,16494600,3586,24960,5,4606
582,11,0,11,14,16520580,3586,24960,5,4617
583,11,0,11,14,16563060,3587,24960,5,4628
584,3,0,7,18,16594080,3588,24960,5,4631
585,9,0,9,16,16638600,3592,24960,5,4640
586,14,0,16,9,16649760,3589,24960,5,4654
587,8,0,12,13,16694400,3590,24960,5,4662
588,10,0,10,15,16741980,3591,24960,5,4672
589,11,0,8,17,16779420,3589,24960,5,4683
590,12,0,7,18,16810560,3585,24960,5,4695
591,12,0,10,15,16837500,3584,24960,5,4707
592,8,0,8,17,16869240,3583,24960,5,4715
593,10,0,8,17,16896540,3582,24960,5,4725
594,13,0,9,16,16921020,3578,24960,5,4738
595,7,0,6,19,16957680,3578,24960,5,4745
596,7,0,10,15,16971600,3578,24960,5,4752
597,8,0,7,18,17007720,3578,24960,5,4760
598,3,0,6,19,17025000,3578,24960,5,4763
599,6,0,4,21,17059440,3580,24960,5,4769
600,7,0,5,20,17071320,3578,24960,5,4776
601,2,0,3,22,17090220,3579,24960,5,4778
602,4,0,3,22,17105760,3579,24960,5,4782
603,6,0,4,21,17118240,3578,24960,5,4788
604,7,0,7,18,17125440,3576,24960,5,4795
605,5,0,4,21,17153580,3576,24960,5,4800
606,12,0,9,16,17178840,3576,24960,5,4812
607,13,0,14,11,17199360,3575,24960,5,4825
608,8,0,13,12,17231760,3575,24960,5,4833
609,12,0,7,18,17314440,3578,24960,5,4845
610,7,0,4,21,17341980,3577,24960,5,4852
611,10,0,7,18,17356620,3574,24960,5,4862
612,10,0,9,16,17378880,3573,24960,5,4872
613,9,0,8,17,17418540,3574,24960,5,4881
614,10,0,15,10,17435940,3575,24960,5,4891
615,9,0,9,16,17492220,3576,24960,5,4900
616,15,0,14,11,17538960,3578,24960,5,4915
617,6,0,8,17,17576040,3577,24960,5,4921
618,11,0,8,17,17621040,3578,24960,5,4932
619,9,0,9,16,17650800,3578,24960,5,4941
620,9,0,9,16,17683140,3578,24960,5,4950
621,11,0,13,12,17715360,3580,24960,5,4961
622,5,0,7,18,17762880,3581,24960,5,4966
623,10,0,11,14,17798640,3584,24960,5,4976
624,2,0,6,19,17827140,3585,24960,5,4978
625,6,0,7,18,17847840,3586,24960,5,4984
626,7,0,8,17,17875680,3587,24960,5,4991
627,8,0,9,16,17906580,3588,24960,4,4999
628,4,0,8,17,17929920,3589,24960,4,5003
629,10,0,7,18,17971020,3589,24960,4,5013
630,6,0,6,19,17997000,3590,24960,4,5019
631,12,0,8,17,18023160,3588,24960,4,5031
632,5,0,4,21,18053100,3587,24960,4,5036
633,14,0,11,14,18071640,3586,24960,4,5050
634,13,0,15,10,18095460,3584,24960,4,5063
635,19,0,21,4,18143880,3585,24960,4,5082
636,11,0,15,10,18216540,3587,24960,4,5093
637,19,0,17,8,18270360,3585,24960,4,5112
638,12,0,14,11,18319140,3584,24960,4,5124
639,15,0,18,7,18375900,3588,24960,4,5139
640,10,0,10,15,18447000,3589,24960,4,5149
641,9,0,8,17,18494520,3591,24960,4,5158
642,9,0,11,14,18506460,3589,24960,4,5167
643,10,0,11,14,18544920,3589,24960,4,5177
644,4,0,5,20,18585480,3590,24960,4,5181
645,6,0,5,20,18613020,3591,24960,4,5187
646,8,0,8,17,18634080,3592,24960,4,5195
647,11,0,10,15,18663720,3591,24960,4,5206
648,3,0,8,17,18681720,3591,24960,4,5209
649,7,0,10,15,18710160,3593,24960,4,5216
650,7,0,12,13,18732540,3594,24960,4,5223
651,7,0,9,16,18778080,3596,24960,4,5230
652,5,0,6,19,18815220,3598,24960,4,5235
653,7,0,5,20,18840180,3597,24960,4,5242
654,7,0,5,20,18867900,3597,24960,4,5249
655,11,0,10,15,18883140,3596,24960,4,5260
656,9,0,6,19,18909240,3592,24960,4,5269
657,13,0,13,12,18921780,3591,24960,4,5282
658,11,0,9,16,18977040,3591,24960,4,5293
659,10,0,6,19,19024560,3591,24960,4,5303
660,9,0,9,16,19043040,3590,24960,4,5312
661,8,0,9,16,19069560,3590,24960,4,5320
662,9,0,9,16,19107000,3591,24960,4,5329
663,13,0,14,11,19144560,3593,24960,4,5342
664,9,0,15,10,19169400,3592,24960,4,5351
665,6,0,10,15,19228980,3596,24960,4,5357
666,13,0,10,15,19289400,3598,24960,4,5370
667,11,0,13,12,19313760,3597,24960,4,5381
668,6,0,8,17,19368960,3600,24960,4,5387
669,7,0,6,19,19393500,3599,24960,4,5394
670,10,0,9,16,19418280,3599,24960,4,5404
671,6,0,7,18,19436700,3597,24960,4,5410
672,3,0,6,19,19461960,3599,24960,4,5413
673,4,0,8,17,19466640,3598,24960,4,5417
674,6,0,12,13,19472400,3598,24960,4,5423
675,7,0,14,11,19493460,3599,24960,4,5430
676,0,0,8,17,19518780,3599,24960,4,5430
677,5,0,8,17,19543560,3601,24960,4,5435
678,7,0,12,13,19545900,3599,24960,4,5442
679,10,0,13,12,19566600,3597,24960,4,5452
680,8,0,10,15,19599300,3596,24960,4,5460
681,18,0,20,5,19629840,3596,24960,4,5478
682,15,0,23,2,19658040,3593,24960,4,5493
683,16,0,19,6,19729140,3593,25620,4,5509
684,12,0,20,5,19756680,3591,25620,4,5521
685,7,0,12,13,19828740,3594,25620,4,5528
686,8,0,14,11,19863900,3597,25620,4,5536
687,12,0,18,7,19882080,3595,25620,4,5548
688,10,0,13,12,19943160,3596,25620,4,5558
689,8,0,13,12,19975200,3597,25620,4,5566
690,10,0,16,9,19993980,3596,25620,4,5576
691,7,0,14,11,20043240,3599,25620,4,5583
692,6,0,12,13,20073720,3599,25620,4,5589
693,5,0,12,13,20089620,3599,25620,4,5594
694,7,0,15,10,20111940,3600,25620,4,5601
695,10,0,10,15,20163960,3600,25620,4,5611
696,3,0,7,18,20188140,3600,25620,4,5614
697,2,0,6,19,20201820,3601,25620,4,5616
698,5,0,9,16,20203680,3600,25620,4,5621
699,8,0,9,16,20217480,3597,25620,4,5629
700,4,0,7,18,20233620,3596,25620,4,5633
701,5,0,12,13,20233620,3596,25620,4,5638
702,11,0,15,10,20251260,3594,25620,4,5649
703,5,0,10,15,20294280,3595,25620,4,5654
704,9,0,12,13,20313600,3594,25620,4,5663
705,8,0,12,13,20337420,3593,25620,4,5671
706,12,0,16,9,20363220,3593,25620,4,5683
707,18,0,15,10,20410260,3589,25620,4,5701
708,7,0,14,11,20433960,3588,25620,4,5708
709,8,0,15,10,20471580,3590,25620,4,5716
710,10,0,13,12,20502240,3588,25620,4,5726
711,11,0,14,11,20534040,3587,25620,4,5737
712,10,0,16,9,20558280,3587,25620,4,5747
713,11,0,17,8,20595480,3587,25620,4,5758
714,4,0,12,13,20627220,3587,25620,4,5762
715,9,0,14,11,20666040,3589,25620,4,5771
716,6,0,16,9,20688120,3591,28080,4,5777
717,2,0,13,12,20718480,3593,28080,4,5779
718,7,0,13,12,20761500,3596,28080,4,5786
719,6,0,10,15,20797020,3596,28080,4,5792
720,5,0,8,17,20823780,3597,28080,4,5797
721,6,0,11,14,20828520,3596,28080,4,5803
722,8,0,12,13,20853060,3595,28080,4,5811
723,5,0,11,14,20873400,3595,28080,4,5816
724,6,0,13,12,20889720,3596,28080,4,5822
725,4,0,12,13,20919480,3598,28080,4,5826
726,8,0,10,15,20949120,3597,28080,4,5834
727,5,0,9,16,20969580,3596,28080,4,5839
728,10,0,16,9,20974740,3595,28080,4,5849
729,10,0,14,11,21023280,3596,28080,4,5859
730,7,0,11,14,21057960,3596,28080,4,5866
731,16,0,17,8,21082320,3594,28080,4,5882
732,9,0,16,9,21128640,3596,28080,4,5891
733,10,0,17,8,21164280,3596,28080,4,5901
734,16,0,19,6,21207780,3595,28080,4,5917
735,9,0,18,7,21247260,3596,28080,4,5926
736,13,0,20,5,21293580,3597,28080,4,5939
737,9,0,12,13,21358440,3598,28080,4,5948
738,7,0,12,13,21379980,3597,28080,4,5955
739,11,0,15,10,21405180,3596,28080,4,5966
740,8,0,20,5,21421980,3597,28080,4,5974
741,0,0,8,17,21486660,3601,28080,4,5974
742,6,0,10,15,21510600,3603,28080,4,5980
743,3,0,12,13,21516480,3603,28080,4,5983
744,5,0,12,13,21538980,3604,28080,4,5988
745,7,0,14,11,21563040,3605,28080,4,5995
746,3,0,9,16,21591660,3605,28080,4,5998
747,5,0,10,15,21607200,3605,28080,4,6003
748,7,0,12,13,21628080,3605,28080,4,6010
749,6,0,13,12,21639720,3604,28080,4,6016
750,6,0,9,16,21677640,3605,28080,4,6022
751,5,0,10,15,21692220,3605,28080,4,6027
752,10,0,10,15,21720540,3603,28080,4,6037
753,8,0,10,15,21735120,3601,28080,4,6045
754,13,0,18,7,21746640,3600,28080,4,6058
755,12,0,17,8,21785880,3599,28080,4,6070
756,12,3,19,6,21807060,3598,29460,4,6082
757,11,0,18,7,21873480,3600,32820,5,6093
758,7,0,12,13,21934320,3602,32820,5,6100
759,10,0,13,12,21960120,3601,32820,5,6110
760,11,0,16,9,21988980,3601,32820,5,6121
761,9,0,14,11,22035540,3602,32820,5,6130
762,15,0,17,8,22065420,3600,32820,5,6145
763,7,0,11,14,22123380,3602,32820,5,6152
764,12,0,17,8,22141680,3602,32820,5,6164
765,9,0,15,10,22174800,3600,32820,5,6173
766,7,0,12,13,22214220,3601,32820,5,6180
767,4,0,11,14,22235760,3602,32820,5,6184
768,7,0,10,15,22261860,3601,32820,5,6191
769,6,0,13,12,22267440,3600,32820,5,6197
770,1,0,9,16,22288020,3601,32820,5,6198
771,7,0,12,13,22311300,3602,32820,5,6205
772,7,0,10,15,22329960,3600,32820,5,6212
773,6,0,11,14,22342980,3599,32820,5,6218
774,8,0,12,13,22371060,3600,32820,5,6226
775,9,0,16,9,22384200,3599,32820,5,6235
776,12,0,16,9,22428780,3599,32820,5,6247
777,6,0,12,13,22470360,3600,32820,5,6253
778,6,0,11,14,22497660,3600,32820,5,6259
779,14,0,17,8,22520460,3599,32820,5,6273
780,10,0,15,10,22549200,3597,32820,5,6283
781,10,0,16,9,22585800,3598,32820,5,6293
782,17,0,19,6,22629720,3597,32820,5,6310
783,8,0,17,8,22675140,3598,32820,5,6318
784,8,0,12,13,22717920,3598,32820,5,6326
785,8,0,12,13,22755060,3599,32820,5,6334
786,7,0,12,13,22778820,3599,32820,5,6341
787,4,0,9,16,22810740,3600,32820,5,6345
788,10,0,12,13,22830060,3599,32820,5,6355
789,7,0,12,13,22846380,3597,32820,5,6362
790,5,0,7,18,22886220,3598,32820,5,6367
791,4,0,8,17,22894920,3598,32820,5,6371
792,7,0,13,12,22896900,3597,32820,5,6378
793,6,0,12,13,22926840,3598,32820,5,6384
794,7,0,13,12,22959360,3599,32820,5,6391
795,3,0,12,13,22967820,3598,32820,5,6394
796,5,0,8,17,23018880,3601,32820,5,6399
797,7,0,12,13,23024220,3600,32820,5,6406
798,10,0,16,9,23048460,3601,32820,5,6416
799,10,0,16,9,23075820,3599,32820,5,6426
800,10,0,16,9,23116020,3600,32820,5,6436
801,9,0,11,14,23166780,3600,32820,5,6445
802,12,0,18,7,23177760,3599,32820,5,6457
803,16,0,20,5,23227920,3599,32820,5,6473
804,8,0,16,9,23274720,3600,32820,5,6481
805,10,0,14,11,23326200,3601,32820,5,6491
806,9,0,15,10,23350800,3600,32820,5,6500
807,7,0,14,11,23390400,3602,32820,5,6507
808,8,0,14,11,23413980,3601,32820,5,6515
809,6,0,10,15,23461380,3603,32820,5,6521
810,3,0,7,18,23484540,3603,32820,5,6524
811,9,0,13,12,23498520,3604,32820,5,6533
812,9,0,13,12,23516220,3601,32820,5,6542
813,6,0,12,13,23544480,3602,32820,5,6548
814,7,0,11,14,23576280,3602,32820,5,6555
815,8,0,12,13,23604060,3603,32820,5,6563
816,5,0,11,14,23625960,3603,32820,4,6568
817,5,0,10,15,23654340,3604,32820,4,6573
818,6,0,11,14,23667060,3603,32820,4,6579
819,3,0,8,17,23701020,3605,32820,4,6582
820,4,0,10,15,23713080,3606,32820,4,6586
821,9,0,14,11,23728560,3605,32820,4,6595
822,2,0,7,18,23767020,3606,32820,4,6597
823,6,0,7,18,23779680,3605,32820,4,6603
824,7,0,9,16,23792700,3604,32820,4,6610
825,10,0,17,8,23796960,3603,32820,4,6620
826,10,0,17,8,23826660,3603,32820,4,6630
827,10,0,14,11,23876400,3603,32820,4,6640
828,3,0,11,14,23909580,3605,32820,4,6643
829,11,0,13,12,23946300,3605,32820,4,6654
830,7,0,9,16,23970720,3603,32820,4,6661
831,8,0,10,15,23987700,3602,32820,4,6669
832,8,0,12,13,23998020,3600,32820,4,6677
833,7,0,13,12,24015660,3600,32820,4,6684
834,6,0,15,10,24041460,3601,32820,4,6690
835,11,0,17,8,24072960,3601,32820,4,6701
836,6,0,14,11,24105480,3601,32820,4,6707
837,6,0,10,15,24146280,3602,32820,4,6713
838,9,0,10,15,24174000,3601,32820,4,6722
839,8,0,13,12,24189420,3601,32820,4,6730
840,4,0,13,12,24203880,3601,32820,4,6734
841,5,0,11,14,24248460,3604,32820,4,6739
842,0,0,7,18,24266700,3604,32820,4,6739
843,5,0,8,17,24279960,3604,32820,4,6744
844,9,0,9,16,24294000,3602,32820,4,6753
845,5,0,11,14,24297600,3601,32820,4,6758
846,3,0,10,15,24317100,3601,32820,4,6761
847,10,0,11,14,24346200,3601,32820,4,6771
848,9,0,12,13,24362880,3599,32820,4,6780
849,12,0,17,8,24390540,3600,32820,4,6792
850,10,0,17,8,24430200,3600,32820,4,6802
851,7,0,12,13,24466920,3599,32820,4,6809
852,14,0,16,9,24515820,3601,32820,4,6823
853,11,0,15,10,24543540,3599,32820,4,6834
854,10,0,14,11,24580200,3598,32820,4,6844
855,13,0,17,8,24633480,3601,32820,4,6857
856,7,0,15,10,24665100,3601,32820,4,6864
857,9,0,16,9,24706380,3603,32820,4,6873
858,7,0,13,12,24741900,3603,32820,4,6880
859,4,0,11,14,24771900,3604,32820,4,6884
860,6,0,13,12,24793320,3605,32820,4,6890
861,8,0,14,11,24818160,3605,32820,4,6898
862,8,0,13,12,24843720,3604,32820,4,6906
863,4,0,10,15,24876540,3605,32820,4,6910
864,6,0,10,15,24894780,3604,32820,4,6916
865,3,0,9,16,24910620,3605,32820,4,6919
866,12,0,14,11,24935460,3604,32820,4,6931
867,6,0,12,13,24957540,3603,32820,4,6937
868,4,0,10,15,24982980,3604,32820,4,6941
869,5,0,11,14,25007940,3606,32820,4,6946
870,5,0,10,15,25030680,3606,32820,4,6951
871,7,0,17,8,25030680,3606,32820,4,6958
872,13,0,19,6,25071720,3606,32820,4,6971
873,9,0,16,9,25123440,3607,32820,4,6980
874,8,0,14,11,25167600,3608,32820,4,6988
875,11,1,17,8,25187760,3608,33300,4,6999
876,10,0,19,6,25223100,3608,34380,4,7009
877,6,0,11,14,25282320,3609,34380,4,7015
878,16,0,19,6,25307820,3609,34380,4,7031
879,9,0,17,8,25339920,3608,34380,4,7040
880,10,0,17,8,25377360,3608,34380,4,7050
881,8,0,18,7,25401120,3608,34380,4,7058
882,8,0,13,12,25461480,3610,34380,4,7066
883,7,0,14,11,25491840,3611,34380,4,7073
884,6,0,12,13,25510440,3609,34380,4,7079
885,3,0,10,15,25539420,3611,34380,4,7082
886,10,0,12,13,25573620,3612,34380,4,7092
887,6,0,10,15,25589460,3610,34380,4,7098
888,8,0,13,12,25606920,3610,34380,4,7106
889,2,0,8,17,25628400,3609,34380,4,7108
890,3,0,7,18,25647300,3610,34380,4,7111
891,12,0,14,11,25656540,3609,34380,4,7123
892,5,0,12,13,25687260,3609,34380,4,7128
893,3,0,10,15,25713840,3610,34380,4,7131
894,6,0,11,14,25734660,3611,34380,4,7137
895,11,0,18,7,25747740,3611,34380,4,7148
896,16,0,21,4,25798620,3611,34380,4,7164
897,6,0,17,8,25838700,3612,34380,4,7170
898,10,0,19,6,25868580,3612,34380,4,7180
899,10,0,12,13,25942200,3614,34380,4,7190
900,8,0,13,12,25963980,3613,34380,4,7198
901,11,0,19,6,25969800,3611,34380,4,7209
902,10,0,17,8,26019960,3612,34380,4,7219
903,11,0,20,5,26062500,3614,34380,4,7230
904,8,0,18,7,26102220,3615,34380,4,7238
905,4,0,10,15,26166960,3618,34380,4,7242
906,12,0,17,8,26183460,3617,34380,4,7254
907,5,0,14,11,26212500,3618,34380,4,7259
908,7,0,16,9,26247240,3620,34380,4,7266
909,10,0,15,10,26285280,3620,34380,4,7276
910,6,0,11,14,26322840,3620,34380,4,7282
911,10,0,13,12,26353260,3620,34380,4,7292
912,3,0,10,15,26373300,3620,34380,4,7295
913,5,0,11,14,26388660,3620,34380,4,7300
914,5,0,12,13,26406300,3620,34380,4,7305
915,4,0,11,14,26423580,3620,34380,4,7309
916,12,0,16,9,26456880,3621,34380,4,7321
917,6,0,14,11,26486640,3621,34380,4,7327
918,7,0,11,14,26530140,3622,34380,4,7334
919,5,0,13,12,26541180,3622,34380,4,7339
920,13,0,14,11,26578140,3621,34380,4,7352
921,7,0,12,13,26608260,3621,34380,4,7359
922,4,0,10,15,26630100,3621,34380,4,7363
923,6,0,14,11,26652840,3623,34380,4,7369
924,7,0,17,8,26665140,3623,34380,4,7376
925,10,0,12,13,26730540,3624,34380,4,7386
926,7,0,12,13,26751000,3624,34380,4,7393
927,10,0,13,12,26786760,3624,34380,4,7403
928,9,0,11,14,26826780,3624,34380,4,7412
929,10,0,13,12,26844240,3623,34380,4,7422
930,8,0,15,10,26865600,3623,34380,4,7430
931,9,0,14,11,26901300,3623,34380,4,7439
932,15,0,19,6,26933220,3622,34380,4,7454
933,4,0,8,17,26984940,3622,34380,4,7458
934,11,0,15,10,27002220,3622,34380,4,7469
935,4,0,12,13,27026700,3622,34380,4,7473
936,5,0,12,13,27054120,3623,34380,4,7478
937,4,0,11,14,27075000,3624,34380,4,7482
938,5,0,11,14,27090540,3623,34380,4,7487
939,4,0,9,16,27119040,3624,34380,4,7491
940,8,0,14,11,27127380,3624,34380,4,7499
941,9,0,10,15,27176040,3624,34380,4,7508
942,11,0,16,9,27185280,3623,34380,4,7519
943,8,0,14,11,27215640,3622,34380,4,7527
944,3,0,8,17,27244740,3622,34380,4,7530
945,8,0,9,16,27270240,3622,34380,4,7538
946,11,0,13,12,27284400,3620,34380,4,7549
947,17,1,25,0,27291420,3619,34380,4,7566
948,13,11,17,8,27337620,3620,37080,4,7579
949,11,3,25,0,27413220,3625,79080,10,7590
950,6,0,19,6,27452700,3623,88380,11,7596
951,12,0,18,7,27511980,3624,88380,11,7608
952,15,0,18,7,27551340,3622,88380,11,7623
953,12,3,16,9,27591300,3622,89580,11,7635
954,6,0,10,15,27654480,3623,93120,12,7641
955,9,0,11,14,27682680,3623,93120,12,7650
956,4,0,11,14,27694560,3623,93120,12,7654
957,8,0,12,13,27724320,3624,93120,12,7662
958,9,0,17,8,27747840,3625,93120,12,7671
959,3,0,12,13,27781620,3625,93120,12,7674
960,6,0,10,15,27818100,3626,93120,12,7680
961,4,0,12,13,27823860,3626,93120,12,7684
962,9,0,12,13,27855540,3626,93120,12,7693
963,5,0,12,13,27875340,3626,93120,12,7698
964,8,0,15,10,27892260,3626,93120,12,7706
965,6,0,13,12,27933660,3628,93120,12,7712
966,9,0,13,12,27964860,3628,93120,12,7721
967,10,0,16,9,27989580,3627,93120,12,7731
968,12,0,18,7,28024740,3627,93120,12,7743
969,7,0,13,12,28068420,3627,93120,12,7750
970,10,0,15,10,28089540,3626,93120,12,7760
971,11,0,18,7,28127940,3628,93120,11,7771
972,11,0,16,9,28193700,3630,93120,11,7782
973,10,0,15,10,28224840,3629,93120,11,7792
974,12,0,16,9,28257420,3628,93120,11,7804
975,2,0,10,15,28300980,3630,93120,11,7806
976,10,0,13,12,28330980,3630,93120,11,7816
977,9,0,17,8,28338600,3629,93120,11,7825
978,9,0,18,7,28376520,3630,93120,11,7834
979,6,0,13,12,28414080,3630,93120,11,7840
980,7,0,14,11,28443360,3631,93120,11,7847
981,5,0,13,12,28470240,3631,93120,11,7852
982,4,0,8,17,28508040,3632,93120,11,7856
983,6,0,10,15,28526940,3633,93120,11,7862
984,4,0,9,16,28543680,3632,93120,11,7866
985,6,0,11,14,28555320,3632,93120,11,7872
986,7,0,10,15,28583520,3632,93120,11,7879
987,9,0,13,12,28599600,3631,93120,11,7888
988,5,0,15,10,28610580,3631,93120,11,7893
989,7,0,12,13,28666620,3634,93120,11,7900
990,7,0,13,12,28695600,3635,93120,11,7907
991,9,0,12,13,28720740,3633,93120,11,7916
992,9,0,15,10,28733100,3632,93120,11,7925
993,10,0,19,6,28763820,3633,93120,11,7935
994,9,0,21,4,28801380,3635,93120,11,7944
995,12,0,17,8,28884120,3638,93120,11,7956
996,13,0,18,7,28919940,3637,93120,11,7969
997,12,0,18,7,28955160,3636,93120,11,7981
998,7,0,12,13,29001480,3636,93120,11,7988
999,8,0,11,14,29036040,3636,93120,11,7996
1000,9,0,11,14,29062800,3635,93120,11,8005
1001,12,0,13,12,29094540,3635,93120,11,8017
1002,7,0,14,11,29109180,3634,93120,11,8024
1003,2,0,9,16,29141760,3634,93120,11,8026
1004,11,0,12,13,29158680,3633,93120,11,8037
1005,9,0,14,11,29176020,3632,93120,11,8046
1006,9,0,12,13,29210640,3631,93120,11,8055
1007,7,0,10,15,29237160,3631,93120,11,8062
1008,5,0,9,16,29259540,3631,93120,11,8067
1009,3,0,7,18,29274540,3630,93120,11,8070
1010,10,0,13,12,29289000,3630,93120,11,8080
1011,3,0,9,16,29304780,3629,93120,11,8083
1012,6,0,10,15,29320560,3629,93120,11,8089
1013,12,0,16,9,29344140,3629,93120,11,8101
1014,10,0,16,9,29373060,3628,93120,11,8111
1015,11,0,16,9,29416920,3629,93120,11,8122
1016,7,0,15,10,29448780,3629,93120,11,8129
1017,8,0,15,10,29479500,3629,93120,11,8137
1018,10,0,14,11,29518080,3629,93120,11,8147
1019,9,0,13,12,29553840,3629,93120,11,8156
1020,11,0,17,8,29576640,3629,93120,11,8167
1021,9,0,14,11,29622180,3629,93120,11,8176
1022,13,0,19,6,29647020,3628,93120,11,8189
1023,14,0,20,5,29682420,3627,93120,11,8203
1024,11,0,21,4,29736060,3629,93120,11,8214
1025,11,1,21,4,29787300,3631,94260,11,8225
1026,9,0,17,8,29842680,3631,96720,11,8234
1027,11,0,18,7,29881140,3632,96720,11,8245
1028,6,0,12,13,29931960,3632,96720,11,8251
1029,4,0,10,15,29962200,3633,96720,11,8255
1030,2,0,10,15,29978880,3635,96720,11,8257
1031,10,0,15,10,30001140,3635,96720,11,8267
1032,6,0,16,9,30016980,3635,96720,11,8273
1033,4,0,13,12,30050520,3636,96720,11,8277
1034,3,0,10,15,30088140,3638,96720,11,8280
1035,10,0,15,10,30109140,3638,96720,11,8290
1036,5,0,12,13,30141240,3638,96720,11,8295
1037,5,0,10,15,30171660,3639,96720,11,8300
1038,10,0,13,12,30194880,3639,96720,11,8310
1039,11,0,17,8,30213660,3638,96720,11,8321
1040,11,0,19,6,30246420,3638,96720,11,8332
1041,10,0,16,9,30299820,3639,96720,11,8342
1042,11,0,14,11,30355320,3640,96720,11,8353
1043,6,0,13,12,30385440,3640,96720,11,8359
1044,10,0,16,9,30405060,3640,96720,11,8369
1045,11,0,16,9,30446760,3640,96720,11,8380
1046,7,0,11,14,30492180,3640,96720,11,8387
1047,9,0,14,11,30517440,3640,96720,11,8396
1048,8,0,14,11,30542520,3640,96720,11,8404
1049,14,0,16,9,30589260,3640,96720,11,8418
1050,11,0,17,8,30622380,3640,96720,11,8429
1051,7,0,13,12,30667740,3640,96720,11,8436
1052,2,0,10,15,30690540,3641,96720,11,8438
1053,8,0,14,11,30705780,3641,96720,11,8446
1054,6,0,10,15,30748260,3642,96720,11,8452
1055,3,0,8,17,30766260,3642,96720,11,8455
1056,5,0,8,17,30781080,3641,96720,11,8460
1057,7,0,12,13,30785580,3641,96720,11,8467
1058,5,0,12,13,30813420,3642,96720,11,8472
1059,5,0,12,13,30831360,3642,96720,11,8477
1060,7,0,13,12,30862440,3643,96720,11,8484
1061,11,0,16,9,30896220,3643,96720,11,8495
1062,12,0,21,4,30925860,3644,96720,11,8507
1063,4,0,12,13,30985800,3645,96720,11,8511
1064,10,0,12,13,31035960,3647,96720,11,8521
1065,10,0,15,10,31059180,3647,96720,11,8531
1066,11,0,12,13,31091640,3644,96720,11,8542
1067,4,0,8,17,31116840,3644,96720,11,8546
1068,10,0,13,12,31137480,3644,96720,11,8556
1069,6,0,10,15,31164840,3644,96720,11,8562
1070,7,0,13,12,31182540,3644,96720,11,8569
1071,8,0,14,11,31198620,3643,96720,11,8577
1072,9,0,11,14,31244880,3643,96720,11,8586
1073,5,0,9,16,31273560,3644,96720,11,8591
1074,6,0,11,14,31283700,3643,96720,11,8597
1075,8,0,14,11,31304100,3643,96720,11,8605
1076,7,0,13,12,31326600,3643,96720,11,8612
1077,6,0,12,13,31356360,3643,96720,11,8618
1078,6,0,11,14,31368540,3641,96720,11,8624
1079,2,0,9,16,31389180,3642,96720,11,8626
1080,8,0,14,11,31400160,3642,96720,11,8634
1081,9,0,12,13,31438260,3642,96720,11,8643
1082,7,0,13,12,31457460,3642,96720,11,8650
1083,5,0,11,14,31489620,3642,96720,11,8655
1084,4,0,9,16,31509000,3642,96720,11,8659
1085,3,0,9,16,31525800,3643,96720,11,8662
1086,10,0,12,13,31547580,3642,96720,11,8672
1087,4,0,10,15,31570320,3643,96720,11,8676
1088,9,0,12,13,31596600,3643,96720,11,8685
1089,12,0,13,12,31620420,3641,96720,11,8697
1090,11,0,13,12,31648440,3639,96720,11,8708
1091,11,0,14,11,31675560,3638,96720,11,8719
1092,14,0,19,6,31716120,3639,96720,11,8733
1093,10,0,16,9,31756980,3638,96720,11,8743
1094,6,0,13,12,31802280,3640,96720,11,8749
1095,12,0,16,9,31831980,3640,96720,11,8761
1096,3,0,11,14,31866720,3640,96720,11,8764
1097,15,0,21,4,31889760,3641,96720,11,8779
1098,10,0,19,6,31937040,3641,96720,11,8789
1099,8,0,13,12,31994820,3642,96720,10,8797
1100,7,0,13,12,32030220,3643,96720,10,8804
1101,4,0,12,13,32052780,3644,96720,10,8808
1102,6,0,13,12,32065440,3643,96720,10,8814
1103,6,0,13,12,32086620,3643,96720,10,8820
1104,4,0,11,14,32120220,3644,96720,10,8824
1105,4,0,8,17,32168220,3647,96720,10,8828
1106,5,0,10,15,32176260,3646,96720,10,8833
1107,8,0,14,11,32184840,3646,96720,10,8841
1108,9,0,15,10,32216940,3646,96720,10,8850
1109,6,0,14,11,32254920,3647,96720,10,8856
1110,8,0,11,14,32297700,3648,96720,10,8864
1111,3,0,7,18,32321760,3648,96720,10,8867
1112,8,0,11,14,32334540,3647,96720,10,8875
1113,14,0,19,6,32346420,3646,96720,10,8889
1114,5,0,15,10,32376000,3646,96720,10,8894
1115,12,0,13,12,32432520,3646,96720,10,8906
1116,12,0,16,9,32449320,3645,96720,10,8918
1117,12,0,16,9,32501700,3646,96720,10,8930
1118,9,0,13,12,32540520,3645,96720,10,8939
1119,8,0,14,11,32560740,3644,96720,10,8947
1120,7,0,14,11,32592540,3645,96720,10,8954
1121,4,0,10,15,32628720,3646,96720,10,8958
1122,10,0,13,12,32653080,3646,96720,10,8968
1123,11,0,18,7,32673660,3646,96720,10,8979
1124,3,0,10,15,32722980,3647,96720,10,8982
1125,9,0,14,11,32741460,3647,96720,10,8991
1126,4,0,11,14,32773800,3648,96720,10,8995
1127,4,0,10,15,32806920,3649,96720,10,8999
1128,8,0,13,12,32819700,3649,96720,10,9007
1129,6,0,12,13,32839320,3648,96720,10,9013
1130,9,0,16,9,32858880,3648,96720,10,9022
1131,6,0,16,9,32889480,3649,96720,10,9028
1132,4,0,8,17,32936640,3649,96720,10,9032
1133,6,0,8,17,32964960,3650,96720,10,9038
1134,4,0,7,18,32980620,3650,96720,10,9042
1135,9,0,12,13,32987640,3649,96720,10,9051
1136,11,0,17,8,32999280,3648,96720,10,9062
1137,4,0,16,9,33028260,3649,96720,10,9066
1138,9,0,13,12,33079920,3650,96720,10,9075
1139,8,0,14,11,33107880,3650,96720,10,9083
1140,7,0,14,11,33129540,3650,96720,10,9090
1141,14,0,15,10,33179640,3650,96720,10,9104
1142,7,0,15,10,33202080,3650,96720,10,9111
1143,17,0,21,4,33248640,3650,96720,10,9128
1144,8,0,16,9,33293040,3650,96720,10,9136
1145,7,0,12,13,33362100,3653,96720,10,9143
1146,6,0,9,16,33390420,3653,96720,10,9149
1147,10,0,15,10,33394680,3652,96720,10,9159
1148,9,0,16,9,33427860,3652,96720,10,9168
1149,7,0,14,11,33466980,3653,96720,10,9175
1150,13,0,18,7,33500940,3653,96720,10,9188
1151,3,0,10,15,33555180,3654,96720,10,9191
1152,4,0,10,15,33574620,3655,96720,10,9195
1153,5,0,11,14,33592860,3655,96720,10,9200
1154,8,0,9,16,33616980,3654,96720,10,9208
1155,3,0,9,16,33636240,3655,96720,10,9211
1156,3,0,10,15,33647100,3655,96720,10,9214
1157,10,0,12,13,33664200,3654,96720,10,9224
1158,6,0,13,12,33675000,3653,96720,10,9230
1159,6,0,10,15,33718740,3654,96720,10,9236
1160,4,0,8,17,33737280,3654,96720,10,9240
1161,7,0,14,11,33745380,3654,96720,10,9247
1162,12,0,14,11,33781740,3654,96720,10,9259
1163,6,0,12,13,33806640,3653,96720,10,9265
1164,12,0,16,9,33839640,3653,96720,10,9277
1165,6,0,13,12,33869220,3653,96720,10,9283
1166,13,0,17,8,33894180,3652,96720,10,9296
1167,6,0,11,14,33947460,3653,96720,10,9302
1168,13,0,16,9,33970980,3653,96720,10,9315
1169,13,0,12,13,34030440,3652,96720,10,9328
1170,3,0,7,18,34059180,3652,96720,10,9331
1171,9,0,10,15,34067940,3651,96720,10,9340
1172,3,0,8,17,34079280,3650,96720,10,9343
1173,8,0,13,12,34094100,3651,96720,10,9351
1174,8,0,13,12,34118760,3650,96720,10,9359
1175,10,0,14,11,34149120,3650,96720,10,9369
1176,1,0,7,18,34180020,3650,96720,10,9370
1177,3,0,8,17,34188120,3650,96720,10,9373
1178,4,0,8,17,34196640,3649,96720,10,9377
1179,9,0,13,12,34200000,3648,96720,10,9386
1180,4,0,11,14,34228680,3649,96720,10,9390
1181,4,0,11,14,34258560,3651,96720,10,9394
1182,1,0,8,17,34280700,3651,96720,10,9395
1183,3,0,7,18,34298160,3652,96720,10,9398
1184,11,0,14,11,34305120,3651,96720,10,9409
1185,3,0,13,12,34318560,3651,96720,10,9412
1186,5,0,9,16,34362300,3652,96720,10,9417
1187,9,0,14,11,34376880,3652,96720,10,9426
1188,1,0,9,16,34398540,3652,96720,10,9427
1189,11,0,13,12,34430880,3653,96720,10,9438
1190,8,0,11,14,34462860,3652,96720,10,9446
1191,7,0,11,14,34503000,3654,96720,10,9453
1192,8,0,12,13,34519800,3653,96720,10,9461
1193,10,0,15,10,34539660,3652,96720,10,9471
1194,12,0,19,6,34576500,3653,96720,10,9483
1195,9,0,16,9,34618380,3653,96720,10,9492
1196,9,0,14,11,34668660,3654,96720,10,9501
1197,5,0,10,15,34711800,3655,96720,10,9506
1198,6,0,8,17,34741560,3655,96720,10,9512
1199,6,0,9,16,34745340,3653,96720,10,9518
1200,8,0,12,13,34768260,3654,96720,10,9526
1201,4,0,9,16,34792920,3654,96720,10,9530
1202,7,0,13,12,34800720,3654,96720,10,9537
1203,8,0,12,13,34833960,3654,96720,10,9545
1204,12,0,18,7,34850760,3653,96720,10,9557
1205,6,0,15,10,34886100,3653,96720,10,9563
1206,4,0,11,14,34931520,3655,96720,10,9567
1207,4,0,10,15,34955100,3656,96720,10,9571
1208,12,0,16,9,34974600,3655,96720,10,9583
1209,5,0,14,11,34999680,3655,96720,10,9588
1210,12,0,15,10,35027160,3654,96720,10,9600
1211,5,0,11,14,35074560,3655,96720,10,9605
1212,12,0,16,9,35103420,3656,96720,10,9617
1213,15,0,19,6,35135040,3654,96720,10,9632
1214,14,0,21,4,35178960,3654,96720,10,9646
1215,4,0,9,16,35238720,3655,96720,10,9650
1216,8,0,12,13,35256360,3655,96720,10,9658
1217,4,0,8,17,35279040,3654,96720,10,9662
1218,8,0,13,12,35294280,3654,96720,10,9670
1219,10,0,17,8,35300100,3653,96720,9,9680
1220,7,0,14,11,35350200,3654,96720,9,9687
1221,0,0,9,16,35383320,3656,96720,9,9687
1222,5,0,11,14,35400060,3656,96720,9,9692
1223,2,0,10,15,35424000,3657,96720,9,9694
1224,6,0,13,12,35437440,3658,96720,9,9700
1225,3,0,14,11,35451360,3658,96720,9,9703
1226,3,0,11,14,35487000,3660,96720,9,9706
1227,4,0,10,15,35511300,3660,96720,9,9710
1228,6,0,12,13,35528640,3661,96720,9,9716
1229,10,0,12,13,35558040,3660,96720,9,9726
1230,9,0,15,10,35575920,3660,96720,9,9735
1231,11,0,17,8,35605740,3659,96720,9,9746
1232,11,0,14,11,35648700,3658,96720,9,9757
1233,7,0,16,9,35672640,3659,96720,9,9764
1234,8,0,13,12,35729100,3661,96720,9,9772
1235,6,0,14,11,35747760,3661,96720,9,9778
1236,10,0,13,12,35783100,3660,96720,9,9788
1237,12,0,17,8,35812980,3660,96720,9,9800
1238,12,0,20,5,35842020,3660,96720,9,9812
1239,16,0,22,3,35904120,3661,96720,9,9828
1240,7,0,12,13,35962140,3661,96720,9,9835
1241,14,0,19,6,35993940,3661,96720,9,9849
1242,9,0,17,8,36030060,3661,96720,9,9858
1243,7,0,12,13,36096780,3663,96720,9,9865
1244,9,0,15,10,36112920,3662,96720,9,9874
1245,6,0,12,13,36155940,3663,96720,9,9880
1246,6,0,11,14,36182280,3664,96720,9,9886
1247,9,0,15,10,36206220,3664,96720,9,9895
1248,5,0,10,15,36243900,3664,96720,9,9900
1249,7,0,11,14,36268860,3665,96720,9,9907
1250,6,0,12,13,36283380,3664,96720,9,9913
1251,3,0,12,13,36297540,3664,96720,9,9916
1252,10,0,17,8,36318780,3665,96720,9,9926
1253,12,0,14,11,36372960,3665,96720,9,9938
1254,5,0,8,17,36405000,3664,96720,9,9943
1255,7,0,10,15,36424560,3664,96720,9,9950
1256,6,0,13,12,36430620,3663,96720,9,9956
1257,16,0,18,7,36464640,3663,96720,9,9972
1258,10,0,16,9,36496260,3662,96720,9,9982
1259,5,0,13,12,36544560,3663,96720,9,9987
1260,12,0,13,12,36592500,3664,96720,9,9999
1261,8,0,15,10,36609960,3663,96720,9,10007
1262,14,0,21,4,36637200,3663,96720,9,10021
1263,14,0,18,7,36698580,3663,96720,9,10035
1264,6,0,15,10,36741900,3664,96720,9,10041
1265,10,0,16,9,36775320,3664,96720,9,10051
1266,6,0,9,16,36814740,3663,96720,9,10057
1267,7,0,9,16,36830520,3662,96720,9,10064
1268,5,0,8,17,36845460,3662,96720,9,10069
1269,5,0,9,16,36859320,3662,96720,9,10074
1270,5,0,8,17,36875460,3661,96720,9,10079
1271,4,0,9,16,36879960,3660,96720,9,10083
1272,4,0,10,15,36897240,3661,96720,9,10087
1273,4,0,10,15,36909900,3661,96720,9,10091
1274,6,0,11,14,36940320,3662,96720,9,10097
1275,5,0,12,13,36949440,3661,96720,9,10102
1276,9,0,10,15,36987660,3661,96720,9,10111
1277,7,0,14,11,36992040,3661,96720,9,10118
1278,11,0,12,13,37036680,3660,96720,9,10129
1279,10,0,17,8,37052700,3660,96720,9,10139
1280,6,0,12,13,37101480,3661,96720,9,10145
1281,9,0,14,11,37124820,3661,96720,9,10154
1282,6,0,13,12,37150380,3661,96720,9,10160
1283,10,0,14,11,37178640,3660,96720,9,10170
1284,9,0,14,11,37211160,3660,96720,9,10179
1285,12,0,19,6,37237560,3660,96720,9,10191
1286,11,0,19,6,37277280,3660,96720,9,10202
1287,17,0,23,2,37322100,3660,96720,9,10219
1288,11,0,21,4,37375560,3661,96720,9,10230
1289,8,0,15,10,37440240,3662,96720,9,10238
1290,9,0,17,8,37470420,3662,96720,9,10247
1291,14,0,17,8,37525620,3663,96720,9,10261
1292,9,0,12,13,37580520,3663,96720,9,10270
1293,4,0,10,15,37606920,3663,96720,9,10274
1294,7,0,15,10,37611780,3663,96720,9,10281
1295,0,0,7,18,37652460,3664,96720,9,10281
1296,7,0,12,13,37657740,3664,96720,9,10288
1297,2,0,10,15,37681920,3665,96720,9,10290
1298,6,0,10,15,37715520,3666,96720,9,10296
1299,6,0,11,14,37724400,3665,96720,9,10302
1300,8,0,12,13,37756020,3666,96720,9,10310
1301,4,0,12,13,37762560,3665,96720,9,10314
1302,8,0,9,16,37807620,3666,96720,9,10322
1303,12,0,14,11,37822080,3664,96720,9,10334
1304,6,0,15,10,37838100,3664,96720,9,10340
1305,11,0,19,6,37864800,3664,96720,9,10351
1306,13,0,16,9,37923300,3664,96720,9,10364
1307,8,0,13,12,37957560,3664,96720,9,10372
1308,11,0,16,9,37983000,3663,96720,9,10383
1309,11,0,13,12,38029980,3663,96720,9,10394
1310,13,0,18,7,38053860,3662,96720,9,10407
1311,10,0,15,10,38089620,3661,96720,9,10417
1312,8,0,12,13,38122680,3661,96720,9,10425
1313,18,0,19,6,38158440,3660,96720,9,10443
1314,9,2,16,9,38181600,3659,96780,9,10452
1315,7,0,19,6,38209140,3659,102120,9,10459
1316,4,0,13,12,38274240,3662,102120,9,10463
1317,3,0,7,18,38315100,3663,102120,9,10466
1318,7,0,10,15,38329320,3663,102120,9,10473
1319,7,0,13,12,38335080,3662,102120,9,10480
1320,4,0,11,14,38363820,3663,102120,9,10484
1321,4,0,9,16,38391540,3663,102120,9,10488
1322,6,0,10,15,38404200,3663,102120,9,10494
1323,7,0,9,16,38432580,3663,102120,9,10501
1324,2,0,8,17,38443740,3663,102120,9,10503
1325,5,0,11,14,38448180,3662,102120,9,10508
1326,3,0,9,16,38463120,3662,102120,9,10511
1327,8,0,12,13,38489640,3663,102120,9,10519
1328,8,0,14,11,38504580,3662,102120,9,10527
1329,5,0,11,14,38538660,3663,102120,9,10532
1330,12,0,15,10,38563320,3662,102120,9,10544
1331,11,0,17,8,38592360,3662,102120,9,10555
1332,13,6,18,7,38617260,3662,102300,9,10568
1333,11,13,15,10,38655900,3663,106680,10,10579
1334,16,18,18,7,38694000,3664,121800,11,10595
1335,9,19,16,9,38756880,3667,141600,13,10604
1336,8,16,22,3,38788080,3668,171240,16,10612
1337,6,0,16,9,38859120,3665,363240,34,10618
1338,8,0,13,12,38914080,3666,363240,34,10626
1339,6,0,12,13,38927580,3665,363240,34,10632
1340,9,0,14,11,38960460,3666,363240,34,10641
1341,7,0,15,10,38972040,3665,363240,34,10648
1342,4,0,9,16,39009900,3665,363240,34,10652
1343,3,0,9,16,39027960,3665,363240,34,10655
1344,5,0,8,17,39048600,3665,363240,34,10660
1345,2,0,10,15,39048600,3665,363240,34,10662
1346,6,0,15,10,39051900,3665,363240,34,10668
1347,4,0,13,12,39063000,3664,363240,34,10672
1348,6,0,11,14,39098100,3665,363240,34,10678
1349,6,0,14,11,39103320,3664,363240,33,10684
1350,8,0,13,12,39134940,3664,363240,33,10692
1351,9,0,15,10,39155340,3664,363240,33,10701
1352,8,0,15,10,39174720,3663,363240,33,10709
1353,12,0,18,7,39210240,3663,363240,33,10721
1354,8,0,15,10,39242940,3662,363240,33,10729
1355,7,0,11,14,39285300,3662,363240,33,10736
1356,15,0,19,6,39301440,3662,363240,33,10751
1357,16,0,22,3,39334260,3660,363240,33,10767
1358,12,0,16,9,39404100,3661,363240,33,10779
1359,7,0,14,11,39441660,3661,363240,33,10786
1360,7,0,15,10,39461460,3661,363240,33,10793
1361,7,0,14,11,39492840,3661,363240,33,10800
1362,6,0,15,10,39512040,3661,363240,33,10806
1363,5,0,13,12,39537780,3661,363240,33,10811
1364,8,0,12,13,39562260,3660,363240,33,10819
1365,8,0,16,9,39568740,3660,363240,33,10827
1366,6,0,16,9,39587820,3659,363240,33,10833
1367,4,0,13,12,39615120,3659,363240,33,10837
1368,4,0,12,13,39635280,3660,363240,33,10841
1369,4,0,10,15,39667080,3661,363240,33,10845
1370,2,0,10,15,39679740,3661,363240,33,10847
1371,5,0,11,14,39691020,3661,363240,33,10852
1372,7,0,15,10,39694320,3660,363240,33,10859
1373,8,0,12,13,39720780,3659,363240,33,10867
1374,10,0,18,7,39730260,3658,363240,33,10877
1375,8,0,17,8,39773400,3659,363240,33,10885
1376,6,0,14,11,39813000,3660,363240,33,10891
1377,14,0,17,8,39841560,3659,363240,33,10905
1378,10,0,20,5,39862620,3658,363240,33,10915
1379,14,0,17,8,39929880,3659,363240,33,10929
1380,8,0,12,13,39968400,3658,363240,33,10937
1381,13,0,18,7,39988440,3657,363240,33,10950
1382,12,0,18,7,40021020,3656,363240,33,10962
1383,8,0,17,8,40061820,3657,363240,33,10970
1384,5,0,12,13,40099920,3657,363240,33,10975
1385,4,0,10,15,40117320,3657,363240,33,10979
1386,4,0,10,15,40132620,3657,363240,33,10983
1387,7,0,13,12,40142580,3656,363240,33,10990
1388,9,0,16,9,40158540,3656,363240,33,10999
1389,5,0,12,13,40194540,3656,363240,33,11004
1390,7,0,12,13,40223520,3657,363240,32,11011
1391,6,0,12,13,40245300,3657,363240,32,11017
1392,2,0,11,14,40258260,3657,363240,32,11019
1393,7,0,13,12,40276920,3657,363240,32,11026
1394,6,0,13,12,40294800,3656,363240,32,11032
1395,5,0,11,14,40319100,3656,363240,32,11037
1396,7,0,15,10,40330380,3656,363240,32,11044
1397,5,0,13,12,40354740,3656,363240,32,11049
1398,3,0,11,14,40380660,3657,363240,32,11052
1399,6,0,11,14,40408980,3657,363240,32,11058
1400,9,0,17,8,40415100,3657,363240,32,11067
1401,12,0,20,5,40439340,3656,363240,32,11079
1402,7,0,17,8,40482240,3657,363240,32,11086
1403,10,0,15,10,40526100,3657,363240,32,11096
1404,12,0,18,7,40551720,3656,363240,32,11108
1405,10,0,17,8,40582260,3655,363240,32,11118
1406,12,0,18,7,40634400,3656,363240,32,11130
1407,16,0,19,6,40675500,3655,363240,32,11146
1408,7,0,16,9,40714860,3655,363240,32,11153
1409,3,0,13,12,40740060,3656,363240,32,11156
1410,7,0,11,14,40781520,3656,363240,32,11163
1411,6,0,10,15,40796520,3655,363240,32,11169
1412,8,0,14,11,40810560,3655,363240,32,11177
1413,7,0,16,9,40821000,3655,363240,32,11184
1414,7,0,15,10,40858860,3655,363240,32,11191
1415,6,0,14,11,40894800,3656,363240,32,11197
1416,2,0,12,13,40909440,3656,363240,32,11199
1417,1,0,7,18,40937160,3657,363240,32,11200
1418,7,0,11,14,40939680,3656,363240,32,11207
1419,9,0,14,11,40948680,3655,363240,32,11216
1420,6,0,12,13,40971060,3654,363240,32,11222
1421,3,0,10,15,40978080,3653,363240,32,11225
1422,7,0,14,11,40990500,3653,363240,32,11232
1423,5,0,14,11,41004060,3653,363240,32,11237
1424,8,0,14,11,41037660,3653,363240,32,11245
1425,10,0,15,10,41063340,3653,363240,32,11255
1426,11,0,17,8,41086320,3652,363240,32,11266
1427,14,0,20,5,41109720,3650,363240,32,11280
1428,15,3,21,4,41152200,3651,364560,32,11295
1429,10,0,22,3,41212200,3652,371880,32,11305
1430,12,0,21,4,41261700,3652,372900,32,11317
1431,6,1,18,7,41295840,3653,374820,33,11323
1432,11,0,18,7,41346600,3653,374940,33,11334
1433,7,0,12,13,41401200,3654,374940,33,11341
1434,8,0,13,12,41422800,3654,374940,33,11349
1435,10,0,17,8,41440380,3653,374940,33,11359
1436,14,0,20,5,41484180,3654,374940,32,11373
1437,8,0,18,7,41511540,3653,374940,32,11381
1438,6,0,17,8,41556540,3654,374940,32,11387
1439,6,0,13,12,41600040,3655,374940,32,11393
1440,6,0,13,12,41613840,3654,374940,32,11399
1441,4,0,10,15,41638380,3654,374940,32,11403
1442,5,0,11,14,41654340,3654,374940,32,11408
1443,11,0,16,9,41668440,3654,374940,32,11419
1444,6,0,13,12,41700240,3654,374940,32,11425
1445,2,0,10,15,41720640,3654,374940,32,11427
1446,9,0,15,10,41737380,3654,374940,32,11436
1447,8,0,12,13,41764020,3653,374940,32,11444
1448,8,0,14,11,41776620,3652,374940,32,11452
1449,12,0,20,5,41800140,3652,374940,32,11464
1450,13,0,19,6,41839380,3651,374940,32,11477
1451,8,0,17,8,41881020,3651,374940,32,11485
1452,11,0,16,9,41933520,3652,374940,32,11496
1453,10,0,15,10,41961240,3651,374940,32,11506
1454,10,0,16,9,41995620,3651,374940,32,11516
1455,11,0,20,5,42011100,3650,374940,32,11527
1456,13,0,21,4,42073140,3652,374940,32,11540
1457,9,0,18,7,42129360,3653,374940,32,11549
1458,6,0,13,12,42182700,3654,374940,32,11555
1459,15,0,17,8,42216840,3654,374940,32,11570
1460,7,0,14,11,42247620,3653,374940,32,11577
1461,5,0,11,14,42280680,3654,374940,32,11582
1462,7,0,13,12,42294660,3653,374940,32,11589
1463,6,0,13,12,42309900,3653,374940,32,11595
1464,3,0,11,14,42331440,3653,374940,32,11598
1465,5,0,13,12,42350280,3654,374940,32,11603
1466,5,0,13,12,42367740,3653,374940,32,11608
1467,7,0,16,9,42372780,3653,374940,32,11615
1468,4,0,12,13,42420540,3654,374940,32,11619
1469,5,0,12,13,42440100,3654,374940,32,11624
1470,7,0,13,12,42456480,3654,374940,32,11631
1471,8,0,13,12,42472260,3653,374940,32,11639
1472,8,0,14,11,42490920,3652,374940,32,11647
1473,3,0,9,16,42521400,3652,374940,32,11650
1474,11,0,17,8,42534660,3652,374940,32,11661
1475,12,0,21,4,42548700,3651,374940,32,11673
1476,10,0,20,5,42596460,3652,374940,32,11683
1477,13,0,16,9,42644640,3651,374940,32,11696
1478,12,0,21,4,42668520,3650,374940,32,11708
1479,8,0,20,5,42712920,3651,374940,32,11716
1480,12,0,16,9,42779640,3652,374940,31,11728
1481,10,0,15,10,42814020,3652,374940,31,11738
1482,8,0,18,7,42830400,3651,374940,31,11746
1483,6,0,15,10,42870480,3652,374940,31,11752
1484,4,0,12,13,42899340,3652,374940,31,11756
1485,7,0,15,10,42917940,3653,374940,31,11763
1486,10,0,15,10,42957900,3653,374940,31,11773
1487,12,0,15,10,42982920,3651,374940,31,11785
1488,4,0,11,14,43016340,3652,374940,31,11789
1489,3,0,11,14,43027500,3652,374940,31,11792
1490,1,0,10,15,43036140,3652,374940,31,11793
1491,7,0,13,12,43050540,3652,374940,31,11800
1492,6,0,15,10,43061880,3652,374940,31,11806
1493,8,0,16,9,43078980,3651,374940,31,11814
1494,9,0,16,9,43116000,3651,374940,31,11823
1495,9,0,14,11,43153680,3651,374940,31,11832
1496,7,0,16,9,43167360,3651,374940,31,11839
1497,8,0,15,10,43193040,3650,374940,31,11847
1498,11,0,19,6,43218960,3650,374940,31,11858
1499,11,0,21,4,43252920,3650,374940,31,11869
1500,9,0,16,9,43320300,3652,374940,31,11878
1501,7,0,13,12,43363740,3652,374940,31,11885
1502,12,0,18,7,43386000,3652,374940,31,11897
1503,9,0,12,13,43434540,3651,374940,31,11906
1504,8,0,16,9,43439820,3651,374940,31,11914
1505,12,1,20,5,43469880,3651,374940,31,11926
1506,12,7,19,6,43509660,3652,382440,32,11938
1507,10,0,23,2,43555680,3652,407280,34,11948
1508,11,0,15,10,43633620,3653,407280,34,11959
1509,7,0,12,13,43660680,3652,407280,34,11966
1510,2,0,7,18,43695480,3653,407280,34,11968
1511,5,0,10,15,43699620,3652,407280,34,11973
1512,3,0,11,14,43701960,3652,407280,34,11976
1513,4,0,10,15,43720020,3652,407280,33,11980
1514,4,0,10,15,43734660,3652,407280,33,11984
1515,7,0,11,14,43745580,3651,407280,33,11991
1516,10,0,12,13,43772940,3651,407280,33,12001
1517,4,0,11,14,43787700,3650,407280,33,12005
1518,7,0,13,12,43806480,3650,407280,33,12012
1519,10,0,15,10,43831020,3650,407280,33,12022
1520,11,0,15,10,43865220,3649,407280,33,12033
1521,6,0,17,8,43881000,3650,407280,33,12039
1522,8,0,14,11,43935120,3651,407280,33,12047
1523,5,0,12,13,43967220,3651,407280,33,12052
1524,14,0,18,7,43994760,3651,407280,33,12066
1525,7,0,17,8,44013120,3650,407280,33,12073
1526,10,0,11,14,44051100,3649,407280,33,12083
1527,9,0,14,11,44070480,3648,407280,33,12092
1528,10,0,17,8,44094000,3648,407280,33,12102
1529,6,0,15,10,44127060,3648,407280,33,12108
1530,8,0,15,10,44156880,3649,407280,33,12116
1531,4,0,12,13,44181180,3648,407280,33,12120
1532,6,0,15,10,44191200,3648,407280,33,12126
1533,4,0,8,17,44232240,3648,407280,33,12130
1534,8,0,15,10,44234760,3648,407280,33,12138
1535,3,0,12,13,44262600,3649,407280,33,12141
1536,6,0,11,14,44286060,3649,407280,33,12147
1537,6,0,10,15,44304120,3648,407280,33,12153
1538,6,0,11,14,44314140,3647,407280,33,12159
1539,6,0,12,13,44334120,3647,407280,33,12165
1540,11,0,15,10,44350620,3646,407280,33,12176
1541,10,0,12,13,44378880,3645,407280,33,12186
1542,8,0,15,10,44396460,3645,407280,33,12194
1543,4,0,12,13,44419260,3645,407280,33,12198
1544,10,0,12,13,44450040,3644,407280,33,12208
1545,8,0,12,13,44472540,3644,407280,33,12216
1546,9,0,16,9,44486160,3643,407280,33,12225
1547,5,0,12,13,44517240,3643,407280,33,12230
1548,11,0,21,4,44521380,3643,407280,33,12241
1549,9,0,17,8,44564580,3642,407280,33,12250
1550,10,0,17,8,44602980,3643,407280,33,12260
1551,5,0,15,10,44641440,3644,407280,33,12265
1552,15,0,21,4,44675100,3644,407280,33,12280
1553,8,0,21,4,44705220,3644,407280,33,12288
1554,8,0,16,9,44763900,3645,407280,33,12296
1555,14,0,18,7,44806260,3645,407280,33,12310
1556,7,0,16,9,44832900,3644,407280,33,12317
1557,8,0,13,12,44876040,3644,407280,33,12325
1558,11,0,17,8,44890560,3644,407280,33,12336
1559,4,0,15,10,44917980,3644,407280,33,12340
1560,4,0,13,12,44946420,3644,407280,32,12344
1561,12,0,19,6,44973060,3645,407280,32,12356
1562,5,0,15,10,44997720,3644,407280,32,12361
1563,8,0,16,9,45024780,3644,407280,32,12369
1564,3,0,13,12,45049800,3645,407280,32,12372
1565,3,0,11,14,45076200,3645,407280,32,12375
1566,9,0,10,15,45104940,3645,407280,32,12384
1567,9,0,16,9,45109800,3644,407280,32,12393
1568,8,0,17,8,45124500,3643,407280,32,12401
1569,12,0,19,6,45168000,3644,407280,32,12413
1570,6,0,14,11,45205440,3644,407280,32,12419
1571,6,0,14,11,45229020,3644,407280,32,12425
1572,14,0,17,8,45268080,3644,407280,32,12439
1573,10,0,17,8,45294540,3643,407280,32,12449
1574,6,0,15,10,45334020,3644,407280,32,12455
1575,10,0,16,9,45355920,3643,407280,32,12465
1576,9,0,14,11,45398580,3643,407280,32,12474
1577,13,0,15,10,45428280,3642,407280,32,12487
1578,8,0,19,6,45443520,3642,407280,32,12495
1579,11,0,21,4,45474180,3642,407280,32,12506
1580,3,0,10,15,45537240,3643,407280,32,12509
1581,6,0,10,15,45554580,3642,407280,32,12515
1582,3,0,9,16,45575880,3643,407280,32,12518
1583,7,0,9,16,45585540,3642,407280,32,12525
1584,7,0,13,12,45592620,3641,407280,32,12532
1585,7,0,17,8,45604260,3641,407280,32,12539
1586,8,0,14,11,45647160,3642,407280,32,12547
1587,5,0,11,14,45670800,3641,407280,32,12552
1588,9,0,12,13,45693540,3641,407280,32,12561
1589,7,0,13,12,45701580,3640,407280,32,12568
1590,9,0,15,10,45719940,3639,407280,32,12577
1591,4,0,13,12,45745440,3639,407280,32,12581
1592,6,0,11,14,45765960,3639,407280,32,12587
1593,7,0,12,13,45790380,3639,407280,32,12594
1594,12,0,20,5,45800700,3639,407280,32,12606
1595,14,0,16,9,45852540,3637,407280,32,12620
1596,13,0,23,2,45869100,3637,407280,32,12633
1597,10,0,19,6,45926460,3638,407280,32,12643
1598,14,0,21,4,45965460,3637,407280,32,12657
1599,19,9,18,7,46012440,3637,409500,32,12676
1600,10,11,21,4,46039560,3638,430620,33,12686
1601,12,6,25,0,46100160,3639,458940,36,12698
1602,13,0,19,6,46170060,3637,490080,38,12711
1603,8,0,13,12,46224960,3638,490080,38,12719
1604,4,0,10,15,46248660,3637,490080,38,12723
1605,7,0,13,12,46261020,3637,490080,38,12730
1606,5,0,12,13,46285860,3637,490080,38,12735
1607,2,0,10,15,46303800,3638,490080,38,12737
1608,3,0,11,14,46315380,3638,490080,38,12740
1609,8,0,14,11,46321560,3637,490080,38,12748
1610,3,0,12,13,46351320,3638,490080,38,12751
1611,9,0,12,13,46381740,3638,490080,38,12760
1612,9,0,13,12,46401360,3637,490080,38,12769
1613,6,0,15,10,46412700,3637,490080,38,12775
1614,4,0,11,14,46452240,3638,490080,38,12779
1615,6,0,13,12,46466040,3638,490080,38,12785
1616,10,0,17,8,46484700,3637,490080,38,12795
1617,7,0,15,10,46513860,3637,490080,38,12802
1618,9,0,15,10,46553520,3638,490080,38,12811
1619,8,0,15,10,46586640,3638,490080,38,12819
1620,9,0,17,8,46609260,3638,490080,38,12828
1621,10,0,17,8,46648980,3638,490080,38,12838
1622,15,0,22,3,46685880,3638,490080,38,12853
1623,8,0,13,12,46739400,3637,490080,38,12861
1624,8,0,16,9,46758120,3637,490080,38,12869
1625,5,0,13,12,46784640,3637,490080,38,12874
1626,10,0,15,10,46816080,3637,490080,38,12884
1627,4,0,11,14,46839120,3637,490080,38,12888
1628,6,0,12,13,46852860,3637,490080,38,12894
1629,6,0,13,12,46874700,3637,490080,37,12900
1630,7,0,14,11,46889340,3636,490080,37,12907
1631,6,0,16,9,46902960,3636,490080,37,12913
1632,3,0,12,13,46939440,3637,490080,37,12916
1633,6,0,11,14,46962300,3637,490080,37,12922
1634,6,0,11,14,46990020,3637,490080,37,12928
1635,6,0,13,12,47005620,3637,490080,37,12934
1636,9,0,15,10,47016420,3636,490080,37,12943
1637,4,0,11,14,47053260,3637,490080,37,12947
1638,10,0,13,12,47069640,3636,490080,37,12957
1639,4,0,12,13,47081580,3635,490080,37,12961
1640,8,0,11,14,47111700,3635,490080,37,12969
1641,10,0,14,11,47122860,3634,490080,37,12979
1642,9,0,16,9,47143800,3634,490080,37,12988
1643,8,0,11,14,47190960,3634,490080,37,12996
1644,6,0,12,13,47202300,3633,490080,37,13002
1645,16,0,21,4,47224620,3633,490080,37,13018
1646,13,1,25,0,47238780,3632,490320,37,13031
1647,10,0,18,7,47311260,3632,490620,37,13041
1648,8,0,18,7,47341680,3633,490620,37,13049
1649,10,0,14,11,47397060,3633,490620,37,13059
1650,10,0,15,10,47418900,3632,490620,37,13069
1651,6,0,16,9,47436840,3632,490620,37,13075
1652,8,0,16,9,47476740,3633,490620,37,13083
1653,5,0,14,11,47515500,3634,490620,37,13088
1654,10,0,16,9,47543880,3634,490620,37,13098
1655,7,0,15,10,47574120,3634,490620,37,13105
1656,4,0,11,14,47604960,3634,490620,37,13109
1657,8,0,13,12,47631360,3634,490620,37,13117
1658,5,0,12,13,47658600,3635,490620,37,13122
1659,3,0,8,17,47688240,3635,490620,37,13125
1660,6,0,11,14,47691780,3635,490620,37,13131
1661,4,0,11,14,47708520,3635,490620,37,13135
1662,6,0,16,9,47711580,3635,490620,37,13141
1663,13,0,21,4,47736300,3634,490620,37,13154
1664,12,0,21,4,47791920,3635,490620,37,13166
1665,8,0,17,8,47846760,3636,490620,37,13174
1666,9,0,17,8,47874360,3636,490620,37,13183
1667,13,0,20,5,47902740,3635,490620,37,13196
1668,13,0,20,5,47955540,3636,490620,37,13209
1669,9,0,19,6,47997420,3636,490620,37,13218
1670,15,0,20,5,48051240,3636,490620,37,13233
1671,12,0,22,3,48087420,3636,490620,37,13245
1672,9,1,22,3,48115800,3636,490920,37,13254
1673,12,0,21,4,48190680,3638,491340,37,13266
1674,15,0,23,2,48233100,3638,491520,37,13281
1675,6,0,17,8,48278640,3638,491520,36,13287
1676,8,0,17,8,48333360,3640,491520,36,13295
1677,8,0,13,12,48366960,3639,491520,36,13303
1678,6,0,14,11,48388620,3639,491520,36,13309
1679,10,0,16,9,48419820,3639,491520,36,13319
1680,2,0,11,14,48448440,3640,491520,36,13321
1681,10,0,14,11,48476520,3640,491520,36,13331
1682,6,0,13,12,48491160,3639,491520,36,13337
1683,5,0,10,15,48511740,3638,491520,36,13342
1684,4,0,10,15,48523620,3638,491520,36,13346
1685,5,0,12,13,48533640,3638,491520,36,13351
1686,9,0,18,7,48546000,3638,491520,36,13360
1687,5,0,13,12,48584760,3638,491520,36,13365
1688,9,0,16,9,48603660,3638,491520,36,13374
1689,7,0,16,9,48635100,3638,491520,36,13381
1690,10,0,19,6,48666120,3639,491520,36,13391
1691,11,0,17,8,48709620,3639,491520,36,13402
1692,12,0,19,6,48745500,3639,491520,36,13414
1693,11,0,16,9,48790800,3638,491520,36,13425
1694,8,0,15,10,48828480,3639,491520,36,13433
1695,8,0,16,9,48857340,3639,491520,36,13441
1696,8,0,16,9,48889140,3639,491520,36,13449
1697,6,0,16,9,48917580,3639,491520,36,13455
1698,6,0,14,11,48943800,3639,491520,36,13461
1699,8,0,16,9,48967500,3639,491520,36,13469
1700,5,0,13,12,49011060,3640,491520,36,13474
1701,7,0,11,14,49043640,3640,491520,36,13481
1702,3,0,9,16,49061760,3640,491520,36,13484
1703,4,0,10,15,49070580,3640,491520,36,13488
1704,4,0,12,13,49073520,3640,491520,36,13492
1705,9,0,15,10,49091580,3640,491520,36,13501
1706,5,0,13,12,49122360,3640,491520,36,13506
1707,1,0,7,18,49146480,3640,491520,36,13507
1708,4,0,10,15,49148280,3640,491520,36,13511
1709,5,0,13,12,49152360,3640,491520,36,13516
1710,5,0,13,12,49171500,3640,491520,36,13521
1711,6,0,11,14,49197300,3639,491520,36,13527
1712,8,0,14,11,49206000,3639,491520,36,13535
1713,11,0,13,12,49241820,3638,491520,36,13546
1714,12,0,17,8,49262460,3638,491520,36,13558
1715,10,0,20,5,49281780,3637,491520,36,13568
1716,9,0,13,12,49340340,3637,491520,36,13577
1717,13,0,18,7,49366080,3637,491520,36,13590
1718,18,0,17,8,49421100,3636,491640,36,13608
1719,10,0,16,9,49468980,3636,491640,36,13618
1720,14,0,21,4,49493580,3636,491640,36,13632
1721,12,0,19,6,49551000,3636,491640,36,13644
1722,12,0,20,5,49593720,3636,491640,36,13656
1723,8,0,14,11,49643760,3636,491640,35,13664
1724,10,0,13,12,49680180,3636,491640,35,13674
1725,6,0,12,13,49696200,3635,491640,35,13680
1726,3,0,12,13,49705380,3635,491640,35,13683
1727,6,0,13,12,49720740,3635,491640,35,13689
1728,5,0,15,10,49734360,3635,491640,35,13694
1729,4,0,10,15,49767300,3635,491640,35,13698
1730,4,0,10,15,49779300,3635,491640,35,13702
1731,6,0,10,15,49793820,3635,491640,35,13708
1732,4,0,12,13,49804380,3635,491640,35,13712
1733,6,0,12,13,49822440,3635,491640,35,13718
1734,11,0,13,12,49848240,3634,491640,35,13729
1735,10,0,16,9,49868160,3633,491640,35,13739
1736,9,0,15,10,49888680,3632,491640,35,13748
1737,5,0,11,14,49931520,3633,491640,35,13753
1738,11,0,16,9,49941360,3632,491640,35,13764
1739,11,0,16,9,49971420,3631,491640,35,13775
1740,5,0,12,13,50012760,3632,491640,35,13780
1741,8,0,13,12,50036880,3632,491640,35,13788
1742,15,0,20,5,50054400,3631,491640,35,13803
1743,9,0,18,7,50088540,3631,491640,35,13812
1744,11,0,16,9,50148060,3632,491640,35,13823
1745,4,0,15,10,50165400,3632,491640,35,13827
1746,13,0,19,6,50203620,3632,491640,35,13840
1747,8,0,18,7,50235180,3632,491640,35,13848
1748,6,0,14,11,50269500,3632,491640,35,13854
1749,5,0,12,13,50297220,3632,491640,35,13859
1750,9,0,13,12,50326560,3632,491640,35,13868
1751,3,0,12,13,50345040,3632,491640,35,13871
1752,3,0,12,13,50361480,3633,491640,35,13874
1753,7,0,10,15,50392260,3632,491640,35,13881
1754,5,0,13,12,50398320,3632,491640,35,13886
1755,6,0,11,14,50419020,3632,491640,35,13892
1756,3,0,11,14,50437380,3632,491640,35,13895
1757,8,0,16,9,50451120,3632,491640,35,13903
1758,5,0,13,12,50474940,3632,491640,35,13908
1759,7,0,16,9,50488260,3632,491640,35,13915
1760,14,0,14,11,50534160,3631,491640,35,13929
1761,12,0,20,5,50544420,3630,491640,35,13941
1762,14,0,21,4,50584620,3630,491640,35,13955
1763,15,0,22,3,50626140,3629,491640,35,13970
1764,11,0,21,4,50674680,3629,491640,35,13981
1765,13,0,20,5,50726880,3630,493740,35,13994
1766,7,0,18,7,50770860,3630,493740,35,14001
1767,6,0,12,13,50813940,3630,493740,35,14007
1768,11,0,14,11,50839260,3630,493740,35,14018
1769,4,0,12,13,50860320,3630,493740,35,14022
1770,6,0,10,15,50884140,3629,493740,35,14028
1771,10,0,15,10,50895060,3629,493740,35,14038
1772,6,0,11,14,50925480,3628,493740,35,14044
1773,7,0,14,11,50937000,3628,493740,35,14051
1774,6,0,15,10,50950500,3628,493740,35,14057
1775,3,0,12,13,50978160,3628,493740,35,14060
1776,8,0,13,12,51004200,3628,493740,35,14068
1777,9,0,13,12,51020760,3627,493740,35,14077
1778,8,0,15,10,51036180,3627,493740,35,14085
1779,4,0,14,11,51056040,3627,493740,35,14089
1780,4,0,13,12,51084780,3628,493740,35,14093
1781,4,0,11,14,51097140,3627,493740,35,14097
1782,9,0,13,12,51129900,3628,493740,35,14106
1783,8,0,16,9,51142980,3627,493740,34,14114
1784,14,0,16,9,51178920,3626,493740,34,14128
1785,6,0,16,9,51203460,3626,493740,34,14134
1786,10,0,17,8,51234240,3626,493740,34,14144
1787,7,0,17,8,51265560,3627,493740,34,14151
1788,11,0,19,6,51292560,3626,493740,34,14162
1789,13,0,18,7,51336180,3626,493740,34,14175
1790,8,0,17,8,51366120,3626,493740,34,14183
1791,8,0,14,11,51410460,3626,493740,34,14191
1792,9,0,16,9,51431520,3626,493740,34,14200
1793,11,0,16,9,51470520,3625,493740,34,14211
1794,12,0,16,9,51505440,3625,493740,34,14223
1795,9,0,17,8,51524160,3624,493740,34,14232
1796,9,0,13,12,51572640,3624,493740,34,14241
1797,5,0,12,13,51596160,3624,493740,34,14246
1798,4,0,11,14,51617820,3625,493740,34,14250
1799,11,0,16,9,51626100,3624,493740,34,14261
1800,4,0,12,13,51640320,3623,493740,34,14265
1801,4,0,11,14,51671280,3624,493740,34,14269
1802,6,0,15,10,51674520,3623,493740,34,14275
1803,4,0,12,13,51710880,3624,493740,34,14279
1804,7,0,15,10,51723420,3624,493740,34,14286
1805,7,0,15,10,51743940,3624,493740,34,14293
1806,9,0,16,9,51778800,3624,493740,34,14302
1807,6,0,13,12,51808800,3624,493740,34,14308
1808,5,0,16,9,51819900,3624,493740,34,14313
1809,12,0,18,7,51859920,3624,493740,34,14325
1810,8,0,17,8,51887760,3624,493740,34,14333
1811,9,0,15,10,51915360,3623,493740,34,14342
1812,9,0,15,10,51962220,3624,493740,34,14351
1813,17,0,18,7,51993480,3623,493740,34,14368
1814,7,0,13,12,52046520,3623,493740,34,14375
1815,8,0,11,14,52072020,3623,493740,34,14383
1816,4,0,11,14,52085880,3623,493740,34,14387
1817,7,0,14,11,52096800,3622,493740,34,14394
1818,14,0,16,9,52122720,3621,493740,34,14408
1819,6,0,13,12,52153920,3621,493740,34,14414
1820,6,0,15,10,52180380,3622,493740,34,14420
1821,10,0,19,6,52196520,3621,493740,34,14430
1822,6,0,17,8,52243440,3623,493740,34,14436
1823,6,0,15,10,52275300,3623,493740,34,14442
1824,7,0,12,13,52309860,3623,493740,34,14449
1825,4,0,11,14,52329600,3623,493740,34,14453
1826,1,0,10,15,52340700,3623,493740,34,14454
1827,5,0,11,14,52355280,3623,493740,34,14459
1828,8,0,13,12,52366320,3622,493740,34,14467
1829,4,0,12,13,52374900,3622,493740,34,14471
1830,6,0,13,12,52400220,3622,493740,34,14477
1831,8,0,15,10,52420800,3622,493740,34,14485
1832,8,0,15,10,52453440,3622,493740,34,14493
1833,10,0,17,8,52483980,3623,493740,34,14503
1834,9,0,16,9,52514340,3622,493740,34,14512
1835,7,0,14,11,52547280,3622,493740,34,14519
1836,8,0,15,10,52571280,3622,493740,33,14527
1837,8,0,14,11,52603680,3622,493740,33,14535
1838,9,0,11,14,52641060,3622,493740,33,14544
1839,8,0,17,8,52648440,3622,493740,33,14552
1840,7,0,14,11,52688340,3622,493740,33,14559
1841,6,0,14,11,52710360,3622,493740,33,14565
1842,14,0,20,5,52737120,3622,493740,33,14579
1843,7,0,15,10,52780260,3622,493740,33,14586
1844,13,0,17,8,52817160,3622,493740,33,14599
1845,7,0,15,10,52841880,3621,493740,33,14606
1846,10,0,16,9,52875420,3621,493740,33,14616
1847,4,0,15,10,52897740,3621,493740,33,14620
1848,6,0,10,15,52936680,3621,493740,33,14626
1849,2,0,10,15,52948860,3622,493740,33,14628
1850,8,0,12,13,52962900,3621,493740,33,14636
1851,8,0,13,12,52975920,3620,493740,33,14644
1852,4,0,14,11,52991340,3621,493740,33,14648
1853,4,0,11,14,53017440,3621,493740,33,14652
1854,8,0,15,10,53037180,3621,493740,33,14660
1855,10,0,16,9,53060520,3620,493740,33,14670
1856,11,0,19,6,53090220,3620,493740,33,14681
1857,7,0,17,8,53119620,3620,493740,33,14688
1858,15,0,19,6,53166840,3620,493740,33,14703
1859,13,0,17,8,53218140,3620,493740,33,14716
1860,8,0,17,8,53240400,3620,493740,33,14724
1861,3,0,13,12,53275260,3620,493740,33,14727
1862,13,0,21,4,53302200,3621,493740,33,14740
1863,6,0,15,10,53335560,3620,493740,33,14746
1864,13,0,17,8,53382960,3621,493740,33,14759
1865,7,0,17,8,53407020,3621,493740,33,14766
1866,10,0,15,10,53451660,3621,493740,33,14776
1867,10,0,16,9,53480640,3620,493740,33,14786
1868,6,0,15,10,53500920,3620,493740,33,14792
1869,5,0,14,11,53531040,3621,493740,33,14797
1870,2,0,10,15,53564820,3621,493740,33,14799
1871,5,0,10,15,53581380,3621,493740,33,14804
1872,5,0,12,13,53589000,3621,493740,33,14809
1873,10,0,15,10,53604000,3620,493740,33,14819
1874,3,0,10,15,53624820,3620,493740,33,14822
1875,6,0,11,14,53642100,3620,493740,33,14828
1876,5,0,13,12,53648280,3619,493740,33,14833
1877,11,0,13,12,53676180,3619,493740,33,14844
1878,6,0,13,12,53700480,3619,493740,33,14850
1879,7,0,15,10,53713680,3619,493740,33,14857
1880,9,0,15,10,53738040,3618,493740,33,14866
1881,5,0,12,13,53779140,3619,493740,33,14871
1882,7,0,16,9,53793900,3619,493740,33,14878
1883,9,0,15,10,53819700,3618,493740,33,14887
1884,9,0,14,11,53861820,3619,493740,33,14896
1885,16,0,19,6,53897580,3618,493740,33,14912
1886,14,0,24,1,53926080,3618,493740,33,14926
1887,9,0,16,9,53995440,3619,493740,33,14935
1888,13,0,18,7,54036000,3619,493740,33,14948
1889,8,0,15,10,54078480,3619,493740,33,14956
1890,9,0,17,8,54110160,3619,493740,32,14965
1891,12,0,18,7,54142320,3619,493740,32,14977
1892,6,0,14,11,54186360,3619,493740,32,14983
1893,2,0,9,16,54218220,3620,493740,32,14985
1894,8,0,12,13,54224160,3619,493740,32,14993
1895,5,0,11,14,54246660,3619,493740,32,14998
1896,7,0,12,13,54261360,3619,493740,32,15005
1897,4,0,13,12,54271260,3619,493740,32,15009
1898,3,0,11,14,54290760,3619,493740,32,15012
1899,6,0,13,12,54310620,3619,493740,32,15018
1900,6,0,15,10,54316260,3618,493740,32,15024
1901,5,0,12,13,54353340,3619,493740,32,15029
1902,8,0,16,9,54376800,3620,493740,32,15037
1903,3,0,10,15,54405240,3619,493740,32,15040
1904,13,0,16,9,54421980,3619,493740,32,15053
1905,8,0,13,12,54452700,3618,493740,32,15061
1906,9,0,15,10,54471060,3618,493740,32,15070
1907,12,0,20,5,54491820,3617,493740,32,15082
1908,9,0,16,9,54534780,3617,493740,32,15091
1909,6,0,14,11,54575640,3618,493740,32,15097
1910,17,0,23,2,54602040,3618,493740,32,15114
1911,11,0,18,7,54658020,3618,493740,32,15125
1912,8,0,19,6,54685020,3618,493740,32,15133
1913,8,0,19,6,54727380,3619,493740,32,15141
1914,12,0,18,7,54774660,3619,493740,32,15153
1915,7,0,16,9,54817260,3619,493740,32,15160
1916,2,0,14,11,54829980,3619,493740,32,15162
1917,1,0,10,15,54866700,3620,493740,32,15163
1918,3,0,10,15,54886440,3621,493740,32,15166
1919,5,0,12,13,54897060,3621,493740,32,15171
1920,8,0,14,11,54912900,3621,493740,32,15179
1921,4,0,11,14,54945120,3621,493740,32,15183
1922,5,0,14,11,54955260,3621,493740,32,15188
1923,4,0,14,11,54978060,3622,493740,32,15192
1924,7,0,15,10,55006140,3622,493740,32,15199
1925,10,0,19,6,55037340,3623,493740,32,15209
1926,3,0,14,11,55070940,3623,493740,32,15212
1927,10,0,14,11,55114140,3624,493740,32,15222
1928,5,0,14,11,55133160,3624,493740,32,15227
1929,13,0,20,5,55155180,3623,493740,32,15240
1930,12,0,20,5,55192260,3623,493740,32,15252
1931,13,0,22,3,55241880,3624,494160,32,15265
1932,9,0,21,4,55288560,3624,494160,32,15274
1933,4,0,13,12,55349100,3625,494160,32,15278
1934,9,0,15,10,55371120,3625,494160,32,15287
1935,9,0,19,6,55396380,3626,494160,32,15296
1936,9,0,16,9,55447800,3626,494160,32,15305
1937,7,0,12,13,55489440,3626,494160,32,15312
1938,13,0,14,11,55510920,3625,494160,32,15325
1939,9,0,14,11,55535220,3625,494160,32,15334
1940,8,0,14,11,55557780,3624,494160,32,15342
1941,5,0,13,12,55579560,3624,494160,32,15347
1942,7,0,15,10,55597920,3624,494160,32,15354
1943,2,0,9,16,55626240,3624,494160,32,15356
1944,6,0,14,11,55633260,3624,494160,32,15362
1945,4,0,10,15,55660860,3624,494160,32,15366
1946,3,0,11,14,55674540,3625,494160,32,15369
1947,12,0,14,11,55696080,3624,494160,32,15381
1948,3,0,13,12,55707000,3624,494160,32,15384
1949,5,0,15,10,55723140,3624,494160,32,15389
1950,8,0,16,9,55747500,3624,494160,32,15397
1951,6,0,14,11,55781700,3624,494160,32,15403
1952,13,0,21,4,55796160,3624,494160,32,15416
1953,15,0,19,6,55847760,3623,494160,32,15431
1954,9,0,17,8,55888320,3623,494160,32,15440
1955,16,0,20,5,55933680,3623,494160,31,15456
1956,13,5,20,5,55963620,3623,494640,31,15469
1957,13,14,17,8,56002500,3624,501780,32,15482
1958,10,13,22,3,56056620,3626,528600,34,15492
1959,16,16,25,0,56094060,3626,549000,35,15508
1960,11,2,25,0,56161500,3625,670860,43,15519
1961,3,0,13,12,56237580,3626,682680,43,15522
1962,8,0,16,9,56265120,3626,682680,43,15530
1963,8,0,12,13,56299920,3626,682680,43,15538
1964,4,0,10,15,56322960,3626,682680,43,15542
1965,9,0,13,12,56330640,3625,682680,43,15551
1966,4,0,12,13,56345340,3625,682680,43,15555
1967,4,0,13,12,56368440,3625,682680,43,15559
1968,6,0,11,14,56390700,3625,682680,43,15565
1969,6,0,12,13,56407800,3625,682680,43,15571
1970,7,0,13,12,56424180,3625,682680,43,15578
1971,4,0,13,12,56435220,3624,682680,43,15582
1972,5,0,15,10,56451240,3625,682680,43,15587
1973,5,0,13,12,56488020,3625,682680,43,15592
1974,10,0,17,8,56504400,3625,682680,43,15602
1975,6,0,16,9,56535540,3625,682680,43,15608
1976,5,0,15,10,56567340,3626,682680,43,15613
1977,11,0,16,9,56608500,3626,682680,43,15624
1978,6,0,16,9,56635020,3627,682680,43,15630
1979,11,0,18,7,56670420,3627,682680,43,15641
1980,8,0,15,10,56702100,3626,682680,43,15649
1981,12,0,18,7,56730660,3626,682680,43,15661
1982,7,0,15,10,56773380,3626,682680,43,15668
1983,7,0,13,12,56810400,3627,682680,43,15675
1984,5,0,12,13,56831160,3627,682680,43,15680
1985,18,0,22,3,56852580,3626,682680,43,15698
1986,7,0,18,7,56882220,3626,682680,43,15705
1987,8,0,18,7,56928240,3627,682680,43,15713
1988,3,0,11,14,56964120,3627,682680,43,15716
1989,9,0,15,10,56983080,3627,682680,43,15725
1990,7,0,16,9,57000060,3626,682680,43,15732
1991,6,0,13,12,57040500,3627,682680,43,15738
1992,7,0,14,11,57060060,3627,682680,43,15745
1993,4,0,11,14,57078540,3626,682680,43,15749
1994,3,0,10,15,57091140,3626,682680,43,15752
1995,6,0,11,14,57103620,3626,682680,43,15758
1996,11,0,18,7,57114840,3626,682680,43,15769
1997,2,0,9,16,57162420,3626,682680,43,15771
1998,2,0,9,16,57178440,3627,682680,43,15773
1999,10,0,12,13,57186960,3626,682680,43,15783
2000,11,0,15,10,57199620,3625,682680,43,15794
2001,7,0,13,12,57223020,3624,682680,43,15801
2002,2,0,10,15,57251340,3625,682680,43,15803
2003,11,0,21,4,57251340,3625,682680,43,15814
2004,11,0,20,5,57289080,3624,682680,43,15825
2005,15,0,22,3,57335580,3624,682680,43,15840
2006,9,0,17,8,57403740,3625,682680,43,15849
2007,7,0,14,11,57436440,3625,682680,43,15856
2008,15,0,20,5,57469560,3625,682680,43,15871
2009,13,0,22,3,57505680,3625,682680,42,15884
2010,8,0,21,4,57543780,3625,682680,42,15892
2011,3,0,12,13,57601380,3626,682680,42,15895
2012,2,0,10,15,57633300,3627,682680,42,15897
2013,1,0,11,14,57633300,3627,682680,42,15898
2014,6,0,14,11,57654240,3628,682680,42,15904
2015,7,0,14,11,57676560,3628,682680,42,15911
2016,7,0,12,13,57706140,3627,682680,42,15918
2017,5,0,16,9,57706980,3627,682680,42,15923
2018,5,0,18,7,57715140,3627,682680,42,15928
2019,7,0,18,7,57745560,3627,682680,42,15935
2020,9,0,20,5,57768300,3627,682680,42,15944
2021,6,0,17,8,57804720,3627,682680,42,15950
2022,3,0,15,10,57820320,3627,682680,42,15953
2023,9,0,21,4,57835860,3628,682680,42,15962
2024,11,0,21,4,57872280,3627,682680,42,15973
2025,10,0,24,1,57896460,3627,683340,42,15983
2026,7,0,20,5,57949380,3628,683520,42,15990
2027,9,0,20,5,57991140,3629,683520,42,15999
2028,5,0,16,9,58030740,3629,683520,42,16004
2029,11,0,21,4,58047060,3629,683520,42,16015
2030,12,0,22,3,58075620,3628,683520,42,16027
2031,10,0,21,4,58117680,3628,683640,42,16037
2032,8,0,20,5,58155600,3629,683640,42,16045
2033,17,2,25,0,58188300,3628,684480,42,16062
2034,11,0,25,0,58226940,3628,688440,42,16073
2035,5,0,19,6,58280340,3629,688740,42,16078
2036,9,0,18,7,58319340,3629,688740,42,16087
2037,10,0,23,2,58342920,3629,688740,42,16097
2038,6,0,21,4,58371060,3629,688860,42,16103
2039,1,0,12,13,58426200,3630,688860,42,16104
2040,6,0,15,10,58437000,3630,688860,42,16110
2041,5,0,14,11,58450200,3630,688860,42,16115
2042,4,0,15,10,58455840,3629,688860,42,16119
2043,6,0,17,8,58471260,3629,688860,42,16125
2044,6,0,18,7,58481400,3629,688860,42,16131
2045,3,0,16,9,58505460,3629,688860,42,16134
2046,5,0,17,8,58524180,3630,688860,42,16139
2047,7,0,17,8,58550340,3630,688860,42,16146
2048,8,0,17,8,58575540,3629,688860,42,16154
2049,9,0,18,7,58594440,3629,688860,42,16163
2050,14,1,25,0,58616400,3629,689040,42,16177
2051,13,0,22,3,58668900,3628,690660,42,16190
2052,5,0,15,10,58715820,3628,690660,42,16195
2053,11,0,20,5,58725540,3628,690660,42,16206
2054,12,0,21,4,58762380,3627,690660,42,16218
2055,14,0,25,0,58791600,3627,690660,42,16232
2056,11,0,21,4,58837560,3627,690660,42,16243
2057,9,0,20,5,58873980,3627,690660,42,16252
2058,4,0,14,11,58901820,3626,690660,42,16256
2059,5,0,15,10,58916700,3626,690660,42,16261
2060,3,0,13,12,58936320,3626,690660,42,16264
2061,9,0,18,7,58944780,3626,690660,42,16273
2062,5,0,19,6,58957320,3626,690660,42,16278
2063,3,0,16,9,58978620,3626,690660,42,16281
2064,5,0,16,9,59007120,3626,690660,42,16286
2065,8,0,16,9,59026080,3626,690660,42,16294
2066,6,0,18,7,59037480,3625,690660,42,16300
2067,7,0,18,7,59058180,3625,690660,42,16307
2068,6,0,17,8,59086920,3625,690660,42,16313
2069,5,0,14,11,59118720,3626,690660,42,16318
2070,8,0,16,9,59134860,3625,690660,42,16326
2071,8,0,16,9,59156340,3625,690660,42,16334
2072,17,1,25,0,59171400,3624,692220,42,16351
2073,6,0,20,5,59217180,3624,693660,42,16357
2074,8,0,19,6,59261160,3625,693660,42,16365
2075,10,0,21,4,59293740,3625,693660,42,16375
2076,6,0,19,6,59318940,3625,693660,42,16381
2077,11,0,21,4,59356500,3625,693660,42,16392
2078,9,0,22,3,59388120,3625,693660,42,16401
2079,10,0,22,3,59440080,3626,693660,42,16411
2080,11,0,20,5,59477520,3626,693660,42,16422
2081,10,0,18,7,59506320,3625,693660,42,16432
2082,10,0,19,6,59531700,3624,693660,42,16442
2083,6,0,18,7,59567760,3625,693660,42,16448
2084,8,0,19,6,59596920,3625,693660,42,16456
2085,4,0,18,7,59605320,3625,693660,42,16460
2086,4,0,16,9,59633160,3625,693660,42,16464
2087,2,0,14,11,59650920,3625,693660,42,16466
2088,6,0,14,11,59664360,3625,693660,42,16472
2089,7,0,15,10,59678820,3624,693660,42,16479
2090,2,0,14,11,59691300,3624,693660,42,16481
2091,8,0,18,7,59704140,3624,693660,42,16489
2092,6,0,18,7,59728260,3624,693660,42,16495
2093,7,0,17,8,59753100,3624,693660,42,16502
2094,3,0,14,11,59777580,3624,693660,42,16505
2095,9,0,17,8,59792100,3624,693660,42,16514
2096,13,0,20,5,59822580,3624,693660,41,16527
2097,4,0,17,8,59845920,3623,693660,41,16531
2098,6,0,17,8,59867100,3623,693660,41,16537
2099,14,0,24,1,59886240,3623,693660,41,16551
2100,9,0,23,2,59925120,3623,693660,41,16560
2101,8,0,20,5,59968860,3623,694020,41,16568
2102,10,0,21,4,60003840,3624,694020,41,16578
2103,12,0,21,4,60052560,3624,694020,41,16590
2104,9,0,20,5,60074280,3623,694020,41,16599
2105,12,0,22,3,60113160,3623,694020,41,16611
2106,4,0,16,9,60145200,3623,694020,41,16615
2107,7,0,16,9,60170580,3623,694020,41,16622
2108,7,0,20,5,60173760,3622,694020,41,16629
2109,7,0,20,5,60207600,3623,694020,41,16636
2110,3,0,17,8,60233220,3623,694020,41,16639
2111,6,0,18,7,60245640,3623,694020,41,16645
2112,5,0,17,8,60284880,3624,694020,41,16650
2113,3,0,14,11,60314220,3624,694020,41,16653
2114,6,0,18,7,60316140,3624,694020,41,16659
2115,8,0,20,5,60326640,3623,694020,41,16667
2116,10,0,20,5,60382080,3625,694020,41,16677
2117,5,0,16,9,60397800,3624,694020,41,16682
2118,9,0,19,6,60423780,3624,694020,41,16691
2119,9,0,20,5,60447600,3623,694020,41,16700
2120,9,0,19,6,60477600,3623,694020,41,16709
2121,11,0,21,4,60502620,3623,694020,41,16720
2122,6,0,16,9,60550920,3623,694020,41,16726
2123,13,0,20,5,60573000,3623,694020,41,16739
2124,9,0,19,6,60598980,3622,694020,41,16748
2125,10,0,19,6,60633360,3622,694020,41,16758
2126,13,0,21,4,60661200,3621,694020,41,16771
2127,14,0,22,3,60698760,3620,695760,41,16785
2128,12,1,25,0,60734280,3621,695760,41,16797
2129,9,0,19,6,60793020,3621,697860,41,16806
2130,10,0,20,5,60820980,3621,697860,41,16816
2131,8,0,19,6,60857400,3621,697860,41,16824
2132,11,0,19,6,60899220,3621,697860,41,16835
2133,4,0,14,11,60933720,3621,697860,41,16839
2134,5,0,16,9,60950400,3621,697860,41,16844
2135,8,0,13,12,60970080,3620,697860,41,16852
2136,10,0,20,5,60978540,3620,697860,41,16862
2137,5,0,17,8,60992340,3619,697860,41,16867
2138,3,0,14,11,61017300,3619,697860,41,16870
2139,5,0,12,13,61036620,3619,697860,41,16875
2140,7,0,17,8,61046640,3619,697860,41,16882
2141,5,0,17,8,61054440,3619,697860,41,16887
2142,7,0,19,6,61076520,3619,697860,41,16894
2143,4,0,17,8,61101060,3619,697860,41,16898
2144,12,0,20,5,61132200,3619,697860,41,16910
2145,16,0,23,2,61169220,3618,697920,41,16926
2146,11,0,23,2,61207740,3618,697920,41,16937
2147,12,0,21,4,61250340,3618,697920,41,16949
2148,10,0,21,4,61284360,3618,697920,41,16959
2149,13,0,18,7,61336500,3617,697920,41,16972
2150,12,0,24,1,61356900,3617,697920,41,16984
2151,7,0,20,5,61388760,3617,697920,41,16991
2152,10,0,19,6,61431660,3617,697920,41,17001
2153,10,0,21,4,61455540,3617,697920,41,17011
2154,6,0,22,3,61474980,3617,697920,41,17017
2155,10,0,18,7,61533360,3617,697920,40,17027
2156,11,0,20,5,61566540,3617,697920,40,17038
2157,8,0,19,6,61599300,3617,697920,40,17046
2158,5,0,16,9,61628820,3617,697920,40,17051
2159,5,0,15,10,61657080,3618,697920,40,17056
2160,6,0,17,8,61666500,3617,697920,40,17062
2161,4,0,13,12,61694700,3617,697920,40,17066
2162,6,0,14,11,61702980,3617,697920,40,17072
2163,7,0,15,10,61715640,3616,697920,40,17079
2164,6,0,16,9,61731600,3616,697920,40,17085
2165,6,0,17,8,61750080,3616,697920,40,17091
2166,8,0,16,9,61769340,3615,697920,40,17099
2167,8,0,17,8,61792560,3615,697920,40,17107
2168,12,0,22,3,61809360,3615,697920,40,17119
2169,8,0,20,5,61841580,3614,697920,40,17127
2170,8,0,19,6,61870800,3614,697920,40,17135
2171,12,0,22,3,61904700,3614,697920,40,17147
2172,13,0,24,1,61942200,3614,697920,40,17160
2173,11,0,24,1,61997460,3615,702840,40,17171
2174,11,0,23,2,62031780,3615,705360,41,17182
2175,14,3,25,0,62064840,3615,706440,41,17196
2176,11,3,25,0,62134260,3616,713760,41,17207
2177,11,0,23,2,62190180,3616,719220,41,17218
2178,10,0,23,2,62213820,3616,719220,41,17228
2179,13,0,25,0,62260380,3616,719220,41,17241
2180,9,0,18,7,62305500,3615,719520,41,17250
2181,7,0,17,8,62331540,3615,719520,41,17257
2182,7,0,16,9,62353260,3615,719520,41,17264
2183,6,0,17,8,62373420,3615,719520,41,17270
2184,5,0,14,11,62396160,3614,719520,41,17275
2185,4,0,15,10,62407260,3614,719520,41,17279
2186,5,0,17,8,62420760,3615,719520,41,17284
2187,4,0,17,8,62440020,3615,719520,41,17288
2188,6,0,18,7,62470800,3616,719520,41,17294
2189,7,0,19,6,62478240,3615,719520,41,17301
2190,5,0,20,5,62494920,3615,719520,41,17306
2191,7,0,21,4,62531280,3616,719520,41,17313
2192,8,0,20,5,62562060,3616,719520,41,17321
2193,9,0,16,9,62609280,3616,719520,41,17330
2194,8,0,19,6,62630460,3616,719520,41,17338
2195,4,0,17,8,62646720,3615,719520,41,17342
2196,14,0,23,2,62678040,3616,719520,41,17356
2197,15,1,25,0,62705940,3615,720600,41,17371
2198,9,0,24,1,62746200,3615,720960,41,17380
2199,7,0,20,5,62804100,3616,721200,41,17387
2200,5,0,16,9,62836500,3616,721200,41,17392
2201,7,0,18,7,62866140,3616,721200,41,17399
2202,15,1,25,0,62880120,3616,721620,41,17414
2203,8,0,23,2,62921340,3616,721680,41,17422
2204,13,0,20,5,62981460,3616,722580,41,17435
2205,10,1,24,1,62999760,3616,723360,41,17445
2206,4,0,19,6,63053220,3617,727140,41,17449
2207,8,0,21,4,63089520,3618,727140,41,17457
2208,5,0,17,8,63125820,3618,727140,41,17462
2209,6,0,16,9,63150060,3618,727140,41,17468
2210,8,0,17,8,63177360,3618,727140,41,17476
2211,8,0,20,5,63191700,3618,727140,41,17484
2212,9,0,20,5,63220560,3618,727140,41,17493
2213,4,0,15,10,63260160,3618,727140,41,17497
2214,7,0,14,11,63285240,3618,727140,41,17504
2215,10,0,18,7,63300480,3617,727140,41,17514
2216,8,0,21,4,63316080,3617,727140,41,17522
2217,8,0,18,7,63352620,3617,727140,41,17530
2218,6,0,16,9,63381540,3617,727140,41,17536
2219,9,0,19,6,63393720,3617,727140,41,17545
2220,9,0,20,5,63427620,3617,727140,41,17554
2221,12,0,22,3,63450300,3616,727140,41,17566
2222,12,0,24,1,63480660,3616,727140,41,17578
2223,15,0,24,1,63539640,3616,731460,41,17593
2224,10,0,22,3,63575280,3616,731820,41,17603
2225,7,0,18,7,63617700,3616,731820,41,17610
2226,9,0,22,3,63638040,3616,731820,41,17619
2227,4,0,17,8,63670800,3616,731820,41,17623
2228,4,0,12,13,63716340,3617,731820,41,17627
2229,12,0,19,6,63725280,3616,731820,41,17639
2230,9,0,19,6,63743100,3615,731820,41,17648
2231,4,0,17,8,63771540,3616,731820,41,17652
2232,5,0,16,9,63792420,3616,731820,41,17657
2233,5,0,14,11,63820620,3616,731820,41,17662
2234,9,0,17,8,63836400,3615,731820,41,17671
2235,5,0,15,10,63857700,3615,731820,41,17676
2236,3,0,13,12,63871440,3615,731820,41,17679
2237,5,0,15,10,63880440,3615,731820,41,17684
2238,5,0,18,7,63889200,3615,731820,41,17689
2239,10,0,23,2,63900840,3615,731820,41,17699
2240,4,0,14,11,63951360,3615,731820,41,17703
2241,5,0,14,11,63961140,3614,731820,41,17708
2242,12,0,22,3,63975240,3614,731820,41,17720
2243,10,0,25,0,63994140,3614,731820,41,17730
2244,11,0,22,3,64059540,3615,731820,41,17741
2245,10,0,20,5,64091820,3614,731820,41,17751
2246,10,0,19,6,64122000,3614,731820,41,17761
2247,10,0,22,3,64141560,3613,731820,41,17771
2248,8,0,22,3,64177860,3614,731820,41,17779
2249,20,8,25,0,64213140,3614,732660,41,17799
2250,13,13,25,0,64248360,3614,742320,41,17812
2251,14,17,25,0,64309560,3616,766920,43,17826
2252,7,12,25,0,64373520,3617,806100,45,17833
2253,7,0,25,0,64432800,3616,913620,51,17840
2254,8,0,19,6,64469220,3615,913620,51,17848
2255,10,0,25,0,64484220,3616,913620,51,17858
2256,7,0,23,2,64523580,3616,913620,51,17865
2257,8,1,25,0,64552440,3616,913620,51,17873
2258,9,0,22,3,64613280,3617,920460,51,17882
2259,5,0,14,11,64667280,3618,920460,51,17887
2260,7,0,19,6,64677840,3618,920460,51,17894
2261,8,0,17,8,64704660,3617,920460,51,17902
2262,4,0,16,9,64719720,3617,920460,51,17906
2263,12,0,22,3,64735080,3617,920460,51,17918
2264,9,0,19,6,64778700,3617,920460,51,17927
2265,7,0,13,12,64823280,3617,920460,51,17934
2266,5,0,15,10,64837020,3617,920460,51,17939
2267,6,0,17,8,64850880,3617,920460,51,17945
2268,12,0,20,5,64868760,3616,920460,51,17957
2269,9,0,22,3,64890780,3616,920460,51,17966
2270,8,0,18,7,64927800,3615,920460,51,17974
2271,5,0,15,10,64962240,3616,920460,51,17979
2272,10,0,19,6,64971300,3615,920460,51,17989
2273,9,0,21,4,64998240,3615,920460,51,17998
2274,11,0,20,5,65051760,3616,920460,51,18009
2275,6,0,17,8,65079480,3615,920460,51,18015
2276,7,0,20,5,65097180,3616,920460,51,18022
2277,8,0,21,4,65126640,3616,920460,51,18030
2278,4,0,17,8,65172120,3617,920460,51,18034
2279,7,0,17,8,65194980,3617,920460,51,18041
2280,6,0,16,9,65212800,3616,920460,51,18047
2281,2,0,13,12,65232240,3616,920460,50,18049
2282,4,0,14,11,65240820,3616,920460,50,18053
2283,8,0,18,7,65254080,3616,920460,50,18061
2284,3,0,16,9,65269740,3616,920460,50,18064
2285,6,0,19,6,65290200,3616,920460,50,18070
2286,6,0,20,5,65321100,3617,920460,50,18076
2287,6,0,20,5,65337360,3617,920460,50,18082
2288,8,0,21,4,65370120,3617,920460,50,18090
2289,8,0,20,5,65405460,3617,920700,50,18098
2290,6,0,17,8,65438460,3617,920700,50,18104
2291,9,0,19,6,65468580,3618,920700,50,18113
2292,6,0,17,8,65492880,3617,920700,50,18119
2293,12,0,23,2,65519160,3618,920700,50,18131
2294,7,0,20,5,65549820,3617,920700,50,18138
2295,11,0,24,1,65580660,3618,922380,50,18149
2296,13,0,24,1,65621820,3617,922380,50,18162
2297,5,0,18,7,65681940,3619,922380,50,18167
2298,8,0,19,6,65709120,3619,922380,50,18175
2299,10,0,21,4,65734200,3618,922380,50,18185
2300,9,0,22,3,65766360,3619,922380,50,18194
2301,4,0,19,6,65794020,3619,922380,50,18198
2302,3,0,16,9,65827140,3619,922380,50,18201
2303,5,0,14,11,65859540,3620,922380,50,18206
2304,2,0,15,10,65866560,3620,922380,50,18208
2305,6,0,16,9,65886180,3620,922380,50,18214
2306,6,0,17,8,65899080,3620,922380,50,18220
2307,5,0,18,7,65909040,3619,922380,50,18225
2308,11,0,23,2,65931780,3620,922380,50,18236
2309,7,0,22,3,65958660,3619,922380,50,18243
2310,9,0,20,5,65995800,3619,922380,50,18252
2311,9,0,20,5,66036240,3620,922380,50,18261
2312,8,0,17,8,66077160,3620,922380,50,18269
2313,4,0,18,7,66092700,3620,922380,50,18273
2314,12,0,21,4,66122340,3620,922380,50,18285
2315,6,0,15,10,66158820,3619,922380,50,18291
2316,6,0,14,11,66173040,3619,922380,50,18297
2317,14,0,23,2,66180480,3618,922380,50,18311
2318,6,0,20,5,66210900,3618,922380,50,18317
2319,12,0,22,3,66243420,3618,922380,50,18329
2320,11,0,21,4,66286080,3618,922440,50,18340
2321,16,1,25,0,66331380,3618,923340,50,18356
2322,4,0,15,10,66385980,3618,924660,50,18360
2323,4,0,17,8,66388020,3618,924660,50,18364
2324,9,0,19,6,66413460,3618,924660,50,18373
2325,6,0,15,10,66451980,3618,924660,50,18379
2326,5,0,17,8,66469440,3618,924660,50,18384
2327,4,0,14,11,66493860,3618,924660,50,18388
2328,7,0,18,7,66499140,3618,924660,50,18395
2329,4,0,15,10,66522600,3618,924660,50,18399
2330,6,0,15,10,66538620,3618,924660,50,18405
2331,3,0,14,11,66550080,3618,924660,50,18408
2332,4,0,14,11,66562500,3617,924660,50,18412
2333,7,0,19,6,66564360,3617,924660,50,18419
2334,7,0,18,7,66593580,3617,924660,50,18426
2335,6,0,20,5,66613200,3617,924660,50,18432
2336,8,0,19,6,66648180,3618,924660,50,18440
2337,8,0,21,4,66672780,3618,924660,50,18448
2338,7,0,18,7,66714960,3618,924660,50,18455
2339,10,0,20,5,66730200,3617,924660,50,18465
2340,14,0,25,0,66760980,3617,927480,50,18479
2341,11,0,22,3,66821040,3618,927480,50,18490
2342,14,3,25,0,66847620,3618,927480,50,18504
2343,10,4,24,1,66875940,3617,928740,50,18514
2344,11,5,24,1,66942060,3619,942900,50,18525
2345,7,1,25,0,66979320,3619,972420,52,18532
2346,10,0,24,1,67025400,3619,972480,52,18542
2347,8,0,20,5,67062840,3619,972480,52,18550
2348,12,0,21,4,67110660,3619,972480,52,18562
2349,2,0,16,9,67137420,3619,972480,52,18564
2350,8,0,17,8,67174980,3620,972480,52,18572
2351,6,0,18,7,67188180,3620,972480,52,18578
2352,5,0,14,11,67215300,3619,972480,52,18583
2353,6,0,16,9,67234200,3619,972480,52,18589
2354,4,0,15,10,67246080,3619,972480,52,18593
2355,7,0,19,6,67257540,3619,972480,52,18600
2356,3,0,15,10,67294740,3620,972480,52,18603
2357,5,0,17,8,67308420,3620,972480,52,18608
2358,7,0,20,5,67314540,3620,972480,52,18615
2359,7,0,17,8,67355760,3620,972480,52,18622
2360,13,0,24,1,67373700,3620,972480,52,18635
2361,17,3,25,0,67406940,3619,973140,52,18652
2362,7,0,23,2,67461720,3619,982980,52,18659
2363,12,0,24,1,67502220,3620,982980,52,18671
2364,12,1,25,0,67536360,3619,986040,52,18683
2365,9,0,25,0,67576440,3620,986340,52,18692
2366,11,0,20,5,67639320,3620,986340,52,18703
2367,9,0,18,7,67670100,3619,986340,52,18712
2368,9,0,19,6,67689840,3619,986340,52,18721
2369,8,0,21,4,67716120,3619,986340,52,18729
2370,14,1,25,0,67756080,3620,988260,52,18743
2371,7,0,20,5,67807680,3620,988500,52,18750
2372,9,0,21,4,67840500,3620,988500,52,18759
2373,4,0,15,10,67882260,3620,988500,52,18763
2374,8,0,17,8,67904160,3620,988500,52,18771
2375,6,0,15,10,67922460,3620,988500,52,18777
2376,10,0,21,4,67931940,3619,988500,52,18787
2377,3,0,17,8,67950480,3619,988500,52,18790
2378,2,0,14,11,67982640,3620,988500,52,18792
2379,2,0,13,12,68001780,3620,988500,52,18794
2380,5,0,14,11,68011620,3620,988500,52,18799
2381,10,0,20,5,68019120,3620,988500,52,18809
2382,6,0,15,10,68051700,3619,988500,52,18815
2383,4,0,15,10,68071980,3620,988500,52,18819
2384,9,0,17,8,68082780,3619,988500,52,18828
2385,2,0,15,10,68094900,3619,988500,52,18830
2386,6,0,17,8,68104860,3618,988500,52,18836
2387,12,0,19,6,68139840,3618,988500,52,18848
2388,6,0,19,6,68160180,3618,988500,52,18854
2389,10,0,22,3,68192820,3619,988500,52,18864
2390,11,1,25,0,68224500,3619,988740,52,18875
2391,5,0,19,6,68274000,3619,989280,52,18880
2392,2,0,13,12,68323800,3620,989280,52,18882
2393,11,0,20,5,68329980,3620,989280,52,18893
2394,11,0,19,6,68361180,3619,989580,52,18904
2395,6,0,19,6,68381820,3619,989580,52,18910
2396,5,0,17,8,68417400,3620,989580,52,18915
2397,5,0,17,8,68453820,3621,989580,52,18920
2398,5,0,18,7,68464140,3621,989580,52,18925
2399,11,0,17,8,68504940,3620,989580,52,18936

