Hour,Arrivals,Waiting,Treating,Available Rooms,Total Treatment Time,Average Treatment Time,Total Wait Time,Average Wait Time,Total Arrivals
1,5,0,4,21,2040,2040,0,0,5
2,6,0,6,19,15840,3168,0,0,11
3,6,0,5,20,33000,2750,0,0,17
4,1,0,2,23,51480,3217,0,0,18
5,9,0,5,20,68760,3125,0,0,27
6,11,0,10,15,75840,2708,0,0,38
7,2,0,6,19,94020,2765,0,0,40
8,4,0,6,19,114900,3023,0,0,44
9,11,0,9,16,148800,3234,0,0,55
10,9,0,13,12,164400,3223,0,0,64
11,8,0,8,17,211800,3309,0,0,72
12,14,0,9,16,260100,3377,0,0,86
13,8,0,7,18,288420,3315,0,0,94
14,11,0,10,15,311220,3276,0,0,105
15,10,0,13,12,340200,3335,0,0,115
16,10,0,13,12,378600,3380,0,0,125
17,5,0,6,19,434520,3504,0,0,130
18,6,0,6,19,467580,3596,0,0,136
19,7,0,6,19,492600,3595,0,0,143
20,10,0,10,15,510780,3571,0,0,153
21,9,0,7,18,558480,3603,0,0,162
22,8,0,8,17,583200,3600,0,0,170
23,5,0,6,19,605100,3580,0,0,175
24,0,0,2,23,634620,3668,0,0,175
25,6,0,4,21,656280,3707,0,0,181
26,4,0,5,20,665340,3696,0,0,185
27,5,0,4,21,685680,3686,0,0,190
28,8,0,6,19,702240,3657,0,0,198
29,11,0,11,14,716700,3619,0,0,209
30,4,0,7,18,736860,3576,0,0,213
31,7,0,9,16,758040,3592,0,0,220
32,14,0,14,11,802200,3646,0,0,234
33,6,0,8,17,840540,3623,0,0,240
34,15,0,13,12,890220,3678,0,0,255
35,9,0,14,11,923280,3693,0,0,264
36,6,0,9,16,971100,3720,0,0,270
37,2,0,4,21,1019280,3803,0,0,272
38,8,0,8,17,1038120,3816,0,0,280
39,13,0,13,12,1057620,3777,0,0,293
40,9,0,11,14,1098540,3775,0,0,302
41,11,0,12,13,1132440,3762,0,0,313
42,11,0,11,14,1166160,3725,0,0,324
43,7,0,8,17,1216740,3766,0,0,331
44,9,0,11,14,1246620,3789,0,0,340
45,6,0,6,19,1293960,3805,0,0,346
46,10,0,9,16,1306620,3765,0,0,356
47,3,0,3,22,1348500,3787,0,0,359
48,10,0,9,16,1366680,3796,0,0,369
49,6,0,8,17,1385220,3774,0,0,375
50,6,0,5,20,1408680,3746,0,0,381
51,6,0,8,17,1426080,3762,0,0,387
52,6,0,6,19,1458120,3767,0,0,393
53,4,0,3,22,1477080,3748,0,0,397
54,7,0,8,17,1482000,3742,0,0,404
55,5,0,9,16,1497900,3744,0,0,409
56,13,0,14,11,1535280,3762,0,0,422
57,8,0,12,13,1571460,3759,0,0,430
58,12,0,14,11,1606140,3752,0,0,442
59,14,0,12,13,1662000,3743,0,0,456
60,6,0,6,19,1715700,3762,0,0,462
61,18,0,12,13,1752840,3745,0,0,480
62,5,0,8,17,1779660,3730,0,0,485
63,10,0,12,13,1814460,3756,0,0,495
64,11,0,12,13,1864920,3775,0,0,506
65,8,0,11,14,1896540,3770,0,0,514
66,11,0,13,12,1926180,3762,0,0,525
67,7,0,8,17,1968000,3755,0,0,532
68,8,0,8,17,2009460,3777,0,0,540
69,8,0,9,16,2033160,3772,0,0,548
70,9,0,9,16,2067540,3772,0,0,557
71,3,0,2,23,2104200,3770,0,0,560
72,1,0,1,24,2111940,3771,0,0,561
73,5,0,2,23,2116380,3752,0,0,566
74,4,0,3,22,2132400,3760,0,0,570
75,4,0,5,20,2135940,3753,0,0,574
76,5,0,6,19,2153880,3758,0,0,579
77,8,0,8,17,2179200,3763,0,0,587
78,12,0,11,14,2208840,3756,0,0,599
79,6,0,10,15,2232660,3752,0,0,605
80,8,0,8,17,2281140,3770,0,0,613
81,8,0,9,16,2307120,3769,0,0,621
82,9,0,9,16,2340540,3768,0,0,630
83,9,0,6,19,2382240,3763,0,0,639
84,9,0,11,14,2396640,3762,0,0,648
85,10,0,10,15,2428980,3748,0,0,658
86,11,0,8,17,2481360,3753,0,0,669
87,7,0,5,20,2511480,3742,0,0,676
88,9,0,8,17,2539620,3751,0,0,685
89,18,0,15,10,2568720,3733,0,0,703
90,9,0,10,15,2611560,3720,0,0,712
91,4,0,7,18,2646060,3732,0,0,716
92,4,0,5,20,2667900,3731,0,0,720
93,6,0,8,17,2682900,3736,0,0,726
94,3,0,6,19,2716200,3756,0,0,729
95,10,0,8,17,2736660,3743,0,0,739
96,9,0,7,18,2782200,3754,0,0,748
97,6,0,6,19,2806920,3752,0,0,754
98,3,0,5,20,2827920,3760,0,0,757
99,6,0,3,22,2852160,3752,0,0,763
100,5,0,6,19,2860860,3754,0,0,768
101,2,0,6,19,2867640,3753,0,0,770
102,6,0,4,21,2904060,3761,0,0,776
103,10,0,8,17,2914680,3746,0,0,786
104,11,0,11,14,2931900,3730,0,0,797
105,11,0,13,12,2965140,3729,0,0,808
106,7,0,10,15,3004680,3732,0,0,815
107,5,0,6,19,3041100,3735,0,0,820
108,9,0,8,17,3053100,3718,0,0,829
109,11,0,10,15,3084900,3716,0,0,840
110,12,2,13,12,3111300,3717,180,0,852
111,8,0,12,13,3153660,3718,3660,4,860
112,4,0,7,18,3199740,3733,3660,4,864
113,7,0,9,16,3230460,3747,3660,4,871
114,13,0,11,14,3277260,3754,3660,4,884
115,6,0,8,17,3299040,3740,3660,4,890
116,6,0,7,18,3348060,3766,3660,4,896
117,9,0,8,17,3371400,3758,3660,4,905
118,8,0,10,15,3389880,3754,3660,4,913
119,9,0,10,15,3413880,3743,3660,3,922
120,5,0,6,19,3458400,3755,3660,3,927
121,4,0,6,19,3476280,3758,3660,3,931
122,9,0,10,15,3495900,3759,3660,3,940
123,6,0,6,19,3530640,3756,3660,3,946
124,4,0,5,20,3561180,3768,3660,3,950
125,6,0,5,20,3589740,3774,3660,3,956
126,2,0,3,22,3603780,3773,3660,3,958
127,10,0,8,17,3624660,3775,3660,3,968
128,4,0,4,21,3650100,3770,3660,3,972
129,7,0,7,18,3666180,3771,3660,3,979
130,15,0,14,11,3687540,3762,3660,3,994
131,11,0,8,17,3735360,3746,3660,3,1005
132,12,0,12,13,3761460,3742,3660,3,1017
133,6,0,6,19,3811380,3747,3660,3,1023
134,10,0,9,16,3836880,3746,3660,3,1033
135,6,0,7,18,3864720,3744,3660,3,1039
136,7,0,8,17,3888060,3745,3660,3,1046
137,10,0,9,16,3919200,3743,3660,3,1056
138,5,0,5,20,3950220,3740,3660,3,1061
139,8,0,9,16,3969420,3744,3660,3,1069
140,5,0,5,20,4006560,3747,3660,3,1074
141,5,0,5,20,4027320,3749,3660,3,1079
142,6,0,5,20,4048080,3748,3660,3,1085
143,9,0,5,20,4070580,3737,3660,3,1094
144,6,0,6,19,4079700,3729,3660,3,1100
145,4,0,4,21,4108560,3735,3660,3,1104
146,6,0,5,20,4118160,3726,3660,3,1110
147,6,0,5,20,4139280,3725,3660,3,1116
148,6,0,3,22,4157460,3715,3660,3,1122
149,7,0,3,22,4178280,3710,3660,3,1129
150,1,0,1,24,4189500,3710,3660,3,1130
151,5,0,4,21,4191060,3705,3660,3,1135
152,8,0,8,17,4204740,3704,3660,3,1143
153,13,0,14,11,4219680,3694,3660,3,1156
154,13,0,13,12,4264140,3688,3660,3,1169
155,11,0,11,14,4320660,3696,3660,3,1180
156,11,0,13,12,4357800,3699,3660,3,1191
157,4,0,9,16,4396980,3707,3660,3,1195
158,9,0,11,14,4440300,3721,3660,3,1204
159,8,0,12,13,4477620,3731,3660,3,1212
160,13,0,10,15,4515060,3716,3660,2,1225
161,6,0,9,16,4542540,3717,3660,2,1231
162,13,0,13,12,4573500,3715,3660,2,1244
163,8,0,10,15,4615080,3715,3660,2,1252
164,8,0,10,15,4658760,3727,3660,2,1260
165,8,0,11,14,4689240,3730,3660,2,1268
166,10,0,11,14,4739580,3740,3660,2,1278
167,6,0,7,18,4772880,3737,3660,2,1284
168,4,0,4,21,4808100,3744,3660,2,1288
169,13,0,10,15,4828020,3739,3660,2,1301
170,6,0,6,19,4863000,3737,3660,2,1307
171,3,0,4,21,4887360,3742,3660,2,1310
172,2,0,3,22,4905840,3747,3660,2,1312
173,9,0,7,18,4922940,3746,3660,2,1321
174,7,0,10,15,4934940,3744,3660,2,1328
175,3,0,5,20,4972860,3750,3660,2,1331
176,2,0,3,22,4989540,3751,3660,2,1333
177,11,0,11,14,5004600,3754,3660,2,1344
178,7,0,8,17,5026500,3742,3660,2,1351
179,9,0,9,16,5058060,3743,3660,2,1360
180,12,0,13,12,5100120,3752,3660,2,1372
181,4,0,10,15,5121660,3749,3660,2,1376
182,11,0,11,14,5165460,3753,3660,2,1387
183,11,0,11,14,5207340,3754,3660,2,1398
184,5,0,9,16,5232660,3753,3660,2,1403
185,10,0,8,17,5270160,3751,3660,2,1413
186,7,0,4,21,5318220,3755,3660,2,1420
187,5,0,3,22,5333040,3750,3660,2,1425
188,6,0,7,18,5340120,3750,3660,2,1431
189,7,0,6,19,5368740,3749,3660,2,1438
190,6,0,9,16,5386740,3753,3660,2,1444
191,4,0,9,16,5400960,3753,3660,2,1448
192,9,0,9,16,5450820,3764,3660,2,1457
193,6,0,7,18,5479680,3763,3660,2,1463
194,6,0,5,20,5515200,3767,3660,2,1469
195,3,0,2,23,5538240,3767,3660,2,1472
196,10,0,9,16,5541480,3762,3660,2,1482
197,9,0,7,18,5570880,3753,3660,2,1491
198,6,0,7,18,5595960,3755,3660,2,1497
199,3,0,4,21,5615580,3753,3660,2,1500
200,10,0,10,15,5636220,3757,3660,2,1510
201,10,0,8,17,5664420,3746,3660,2,1520
202,8,0,6,19,5707500,3750,3660,2,1528
203,14,0,8,17,5731260,3736,3660,2,1542
204,11,0,13,12,5741220,3728,3660,2,1553
205,9,0,11,14,5785980,3730,3660,2,1562
206,13,0,12,13,5825580,3727,3660,2,1575
207,20,0,21,4,5860500,3723,3660,2,1595
208,10,0,16,9,5911980,3720,3660,2,1605
209,9,0,13,12,5971140,3729,3660,2,1614
210,9,0,12,13,6020400,3737,3660,2,1623
211,4,0,9,16,6054000,3741,3660,2,1627
212,10,0,10,15,6095340,3746,3660,2,1637
213,9,0,9,16,6134580,3747,3660,2,1646
214,10,0,6,19,6179220,3744,3660,2,1656
215,4,0,6,19,6190080,3742,3660,2,1660
216,4,0,4,21,6210900,3741,3660,2,1664
217,9,0,7,18,6229680,3739,3660,2,1673
218,4,0,6,19,6253200,3742,3660,2,1677
219,8,0,7,18,6278100,3741,3660,2,1685
220,2,0,1,24,6305100,3739,3660,2,1687
221,6,0,4,21,6316320,3739,3660,2,1693
222,9,0,7,18,6328740,3733,3660,2,1702
223,6,0,6,19,6347820,3729,3660,2,1708
224,14,0,8,17,6382920,3723,3660,2,1722
225,9,0,9,16,6405360,3719,3660,2,1731
226,10,0,9,16,6443880,3720,3660,2,1741
227,10,0,11,14,6472320,3719,3660,2,1751
228,10,0,8,17,6515700,3716,3660,2,1761
229,18,0,13,12,6548400,3708,3660,2,1779
230,9,0,6,19,6600660,3704,3660,2,1788
231,10,0,10,15,6628080,3706,3660,2,1798
232,14,0,15,10,6646140,3698,3660,2,1812
233,8,0,13,12,6700920,3708,3660,2,1820
234,7,0,9,16,6759900,3718,3660,2,1827
235,9,0,7,18,6796680,3716,3660,1,1836
236,8,0,7,18,6825600,3715,3660,1,1844
237,5,0,7,18,6845700,3716,3660,1,1849
238,3,0,5,20,6864060,3716,3660,1,1852
239,3,0,5,20,6877860,3717,3660,1,1855
240,3,0,1,24,6913200,3722,3660,1,1858
241,4,0,5,20,6913200,3722,3660,1,1862
242,6,0,4,21,6936420,3721,3660,1,1868
243,7,0,8,17,6944280,3719,3660,1,1875
244,8,0,11,14,6955620,3715,3660,1,1883
245,5,0,4,21,7004220,3717,3660,1,1888
246,7,0,7,18,7021320,3718,3660,1,1895
247,8,0,8,17,7034100,3711,3660,1,1903
248,7,0,8,17,7061940,3712,3660,1,1910
249,4,0,5,20,7103280,3720,3660,1,1914
250,5,0,7,18,7114380,3720,3660,1,1919
251,9,0,6,19,7148040,3719,3660,1,1928
252,15,0,16,9,7160040,3715,3660,1,1943
253,5,0,10,15,7192380,3711,3660,1,1948
254,12,0,13,12,7245240,3721,3660,1,1960
255,10,0,11,14,7290780,3721,3660,1,1970
256,8,0,8,17,7329060,3720,3660,1,1978
257,8,0,7,18,7356720,3717,3660,1,1986
258,5,0,2,23,7388700,3714,3660,1,1991
259,9,0,9,16,7398000,3715,3660,1,2000
260,12,0,13,12,7426320,3715,3660,1,2012
261,12,0,11,14,7461300,3706,3660,1,2024
262,5,0,5,20,7501140,3706,3660,1,2029
263,8,0,8,17,7515480,3704,3660,1,2037
264,8,0,7,18,7557660,3708,3660,1,2045
265,4,0,4,21,7581060,3707,3660,1,2049
266,7,0,6,19,7595400,3705,3660,1,2056
267,4,0,6,19,7608240,3704,3660,1,2060
268,4,0,4,21,7638660,3708,3660,1,2064
269,9,0,7,18,7657860,3706,3660,1,2073
270,8,0,8,17,7679100,3704,3660,1,2081
271,12,0,11,14,7697640,3697,3660,1,2093
272,6,0,9,16,7739040,3702,3660,1,2099
273,12,0,7,18,7792800,3703,3660,1,2111
274,13,0,11,14,7816740,3699,3660,1,2124
275,12,0,9,16,7851660,3691,3660,1,2136
276,9,0,9,16,7888080,3692,3660,1,2145
277,11,0,7,18,7919580,3685,3660,1,2156
278,9,0,10,15,7932180,3680,3660,1,2165
279,5,0,6,19,7967100,3681,3660,1,2170
280,17,0,13,12,7993140,3676,3660,1,2187
281,11,0,9,16,8040540,3673,3660,1,2198
282,6,0,5,20,8075640,3672,3660,1,2204
283,11,0,12,13,8083680,3669,3660,1,2215
284,10,0,13,12,8111640,3667,3660,1,2225
285,5,0,10,15,8158020,3674,3660,1,2230
286,6,0,9,16,8194140,3679,3660,1,2236
287,6,0,6,19,8235780,3683,3660,1,2242
288,7,0,9,16,8260560,3687,3660,1,2249
289,3,0,8,17,8281680,3690,3660,1,2252
290,5,0,6,19,8325120,3698,3660,1,2257
291,2,0,6,19,8342160,3702,3660,1,2259
292,4,0,6,19,8364540,3706,3660,1,2263
293,5,0,4,21,8397120,3708,3660,1,2268
294,5,0,7,18,8401620,3707,3660,1,2273
295,15,0,13,12,8436540,3708,3660,1,2288
296,11,0,12,13,8464560,3701,3660,1,2299
297,14,0,10,15,8512920,3696,3660,1,2313
298,13,0,10,15,8559660,3695,3660,1,2326
299,10,0,15,10,8588400,3700,3660,1,2336
300,9,0,11,14,8646180,3704,3660,1,2345
301,10,0,13,12,8679060,3705,3660,1,2355
302,10,0,9,16,8730420,3705,3660,1,2365
303,8,0,8,17,8764380,3705,3660,1,2373
304,14,0,14,11,8789400,3703,3660,1,2387
305,12,0,12,13,8828100,3698,3660,1,2399
306,12,0,13,12,8868000,3698,3660,1,2411
307,8,0,10,15,8906280,3697,3660,1,2419
308,9,0,8,17,8954340,3700,3660,1,2428
309,6,0,7,18,8992860,3705,3660,1,2434
310,10,0,10,15,9007860,3700,3660,1,2444
311,4,0,8,17,9039720,3704,3660,1,2448
312,5,0,6,19,9070020,3706,3660,1,2453
313,2,0,2,23,9095340,3707,3660,1,2455
314,5,0,5,20,9104580,3708,3660,1,2460
315,6,0,5,20,9123720,3707,3660,1,2466
316,10,0,9,16,9143160,3706,3660,1,2476
317,3,0,3,22,9179400,3707,3660,1,2479
318,4,0,3,22,9189600,3705,3660,1,2483
319,8,0,7,18,9201180,3704,3660,1,2491
320,5,0,5,20,9226500,3703,3660,1,2496
321,12,0,12,13,9234240,3699,3660,1,2508
322,8,0,7,18,9285960,3701,3660,1,2516
323,10,0,13,12,9302400,3701,3660,1,2526
324,13,0,15,10,9343320,3701,3660,1,2539
325,8,0,7,18,9410220,3704,3660,1,2547
326,16,0,14,11,9444840,3705,3660,1,2563
327,12,0,14,11,9468540,3697,3660,1,2575
328,10,0,10,15,9543840,3706,3660,1,2585
329,10,0,9,16,9574320,3702,3660,1,2595
330,8,0,11,14,9601380,3704,3660,1,2603
331,3,0,4,21,9635160,3702,3660,1,2606
332,9,0,6,19,9663000,3703,3660,1,2615
333,6,0,6,19,9677640,3700,3660,1,2621
334,8,0,7,18,9704400,3701,3660,1,2629
335,4,0,5,20,9733680,3703,3660,1,2633
336,2,0,5,20,9745560,3705,3660,1,2635
337,5,0,3,22,9776280,3707,3660,1,2640
338,5,0,4,21,9787500,3705,3660,1,2645
339,8,0,7,18,9802440,3704,3660,1,2653
340,8,0,9,16,9820920,3703,3660,1,2661
341,10,0,11,14,9854340,3704,3660,1,2671
342,14,0,9,16,9900480,3699,3660,1,2685
343,12,0,12,13,9912900,3691,3660,1,2697
344,10,0,10,15,9947880,3688,3660,1,2707
345,10,0,8,17,10009440,3694,3660,1,2717
346,21,0,15,10,10043520,3688,3660,1,2738
347,16,0,18,7,10073280,3681,3660,1,2754
348,9,0,14,11,10129140,3684,3660,1,2763
349,8,0,6,19,10195560,3687,3660,1,2771
350,6,0,6,19,10226400,3690,3660,1,2777
351,10,0,10,15,10248300,3690,3660,1,2787
352,14,0,13,12,10279920,3687,3660,1,2801
353,10,0,15,10,10306020,3685,3660,1,2811
354,9,0,10,15,10366440,3689,3660,1,2820
355,5,0,5,20,10415640,3693,3660,1,2825
356,13,0,15,10,10427280,3693,3660,1,2838
357,4,0,5,20,10478160,3693,3660,1,2842
358,7,0,9,16,10495200,3695,3660,1,2849
359,9,0,9,16,10529220,3695,3660,1,2858
360,4,0,7,18,10551960,3695,3660,1,2862
361,5,0,7,18,10573500,3697,3660,1,2867
362,7,0,8,17,10607520,3701,3660,1,2874
363,3,0,2,23,10642440,3701,3660,1,2877
364,3,0,4,21,10645200,3701,3660,1,2880
365,10,0,8,17,10652340,3696,3660,1,2890
366,6,0,7,18,10685040,3698,3660,1,2896
367,4,0,5,20,10712820,3700,3660,1,2900
368,9,0,9,16,10731960,3700,3660,1,2909
369,9,0,9,16,10751760,3696,3660,1,2918
370,5,0,7,18,10783620,3698,3660,1,2923
371,10,0,11,14,10806960,3698,3660,1,2933
372,13,0,13,12,10843500,3697,3660,1,2946
373,14,0,18,7,10879920,3698,3660,1,2960
374,12,0,14,11,10941960,3699,3660,1,2972
375,11,0,11,14,11010120,3704,3660,1,2983
376,6,0,8,17,11039580,3703,3660,1,2989
377,9,0,7,18,11068140,3700,3660,1,2998
378,11,0,8,17,11093640,3696,3660,1,3009
379,6,0,5,20,11121780,3694,3660,1,3015
380,8,0,4,21,11145540,3691,3660,1,3023
381,2,0,3,22,11155740,3691,3660,1,3025
382,7,0,6,19,11170080,3691,3660,1,3032
383,4,0,7,18,11181960,3691,3660,1,3036
384,3,0,5,20,11211420,3695,3660,1,3039
385,8,0,8,17,11225880,3693,3660,1,3047
386,9,0,11,14,11247960,3693,3660,1,3056
387,7,0,10,15,11292840,3698,3660,1,3063
388,6,0,7,18,11331720,3700,3660,1,3069
389,4,0,6,19,11360940,3704,3660,1,3073
390,7,0,9,16,11373600,3703,3660,1,3080
391,6,0,4,21,11416920,3704,3660,1,3086
392,13,0,11,14,11441700,3705,3660,1,3099
393,6,0,6,19,11474700,3702,3660,1,3105
394,6,0,6,19,11503200,3704,3660,1,3111
395,16,0,15,10,11521800,3702,3660,1,3127
396,9,0,15,10,11555580,3702,3660,1,3136
397,14,0,14,11,11610120,3702,3660,1,3150
398,5,0,5,20,11668140,3704,3660,1,3155
399,10,0,9,16,11673000,3698,3660,1,3165
400,9,0,8,17,11707620,3697,3660,1,3174
401,16,0,20,5,11723700,3698,3660,1,3190
402,7,5,15,10,11757180,3700,5940,1,3197
403,7,0,15,10,11825220,3708,20580,6,3204
404,5,0,8,17,11899080,3717,20580,6,3209
405,7,0,7,18,11924580,3715,20580,6,3216
406,4,0,6,19,11952660,3718,20580,6,3220
407,5,0,7,18,11979840,3722,20580,6,3225
408,4,0,7,18,11994060,3722,20580,6,3229
409,5,0,7,18,12023400,3725,20580,6,3234
410,7,0,9,16,12052500,3729,20580,6,3241
411,3,0,6,19,12073860,3728,20580,6,3244
412,7,0,6,19,12100680,3729,20580,6,3251
413,12,0,8,17,12138240,3729,20580,6,3263
414,15,0,13,12,12165540,3726,20580,6,3278
415,13,0,14,11,12209040,3725,20580,6,3291
416,13,0,17,8,12247380,3726,20580,6,3304
417,8,0,12,13,12298980,3726,20580,6,3312
418,18,0,17,8,12350940,3728,20580,6,3330
419,8,0,12,13,12402600,3728,20580,6,3338
420,9,0,8,17,12453540,3729,20580,6,3347
421,7,0,5,20,12490860,3729,20580,6,3354
422,14,0,11,14,12523080,3730,20580,6,3368
423,13,0,14,11,12550260,3727,20580,6,3381
424,7,0,8,17,12595740,3726,20580,6,3388
425,7,0,6,19,12623160,3724,20580,6,3395
426,7,0,6,19,12654600,3726,20580,6,3402
427,10,0,9,16,12670560,3723,20580,6,3412
428,7,0,7,18,12704220,3723,20580,6,3419
429,6,0,7,18,12730320,3724,20580,6,3425
430,8,0,10,15,12753780,3725,20580,5,3433
431,7,0,10,15,12790680,3729,20580,5,3440
432,7,0,8,17,12830100,3730,20580,5,3447
433,7,0,7,18,12873300,3734,20580,5,3454
434,3,0,7,18,12880620,3733,20580,5,3457
435,5,0,5,20,12909300,3734,20580,5,3462
436,3,0,4,21,12925500,3734,20580,5,3465
437,7,0,7,18,12935820,3733,20580,5,3472
438,4,0,5,20,12959640,3733,20580,5,3476
439,7,0,7,18,12976200,3733,20580,5,3483
440,11,0,10,15,12995220,3729,20580,5,3494
441,11,0,13,12,13023300,3729,20580,5,3505
442,10,0,9,16,13077300,3729,20580,5,3515
443,16,0,14,11,13118220,3729,20580,5,3531
444,11,0,10,15,13160220,3725,20580,5,3542
445,11,0,14,11,13188840,3726,20580,5,3553
446,10,0,11,14,13231140,3724,20580,5,3563
447,12,0,11,14,13269360,3723,20580,5,3575
448,12,0,10,15,13302120,3718,20580,5,3587
449,12,0,13,12,13340700,3720,20580,5,3599
450,10,0,11,14,13385940,3720,20580,5,3609
451,5,0,8,17,13416840,3720,20580,5,3614
452,6,0,6,19,13465380,3725,20580,5,3620
453,6,0,6,19,13482060,3724,20580,5,3626
454,4,0,5,20,13508940,3726,20580,5,3630
455,11,0,10,15,13531080,3726,20580,5,3641
456,6,0,8,17,13558020,3725,20580,5,3647
457,5,0,7,18,13586160,3727,20580,5,3652
458,7,0,6,19,13625160,3729,20580,5,3659
459,3,0,6,19,13634820,3729,20580,5,3662
460,10,0,13,12,13650960,3730,20580,5,3672
461,11,0,15,10,13688400,3731,20580,5,3683
462,8,0,13,12,13731960,3733,20580,5,3691
463,17,0,14,11,13793580,3734,20580,5,3708
464,4,0,6,19,13838340,3734,20580,5,3712
465,9,0,6,19,13871220,3733,20580,5,3721
466,10,0,8,17,13893180,3731,20580,5,3731
467,12,0,10,15,13916880,3728,20580,5,3743
468,10,0,10,15,13943040,3725,20580,5,3753
469,13,0,10,15,13981560,3722,20580,5,3766
470,18,0,17,8,14011020,3719,20580,5,3784
471,11,0,15,10,14059440,3719,20580,5,3795
472,15,0,17,8,14124960,3723,20580,5,3810
473,5,0,10,15,14179080,3726,20580,5,3815
474,9,0,11,14,14227860,3731,20580,5,3824
475,10,0,10,15,14273460,3732,20580,5,3834
476,5,0,7,18,14302440,3732,20580,5,3839
477,9,0,8,17,14329620,3731,20580,5,3848
478,5,0,7,18,14356020,3732,20580,5,3853
479,4,0,5,20,14385960,3734,20580,5,3857
480,7,0,8,17,14402460,3735,20580,5,3864
481,5,0,6,19,14428380,3735,20580,5,3869
482,6,0,5,20,14450580,3734,20580,5,3875
483,5,0,5,20,14469360,3734,20580,5,3880
484,4,0,5,20,14485140,3734,20580,5,3884
485,4,0,3,22,14500620,3732,20580,5,3888
486,8,0,3,22,14522460,3730,20580,5,3896
487,6,0,6,19,14526960,3728,20580,5,3902
488,8,0,11,14,14545020,3730,20580,5,3910
489,8,0,8,17,14585460,3730,20580,5,3918
490,11,0,10,15,14608860,3727,20580,5,3929
491,12,0,10,15,14647980,3726,20580,5,3941
492,10,0,12,13,14686920,3728,20580,5,3951
493,11,0,12,13,14735100,3730,20580,5,3962
494,10,0,9,16,14771160,3727,20580,5,3972
495,10,0,12,13,14804700,3729,20580,5,3982
496,10,0,9,16,14850900,3728,20580,5,3992
497,10,0,11,14,14874060,3726,20580,5,4002
498,5,0,7,18,14915160,3728,20580,5,4007
499,13,0,5,20,14950980,3723,20580,5,4020
500,5,0,3,22,14975700,3723,20580,5,4025
501,6,0,6,19,14982480,3722,20580,5,4031
502,4,0,6,19,15001680,3723,20580,5,4035
503,7,0,3,22,15029580,3721,20580,5,4042
504,4,0,4,21,15037380,3720,20580,5,4046
505,4,0,4,21,15050820,3719,20580,5,4050
506,6,0,8,17,15057300,3719,20580,5,4056
507,5,0,6,19,15080580,3719,20580,5,4061
508,9,0,5,20,15109080,3716,20580,5,4070
509,3,0,3,22,15133500,3718,20580,5,4073
510,3,0,5,20,15136680,3718,20580,5,4076
511,7,0,5,20,15166980,3719,20580,5,4083
512,8,0,7,18,15178560,3716,20580,5,4091
513,7,0,5,20,15212100,3716,20580,5,4098
514,7,0,7,18,15225660,3715,20580,5,4105
515,7,0,3,22,15250260,3711,20580,5,4112
516,10,0,7,18,15269820,3710,20580,4,4122
517,15,0,13,12,15296460,3709,20580,4,4137
518,14,0,15,10,15334620,3707,20580,4,4151
519,11,0,17,8,15369660,3708,20580,4,4162
520,9,0,9,16,15445800,3711,20580,4,4171
521,13,0,12,13,15479700,3710,20580,4,4184
522,9,0,10,15,15519480,3710,20580,4,4193
523,9,0,10,15,15561060,3712,20580,4,4202
524,6,0,8,17,15597960,3713,20580,4,4208
525,9,0,7,18,15636120,3714,20580,4,4217
526,7,0,6,19,15658140,3712,20580,4,4224
527,5,0,6,19,15680460,3713,20580,4,4229
528,6,0,4,21,15695400,3709,20580,4,4235
529,2,0,0,25,15721980,3710,20580,4,4237
530,2,0,1,24,15723120,3710,20580,4,4239
531,1,0,0,25,15724920,3708,20580,4,4240
532,7,0,5,20,15727560,3707,20580,4,4247
533,11,0,8,17,15742500,3704,20580,4,4258
534,5,0,8,17,15758460,3703,20580,4,4263
535,5,0,5,20,15798840,3706,20580,4,4268
536,9,0,10,15,15818940,3707,20580,4,4277
537,10,0,6,19,15860700,3704,20580,4,4287
538,10,0,8,17,15878100,3702,20580,4,4297
539,11,0,10,15,15906960,3701,20580,4,4308
540,8,0,9,16,15937020,3700,20580,4,4316
541,4,0,5,20,15964380,3699,20580,4,4320
542,13,0,12,13,15976500,3697,20580,4,4333
543,13,0,16,9,16010100,3697,20580,4,4346
544,9,0,11,14,16065780,3698,20580,4,4355
545,17,0,14,11,16118700,3698,20580,4,4372
546,10,0,14,11,16158120,3699,20580,4,4382
547,7,0,9,16,16199160,3698,20580,4,4389
548,3,0,4,21,16250820,3703,20580,4,4392
549,8,0,7,18,16280700,3706,20580,4,4400
550,8,0,5,20,16294980,3700,20580,4,4408
551,3,0,5,20,16303680,3700,20580,4,4411
552,6,0,4,21,16338960,3702,20580,4,4417
553,6,0,7,18,16349940,3702,20580,4,4423
554,6,0,6,19,16374420,3702,20580,4,4429
555,2,0,3,22,16396080,3702,20580,4,4431
556,6,0,6,19,16415280,3704,20580,4,4437
557,6,0,6,19,16432380,3703,20580,4,4443
558,5,0,6,19,16446660,3702,20580,4,4448
559,8,0,7,18,16468620,3701,20580,4,4456
560,10,0,8,17,16504800,3702,20580,4,4466
561,6,0,8,17,16523040,3701,20580,4,4472
562,11,0,9,16,16557780,3700,20580,4,4483
563,9,0,8,17,16595040,3700,20580,4,4492
564,10,0,8,17,16625700,3699,20580,4,4502
565,10,0,10,15,16649880,3698,20580,4,4512
566,10,0,12,13,16671540,3696,20580,4,4522
567,11,0,7,18,16736820,3697,20580,4,4533
568,7,0,8,17,16747740,3695,20580,4,4540
569,12,0,10,15,16787940,3696,20580,4,4552
570,6,0,5,20,16813560,3692,20580,4,4558
571,13,0,11,14,16843980,3693,20580,4,4571
572,10,0,11,14,16868820,3691,20580,4,4581
573,12,0,10,15,16912380,3690,20580,4,4593
574,8,0,10,15,16945560,3691,20580,4,4601
575,9,0,9,16,16984680,3691,20580,4,4610
576,6,0,8,17,17011800,3691,20580,4,4616
577,6,0,5,20,17054340,3693,20580,4,4622
578,4,0,3,22,17072520,3692,20580,4,4626
579,8,0,7,18,17078820,3691,20580,4,4634
580,7,0,6,19,17098740,3689,20580,4,4641
581,6,0,5,20,17126700,3689,20580,4,4647
582,4,0,5,20,17140620,3689,20580,4,4651
583,11,0,9,16,17164260,3688,20580,4,4662
584,21,0,16,9,17210460,3687,20580,4,4683
585,8,0,12,13,17248500,3686,20580,4,4691
586,11,0,7,18,17311620,3687,20580,4,4702
587,10,0,8,17,17339280,3686,20580,4,4712
588,9,0,12,13,17359080,3686,20580,4,4721
589,8,0,10,15,17398260,3686,20580,4,4729
590,10,0,6,19,17467680,3690,20580,4,4739
591,8,0,7,18,17482200,3688,20580,4,4747
592,14,0,13,12,17502180,3686,20580,4,4761
593,15,0,12,13,17556060,3685,20580,4,4776
594,10,0,15,10,17574960,3683,20580,4,4786
595,4,0,6,19,17637900,3686,20580,4,4790
596,7,0,5,20,17662620,3685,20580,4,4797
597,4,0,4,21,17689500,3687,20580,4,4801
598,5,0,3,22,17721120,3689,20580,4,4806
599,3,0,4,21,17724840,3688,20580,4,4809
600,6,0,6,19,17742420,3689,20580,4,4815
601,5,0,4,21,17765400,3688,20580,4,4820
602,4,0,4,21,17785800,3690,20580,4,4824
603,6,0,6,19,17790600,3687,20580,4,4830
604,4,0,6,19,17815320,3690,20580,4,4834
605,5,0,4,21,17841660,3690,20580,4,4839
606,5,0,3,22,17855460,3688,20580,4,4844
607,3,0,3,22,17864700,3688,20580,4,4847
608,10,0,10,15,17873820,3687,20580,4,4857
609,15,0,12,13,17908440,3684,20580,4,4872
610,3,0,3,22,17953320,3685,20580,4,4875
611,11,0,10,15,17962440,3683,20580,4,4886
612,14,0,9,16,18006060,3681,20580,4,4900
613,12,0,11,14,18036720,3680,20580,4,4912
614,5,0,9,16,18066240,3680,20580,4,4917
615,16,0,15,10,18102780,3680,20580,4,4933
616,10,0,14,11,18137040,3679,20580,4,4943
617,11,0,14,11,18196260,3683,20580,4,4954
618,9,0,9,16,18239100,3681,20580,4,4963
619,9,0,10,15,18293520,3686,20580,4,4972
620,6,0,9,16,18318180,3686,20580,4,4978
621,10,0,12,13,18349140,3687,20580,4,4988
622,7,0,11,14,18376800,3687,20580,4,4995
623,4,0,6,19,18421860,3689,20580,4,4999
624,6,0,8,17,18442740,3690,20580,4,5005
625,8,0,5,20,18482400,3690,20580,4,5013
626,13,0,14,11,18498360,3690,20580,4,5026
627,5,0,5,20,18532740,3687,20580,4,5031
628,5,0,5,20,18556440,3688,20580,4,5036
629,13,0,8,17,18582780,3686,20580,4,5049
630,3,0,5,20,18608760,3687,20580,4,5052
631,8,0,7,18,18640860,3689,20580,4,5060
632,3,0,5,20,18651540,3687,20580,4,5063
633,16,0,12,13,18682620,3687,20580,4,5079
634,8,0,10,15,18706800,3684,20580,4,5087
635,9,0,11,14,18748560,3687,20580,4,5096
636,10,0,14,11,18780180,3688,20580,4,5106
637,9,0,11,14,18838200,3690,20580,4,5115
638,14,0,14,11,18873240,3689,20580,4,5129
639,7,0,6,19,18922800,3688,20580,4,5136
640,10,0,10,15,18935580,3686,20580,3,5146
641,9,0,11,14,18976680,3689,20580,3,5155
642,9,0,10,15,19014720,3689,20580,3,5164
643,8,0,9,16,19034100,3686,20580,3,5172
644,6,0,6,19,19070520,3687,20580,3,5178
645,6,0,3,22,19115040,3689,20580,3,5184
646,3,0,2,23,19125600,3688,20580,3,5187
647,7,0,5,20,19129200,3686,20580,3,5194
648,4,0,5,20,19139580,3685,20580,3,5198
649,6,0,3,22,19160700,3684,20580,3,5204
650,6,0,3,22,19174440,3682,20580,3,5210
651,2,0,0,25,19188240,3681,20580,3,5212
652,6,0,3,22,19195080,3680,20580,3,5218
653,9,0,8,17,19203780,3679,20580,3,5227
654,7,0,6,19,19225920,3677,20580,3,5234
655,7,0,8,17,19245600,3677,20580,3,5241
656,2,0,2,23,19279800,3678,20580,3,5243
657,9,0,9,16,19288920,3678,20580,3,5252
658,9,0,10,15,19317240,3678,20580,3,5261
659,10,0,13,12,19345320,3679,20580,3,5271
660,14,0,13,12,19391520,3678,20580,3,5285
661,10,0,9,16,19440360,3677,20580,3,5295
662,6,0,7,18,19471860,3678,20580,3,5301
663,12,0,13,12,19483800,3676,20580,3,5313
664,6,0,9,16,19519020,3675,20580,3,5319
665,7,0,10,15,19549920,3677,20580,3,5326
666,15,0,9,16,19617000,3679,20580,3,5341
667,5,0,8,17,19630860,3677,20580,3,5346
668,9,0,9,16,19661400,3677,20580,3,5355
669,4,0,4,21,19688880,3676,20580,3,5359
670,7,0,4,21,19709820,3675,20580,3,5366
671,6,0,7,18,19723800,3676,20580,3,5372
672,5,0,8,17,19738200,3676,20580,3,5377
673,3,0,8,17,19742340,3675,20580,3,5380
674,3,0,10,15,19742880,3674,20580,3,5383
675,4,0,12,13,19751760,3674,20580,3,5387
676,7,0,10,15,19779360,3673,20580,3,5394
677,3,0,9,16,19786560,3672,20580,3,5397
678,9,0,14,11,19802700,3672,20580,3,5406
679,5,0,11,14,19823040,3670,20580,3,5411
680,2,0,9,16,19840260,3671,20580,3,5413
681,9,0,14,11,19856400,3671,20580,3,5422
682,14,0,19,6,19884540,3670,20580,3,5436
683,7,0,18,7,19913580,3670,20580,3,5443
684,9,0,18,7,19951320,3671,20580,3,5452
685,13,0,18,7,19998060,3671,20580,3,5465
686,16,0,21,4,20028720,3668,20580,3,5481
687,10,0,14,11,20099940,3669,20580,3,5491
688,6,0,14,11,20120940,3669,20580,3,5497
689,5,0,13,12,20134380,3668,20580,3,5502
690,8,0,13,12,20165700,3668,20580,3,5510
691,6,0,14,11,20185800,3668,20580,3,5516
692,10,0,16,9,20204640,3666,20580,3,5526
693,4,0,12,13,20239380,3667,20580,3,5530
694,4,0,12,13,20261820,3669,20580,3,5534
695,10,0,15,10,20287980,3669,20580,3,5544
696,6,0,13,12,20304240,3667,20580,3,5550
697,6,0,14,11,20327460,3667,20580,3,5556
698,5,0,12,13,20363760,3669,20580,3,5561
699,10,0,17,8,20379120,3669,20580,3,5571
700,6,0,15,10,20410500,3669,20580,3,5577
701,7,0,14,11,20448000,3671,20580,3,5584
702,13,0,17,8,20468700,3668,20580,3,5597
703,6,0,13,12,20506800,3668,20580,3,5603
704,9,0,16,9,20522100,3667,20580,3,5612
705,9,0,13,12,20568000,3667,20580,3,5621
706,3,0,11,14,20597760,3669,20580,3,5624
707,7,0,14,11,20608500,3668,20580,3,5631
708,6,0,16,9,20619960,3668,20580,3,5637
709,18,0,22,3,20661600,3667,20580,3,5655
710,10,0,17,8,20703720,3665,20580,3,5665
711,7,0,17,8,20728860,3665,20580,3,5672
712,3,0,13,12,20778000,3669,20580,3,5675
713,8,0,11,14,20815320,3669,20580,3,5683
714,7,0,11,14,20837400,3669,20580,3,5690
715,9,0,13,12,20856540,3668,20580,3,5699
716,13,0,16,9,20883120,3666,20580,3,5712
717,12,0,19,6,20924700,3667,20580,3,5724
718,5,0,15,10,20958720,3667,20580,3,5729
719,7,0,13,12,20995740,3668,20580,3,5736
720,10,0,14,11,21019500,3667,20580,3,5746
721,5,0,10,15,21044760,3665,20580,3,5751
722,4,0,11,14,21059460,3666,20580,3,5755
723,8,0,15,10,21073500,3666,20580,3,5763
724,8,0,12,13,21107100,3665,20580,3,5771
725,7,0,15,10,21120180,3664,20580,3,5778
726,11,0,14,11,21156960,3663,20580,3,5789
727,10,0,17,8,21171660,3661,20580,3,5799
728,12,0,18,7,21200520,3659,20580,3,5811
729,9,0,15,10,21233160,3657,20580,3,5820
730,6,0,13,12,21262380,3657,20580,3,5826
731,6,0,14,11,21281340,3657,20580,3,5832
732,11,0,18,7,21294180,3655,20580,3,5843
733,9,0,16,9,21338580,3656,20580,3,5852
734,12,0,19,6,21368400,3655,20580,3,5864
735,9,0,14,11,21406680,3653,20580,3,5873
736,8,0,12,13,21442620,3653,20580,3,5881
737,9,0,17,8,21447660,3651,20580,3,5890
738,7,0,16,9,21470640,3650,20580,3,5897
739,9,0,15,10,21515520,3652,20580,3,5906
740,7,0,16,9,21537840,3652,20580,3,5913
741,4,0,10,15,21567900,3651,20580,3,5917
742,6,0,12,13,21585780,3651,20580,3,5923
743,6,0,11,14,21604680,3650,20580,3,5929
744,6,0,14,11,21610020,3649,20580,3,5935
745,6,0,12,13,21631920,3648,20580,3,5941
746,3,0,12,13,21647640,3649,20580,3,5944
747,12,0,16,9,21672420,3648,20580,3,5956
748,4,0,14,11,21688740,3647,20580,3,5960
749,6,0,12,13,21724500,3648,20580,3,5966
750,3,0,13,12,21729840,3648,20580,3,5969
751,4,0,11,14,21742320,3646,20580,3,5973
752,7,0,14,11,21771000,3649,20580,3,5980
753,16,0,21,4,21802800,3649,20580,3,5996
754,10,0,18,7,21841380,3647,20580,3,6006
755,5,0,16,9,21880260,3649,20580,3,6011
756,12,0,20,5,21919320,3651,20580,3,6023
757,8,0,18,7,21959820,3652,20580,3,6031
758,12,0,19,6,22009080,3653,20580,3,6043
759,7,0,14,11,22048020,3652,20580,3,6050
760,5,0,10,15,22080300,3652,20580,3,6055
761,6,0,13,12,22088400,3652,20580,3,6061
762,8,0,14,11,22108920,3651,20580,3,6069
763,5,0,11,14,22137960,3651,20580,3,6074
764,8,0,14,11,22149840,3650,20580,3,6082
765,5,0,13,12,22167060,3649,20580,3,6087
766,3,0,14,11,22173960,3649,20580,3,6090
767,5,0,11,14,22217160,3651,20580,3,6095
768,2,0,11,14,22226460,3652,20580,3,6097
769,5,0,11,14,22246680,3652,20580,3,6102
770,4,0,13,12,22254780,3652,20580,3,6106
771,4,0,12,13,22276260,3653,20580,3,6110
772,7,0,14,11,22292580,3652,20580,3,6117
773,7,0,16,9,22299060,3650,20580,3,6124
774,15,0,20,5,22339260,3650,20580,3,6139
775,7,0,17,8,22377180,3651,20580,3,6146
776,5,0,14,11,22417260,3652,20580,3,6151
777,8,0,18,7,22435620,3653,20580,3,6159
778,9,0,18,7,22469640,3653,20580,3,6168
779,18,0,25,0,22508040,3653,20760,3,6186
780,15,0,25,0,22564740,3653,21240,3,6201
781,12,0,21,4,22626840,3654,21240,3,6213
782,10,0,17,8,22679280,3654,21240,3,6223
783,9,0,17,8,22710660,3654,21240,3,6232
784,3,0,12,13,22758060,3657,21240,3,6235
785,6,0,12,13,22788600,3658,21240,3,6241
786,6,0,12,13,22812780,3658,21240,3,6247
787,7,0,12,13,22831560,3657,21240,3,6254
788,6,0,12,13,22845300,3656,21240,3,6260
789,6,0,12,13,22867680,3656,21240,3,6266
790,6,0,12,13,22890900,3656,21240,3,6272
791,7,0,15,10,22903440,3656,21240,3,6279
792,5,0,9,16,22933440,3654,21240,3,6284
793,2,0,9,16,22937340,3654,21240,3,6286
794,7,0,14,11,22942560,3653,21240,3,6293
795,8,0,15,10,22956960,3652,21240,3,6301
796,7,0,14,11,22991700,3652,21240,3,6308
797,4,0,13,12,23005440,3652,21240,3,6312
798,12,0,17,8,23044500,3653,21240,3,6324
799,7,0,15,10,23076960,3653,21240,3,6331
800,7,0,13,12,23108280,3653,21240,3,6338
801,8,0,14,11,23130120,3652,21240,3,6346
802,12,0,17,8,23158380,3652,21240,3,6358
803,16,5,19,6,23191380,3652,21780,3,6374
804,13,16,13,12,23225940,3653,23460,3,6387
805,12,24,14,11,23251140,3655,36060,5,6399
806,7,23,20,5,23269200,3656,78840,12,6406
807,15,21,25,0,23329260,3659,130740,20,6421
808,11,19,24,1,23399460,3662,171300,26,6432
809,12,17,25,0,23457180,3664,246780,38,6444
810,8,0,18,7,23529420,3657,474300,73,6452
811,7,0,12,13,23578860,3657,474300,73,6459
812,6,0,11,14,23587080,3654,474300,73,6465
813,7,0,12,13,23596500,3652,474300,73,6472
814,5,0,11,14,23607780,3651,474300,73,6477
815,3,0,10,15,23624940,3651,474300,73,6480
816,3,0,10,15,23639520,3652,474300,73,6483
817,7,0,13,12,23647920,3651,474300,73,6490
818,6,0,13,12,23673660,3651,474300,73,6496
819,7,0,15,10,23695380,3652,474300,72,6503
820,1,0,8,17,23728080,3652,474300,72,6504
821,7,0,10,15,23740200,3651,474300,72,6511
822,7,0,14,11,23744520,3650,474300,72,6518
823,10,0,14,11,23769180,3648,474300,72,6528
824,7,0,14,11,23794500,3648,474300,72,6535
825,6,0,16,9,23813520,3649,474300,72,6541
826,6,0,15,10,23845200,3650,474300,72,6547
827,9,0,16,9,23877240,3650,474300,72,6556
828,15,0,19,6,23915340,3650,474300,72,6571
829,18,0,23,2,23951460,3647,474300,71,6589
830,14,0,21,4,24003840,3646,474300,71,6603
831,12,0,21,4,24042540,3646,474300,71,6615
832,7,0,16,9,24086640,3646,474300,71,6622
833,12,0,15,10,24129300,3645,474300,71,6634
834,8,0,17,8,24141720,3644,474300,71,6642
835,4,0,13,12,24173460,3644,474300,71,6646
836,8,0,14,11,24212280,3646,474300,71,6654
837,6,0,14,11,24226140,3645,474300,71,6660
838,9,0,14,11,24257700,3645,474300,71,6669
839,3,0,12,13,24280080,3645,474300,71,6672
840,4,0,11,14,24297960,3645,474300,71,6676
841,3,0,10,15,24312960,3645,474300,71,6679
842,5,0,10,15,24333660,3646,474300,70,6684
843,6,0,14,11,24339960,3645,474300,70,6690
844,6,0,11,14,24362700,3644,474300,70,6696
845,5,0,11,14,24375900,3643,474300,70,6701
846,4,0,11,14,24392220,3643,474300,70,6705
847,7,0,15,10,24399000,3643,474300,70,6712
848,12,1,23,2,24409500,3643,474300,70,6724
849,9,7,15,10,24452820,3643,478680,71,6733
850,9,4,22,3,24495420,3647,501720,74,6742
851,14,0,24,1,24527700,3643,520800,77,6756
852,10,0,20,5,24593700,3645,520800,76,6766
853,15,0,24,1,24639480,3646,520800,76,6781
854,14,0,20,5,24696300,3645,520800,76,6795
855,5,0,13,12,24750540,3646,520800,76,6800
856,7,0,14,11,24773520,3646,520800,76,6807
857,12,0,22,3,24786900,3646,520800,76,6819
858,6,0,18,7,24828000,3647,520800,76,6825
859,10,0,18,7,24868980,3648,520800,76,6835
860,5,0,14,11,24911940,3649,520800,76,6840
861,8,0,17,8,24933300,3650,520800,76,6848
862,5,0,15,10,24960900,3650,520800,75,6853
863,7,0,11,14,24993960,3649,520800,75,6860
864,3,0,14,11,24993960,3649,520800,75,6863
865,5,0,12,13,25035960,3651,520800,75,6868
866,4,0,11,14,25050180,3651,520800,75,6872
867,6,0,12,13,25071000,3651,520800,75,6878
868,3,0,11,14,25084080,3651,520800,75,6881
869,7,0,11,14,25103760,3650,520800,75,6888
870,10,0,14,11,25113300,3648,520800,75,6898
871,8,0,15,10,25133820,3647,520800,75,6906
872,4,0,12,13,25157820,3647,520800,75,6910
873,4,0,11,14,25178220,3647,520800,75,6914
874,10,0,15,10,25187520,3645,520800,75,6924
875,9,0,18,7,25202940,3644,520800,75,6933
876,13,0,22,3,25227240,3643,520800,74,6946
877,17,0,20,5,25274880,3640,520980,74,6963
878,9,0,20,5,25307340,3640,520980,74,6972
879,7,0,17,8,25353720,3641,520980,74,6979
880,8,0,16,9,25390320,3642,520980,74,6987
881,10,0,18,7,25420740,3642,520980,74,6997
882,9,0,13,12,25464840,3641,520980,74,7006
883,12,0,14,11,25502400,3641,520980,74,7018
884,7,0,14,11,25521120,3640,520980,74,7025
885,5,0,14,11,25545360,3641,520980,74,7030
886,14,0,19,6,25571700,3640,520980,73,7044
887,4,0,12,13,25612020,3640,520980,73,7048
888,5,0,10,15,25641420,3640,520980,73,7053
889,6,0,11,14,25663620,3641,520980,73,7059
890,7,0,13,12,25680600,3641,520980,73,7066
891,1,0,11,14,25690980,3641,520980,73,7067
892,3,0,9,16,25709520,3641,520980,73,7070
893,9,0,15,10,25720200,3641,520980,73,7079
894,4,0,16,9,25733520,3641,520980,73,7083
895,10,0,20,5,25762680,3642,520980,73,7093
896,11,0,18,7,25805940,3641,521160,73,7104
897,13,9,16,9,25841460,3643,522060,73,7117
898,8,9,18,7,25882740,3646,542760,76,7125
899,7,4,25,0,25909260,3647,568200,79,7132
900,7,0,14,11,25974120,3645,594960,83,7139
901,9,0,16,9,26013000,3647,594960,83,7148
902,9,0,19,6,26028540,3646,594960,83,7157
903,12,0,15,10,26089080,3646,594960,82,7169
904,3,0,10,15,26113140,3646,594960,82,7172
905,15,0,18,7,26133420,3645,594960,82,7187
906,10,0,15,10,26167140,3643,594960,82,7197
907,8,0,14,11,26188200,3641,594960,82,7205
908,8,0,19,6,26199660,3641,594960,82,7213
909,4,0,13,12,26245380,3643,594960,82,7217
910,8,0,15,10,26273460,3644,594960,82,7225
911,9,0,17,8,26289420,3642,594960,82,7234
912,10,0,14,11,26335200,3642,594960,82,7244
913,6,0,17,8,26343120,3642,594960,82,7250
914,1,0,14,11,26365860,3643,594960,82,7251
915,8,0,12,13,26417640,3645,594960,81,7259
916,6,0,13,12,26425320,3643,594960,81,7265
917,9,0,13,12,26453520,3643,594960,81,7274
918,9,0,14,11,26474760,3642,594960,81,7283
919,6,0,14,11,26505720,3643,594960,81,7289
920,9,0,12,13,26542680,3642,594960,81,7298
921,12,0,18,7,26566560,3643,594960,81,7310
922,14,4,18,7,26595780,3642,595020,81,7324
923,8,0,23,2,26628720,3643,605220,82,7332
924,8,0,18,7,26678820,3643,605220,82,7340
925,10,0,15,10,26718360,3642,605220,82,7350
926,9,0,20,5,26737500,3643,605220,82,7359
927,11,0,17,8,26800440,3644,605220,82,7370
928,9,2,18,7,26825700,3645,606060,82,7379
929,11,0,20,5,26870220,3645,611880,82,7390
930,12,0,19,6,26929740,3647,611880,82,7402
931,4,0,13,12,26971080,3648,611880,82,7406
932,5,0,12,13,26989980,3647,611880,82,7411
933,8,0,10,15,27029880,3648,611880,82,7419
934,7,0,13,12,27036360,3647,611880,82,7426
935,5,0,14,11,27049500,3646,611880,82,7431
936,4,0,15,10,27072840,3648,611880,82,7435
937,3,0,13,12,27093000,3648,611880,82,7438
938,5,0,14,11,27115320,3649,611880,82,7443
939,7,0,13,12,27149640,3650,611880,82,7450
940,7,0,16,9,27169860,3651,611880,82,7457
941,10,0,18,7,27202440,3651,611880,81,7467
942,5,0,16,9,27230580,3652,611880,81,7472
943,6,0,13,12,27268380,3652,611880,81,7478
944,3,0,12,13,27283320,3652,611880,81,7481
945,7,0,10,15,27306420,3651,611880,81,7488
946,11,0,14,11,27323040,3650,611880,81,7499
947,11,0,18,7,27341100,3649,611880,81,7510
948,16,0,23,2,27378000,3648,611880,81,7526
949,9,0,14,11,27432780,3647,611880,81,7535
950,9,0,13,12,27476820,3648,611880,81,7544
951,14,0,18,7,27499200,3647,611880,80,7558
952,8,0,14,11,27541380,3646,611880,80,7566
953,8,0,15,10,27570960,3647,611880,80,7574
954,11,0,19,6,27596460,3647,611880,80,7585
955,11,0,15,10,27643500,3646,611880,80,7596
956,5,0,11,14,27674880,3646,611880,80,7601
957,8,0,15,10,27692220,3646,611880,80,7609
958,5,0,14,11,27714720,3646,611880,80,7614
959,11,0,15,10,27749220,3646,611880,80,7625
960,9,0,14,11,27779520,3645,611880,80,7634
961,0,0,9,16,27798480,3645,611880,80,7634
962,7,0,11,14,27816180,3645,611880,80,7641
963,8,0,13,12,27829380,3644,611880,79,7649
964,2,0,11,14,27844500,3644,611880,79,7651
965,5,0,12,13,27863460,3645,611880,79,7656
966,6,0,14,11,27874320,3644,611880,79,7662
967,6,0,14,11,27893100,3644,611880,79,7668
968,8,0,17,8,27926100,3646,611880,79,7676
969,9,0,16,9,27960660,3645,611880,79,7685
970,8,0,11,14,28011720,3646,611880,79,7693
971,13,0,20,5,28017480,3645,611880,79,7706
972,13,0,21,4,28059720,3645,611880,79,7719
973,10,0,18,7,28102800,3644,611880,79,7729
974,11,0,14,11,28160520,3644,611880,79,7740
975,8,0,17,8,28178220,3644,611880,78,7748
976,10,0,16,9,28215480,3644,611880,78,7758
977,9,0,15,10,28247940,3643,611880,78,7767
978,10,0,19,6,28269180,3643,611880,78,7777
979,8,0,15,10,28307700,3643,611880,78,7785
980,10,0,17,8,28345860,3644,611880,78,7795
981,4,0,12,13,28372860,3643,611880,78,7799
982,6,0,12,13,28401840,3644,611880,78,7805
983,1,0,10,15,28413180,3644,611880,78,7806
984,2,0,11,14,28420860,3645,611880,78,7808
985,4,0,13,12,28430520,3645,611880,78,7812
986,8,0,14,11,28458240,3645,611880,78,7820
987,6,0,11,14,28487820,3645,611880,78,7826
988,2,0,12,13,28495560,3645,611880,78,7828
989,5,0,12,13,28517700,3646,611880,78,7833
990,6,0,14,11,28542420,3647,611880,78,7839
991,10,0,18,7,28558080,3646,611880,77,7849
992,11,0,18,7,28610940,3648,611880,77,7860
993,12,0,21,4,28664460,3651,611880,77,7872
994,13,0,22,3,28705680,3650,611880,77,7885
995,10,0,18,7,28750620,3649,611880,77,7895
996,9,0,12,13,28812300,3650,611880,77,7904
997,10,0,15,10,28826940,3649,611880,77,7914
998,5,0,13,12,28851240,3649,611880,77,7919
999,11,0,15,10,28880160,3648,611880,77,7930
1000,6,0,15,10,28897800,3648,611880,77,7936
1001,9,0,18,7,28914480,3647,611880,77,7945
1002,8,0,16,9,28958580,3648,611880,76,7953
1003,10,0,16,9,29007660,3650,611880,76,7963
1004,9,0,17,8,29029980,3649,611880,76,7972
1005,6,0,15,10,29060160,3649,611880,76,7978
1006,2,0,13,12,29089500,3651,611880,76,7980
1007,4,0,12,13,29116740,3652,611880,76,7984
1008,7,0,13,12,29148840,3653,611880,76,7991
1009,6,0,14,11,29161020,3652,611880,76,7997
1010,6,0,12,13,29187000,3652,611880,76,8003
1011,6,0,15,10,29197140,3652,611880,76,8009
1012,5,0,13,12,29228640,3653,611880,76,8014
1013,6,0,14,11,29243520,3652,611880,76,8020
1014,7,0,13,12,29264220,3651,611880,76,8027
1015,10,0,15,10,29288820,3651,611880,76,8037
1016,7,0,13,12,29307420,3649,611880,76,8044
1017,5,0,12,13,29332680,3649,611880,76,8049
1018,9,0,15,10,29345340,3648,611880,75,8058
1019,7,0,15,10,29385000,3650,611880,75,8065
1020,9,0,14,11,29427480,3651,611880,75,8074
1021,13,0,18,7,29441460,3648,611880,75,8087
1022,16,0,20,5,29477460,3646,611880,75,8103
1023,14,0,20,5,29521920,3646,611880,75,8117
1024,11,0,15,10,29564700,3644,611880,75,8128
1025,9,0,18,7,29590320,3644,611880,75,8137
1026,6,0,12,13,29635260,3644,611880,75,8143
1027,8,0,13,12,29661420,3644,611880,75,8151
1028,6,0,13,12,29676180,3643,611880,75,8157
1029,9,0,12,13,29699040,3642,611880,74,8166
1030,5,0,12,13,29721360,3642,611880,74,8171
1031,7,0,12,13,29736000,3641,611880,74,8178
1032,6,0,13,12,29750700,3641,611880,74,8184
1033,3,0,10,15,29774220,3641,611880,74,8187
1034,6,0,14,11,29784540,3641,611880,74,8193
1035,5,0,11,14,29806560,3640,611880,74,8198
1036,11,0,18,7,29820000,3640,611880,74,8209
1037,8,0,16,9,29854800,3640,611880,74,8217
1038,3,0,10,15,29883600,3639,611880,74,8220
1039,10,0,14,11,29906160,3639,611880,74,8230
1040,3,0,11,14,29924820,3639,611880,74,8233
1041,6,0,13,12,29935320,3639,611880,74,8239
1042,7,0,16,9,29951520,3639,611880,74,8246
1043,7,0,12,13,29979480,3637,611880,74,8253
1044,13,0,19,6,29996940,3637,611880,74,8266
1045,13,0,23,2,30035580,3638,614280,74,8279
1046,15,3,17,8,30102600,3638,617040,74,8294
1047,4,0,18,7,30134160,3639,622440,75,8298
1048,14,0,17,8,30190740,3639,622440,74,8312
1049,7,0,15,10,30223560,3639,622440,74,8319
1050,7,0,11,14,30265680,3639,622440,74,8326
1051,9,0,15,10,30283440,3639,622440,74,8335
1052,3,0,11,14,30306480,3639,622440,74,8338
1053,10,0,14,11,30325140,3638,622440,74,8348
1054,8,0,15,10,30347640,3638,622440,74,8356
1055,4,0,13,12,30364800,3637,622440,74,8360
1056,7,0,13,12,30389100,3637,622440,74,8367
1057,6,0,17,8,30395160,3637,622440,74,8373
1058,7,0,15,10,30432780,3638,622440,74,8380
1059,3,0,13,12,30464640,3639,622440,74,8383
1060,6,0,14,11,30489480,3640,622440,74,8389
1061,6,0,17,8,30502920,3640,622440,74,8395
1062,6,0,17,8,30532200,3641,622440,74,8401
1063,9,0,15,10,30578520,3642,622440,74,8410
1064,9,0,18,7,30593940,3641,622440,73,8419
1065,9,0,17,8,30635280,3642,622440,73,8428
1066,8,0,16,9,30672960,3642,622440,73,8436
1067,13,0,24,1,30693780,3643,622440,73,8449
1068,13,0,20,5,30758700,3643,622440,73,8462
1069,11,0,16,9,30808140,3642,622440,73,8473
1070,17,0,23,2,30841200,3642,622440,73,8490
1071,10,0,20,5,30891420,3642,622440,73,8500
1072,11,4,19,6,30925680,3643,625260,73,8511
1073,5,0,18,7,30968760,3644,633180,74,8516
1074,13,0,20,5,31013100,3644,633180,74,8529
1075,8,0,17,8,31048860,3644,633180,74,8537
1076,9,0,16,9,31085100,3644,633180,74,8546
1077,4,0,12,13,31116060,3644,633180,74,8550
1078,6,0,14,11,31128480,3644,633180,74,8556
1079,8,0,17,8,31141740,3643,633180,73,8564
1080,6,0,14,11,31180080,3644,633180,73,8570
1081,5,0,12,13,31205040,3644,633180,73,8575
1082,6,0,13,12,31226460,3644,633180,73,8581
1083,4,0,11,14,31246140,3644,633180,73,8585
1084,6,0,13,12,31260660,3644,633180,73,8591
1085,4,0,12,13,31284960,3644,633180,73,8595
1086,6,0,13,12,31299720,3644,633180,73,8601
1087,4,0,12,13,31319640,3644,633180,73,8605
1088,6,0,12,13,31338780,3644,633180,73,8611
1089,8,0,13,12,31359360,3643,633180,73,8619
1090,11,0,15,10,31378920,3642,633180,73,8630
1091,14,0,22,3,31394460,3641,633180,73,8644
1092,9,0,17,8,31441860,3640,633180,73,8653
1093,12,0,17,8,31472880,3639,633180,73,8665
1094,12,0,16,9,31514640,3638,633180,72,8677
1095,7,0,14,11,31546320,3638,633180,72,8684
1096,13,0,18,7,31575480,3638,633180,72,8697
1097,11,0,16,9,31623180,3638,633180,72,8708
1098,8,0,13,12,31658520,3637,633180,72,8716
1099,8,0,15,10,31665780,3635,633180,72,8724
1100,6,0,15,10,31691400,3636,633180,72,8730
1101,9,0,17,8,31711380,3635,633180,72,8739
1102,6,0,13,12,31751160,3636,633180,72,8745
1103,6,0,12,13,31766940,3635,633180,72,8751
1104,5,0,12,13,31784280,3634,633180,72,8756
1105,9,0,16,9,31807200,3635,633180,72,8765
1106,2,0,14,11,31824420,3635,633180,72,8767
1107,7,0,16,9,31851960,3636,633180,72,8774
1108,4,0,14,11,31874580,3636,633180,72,8778
1109,3,0,11,14,31899960,3637,633180,72,8781
1110,6,0,11,14,31928160,3638,633180,72,8787
1111,5,0,12,13,31934880,3637,633180,72,8792
1112,8,0,15,10,31953660,3637,633180,71,8800
1113,8,0,14,11,31971840,3635,633180,71,8808
1114,7,0,13,12,32002200,3635,633180,71,8815
1115,9,0,17,8,32020380,3635,633180,71,8824
1116,6,0,13,12,32047560,3634,633180,71,8830
1117,10,0,14,11,32078880,3634,633180,71,8840
1118,12,0,18,7,32099640,3633,633180,71,8852
1119,6,0,16,9,32128320,3633,633180,71,8858
1120,12,0,16,9,32169720,3633,633180,71,8870
1121,8,0,16,9,32196720,3633,633180,71,8878
1122,9,0,19,6,32225400,3633,633180,71,8887
1123,9,0,18,7,32266020,3634,633180,71,8896
1124,7,0,16,9,32298960,3634,633180,71,8903
1125,11,0,19,6,32346120,3636,636000,71,8914
1126,6,0,18,7,32370120,3636,636000,71,8920
1127,5,0,11,14,32428860,3637,636000,71,8925
1128,5,0,9,16,32453460,3637,636000,71,8930
1129,8,0,12,13,32464800,3637,636000,71,8938
1130,6,0,14,11,32475660,3636,636000,71,8944
1131,4,0,11,14,32501100,3636,636000,71,8948
1132,10,0,17,8,32515680,3636,636000,70,8958
1133,5,0,15,10,32549760,3637,636000,70,8963
1134,5,0,11,14,32582520,3637,636000,70,8968
1135,5,0,12,13,32607720,3638,636000,70,8973
1136,4,0,12,13,32623140,3638,636000,70,8977
1137,5,0,12,13,32643840,3639,636000,70,8982
1138,11,0,17,8,32650620,3637,636000,70,8993
1139,11,0,17,8,32686140,3637,636000,70,9004
1140,11,0,18,7,32721900,3636,636000,70,9015
1141,6,0,17,8,32757180,3638,636000,70,9021
1142,10,0,15,10,32811240,3639,636000,70,9031
1143,10,0,18,7,32839560,3639,636000,70,9041
1144,6,0,15,10,32878140,3640,636000,70,9047
1145,9,0,19,6,32896140,3640,636000,70,9056
1146,8,0,17,8,32938980,3640,636000,70,9064
1147,8,1,16,9,32973300,3641,636420,70,9072
1148,8,0,18,7,33005040,3642,637680,70,9080
1149,3,0,11,14,33043020,3642,637680,70,9083
1150,6,0,11,14,33065820,3642,637680,70,9089
1151,4,0,11,14,33075000,3641,637680,70,9093
1152,5,0,13,12,33087060,3641,637680,70,9098
1153,7,0,12,13,33111600,3641,637680,70,9105
1154,4,0,9,16,33128640,3640,637680,70,9109
1155,3,0,9,16,33140640,3640,637680,69,9112
1156,2,0,10,15,33143520,3640,637680,69,9114
1157,5,0,9,16,33164460,3640,637680,69,9119
1158,9,0,17,8,33170400,3640,637680,69,9128
1159,13,0,19,6,33197460,3639,637680,69,9141
1160,8,0,18,7,33229860,3639,637680,69,9149
1161,9,0,18,7,33271140,3640,637680,69,9158
1162,15,0,19,6,33317520,3639,637680,69,9173
1163,11,0,15,10,33369000,3639,637680,69,9184
1164,15,0,21,4,33396540,3638,637680,69,9199
1165,15,0,23,2,33431880,3637,638280,69,9214
1166,14,3,20,5,33492180,3638,641160,69,9228
1167,6,0,17,8,33551340,3640,649260,70,9234
1168,9,0,15,10,33595200,3640,649260,70,9243
1169,8,0,13,12,33628980,3640,649260,70,9251
1170,9,0,16,9,33651540,3640,649260,70,9260
1171,8,0,14,11,33679560,3639,649260,70,9268
1172,8,0,16,9,33713640,3640,649260,69,9276
1173,9,0,18,7,33735960,3640,649260,69,9285
1174,7,0,16,9,33760980,3639,649260,69,9292
1175,3,0,11,14,33802500,3640,649260,69,9295
1176,3,0,11,14,33821760,3641,649260,69,9298
1177,3,0,11,14,33835740,3642,649260,69,9301
1178,8,0,16,9,33844680,3641,649260,69,9309
1179,9,0,15,10,33876180,3641,649260,69,9318
1180,3,0,13,12,33896340,3641,649260,69,9321
1181,7,0,14,11,33923760,3642,649260,69,9328
1182,4,0,10,15,33939780,3640,649260,69,9332
1183,8,0,13,12,33957420,3640,649260,69,9340
1184,12,0,17,8,33971820,3639,649260,69,9352
1185,10,0,20,5,33997320,3639,649260,69,9362
1186,8,0,18,7,34045860,3640,649260,69,9370
1187,11,0,16,9,34103640,3641,649260,69,9381
1188,11,0,19,6,34137840,3642,649260,69,9392
1189,12,0,17,8,34189980,3642,649260,69,9404
1190,10,0,18,7,34224000,3642,649260,68,9414
1191,8,0,20,5,34242360,3642,649260,68,9422
1192,8,0,18,7,34300200,3644,649260,68,9430
1193,9,0,18,7,34351500,3646,649260,68,9439
1194,5,0,13,12,34383540,3645,649260,68,9444
1195,9,0,15,10,34410600,3645,649260,68,9453
1196,6,0,16,9,34436220,3646,650820,68,9459
1197,4,0,13,12,34472880,3647,650820,68,9463
1198,3,0,11,14,34506360,3649,650820,68,9466
1199,10,0,16,9,34512780,3648,650820,68,9476
1200,2,0,9,16,34560840,3649,650820,68,9478
1201,6,0,13,12,34567080,3649,650820,68,9484
1202,1,0,10,15,34580220,3649,650820,68,9485
1203,1,0,11,14,34580220,3649,650820,68,9486
1204,6,0,11,14,34606980,3650,650820,68,9492
1205,9,0,13,12,34620360,3648,650820,68,9501
1206,4,0,13,12,34631340,3648,650820,68,9505
1207,3,0,10,15,34657440,3648,650820,68,9508
1208,9,0,14,11,34673100,3648,650820,68,9517
1209,4,0,13,12,34696260,3649,650820,68,9521
1210,9,0,14,11,34719900,3648,650820,68,9530
1211,11,0,17,8,34741860,3647,650820,68,9541
1212,8,0,19,6,34764300,3647,650820,68,9549
1213,12,0,20,5,34804920,3647,650820,68,9561
1214,23,7,25,0,34849200,3648,652860,68,9584
1215,14,18,17,8,34903620,3649,657840,68,9598
1216,13,25,18,7,34938420,3651,671340,69,9611
1217,9,18,25,0,34983720,3652,732840,76,9620
1218,5,0,11,14,35072520,3648,898740,93,9625
1219,6,0,12,13,35094000,3648,898740,93,9631
1220,9,0,18,7,35102220,3648,898740,93,9640
1221,10,3,16,9,35132160,3647,899220,93,9650
1222,10,11,14,11,35158320,3649,905640,93,9660
1223,12,11,22,3,35186940,3650,926040,95,9672
1224,2,0,13,12,35248200,3648,983820,101,9674
1225,10,0,16,9,35276940,3648,983820,101,9684
1226,4,0,15,10,35300520,3649,983820,101,9688
1227,7,0,14,11,35335140,3649,983820,101,9695
1228,7,0,15,10,35351100,3649,983820,101,9702
1229,7,0,17,8,35364120,3648,983820,101,9709
1230,6,0,14,11,35414880,3650,983820,101,9715
1231,9,0,18,7,35433660,3650,983820,101,9724
1232,8,0,16,9,35478660,3651,983820,101,9732
1233,14,0,19,6,35509080,3650,983820,100,9746
1234,16,0,23,2,35549700,3650,983820,100,9762
1235,12,0,18,7,35617800,3650,983820,100,9774
1236,10,0,17,8,35660760,3651,983820,100,9784
1237,10,0,17,8,35682180,3649,983820,100,9794
1238,13,0,21,4,35724360,3650,983820,100,9807
1239,14,7,18,7,35753040,3649,983940,100,9821
1240,6,5,21,4,35784360,3651,1004340,102,9827
1241,10,0,19,6,35851500,3651,1022820,103,9837
1242,21,16,15,10,35888400,3652,1022940,103,9858
1243,7,15,16,9,35943840,3655,1045140,105,9865
1244,8,9,24,1,35971260,3655,1113660,112,9873
1245,7,0,21,4,36038460,3655,1180800,119,9880
1246,7,0,16,9,36066600,3653,1180800,119,9887
1247,8,0,14,11,36113280,3654,1180800,119,9895
1248,6,0,15,10,36122580,3653,1180800,119,9901
1249,4,0,10,15,36158460,3654,1180800,119,9905
1250,5,0,11,14,36174720,3654,1180800,119,9910
1251,10,0,16,9,36187980,3653,1180800,119,9920
1252,4,0,14,11,36213120,3654,1180800,118,9924
1253,5,0,11,14,36236280,3653,1180800,118,9929
1254,5,0,11,14,36252900,3653,1180800,118,9934
1255,5,0,13,12,36269100,3653,1180800,118,9939
1256,8,0,15,10,36287280,3653,1180800,118,9947
1257,8,0,18,7,36299820,3652,1180800,118,9955
1258,14,0,17,8,36359700,3653,1180800,118,9969
1259,10,0,18,7,36390240,3653,1180800,118,9979
1260,12,0,19,6,36431220,3653,1180800,118,9991
1261,21,0,24,1,36486120,3652,1180860,117,10012
1262,8,0,16,9,36533880,3651,1180860,117,10020
1263,9,0,15,10,36577500,3652,1180860,117,10029
1264,15,0,18,7,36608880,3651,1180860,117,10044
1265,9,0,16,9,36646800,3651,1180860,117,10053
1266,7,0,19,6,36654540,3650,1180860,117,10060
1267,12,1,19,6,36697440,3650,1180860,117,10072
1268,7,0,17,8,36746700,3652,1183860,117,10079
1269,6,0,16,9,36783120,3653,1183860,117,10085
1270,11,0,11,14,36828660,3651,1183860,117,10096
1271,7,0,13,12,36834180,3650,1183860,117,10103
1272,3,0,10,15,36856860,3650,1183860,117,10106
1273,3,0,10,15,36875220,3651,1183860,117,10109
1274,8,0,14,11,36878580,3650,1183860,117,10117
1275,6,0,13,12,36901620,3650,1183860,116,10123
1276,6,0,12,13,36924000,3649,1183860,116,10129
1277,13,0,20,5,36934320,3648,1183860,116,10142
1278,10,0,21,4,36962220,3648,1183860,116,10152
1279,4,0,17,8,37004700,3649,1183860,116,10156
1280,6,0,16,9,37051260,3651,1183860,116,10162
1281,11,0,18,7,37085100,3651,1183860,116,10173
1282,11,0,16,9,37109880,3649,1183860,116,10184
1283,12,0,18,7,37135140,3648,1183860,116,10196
1284,13,0,22,3,37163100,3648,1183860,115,10209
1285,16,8,17,8,37218000,3648,1188060,116,10225
1286,5,11,14,11,37247280,3649,1194120,116,10230
1287,8,0,20,5,37292040,3649,1258320,122,10238
1288,7,0,16,9,37323540,3648,1258320,122,10245
1289,9,0,14,11,37361520,3648,1258320,122,10254
1290,11,1,16,9,37396560,3649,1258320,122,10265
1291,12,0,19,6,37429500,3648,1259640,122,10277
1292,4,0,16,9,37456860,3648,1259640,122,10281
1293,10,0,20,5,37495860,3650,1259640,122,10291
1294,6,0,16,9,37533120,3650,1259640,122,10297
1295,6,0,17,8,37564140,3651,1259640,122,10303
1296,3,0,12,13,37610640,3653,1259640,122,10306
1297,7,0,12,13,37631940,3653,1259640,122,10313
1298,8,0,16,9,37644300,3653,1259640,122,10321
1299,2,0,8,17,37686420,3653,1259640,122,10323
1300,2,0,8,17,37695900,3653,1259640,121,10325
1301,4,0,10,15,37698600,3653,1259640,121,10329
1302,6,0,11,14,37711980,3652,1259640,121,10335
1303,11,0,15,10,37722060,3651,1259640,121,10346
1304,6,0,14,11,37761180,3652,1259640,121,10352
1305,9,0,17,8,37782480,3652,1259640,121,10361
1306,9,0,16,9,37813800,3652,1259640,121,10370
1307,10,0,16,9,37845000,3651,1259640,121,10380
1308,10,0,19,6,37864200,3650,1259640,121,10390
1309,12,0,20,5,37914420,3651,1259640,121,10402
1310,13,0,20,5,37946160,3650,1259640,120,10415
1311,11,0,24,1,37980120,3651,1259640,120,10426
1312,12,0,19,6,38039880,3651,1259700,120,10438
1313,5,0,14,11,38088540,3652,1259700,120,10443
1314,10,0,13,12,38126400,3651,1259700,120,10453
1315,9,0,15,10,38148420,3651,1259700,120,10462
1316,5,0,13,12,38177880,3651,1259700,120,10467
1317,8,0,15,10,38192580,3651,1259700,120,10475
1318,3,0,11,14,38224800,3651,1259700,120,10478
1319,10,0,11,14,38254320,3651,1259700,120,10488
1320,3,0,9,16,38269560,3650,1259700,120,10491
1321,3,0,11,14,38272680,3650,1259700,120,10494
1322,7,0,14,11,38282040,3650,1259700,119,10501
1323,6,0,15,10,38296020,3650,1259700,119,10507
1324,4,0,13,12,38334240,3651,1259700,119,10511
1325,3,0,9,16,38355240,3651,1259700,119,10514
1326,7,0,15,10,38357340,3650,1259700,119,10521
1327,6,0,16,9,38378580,3651,1259700,119,10527
1328,6,0,12,13,38421240,3651,1259700,119,10533
1329,10,0,17,8,38443200,3652,1259700,119,10543
1330,8,0,14,11,38484360,3652,1259700,119,10551
1331,14,0,20,5,38512380,3652,1259700,119,10565
1332,14,0,23,2,38539500,3650,1259700,119,10579
1333,7,0,15,10,38608500,3652,1259700,118,10586
1334,6,0,16,9,38634360,3653,1259700,118,10592
1335,6,0,11,14,38673360,3652,1259700,118,10598
1336,8,0,13,12,38699820,3653,1259700,118,10606
1337,9,0,14,11,38719140,3652,1259700,118,10615
1338,8,0,18,7,38733540,3652,1259700,118,10623
1339,7,0,13,12,38780820,3652,1259700,118,10630
1340,5,0,12,13,38807760,3653,1259700,118,10635
1341,3,0,10,15,38824620,3653,1259700,118,10638
1342,10,0,14,11,38838360,3652,1259700,118,10648
1343,6,0,13,12,38863020,3652,1259700,118,10654
1344,5,0,12,13,38900100,3653,1259700,118,10659
1345,8,0,19,6,38900820,3653,1259700,118,10667
1346,5,0,16,9,38919060,3652,1259700,118,10672
1347,7,0,17,8,38937660,3652,1259700,117,10679
1348,9,0,21,4,38958840,3652,1259700,117,10688
1349,6,0,18,7,38987040,3651,1259700,117,10694
1350,4,0,17,8,39014520,3652,1259700,117,10698
1351,9,0,18,7,39044520,3652,1259700,117,10707
1352,9,0,21,4,39063660,3652,1259700,117,10716
1353,4,0,20,5,39089580,3653,1259700,117,10720
1354,13,1,25,0,39131760,3654,1259700,117,10733
1355,14,6,22,3,39161880,3653,1260720,117,10747
1356,9,3,25,0,39210480,3654,1274700,118,10756
1357,8,0,22,3,39257160,3654,1284720,119,10764
1358,14,0,24,1,39307440,3655,1284720,119,10778
1359,9,0,18,7,39365400,3655,1284960,119,10787
1360,7,0,16,9,39394380,3655,1284960,119,10794
1361,11,0,21,4,39414300,3654,1284960,118,10805
1362,12,0,25,0,39442380,3654,1290300,119,10817
1363,14,1,25,0,39490560,3654,1290780,119,10831
1364,6,1,25,0,39509280,3654,1295580,119,10837
1365,10,0,21,4,39583140,3656,1296300,119,10847
1366,6,0,21,4,39618120,3657,1296300,119,10853
1367,6,0,17,8,39660660,3658,1296300,119,10859
1368,6,0,19,6,39682980,3658,1296300,119,10865
1369,5,0,13,12,39719700,3658,1296300,119,10870
1370,8,0,17,8,39728400,3657,1296300,119,10878
1371,8,0,21,4,39740520,3657,1296300,119,10886
1372,4,0,14,11,39791940,3658,1296300,119,10890
1373,5,0,16,9,39797220,3658,1296300,118,10895
1374,8,0,19,6,39818220,3658,1296300,118,10903
1375,10,2,22,3,39830520,3657,1296300,118,10913
1376,10,0,25,0,39869700,3658,1300140,119,10923
1377,9,2,22,3,39911580,3658,1310820,119,10932
1378,5,0,16,9,39964020,3659,1314780,120,10937
1379,12,0,22,3,39988260,3659,1314780,120,10949
1380,6,0,17,8,40035300,3660,1314780,120,10955
1381,8,0,21,4,40051260,3660,1314780,119,10963
1382,10,0,25,0,40077660,3660,1316280,119,10973
1383,9,0,23,2,40131240,3661,1317360,119,10982
1384,9,0,19,6,40182960,3662,1317360,119,10991
1385,11,0,22,3,40204440,3661,1317360,119,11002
1386,4,0,16,9,40244100,3661,1317360,119,11006
1387,15,0,22,3,40278780,3662,1317360,119,11021
1388,10,0,18,7,40318500,3660,1317360,119,11031
1389,10,0,20,5,40333980,3659,1317360,119,11041
1390,6,0,19,6,40357980,3659,1317360,119,11047
1391,3,0,13,12,40396080,3660,1317360,119,11050
1392,3,0,13,12,40398660,3659,1317360,119,11053
1393,5,0,18,7,40398660,3659,1317360,119,11058
1394,5,0,18,7,40420500,3659,1317360,119,11063
1395,7,0,17,8,40456740,3660,1317360,119,11070
1396,5,0,16,9,40470480,3659,1317360,118,11075
1397,3,0,18,7,40473600,3659,1317360,118,11078
1398,6,0,17,8,40515000,3660,1317360,118,11084
1399,6,0,14,11,40542600,3660,1317360,118,11090
1400,7,0,12,13,40560960,3659,1317360,118,11097
1401,8,0,13,12,40569360,3657,1317360,118,11105
1402,15,0,23,2,40577940,3656,1317360,118,11120
1403,16,0,23,2,40614480,3654,1317840,118,11136
1404,8,0,20,5,40649160,3654,1317960,118,11144
1405,12,0,22,3,40686360,3654,1317960,118,11156
1406,12,0,20,5,40734660,3653,1317960,118,11168
1407,10,0,24,1,40763340,3654,1317960,117,11178
1408,11,0,21,4,40801620,3653,1317960,117,11189
1409,10,0,22,3,40829160,3652,1317960,117,11199
1410,15,0,24,1,40861020,3651,1317960,117,11214
1411,7,0,20,5,40913100,3652,1318080,117,11221
1412,4,0,18,7,40940880,3653,1318080,117,11225
1413,6,0,17,8,40969560,3653,1318080,117,11231
1414,5,0,15,10,40997820,3653,1318080,117,11236
1415,6,0,15,10,41019000,3653,1318080,117,11242
1416,3,0,17,8,41024160,3653,1318080,117,11245
1417,5,0,13,12,41052240,3653,1318080,117,11250
1418,4,0,15,10,41062080,3653,1318080,117,11254
1419,5,0,16,9,41073720,3653,1318080,117,11259
1420,3,0,14,11,41096520,3653,1318080,117,11262
1421,3,0,15,10,41103480,3653,1318080,117,11265
1422,7,0,19,6,41120760,3654,1318080,116,11272
1423,7,0,18,7,41144940,3653,1318080,116,11279
1424,6,0,17,8,41160780,3652,1318080,116,11285
1425,5,0,17,8,41186880,3653,1318080,116,11290
1426,12,0,25,0,41208780,3654,1318200,116,11302
1427,9,0,21,4,41253300,3653,1318680,116,11311
1428,6,0,18,7,41298000,3655,1318680,116,11317
1429,10,0,21,4,41323500,3655,1318680,116,11327
1430,13,0,21,4,41366940,3654,1318680,116,11340
1431,12,0,25,0,41396520,3654,1320720,116,11352
1432,10,0,25,0,41443320,3655,1321320,116,11362
1433,11,0,22,3,41492940,3655,1321680,116,11373
1434,14,0,20,5,41543520,3654,1321680,116,11387
1435,9,0,18,7,41578140,3654,1321680,115,11396
1436,5,0,17,8,41603280,3654,1321680,115,11401
1437,10,0,21,4,41622060,3654,1321680,115,11411
1438,5,0,15,10,41662080,3654,1321680,115,11416
1439,8,0,21,4,41670360,3654,1321680,115,11424
1440,3,0,14,11,41702820,3653,1321680,115,11427
1441,3,0,12,13,41720400,3653,1321680,115,11430
1442,7,0,15,10,41725980,3653,1321680,115,11437
1443,5,0,16,9,41736600,3652,1321680,115,11442
1444,6,0,16,9,41757840,3652,1321680,115,11448
1445,7,0,18,7,41775360,3652,1321680,115,11455
1446,7,0,20,5,41792940,3652,1321680,115,11462
1447,6,0,18,7,41837160,3653,1321680,115,11468
1448,10,0,19,6,41861880,3653,1321680,115,11478
1449,15,0,22,3,41903940,3653,1321680,114,11493
1450,11,0,24,1,41923740,3651,1321680,114,11504
1451,9,2,22,3,41965380,3652,1324980,115,11513
1452,6,3,20,5,42000360,3653,1331820,115,11519
1453,10,0,24,1,42029760,3653,1338840,116,11529
1454,12,1,25,0,42077460,3654,1339080,116,11541
1455,10,0,22,3,42125520,3653,1339080,115,11551
1456,12,0,22,3,42167700,3653,1339080,115,11563
1457,14,2,25,0,42209160,3654,1340100,115,11577
1458,8,0,24,1,42249180,3654,1343700,115,11585
1459,9,0,22,3,42284100,3654,1343700,115,11594
1460,8,0,21,4,42328920,3655,1343700,115,11602
1461,7,0,16,9,42370260,3654,1343700,115,11609
1462,8,0,21,4,42388620,3655,1343700,115,11617
1463,2,0,18,7,42421500,3656,1343700,115,11619
1464,3,0,15,10,42459720,3658,1343700,115,11622
1465,3,0,13,12,42477240,3658,1343700,115,11625
1466,4,0,15,10,42481200,3657,1343700,115,11629
1467,4,0,14,11,42493560,3657,1343700,115,11633
1468,5,0,13,12,42504420,3656,1343700,115,11638
1469,4,0,15,10,42518880,3656,1343700,115,11642
1470,14,0,21,4,42528960,3655,1343700,115,11656
1471,10,0,20,5,42564000,3654,1343700,115,11666
1472,7,0,21,4,42584400,3654,1343700,115,11673
1473,10,2,25,0,42614520,3656,1343700,115,11683
1474,13,0,20,5,42693480,3656,1348500,115,11696
1475,17,0,24,1,42728400,3655,1348560,115,11713
1476,6,0,17,8,42775440,3655,1348560,115,11719
1477,10,0,24,1,42786480,3655,1348560,114,11729
1478,12,0,22,3,42833340,3655,1350120,114,11741
1479,10,0,20,5,42879060,3655,1350120,114,11751
1480,6,0,19,6,42905400,3655,1350120,114,11757
1481,11,0,20,5,42941880,3655,1350120,114,11768
1482,8,0,21,4,42965280,3655,1350120,114,11776
1483,5,1,21,4,42985140,3655,1350600,114,11781
1484,10,0,24,1,43031220,3656,1357020,115,11791
1485,3,0,19,6,43067340,3657,1358460,115,11794
1486,8,0,19,6,43089780,3656,1358460,115,11802
1487,5,0,16,9,43140780,3658,1358460,115,11807
1488,6,0,17,8,43161540,3658,1358460,114,11813
1489,6,0,18,7,43171500,3658,1358460,114,11819
1490,3,0,18,7,43187100,3658,1358460,114,11822
1491,3,0,15,10,43216200,3659,1358460,114,11825
1492,4,0,15,10,43243860,3660,1358460,114,11829
1493,7,0,20,5,43246620,3660,1358460,114,11836
1494,10,0,20,5,43285380,3660,1358460,114,11846
1495,3,0,18,7,43299480,3659,1358460,114,11849
1496,6,0,21,4,43315200,3660,1358460,114,11855
1497,8,1,23,2,43337040,3660,1358520,114,11863
1498,7,0,20,5,43398600,3662,1358880,114,11870
1499,11,0,21,4,43442700,3662,1358880,114,11881
1500,8,0,21,4,43470360,3662,1358880,114,11889
1501,14,0,24,1,43517940,3663,1358880,114,11903
1502,8,0,21,4,43556340,3663,1359060,114,11911
1503,7,0,17,8,43605120,3663,1359060,114,11918
1504,15,1,25,0,43618200,3663,1359180,113,11933
1505,8,0,22,3,43654320,3662,1359240,113,11941
1506,7,0,21,4,43690140,3663,1359240,113,11948
1507,10,0,21,4,43728840,3663,1359240,113,11958
1508,3,0,13,12,43759980,3662,1359240,113,11961
1509,8,0,17,8,43783200,3663,1359240,113,11969
1510,7,0,18,7,43800360,3662,1359240,113,11976
1511,8,0,18,7,43817580,3661,1359240,113,11984
1512,3,0,19,6,43823520,3661,1359240,113,11987
1513,6,0,17,8,43869480,3663,1359240,113,11993
1514,4,0,15,10,43888320,3662,1359240,113,11997
1515,8,0,20,5,43903620,3663,1359240,113,12005
1516,8,0,21,4,43935720,3663,1359240,113,12013
1517,6,0,20,5,43959360,3663,1359240,113,12019
1518,7,0,19,6,43995960,3664,1359240,113,12026
1519,10,0,22,3,44017080,3663,1359240,112,12036
1520,9,0,22,3,44045040,3663,1359240,112,12045
1521,8,0,20,5,44087640,3663,1359240,112,12053
1522,7,0,19,6,44120880,3664,1359240,112,12060
1523,7,0,18,7,44151120,3664,1359240,112,12067
1524,15,0,23,2,44191020,3664,1359240,112,12082
1525,6,0,22,3,44210940,3664,1359240,112,12088
1526,6,0,18,7,44255880,3664,1359240,112,12094
1527,12,0,18,7,44299020,3664,1359240,112,12106
1528,8,0,16,9,44317140,3663,1359240,112,12114
1529,16,0,25,0,44335500,3662,1359240,112,12130
1530,10,0,23,2,44368020,3661,1361040,112,12140
1531,10,0,24,1,44413320,3662,1361040,112,12150
1532,3,0,16,9,44468760,3663,1361040,111,12153
1533,2,0,15,10,44486760,3664,1361040,111,12155
1534,8,0,15,10,44514180,3664,1361040,111,12163
1535,5,0,15,10,44535840,3664,1361040,111,12168
1536,2,0,13,12,44552040,3664,1361040,111,12170
1537,6,0,18,7,44558160,3664,1361040,111,12176
1538,3,0,15,10,44572680,3664,1361040,111,12179
1539,7,0,16,9,44592660,3664,1361040,111,12186
1540,5,0,18,7,44603760,3664,1361040,111,12191
1541,6,0,20,5,44626080,3664,1361040,111,12197
1542,3,0,15,10,44661720,3665,1361040,111,12200
1543,8,0,17,8,44686740,3665,1361040,111,12208
1544,16,0,23,2,44706000,3664,1361040,111,12224
1545,9,0,24,1,44742360,3664,1365060,111,12233
1546,17,3,25,0,44787120,3664,1373040,112,12250
1547,9,0,23,2,44835360,3664,1375500,112,12259
1548,15,5,25,0,44878200,3665,1381920,112,12274
1549,6,0,23,2,44925540,3665,1395720,113,12280
1550,9,0,17,8,44985120,3665,1395720,113,12289
1551,8,0,20,5,45001560,3665,1395720,113,12297
1552,7,0,22,3,45018900,3665,1395720,113,12304
1553,5,0,17,8,45061260,3665,1395720,113,12309
1554,4,0,16,9,45077820,3665,1395720,113,12313
1555,10,0,19,6,45101460,3665,1395720,113,12323
1556,4,0,20,5,45112380,3665,1395720,113,12327
1557,10,0,19,6,45159900,3666,1395720,113,12337
1558,3,0,15,10,45179400,3665,1395720,113,12340
1559,6,0,15,10,45210600,3666,1395720,113,12346
1560,9,0,19,6,45220920,3665,1395720,112,12355
1561,2,0,17,8,45234300,3665,1395720,112,12357
1562,4,0,14,11,45269340,3666,1395720,112,12361
1563,6,0,16,9,45286860,3666,1395720,112,12367
1564,6,0,17,8,45300360,3666,1395720,112,12373
1565,10,0,19,6,45323580,3665,1395720,112,12383
1566,10,0,22,3,45339000,3664,1395720,112,12393
1567,6,0,19,6,45379260,3665,1395720,112,12399
1568,7,0,16,9,45405780,3664,1395720,112,12406
1569,5,0,16,9,45432480,3665,1395720,112,12411
1570,7,0,16,9,45449160,3664,1395720,112,12418
1571,8,0,19,6,45461460,3664,1395720,112,12426
1572,6,0,21,4,45480480,3664,1395720,112,12432
1573,10,0,22,3,45522420,3665,1395720,112,12442
1574,9,0,21,4,45557460,3665,1395720,112,12451
1575,5,0,20,5,45588360,3665,1395720,112,12456
1576,14,0,20,5,45638460,3665,1395780,111,12470
1577,10,0,23,2,45666120,3665,1395780,111,12480
1578,7,0,17,8,45718860,3666,1395780,111,12487
1579,4,0,14,11,45759060,3667,1395780,111,12491
1580,5,0,16,9,45763380,3666,1395780,111,12496
1581,5,0,16,9,45783660,3667,1395780,111,12501
1582,5,0,15,10,45799620,3666,1395780,111,12506
1583,4,0,16,9,45817920,3667,1395780,111,12510
1584,2,0,12,13,45841200,3667,1395780,111,12512
1585,7,0,16,9,45852300,3667,1395780,111,12519
1586,4,0,15,10,45863700,3666,1395780,111,12523
1587,4,0,17,8,45879960,3667,1395780,111,12527
1588,8,0,14,11,45911880,3666,1395780,111,12535
1589,2,0,14,11,45917700,3666,1395780,111,12537
1590,2,0,13,12,45928440,3666,1395780,111,12539
1591,12,0,19,6,45942840,3666,1395780,111,12551
1592,8,0,22,3,45958260,3665,1395780,111,12559
1593,4,0,18,7,45995880,3666,1395780,111,12563
1594,13,0,21,4,46029780,3666,1395780,110,12576
1595,11,0,20,5,46079040,3666,1395780,110,12587
1596,9,0,18,7,46122720,3666,1395780,110,12596
1597,10,0,20,5,46150680,3666,1395780,110,12606
1598,18,7,24,1,46179960,3667,1396800,110,12624
1599,9,9,23,2,46221240,3668,1408680,111,12633
1600,11,5,25,0,46275240,3668,1432500,113,12644
1601,10,0,25,0,46318380,3667,1476840,116,12654
1602,6,0,18,7,46367100,3667,1476840,116,12660
1603,3,0,18,7,46381680,3667,1476840,116,12663
1604,13,0,23,2,46412280,3668,1477200,116,12676
1605,4,0,17,8,46452180,3668,1477200,116,12680
1606,6,0,16,9,46467540,3667,1477200,116,12686
1607,9,0,19,6,46504680,3668,1477200,116,12695
1608,5,0,19,6,46520580,3668,1477200,116,12700
1609,5,0,17,8,46544880,3668,1477200,116,12705
1610,2,0,14,11,46574580,3669,1477200,116,12707
1611,4,0,18,7,46574580,3669,1477200,116,12711
1612,6,0,15,10,46610400,3669,1477200,116,12717
1613,6,0,15,10,46639020,3670,1477200,116,12723
1614,5,0,14,11,46660680,3670,1477200,116,12728
1615,11,0,17,8,46680720,3669,1477200,115,12739
1616,10,0,22,3,46692120,3668,1477200,115,12749
1617,9,0,25,0,46717080,3668,1478220,115,12758
1618,11,0,20,5,46785060,3669,1478220,115,12769
1619,3,0,18,7,46806180,3669,1478220,115,12772
1620,8,0,19,6,46835400,3670,1478220,115,12780
1621,13,0,25,0,46868760,3670,1478880,115,12793
1622,9,0,24,1,46911960,3671,1485480,116,12802
1623,12,0,22,3,46960020,3671,1485780,115,12814
1624,10,0,24,1,46999320,3671,1485780,115,12824
1625,6,0,22,3,47034240,3672,1485780,115,12830
1626,6,0,17,8,47076120,3672,1485780,115,12836
1627,7,0,18,7,47095800,3672,1485780,115,12843
1628,4,0,16,9,47123520,3672,1485780,115,12847
1629,7,0,18,7,47136780,3672,1485780,115,12854
1630,14,0,20,5,47159520,3670,1485780,115,12868
1631,4,0,15,10,47191260,3670,1485780,115,12872
1632,2,0,16,9,47195340,3670,1485780,115,12874
1633,5,0,13,12,47222880,3670,1485780,115,12879
1634,8,0,16,9,47233620,3669,1485780,115,12887
1635,8,0,19,6,47247720,3669,1485780,115,12895
1636,8,0,22,3,47257680,3668,1485780,115,12903
1637,8,0,20,5,47310180,3670,1485780,115,12911
1638,5,0,14,11,47350800,3670,1485780,115,12916
1639,6,0,15,10,47361660,3669,1485780,114,12922
1640,7,0,19,6,47377980,3669,1485780,114,12929
1641,10,0,22,3,47395680,3669,1485780,114,12939
1642,5,0,16,9,47448300,3670,1485780,114,12944
1643,9,0,19,6,47468820,3670,1485780,114,12953
1644,8,0,20,5,47495040,3670,1485780,114,12961
1645,4,0,17,8,47527140,3670,1485780,114,12965
1646,11,0,21,4,47554080,3670,1485780,114,12976
1647,8,0,17,8,47596980,3670,1485780,114,12984
1648,10,0,17,8,47618520,3669,1485780,114,12994
1649,10,0,21,4,47636340,3669,1485780,114,13004
1650,7,0,20,5,47660160,3668,1485780,114,13011
1651,10,0,20,5,47702220,3669,1485780,114,13021
1652,2,0,13,12,47739120,3669,1485780,114,13023
1653,3,0,13,12,47749800,3669,1485780,114,13026
1654,9,0,18,7,47753820,3668,1485780,113,13035
1655,7,0,17,8,47781960,3668,1485780,113,13042
1656,5,0,15,10,47807280,3668,1485780,113,13047
1657,7,0,17,8,47823780,3668,1485780,113,13054
1658,5,0,16,9,47844840,3668,1485780,113,13059
1659,5,0,17,8,47867460,3668,1485780,113,13064
1660,3,0,15,10,47890560,3669,1485780,113,13067
1661,7,0,21,4,47893980,3669,1485780,113,13074
1662,7,0,22,3,47917920,3669,1485780,113,13081
1663,9,0,24,1,47964780,3670,1485780,113,13090
1664,8,0,23,2,48010080,3671,1485780,113,13098
1665,6,0,21,4,48047100,3672,1485780,113,13104
1666,11,0,20,5,48095700,3672,1485780,113,13115
1667,11,3,20,5,48115080,3672,1486320,113,13126
1668,12,7,24,1,48139740,3672,1495140,113,13138
1669,16,16,25,0,48179220,3674,1506780,114,13154
1670,8,12,25,0,48232860,3674,1545360,117,13162
1671,9,0,15,10,48304080,3671,1610340,122,13171
1672,13,0,19,6,48314760,3669,1610340,122,13184
1673,6,0,17,8,48345360,3670,1610340,122,13190
1674,7,0,16,9,48364200,3669,1610340,122,13197
1675,11,0,23,2,48380640,3669,1610340,121,13208
1676,11,2,25,0,48407700,3669,1612020,121,13219
1677,3,0,21,4,48444840,3669,1613160,122,13222
1678,10,0,22,3,48489180,3670,1613160,121,13232
1679,6,0,21,4,48524400,3671,1613160,121,13238
1680,8,0,21,4,48562380,3672,1613160,121,13246
1681,7,0,18,7,48601320,3672,1613160,121,13253
1682,6,0,17,8,48622620,3671,1613160,121,13259
1683,7,0,16,9,48654480,3672,1613160,121,13266
1684,4,0,15,10,48671640,3671,1613160,121,13270
1685,6,0,14,11,48687300,3671,1613160,121,13276
1686,9,0,20,5,48693240,3670,1613160,121,13285
1687,7,0,17,8,48722280,3670,1613160,121,13292
1688,7,0,19,6,48743580,3670,1613160,121,13299
1689,9,0,19,6,48761400,3669,1613160,121,13308
1690,9,0,22,3,48790200,3669,1613160,121,13317
1691,12,0,21,4,48829080,3669,1613160,121,13329
1692,9,0,21,4,48868740,3669,1613160,120,13338
1693,10,0,17,8,48908460,3668,1613160,120,13348
1694,10,0,21,4,48929760,3668,1613160,120,13358
1695,9,0,23,2,48952380,3668,1613160,120,13367
1696,9,0,21,4,48998400,3668,1613340,120,13376
1697,5,0,15,10,49029120,3668,1613340,120,13381
1698,10,0,16,9,49066800,3668,1613340,120,13391
1699,8,0,22,3,49073340,3668,1613340,120,13399
1700,7,0,17,8,49115040,3668,1613340,120,13406
1701,5,0,16,9,49141500,3668,1613340,120,13411
1702,9,0,18,7,49160640,3668,1613340,120,13420
1703,7,0,21,4,49175580,3668,1613340,120,13427
1704,4,0,18,7,49201200,3668,1613340,120,13431
1705,4,0,17,8,49225500,3668,1613340,120,13435
1706,2,0,12,13,49266840,3669,1613340,120,13437
1707,9,0,20,5,49267680,3669,1613340,119,13446
1708,7,0,16,9,49295040,3668,1613340,119,13453
1709,6,0,17,8,49317840,3668,1613340,119,13459
1710,7,0,15,10,49350000,3668,1613340,119,13466
1711,11,1,21,4,49364340,3668,1613340,119,13477
1712,10,7,20,5,49399620,3670,1618680,120,13487
1713,8,3,25,0,49435320,3670,1649460,122,13495
1714,12,0,21,4,49495920,3670,1657140,122,13507
1715,15,2,25,0,49531620,3670,1657680,122,13522
1716,8,0,19,6,49584240,3669,1658700,122,13530
1717,10,0,21,4,49614780,3670,1658700,122,13540
1718,12,0,23,2,49656180,3670,1658700,122,13552
1719,13,0,24,1,49693740,3669,1658700,122,13565
1720,7,0,22,3,49727280,3669,1658700,122,13572
1721,16,3,25,0,49778640,3670,1666320,122,13588
1722,6,0,21,4,49830600,3671,1678860,123,13594
1723,6,0,18,7,49873440,3672,1678860,123,13600
1724,4,0,15,10,49895760,3671,1678860,123,13604
1725,5,0,13,12,49923540,3671,1678860,123,13609
1726,7,0,18,7,49925340,3671,1678860,123,13616
1727,5,0,19,6,49934940,3671,1678860,123,13621
1728,9,0,21,4,49972740,3672,1678860,123,13630
1729,3,0,13,12,50010180,3671,1678860,123,13633
1730,3,0,14,11,50024880,3672,1678860,123,13636
1731,4,0,13,12,50036940,3671,1678860,123,13640
1732,6,0,15,10,50050380,3671,1678860,123,13646
1733,10,0,20,5,50061180,3671,1678860,122,13656
1734,14,1,25,0,50082900,3670,1679160,122,13670
1735,8,4,25,0,50106420,3671,1682400,123,13678
1736,9,0,21,4,50189400,3672,1694160,123,13687
1737,8,0,19,6,50222400,3672,1694160,123,13695
1738,11,0,23,2,50246760,3672,1694160,123,13706
1739,10,0,19,6,50299440,3672,1694160,123,13716
1740,14,0,23,2,50326500,3671,1694160,123,13730
1741,8,0,19,6,50363700,3671,1695420,123,13738
1742,12,0,22,3,50397660,3671,1695420,123,13750
1743,11,0,20,5,50439240,3670,1695420,123,13761
1744,13,0,24,1,50466540,3670,1695420,123,13774
1745,11,0,25,0,50504940,3670,1698960,123,13785
1746,7,0,21,4,50554440,3671,1703400,123,13792
1747,3,0,14,11,50603760,3671,1703400,123,13795
1748,4,0,15,10,50615640,3672,1703400,123,13799
1749,4,0,16,9,50628540,3672,1703400,123,13803
1750,4,0,14,11,50646840,3671,1703400,123,13807
1751,6,0,19,6,50655660,3672,1703400,123,13813
1752,9,0,23,2,50681460,3672,1703400,123,13822
1753,5,0,16,9,50727960,3673,1703400,123,13827
1754,8,0,15,10,50761020,3673,1703400,123,13835
1755,5,0,16,9,50777160,3673,1703400,123,13840
1756,11,0,24,1,50786700,3673,1703400,122,13851
1757,6,0,17,8,50830920,3672,1703400,122,13857
1758,10,0,19,6,50860260,3672,1703400,122,13867
1759,4,0,17,8,50869440,3671,1703400,122,13871
1760,10,0,16,9,50899680,3671,1703400,122,13881
1761,11,0,20,5,50917200,3670,1703400,122,13892
1762,13,2,25,0,50936220,3670,1704480,122,13905
1763,11,0,25,0,50989020,3670,1718400,123,13916
1764,8,0,19,6,51042540,3670,1718400,123,13924
1765,8,0,19,6,51076920,3671,1718400,123,13932
1766,6,0,18,7,51095880,3670,1718400,123,13938
1767,10,0,17,8,51145560,3671,1718400,123,13948
1768,7,0,18,7,51165180,3671,1718400,123,13955
1769,8,0,17,8,51206100,3671,1718400,123,13963
1770,10,0,19,6,51225720,3671,1718400,122,13973
1771,6,0,17,8,51251340,3670,1718400,122,13979
1772,8,0,18,7,51278340,3670,1718400,122,13987
1773,10,0,20,5,51298440,3670,1718400,122,13997
1774,3,0,13,12,51342420,3670,1718400,122,14000
1775,8,0,19,6,51345960,3670,1718400,122,14008
1776,2,0,15,10,51366180,3670,1718400,122,14010
1777,5,0,18,7,51375300,3670,1718400,122,14015
1778,6,0,19,6,51399120,3670,1718400,122,14021
1779,6,0,17,8,51437160,3671,1718400,122,14027
1780,6,0,17,8,51461220,3671,1718400,122,14033
1781,11,0,23,2,51476100,3671,1718400,122,14044
1782,9,0,20,5,51520200,3671,1718400,122,14053
1783,5,0,15,10,51552780,3671,1718400,122,14058
1784,8,0,20,5,51557820,3670,1718400,122,14066
1785,7,0,16,9,51595080,3670,1718400,122,14073
1786,9,0,16,9,51629220,3670,1718400,122,14082
1787,8,0,18,7,51643200,3669,1718400,121,14090
1788,13,0,25,0,51663780,3669,1718940,121,14103
1789,5,0,19,6,51705240,3669,1718940,121,14108
1790,10,0,23,2,51735720,3670,1718940,121,14118
1791,9,0,18,7,51790380,3670,1718940,121,14127
1792,10,0,19,6,51824580,3670,1718940,121,14137
1793,11,0,23,2,51844380,3670,1718940,121,14148
1794,7,0,22,3,51879660,3670,1718940,121,14155
1795,7,0,20,5,51914280,3670,1719060,121,14162
1796,8,0,18,7,51968220,3672,1719060,121,14170
1797,11,0,18,7,52000740,3671,1719060,121,14181
1798,3,0,15,10,52016340,3671,1719060,121,14184
1799,5,0,15,10,52040640,3671,1719060,121,14189
1800,8,0,16,9,52061040,3671,1719060,121,14197
1801,5,0,16,9,52077540,3671,1719060,121,14202
1802,4,0,16,9,52088460,3670,1719060,121,14206
1803,3,0,15,10,52101480,3670,1719060,120,14209
1804,3,0,16,9,52110360,3670,1719060,120,14212
1805,5,0,17,8,52128420,3671,1719060,120,14217
1806,4,0,15,10,52155120,3671,1719060,120,14221
1807,7,0,17,8,52167060,3670,1719060,120,14228
1808,7,0,18,7,52191600,3671,1719060,120,14235
1809,7,0,18,7,52217340,3671,1719060,120,14242
1810,8,0,20,5,52238580,3671,1719060,120,14250
1811,9,0,20,5,52272480,3671,1719060,120,14259
1812,15,0,23,2,52311360,3670,1719060,120,14274
1813,18,12,19,6,52338540,3670,1719960,120,14292
1814,19,26,18,7,52381620,3671,1736640,121,14311
1815,13,38,18,7,52389600,3671,1740300,121,14324
1816,14,40,18,7,52426380,3673,1782060,124,14338
1817,6,38,20,5,52447500,3674,1821300,127,14344
1818,8,37,25,0,52477980,3675,1893660,132,14352
1819,7,33,25,0,52531860,3676,1961880,136,14359
1820,9,26,25,0,52599960,3676,2119200,147,14368
1821,6,0,25,0,52658460,3672,2643960,184,14374
1822,7,0,18,7,52679340,3670,2643960,183,14381
1823,6,0,16,9,52708980,3670,2643960,183,14387
1824,9,0,17,8,52724040,3669,2643960,183,14396
1825,5,0,16,9,52748400,3669,2643960,183,14401
1826,0,0,11,14,52773480,3670,2643960,183,14401
1827,6,0,17,8,52773480,3670,2643960,183,14407
1828,5,0,20,5,52778460,3670,2643960,183,14412
1829,5,0,20,5,52801920,3670,2643960,183,14417
1830,8,0,18,7,52855080,3671,2643960,183,14425
1831,6,0,17,8,52877880,3671,2643960,183,14431
1832,6,0,19,6,52898460,3671,2643960,183,14437
1833,10,0,22,3,52928820,3672,2643960,183,14447
1834,7,0,21,4,52954680,3671,2643960,183,14454
1835,6,0,18,7,52996800,3672,2643960,182,14460
1836,6,0,16,9,53019420,3671,2643960,182,14466
1837,5,0,16,9,53043300,3672,2643960,182,14471
1838,16,0,24,1,53055780,3671,2643960,182,14487
1839,10,0,20,5,53107080,3671,2643960,182,14497
1840,11,0,22,3,53134140,3670,2643960,182,14508
1841,8,0,22,3,53156520,3670,2643960,182,14516
1842,10,1,23,2,53181780,3669,2643960,182,14526
1843,7,0,20,5,53230680,3670,2644620,182,14533
1844,6,0,17,8,53278140,3671,2644620,182,14539
1845,2,0,16,9,53286240,3671,2644620,182,14541
1846,7,0,20,5,53305980,3671,2644620,181,14548
1847,7,0,21,4,53324040,3671,2644620,181,14555
1848,7,0,19,6,53363040,3672,2644620,181,14562
1849,8,0,16,9,53409840,3672,2644620,181,14570
1850,8,0,19,6,53423460,3672,2644620,181,14578
1851,7,0,18,7,53451420,3672,2644620,181,14585
1852,9,0,20,5,53471040,3671,2644620,181,14594
1853,5,0,16,9,53497860,3671,2644620,181,14599
1854,7,0,20,5,53511480,3671,2644620,181,14606
1855,11,0,23,2,53539440,3671,2644620,181,14617
1856,9,0,18,7,53578260,3670,2646840,181,14626
1857,9,0,19,6,53610900,3670,2646840,180,14635
1858,9,0,18,7,53649420,3670,2646840,180,14644
1859,6,0,20,5,53667300,3671,2646840,180,14650
1860,10,0,19,6,53712780,3671,2646840,180,14660
1861,10,0,22,3,53742000,3671,2646840,180,14670
1862,7,0,21,4,53771820,3671,2646840,180,14677
1863,9,0,20,5,53805900,3671,2646840,180,14686
1864,10,0,23,2,53834040,3671,2646840,180,14696
1865,11,0,23,2,53866080,3671,2646840,180,14707
1866,6,0,19,6,53901540,3671,2647080,180,14713
1867,7,0,22,3,53918580,3671,2647080,179,14720
1868,9,0,18,7,53977440,3671,2647080,179,14729
1869,4,0,16,9,54000420,3671,2647080,179,14733
1870,6,0,16,9,54027540,3672,2647080,179,14739
1871,7,0,18,7,54040620,3671,2647080,179,14746
1872,2,0,17,8,54060240,3672,2647080,179,14748
1873,7,0,20,5,54076320,3672,2647080,179,14755
1874,4,0,16,9,54120300,3673,2647080,179,14759
1875,4,0,15,10,54142320,3673,2647080,179,14763
1876,7,0,19,6,54147000,3673,2647080,179,14770
1877,12,0,22,3,54180540,3673,2647080,179,14782
1878,13,0,24,1,54203460,3672,2647080,179,14795
1879,15,5,25,0,54243060,3672,2651220,179,14810
1880,11,0,22,3,54319680,3673,2657880,179,14821
1881,7,0,17,8,54357240,3672,2657880,179,14828
1882,11,0,20,5,54386940,3672,2657880,179,14839
1883,10,0,18,7,54410520,3671,2657880,179,14849
1884,7,0,18,7,54429240,3670,2657880,179,14856
1885,14,0,25,0,54456060,3671,2658000,178,14870
1886,9,1,25,0,54472080,3670,2658000,178,14879
1887,16,2,25,0,54536580,3670,2660460,178,14895
1888,6,0,19,6,54589140,3670,2663580,178,14901
1889,9,0,19,6,54626880,3671,2663580,178,14910
1890,10,0,19,6,54663600,3671,2663580,178,14920
1891,13,0,24,1,54685740,3670,2663760,178,14933
1892,9,0,24,1,54717000,3670,2664000,178,14942
1893,4,0,17,8,54765900,3671,2664000,178,14946
1894,6,0,15,10,54800340,3671,2664000,178,14952
1895,5,0,16,9,54815160,3671,2664000,178,14957
1896,3,0,16,9,54823320,3671,2664000,178,14960
1897,4,0,13,12,54853320,3671,2664000,178,14964
1898,7,0,16,9,54866280,3671,2664000,178,14971
1899,4,0,16,9,54874140,3671,2664000,178,14975
1900,5,0,15,10,54896220,3671,2664000,177,14980
1901,9,0,18,7,54903480,3670,2664000,177,14989
1902,9,0,21,4,54923640,3669,2664000,177,14998
1903,10,1,22,3,54952980,3669,2664300,177,15008
1904,15,11,20,5,54993420,3670,2667660,177,15023
1905,4,9,22,3,55026840,3672,2695680,179,15027
1906,12,8,25,0,55070160,3672,2728560,181,15039
1907,8,1,25,0,55110600,3671,2775780,184,15047
1908,9,0,20,5,55146120,3670,2778180,184,15056
1909,9,0,18,7,55197660,3671,2778360,184,15065
1910,7,0,19,6,55212420,3670,2778360,184,15072
1911,12,0,23,2,55249140,3671,2778360,184,15084
1912,8,0,19,6,55283760,3670,2778360,184,15092
1913,3,0,17,8,55314840,3671,2778360,184,15095
1914,10,0,20,5,55336920,3671,2778360,184,15105
1915,7,0,21,4,55358160,3670,2778900,184,15112
1916,8,0,21,4,55410600,3672,2778900,183,15120
1917,11,0,24,1,55438260,3672,2779440,183,15131
1918,7,0,21,4,55485360,3673,2779440,183,15138
1919,5,0,18,7,55525800,3673,2779440,183,15143
1920,8,0,19,6,55548780,3673,2779440,183,15151
1921,3,0,14,11,55572960,3673,2779440,183,15154
1922,1,0,12,13,55584240,3673,2779440,183,15155
1923,7,0,18,7,55585260,3673,2779440,183,15162
1924,10,0,21,4,55607160,3672,2779440,183,15172
1925,5,0,15,10,55641540,3672,2779440,183,15177
1926,5,0,17,8,55653240,3672,2779440,183,15182
1927,5,0,18,7,55666440,3672,2779440,183,15187
1928,8,0,19,6,55691460,3672,2779440,183,15195
1929,7,0,20,5,55713240,3672,2779440,182,15202
1930,5,0,20,5,55737720,3672,2779440,182,15207
1931,15,0,22,3,55795620,3673,2779440,182,15222
1932,5,0,21,4,55817160,3673,2779440,182,15227
1933,8,0,20,5,55854120,3673,2779440,182,15235
1934,7,0,17,8,55892760,3673,2779440,182,15242
1935,13,0,24,1,55904580,3673,2779440,182,15255
1936,7,0,18,7,55957920,3673,2779440,182,15262
1937,11,0,20,5,55987020,3673,2779440,182,15273
1938,4,0,16,9,56009760,3672,2779440,182,15277
1939,6,0,18,7,56023200,3672,2779440,181,15283
1940,7,0,20,5,56039340,3672,2779440,181,15290
1941,9,0,19,6,56079300,3672,2779440,181,15299
1942,8,0,19,6,56115240,3673,2779440,181,15307
1943,8,0,16,9,56145720,3672,2779440,181,15315
1944,9,0,21,4,56161200,3672,2779440,181,15324
1945,6,0,17,8,56186460,3671,2779440,181,15330
1946,8,0,20,5,56210520,3672,2779440,181,15338
1947,2,0,17,8,56240160,3672,2779440,181,15340
1948,10,0,19,6,56273640,3673,2779440,181,15350
1949,4,0,16,9,56303220,3673,2779440,181,15354
1950,7,0,16,9,56315640,3672,2779440,181,15361
1951,11,0,20,5,56346780,3672,2779440,180,15372
1952,7,0,23,2,56352900,3672,2779440,180,15379
1953,9,0,21,4,56398560,3672,2779440,180,15388
1954,14,2,25,0,56427300,3672,2782440,180,15402
1955,5,0,19,6,56490660,3673,2783640,180,15407
1956,11,0,19,6,56536800,3674,2783640,180,15418
1957,9,0,21,4,56549940,3673,2783640,180,15427
1958,7,0,20,5,56577540,3673,2783640,180,15434
1959,5,0,16,9,56623200,3673,2783640,180,15439
1960,10,0,20,5,56646060,3674,2783640,180,15449
1961,8,0,23,2,56668620,3674,2783640,180,15457
1962,8,0,19,6,56716740,3674,2783640,180,15465
1963,2,0,14,11,56752140,3675,2783640,180,15467
1964,9,0,18,7,56775660,3675,2783640,179,15476
1965,6,0,18,7,56784180,3674,2783640,179,15482
1966,9,0,20,5,56808780,3674,2783640,179,15491
1967,6,0,17,8,56839200,3674,2783640,179,15497
1968,3,0,16,9,56867520,3675,2783640,179,15500
1969,3,0,15,10,56892420,3675,2783640,179,15503
1970,6,0,14,11,56910960,3675,2783640,179,15509
1971,3,0,13,12,56925300,3675,2783640,179,15512
1972,4,0,14,11,56929560,3675,2783640,179,15516
1973,8,0,16,9,56942520,3674,2783640,179,15524
1974,6,0,18,7,56954580,3674,2783640,179,15530
1975,11,6,20,5,56963220,3674,2785140,179,15541
1976,9,11,19,6,56998800,3675,2791800,179,15550
1977,3,9,21,4,57030480,3676,2805660,180,15553
1978,11,3,25,0,57079920,3676,2870940,184,15564
1979,12,0,19,6,57133080,3675,2872020,184,15576
1980,11,0,20,5,57152880,3674,2872020,184,15587
1981,7,0,18,7,57186780,3674,2872020,184,15594
1982,10,0,23,2,57205500,3674,2872020,184,15604
1983,10,0,17,8,57261060,3673,2872020,184,15614
1984,13,0,20,5,57295800,3673,2872080,183,15627
1985,8,0,19,6,57327060,3673,2872080,183,15635
1986,9,0,19,6,57348900,3672,2872080,183,15644
1987,5,0,17,8,57385200,3673,2872080,183,15649
1988,7,0,18,7,57404640,3673,2872080,183,15656
1989,5,0,17,8,57426420,3673,2872080,183,15661
1990,7,0,20,5,57447300,3673,2872080,183,15668
1991,11,0,19,6,57478440,3672,2872080,183,15679
1992,8,0,20,5,57506340,3673,2872080,183,15687
1993,4,0,17,8,57538800,3673,2872080,183,15691
1994,4,0,15,10,57572880,3674,2872080,183,15695
1995,7,0,17,8,57579360,3673,2872080,183,15702
1996,3,0,15,10,57601440,3673,2872080,183,15705
1997,5,0,16,9,57616680,3673,2872080,182,15710
1998,7,0,16,9,57638220,3673,2872080,182,15717
1999,10,0,20,5,57651780,3673,2872080,182,15727
2000,12,0,19,6,57676560,3671,2872080,182,15739
2001,7,0,16,9,57706860,3671,2872080,182,15746
2002,8,0,17,8,57729840,3670,2872080,182,15754
2003,7,0,17,8,57743400,3670,2872080,182,15761
2004,15,0,23,2,57774240,3670,2872440,182,15776
2005,9,0,20,5,57807600,3669,2872440,182,15785
2006,12,0,22,3,57846300,3669,2872440,181,15797
2007,13,0,25,0,57893220,3670,2872440,181,15810
2008,8,0,20,5,57928980,3669,2872440,181,15818
2009,3,0,14,11,57972420,3670,2872440,181,15821
2010,8,0,17,8,57980580,3669,2872440,181,15829
2011,8,0,21,4,57993840,3669,2872440,181,15837
2012,10,0,23,2,58024920,3669,2872440,181,15847
2013,8,5,19,6,58045860,3669,2873100,181,15855
2014,7,2,22,3,58095060,3670,2894700,182,15862
2015,2,0,16,9,58127400,3670,2900100,182,15864
2016,9,0,19,6,58151400,3670,2900100,182,15873
2017,1,0,20,5,58151400,3670,2900100,182,15874
2018,9,0,24,1,58158060,3669,2900100,182,15883
2019,4,0,23,2,58175700,3669,2900520,182,15887
2020,2,0,22,3,58185360,3669,2900520,182,15889
2021,9,0,25,0,58213440,3669,2900580,182,15898
2022,9,1,25,0,58234800,3669,2906820,182,15907
2023,2,0,22,3,58251600,3669,2907360,182,15909
2024,6,0,20,5,58275840,3668,2907360,182,15915
2025,11,0,25,0,58289100,3668,2907840,182,15926
2026,11,6,25,0,58307640,3668,2911320,182,15937
2027,4,7,25,0,58325400,3668,2921700,183,15941
2028,8,7,25,0,58354380,3668,2934300,184,15949
2029,9,8,25,0,58376640,3668,2953980,185,15958
2030,10,12,25,0,58409400,3668,2957580,185,15968
2031,10,20,25,0,58423020,3669,2962500,185,15978
2032,13,26,25,0,58456440,3669,2981160,186,15991
2033,4,24,25,0,58490700,3670,3011880,188,15995
2034,12,28,25,0,58518120,3670,3041460,190,16007
2035,7,28,25,0,58534560,3669,3068400,191,16014
2036,9,29,25,0,58561260,3669,3079260,192,16023
2037,8,30,25,0,58587420,3669,3085500,192,16031
2038,3,27,25,0,58613460,3669,3130080,195,16034
2039,4,16,25,0,58640820,3668,3419940,213,16038
2040,1,4,25,0,58667940,3666,3748920,233,16039
2041,8,0,22,3,58695480,3665,3895440,242,16047
2042,5,0,22,3,58709040,3664,3895440,242,16052
2043,4,0,22,3,58727400,3665,3895440,242,16056
2044,3,0,19,6,58742880,3664,3895440,242,16059
2045,5,0,21,4,58747500,3664,3895440,242,16064
2046,5,0,22,3,58755360,3663,3895440,242,16069
2047,9,3,25,0,58767900,3664,3896460,242,16078
2048,6,2,25,0,58802220,3664,3908640,243,16084
2049,6,0,21,4,58827720,3663,3915480,243,16090
2050,7,0,23,2,58843020,3663,3915480,243,16097
2051,6,2,25,0,58851180,3663,3915480,243,16103
2052,8,6,25,0,58869960,3663,3918480,243,16111
2053,11,10,25,0,58897860,3663,3923160,243,16122
2054,12,15,25,0,58923120,3663,3927840,243,16134
2055,9,21,25,0,58943880,3664,3933420,243,16143
2056,8,23,25,0,58974840,3664,3946200,244,16151
2057,10,28,25,0,58995540,3665,3959700,245,16161
2058,7,29,25,0,59025360,3665,3968820,245,16168
2059,7,31,25,0,59053680,3666,3988920,246,16175
2060,7,36,25,0,59066100,3666,3991260,246,16182
2061,3,29,25,0,59114280,3667,4125420,255,16185
2062,4,22,25,0,59138520,3666,4310400,266,16189
2063,5,13,25,0,59159280,3664,4556520,281,16194
2064,3,2,25,0,59175780,3662,4793280,296,16197
2065,6,0,23,2,59209740,3661,4869360,300,16203
2066,2,0,21,4,59227140,3662,4869360,300,16205
2067,6,0,24,1,59241840,3662,4869360,300,16211
2068,9,4,25,0,59259000,3662,4873020,300,16220
2069,5,7,25,0,59274120,3662,4882140,301,16225
2070,6,7,25,0,59313900,3664,4895700,301,16231
2071,5,8,25,0,59330940,3664,4904760,302,16236
2072,6,7,25,0,59350740,3663,4938780,304,16242
2073,9,4,25,0,59392860,3663,4973640,306,16251
2074,7,7,25,0,59410860,3663,4978560,306,16258
2075,15,15,25,0,59436300,3663,4995240,307,16273
2076,8,20,25,0,59455080,3664,5001240,307,16281
2077,10,27,25,0,59473980,3664,5010120,307,16291
2078,5,27,25,0,59509920,3665,5030580,308,16296
2079,8,31,25,0,59532660,3666,5061180,310,16304
2080,9,34,25,0,59560680,3666,5077380,311,16313
2081,17,40,25,0,59577900,3667,5104680,312,16330
2082,3,38,25,0,59595060,3667,5115360,313,16333
2083,5,36,25,0,59630760,3667,5147460,315,16338
2084,5,34,25,0,59663040,3668,5247960,321,16343
2085,7,34,25,0,59685120,3667,5333940,326,16350
2086,9,35,25,0,59717400,3668,5436300,332,16359
2087,4,25,25,0,59748660,3666,5675040,347,16363
2088,5,15,25,0,59768400,3664,6074640,371,16368
2089,4,8,25,0,59788800,3663,6304860,385,16372
2090,6,10,25,0,59806680,3663,6306900,385,16378
2091,7,9,25,0,59841180,3664,6367920,389,16385
2092,5,0,25,0,59865600,3662,6638640,405,16390
2093,6,0,24,1,59887020,3662,6640680,405,16396
2094,7,0,24,1,59917740,3662,6642360,405,16403
2095,5,0,25,0,59926620,3662,6642960,405,16408
2096,9,2,25,0,59960700,3662,6644340,405,16417
2097,4,0,25,0,59985660,3662,6650400,405,16421
2098,20,17,25,0,59996940,3662,6653280,405,16441
2099,9,23,25,0,60020700,3663,6662340,405,16450
2100,10,29,25,0,60052140,3664,6675180,406,16460
2101,9,34,25,0,60074700,3665,6685320,406,16469
2102,18,40,25,0,60096360,3665,6702240,407,16487
2103,12,40,25,0,60124380,3666,6716160,407,16499
2104,11,40,25,0,60149700,3667,6734940,409,16510
2105,10,40,25,0,60188040,3668,6834420,414,16520
2106,8,39,25,0,60205980,3668,6884400,417,16528
2107,12,40,25,0,60233760,3668,6935520,420,16540
2108,18,40,25,0,60248280,3668,6962760,422,16558
2109,4,38,25,0,60285300,3669,7027560,426,16562
2110,9,39,25,0,60312180,3669,7072140,428,16571
2111,12,37,25,0,60331440,3670,7163280,434,16583
2112,4,33,25,0,60369900,3670,7388400,447,16587
2113,8,32,25,0,60395940,3670,7548360,457,16595
2114,1,22,25,0,60416580,3669,7999320,484,16596
2115,4,9,25,0,60438720,3666,8538660,516,16600
2116,4,5,25,0,60452220,3665,8756940,530,16604
2117,8,0,25,0,60492840,3665,8821980,533,16612
2118,9,5,25,0,60507900,3665,8825460,533,16621
2119,7,10,25,0,60519300,3665,8826660,533,16628
2120,4,8,25,0,60558060,3666,8839500,534,16632
2121,9,13,25,0,60585840,3667,8840760,533,16641
2122,15,25,25,0,60603600,3667,8844180,533,16656
2123,19,38,25,0,60631860,3668,8857680,533,16675
2124,8,39,25,0,60656280,3668,8867040,534,16683
2125,6,40,25,0,60677880,3669,8878860,534,16689
2126,5,38,25,0,60716160,3670,8928240,537,16694
2127,8,40,25,0,60728340,3670,8940660,538,16702
2128,9,40,25,0,60754140,3670,8996580,541,16711
2129,5,36,25,0,60787320,3670,9150000,550,16716
2130,9,38,25,0,60817260,3671,9155100,550,16725
2131,10,40,25,0,60834060,3670,9164880,550,16735
2132,9,37,25,0,60871800,3670,9381300,563,16744
2133,6,36,25,0,60895260,3670,9447780,567,16750
2134,5,34,25,0,60907320,3669,9473100,568,16755
2135,5,27,25,0,60945480,3669,9792960,587,16760
2136,6,15,25,0,60965820,3666,10273500,616,16766
2137,2,8,25,0,60984180,3665,10587180,635,16768
2138,7,2,25,0,61016400,3664,10837140,649,16775
2139,10,7,25,0,61038720,3665,10840980,649,16785
2140,9,11,25,0,61065600,3665,10847400,649,16794
2141,5,14,25,0,61082700,3666,10852560,650,16799
2142,5,13,25,0,61117860,3666,10880100,651,16804
2143,5,11,25,0,61147320,3667,10927500,653,16809
2144,5,3,25,0,61168080,3665,11040540,660,16814
2145,10,3,25,0,61193760,3664,11103420,663,16824
2146,7,5,25,0,61213020,3665,11109300,663,16831
2147,16,16,25,0,61241520,3665,11116260,663,16847
2148,8,22,25,0,61254780,3665,11119920,663,16855
2149,13,31,25,0,61279020,3666,11132640,664,16868
2150,15,40,25,0,61303620,3667,11140800,663,16883
2151,8,40,25,0,61324200,3667,11153760,664,16891
2152,4,38,25,0,61358760,3668,11178840,665,16895
2153,5,39,25,0,61389840,3669,11206440,667,16900
2154,8,39,25,0,61416540,3670,11283240,671,16908
2155,13,38,25,0,61440960,3670,11347020,675,16921
2156,4,34,25,0,61477140,3670,11430000,680,16925
2157,8,35,25,0,61497480,3670,11507400,684,16933
2158,7,37,25,0,61518540,3670,11514780,684,16940
2159,9,40,25,0,61530240,3670,11518200,684,16949
2160,4,36,25,0,61567680,3671,11622300,690,16953
2161,3,33,25,0,61599060,3672,11809260,701,16956
2162,5,30,25,0,61615260,3671,12002520,712,16961
2163,8,32,25,0,61645860,3672,12006720,712,16969
2164,3,30,25,0,61662960,3672,12038640,714,16972
2165,12,38,25,0,61677420,3672,12040980,714,16984
2166,7,40,25,0,61702740,3672,12047940,714,16991
2167,12,40,25,0,61724100,3673,12052740,714,17003
2168,7,39,25,0,61766520,3674,12105660,717,17010
2169,7,33,25,0,61802820,3673,12399120,734,17017
2170,3,29,25,0,61816740,3673,12570960,744,17020
2171,10,31,25,0,61836360,3672,12634440,748,17030
2172,6,34,25,0,61853220,3672,12639780,748,17036
2173,10,40,25,0,61884300,3673,12644760,748,17046
2174,10,40,25,0,61913880,3674,12662340,748,17056
2175,13,39,25,0,61945860,3674,12682920,749,17069
2176,12,38,25,0,61967580,3674,12697260,750,17081
2177,10,40,25,0,61992360,3674,12701340,750,17091
2178,5,32,25,0,62027820,3674,13055100,770,17096
2179,11,35,25,0,62044380,3673,13068120,771,17107
2180,6,36,25,0,62073120,3674,13074000,771,17113
2181,2,34,25,0,62089320,3674,13092240,772,17115
2182,3,26,25,0,62129940,3674,13624920,803,17118
2183,10,20,25,0,62150040,3672,14575740,858,17128
2184,5,15,25,0,62172900,3671,14846700,874,17133
2185,5,12,25,0,62191620,3670,14977020,882,17138
2186,10,15,25,0,62225460,3671,15117240,889,17148
2187,7,15,25,0,62249640,3671,15128520,890,17155
2188,9,18,25,0,62261340,3670,15266580,897,17164
2189,7,19,25,0,62299440,3671,15276000,897,17171
2190,6,20,25,0,62322420,3671,15288780,898,17177
2191,12,26,25,0,62346660,3671,15305160,898,17189
2192,12,31,25,0,62374980,3671,15323280,899,17201
2193,7,31,25,0,62403300,3672,15352380,900,17208
2194,16,40,25,0,62427360,3672,15355860,900,17224
2195,17,40,25,0,62441700,3672,15359820,899,17241
2196,12,39,25,0,62477820,3673,15378300,900,17253
2197,13,39,25,0,62503920,3673,15452340,904,17266
2198,13,39,25,0,62529000,3673,15502980,907,17279
2199,8,40,25,0,62546220,3673,15505980,907,17287
2200,5,36,25,0,62577660,3673,15622020,913,17292
2201,10,35,25,0,62606640,3672,15855360,926,17302
2202,5,27,25,0,62637540,3671,16274820,951,17307
2203,9,20,25,0,62656980,3669,16638480,971,17316
2204,10,19,25,0,62669880,3667,17075520,997,17326
2205,12,25,25,0,62694000,3668,17078520,996,17338
2206,2,23,25,0,62715120,3668,17088480,996,17340
2207,7,23,25,0,62745660,3668,17118720,998,17347
2208,1,16,25,0,62779020,3668,17327220,1010,17348
2209,7,6,25,0,62806920,3666,17943360,1045,17355
2210,7,1,25,0,62832960,3665,18043260,1051,17362
2211,6,0,25,0,62858100,3665,18135240,1056,17368
2212,5,0,22,3,62878440,3665,18135240,1055,17373
2213,5,0,24,1,62883360,3664,18135240,1055,17378
2214,9,1,25,0,62916840,3665,18135660,1054,17387
2215,9,6,25,0,62928000,3665,18138480,1054,17396
2216,11,4,25,0,62967840,3664,18153840,1054,17407
2217,9,0,23,2,62994960,3663,18176220,1055,17416
2218,6,0,23,2,63009480,3662,18176220,1055,17422
2219,11,3,25,0,63016860,3661,18177900,1054,17433
2220,5,1,25,0,63046680,3662,18187860,1054,17438
2221,13,7,25,0,63065220,3661,18189300,1054,17451
2222,12,13,25,0,63097680,3662,18197820,1054,17463
2223,6,15,25,0,63116460,3662,18201000,1053,17469
2224,9,19,25,0,63144900,3663,18210060,1053,17478
2225,5,18,25,0,63174720,3663,18225720,1054,17483
2226,11,24,25,0,63199020,3663,18247620,1054,17494
2227,7,25,25,0,63222300,3663,18291600,1057,17501
2228,3,19,25,0,63256620,3664,18352680,1060,17504
2229,8,13,25,0,63278700,3662,18504420,1068,17512
2230,8,14,25,0,63293400,3661,18539340,1070,17520
2231,7,18,25,0,63312780,3662,18544440,1070,17527
2232,0,6,25,0,63357960,3662,18721020,1080,17527
2233,4,0,20,5,63376560,3660,18871140,1088,17531
2234,8,0,23,2,63384540,3659,18871140,1088,17539
2235,9,0,24,1,63396480,3658,18871620,1087,17548
2236,9,1,25,0,63421500,3658,18872820,1087,17557
2237,7,0,25,0,63438360,3657,18879780,1087,17564
2238,7,1,25,0,63465780,3658,18880440,1086,17571
2239,7,1,25,0,63485340,3657,18882660,1086,17578
2240,6,1,25,0,63509460,3657,18884520,1086,17584
2241,8,0,25,0,63535680,3657,18889920,1085,17592
2242,12,7,25,0,63558840,3657,18893580,1085,17604
2243,14,16,25,0,63581460,3658,18895740,1084,17618
2244,7,19,25,0,63605520,3658,18905940,1085,17625
2245,9,22,25,0,63640560,3659,18917460,1084,17634
2246,11,31,25,0,63650340,3659,18918660,1084,17645
2247,3,28,25,0,63692100,3660,18959100,1086,17648
2248,9,31,25,0,63706020,3660,19012260,1088,17657
2249,10,37,25,0,63726720,3660,19014900,1088,17667
2250,10,38,25,0,63768900,3661,19060860,1090,17677
2251,11,39,25,0,63789540,3660,19081800,1091,17688
2252,9,38,25,0,63817260,3661,19121400,1093,17697
2253,3,35,25,0,63844020,3661,19199220,1097,17700
2254,9,38,25,0,63858960,3661,19297020,1102,17709
2255,3,33,25,0,63892920,3661,19310640,1102,17712
2256,5,29,25,0,63908400,3660,19489560,1112,17717
2257,7,27,25,0,63945840,3660,19577460,1117,17724
2258,4,23,25,0,63962100,3659,19718100,1125,17728
2259,3,11,25,0,63997260,3658,20189760,1151,17731
2260,11,16,25,0,64012860,3658,20193540,1151,17742
2261,5,15,25,0,64038660,3658,20205420,1151,17747
2262,11,19,25,0,64065960,3658,20209080,1151,17758
2263,7,21,25,0,64088700,3658,20215140,1151,17765
2264,6,21,25,0,64119840,3659,20225700,1151,17771
2265,9,26,25,0,64135680,3659,20232180,1151,17780
2266,10,29,25,0,64165140,3659,20244720,1151,17790
2267,14,40,25,0,64171260,3659,20246100,1150,17804
2268,16,39,25,0,64215840,3661,20255400,1150,17820
2269,13,38,25,0,64234080,3661,20274000,1151,17833
2270,11,39,25,0,64265760,3661,20305800,1152,17844
2271,8,36,25,0,64297020,3661,20345400,1154,17852
2272,9,39,25,0,64311420,3661,20365560,1155,17861
2273,6,37,25,0,64345980,3662,20427660,1158,17867
2274,8,40,25,0,64362120,3662,20433720,1158,17875
2275,7,40,25,0,64390920,3662,20469480,1160,17882
2276,6,38,25,0,64421160,3662,20615640,1167,17888
2277,7,34,25,0,64450200,3662,20799780,1177,17895
2278,5,31,25,0,64459500,3661,21228060,1201,17900
2279,8,28,25,0,64493940,3660,21329820,1207,17908
2280,7,32,25,0,64510920,3661,21334860,1206,17915
2281,3,30,25,0,64544220,3661,21350400,1207,17918
2282,6,27,25,0,64571460,3661,21392520,1209,17924
2283,5,20,25,0,64586940,3659,22077900,1247,17929
2284,8,13,25,0,64622160,3658,22724280,1283,17937
2285,3,6,25,0,64649640,3658,23153100,1307,17940
2286,11,3,25,0,64669140,3656,23437080,1323,17951
2287,13,12,25,0,64690620,3656,23441640,1322,17964
2288,11,20,25,0,64706340,3657,23446560,1321,17975
2289,9,25,25,0,64737420,3658,23454840,1321,17984
2290,4,26,25,0,64762980,3658,23460600,1321,17988
2291,15,38,25,0,64784940,3659,23470920,1321,18003
2292,17,40,25,0,64811100,3660,23497200,1322,18020
2293,12,40,25,0,64840440,3661,23515320,1322,18032
2294,9,39,25,0,64877880,3661,23587680,1326,18041
2295,9,40,25,0,64895760,3661,23602380,1326,18050
2296,8,37,25,0,64919220,3661,23681640,1331,18058
2297,9,38,25,0,64948980,3662,23748900,1334,18067
2298,6,38,25,0,64972500,3662,23843460,1339,18073
2299,3,37,25,0,64987020,3662,23882160,1341,18076
2300,12,39,25,0,65020920,3663,23890680,1341,18088
2301,7,39,25,0,65049480,3663,24003240,1347,18095
2302,6,37,25,0,65078760,3663,24068280,1350,18101
2303,9,40,25,0,65091360,3663,24172680,1355,18110
2304,7,39,25,0,65125200,3664,24237120,1358,18117
2305,5,37,25,0,65145780,3664,24244920,1359,18122
2306,3,34,25,0,65174760,3664,24442980,1369,18125
2307,4,31,25,0,65204160,3665,24634680,1380,18129
2308,5,27,25,0,65224620,3664,24858420,1392,18134
2309,9,21,25,0,65256420,3663,25281960,1415,18143
2310,7,23,25,0,65273340,3662,25288800,1415,18150
2311,12,32,25,0,65294040,3663,25294440,1414,18162
2312,8,34,25,0,65326740,3664,25305180,1414,18170
2313,10,40,25,0,65341380,3664,25314660,1414,18180
2314,12,39,25,0,65378280,3664,25344360,1415,18192
2315,10,39,25,0,65398920,3664,25375440,1416,18202
2316,10,38,25,0,65430420,3664,25399620,1417,18212
2317,9,38,25,0,65451180,3665,25434300,1419,18221
2318,7,37,25,0,65485860,3665,25481760,1421,18228
2319,9,36,25,0,65500740,3664,25636800,1429,18237
2320,16,38,25,0,65520660,3664,25645920,1429,18253
2321,9,37,25,0,65556720,3665,25665720,1430,18262
2322,5,38,25,0,65572740,3665,25669200,1429,18267
2323,7,35,25,0,65606820,3665,25790520,1436,18274
2324,7,34,25,0,65627880,3664,25938720,1443,18281
2325,9,34,25,0,65654220,3664,25961580,1444,18290
2326,2,20,25,0,65688120,3663,27050040,1504,18292
2327,11,19,25,0,65706420,3661,27298260,1517,18303
2328,3,19,25,0,65717880,3661,27301140,1517,18306
2329,8,15,25,0,65763060,3661,27454200,1525,18314
2330,6,13,25,0,65779860,3661,27685560,1537,18320
2331,4,3,25,0,65805600,3659,28457820,1580,18324
2332,7,0,23,2,65832780,3658,28650300,1590,18331
2333,6,0,25,0,65842500,3658,28650300,1589,18337
2334,6,0,22,3,65870220,3658,28650300,1589,18343
2335,2,0,21,4,65883960,3658,28650300,1589,18345
2336,15,3,25,0,65898780,3657,28653360,1587,18360
2337,4,2,25,0,65923020,3657,28664160,1588,18364
2338,4,0,22,3,65949720,3657,28671960,1588,18368
2339,11,1,25,0,65969160,3657,28675380,1587,18379
2340,11,8,25,0,65980620,3657,28680720,1586,18390
2341,7,10,25,0,66010320,3657,28689300,1586,18397
2342,12,18,25,0,66030900,3658,28693860,1586,18409
2343,12,23,25,0,66065340,3658,28714140,1585,18421
2344,11,29,25,0,66090720,3658,28733100,1585,18432
2345,14,36,25,0,66117420,3658,28740720,1585,18446
2346,10,39,25,0,66138180,3658,28749180,1584,18456
2347,9,38,25,0,66168300,3658,28771680,1585,18465
2348,1,32,25,0,66183900,3658,28828860,1588,18466
2349,6,31,25,0,66219540,3658,28897020,1591,18472
2350,4,25,25,0,66241320,3658,29062500,1600,18476
2351,8,16,25,0,66270300,3656,29301960,1613,18484
2352,6,16,25,0,66286620,3655,29348880,1615,18490
2353,2,5,25,0,66310860,3654,29705280,1634,18492
2354,2,0,19,6,66348180,3654,29861340,1642,18494
2355,4,0,20,5,66353280,3653,29861340,1642,18498
2356,8,0,25,0,66365340,3653,29861340,1641,18506
2357,6,0,22,3,66385440,3653,29862660,1641,18512
2358,9,2,25,0,66391200,3652,29862660,1640,18521
2359,7,3,25,0,66422400,3653,29867280,1640,18528
2360,6,1,25,0,66445080,3652,29878620,1640,18534
2361,11,5,25,0,66475860,3653,29882760,1639,18545
2362,15,15,25,0,66499200,3653,29886780,1638,18560
2363,7,16,25,0,66520620,3653,29899860,1638,18567
2364,10,20,25,0,66555780,3654,29913840,1638,18577
2365,8,23,25,0,66577380,3654,29918220,1637,18585
2366,8,28,25,0,66590820,3654,29931360,1637,18593
2367,11,33,25,0,66620040,3654,29953500,1638,18604
2368,7,39,25,0,66630540,3655,29955300,1637,18611
2369,8,38,25,0,66677340,3655,29983860,1638,18619
2370,9,37,25,0,66707640,3656,30003180,1639,18628
2371,9,38,25,0,66733320,3656,30038820,1640,18637
2372,13,38,25,0,66756840,3656,30106320,1643,18650
2373,7,38,25,0,66777840,3656,30158100,1645,18657
2374,7,39,25,0,66806220,3657,30200940,1647,18664
2375,4,37,25,0,66830700,3657,30250980,1649,18668
2376,2,34,25,0,66847500,3657,30335220,1654,18670
2377,3,17,25,0,66887820,3655,31011660,1690,18673
2378,5,0,22,3,66916980,3651,31673340,1726,18678
2379,4,0,25,0,66920760,3651,31673340,1726,18682
2380,7,2,25,0,66941640,3652,31676340,1725,18689
2381,4,0,22,3,66968940,3651,31678200,1725,18693
2382,6,0,22,3,66990360,3651,31678200,1724,18699
2383,16,8,25,0,67008840,3651,31679580,1723,18715
2384,9,12,25,0,67027860,3651,31683780,1722,18724
2385,13,21,25,0,67052340,3652,31695240,1722,18737
2386,8,25,25,0,67071180,3652,31702380,1721,18745
2387,8,29,25,0,67094640,3652,31730400,1722,18753
2388,13,37,25,0,67113960,3653,31739460,1721,18766
2389,11,40,25,0,67138920,3653,31761300,1722,18777
2390,11,38,25,0,67170180,3654,31772640,1722,18788
2391,4,35,25,0,67207980,3654,31846800,1726,18792
2392,5,32,25,0,67236360,3654,31939200,1730,18797
2393,7,30,25,0,67264140,3654,31995000,1733,18804
2394,4,22,25,0,67278660,3652,32218080,1744,18808
2395,14,35,23,2,67285920,3652,32218500,1744,18822
2396,6,36,25,0,67311960,3653,32234580,1743,18828
2397,10,40,25,0,67330140,3654,32239200,1743,18838
2398,7,38,25,0,67375920,3655,32280420,1745,18845
2399,8,39,25,0,67394160,3655,32307120,1746,18853

