Hour,Arrivals,Waiting,Treating,Available Rooms,Total Treatment Time,Average Treatment Time,Total Wait Time,Average Wait Time,Total Arrivals
1,2,0,2,23,0,0,0,0,2
2,9,0,8,17,9180,3060,0,0,11
3,5,0,8,17,28260,3532,0,0,16
4,7,0,5,20,64860,3603,0,0,23
5,9,0,9,16,81960,3563,0,0,32
6,1,0,5,20,97080,3467,0,0,33
7,11,0,10,15,122160,3592,0,0,44
8,7,0,7,18,167460,3805,0,0,51
9,6,0,7,18,195480,3909,0,0,57
10,12,0,10,15,225960,3829,0,0,69
11,10,0,12,13,268980,4014,0,0,79
12,12,0,14,11,310980,4038,0,0,91
13,8,0,11,14,341940,3885,0,0,99
14,13,0,10,15,417840,4096,0,0,112
15,8,0,8,17,438600,3916,0,0,120
16,8,0,10,15,466380,3952,0,0,128
17,5,0,8,17,504000,4032,0,0,133
18,5,0,7,18,527040,4023,0,0,138
19,6,0,6,19,560820,4063,0,0,144
20,3,0,3,22,584820,4061,0,0,147
21,11,0,6,19,607080,3993,0,0,158
22,6,0,5,20,632460,3977,0,0,164
23,4,0,4,21,647040,3945,0,0,168
24,6,0,5,20,666120,3941,0,0,174
25,3,0,5,20,674160,3919,0,0,177
26,6,0,3,22,704460,3913,0,0,183
27,2,0,2,23,712020,3890,0,0,185
28,6,0,4,21,726120,3882,0,0,191
29,5,0,6,19,731100,3847,0,0,196
30,7,0,11,14,741060,3859,0,0,203
31,6,0,7,18,782760,3875,0,0,209
32,6,0,6,19,811560,3883,0,0,215
33,11,0,9,16,841200,3876,0,0,226
34,8,0,11,14,864660,3877,0,0,234
35,12,0,10,15,924720,3918,0,0,246
36,5,0,8,17,945780,3892,0,0,251
37,10,0,9,16,979800,3888,0,0,261
38,12,0,12,13,1015500,3890,0,0,273
39,10,0,10,15,1048980,3842,0,0,283
40,16,0,13,12,1093680,3824,0,0,299
41,15,0,14,11,1134480,3781,0,0,314
42,12,0,12,13,1181400,3762,0,0,326
43,11,0,13,12,1228620,3792,0,0,337
44,12,0,12,13,1279620,3797,0,0,349
45,7,0,8,17,1326180,3810,0,0,356
46,7,0,7,18,1353180,3801,0,0,363
47,5,0,6,19,1385880,3828,0,0,368
48,4,0,6,19,1404120,3836,0,0,372
49,7,0,10,15,1417320,3840,0,0,379
50,4,0,6,19,1453440,3855,0,0,383
51,8,0,4,21,1485180,3837,0,0,391
52,11,0,10,15,1501020,3829,0,0,402
53,5,0,5,20,1541100,3833,0,0,407
54,5,0,5,20,1561200,3835,0,0,412
55,11,0,6,19,1590120,3813,0,0,423
56,14,0,13,12,1609620,3796,0,0,437
57,8,0,9,16,1648080,3780,0,0,445
58,8,0,7,18,1693740,3797,0,0,453
59,8,0,8,17,1719420,3795,0,0,461
60,12,0,10,15,1764000,3809,0,0,473
61,6,0,10,15,1783260,3802,0,0,479
62,6,0,7,18,1823700,3815,0,0,485
63,10,0,12,13,1857180,3845,0,0,495
64,11,0,13,12,1893120,3840,0,0,506
65,16,0,16,9,1943640,3841,0,0,522
66,4,0,6,19,2005380,3856,0,0,526
67,13,0,11,14,2041860,3867,0,0,539
68,7,0,7,18,2086920,3871,0,0,546
69,6,0,7,18,2107440,3866,0,0,552
70,5,0,8,17,2118060,3858,0,0,557
71,8,0,5,20,2168700,3872,0,0,565
72,8,0,6,19,2190180,3862,0,0,573
73,3,0,5,20,2206920,3865,0,0,576
74,7,0,8,17,2219880,3860,0,0,583
75,4,0,3,22,2251980,3856,0,0,587
76,9,0,5,20,2268060,3837,0,0,596
77,6,0,5,20,2281680,3821,0,0,602
78,8,0,4,21,2305080,3803,0,0,610
79,10,0,6,19,2326440,3788,0,0,620
80,9,0,8,17,2346120,3777,0,0,629
81,9,0,8,17,2384520,3784,0,0,638
82,13,0,9,16,2402820,3742,0,0,651
83,7,0,8,17,2442060,3757,0,0,658
84,10,0,7,18,2476680,3746,0,0,668
85,9,0,8,17,2506020,3745,0,0,677
86,8,0,9,16,2532300,3746,0,0,685
87,9,0,9,16,2568780,3750,0,0,694
88,6,0,8,17,2594100,3748,0,0,700
89,5,0,7,18,2626980,3763,0,0,705
90,7,0,8,17,2653140,3768,0,0,712
91,5,0,6,19,2673780,3760,0,0,717
92,8,0,9,16,2688600,3755,0,0,725
93,7,0,10,15,2716800,3762,0,0,732
94,10,0,11,14,2743860,3753,0,0,742
95,9,0,12,13,2788680,3773,0,0,751
96,11,0,12,13,2839620,3786,0,0,762
97,10,0,12,13,2885100,3796,0,0,772
98,4,0,7,18,2927340,3806,0,0,776
99,8,0,8,17,2964000,3819,0,0,784
100,12,0,9,16,2993580,3803,0,0,796
101,4,0,5,20,3028620,3809,0,0,800
102,11,0,8,17,3053220,3802,0,0,811
103,15,0,14,11,3076380,3788,0,0,826
104,14,0,15,10,3120960,3782,0,0,840
105,11,0,15,10,3154860,3773,0,0,851
106,6,0,12,13,3200340,3787,0,0,857
107,13,0,13,12,3247320,3789,0,0,870
108,11,0,9,16,3320100,3807,0,0,881
109,12,0,13,12,3348960,3805,0,0,893
110,7,0,7,18,3394560,3801,0,0,900
111,11,0,12,13,3421980,3806,0,0,911
112,14,0,17,8,3455100,3805,0,0,925
113,12,0,13,12,3519120,3808,0,0,937
114,8,0,10,15,3550620,3797,0,0,945
115,11,0,13,12,3574020,3790,0,0,956
116,6,0,8,17,3622200,3796,0,0,962
117,5,0,7,18,3643380,3795,0,0,967
118,7,0,2,23,3675600,3781,0,0,974
119,6,0,4,21,3687780,3778,0,0,980
120,4,0,5,20,3693600,3772,0,0,984
121,2,0,1,24,3727200,3783,0,0,986
122,7,0,5,20,3729960,3775,0,0,993
123,2,0,2,23,3748200,3774,0,0,995
124,10,0,8,17,3753600,3764,0,0,1005
125,3,0,7,18,3769080,3765,0,0,1008
126,7,0,7,18,3806400,3776,0,0,1015
127,3,0,3,22,3834900,3778,0,0,1018
128,4,0,3,22,3853380,3781,0,0,1022
129,3,0,2,23,3861960,3775,0,0,1025
130,9,0,8,17,3865680,3767,0,0,1034
131,9,0,13,12,3875880,3762,0,0,1043
132,11,0,13,12,3927000,3772,0,0,1054
133,13,0,14,11,3966000,3766,0,0,1067
134,13,0,16,9,4014780,3773,0,0,1080
135,6,0,12,13,4053840,3774,0,0,1086
136,9,0,10,15,4113060,3790,0,0,1095
137,9,0,7,18,4159500,3791,0,0,1104
138,12,0,13,12,4180200,3789,0,0,1116
139,5,0,8,17,4209540,3782,0,0,1121
140,9,0,9,16,4239360,3781,0,0,1130
141,10,0,11,14,4276620,3787,0,0,1140
142,5,0,7,18,4310220,3787,0,0,1145
143,11,0,10,15,4350300,3796,0,0,1156
144,7,0,7,18,4383660,3792,0,0,1163
145,3,0,6,19,4403760,3796,0,0,1166
146,4,0,4,21,4430040,3799,0,0,1170
147,8,0,5,20,4446720,3790,0,0,1178
148,7,0,5,20,4465740,3784,0,0,1185
149,6,0,6,19,4492140,3790,0,0,1191
150,8,0,8,17,4499520,3777,0,0,1199
151,12,0,11,14,4534920,3779,0,0,1211
152,13,0,14,11,4565820,3773,0,0,1224
153,9,0,10,15,4618800,3776,0,0,1233
154,16,0,15,10,4649940,3768,0,0,1249
155,7,0,9,16,4713720,3780,0,0,1256
156,15,0,17,8,4741020,3780,0,0,1271
157,13,0,14,11,4803600,3782,0,0,1284
158,12,0,13,12,4854120,3783,0,0,1296
159,19,0,19,6,4905900,3785,0,0,1315
160,6,0,9,16,4967400,3786,0,0,1321
161,11,0,10,15,5019360,3796,0,0,1332
162,6,0,7,18,5047260,3792,0,0,1338
163,9,0,6,19,5081640,3789,0,0,1347
164,6,0,7,18,5097960,3787,0,0,1353
165,12,0,12,13,5122440,3785,0,0,1365
166,6,0,8,17,5170320,3793,0,0,1371
167,6,0,7,18,5190360,3788,0,0,1377
168,5,0,3,22,5223720,3788,0,0,1382
169,7,0,5,20,5240940,3786,0,0,1389
170,5,0,6,19,5248860,3781,0,0,1394
171,4,0,6,19,5272800,3787,0,0,1398
172,7,0,7,18,5293680,3786,0,0,1405
173,9,0,10,15,5314020,3784,0,0,1414
174,5,0,6,19,5351460,3787,0,0,1419
175,5,0,5,20,5382060,3792,0,0,1424
176,2,0,4,21,5389980,3790,0,0,1426
177,11,0,10,15,5405040,3787,0,0,1437
178,10,0,12,13,5424960,3780,0,0,1447
179,13,0,10,15,5469480,3772,0,0,1460
180,11,0,8,17,5513700,3768,0,0,1471
181,8,0,10,15,5531340,3765,0,0,1479
182,3,0,6,19,5569080,3773,0,0,1482
183,11,0,11,14,5589660,3771,0,0,1493
184,13,0,9,16,5619300,3753,0,0,1506
185,9,0,10,15,5665680,3764,0,0,1515
186,8,0,10,15,5689920,3760,0,0,1523
187,7,0,4,21,5734320,3757,0,0,1530
188,5,0,4,21,5750160,3755,0,0,1535
189,7,0,6,19,5758920,3749,0,0,1542
190,7,0,9,16,5772180,3748,0,0,1549
191,9,0,4,21,5816760,3743,0,0,1558
192,2,0,2,23,5834340,3744,0,0,1560
193,4,0,3,22,5841060,3741,0,0,1564
194,9,0,10,15,5847240,3741,0,0,1573
195,2,0,3,22,5871840,3735,0,0,1575
196,5,0,4,21,5893440,3739,0,0,1580
197,12,0,10,15,5910300,3735,0,0,1592
198,8,0,5,20,5943240,3726,0,0,1600
199,10,0,8,17,5963160,3722,0,0,1610
200,11,0,12,13,5983200,3718,0,0,1621
201,11,0,12,13,6019380,3715,0,0,1632
202,9,0,8,17,6062160,3712,0,0,1641
203,14,0,11,14,6101580,3711,0,0,1655
204,7,0,12,13,6123420,3711,0,0,1662
205,9,0,10,15,6180480,3720,0,0,1671
206,10,0,8,17,6214380,3714,0,0,1681
207,6,0,7,18,6241020,3714,0,0,1687
208,10,0,8,17,6269940,3712,0,0,1697
209,6,0,6,19,6300660,3712,0,0,1703
210,11,0,7,18,6328200,3707,0,0,1714
211,8,0,8,17,6352440,3706,0,0,1722
212,11,0,11,14,6371520,3700,0,0,1733
213,7,0,5,20,6401520,3689,0,0,1740
214,6,0,7,18,6408120,3684,0,0,1746
215,8,0,3,22,6464220,3691,0,0,1754
216,4,0,6,19,6466560,3690,0,0,1758
217,5,0,5,20,6486240,3689,0,0,1763
218,4,0,3,22,6501120,3685,0,0,1767
219,5,0,4,21,6513660,3684,0,0,1772
220,4,0,5,20,6523740,3683,0,0,1776
221,8,0,8,17,6544980,3685,0,0,1784
222,12,0,16,9,6566220,3688,0,0,1796
223,6,0,8,17,6617280,3688,0,0,1802
224,13,0,9,16,6661560,3688,0,0,1815
225,7,0,9,16,6681720,3685,0,0,1822
226,10,0,12,13,6706560,3684,0,0,1832
227,9,0,10,15,6753840,3688,0,0,1841
228,12,0,9,16,6804480,3690,0,0,1853
229,13,0,10,15,6852720,3692,0,0,1866
230,16,0,10,15,6894840,3683,0,0,1882
231,13,0,15,10,6915960,3678,0,0,1895
232,7,0,10,15,6954540,3675,0,0,1902
233,7,0,7,18,6998520,3679,0,0,1909
234,9,0,4,21,7026960,3671,0,0,1918
235,5,0,6,19,7040700,3672,0,0,1923
236,8,0,5,20,7064700,3668,0,0,1931
237,6,0,5,20,7085400,3667,0,0,1937
238,8,0,8,17,7092360,3661,0,0,1945
239,10,0,12,13,7110000,3659,0,0,1955
240,3,0,5,20,7153800,3662,0,0,1958
241,6,0,5,20,7169760,3659,0,0,1964
242,4,0,5,20,7188120,3661,0,0,1968
243,5,0,4,21,7206120,3659,0,0,1973
244,7,0,7,18,7218300,3658,0,0,1980
245,7,0,9,16,7243920,3662,0,0,1987
246,4,0,7,18,7271160,3664,0,0,1991
247,6,0,5,20,7306860,3668,0,0,1997
248,6,0,5,20,7330440,3668,0,0,2003
249,6,0,7,18,7346940,3669,0,0,2009
250,10,0,13,12,7352220,3665,0,0,2019
251,17,0,16,9,7406100,3666,0,0,2036
252,7,0,14,11,7436760,3665,0,0,2043
253,8,0,6,19,7511460,3673,0,0,2051
254,12,0,11,14,7531380,3670,0,0,2063
255,11,0,10,15,7568040,3666,0,0,2074
256,13,0,15,10,7590420,3663,0,0,2087
257,10,0,8,17,7652040,3663,0,0,2097
258,8,0,5,20,7694040,3663,0,0,2105
259,4,0,4,21,7710540,3662,0,0,2109
260,9,0,8,17,7719060,3658,0,0,2118
261,8,0,5,20,7754160,3655,0,0,2126
262,3,0,2,23,7769820,3652,0,0,2129
263,4,0,5,20,7777500,3654,0,0,2133
264,4,0,4,21,7799400,3656,0,0,2137
265,5,0,5,20,7811700,3655,0,0,2142
266,9,0,9,16,7829880,3655,0,0,2151
267,4,0,4,21,7859880,3654,0,0,2155
268,7,0,2,23,7880640,3648,0,0,2162
269,6,0,6,19,7890540,3649,0,0,2168
270,7,0,6,19,7915020,3649,0,0,2175
271,9,0,12,13,7923420,3647,0,0,2184
272,12,0,15,10,7953900,3646,0,0,2196
273,12,0,14,11,8014080,3652,0,0,2208
274,11,0,14,11,8066700,3658,0,0,2219
275,12,0,14,11,8106840,3656,0,0,2231
276,7,0,9,16,8170080,3665,0,0,2238
277,11,0,9,16,8211780,3665,0,0,2249
278,8,0,12,13,8226240,3664,0,0,2257
279,14,0,12,13,8280540,3665,0,0,2271
280,10,0,13,12,8309880,3663,0,0,2281
281,4,0,7,18,8349240,3665,0,0,2285
282,8,0,7,18,8387100,3668,0,0,2293
283,10,0,12,13,8404680,3668,0,0,2303
284,5,0,6,19,8443560,3667,0,0,2308
285,9,0,7,18,8472420,3667,0,0,2317
286,6,0,3,22,8495820,3661,0,0,2323
287,10,0,9,16,8508780,3661,0,0,2333
288,6,0,9,16,8526540,3659,0,0,2339
289,3,0,6,19,8559900,3664,0,0,2342
290,7,0,7,18,8589540,3667,0,0,2349
291,8,0,8,17,8615940,3667,0,0,2357
292,5,0,9,16,8630160,3667,0,0,2362
293,3,0,4,21,8674980,3674,0,0,2365
294,8,0,10,15,8678880,3672,0,0,2373
295,11,0,16,9,8707080,3676,0,0,2384
296,4,0,5,20,8763900,3677,0,0,2388
297,8,0,5,20,8794680,3678,0,0,2396
298,7,0,6,19,8813760,3676,0,0,2403
299,8,0,7,18,8834400,3674,0,0,2411
300,18,0,11,14,8860800,3664,0,0,2429
301,10,0,10,15,8893680,3661,0,0,2439
302,11,0,10,15,8928060,3659,0,0,2450
303,5,0,7,18,8954460,3657,0,0,2455
304,9,0,8,17,8986380,3658,0,0,2464
305,11,0,9,16,9029700,3661,0,0,2475
306,7,0,7,18,9056640,3659,0,0,2482
307,4,0,5,20,9088860,3663,0,0,2486
308,8,0,6,19,9108840,3661,0,0,2494
309,12,0,8,17,9128940,3654,0,0,2506
310,5,0,7,18,9151320,3654,0,0,2511
311,7,0,5,20,9187020,3655,0,0,2518
312,8,0,7,18,9204780,3654,0,0,2526
313,3,0,4,21,9230880,3655,0,0,2529
314,5,0,4,21,9244380,3653,0,0,2534
315,5,0,4,21,9253200,3650,0,0,2539
316,5,0,6,19,9260100,3648,0,0,2544
317,4,0,4,21,9285540,3649,0,0,2548
318,8,0,4,21,9303900,3645,0,0,2556
319,4,0,3,22,9313440,3642,0,0,2560
320,7,0,4,21,9330000,3640,0,0,2567
321,10,0,7,18,9347520,3637,0,0,2577
322,9,0,7,18,9377820,3636,0,0,2586
323,12,0,11,14,9401460,3634,0,0,2598
324,8,0,9,16,9432240,3631,0,0,2606
325,12,0,11,14,9458580,3628,0,0,2618
326,13,0,10,15,9513180,3629,0,0,2631
327,5,0,7,18,9540000,3628,0,0,2636
328,5,0,8,17,9551340,3627,0,0,2641
329,10,0,7,18,9602760,3631,0,0,2651
330,5,0,4,21,9638100,3634,0,0,2656
331,7,0,8,17,9647340,3633,0,0,2663
332,11,0,10,15,9667500,3628,0,0,2674
333,2,0,4,21,9697140,3629,0,0,2676
334,3,0,4,21,9721440,3634,0,0,2679
335,7,0,6,19,9739500,3634,0,0,2686
336,2,0,4,21,9752160,3633,0,0,2688
337,3,0,1,24,9775200,3633,0,0,2691
338,2,0,1,24,9781740,3633,0,0,2693
339,4,0,4,21,9786840,3634,0,0,2697
340,11,0,8,17,9805200,3631,0,0,2708
341,9,0,9,16,9823680,3627,0,0,2717
342,6,0,5,20,9861720,3628,0,0,2723
343,7,0,8,17,9877680,3628,0,0,2730
344,6,0,6,19,9904140,3627,0,0,2736
345,9,0,5,20,9944520,3629,0,0,2745
346,10,0,8,17,9959340,3625,0,0,2755
347,10,0,8,17,9979260,3619,0,0,2765
348,10,0,8,17,10016280,3619,0,0,2775
349,16,0,15,10,10042920,3617,0,0,2791
350,8,0,15,10,10072860,3618,0,0,2799
351,10,0,14,11,10126980,3623,0,0,2809
352,14,0,14,11,10184220,3625,0,0,2823
353,11,0,15,10,10220700,3625,0,0,2834
354,12,0,14,11,10287840,3632,0,0,2846
355,7,0,14,11,10307400,3630,0,0,2853
356,6,0,10,15,10363320,3637,0,0,2859
357,7,0,9,16,10402140,3640,0,0,2866
358,12,0,11,14,10445520,3643,0,0,2878
359,7,0,14,11,10474080,3648,0,0,2885
360,7,0,9,16,10530180,3652,0,0,2892
361,4,0,3,22,10577820,3656,0,0,2896
362,4,0,4,21,10584240,3654,0,0,2900
363,2,0,2,23,10598220,3654,0,0,2902
364,6,0,2,23,10605420,3649,0,0,2908
365,7,0,6,19,10611900,3647,0,0,2915
366,9,0,7,18,10631940,3644,0,0,2924
367,10,0,10,15,10650360,3642,0,0,2934
368,4,0,4,21,10695300,3645,0,0,2938
369,9,0,11,14,10700880,3644,0,0,2947
370,7,0,9,16,10745160,3648,0,0,2954
371,14,0,14,11,10771980,3646,0,0,2968
372,10,0,14,11,10809600,3646,0,0,2978
373,4,0,7,18,10863060,3651,0,0,2982
374,12,0,9,16,10907160,3653,0,0,2994
375,14,0,12,13,10931160,3648,0,0,3008
376,5,0,9,16,10962300,3649,0,0,3013
377,13,0,10,15,11013480,3651,0,0,3026
378,9,0,11,14,11045940,3652,0,0,3035
379,3,0,5,20,11084460,3654,0,0,3038
380,8,0,4,21,11122440,3656,0,0,3046
381,8,0,8,17,11133300,3655,0,0,3054
382,9,0,9,16,11148180,3650,0,0,3063
383,4,0,2,23,11210040,3657,0,0,3067
384,5,0,3,22,11217900,3655,0,0,3072
385,3,0,3,22,11221140,3652,0,0,3075
386,6,0,6,19,11225700,3650,0,0,3081
387,6,0,10,15,11231460,3650,0,0,3087
388,2,0,3,22,11269440,3651,0,0,3089
389,10,0,7,18,11294940,3652,0,0,3099
390,9,0,13,12,11301060,3651,0,0,3108
391,8,0,9,16,11345940,3651,0,0,3116
392,7,0,6,19,11384160,3652,0,0,3123
393,6,0,6,19,11403600,3651,0,0,3129
394,14,0,14,11,11417880,3649,0,0,3143
395,10,0,8,17,11460240,3643,0,0,3153
396,9,0,6,19,11503440,3644,0,0,3162
397,14,0,15,10,11520000,3644,0,0,3176
398,10,0,13,12,11557080,3642,0,0,3186
399,10,0,10,15,11609700,3643,0,0,3196
400,7,0,7,18,11645520,3643,0,0,3203
401,9,0,7,18,11679420,3644,0,0,3212
402,6,0,7,18,11710860,3647,0,0,3218
403,6,0,7,18,11727360,3645,0,0,3224
404,3,0,4,21,11759520,3648,0,0,3227
405,3,0,3,22,11775540,3649,0,0,3230
406,4,0,5,20,11781660,3648,0,0,3234
407,2,0,2,23,11803920,3649,0,0,3236
408,6,0,3,22,11822640,3650,0,0,3242
409,2,0,2,23,11833620,3650,0,0,3244
410,2,0,2,23,11843580,3650,0,0,3246
411,5,0,3,22,11850060,3648,0,0,3251
412,9,0,9,16,11860500,3648,0,0,3260
413,6,0,9,16,11880720,3647,0,0,3266
414,5,0,5,20,11907360,3645,0,0,3271
415,6,0,4,21,11926920,3644,0,0,3277
416,8,0,8,17,11930340,3640,0,0,3285
417,12,0,10,15,11969700,3641,0,0,3297
418,7,0,10,15,11992860,3640,0,0,3304
419,5,0,9,16,12030900,3645,0,0,3309
420,11,0,8,17,12075360,3645,0,0,3320
421,13,0,12,13,12105600,3645,0,0,3333
422,7,0,9,16,12138300,3644,0,0,3340
423,8,0,6,19,12187260,3646,0,0,3348
424,14,0,10,15,12213420,3643,0,0,3362
425,14,0,15,10,12233520,3639,0,0,3376
426,13,0,15,10,12284700,3640,0,0,3389
427,4,0,6,19,12336000,3642,0,0,3393
428,7,0,7,18,12372480,3646,0,0,3400
429,10,0,12,13,12390480,3646,0,0,3410
430,5,0,10,15,12417960,3646,0,0,3415
431,4,0,4,21,12468300,3651,0,0,3419
432,4,0,4,21,12489900,3653,0,0,3423
433,2,0,3,22,12498300,3652,0,0,3425
434,5,0,3,22,12512520,3651,0,0,3430
435,3,0,4,21,12523740,3652,0,0,3433
436,8,0,6,19,12542340,3651,0,0,3441
437,14,0,11,14,12569700,3649,0,0,3455
438,3,0,2,23,12609840,3648,0,0,3458
439,11,0,8,17,12618600,3645,0,0,3469
440,9,0,12,13,12635880,3645,0,0,3478
441,9,0,10,15,12672120,3644,0,0,3487
442,10,0,11,14,12712920,3646,0,0,3497
443,15,0,15,10,12752520,3646,0,0,3512
444,14,0,14,11,12794940,3643,0,0,3526
445,10,0,12,13,12831540,3641,0,0,3536
446,9,0,10,15,12862080,3638,0,0,3545
447,13,0,11,14,12918480,3642,0,0,3558
448,6,0,5,20,12960780,3641,0,0,3564
449,10,0,10,15,12973380,3640,0,0,3574
450,6,0,9,16,12988560,3637,0,0,3580
451,10,0,8,17,13029480,3637,0,0,3590
452,5,0,9,16,13046700,3638,0,0,3595
453,8,0,12,13,13078200,3641,0,0,3603
454,9,0,9,16,13119300,3641,0,0,3612
455,6,0,11,14,13126380,3639,0,0,3618
456,7,0,7,18,13192740,3646,0,0,3625
457,4,0,8,17,13211520,3648,0,0,3629
458,11,0,11,14,13236180,3647,0,0,3640
459,7,0,10,15,13271520,3649,0,0,3647
460,6,0,11,14,13295580,3650,0,0,3653
461,2,0,2,23,13355880,3656,0,0,3655
462,1,0,1,24,13368780,3657,0,0,3656
463,14,0,7,18,13377360,3652,0,0,3670
464,6,0,5,20,13392720,3648,0,0,3676
465,12,0,12,13,13405620,3646,0,0,3688
466,7,0,11,14,13430880,3645,0,0,3695
467,9,0,11,14,13479540,3650,0,0,3704
468,8,0,11,14,13514580,3651,0,0,3712
469,15,0,15,10,13550940,3650,0,0,3727
470,8,0,14,11,13590600,3652,0,0,3735
471,8,0,7,18,13652580,3654,0,0,3743
472,12,0,8,17,13681080,3651,0,0,3755
473,12,0,15,10,13708620,3653,0,0,3767
474,12,0,15,10,13743540,3651,0,0,3779
475,6,0,6,19,13818720,3656,0,0,3785
476,5,0,6,19,13830480,3654,0,0,3790
477,7,0,5,20,13851060,3652,0,0,3797
478,3,0,3,22,13870800,3653,0,0,3800
479,5,0,6,19,13881120,3653,0,0,3805
480,5,0,6,19,13895220,3652,0,0,3810
481,7,0,6,19,13924320,3653,0,0,3817
482,8,0,6,19,13946880,3651,0,0,3825
483,7,0,9,16,13958280,3651,0,0,3832
484,1,0,0,25,14001780,3652,0,0,3833
485,8,0,6,19,14003640,3651,0,0,3841
486,5,0,7,18,14012100,3649,0,0,3846
487,12,0,10,15,14042220,3649,0,0,3858
488,3,0,5,20,14071200,3649,0,0,3861
489,14,0,12,13,14093220,3648,0,0,3875
490,8,0,11,14,14131860,3649,0,0,3883
491,10,0,9,16,14164560,3646,0,0,3893
492,10,0,9,16,14191860,3644,0,0,3903
493,10,0,8,17,14225100,3642,0,0,3913
494,14,0,12,13,14254080,3640,0,0,3927
495,2,0,6,19,14293200,3643,0,0,3929
496,7,0,8,17,14318400,3645,0,0,3936
497,7,0,9,16,14350800,3647,0,0,3943
498,8,0,10,15,14377320,3648,0,0,3951
499,9,0,8,17,14419680,3648,0,0,3960
500,4,0,8,17,14433180,3648,0,0,3964
501,4,0,4,21,14468580,3649,0,0,3968
502,4,0,2,23,14492520,3650,0,0,3972
503,6,0,2,23,14506920,3648,0,0,3978
504,2,0,2,23,14508900,3647,0,0,3980
505,2,0,3,22,14511840,3647,0,0,3982
506,5,0,4,21,14536860,3649,0,0,3987
507,7,0,7,18,14543520,3647,0,0,3994
508,7,0,10,15,14548980,3645,0,0,4001
509,5,0,7,18,14588160,3647,0,0,4006
510,5,0,7,18,14617560,3650,0,0,4011
511,10,0,4,21,14660640,3649,0,0,4021
512,7,0,7,18,14667540,3647,0,0,4028
513,8,0,7,18,14687460,3645,0,0,4036
514,6,0,6,19,14705220,3643,0,0,4042
515,12,0,14,11,14712420,3641,0,0,4054
516,11,0,9,16,14776080,3643,0,0,4065
517,10,0,11,14,14803560,3642,0,0,4075
518,18,0,16,9,14827860,3636,0,0,4093
519,10,0,11,14,14881440,3636,0,0,4103
520,14,0,14,11,14926860,3638,0,0,4117
521,10,0,11,14,14970420,3637,0,0,4127
522,10,0,11,14,15010980,3638,0,0,4137
523,8,0,15,10,15018360,3636,0,0,4145
524,12,0,10,15,15097200,3640,0,0,4157
525,9,0,10,15,15125040,3639,0,0,4166
526,8,0,9,16,15154320,3638,0,0,4174
527,4,0,5,20,15187740,3639,0,0,4178
528,7,0,10,15,15196560,3639,0,0,4185
529,8,0,9,16,15232560,3640,0,0,4193
530,5,0,7,18,15258000,3640,0,0,4198
531,5,0,5,20,15286320,3641,0,0,4203
532,5,0,5,20,15303780,3641,0,0,4208
533,9,0,6,19,15320400,3638,0,0,4217
534,5,0,5,20,15340320,3637,0,0,4222
535,6,0,4,21,15359520,3636,0,0,4228
536,7,0,4,21,15378780,3634,0,0,4235
537,10,0,7,18,15392940,3632,0,0,4245
538,9,0,9,16,15415260,3631,0,0,4254
539,13,0,9,16,15454020,3629,0,0,4267
540,14,0,13,12,15484740,3628,0,0,4281
541,10,0,12,13,15517440,3626,0,0,4291
542,11,0,11,14,15562080,3626,0,0,4302
543,8,0,10,15,15592320,3626,0,0,4310
544,10,0,6,19,15645600,3626,0,0,4320
545,10,0,9,16,15666000,3625,0,0,4330
546,5,0,6,19,15690540,3624,0,0,4335
547,3,0,5,20,15709860,3625,0,0,4338
548,4,0,5,20,15728700,3626,0,0,4342
549,5,0,8,17,15733560,3626,0,0,4347
550,7,0,8,17,15763020,3627,0,0,4354
551,8,0,7,18,15796860,3627,0,0,4362
552,4,0,2,23,15828900,3627,0,0,4366
553,8,0,9,16,15829980,3626,0,0,4374
554,1,0,4,21,15855900,3627,0,0,4375
555,2,0,1,24,15877440,3628,0,0,4377
556,5,0,5,20,15882120,3628,0,0,4382
557,9,0,9,16,15889680,3626,0,0,4391
558,3,0,5,20,15921780,3627,0,0,4394
559,8,0,7,18,15944160,3627,0,0,4402
560,13,0,12,13,15966840,3626,0,0,4415
561,13,0,14,11,15991380,3622,0,0,4428
562,4,0,9,16,16043640,3627,0,0,4432
563,9,0,7,18,16082460,3627,0,0,4441
564,8,0,12,13,16089660,3626,0,0,4449
565,13,0,14,11,16145460,3629,0,0,4462
566,9,0,12,13,16189860,3630,0,0,4471
567,6,0,10,15,16231440,3633,0,0,4477
568,7,0,10,15,16253040,3632,0,0,4484
569,6,0,10,15,16298400,3638,0,0,4490
570,7,0,8,17,16335180,3638,0,0,4497
571,6,0,4,21,16369020,3638,0,0,4503
572,5,0,5,20,16387020,3639,0,0,4508
573,8,0,8,17,16400820,3638,0,0,4516
574,4,0,6,19,16430640,3639,0,0,4520
575,8,0,8,17,16460040,3641,0,0,4528
576,4,0,5,20,16484520,3641,0,0,4532
577,5,0,7,18,16500420,3642,0,0,4537
578,7,0,8,17,16525140,3643,0,0,4544
579,2,0,2,23,16557120,3643,0,0,4546
580,9,0,7,18,16570800,3643,0,0,4555
581,5,0,8,17,16581240,3642,0,0,4560
582,8,0,8,17,16616640,3644,0,0,4568
583,6,0,7,18,16643400,3644,0,0,4574
584,13,0,10,15,16675860,3643,0,0,4587
585,15,0,16,9,16700640,3641,0,0,4602
586,14,0,15,10,16738980,3638,0,0,4616
587,4,0,12,13,16780080,3641,0,0,4620
588,14,0,12,13,16840980,3643,0,0,4634
589,10,0,11,14,16877220,3642,0,0,4644
590,8,0,13,12,16896480,3642,0,0,4652
591,10,0,15,10,16933620,3643,0,0,4662
592,7,0,7,18,16998420,3646,0,0,4669
593,7,0,4,21,17025540,3644,0,0,4676
594,12,0,11,14,17031540,3641,0,0,4688
595,13,0,10,15,17077680,3640,0,0,4701
596,8,0,8,17,17120700,3641,0,0,4709
597,5,0,9,16,17139600,3642,0,0,4714
598,6,0,7,18,17180220,3645,0,0,4720
599,3,0,4,21,17216460,3648,0,0,4723
600,6,0,5,20,17234280,3648,0,0,4729
601,9,0,6,19,17253480,3646,0,0,4738
602,2,0,1,24,17270340,3644,0,0,4740
603,6,0,4,21,17273160,3642,0,0,4746
604,4,0,5,20,17280060,3641,0,0,4750
605,10,0,7,18,17307960,3641,0,0,4760
606,7,0,6,19,17331660,3640,0,0,4767
607,4,0,5,20,17348640,3640,0,0,4771
608,4,0,5,20,17363700,3640,0,0,4775
609,6,0,6,19,17383020,3640,0,0,4781
610,9,0,10,15,17395740,3639,0,0,4790
611,6,0,6,19,17426940,3638,0,0,4796
612,10,0,8,17,17445120,3635,0,0,4806
613,11,0,8,17,17475780,3633,0,0,4817
614,12,0,13,12,17490780,3631,0,0,4829
615,11,0,11,14,17535060,3631,0,0,4840
616,9,0,10,15,17584980,3634,0,0,4849
617,10,0,10,15,17623860,3634,0,0,4859
618,7,0,9,16,17655660,3635,0,0,4866
619,6,0,10,15,17676240,3635,0,0,4872
620,4,0,3,22,17726280,3637,0,0,4876
621,7,0,7,18,17737320,3637,0,0,4883
622,3,0,4,21,17761260,3638,0,0,4886
623,5,0,4,21,17776440,3637,0,0,4891
624,5,0,4,21,17784660,3635,0,0,4896
625,6,0,5,20,17810760,3637,0,0,4902
626,3,0,4,21,17821440,3636,0,0,4905
627,4,0,6,19,17838120,3638,0,0,4909
628,10,0,11,14,17848800,3636,0,0,4919
629,6,0,9,16,17875740,3636,0,0,4925
630,4,0,6,19,17913180,3638,0,0,4929
631,17,0,10,15,17956260,3637,0,0,4946
632,18,0,18,7,17989020,3637,0,0,4964
633,7,0,9,16,18059340,3639,0,0,4971
634,12,0,13,12,18097320,3641,0,0,4983
635,14,0,14,11,18140400,3640,0,0,4997
636,8,0,8,17,18194520,3641,0,0,5005
637,7,0,5,20,18230280,3640,0,0,5012
638,7,0,6,19,18246900,3639,0,0,5019
639,12,0,11,14,18269580,3639,0,0,5031
640,13,0,10,15,18319740,3639,0,0,5044
641,7,0,11,14,18339300,3638,0,0,5051
642,14,0,8,17,18400620,3638,0,0,5065
643,7,0,6,19,18427620,3637,0,0,5072
644,5,0,5,20,18448080,3637,0,0,5077
645,12,0,10,15,18471420,3636,0,0,5089
646,5,0,8,17,18494580,3636,0,0,5094
647,7,0,5,20,18532380,3636,0,0,5101
648,3,0,4,21,18547860,3636,0,0,5104
649,6,0,6,19,18560280,3636,0,0,5110
650,5,0,3,22,18592140,3636,0,0,5115
651,3,0,5,20,18595860,3636,0,0,5118
652,6,0,6,19,18620580,3638,0,0,5124
653,7,0,7,18,18642060,3638,0,0,5131
654,2,0,3,22,18667260,3638,0,0,5133
655,7,0,5,20,18675360,3636,0,0,5140
656,5,0,4,21,18698400,3637,0,0,5145
657,9,0,6,19,18717300,3635,0,0,5154
658,12,0,8,17,18743400,3633,0,0,5166
659,11,0,9,16,18774480,3632,0,0,5177
660,14,0,14,11,18799920,3631,0,0,5191
661,8,0,10,15,18837840,3630,0,0,5199
662,13,0,13,12,18874260,3630,0,0,5212
663,14,0,12,13,18923940,3629,0,0,5226
664,8,0,7,18,18977220,3630,0,0,5234
665,7,0,9,16,18995520,3630,0,0,5241
666,12,0,14,11,19035600,3633,0,0,5253
667,7,0,12,13,19059300,3631,0,0,5260
668,12,0,11,14,19125840,3635,0,0,5272
669,7,0,8,17,19151340,3633,0,0,5279
670,5,0,5,20,19183920,3634,0,0,5284
671,7,0,6,19,19209120,3634,0,0,5291
672,7,0,8,17,19231620,3635,0,0,5298
673,0,0,7,18,19235820,3635,0,0,5298
674,5,0,12,13,19235820,3635,0,0,5303
675,9,0,15,10,19247220,3633,0,0,5312
676,7,0,13,12,19276920,3633,0,0,5319
677,4,0,11,14,19298700,3633,0,0,5323
678,9,0,16,9,19315260,3633,0,0,5332
679,8,0,15,10,19339320,3631,0,0,5340
680,6,0,14,11,19360800,3631,0,0,5346
681,10,0,20,5,19380240,3631,0,0,5356
682,10,0,20,5,19422960,3633,0,0,5366
683,10,0,18,7,19465020,3632,0,0,5376
684,12,0,17,8,19510620,3632,0,0,5388
685,13,0,18,7,19555440,3632,0,0,5401
686,11,0,21,4,19576980,3631,0,0,5412
687,10,0,17,8,19639920,3633,0,0,5422
688,9,0,17,8,19675440,3634,0,0,5431
689,12,0,20,5,19715100,3635,0,0,5443
690,6,0,16,9,19753440,3635,0,0,5449
691,6,0,15,10,19795800,3638,0,0,5455
692,3,0,10,15,19835100,3640,0,0,5458
693,5,0,11,14,19847100,3640,0,0,5463
694,4,0,9,16,19863240,3639,0,0,5467
695,3,0,10,15,19867680,3638,0,0,5470
696,2,0,10,15,19878840,3639,0,0,5472
697,2,0,10,15,19888140,3639,0,0,5474
698,7,0,12,13,19900800,3638,0,0,5481
699,4,0,11,14,19921440,3639,0,0,5485
700,6,0,11,14,19939920,3638,0,0,5491
701,5,0,11,14,19953480,3637,0,0,5496
702,10,0,14,11,19970520,3636,0,0,5506
703,2,0,10,15,19992060,3636,0,0,5508
704,6,0,13,12,20009640,3637,0,0,5514
705,10,0,14,11,20022900,3633,0,0,5524
706,11,0,18,7,20051700,3634,0,0,5535
707,9,0,20,5,20082120,3635,0,0,5544
708,9,0,17,8,20127660,3635,0,0,5553
709,12,0,16,9,20165880,3634,0,0,5565
710,7,0,14,11,20198340,3634,0,0,5572
711,7,0,12,13,20235360,3634,0,0,5579
712,9,0,16,9,20248320,3633,0,0,5588
713,13,0,18,7,20280300,3632,0,0,5601
714,11,0,19,6,20314440,3632,0,0,5612
715,8,0,20,5,20330640,3630,0,0,5620
716,6,0,13,12,20399220,3634,0,0,5626
717,9,0,14,11,20435880,3635,0,0,5635
718,10,0,17,8,20448360,3633,0,0,5645
719,10,0,19,6,20480700,3633,0,0,5655
720,9,0,17,8,20525700,3634,0,0,5664
721,5,0,13,12,20574900,3637,0,0,5669
722,6,0,14,11,20594220,3637,0,0,5675
723,5,0,14,11,20620020,3639,0,0,5680
724,7,0,14,11,20648160,3639,0,0,5687
725,12,0,18,7,20670180,3638,0,0,5699
726,7,0,18,7,20693460,3638,0,0,5706
727,9,0,16,9,20737920,3638,0,0,5715
728,7,0,16,9,20764560,3639,0,0,5722
729,10,0,14,11,20796000,3636,0,0,5732
730,15,0,19,6,20818620,3634,0,0,5747
731,12,0,20,5,20864040,3635,780,0,5759
732,14,0,23,2,20908620,3636,780,0,5773
733,12,0,21,4,20969460,3638,780,0,5785
734,8,0,18,7,21012720,3638,780,0,5793
735,4,0,12,13,21065520,3641,780,0,5797
736,7,0,14,11,21087780,3642,780,0,5804
737,8,0,15,10,21116040,3642,780,0,5812
738,11,0,19,6,21137220,3641,780,0,5823
739,7,0,13,12,21184020,3641,780,0,5830
740,12,0,17,8,21206280,3640,780,0,5842
741,7,0,16,9,21223500,3638,780,0,5849
742,6,0,12,13,21265800,3639,780,0,5855
743,2,0,12,13,21271560,3639,780,0,5857
744,2,0,9,16,21294960,3640,780,0,5859
745,6,0,13,12,21306540,3640,780,0,5865
746,9,0,13,12,21331620,3639,780,0,5874
747,5,0,12,13,21353820,3639,780,0,5879
748,4,0,12,13,21365160,3639,780,0,5883
749,8,0,13,12,21386820,3638,780,0,5891
750,2,0,10,15,21400380,3637,780,0,5893
751,11,0,16,9,21427740,3639,780,0,5904
752,5,0,16,9,21441420,3638,780,0,5909
753,8,0,16,9,21472260,3638,780,0,5917
754,9,0,17,8,21496020,3637,780,0,5926
755,0,0,11,14,21523260,3638,780,0,5926
756,11,0,16,9,21546360,3638,780,0,5937
757,11,0,20,5,21567060,3638,780,0,5948
758,7,0,18,7,21593160,3637,780,0,5955
759,9,0,15,10,21643680,3638,780,0,5964
760,11,0,18,7,21663180,3636,780,0,5975
761,4,0,13,12,21692100,3635,780,0,5979
762,11,0,19,6,21723120,3638,780,0,5990
763,9,0,18,7,21753840,3637,780,0,5999
764,5,0,13,12,21798360,3638,780,0,6004
765,4,0,9,16,21836460,3640,780,0,6008
766,5,0,11,14,21840720,3638,780,0,6013
767,7,0,13,12,21857160,3638,780,0,6020
768,6,0,13,12,21881880,3639,780,0,6026
769,6,0,15,10,21897540,3639,780,0,6032
770,2,0,13,12,21916260,3639,780,0,6034
771,6,0,13,12,21947280,3641,780,0,6040
772,7,0,13,12,21978720,3642,780,0,6047
773,7,0,17,8,21982080,3641,780,0,6054
774,7,0,16,9,22023240,3643,780,0,6061
775,9,0,18,7,22052640,3643,780,0,6070
776,11,0,16,9,22096980,3643,780,0,6081
777,11,0,18,7,22126140,3642,780,0,6092
778,6,0,18,7,22160040,3644,780,0,6098
779,11,0,20,5,22189740,3644,780,0,6109
780,11,0,16,9,22249020,3644,780,0,6120
781,13,0,17,8,22281540,3643,780,0,6133
782,7,0,14,11,22315800,3642,780,0,6140
783,13,0,18,7,22351860,3643,780,0,6153
784,4,0,11,14,22394340,3643,780,0,6157
785,8,0,14,11,22409940,3643,780,0,6165
786,8,0,16,9,22423020,3641,780,0,6173
787,10,0,21,4,22437960,3641,780,0,6183
788,8,0,19,6,22487220,3643,780,0,6191
789,5,0,14,11,22546200,3647,780,0,6196
790,6,0,11,14,22567260,3645,780,0,6202
791,4,0,10,15,22592160,3646,780,0,6206
792,6,0,12,13,22602780,3645,780,0,6212
793,4,0,13,12,22619400,3646,780,0,6216
794,4,0,12,13,22643040,3647,780,0,6220
795,8,0,14,11,22661280,3646,780,0,6228
796,7,0,16,9,22681800,3647,780,0,6235
797,4,0,11,14,22720140,3648,780,0,6239
798,13,0,19,6,22736220,3647,780,0,6252
799,8,0,20,5,22765920,3648,780,0,6260
800,12,0,13,12,22819200,3645,780,0,6272
801,5,0,10,15,22847580,3645,780,0,6277
802,13,0,18,7,22862880,3645,780,0,6290
803,11,0,16,9,22905540,3644,780,0,6301
804,9,0,11,14,22936860,3641,780,0,6310
805,15,0,19,6,22966680,3642,780,0,6325
806,11,0,22,3,22991520,3641,780,0,6336
807,5,0,17,8,23038020,3642,780,0,6341
808,6,0,15,10,23085720,3645,780,0,6347
809,10,0,17,8,23103660,3644,780,0,6357
810,11,0,16,9,23142420,3643,780,0,6368
811,16,0,21,4,23176380,3642,780,0,6384
812,10,0,20,5,23215560,3642,780,0,6394
813,5,0,11,14,23284200,3644,780,0,6399
814,11,0,16,9,23301180,3644,780,0,6410
815,3,0,12,13,23321220,3643,780,0,6413
816,3,0,10,15,23341980,3643,780,0,6416
817,7,0,12,13,23352540,3642,780,0,6423
818,5,0,13,12,23367780,3642,780,0,6428
819,9,0,17,8,23386980,3642,780,0,6437
820,8,0,16,9,23424780,3643,780,0,6445
821,8,0,18,7,23446140,3643,780,0,6453
822,7,0,15,10,23492400,3645,780,0,6460
823,6,0,14,11,23516220,3644,780,0,6466
824,3,0,11,14,23535240,3644,780,0,6469
825,9,0,16,9,23546340,3643,780,0,6478
826,8,0,14,11,23577900,3643,780,0,6486
827,22,3,25,0,23599500,3641,1200,0,6508
828,11,0,22,3,23657520,3641,3120,0,6519
829,9,0,15,10,23727540,3643,3300,0,6528
830,9,0,18,7,23748900,3643,3300,0,6537
831,10,0,20,5,23774940,3642,3300,0,6547
832,13,0,19,6,23824920,3642,3300,0,6560
833,22,0,23,2,23862000,3638,3300,0,6582
834,4,0,13,12,23908440,3637,3300,0,6586
835,6,0,10,15,23942880,3637,3300,0,6592
836,6,0,12,13,23954580,3637,3300,0,6598
837,9,0,16,9,23974620,3637,3300,0,6607
838,6,0,14,11,24007500,3638,3300,0,6613
839,7,0,14,11,24034140,3638,3300,0,6620
840,4,0,10,15,24065700,3638,3300,0,6624
841,3,0,10,15,24074760,3638,3300,0,6627
842,11,0,16,9,24088440,3637,3300,0,6638
843,7,0,17,8,24105540,3636,3300,0,6645
844,10,0,16,9,24137220,3635,3300,0,6655
845,15,0,17,8,24185520,3635,3300,0,6670
846,9,0,19,6,24203460,3634,3300,0,6679
847,8,0,13,12,24271620,3636,3300,0,6687
848,7,0,10,15,24301260,3635,3300,0,6694
849,7,0,15,10,24306960,3635,3300,0,6701
850,9,0,15,10,24340920,3635,3300,0,6710
851,13,0,21,4,24362820,3635,3300,0,6723
852,6,0,16,9,24402600,3635,3300,0,6729
853,9,0,18,7,24448020,3638,3300,0,6738
854,14,0,17,8,24490440,3636,3300,0,6752
855,11,0,22,3,24513600,3636,3300,0,6763
856,10,0,24,1,24540600,3636,6120,0,6773
857,13,0,18,7,24632760,3639,6120,0,6786
858,8,0,16,9,24663600,3638,6120,0,6794
859,7,0,12,13,24705720,3639,6120,0,6801
860,3,0,9,16,24726120,3638,6120,0,6804
861,7,0,11,14,24742320,3638,6120,0,6811
862,8,0,15,10,24749340,3637,6120,0,6819
863,12,0,18,7,24781260,3637,6120,0,6831
864,7,0,14,11,24822540,3637,6120,0,6838
865,6,0,15,10,24851280,3639,6120,0,6844
866,4,0,11,14,24882480,3639,6120,0,6848
867,3,0,12,13,24886200,3638,6120,0,6851
868,8,0,16,9,24915420,3641,6120,0,6859
869,7,0,17,8,24932100,3640,6120,0,6866
870,4,0,12,13,24977040,3642,6120,0,6870
871,7,0,14,11,24996720,3642,6120,0,6877
872,8,0,12,13,25027320,3641,6120,0,6885
873,14,0,17,8,25050480,3640,6120,0,6899
874,13,0,17,8,25080180,3637,6120,0,6912
875,13,0,14,11,25115160,3634,6120,0,6925
876,15,0,22,3,25137120,3633,6120,0,6940
877,9,0,19,6,25176900,3633,6120,0,6949
878,9,0,20,5,25219080,3634,6120,0,6958
879,9,0,19,6,25278480,3638,6120,0,6967
880,8,0,16,9,25326600,3639,6120,0,6975
881,10,0,17,8,25358880,3639,6120,0,6985
882,8,0,17,8,25393920,3640,6120,0,6993
883,9,0,17,8,25437780,3641,6120,0,7002
884,5,0,11,14,25476060,3641,6120,0,7007
885,4,0,11,14,25497300,3642,6120,0,7011
886,2,0,9,16,25512000,3642,6120,0,7013
887,8,0,14,11,25520400,3642,6120,0,7021
888,8,0,15,10,25535760,3640,6120,0,7029
889,4,0,13,12,25557540,3640,6120,0,7033
890,7,0,12,13,25597080,3642,6120,0,7040
891,8,0,16,9,25603740,3641,6120,0,7048
892,5,0,13,12,25631460,3640,6120,0,7053
893,9,0,16,9,25659300,3641,6120,0,7062
894,9,0,18,7,25680300,3641,6120,0,7071
895,9,0,18,7,25711620,3640,6120,0,7080
896,10,0,18,7,25747500,3640,6120,0,7090
897,5,0,14,11,25787700,3641,6120,0,7095
898,19,0,23,2,25824120,3641,6120,0,7114
899,10,0,16,9,25872000,3639,6120,0,7124
900,22,0,24,1,25914240,3638,6180,0,7146
901,10,0,22,3,25947000,3637,6180,0,7156
902,13,0,20,5,26009520,3638,6180,0,7169
903,13,0,21,4,26050080,3637,6180,0,7182
904,6,0,15,10,26096640,3638,6180,0,7188
905,11,0,17,8,26132100,3638,6180,0,7199
906,4,0,11,14,26164800,3638,6180,0,7203
907,6,0,13,12,26189040,3639,6180,0,7209
908,8,0,14,11,26213640,3639,6180,0,7217
909,2,0,11,14,26229720,3638,6180,0,7219
910,4,0,10,15,26247240,3638,6180,0,7223
911,7,0,16,9,26248320,3638,6180,0,7230
912,5,0,17,8,26267940,3639,6180,0,7235
913,5,0,13,12,26313720,3641,6180,0,7240
914,2,0,8,17,26343360,3641,6180,0,7242
915,9,0,14,11,26352840,3641,6180,0,7251
916,4,0,12,13,26366580,3640,6180,0,7255
917,5,0,10,15,26398920,3641,6180,0,7260
918,6,0,12,13,26408340,3640,6180,0,7266
919,7,0,13,12,26429700,3640,6180,0,7273
920,5,0,11,14,26449380,3639,6180,0,7278
921,12,0,14,11,26474280,3638,6180,0,7290
922,11,0,17,8,26498400,3637,6180,0,7301
923,7,0,17,8,26520180,3637,6180,0,7308
924,12,0,20,5,26567460,3639,6180,0,7320
925,3,0,10,15,26616780,3639,6180,0,7323
926,12,0,15,10,26634000,3638,6180,0,7335
927,9,0,14,11,26657220,3636,6180,0,7344
928,13,0,20,5,26669280,3634,6180,0,7357
929,12,0,18,7,26714160,3634,6180,0,7369
930,8,0,17,8,26742000,3633,6180,0,7377
931,9,0,15,10,26786100,3633,6180,0,7386
932,10,0,22,3,26796840,3633,6180,0,7396
933,2,0,15,10,26849280,3636,6180,0,7398
934,10,0,19,6,26882880,3638,6180,0,7408
935,7,0,17,8,26917860,3638,6180,0,7415
936,5,0,15,10,26960040,3640,6180,0,7420
937,9,0,14,11,26993700,3640,6180,0,7429
938,6,0,11,14,27022980,3639,6180,0,7435
939,6,0,13,12,27034500,3639,6180,0,7441
940,5,0,14,11,27051480,3639,6180,0,7446
941,4,0,10,15,27072660,3638,6180,0,7450
942,6,0,13,12,27090060,3639,6180,0,7456
943,3,0,12,13,27110340,3640,6180,0,7459
944,10,0,15,10,27126300,3639,6180,0,7469
945,12,0,18,7,27157620,3638,6180,0,7481
946,12,0,20,5,27199380,3639,6180,0,7493
947,17,0,23,2,27238980,3638,6180,0,7510
948,9,0,18,7,27296100,3638,6180,0,7519
949,14,0,18,7,27340440,3638,6180,0,7533
950,13,0,21,4,27369960,3637,6180,0,7546
951,10,0,17,8,27430620,3638,6180,0,7556
952,8,0,18,7,27464700,3639,6180,0,7564
953,4,0,12,13,27516060,3641,6180,0,7568
954,7,0,12,13,27543300,3641,6180,0,7575
955,4,0,10,15,27560640,3641,6180,0,7579
956,4,0,13,12,27565800,3641,6180,0,7583
957,8,0,14,11,27589260,3641,6180,0,7591
958,6,0,15,10,27607920,3641,6180,0,7597
959,6,0,10,15,27641580,3640,6180,0,7603
960,7,0,11,14,27657420,3639,6180,0,7610
961,4,0,10,15,27672300,3639,6180,0,7614
962,3,0,9,16,27688620,3639,6180,0,7617
963,3,0,10,15,27698220,3639,6180,0,7620
964,4,0,10,15,27703440,3638,6180,0,7624
965,1,0,9,16,27717900,3639,6180,0,7625
966,1,0,8,17,27731820,3640,6180,0,7626
967,9,0,16,9,27732900,3639,6180,0,7635
968,10,0,16,9,27760200,3638,6180,0,7645
969,15,0,17,8,27798840,3637,6180,0,7660
970,13,0,24,1,27813600,3636,6180,0,7673
971,11,0,18,7,27886380,3637,6300,0,7684
972,10,0,22,3,27908580,3637,6300,0,7694
973,9,0,18,7,27962820,3638,6300,0,7703
974,11,0,20,5,27994920,3638,6300,0,7714
975,8,0,15,10,28044300,3638,6300,0,7722
976,11,0,12,13,28081740,3637,6300,0,7733
977,10,0,19,6,28095900,3637,6300,0,7743
978,13,0,22,3,28133340,3637,6300,0,7756
979,4,0,17,8,28164300,3637,6300,0,7760
980,5,0,11,14,28223820,3639,6300,0,7765
981,9,0,16,9,28242660,3640,6300,0,7774
982,7,0,15,10,28270440,3640,6300,0,7781
983,2,0,11,14,28305060,3641,6300,0,7783
984,2,0,11,14,28319220,3642,6300,0,7785
985,3,0,11,14,28333680,3643,6300,0,7788
986,7,0,12,13,28353960,3643,6300,0,7795
987,13,0,17,8,28367040,3641,6300,0,7808
988,4,0,16,9,28389480,3641,6300,0,7812
989,6,0,17,8,28416540,3642,6300,0,7818
990,8,0,18,7,28460760,3645,6300,0,7826
991,6,0,13,12,28510140,3646,6300,0,7832
992,6,0,13,12,28540800,3647,6300,0,7838
993,10,0,19,6,28547280,3646,6300,0,7848
994,11,0,18,7,28591380,3646,6300,0,7859
995,8,0,15,10,28627920,3645,6300,0,7867
996,11,0,14,11,28662120,3644,6300,0,7878
997,16,0,16,9,28697160,3642,6300,0,7894
998,16,0,19,6,28733520,3641,6300,0,7910
999,11,0,20,5,28765680,3640,6300,0,7921
1000,5,0,16,9,28809900,3642,6300,0,7926
1001,11,0,17,8,28852320,3642,6300,0,7937
1002,10,0,17,8,28896060,3643,6300,0,7947
1003,8,0,15,10,28923720,3642,6300,0,7955
1004,12,0,18,7,28963020,3643,6300,0,7967
1005,8,0,17,8,28991100,3643,6300,0,7975
1006,9,0,19,6,29019900,3643,6300,0,7984
1007,8,0,14,11,29064360,3643,6300,0,7992
1008,6,0,13,12,29089440,3643,6300,0,7998
1009,8,0,17,8,29106720,3643,6300,0,8006
1010,4,0,13,12,29142540,3644,6300,0,8010
1011,8,0,18,7,29162880,3645,6300,0,8018
1012,2,0,11,14,29211000,3647,6300,0,8020
1013,7,0,14,11,29223180,3646,6300,0,8027
1014,10,0,17,8,29239500,3645,6300,0,8037
1015,5,0,13,12,29274540,3646,6300,0,8042
1016,6,0,14,11,29302980,3647,6300,0,8048
1017,11,0,20,5,29316000,3646,6300,0,8059
1018,8,0,15,10,29373660,3647,6300,0,8067
1019,6,0,12,13,29404680,3647,6300,0,8073
1020,4,0,13,12,29424240,3648,6300,0,8077
1021,8,0,15,10,29446500,3648,6300,0,8085
1022,15,0,21,4,29470140,3647,6300,0,8100
1023,13,0,22,3,29509500,3647,6300,0,8113
1024,6,0,14,11,29568360,3648,6300,0,8119
1025,10,0,18,7,29599620,3649,6300,0,8129
1026,5,0,12,13,29632320,3648,6300,0,8134
1027,7,0,13,12,29648220,3647,6300,0,8141
1028,14,0,20,5,29672340,3647,6300,0,8155
1029,11,0,19,6,29710680,3646,6300,0,8166
1030,10,0,20,5,29745480,3647,6300,0,8176
1031,11,0,17,8,29811840,3648,6300,0,8187
1032,1,0,14,11,29830440,3649,6300,0,8188
1033,5,0,13,12,29872080,3651,6300,0,8193
1034,3,0,11,14,29891760,3652,6300,0,8196
1035,5,0,9,16,29911560,3651,6300,0,8201
1036,5,0,12,13,29915520,3650,6300,0,8206
1037,7,0,15,10,29930580,3650,6300,0,8213
1038,8,0,17,8,29952480,3650,6300,0,8221
1039,6,0,13,12,29994600,3651,6300,0,8227
1040,9,0,15,10,30014280,3650,6300,0,8236
1041,9,0,16,9,30032760,3649,6300,0,8245
1042,8,0,13,12,30067500,3648,6300,0,8253
1043,15,0,20,5,30081540,3647,6300,0,8268
1044,11,0,18,7,30123780,3646,6300,0,8279
1045,7,0,17,8,30158280,3647,6300,0,8286
1046,11,0,18,7,30200160,3647,6300,0,8297
1047,6,0,17,8,30222240,3647,6300,0,8303
1048,11,0,20,5,30258120,3648,6300,0,8314
1049,12,0,18,7,30308760,3648,6300,0,8326
1050,12,0,20,5,30341580,3647,6300,0,8338
1051,15,0,25,0,30383520,3648,6480,0,8353
1052,8,0,21,4,30432900,3649,8940,1,8361
1053,4,0,13,12,30502740,3652,8940,1,8365
1054,4,0,11,14,30524760,3652,8940,1,8369
1055,7,0,14,11,30543840,3652,8940,1,8376
1056,3,0,9,16,30567840,3652,8940,1,8379
1057,4,0,11,14,30575100,3652,8940,1,8383
1058,11,0,16,9,30586620,3650,8940,1,8394
1059,2,0,11,14,30619380,3651,8940,1,8396
1060,7,0,12,13,30640680,3651,8940,1,8403
1061,2,0,13,12,30641640,3651,8940,1,8405
1062,3,0,11,14,30673260,3652,8940,1,8408
1063,8,0,13,12,30692820,3652,8940,1,8416
1064,10,0,17,8,30718680,3653,8940,1,8426
1065,15,0,23,2,30749400,3652,8940,1,8441
1066,12,1,25,0,30777960,3652,8940,1,8453
1067,11,0,21,4,30855420,3654,10860,1,8464
1068,8,0,16,9,30907320,3655,10860,1,8472
1069,17,0,22,3,30947400,3655,10860,1,8489
1070,12,0,22,3,30983220,3654,11820,1,8501
1071,10,0,16,9,31045260,3654,11820,1,8511
1072,7,0,18,7,31071240,3655,11820,1,8518
1073,12,0,17,8,31111920,3654,11820,1,8530
1074,11,0,15,10,31155240,3654,11820,1,8541
1075,5,0,11,14,31183800,3653,11820,1,8546
1076,6,0,12,13,31206420,3654,11820,1,8552
1077,7,0,16,9,31218480,3654,11820,1,8559
1078,4,0,14,11,31249440,3655,11820,1,8563
1079,1,0,10,15,31278300,3656,11820,1,8564
1080,3,0,9,16,31293060,3656,11820,1,8567
1081,6,0,12,13,31301280,3656,11820,1,8573
1082,3,0,13,12,31309800,3656,11820,1,8576
1083,1,0,10,15,31335000,3657,11820,1,8577
1084,2,0,10,15,31344360,3657,11820,1,8579
1085,8,0,15,10,31355820,3657,11820,1,8587
1086,3,0,10,15,31383540,3657,11820,1,8590
1087,4,0,10,15,31398060,3657,11820,1,8594
1088,10,0,13,12,31412460,3656,11820,1,8604
1089,7,0,14,11,31423980,3655,11820,1,8611
1090,7,0,17,8,31434540,3654,11820,1,8618
1091,13,0,21,4,31461660,3654,11820,1,8631
1092,9,0,22,3,31493160,3654,11820,1,8640
1093,10,0,22,3,31543920,3655,11820,1,8650
1094,11,0,18,7,31610220,3657,11820,1,8661
1095,10,0,21,4,31625340,3656,11820,1,8671
1096,14,0,20,5,31684020,3656,11820,1,8685
1097,5,0,14,11,31727220,3656,11820,1,8690
1098,8,0,15,10,31749120,3656,11820,1,8698
1099,9,0,19,6,31767900,3656,11820,1,8707
1100,5,0,13,12,31817160,3657,11820,1,8712
1101,4,0,10,15,31848120,3658,11820,1,8716
1102,3,0,10,15,31864200,3658,11820,1,8719
1103,2,0,10,15,31867440,3658,11820,1,8721
1104,9,0,13,12,31879140,3657,11820,1,8730
1105,6,0,14,11,31893660,3656,11820,1,8736
1106,7,0,12,13,31925820,3656,11820,1,8743
1107,9,0,17,8,31931400,3655,11820,1,8752
1108,4,0,12,13,31975320,3656,11820,1,8756
1109,12,0,19,6,31983240,3655,11820,1,8768
1110,8,0,18,7,32021400,3656,11820,1,8776
1111,7,0,15,10,32067960,3657,11820,1,8783
1112,10,0,18,7,32110740,3659,11820,1,8793
1113,10,0,15,10,32153400,3658,11820,1,8803
1114,5,0,12,13,32178480,3658,11820,1,8808
1115,11,0,18,7,32206260,3659,11820,1,8819
1116,2,0,11,14,32233080,3658,11820,1,8821
1117,13,0,17,8,32253900,3658,11820,1,8834
1118,14,0,25,0,32272740,3657,11820,1,8848
1119,9,0,18,7,32325960,3657,11820,1,8857
1120,13,0,20,5,32377980,3658,11820,1,8870
1121,7,0,17,8,32421900,3659,11820,1,8877
1122,7,0,16,9,32459100,3660,11820,1,8884
1123,5,0,13,12,32499360,3661,11820,1,8889
1124,6,0,14,11,32514720,3661,11820,1,8895
1125,6,0,14,11,32530080,3660,11820,1,8901
1126,8,0,16,9,32555760,3660,11820,1,8909
1127,3,0,10,15,32603040,3662,11820,1,8912
1128,5,0,11,14,32614620,3662,11820,1,8917
1129,4,0,9,16,32628720,3661,11820,1,8921
1130,2,0,9,16,32633880,3660,11820,1,8923
1131,7,0,13,12,32644860,3660,11820,1,8930
1132,10,0,18,7,32654760,3660,11820,1,8940
1133,3,0,12,13,32696220,3660,11820,1,8943
1134,12,0,16,9,32723580,3660,11820,1,8955
1135,4,0,14,11,32745720,3660,11820,1,8959
1136,7,0,16,9,32767440,3661,11820,1,8966
1137,11,0,22,3,32794920,3662,11820,1,8977
1138,6,0,16,9,32847360,3663,11820,1,8983
1139,6,0,13,12,32877900,3662,11820,1,8989
1140,16,0,18,7,32904420,3661,11820,1,9005
1141,11,0,20,5,32938260,3661,11820,1,9016
1142,12,0,17,8,32994180,3661,11820,1,9028
1143,18,0,19,6,33042960,3660,11820,1,9046
1144,9,0,18,7,33073560,3659,11820,1,9055
1145,7,0,14,11,33109800,3659,11820,1,9062
1146,10,0,17,8,33145980,3660,11820,1,9072
1147,6,0,19,6,33160140,3660,11820,1,9078
1148,9,0,18,7,33196140,3660,11820,1,9087
1149,2,0,14,11,33240180,3662,11820,1,9089
1150,7,0,11,14,33285600,3663,11820,1,9096
1151,4,0,10,15,33302880,3663,11820,1,9100
1152,4,0,9,16,33317160,3663,11820,1,9104
1153,2,0,9,16,33328380,3663,11820,1,9106
1154,1,0,9,16,33333060,3663,11820,1,9107
1155,5,0,11,14,33342720,3663,11820,1,9112
1156,14,0,16,9,33356460,3661,11820,1,9126
1157,6,0,15,10,33372900,3660,11820,1,9132
1158,6,0,12,13,33409440,3660,11820,1,9138
1159,14,0,15,10,33439440,3659,11820,1,9152
1160,7,0,14,11,33456900,3658,11820,1,9159
1161,16,0,19,6,33489660,3657,11820,1,9175
1162,12,0,18,7,33535320,3657,11820,1,9187
1163,14,0,17,8,33571200,3655,11820,1,9201
1164,14,0,19,6,33613380,3655,11820,1,9215
1165,12,0,20,5,33652200,3655,11820,1,9227
1166,14,0,20,5,33703560,3655,11820,1,9241
1167,10,0,20,5,33736620,3654,11820,1,9251
1168,6,0,16,9,33786240,3656,11820,1,9257
1169,13,0,17,8,33833100,3656,11820,1,9270
1170,15,0,19,6,33866760,3654,11820,1,9285
1171,9,0,18,7,33907800,3655,11820,1,9294
1172,11,0,19,6,33946200,3655,11820,1,9305
1173,7,0,12,13,33997020,3655,11820,1,9312
1174,7,0,14,11,34004820,3654,11820,1,9319
1175,6,0,10,15,34042380,3654,11820,1,9325
1176,10,0,15,10,34052340,3653,11820,1,9335
1177,9,0,15,10,34080420,3653,11820,1,9344
1178,8,0,15,10,34105080,3652,11820,1,9352
1179,6,0,12,13,34131720,3652,11820,1,9358
1180,14,0,18,7,34164780,3652,11820,1,9372
1181,4,0,13,12,34192620,3651,11820,1,9376
1182,9,0,15,10,34222740,3652,11820,1,9385
1183,9,0,16,9,34251300,3652,11820,1,9394
1184,7,0,16,9,34277760,3652,11820,1,9401
1185,12,0,17,8,34325940,3653,11820,1,9413
1186,8,0,14,11,34371120,3653,11820,1,9421
1187,7,0,13,12,34396320,3653,11820,1,9428
1188,10,0,19,6,34405860,3652,11820,1,9438
1189,12,0,22,3,34443960,3653,11820,1,9450
1190,13,0,18,7,34506000,3653,11820,1,9463
1191,7,0,15,10,34545540,3653,11820,1,9470
1192,16,0,21,4,34565460,3651,11820,1,9486
1193,7,0,14,11,34619280,3652,11820,1,9493
1194,2,0,12,13,34639440,3652,11820,1,9495
1195,5,0,11,14,34674120,3654,11820,1,9500
1196,7,0,14,11,34690260,3654,11820,1,9507
1197,5,0,11,14,34709700,3653,11820,1,9512
1198,4,0,9,16,34725540,3652,11820,1,9516
1199,4,0,9,16,34746240,3653,11820,1,9520
1200,4,0,11,14,34749900,3652,11820,1,9524
1201,4,0,9,16,34764180,3652,11820,1,9528
1202,6,0,14,11,34764960,3651,11820,1,9534
1203,7,0,15,10,34784640,3651,11820,1,9541
1204,6,0,13,12,34817760,3651,11820,1,9547
1205,8,0,14,11,34840920,3651,11820,1,9555
1206,8,0,10,15,34869000,3650,11820,1,9563
1207,4,0,10,15,34878060,3649,11820,1,9567
1208,7,0,8,17,34897260,3648,11820,1,9574
1209,4,0,9,16,34904940,3647,11820,1,9578
1210,15,0,20,5,34911180,3646,11820,1,9593
1211,4,0,13,12,34945740,3646,11820,1,9597
1212,13,0,15,10,34986540,3646,11820,1,9610
1213,10,0,20,5,35001900,3646,11820,1,9620
1214,12,0,19,6,35050800,3646,11820,1,9632
1215,15,0,23,2,35082180,3645,11820,1,9647
1216,8,0,21,4,35126520,3646,11820,1,9655
1217,11,0,22,3,35180040,3647,11820,1,9666
1218,9,0,19,6,35227920,3648,11820,1,9675
1219,4,0,13,12,35277120,3649,11820,1,9679
1220,5,0,14,11,35305860,3651,11820,1,9684
1221,8,0,14,11,35328480,3650,11820,1,9692
1222,5,0,13,12,35343840,3649,11820,1,9697
1223,4,0,11,14,35366880,3649,11820,1,9701
1224,5,0,9,16,35390820,3649,11820,1,9706
1225,4,0,11,14,35400360,3649,11820,1,9710
1226,3,0,10,15,35410380,3649,11820,1,9713
1227,6,0,11,14,35425680,3649,11820,1,9719
1228,7,0,11,14,35440860,3648,11820,1,9726
1229,3,0,11,14,35455680,3648,11820,1,9729
1230,10,0,17,8,35465100,3647,11820,1,9739
1231,8,0,13,12,35490840,3646,11820,1,9747
1232,13,0,19,6,35513340,3645,11820,1,9760
1233,5,0,12,13,35566920,3646,11820,1,9765
1234,7,0,15,10,35581200,3646,11820,1,9772
1235,13,0,19,6,35613180,3646,11820,1,9785
1236,6,0,15,10,35650440,3646,11820,1,9791
1237,10,0,17,8,35680140,3646,11820,1,9801
1238,11,0,20,5,35712360,3647,11820,1,9812
1239,6,0,17,8,35745000,3647,11820,1,9818
1240,9,0,14,11,35789400,3647,11820,1,9827
1241,15,0,20,5,35814060,3646,11820,1,9842
1242,11,0,18,7,35869500,3647,11820,1,9853
1243,5,0,14,11,35896140,3646,11820,1,9858
1244,6,0,15,10,35913480,3646,11820,1,9864
1245,8,0,12,13,35942280,3645,11820,1,9872
1246,9,0,15,10,35956980,3644,11820,1,9881
1247,5,0,13,12,35984400,3644,11820,1,9886
1248,4,0,10,15,36006900,3644,11820,1,9890
1249,5,0,8,17,36028920,3644,11820,1,9895
1250,6,0,12,13,36034800,3643,11820,1,9901
1251,4,0,11,14,36049020,3643,11820,1,9905
1252,5,0,12,13,36067980,3643,11820,1,9910
1253,9,0,14,11,36079200,3642,11820,1,9919
1254,6,0,16,9,36096360,3642,11820,1,9925
1255,11,0,17,8,36130860,3642,11820,1,9936
1256,12,0,18,7,36172800,3642,11820,1,9948
1257,4,0,13,12,36204060,3642,11820,1,9952
1258,9,0,14,11,36234660,3642,11820,1,9961
1259,7,0,14,11,36255000,3642,11820,1,9968
1260,9,0,10,15,36293700,3641,11820,1,9977
1261,15,0,18,7,36312960,3640,11820,1,9992
1262,16,3,25,0,36320520,3639,12120,1,10008
1263,12,0,18,7,36393960,3638,15960,1,10020
1264,11,0,16,9,36454740,3640,15960,1,10031
1265,9,0,13,12,36490980,3639,15960,1,10040
1266,10,0,21,4,36495660,3639,15960,1,10050
1267,12,0,20,5,36535860,3638,15960,1,10062
1268,3,0,11,14,36603900,3640,15960,1,10065
1269,2,0,10,15,36619020,3641,15960,1,10067
1270,7,0,12,13,36638280,3641,15960,1,10074
1271,3,0,10,15,36654720,3641,15960,1,10077
1272,6,0,13,12,36659640,3640,15960,1,10083
1273,10,0,15,10,36675420,3639,15960,1,10093
1274,6,0,14,11,36717420,3640,15960,1,10099
1275,11,0,17,8,36741960,3640,15960,1,10110
1276,9,0,18,7,36768540,3640,15960,1,10119
1277,4,0,11,14,36819300,3641,15960,1,10123
1278,9,0,15,10,36832500,3640,15960,1,10132
1279,5,0,12,13,36867480,3641,15960,1,10137
1280,4,0,10,15,36881580,3640,15960,1,10141
1281,8,0,13,12,36895440,3640,15960,1,10149
1282,6,0,14,11,36899820,3638,15960,1,10155
1283,10,0,18,7,36923280,3638,15960,1,10165
1284,8,0,16,9,36964560,3639,15960,1,10173
1285,10,0,14,11,37009620,3639,15960,1,10183
1286,12,0,18,7,37034040,3638,15960,1,10195
1287,17,0,19,6,37079880,3637,15960,1,10212
1288,12,0,18,7,37119240,3637,15960,1,10224
1289,12,0,21,4,37154700,3637,15960,1,10236
1290,6,0,15,10,37212000,3638,15960,1,10242
1291,13,0,16,9,37258560,3638,15960,1,10255
1292,10,0,16,9,37287000,3638,15960,1,10265
1293,6,0,15,10,37310340,3637,15960,1,10271
1294,6,0,13,12,37346280,3638,15960,1,10277
1295,4,0,10,15,37374540,3638,15960,1,10281
1296,4,0,9,16,37386900,3638,15960,1,10285
1297,5,0,11,14,37395000,3637,15960,1,10290
1298,6,0,11,14,37408260,3637,15960,1,10296
1299,8,0,17,8,37411980,3636,15960,1,10304
1300,8,0,18,7,37440300,3637,15960,1,10312
1301,6,0,16,9,37477800,3637,15960,1,10318
1302,15,0,19,6,37520520,3637,15960,1,10333
1303,7,0,16,9,37554540,3637,15960,1,10340
1304,7,0,14,11,37588080,3637,15960,1,10347
1305,12,0,19,6,37615380,3637,15960,1,10359
1306,12,0,24,1,37638060,3637,15960,1,10371
1307,9,0,19,6,37693800,3638,15960,1,10380
1308,16,0,24,1,37737120,3638,15960,1,10396
1309,13,0,25,0,37780620,3638,15960,1,10409
1310,9,0,18,7,37850940,3639,15960,1,10418
1311,11,0,23,2,37882380,3640,15960,1,10429
1312,13,0,19,6,37936620,3639,15960,1,10442
1313,7,0,12,13,37981680,3639,15960,1,10449
1314,6,0,13,12,37990020,3638,15960,1,10455
1315,6,0,12,13,38024160,3639,15960,1,10461
1316,9,0,13,12,38034480,3637,15960,1,10470
1317,7,0,13,12,38054220,3636,15960,1,10477
1318,2,0,10,15,38075580,3636,15960,1,10479
1319,6,0,14,11,38083680,3637,15960,1,10485
1320,3,0,12,13,38105400,3637,15960,1,10488
1321,6,0,10,15,38136420,3637,15960,1,10494
1322,6,0,11,14,38144280,3636,15960,1,10500
1323,7,0,14,11,38151300,3635,15960,1,10507
1324,6,0,12,13,38183820,3636,15960,1,10513
1325,9,0,15,10,38198040,3635,15960,1,10522
1326,10,0,15,10,38218860,3634,15960,1,10532
1327,7,0,12,13,38259480,3634,15960,1,10539
1328,13,0,19,6,38269980,3633,15960,1,10552
1329,3,0,11,14,38304360,3632,15960,1,10555
1330,7,0,12,13,38336760,3633,15960,1,10562
1331,8,0,15,10,38353320,3633,15960,1,10570
1332,19,1,25,0,38371680,3632,18540,1,10589
1333,3,0,17,8,38435460,3634,19920,1,10592
1334,6,0,15,10,38494080,3637,19920,1,10598
1335,8,0,13,12,38529120,3637,19920,1,10606
1336,14,0,22,3,38551500,3637,19920,1,10620
1337,8,0,20,5,38577900,3636,19920,1,10628
1338,15,0,17,8,38655240,3637,19920,1,10643
1339,11,0,24,1,38668020,3637,19920,1,10654
1340,11,0,24,1,38712420,3638,20040,1,10665
1341,10,0,20,5,38774100,3639,20040,1,10675
1342,6,0,14,11,38822700,3639,20040,1,10681
1343,1,0,12,13,38846400,3640,20040,1,10682
1344,6,0,13,12,38879220,3642,20040,1,10688
1345,4,0,16,9,38879820,3641,20040,1,10692
1346,4,0,16,9,38890200,3641,20040,1,10696
1347,4,0,16,9,38902980,3641,20040,1,10700
1348,7,0,18,7,38920440,3641,20040,1,10707
1349,8,0,20,5,38936580,3640,20040,1,10715
1350,7,0,20,5,38965380,3640,20040,1,10722
1351,5,0,18,7,38986260,3640,20040,1,10727
1352,13,0,22,3,39007980,3639,20040,1,10740
1353,16,3,25,0,39035400,3638,22440,2,10756
1354,10,0,20,5,39097140,3638,24300,2,10766
1355,13,0,23,2,39116100,3636,24300,2,10779
1356,4,0,18,7,39155340,3637,24300,2,10783
1357,8,0,17,8,39188340,3637,24300,2,10791
1358,8,0,20,5,39205140,3637,24300,2,10799
1359,10,0,24,1,39228060,3637,24300,2,10809
1360,13,5,25,0,39265080,3638,27960,2,10822
1361,10,0,24,1,39317940,3637,51300,4,10832
1362,7,0,19,6,39362100,3637,51300,4,10839
1363,8,0,19,6,39394740,3638,51300,4,10847
1364,5,0,21,4,39399000,3637,51300,4,10852
1365,6,0,19,6,39428580,3637,51300,4,10858
1366,10,0,19,6,39476400,3638,51300,4,10868
1367,8,0,18,7,39498180,3637,51300,4,10876
1368,7,0,17,8,39529320,3637,51300,4,10883
1369,6,0,21,4,39539280,3638,51300,4,10889
1370,4,0,18,7,39565920,3638,51300,4,10893
1371,5,0,19,6,39583320,3638,51300,4,10898
1372,5,0,17,8,39622140,3639,51300,4,10903
1373,2,0,15,10,39634320,3639,51300,4,10905
1374,6,0,17,8,39644040,3639,51300,4,10911
1375,8,0,21,4,39656820,3638,51300,4,10919
1376,10,0,23,2,39678900,3638,51300,4,10929
1377,8,0,19,6,39721860,3638,51300,4,10937
1378,12,0,25,0,39735840,3637,51300,4,10949
1379,10,1,25,0,39783780,3638,52380,4,10959
1380,19,15,25,0,39810900,3639,60720,5,10978
1381,11,18,25,0,39870480,3642,73560,6,10989
1382,9,17,25,0,39928260,3644,94560,8,10998
1383,4,9,25,0,39972420,3644,192000,17,11002
1384,9,0,18,7,40031280,3641,262980,23,11011
1385,11,0,25,0,40044720,3641,263520,23,11022
1386,4,0,21,4,40085220,3642,264300,23,11026
1387,7,0,21,4,40113480,3642,264300,23,11033
1388,5,0,15,10,40166580,3643,264300,23,11038
1389,9,0,22,3,40175640,3644,264300,23,11047
1390,6,0,19,6,40208100,3644,264300,23,11053
1391,5,0,18,7,40236000,3644,264300,23,11058
1392,3,0,16,9,40260420,3645,264300,23,11061
1393,2,0,15,10,40274100,3645,264300,23,11063
1394,5,0,16,9,40294380,3645,264300,23,11068
1395,9,0,19,6,40307880,3645,264300,23,11077
1396,1,0,16,9,40325520,3645,264300,23,11078
1397,4,0,16,9,40341240,3645,264300,23,11082
1398,5,0,16,9,40358580,3645,264300,23,11087
1399,7,0,14,11,40378020,3644,264300,23,11094
1400,12,0,23,2,40381140,3643,264300,23,11106
1401,7,0,21,4,40418940,3643,264300,23,11113
1402,19,6,25,0,40448460,3643,266820,23,11132
1403,7,5,25,0,40487400,3644,276360,24,11139
1404,11,5,25,0,40537800,3645,299100,26,11150
1405,10,1,25,0,40595520,3646,315120,28,11160
1406,7,0,16,9,40658820,3646,320040,28,11167
1407,14,0,24,1,40671180,3645,320040,28,11181
1408,7,0,24,1,40702800,3645,321420,28,11188
1409,3,0,18,7,40753380,3647,321420,28,11191
1410,11,0,24,1,40768380,3647,321420,28,11202
1411,5,0,18,7,40810740,3647,321600,28,11207
1412,16,0,24,1,40842000,3646,321600,28,11223
1413,4,0,18,7,40882860,3647,321600,28,11227
1414,7,0,17,8,40906920,3646,321600,28,11234
1415,10,0,20,5,40926960,3646,321600,28,11244
1416,4,0,18,7,40948980,3646,321600,28,11248
1417,7,0,17,8,40982520,3646,321600,28,11255
1418,4,0,16,9,41001540,3646,321600,28,11259
1419,5,0,15,10,41025660,3647,321600,28,11264
1420,8,0,13,12,41049600,3645,321600,28,11272
1421,14,0,21,4,41063700,3645,321600,28,11286
1422,4,0,19,6,41086260,3645,321600,28,11290
1423,9,0,21,4,41122380,3646,321600,28,11299
1424,8,0,20,5,41140500,3644,321600,28,11307
1425,10,0,24,1,41173740,3645,321600,28,11317
1426,12,0,23,2,41217480,3645,321840,28,11329
1427,5,0,19,6,41254200,3645,321840,28,11334
1428,14,1,25,0,41278020,3645,321840,28,11348
1429,13,0,24,1,41329740,3645,322920,28,11361
1430,13,2,25,0,41365080,3645,327840,28,11374
1431,8,0,21,4,41412120,3645,329040,28,11382
1432,12,0,21,4,41452920,3644,329040,28,11394
1433,13,1,25,0,41475240,3644,329460,28,11407
1434,12,0,24,1,41529360,3644,330780,28,11419
1435,15,3,25,0,41568240,3644,333300,29,11434
1436,4,0,18,7,41615340,3644,336480,29,11438
1437,7,0,19,6,41645640,3644,336480,29,11445
1438,3,0,17,8,41666220,3645,336480,29,11448
1439,5,0,15,10,41696400,3645,336480,29,11453
1440,8,0,19,6,41705280,3644,336480,29,11461
1441,7,0,21,4,41725140,3645,336480,29,11468
1442,2,0,17,8,41750220,3645,336480,29,11470
1443,1,0,13,12,41775480,3645,336480,29,11471
1444,3,0,15,10,41782260,3646,336480,29,11474
1445,7,0,19,6,41785920,3645,336480,29,11481
1446,11,0,23,2,41814360,3645,336480,29,11492
1447,5,0,22,3,41836980,3645,336480,29,11497
1448,4,0,18,7,41868420,3646,336480,29,11501
1449,16,2,25,0,41892480,3645,337440,29,11517
1450,9,3,25,0,41921700,3645,343440,29,11526
1451,7,0,19,6,41990940,3646,349980,30,11533
1452,12,0,21,4,42020640,3646,349980,30,11545
1453,15,1,25,0,42048660,3645,350700,30,11560
1454,18,14,25,0,42070020,3645,356220,30,11578
1455,9,14,25,0,42132180,3648,371280,32,11587
1456,11,10,25,0,42192720,3648,409500,35,11598
1457,11,2,25,0,42236460,3646,480840,41,11609
1458,8,0,25,0,42271020,3646,482580,41,11617
1459,7,0,20,5,42330420,3647,482760,41,11624
1460,8,0,20,5,42362700,3648,482760,41,11632
1461,5,0,19,6,42395040,3649,482760,41,11637
1462,8,0,22,3,42411780,3648,482760,41,11645
1463,6,0,19,6,42442620,3648,482760,41,11651
1464,4,0,20,5,42462540,3649,482760,41,11655
1465,4,0,19,6,42498300,3651,482760,41,11659
1466,9,0,20,5,42529560,3651,482760,41,11668
1467,9,0,22,3,42550980,3650,482760,41,11677
1468,6,0,18,7,42586440,3650,482760,41,11683
1469,7,0,21,4,42603900,3651,482760,41,11690
1470,3,0,18,7,42626280,3651,482760,41,11693
1471,7,0,18,7,42657780,3651,482760,41,11700
1472,7,0,19,6,42682980,3651,482760,41,11707
1473,13,0,21,4,42724560,3651,482760,41,11720
1474,12,0,23,2,42753780,3651,482760,41,11732
1475,11,0,25,0,42775200,3650,483540,41,11743
1476,9,0,24,1,42822720,3651,483540,41,11752
1477,8,0,24,1,42856740,3651,483600,41,11760
1478,16,3,25,0,42911880,3652,487980,41,11776
1479,7,0,22,3,42958080,3652,492660,41,11783
1480,15,0,20,5,43006560,3651,492780,41,11798
1481,12,0,22,3,43033380,3650,494040,41,11810
1482,10,0,21,4,43068060,3650,494040,41,11820
1483,8,0,20,5,43104060,3650,494040,41,11828
1484,7,0,19,6,43130760,3650,494040,41,11835
1485,6,0,18,7,43158960,3650,494040,41,11841
1486,5,0,15,10,43186620,3650,494040,41,11846
1487,3,0,15,10,43200480,3650,494040,41,11849
1488,6,0,18,7,43213740,3650,494040,41,11855
1489,3,0,18,7,43229100,3651,494040,41,11858
1490,6,0,19,6,43251120,3651,494040,41,11864
1491,7,0,21,4,43266060,3651,494040,41,11871
1492,3,0,16,9,43302900,3651,494040,41,11874
1493,8,0,20,5,43316580,3651,494040,41,11882
1494,8,0,20,5,43339260,3651,494040,41,11890
1495,8,0,23,2,43357440,3651,494040,41,11898
1496,6,0,19,6,43407840,3652,494040,41,11904
1497,5,0,16,9,43435620,3652,494040,41,11909
1498,8,0,18,7,43457880,3652,494040,41,11917
1499,10,0,20,5,43477440,3651,494040,41,11927
1500,12,0,21,4,43498260,3649,494040,41,11939
1501,8,0,20,5,43536180,3650,494040,41,11947
1502,8,0,24,1,43548000,3649,494040,41,11955
1503,5,0,17,8,43598460,3650,494040,41,11960
1504,9,0,22,3,43610760,3650,494040,41,11969
1505,9,0,21,4,43652820,3650,494040,41,11978
1506,9,0,21,4,43667940,3649,494040,41,11987
1507,6,0,17,8,43713420,3650,494040,41,11993
1508,7,0,17,8,43733220,3649,494040,41,12000
1509,2,0,16,9,43746480,3649,494040,41,12002
1510,7,0,21,4,43755600,3649,494040,41,12009
1511,3,0,16,9,43795320,3650,494040,41,12012
1512,4,0,16,9,43809900,3650,494040,41,12016
1513,5,0,19,6,43816920,3650,494040,41,12021
1514,5,0,21,4,43825740,3650,494040,41,12026
1515,7,0,21,4,43860180,3651,494040,41,12033
1516,4,0,16,9,43905060,3652,494040,41,12037
1517,6,0,18,7,43926420,3652,494040,41,12043
1518,9,0,18,7,43952760,3652,494040,40,12052
1519,4,0,15,10,43974900,3652,494040,40,12056
1520,4,0,16,9,43988160,3652,494040,40,12060
1521,9,0,17,8,44007420,3651,494040,40,12069
1522,10,0,22,3,44020680,3651,494040,40,12079
1523,6,0,18,7,44038800,3649,494040,40,12085
1524,17,4,25,0,44056800,3649,494520,40,12102
1525,6,0,24,1,44094960,3649,502380,41,12108
1526,12,1,25,0,44138400,3649,504240,41,12120
1527,13,0,25,0,44188320,3649,509820,42,12133
1528,8,0,22,3,44226960,3649,509940,42,12141
1529,9,0,24,1,44261280,3650,509940,41,12150
1530,7,0,22,3,44300400,3650,509940,41,12157
1531,10,0,22,3,44332500,3650,509940,41,12167
1532,6,0,21,4,44364300,3650,509940,41,12173
1533,6,0,19,6,44389020,3650,509940,41,12179
1534,1,0,14,11,44425200,3651,509940,41,12180
1535,2,0,14,11,44432760,3651,509940,41,12182
1536,2,0,15,10,44438100,3651,509940,41,12184
1537,3,0,17,8,44443740,3651,509940,41,12187
1538,9,0,20,5,44460120,3651,509940,41,12196
1539,3,0,18,7,44480580,3651,509940,41,12199
1540,3,0,14,11,44513100,3652,509940,41,12202
1541,10,0,18,7,44528160,3651,509940,41,12212
1542,3,0,16,9,44539500,3651,509940,41,12215
1543,10,0,21,4,44557920,3651,509940,41,12225
1544,10,0,21,4,44591940,3650,509940,41,12235
1545,12,0,21,4,44620680,3649,509940,41,12247
1546,3,0,14,11,44656800,3649,509940,41,12250
1547,12,0,22,3,44670060,3649,509940,41,12262
1548,8,0,24,1,44696940,3649,509940,41,12270
1549,17,6,25,0,44728440,3649,516540,42,12287
1550,12,11,25,0,44775780,3651,524400,42,12299
1551,4,3,25,0,44840700,3653,562440,45,12303
1552,12,0,23,2,44881200,3651,589140,47,12315
1553,17,1,25,0,44929500,3651,592200,48,12332
1554,6,0,23,2,44949600,3649,592260,48,12338
1555,9,0,23,2,44998680,3651,592260,47,12347
1556,9,0,20,5,45038400,3650,592260,47,12356
1557,5,0,18,7,45066180,3651,592260,47,12361
1558,5,0,17,8,45095400,3651,592260,47,12366
1559,6,0,20,5,45106500,3651,592260,47,12372
1560,2,0,16,9,45129540,3651,592260,47,12374
1561,4,0,16,9,45154380,3652,592260,47,12378
1562,6,0,18,7,45163560,3652,592260,47,12384
1563,4,0,16,9,45189780,3652,592260,47,12388
1564,7,0,22,3,45194640,3652,592260,47,12395
1565,7,0,22,3,45222660,3652,592260,47,12402
1566,7,0,21,4,45249060,3652,592260,47,12409
1567,7,0,20,5,45287340,3653,592260,47,12416
1568,5,0,17,8,45321960,3653,592260,47,12421
1569,8,0,19,6,45345480,3653,592260,47,12429
1570,11,0,25,0,45360060,3653,592260,47,12440
1571,9,0,21,4,45417300,3654,592260,47,12449
1572,12,1,25,0,45440580,3654,592620,47,12461
1573,10,0,25,0,45490440,3655,595860,47,12471
1574,12,0,24,1,45530580,3654,598800,47,12483
1575,6,0,21,4,45568260,3654,598800,47,12489
1576,10,0,22,3,45608940,3655,598800,47,12499
1577,5,0,22,3,45634860,3656,598800,47,12504
1578,9,0,19,6,45669600,3655,598800,47,12513
1579,12,0,20,5,45711600,3655,598860,47,12525
1580,6,0,20,5,45728880,3655,598860,47,12531
1581,5,0,20,5,45750360,3655,598860,47,12536
1582,5,0,15,10,45793800,3655,598860,47,12541
1583,4,0,18,7,45794640,3655,598860,47,12545
1584,7,0,18,7,45815520,3655,598860,47,12552
1585,5,0,16,9,45838680,3655,598860,47,12557
1586,1,0,14,11,45848580,3655,598860,47,12558
1587,6,0,18,7,45859740,3655,598860,47,12564
1588,6,0,20,5,45877620,3655,598860,47,12570
1589,4,0,17,8,45900480,3655,598860,47,12574
1590,10,0,18,7,45933300,3655,598860,47,12584
1591,11,0,24,1,45946380,3654,598860,47,12595
1592,10,6,24,1,45964980,3655,603060,47,12605
1593,5,3,25,0,46018920,3657,625980,49,12610
1594,9,0,24,1,46071360,3657,644700,51,12619
1595,5,0,21,4,46109220,3658,644700,51,12624
1596,11,0,25,0,46138980,3658,645180,51,12635
1597,7,0,17,8,46188720,3658,645180,51,12642
1598,9,0,21,4,46210140,3658,645180,50,12651
1599,11,2,25,0,46223040,3658,645480,50,12662
1600,10,2,25,0,46266720,3658,649860,51,12672
1601,4,0,20,5,46326060,3660,651240,51,12676
1602,12,2,25,0,46353540,3661,653580,51,12688
1603,12,6,25,0,46386660,3661,659160,51,12700
1604,8,0,24,1,46457280,3662,680940,53,12708
1605,7,0,20,5,46496040,3662,680940,53,12715
1606,7,0,20,5,46519380,3662,680940,53,12722
1607,4,0,18,7,46554000,3663,680940,53,12726
1608,6,0,18,7,46572780,3663,680940,53,12732
1609,1,0,13,12,46599660,3663,680940,53,12733
1610,6,0,15,10,46613100,3663,680940,53,12739
1611,4,0,15,10,46622760,3663,680940,53,12743
1612,4,0,14,11,46639920,3662,680940,53,12747
1613,11,0,22,3,46649700,3662,680940,53,12758
1614,5,0,20,5,46666140,3662,680940,53,12763
1615,11,0,24,1,46690500,3662,680940,53,12774
1616,8,0,22,3,46727280,3662,680940,53,12782
1617,11,0,22,3,46766520,3661,680940,53,12793
1618,10,0,21,4,46795200,3661,680940,53,12803
1619,14,2,25,0,46828620,3661,681240,53,12817
1620,9,1,25,0,46870140,3661,687360,53,12826
1621,18,0,25,0,46930260,3660,691860,53,12844
1622,8,0,23,2,46969740,3661,691860,53,12852
1623,10,0,20,5,47002200,3660,691860,53,12862
1624,9,0,22,3,47042520,3661,691860,53,12871
1625,14,0,24,1,47077140,3660,692160,53,12885
1626,8,0,24,1,47105400,3660,693000,53,12893
1627,11,0,23,2,47160360,3661,693000,53,12904
1628,6,0,21,4,47188980,3661,693000,53,12910
1629,6,0,23,2,47212920,3661,693000,53,12916
1630,5,0,17,8,47267700,3663,693000,53,12921
1631,4,0,16,9,47288340,3663,693000,53,12925
1632,8,0,21,4,47292840,3662,693000,53,12933
1633,3,0,14,11,47344080,3663,693000,53,12936
1634,5,0,19,6,47344080,3663,693000,53,12941
1635,3,0,13,12,47377680,3663,693000,53,12944
1636,8,0,15,10,47388480,3663,693000,53,12952
1637,8,0,17,8,47396520,3661,693000,53,12960
1638,6,0,17,8,47427120,3662,693000,53,12966
1639,3,0,17,8,47442000,3662,693000,53,12969
1640,9,0,19,6,47467920,3662,693000,53,12978
1641,7,0,21,4,47484240,3662,693000,53,12985
1642,10,0,20,5,47512680,3661,693000,53,12995
1643,13,0,25,0,47550840,3662,693600,53,13008
1644,8,0,18,7,47596800,3661,695400,53,13016
1645,7,0,19,6,47614380,3661,695400,53,13023
1646,10,0,20,5,47652540,3661,695400,53,13033
1647,13,2,25,0,47665500,3661,695400,53,13046
1648,9,2,25,0,47704680,3661,703680,53,13055
1649,10,0,22,3,47765340,3662,709500,54,13065
1650,8,0,19,6,47795640,3661,709500,54,13073
1651,5,0,19,6,47819340,3661,709500,54,13078
1652,10,0,20,5,47854320,3661,709500,54,13088
1653,7,0,19,6,47877420,3661,709500,54,13095
1654,7,0,17,8,47915460,3661,709500,54,13102
1655,4,0,19,6,47931180,3662,709500,54,13106
1656,7,0,21,4,47955600,3662,709500,54,13113
1657,6,0,18,7,48003720,3664,709500,54,13119
1658,7,0,21,4,48015240,3663,709500,54,13126
1659,3,0,18,7,48043620,3664,709500,54,13129
1660,3,0,16,9,48065640,3664,709500,54,13132
1661,5,0,14,11,48087060,3664,709500,54,13137
1662,4,0,15,10,48098220,3664,709500,53,13141
1663,9,0,21,4,48101700,3663,709500,53,13150
1664,5,0,19,6,48130140,3663,709500,53,13155
1665,15,0,25,0,48159360,3663,709500,53,13170
1666,13,0,23,2,48208380,3663,709680,53,13183
1667,9,1,25,0,48224580,3662,709680,53,13192
1668,9,0,20,5,48281340,3662,709860,53,13201
1669,13,0,25,0,48313080,3663,710160,53,13214
1670,9,0,25,0,48354240,3663,710160,53,13223
1671,10,0,23,2,48399480,3663,712440,53,13233
1672,10,0,22,3,48452400,3664,712560,53,13243
1673,6,0,16,9,48492060,3664,712560,53,13249
1674,8,0,18,7,48514140,3664,712560,53,13257
1675,9,0,18,7,48536820,3663,712560,53,13266
1676,10,0,23,2,48555000,3663,712560,53,13276
1677,4,0,18,7,48582420,3663,712560,53,13280
1678,6,0,21,4,48590460,3663,712560,53,13286
1679,2,0,15,10,48637980,3664,712560,53,13288
1680,7,0,17,8,48649440,3663,712560,53,13295
1681,6,0,21,4,48655200,3663,712560,53,13301
1682,6,0,20,5,48683160,3663,712560,53,13307
1683,7,0,20,5,48707640,3663,712560,53,13314
1684,8,0,21,4,48744240,3664,712560,53,13322
1685,12,0,23,2,48763740,3663,712560,53,13334
1686,3,0,17,8,48808140,3664,712560,53,13337
1687,5,0,18,7,48823080,3664,712560,53,13342
1688,10,0,20,5,48839700,3663,712560,53,13352
1689,10,0,23,2,48865200,3663,712560,53,13362
1690,14,2,25,0,48897960,3663,714720,53,13376
1691,9,0,23,2,48948000,3663,720840,53,13385
1692,10,0,21,4,48997680,3663,721020,53,13395
1693,8,0,20,5,49020660,3662,721020,53,13403
1694,8,0,22,3,49051440,3663,721020,53,13411
1695,8,0,22,3,49093260,3664,721020,53,13419
1696,11,0,25,0,49131540,3665,721260,53,13430
1697,6,0,21,4,49169760,3665,722220,53,13436
1698,13,0,23,2,49216860,3665,722220,53,13449
1699,11,7,25,0,49221120,3665,723060,53,13460
1700,13,10,25,0,49278660,3667,739020,54,13473
1701,5,0,21,4,49341000,3666,782700,58,13478
1702,6,0,15,10,49380420,3666,782700,58,13484
1703,4,0,16,9,49390200,3666,782700,58,13488
1704,5,0,16,9,49400760,3665,782700,58,13493
1705,6,0,17,8,49418100,3665,782700,57,13499
1706,6,0,21,4,49419780,3665,782700,57,13505
1707,6,0,20,5,49454520,3665,782700,57,13511
1708,9,0,18,7,49497120,3665,782700,57,13520
1709,6,0,20,5,49503120,3665,782700,57,13526
1710,5,0,22,3,49523640,3665,782700,57,13531
1711,7,0,18,7,49575600,3666,782700,57,13538
1712,9,0,18,7,49601340,3666,782700,57,13547
1713,7,0,20,5,49611180,3665,782700,57,13554
1714,11,0,24,1,49642560,3666,782700,57,13565
1715,10,1,25,0,49669140,3665,783060,57,13575
1716,8,0,23,2,49715280,3666,784200,57,13583
1717,7,0,16,9,49770780,3666,784200,57,13590
1718,8,0,19,6,49782660,3666,784200,57,13598
1719,10,0,22,3,49804320,3665,784200,57,13608
1720,8,0,21,4,49840380,3666,785340,57,13616
1721,11,0,25,0,49868100,3666,785340,57,13627
1722,8,0,17,8,49927560,3666,785340,57,13635
1723,8,0,20,5,49945800,3666,785340,57,13643
1724,3,0,16,9,49973760,3666,785340,57,13646
1725,4,0,18,7,49985820,3666,785340,57,13650
1726,5,0,17,8,50016360,3667,785340,57,13655
1727,6,0,18,7,50035920,3667,785340,57,13661
1728,5,0,17,8,50058900,3667,785340,57,13666
1729,2,0,13,12,50082180,3667,785340,57,13668
1730,4,0,14,11,50087820,3667,785340,57,13672
1731,3,0,15,10,50095800,3667,785340,57,13675
1732,9,0,23,2,50096580,3667,785340,57,13684
1733,10,0,20,5,50138100,3666,785940,57,13694
1734,8,0,23,2,50163780,3667,785940,57,13702
1735,12,5,25,0,50192160,3667,786420,57,13714
1736,11,0,25,0,50257140,3668,797100,58,13725
1737,11,4,25,0,50273640,3667,797220,58,13736
1738,9,0,25,0,50337240,3668,801960,58,13745
1739,8,0,23,2,50370660,3668,802080,58,13753
1740,13,2,25,0,50400120,3668,803100,58,13766
1741,14,0,23,2,50466600,3668,806100,58,13780
1742,10,0,23,2,50504340,3668,806340,58,13790
1743,6,0,20,5,50545920,3669,806340,58,13796
1744,11,0,25,0,50559420,3668,806340,58,13807
1745,15,3,25,0,50608260,3668,811320,58,13822
1746,3,0,20,5,50656500,3669,822540,59,13825
1747,3,0,17,8,50692200,3670,822540,59,13828
1748,5,0,20,5,50705340,3670,822540,59,13833
1749,14,2,25,0,50735100,3671,822840,59,13847
1750,2,0,18,7,50775540,3671,824700,59,13849
1751,3,0,17,8,50799720,3671,824700,59,13852
1752,4,0,16,9,50837460,3673,824700,59,13856
1753,3,0,15,10,50848500,3672,824700,59,13859
1754,7,0,16,9,50864220,3672,824700,59,13866
1755,6,0,17,8,50881380,3672,824700,59,13872
1756,7,0,16,9,50898600,3671,824700,59,13879
1757,10,0,20,5,50914920,3671,824700,59,13889
1758,5,0,18,7,50935800,3670,824700,59,13894
1759,6,0,20,5,50947860,3670,824700,59,13900
1760,12,0,25,0,50968020,3670,824700,59,13912
1761,9,0,23,2,51012120,3670,824820,59,13921
1762,11,0,22,3,51061020,3670,825540,59,13932
1763,7,0,21,4,51100200,3671,825540,59,13939
1764,12,0,21,4,51135180,3670,825540,59,13951
1765,10,0,21,4,51164400,3670,825540,59,13961
1766,13,0,24,1,51188820,3669,825600,59,13974
1767,12,0,21,4,51244620,3669,825600,59,13986
1768,16,3,25,0,51266640,3668,826200,59,14002
1769,12,5,25,0,51314160,3669,836280,59,14014
1770,8,0,19,6,51372360,3668,856260,61,14022
1771,3,0,18,7,51380340,3668,856260,61,14025
1772,3,0,17,8,51410340,3669,856260,61,14028
1773,4,0,17,8,51434100,3669,856260,61,14032
1774,5,0,17,8,51456600,3670,856260,61,14037
1775,4,0,16,9,51491460,3671,856260,60,14041
1776,7,0,17,8,51504600,3670,856260,60,14048
1777,8,0,18,7,51527220,3670,856260,60,14056
1778,4,0,19,6,51537120,3670,856260,60,14060
1779,4,0,17,8,51567360,3671,856260,60,14064
1780,4,0,17,8,51585900,3671,856260,60,14068
1781,4,0,17,8,51602520,3671,856260,60,14072
1782,4,0,16,9,51616980,3671,856260,60,14076
1783,6,0,20,5,51627120,3671,856260,60,14082
1784,5,0,17,8,51656760,3671,856260,60,14087
1785,11,0,18,7,51683580,3670,856260,60,14098
1786,14,0,21,4,51708600,3669,856260,60,14112
1787,9,0,21,4,51726240,3668,856260,60,14121
1788,14,3,25,0,51742620,3667,856620,60,14135
1789,8,0,24,1,51788100,3667,858600,60,14143
1790,11,0,23,2,51831900,3667,858840,60,14154
1791,4,0,20,5,51858660,3668,858840,60,14158
1792,4,0,16,9,51902400,3669,858840,60,14162
1793,11,0,22,3,51918660,3668,858840,60,14173
1794,7,0,23,2,51930780,3668,858840,60,14180
1795,8,0,21,4,51981120,3669,858840,60,14188
1796,15,0,23,2,52021920,3668,859380,60,14203
1797,9,0,25,0,52051680,3668,859380,60,14212
1798,3,0,18,7,52092360,3669,859380,60,14215
1799,5,0,16,9,52117740,3669,859380,60,14220
1800,3,0,14,11,52144380,3669,859380,60,14223
1801,7,0,19,6,52149000,3669,859380,60,14230
1802,6,0,18,7,52169340,3669,859380,60,14236
1803,7,0,18,7,52191720,3669,859380,60,14243
1804,2,0,13,12,52215540,3668,859380,60,14245
1805,9,0,19,6,52220760,3668,859380,60,14254
1806,7,0,19,6,52242420,3668,859380,60,14261
1807,8,0,20,5,52259640,3667,859380,60,14269
1808,7,0,17,8,52292520,3667,859380,60,14276
1809,12,0,24,1,52309860,3667,859560,60,14288
1810,17,5,25,0,52339260,3666,860520,60,14305
1811,10,7,24,1,52382400,3667,867600,60,14315
1812,10,7,25,0,52431480,3668,882060,61,14325
1813,15,7,25,0,52472400,3667,913680,63,14340
1814,20,16,25,0,52533900,3668,922560,64,14360
1815,16,26,25,0,52554540,3668,931500,64,14376
1816,11,28,25,0,52616880,3670,957540,66,14387
1817,10,29,25,0,52666980,3671,967080,67,14397
1818,9,23,25,0,52728720,3672,1068060,74,14406
1819,3,0,17,8,52776540,3667,1377360,95,14409
1820,10,0,21,4,52798440,3667,1377360,95,14419
1821,5,0,20,5,52813980,3666,1377360,95,14424
1822,6,0,17,8,52846080,3666,1377360,95,14430
1823,5,0,17,8,52869600,3666,1377360,95,14435
1824,14,2,25,0,52874700,3666,1378620,95,14449
1825,5,0,21,4,52918260,3666,1380600,95,14454
1826,6,0,18,7,52956120,3666,1380600,95,14460
1827,5,0,18,7,52990020,3667,1380600,95,14465
1828,6,0,17,8,53012280,3667,1380600,95,14471
1829,7,0,21,4,53023800,3667,1380600,95,14478
1830,6,0,19,6,53060820,3668,1380600,95,14484
1831,3,0,17,8,53079840,3668,1380600,95,14487
1832,9,0,16,9,53108580,3667,1380600,95,14496
1833,10,0,20,5,53127480,3667,1380600,95,14506
1834,9,0,23,2,53145660,3667,1380600,95,14515
1835,13,0,24,1,53190000,3667,1383300,95,14528
1836,8,0,22,3,53229420,3667,1383300,95,14536
1837,8,0,22,3,53256420,3667,1383300,95,14544
1838,9,0,19,6,53310420,3667,1383300,95,14553
1839,15,5,25,0,53324280,3667,1384140,95,14568
1840,7,2,25,0,53378460,3669,1398180,95,14575
1841,8,0,19,6,53430840,3668,1407960,96,14583
1842,6,0,19,6,53452980,3668,1407960,96,14589
1843,7,0,21,4,53485380,3669,1407960,96,14596
1844,7,0,21,4,53508600,3669,1407960,96,14603
1845,10,0,21,4,53538060,3669,1407960,96,14613
1846,2,0,14,11,53577480,3669,1407960,96,14615
1847,4,0,15,10,53579700,3668,1407960,96,14619
1848,5,0,18,7,53588520,3668,1407960,96,14624
1849,8,0,16,9,53621760,3668,1407960,96,14632
1850,3,0,15,10,53642940,3669,1407960,96,14635
1851,5,0,15,10,53656740,3668,1407960,96,14640
1852,6,0,18,7,53663820,3668,1407960,96,14646
1853,5,0,18,7,53680920,3668,1407960,96,14651
1854,10,0,22,3,53706180,3668,1407960,96,14661
1855,9,0,21,4,53741100,3668,1407960,95,14670
1856,10,0,23,2,53773740,3668,1408620,95,14680
1857,8,0,21,4,53817060,3669,1408620,95,14688
1858,12,0,20,5,53869260,3669,1409160,95,14700
1859,7,0,23,2,53883300,3669,1409160,95,14707
1860,13,0,25,0,53929800,3669,1409580,95,14720
1861,9,0,25,0,53966460,3670,1411080,95,14729
1862,5,0,17,8,54016860,3670,1411080,95,14734
1863,8,0,18,7,54043560,3670,1411080,95,14742
1864,10,0,23,2,54053640,3669,1411080,95,14752
1865,9,0,24,1,54080040,3669,1412700,95,14761
1866,4,0,15,10,54144720,3670,1412700,95,14765
1867,8,0,19,6,54157140,3670,1412700,95,14773
1868,4,0,15,10,54187920,3670,1412700,95,14777
1869,7,0,17,8,54203880,3670,1412700,95,14784
1870,8,0,19,6,54220920,3670,1412700,95,14792
1871,4,0,17,8,54244500,3670,1412700,95,14796
1872,1,0,16,9,54255900,3670,1412700,95,14797
1873,3,0,14,11,54280800,3671,1412700,95,14800
1874,2,0,15,10,54288420,3671,1412700,95,14802
1875,5,0,17,8,54294300,3671,1412700,95,14807
1876,4,0,18,7,54307140,3671,1412700,95,14811
1877,8,0,20,5,54332580,3671,1412700,95,14819
1878,7,0,19,6,54353340,3670,1412700,95,14826
1879,6,0,19,6,54371400,3670,1412700,95,14832
1880,10,0,21,4,54392280,3669,1412700,95,14842
1881,7,0,21,4,54418140,3669,1412700,95,14849
1882,7,0,17,8,54456900,3669,1412700,95,14856
1883,10,0,21,4,54477120,3669,1412700,95,14866
1884,11,3,25,0,54491100,3669,1414380,95,14877
1885,7,0,22,3,54549840,3670,1420380,95,14884
1886,10,0,19,6,54601080,3670,1420380,95,14894
1887,8,0,21,4,54610680,3669,1420380,95,14902
1888,10,0,22,3,54637620,3669,1420380,95,14912
1889,10,0,19,6,54684900,3669,1420380,95,14922
1890,6,0,18,7,54717120,3669,1420380,95,14928
1891,8,0,22,3,54731400,3669,1420380,95,14936
1892,8,0,19,6,54758460,3668,1420380,95,14944
1893,4,0,18,7,54780060,3669,1420380,95,14948
1894,6,0,18,7,54813060,3669,1420380,94,14954
1895,10,0,20,5,54842940,3669,1420380,94,14964
1896,7,0,20,5,54861660,3669,1420380,94,14971
1897,3,0,18,7,54893880,3670,1420380,94,14974
1898,6,0,19,6,54914100,3670,1420380,94,14980
1899,8,0,19,6,54955380,3671,1420380,94,14988
1900,5,0,17,8,54973320,3670,1420380,94,14993
1901,6,0,16,9,54998940,3670,1420380,94,14999
1902,8,0,21,4,55005000,3670,1420380,94,15007
1903,9,0,20,5,55048020,3670,1420380,94,15016
1904,10,1,25,0,55064640,3670,1421160,94,15026
1905,13,5,25,0,55111500,3671,1424220,94,15039
1906,8,0,23,2,55155360,3671,1434420,95,15047
1907,9,0,25,0,55208280,3672,1435320,95,15056
1908,7,0,23,2,55246800,3673,1435380,95,15063
1909,8,1,25,0,55274160,3673,1435380,95,15071
1910,8,0,21,4,55330260,3674,1435740,95,15079
1911,13,0,19,6,55380420,3674,1435740,95,15092
1912,6,0,20,5,55394460,3673,1435740,95,15098
1913,11,0,17,8,55439220,3673,1435740,95,15109
1914,5,0,16,9,55452540,3672,1435740,94,15114
1915,6,0,16,9,55471800,3672,1435740,94,15120
1916,10,0,19,6,55487760,3672,1435740,94,15130
1917,6,0,16,9,55512240,3671,1435740,94,15136
1918,5,0,16,9,55521660,3670,1435740,94,15141
1919,2,0,15,10,55531500,3670,1435740,94,15143
1920,5,0,16,9,55549200,3670,1435740,94,15148
1921,3,0,16,9,55558320,3670,1435740,94,15151
1922,4,0,16,9,55572900,3670,1435740,94,15155
1923,6,0,16,9,55593060,3670,1435740,94,15161
1924,6,0,16,9,55613100,3670,1435740,94,15167
1925,9,0,23,2,55624260,3670,1435740,94,15176
1926,7,0,21,4,55653900,3670,1435740,94,15183
1927,10,0,20,5,55679460,3669,1435740,94,15193
1928,14,0,23,2,55706340,3668,1435740,94,15207
1929,6,0,18,7,55747740,3668,1435740,94,15213
1930,10,0,22,3,55773960,3669,1435740,94,15223
1931,11,0,24,1,55800180,3668,1436220,94,15234
1932,19,7,25,0,55833120,3668,1438500,94,15253
1933,16,14,25,0,55889520,3669,1447680,94,15269
1934,7,13,25,0,55940580,3671,1470840,96,15276
1935,7,9,25,0,55991100,3671,1524720,99,15283
1936,15,8,25,0,56037840,3671,1560120,101,15298
1937,4,5,25,0,56072580,3671,1592880,104,15302
1938,8,0,20,5,56140260,3671,1644420,107,15310
1939,11,0,21,4,56157720,3670,1644420,107,15321
1940,6,0,18,7,56187600,3670,1644420,107,15327
1941,8,0,16,9,56224980,3670,1644420,107,15335
1942,7,0,20,5,56243580,3670,1644420,107,15342
1943,5,0,15,10,56268720,3670,1644420,107,15347
1944,4,0,16,9,56279760,3670,1644420,107,15351
1945,5,0,20,5,56282640,3669,1644420,107,15356
1946,3,0,14,11,56318340,3670,1644420,107,15359
1947,3,0,15,10,56322660,3669,1644420,107,15362
1948,6,0,18,7,56327040,3669,1644420,107,15368
1949,4,0,18,7,56346480,3669,1644420,106,15372
1950,8,0,17,8,56376060,3669,1644420,106,15380
1951,5,0,16,9,56397540,3669,1644420,106,15385
1952,11,0,24,1,56400600,3669,1644420,106,15396
1953,7,0,22,3,56438820,3669,1644420,106,15403
1954,11,1,25,0,56464920,3669,1644600,106,15414
1955,8,0,19,6,56520300,3669,1644780,106,15422
1956,11,0,24,1,56550240,3669,1644780,106,15433
1957,4,0,20,5,56582100,3670,1644780,106,15437
1958,10,0,24,1,56617980,3671,1644780,106,15447
1959,13,5,25,0,56644320,3671,1650000,106,15460
1960,4,0,19,6,56706600,3671,1663080,107,15464
1961,7,0,19,6,56745000,3672,1663080,107,15471
1962,12,0,20,5,56766600,3671,1663080,107,15483
1963,6,0,18,7,56801460,3671,1663080,107,15489
1964,11,0,17,8,56839920,3671,1663080,107,15500
1965,7,0,18,7,56854860,3670,1663080,107,15507
1966,10,0,22,3,56867460,3670,1663080,107,15517
1967,11,0,24,1,56903460,3670,1663380,107,15528
1968,7,0,16,9,56957220,3670,1664040,107,15535
1969,8,0,21,4,56971020,3670,1664040,107,15543
1970,4,0,18,7,56997600,3670,1664040,107,15547
1971,5,0,17,8,57027480,3670,1664040,106,15552
1972,4,0,18,7,57042360,3671,1664040,106,15556
1973,7,0,18,7,57057420,3670,1664040,106,15563
1974,4,0,15,10,57078000,3670,1664040,106,15567
1975,11,0,21,4,57085140,3669,1664040,106,15578
1976,9,0,21,4,57120840,3669,1664040,106,15587
1977,9,0,22,3,57149160,3669,1664040,106,15596
1978,8,0,18,7,57200880,3670,1664040,106,15604
1979,11,0,20,5,57226500,3669,1664040,106,15615
1980,9,0,22,3,57244980,3669,1664040,106,15624
1981,9,0,19,6,57287280,3668,1664880,106,15633
1982,8,0,20,5,57308460,3668,1664880,106,15641
1983,4,0,20,5,57329400,3669,1664880,106,15645
1984,7,0,18,7,57361080,3668,1664880,106,15652
1985,9,0,20,5,57379200,3668,1664880,106,15661
1986,15,3,25,0,57406320,3668,1669980,106,15676
1987,14,7,25,0,57452820,3669,1682040,107,15690
1988,8,0,23,2,57515760,3669,1723440,109,15698
1989,12,0,22,3,57546360,3668,1723440,109,15710
1990,8,0,19,6,57575100,3667,1723440,109,15718
1991,6,0,17,8,57609840,3667,1723440,109,15724
1992,8,0,17,8,57625440,3666,1723440,109,15732
1993,7,0,15,10,57651600,3666,1723440,109,15739
1994,11,0,23,2,57655800,3666,1723440,109,15750
1995,7,0,22,3,57683460,3665,1723440,109,15757
1996,3,0,20,5,57694860,3665,1723440,109,15760
1997,8,0,20,5,57758520,3667,1723440,109,15768
1998,6,0,16,9,57791400,3667,1723440,109,15774
1999,12,0,20,5,57809700,3666,1723440,109,15786
2000,12,0,21,4,57839640,3666,1723440,109,15798
2001,12,1,25,0,57861480,3665,1727940,109,15810
2002,8,0,19,6,57920280,3666,1729380,109,15818
2003,10,0,19,6,57958560,3666,1729380,109,15828
2004,12,0,23,2,57973860,3665,1729380,109,15840
2005,11,2,25,0,58006080,3665,1730580,109,15851
2006,8,2,25,0,58049820,3666,1737900,109,15859
2007,4,0,20,5,58098660,3667,1746180,110,15863
2008,7,0,19,6,58136820,3667,1746180,110,15870
2009,13,0,25,0,58152600,3667,1746240,109,15883
2010,9,0,23,2,58196160,3667,1746240,109,15892
2011,6,0,20,5,58225980,3667,1746240,109,15898
2012,11,0,20,5,58276020,3667,1746240,109,15909
2013,6,0,20,5,58290060,3667,1746240,109,15915
2014,6,0,17,8,58334880,3667,1746240,109,15921
2015,5,0,16,9,58361760,3668,1746240,109,15926
2016,5,0,19,6,58371660,3668,1746240,109,15931
2017,3,0,20,5,58373400,3668,1746240,109,15934
2018,6,0,24,1,58376640,3667,1746240,109,15940
2019,3,0,21,4,58392600,3667,1746240,109,15943
2020,8,0,25,0,58409640,3667,1746300,109,15951
2021,6,1,25,0,58422240,3667,1747380,109,15957
2022,6,0,24,1,58461360,3667,1748220,109,15963
2023,7,0,23,2,58481640,3667,1748340,109,15970
2024,5,0,24,1,58496580,3667,1748340,109,15975
2025,8,1,25,0,58516620,3667,1749360,109,15983
2026,8,0,25,0,58546740,3666,1753020,109,15991
2027,14,7,25,0,58564320,3666,1754520,109,16005
2028,12,17,25,0,58579140,3666,1758960,109,16017
2029,7,20,25,0,58605600,3667,1767360,110,16024
2030,10,26,25,0,58636500,3668,1774320,110,16034
2031,18,40,25,0,58646040,3668,1778700,110,16052
2032,14,40,25,0,58685880,3670,1810320,112,16066
2033,8,38,25,0,58719840,3670,1868940,116,16074
2034,8,40,25,0,58737060,3670,1895400,117,16082
2035,7,40,25,0,58764480,3671,1936680,120,16089
2036,8,40,25,0,58790520,3671,1974840,122,16097
2037,11,39,25,0,58816500,3671,2013600,125,16108
2038,3,37,25,0,58845240,3672,2051100,127,16111
2039,3,35,25,0,58863840,3672,2188620,136,16114
2040,3,31,25,0,58886460,3672,2409660,149,16117
2041,10,31,25,0,58923480,3672,2562960,159,16127
2042,6,32,25,0,58938600,3672,2570280,159,16133
2043,6,26,25,0,58972980,3671,2821020,175,16139
2044,11,23,25,0,58989240,3669,2970240,184,16150
2045,6,20,25,0,59024400,3669,3225660,199,16156
2046,11,21,25,0,59041920,3668,3303180,204,16167
2047,8,24,25,0,59059920,3668,3342600,206,16175
2048,7,27,25,0,59085120,3668,3356520,207,16182
2049,7,28,25,0,59115960,3669,3363060,208,16189
2050,10,33,25,0,59139000,3669,3372120,208,16199
2051,8,34,25,0,59170380,3670,3385860,209,16207
2052,13,40,25,0,59187000,3670,3390480,209,16220
2053,18,40,25,0,59204340,3670,3405000,210,16238
2054,11,39,25,0,59246520,3671,3444000,212,16249
2055,9,38,25,0,59275320,3671,3451980,212,16258
2056,11,40,25,0,59293920,3671,3477000,214,16269
2057,6,39,25,0,59313180,3671,3481920,214,16275
2058,5,36,25,0,59346120,3671,3517020,216,16280
2059,11,39,25,0,59366340,3671,3575700,220,16291
2060,8,38,25,0,59393100,3671,3684120,226,16299
2061,4,29,25,0,59423220,3670,4093680,252,16303
2062,8,30,25,0,59441040,3670,4263300,262,16311
2063,6,30,25,0,59476380,3671,4310340,265,16317
2064,5,21,25,0,59501460,3669,4848540,298,16322
2065,6,9,25,0,59525880,3666,5640300,346,16328
2066,6,6,25,0,59545500,3666,5886000,361,16334
2067,6,4,25,0,59568900,3665,6069300,372,16340
2068,5,2,25,0,59588460,3665,6073920,372,16345
2069,4,0,21,4,59631780,3665,6135360,376,16349
2070,7,0,25,0,59637360,3665,6135360,376,16356
2071,11,6,25,0,59659800,3665,6135840,376,16367
2072,9,8,25,0,59685540,3665,6143160,376,16376
2073,8,8,25,0,59714340,3665,6151740,376,16384
2074,13,15,25,0,59739840,3665,6156900,376,16397
2075,9,21,25,0,59754060,3666,6161700,376,16406
2076,7,24,25,0,59781240,3666,6168300,377,16413
2077,12,32,25,0,59803380,3667,6177000,377,16425
2078,12,40,25,0,59811900,3667,6178740,377,16437
2079,5,36,25,0,59871180,3669,6219420,379,16442
2080,7,38,25,0,59891520,3669,6239520,380,16449
2081,11,39,25,0,59916060,3669,6268200,382,16460
2082,10,40,25,0,59935620,3669,6303120,384,16470
2083,6,37,25,0,59960640,3670,6352140,387,16476
2084,8,33,25,0,59991000,3669,6564060,400,16484
2085,8,37,25,0,60008760,3669,6592860,401,16492
2086,7,38,25,0,60038400,3669,6610140,402,16499
2087,7,38,25,0,60061320,3670,6621840,403,16506
2088,3,33,25,0,60084300,3669,6770760,412,16509
2089,4,21,25,0,60121320,3668,7330920,446,16513
2090,8,14,25,0,60140040,3666,7548600,459,16521
2091,3,0,24,1,60174660,3664,8116860,493,16524
2092,5,0,23,2,60188160,3663,8116860,493,16529
2093,5,0,22,3,60214560,3664,8116860,493,16534
2094,10,1,25,0,60228420,3663,8116920,492,16544
2095,3,0,23,2,60249600,3663,8117100,492,16547
2096,12,0,22,3,60280800,3662,8118300,492,16559
2097,7,0,25,0,60284640,3661,8118300,492,16566
2098,11,5,25,0,60295800,3661,8119800,492,16577
2099,9,9,25,0,60325920,3661,8123640,492,16586
2100,17,22,25,0,60343560,3662,8129040,492,16603
2101,13,29,25,0,60381180,3663,8141940,492,16616
2102,13,39,25,0,60397500,3663,8149680,492,16629
2103,13,40,25,0,60428760,3664,8166540,493,16642
2104,10,39,25,0,60460980,3664,8193060,494,16652
2105,12,39,25,0,60481980,3664,8232000,496,16664
2106,10,40,25,0,60508680,3664,8274060,499,16674
2107,6,39,25,0,60536100,3664,8309820,501,16680
2108,9,38,25,0,60551640,3664,8369820,504,16689
2109,5,39,25,0,60572160,3665,8406420,506,16694
2110,8,39,25,0,60609840,3665,8511900,512,16702
2111,5,35,25,0,60637800,3665,8700900,524,16707
2112,5,31,25,0,60656220,3664,8843940,532,16712
2113,3,23,25,0,60689160,3664,9163080,551,16715
2114,6,17,25,0,60705960,3662,9417780,566,16721
2115,6,10,25,0,60736500,3661,9704280,583,16727
2116,5,9,25,0,60759420,3661,9739560,585,16732
2117,11,15,25,0,60773220,3661,9787620,588,16743
2118,7,16,25,0,60805200,3662,9794520,588,16750
2119,5,16,25,0,60828180,3662,9808980,589,16755
2120,7,20,25,0,60846960,3662,9815280,589,16762
2121,11,25,25,0,60884580,3663,9825420,589,16773
2122,13,35,25,0,60903540,3664,9828660,589,16786
2123,12,40,25,0,60936720,3665,9853080,590,16798
2124,12,40,25,0,60957900,3665,9867060,591,16810
2125,5,38,25,0,60983160,3665,9889080,592,16815
2126,12,38,25,0,61016520,3665,9949080,595,16827
2127,8,39,25,0,61038240,3666,9979560,597,16835
2128,9,39,25,0,61069920,3666,10065120,601,16844
2129,10,40,25,0,61088880,3665,10094160,603,16854
2130,5,38,25,0,61113600,3666,10118820,604,16859
2131,11,37,25,0,61147140,3665,10169940,607,16870
2132,12,40,25,0,61150920,3665,10170840,607,16882
2133,5,38,25,0,61182240,3665,10202880,609,16887
2134,7,37,25,0,61208820,3665,10275240,613,16894
2135,9,33,25,0,61244760,3664,10382100,619,16903
2136,4,21,25,0,61268400,3662,11187420,666,16907
2137,1,4,25,0,61295040,3660,12124200,722,16908
2138,6,0,21,4,61314840,3658,12381660,737,16914
2139,12,4,25,0,61328280,3658,12383520,737,16926
2140,2,0,25,0,61354620,3658,12400980,738,16928
2141,10,2,25,0,61381560,3658,12403620,738,16938
2142,2,1,25,0,61394700,3658,12409320,738,16940
2143,7,1,25,0,61428420,3659,12415740,738,16947
2144,7,0,25,0,61452120,3658,12419340,738,16954
2145,6,0,25,0,61470540,3658,12420180,738,16960
2146,6,1,25,0,61496160,3659,12424320,738,16966
2147,8,2,25,0,61524240,3659,12429480,738,16974
2148,10,2,25,0,61552320,3658,12433920,737,16984
2149,8,7,25,0,61569540,3659,12437820,737,16992
2150,7,10,25,0,61597740,3659,12447420,738,16999
2151,11,18,25,0,61617900,3660,12448500,737,17010
2152,9,24,25,0,61636080,3660,12459000,738,17019
2153,9,29,25,0,61664160,3661,12469980,738,17028
2154,8,31,25,0,61702080,3662,12487620,738,17036
2155,10,37,25,0,61721340,3662,12492360,738,17046
2156,7,39,25,0,61745940,3663,12499980,738,17053
2157,5,40,25,0,61756920,3663,12507780,739,17058
2158,5,36,25,0,61805760,3664,12587160,743,17063
2159,8,36,25,0,61831380,3664,12629880,745,17071
2160,5,35,25,0,61850460,3664,12690540,749,17076
2161,8,37,25,0,61873140,3664,12771540,753,17084
2162,6,37,25,0,61900080,3664,12848040,757,17090
2163,8,33,25,0,61927920,3663,13000200,766,17098
2164,4,25,25,0,61959300,3662,13246380,780,17102
2165,4,14,25,0,61980780,3661,13639560,803,17106
2166,8,18,25,0,61996380,3661,13642380,803,17114
2167,8,19,25,0,62029200,3661,13651860,803,17122
2168,10,25,25,0,62046660,3661,13662180,803,17132
2169,9,31,24,1,62070060,3662,13668600,803,17141
2170,7,35,25,0,62089620,3662,13678380,804,17148
2171,8,39,25,0,62119080,3663,13681080,803,17156
2172,8,39,25,0,62141040,3664,13698840,804,17164
2173,12,39,25,0,62168640,3665,13726620,806,17176
2174,9,38,25,0,62206860,3665,13753440,807,17185
2175,9,39,25,0,62218980,3665,13779360,808,17194
2176,11,40,25,0,62245920,3666,13811520,810,17205
2177,10,40,25,0,62266740,3666,13876860,813,17215
2178,9,39,25,0,62300580,3666,13931580,816,17224
2179,9,40,25,0,62322720,3666,13945680,817,17233
2180,11,37,25,0,62351400,3666,13998180,820,17244
2181,5,33,25,0,62369160,3665,14229540,833,17249
2182,3,27,25,0,62401860,3665,14628300,856,17252
2183,3,8,25,0,62429640,3662,15930720,932,17255
2184,3,0,19,6,62460780,3661,16273680,952,17258
2185,2,0,20,5,62461980,3660,16273680,952,17260
2186,6,0,22,3,62473440,3660,16273680,952,17266
2187,8,2,25,0,62476740,3660,16274280,952,17274
2188,10,7,25,0,62500920,3660,16278060,951,17284
2189,8,8,25,0,62530740,3660,16286760,951,17292
2190,9,12,25,0,62543220,3660,16288920,951,17301
2191,9,16,25,0,62577840,3661,16296360,951,17310
2192,7,16,25,0,62606220,3661,16321080,952,17317
2193,9,21,25,0,62626620,3661,16326000,952,17326
2194,11,26,25,0,62660400,3662,16342680,952,17337
2195,8,29,25,0,62682000,3662,16367160,953,17345
2196,14,39,25,0,62703180,3663,16372620,953,17359
2197,12,39,25,0,62722800,3663,16384260,953,17371
2198,9,37,25,0,62764680,3664,16402140,954,17380
2199,11,40,25,0,62788200,3664,16434900,955,17391
2200,12,39,25,0,62810640,3663,16514580,959,17403
2201,10,39,25,0,62830140,3663,16598340,964,17413
2202,9,39,25,0,62859540,3663,16703460,970,17422
2203,7,35,25,0,62891280,3663,16774740,973,17429
2204,12,40,25,0,62902980,3662,16811760,975,17441
2205,8,40,25,0,62923380,3662,16820760,975,17449
2206,6,40,25,0,62956860,3663,16849140,976,17455
2207,2,34,25,0,62978040,3663,16900920,979,17457
2208,3,21,25,0,63016680,3661,17481120,1013,17460
2209,5,10,25,0,63033960,3659,18052320,1045,17465
2210,7,7,25,0,63052020,3658,18183540,1053,17472
2211,6,0,23,2,63090660,3657,18545280,1073,17478
2212,7,0,22,3,63112500,3656,18545280,1073,17485
2213,7,0,25,0,63120660,3656,18546900,1072,17492
2214,8,0,25,0,63145620,3656,18551100,1072,17500
2215,6,4,25,0,63156780,3656,18553320,1072,17506
2216,2,0,23,2,63192900,3656,18566760,1073,17508
2217,8,0,23,2,63224520,3657,18566760,1072,17516
2218,9,0,22,3,63242220,3656,18568080,1072,17525
2219,4,0,23,2,63258060,3656,18568080,1071,17529
2220,8,2,25,0,63267960,3656,18571560,1071,17537
2221,19,10,25,0,63301560,3655,18577500,1070,17556
2222,9,15,25,0,63320460,3655,18579300,1070,17565
2223,9,19,25,0,63345420,3656,18589020,1070,17574
2224,8,23,25,0,63373260,3657,18600360,1070,17582
2225,9,28,25,0,63392760,3657,18606240,1070,17591
2226,4,28,25,0,63418020,3657,18638400,1071,17595
2227,8,31,25,0,63447420,3658,18686820,1074,17603
2228,6,31,25,0,63471000,3658,18750240,1077,17609
2229,6,31,25,0,63502020,3659,18796320,1079,17615
2230,6,33,25,0,63520620,3659,18815940,1080,17621
2231,5,32,25,0,63548760,3659,18879780,1083,17626
2232,8,33,25,0,63580140,3660,18952680,1087,17634
2233,6,29,25,0,63611280,3659,19048920,1092,17640
2234,1,25,25,0,63631140,3659,19135320,1097,17641
2235,3,4,25,0,63665520,3656,19790340,1134,17644
2236,6,0,21,4,63682320,3654,19900680,1140,17650
2237,9,5,25,0,63682320,3654,19900680,1140,17659
2238,17,17,25,0,63704220,3655,19903440,1140,17676
2239,4,15,25,0,63742860,3656,19926420,1140,17680
2240,10,25,25,0,63742860,3656,19926420,1140,17690
2241,12,30,25,0,63797940,3657,19944000,1139,17702
2242,10,38,25,0,63806880,3657,19947120,1139,17712
2243,13,40,25,0,63836460,3658,19958640,1139,17725
2244,11,40,25,0,63851040,3659,19977420,1140,17736
2245,12,40,25,0,63877020,3659,19999620,1141,17748
2246,9,40,25,0,63912360,3660,20039760,1143,17757
2247,5,40,25,0,63935040,3661,20068560,1145,17762
2248,6,40,25,0,63958200,3661,20070840,1144,17768
2249,4,37,25,0,63983760,3661,20176740,1150,17772
2250,11,39,25,0,64016460,3661,20328660,1158,17783
2251,8,39,25,0,64033020,3661,20405580,1162,17791
2252,9,39,25,0,64055820,3662,20446860,1164,17800
2253,9,38,25,0,64092960,3662,20474100,1165,17809
2254,4,35,25,0,64123140,3662,20537040,1169,17813
2255,9,36,25,0,64149000,3662,20743200,1180,17822
2256,3,33,25,0,64167420,3662,20901360,1189,17825
2257,8,34,25,0,64194840,3662,21017760,1195,17833
2258,6,35,25,0,64211880,3662,21023820,1195,17839
2259,5,36,25,0,64239000,3663,21027540,1195,17844
2260,7,38,25,0,64267740,3663,21031740,1194,17851
2261,10,40,25,0,64290720,3663,21036420,1194,17861
2262,3,35,25,0,64318140,3664,21092460,1197,17864
2263,8,32,25,0,64343160,3663,21291120,1208,17872
2264,14,39,25,0,64365780,3663,21295320,1207,17886
2265,10,40,25,0,64386180,3663,21307380,1208,17896
2266,13,34,25,0,64427580,3663,21405120,1212,17909
2267,9,30,25,0,64450800,3661,21677280,1227,17918
2268,9,33,25,0,64463400,3661,21772980,1232,17927
2269,13,40,25,0,64481880,3661,21778800,1232,17940
2270,6,40,25,0,64508460,3662,21784140,1232,17946
2271,7,38,25,0,64541280,3662,21805500,1233,17953
2272,11,38,25,0,64570680,3663,21849960,1235,17964
2273,5,32,25,0,64595880,3662,22061340,1246,17969
2274,14,40,25,0,64615560,3662,22065600,1246,17983
2275,4,40,25,0,64630320,3663,22071900,1246,17987
2276,5,37,25,0,64668960,3663,22102320,1247,17992
2277,6,30,25,0,64703940,3663,22400100,1264,17998
2278,2,23,25,0,64720620,3662,23097840,1303,18000
2279,10,24,25,0,64749000,3662,23383020,1318,18010
2280,8,30,25,0,64758480,3662,23389020,1318,18018
2281,6,32,25,0,64787520,3663,23396700,1318,18024
2282,3,27,25,0,64831380,3663,23431560,1320,18027
2283,5,25,25,0,64849920,3663,23613900,1330,18032
2284,8,26,25,0,64870980,3663,23645580,1331,18040
2285,4,26,25,0,64893180,3663,23650740,1331,18044
2286,6,20,25,0,64923180,3662,24456780,1376,18050
2287,8,8,25,0,64953300,3660,25229940,1419,18058
2288,4,0,24,1,64975020,3658,25883940,1455,18062
2289,15,7,25,0,64996500,3658,25885260,1454,18077
2290,9,13,25,0,65015400,3659,25888200,1453,18086
2291,12,20,25,0,65043600,3659,25891800,1453,18098
2292,12,29,25,0,65064120,3660,25900860,1452,18110
2293,10,34,25,0,65098440,3661,25918380,1453,18120
2294,11,39,25,0,65107320,3661,25929600,1452,18131
2295,8,38,25,0,65153400,3662,25957740,1454,18139
2296,7,38,25,0,65172300,3662,25985580,1455,18146
2297,12,40,25,0,65203020,3662,25998360,1455,18158
2298,7,40,25,0,65220300,3662,26011920,1455,18165
2299,5,39,25,0,65243940,3662,26041080,1456,18170
2300,6,37,25,0,65283840,3663,26115300,1460,18176
2301,5,39,25,0,65297700,3663,26137500,1461,18181
2302,8,40,25,0,65321220,3663,26180220,1463,18189
2303,5,37,25,0,65343480,3663,26314980,1470,18194
2304,2,27,25,0,65379720,3663,26716440,1492,18196
2305,2,7,25,0,65412840,3660,27501960,1536,18198
2306,8,0,25,0,65427780,3658,27757740,1550,18206
2307,4,0,24,1,65440860,3658,27757740,1549,18210
2308,6,0,23,2,65461440,3658,27758220,1549,18216
2309,4,0,21,4,65490240,3658,27758220,1548,18220
2310,6,0,23,2,65503920,3658,27758220,1548,18226
2311,14,5,25,0,65518440,3657,27760080,1547,18240
2312,4,0,24,1,65551260,3657,27767520,1547,18244
2313,13,8,25,0,65565900,3657,27771120,1546,18257
2314,14,20,25,0,65580420,3657,27775680,1545,18271
2315,10,26,25,0,65610420,3658,27786480,1545,18281
2316,7,27,25,0,65647740,3659,27794880,1545,18288
2317,8,31,25,0,65666880,3659,27820200,1545,18296
2318,12,37,25,0,65697000,3660,27863760,1547,18308
2319,5,38,25,0,65719680,3660,27871500,1547,18313
2320,12,40,25,0,65740200,3661,27879480,1547,18325
2321,12,40,25,0,65764440,3661,27904740,1548,18337
2322,9,39,25,0,65802120,3661,27954480,1550,18346
2323,9,40,25,0,65820180,3662,27987300,1551,18355
2324,6,40,25,0,65839380,3662,27997080,1551,18361
2325,8,37,25,0,65881500,3663,28121160,1558,18369
2326,8,38,25,0,65900700,3662,28233360,1563,18377
2327,4,36,25,0,65912700,3662,28298700,1567,18381
2328,5,34,25,0,65953200,3663,28351080,1569,18386
2329,5,13,25,0,65988900,3659,29285460,1620,18391
2330,5,0,24,1,66010620,3657,29730360,1644,18396
2331,9,0,24,1,66023700,3655,29730360,1644,18405
2332,10,1,25,0,66048420,3655,29735340,1643,18415
2333,9,4,25,0,66059700,3655,29740920,1642,18424
2334,2,2,25,0,66079320,3655,29752680,1643,18426
2335,7,0,24,1,66122700,3655,29758080,1643,18433
2336,12,6,25,0,66137100,3655,29761440,1642,18445
2337,10,10,25,0,66165060,3655,29767740,1641,18455
2338,12,18,25,0,66182160,3656,29773920,1640,18467
2339,9,25,25,0,66196800,3656,29780820,1640,18476
2340,13,34,25,0,66232080,3657,29789700,1640,18489
2341,11,40,25,0,66255840,3658,29796300,1639,18500
2342,13,39,25,0,66278160,3658,29804520,1639,18513
2343,11,39,25,0,66307320,3659,29841720,1641,18524
2344,14,40,25,0,66343200,3660,29918580,1645,18538
2345,3,39,25,0,66360660,3660,29922960,1644,18541
2346,10,40,25,0,66386520,3661,29945040,1645,18551
2347,3,34,25,0,66419340,3661,30085500,1652,18554
2348,7,36,25,0,66433980,3660,30143100,1655,18561
2349,3,34,25,0,66459000,3661,30242940,1660,18564
2350,7,35,25,0,66493500,3661,30283980,1662,18571
2351,4,35,25,0,66512820,3662,30339900,1665,18575
2352,11,39,25,0,66540000,3662,30395700,1667,18586
2353,6,38,25,0,66557940,3662,30407340,1667,18592
2354,7,39,25,0,66590940,3663,30420840,1667,18599
2355,5,37,25,0,66616320,3663,30542340,1673,18604
2356,7,35,25,0,66646620,3663,30608100,1676,18611
2357,3,29,25,0,66671220,3662,30892980,1692,18614
2358,4,16,25,0,66697080,3660,31677000,1734,18618
2359,12,20,25,0,66721020,3660,31679580,1734,18630
2360,3,20,25,0,66735240,3660,31687080,1733,18633
2361,9,24,25,0,66759360,3660,31700040,1733,18642
2362,8,25,25,0,66794940,3661,31709580,1733,18650
2363,13,31,25,0,66820680,3661,31765920,1735,18663
2364,16,40,25,0,66842340,3661,31767840,1734,18679
2365,9,40,25,0,66865980,3661,31776540,1734,18688
2366,15,39,25,0,66880080,3662,31789620,1734,18703
2367,9,39,25,0,66924360,3663,31833180,1736,18712
2368,12,40,25,0,66941280,3662,31839540,1736,18724
2369,14,40,25,0,66956400,3663,31842540,1735,18738
2370,3,31,25,0,66991920,3662,32194440,1754,18741
2371,2,15,25,0,67033860,3661,33044460,1800,18743
2372,10,5,25,0,67055040,3658,33695940,1835,18753
2373,3,0,24,1,67063200,3657,33877860,1844,18756
2374,7,0,23,2,67102140,3657,33878640,1844,18763
2375,4,0,22,3,67120020,3657,33878640,1843,18767
2376,9,1,25,0,67134900,3657,33878640,1843,18776
2377,2,0,21,4,67157820,3657,33880500,1842,18778
2378,1,0,22,3,67157820,3657,33880500,1842,18779
2379,6,0,22,3,67188300,3657,33880500,1842,18785
2380,10,4,25,0,67192080,3657,33881100,1841,18795
2381,5,2,25,0,67224300,3657,33891300,1841,18800
2382,8,1,25,0,67250820,3657,33902100,1841,18808
2383,10,6,25,0,67269660,3657,33906840,1840,18818
2384,13,15,25,0,67292220,3657,33910320,1839,18831
2385,6,18,25,0,67316340,3658,33921420,1839,18837
2386,9,23,25,0,67345320,3659,33929040,1838,18846
2387,10,29,25,0,67376340,3660,33933060,1837,18856
2388,7,32,25,0,67400100,3660,33942180,1837,18863
2389,10,37,25,0,67427760,3661,33950160,1837,18873
2390,6,39,25,0,67446660,3661,33959700,1837,18879
2391,8,40,25,0,67472880,3662,33984180,1838,18887
2392,12,40,25,0,67508820,3662,34056060,1841,18899
2393,8,40,25,0,67525620,3662,34086360,1842,18907
2394,9,40,25,0,67549440,3662,34138980,1844,18916
2395,14,40,25,0,67575300,3662,34153680,1844,18930
2396,4,38,25,0,67597620,3662,34226880,1848,18934
2397,11,39,25,0,67628700,3663,34327320,1853,18945
2398,5,39,25,0,67646100,3663,34337220,1853,18950
2399,11,36,25,0,67691820,3663,34526400,1862,18961

