Hour,Arrivals,Waiting,Treating,Available Rooms,Total Treatment Time,Average Treatment Time,Total Wait Time,Average Wait Time,Total Arrivals
1,10,0,5,20,4200,840,0,0,10
2,6,0,7,18,16920,1880,0,0,16
3,8,0,7,18,48120,2830,0,0,24
4,6,0,8,17,71940,3270,0,0,30
5,7,0,9,16,95400,3407,0,0,37
6,7,0,6,19,131040,3448,0,0,44
7,7,0,6,19,154620,3436,0,0,51
8,13,0,11,14,179520,3387,0,0,64
9,5,0,8,17,212160,3478,0,0,69
10,5,0,6,19,260640,3832,0,0,74
11,7,0,7,18,276840,3741,0,0,81
12,8,0,7,18,309000,3768,0,0,89
13,12,0,9,16,336180,3654,0,0,101
14,16,0,13,12,373620,3592,0,0,117
15,11,0,8,17,422700,3522,0,0,128
16,9,0,8,17,458820,3556,0,0,137
17,9,0,14,11,467160,3539,0,0,146
18,9,0,10,15,523680,3611,0,0,155
19,5,0,6,19,562620,3653,0,0,160
20,7,0,7,18,581820,3636,0,0,167
21,5,0,4,21,609240,3626,0,0,172
22,6,0,7,18,616860,3607,0,0,178
23,6,0,6,19,643920,3617,0,0,184
24,4,0,3,22,665100,3595,0,0,188
25,6,0,6,19,676560,3598,0,0,194
26,5,0,4,21,695700,3567,0,0,199
27,8,0,6,19,714720,3555,0,0,207
28,5,0,3,22,745560,3567,0,0,212
29,3,0,3,22,752160,3547,0,0,215
30,5,0,7,18,752880,3534,0,0,220
31,7,0,5,20,789360,3555,0,0,227
32,17,0,15,10,816060,3563,0,0,244
33,4,0,8,17,847380,3530,0,0,248
34,7,0,6,19,891720,3581,0,0,255
35,8,0,7,18,911460,3560,0,0,263
36,12,0,13,12,933000,3561,0,0,275
37,6,0,12,13,963180,3580,0,0,281
38,15,0,16,9,1013520,3619,0,0,296
39,13,0,15,10,1078740,3669,0,0,309
40,13,0,14,11,1132620,3677,0,0,322
41,8,0,9,16,1182840,3684,0,0,330
42,6,0,5,20,1222320,3692,0,0,336
43,4,0,6,19,1236480,3702,0,0,340
44,7,0,10,15,1246740,3699,0,0,347
45,4,0,4,21,1300560,3748,0,0,351
46,6,0,4,21,1323780,3750,0,0,357
47,4,0,5,20,1329780,3735,0,0,361
48,7,0,4,21,1349460,3707,0,0,368
49,6,0,7,18,1355580,3693,0,0,374
50,2,0,6,19,1367340,3695,0,0,376
51,7,0,6,19,1402020,3718,0,0,383
52,7,0,7,18,1422060,3712,0,0,390
53,10,0,8,17,1462080,3729,0,0,400
54,5,0,6,19,1484520,3720,0,0,405
55,7,0,8,17,1504680,3724,0,0,412
56,14,0,14,11,1523220,3697,0,0,426
57,6,0,7,18,1561860,3674,0,0,432
58,9,0,9,16,1593900,3689,0,0,441
59,12,0,13,12,1616700,3674,0,0,453
60,5,0,8,17,1656840,3681,0,0,458
61,8,0,7,18,1687980,3677,0,0,466
62,6,0,7,18,1712100,3681,0,0,472
63,6,0,6,19,1738500,3683,0,0,478
64,13,0,12,13,1752060,3657,0,0,491
65,6,0,7,18,1789740,3652,0,0,497
66,7,0,7,18,1821060,3664,0,0,504
67,8,0,8,17,1840140,3651,0,0,512
68,8,0,6,19,1881360,3660,0,0,520
69,11,0,12,13,1894860,3650,0,0,531
70,6,0,8,17,1940400,3668,0,0,537
71,5,0,8,17,1955940,3662,0,0,542
72,3,0,3,22,1994340,3679,0,0,545
73,5,0,3,22,2012160,3678,0,0,550
74,5,0,5,20,2021280,3675,0,0,555
75,6,0,8,17,2029860,3670,0,0,561
76,4,0,6,19,2065680,3695,0,0,565
77,4,0,5,20,2083920,3694,0,0,569
78,11,0,11,14,2105820,3700,0,0,580
79,9,0,9,16,2136840,3684,0,0,589
80,8,0,8,17,2165760,3677,0,0,597
81,11,0,15,10,2184540,3683,0,0,608
82,9,0,12,13,2233140,3691,0,0,617
83,4,0,5,20,2299440,3732,0,0,621
84,15,0,11,14,2333340,3733,0,0,636
85,14,0,13,12,2369640,3720,0,0,650
86,6,0,10,15,2401380,3717,0,0,656
87,11,0,11,14,2437680,3715,0,0,667
88,7,0,8,17,2493960,3744,0,0,674
89,2,0,4,21,2519160,3748,0,0,676
90,6,0,3,22,2545680,3749,0,0,682
91,3,0,2,23,2557500,3744,0,0,685
92,8,0,5,20,2569200,3734,0,0,693
93,6,0,8,17,2576220,3728,0,0,699
94,4,0,7,18,2600040,3735,0,0,703
95,7,0,9,16,2627400,3748,0,0,710
96,4,0,7,18,2647560,3744,0,0,714
97,7,0,9,16,2664900,3742,0,0,721
98,2,0,3,22,2695800,3744,0,0,723
99,8,0,7,18,2707320,3739,0,0,731
100,7,0,8,17,2731380,3741,0,0,738
101,6,0,7,18,2759700,3744,0,0,744
102,7,0,9,16,2774640,3739,0,0,751
103,8,0,9,16,2805420,3740,0,0,759
104,17,0,18,7,2828760,3731,0,0,776
105,10,0,10,15,2891280,3725,0,0,786
106,6,0,8,17,2936520,3745,0,0,792
107,12,0,12,13,2968380,3747,0,0,804
108,10,0,13,12,2993640,3737,0,0,814
109,8,0,11,14,3040560,3749,0,0,822
110,17,0,14,11,3088320,3743,0,0,839
111,11,0,11,14,3133260,3734,0,0,850
112,5,0,9,16,3164580,3740,0,0,855
113,9,0,6,19,3205560,3736,0,0,864
114,9,0,6,19,3234060,3730,0,0,873
115,18,0,18,7,3250020,3722,0,0,891
116,7,0,11,14,3297540,3717,0,0,898
117,4,0,4,21,3353100,3733,0,0,902
118,7,0,4,21,3375660,3730,0,0,909
119,5,0,5,20,3384360,3723,0,0,914
120,9,0,8,17,3404160,3720,0,0,923
121,10,0,9,16,3430920,3713,0,0,933
122,5,0,6,19,3456780,3708,0,0,938
123,3,0,4,21,3476340,3710,0,0,941
124,2,0,2,23,3505860,3725,0,0,943
125,4,0,3,22,3509820,3718,0,0,947
126,10,0,8,17,3526440,3715,0,0,957
127,18,0,17,8,3552420,3708,0,0,975
128,10,0,10,15,3613200,3705,0,0,985
129,10,0,11,14,3652260,3711,0,0,995
130,11,0,13,12,3684420,3710,0,0,1006
131,5,0,8,17,3735540,3724,0,0,1011
132,11,0,12,13,3759960,3722,0,0,1022
133,9,0,11,14,3801540,3727,0,0,1031
134,13,0,14,11,3848820,3736,0,0,1044
135,8,0,9,16,3885540,3725,0,0,1052
136,7,0,8,17,3904380,3714,0,0,1059
137,10,0,9,16,3933720,3711,0,0,1069
138,6,0,6,19,3985080,3727,0,0,1075
139,6,0,8,17,4000800,3728,0,0,1081
140,8,0,8,17,4028040,3726,0,0,1089
141,3,0,5,20,4054320,3729,0,0,1092
142,6,0,4,21,4082940,3732,0,0,1098
143,5,0,6,19,4095600,3733,0,0,1103
144,6,0,7,18,4114140,3733,0,0,1109
145,4,0,5,20,4138680,3735,0,0,1113
146,4,0,4,21,4148100,3726,0,0,1117
147,5,0,3,22,4171380,3727,0,0,1122
148,6,0,4,21,4185360,3723,0,0,1128
149,5,0,6,19,4196040,3723,0,0,1133
150,10,0,11,14,4208160,3717,0,0,1143
151,8,0,8,17,4251720,3719,0,0,1151
152,12,0,13,12,4280880,3722,0,0,1163
153,13,0,11,14,4327800,3714,0,0,1176
154,7,0,10,15,4355520,3713,0,0,1183
155,5,0,5,20,4402860,3721,0,0,1188
156,10,0,8,17,4430460,3723,0,0,1198
157,9,0,8,17,4455600,3716,0,0,1207
158,11,0,11,14,4481280,3712,0,0,1218
159,7,0,11,14,4508580,3713,0,0,1225
160,11,0,12,13,4547700,3715,0,0,1236
161,7,0,8,17,4580700,3709,0,0,1243
162,6,0,8,17,4616160,3719,0,0,1249
163,7,0,7,18,4641480,3716,0,0,1256
164,10,0,7,18,4669320,3708,0,0,1266
165,8,0,9,16,4683780,3702,0,0,1274
166,7,0,7,18,4716600,3702,0,0,1281
167,2,0,3,22,4741860,3704,0,0,1283
168,3,0,3,22,4757580,3708,0,0,1286
169,6,0,5,20,4772880,3708,0,0,1292
170,4,0,3,22,4790460,3704,0,0,1296
171,4,0,5,20,4800000,3706,0,0,1300
172,4,0,4,21,4816800,3705,0,0,1304
173,3,0,2,23,4839480,3708,0,0,1307
174,10,0,9,16,4842060,3701,0,0,1317
175,6,0,9,16,4862400,3700,0,0,1323
176,8,0,11,14,4890300,3704,0,0,1331
177,9,0,7,18,4939740,3705,0,0,1340
178,13,0,9,16,4975740,3702,0,0,1353
179,12,0,12,13,4998600,3694,0,0,1365
180,7,0,6,19,5042100,3691,0,0,1372
181,10,0,9,16,5064420,3688,0,0,1382
182,17,0,14,11,5097120,3680,0,0,1399
183,15,0,18,7,5126760,3672,0,0,1414
184,12,0,14,11,5175660,3665,0,0,1426
185,6,0,9,16,5231100,3676,0,0,1432
186,6,0,7,18,5268540,3681,0,0,1438
187,6,0,5,20,5305800,3687,0,0,1444
188,10,0,8,17,5322420,3680,0,0,1454
189,16,0,12,13,5345640,3666,0,0,1470
190,3,0,3,22,5388120,3665,0,0,1473
191,7,0,3,22,5411280,3663,0,0,1480
192,9,0,10,15,5412600,3659,0,0,1489
193,4,0,4,21,5450700,3660,0,0,1493
194,5,0,5,20,5464200,3659,0,0,1498
195,4,0,1,24,5488620,3656,0,0,1502
196,4,0,3,22,5495700,3656,0,0,1506
197,10,0,6,19,5511600,3650,0,0,1516
198,9,0,7,18,5529780,3642,0,0,1525
199,5,0,5,20,5563260,3648,0,0,1530
200,3,0,3,22,5583300,3649,0,0,1533
201,6,0,6,19,5598180,3651,0,0,1539
202,14,0,13,12,5609460,3642,0,0,1553
203,11,0,15,10,5638800,3640,0,0,1564
204,15,0,18,7,5679360,3638,0,0,1579
205,8,0,10,15,5751360,3647,0,0,1587
206,13,0,13,12,5794620,3651,0,0,1600
207,10,0,15,10,5815680,3646,0,0,1610
208,5,0,6,19,5877720,3653,0,0,1615
209,9,0,4,21,5921160,3655,0,0,1624
210,4,0,2,23,5938080,3651,0,0,1628
211,4,0,5,20,5944620,3653,0,0,1632
212,5,0,5,20,5956440,3649,0,0,1637
213,5,0,3,22,5984400,3651,0,0,1642
214,7,0,5,20,6004440,3652,0,0,1649
215,5,0,6,19,6015900,3650,0,0,1654
216,5,0,1,24,6050220,3649,0,0,1659
217,4,0,4,21,6051420,3647,0,0,1663
218,2,0,2,23,6065220,3647,0,0,1665
219,4,0,4,21,6074820,3648,0,0,1669
220,3,0,5,20,6078060,3646,0,0,1672
221,12,0,8,17,6097380,3638,0,0,1684
222,13,0,11,14,6130680,3636,0,0,1697
223,7,0,7,18,6164100,3632,0,0,1704
224,5,0,6,19,6197880,3639,0,0,1709
225,10,0,10,15,6220500,3639,0,0,1719
226,11,0,12,13,6252540,3639,0,0,1730
227,11,0,11,14,6303540,3643,0,0,1741
228,16,0,18,7,6328740,3639,0,0,1757
229,7,0,13,12,6392400,3650,0,0,1764
230,13,0,11,14,6449820,3652,0,0,1777
231,15,0,15,10,6501360,3658,0,0,1792
232,12,0,9,16,6558960,3654,0,0,1804
233,10,0,9,16,6579600,3645,0,0,1814
234,7,0,8,17,6615060,3648,0,0,1821
235,10,0,12,13,6645300,3653,0,0,1831
236,8,0,8,17,6686700,3651,0,0,1839
237,4,0,6,19,6709260,3652,0,0,1843
238,4,0,6,19,6728460,3654,0,0,1847
239,8,0,8,17,6748020,3653,0,0,1855
240,7,0,11,14,6769860,3657,0,0,1862
241,9,0,8,17,6821640,3661,0,0,1871
242,6,0,4,21,6847320,3655,0,0,1877
243,5,0,2,23,6868380,3653,0,0,1882
244,3,0,3,22,6873360,3652,0,0,1885
245,9,0,6,19,6882360,3645,0,0,1894
246,8,0,8,17,6903660,3645,0,0,1902
247,10,0,6,19,6935880,3638,0,0,1912
248,14,0,14,11,6951480,3635,0,0,1926
249,5,0,7,18,6993720,3634,0,0,1931
250,10,0,6,19,7035240,3635,0,0,1941
251,11,0,11,14,7048920,3631,0,0,1952
252,13,0,8,17,7081380,3618,0,0,1965
253,7,0,7,18,7111200,3618,0,0,1972
254,11,0,7,18,7144380,3615,0,0,1983
255,8,0,7,18,7165560,3611,0,0,1991
256,9,0,7,18,7186080,3605,0,0,2000
257,5,0,4,21,7214220,3605,0,0,2005
258,12,0,8,17,7240620,3604,0,0,2017
259,5,0,5,20,7261140,3599,0,0,2022
260,6,0,6,19,7279800,3600,0,0,2028
261,6,0,7,18,7295880,3599,0,0,2034
262,9,0,6,19,7328400,3597,0,0,2043
263,11,0,11,14,7343640,3594,0,0,2054
264,4,0,6,19,7369020,3591,0,0,2058
265,8,0,6,19,7404060,3594,0,0,2066
266,2,0,3,22,7419900,3593,0,0,2068
267,2,0,3,22,7433700,3596,0,0,2070
268,4,0,4,21,7441260,3594,0,0,2074
269,4,0,4,21,7455120,3594,0,0,2078
270,6,0,7,18,7463700,3593,0,0,2084
271,9,0,10,15,7484040,3592,0,0,2093
272,10,0,9,16,7507620,3585,0,0,2103
273,8,0,7,18,7539660,3583,0,0,2111
274,17,0,15,10,7567680,3581,0,0,2128
275,10,0,13,12,7625160,3588,0,0,2138
276,10,0,11,14,7674000,3591,0,0,2148
277,7,0,9,16,7722420,3598,0,0,2155
278,8,0,8,17,7750980,3596,0,0,2163
279,13,0,7,18,7788120,3590,0,0,2176
280,14,0,14,11,7803780,3586,0,0,2190
281,7,0,5,20,7864560,3587,0,0,2197
282,9,0,7,18,7894860,3590,0,0,2206
283,5,0,7,18,7911600,3589,0,0,2211
284,4,0,5,20,7938360,3592,0,0,2215
285,1,0,1,24,7961040,3594,0,0,2216
286,5,0,4,21,7974600,3597,0,0,2221
287,5,0,5,20,7981920,3593,0,0,2226
288,6,0,7,18,7998360,3594,0,0,2232
289,7,0,6,19,8018880,3591,0,0,2239
290,4,0,3,22,8038260,3588,0,0,2243
291,6,0,6,19,8054640,3591,0,0,2249
292,5,0,7,18,8067420,3590,0,0,2254
293,7,0,7,18,8096940,3592,0,0,2261
294,8,0,5,20,8129040,3590,0,0,2269
295,8,0,9,16,8139720,3588,0,0,2277
296,11,0,10,15,8179200,3590,0,0,2288
297,5,0,11,14,8196120,3591,0,0,2293
298,7,0,7,18,8252340,3598,0,0,2300
299,8,0,6,19,8278320,3596,0,0,2308
300,11,0,10,15,8305380,3596,0,0,2319
301,8,0,10,15,8326920,3593,0,0,2327
302,13,0,10,15,8383800,3598,0,0,2340
303,10,0,8,17,8422860,3596,0,0,2350
304,6,0,6,19,8457480,3598,0,0,2356
305,13,0,16,9,8474760,3601,0,0,2369
306,11,0,14,11,8510760,3597,0,0,2380
307,11,0,10,15,8578620,3602,0,0,2391
308,3,0,4,21,8622600,3607,0,0,2394
309,8,0,7,18,8652480,3612,0,0,2402
310,9,0,11,14,8663880,3609,0,0,2411
311,5,0,7,18,8686920,3606,0,0,2416
312,3,0,4,21,8727360,3613,0,0,2419
313,5,0,5,20,8732700,3610,0,0,2424
314,5,0,5,20,8754840,3611,0,0,2429
315,4,0,5,20,8767980,3611,0,0,2433
316,5,0,5,20,8784660,3610,0,0,2438
317,9,0,7,18,8811480,3611,0,0,2447
318,8,0,10,15,8825640,3609,0,0,2455
319,6,0,10,15,8845860,3609,0,0,2461
320,12,0,15,10,8874180,3610,0,0,2473
321,11,0,11,14,8943300,3616,0,0,2484
322,10,0,12,13,8971500,3614,0,0,2494
323,6,0,6,19,9019200,3616,0,0,2500
324,11,0,10,15,9039660,3614,0,0,2511
325,8,0,9,16,9080700,3617,0,0,2519
326,8,0,9,16,9103500,3615,0,0,2527
327,14,0,12,13,9128280,3609,0,0,2541
328,12,0,15,10,9163860,3610,0,0,2553
329,15,0,17,8,9219300,3613,0,0,2568
330,18,0,17,8,9282840,3613,0,0,2586
331,10,0,14,11,9332160,3614,0,0,2596
332,10,0,13,12,9379500,3617,0,0,2606
333,7,0,8,17,9432660,3620,0,0,2613
334,10,0,11,14,9464040,3623,0,0,2623
335,5,0,6,19,9503100,3624,0,0,2628
336,2,0,2,23,9536100,3628,0,0,2630
337,4,0,4,21,9548400,3630,0,0,2634
338,16,0,14,11,9560940,3627,0,0,2650
339,18,0,13,12,9609960,3619,0,0,2668
340,20,0,13,12,9665100,3613,0,0,2688
341,31,14,16,9,9708300,3610,60,0,2719
342,35,40,13,12,9750000,3616,5700,2,2754
343,35,40,25,0,9821040,3630,67140,24,2789
344,33,39,25,0,9893400,3635,110640,39,2822
345,32,37,25,0,10012440,3647,214920,76,2854
346,31,33,25,0,10117620,3651,317640,112,2885
347,33,40,25,0,10163520,3648,333000,116,2918
348,30,40,22,3,10272540,3647,399300,138,2948
349,27,40,23,2,10337940,3651,426420,147,2975
350,20,22,25,0,10453500,3649,758400,260,2995
351,31,26,19,6,10516140,3630,1050360,358,3026
352,34,40,13,12,10576380,3638,1057440,357,3060
353,32,40,25,0,10640040,3650,1095900,367,3092
354,31,40,24,1,10717320,3657,1123140,375,3123
355,22,39,25,0,10830540,3668,1213260,402,3145
356,34,38,25,0,10926960,3665,1259580,413,3179
357,25,39,25,0,10993260,3664,1282860,418,3204
358,28,32,25,0,11105700,3666,1412700,457,3232
359,29,14,25,0,11215800,3646,2067300,663,3261
360,28,8,25,0,11292480,3631,2317260,737,3289
361,34,31,17,8,11353260,3628,2320740,731,3323
362,26,40,11,14,11430780,3639,2328360,729,3349
363,36,40,11,14,11465700,3644,2346960,734,3385
364,36,35,23,2,11529420,3654,2477460,771,3421
365,30,39,25,0,11569440,3655,2515800,779,3451
366,29,39,25,0,11677680,3663,2636160,811,3480
367,22,35,25,0,11770200,3663,2722260,831,3502
368,30,40,22,3,11826300,3659,2760360,838,3532
369,32,38,17,8,11911920,3669,2803320,849,3564
370,35,39,25,0,12004380,3668,2856780,856,3599
371,31,35,25,0,12098100,3666,2878380,856,3630
372,20,15,25,0,12191820,3650,3403020,1006,3650
373,35,19,25,0,12270660,3640,3558420,1042,3685
374,27,30,24,1,12340260,3642,3567840,1036,3712
375,27,40,17,8,12423480,3651,3578880,1034,3739
376,26,38,25,0,12514620,3661,3638880,1045,3765
377,28,40,25,0,12577980,3662,3669720,1049,3793
378,24,33,25,0,12678420,3660,3744840,1063,3817
379,33,38,25,0,12768600,3661,3754140,1057,3850
380,28,37,25,0,12849540,3658,3843300,1075,3878
381,26,37,24,1,12945720,3659,3897240,1082,3904
382,21,33,25,0,13023660,3656,4197480,1159,3925
383,26,16,25,0,13110900,3636,4661700,1278,3951
384,25,28,18,7,13198860,3641,4678500,1274,3976
385,28,36,25,0,13260000,3647,4703640,1272,4004
386,30,39,25,0,13329840,3651,4725360,1271,4034
387,30,38,25,0,13423020,3655,4770780,1277,4064
388,36,36,25,0,13531500,3659,4864020,1293,4100
389,26,33,25,0,13620300,3654,4998300,1320,4126
390,33,38,25,0,13707600,3657,5011860,1315,4159
391,31,39,25,0,13798740,3652,5068380,1321,4190
392,35,40,25,0,13847100,3651,5078160,1316,4225
393,30,35,25,0,13957740,3656,5165340,1332,4255
394,39,40,25,0,14036340,3658,5186040,1330,4294
395,32,29,25,0,14151360,3657,5431020,1385,4326
396,30,40,18,7,14224500,3652,5562720,1408,4356
397,29,39,19,6,14280300,3656,5584860,1409,4385
398,31,40,25,0,14332140,3659,5616300,1411,4416
399,31,19,25,0,14460660,3650,6635940,1656,4447
400,25,7,25,0,14554260,3640,6937380,1721,4472
401,28,9,25,0,14608020,3630,7254600,1790,4500
402,44,27,25,0,14732400,3637,7271040,1772,4544
403,30,40,17,8,14796540,3639,7275660,1765,4574
404,28,39,25,0,14875680,3646,7335780,1771,4602
405,30,36,25,0,14968200,3647,7395000,1775,4632
406,29,31,25,0,15081480,3646,7510440,1792,4661
407,41,40,25,0,15134580,3644,7522440,1784,4702
408,36,39,25,0,15230040,3650,7539300,1779,4738
409,34,38,25,0,15330000,3652,7593000,1782,4772
410,22,19,25,0,15431040,3641,8014620,1872,4794
411,28,18,25,0,15513660,3635,8080440,1874,4822
412,32,29,25,0,15601020,3638,8090760,1863,4854
413,27,34,25,0,15692700,3640,8151900,1866,4881
414,31,35,25,0,15786360,3640,8182800,1861,4912
415,27,36,25,0,15875880,3639,8291160,1874,4939
416,33,39,11,14,15941160,3641,8294520,1873,4972
417,30,40,14,11,15982080,3644,8307000,1871,5002
418,31,27,25,0,16038900,3645,8589360,1929,5033
419,27,40,14,11,16107600,3646,8591880,1922,5060
420,41,37,16,9,16149540,3651,8619420,1925,5101
421,39,35,25,0,16244640,3655,8798580,1953,5140
422,37,39,25,0,16312320,3647,8886780,1959,5177
423,25,31,25,0,16406280,3649,8997300,1976,5202
424,21,1,25,0,16515600,3632,10034940,2195,5223
425,32,5,25,0,16589580,3626,10036140,2180,5255
426,30,15,25,0,16679520,3630,10046580,2168,5285
427,32,26,25,0,16763460,3632,10064340,2157,5317
428,31,40,24,1,16845960,3636,10078140,2147,5348
429,34,36,25,0,16941360,3641,10119000,2147,5382
430,35,36,25,0,17030100,3643,10185660,2151,5417
431,41,39,25,0,17129760,3640,10265400,2152,5458
432,38,39,25,0,17192340,3636,10304340,2150,5496
433,32,27,25,0,17315460,3629,10549260,2187,5528
434,20,8,25,0,17389260,3615,10898940,2250,5548
435,32,0,25,0,17488200,3605,11002440,2256,5580
436,35,15,25,0,17560140,3605,11012280,2243,5615
437,36,40,16,9,17650560,3611,11017500,2230,5651
438,31,38,20,5,17712660,3617,11051640,2230,5682
439,32,31,25,0,17792340,3620,11139540,2241,5714
440,18,30,25,0,17862900,3620,11249520,2256,5732
441,38,38,25,0,17965500,3622,11261820,2242,5770
442,38,32,25,0,18072480,3617,11324940,2241,5808
443,34,38,25,0,18137040,3615,11363580,2238,5842
444,32,27,25,0,18240300,3611,11524140,2258,5874
445,32,38,25,0,18306660,3609,11557080,2251,5906
446,31,39,20,5,18418500,3615,11578200,2246,5937
447,35,40,16,9,18468300,3618,11584860,2245,5972
448,38,34,24,1,18559800,3615,11836620,2280,6010
449,36,40,15,10,18610680,3616,11846100,2278,6046
450,27,37,19,6,18677400,3621,11885040,2279,6073
451,30,31,25,0,18737820,3618,12098340,2311,6103
452,30,34,25,0,18831300,3617,12306720,2337,6133
453,27,39,25,0,18904140,3620,12317820,2330,6160
454,33,33,21,4,19029780,3628,12411600,2342,6193
455,30,24,25,0,19086540,3614,12990240,2438,6223
456,26,40,13,12,19179060,3619,12993120,2428,6249
457,35,39,25,0,19209960,3621,13045020,2431,6284
458,35,40,25,0,19296120,3625,13082340,2428,6319
459,19,25,19,6,19405380,3621,13503660,2499,6338
460,35,37,14,11,19469100,3625,13517580,2493,6373
461,30,37,19,6,19519500,3630,13549620,2493,6403
462,26,35,25,0,19590120,3632,13611240,2496,6429
463,34,40,20,5,19669380,3633,13621020,2489,6463
464,27,30,25,0,19758660,3632,13851960,2521,6490
465,31,36,25,0,19848840,3632,13891020,2514,6521
466,27,26,25,0,19950720,3626,14230860,2563,6548
467,28,31,25,0,20036340,3627,14276460,2559,6576
468,37,40,18,7,20105640,3625,14285700,2550,6613
469,30,39,25,0,20168940,3629,14320680,2547,6643
470,34,38,25,0,20257920,3631,14400600,2553,6677
471,35,40,15,10,20362500,3628,14506080,2562,6712
472,38,40,25,0,20442840,3626,14573640,2556,6750
473,34,35,25,0,20526720,3627,14646720,2561,6784
474,20,15,25,0,20649180,3623,15396960,2682,6804
475,25,0,25,0,20704980,3607,15892860,2757,6829
476,21,0,21,4,20793660,3607,15894420,2747,6850
477,33,0,25,0,20897460,3607,15896040,2732,6883
478,31,6,25,0,20968140,3604,15903300,2718,6914
479,32,32,16,9,21038280,3606,15910440,2706,6946
480,34,40,11,14,21116580,3613,15922140,2701,6980
481,30,39,25,0,21145080,3615,15988680,2704,7010
482,28,40,25,0,21212520,3619,16027980,2705,7038
483,34,36,25,0,21350520,3626,16188900,2722,7072
484,29,39,25,0,21402180,3626,16236840,2721,7101
485,26,29,25,0,21510420,3623,16473900,2750,7127
486,40,40,25,0,21583440,3627,16480080,2740,7167
487,24,31,25,0,21702960,3631,16572000,2747,7191
488,37,36,25,0,21782940,3630,16580340,2735,7228
489,39,39,25,0,21849000,3629,16599240,2728,7267
490,36,38,25,0,21964020,3630,16651800,2724,7303
491,29,40,25,0,22035120,3631,16659960,2717,7332
492,35,36,25,0,22147560,3633,16720560,2716,7367
493,32,40,17,8,22216140,3633,16729260,2710,7399
494,34,38,20,5,22282500,3636,16747800,2707,7433
495,29,20,25,0,22380480,3627,17598240,2832,7462
496,29,37,22,3,22428540,3626,17604240,2821,7491
497,38,40,22,3,22525320,3629,17625300,2812,7529
498,29,36,23,2,22612620,3633,17646960,2808,7558
499,38,40,15,10,22710660,3630,17748600,2814,7596
500,23,40,10,15,22737840,3631,17751120,2813,7619
501,32,40,15,10,22778160,3634,17769780,2811,7651
502,24,34,25,0,22835700,3633,17944140,2829,7675
503,14,0,16,9,22945320,3617,19084260,3001,7689
504,7,0,8,17,23002440,3618,19084260,2998,7696
505,9,0,8,17,23036220,3618,19084260,2994,7705
506,7,0,9,16,23056020,3618,19084260,2990,7712
507,1,0,2,23,23108460,3622,19084260,2990,7713
508,5,0,5,20,23125080,3623,19084260,2987,7718
509,7,0,7,18,23134860,3622,19084260,2984,7725
510,5,0,4,21,23164080,3622,19084260,2982,7730
511,7,0,9,16,23179140,3623,19084260,2979,7737
512,8,0,11,14,23201940,3623,19084260,2975,7745
513,6,0,9,16,23223480,3622,19084260,2972,7751
514,4,0,3,22,23275920,3624,19084260,2970,7755
515,6,0,4,21,23291160,3624,19084260,2968,7761
516,6,0,6,19,23304660,3624,19084260,2965,7767
517,11,0,12,13,23320980,3624,19084260,2960,7778
518,13,0,14,11,23357640,3623,19084260,2954,7791
519,16,0,17,8,23419560,3625,19084260,2946,7807
520,7,0,11,14,23468340,3626,19084260,2943,7814
521,12,0,15,10,23493360,3625,19084260,2938,7826
522,10,0,10,15,23556420,3626,19084260,2933,7836
523,16,0,16,9,23587860,3626,19084260,2926,7852
524,4,0,7,18,23649900,3628,19084260,2924,7856
525,8,0,9,16,23680980,3629,19084260,2921,7864
526,6,0,4,21,23717940,3629,19084260,2918,7870
527,7,0,7,18,23732940,3629,19084260,2915,7877
528,6,0,5,20,23754540,3628,19084260,2912,7883
529,7,0,4,21,23772960,3626,19084260,2909,7890
530,8,0,7,18,23794080,3627,19084260,2906,7898
531,8,0,7,18,23820600,3626,19084260,2902,7906
532,8,0,9,16,23839020,3626,19084260,2899,7914
533,8,0,7,18,23878440,3626,19084260,2895,7922
534,10,0,5,20,23908920,3624,19084260,2891,7932
535,7,0,7,18,23922480,3624,19084260,2888,7939
536,8,0,9,16,23950560,3625,19084260,2884,7947
537,6,0,7,18,23974920,3624,19084260,2881,7953
538,17,0,14,11,24009120,3624,19084260,2874,7970
539,7,0,14,11,24029520,3623,19084260,2871,7977
540,8,0,8,17,24098340,3625,19084260,2868,7985
541,7,0,6,19,24117780,3624,19084260,2865,7992
542,13,0,8,17,24142740,3621,19084260,2859,8005
543,9,0,4,21,24181200,3620,19084260,2855,8014
544,11,0,11,14,24195840,3620,19084260,2850,8025
545,11,0,14,11,24224100,3620,19084260,2846,8036
546,7,0,11,14,24259440,3620,19084260,2843,8043
547,2,0,4,21,24304200,3622,19084260,2842,8045
548,10,0,5,20,24334020,3621,19084260,2838,8055
549,4,0,4,21,24345540,3620,19084260,2836,8059
550,6,0,7,18,24361020,3621,19084260,2834,8065
551,9,0,10,15,24380520,3621,19084260,2830,8074
552,4,0,7,18,24419760,3623,19084260,2828,8078
553,4,0,5,20,24447600,3624,19084260,2826,8082
554,7,0,9,16,24469740,3625,19084260,2823,8089
555,2,0,6,19,24487440,3625,19084260,2823,8091
556,7,0,5,20,24519960,3626,19084260,2820,8098
557,7,0,6,19,24544080,3626,19084260,2817,8105
558,10,0,10,15,24555420,3624,19084260,2813,8115
559,10,0,12,13,24578820,3624,19084260,2808,8125
560,10,0,16,9,24604320,3624,19084260,2804,8135
561,9,0,12,13,24656640,3625,19084260,2801,8144
562,8,0,12,13,24693420,3626,19084260,2797,8152
563,8,0,8,17,24747120,3628,19084260,2794,8160
564,10,0,12,13,24780720,3629,19084260,2790,8170
565,6,0,5,20,24823440,3629,19084260,2788,8176
566,8,0,7,18,24841800,3628,19084260,2784,8184
567,5,0,6,19,24863040,3628,19084260,2782,8189
568,14,0,12,13,24890040,3628,19084260,2777,8203
569,11,0,13,12,24915240,3626,19084260,2772,8214
570,2,0,4,21,24967200,3628,19084260,2771,8216
571,2,0,2,23,24982440,3628,19084260,2771,8218
572,8,0,5,20,24998400,3628,19084260,2767,8226
573,4,0,7,18,25007460,3628,19084260,2766,8230
574,3,0,2,23,25044060,3629,19084260,2765,8233
575,13,0,11,14,25053900,3628,19084260,2759,8246
576,6,0,5,20,25085160,3627,19084260,2757,8252
577,7,0,7,18,25105920,3627,19084260,2754,8259
578,4,0,7,18,25120980,3627,19084260,2753,8263
579,8,0,6,19,25151040,3627,19084260,2749,8271
580,4,0,6,19,25170060,3627,19084260,2748,8275
581,7,0,9,16,25193340,3629,19084260,2745,8282
582,8,0,8,17,25229280,3629,19084260,2742,8290
583,8,0,9,16,25256580,3629,19084260,2739,8298
584,11,0,10,15,25284420,3628,19084260,2734,8309
585,11,0,13,12,25320420,3629,19084260,2730,8320
586,9,0,9,16,25370340,3630,19084260,2727,8329
587,11,0,9,16,25411980,3630,19084260,2722,8340
588,11,0,9,16,25452960,3630,19084260,2718,8351
589,11,0,10,15,25482420,3629,19084260,2714,8362
590,8,0,7,18,25525440,3629,19084260,2711,8370
591,12,0,15,10,25539060,3629,19084260,2706,8382
592,7,0,10,15,25577040,3628,19084260,2703,8389
593,10,0,12,13,25625700,3631,19084260,2700,8399
594,9,0,7,18,25674600,3631,19084260,2696,8408
595,12,0,10,15,25699020,3630,19084260,2692,8420
596,5,0,8,17,25734360,3631,19084260,2690,8425
597,12,0,10,15,25776240,3632,19084260,2685,8437
598,6,0,9,16,25806840,3633,19084260,2683,8443
599,4,0,4,21,25850040,3634,19084260,2681,8447
600,5,0,7,18,25859460,3635,19084260,2679,8452
601,4,0,4,21,25890180,3635,19084260,2678,8456
602,3,0,3,22,25902900,3635,19084260,2677,8459
603,3,0,2,23,25912080,3634,19084260,2676,8462
604,10,0,4,21,25927860,3632,19084260,2672,8472
605,9,0,11,14,25932420,3632,19084260,2669,8481
606,11,0,10,15,25968480,3631,19084260,2665,8492
607,12,0,8,17,25997760,3628,19084260,2660,8504
608,11,0,10,15,26024760,3627,19084260,2656,8515
609,7,0,8,17,26050740,3626,19084260,2653,8522
610,11,0,13,12,26065920,3625,19084260,2649,8533
611,12,0,14,11,26126280,3628,19084260,2645,8545
612,9,0,10,15,26173920,3628,19084260,2642,8554
613,16,0,15,10,26205240,3627,19084260,2636,8570
614,10,0,13,12,26269140,3630,19084260,2632,8580
615,13,0,11,14,26318040,3629,19084260,2627,8593
616,9,0,7,18,26362440,3629,19084260,2624,8602
617,17,0,15,10,26391300,3628,19084260,2618,8619
618,10,0,10,15,26446140,3628,19084260,2614,8629
619,13,0,8,17,26497620,3628,19084260,2610,8642
620,7,0,13,12,26510040,3629,19084260,2607,8649
621,6,0,7,18,26573880,3631,19084260,2605,8655
622,8,0,10,15,26592840,3631,19084260,2602,8663
623,6,0,6,19,26633640,3632,19084260,2600,8669
624,10,0,10,15,26657340,3632,19084260,2597,8679
625,2,0,4,21,26698380,3634,19084260,2596,8681
626,3,0,1,24,26724660,3635,19084260,2595,8684
627,5,0,3,22,26734620,3634,19084260,2593,8689
628,3,0,5,20,26736660,3634,19084260,2592,8692
629,5,0,5,20,26756400,3634,19084260,2590,8697
630,6,0,4,21,26778840,3634,19084260,2588,8703
631,8,0,10,15,26782140,3633,19084260,2585,8711
632,11,0,9,16,26817660,3632,19084260,2582,8722
633,7,0,8,17,26844300,3632,19084260,2579,8729
634,6,0,6,19,26887740,3634,19084260,2577,8735
635,11,0,11,14,26903580,3633,19084260,2573,8746
636,13,0,11,14,26944620,3632,19084260,2569,8759
637,10,0,7,18,26986440,3631,19084260,2565,8769
638,10,0,7,18,27018300,3631,19084260,2562,8779
639,12,0,13,12,27030120,3629,19084260,2558,8791
640,11,0,14,11,27070260,3630,19084260,2554,8802
641,5,0,7,18,27125760,3631,19084260,2552,8807
642,6,0,3,22,27163080,3631,19084260,2550,8813
643,11,0,8,17,27182700,3631,19084260,2546,8824
644,5,0,7,18,27197160,3630,19084260,2545,8829
645,6,0,7,18,27230400,3632,19084260,2543,8835
646,6,0,8,17,27251580,3632,19084260,2541,8841
647,5,0,4,21,27282180,3632,19084260,2539,8846
648,4,0,4,21,27303660,3633,19084260,2538,8850
649,7,0,5,20,27313080,3631,19084260,2535,8857
650,6,0,6,19,27331860,3631,19084260,2533,8863
651,7,0,6,19,27355260,3631,19084260,2531,8870
652,5,0,5,20,27373560,3630,19084260,2529,8875
653,6,0,6,19,27404520,3632,19084260,2527,8881
654,8,0,10,15,27414660,3632,19084260,2525,8889
655,3,0,3,22,27449460,3631,19084260,2524,8892
656,5,0,6,19,27465180,3632,19084260,2522,8897
657,10,0,10,15,27482580,3632,19084260,2519,8907
658,8,0,10,15,27511260,3632,19084260,2516,8915
659,15,0,12,13,27556740,3632,19084260,2511,8930
660,17,0,14,11,27601140,3630,19084260,2505,8947
661,9,0,11,14,27641940,3630,19084260,2502,8956
662,12,0,15,10,27669060,3630,19084260,2498,8968
663,9,0,13,12,27721680,3631,19084260,2495,8977
664,15,0,14,11,27774120,3632,19084260,2491,8992
665,12,0,12,13,27833700,3633,19084260,2487,9004
666,8,0,10,15,27864720,3632,19084260,2484,9012
667,7,0,8,17,27916320,3634,19084260,2482,9019
668,13,0,11,14,27947880,3634,19084260,2478,9032
669,8,0,9,16,27985440,3634,19084260,2475,9040
670,7,0,7,18,28013220,3633,19084260,2473,9047
671,7,0,11,14,28030800,3634,19084260,2471,9054
672,4,0,4,21,28081680,3636,19084260,2469,9058
673,5,0,6,19,28086720,3635,19084260,2468,9063
674,6,0,9,16,28094640,3634,19084260,2466,9069
675,3,0,6,19,28101360,3633,19084260,2465,9072
676,5,0,8,17,28114140,3633,19084260,2463,9077
677,6,0,7,18,28134420,3632,19084260,2461,9083
678,9,0,9,16,28151340,3631,19084260,2458,9092
679,9,0,15,10,28163340,3631,19084260,2456,9101
680,10,0,17,8,28189920,3631,19084260,2452,9111
681,5,0,8,17,28257060,3633,19084260,2451,9116
682,13,0,13,12,28288260,3633,19084260,2447,9129
683,10,0,14,11,28324920,3634,19084260,2444,9139
684,13,0,13,12,28367820,3633,19084260,2440,9152
685,12,0,15,10,28402200,3632,19084260,2436,9164
686,5,0,11,14,28450260,3634,19084260,2434,9169
687,9,0,14,11,28474020,3635,19084260,2432,9178
688,10,0,10,15,28512120,3633,19084260,2428,9188
689,6,0,9,16,28548300,3634,19084260,2427,9194
690,8,0,12,13,28570680,3635,19084260,2424,9202
691,5,0,8,17,28598640,3634,19084260,2423,9207
692,6,0,10,15,28616880,3635,19084260,2421,9213
693,6,0,9,16,28641180,3635,19084260,2419,9219
694,7,0,11,14,28665240,3635,19084260,2417,9226
695,3,0,8,17,28691520,3636,19084260,2416,9229
696,4,0,6,19,28711440,3636,19084260,2415,9233
697,4,0,8,17,28722660,3636,19084260,2413,9237
698,9,0,11,14,28737060,3635,19084260,2411,9246
699,9,0,12,13,28762980,3635,19084260,2408,9255
700,2,0,6,19,28808160,3637,19084260,2407,9257
701,2,0,6,19,28822020,3638,19084260,2407,9259
702,6,0,9,16,28830300,3637,19084260,2405,9265
703,8,0,11,14,28841880,3636,19084260,2402,9273
704,9,0,7,18,28872780,3634,19084260,2400,9282
705,8,0,10,15,28890780,3634,19084260,2397,9290
706,12,0,16,9,28923480,3635,19084260,2394,9302
707,9,0,12,13,28972080,3636,19084260,2391,9311
708,1,0,9,16,28986120,3635,19084260,2391,9312
709,6,0,7,18,29022720,3636,19084260,2389,9318
710,14,0,13,12,29045820,3636,19084260,2385,9332
711,5,0,10,15,29069520,3635,19084260,2383,9337
712,8,0,10,15,29101440,3635,19084260,2381,9345
713,5,0,6,19,29132460,3635,19084260,2379,9350
714,8,0,9,16,29139360,3634,19084260,2377,9358
715,4,0,6,19,29170920,3635,19084260,2376,9362
716,7,0,9,16,29180820,3634,19084260,2374,9369
717,5,0,6,19,29191500,3632,19084260,2372,9374
718,7,0,9,16,29215560,3633,19084260,2370,9381
719,10,0,11,14,29233920,3631,19084260,2367,9391
720,8,0,12,13,29265060,3632,19084260,2365,9399
721,7,0,9,16,29290440,3631,19084260,2363,9406
722,6,0,8,17,29319180,3631,19084260,2361,9412
723,8,0,9,16,29337900,3630,19084260,2359,9420
724,6,0,8,17,29362320,3630,19084260,2357,9426
725,5,0,8,17,29378820,3630,19084260,2356,9431
726,7,0,6,19,29399820,3629,19084260,2354,9438
727,9,0,11,14,29410020,3628,19084260,2351,9447
728,8,0,10,15,29429640,3627,19084260,2349,9455
729,10,0,11,14,29459340,3626,19084260,2346,9465
730,12,0,15,10,29480700,3625,19084260,2342,9477
731,17,0,19,6,29522100,3625,19084260,2337,9494
732,13,0,18,7,29568840,3624,19084260,2334,9507
733,12,0,18,7,29606460,3623,19084260,2330,9519
734,11,0,17,8,29646540,3623,19084260,2327,9530
735,10,0,12,13,29721420,3625,19084260,2324,9540
736,6,0,9,16,29750220,3625,19084260,2323,9546
737,10,0,11,14,29771460,3624,19084260,2320,9556
738,9,0,8,17,29800680,3622,19084260,2317,9565
739,12,0,14,11,29815380,3621,19084260,2314,9577
740,9,0,12,13,29858160,3622,19084260,2311,9586
741,4,0,9,16,29891220,3623,19084260,2310,9590
742,5,0,10,15,29906760,3623,19084260,2309,9595
743,5,0,10,15,29932860,3624,19084260,2307,9600
744,8,0,11,14,29957940,3624,19084260,2305,9608
745,7,0,11,14,29988060,3624,19084260,2303,9615
746,6,0,10,15,30015780,3625,19084260,2302,9621
747,9,0,11,14,30040800,3624,19084260,2299,9630
748,5,0,8,17,30076620,3625,19084260,2298,9635
749,9,0,13,12,30097020,3626,19084260,2295,9644
750,10,0,14,11,30121860,3625,19084260,2292,9654
751,6,0,14,11,30155220,3626,19084260,2291,9660
752,3,0,8,17,30204300,3628,19084260,2290,9663
753,8,0,10,15,30224940,3628,19084260,2288,9671
754,13,0,15,10,30246660,3627,19084260,2284,9684
755,7,0,10,15,30286860,3627,19084260,2282,9691
756,9,0,13,12,30308100,3627,19084260,2280,9700
757,10,0,11,14,30347640,3626,19084260,2277,9710
758,11,0,14,11,30381720,3627,19084260,2274,9721
759,7,0,9,16,30414480,3625,19084260,2272,9728
760,9,0,10,15,30458580,3627,19084260,2270,9737
761,6,0,12,13,30474120,3627,19084260,2268,9743
762,13,0,13,12,30507300,3626,19084260,2265,9756
763,7,0,11,14,30536760,3626,19084260,2263,9763
764,10,0,13,12,30554580,3624,19084260,2260,9773
765,8,0,10,15,30593280,3624,19084260,2258,9781
766,5,0,10,15,30618660,3625,19084260,2257,9786
767,6,0,8,17,30647400,3625,19084260,2255,9792
768,8,0,10,15,30669000,3625,19084260,2253,9800
769,2,0,7,18,30690660,3626,19084260,2252,9802
770,5,0,5,20,30720720,3626,19084260,2251,9807
771,7,0,10,15,30726420,3626,19084260,2249,9814
772,4,0,8,17,30741720,3625,19084260,2248,9818
773,3,0,8,17,30753840,3625,19084260,2247,9821
774,10,0,12,13,30782640,3626,19084260,2245,9831
775,7,0,11,14,30804480,3625,19084260,2243,9838
776,7,0,10,15,30833520,3625,19084260,2241,9845
777,6,0,8,17,30868020,3626,19084260,2239,9851
778,18,0,15,10,30900000,3625,19084260,2235,9869
779,8,0,15,10,30919080,3624,19084260,2233,9877
780,11,0,12,13,30975780,3625,19084260,2230,9888
781,15,0,17,8,31000500,3623,19084260,2226,9903
782,9,0,17,8,31038000,3624,19084860,2224,9912
783,15,1,20,5,31081020,3624,19085640,2220,9927
784,14,0,21,4,31152120,3626,19085760,2216,9941
785,12,0,15,10,31232040,3628,19085760,2213,9953
786,8,0,9,16,31278060,3628,19085760,2211,9961
787,5,0,10,15,31294140,3628,19085760,2210,9966
788,4,0,10,15,31310880,3628,19085760,2209,9970
789,6,0,10,15,31334640,3628,19085760,2207,9976
790,7,0,8,17,31368120,3628,19085760,2205,9983
791,8,0,9,16,31391340,3628,19085760,2203,9991
792,7,0,8,17,31418340,3628,19085760,2202,9998
793,3,0,7,18,31435080,3628,19085760,2201,10001
794,7,0,10,15,31439040,3627,19085760,2199,10008
795,6,0,6,19,31464360,3626,19085760,2198,10014
796,6,0,11,14,31466160,3625,19085760,2196,10020
797,7,0,8,17,31490520,3624,19085760,2194,10027
798,3,0,8,17,31507980,3625,19085760,2194,10030
799,12,0,15,10,31527060,3625,19085760,2190,10042
800,8,0,14,11,31565580,3626,19085760,2188,10050
801,10,0,12,13,31611720,3626,19085760,2186,10060
802,8,0,14,11,31640280,3627,19085760,2184,10068
803,10,0,14,11,31672560,3626,19085760,2181,10078
804,14,0,14,11,31716240,3625,19085760,2178,10092
805,13,0,19,6,31745460,3625,19085760,2175,10105
806,11,0,13,12,31809900,3626,19085760,2172,10116
807,11,0,11,14,31855980,3626,19085760,2169,10127
808,8,0,11,14,31882080,3625,19085760,2167,10135
809,8,0,14,11,31912740,3627,19085760,2165,10143
810,13,0,19,6,31932420,3626,19085760,2162,10156
811,11,0,15,10,31995060,3627,19085760,2160,10167
812,5,0,8,17,32049360,3628,19085760,2158,10172
813,12,0,12,13,32070360,3627,19085760,2155,10184
814,5,0,10,15,32094240,3627,19085760,2154,10189
815,2,0,7,18,32121900,3628,19085760,2154,10191
816,3,0,5,20,32151600,3629,19085760,2153,10194
817,8,0,9,16,32162160,3629,19085760,2151,10202
818,4,0,9,16,32169540,3628,19085760,2150,10206
819,2,0,8,17,32189460,3629,19085760,2150,10208
820,5,0,11,14,32195580,3629,19085760,2148,10213
821,7,0,12,13,32231340,3630,19085760,2147,10220
822,10,0,13,12,32262780,3630,19085760,2144,10230
823,4,0,9,16,32294520,3631,19085760,2143,10234
824,6,0,10,15,32313840,3631,19085760,2142,10240
825,9,0,13,12,32337780,3631,19085760,2140,10249
826,7,0,13,12,32358180,3630,19085760,2138,10256
827,10,0,14,11,32388360,3630,19085760,2136,10266
828,8,0,11,14,32440740,3631,19085760,2134,10274
829,4,0,9,16,32458080,3631,19085760,2133,10278
830,13,0,13,12,32504220,3632,19085760,2130,10291
831,9,0,16,9,32524980,3632,19085760,2127,10300
832,12,0,16,9,32578440,3633,19085760,2125,10312
833,5,0,11,14,32625480,3635,19085760,2123,10317
834,10,0,9,16,32664000,3634,19085760,2121,10327
835,12,0,12,13,32692080,3634,19085760,2118,10339
836,9,0,13,12,32715360,3633,19085760,2116,10348
837,6,0,10,15,32756160,3634,19085760,2115,10354
838,5,0,9,16,32785320,3635,19085760,2114,10359
839,10,0,13,12,32801580,3634,19085760,2111,10369
840,3,0,7,18,32827440,3633,19085760,2111,10372
841,1,0,5,20,32850840,3635,19085760,2110,10373
842,6,0,6,19,32860680,3634,19085760,2109,10379
843,6,0,8,17,32872200,3633,19085760,2107,10385
844,1,0,6,19,32890020,3634,19085760,2107,10386
845,10,0,11,14,32910960,3634,19085760,2105,10396
846,3,0,7,18,32935860,3634,19085760,2104,10399
847,7,0,8,17,32952900,3634,19085760,2103,10406
848,8,0,11,14,32967180,3633,19085760,2101,10414
849,8,0,12,13,32993100,3634,19085760,2099,10422
850,7,0,14,11,33001740,3632,19085760,2097,10429
851,13,0,16,9,33052260,3634,19085760,2094,10442
852,9,0,13,12,33098820,3634,19085760,2092,10451
853,11,0,12,13,33150480,3635,19085760,2090,10462
854,12,0,16,9,33176760,3635,19085760,2087,10474
855,6,0,13,12,33214200,3635,19085760,2086,10480
856,7,0,11,14,33251340,3636,19085760,2084,10487
857,10,0,14,11,33288120,3637,19085760,2082,10497
858,12,0,13,12,33332520,3636,19085760,2079,10509
859,6,0,13,12,33355320,3637,19085760,2078,10515
860,8,0,12,13,33394380,3637,19085760,2076,10523
861,7,0,15,10,33405660,3637,19085760,2074,10530
862,9,0,14,11,33464820,3639,19085760,2072,10539
863,5,0,9,16,33500040,3639,19085760,2071,10544
864,2,0,4,21,33534600,3640,19085760,2071,10546
865,10,0,9,16,33539820,3639,19085760,2068,10556
866,4,0,11,14,33546420,3639,19085760,2068,10560
867,9,0,17,8,33558960,3639,19085760,2066,10569
868,2,0,8,17,33606180,3640,19085760,2065,10571
869,2,0,7,18,33630240,3641,19085760,2065,10573
870,7,0,8,17,33647280,3641,19085760,2063,10580
871,7,0,8,17,33677340,3641,19085760,2061,10587
872,11,0,14,11,33683940,3640,19085760,2059,10598
873,6,0,13,12,33716160,3641,19085760,2058,10604
874,11,0,11,14,33767760,3641,19085760,2055,10615
875,12,0,14,11,33787620,3640,19085760,2053,10627
876,7,0,10,15,33822240,3639,19085760,2051,10634
877,10,0,16,9,33849540,3640,19085760,2049,10644
878,15,0,18,7,33892560,3640,19085760,2046,10659
879,11,0,14,11,33957900,3641,19085760,2043,10670
880,15,0,12,13,34010100,3640,19085760,2040,10685
881,8,0,11,14,34035000,3639,19085760,2038,10693
882,11,0,9,16,34074000,3638,19085760,2036,10704
883,12,0,11,14,34098180,3637,19085760,2033,10716
884,10,0,14,11,34125600,3637,19085760,2031,10726
885,4,0,12,13,34145400,3637,19085760,2030,10730
886,5,0,6,19,34199520,3639,19085760,2029,10735
887,3,0,5,20,34209780,3638,19085760,2028,10738
888,5,0,6,19,34222080,3638,19085760,2027,10743
889,5,0,7,18,34231500,3637,19085760,2026,10748
890,8,0,9,16,34237200,3636,19085760,2025,10756
891,5,0,9,16,34260600,3636,19085760,2023,10761
892,6,0,9,16,34288320,3637,19085760,2022,10767
893,7,0,14,11,34297380,3637,19085760,2021,10774
894,5,0,11,14,34337700,3638,19085760,2020,10779
895,4,0,10,15,34367520,3639,19085760,2019,10783
896,11,0,16,9,34394520,3640,19085760,2016,10794
897,9,0,13,12,34434000,3640,19085760,2014,10803
898,9,0,15,10,34450020,3639,19085760,2013,10812
899,9,0,14,11,34496460,3640,19085760,2011,10821
900,12,0,14,11,34555740,3642,19085760,2008,10833
901,15,0,17,8,34595760,3641,19085760,2005,10848
902,6,0,9,16,34635240,3640,19085760,2004,10854
903,8,0,10,15,34657260,3640,19085760,2002,10862
904,7,0,9,16,34691820,3640,19085760,2001,10869
905,7,0,10,15,34710660,3640,19085760,1999,10876
906,11,0,12,13,34738080,3639,19085760,1997,10887
907,8,0,11,14,34768500,3639,19085760,1995,10895
908,8,0,14,11,34787460,3639,19085760,1993,10903
909,5,0,12,13,34816020,3639,19085760,1992,10908
910,3,0,10,15,34837920,3640,19085760,1992,10911
911,3,0,7,18,34875660,3641,19085760,1991,10914
912,5,0,8,17,34892400,3642,19085760,1990,10919
913,3,0,5,20,34911180,3641,19085760,1989,10922
914,1,0,5,20,34913520,3641,19085760,1989,10923
915,8,0,9,16,34924860,3641,19085760,1988,10931
916,6,0,14,11,34928220,3641,19085760,1986,10937
917,8,0,14,11,34967280,3642,19085760,1985,10945
918,4,0,9,16,35016360,3644,19085760,1984,10949
919,5,0,9,16,35039820,3644,19085760,1983,10954
920,8,0,13,12,35064660,3645,19085760,1981,10962
921,10,0,12,13,35098380,3645,19085760,1979,10972
922,11,0,8,17,35140260,3643,19085760,1977,10983
923,12,0,12,13,35160120,3642,19085760,1974,10995
924,14,0,15,10,35190060,3641,19085760,1972,11009
925,11,0,17,8,35224500,3641,19085760,1969,11020
926,14,0,19,6,35273940,3642,19086420,1967,11034
927,9,0,13,12,35327040,3642,19086420,1965,11043
928,4,0,9,16,35373180,3644,19086420,1964,11047
929,8,0,10,15,35405280,3644,19086420,1962,11055
930,7,0,9,16,35433000,3644,19086420,1961,11062
931,9,0,13,12,35460300,3645,19086420,1959,11071
932,9,0,13,12,35484000,3644,19086420,1957,11080
933,10,0,16,9,35512200,3644,19086420,1955,11090
934,6,0,14,11,35549940,3645,19086420,1954,11096
935,10,0,17,8,35577000,3645,19086420,1952,11106
936,7,0,10,15,35653740,3648,19086420,1951,11113
937,3,0,8,17,35677440,3649,19086420,1950,11116
938,5,0,8,17,35690340,3648,19086420,1949,11121
939,3,0,7,18,35714400,3649,19086420,1948,11124
940,10,0,13,12,35721720,3648,19086420,1946,11134
941,5,0,8,17,35771040,3650,19086420,1946,11139
942,13,0,12,13,35791380,3648,19086420,1943,11152
943,6,0,14,11,35806020,3648,19086420,1942,11158
944,13,0,17,8,35842800,3648,19086420,1939,11171
945,9,0,11,14,35894760,3648,19086420,1937,11180
946,7,0,12,13,35917740,3648,19086420,1936,11187
947,13,0,16,9,35950800,3648,19086420,1933,11200
948,8,0,8,17,36008820,3648,19086420,1932,11208
949,9,0,12,13,36030840,3649,19086420,1930,11217
950,8,0,14,11,36049740,3648,19086420,1929,11225
951,13,0,13,12,36102660,3648,19086420,1926,11238
952,13,0,16,9,36131220,3648,19086420,1924,11251
953,7,0,11,14,36174420,3648,19086420,1922,11258
954,8,0,9,16,36219420,3648,19086420,1921,11266
955,6,0,10,15,36231420,3648,19086420,1919,11272
956,6,0,9,16,36265740,3649,19086420,1918,11278
957,5,0,9,16,36291960,3650,19086420,1917,11283
958,2,0,6,19,36307800,3649,19086420,1917,11285
959,4,0,7,18,36322320,3650,19086420,1916,11289
960,4,0,6,19,36335940,3649,19086420,1915,11293
961,4,0,8,17,36345600,3649,19086420,1915,11297
962,2,0,6,19,36360720,3649,19086420,1914,11299
963,8,0,9,16,36372660,3649,19086420,1913,11307
964,7,0,11,14,36399660,3650,19086420,1911,11314
965,3,0,7,18,36422700,3649,19086420,1911,11317
966,10,0,12,13,36439140,3649,19086420,1909,11327
967,6,0,13,12,36453480,3649,19086420,1908,11333
968,6,0,10,15,36497160,3650,19086420,1907,11339
969,7,0,10,15,36525300,3650,19086420,1905,11346
970,11,0,13,12,36546060,3649,19086420,1903,11357
971,10,0,10,15,36588060,3649,19086420,1901,11367
972,14,0,16,9,36612720,3648,19086420,1899,11381
973,8,0,9,16,36665640,3648,19086420,1897,11389
974,14,0,16,9,36679860,3647,19086420,1894,11403
975,8,0,13,12,36729120,3648,19086420,1893,11411
976,5,0,6,19,36777840,3648,19086420,1892,11416
977,6,0,9,16,36788460,3648,19086420,1891,11422
978,9,0,14,11,36801060,3648,19086420,1889,11431
979,10,0,13,12,36837480,3648,19086420,1887,11441
980,3,0,7,18,36869280,3648,19086420,1887,11444
981,3,0,6,19,36883080,3648,19086420,1886,11447
982,3,0,8,17,36886500,3648,19086420,1886,11450
983,7,0,8,17,36910800,3648,19086420,1884,11457
984,3,0,5,20,36925260,3647,19086420,1884,11460
985,3,0,4,21,36938760,3647,19086420,1883,11463
986,5,0,6,19,36946740,3646,19086420,1882,11468
987,6,0,7,18,36956880,3646,19086420,1881,11474
988,2,0,7,18,36965340,3646,19086420,1881,11476
989,9,0,14,11,36972060,3646,19086420,1879,11485
990,11,0,17,8,37003080,3646,19086420,1877,11496
991,8,0,11,14,37047240,3645,19086420,1876,11504
992,9,0,9,16,37086360,3645,19086420,1874,11513
993,9,0,12,13,37110960,3645,19086420,1872,11522
994,6,0,9,16,37145100,3645,19086420,1871,11528
995,7,0,12,13,37157700,3645,19086420,1870,11535
996,14,0,19,6,37187580,3646,19086420,1867,11549
997,14,0,21,4,37239180,3646,19086420,1865,11563
998,10,0,11,14,37311660,3646,19086420,1863,11573
999,6,0,10,15,37343940,3647,19086420,1862,11579
1000,9,0,10,15,37374840,3647,19086420,1860,11588
1001,8,0,13,12,37395120,3647,19086420,1859,11596
1002,9,0,15,10,37416420,3647,19086420,1857,11605
1003,5,0,7,18,37472340,3648,19086420,1856,11610
1004,7,0,11,14,37481880,3647,19086420,1855,11617
1005,9,0,12,13,37520580,3648,19086420,1853,11626
1006,7,0,11,14,37548660,3648,19086420,1852,11633
1007,6,0,9,16,37569480,3647,19086420,1851,11639
1008,7,0,9,16,37597620,3648,19086420,1850,11646
1009,8,0,11,14,37620600,3648,19086420,1848,11654
1010,15,0,16,9,37647300,3647,19086420,1846,11669
1011,17,0,20,5,37696080,3647,19086420,1843,11686
1012,19,0,20,5,37748940,3645,19086420,1839,11705
1013,30,1,25,0,37821060,3644,19086960,1834,11735
1014,34,28,17,8,37875960,3644,19089000,1830,11769
1015,27,40,13,12,37923060,3646,19093860,1826,11796
1016,32,40,25,0,37970820,3647,19151760,1828,11828
1017,30,39,20,5,38057280,3649,19188900,1829,11858
1018,31,39,25,0,38125260,3651,19278300,1835,11889
1019,37,40,25,0,38208000,3652,19371780,1840,11926
1020,38,40,25,0,38265840,3652,19381740,1838,11964
1021,31,40,25,0,38330340,3652,19451760,1842,11995
1022,25,27,25,0,38452740,3651,19754160,1866,12020
1023,31,40,20,5,38506620,3650,19765380,1863,12051
1024,32,39,25,0,38556240,3652,19790640,1863,12083
1025,39,38,25,0,38637300,3654,19824600,1864,12122
1026,23,16,25,0,38752200,3650,20334240,1908,12145
1027,17,1,25,0,38821140,3645,20762700,1945,12162
1028,33,19,22,3,38874720,3644,20769840,1940,12195
1029,34,40,18,7,38928180,3647,20776560,1936,12229
1030,40,39,24,1,39006720,3649,20825460,1937,12269
1031,30,37,25,0,39094320,3651,20871420,1938,12299
1032,33,40,25,0,39171660,3652,21003240,1946,12332
1033,28,40,20,5,39241620,3650,21035400,1946,12360
1034,34,40,18,7,39306780,3651,21047640,1944,12394
1035,34,38,23,2,39345960,3651,21075120,1944,12428
1036,39,40,25,0,39423660,3649,21172740,1948,12467
1037,22,30,25,0,39495600,3646,21414360,1967,12489
1038,27,37,25,0,39571500,3646,21463860,1966,12516
1039,30,40,22,3,39634980,3647,21473220,1965,12546
1040,37,40,12,13,39693600,3648,21479280,1965,12583
1041,24,27,25,0,39768960,3647,21732360,1983,12607
1042,32,40,23,2,39815220,3648,21734040,1980,12639
1043,26,32,25,0,39905880,3651,21828900,1986,12665
1044,36,38,25,0,39980640,3651,21864000,1985,12701
1045,37,40,25,0,40029780,3650,21875820,1983,12738
1046,25,40,25,0,40127880,3652,21982320,1989,12763
1047,32,40,25,0,40207320,3652,22033620,1989,12795
1048,35,40,25,0,40282740,3652,22064940,1988,12830
1049,37,39,25,0,40344000,3652,22083900,1987,12867
1050,43,40,25,0,40444500,3652,22110660,1985,12910
1051,35,40,19,6,40529880,3652,22156680,1986,12945
1052,34,33,21,4,40609620,3655,22243800,1992,12979
1053,29,37,25,0,40650900,3652,22582860,2019,13008
1054,36,40,13,12,40713060,3653,22583100,2017,13044
1055,26,40,11,14,40751400,3654,22600260,2018,13070
1056,30,40,22,3,40806660,3656,22654620,2018,13100
1057,28,40,25,0,40874040,3656,22677120,2017,13128
1058,36,40,23,2,40959660,3653,22768860,2020,13164
1059,38,40,25,0,41019600,3656,22777500,2018,13202
1060,33,38,25,0,41102280,3656,22846920,2021,13235
1061,33,39,25,0,41201280,3655,22966320,2026,13268
1062,28,40,18,7,41269620,3653,23123580,2037,13296
1063,28,36,19,6,41321460,3655,23146380,2037,13324
1064,37,40,25,0,41388600,3657,23152380,2034,13361
1065,38,40,25,0,41442720,3657,23188980,2034,13399
1066,28,37,25,0,41535120,3657,23296920,2040,13427
1067,27,40,25,0,41606040,3656,23492760,2053,13454
1068,28,37,25,0,41707020,3656,23699940,2066,13482
1069,31,40,25,0,41755740,3655,23714640,2064,13513
1070,27,38,25,0,41862360,3656,23751420,2063,13540
1071,32,40,23,2,41939640,3655,23784900,2061,13572
1072,23,39,17,8,41989620,3656,23788140,2061,13595
1073,30,37,24,1,42067980,3658,23856840,2063,13625
1074,30,40,16,9,42115560,3657,23877900,2064,13655
1075,39,40,25,0,42178440,3659,23902140,2062,13694
1076,37,40,25,0,42236880,3659,23912100,2060,13731
1077,36,39,24,1,42341520,3660,23982360,2062,13767
1078,24,37,25,0,42396180,3659,24071100,2066,13791
1079,27,38,25,0,42483360,3658,24362700,2087,13818
1080,33,40,25,0,42553140,3658,24372900,2084,13851
1081,32,39,25,0,42643680,3658,24455520,2086,13883
1082,34,40,25,0,42723120,3659,24469860,2084,13917
1083,26,39,19,6,42795120,3658,24487200,2083,13943
1084,32,40,20,5,42863460,3657,24637260,2091,13975
1085,33,40,17,8,42906720,3658,24647460,2091,14008
1086,25,40,17,8,42975780,3659,24702000,2093,14033
1087,34,30,25,0,43042680,3659,24954060,2111,14067
1088,34,40,18,7,43094880,3658,25448040,2149,14101
1089,31,39,25,0,43139400,3659,25482120,2150,14132
1090,33,40,25,0,43226580,3661,25509960,2149,14165
1091,33,40,25,0,43296480,3660,25550700,2148,14198
1092,31,40,25,0,43381980,3661,25573140,2147,14229
1093,37,37,25,0,43461120,3661,25686000,2152,14266
1094,38,38,25,0,43548180,3661,25725120,2151,14304
1095,42,40,25,0,43623540,3662,25732320,2148,14346
1096,35,38,18,7,43693800,3662,25755480,2148,14381
1097,25,30,25,0,43759740,3663,26045040,2170,14406
1098,35,40,24,1,43814940,3661,26605320,2211,14441
1099,23,36,23,2,43882260,3662,26632920,2212,14464
1100,23,22,25,0,43981860,3660,29248980,2424,14487
1101,34,30,25,0,44051280,3658,29336580,2425,14521
1102,26,40,20,5,44114040,3659,29342880,2422,14547
1103,26,39,12,13,44171160,3661,29348100,2422,14573
1104,34,40,25,0,44223240,3663,29409840,2423,14607
1105,26,36,25,0,44307720,3663,29510880,2428,14633
1106,26,30,25,0,44388840,3660,29688240,2437,14659
1107,25,31,25,0,44455140,3658,29741940,2436,14684
1108,21,35,25,0,44520240,3658,29753580,2433,14705
1109,42,37,25,0,44628000,3661,29782620,2430,14747
1110,35,40,25,0,44705280,3661,29826300,2430,14782
1111,30,40,25,0,44771640,3659,29945880,2435,14812
1112,36,39,25,0,44859240,3659,29980440,2433,14848
1113,30,40,12,13,44940720,3659,29995800,2432,14878
1114,31,39,14,11,44987280,3661,30007260,2431,14909
1115,24,40,15,10,45025080,3660,30036360,2431,14933
1116,31,40,23,2,45064020,3660,30077580,2431,14964
1117,30,39,20,5,45138300,3662,30109680,2431,14994
1118,32,36,25,0,45210060,3662,30239520,2437,15026
1119,27,37,25,0,45277740,3661,30297780,2438,15053
1120,25,40,25,0,45342900,3661,30562080,2454,15078
1121,34,39,22,3,45446460,3660,30593100,2452,15112
1122,31,39,25,0,45495720,3660,30705060,2457,15143
1123,30,39,18,7,45585900,3661,30741000,2457,15173
1124,25,34,25,0,45662340,3660,30847200,2461,15198
1125,25,24,25,0,45736860,3656,32806860,2612,15223
1126,32,40,21,4,45804720,3657,32815200,2607,15255
1127,39,40,20,5,45861240,3659,32831700,2607,15294
1128,28,33,25,0,45937260,3661,33037680,2622,15322
1129,35,40,25,0,45999900,3661,33058920,2618,15357
1130,33,37,24,1,46097340,3661,33121740,2618,15390
1131,23,35,25,0,46151820,3660,33159060,2617,15413
1132,34,34,25,0,46231740,3659,33238320,2618,15447
1133,29,37,25,0,46308960,3658,33352440,2622,15476
1134,36,40,25,0,46376100,3659,33369900,2619,15512
1135,39,40,19,6,46434840,3657,33397440,2618,15551
1136,30,36,21,4,46538640,3657,33529620,2623,15581
1137,37,40,25,0,46597020,3657,33538560,2619,15618
1138,26,34,25,0,46670100,3655,33645660,2623,15644
1139,32,40,25,0,46751280,3655,33657840,2618,15676
1140,24,29,24,1,46846620,3654,33901860,2633,15700
1141,33,40,15,10,46911120,3653,34138560,2647,15733
1142,25,38,25,0,46951500,3654,34173720,2647,15758
1143,37,39,25,0,47054760,3654,34241760,2646,15795
1144,29,39,25,0,47120400,3653,34249140,2642,15824
1145,37,39,25,0,47192760,3652,34350300,2645,15861
1146,38,40,25,0,47278860,3650,34447320,2646,15899
1147,35,32,25,0,47357940,3649,34596000,2654,15934
1148,36,40,23,2,47421120,3650,34599720,2650,15970
1149,36,39,17,8,47479440,3651,34620000,2650,16006
1150,30,24,25,0,47571660,3647,35850600,2738,16036
1151,27,33,25,0,47633880,3647,35951520,2740,16063
1152,27,40,25,0,47702340,3648,35960400,2737,16090
1153,33,38,25,0,47781540,3648,36243900,2754,16123
1154,32,40,25,0,47870220,3647,36302040,2752,16155
1155,32,40,25,0,47959920,3647,36350820,2751,16187
1156,32,37,25,0,48025200,3647,36393420,2750,16219
1157,32,34,24,1,48111720,3648,36477660,2753,16251
1158,32,40,25,0,48181380,3647,36555720,2753,16283
1159,33,34,25,0,48272520,3646,36639540,2755,16316
1160,26,31,25,0,48332520,3643,37152240,2789,16342
1161,32,38,25,0,48421680,3645,37168380,2784,16374
1162,25,38,25,0,48496140,3645,37194720,2782,16399
1163,30,40,13,12,48550980,3645,37204440,2783,16429
1164,32,37,24,1,48597240,3647,37261680,2784,16461
1165,40,40,25,0,48679260,3646,37369020,2786,16501
1166,34,40,21,4,48736560,3647,37382340,2785,16535
1167,26,29,25,0,48849720,3648,37664940,2802,16561
1168,32,37,18,7,48895200,3646,37873920,2813,16593
1169,25,36,25,0,48960660,3646,37943100,2814,16618
1170,38,39,25,0,49037820,3646,38017020,2813,16656
1171,22,40,25,0,49095120,3647,38044680,2812,16678
1172,26,40,13,12,49190700,3645,38168640,2818,16704
1173,32,39,14,11,49223400,3647,38178660,2817,16736
1174,28,38,25,0,49275300,3648,38218680,2816,16764
1175,26,37,20,5,49366200,3646,38341380,2821,16790
1176,11,40,17,8,49416360,3647,38349540,2818,16801
1177,8,32,21,4,49476240,3649,38392800,2820,16809
1178,2,0,20,5,49560780,3646,40926780,3006,16811
1179,3,0,5,20,49597200,3643,40926780,3005,16814
1180,4,0,4,21,49612500,3643,40926780,3004,16818
1181,6,0,9,16,49615020,3643,40926780,3003,16824
1182,8,0,12,13,49632960,3643,40926780,3001,16832
1183,8,0,12,13,49661340,3643,40926780,3000,16840
1184,9,0,11,14,49693800,3643,40926780,2998,16849
1185,8,0,9,16,49723800,3642,40926780,2996,16857
1186,8,0,9,16,49742820,3642,40926780,2994,16865
1187,8,0,11,14,49765320,3642,40926780,2992,16873
1188,6,0,8,17,49786320,3641,40926780,2991,16879
1189,8,0,10,15,49817040,3641,40926780,2989,16887
1190,8,0,10,15,49832040,3640,40926780,2988,16895
1191,12,0,18,7,49852740,3641,40926780,2985,16907
1192,10,0,13,12,49901160,3640,40926780,2983,16917
1193,7,0,12,13,49924140,3640,40926780,2981,16924
1194,6,0,11,14,49949040,3640,40926780,2980,16930
1195,6,0,8,17,49985700,3640,40926780,2979,16936
1196,7,0,11,14,50013000,3641,40926780,2977,16943
1197,4,0,9,16,50044500,3642,40926780,2976,16947
1198,4,0,9,16,50055840,3642,40926780,2975,16951
1199,5,0,8,17,50095200,3643,40926780,2974,16956
1200,3,0,6,19,50109300,3642,40926780,2974,16959
1201,8,0,10,15,50118120,3642,40926780,2972,16967
1202,6,0,13,12,50130600,3642,40926780,2971,16973
1203,1,0,5,20,50169480,3643,40926780,2970,16974
1204,10,0,10,15,50188260,3643,40926780,2968,16984
1205,9,0,10,15,50216520,3642,40926780,2966,16993
1206,7,0,11,14,50233260,3642,40926780,2965,17000
1207,10,0,11,14,50275620,3642,40926780,2963,17010
1208,6,0,9,16,50293680,3642,40926780,2961,17016
1209,8,0,9,16,50324640,3642,40926780,2960,17024
1210,4,0,10,15,50337540,3642,40926780,2959,17028
1211,12,0,10,15,50374380,3641,40926780,2956,17040
1212,10,0,11,14,50397540,3641,40926780,2954,17050
1213,10,0,11,14,50436000,3641,40926780,2952,17060
1214,11,0,17,8,50449380,3640,40926780,2950,17071
1215,13,0,16,9,50498220,3640,40926780,2947,17084
1216,9,0,13,12,50558880,3642,40926780,2945,17093
1217,9,0,12,13,50607900,3642,40926780,2943,17102
1218,9,0,10,15,50634240,3641,40926780,2941,17111
1219,6,0,9,16,50664240,3642,40926780,2940,17117
1220,11,0,13,12,50683080,3641,40926780,2938,17128
1221,5,0,12,13,50719860,3642,40926780,2936,17133
1222,5,0,11,14,50749860,3643,40926780,2935,17138
1223,3,0,5,20,50787900,3643,40926780,2935,17141
1224,5,0,7,18,50799180,3643,40926780,2934,17146
1225,3,0,5,20,50809680,3643,40926780,2933,17149
1226,4,0,8,17,50815380,3643,40926780,2932,17153
1227,8,0,12,13,50829060,3643,40926780,2931,17161
1228,5,0,11,14,50851260,3643,40926780,2930,17166
1229,10,0,12,13,50896440,3644,40926780,2927,17176
1230,4,0,7,18,50925600,3644,40926780,2927,17180
1231,11,0,10,15,50942280,3643,40926780,2924,17191
1232,9,0,12,13,50966640,3643,40926780,2922,17200
1233,12,0,16,9,50982240,3642,40926780,2920,17212
1234,7,0,13,12,51025620,3642,40926780,2918,17219
1235,10,0,10,15,51087120,3643,40926780,2916,17229
1236,13,0,15,10,51101340,3642,40926780,2914,17242
1237,13,0,14,11,51156180,3642,40926780,2911,17255
1238,7,0,10,15,51189180,3642,40926780,2910,17262
1239,7,0,9,16,51216360,3642,40926780,2908,17269
1240,10,0,11,14,51239820,3641,40926780,2906,17279
1241,13,0,15,10,51274380,3641,40926780,2903,17292
1242,9,0,11,14,51313560,3641,40926780,2901,17301
1243,12,0,12,13,51358680,3641,40926780,2899,17313
1244,5,0,11,14,51369900,3640,40926780,2898,17318
1245,4,0,5,20,51415200,3641,40926780,2897,17322
1246,4,0,8,17,51422760,3641,40926780,2896,17326
1247,6,0,8,17,51441840,3641,40926780,2895,17332
1248,5,0,11,14,51449760,3641,40926780,2894,17337
1249,2,0,8,17,51478620,3642,40926780,2894,17339
1250,5,0,10,15,51487440,3642,40926780,2893,17344
1251,4,0,10,15,51518820,3643,40926780,2892,17348
1252,3,0,9,16,51537120,3643,40926780,2891,17351
1253,6,0,9,16,51559320,3643,40926780,2890,17357
1254,5,0,7,18,51587460,3643,40926780,2889,17362
1255,14,0,12,13,51619200,3643,40926780,2886,17376
1256,8,0,4,21,51660960,3642,40926780,2885,17384
1257,8,0,9,16,51670500,3642,40926780,2883,17392
1258,13,0,14,11,51687660,3641,40926780,2880,17405
1259,11,0,15,10,51717900,3641,40926780,2878,17416
1260,11,0,17,8,51764340,3642,40926780,2876,17427
1261,14,0,18,7,51810780,3642,40926780,2873,17441
1262,9,0,18,7,51846180,3642,40926780,2871,17450
1263,5,0,10,15,51907140,3643,40926780,2870,17455
1264,11,0,12,13,51947400,3643,40926780,2868,17466
1265,6,0,9,16,51982560,3644,40926780,2867,17472
1266,13,0,16,9,51995760,3643,40926780,2864,17485
1267,15,0,15,10,52048260,3643,40926780,2861,17500
1268,7,0,9,16,52097340,3643,40926780,2860,17507
1269,7,0,9,16,52116480,3642,40926780,2858,17514
1270,8,0,12,13,52146060,3643,40926780,2857,17522
1271,7,0,11,14,52171560,3643,40926780,2855,17529
1272,5,0,9,16,52192920,3642,40926780,2854,17534
1273,2,0,5,20,52226520,3643,40926780,2854,17536
1274,9,0,12,13,52228320,3643,40926780,2852,17545
1275,6,0,14,11,52249260,3643,40926780,2851,17551
1276,2,0,6,19,52300980,3644,40926780,2851,17553
1277,7,0,6,19,52318860,3644,40926780,2849,17560
1278,5,0,7,18,52326120,3643,40926780,2848,17565
1279,3,0,7,18,52340160,3644,40926780,2848,17568
1280,3,0,6,19,52353300,3643,40926780,2847,17571
1281,5,0,8,17,52366860,3644,40926780,2846,17576
1282,11,0,13,12,52375860,3643,40926780,2844,17587
1283,11,0,13,12,52412220,3643,40926780,2842,17598
1284,4,0,11,14,52441320,3643,40926780,2841,17602
1285,6,0,11,14,52472040,3644,40926780,2840,17608
1286,6,0,9,16,52504680,3644,40926780,2838,17614
1287,10,0,9,16,52534680,3643,40926780,2837,17624
1288,6,0,8,17,52556100,3643,40926780,2835,17630
1289,10,0,11,14,52573860,3643,40926780,2833,17640
1290,9,0,14,11,52594980,3643,40926780,2832,17649
1291,10,0,10,15,52645500,3643,40926780,2830,17659
1292,12,0,13,12,52668540,3642,40926780,2827,17671
1293,8,0,11,14,52704960,3642,40926780,2826,17679
1294,7,0,11,14,52736940,3642,40926780,2824,17686
1295,8,0,11,14,52770300,3643,40926780,2823,17694
1296,1,0,5,20,52805880,3643,40926780,2823,17695
1297,4,0,6,19,52825380,3644,40926780,2822,17699
1298,5,0,7,18,52833360,3643,40926780,2821,17704
1299,4,0,7,18,52840920,3643,40926780,2820,17708
1300,3,0,8,17,52849200,3643,40926780,2820,17711
1301,6,0,11,14,52862040,3643,40926780,2818,17717
1302,7,0,13,12,52879020,3643,40926780,2817,17724
1303,13,0,14,11,52920660,3643,40926780,2814,17737
1304,9,0,12,13,52951800,3642,40926780,2813,17746
1305,7,0,8,17,52984320,3642,40926780,2811,17753
1306,5,0,7,18,53008440,3642,40926780,2810,17758
1307,14,0,12,13,53028060,3641,40926780,2808,17772
1308,12,0,17,8,53044020,3640,40926780,2805,17784
1309,16,0,19,6,53092380,3640,40926780,2802,17800
1310,18,8,17,8,53133120,3640,40927020,2800,17818
1311,8,8,17,8,53188440,3642,40939320,2798,17826
1312,14,0,19,6,53261580,3642,40975980,2798,17840
1313,9,0,11,14,53310840,3641,40975980,2796,17849
1314,11,0,11,14,53347440,3641,40975980,2794,17860
1315,12,0,15,10,53387400,3641,40975980,2792,17872
1316,6,0,10,15,53409600,3640,40975980,2791,17878
1317,7,0,8,17,53441340,3640,40975980,2789,17885
1318,7,0,8,17,53465460,3640,40975980,2788,17892
1319,8,0,9,16,53483460,3640,40975980,2787,17900
1320,5,0,10,15,53502840,3640,40975980,2786,17905
1321,3,0,7,18,53530920,3640,40975980,2785,17908
1322,4,0,8,17,53539680,3640,40975980,2784,17912
1323,6,0,10,15,53560800,3641,40975980,2783,17918
1324,4,0,9,16,53574600,3640,40975980,2782,17922
1325,5,0,9,16,53602620,3641,40975980,2781,17927
1326,5,0,9,16,53619660,3641,40975980,2781,17932
1327,9,0,11,14,53640480,3641,40975980,2779,17941
1328,5,0,7,18,53668860,3640,40975980,2778,17946
1329,8,0,9,16,53690160,3640,40975980,2776,17954
1330,15,0,13,12,53722320,3640,40975980,2774,17969
1331,7,0,12,13,53748900,3640,40975980,2772,17976
1332,8,0,13,12,53783460,3640,40975980,2771,17984
1333,16,0,23,2,53807820,3640,40975980,2768,18000
1334,10,0,17,8,53868540,3640,40975980,2766,18010
1335,14,0,16,9,53933160,3641,40975980,2763,18024
1336,9,0,13,12,53973900,3641,40975980,2762,18033
1337,4,0,8,17,54010200,3641,40975980,2761,18037
1338,11,0,10,15,54049560,3642,40975980,2759,18048
1339,7,0,10,15,54063480,3641,40975980,2758,18055
1340,9,0,10,15,54093780,3641,40975980,2756,18064
1341,11,0,13,12,54114960,3640,40975980,2754,18075
1342,8,0,13,12,54144120,3640,40975980,2752,18083
1343,4,0,11,14,54177720,3641,40975980,2752,18087
1344,12,0,10,15,54224820,3641,40975980,2749,18099
1345,4,0,13,12,54225480,3641,40975980,2749,18103
1346,4,0,14,11,54236100,3641,40975980,2748,18107
1347,4,0,14,11,54254280,3641,40975980,2747,18111
1348,5,0,13,12,54270360,3641,40975980,2746,18116
1349,10,0,17,8,54287880,3640,40975980,2744,18126
1350,13,0,20,5,54318120,3640,40975980,2742,18139
1351,6,0,15,10,54352200,3639,40975980,2741,18145
1352,9,0,20,5,54377400,3640,40975980,2739,18154
1353,9,0,18,7,54415800,3640,40975980,2738,18163
1354,6,0,14,11,54457080,3640,40975980,2737,18169
1355,10,0,15,10,54483000,3640,40975980,2735,18179
1356,9,0,17,8,54506700,3640,40975980,2733,18188
1357,11,0,20,5,54534600,3640,40975980,2731,18199
1358,11,0,25,0,54553620,3640,40975980,2729,18210
1359,11,0,21,4,54606060,3639,40975980,2727,18221
1360,7,0,16,9,54665160,3640,40975980,2726,18228
1361,9,0,19,6,54683280,3640,40975980,2724,18237
1362,16,0,24,1,54699600,3639,40975980,2721,18253
1363,5,0,17,8,54758880,3640,40975980,2720,18258
1364,5,0,17,8,54792600,3641,40975980,2719,18263
1365,10,0,19,6,54831840,3641,40975980,2718,18273
1366,13,10,19,6,54839760,3641,40977360,2716,18286
1367,2,8,17,8,54878460,3642,40992480,2716,18288
1368,4,5,21,4,54905340,3643,41014320,2717,18292
1369,9,0,20,5,54962340,3643,41050740,2718,18301
1370,4,0,15,10,54999300,3644,41050740,2717,18305
1371,7,0,17,8,55018980,3644,41050740,2716,18312
1372,5,0,14,11,55049640,3644,41050740,2715,18317
1373,4,0,14,11,55069380,3644,41050740,2714,18321
1374,10,0,18,7,55088100,3644,41050740,2712,18331
1375,8,0,18,7,55112100,3644,41050740,2711,18339
1376,9,0,15,10,55152600,3644,41050740,2709,18348
1377,8,0,14,11,55170540,3643,41050740,2708,18356
1378,20,0,24,1,55195860,3642,41050740,2704,18376
1379,12,0,21,4,55255560,3642,41050740,2702,18388
1380,15,0,22,3,55287300,3641,41050740,2699,18403
1381,12,0,22,3,55333380,3641,41052360,2697,18415
1382,12,0,21,4,55374960,3641,41052480,2695,18427
1383,10,0,18,7,55429200,3641,41052480,2693,18437
1384,13,0,21,4,55456380,3641,41052480,2691,18450
1385,12,0,20,5,55506660,3641,41052480,2689,18462
1386,9,0,18,7,55547940,3641,41052480,2687,18471
1387,3,0,14,11,55579380,3641,41052480,2687,18474
1388,9,0,16,9,55599960,3641,41052480,2685,18483
1389,7,0,16,9,55621140,3641,41052480,2684,18490
1390,11,0,25,0,55629060,3641,41053500,2682,18501
1391,4,0,17,8,55672380,3641,41053500,2682,18505
1392,14,0,22,3,55705080,3641,41053500,2679,18519
1393,7,0,17,8,55763520,3642,41053500,2678,18526
1394,6,0,16,9,55790820,3642,41053500,2677,18532
1395,4,0,14,11,55817580,3642,41053500,2676,18536
1396,4,0,14,11,55841520,3643,41053500,2675,18540
1397,4,0,14,11,55854420,3642,41053500,2675,18544
1398,7,0,16,9,55873380,3643,41053500,2673,18551
1399,8,0,15,10,55905240,3642,41053500,2672,18559
1400,8,0,20,5,55916040,3642,41053500,2671,18567
1401,12,0,19,6,55966620,3643,41053500,2669,18579
1402,7,0,17,8,55999380,3643,41053500,2667,18586
1403,15,0,20,5,56040900,3643,41053500,2665,18601
1404,12,0,20,5,56075340,3642,41054760,2663,18613
1405,14,0,21,4,56123580,3642,41054760,2660,18627
1406,14,0,21,4,56162520,3641,41054760,2658,18641
1407,15,0,24,1,56215140,3642,41054760,2655,18656
1408,17,1,25,0,56269080,3642,41059800,2653,18673
1409,8,0,20,5,56324340,3642,41059860,2651,18681
1410,6,0,18,7,56365560,3643,41059860,2650,18687
1411,10,0,17,8,56394900,3642,41059860,2649,18697
1412,5,0,16,9,56422260,3642,41059860,2648,18702
1413,4,0,15,10,56449800,3643,41059860,2647,18706
1414,12,0,17,8,56473560,3642,41059860,2645,18718
1415,5,0,17,8,56492820,3642,41059860,2644,18723
1416,4,0,16,9,56513640,3642,41059860,2644,18727
1417,5,0,14,11,56547900,3643,41059860,2643,18732
1418,4,0,13,12,56570100,3643,41059860,2642,18736
1419,3,0,12,13,56590380,3644,41059860,2642,18739
1420,7,0,15,10,56604540,3644,41059860,2640,18746
1421,7,0,17,8,56612760,3643,41059860,2639,18753
1422,1,0,13,12,56637000,3643,41059860,2639,18754
1423,4,0,15,10,56644320,3643,41059860,2638,18758
1424,11,0,17,8,56686200,3644,41059860,2636,18769
1425,10,0,20,5,56712180,3644,41059860,2635,18779
1426,11,0,18,7,56750640,3643,41059860,2633,18790
1427,9,0,21,4,56777220,3644,41060940,2631,18799
1428,9,4,19,6,56813460,3644,41061840,2630,18808
1429,6,0,21,4,56864160,3646,41071080,2630,18814
1430,9,0,19,6,56902080,3646,41071080,2628,18823
1431,14,0,19,6,56938740,3645,41071080,2626,18837
1432,15,0,24,1,56975220,3645,41071440,2623,18852
1433,11,3,25,0,57010620,3645,41072640,2622,18863
1434,9,0,16,9,57095880,3646,41080560,2620,18872
1435,6,0,16,9,57121380,3646,41080560,2619,18878
1436,9,0,14,11,57162900,3646,41080560,2618,18887
1437,3,0,15,10,57164400,3646,41080560,2617,18890
1438,12,0,18,7,57198840,3646,41080560,2615,18902
1439,4,0,16,9,57224880,3646,41080560,2615,18906
1440,5,0,14,11,57254280,3647,41080560,2614,18911
1441,9,0,16,9,57283980,3647,41080560,2612,18920
1442,8,0,15,10,57307440,3646,41080560,2611,18928
1443,8,0,18,7,57325440,3646,41080560,2610,18936
1444,12,0,22,3,57356520,3646,41080560,2608,18948
1445,3,0,16,9,57392400,3646,41080560,2607,18951
1446,6,0,14,11,57421200,3646,41080560,2606,18957
1447,11,0,21,4,57443580,3647,41080560,2604,18968
1448,9,0,20,5,57473160,3647,41080560,2603,18977
1449,13,10,17,8,57507660,3647,41082360,2601,18990
1450,5,6,20,5,57554400,3649,41107920,2602,18995
1451,7,0,17,8,57605520,3648,41136000,2602,19002
1452,8,0,14,11,57631320,3648,41136000,2601,19010
1453,18,0,23,2,57661500,3647,41136000,2598,19028
1454,12,0,21,4,57699060,3646,41136000,2596,19040
1455,8,0,19,6,57748620,3647,41136000,2595,19048
1456,15,0,25,0,57776520,3647,41136840,2592,19063
1457,9,0,20,5,57825060,3647,41136840,2591,19072
1458,13,0,25,0,57862080,3647,41136840,2589,19085
1459,6,0,20,5,57904440,3647,41136840,2588,19091
1460,5,0,17,8,57938100,3648,41136840,2587,19096
1461,8,0,16,9,57980700,3648,41136840,2586,19104
1462,7,0,17,8,58005000,3649,41136840,2585,19111
1463,4,0,11,14,58037400,3648,41136840,2584,19115
1464,7,0,14,11,58048320,3648,41136840,2583,19122
1465,6,0,16,9,58061700,3648,41136840,2582,19128
1466,3,0,16,9,58074840,3648,41136840,2581,19131
1467,8,0,15,10,58111440,3648,41136840,2580,19139
1468,5,0,15,10,58127880,3648,41136840,2579,19144
1469,5,0,12,13,58161120,3648,41136840,2578,19149
1470,6,0,16,9,58165740,3648,41136840,2577,19155
1471,6,0,17,8,58190040,3649,41136840,2577,19161
1472,6,0,18,7,58209960,3649,41136840,2576,19167
1473,4,0,15,10,58235100,3649,41136840,2575,19171
1474,7,0,14,11,58276380,3650,41136840,2574,19178
1475,18,0,24,1,58291380,3649,41136840,2571,19196
1476,5,0,14,11,58344240,3649,41136840,2570,19201
1477,14,0,21,4,58366140,3648,41136840,2568,19215
1478,9,0,18,7,58396800,3647,41136840,2566,19224
1479,5,0,17,8,58427520,3648,41136840,2566,19229
1480,9,0,15,10,58467840,3648,41136840,2564,19238
1481,7,0,15,10,58496280,3648,41136840,2563,19245
1482,6,0,13,12,58513680,3647,41136840,2562,19251
1483,8,0,15,10,58526880,3647,41136840,2561,19259
1484,6,0,15,10,58559460,3648,41136840,2560,19265
1485,10,0,19,6,58567200,3647,41136840,2558,19275
1486,4,0,14,11,58613580,3648,41136840,2558,19279
1487,5,0,11,14,58635120,3647,41136840,2557,19284
1488,5,0,15,10,58635840,3647,41136840,2556,19289
1489,5,0,13,12,58657800,3647,41136840,2555,19294
1490,3,0,12,13,58677240,3647,41136840,2555,19297
1491,5,0,12,13,58683480,3646,41136840,2554,19302
1492,7,0,14,11,58702800,3646,41136840,2553,19309
1493,4,0,14,11,58711860,3646,41136840,2552,19313
1494,6,0,14,11,58738920,3646,41136840,2551,19319
1495,11,0,17,8,58757520,3646,41136840,2550,19330
1496,8,0,15,10,58785780,3645,41136840,2548,19338
1497,8,0,15,10,58804980,3645,41136840,2547,19346
1498,6,0,14,11,58826820,3644,41136840,2546,19352
1499,6,0,16,9,58846860,3645,41136840,2545,19358
1500,10,0,21,4,58857180,3644,41136840,2544,19368
1501,9,0,17,8,58911780,3645,41136840,2542,19377
1502,15,0,24,1,58940700,3645,41136840,2540,19392
1503,9,0,19,6,58997460,3645,41136840,2538,19401
1504,10,0,21,4,59023920,3645,41136840,2537,19411
1505,12,0,21,4,59075460,3645,41136840,2535,19423
1506,6,0,15,10,59127240,3646,41136840,2534,19429
1507,8,0,16,9,59148600,3645,41136840,2533,19437
1508,7,0,16,9,59171580,3645,41136840,2532,19444
1509,7,0,17,8,59192340,3645,41136840,2531,19451
1510,5,0,15,10,59222580,3646,41136840,2530,19456
1511,3,0,11,14,59251560,3646,41136840,2529,19459
1512,5,0,14,11,59253060,3645,41136840,2529,19464
1513,4,0,14,11,59264880,3645,41136840,2528,19468
1514,6,0,15,10,59283420,3645,41136840,2527,19474
1515,11,0,20,5,59302920,3645,41136840,2525,19485
1516,13,0,24,1,59325360,3644,41137740,2523,19498
1517,5,0,17,8,59373480,3645,41137740,2523,19503
1518,4,0,15,10,59408760,3646,41137740,2522,19507
1519,10,0,15,10,59438280,3645,41137740,2520,19517
1520,12,0,20,5,59455680,3645,41137740,2518,19529
1521,12,0,19,6,59495700,3644,41138100,2517,19541
1522,10,0,19,6,59542680,3645,41138100,2515,19551
1523,8,0,18,7,59574600,3645,41138100,2514,19559
1524,17,0,22,3,59609880,3644,41138100,2511,19576
1525,12,0,23,2,59642520,3644,41138340,2509,19588
1526,10,0,19,6,59704080,3644,41138340,2508,19598
1527,9,0,19,6,59728920,3644,41138340,2507,19607
1528,9,0,17,8,59778180,3644,41138340,2505,19616
1529,9,0,16,9,59810880,3644,41138340,2504,19625
1530,4,0,16,9,59822100,3644,41138340,2503,19629
1531,11,0,18,7,59857560,3644,41138340,2502,19640
1532,5,0,15,10,59883480,3644,41138340,2501,19645
1533,3,0,16,9,59895420,3644,41138340,2500,19648
1534,4,0,12,13,59925120,3644,41138340,2500,19652
1535,7,0,15,10,59940900,3644,41138340,2499,19659
1536,3,0,14,11,59945580,3644,41138340,2498,19662
1537,6,0,15,10,59967780,3644,41138340,2497,19668
1538,10,0,17,8,59988060,3643,41138340,2496,19678
1539,5,0,16,9,60011820,3643,41138340,2495,19683
1540,10,0,18,7,60052560,3644,41138340,2493,19693
1541,8,0,17,8,60080340,3644,41138340,2492,19701
1542,12,0,19,6,60121440,3644,41138340,2490,19713
1543,12,0,22,3,60153060,3644,41138340,2489,19725
1544,12,0,23,2,60191280,3644,41138340,2487,19737
1545,14,1,23,2,60229800,3643,41139600,2485,19751
1546,12,0,18,7,60302520,3644,41139600,2483,19763
1547,11,0,19,6,60340320,3644,41139600,2481,19774
1548,16,2,25,0,60357420,3643,41139840,2479,19790
1549,11,0,21,4,60423480,3643,41145060,2478,19801
1550,11,0,22,3,60460860,3643,41146200,2476,19812
1551,4,0,16,9,60499800,3644,41146200,2476,19816
1552,10,0,16,9,60540420,3644,41146200,2474,19826
1553,6,0,13,12,60574920,3644,41146200,2473,19832
1554,12,0,20,5,60591780,3644,41146200,2471,19844
1555,10,0,21,4,60615240,3643,41146200,2470,19854
1556,11,0,19,6,60663720,3643,41146200,2468,19865
1557,5,0,14,11,60699120,3643,41146200,2467,19870
1558,5,0,14,11,60717600,3643,41146200,2467,19875
1559,10,0,20,5,60722640,3643,41146200,2465,19885
1560,5,0,13,12,60767280,3643,41146200,2465,19890
1561,3,0,11,14,60784320,3643,41146200,2464,19893
1562,10,0,17,8,60787860,3642,41146200,2463,19903
1563,7,0,18,7,60812340,3642,41146200,2462,19910
1564,8,0,18,7,60844980,3642,41146200,2460,19918
1565,6,0,15,10,60885300,3643,41146200,2460,19924
1566,11,0,20,5,60912540,3643,41146200,2458,19935
1567,7,0,19,6,60938280,3643,41146200,2457,19942
1568,12,0,21,4,60959340,3642,41146200,2455,19954
1569,5,0,15,10,61015800,3643,41146320,2454,19959
1570,11,0,21,4,61044540,3644,41146320,2453,19970
1571,9,0,17,8,61082220,3643,41146320,2451,19979
1572,8,0,15,10,61113780,3643,41146320,2450,19987
1573,16,0,19,6,61157880,3643,41146320,2448,20003
1574,5,0,18,7,61175340,3643,41146320,2447,20008
1575,10,0,18,7,61212480,3643,41146320,2446,20018
1576,11,0,17,8,61245840,3642,41146320,2444,20029
1577,9,0,18,7,61269780,3642,41146320,2443,20038
1578,7,0,17,8,61295580,3642,41146320,2442,20045
1579,11,0,19,6,61336980,3642,41146320,2440,20056
1580,6,0,15,10,61374180,3642,41146320,2439,20062
1581,3,0,10,15,61401840,3642,41146320,2439,20065
1582,3,0,11,14,61406400,3642,41146320,2439,20068
1583,10,0,18,7,61411440,3642,41146320,2437,20078
1584,7,0,20,5,61424640,3641,41146320,2436,20085
1585,4,0,15,10,61475700,3642,41146320,2435,20089
1586,6,0,15,10,61500780,3642,41146320,2435,20095
1587,6,0,18,7,61516440,3643,41146320,2434,20101
1588,8,0,20,5,61537680,3643,41146320,2433,20109
1589,6,0,16,9,61584660,3643,41146320,2432,20115
1590,9,0,16,9,61611840,3643,41146320,2430,20124
1591,4,0,15,10,61628340,3643,41146320,2430,20128
1592,10,0,16,9,61660980,3643,41146320,2428,20138
1593,8,0,16,9,61675740,3642,41146320,2427,20146
1594,12,0,19,6,61701720,3642,41146320,2426,20158
1595,7,0,17,8,61736340,3642,41146320,2425,20165
1596,8,0,15,10,61764360,3641,41146320,2423,20173
1597,14,0,21,4,61784160,3641,41146320,2421,20187
1598,10,0,19,6,61826100,3641,41146320,2420,20197
1599,7,0,14,11,61864200,3640,41146320,2419,20204
1600,9,0,20,5,61872540,3640,41146320,2418,20213
1601,10,0,21,4,61906740,3640,41146320,2416,20223
1602,10,0,17,8,61963800,3641,41146320,2415,20233
1603,6,0,19,6,61974840,3640,41146320,2414,20239
1604,7,0,19,6,62010120,3641,41146320,2413,20246
1605,7,0,20,5,62029260,3641,41146320,2412,20253
1606,5,0,12,13,62099040,3642,41146320,2411,20258
1607,4,0,13,12,62103720,3642,41146320,2411,20262
1608,9,0,16,9,62119860,3641,41146320,2410,20271
1609,2,0,14,11,62134200,3641,41146320,2409,20273
1610,3,0,11,14,62162760,3642,41146320,2409,20276
1611,4,0,12,13,62166540,3641,41146320,2408,20280
1612,7,0,16,9,62172240,3641,41146320,2407,20287
1613,3,0,11,14,62194560,3641,41146320,2407,20290
1614,5,0,14,11,62202600,3641,41146320,2406,20295
1615,10,0,17,8,62223840,3640,41146320,2405,20305
1616,8,0,17,8,62244240,3640,41146320,2404,20313
1617,7,0,18,7,62264160,3640,41146320,2403,20320
1618,9,0,21,4,62296200,3640,41146320,2401,20329
1619,9,0,18,7,62346360,3641,41146320,2400,20338
1620,11,0,21,4,62367720,3640,41146320,2399,20349
1621,10,0,18,7,62416620,3640,41146320,2397,20359
1622,17,0,22,3,62449320,3640,41146320,2395,20376
1623,2,0,11,14,62499000,3640,41146320,2395,20378
1624,12,0,18,7,62512440,3639,41146320,2393,20390
1625,6,0,13,12,62547000,3639,41146320,2392,20396
1626,13,0,19,6,62557200,3638,41146320,2390,20409
1627,5,0,19,6,62581800,3639,41146320,2390,20414
1628,4,0,14,11,62625420,3639,41146320,2389,20418
1629,6,0,16,9,62638560,3639,41146320,2388,20424
1630,3,0,13,12,62664000,3639,41146320,2388,20427
1631,5,0,13,12,62678220,3639,41146320,2387,20432
1632,4,0,13,12,62698140,3639,41146320,2386,20436
1633,5,0,14,11,62710380,3639,41146320,2386,20441
1634,5,0,14,11,62730240,3639,41146320,2385,20446
1635,2,0,13,12,62749200,3640,41146320,2385,20448
1636,3,0,13,12,62765160,3640,41146320,2384,20451
1637,5,0,14,11,62779740,3640,41146320,2384,20456
1638,5,0,13,12,62802660,3640,41146320,2383,20461
1639,8,0,17,8,62814960,3640,41146320,2382,20469
1640,12,0,19,6,62846580,3640,41146320,2380,20481
1641,5,0,17,8,62871720,3640,41146320,2380,20486
1642,13,0,20,5,62906760,3640,41146320,2378,20499
1643,8,0,18,7,62935500,3639,41146320,2377,20507
1644,10,0,14,11,62981520,3639,41146320,2375,20517
1645,10,0,20,5,62988060,3639,41146320,2374,20527
1646,11,0,19,6,63021000,3638,41146320,2372,20538
1647,12,0,24,1,63053040,3638,41146320,2371,20550
1648,8,0,20,5,63108540,3639,41146320,2370,20558
1649,9,0,17,8,63161100,3639,41146320,2368,20567
1650,12,0,21,4,63187140,3639,41146320,2367,20579
1651,7,0,17,8,63227580,3639,41146320,2366,20586
1652,11,0,18,7,63251640,3639,41146320,2364,20597
1653,4,0,17,8,63277080,3639,41146320,2364,20601
1654,6,0,17,8,63316260,3640,41146320,2363,20607
1655,4,0,14,11,63345000,3640,41146320,2362,20611
1656,9,0,20,5,63352440,3640,41146320,2361,20620
1657,3,0,16,9,63381660,3640,41146320,2361,20623
1658,7,0,17,8,63411600,3641,41146320,2360,20630
1659,6,0,15,10,63438180,3641,41146320,2359,20636
1660,4,0,14,11,63457920,3641,41146320,2359,20640
1661,4,0,12,13,63482820,3641,41146320,2358,20644
1662,8,0,17,8,63488760,3641,41146320,2357,20652
1663,6,0,17,8,63506580,3640,41146320,2356,20658
1664,13,0,20,5,63533580,3640,41146320,2354,20671
1665,9,0,21,4,63564060,3640,41146320,2353,20680
1666,6,0,15,10,63605940,3640,41146320,2352,20686
1667,12,0,19,6,63639540,3640,41146320,2351,20698
1668,12,1,25,0,63655860,3640,41146320,2349,20710
1669,11,1,25,0,63696300,3640,41150040,2348,20721
1670,11,0,21,4,63767580,3641,41152320,2347,20732
1671,11,0,18,7,63820020,3641,41152320,2345,20743
1672,10,0,16,9,63868980,3641,41152320,2344,20753
1673,5,0,12,13,63902640,3641,41152320,2343,20758
1674,11,0,16,9,63910920,3640,41152320,2342,20769
1675,11,0,19,6,63930540,3640,41152320,2340,20780
1676,8,0,21,4,63959400,3640,41152620,2339,20788
1677,3,0,16,9,64006260,3641,41153580,2339,20791
1678,4,0,13,12,64041000,3642,41153580,2338,20795
1679,2,0,11,14,64064100,3642,41153580,2338,20797
1680,6,0,13,12,64076040,3642,41153580,2337,20803
1681,5,0,13,12,64090800,3642,41153580,2336,20808
1682,15,0,23,2,64101060,3641,41153580,2334,20823
1683,20,0,18,7,64160040,3639,41153940,2332,20843
1684,25,1,25,0,64196340,3638,41154300,2329,20868
1685,28,19,24,1,64237320,3638,41158800,2326,20896
1686,33,40,19,6,64283400,3639,41164860,2322,20929
1687,34,39,18,7,64333260,3640,41183340,2323,20963
1688,24,40,25,0,64358220,3641,41254860,2326,20987
1689,44,40,25,0,64390920,3641,41292960,2326,21031
1690,30,37,25,0,64490160,3642,41407200,2330,21061
1691,24,40,25,0,64511640,3641,41435100,2330,21085
1692,33,40,25,0,64573800,3642,41560260,2335,21118
1693,24,40,25,0,64633920,3642,41590380,2335,21142
1694,31,40,25,0,64689300,3643,41627220,2335,21173
1695,27,40,25,0,64762620,3642,41679480,2335,21200
1696,32,38,23,2,64811700,3643,41689440,2335,21232
1697,35,38,25,0,64870800,3642,41712120,2334,21267
1698,30,40,24,1,64915740,3642,41770740,2335,21297
1699,28,38,24,1,64953900,3642,41808060,2336,21325
1700,26,40,25,0,65018220,3643,41815020,2334,21351
1701,34,40,25,0,65056980,3642,41846580,2334,21385
1702,30,39,25,0,65127120,3642,41898720,2335,21415
1703,38,40,25,0,65189100,3642,41951100,2335,21453
1704,36,40,25,0,65235480,3642,41956920,2334,21489
1705,31,39,25,0,65290140,3641,42002700,2334,21520
1706,30,39,25,0,65358600,3641,42070860,2335,21550
1707,34,39,25,0,65410260,3641,42109020,2336,21584
1708,37,40,24,1,65471160,3641,42184080,2337,21621
1709,30,40,25,0,65513400,3641,42209760,2337,21651
1710,22,39,20,5,65572140,3641,42288540,2340,21673
1711,32,40,16,9,65603520,3641,42291480,2340,21705
1712,29,34,25,0,65657040,3641,42851520,2369,21734
1713,36,37,18,7,65696340,3641,42863940,2368,21770
1714,33,40,25,0,65722020,3642,42887460,2368,21803
1715,22,40,25,0,65790000,3642,42907260,2367,21825
1716,26,35,25,0,65854920,3642,42955380,2367,21851
1717,28,39,25,0,65908560,3641,42992760,2367,21879
1718,34,40,25,0,65954640,3642,42999660,2366,21913
1719,36,36,25,0,66037320,3641,43068540,2367,21949
1720,29,40,20,5,66066240,3641,43069620,2366,21978
1721,28,40,25,0,66111600,3642,43092300,2365,22006
1722,29,40,25,0,66175440,3643,43114440,2365,22035
1723,32,40,25,0,66223980,3642,43150620,2365,22067
1724,32,40,25,0,66303660,3643,43183860,2364,22099
1725,31,40,24,1,66340620,3643,43189740,2363,22130
1726,36,40,19,6,66404520,3643,43224300,2364,22166
1727,15,35,23,2,66446520,3644,43394580,2372,22181
1728,45,40,16,9,66475740,3643,43397820,2371,22226
1729,41,40,18,7,66508980,3644,43410600,2371,22267
1730,38,40,16,9,66534780,3645,43416540,2371,22305
1731,29,38,25,0,66583920,3647,43480140,2373,22334
1732,29,40,20,5,66618960,3646,43492860,2373,22363
1733,32,40,25,0,66656220,3646,43627560,2378,22395
1734,28,40,25,0,66708420,3647,43634160,2377,22423
1735,29,39,25,0,66772800,3647,43660980,2376,22452
1736,33,40,25,0,66823320,3647,43687140,2376,22485
1737,27,40,25,0,66888660,3647,43947900,2388,22512
1738,27,39,25,0,66941280,3648,43966560,2387,22539
1739,37,39,25,0,67019700,3648,44017440,2387,22576
1740,32,35,24,1,67071240,3647,44149500,2393,22608
1741,33,39,25,0,67110900,3646,44155200,2391,22641
1742,36,40,25,0,67160460,3646,44210820,2392,22677
1743,36,40,25,0,67216740,3646,44216700,2390,22713
1744,28,40,25,0,67292820,3647,44257860,2391,22741
1745,35,39,25,0,67345680,3647,44413200,2397,22776
1746,34,37,25,0,67391160,3647,44459940,2398,22810
1747,29,40,23,2,67450080,3646,44516700,2398,22839
1748,27,40,17,8,67486920,3646,44519400,2398,22866
1749,28,38,25,0,67556220,3647,44603700,2399,22894
1750,40,40,20,5,67584240,3647,44604240,2399,22934
1751,31,40,25,0,67628820,3647,44636520,2399,22965
1752,37,37,25,0,67712760,3646,44992380,2415,23002
1753,36,38,25,0,67771920,3646,45007800,2413,23038
1754,31,40,25,0,67822740,3646,45020820,2412,23069
1755,31,37,25,0,67878120,3645,45066360,2412,23100
1756,36,40,25,0,67920000,3645,45221880,2419,23136
1757,28,40,23,2,67988820,3646,45330960,2423,23164
1758,35,40,21,4,68027160,3647,45354960,2423,23199
1759,24,40,23,2,68085360,3647,45631200,2436,23223
1760,32,40,20,5,68122500,3647,45640980,2436,23255
1761,31,40,25,0,68180100,3648,45654780,2434,23286
1762,43,40,25,0,68226960,3647,45710880,2435,23329
1763,24,38,25,0,68294580,3648,45741660,2435,23353
1764,28,39,24,1,68358480,3648,45803340,2436,23381
1765,28,40,25,0,68396220,3648,45828180,2436,23409
1766,28,39,25,0,68470200,3648,45859320,2435,23437
1767,29,40,25,0,68500140,3648,45866400,2434,23466
1768,33,40,25,0,68571360,3649,45941520,2436,23499
1769,32,39,25,0,68630820,3649,45960840,2435,23531
1770,42,40,25,0,68692500,3649,45971280,2434,23573
1771,28,40,20,5,68760660,3649,46018680,2434,23601
1772,31,40,22,3,68786820,3649,46036500,2434,23632
1773,30,38,20,5,68841660,3650,46045680,2433,23662
1774,26,39,20,5,68881380,3650,46102440,2435,23688
1775,33,38,25,0,68921340,3650,46231320,2440,23721
1776,27,40,25,0,68972520,3650,46236660,2439,23748
1777,38,40,25,0,69044940,3650,46389900,2444,23786
1778,36,40,25,0,69105840,3649,46502760,2447,23822
1779,33,40,25,0,69144480,3648,46576260,2449,23855
1780,32,37,25,0,69215460,3648,46628100,2449,23887
1781,37,40,25,0,69273660,3647,46731480,2452,23924
1782,42,40,25,0,69323700,3647,46763880,2452,23966
1783,27,40,25,0,69381960,3647,46786440,2451,23993
1784,40,40,25,0,69444660,3646,46848000,2452,24033
1785,35,40,25,0,69489840,3646,46874160,2451,24068
1786,29,40,25,0,69544680,3646,47104440,2461,24097
1787,25,30,25,0,69615120,3645,48012840,2507,24122
1788,31,40,25,0,69665040,3644,49092720,2559,24153
1789,30,40,24,1,69725100,3645,49109820,2559,24183
1790,37,35,25,0,69786720,3646,49197840,2562,24220
1791,26,40,25,0,69814320,3644,49229580,2561,24246
1792,27,40,25,0,69889200,3646,49245600,2560,24273
1793,24,32,25,0,69936840,3645,49498620,2572,24297
1794,28,40,25,0,69992520,3644,49926780,2591,24325
1795,35,39,25,0,70047420,3645,49945440,2590,24360
1796,34,40,25,0,70098420,3645,49978620,2590,24394
1797,38,40,24,1,70133400,3646,49998180,2590,24432
1798,30,40,17,8,70200120,3646,50027340,2591,24462
1799,27,40,18,7,70225980,3646,50085180,2593,24489
1800,29,40,14,11,70244940,3647,50085180,2593,24518
1801,28,37,25,0,70289220,3647,50184660,2596,24546
1802,23,40,25,0,70343340,3647,50433600,2606,24569
1803,28,38,25,0,70391820,3647,50450460,2606,24597
1804,29,37,25,0,70465200,3647,50633580,2612,24626
1805,41,39,25,0,70516980,3647,50643480,2611,24667
1806,36,40,25,0,70571040,3647,50665200,2610,24703
1807,35,40,25,0,70609440,3647,50675340,2609,24738
1808,35,37,25,0,70706280,3647,50797140,2612,24773
1809,31,40,25,0,70729620,3646,50801820,2610,24804
1810,37,40,25,0,70792200,3647,50817660,2609,24841
1811,35,40,22,3,70857660,3647,50890020,2611,24876
1812,26,40,23,2,70897860,3646,50932680,2611,24902
1813,31,40,25,0,70951800,3647,50948220,2610,24933
1814,35,37,25,0,71032620,3648,50971440,2609,24968
1815,23,38,25,0,71093400,3648,51041220,2610,24991
1816,32,39,25,0,71139540,3646,51089700,2610,25023
1817,32,40,25,0,71193660,3646,51120540,2609,25055
1818,22,40,21,4,71240640,3646,51192720,2612,25077
1819,29,39,25,0,71306280,3646,51279360,2613,25106
1820,22,37,25,0,71364120,3645,51471660,2620,25128
1821,29,40,25,0,71409000,3645,51479100,2619,25157
1822,23,36,24,1,71478840,3644,51758700,2631,25180
1823,31,40,18,7,71517000,3645,51759360,2630,25211
1824,32,40,24,1,71555100,3646,51787980,2630,25243
1825,26,40,25,0,71615400,3646,51846480,2631,25269
1826,34,40,25,0,71677080,3646,51965340,2635,25303
1827,34,38,25,0,71734800,3645,52071180,2637,25337
1828,27,39,25,0,71782920,3645,52089780,2636,25364
1829,29,40,16,9,71815440,3645,52089780,2636,25393
1830,40,40,25,0,71883120,3645,52168260,2637,25433
1831,29,39,25,0,71927640,3644,52269360,2640,25462
1832,31,39,25,0,71992140,3644,52298520,2639,25493
1833,36,40,21,4,72037440,3644,52324260,2639,25529
1834,28,39,23,2,72092580,3645,52345260,2638,25557
1835,33,38,25,0,72145620,3645,52372200,2638,25590
1836,28,40,19,6,72197760,3646,52376280,2637,25618
1837,34,37,25,0,72242760,3646,52488600,2641,25652
1838,31,40,25,0,72315900,3646,52604940,2643,25683
1839,29,32,25,0,72365520,3644,52841940,2653,25712
1840,39,39,25,0,72417420,3644,52976220,2657,25751
1841,22,40,25,0,72454020,3644,52988160,2657,25773
1842,31,40,25,0,72535200,3645,53074260,2658,25804
1843,27,39,21,4,72573360,3645,53078100,2658,25831
1844,32,39,25,0,72640260,3646,53125860,2658,25863
1845,38,40,25,0,72683820,3646,53138040,2657,25901
1846,33,40,19,6,72736140,3646,53161020,2657,25934
1847,17,35,25,0,72785220,3646,53510280,2672,25951
1848,18,39,25,0,72827760,3646,53516820,2670,25969
1849,6,22,25,0,72907080,3645,58898220,2938,25975
1850,4,0,12,13,72983040,3642,64136820,3199,25979
1851,4,0,15,10,72988380,3642,64136820,3198,25983
1852,6,0,15,10,73011480,3642,64136820,3197,25989
1853,4,0,16,9,73024560,3642,64136820,3196,25993
1854,8,0,18,7,73048260,3642,64136820,3195,26001
1855,12,0,21,4,73072500,3642,64136820,3193,26013
1856,8,0,17,8,73122420,3642,64136820,3192,26021
1857,12,0,19,6,73164240,3643,64136820,3190,26033
1858,14,0,19,6,73201860,3642,64136820,3188,26047
1859,11,1,19,6,73228140,3641,64136820,3186,26058
1860,9,1,20,5,73265940,3642,64137600,3185,26067
1861,4,0,16,9,73304280,3642,64140240,3184,26071
1862,6,0,15,10,73338840,3643,64140240,3183,26077
1863,4,0,13,12,73361520,3643,64140240,3183,26081
1864,11,0,17,8,73376940,3642,64140240,3181,26092
1865,12,0,22,3,73395660,3642,64140240,3179,26104
1866,10,0,24,1,73425360,3642,64140240,3177,26114
1867,12,0,18,7,73487280,3642,64140420,3176,26126
1868,12,0,22,3,73514880,3642,64140420,3174,26138
1869,3,0,15,10,73552800,3642,64140420,3173,26141
1870,8,0,16,9,73582620,3642,64140420,3172,26149
1871,2,0,14,11,73600200,3642,64140420,3172,26151
1872,12,0,19,6,73629000,3642,64140420,3170,26163
1873,6,0,19,6,73649880,3642,64140420,3169,26169
1874,5,0,15,10,73690260,3642,64140420,3168,26174
1875,5,0,13,12,73721760,3643,64140420,3167,26179
1876,4,0,15,10,73725240,3643,64140420,3167,26183
1877,5,0,14,11,73753320,3643,64140420,3166,26188
1878,6,0,15,10,73770360,3643,64140420,3165,26194
1879,5,0,12,13,73793100,3643,64140420,3164,26199
1880,5,0,12,13,73804920,3642,64140420,3163,26204
1881,8,0,14,11,73820280,3642,64140420,3162,26212
1882,13,0,20,5,73835100,3641,64140420,3160,26225
1883,9,0,17,8,73875180,3641,64140420,3159,26234
1884,7,0,14,11,73917900,3641,64140420,3158,26241
1885,8,0,13,12,73935960,3641,64140420,3156,26249
1886,11,0,19,6,73953000,3641,64140420,3155,26260
1887,5,0,14,11,73975560,3640,64140420,3154,26265
1888,11,0,15,10,74006760,3640,64140420,3152,26276
1889,9,0,15,10,74029560,3639,64140420,3151,26285
1890,6,0,15,10,74039220,3639,64140420,3150,26291
1891,11,0,21,4,74057100,3639,64140420,3148,26302
1892,4,0,18,7,74082180,3639,64140420,3147,26306
1893,7,0,16,9,74119620,3639,64140420,3146,26313
1894,7,0,18,7,74144760,3639,64140420,3145,26320
1895,4,0,13,12,74187660,3640,64140420,3145,26324
1896,6,0,13,12,74208900,3640,64140420,3144,26330
1897,3,0,15,10,74212080,3640,64140420,3143,26333
1898,4,0,13,12,74241360,3640,64140420,3143,26337
1899,5,0,13,12,74249280,3640,64140420,3142,26342
1900,11,0,19,6,74260560,3639,64140420,3140,26353
1901,6,0,20,5,74277180,3639,64140420,3139,26359
1902,10,0,19,6,74319900,3639,64140420,3138,26369
1903,11,0,20,5,74353080,3639,64140420,3136,26380
1904,5,0,16,9,74385900,3639,64140420,3135,26385
1905,9,0,14,11,74415660,3639,64140420,3134,26394
1906,8,0,18,7,74420880,3638,64140420,3133,26402
1907,10,0,17,8,74467860,3638,64140420,3131,26412
1908,7,0,13,12,74505360,3638,64140420,3130,26419
1909,9,0,16,9,74524200,3638,64140420,3129,26428
1910,17,2,25,0,74540220,3638,64141140,3126,26445
1911,14,6,25,0,74580240,3638,64149420,3124,26459
1912,9,0,19,6,74651400,3638,64161240,3124,26468
1913,8,0,18,7,74686440,3638,64161240,3122,26476
1914,4,0,14,11,74707560,3638,64161240,3122,26480
1915,7,0,13,12,74734380,3637,64161240,3121,26487
1916,5,0,14,11,74749920,3637,64161240,3120,26492
1917,11,0,19,6,74764440,3637,64161240,3118,26503
1918,7,0,18,7,74793900,3637,64161240,3117,26510
1919,2,0,15,10,74827440,3638,64161240,3117,26512
1920,3,0,12,13,74857740,3638,64161240,3117,26515
1921,2,0,13,12,74859300,3638,64161240,3116,26517
1922,6,0,14,11,74877180,3638,64161240,3115,26523
1923,8,0,18,7,74887500,3638,64161240,3114,26531
1924,4,0,15,10,74908560,3638,64161240,3114,26535
1925,3,0,12,13,74923980,3637,64161240,3113,26538
1926,9,0,19,6,74936100,3638,64161240,3112,26547
1927,5,0,16,9,74961000,3638,64161240,3111,26552
1928,11,0,18,7,74994720,3638,64161240,3109,26563
1929,12,0,17,8,75037320,3637,64161240,3107,26575
1930,9,0,19,6,75054960,3637,64161240,3106,26584
1931,11,0,19,6,75096480,3637,64161240,3104,26595
1932,8,0,16,9,75133620,3637,64161240,3103,26603
1933,17,0,23,2,75159420,3636,64161240,3101,26620
1934,14,0,20,5,75217320,3636,64162740,3099,26634
1935,16,4,23,2,75252240,3636,64162920,3097,26650
1936,14,4,25,0,75300420,3636,64173600,3095,26664
1937,9,2,25,0,75342780,3637,64190040,3094,26673
1938,11,3,18,7,75410760,3637,64194900,3093,26684
1939,5,4,15,10,75451680,3638,64205520,3093,26689
1940,5,0,13,12,75473040,3637,64219740,3092,26694
1941,7,0,15,10,75496920,3637,64219740,3091,26701
1942,10,0,17,8,75514500,3636,64219740,3090,26711
1943,4,0,16,9,75537000,3637,64219740,3089,26715
1944,8,0,16,9,75571200,3637,64219740,3088,26723
1945,7,0,17,8,75590280,3637,64219740,3087,26730
1946,6,0,15,10,75617640,3637,64219740,3086,26736
1947,9,0,20,5,75637200,3637,64219740,3085,26745
1948,6,0,17,8,75666600,3637,64219740,3084,26751
1949,8,0,16,9,75700560,3637,64219740,3083,26759
1950,7,0,16,9,75722760,3637,64219740,3082,26766
1951,9,0,19,6,75749460,3637,64219740,3080,26775
1952,7,0,18,7,75772620,3637,64219740,3079,26782
1953,6,0,20,5,75794580,3637,64219740,3079,26788
1954,11,0,22,3,75830700,3637,64219740,3077,26799
1955,14,0,21,4,75878040,3637,64220400,3075,26813
1956,9,0,21,4,75923100,3637,64220400,3074,26822
1957,7,0,19,6,75962580,3638,64220400,3073,26829
1958,8,0,17,8,76003680,3638,64220400,3071,26837
1959,9,0,19,6,76028700,3638,64220400,3070,26846
1960,6,0,15,10,76054140,3637,64220400,3069,26852
1961,6,0,18,7,76078740,3638,64220400,3068,26858
1962,11,0,20,5,76110480,3638,64220400,3067,26869
1963,8,0,16,9,76153800,3638,64220400,3065,26877
1964,5,0,14,11,76177800,3638,64220400,3065,26882
1965,8,0,13,12,76203060,3638,64220400,3064,26890
1966,5,0,14,11,76211040,3637,64220400,3063,26895
1967,5,0,14,11,76234980,3638,64220400,3062,26900
1968,6,0,14,11,76256100,3637,64220400,3061,26906
1969,6,0,15,10,76270620,3637,64220400,3060,26912
1970,4,0,14,11,76288320,3637,64220400,3060,26916
1971,8,0,16,9,76307340,3637,64220400,3059,26924
1972,4,0,16,9,76325400,3637,64220400,3058,26928
1973,4,0,13,12,76365360,3638,64220400,3057,26932
1974,8,0,15,10,76376340,3638,64220400,3056,26940
1975,7,0,17,8,76392720,3637,64220400,3055,26947
1976,6,0,16,9,76425840,3638,64220400,3054,26953
1977,13,0,20,5,76448760,3637,64220400,3053,26966
1978,9,0,18,7,76496640,3638,64220400,3051,26975
1979,12,0,21,4,76526880,3638,64220400,3049,26987
1980,14,0,25,0,76554780,3637,64221540,3048,27001
1981,9,0,21,4,76614240,3638,64227960,3047,27010
1982,8,0,16,9,76669620,3638,64227960,3045,27018
1983,9,0,19,6,76693380,3638,64227960,3044,27027
1984,13,0,20,5,76742340,3638,64227960,3042,27040
1985,9,0,18,7,76775940,3638,64227960,3041,27049
1986,7,0,17,8,76801860,3638,64227960,3040,27056
1987,9,0,15,10,76852740,3639,64227960,3039,27065
1988,11,0,18,7,76875900,3638,64227960,3037,27076
1989,8,0,18,7,76907400,3638,64227960,3036,27084
1990,5,0,17,8,76922880,3638,64227960,3035,27089
1991,5,0,15,10,76954260,3638,64227960,3034,27094
1992,7,0,16,9,76981080,3639,64227960,3033,27101
1993,6,0,14,11,77002860,3638,64227960,3033,27107
1994,1,0,12,13,77019000,3638,64227960,3032,27108
1995,4,0,12,13,77040360,3639,64227960,3032,27112
1996,5,0,14,11,77051220,3639,64227960,3031,27117
1997,10,0,16,9,77066820,3638,64227960,3030,27127
1998,7,0,16,9,77089620,3638,64227960,3029,27134
1999,11,0,17,8,77120520,3638,64227960,3027,27145
2000,2,0,13,12,77136000,3637,64227960,3027,27147
2001,10,0,17,8,77166900,3638,64227960,3025,27157
2002,7,0,18,7,77185680,3638,64227960,3024,27164
2003,13,0,25,0,77210340,3638,64228080,3023,27177
2004,8,0,20,5,77268540,3638,64228140,3021,27185
2005,13,0,16,9,77313300,3638,64228140,3020,27198
2006,10,0,20,5,77325900,3637,64228140,3018,27208
2007,13,0,25,0,77355660,3637,64228620,3016,27221
2008,10,0,23,2,77416620,3638,64228680,3015,27231
2009,11,0,23,2,77466660,3638,64228680,3013,27242
2010,1,0,13,12,77517420,3639,64228680,3013,27243
2011,7,0,12,13,77548860,3639,64228680,3012,27250
2012,5,0,14,11,77559120,3639,64228680,3012,27255
2013,8,0,19,6,77569380,3639,64228680,3010,27263
2014,4,0,15,10,77596500,3639,64228680,3010,27267
2015,4,0,15,10,77619780,3639,64228680,3009,27271
2016,6,0,14,11,77650860,3640,64228680,3008,27277
2017,4,0,14,11,77654700,3639,64228680,3008,27281
2018,3,0,16,9,77657700,3639,64228680,3007,27284
2019,6,0,16,9,77668620,3639,64228680,3007,27290
2020,1,0,15,10,77675520,3639,64228680,3006,27291
2021,7,0,16,9,77690700,3638,64228680,3005,27298
2022,3,0,16,9,77702820,3638,64228680,3005,27301
2023,8,0,17,8,77721840,3638,64228680,3004,27309
2024,7,0,18,7,77738760,3638,64228680,3003,27316
2025,7,0,21,4,77756160,3638,64228680,3002,27323
2026,16,3,25,0,77784300,3638,64231260,3000,27339
2027,5,0,24,1,77808840,3637,64242780,3000,27344
2028,13,0,21,4,77872980,3638,64244160,2998,27357
2029,12,0,25,0,77888160,3637,64244820,2996,27369
2030,11,0,21,4,77936820,3637,64244820,2995,27380
2031,14,0,24,1,77974260,3637,64245240,2993,27394
2032,13,0,25,0,78005820,3636,64246860,2991,27407
2033,9,0,22,3,78039180,3635,64247340,2990,27416
2034,9,0,25,0,78065280,3636,64247340,2989,27425
2035,12,1,25,0,78111900,3636,64250760,2987,27437
2036,14,6,24,1,78139440,3636,64254900,2986,27451
2037,6,4,24,1,78187920,3636,64266120,2985,27457
2038,6,4,25,0,78213900,3637,64275240,2985,27463
2039,9,6,25,0,78252540,3637,64285140,2984,27472
2040,3,0,25,0,78305400,3638,64331340,2986,27475
2041,4,0,20,5,78340920,3639,64331340,2985,27479
2042,5,0,22,3,78358380,3639,64331340,2984,27484
2043,9,0,21,4,78405000,3639,64331340,2983,27493
2044,5,0,18,7,78429780,3639,64331340,2982,27498
2045,3,0,17,8,78448980,3639,64331340,2982,27501
2046,11,0,21,4,78471180,3639,64331340,2980,27512
2047,8,0,23,2,78483180,3639,64333920,2979,27520
2048,5,0,18,7,78525060,3639,64333920,2979,27525
2049,8,0,21,4,78547320,3639,64333920,2978,27533
2050,10,0,22,3,78579840,3639,64334760,2976,27543
2051,11,0,25,0,78607680,3639,64334760,2975,27554
2052,8,0,20,5,78650580,3639,64337640,2974,27562
2053,11,0,22,3,78676620,3639,64337640,2972,27573
2054,8,0,20,5,78722160,3639,64337640,2971,27581
2055,11,0,23,2,78750120,3639,64338900,2970,27592
2056,9,4,23,2,78769440,3639,64339320,2969,27601
2057,7,0,20,5,78828120,3639,64349040,2968,27608
2058,11,0,23,2,78861900,3640,64349040,2967,27619
2059,7,1,25,0,78874320,3639,64349040,2966,27626
2060,8,0,25,0,78919560,3640,64349040,2964,27634
2061,3,0,16,9,78968520,3640,64349040,2964,27637
2062,5,0,16,9,78980820,3640,64349040,2963,27642
2063,3,0,17,8,78982380,3640,64349040,2963,27645
2064,3,0,16,9,79005480,3640,64349040,2963,27648
2065,4,0,18,7,79011000,3640,64349040,2962,27652
2066,9,0,19,6,79022940,3639,64349040,2961,27661
2067,6,0,19,6,79047000,3639,64349040,2960,27667
2068,7,0,19,6,79082640,3640,64349040,2959,27674
2069,5,0,19,6,79104000,3640,64349040,2958,27679
2070,6,0,21,4,79125000,3640,64349040,2958,27685
2071,8,0,19,6,79157460,3640,64349040,2956,27693
2072,11,3,25,0,79167180,3640,64349580,2955,27704
2073,4,0,18,7,79227720,3641,64352640,2955,27708
2074,7,0,19,6,79255740,3641,64352640,2954,27715
2075,8,0,22,3,79267500,3641,64352640,2953,27723
2076,10,0,24,1,79293360,3640,64352640,2951,27733
2077,10,0,23,2,79333080,3640,64353240,2950,27743
2078,9,0,23,2,79371360,3641,64353240,2949,27752
2079,10,0,24,1,79412280,3641,64354500,2947,27762
2080,7,0,20,5,79450680,3641,64354740,2946,27769
2081,10,0,22,3,79464720,3640,64354740,2945,27779
2082,11,0,24,1,79496520,3640,64354920,2944,27790
2083,15,6,25,0,79531440,3641,64357440,2942,27805
2084,7,0,20,5,79588020,3640,64373820,2941,27812
2085,6,0,20,5,79612020,3640,64373820,2941,27818
2086,8,0,20,5,79636620,3640,64373820,2940,27826
2087,6,0,16,9,79662000,3640,64373820,2939,27832
2088,12,1,25,0,79666560,3639,64373820,2937,27844
2089,4,0,19,6,79703400,3639,64374120,2937,27848
2090,7,0,19,6,79731420,3639,64374120,2936,27855
2091,2,0,17,8,79753320,3640,64374120,2935,27857
2092,9,0,21,4,79769460,3640,64374120,2934,27866
2093,8,0,21,4,79792140,3639,64374120,2933,27874
2094,5,0,18,7,79814760,3639,64374120,2933,27879
2095,8,0,23,2,79832520,3639,64374120,2931,27887
2096,7,0,23,2,79859220,3639,64374120,2931,27894
2097,11,0,24,1,79904580,3640,64375620,2929,27905
2098,4,0,18,7,79939740,3640,64375620,2929,27909
2099,10,0,23,2,79967940,3640,64375620,2927,27919
2100,12,0,25,0,79997340,3640,64375980,2926,27931
2101,6,0,22,3,80025300,3640,64375980,2925,27937
2102,11,0,23,2,80058120,3639,64375980,2923,27948
2103,6,0,20,5,80093520,3640,64375980,2923,27954
2104,6,0,18,7,80120220,3640,64375980,2922,27960
2105,9,0,19,6,80142600,3639,64375980,2921,27969
2106,10,0,21,4,80161140,3639,64375980,2919,27979
2107,11,3,25,0,80182080,3639,64376760,2918,27990
2108,5,0,23,2,80234580,3640,64381920,2917,27995
2109,8,0,19,6,80274660,3640,64381920,2916,28003
2110,7,0,20,5,80293320,3639,64381920,2915,28010
2111,5,0,18,7,80318100,3639,64381920,2915,28015
2112,2,0,15,10,80332560,3639,64381920,2915,28017
2113,2,0,15,10,80338320,3639,64381920,2914,28019
2114,6,0,18,7,80344920,3639,64381920,2914,28025
2115,4,0,17,8,80358480,3639,64381920,2913,28029
2116,10,0,21,4,80372700,3638,64381920,2912,28039
2117,7,0,22,3,80398560,3639,64381920,2911,28046
2118,13,5,25,0,80424900,3639,64385400,2909,28059
2119,6,0,22,3,80481000,3639,64403940,2909,28065
2120,11,0,24,1,80510160,3639,64403940,2908,28076
2121,9,0,23,2,80545020,3639,64403940,2907,28085
2122,6,0,21,4,80575860,3639,64403940,2906,28091
2123,16,1,25,0,80614920,3639,64404420,2904,28107
2124,11,6,25,0,80633940,3639,64407240,2903,28118
2125,13,11,25,0,80683860,3640,64421580,2902,28131
2126,11,19,25,0,80705220,3640,64426320,2901,28142
2127,16,27,25,0,80762340,3642,64438920,2899,28158
2128,10,29,25,0,80804880,3642,64477080,2899,28168
2129,8,28,25,0,80846460,3643,64511580,2900,28176
2130,4,15,25,0,80900940,3642,64672320,2906,28180
2131,7,0,20,5,80943720,3640,64889340,2915,28187
2132,8,0,18,7,80978040,3640,64889340,2914,28195
2133,4,0,15,10,80998740,3639,64889340,2914,28199
2134,7,0,20,5,81007200,3639,64889340,2913,28206
2135,7,0,22,3,81015600,3639,64889340,2912,28213
2136,7,0,24,1,81042960,3639,64889340,2911,28220
2137,7,0,20,5,81091800,3640,64889340,2910,28227
2138,6,0,21,4,81112260,3640,64889340,2909,28233
2139,4,0,21,4,81139500,3640,64889340,2909,28237
2140,9,0,18,7,81181080,3640,64889340,2907,28246
2141,7,0,20,5,81206940,3641,64889340,2906,28253
2142,5,0,20,5,81224580,3641,64889340,2906,28258
2143,10,0,21,4,81262560,3641,64889340,2905,28268
2144,5,0,17,8,81285660,3641,64889340,2904,28273
2145,12,0,22,3,81300720,3640,64889340,2902,28285
2146,10,0,21,4,81340740,3640,64889580,2901,28295
2147,13,0,22,3,81380640,3640,64889580,2899,28308
2148,13,8,24,1,81386760,3640,64891320,2899,28321
2149,9,9,25,0,81432780,3641,64903080,2897,28330
2150,9,8,25,0,81488160,3641,64922820,2897,28339
2151,14,9,25,0,81533340,3641,64946340,2896,28353
2152,5,4,25,0,81566520,3641,64995360,2898,28358
2153,11,0,24,1,81628860,3641,65030100,2898,28369
2154,9,0,20,5,81655800,3640,65030340,2897,28378
2155,8,0,22,3,81680040,3641,65030340,2896,28386
2156,3,0,16,9,81724140,3641,65030340,2895,28389
2157,11,0,22,3,81744060,3641,65030340,2894,28400
2158,3,0,18,7,81764640,3641,65030340,2893,28403
2159,3,0,18,7,81780600,3641,65030340,2893,28406
2160,6,0,19,6,81803580,3641,65030340,2892,28412
2161,5,0,19,6,81828240,3642,65030340,2892,28417
2162,3,0,18,7,81849600,3642,65030340,2891,28420
2163,8,0,22,3,81862680,3642,65030340,2890,28428
2164,8,0,23,2,81898860,3642,65030340,2889,28436
2165,9,0,21,4,81929160,3642,65030340,2888,28445
2166,3,0,17,8,81960180,3642,65030340,2888,28448
2167,5,0,17,8,81981300,3642,65030340,2887,28453
2168,9,0,22,3,81989040,3642,65030340,2886,28462
2169,7,0,23,2,82009800,3642,65030340,2885,28469
2170,14,4,25,0,82044120,3642,65030580,2883,28483
2171,10,0,25,0,82092960,3642,65035740,2882,28493
2172,8,1,25,0,82114500,3642,65035740,2881,28501
2173,11,0,23,2,82169340,3642,65036940,2880,28512
2174,8,0,20,5,82210200,3642,65036940,2879,28520
2175,6,0,21,4,82225380,3642,65036940,2878,28526
2176,9,1,25,0,82243980,3642,65037840,2877,28535
2177,5,0,19,6,82295160,3642,65037900,2876,28540
2178,11,0,22,3,82322280,3642,65037900,2875,28551
2179,8,0,20,5,82354680,3642,65037900,2874,28559
2180,7,0,20,5,82383720,3642,65037900,2873,28566
2181,2,0,18,7,82397640,3642,65037900,2873,28568
2182,7,0,19,6,82417920,3642,65037900,2872,28575
2183,6,0,22,3,82427160,3642,65037900,2871,28581
2184,4,0,17,8,82468800,3643,65037900,2870,28585
2185,4,0,17,8,82483500,3643,65037900,2870,28589
2186,5,0,15,10,82504920,3642,65037900,2869,28594
2187,4,0,17,8,82510200,3642,65037900,2869,28598
2188,6,0,17,8,82528920,3642,65037900,2868,28604
2189,6,0,17,8,82542420,3642,65037900,2867,28610
2190,9,0,22,3,82554300,3642,65037900,2866,28619
2191,6,0,21,4,82576260,3642,65037900,2865,28625
2192,12,2,25,0,82605900,3642,65037900,2864,28637
2193,8,0,22,3,82659180,3642,65039400,2863,28645
2194,2,0,17,8,82686360,3642,65039400,2863,28647
2195,7,0,19,6,82709760,3642,65039400,2862,28654
2196,6,0,19,6,82730940,3642,65039400,2861,28660
2197,9,0,23,2,82747200,3642,65039400,2860,28669
2198,10,0,23,2,82783440,3642,65039460,2859,28679
2199,11,0,25,0,82815360,3642,65039640,2857,28690
2200,9,0,25,0,82839720,3642,65039640,2856,28699
2201,11,0,24,1,82888680,3642,65039640,2855,28710
2202,8,0,22,3,82918200,3642,65039640,2854,28718
2203,9,0,18,7,82962540,3642,65039640,2853,28727
2204,4,0,16,9,82977300,3641,65039640,2852,28731
2205,13,0,22,3,82993080,3641,65039640,2850,28744
2206,2,0,17,8,83012520,3641,65039640,2850,28746
2207,7,0,20,5,83026980,3641,65039640,2849,28753
2208,3,0,18,7,83044800,3641,65039640,2849,28756
2209,6,0,20,5,83061420,3641,65039640,2848,28762
2210,3,0,15,10,83093220,3641,65039640,2848,28765
2211,3,0,16,9,83096940,3641,65039640,2847,28768
2212,2,0,14,11,83112120,3641,65039640,2847,28770
2213,7,0,20,5,83112780,3641,65039640,2846,28777
2214,7,0,23,2,83122740,3640,65039640,2846,28784
2215,11,1,25,0,83153820,3641,65039640,2844,28795
2216,11,4,25,0,83186760,3641,65040900,2843,28806
2217,14,10,25,0,83225100,3641,65047560,2841,28820
2218,8,10,25,0,83269440,3642,65070360,2841,28828
2219,13,11,25,0,83321760,3642,65082240,2840,28841
2220,12,7,25,0,83372280,3642,65120580,2841,28853
2221,17,9,25,0,83414280,3641,65142060,2840,28870
2222,12,11,25,0,83457540,3642,65152380,2838,28882
2223,6,0,23,2,83502060,3640,65274180,2843,28888
2224,13,0,25,0,83540220,3640,65274180,2841,28901
2225,10,0,25,0,83558520,3640,65274180,2840,28911
2226,9,0,25,0,83590260,3640,65275140,2839,28920
2227,7,0,21,4,83636040,3640,65275140,2838,28927
2228,12,0,24,1,83680320,3640,65275140,2837,28939
2229,2,0,17,8,83713560,3640,65275140,2836,28941
2230,3,0,14,11,83737020,3640,65275140,2836,28944
2231,3,0,14,11,83744160,3640,65275140,2836,28947
2232,5,0,18,7,83744820,3640,65275140,2835,28952
2233,5,0,16,9,83763480,3640,65275140,2834,28957
2234,4,0,16,9,83774580,3640,65275140,2834,28961
2235,5,0,16,9,83793180,3640,65275140,2833,28966
2236,7,0,21,4,83797920,3640,65275140,2832,28973
2237,7,0,22,3,83814720,3639,65275140,2832,28980
2238,10,0,19,6,83870160,3640,65275440,2830,28990
2239,3,0,17,8,83895420,3640,65275440,2830,28993
2240,7,0,17,8,83916360,3640,65275440,2829,29000
2241,6,0,22,3,83917440,3640,65275440,2828,29006
2242,12,0,23,2,83960640,3640,65276340,2827,29018
2243,14,0,25,0,83990460,3639,65276820,2825,29032
2244,5,0,22,3,84031980,3640,65277600,2825,29037
2245,10,0,20,5,84077880,3640,65277600,2823,29047
2246,10,0,23,2,84099720,3640,65277600,2822,29057
2247,9,0,24,1,84125700,3640,65277600,2821,29066
2248,11,1,25,0,84169320,3640,65279340,2820,29077
2249,8,3,23,2,84194760,3640,65282400,2819,29085
2250,13,7,25,0,84231300,3640,65291220,2818,29098
2251,5,0,21,4,84284640,3640,65310900,2818,29103
2252,1,0,15,10,84324900,3641,65310900,2818,29104
2253,6,0,19,6,84336240,3641,65310900,2817,29110
2254,8,0,19,6,84350040,3640,65310900,2816,29118
2255,3,0,16,9,84379380,3641,65310900,2816,29121
2256,2,0,15,10,84383220,3640,65310900,2816,29123
2257,2,0,14,11,84396840,3640,65310900,2815,29125
2258,3,0,16,9,84398940,3640,65310900,2815,29128
2259,5,0,20,5,84404940,3640,65310900,2814,29133
2260,3,0,18,7,84421200,3640,65310900,2814,29136
2261,8,0,22,3,84440520,3641,65310900,2813,29144
2262,5,0,18,7,84478020,3641,65310900,2812,29149
2263,11,0,21,4,84508140,3641,65310900,2811,29160
2264,9,0,21,4,84536280,3641,65310900,2810,29169
2265,7,0,21,4,84550260,3640,65310900,2809,29176
2266,8,0,20,5,84593220,3641,65310900,2808,29184
2267,15,0,25,0,84621000,3640,65310900,2806,29199
2268,18,7,25,0,84643620,3639,65312400,2805,29217
2269,14,10,25,0,84699180,3640,65323320,2803,29231
2270,10,4,25,0,84740040,3639,65344380,2803,29241
2271,13,6,25,0,84770460,3639,65370300,2803,29254
2272,7,2,25,0,84826200,3640,65388240,2802,29261
2273,6,0,18,7,84873180,3639,65392080,2802,29267
2274,7,0,19,6,84889320,3639,65392080,2801,29274
2275,9,0,22,3,84913740,3639,65392080,2800,29283
2276,10,0,24,1,84938820,3639,65392080,2799,29293
2277,5,0,23,2,84959880,3639,65392080,2798,29298
2278,6,0,19,6,85001340,3639,65392080,2797,29304
2279,8,0,23,2,85021140,3639,65392080,2796,29312
2280,7,0,21,4,85052820,3639,65392080,2795,29319
2281,5,0,18,7,85091760,3640,65392080,2795,29324
2282,6,0,20,5,85106700,3640,65392080,2794,29330
2283,9,0,23,2,85128600,3640,65392080,2793,29339
2284,6,0,19,6,85187100,3641,65394120,2792,29345
2285,10,1,25,0,85199580,3641,65394120,2791,29355
2286,6,0,24,1,85241460,3641,65397060,2791,29361
2287,7,0,22,3,85283520,3642,65397060,2790,29368
2288,13,0,24,1,85327020,3642,65397060,2788,29381
2289,6,0,25,0,85342200,3642,65397540,2788,29387
2290,9,0,21,4,85389960,3642,65397540,2787,29396
2291,8,0,23,2,85409340,3642,65397540,2786,29404
2292,10,0,24,1,85455360,3642,65397540,2784,29414
2293,16,6,25,0,85488120,3642,65399460,2783,29430
2294,14,12,25,0,85520940,3642,65415180,2782,29444
2295,11,5,25,0,85588620,3642,65461380,2782,29455
2296,11,1,25,0,85616940,3641,65488320,2782,29466
2297,9,1,25,0,85660440,3642,65491440,2781,29475
2298,8,2,25,0,85696500,3642,65498100,2781,29483
2299,7,0,25,0,85741140,3643,65507100,2780,29490
2300,9,1,25,0,85776660,3643,65507100,2779,29499
2301,12,0,23,2,85838760,3643,65507220,2778,29511
2302,9,0,21,4,85863780,3643,65507220,2777,29520
2303,7,0,19,6,85898700,3643,65507220,2776,29527
2304,6,0,21,4,85913220,3643,65507220,2775,29533
2305,6,0,21,4,85942740,3643,65507220,2774,29539
2306,3,0,15,10,85982340,3643,65507220,2774,29542
2307,7,0,21,4,85984680,3643,65507220,2773,29549
2308,7,0,20,5,86005860,3643,65507220,2772,29556
2309,8,0,19,6,86034180,3643,65507220,2771,29564
2310,7,0,20,5,86049660,3643,65507220,2771,29571
2311,13,0,25,0,86077320,3643,65507640,2769,29584
2312,13,5,25,0,86096100,3642,65509260,2768,29597
2313,5,1,25,0,86145900,3643,65526600,2768,29602
2314,7,0,19,6,86209860,3643,65527140,2767,29609
2315,12,0,24,1,86227800,3643,65527860,2766,29621
2316,9,0,20,5,86268720,3643,65527860,2765,29630
2317,11,0,23,2,86294520,3643,65527860,2763,29641
2318,18,11,22,3,86322240,3643,65530920,2761,29659
2319,13,22,19,6,86359380,3643,65535060,2760,29672
2320,9,26,21,4,86383320,3644,65547240,2759,29681
2321,9,26,25,0,86409540,3644,65580660,2760,29690
2322,9,26,25,0,86452680,3645,65612040,2760,29699
2323,6,23,25,0,86507880,3646,65686140,2762,29705
2324,3,11,25,0,86564220,3646,65844360,2769,29708
2325,6,0,18,7,86602980,3644,66043980,2776,29714
2326,10,0,21,4,86630340,3644,66043980,2775,29724
2327,4,0,19,6,86642820,3643,66043980,2775,29728
2328,6,0,19,6,86667780,3643,66043980,2774,29734
2329,3,0,16,9,86695740,3644,66043980,2774,29737
2330,5,0,19,6,86700900,3644,66043980,2773,29742
2331,5,0,19,6,86718900,3644,66043980,2773,29747
2332,3,0,16,9,86744400,3644,66043980,2772,29750
2333,4,0,16,9,86756340,3644,66043980,2772,29754
2334,11,0,23,2,86776500,3644,66043980,2770,29765
2335,3,0,16,9,86808540,3644,66043980,2770,29768
2336,8,0,21,4,86816580,3644,66043980,2769,29776
2337,9,0,22,3,86847780,3644,66043980,2768,29785
2338,8,0,21,4,86882220,3644,66043980,2767,29793
2339,10,0,22,3,86905440,3643,66043980,2766,29803
2340,7,0,20,5,86937900,3643,66043980,2765,29810
2341,8,0,19,6,86980740,3644,66043980,2764,29818
2342,10,0,22,3,87004020,3644,66043980,2763,29828
2343,7,0,21,4,87024900,3643,66043980,2762,29835
2344,14,5,25,0,87045180,3643,66047820,2761,29849
2345,13,3,25,0,87108780,3644,66064320,2760,29862
2346,8,0,24,1,87133980,3643,66070620,2759,29870
2347,11,2,25,0,87170340,3643,66071160,2758,29881
2348,6,0,23,2,87219060,3644,66075480,2758,29887
2349,4,0,16,9,87267000,3644,66075480,2757,29891
2350,6,0,15,10,87282180,3644,66075480,2757,29897
2351,4,0,16,9,87287940,3643,66075480,2756,29901
2352,6,0,19,6,87297420,3643,66075480,2755,29907
2353,3,0,19,6,87311460,3644,66075480,2755,29910
2354,14,4,25,0,87328260,3644,66076080,2754,29924
2355,15,4,25,0,87378000,3643,66085440,2752,29939
2356,23,16,25,0,87419280,3643,66089820,2750,29962
2357,33,40,24,1,87454260,3644,66094860,2747,29995
2358,32,39,25,0,87494160,3645,66121860,2747,30027
2359,18,40,25,0,87522900,3645,66140580,2747,30045
2360,34,40,25,0,87557880,3646,66183720,2748,30079
2361,41,40,25,0,87637020,3647,66255780,2750,30120
2362,40,40,25,0,87666480,3646,66327600,2751,30160
2363,26,40,25,0,87694200,3647,66398160,2754,30186
2364,27,39,25,0,87756060,3647,66474900,2755,30213
2365,26,40,23,2,87801480,3646,66531360,2756,30239
2366,27,40,20,5,87812220,3646,66531360,2756,30266
2367,32,40,25,0,87877260,3648,66562260,2755,30298
2368,25,40,25,0,87907620,3647,66603000,2756,30323
2369,26,40,25,0,87954060,3647,66712920,2759,30349
2370,31,40,25,0,87996780,3647,66729840,2758,30380
2371,26,40,25,0,88050720,3647,66778740,2758,30406
2372,31,40,25,0,88092480,3645,66851340,2759,30437
2373,38,40,25,0,88122900,3645,66868440,2759,30475
2374,42,40,25,0,88162140,3645,66929760,2760,30517
2375,28,40,25,0,88219800,3645,66988440,2760,30545
2376,28,40,25,0,88244820,3644,67080660,2763,30573
2377,22,35,25,0,88308120,3644,67227360,2767,30595
2378,21,38,25,0,88351560,3643,67390020,2772,30616
2379,30,40,25,0,88387560,3643,67404540,2771,30646
2380,31,39,25,0,88418100,3643,67427460,2771,30677
2381,29,39,25,0,88485060,3643,67481580,2771,30706
2382,36,40,25,0,88514520,3643,67507860,2771,30742
2383,32,40,25,0,88548720,3643,67514340,2771,30774
2384,27,38,25,0,88603620,3643,67762380,2779,30801
2385,36,38,25,0,88651680,3642,67772820,2777,30837
2386,26,40,25,0,88680960,3642,67783920,2777,30863
2387,30,40,25,0,88734000,3642,67916100,2780,30893
2388,36,40,25,0,88770180,3642,67924920,2780,30929
2389,24,40,25,0,88812780,3643,67951380,2780,30953
2390,29,40,25,0,88863240,3642,68038800,2781,30982
2391,31,39,25,0,88912200,3641,68083920,2781,31013
2392,30,40,21,4,88943100,3640,68132220,2782,31043
2393,30,40,25,0,88980900,3641,68139000,2781,31073
2394,25,40,25,0,89003280,3641,68160300,2781,31098
2395,24,39,25,0,89062620,3641,68261460,2783,31122
2396,34,40,25,0,89114880,3641,68365860,2786,31156
2397,41,40,25,0,89148480,3641,68379060,2786,31197
2398,32,40,25,0,89188740,3641,68434380,2787,31229
2399,29,39,25,0,89246880,3641,68508600,2788,31258

