Hour,Arrivals,Waiting,Treating,Available Rooms,Total Treatment Time,Average Treatment Time,Total Wait Time,Average Wait Time,Total Arrivals
1,5,0,4,21,2640,2640,0,0,5
2,6,0,5,20,10980,1830,0,0,11
3,4,0,4,21,31980,2907,0,0,15
4,6,0,6,19,42540,2836,0,0,21
5,8,0,7,18,64860,2948,0,0,29
6,10,0,7,18,94200,2943,0,0,39
7,5,0,6,19,124020,3263,0,0,44
8,18,0,12,13,146820,2936,0,0,62
9,8,0,11,14,173220,2935,0,0,70
10,7,0,8,17,223260,3235,0,0,77
11,11,0,9,16,252360,3194,0,0,88
12,12,0,8,17,285960,3108,0,0,100
13,11,0,11,14,312960,3129,0,0,111
14,7,0,8,17,336780,3061,0,0,118
15,9,0,8,17,380940,3201,0,0,127
16,11,0,13,12,400200,3201,0,0,138
17,4,0,7,18,441060,3267,0,0,142
18,4,0,5,20,478200,3391,0,0,146
19,11,0,11,14,505020,3459,0,0,157
20,4,0,8,17,526920,3443,0,0,161
21,9,0,9,16,560940,3484,0,0,170
22,1,0,4,21,581400,3481,0,0,171
23,5,0,5,20,615060,3596,0,0,176
24,3,0,5,20,624000,3586,0,0,179
25,4,0,8,17,627540,3585,0,0,183
26,6,0,6,19,662100,3618,0,0,189
27,3,0,2,23,686400,3612,0,0,192
28,3,0,3,22,690780,3597,0,0,195
29,5,0,5,20,700620,3592,0,0,200
30,11,0,9,16,727200,3600,0,0,211
31,6,0,9,16,745320,3583,0,0,217
32,14,0,12,13,778380,3554,0,0,231
33,10,0,14,11,806220,3551,0,0,241
34,9,0,11,14,871920,3648,0,0,250
35,6,0,12,13,893940,3663,0,0,256
36,11,0,9,16,951060,3686,0,0,267
37,7,0,5,20,985920,3665,0,0,274
38,8,0,7,18,1005480,3656,0,0,282
39,12,0,9,16,1030560,3616,0,0,294
40,16,0,15,10,1059600,3591,0,0,310
41,7,0,11,14,1104540,3609,0,0,317
42,11,0,12,13,1153080,3648,0,0,328
43,12,0,15,10,1191540,3666,0,0,340
44,9,0,6,19,1257120,3665,0,0,349
45,8,0,5,20,1281600,3640,0,0,357
46,6,0,6,19,1290420,3614,0,0,363
47,3,0,4,21,1317240,3638,0,0,366
48,4,0,4,21,1328460,3629,0,0,370
49,6,0,6,19,1345320,3636,0,0,376
50,2,0,5,20,1353540,3628,0,0,378
51,7,0,8,17,1370640,3635,0,0,385
52,4,0,6,19,1398360,3651,0,0,389
53,6,0,6,19,1416540,3641,0,0,395
54,5,0,6,19,1437900,3649,0,0,400
55,7,0,8,17,1459800,3658,0,0,407
56,8,0,6,19,1483320,3626,0,0,415
57,7,0,8,17,1504740,3634,0,0,422
58,9,0,8,17,1538040,3636,0,0,431
59,10,0,11,14,1556520,3619,0,0,441
60,5,0,8,17,1583640,3615,0,0,446
61,9,0,10,15,1614540,3628,0,0,455
62,8,0,8,17,1649880,3626,0,0,463
63,9,0,8,17,1689060,3640,0,0,472
64,12,0,11,14,1718520,3633,0,0,484
65,11,0,10,15,1754520,3617,0,0,495
66,9,0,7,18,1795380,3612,0,0,504
67,6,0,6,19,1815960,3603,0,0,510
68,10,0,9,16,1835940,3592,0,0,520
69,9,0,10,15,1867740,3598,0,0,529
70,6,0,5,20,1917960,3618,0,0,535
71,4,0,3,22,1941540,3622,0,0,539
72,7,0,6,19,1949580,3610,0,0,546
73,8,0,9,16,1967100,3609,0,0,554
74,4,0,5,20,2013600,3641,0,0,558
75,2,0,4,21,2023140,3638,0,0,560
76,8,0,5,20,2051760,3644,0,0,568
77,1,0,3,22,2063220,3645,0,0,569
78,6,0,3,22,2085780,3646,0,0,575
79,9,0,7,18,2100600,3640,0,0,584
80,16,0,12,13,2126160,3615,0,0,600
81,12,0,14,11,2157180,3607,0,0,612
82,9,0,13,12,2202660,3622,0,0,621
83,9,0,15,10,2236080,3635,0,0,630
84,15,0,15,10,2302740,3655,0,0,645
85,11,0,12,13,2362020,3667,0,0,656
86,10,0,9,16,2408220,3665,0,0,666
87,5,0,5,20,2447160,3674,0,0,671
88,9,0,7,18,2473440,3675,0,0,680
89,8,0,8,17,2494500,3668,0,0,688
90,12,0,9,16,2532120,3664,0,0,700
91,10,0,11,14,2564640,3669,0,0,710
92,5,0,7,18,2605620,3680,0,0,715
93,7,0,6,19,2645220,3694,0,0,722
94,6,0,6,19,2658480,3682,0,0,728
95,3,0,6,19,2668980,3681,0,0,731
96,5,0,7,18,2703960,3709,0,0,736
97,2,0,3,22,2725680,3708,0,0,738
98,7,0,6,19,2734800,3700,0,0,745
99,2,0,3,22,2755080,3703,0,0,747
100,7,0,7,18,2764920,3701,0,0,754
101,4,0,4,21,2794200,3705,0,0,758
102,7,0,7,18,2802840,3697,0,0,765
103,14,0,11,14,2845140,3704,0,0,779
104,6,0,6,19,2868480,3682,0,0,785
105,6,0,6,19,2886480,3677,0,0,791
106,9,0,11,14,2893140,3666,0,0,800
107,11,0,12,13,2940180,3679,0,0,811
108,11,0,9,16,2982240,3668,0,0,822
109,5,0,7,18,3022260,3685,0,0,827
110,12,0,12,13,3045960,3683,0,0,839
111,17,0,19,6,3082980,3683,0,0,856
112,6,0,11,14,3141960,3692,0,0,862
113,7,0,8,17,3186060,3700,0,0,869
114,8,0,10,15,3213720,3706,0,0,877
115,9,0,10,15,3251280,3711,0,0,886
116,4,0,5,20,3290220,3717,0,0,890
117,4,0,4,21,3304380,3712,0,0,894
118,6,0,3,22,3333300,3716,0,0,900
119,6,0,6,19,3342480,3713,0,0,906
120,4,0,4,21,3358260,3706,0,0,910
121,6,0,9,16,3363420,3708,0,0,916
122,3,0,4,21,3396480,3712,0,0,919
123,10,0,9,16,3411900,3708,0,0,929
124,8,0,6,19,3445980,3701,0,0,937
125,6,0,6,19,3473880,3707,0,0,943
126,6,0,7,18,3483060,3697,0,0,949
127,12,0,9,16,3516420,3693,0,0,961
128,4,0,9,16,3533040,3695,0,0,965
129,6,0,7,18,3564480,3697,0,0,971
130,8,0,4,21,3595980,3688,0,0,979
131,15,0,12,13,3605940,3672,0,0,994
132,8,0,8,17,3640020,3661,0,0,1002
133,14,0,13,12,3673980,3662,0,0,1016
134,10,0,13,12,3710220,3662,0,0,1026
135,15,0,15,10,3763560,3668,0,0,1041
136,12,0,15,10,3811140,3671,0,0,1053
137,12,0,12,13,3882660,3687,0,0,1065
138,9,0,7,18,3928200,3681,0,0,1074
139,10,0,9,16,3965280,3688,0,0,1084
140,5,0,7,18,3985080,3683,0,0,1089
141,8,0,9,16,4012440,3687,0,0,1097
142,9,0,10,15,4039440,3685,0,0,1106
143,7,0,7,18,4073460,3683,0,0,1113
144,5,0,3,22,4106760,3683,0,0,1118
145,3,0,3,22,4114620,3680,0,0,1121
146,4,0,5,20,4118700,3677,0,0,1125
147,7,0,7,18,4134060,3674,0,0,1132
148,7,0,8,17,4163160,3680,0,0,1139
149,7,0,8,17,4189260,3681,0,0,1146
150,5,0,4,21,4216560,3676,0,0,1151
151,6,0,4,21,4237740,3675,0,0,1157
152,15,0,15,10,4242720,3667,0,0,1172
153,13,0,15,10,4285860,3663,0,0,1185
154,12,0,12,13,4347420,3668,0,0,1197
155,9,0,10,15,4387080,3668,0,0,1206
156,9,0,6,19,4429200,3663,0,0,1215
157,5,0,8,17,4440060,3663,0,0,1220
158,10,0,8,17,4479120,3665,0,0,1230
159,8,0,11,14,4497000,3665,0,0,1238
160,7,0,8,17,4531440,3663,0,0,1245
161,7,0,6,19,4568880,3666,0,0,1252
162,11,0,11,14,4587600,3664,0,0,1263
163,7,0,8,17,4627020,3666,0,0,1270
164,10,0,9,16,4647540,3656,0,0,1280
165,5,0,8,17,4682280,3666,0,0,1285
166,5,0,8,17,4693260,3660,0,0,1290
167,5,0,5,20,4738800,3673,0,0,1295
168,7,0,4,21,4756920,3664,0,0,1302
169,3,0,4,21,4766280,3663,0,0,1305
170,5,0,6,19,4776540,3662,0,0,1310
171,6,0,6,19,4792320,3658,0,0,1316
172,5,0,6,19,4808160,3656,0,0,1321
173,9,0,8,17,4836420,3658,0,0,1330
174,10,0,8,17,4866540,3653,0,0,1340
175,10,0,7,18,4895340,3645,0,0,1350
176,9,0,6,19,4919340,3635,0,0,1359
177,8,0,6,19,4950480,3637,0,0,1367
178,14,0,10,15,4967460,3623,0,0,1381
179,13,0,10,15,5011980,3621,0,0,1394
180,10,0,12,13,5048040,3626,0,0,1404
181,9,0,9,16,5086200,3622,0,0,1413
182,12,0,10,15,5118360,3617,0,0,1425
183,11,0,7,18,5159280,3610,0,0,1436
184,11,0,9,16,5200140,3616,0,0,1447
185,10,0,11,14,5225340,3613,0,0,1457
186,7,0,7,18,5263320,3612,0,0,1464
187,13,0,10,15,5287440,3604,0,0,1477
188,10,0,11,14,5322900,3606,0,0,1487
189,3,0,3,22,5361360,3605,0,0,1490
190,6,0,4,21,5382720,3607,0,0,1496
191,8,0,9,16,5388600,3604,0,0,1504
192,8,0,12,13,5400720,3600,0,0,1512
193,3,0,5,20,5443080,3604,0,0,1515
194,7,0,5,20,5478120,3611,0,0,1522
195,10,0,8,17,5498040,3607,0,0,1532
196,7,0,4,21,5539980,3609,0,0,1539
197,1,0,3,22,5548560,3609,0,0,1540
198,3,0,3,22,5566020,3614,0,0,1543
199,6,0,5,20,5575500,3611,0,0,1549
200,7,0,7,18,5594820,3611,0,0,1556
201,19,0,17,8,5617680,3605,0,0,1575
202,13,0,13,12,5680380,3606,0,0,1588
203,5,0,6,19,5718060,3603,0,0,1593
204,14,0,11,14,5755020,3605,0,0,1607
205,13,0,15,10,5776380,3598,0,0,1620
206,9,0,10,15,5838480,3606,0,0,1629
207,7,0,6,19,5882520,3608,0,0,1636
208,13,0,13,12,5901840,3607,0,0,1649
209,9,0,13,12,5933460,3606,0,0,1658
210,9,0,9,16,5993820,3615,0,0,1667
211,9,0,10,15,6021120,3614,0,0,1676
212,9,0,9,16,6058980,3615,0,0,1685
213,6,0,9,16,6078780,3614,0,0,1691
214,3,0,5,20,6103800,3613,0,0,1694
215,5,0,5,20,6135600,3621,0,0,1699
216,7,0,4,21,6146280,3611,0,0,1706
217,1,0,3,22,6161340,3615,0,0,1707
218,4,0,4,21,6176160,3618,0,0,1711
219,2,0,3,22,6183000,3615,0,0,1713
220,3,0,3,22,6196260,3617,0,0,1716
221,3,0,2,23,6215040,3619,0,0,1719
222,10,0,10,15,6220020,3618,0,0,1729
223,9,0,10,15,6236040,3608,0,0,1738
224,14,0,14,11,6263700,3603,0,0,1752
225,11,0,12,13,6304440,3600,0,0,1763
226,9,0,10,15,6343320,3600,0,0,1772
227,9,0,9,16,6392160,3607,0,0,1781
228,9,0,12,13,6412200,3606,0,0,1790
229,8,0,10,15,6454560,3609,0,0,1798
230,7,0,8,17,6490740,3611,0,0,1805
231,15,0,14,11,6512280,3605,0,0,1820
232,13,0,16,9,6547680,3603,0,0,1833
233,9,0,10,15,6612300,3609,0,0,1842
234,13,0,10,15,6644220,3601,0,0,1855
235,5,0,7,18,6685260,3607,0,0,1860
236,4,0,6,19,6709080,3610,0,0,1864
237,5,0,5,20,6731820,3611,0,0,1869
238,5,0,5,20,6755580,3614,0,0,1874
239,2,0,2,23,6776220,3615,0,0,1876
240,9,0,8,17,6784500,3614,0,0,1885
241,3,0,3,22,6810960,3613,0,0,1888
242,3,0,4,21,6819480,3613,0,0,1891
243,9,0,10,15,6834480,3616,0,0,1900
244,4,0,6,19,6863760,3616,0,0,1904
245,5,0,4,21,6889800,3616,0,0,1909
246,7,0,7,18,6905040,3617,0,0,1916
247,9,0,11,14,6922020,3616,0,0,1925
248,7,0,5,20,6968700,3616,0,0,1932
249,8,0,9,16,6981480,3615,0,0,1940
250,11,0,13,12,7001580,3612,0,0,1951
251,11,0,13,12,7053240,3618,0,0,1962
252,8,0,9,16,7108920,3625,0,0,1970
253,13,0,11,14,7147260,3624,0,0,1983
254,11,0,11,14,7187940,3624,0,0,1994
255,19,0,12,13,7233060,3614,0,0,2013
256,10,0,10,15,7264500,3608,0,0,2023
257,7,0,5,20,7300380,3605,0,0,2030
258,8,0,7,18,7321740,3604,0,0,2038
259,5,0,8,17,7337520,3605,0,0,2043
260,4,0,6,19,7364760,3608,0,0,2047
261,7,0,6,19,7392840,3609,0,0,2054
262,6,0,6,19,7421760,3613,0,0,2060
263,5,0,5,20,7448220,3615,0,0,2065
264,11,0,9,16,7467060,3612,0,0,2076
265,4,0,9,16,7486020,3614,0,0,2080
266,8,0,6,19,7527240,3615,0,0,2088
267,5,0,8,17,7540860,3616,0,0,2093
268,6,0,5,20,7570920,3615,0,0,2099
269,4,0,6,19,7587900,3618,0,0,2103
270,7,0,4,21,7616700,3616,0,0,2110
271,7,0,5,20,7634400,3614,0,0,2117
272,12,0,9,16,7652760,3609,0,0,2129
273,9,0,8,17,7672920,3602,0,0,2138
274,12,0,14,11,7693440,3601,0,0,2150
275,11,0,12,13,7751400,3606,0,0,2161
276,11,0,13,12,7793940,3609,0,0,2172
277,8,0,11,14,7831860,3610,0,0,2180
278,10,0,12,13,7861380,3609,0,0,2190
279,19,0,14,11,7911960,3604,0,0,2209
280,7,0,9,16,7960380,3606,0,0,2216
281,14,0,10,15,8006400,3606,0,0,2230
282,5,0,10,15,8022660,3605,0,0,2235
283,13,0,14,11,8067060,3611,0,0,2248
284,9,0,8,17,8124420,3612,0,0,2257
285,4,0,5,20,8142900,3609,0,0,2261
286,8,0,10,15,8165160,3614,0,0,2269
287,10,0,7,18,8197380,3608,0,0,2279
288,9,0,10,15,8214780,3606,0,0,2288
289,3,0,4,21,8255880,3609,0,0,2291
290,5,0,4,21,8278440,3611,0,0,2296
291,5,0,6,19,8288280,3611,0,0,2301
292,3,0,1,24,8314020,3610,0,0,2304
293,5,0,3,22,8316840,3606,0,0,2309
294,2,0,2,23,8322480,3604,0,0,2311
295,7,0,3,22,8331960,3599,0,0,2318
296,4,0,4,21,8342400,3598,0,0,2322
297,3,0,5,20,8348880,3598,0,0,2325
298,8,0,7,18,8366820,3597,0,0,2333
299,15,0,12,13,8400120,3595,0,0,2348
300,11,0,8,17,8435640,3588,0,0,2359
301,6,0,8,17,8451360,3585,0,0,2365
302,10,0,11,14,8493120,3592,0,0,2375
303,8,0,8,17,8529660,3591,0,0,2383
304,12,0,13,12,8558220,3592,0,0,2395
305,11,0,10,15,8604900,3591,0,0,2406
306,4,0,9,16,8635020,3596,0,0,2410
307,4,0,6,19,8664960,3598,0,0,2414
308,5,0,3,22,8703720,3602,0,0,2419
309,6,0,5,20,8708940,3598,0,0,2425
310,5,0,6,19,8719920,3597,0,0,2430
311,11,0,11,14,8741280,3597,0,0,2441
312,1,0,5,20,8770260,3598,0,0,2442
313,7,0,5,20,8798580,3600,0,0,2449
314,9,0,8,17,8810820,3596,0,0,2458
315,7,0,8,17,8832120,3594,0,0,2465
316,6,0,9,16,8860380,3598,0,0,2471
317,8,0,6,19,8896140,3597,0,0,2479
318,7,0,9,16,8918460,3600,0,0,2486
319,7,0,6,19,8961240,3603,0,0,2493
320,11,0,12,13,8986860,3606,0,0,2504
321,13,0,11,14,9021960,3600,0,0,2517
322,5,0,9,16,9059880,3605,0,0,2522
323,12,0,9,16,9104940,3605,0,0,2534
324,13,0,14,11,9143160,3609,0,0,2547
325,6,0,10,15,9169200,3605,0,0,2553
326,12,0,12,13,9214500,3609,0,0,2565
327,9,0,10,15,9255720,3609,0,0,2574
328,6,0,7,18,9289860,3610,0,0,2580
329,10,0,8,17,9330540,3613,0,0,2590
330,9,0,8,17,9346980,3607,0,0,2599
331,9,0,8,17,9370680,3604,0,0,2608
332,7,0,7,18,9399900,3604,0,0,2615
333,5,0,4,21,9445980,3610,0,0,2620
334,6,0,7,18,9459120,3611,0,0,2626
335,3,0,6,19,9472080,3611,0,0,2629
336,4,0,1,24,9513480,3614,0,0,2633
337,6,0,5,20,9515760,3612,0,0,2639
338,14,0,12,13,9532680,3609,0,0,2653
339,23,0,21,4,9567240,3603,0,0,2676
340,30,8,24,1,9638220,3604,1500,0,2706
341,34,38,14,11,9703800,3610,6720,2,2740
342,33,39,18,7,9772800,3622,29520,10,2773
343,29,39,25,0,9814260,3626,88980,32,2802
344,33,40,25,0,9913740,3631,167940,60,2835
345,27,26,25,0,10014660,3627,378120,134,2862
346,28,22,25,0,10101000,3616,474600,167,2890
347,29,27,25,0,10181700,3614,524940,183,2919
348,29,37,25,0,10269960,3621,533760,184,2948
349,41,39,25,0,10333440,3624,543120,186,2989
350,31,40,22,3,10442040,3623,618600,210,3020
351,30,40,18,7,10508460,3628,654240,221,3050
352,26,27,25,0,10606560,3624,918000,308,3076
353,25,17,25,0,10709880,3616,1253580,417,3101
354,25,27,11,14,10777800,3604,1374240,454,3126
355,29,40,11,14,10821180,3611,1384500,454,3155
356,27,36,24,1,10869540,3619,1452540,474,3182
357,28,38,25,0,10928700,3623,1495920,486,3210
358,31,40,25,0,11032800,3631,1541700,497,3241
359,34,39,25,0,11141760,3633,1659180,530,3275
360,38,40,25,0,11214780,3631,1695120,537,3313
361,25,32,25,0,11305860,3629,1843860,581,3338
362,31,32,24,1,11414640,3627,2044860,638,3369
363,31,40,17,8,11467500,3619,2048040,636,3400
364,36,38,17,8,11533380,3626,2069520,639,3436
365,22,27,25,0,11604840,3620,2364120,725,3458
366,37,40,25,0,11675760,3619,2406600,732,3495
367,29,38,25,0,11780340,3629,2420040,731,3524
368,36,39,25,0,11865960,3630,2473920,742,3560
369,27,34,25,0,11965920,3626,2591640,772,3587
370,29,40,25,0,12042000,3628,2599680,768,3616
371,30,38,25,0,12122760,3636,2616000,770,3646
372,26,25,25,0,12244200,3632,3143220,919,3672
373,42,40,25,0,12325860,3631,3148740,910,3714
374,25,34,25,0,12409800,3629,3256560,936,3739
375,32,39,25,0,12501960,3635,3267300,932,3771
376,30,35,25,0,12582060,3636,3321840,943,3801
377,33,40,25,0,12661380,3641,3329760,940,3834
378,38,39,25,0,12771480,3650,3391740,951,3872
379,30,37,25,0,12856920,3644,3533160,984,3902
380,25,24,25,0,12952620,3632,4029120,1114,3927
381,36,40,15,10,13020360,3625,4404660,1209,3963
382,31,35,25,0,13081380,3632,4444320,1213,3994
383,26,39,25,0,13161660,3639,4458000,1212,4020
384,25,36,25,0,13265700,3644,4560480,1232,4045
385,32,38,25,0,13344120,3641,4581720,1229,4077
386,26,34,25,0,13446660,3644,4773180,1273,4103
387,30,20,25,0,13543320,3627,5341740,1413,4133
388,32,34,25,0,13607520,3626,5347860,1404,4165
389,27,40,19,6,13688220,3634,5360340,1401,4192
390,33,40,25,0,13755000,3643,5387940,1403,4225
391,32,39,25,0,13837800,3645,5408460,1401,4257
392,35,40,25,0,13914540,3645,5457540,1406,4292
393,25,35,25,0,14039640,3652,5559180,1424,4317
394,26,38,25,0,14111400,3652,5642100,1437,4343
395,33,40,25,0,14209260,3656,5675040,1436,4376
396,29,39,25,0,14297400,3652,5925180,1489,4405
397,26,31,25,0,14391300,3649,6062940,1516,4431
398,24,18,25,0,14491140,3640,6682080,1660,4455
399,29,35,13,12,14560560,3636,6733860,1663,4484
400,33,40,23,2,14609820,3641,6754860,1658,4517
401,25,39,18,7,14708220,3648,6790860,1661,4542
402,29,39,22,3,14780220,3655,6812100,1659,4571
403,32,33,25,0,14883240,3656,7158240,1734,4603
404,37,40,25,0,14957760,3654,7183800,1728,4640
405,35,38,25,0,15054180,3656,7258560,1736,4675
406,29,30,25,0,15141960,3653,7455000,1775,4704
407,38,40,25,0,15235860,3651,7495440,1769,4742
408,34,40,25,0,15286200,3652,7513080,1769,4776
409,28,37,25,0,15390780,3652,7553880,1768,4804
410,29,31,25,0,15507000,3649,7763280,1803,4833
411,31,40,21,4,15585480,3650,7772820,1795,4864
412,32,38,25,0,15652800,3653,7833840,1802,4896
413,31,36,22,3,15734820,3653,7912560,1812,4927
414,32,35,24,1,15811860,3648,8006700,1822,4959
415,22,22,25,0,15892140,3638,8682000,1967,4981
416,30,40,12,13,15964440,3639,8685780,1958,5011
417,28,40,25,0,16024560,3645,8721300,1955,5039
418,27,39,19,6,16080300,3644,8730360,1953,5066
419,37,38,25,0,16167300,3653,8798520,1961,5103
420,27,28,25,0,16260420,3652,9063180,2011,5130
421,31,40,12,13,16305720,3646,9069480,2007,5161
422,39,38,23,2,16364820,3652,9105960,2004,5200
423,27,32,25,0,16449540,3645,9399000,2057,5227
424,20,19,25,0,16553160,3642,10143420,2210,5247
425,23,8,25,0,16623300,3630,10570560,2292,5270
426,37,40,14,11,16690320,3632,10573320,2280,5307
427,35,40,12,13,16758480,3639,10584300,2273,5342
428,28,40,25,0,16806840,3644,10665240,2281,5370
429,29,38,25,0,16908000,3650,10759260,2291,5399
430,20,27,25,0,17005980,3650,11010600,2337,5419
431,31,34,25,0,17074560,3646,11078520,2336,5450
432,33,39,25,0,17149380,3648,11122980,2334,5483
433,30,37,25,0,17263140,3649,11181120,2334,5513
434,32,36,18,7,17342820,3652,11211480,2334,5545
435,45,38,23,2,17412900,3649,11273100,2333,5590
436,37,39,25,0,17479320,3652,11288040,2327,5627
437,28,34,25,0,17591460,3651,11391000,2336,5655
438,29,36,24,1,17672460,3647,11554800,2357,5684
439,34,40,18,7,17734080,3650,11566560,2353,5718
440,34,38,25,0,17828880,3656,11603100,2349,5752
441,22,27,25,0,17908800,3648,11842140,2388,5774
442,32,26,25,0,18008160,3644,12186540,2441,5806
443,31,32,25,0,18081780,3641,12257340,2442,5837
444,35,39,17,8,18167760,3645,12272340,2434,5872
445,30,40,25,0,18219360,3647,12395460,2450,5902
446,27,33,25,0,18298740,3647,12539460,2471,5929
447,28,34,22,3,18401460,3646,12718560,2493,5957
448,26,34,22,3,18485640,3652,12749220,2491,5983
449,29,23,25,0,18590280,3646,13121280,2549,6012
450,34,29,25,0,18644040,3637,13410300,2590,6046
451,25,40,17,8,18728640,3641,13416780,2580,6071
452,30,38,21,4,18790020,3647,13468260,2584,6101
453,23,36,25,0,18858300,3646,13533240,2586,6124
454,31,37,25,0,18969660,3648,13594320,2583,6155
455,30,39,25,0,19046880,3648,13623120,2578,6185
456,27,23,25,0,19153080,3638,14018640,2639,6212
457,35,29,25,0,19242780,3635,14164920,2649,6247
458,28,40,19,6,19309020,3634,14168760,2638,6275
459,24,40,23,2,19378620,3639,14198820,2637,6299
460,25,36,17,8,19435500,3641,14219700,2638,6324
461,40,40,25,0,19557720,3645,14312820,2636,6364
462,31,40,19,6,19608840,3644,14321280,2633,6395
463,33,28,25,0,19692780,3644,14580960,2671,6428
464,29,26,25,0,19792500,3641,14737980,2686,6457
465,36,40,21,4,19861020,3640,14741520,2674,6493
466,30,40,25,0,19938840,3645,14764200,2668,6523
467,28,35,25,0,20056800,3645,14929260,2684,6551
468,30,36,25,0,20130960,3643,14979000,2682,6581
469,24,30,25,0,20225280,3640,15174540,2705,6605
470,24,36,25,0,20308020,3644,15186180,2696,6629
471,32,40,25,0,20393220,3647,15192900,2686,6661
472,32,39,22,3,20491080,3648,15305160,2696,6693
473,29,40,25,0,20556540,3649,15331320,2691,6722
474,32,29,25,0,20645700,3644,15614160,2730,6754
475,28,14,25,0,20732100,3632,16395000,2853,6782
476,34,9,25,0,20825040,3623,16839360,2913,6816
477,27,24,12,13,20912820,3623,16867740,2905,6843
478,25,34,21,4,20952720,3626,16906440,2898,6868
479,30,39,25,0,21018120,3628,16934820,2892,6898
480,29,38,25,0,21130320,3633,16989540,2890,6927
481,33,40,25,0,21203520,3633,17081700,2895,6960
482,34,37,23,2,21311940,3628,17181120,2897,6994
483,30,40,14,11,21352260,3628,17184660,2894,7024
484,35,39,25,0,21453060,3634,17275620,2895,7059
485,25,35,25,0,21507660,3629,17424720,2913,7084
486,35,39,25,0,21590160,3631,17449800,2904,7119
487,31,40,25,0,21690720,3630,17498280,2898,7150
488,38,40,25,0,21765300,3632,17517780,2892,7188
489,26,27,25,0,21890400,3632,17803140,2928,7214
490,22,6,25,0,21981960,3621,18639180,3055,7236
491,34,15,20,5,22068180,3617,18699180,3050,7270
492,28,40,12,13,22115940,3619,18706080,3038,7298
493,28,40,12,13,22176840,3624,18733680,3036,7326
494,43,40,21,4,22210320,3627,18770100,3035,7369
495,30,39,25,0,22303740,3630,18867660,3040,7399
496,27,40,25,0,22360440,3631,18916500,3040,7426
497,24,37,25,0,22446960,3633,19028940,3050,7450
498,29,33,25,0,22573500,3635,19130880,3053,7479
499,31,33,25,0,22647480,3629,19206720,3051,7510
500,30,39,13,12,22724040,3631,19215840,3045,7540
501,30,28,25,0,22798620,3630,19506960,3081,7570
502,30,40,13,12,22863660,3630,19517100,3074,7600
503,15,36,22,3,22909020,3634,19542480,3071,7615
504,19,18,25,0,22999680,3628,20062500,3144,7634
505,9,0,9,16,23099040,3619,20395500,3191,7643
506,3,0,6,19,23128440,3621,20395500,3190,7646
507,7,0,7,18,23159820,3622,20395500,3186,7653
508,6,0,2,23,23191080,3621,20395500,3183,7659
509,6,0,7,18,23191560,3620,20395500,3180,7665
510,7,0,3,22,23230260,3620,20395500,3177,7672
511,7,0,3,22,23244660,3618,20395500,3173,7679
512,8,0,9,16,23249100,3618,20395500,3169,7687
513,9,0,11,14,23273040,3618,20395500,3165,7696
514,3,0,6,19,23307300,3619,20395500,3164,7699
515,6,0,5,20,23338620,3620,20395500,3161,7705
516,14,0,11,14,23364600,3619,20395500,3154,7719
517,17,0,17,8,23391240,3617,20395500,3145,7736
518,3,0,8,17,23449080,3619,20395500,3144,7739
519,16,0,14,11,23479980,3618,20395500,3136,7755
520,7,0,11,14,23511900,3618,20395500,3133,7762
521,11,0,12,13,23561220,3620,20395500,3128,7773
522,8,0,9,16,23610900,3621,20395500,3124,7781
523,12,0,13,12,23629440,3620,20395500,3118,7793
524,4,0,4,21,23689500,3622,20395500,3116,7797
525,8,0,10,15,23699460,3622,20395500,3112,7805
526,8,0,9,16,23731440,3622,20395500,3109,7813
527,8,0,8,17,23756700,3621,20395500,3105,7821
528,9,0,9,16,23789460,3622,20395500,3101,7830
529,7,0,10,15,23812800,3622,20395500,3097,7837
530,5,0,4,21,23867520,3624,20395500,3095,7842
531,6,0,3,22,23887680,3623,20395500,3092,7848
532,10,0,5,20,23903580,3621,20395500,3087,7858
533,2,0,1,24,23925600,3621,20395500,3086,7860
534,7,0,6,19,23927760,3621,20395500,3083,7867
535,3,0,2,23,23953500,3621,20395500,3082,7870
536,5,0,2,23,23967420,3620,20395500,3079,7875
537,7,0,5,20,23977080,3619,20395500,3076,7882
538,11,0,9,16,23988240,3617,20395500,3071,7893
539,13,0,11,14,24012960,3615,20395500,3065,7906
540,13,0,14,11,24035580,3613,20395500,3059,7919
541,16,0,17,8,24088200,3614,20395500,3052,7935
542,9,0,14,11,24121320,3612,20395500,3048,7944
543,12,0,13,12,24177360,3613,20395500,3042,7956
544,12,0,11,14,24234840,3614,20395500,3037,7968
545,8,0,10,15,24274620,3616,20395500,3033,7976
546,8,0,8,17,24305280,3615,20395500,3030,7984
547,6,0,6,19,24338340,3615,20395500,3027,7990
548,7,0,7,18,24365760,3616,20395500,3024,7997
549,4,0,7,18,24378660,3616,20395500,3022,8001
550,3,0,4,21,24407160,3617,20395500,3021,8004
551,7,0,7,18,24417600,3616,20395500,3017,8011
552,4,0,6,19,24435060,3616,20395500,3016,8015
553,3,0,4,21,24464400,3618,20395500,3014,8018
554,7,0,6,19,24478500,3617,20395500,3011,8025
555,2,0,3,22,24493680,3617,20395500,3010,8027
556,7,0,6,19,24509880,3617,20395500,3007,8034
557,6,0,8,17,24521400,3617,20395500,3005,8040
558,11,0,10,15,24554220,3617,20395500,3000,8051
559,7,0,9,16,24586980,3617,20395500,2997,8058
560,4,0,6,19,24615960,3618,20395500,2995,8062
561,6,0,8,17,24638160,3619,20395500,2992,8068
562,6,0,8,17,24660660,3619,20395500,2990,8074
563,12,0,8,17,24701340,3619,20395500,2984,8086
564,17,0,16,9,24729960,3618,20395500,2977,8103
565,9,0,16,9,24761220,3618,20395500,2973,8112
566,19,0,18,7,24843360,3621,20395500,2965,8131
567,6,0,11,14,24898740,3622,20395500,2962,8137
568,7,0,8,17,24950280,3624,20395500,2959,8144
569,2,0,1,24,24981300,3624,20395500,2958,8146
570,17,0,13,12,24990840,3623,20395500,2951,8163
571,6,0,8,17,25027020,3622,20395500,2949,8169
572,8,0,9,16,25057440,3623,20395500,2945,8177
573,6,0,5,20,25104120,3625,20395500,2943,8183
574,2,0,4,21,25115520,3625,20395500,2942,8185
575,5,0,3,22,25137600,3625,20395500,2940,8190
576,6,0,5,20,25153020,3625,20395500,2937,8196
577,5,0,5,20,25160400,3623,20395500,2935,8201
578,6,0,6,19,25175640,3623,20395500,2932,8207
579,7,0,9,16,25185360,3622,20395500,2929,8214
580,9,0,8,17,25220820,3622,20395500,2926,8223
581,10,0,9,16,25254780,3622,20395500,2921,8233
582,4,0,5,20,25288140,3623,20395500,2920,8237
583,9,0,8,17,25311900,3623,20395500,2916,8246
584,7,0,6,19,25336260,3622,20395500,2913,8253
585,16,0,11,14,25365240,3621,20395500,2906,8269
586,11,0,11,14,25406220,3621,20395500,2902,8280
587,17,0,19,6,25426680,3619,20395500,2895,8297
588,7,0,13,12,25485960,3621,20395500,2892,8304
589,9,0,7,18,25568340,3625,20395500,2888,8313
590,13,0,10,15,25590060,3623,20395500,2883,8326
591,17,0,14,11,25630800,3622,20395500,2876,8343
592,7,0,12,13,25657260,3621,20395500,2873,8350
593,8,0,6,19,25715460,3622,20395500,2870,8358
594,8,0,8,17,25732500,3621,20395500,2867,8366
595,16,0,11,14,25776960,3621,20395500,2860,8382
596,8,0,11,14,25797360,3620,20395500,2857,8390
597,6,0,6,19,25849740,3621,20395500,2855,8396
598,7,0,4,21,25885860,3622,20395500,2852,8403
599,5,0,4,21,25894920,3621,20395500,2850,8408
600,2,0,1,24,25912620,3621,20395500,2849,8410
601,4,0,3,22,25919940,3621,20395500,2848,8414
602,4,0,6,19,25920780,3620,20395500,2846,8418
603,6,0,7,18,25938300,3620,20395500,2844,8424
604,1,0,5,20,25957380,3621,20395500,2843,8425
605,11,0,8,17,25980240,3620,20395500,2839,8436
606,11,0,6,19,26008140,3618,20395500,2835,8447
607,7,0,9,16,26019780,3617,20395500,2832,8454
608,8,0,8,17,26049780,3617,20395500,2829,8462
609,5,0,7,18,26075520,3618,20395500,2827,8467
610,6,0,4,21,26111820,3618,20395500,2824,8473
611,9,0,8,17,26122680,3617,20395500,2821,8482
612,21,0,21,4,26150160,3617,20395500,2813,8503
613,12,0,15,10,26200680,3615,20395500,2808,8515
614,10,0,13,12,26245020,3615,20395500,2804,8525
615,8,0,7,18,26302680,3616,20395500,2801,8533
616,9,0,8,17,26323920,3615,20395500,2798,8542
617,9,0,11,14,26350800,3616,20395500,2794,8551
618,10,0,7,18,26400180,3615,20395500,2790,8561
619,7,0,9,16,26414580,3615,20395500,2788,8568
620,12,0,10,15,26451540,3615,20395500,2783,8580
621,6,0,5,20,26489700,3614,20395500,2781,8586
622,7,0,7,18,26505840,3614,20395500,2778,8593
623,4,0,5,20,26526960,3614,20395500,2777,8597
624,4,0,6,19,26538960,3614,20395500,2775,8601
625,3,0,4,21,26566200,3615,20395500,2774,8604
626,1,0,1,24,26577660,3615,20395500,2774,8605
627,1,0,1,24,26583120,3615,20395500,2773,8606
628,4,0,2,23,26586840,3614,20395500,2772,8610
629,3,0,4,21,26589780,3614,20395500,2771,8613
630,7,0,6,19,26606220,3614,20395500,2768,8620
631,14,0,12,13,26623320,3612,20395500,2763,8634
632,6,0,9,16,26659380,3613,20395500,2760,8640
633,7,0,7,18,26693400,3613,20395500,2758,8647
634,9,0,9,16,26725860,3614,20395500,2755,8656
635,9,0,6,19,26755380,3612,20395500,2751,8665
636,5,0,4,21,26773440,3611,20395500,2749,8670
637,10,0,4,21,26802240,3610,20395500,2746,8680
638,13,0,10,15,26816940,3609,20395500,2741,8693
639,3,0,6,19,26838960,3608,20395500,2740,8696
640,9,0,10,15,26863080,3609,20395500,2736,8705
641,6,0,6,19,26901240,3609,20395500,2734,8711
642,6,0,6,19,26924340,3610,20395500,2732,8717
643,8,0,8,17,26942580,3609,20395500,2729,8725
644,2,0,3,22,26977560,3610,20395500,2728,8727
645,3,0,2,23,26998080,3611,20395500,2727,8730
646,9,0,7,18,27004380,3610,20395500,2724,8739
647,6,0,6,19,27024600,3610,20395500,2722,8745
648,2,0,3,22,27050940,3611,20395500,2721,8747
649,2,0,3,22,27064920,3612,20395500,2720,8749
650,5,0,4,21,27077520,3611,20395500,2719,8754
651,2,0,1,24,27096240,3611,20395500,2718,8756
652,7,0,4,21,27100800,3610,20395500,2715,8763
653,7,0,5,20,27121500,3610,20395500,2713,8770
654,12,0,13,12,27132300,3609,20395500,2708,8782
655,13,1,17,8,27154020,3608,20395560,2704,8795
656,3,0,6,19,27230160,3611,20396040,2703,8798
657,7,0,6,19,27264000,3613,20396040,2700,8805
658,5,0,5,20,27291060,3613,20396040,2698,8810
659,9,0,8,17,27306000,3612,20396040,2695,8819
660,12,0,13,12,27334080,3613,20396040,2691,8831
661,14,0,19,6,27362340,3613,20396040,2686,8845
662,9,0,14,11,27418560,3613,20396040,2683,8854
663,8,0,12,13,27461040,3614,20396040,2680,8862
664,14,0,9,16,27531420,3615,20396040,2675,8876
665,15,0,11,14,27556020,3612,20396040,2670,8891
666,9,0,8,17,27595140,3612,20396040,2667,8900
667,10,0,10,15,27630360,3613,20396040,2663,8910
668,12,0,7,18,27662160,3610,20396040,2659,8922
669,8,0,11,14,27679920,3610,20396040,2656,8930
670,8,0,10,15,27719820,3611,20396040,2654,8938
671,5,0,6,19,27746220,3610,20396040,2652,8943
672,3,0,5,20,27769080,3612,20396040,2651,8946
673,2,0,7,18,27769080,3612,20396040,2650,8948
674,3,0,7,18,27780720,3612,20396040,2649,8951
675,2,0,6,19,27786780,3611,20396040,2648,8953
676,7,0,11,14,27790320,3611,20396040,2646,8960
677,5,0,8,17,27826500,3611,20396040,2644,8965
678,9,0,12,13,27835080,3610,20396040,2641,8974
679,6,0,10,15,27857880,3609,20396040,2639,8980
680,11,0,14,11,27876300,3609,20396040,2635,8991
681,10,0,16,9,27903240,3608,20396040,2632,9001
682,7,0,12,13,27941940,3608,20396040,2630,9008
683,8,0,12,13,27976020,3609,20396040,2627,9016
684,12,0,15,10,28003260,3608,20396040,2623,9028
685,9,0,14,11,28040040,3608,20396040,2620,9037
686,7,0,11,14,28082880,3609,20396040,2617,9044
687,9,0,12,13,28097040,3607,20396040,2614,9053
688,11,0,14,11,28121460,3606,20396040,2611,9064
689,9,0,14,11,28162200,3607,20396040,2608,9073
690,7,0,14,11,28184580,3607,20396040,2605,9080
691,13,0,15,10,28236840,3608,20396040,2601,9093
692,10,0,15,10,28268940,3608,20396040,2598,9103
693,7,0,12,13,28314360,3609,20396040,2595,9110
694,6,0,9,16,28353660,3610,20396040,2593,9116
695,6,0,9,16,28366020,3608,20396040,2591,9122
696,4,0,10,15,28368060,3607,20396040,2590,9126
697,3,0,6,19,28412580,3610,20396040,2589,9129
698,7,0,9,16,28423320,3609,20396040,2587,9136
699,7,0,10,15,28432440,3608,20396040,2585,9143
700,6,0,10,15,28445760,3607,20396040,2583,9149
701,6,0,10,15,28465800,3606,20396040,2581,9155
702,6,0,10,15,28487580,3606,20396040,2579,9161
703,11,0,16,9,28496160,3605,20396040,2575,9172
704,9,0,12,13,28538100,3605,20396040,2572,9181
705,5,0,11,14,28582200,3607,20396040,2571,9186
706,5,0,8,17,28601880,3606,20396040,2569,9191
707,9,0,12,13,28621020,3606,20396040,2566,9200
708,5,0,9,16,28650900,3607,20396040,2564,9205
709,6,0,10,15,28662420,3606,20396040,2562,9211
710,9,0,10,15,28684980,3604,20396040,2560,9220
711,12,0,13,12,28712700,3604,20396040,2556,9232
712,7,0,13,12,28744860,3605,20396040,2553,9239
713,9,0,9,16,28784820,3604,20396040,2551,9248
714,10,0,12,13,28804860,3603,20396040,2547,9258
715,4,0,8,17,28821900,3602,20396040,2546,9262
716,11,0,13,12,28837680,3601,20396040,2543,9273
717,5,0,8,17,28869000,3600,20396040,2541,9278
718,5,0,11,14,28881540,3601,20396040,2539,9283
719,6,0,10,15,28911240,3602,20396040,2538,9289
720,5,0,8,17,28941060,3602,20396040,2536,9294
721,7,0,10,15,28965000,3603,20396040,2534,9301
722,3,0,8,17,28979340,3603,20396040,2533,9304
723,2,0,7,18,28996440,3603,20396040,2532,9306
724,3,0,8,17,29008920,3604,20396040,2531,9309
725,9,0,12,13,29027700,3604,20396040,2528,9318
726,11,0,13,12,29057580,3603,20396040,2525,9329
727,7,0,13,12,29082060,3603,20396040,2523,9336
728,5,0,12,13,29116740,3605,20396040,2521,9341
729,9,0,12,13,29154240,3605,20396040,2518,9350
730,9,0,12,13,29177220,3604,20396040,2516,9359
731,17,0,15,10,29226480,3604,20396040,2510,9376
732,10,0,16,9,29253180,3603,20396040,2507,9386
733,10,0,13,12,29306040,3604,20396040,2504,9396
734,9,0,17,8,29320320,3604,20396040,2501,9405
735,9,0,17,8,29358000,3604,20396040,2499,9414
736,9,0,12,13,29413020,3605,20396040,2496,9423
737,9,0,12,13,29450400,3606,20396040,2493,9432
738,11,0,14,11,29472420,3604,20396040,2490,9443
739,5,0,10,15,29502540,3604,20396040,2488,9448
740,4,0,9,16,29523780,3604,20396040,2487,9452
741,8,0,10,15,29547420,3604,20396040,2485,9460
742,9,0,10,15,29573940,3603,20396040,2482,9469
743,11,0,15,10,29590440,3603,20396040,2479,9480
744,9,0,15,10,29621100,3603,20396040,2476,9489
745,9,0,12,13,29667420,3603,20396040,2473,9498
746,6,0,16,9,29673120,3603,20396040,2471,9504
747,6,0,12,13,29723040,3604,20396040,2470,9510
748,7,0,10,15,29759640,3605,20396040,2468,9517
749,9,0,11,14,29775000,3603,20396040,2465,9526
750,5,0,7,18,29811000,3604,20396040,2463,9531
751,5,0,9,16,29817960,3603,20396040,2462,9536
752,16,0,16,9,29842680,3602,20396040,2457,9552
753,15,0,17,8,29875260,3600,20396040,2453,9567
754,14,0,18,7,29925600,3601,20396040,2449,9581
755,8,0,16,9,29959260,3600,20396040,2446,9589
756,11,0,13,12,30016200,3601,20396040,2443,9600
757,11,0,15,10,30043380,3601,20396040,2440,9611
758,9,0,13,12,30083100,3601,20396040,2437,9620
759,10,0,13,12,30110640,3600,20396040,2434,9630
760,9,0,14,11,30152880,3601,20396040,2432,9639
761,12,0,16,9,30186540,3601,20396040,2428,9651
762,9,0,14,11,30233700,3602,20396040,2426,9660
763,7,0,11,14,30274140,3602,20396040,2424,9667
764,8,0,11,14,30305160,3603,20396040,2421,9675
765,7,0,9,16,30343020,3603,20396040,2419,9682
766,9,0,13,12,30358860,3603,20396040,2417,9691
767,4,0,11,14,30379860,3603,20396040,2416,9695
768,6,0,15,10,30393960,3604,20396040,2414,9701
769,3,0,7,18,30441780,3605,20396040,2413,9704
770,3,0,8,17,30448740,3605,20396040,2412,9707
771,4,0,8,17,30467940,3605,20396040,2411,9711
772,7,0,12,13,30480780,3605,20396040,2409,9718
773,11,0,15,10,30499920,3604,20396040,2406,9729
774,3,0,7,18,30534360,3604,20396040,2405,9732
775,7,0,11,14,30543840,3603,20396040,2403,9739
776,8,0,16,9,30552780,3603,20396040,2401,9747
777,9,0,17,8,30584640,3604,20396040,2398,9756
778,6,0,12,13,30639420,3605,20396040,2396,9762
779,9,0,10,15,30686340,3606,20396040,2394,9771
780,7,0,11,14,30698460,3605,20396040,2392,9778
781,3,0,10,15,30723060,3606,20396040,2391,9781
782,12,0,17,8,30742320,3606,20396040,2388,9793
783,14,0,23,2,30764820,3606,20396160,2384,9807
784,6,0,15,10,30844800,3609,20396160,2382,9813
785,12,0,15,10,30889200,3609,20396160,2379,9825
786,7,0,12,13,30933480,3610,20396160,2377,9832
787,12,0,13,12,30969540,3610,20396160,2374,9844
788,5,0,11,14,30996060,3610,20396160,2372,9849
789,4,0,6,19,31023120,3609,20396160,2371,9853
790,2,0,5,20,31032600,3609,20396160,2371,9855
791,3,0,6,19,31038240,3609,20396160,2370,9858
793,6,0,6,19,31055340,3608,20396160,2368,9864
792,0,0,6,19,31055340,3608,20396160,2368,9864
794,3,0,7,18,31064880,3609,20396160,2367,9867
795,11,0,12,13,31084080,3608,20396160,2364,9878
796,5,0,11,14,31105980,3609,20396160,2363,9883
797,10,0,11,14,31146660,3609,20396160,2360,9893
798,4,0,13,12,31150980,3609,20396160,2359,9897
799,6,0,11,14,31189860,3610,20396160,2357,9903
800,7,0,11,14,31226640,3611,20396160,2356,9910
801,8,0,14,11,31238880,3611,20396160,2353,9918
802,14,0,17,8,31274040,3610,20396160,2350,9932
803,8,0,13,12,31328940,3611,20396160,2347,9940
804,16,0,20,5,31364400,3612,20396160,2343,9956
805,14,0,20,5,31400400,3610,20396160,2339,9970
806,15,0,15,10,31479120,3611,20396160,2335,9985
807,13,0,20,5,31506660,3611,20396160,2332,9998
808,4,0,15,10,31545000,3611,20396160,2331,10002
809,9,0,12,13,31607220,3613,20396160,2328,10011
810,6,0,11,14,31633860,3614,20396160,2327,10017
811,6,0,11,14,31657380,3614,20396160,2325,10023
812,5,0,12,13,31675320,3614,20396160,2324,10028
813,9,0,10,15,31718640,3615,20396160,2321,10037
814,4,0,11,14,31737840,3616,20396160,2320,10041
815,3,0,6,19,31766760,3616,20396160,2320,10044
816,6,0,11,14,31770540,3616,20396160,2318,10050
817,6,0,9,16,31787700,3614,20396160,2316,10056
818,7,0,6,19,31805040,3612,20396160,2315,10063
819,13,0,14,11,31812720,3611,20396160,2311,10076
820,7,0,13,12,31841280,3611,20396160,2309,10083
821,7,0,13,12,31875900,3612,20396160,2308,10090
822,5,0,12,13,31906200,3613,20396160,2306,10095
823,8,0,9,16,31948440,3613,20396160,2304,10103
824,7,0,11,14,31968060,3613,20396160,2302,10110
825,11,0,13,12,31987860,3612,20396160,2299,10121
826,10,0,16,9,32015100,3612,20396160,2297,10131
827,13,0,19,6,32049540,3612,20396160,2294,10144
828,9,0,17,8,32088720,3612,20396160,2291,10153
829,16,0,16,9,32150280,3612,20396160,2287,10169
830,16,0,20,5,32176500,3610,20396160,2283,10185
831,8,0,18,7,32223960,3611,20396160,2281,10193
832,16,0,20,5,32269440,3611,20396160,2277,10209
833,6,0,15,10,32320740,3612,20396160,2275,10215
834,6,0,8,17,32374380,3613,20396160,2274,10221
835,6,0,9,16,32390580,3613,20396160,2272,10227
836,12,0,14,11,32413560,3612,20396160,2269,10239
837,4,0,7,18,32442060,3611,20396160,2268,10243
838,6,0,8,17,32465520,3612,20396160,2267,10249
839,3,0,6,19,32482500,3611,20396160,2266,10252
840,3,0,8,17,32487000,3612,20396160,2265,10255
841,6,0,9,16,32500080,3611,20396160,2264,10261
842,6,0,11,14,32513700,3611,20396160,2262,10267
843,4,0,11,14,32535720,3612,20396160,2261,10271
844,8,0,9,16,32565660,3611,20396160,2259,10279
845,8,0,13,12,32581620,3611,20396160,2257,10287
846,2,0,7,18,32615100,3612,20396160,2257,10289
847,2,0,7,18,32626500,3612,20396160,2256,10291
848,5,0,8,17,32636160,3612,20396160,2255,10296
849,7,0,11,14,32645160,3611,20396160,2253,10303
850,7,0,11,14,32672040,3611,20396160,2251,10310
851,10,0,12,13,32690340,3610,20396160,2249,10320
852,8,0,10,15,32719200,3609,20396160,2247,10328
853,9,0,13,12,32735400,3608,20396160,2245,10337
854,18,0,18,7,32772000,3607,20396160,2240,10355
855,12,0,19,6,32800440,3606,20396160,2237,10367
856,9,0,16,9,32854920,3607,20396160,2235,10376
857,6,0,10,15,32909580,3608,20396160,2234,10382
858,11,0,12,13,32931540,3607,20396160,2231,10393
859,7,0,11,14,32960340,3607,20396160,2229,10400
860,9,0,12,13,32989560,3607,20396160,2227,10409
861,6,0,11,14,33021300,3608,20396160,2226,10415
862,4,0,7,18,33054600,3608,20396160,2225,10419
863,6,0,6,19,33067320,3607,20396160,2223,10425
864,10,0,11,14,33076740,3606,20396160,2221,10435
865,7,0,12,13,33096780,3606,20396160,2219,10442
866,5,0,11,14,33123180,3607,20396160,2218,10447
867,6,0,9,16,33159000,3607,20396160,2216,10453
868,8,0,12,13,33172440,3607,20396160,2215,10461
869,5,0,9,16,33206520,3607,20396160,2213,10466
870,6,0,8,17,33222120,3606,20396160,2212,10472
871,4,0,8,17,33230520,3606,20396160,2211,10476
872,5,0,10,15,33236700,3605,20396160,2210,10481
873,10,0,17,8,33241140,3604,20396160,2207,10491
874,8,0,12,13,33304920,3606,20396160,2205,10499
875,10,0,16,9,33328380,3606,20396160,2203,10509
876,8,0,12,13,33380520,3607,20396160,2201,10517
877,11,0,10,15,33414900,3606,20396160,2199,10528
878,8,0,12,13,33432900,3606,20396160,2197,10536
879,18,0,19,6,33472500,3606,20396160,2192,10554
880,10,0,20,5,33500460,3605,20396160,2190,10564
881,9,0,13,12,33562800,3606,20396160,2188,10573
882,7,0,13,12,33613200,3608,20396160,2186,10580
883,6,0,9,16,33649080,3608,20396160,2185,10586
884,4,0,8,17,33667080,3608,20396160,2184,10590
885,7,0,8,17,33684540,3608,20396160,2182,10597
886,2,0,6,19,33697200,3607,20396160,2182,10599
887,7,0,10,15,33703800,3607,20396160,2180,10606
888,4,0,10,15,33720000,3607,20396160,2179,10610
889,5,0,12,13,33726240,3607,20396160,2178,10615
890,4,0,8,17,33768960,3608,20396160,2177,10619
891,7,0,13,12,33780720,3609,20396160,2176,10626
892,3,0,10,15,33798060,3608,20396160,2175,10629
893,6,0,10,15,33834480,3610,20396160,2173,10635
894,5,0,13,12,33843900,3610,20396160,2172,10640
895,6,0,11,14,33880140,3611,20396160,2171,10646
896,8,0,13,12,33907860,3611,20396160,2169,10654
897,9,0,8,17,33952800,3611,20396160,2167,10663
898,10,0,12,13,33972840,3611,20396160,2165,10673
899,11,0,17,8,33992760,3610,20396160,2162,10684
900,15,0,25,0,34023840,3611,20396340,2159,10699
901,20,0,23,2,34111020,3612,20399520,2155,10719
902,12,0,18,7,34163520,3611,20399520,2152,10731
903,9,0,16,9,34212600,3612,20399520,2150,10740
904,9,0,13,12,34262760,3613,20399520,2148,10749
905,4,0,9,16,34297920,3613,20399520,2147,10753
906,8,0,12,13,34321380,3614,20399520,2145,10761
907,6,0,10,15,34346400,3613,20399520,2144,10767
908,6,0,11,14,34378980,3615,20399520,2142,10773
909,8,0,10,15,34401960,3614,20399520,2141,10781
910,8,0,12,13,34415400,3613,20399520,2139,10789
911,7,0,12,13,34448460,3614,20399520,2137,10796
912,6,0,12,13,34477980,3615,20399520,2136,10802
913,6,0,11,14,34499040,3614,20399520,2134,10808
914,1,0,8,17,34525980,3616,20399520,2134,10809
915,10,0,11,14,34552860,3616,20399520,2132,10819
916,4,0,10,15,34575840,3616,20399520,2131,10823
917,5,0,9,16,34594080,3616,20399520,2130,10828
918,11,0,13,12,34617360,3616,20399520,2128,10839
919,9,0,14,11,34640880,3615,20399520,2126,10848
920,7,0,16,9,34669800,3616,20399520,2124,10855
921,11,0,12,13,34731480,3617,20399520,2122,10866
922,11,0,16,9,34760220,3617,20399520,2119,10877
923,10,0,15,10,34794060,3617,20399520,2117,10887
924,13,0,16,9,34836000,3617,20399520,2114,10900
925,5,0,13,12,34869420,3617,20399520,2113,10905
926,15,0,17,8,34912860,3617,20399520,2110,10920
927,9,0,18,7,34943100,3618,20399520,2108,10929
928,13,0,14,11,35005920,3618,20399520,2105,10942
929,12,0,15,10,35049600,3618,20399520,2102,10954
930,4,0,10,15,35077140,3618,20399520,2101,10958
931,7,0,11,14,35107560,3618,20399520,2100,10965
932,11,0,14,11,35133600,3618,20399520,2098,10976
933,8,0,15,10,35149740,3617,20399520,2096,10984
934,9,0,14,11,35208300,3620,20399520,2094,10993
935,4,0,7,18,35254920,3620,20399520,2093,10997
936,2,0,6,19,35260680,3620,20399520,2093,10999
937,8,0,9,16,35269800,3619,20399520,2091,11007
938,3,0,5,20,35294040,3619,20399520,2090,11010
939,4,0,8,17,35300520,3619,20399520,2089,11014
940,9,0,9,16,35313420,3617,20399520,2087,11023
941,2,0,9,16,35321460,3617,20399520,2087,11025
942,6,0,8,17,35357640,3619,20399520,2086,11031
943,10,0,9,16,35374980,3617,20399520,2084,11041
944,5,0,11,14,35387040,3617,20399520,2083,11046
945,8,0,8,17,35424300,3617,20399520,2081,11054
946,15,0,19,6,35433900,3616,20399520,2078,11069
947,13,0,21,4,35470560,3616,20399520,2075,11082
948,11,0,19,6,35511780,3615,20399520,2073,11093
949,10,0,16,9,35567100,3616,20399520,2071,11103
950,15,0,16,9,35631780,3617,20399520,2067,11118
951,11,0,16,9,35666460,3617,20399520,2065,11129
952,10,0,16,9,35701980,3617,20399520,2063,11139
953,13,0,16,9,35757420,3618,20399520,2060,11152
954,6,0,14,11,35786640,3618,20399520,2059,11158
955,8,0,10,15,35839440,3619,20399520,2057,11166
956,5,0,8,17,35859840,3618,20399520,2056,11171
957,9,0,12,13,35872320,3617,20399520,2054,11180
958,6,0,11,14,35901960,3618,20399520,2053,11186
959,6,0,9,16,35938080,3619,20399520,2052,11192
960,3,0,8,17,35950260,3618,20399520,2051,11195
961,3,0,6,19,35974500,3619,20399520,2051,11198
962,7,0,9,16,35980260,3618,20399520,2049,11205
963,7,0,12,13,35990700,3618,20399520,2048,11212
964,7,0,11,14,36011880,3617,20399520,2046,11219
965,3,0,8,17,36047520,3618,20399520,2046,11222
966,7,0,9,16,36064740,3618,20399520,2044,11229
967,4,0,8,17,36084840,3618,20399520,2044,11233
968,10,0,13,12,36103680,3618,20399520,2041,11243
969,9,0,18,7,36118320,3618,20399520,2040,11252
970,10,0,16,9,36168900,3619,20399520,2038,11262
971,9,0,15,10,36209160,3619,20399520,2036,11271
972,11,0,13,12,36272160,3621,20399520,2034,11282
973,13,0,16,9,36304560,3621,20399520,2031,11295
974,9,0,13,12,36352260,3621,20399520,2029,11304
975,8,0,14,11,36382080,3621,20399520,2027,11312
976,11,0,13,12,36425700,3621,20399520,2025,11323
977,13,0,23,2,36441060,3622,20399520,2023,11336
978,7,0,19,6,36492660,3623,20399520,2021,11343
979,12,0,13,12,36559260,3623,20399520,2019,11355
980,6,0,12,13,36596040,3624,20399520,2018,11361
981,7,0,11,14,36622860,3624,20399520,2016,11368
982,6,0,9,16,36648720,3624,20399520,2015,11374
983,6,0,10,15,36666420,3624,20399520,2014,11380
984,10,0,15,10,36689280,3624,20399520,2012,11390
985,7,0,12,13,36728580,3625,20399520,2010,11397
986,6,0,7,18,36770700,3625,20399520,2009,11403
987,6,0,9,16,36785100,3625,20399520,2008,11409
988,8,0,13,12,36798780,3625,20399520,2007,11417
989,9,0,17,8,36824580,3625,20399520,2005,11426
990,13,0,18,7,36867180,3625,20399520,2002,11439
991,6,0,15,10,36910740,3626,20399520,2001,11445
992,6,0,14,11,36941760,3627,20399520,2000,11451
993,15,0,15,10,36991560,3627,20399520,1997,11466
994,12,0,18,7,37028580,3627,20399520,1995,11478
995,10,5,15,10,37062780,3628,20400900,1993,11488
996,9,0,21,4,37110540,3630,20417520,1993,11497
997,4,0,10,15,37170240,3630,20417520,1992,11501
998,10,0,12,13,37206480,3631,20417520,1990,11511
999,11,0,14,11,37226940,3630,20417520,1988,11522
1000,10,0,16,9,37256940,3630,20417520,1986,11532
1001,9,0,13,12,37296240,3629,20417520,1984,11541
1002,7,0,10,15,37339860,3630,20417520,1983,11548
1003,2,0,6,19,37354320,3629,20417520,1982,11550
1004,6,0,10,15,37357560,3629,20417520,1981,11556
1005,12,0,14,11,37383180,3629,20417520,1979,11568
1006,8,0,12,13,37414380,3628,20417520,1977,11576
1007,9,0,14,11,37440240,3628,20417520,1976,11585
1008,5,0,13,12,37473660,3629,20417520,1975,11590
1009,6,0,15,10,37498740,3630,20417520,1974,11596
1010,11,0,14,11,37547940,3631,20417520,1971,11607
1011,16,0,16,9,37578300,3629,20417520,1968,11623
1012,24,4,25,0,37618260,3629,20417760,1964,11647
1013,33,27,17,8,37680180,3629,20421060,1959,11680
1014,35,40,13,12,37742280,3631,20435460,1956,11715
1015,37,40,14,11,37764300,3632,20461080,1958,11752
1016,37,40,25,0,37799640,3633,20530260,1961,11789
1017,41,40,25,0,37863120,3636,20598420,1966,11830
1018,35,40,25,0,37973940,3639,20684040,1970,11865
1019,37,40,25,0,38044380,3639,20767260,1974,11902
1020,30,40,25,0,38126100,3639,20816340,1974,11932
1021,29,39,25,0,38188980,3637,20877900,1976,11961
1022,27,39,25,0,38254080,3638,20902860,1975,11988
1023,39,40,25,0,38343960,3640,20924460,1974,12027
1024,40,40,25,0,38419920,3639,20972940,1975,12067
1025,29,32,25,0,38503560,3639,21108420,1984,12096
1026,34,31,25,0,38585880,3635,21571620,2021,12130
1027,31,40,24,1,38635500,3635,21621720,2022,12161
1028,31,37,25,0,38711700,3637,21662580,2023,12192
1029,39,40,25,0,38787180,3637,21670260,2020,12231
1030,30,40,18,7,38858040,3638,21711900,2021,12261
1031,27,37,23,2,38925360,3639,21736020,2021,12288
1032,27,40,24,1,38990580,3638,21842940,2026,12315
1033,32,36,25,0,39042120,3639,21864780,2026,12347
1034,35,39,25,0,39131580,3641,21901380,2026,12382
1035,31,40,25,0,39195840,3640,22059300,2036,12413
1036,36,40,25,0,39279240,3643,22068480,2034,12449
1037,36,40,25,0,39345480,3642,22117140,2036,12485
1038,39,37,25,0,39426240,3644,22147320,2035,12524
1039,31,37,25,0,39519240,3642,22365180,2049,12555
1040,34,39,25,0,39585000,3642,22412040,2050,12589
1041,31,38,20,5,39658200,3642,22449840,2050,12620
1042,30,40,18,7,39706380,3640,22524600,2054,12650
1043,26,35,25,0,39782460,3643,22551600,2054,12676
1044,31,40,25,0,39856200,3642,22693260,2062,12707
1045,28,40,25,0,39911280,3643,22702980,2060,12735
1046,36,40,25,0,39994860,3643,22819560,2067,12771
1047,31,40,25,0,40063380,3642,22836480,2064,12802
1048,29,39,25,0,40143000,3644,22970280,2073,12831
1049,34,38,25,0,40201980,3643,22997100,2072,12865
1050,37,37,25,0,40292820,3644,23040360,2072,12902
1051,30,35,25,0,40381500,3644,23151540,2078,12932
1052,25,29,25,0,40455060,3640,23687820,2121,12957
1053,31,38,25,0,40521240,3639,24027300,2146,12988
1054,36,40,22,3,40567920,3640,24037980,2145,13024
1055,33,40,25,0,40664520,3643,24080580,2145,13057
1056,33,38,25,0,40740900,3642,24156660,2148,13090
1057,39,40,25,0,40797480,3643,24171240,2146,13129
1058,26,32,25,0,40903440,3644,24355200,2159,13155
1059,25,32,25,0,40959900,3641,24691260,2183,13180
1060,28,40,25,0,41033820,3642,24696000,2179,13208
1061,41,38,25,0,41113680,3643,24715140,2178,13249
1062,22,24,25,0,41189820,3638,25779540,2267,13271
1063,35,38,25,0,41269920,3639,25981080,2278,13306
1064,30,40,16,9,41340240,3639,25992240,2277,13336
1065,39,40,25,0,41378040,3640,26013120,2275,13375
1066,26,36,25,0,41484300,3640,26124600,2280,13401
1067,35,40,25,0,41539560,3640,26128260,2277,13436
1068,29,37,25,0,41639280,3641,26374560,2294,13465
1069,23,38,25,0,41693820,3639,26651940,2314,13488
1070,28,38,25,0,41785140,3641,26666340,2310,13516
1071,31,40,25,0,41843280,3640,26698920,2309,13547
1072,28,40,25,0,41915400,3638,26817780,2315,13575
1073,35,39,25,0,42008400,3640,26833140,2313,13610
1074,33,37,25,0,42086820,3640,26971500,2320,13643
1075,35,34,25,0,42170520,3638,27025380,2320,13678
1076,26,33,25,0,42242700,3636,27228780,2332,13704
1077,28,40,25,0,42313500,3636,27237000,2328,13732
1078,29,40,25,0,42392220,3635,27260340,2325,13761
1079,30,40,14,11,42435720,3635,27267360,2325,13791
1080,26,35,25,0,42490620,3634,27390120,2331,13817
1081,36,40,25,0,42567720,3635,27399420,2327,13853
1082,21,32,25,0,42644280,3634,27580620,2339,13874
1083,34,40,25,0,42706620,3635,27699480,2345,13908
1084,37,38,25,0,42797100,3637,27738840,2345,13945
1085,30,40,25,0,42866460,3637,27744600,2341,13975
1086,31,38,25,0,42952320,3639,27777900,2340,14006
1087,33,40,25,0,43024620,3639,27871320,2344,14039
1088,30,40,25,0,43090800,3637,28072980,2357,14069
1089,30,40,25,0,43169880,3639,28085820,2355,14099
1090,39,40,25,0,43249440,3640,28095540,2352,14138
1091,24,33,25,0,43333020,3639,28359660,2370,14162
1092,46,39,25,0,43411920,3639,28384740,2367,14208
1093,35,40,25,0,43475640,3637,28517640,2373,14243
1094,34,37,25,0,43549440,3638,28530420,2371,14277
1095,30,37,25,0,43638060,3639,28571700,2370,14307
1096,41,40,25,0,43706880,3638,28595340,2367,14348
1097,30,40,25,0,43792140,3639,28651260,2368,14378
1098,32,38,25,0,43854300,3638,28727820,2371,14410
1099,29,40,20,5,43921140,3636,28937580,2385,14439
1100,26,39,25,0,43982640,3637,28967700,2383,14465
1101,34,40,25,0,44046900,3639,28980060,2381,14499
1102,33,40,25,0,44146500,3640,29011140,2380,14532
1103,31,40,20,5,44200200,3640,29017680,2378,14563
1104,32,24,25,0,44310660,3638,30454440,2490,14595
1105,16,0,20,5,44382600,3631,32842140,2682,14611
1106,23,0,23,2,44429220,3628,32842140,2677,14634
1107,36,21,25,0,44472240,3628,32845500,2671,14670
1108,25,37,21,4,44550240,3631,32854140,2665,14695
1109,33,40,25,0,44614320,3633,32885340,2664,14728
1110,27,39,25,0,44695680,3635,32957700,2667,14755
1111,26,39,25,0,44780160,3637,33043260,2670,14781
1112,35,39,25,0,44839500,3637,33107340,2672,14816
1113,26,31,25,0,44949540,3639,33255360,2680,14842
1114,32,40,25,0,45001140,3637,33292980,2677,14874
1115,34,39,25,0,45068400,3637,33314040,2675,14908
1116,34,37,25,0,45163560,3634,33523380,2685,14942
1117,32,40,15,10,45222480,3635,33530340,2683,14974
1118,21,38,25,0,45274800,3636,33564300,2682,14995
1119,41,40,24,1,45342720,3637,33576840,2680,15036
1120,35,40,14,11,45398760,3637,33582720,2679,15071
1121,30,39,15,10,45444360,3638,33652800,2682,15101
1122,30,40,24,1,45485880,3639,33664080,2680,15131
1123,29,38,25,0,45566820,3638,33850020,2689,15160
1124,18,30,25,0,45651540,3637,34066740,2702,15178
1125,21,17,25,0,45721320,3633,34720380,2749,15199
1126,23,17,25,0,45778140,3630,34942080,2763,15222
1127,34,40,17,8,45855480,3631,34947300,2756,15256
1128,31,39,19,6,45893520,3632,34983420,2756,15287
1129,32,40,25,0,45956760,3634,35022960,2755,15319
1130,27,40,25,0,46023360,3635,35070300,2756,15346
1131,29,40,25,0,46125840,3636,35167620,2759,15375
1132,36,40,25,0,46181340,3636,35181000,2756,15411
1133,28,38,25,0,46271940,3636,35278860,2759,15439
1134,26,38,25,0,46334580,3636,35346420,2760,15465
1135,28,38,25,0,46422120,3636,35392080,2758,15493
1136,17,24,25,0,46493700,3633,35820420,2788,15510
1137,27,32,25,0,46561320,3633,35870460,2786,15537
1138,30,40,19,6,46630260,3633,35878080,2784,15567
1139,31,40,25,0,46680660,3635,35913120,2783,15598
1140,23,33,25,0,46778160,3637,35991480,2786,15621
1141,34,40,25,0,46841280,3637,36027420,2783,15655
1142,33,40,25,0,46915380,3637,36071100,2782,15688
1143,26,31,25,0,47019780,3636,36256380,2791,15714
1144,24,17,25,0,47089560,3630,37024320,2845,15738
1145,29,24,25,0,47155380,3629,37065060,2842,15767
1146,27,38,25,0,47207400,3630,37132980,2842,15794
1147,39,40,25,0,47278020,3631,37147920,2839,15833
1148,33,39,25,0,47353980,3633,37176660,2838,15866
1149,37,40,25,0,47445660,3634,37218900,2837,15903
1150,34,40,25,0,47509860,3635,37225500,2834,15937
1151,35,38,25,0,47613720,3635,37282440,2832,15972
1152,33,39,25,0,47679120,3634,37377480,2835,16005
1153,28,37,25,0,47737980,3635,37412520,2836,16033
1154,30,40,25,0,47813700,3635,37463520,2834,16063
1155,31,39,25,0,47904360,3636,37546380,2837,16094
1156,30,37,25,0,47978940,3636,37617540,2837,16124
1157,25,35,25,0,48039360,3634,37677600,2837,16149
1158,34,40,25,0,48126000,3635,37831440,2843,16183
1159,28,36,25,0,48211080,3635,37896840,2844,16211
1160,37,40,25,0,48277380,3635,37926060,2842,16248
1161,38,37,25,0,48361800,3635,38127000,2852,16286
1162,33,40,25,0,48428280,3636,38141100,2850,16319
1163,26,40,25,0,48494160,3636,38166420,2848,16345
1164,31,39,25,0,48588780,3636,38211360,2846,16376
1165,31,39,25,0,48654720,3636,38261100,2846,16407
1166,43,40,22,3,48726600,3636,38285640,2844,16450
1167,40,40,25,0,48805380,3636,38344860,2843,16490
1168,28,36,25,0,48874860,3637,38440200,2847,16518
1169,31,28,25,0,48983760,3634,39128820,2892,16549
1170,27,40,25,0,49016940,3633,39447600,2910,16576
1171,36,39,25,0,49100160,3634,39470340,2908,16612
1172,31,40,25,0,49175220,3635,39525300,2908,16643
1173,38,37,25,0,49252860,3635,39556080,2906,16681
1174,33,40,25,0,49325340,3635,39598140,2904,16714
1175,21,38,25,0,49396500,3636,39629760,2904,16735
1176,8,0,21,4,49494000,3629,41833440,3063,16743
1177,7,0,14,11,49543500,3629,41833440,3061,16750
1178,3,0,8,17,49587000,3630,41833440,3061,16753
1179,6,0,8,17,49607040,3630,41833440,3059,16759
1180,8,0,9,16,49624500,3629,41833440,3058,16767
1181,7,0,12,13,49632960,3629,41833440,3056,16774
1182,11,0,17,8,49661820,3629,41833440,3053,16785
1183,7,0,14,11,49703340,3630,41833440,3052,16792
1184,6,0,8,17,49750860,3630,41833440,3051,16798
1185,14,0,13,12,49768620,3629,41833440,3047,16812
1186,8,0,15,10,49779000,3628,41833440,3046,16820
1187,9,0,11,14,49841280,3629,41833440,3044,16829
1188,12,0,14,11,49865220,3629,41833440,3041,16841
1189,12,0,16,9,49894620,3628,41833440,3038,16853
1190,17,0,17,8,49937460,3627,41833440,3035,16870
1191,9,0,20,5,49959360,3627,41833440,3033,16879
1192,16,0,21,4,50032020,3628,41833440,3029,16895
1193,6,0,10,15,50098440,3629,41833440,3028,16901
1194,8,0,10,15,50119680,3628,41833440,3026,16909
1195,7,0,11,14,50149080,3629,41833440,3025,16916
1196,9,0,13,12,50161980,3628,41833440,3023,16925
1197,5,0,6,19,50223840,3629,41833440,3021,16930
1198,3,0,9,16,50223840,3629,41833440,3021,16933
1199,7,0,12,13,50234400,3629,41833440,3019,16940
1200,4,0,6,19,50274540,3629,41833440,3018,16944
1201,2,0,6,19,50283420,3629,41833440,3018,16946
1202,6,0,10,15,50286300,3629,41833440,3017,16952
1203,7,0,7,18,50312820,3628,41833440,3015,16959
1204,7,0,9,16,50324100,3628,41833440,3014,16966
1205,7,0,11,14,50338800,3628,41833440,3012,16973
1206,2,0,9,16,50358780,3628,41833440,3012,16975
1207,7,0,12,13,50370960,3628,41833440,3010,16982
1208,14,0,11,14,50424600,3628,41833440,3007,16996
1209,6,0,11,14,50438940,3627,41833440,3006,17002
1210,10,0,14,11,50457480,3627,41833440,3004,17012
1211,2,0,7,18,50507040,3628,41833440,3003,17014
1212,10,0,12,13,50523600,3628,41833440,3001,17024
1213,9,0,18,7,50534460,3628,41833440,2999,17033
1214,12,0,14,11,50582820,3627,41833440,2997,17045
1215,9,0,14,11,50610660,3627,41833440,2995,17054
1216,10,0,15,10,50641200,3627,41833440,2993,17064
1217,13,0,17,8,50684520,3627,41833440,2990,17077
1218,8,0,12,13,50730420,3627,41833440,2988,17085
1219,7,0,12,13,50757780,3627,41833440,2987,17092
1220,7,0,12,13,50781240,3627,41833440,2985,17099
1221,9,0,13,12,50814300,3627,41833440,2983,17108
1222,4,0,9,16,50840940,3627,41833440,2982,17112
1223,10,0,14,11,50863980,3627,41833440,2980,17122
1224,8,0,10,15,50896020,3626,41833440,2978,17130
1225,7,0,11,14,50916060,3626,41833440,2977,17137
1226,5,0,10,15,50936220,3626,41833440,2976,17142
1227,8,0,12,13,50963220,3627,41833440,2974,17150
1228,4,0,10,15,50988060,3627,41833440,2973,17154
1229,11,0,16,9,51017880,3628,41833440,2971,17165
1230,13,0,17,8,51056400,3627,41833440,2968,17178
1231,5,0,8,17,51130140,3629,41833440,2967,17183
1232,7,0,7,18,51148740,3628,41833440,2966,17190
1233,6,0,9,16,51163980,3628,41833440,2965,17196
1234,9,0,12,13,51174360,3627,41833440,2963,17205
1235,9,0,11,14,51216180,3628,41833440,2961,17214
1236,9,0,17,8,51221280,3627,41833440,2959,17223
1237,9,0,12,13,51274140,3627,41833440,2957,17232
1238,10,0,15,10,51305520,3628,41833440,2955,17242
1239,13,0,11,14,51355560,3627,41833440,2952,17255
1240,10,0,11,14,51383400,3626,41833440,2950,17265
1241,15,0,17,8,51416280,3626,41833440,2947,17280
1242,6,0,18,7,51428160,3626,41833440,2946,17286
1243,10,0,16,9,51490200,3627,41833440,2944,17296
1244,7,0,10,15,51540360,3628,41833440,2942,17303
1245,6,0,8,17,51566640,3627,41833440,2941,17309
1246,3,0,7,18,51581520,3627,41833440,2940,17312
1247,5,0,9,16,51585420,3627,41833440,2939,17317
1248,10,0,10,15,51599880,3626,41833440,2937,17327
1249,7,0,12,13,51613380,3625,41833440,2936,17334
1250,1,0,10,15,51631980,3626,41833440,2936,17335
1251,5,0,7,18,51666540,3626,41833440,2935,17340
1252,9,0,14,11,51668040,3626,41833440,2933,17349
1253,6,0,10,15,51708660,3626,41833440,2931,17355
1254,4,0,8,17,51727200,3626,41833440,2931,17359
1255,5,0,9,16,51745500,3626,41833440,2930,17364
1256,7,0,12,13,51759120,3626,41833440,2928,17371
1257,10,0,12,13,51791520,3626,41833440,2926,17381
1258,10,0,11,14,51825780,3625,41833440,2924,17391
1259,15,0,17,8,51847680,3625,41833440,2921,17406
1260,14,0,18,7,51889020,3624,41833440,2918,17420
1261,17,0,22,3,51928080,3624,41833440,2915,17437
1262,6,0,12,13,51986820,3624,41833440,2914,17443
1263,9,0,14,11,52020120,3624,41833440,2912,17452
1264,9,0,9,16,52058400,3623,41833440,2910,17461
1265,15,0,19,6,52072260,3623,41833440,2907,17476
1266,11,0,20,5,52105860,3623,41833440,2905,17487
1267,6,0,9,16,52183200,3624,41833440,2903,17493
1268,12,0,13,12,52206120,3624,41833440,2901,17505
1269,7,0,13,12,52230120,3624,41833440,2900,17512
1270,4,0,10,15,52257120,3624,41833440,2899,17516
1271,8,0,13,12,52272180,3623,41833440,2897,17524
1272,6,0,10,15,52308780,3624,41833440,2896,17530
1273,6,0,10,15,52328040,3624,41833440,2895,17536
1274,9,0,11,14,52352040,3623,41833440,2893,17545
1275,3,0,7,18,52377660,3623,41833440,2892,17548
1276,7,0,11,14,52390200,3623,41833440,2891,17555
1277,6,0,13,12,52406460,3623,41833440,2890,17561
1278,9,0,13,12,52441560,3624,41833440,2888,17570
1279,7,0,13,12,52465500,3624,41833440,2887,17577
1280,9,0,16,9,52497840,3624,41833440,2885,17586
1281,16,0,14,11,52560000,3624,41833440,2882,17602
1282,9,0,11,14,52596000,3624,41833440,2880,17611
1283,9,0,12,13,52620300,3623,41833440,2878,17620
1284,18,0,19,6,52651320,3623,41833440,2874,17638
1285,9,0,17,8,52679520,3622,41833440,2873,17647
1286,15,0,16,9,52745820,3622,41833440,2870,17662
1287,13,0,19,6,52780500,3622,41833440,2867,17675
1288,9,0,14,11,52828920,3622,41833440,2865,17684
1289,9,0,15,10,52874100,3623,41833440,2864,17693
1290,10,0,11,14,52934880,3624,41833440,2862,17703
1291,7,0,11,14,52960260,3624,41833440,2860,17710
1292,10,0,10,15,52994640,3624,41833440,2858,17720
1293,6,0,13,12,53006040,3624,41833440,2857,17726
1294,2,0,7,18,53041080,3624,41833440,2857,17728
1295,4,0,8,17,53059740,3625,41833440,2856,17732
1296,5,0,11,14,53066940,3625,41833440,2855,17737
1297,4,0,7,18,53090700,3624,41833440,2854,17741
1298,10,0,13,12,53102820,3624,41833440,2852,17751
1299,7,0,11,14,53127420,3623,41833440,2851,17758
1300,3,0,9,16,53148780,3624,41833440,2850,17761
1301,7,0,12,13,53171700,3624,41833440,2849,17768
1302,9,0,11,14,53205420,3624,41833440,2847,17777
1303,6,0,10,15,53231580,3624,41833440,2846,17783
1304,15,0,15,10,53256420,3623,41833440,2843,17798
1305,14,0,17,8,53289660,3623,41833440,2840,17812
1306,12,0,17,8,53330040,3622,41833440,2838,17824
1307,13,0,22,3,53362200,3623,41833440,2836,17837
1308,9,0,15,10,53425800,3623,41833440,2834,17846
1309,12,0,14,11,53473380,3623,41833440,2832,17858
1310,16,0,15,10,53519520,3623,41833440,2829,17874
1311,12,0,14,11,53565780,3622,41833440,2826,17886
1312,9,0,13,12,53607960,3623,41833440,2825,17895
1313,11,0,14,11,53635200,3622,41833440,2822,17906
1314,3,0,9,16,53660700,3622,41833440,2822,17909
1315,9,0,11,14,53691840,3622,41833440,2820,17918
1316,8,0,11,14,53720760,3622,41833440,2819,17926
1317,4,0,6,19,53752500,3622,41833440,2818,17930
1318,4,0,8,17,53755080,3622,41833440,2817,17934
1319,4,0,10,15,53759520,3622,41833440,2816,17938
1320,7,0,10,15,53784660,3622,41833440,2815,17945
1321,2,0,6,19,53806260,3622,41833440,2815,17947
1322,3,0,8,17,53811780,3622,41833440,2814,17950
1323,11,0,15,10,53827200,3622,41833440,2812,17961
1324,9,0,16,9,53846820,3621,41833440,2810,17970
1325,3,0,8,17,53900280,3622,41833440,2810,17973
1326,9,0,10,15,53925180,3622,41833440,2808,17982
1327,8,0,13,12,53936640,3622,41833440,2807,17990
1328,8,0,13,12,53967060,3622,41833440,2805,17998
1329,6,0,14,11,53989380,3622,41833440,2804,18004
1330,7,0,11,14,54033420,3623,41833440,2803,18011
1331,11,0,12,13,54058140,3622,41833440,2801,18022
1332,10,0,16,9,54075000,3622,41833440,2799,18032
1333,8,0,17,8,54108720,3622,41833440,2797,18040
1334,3,0,10,15,54160860,3623,41833440,2797,18043
1335,10,0,14,11,54188100,3624,41833440,2795,18053
1336,12,0,15,10,54224340,3623,41833440,2792,18065
1337,12,0,16,9,54264240,3623,41833440,2790,18077
1338,8,0,10,15,54319440,3624,41833440,2789,18085
1339,9,0,13,12,54344820,3624,41833440,2787,18094
1340,8,0,16,9,54373320,3625,41833440,2786,18102
1341,8,0,19,6,54395100,3625,41833440,2784,18110
1342,4,0,10,15,54471660,3627,41833440,2783,18114
1343,8,0,9,16,54497040,3626,41833440,2782,18122
1344,7,0,13,12,54505020,3626,41833440,2781,18129
1345,2,0,15,10,54505020,3626,41833440,2780,18131
1346,9,0,18,7,54513780,3625,41833440,2779,18140
1347,6,0,20,5,54528000,3625,41833440,2777,18146
1348,11,0,24,1,54562320,3626,41833440,2775,18157
1349,7,0,18,7,54601560,3625,41833860,2774,18164
1350,6,0,18,7,54627240,3626,41833860,2773,18170
1351,8,0,18,7,54645840,3625,41833860,2772,18178
1352,12,0,21,4,54672960,3625,41833860,2769,18190
1353,5,0,20,5,54695340,3625,41833980,2768,18195
1354,10,0,23,2,54732540,3625,41833980,2767,18205
1355,10,0,22,3,54770460,3625,41834280,2765,18215
1356,10,0,24,1,54798000,3625,41834280,2763,18225
1357,15,3,25,0,54841080,3625,41837940,2761,18240
1358,17,12,23,2,54891540,3626,41844540,2758,18257
1359,10,16,23,2,54926820,3627,41857440,2757,18267
1360,15,25,22,3,54963300,3628,41864520,2755,18282
1361,7,20,25,0,55006740,3629,41924640,2758,18289
1362,8,10,25,0,55070160,3629,42036720,2763,18297
1363,7,0,22,3,55102980,3626,42149040,2769,18304
1364,7,0,19,6,55132620,3625,42149040,2768,18311
1365,5,0,18,7,55168440,3626,42149040,2767,18316
1366,13,0,24,1,55183980,3626,42149280,2765,18329
1367,4,0,23,2,55206240,3626,42149280,2764,18333
1368,10,0,23,2,55260180,3627,42149280,2762,18343
1369,5,0,19,6,55290120,3627,42149280,2761,18348
1370,6,0,15,10,55324920,3627,42149280,2760,18354
1371,3,0,15,10,55331820,3627,42149280,2760,18357
1372,8,0,20,5,55334160,3626,42149280,2758,18365
1373,6,0,17,8,55366680,3626,42149280,2757,18371
1374,3,0,16,9,55387200,3626,42149280,2757,18374
1375,3,0,15,10,55400400,3626,42149280,2756,18377
1376,12,0,23,2,55414740,3626,42149280,2754,18389
1377,10,0,23,2,55443840,3626,42150960,2752,18399
1378,7,0,21,4,55480800,3626,42150960,2751,18406
1379,6,0,17,8,55516320,3626,42150960,2750,18412
1380,7,0,18,7,55540440,3626,42150960,2749,18419
1381,20,10,24,1,55558200,3626,42152220,2746,18439
1382,8,14,18,7,55611000,3628,42158340,2744,18447
1383,16,21,25,0,55626420,3628,42190620,2744,18463
1384,9,19,25,0,55672680,3629,42216180,2744,18472
1385,9,17,25,0,55714860,3629,42268920,2745,18481
1386,4,0,17,8,55781460,3626,42430260,2755,18485
1387,6,0,20,5,55797480,3626,42430260,2754,18491
1388,9,0,20,5,55819980,3626,42430260,2752,18500
1389,8,0,20,5,55851600,3626,42430260,2751,18508
1390,7,0,20,5,55881540,3626,42430260,2750,18515
1391,8,0,21,4,55903440,3626,42430260,2748,18523
1392,5,0,19,6,55928580,3626,42430260,2747,18528
1393,7,0,19,6,55964580,3627,42430260,2746,18535
1394,5,0,16,9,55993320,3627,42430260,2745,18540
1395,9,0,20,5,56008980,3627,42430260,2744,18549
1396,2,0,13,12,56043540,3627,42430260,2743,18551
1397,7,0,17,8,56050560,3626,42430260,2742,18558
1398,4,0,17,8,56064240,3626,42430260,2741,18562
1399,8,0,19,6,56086620,3626,42430260,2740,18570
1400,12,1,25,0,56098080,3626,42430860,2738,18582
1401,9,0,19,6,56163000,3626,42431640,2736,18591
1402,7,0,21,4,56174700,3626,42431640,2735,18598
1403,7,5,20,5,56198460,3627,42431700,2735,18605
1404,12,8,23,2,56242860,3628,42444000,2733,18617
1405,10,8,25,0,56276700,3629,42475080,2733,18627
1406,8,0,20,5,56313720,3626,42519240,2734,18635
1407,11,0,19,6,56360760,3626,42519240,2732,18646
1408,10,0,18,7,56400360,3626,42519240,2731,18656
1409,7,0,21,4,56411460,3626,42519240,2729,18663
1410,12,0,23,2,56450640,3626,42519240,2727,18675
1411,10,0,22,3,56483580,3626,42519240,2725,18685
1412,6,0,22,3,56511900,3626,42519240,2724,18691
1413,8,0,21,4,56546460,3626,42519240,2723,18699
1414,6,0,20,5,56583720,3627,42519240,2722,18705
1415,4,0,16,9,56619240,3628,42519240,2721,18709
1416,7,0,17,8,56635500,3627,42519240,2720,18716
1417,5,0,18,7,56643960,3627,42519240,2719,18721
1418,4,0,16,9,56663460,3627,42519240,2718,18725
1419,6,0,16,9,56687340,3627,42519240,2717,18731
1420,4,0,17,8,56703960,3627,42519240,2717,18735
1421,6,0,17,8,56725920,3627,42519240,2716,18741
1422,7,0,18,7,56746860,3627,42519240,2714,18748
1423,8,0,21,4,56755680,3627,42519240,2713,18756
1424,7,0,21,4,56787120,3627,42519240,2712,18763
1425,11,0,21,4,56816220,3626,42519240,2710,18774
1426,8,0,23,2,56825880,3625,42519240,2709,18782
1427,13,0,25,0,56873760,3626,42519540,2706,18795
1428,13,3,25,0,56920680,3627,42528840,2705,18808
1429,12,4,25,0,56969820,3627,42533880,2703,18820
1430,14,9,25,0,57014580,3628,42541560,2701,18834
1431,6,0,18,7,57072660,3627,42581040,2703,18840
1432,10,0,21,4,57099000,3627,42581040,2701,18850
1433,6,0,20,5,57126960,3627,42581040,2700,18856
1434,7,0,18,7,57160980,3627,42581040,2699,18863
1435,10,0,20,5,57178560,3626,42581040,2697,18873
1436,8,0,21,4,57212220,3627,42581040,2696,18881
1437,5,0,17,8,57248340,3627,42581040,2695,18886
1438,11,0,23,2,57263520,3627,42581040,2693,18897
1439,3,0,19,6,57288360,3627,42581040,2692,18900
1440,6,0,17,8,57322320,3627,42581040,2691,18906
1441,4,0,16,9,57350940,3628,42581040,2691,18910
1442,4,0,18,7,57355140,3628,42581040,2690,18914
1443,12,0,19,6,57390240,3627,42581040,2688,18926
1444,5,0,19,6,57408240,3627,42581040,2687,18931
1445,8,0,19,6,57431460,3627,42581040,2686,18939
1446,8,0,22,3,57449820,3627,42581040,2684,18947
1447,4,0,16,9,57499620,3628,42581040,2684,18951
1448,9,0,16,9,57517020,3627,42581040,2682,18960
1449,9,0,18,7,57531660,3626,42581040,2681,18969
1450,16,1,25,0,57545160,3625,42581040,2678,18985
1451,13,3,25,0,57586380,3625,42588000,2676,18998
1452,10,0,23,2,57633660,3625,42592320,2675,19008
1453,15,1,25,0,57665220,3624,42593340,2672,19023
1454,10,0,23,2,57717540,3624,42596100,2671,19033
1455,6,0,21,4,57738420,3624,42596100,2670,19039
1456,14,0,24,1,57789480,3624,42596280,2667,19053
1457,11,0,20,5,57832380,3624,42597420,2666,19064
1458,4,0,19,6,57854460,3624,42597420,2665,19068
1459,9,0,17,8,57896580,3624,42597420,2664,19077
1460,9,0,21,4,57913140,3624,42597420,2662,19086
1461,4,0,18,7,57937200,3624,42597420,2661,19090
1462,2,0,16,9,57967380,3625,42597420,2661,19092
1463,4,0,14,11,57989820,3625,42597420,2660,19096
1464,2,0,13,12,58000500,3625,42597420,2660,19098
1465,4,0,16,9,58002360,3625,42597420,2659,19102
1466,4,0,15,10,58019100,3625,42597420,2659,19106
1467,6,0,15,10,58035480,3624,42597420,2658,19112
1468,5,0,17,8,58044180,3624,42597420,2657,19117
1469,4,0,15,10,58065660,3624,42597420,2656,19121
1470,10,0,16,9,58083240,3623,42597420,2655,19131
1471,5,0,17,8,58088340,3623,42597420,2654,19136
1472,5,0,18,7,58104780,3623,42597420,2653,19141
1473,8,0,20,5,58130460,3623,42597420,2652,19149
1474,10,1,25,0,58151160,3624,42600780,2650,19159
1475,9,0,22,3,58191300,3623,42602940,2649,19168
1476,19,3,25,0,58253940,3624,42614100,2646,19187
1477,10,4,25,0,58277880,3624,42627180,2646,19197
1478,14,5,25,0,58332360,3624,42644160,2644,19211
1479,12,4,25,0,58364160,3623,42667920,2644,19223
1480,7,0,21,4,58421100,3623,42672360,2643,19230
1481,6,0,20,5,58444320,3623,42672360,2642,19236
1482,7,0,22,3,58468020,3623,42672360,2641,19243
1483,13,0,25,0,58516980,3624,42672660,2639,19256
1484,5,0,21,4,58544520,3624,42672660,2638,19261
1485,7,0,19,6,58585500,3624,42672660,2637,19268
1486,6,0,18,7,58615560,3625,42672660,2636,19274
1487,6,0,16,9,58647540,3625,42672660,2635,19280
1488,10,0,21,4,58659720,3624,42672660,2633,19290
1489,11,0,21,4,58685340,3624,42672660,2631,19301
1490,4,0,18,7,58722600,3624,42672660,2631,19305
1491,7,0,17,8,58750500,3624,42672660,2630,19312
1492,7,0,20,5,58770000,3625,42672660,2628,19319
1493,6,0,18,7,58798860,3625,42672660,2627,19325
1494,9,0,23,2,58808280,3624,42672660,2626,19334
1495,7,0,23,2,58831800,3624,42672660,2625,19341
1496,7,0,23,2,58877640,3625,42672660,2624,19348
1497,11,5,21,4,58915620,3626,42673020,2623,19359
1498,3,4,19,6,58954080,3627,42684960,2622,19362
1499,17,10,25,0,58974600,3627,42698460,2621,19379
1500,13,3,25,0,59028000,3626,42733860,2620,19392
1501,8,0,25,0,59069100,3626,42747120,2620,19400
1502,13,0,25,0,59112480,3626,42747660,2618,19413
1503,11,0,21,4,59177700,3626,42747960,2616,19424
1504,9,0,23,2,59191140,3626,42747960,2615,19433
1505,12,0,22,3,59227500,3625,42747960,2613,19445
1506,10,0,19,6,59264940,3624,42747960,2611,19455
1507,8,0,21,4,59285100,3624,42747960,2610,19463
1508,6,0,18,7,59331060,3625,42747960,2609,19469
1509,10,0,22,3,59345040,3625,42747960,2607,19479
1510,2,0,17,8,59380920,3625,42747960,2607,19481
1511,7,0,15,10,59414640,3625,42747960,2606,19488
1512,5,0,16,9,59432820,3626,42747960,2605,19493
1513,9,0,23,2,59439300,3626,42747960,2604,19502
1514,5,0,22,3,59468640,3626,42747960,2603,19507
1515,6,0,17,8,59514600,3626,42747960,2602,19513
1516,6,0,19,6,59534880,3627,42747960,2601,19519
1517,5,0,19,6,59553780,3627,42747960,2600,19524
1518,10,0,18,7,59588280,3627,42747960,2599,19534
1519,8,0,18,7,59601600,3626,42747960,2597,19542
1520,5,0,17,8,59622000,3625,42747960,2597,19547
1521,3,0,15,10,59645640,3626,42747960,2596,19550
1522,6,0,19,6,59656680,3626,42747960,2595,19556
1523,8,0,22,3,59673180,3626,42747960,2594,19564
1524,7,0,23,2,59695440,3626,42747960,2593,19571
1525,13,0,23,2,59757900,3627,42748320,2591,19584
1526,9,0,21,4,59798640,3627,42748320,2589,19593
1527,7,0,19,6,59816940,3626,42748320,2588,19600
1528,8,0,21,4,59840880,3626,42748320,2587,19608
1529,7,2,20,5,59868300,3627,42751680,2586,19615
1530,6,0,20,5,59901900,3627,42753240,2585,19621
1531,7,0,23,2,59928060,3628,42753240,2584,19628
1532,6,0,18,7,59964660,3627,42753240,2583,19634
1533,6,0,18,7,59999520,3628,42753240,2582,19640
1534,5,0,16,9,60024480,3628,42753240,2582,19645
1535,8,0,21,4,60041940,3629,42753240,2580,19653
1536,5,0,19,6,60073740,3629,42753240,2580,19658
1537,5,0,19,6,60095340,3629,42753240,2579,19663
1538,4,0,19,6,60118260,3630,42753240,2578,19667
1539,4,0,19,6,60139740,3630,42753240,2577,19671
1540,4,0,18,7,60167280,3631,42753240,2577,19675
1541,2,0,15,10,60185760,3631,42753240,2577,19677
1542,4,0,15,10,60202380,3631,42753240,2576,19681
1543,12,0,21,4,60213480,3630,42753240,2574,19693
1544,8,0,19,6,60242880,3630,42753240,2573,19701
1545,6,0,19,6,60267540,3630,42753240,2572,19707
1546,10,0,21,4,60296100,3630,42753240,2570,19717
1547,11,0,23,2,60321600,3629,42753240,2569,19728
1548,7,0,23,2,60340920,3629,42753240,2568,19735
1549,16,5,25,0,60390780,3630,42754500,2565,19751
1550,8,0,23,2,60436620,3630,42765240,2565,19759
1551,8,0,17,8,60485940,3629,42765240,2563,19767
1552,7,0,20,5,60501720,3630,42765240,2562,19774
1553,10,0,20,5,60535260,3629,42765240,2561,19784
1554,12,0,23,2,60562380,3629,42765240,2559,19796
1555,8,0,20,5,60596460,3629,42765240,2558,19804
1556,5,0,16,9,60621420,3628,42765240,2557,19809
1557,5,0,18,7,60637500,3629,42765240,2556,19814
1558,7,0,18,7,60655620,3628,42765240,2555,19821
1559,8,0,20,5,60675600,3628,42765240,2554,19829
1560,4,0,16,9,60708900,3628,42765240,2553,19833
1561,6,0,14,11,60724380,3627,42765240,2552,19839
1562,3,0,17,8,60724380,3627,42765240,2552,19842
1563,3,0,15,10,60751200,3628,42765240,2551,19845
1564,5,0,16,9,60764940,3628,42765240,2551,19850
1565,6,0,16,9,60779580,3627,42765240,2550,19856
1566,3,0,16,9,60792840,3628,42765240,2549,19859
1567,7,0,19,6,60806400,3628,42765240,2548,19866
1568,11,0,25,0,60818040,3627,42765240,2547,19877
1569,8,0,23,2,60856500,3627,42765240,2545,19885
1570,8,0,18,7,60904740,3627,42765240,2544,19893
1571,10,0,22,3,60921240,3627,42765240,2543,19903
1572,8,0,19,6,60958980,3627,42765240,2541,19911
1573,8,0,20,5,60984600,3627,42765240,2540,19919
1574,6,0,17,8,61010820,3627,42765240,2539,19925
1575,6,0,18,7,61040880,3627,42765240,2538,19931
1576,11,0,21,4,61062540,3627,42765240,2537,19942
1577,10,0,20,5,61099740,3627,42765240,2535,19952
1578,8,0,22,3,61125480,3627,42765240,2534,19960
1579,4,0,21,4,61153860,3628,42765240,2533,19964
1580,7,0,21,4,61191480,3628,42765240,2532,19971
1581,5,0,15,10,61230480,3628,42765240,2532,19976
1582,4,0,16,9,61246740,3629,42765240,2531,19980
1583,5,0,12,13,61262940,3628,42765240,2530,19985
1584,5,0,16,9,61263660,3627,42765240,2530,19990
1585,5,0,16,9,61274940,3627,42765240,2529,19995
1586,7,0,18,7,61288800,3627,42765240,2528,20002
1587,4,0,12,13,61315860,3626,42765240,2527,20006
1588,8,0,18,7,61318440,3626,42765240,2526,20014
1589,5,0,17,8,61333560,3625,42765240,2525,20019
1590,9,0,20,5,61351140,3625,42765240,2524,20028
1591,14,2,25,0,61368840,3625,42765240,2522,20042
1592,6,1,25,0,61399020,3625,42768660,2521,20048
1593,11,1,25,0,61453140,3626,42769440,2520,20059
1594,5,0,20,5,61500900,3626,42769560,2519,20064
1595,6,0,15,10,61538940,3626,42769560,2518,20070
1596,16,1,25,0,61548660,3626,42770220,2516,20086
1597,10,0,25,0,61582080,3625,42771540,2514,20096
1598,6,0,18,7,61647180,3626,42771540,2513,20102
1599,10,0,22,3,61663140,3626,42771540,2512,20112
1600,6,0,18,7,61705920,3626,42771540,2511,20118
1601,6,0,21,4,61720380,3627,42771540,2510,20124
1602,13,0,21,4,61758360,3626,42771840,2508,20137
1603,6,0,16,9,61796100,3626,42771840,2507,20143
1604,7,0,17,8,61809840,3626,42771840,2506,20150
1605,8,0,22,3,61828440,3626,42771840,2505,20158
1606,6,0,23,2,61850280,3626,42771840,2504,20164
1607,4,0,17,8,61889700,3626,42771840,2504,20168
1608,8,0,16,9,61923600,3626,42771840,2502,20176
1609,4,0,16,9,61940880,3627,42771840,2502,20180
1610,8,0,21,4,61944360,3626,42771840,2501,20188
1611,4,0,17,8,61975080,3626,42771840,2500,20192
1612,6,0,19,6,61995840,3627,42771840,2499,20198
1613,2,0,17,8,62007120,3626,42771840,2499,20200
1614,10,0,21,4,62035740,3627,42771840,2497,20210
1615,9,0,20,5,62054280,3626,42771840,2496,20219
1616,6,0,15,10,62096580,3626,42771840,2495,20225
1617,8,0,19,6,62112720,3626,42771840,2494,20233
1618,10,0,20,5,62136600,3626,42771840,2493,20243
1619,12,0,22,3,62157720,3625,42771840,2491,20255
1620,10,0,22,3,62192760,3625,42771840,2489,20265
1621,7,0,20,5,62229420,3625,42771840,2488,20272
1622,7,0,18,7,62259360,3625,42771840,2487,20279
1623,13,0,20,5,62286300,3624,42771840,2486,20292
1624,11,0,22,3,62303280,3623,42771840,2484,20303
1625,4,0,19,6,62331960,3623,42771840,2483,20307
1626,3,0,15,10,62376840,3624,42771840,2483,20310
1627,11,0,20,5,62391660,3624,42771840,2481,20321
1628,4,0,21,4,62402820,3624,42771840,2481,20325
1629,8,0,22,3,62440020,3625,42771840,2480,20333
1630,8,0,23,2,62473500,3625,42771840,2478,20341
1631,6,0,19,6,62515980,3626,42771840,2478,20347
1632,3,0,18,7,62531520,3626,42771840,2477,20350
1633,3,0,16,9,62557500,3626,42771840,2477,20353
1634,3,0,16,9,62571840,3626,42771840,2476,20356
1635,7,0,18,7,62590500,3626,42771840,2475,20363
1636,6,0,18,7,62605680,3626,42771840,2474,20369
1637,6,0,21,4,62626860,3626,42771840,2474,20375
1638,6,0,20,5,62650980,3626,42771840,2473,20381
1639,4,0,15,10,62702220,3627,42771840,2472,20385
1640,8,0,17,8,62712420,3627,42771840,2471,20393
1641,6,0,20,5,62725980,3627,42771840,2470,20399
1642,9,0,21,4,62752080,3627,42771840,2469,20408
1643,8,0,19,6,62784600,3627,42771840,2468,20416
1644,14,4,22,3,62812560,3627,42776340,2466,20430
1645,8,0,23,2,62846640,3626,42791760,2466,20438
1646,10,0,23,2,62880420,3626,42791760,2464,20448
1647,8,0,22,3,62917500,3626,42791760,2463,20456
1648,14,0,24,1,62961720,3627,42792240,2461,20470
1649,8,0,21,4,62995500,3626,42792240,2460,20478
1650,7,0,19,6,63019800,3626,42792240,2459,20485
1651,8,0,23,2,63043440,3626,42792240,2458,20493
1652,3,0,18,7,63082620,3627,42792240,2458,20496
1653,11,0,23,2,63117120,3628,42794160,2456,20507
1654,3,1,20,5,63136380,3628,42794160,2456,20510
1655,8,0,19,6,63188160,3629,42799740,2455,20518
1656,7,0,16,9,63221100,3628,42799740,2454,20525
1657,6,0,17,8,63234060,3628,42799740,2453,20531
1658,5,0,17,8,63255900,3628,42799740,2452,20536
1659,6,0,21,4,63259920,3628,42799740,2452,20542
1660,4,0,17,8,63300360,3629,42799740,2451,20546
1661,4,0,15,10,63322020,3629,42799740,2450,20550
1662,7,0,16,9,63335820,3628,42799740,2449,20557
1663,14,0,21,4,63357660,3628,42799740,2447,20571
1664,8,0,19,6,63387720,3627,42799740,2446,20579
1665,5,0,21,4,63396660,3627,42799740,2446,20584
1666,14,0,25,0,63446040,3628,42800040,2444,20598
1667,14,3,25,0,63480600,3628,42800700,2442,20612
1668,8,0,21,4,63525300,3627,42804660,2441,20620
1669,7,0,21,4,63552540,3627,42804660,2440,20627
1670,10,0,18,7,63592860,3627,42804660,2439,20637
1671,10,0,21,4,63616080,3627,42804660,2437,20647
1672,5,0,18,7,63654840,3627,42804660,2436,20652
1673,12,0,21,4,63669420,3626,42804660,2435,20664
1674,6,0,20,5,63693480,3626,42804660,2434,20670
1675,6,0,20,5,63728940,3627,42804660,2433,20676
1676,1,0,14,11,63758280,3627,42804660,2433,20677
1677,10,0,18,7,63772800,3627,42804660,2432,20687
1678,2,0,17,8,63783060,3627,42804660,2431,20689
1679,6,0,18,7,63805140,3627,42804660,2430,20695
1680,8,0,18,7,63820140,3626,42804660,2429,20703
1681,5,0,18,7,63851340,3627,42804660,2429,20708
1682,14,0,24,1,63867660,3626,42804660,2427,20722
1683,26,10,25,0,63903660,3625,42811980,2424,20748
1684,18,20,25,0,63939000,3625,42820980,2423,20766
1685,28,40,21,4,63984720,3626,42828360,2419,20794
1686,32,40,24,1,64022760,3627,42848400,2419,20826
1687,27,39,21,4,64057560,3628,42863340,2419,20853
1688,35,40,25,0,64092000,3629,42912840,2421,20888
1689,35,40,25,0,64145940,3630,42970980,2423,20923
1690,29,38,25,0,64199640,3631,43045800,2426,20952
1691,29,40,25,0,64235400,3631,43140900,2430,20981
1692,39,40,25,0,64295400,3631,43274880,2435,21020
1693,31,40,25,0,64330680,3631,43280100,2434,21051
1694,34,40,25,0,64377060,3631,43327140,2435,21085
1695,25,40,25,0,64440060,3632,43372320,2435,21110
1696,30,40,25,0,64475340,3631,43461120,2438,21140
1697,32,39,25,0,64519980,3631,43483380,2438,21172
1698,30,40,25,0,64571760,3631,43516620,2438,21202
1699,27,40,25,0,64606680,3631,43542060,2438,21229
1700,38,40,25,0,64662360,3631,43545840,2437,21267
1701,28,40,20,5,64697220,3632,43586880,2438,21295
1702,37,39,25,0,64748700,3632,43638360,2439,21332
1703,29,40,25,0,64791540,3633,43693740,2441,21361
1704,36,40,24,1,64830960,3632,43748820,2442,21397
1705,36,40,25,0,64878180,3632,43790460,2443,21433
1706,34,40,25,0,64894920,3632,43796880,2442,21467
1707,30,40,25,0,64952580,3632,43812540,2441,21497
1708,37,40,25,0,65021940,3633,43828080,2440,21534
1709,33,40,22,3,65043600,3633,43854120,2441,21567
1710,31,40,25,0,65090460,3634,43888440,2441,21598
1711,29,39,25,0,65126580,3634,43909320,2441,21627
1712,26,40,25,0,65153760,3634,43912800,2440,21653
1713,36,40,25,0,65208420,3634,43995300,2443,21689
1714,29,38,25,0,65260980,3635,44010480,2442,21718
1715,30,38,25,0,65308380,3635,44201880,2451,21748
1716,31,36,25,0,65373180,3635,44334840,2457,21779
1717,28,37,25,0,65409420,3635,44364300,2457,21807
1718,30,39,25,0,65452380,3635,44402220,2457,21837
1719,24,40,23,2,65504160,3634,44492100,2460,21861
1720,27,37,25,0,65545140,3634,44544180,2461,21888
1721,28,40,25,0,65579280,3634,44571660,2461,21916
1722,31,40,23,2,65604840,3634,44582820,2461,21947
1723,32,40,25,0,65678340,3635,44614200,2461,21979
1724,33,40,25,0,65723520,3635,44628660,2459,22012
1725,33,40,25,0,65765760,3634,44652120,2459,22045
1726,22,40,25,0,65811240,3634,44664840,2458,22067
1727,31,40,25,0,65852700,3635,44692140,2458,22098
1728,30,36,25,0,65896320,3635,44762700,2461,22128
1729,25,40,25,0,65937240,3635,44767320,2459,22153
1730,34,39,25,0,65988780,3635,44844060,2462,22187
1731,29,40,25,0,66027960,3635,44858940,2461,22216
1732,30,36,25,0,66093480,3636,45059220,2470,22246
1733,33,40,20,5,66127440,3636,45060780,2469,22279
1734,31,39,20,5,66159180,3636,45070620,2469,22310
1735,34,40,22,3,66182640,3637,45080760,2469,22344
1736,27,40,20,5,66212520,3637,45098460,2469,22371
1737,29,40,23,2,66260040,3638,45305100,2479,22400
1738,35,39,25,0,66301740,3638,45348900,2479,22435
1739,32,40,25,0,66350100,3637,45447660,2482,22467
1740,35,40,25,0,66382740,3638,45455280,2482,22502
1741,38,40,25,0,66438600,3638,45472560,2481,22540
1742,30,40,23,2,66478140,3639,45477900,2481,22570
1743,35,40,25,0,66530880,3639,45501720,2480,22605
1744,39,40,23,2,66577020,3639,45611820,2484,22644
1745,28,40,25,0,66604260,3638,45694320,2487,22672
1746,33,40,25,0,66660660,3639,45738480,2488,22705
1747,32,39,25,0,66718380,3638,45792540,2488,22737
1748,33,40,25,0,66760680,3637,45797400,2487,22770
1749,32,40,21,4,66795420,3638,45800700,2486,22802
1750,33,39,23,2,66838860,3639,45822120,2486,22835
1751,31,40,25,0,66874500,3639,45870720,2487,22866
1752,33,40,25,0,66914580,3639,45920280,2488,22899
1753,30,40,25,0,66970140,3639,45954000,2488,22929
1754,35,39,25,0,67012500,3639,45979680,2488,22964
1755,38,38,25,0,67063620,3639,46031880,2489,23002
1756,34,40,25,0,67110540,3638,46546080,2514,23036
1757,31,40,25,0,67158240,3637,46556400,2512,23067
1758,39,40,25,0,67199160,3637,46583160,2512,23106
1759,23,35,25,0,67241700,3637,46675680,2516,23129
1760,31,40,25,0,67291740,3637,46792020,2520,23160
1761,28,40,25,0,67328340,3637,46807500,2520,23188
1762,28,39,25,0,67374360,3637,46875000,2522,23216
1763,25,40,25,0,67430100,3637,46931460,2523,23241
1764,33,40,25,0,67488900,3637,46954500,2521,23274
1765,23,39,25,0,67523040,3636,46981080,2521,23297
1766,35,39,25,0,67580280,3635,47376420,2540,23332
1767,36,40,25,0,67617420,3634,47429940,2541,23368
1768,33,39,25,0,67670700,3634,47445840,2539,23401
1769,34,40,25,0,67705740,3634,47469360,2539,23435
1770,27,40,24,1,67757520,3633,47559540,2541,23462
1771,23,39,21,4,67798740,3634,47566920,2541,23485
1772,43,40,25,0,67834260,3635,47603880,2542,23528
1773,34,40,25,0,67883100,3634,47639280,2541,23562
1774,31,40,25,0,67936320,3634,47741040,2545,23593
1775,34,40,25,0,67976160,3634,47784000,2546,23627
1776,29,40,25,0,68022000,3634,47822220,2546,23656
1777,32,40,25,0,68075400,3634,47848500,2545,23688
1778,29,40,23,2,68120100,3633,47877180,2545,23717
1779,32,40,21,4,68161440,3634,47886480,2545,23749
1780,34,40,25,0,68183340,3634,47899920,2544,23783
1781,28,40,25,0,68235300,3635,47953320,2545,23811
1782,32,40,25,0,68275560,3634,47975520,2545,23843
1783,34,39,25,0,68343540,3634,48085320,2548,23877
1784,41,40,25,0,68382480,3634,48140340,2550,23918
1785,25,39,25,0,68443080,3634,48166980,2549,23943
1786,28,39,25,0,68471400,3633,48181080,2548,23971
1787,28,39,25,0,68520000,3634,48226620,2549,23999
1788,35,39,25,0,68560860,3633,48244980,2548,24034
1789,34,39,25,0,68606760,3634,48286440,2549,24068
1790,22,40,25,0,68661780,3633,48385740,2552,24090
1791,37,38,25,0,68692200,3633,48421800,2553,24127
1792,31,39,25,0,68753340,3634,48493260,2554,24158
1793,32,40,25,0,68802660,3633,48522540,2553,24190
1794,34,40,23,2,68827500,3633,48527760,2553,24224
1795,29,40,25,0,68890920,3633,48620580,2556,24253
1796,37,40,25,0,68920860,3633,48627540,2555,24290
1797,37,40,25,0,68973180,3634,48646680,2554,24327
1798,32,40,25,0,68999460,3634,48652620,2554,24359
1799,30,40,20,5,69045600,3635,48660180,2553,24389
1800,36,38,25,0,69111960,3635,48736980,2555,24425
1801,33,40,25,0,69148260,3634,48884580,2561,24458
1802,27,40,25,0,69195900,3634,48901260,2560,24485
1803,28,39,25,0,69234600,3633,48922980,2559,24513
1804,33,40,25,0,69287280,3634,48964800,2560,24546
1805,37,39,25,0,69340680,3635,49126200,2567,24583
1806,28,40,25,0,69377220,3634,49162860,2567,24611
1807,31,40,25,0,69422280,3634,49183140,2566,24642
1808,30,40,25,0,69457860,3634,49215180,2566,24672
1809,28,40,25,0,69523680,3635,49403820,2574,24700
1810,33,39,25,0,69570360,3634,49442040,2574,24733
1811,39,40,25,0,69597660,3634,49449480,2573,24772
1812,35,40,25,0,69666660,3634,49561860,2577,24807
1813,34,40,25,0,69700800,3634,49573920,2576,24841
1814,29,40,25,0,69747840,3634,49593240,2575,24870
1815,28,40,25,0,69783540,3634,49609560,2574,24898
1816,25,39,25,0,69834600,3634,49666440,2576,24923
1817,25,40,25,0,69882420,3634,49686840,2575,24948
1818,27,40,25,0,69933900,3634,49716180,2575,24975
1819,33,40,25,0,69969720,3634,49799280,2578,25008
1820,32,39,25,0,70037700,3635,49811520,2576,25040
1821,29,40,25,0,70088340,3634,49949460,2581,25069
1822,31,38,25,0,70110060,3634,49955700,2581,25100
1823,33,40,25,0,70168920,3634,50007660,2581,25133
1824,35,39,25,0,70217400,3634,50107920,2585,25168
1825,28,40,25,0,70252260,3634,50114940,2584,25196
1826,25,40,25,0,70309140,3634,50151660,2584,25221
1827,31,39,25,0,70350540,3635,50161680,2583,25252
1828,38,39,25,0,70396080,3635,50174280,2582,25290
1829,25,38,25,0,70457040,3635,50188260,2581,25315
1830,35,38,25,0,70496580,3635,50194680,2580,25350
1831,25,40,25,0,70538700,3634,50409120,2589,25375
1832,28,40,25,0,70589580,3635,50931960,2614,25403
1833,24,40,25,0,70632120,3635,50949660,2613,25427
1834,42,39,25,0,70679340,3634,51516360,2640,25469
1835,33,40,17,8,70726080,3634,51562560,2642,25502
1836,33,39,19,6,70745940,3634,51570600,2641,25535
1837,33,40,19,6,70754760,3634,51573300,2641,25568
1838,26,37,25,0,70804800,3635,51759000,2649,25594
1839,34,40,25,0,70831800,3634,51765900,2647,25628
1840,27,39,25,0,70894260,3633,52243920,2669,25655
1841,34,39,25,0,70931160,3632,52264920,2668,25689
1842,32,40,21,4,70956120,3632,52268040,2667,25721
1843,34,40,25,0,71004480,3633,52328700,2669,25755
1844,34,40,25,0,71065980,3633,52404000,2670,25789
1845,28,40,19,6,71093160,3633,52471680,2673,25817
1846,29,40,25,0,71115480,3633,52487400,2673,25846
1847,23,39,25,0,71173500,3634,52551240,2674,25869
1848,16,37,25,0,71217780,3633,52635780,2677,25885
1849,5,30,25,0,71265360,3633,53987100,2745,25890
1850,8,15,25,0,71317680,3632,61115520,3106,25898
1851,8,0,18,7,71373000,3629,66287280,3367,25906
1852,5,0,16,9,71398800,3629,66287280,3367,25911
1853,7,0,16,9,71418720,3629,66287280,3365,25918
1854,8,0,20,5,71428740,3629,66287280,3364,25926
1855,4,0,16,9,71457600,3629,66287280,3363,25930
1856,8,0,20,5,71473020,3629,66287280,3362,25938
1857,9,0,20,5,71507220,3629,66287280,3360,25947
1858,7,0,19,6,71532780,3629,66287280,3359,25954
1859,9,0,23,2,71550840,3629,66287280,3358,25963
1860,7,0,22,3,71584620,3629,66287280,3356,25970
1861,11,0,19,6,71641140,3629,66287760,3355,25981
1862,12,1,25,0,71658120,3629,66288060,3353,25993
1863,13,0,24,1,71704920,3629,66288180,3350,26006
1864,9,0,21,4,71738280,3628,66288180,3349,26015
1865,9,0,19,6,71775240,3628,66288180,3347,26024
1866,7,0,19,6,71799840,3628,66288180,3346,26031
1867,9,3,20,5,71819100,3628,66288240,3345,26040
1868,4,5,18,7,71842680,3628,66291780,3344,26044
1869,6,2,24,1,71867580,3629,66307440,3344,26050
1870,5,0,21,4,71912340,3630,66318120,3344,26055
1871,4,0,16,9,71945940,3630,66318120,3343,26059
1872,7,0,17,8,71967660,3630,66318120,3342,26066
1873,9,0,19,6,71980800,3629,66318120,3340,26075
1874,5,0,18,7,72005640,3629,66318120,3339,26080
1875,2,0,16,9,72015600,3629,66318120,3339,26082
1876,4,0,15,10,72043500,3629,66318120,3338,26086
1877,7,0,17,8,72056280,3629,66318120,3337,26093
1878,7,0,18,7,72079440,3629,66318120,3336,26100
1879,6,0,21,4,72092100,3629,66318120,3335,26106
1880,9,0,20,5,72123180,3629,66318120,3334,26115
1881,8,0,22,3,72148800,3629,66318120,3332,26123
1882,6,0,22,3,72177720,3630,66318120,3331,26129
1883,5,0,19,6,72216660,3630,66318120,3330,26134
1884,8,0,20,5,72248220,3630,66318120,3329,26142
1885,4,0,18,7,72270720,3630,66318120,3328,26146
1886,13,0,23,2,72295500,3630,66318120,3326,26159
1887,7,0,21,4,72333720,3631,66318240,3325,26166
1888,12,0,25,0,72362580,3631,66319320,3323,26178
1889,9,0,22,3,72410040,3631,66319320,3322,26187
1890,5,0,21,4,72431280,3631,66319320,3321,26192
1891,7,0,20,5,72466500,3631,66319320,3320,26199
1892,10,0,19,6,72510840,3631,66319320,3318,26209
1893,5,0,18,7,72532800,3631,66319320,3317,26214
1894,7,0,18,7,72565020,3632,66319320,3316,26221
1895,0,0,14,11,72576960,3631,66319320,3316,26221
1896,5,0,17,8,72588660,3632,66319320,3315,26226
1897,4,0,16,9,72595320,3631,66319320,3314,26230
1898,2,0,14,11,72609780,3631,66319320,3314,26232
1899,3,0,13,12,72623520,3631,66319320,3314,26235
1900,4,0,16,9,72625740,3631,66319320,3313,26239
1901,12,0,21,4,72640260,3630,66319320,3311,26251
1902,5,0,18,7,72667080,3630,66319320,3310,26256
1903,7,0,20,5,72685260,3630,66319320,3309,26263
1904,7,0,19,6,72718740,3631,66319320,3308,26270
1905,3,0,15,10,72748380,3631,66319320,3307,26273
1906,5,0,15,10,72758220,3630,66319320,3307,26278
1907,5,0,16,9,72774900,3630,66319320,3306,26283
1908,9,0,18,7,72790500,3630,66319320,3304,26292
1909,14,0,24,1,72809220,3629,66319320,3302,26306
1910,9,0,21,4,72842580,3629,66319980,3300,26315
1911,7,0,17,8,72881220,3629,66319980,3299,26322
1912,16,0,25,0,72912960,3629,66319980,3297,26338
1913,13,5,25,0,72933060,3629,66320940,3295,26351
1914,9,0,25,0,72992460,3629,66335760,3294,26360
1915,6,0,20,5,73034220,3629,66335760,3293,26366
1916,5,0,16,9,73070100,3629,66335760,3292,26371
1917,4,0,17,8,73086420,3630,66335760,3291,26375
1918,6,0,18,7,73101600,3629,66335760,3290,26381
1919,5,0,18,7,73124220,3630,66335760,3290,26386
1920,6,0,17,8,73143060,3629,66335760,3289,26392
1921,5,0,18,7,73155780,3629,66335760,3288,26397
1922,9,0,21,4,73178040,3629,66335760,3286,26406
1923,8,0,18,7,73214220,3629,66335760,3285,26414
1924,6,0,18,7,73227000,3629,66335760,3284,26420
1925,3,0,15,10,73248180,3629,66335760,3284,26423
1926,8,0,16,9,73265580,3628,66335760,3282,26431
1927,12,0,25,0,73271940,3628,66336000,3280,26443
1928,10,1,25,0,73299360,3628,66336420,3279,26453
1929,12,2,25,0,73355520,3628,66342360,3277,26465
1930,4,0,18,7,73403100,3628,66349740,3277,26469
1931,12,0,19,6,73442160,3628,66349740,3275,26481
1932,8,0,19,6,73461960,3628,66349740,3274,26489
1933,8,0,20,5,73488720,3628,66349740,3272,26497
1934,11,0,23,2,73517640,3628,66349740,3271,26508
1935,15,2,25,0,73552800,3628,66349860,3268,26523
1936,9,0,23,2,73596300,3628,66356520,3267,26532
1937,9,0,21,4,73643040,3628,66356520,3266,26541
1938,8,0,19,6,73675920,3628,66356520,3264,26549
1939,11,0,24,1,73684920,3627,66356520,3263,26560
1940,2,0,16,9,73741980,3628,66356520,3262,26562
1941,2,0,15,10,73762080,3629,66356520,3262,26564
1942,5,0,15,10,73778640,3629,66356520,3261,26569
1943,7,0,17,8,73793160,3628,66356520,3260,26576
1944,3,0,16,9,73803780,3628,66356520,3259,26579
1945,10,0,20,5,73820400,3628,66356520,3258,26589
1946,6,0,15,10,73858560,3628,66356520,3257,26595
1947,5,0,18,7,73867680,3628,66356520,3256,26600
1948,4,0,16,9,73891560,3628,66356520,3255,26604
1949,4,0,16,9,73907040,3628,66356520,3255,26608
1950,8,0,20,5,73920000,3628,66356520,3254,26616
1951,11,0,19,6,73950180,3627,66356520,3252,26627
1952,13,0,23,2,73980300,3627,66357060,3250,26640
1953,9,0,19,6,74031060,3627,66357060,3248,26649
1954,7,0,20,5,74047440,3627,66357060,3247,26656
1955,8,0,19,6,74079660,3627,66357060,3246,26664
1956,16,0,25,0,74107980,3627,66357060,3243,26680
1957,16,6,25,0,74137200,3626,66358200,3242,26696
1958,18,15,24,1,74175120,3626,66363720,3239,26714
1959,10,23,19,6,74220480,3627,66365760,3238,26724
1960,10,28,20,5,74250300,3628,66377220,3236,26734
1961,6,26,25,0,74279640,3629,66423900,3237,26740
1962,5,24,25,0,74310540,3629,66447660,3238,26745
1963,4,13,25,0,74374140,3630,66633060,3246,26749
1964,4,0,16,9,74425380,3628,66832440,3255,26753
1965,6,0,20,5,74430660,3628,66832440,3254,26759
1966,10,0,21,4,74465460,3628,66832440,3252,26769
1967,9,0,23,2,74486160,3627,66832440,3251,26778
1968,8,0,19,6,74525340,3627,66832440,3250,26786
1969,2,0,16,9,74547420,3627,66832440,3249,26788
1970,4,0,16,9,74568060,3628,66832440,3249,26792
1971,3,0,14,11,74590920,3628,66832440,3248,26795
1972,6,0,16,9,74598120,3628,66832440,3247,26801
1973,11,0,22,3,74608680,3627,66832440,3246,26812
1974,11,0,21,4,74643900,3627,66832440,3244,26823
1975,6,0,21,4,74665560,3627,66832440,3243,26829
1976,3,0,16,9,74707680,3627,66832440,3243,26832
1977,10,0,18,7,74728860,3627,66832440,3241,26842
1978,11,0,22,3,74744520,3627,66832440,3239,26853
1979,8,0,22,3,74785380,3627,66832440,3238,26861
1980,15,0,20,5,74823060,3626,66832440,3236,26876
1981,9,0,20,5,74855400,3626,66832440,3234,26885
1982,11,0,24,1,74886660,3626,66832440,3232,26896
1983,7,0,22,3,74924280,3627,66832440,3231,26903
1984,6,0,20,5,74959500,3627,66832440,3230,26909
1985,5,0,21,4,74979360,3627,66832440,3230,26914
1986,10,0,24,1,75011520,3627,66832440,3228,26924
1987,13,0,22,3,75058320,3627,66832440,3226,26937
1988,8,2,20,5,75081540,3627,66832680,3225,26945
1989,6,6,20,5,75093780,3627,66835440,3224,26951
1990,7,0,24,1,75160440,3629,66866580,3224,26958
1991,5,0,16,9,75190380,3628,66866580,3224,26963
1992,5,0,16,9,75203100,3628,66866580,3223,26968
1993,7,0,18,7,75225780,3628,66866580,3222,26975
1994,1,0,17,8,75232680,3628,66866580,3222,26976
1995,4,0,17,8,75249900,3628,66866580,3221,26980
1996,2,0,15,10,75266520,3628,66866580,3221,26982
1997,7,0,17,8,75295560,3629,66866580,3220,26989
1998,4,0,18,7,75301980,3628,66866580,3219,26993
1999,9,0,17,8,75335340,3628,66866580,3218,27002
2000,12,0,18,7,75360840,3628,66866580,3216,27014
2001,9,0,21,4,75376260,3627,66866580,3214,27023
2002,8,1,22,3,75395820,3627,66866580,3213,27031
2003,8,6,19,6,75435420,3628,66869460,3212,27039
2004,12,4,25,0,75472860,3628,66886320,3211,27051
2005,8,0,20,5,75522300,3628,66899760,3210,27059
2006,8,0,22,3,75550620,3628,66899760,3209,27067
2007,8,0,19,6,75581040,3628,66899760,3208,27075
2008,9,0,19,6,75609720,3627,66899760,3207,27084
2009,9,0,20,5,75629520,3627,66899760,3205,27093
2010,8,0,21,4,75663900,3627,66899760,3204,27101
2011,3,0,18,7,75683160,3627,66899760,3204,27104
2012,12,0,23,2,75712500,3627,66899760,3202,27116
2013,4,0,20,5,75736320,3627,66899760,3201,27120
2014,8,0,18,7,75789120,3628,66899760,3200,27128
2015,2,0,15,10,75805020,3628,66899760,3200,27130
2016,11,0,22,3,75820500,3628,66899760,3198,27141
2017,5,0,25,0,75824520,3628,66900000,3197,27146
2018,6,3,25,0,75833640,3628,66902100,3196,27152
2019,0,0,21,4,75855840,3628,66910200,3197,27152
2020,4,0,23,2,75859440,3628,66910200,3196,27156
2021,3,0,23,2,75866100,3627,66910200,3196,27159
2022,7,1,25,0,75869340,3627,66910800,3195,27166
2023,11,9,25,0,75881100,3627,66911940,3194,27177
2024,6,14,25,0,75884100,3627,66913620,3193,27183
2025,10,21,25,0,75909060,3628,66920280,3192,27193
2026,7,26,25,0,75920520,3628,66931080,3191,27200
2027,6,29,25,0,75937680,3628,66951420,3191,27206
2028,11,36,25,0,75958080,3628,66987840,3190,27217
2029,10,40,25,0,75968100,3628,66990540,3190,27227
2030,3,39,25,0,75979920,3629,67002240,3190,27230
2031,10,40,25,0,75995460,3629,67028880,3191,27240
2032,15,39,25,0,76006980,3629,67032720,3191,27255
2033,9,40,25,0,76029360,3630,67074540,3192,27264
2034,11,39,25,0,76042260,3630,67078560,3192,27275
2035,3,39,25,0,76054800,3630,67091700,3192,27278
2036,10,40,25,0,76062180,3630,67129860,3194,27288
2037,5,39,25,0,76087800,3630,67321140,3202,27293
2038,9,40,25,0,76099140,3630,67332600,3202,27302
2039,7,40,25,0,76109220,3630,67335180,3202,27309
2040,4,39,25,0,76127280,3630,67437600,3206,27313
2041,3,34,25,0,76148820,3630,67730520,3219,27316
2042,8,37,25,0,76163640,3630,67788780,3221,27324
2043,8,40,25,0,76168500,3630,67796520,3221,27332
2044,8,39,25,0,76185900,3630,67810560,3221,27340
2045,5,40,25,0,76200540,3630,67821600,3221,27345
2046,8,40,25,0,76209720,3630,67834020,3221,27353
2047,10,39,25,0,76221060,3630,67851360,3221,27363
2048,11,40,25,0,76232040,3630,67852080,3221,27374
2049,8,39,25,0,76253220,3631,67890360,3223,27382
2050,11,40,25,0,76268100,3631,67893300,3222,27393
2051,6,39,25,0,76291740,3631,67988460,3226,27399
2052,6,40,25,0,76297560,3631,68077380,3230,27405
2053,5,39,25,0,76319520,3631,68173200,3234,27410
2054,6,38,25,0,76329180,3631,68195820,3234,27416
2055,9,39,25,0,76336380,3631,68199000,3234,27425
2056,8,40,25,0,76345620,3631,68247360,3236,27433
2057,15,39,25,0,76374720,3631,68323380,3239,27448
2058,7,40,25,0,76386600,3631,68327460,3239,27455
2059,11,39,25,0,76396560,3632,68334480,3238,27466
2060,8,40,25,0,76411980,3632,68336940,3238,27474
2061,7,38,25,0,76427940,3632,68442720,3242,27481
2062,4,39,25,0,76445940,3632,68446140,3242,27485
2063,3,38,25,0,76458960,3632,68470980,3243,27488
2064,6,40,25,0,76466700,3632,68473620,3243,27494
2065,1,36,25,0,76490580,3632,68555160,3246,27495
2066,9,36,25,0,76505820,3631,68813220,3257,27504
2067,7,40,25,0,76512360,3631,68815680,3256,27511
2068,5,38,25,0,76527000,3632,68826420,3256,27516
2069,8,40,25,0,76534080,3632,68826600,3256,27524
2070,6,39,25,0,76558200,3632,68857260,3257,27530
2071,7,40,25,0,76566600,3632,68861040,3257,27537
2072,6,40,25,0,76575540,3632,68863680,3257,27543
2073,12,40,25,0,76595280,3632,68896440,3257,27555
2074,11,40,25,0,76615560,3632,68998680,3261,27566
2075,14,40,25,0,76631400,3632,69007380,3261,27580
2076,7,38,25,0,76647600,3633,69014880,3261,27587
2077,6,40,25,0,76655640,3633,69015780,3261,27593
2078,8,39,25,0,76679760,3633,69110340,3264,27601
2079,16,40,25,0,76683180,3633,69113220,3264,27617
2080,10,40,25,0,76696980,3633,69117660,3264,27627
2081,6,40,25,0,76712640,3633,69334860,3274,27633
2082,4,36,25,0,76735440,3633,69510540,3281,27637
2083,11,40,25,0,76743720,3633,69513000,3280,27648
2084,8,39,25,0,76748940,3633,69516900,3280,27656
2085,2,36,25,0,76771740,3633,69626280,3285,27658
2086,8,40,25,0,76784760,3633,69627000,3285,27666
2087,6,40,25,0,76798560,3633,69631440,3284,27672
2088,6,39,25,0,76813320,3634,69637080,3284,27678
2089,8,40,25,0,76832100,3634,69648360,3284,27686
2090,10,38,25,0,76852500,3634,69665880,3285,27696
2091,3,32,25,0,76865880,3633,70605300,3329,27699
2092,6,26,25,0,76881720,3632,72220680,3404,27705
2093,13,36,25,0,76886280,3632,72368700,3409,27718
2094,4,38,25,0,76902360,3632,72377160,3408,27722
2095,8,40,25,0,76917300,3632,72384420,3408,27730
2096,8,40,25,0,76930080,3633,72398460,3409,27738
2097,6,40,25,0,76944120,3633,72426960,3409,27744
2098,8,40,25,0,76956600,3633,72448500,3410,27752
2099,10,40,25,0,76969860,3634,72451620,3410,27762
2100,9,40,25,0,76989360,3634,72510300,3412,27771
2101,12,39,25,0,77010360,3633,72561900,3413,27783
2102,16,40,25,0,77013240,3633,72596100,3415,27799
2103,9,40,25,0,77025660,3633,72607500,3415,27808
2104,9,40,25,0,77045700,3634,72617040,3415,27817
2105,9,40,25,0,77048640,3634,72661980,3417,27826
2106,11,40,25,0,77067660,3634,72664380,3416,27837
2107,8,40,25,0,77092560,3634,72812820,3422,27845
2108,2,35,25,0,77110920,3634,72988740,3430,27847
2109,7,37,25,0,77120700,3634,72990360,3429,27854
2110,5,39,25,0,77127180,3634,72994380,3429,27859
2111,6,38,25,0,77151060,3634,73005420,3429,27865
2112,5,38,25,0,77163720,3634,73025100,3429,27870
2113,7,40,25,0,77174880,3633,73026420,3428,27877
2114,5,38,25,0,77191860,3634,73048140,3428,27882
2115,7,37,25,0,77210820,3634,73130940,3432,27889
2116,1,29,25,0,77222700,3633,74332200,3488,27890
2117,5,29,25,0,77232000,3632,74404500,3491,27895
2118,5,28,25,0,77250840,3632,75082740,3522,27900
2119,8,35,25,0,77251920,3632,75083460,3521,27908
2120,6,38,25,0,77271000,3632,75093180,3521,27914
2121,7,40,25,0,77288820,3633,75099900,3519,27921
2122,10,38,25,0,77309700,3633,75119220,3520,27931
2123,7,39,25,0,77322120,3633,75141420,3520,27938
2124,8,40,25,0,77333940,3633,75146160,3520,27946
2125,15,40,25,0,77346840,3633,75151620,3520,27961
2126,12,40,25,0,77353980,3634,75153660,3520,27973
2127,12,39,25,0,77367480,3634,75198780,3521,27985
2128,13,40,25,0,77395380,3634,75242340,3523,27998
2129,8,40,25,0,77403960,3634,75246420,3522,28006
2130,11,40,25,0,77412780,3634,75252240,3522,28017
2131,7,39,25,0,77434560,3634,75275460,3522,28024
2132,4,36,25,0,77453400,3634,75458880,3531,28028
2133,5,32,25,0,77469900,3634,75866940,3549,28033
2134,4,33,25,0,77482980,3634,75871440,3549,28037
2135,4,36,25,0,77488500,3634,75873960,3549,28041
2136,5,38,25,0,77503500,3634,75879600,3548,28046
2137,4,40,25,0,77513400,3634,75882720,3547,28050
2138,5,40,25,0,77533440,3635,75904020,3548,28055
2139,5,39,25,0,77544720,3635,75916260,3548,28060
2140,5,40,25,0,77566980,3635,75941820,3548,28065
2141,4,38,25,0,77580660,3635,75978360,3550,28069
2142,9,40,25,0,77583360,3635,75978720,3549,28078
2143,10,40,25,0,77607360,3636,75987900,3549,28088
2144,9,40,25,0,77616660,3636,75991080,3549,28097
2145,7,40,25,0,77632680,3636,76022640,3550,28104
2146,11,38,25,0,77656140,3636,76071000,3551,28115
2147,18,39,25,0,77665440,3636,76106700,3552,28133
2148,13,40,25,0,77681940,3636,76109160,3551,28146
2149,10,40,25,0,77686080,3635,76114200,3551,28156
2150,21,40,25,0,77700900,3635,76153140,3552,28177
2151,13,39,25,0,77724600,3635,76200060,3553,28190
2152,8,40,25,0,77736060,3635,76216620,3554,28198
2153,16,39,25,0,77750640,3635,76265580,3555,28214
2154,12,40,25,0,77761980,3635,76353000,3559,28226
2155,8,40,25,0,77779500,3635,76355880,3558,28234
2156,7,39,25,0,77793240,3635,76601400,3569,28241
2157,7,38,25,0,77808900,3635,76635480,3570,28248
2158,8,40,25,0,77822040,3635,76638120,3569,28256
2159,8,40,25,0,77828160,3635,76660740,3569,28264
2160,7,38,25,0,77854860,3635,77089320,3589,28271
2161,3,38,25,0,77865600,3635,77092740,3588,28274
2162,5,39,25,0,77876640,3635,77098080,3588,28279
2163,4,40,25,0,77886600,3635,77103120,3588,28283
2164,6,40,25,0,77902020,3635,77104800,3587,28289
2165,10,40,25,0,77912100,3635,77118480,3587,28299
2166,8,39,25,0,77938260,3636,77121300,3587,28307
2167,9,40,25,0,77953080,3635,77265480,3593,28316
2168,7,40,25,0,77968500,3635,77366820,3596,28323
2169,10,40,25,0,77983800,3635,77369700,3596,28333
2170,10,39,25,0,77994960,3635,77378940,3596,28343
2171,13,39,25,0,78019140,3636,77385600,3595,28356
2172,8,40,25,0,78021300,3636,77387580,3595,28364
2173,17,40,25,0,78038820,3635,77493120,3599,28381
2174,6,40,25,0,78038820,3635,77493120,3599,28387
2175,7,39,25,0,78065280,3636,77508060,3600,28394
2176,16,40,25,0,78083580,3637,77513220,3599,28410
2177,14,40,25,0,78092220,3636,77557860,3601,28424
2178,5,39,25,0,78106860,3637,77561340,3601,28429
2179,10,40,25,0,78124080,3637,77627940,3603,28439
2180,7,39,25,0,78138420,3637,77729040,3607,28446
2181,5,37,25,0,78159360,3637,77773680,3608,28451
2182,5,35,25,0,78172500,3636,78575820,3645,28456
2183,1,33,25,0,78180180,3636,78605580,3646,28457
2184,6,36,25,0,78194640,3636,78608280,3645,28463
2185,4,38,25,0,78203580,3636,78613440,3645,28467
2186,2,37,25,0,78224400,3637,78623400,3645,28469
2187,6,39,25,0,78242760,3637,78628440,3644,28475
2188,4,34,25,0,78257220,3636,78842100,3654,28479
2189,5,31,25,0,78273900,3636,79609680,3688,28484
2190,9,35,25,0,78290400,3636,79611240,3687,28493
2191,9,40,25,0,78294840,3636,79615260,3686,28502
2192,5,39,25,0,78309120,3636,79624200,3686,28507
2193,4,38,25,0,78330660,3637,79636200,3686,28511
2194,8,40,25,0,78339600,3636,79647180,3686,28519
2195,7,34,25,0,78362880,3636,80037000,3704,28526
2196,14,40,25,0,78371400,3636,80062560,3703,28540
2197,18,40,25,0,78377580,3636,80067060,3703,28558
2198,10,40,25,0,78400380,3636,80086020,3703,28568
2199,6,40,25,0,78413880,3636,80098920,3703,28574
2200,12,39,25,0,78426780,3637,80115120,3704,28586
2201,11,40,25,0,78444660,3637,80131860,3704,28597
2202,7,39,25,0,78454560,3637,80141520,3704,28604
2203,12,40,25,0,78467940,3637,80149440,3704,28616
2204,13,40,25,0,78484980,3637,80152980,3704,28629
2205,2,39,25,0,78493440,3637,80194680,3705,28631
2206,11,40,25,0,78519720,3637,80273580,3708,28642
2207,3,38,25,0,78530220,3637,80279100,3707,28645
2208,8,38,25,0,78547560,3637,80283180,3707,28653
2209,3,37,25,0,78556080,3637,80379060,3711,28656
2210,5,38,25,0,78571980,3637,80430480,3712,28661
2211,13,39,25,0,78593100,3637,80449680,3712,28674
2212,5,37,25,0,78606960,3636,80562300,3716,28679
2213,7,39,25,0,78615840,3636,80574240,3716,28686
2214,8,39,25,0,78627060,3636,80580180,3716,28694
2215,10,40,25,0,78640860,3636,80585040,3715,28704
2216,9,40,25,0,78654720,3637,80596440,3716,28713
2217,10,40,25,0,78675180,3637,80617080,3716,28723
2218,12,40,25,0,78692820,3637,80625360,3715,28735
2219,9,40,25,0,78697500,3637,80629620,3715,28744
2220,10,40,25,0,78705240,3637,80633700,3715,28754
2221,15,40,25,0,78730800,3637,80645940,3715,28769
2222,10,37,25,0,78743520,3637,80822220,3722,28779
2223,13,40,25,0,78764280,3637,80826120,3721,28792
2224,12,40,25,0,78764280,3637,80826120,3721,28804
2225,13,39,25,0,78794160,3637,80840280,3721,28817
2226,13,38,25,0,78806400,3637,80858580,3721,28830
2227,5,40,25,0,78812940,3637,80860200,3721,28835
2228,8,40,25,0,78834420,3637,81585420,3753,28843
2229,11,38,25,0,78847800,3637,81811860,3763,28854
2230,6,37,25,0,78865140,3637,82007700,3771,28860
2231,0,35,25,0,78870420,3637,82021980,3772,28860
2232,4,30,25,0,78890160,3636,83144280,3823,28864
2233,6,34,25,0,78901260,3636,83145360,3822,28870
2234,7,40,25,0,78909180,3637,83147220,3821,28877
2235,9,40,25,0,78932340,3637,83157180,3821,28886
2236,2,40,25,0,78945660,3637,83165460,3821,28888
2237,2,38,25,0,78961500,3638,83192160,3821,28890
2238,9,40,25,0,78968820,3638,83209740,3822,28899
2239,6,40,25,0,78991980,3638,83225880,3822,28905
2240,6,40,25,0,78998160,3638,83231220,3822,28911
2241,8,39,25,0,79023540,3638,83278200,3822,28919
2242,7,40,25,0,79028700,3638,83279820,3822,28926
2243,5,40,25,0,79043340,3638,83283240,3822,28931
2244,11,39,25,0,79061100,3639,83287680,3822,28942
2245,10,40,25,0,79073940,3639,83302620,3822,28952
2246,8,36,25,0,79099380,3639,83477760,3830,28960
2247,7,40,25,0,79102860,3639,83478540,3829,28967
2248,7,40,25,0,79114440,3639,83481120,3829,28974
2249,7,40,25,0,79132860,3639,83491080,3828,28981
2250,9,40,25,0,79150380,3639,83495580,3828,28990
2251,5,40,25,0,79153500,3639,83498760,3828,28995
2252,4,35,25,0,79182540,3639,83961120,3848,28999
2253,9,40,25,0,79183860,3639,83962080,3848,29008
2254,2,38,25,0,79208100,3640,83974920,3848,29010
2255,7,39,25,0,79222500,3639,84012960,3848,29017
2256,4,39,25,0,79235460,3639,84017880,3848,29021
2257,6,40,25,0,79246020,3639,84021300,3848,29027
2258,3,39,25,0,79260300,3640,84041820,3848,29030
2259,7,40,25,0,79276620,3640,84229260,3856,29037
2260,7,40,25,0,79288620,3640,84231060,3856,29044
2261,6,39,25,0,79310460,3640,84319080,3858,29050
2262,8,39,25,0,79323540,3640,84328080,3858,29058
2263,6,38,25,0,79331580,3640,84336420,3858,29064
2264,12,40,25,0,79350720,3640,84426960,3861,29076
2265,8,40,25,0,79357020,3640,84432480,3862,29084
2266,9,40,25,0,79374480,3640,84483360,3864,29093
2267,11,40,24,1,79389360,3641,84485160,3863,29104
2268,12,40,24,1,79403100,3641,84493260,3863,29116
2269,17,40,25,0,79412760,3641,84532140,3864,29133
2270,12,40,25,0,79424640,3641,84558480,3865,29145
2271,2,29,25,0,79454460,3640,87086400,3980,29147
2272,8,28,25,0,79464360,3639,89630400,4095,29155
2273,13,38,25,0,79473120,3639,89632440,4094,29168
2274,9,40,25,0,79479420,3639,89633520,4093,29177
2275,9,39,25,0,79499940,3640,89649300,4093,29186
2276,11,40,25,0,79508640,3640,89656440,4093,29197
2277,5,40,25,0,79523040,3640,89676600,4093,29202
2278,7,40,25,0,79547040,3641,89723520,4095,29209
2279,5,40,25,0,79553100,3641,89728620,4094,29214
2280,5,38,25,0,79580700,3641,89758920,4095,29219
2281,5,38,25,0,79593840,3641,89823480,4097,29224
2282,3,35,25,0,79607580,3641,89942880,4102,29227
2283,3,25,25,0,79625940,3639,92137020,4201,29230
2284,5,22,25,0,79637460,3638,94455540,4306,29235
2285,4,21,25,0,79647960,3638,96221700,4386,29239
2286,6,23,25,0,79657080,3638,96615300,4403,29245
2287,5,24,25,0,79676940,3638,96619860,4402,29250
2288,8,30,25,0,79686720,3638,96620640,4400,29258
2289,8,35,25,0,79702440,3638,96629460,4399,29266
2290,6,39,24,1,79717380,3639,96639420,4399,29272
2291,8,40,25,0,79717380,3639,96644220,4399,29280
2292,10,40,25,0,79744500,3639,96670800,4399,29290
2293,15,40,25,0,79752540,3640,96682380,4400,29305
2294,20,40,25,0,79773360,3640,96696360,4399,29325
2295,12,39,25,0,79782180,3640,96701340,4399,29337
2296,11,40,25,0,79795920,3640,96709620,4399,29348
2297,5,37,25,0,79813980,3640,96780900,4402,29353
2298,8,38,25,0,79836840,3640,96917460,4407,29361
2299,13,40,25,0,79840080,3640,96920400,4406,29374
2300,10,38,25,0,79865160,3641,96941160,4407,29384
2301,3,39,25,0,79872960,3641,96948780,4407,29387
2302,8,40,25,0,79887240,3641,97002660,4408,29395
2303,6,40,25,0,79898160,3641,97010820,4408,29401
2304,4,40,25,0,79915260,3641,97023000,4408,29405
2305,4,36,25,0,79936980,3641,97304280,4420,29409
2306,4,31,25,0,79951920,3641,97993860,4451,29413
2307,8,37,25,0,79957920,3641,97996140,4449,29421
2308,2,38,25,0,79965060,3641,97997400,4449,29423
2309,6,40,25,0,79982640,3641,97999740,4449,29429
2310,7,40,25,0,79999620,3642,98020620,4449,29436
2311,16,40,25,0,80015940,3642,98036580,4449,29452
2312,10,39,25,0,80033160,3642,98051160,4449,29462
2313,5,39,25,0,80045400,3642,98058360,4449,29467
2314,6,40,25,0,80052780,3642,98059380,4448,29473
2315,9,40,25,0,80068260,3642,98063400,4448,29482
2316,7,38,25,0,80093040,3642,98080800,4448,29489
2317,16,40,25,0,80103600,3642,98083920,4447,29505
2318,5,37,25,0,80123700,3642,98245920,4453,29510
2319,9,40,25,0,80127780,3642,98264280,4454,29519
2320,8,39,25,0,80145060,3642,98345040,4456,29527
2321,6,35,25,0,80165100,3641,98790420,4476,29533
2322,7,37,25,0,80175480,3641,98795940,4474,29540
2323,14,40,25,0,80194080,3641,98808960,4474,29554
2324,10,40,25,0,80200380,3641,98811660,4473,29564
2325,6,37,25,0,80223600,3641,98841300,4474,29570
2326,10,39,25,0,80230560,3641,98844900,4473,29580
2327,6,40,25,0,80246580,3641,98847060,4472,29586
2328,6,40,25,0,80261220,3641,98921160,4475,29592
2329,8,40,25,0,80275020,3641,98928480,4474,29600
2330,4,39,25,0,80279280,3641,98934840,4474,29604
2331,4,34,25,0,80310660,3641,99212100,4486,29608
2332,6,35,25,0,80318640,3640,99377940,4492,29614
2333,6,39,25,0,80327820,3640,99380220,4491,29620
2334,12,40,25,0,80337840,3640,99384420,4491,29632
2335,7,40,25,0,80356020,3641,99399120,4491,29639
2336,8,39,25,0,80377920,3641,99414900,4491,29647
2337,8,40,25,0,80392620,3641,99419280,4490,29655
2338,7,39,25,0,80409480,3641,99422760,4489,29662
2339,5,40,25,0,80416380,3641,99426720,4489,29667
2340,8,37,25,0,80433660,3641,99646260,4499,29675
2341,16,40,25,0,80449740,3641,99699300,4499,29691
2342,9,40,25,0,80466000,3641,99828540,4504,29700
2343,12,40,25,0,80473560,3641,99830100,4503,29712
2344,9,39,25,0,80493240,3641,99880020,4504,29721
2345,6,40,25,0,80505060,3640,100029660,4511,29727
2346,11,40,25,0,80513160,3640,100032300,4510,29738
2347,8,40,25,0,80535660,3641,100040100,4509,29746
2348,6,33,25,0,80556360,3640,100400280,4525,29752
2349,7,32,25,0,80565840,3639,101061300,4553,29759
2350,4,33,25,0,80576640,3639,101063280,4553,29763
2351,3,35,25,0,80582820,3639,101070540,4552,29766
2352,7,39,25,0,80604240,3640,101072280,4551,29773
2353,5,39,25,0,80617080,3640,101074800,4550,29778
2354,12,39,25,0,80631780,3640,101081760,4550,29790
2355,12,40,25,0,80643180,3640,101104560,4551,29802
2356,28,40,25,0,80654640,3640,101132580,4551,29830
2357,31,40,25,0,80663520,3640,101168880,4553,29861
2358,33,40,25,0,80697300,3641,101216100,4554,29894
2359,27,40,25,0,80711280,3641,101221680,4553,29921
2360,30,40,25,0,80719260,3641,101224860,4553,29951
2361,30,39,25,0,80731680,3641,101228460,4552,29981
2362,31,40,25,0,80748240,3641,101241960,4552,30012
2363,31,40,25,0,80757420,3641,101322540,4555,30043
2364,32,40,25,0,80780820,3641,101363700,4555,30075
2365,35,40,25,0,80798460,3641,101398620,4556,30110
2366,39,40,25,0,80805240,3641,101407920,4556,30149
2367,32,40,25,0,80825100,3641,101418660,4555,30181
2368,30,40,25,0,80841060,3640,101425260,4554,30211
2369,35,40,25,0,80841060,3640,101425260,4554,30246
2370,36,40,25,0,80860560,3640,101441100,4554,30282
2371,33,40,25,0,80880840,3640,101512140,4556,30315
2372,35,40,25,0,80891340,3640,101586660,4558,30350
2373,30,40,25,0,80912280,3640,101591040,4558,30380
2374,33,40,25,0,80919240,3640,101598300,4557,30413
2375,33,40,25,0,80929620,3640,101604180,4557,30446
2376,30,39,25,0,80944140,3640,101614500,4557,30476
2377,26,40,25,0,80964960,3641,101617020,4556,30502
2378,37,40,25,0,80964960,3641,101617020,4556,30539
2379,21,40,25,0,80990520,3641,101636580,4557,30560
2380,29,40,25,0,81013260,3641,101703060,4558,30589
2381,40,40,25,0,81017880,3641,101748480,4560,30629
2382,37,40,25,0,81044340,3641,101894520,4565,30666
2383,22,40,25,0,81054180,3641,101997660,4569,30688
2384,35,40,25,0,81068760,3641,101999520,4568,30723
2385,29,40,25,0,81077520,3641,102003660,4568,30752
2386,31,39,25,0,81102660,3641,102042300,4568,30783
2387,38,40,25,0,81111780,3641,102048600,4567,30821
2388,31,40,25,0,81124920,3641,102055680,4568,30852
2389,31,40,25,0,81125940,3641,102056640,4567,30883
2390,35,40,25,0,81146700,3641,102092220,4568,30918
2391,29,40,25,0,81170340,3642,102259200,4575,30947
2392,35,40,25,0,81175560,3641,102271800,4575,30982
2393,34,40,25,0,81200700,3641,102311640,4575,31016
2394,34,40,25,0,81210120,3641,102319020,4574,31050
2395,37,40,25,0,81228660,3641,102390900,4577,31087
2396,31,40,25,0,81238860,3641,102411180,4577,31118
2397,33,40,25,0,81242460,3641,102414780,4577,31151
2398,38,40,25,0,81261300,3641,102418080,4576,31189
2399,30,40,25,0,81277500,3641,102436140,4576,31219

