Hour,Arrivals,Waiting,Treating,Available Rooms,Total Treatment Time,Average Treatment Time,Total Wait Time,Average Wait Time,Total Arrivals
1,2,0,2,23,0,0,0,0,2
2,5,0,4,21,2580,860,0,0,7
3,6,0,7,18,12360,2060,0,0,13
4,2,0,3,22,29520,2460,0,0,15
5,3,0,2,23,51900,3243,0,0,18
6,5,0,4,21,59400,3126,0,0,23
7,7,0,8,17,68280,3103,0,0,30
8,8,0,8,17,90240,3008,0,0,38
9,11,0,8,17,136860,3338,0,0,49
10,9,0,10,15,164640,3430,0,0,58
11,10,0,8,17,192660,3211,0,0,68
12,8,0,6,19,223380,3191,0,0,76
13,16,0,12,13,248700,3108,0,0,92
14,17,0,17,8,272940,2966,0,0,109
15,7,0,10,15,324480,3061,0,0,116
16,12,0,12,13,363120,3130,0,0,128
17,13,0,12,13,402300,3118,0,0,141
18,8,0,9,16,445680,3183,0,0,149
19,5,0,4,21,487560,3250,0,0,154
20,10,0,7,18,509460,3244,0,0,164
21,7,0,8,17,520260,3191,0,0,171
22,6,0,6,19,559440,3271,0,0,177
23,4,0,4,21,586620,3314,0,0,181
24,7,0,8,17,599700,3331,0,0,188
25,4,0,7,18,617460,3337,0,0,192
26,6,0,4,21,647160,3335,0,0,198
27,7,0,6,19,665040,3341,0,0,205
28,4,0,7,18,678420,3358,0,0,209
29,11,0,11,14,705960,3377,0,0,220
30,3,0,8,17,731820,3403,0,0,223
31,6,0,7,18,768780,3462,0,0,229
32,7,0,7,18,794640,3470,0,0,236
33,11,0,9,16,815160,3425,0,0,247
34,9,0,9,16,847200,3429,0,0,256
35,12,0,11,14,878460,3418,0,0,268
36,8,0,7,18,924600,3437,0,0,276
37,9,0,6,19,958020,3433,0,0,285
38,17,0,14,11,975900,3388,0,0,302
39,13,0,13,12,1021800,3383,0,0,315
40,11,0,12,13,1065120,3392,0,0,326
41,8,0,8,17,1112880,3413,0,0,334
42,14,0,9,16,1154040,3404,0,0,348
43,10,0,8,17,1185600,3387,0,0,358
44,6,0,7,18,1212600,3396,0,0,364
45,8,0,8,17,1238580,3402,0,0,372
46,7,0,7,18,1261260,3390,0,0,379
47,3,0,4,21,1285620,3401,0,0,382
48,4,0,5,20,1303680,3421,0,0,386
49,13,0,13,12,1314540,3405,0,0,399
50,6,0,6,19,1358160,3403,0,0,405
51,4,0,4,21,1387620,3426,0,0,409
52,4,0,4,21,1399020,3420,0,0,413
53,7,0,7,18,1418880,3435,0,0,420
54,5,0,9,16,1430880,3439,0,0,425
55,8,0,5,20,1475880,3448,0,0,433
56,8,0,8,17,1493280,3448,0,0,441
57,9,0,8,17,1513200,3423,0,0,450
58,7,0,6,19,1545360,3426,0,0,457
59,5,0,5,20,1568940,3433,0,0,462
60,6,0,5,20,1589040,3432,0,0,468
61,14,0,13,12,1604580,3421,0,0,482
62,8,0,11,14,1635420,3414,0,0,490
63,9,0,8,17,1697400,3457,0,0,499
64,11,0,10,15,1728660,3457,0,0,510
65,7,0,8,17,1758960,3455,0,0,517
66,9,0,9,16,1782780,3448,0,0,526
67,5,0,6,19,1815840,3458,0,0,531
68,7,0,7,18,1833000,3451,0,0,538
69,6,0,5,20,1874520,3477,0,0,544
70,11,0,6,19,1895580,3452,0,0,555
71,1,0,3,22,1910280,3454,0,0,556
72,8,0,5,20,1930560,3453,0,0,564
73,4,0,3,22,1940160,3433,0,0,568
74,7,0,6,19,1957020,3439,0,0,575
75,4,0,5,20,1965960,3425,0,0,579
76,9,0,7,18,1992360,3429,0,0,588
77,8,0,7,18,2010540,3413,0,0,596
78,9,0,8,17,2042280,3420,0,0,605
79,8,0,9,16,2058360,3407,0,0,613
80,5,0,6,19,2092140,3418,0,0,618
81,14,0,15,10,2108460,3417,0,0,632
82,12,0,13,12,2157660,3419,0,0,644
83,11,0,17,8,2182920,3421,0,0,655
84,10,0,10,15,2258340,3447,0,0,665
85,4,0,6,19,2289660,3453,0,0,669
86,8,0,7,18,2319120,3461,0,0,677
87,10,0,12,13,2331000,3453,0,0,687
88,9,0,12,13,2370000,3464,0,0,696
89,6,0,7,18,2419740,3481,0,0,702
90,11,0,10,15,2436600,3466,0,0,713
91,11,0,9,16,2481120,3470,0,0,724
92,7,0,9,16,2510940,3477,0,0,731
93,13,0,12,13,2551800,3486,0,0,744
94,3,0,6,19,2584620,3488,0,0,747
95,6,0,9,16,2597400,3491,0,0,753
96,5,0,9,16,2626560,3506,0,0,758
97,2,0,4,21,2665020,3525,0,0,760
98,5,0,7,18,2675460,3529,0,0,765
99,14,0,12,13,2707860,3530,0,0,779
100,4,0,9,16,2738340,3537,0,0,783
101,7,0,7,18,2775120,3544,0,0,790
102,6,0,6,19,2816340,3564,0,0,796
103,3,0,3,22,2842380,3570,0,0,799
104,11,0,10,15,2853060,3566,0,0,810
105,9,0,12,13,2869560,3555,0,0,819
106,14,0,14,11,2908080,3550,0,0,833
107,6,0,11,14,2941860,3552,0,0,839
108,15,0,15,10,3008400,3585,0,0,854
109,9,0,12,13,3053400,3588,0,0,863
110,16,0,11,14,3115080,3588,0,0,879
111,7,0,9,16,3137280,3577,0,0,886
112,10,0,7,18,3192240,3590,0,0,896
113,7,0,9,16,3212280,3593,0,0,903
114,9,0,10,15,3241860,3594,0,0,912
115,12,0,11,14,3276360,3588,0,0,924
116,9,0,10,15,3308220,3584,0,0,933
117,9,0,9,16,3353880,3594,0,0,942
118,9,0,6,19,3394200,3591,0,0,951
119,4,0,4,21,3407580,3583,0,0,955
120,7,0,9,16,3422160,3590,0,0,962
121,6,0,5,20,3455400,3588,0,0,968
122,7,0,8,17,3471960,3590,0,0,975
123,5,0,3,22,3510240,3592,0,0,980
124,5,0,5,20,3518160,3589,0,0,985
125,7,0,6,19,3545040,3595,0,0,992
126,4,0,4,21,3566580,3595,0,0,996
127,8,0,7,18,3585660,3596,0,0,1004
128,12,0,13,12,3598440,3587,0,0,1016
129,4,0,7,18,3637920,3591,0,0,1020
130,8,0,11,14,3647700,3586,0,0,1028
131,8,0,10,15,3688260,3594,0,0,1036
132,7,0,6,19,3741780,3608,0,0,1043
133,9,0,7,18,3777600,3614,0,0,1052
134,6,0,6,19,3796800,3609,0,0,1058
135,7,0,7,18,3817260,3607,0,0,1065
136,4,0,4,21,3844080,3609,0,0,1069
137,4,0,3,22,3861480,3608,0,0,1073
138,7,0,7,18,3865500,3602,0,0,1080
139,5,0,6,19,3894540,3609,0,0,1085
140,11,0,11,14,3920520,3613,0,0,1096
141,2,0,5,20,3957240,3620,0,0,1098
142,7,0,5,20,3990840,3628,0,0,1105
143,4,0,5,20,4006680,3629,0,0,1109
144,9,0,9,16,4020720,3625,0,0,1118
145,1,0,2,23,4050420,3626,0,0,1119
146,8,0,3,22,4065720,3617,0,0,1127
147,4,0,4,21,4079460,3619,0,0,1131
148,4,0,3,22,4096200,3618,0,0,1135
149,2,0,3,22,4101900,3617,0,0,1137
150,8,0,4,21,4118040,3609,0,0,1145
151,8,0,7,18,4128960,3602,0,0,1153
152,13,0,9,16,4156200,3592,0,0,1166
153,14,0,11,14,4195920,3589,0,0,1180
154,6,0,11,14,4223760,3594,0,0,1186
155,9,0,10,15,4257720,3593,0,0,1195
156,6,0,6,19,4291440,3591,0,0,1201
157,6,0,7,18,4321680,3601,0,0,1207
158,9,0,11,14,4332480,3595,0,0,1216
159,9,0,12,13,4366740,3599,0,0,1225
160,12,0,14,11,4416060,3610,0,0,1237
161,8,0,9,16,4464000,3611,0,0,1245
162,11,0,9,16,4501440,3609,0,0,1256
163,6,0,6,19,4521240,3599,0,0,1262
164,5,0,8,17,4541760,3607,0,0,1267
165,9,0,10,15,4578360,3616,0,0,1276
166,9,0,8,17,4611780,3611,0,0,1285
167,5,0,5,20,4645080,3614,0,0,1290
168,5,0,9,16,4651740,3617,0,0,1295
169,6,0,3,22,4694640,3616,0,0,1301
170,8,0,5,20,4712880,3614,0,0,1309
171,3,0,3,22,4726860,3611,0,0,1312
172,13,0,12,13,4741140,3610,0,0,1325
173,4,0,7,18,4767660,3606,0,0,1329
174,9,0,10,15,4798800,3613,0,0,1338
175,8,0,13,12,4814220,3611,0,0,1346
176,7,0,4,21,4895760,3629,0,0,1353
177,6,0,8,17,4902720,3628,0,0,1359
178,12,0,13,12,4928700,3629,0,0,1371
179,10,0,12,13,4974240,3633,0,0,1381
180,11,0,11,14,5023020,3637,0,0,1392
181,17,0,14,11,5070300,3634,0,0,1409
182,13,0,14,11,5127060,3641,0,0,1422
183,10,0,12,13,5167560,3639,0,0,1432
184,12,0,11,14,5212980,3637,0,0,1444
185,10,0,10,15,5256780,3640,0,0,1454
186,8,0,11,14,5282940,3640,0,0,1462
187,19,0,14,11,5334120,3636,0,0,1481
188,5,0,10,15,5370840,3638,0,0,1486
189,4,0,6,19,5419980,3652,0,0,1490
190,5,0,4,21,5448300,3654,0,0,1495
191,6,0,5,20,5464380,3652,0,0,1501
192,5,0,6,19,5485260,3656,0,0,1506
193,0,0,0,25,5511480,3659,0,0,1506
194,7,0,5,20,5513220,3655,0,0,1513
195,2,0,1,24,5529420,3652,0,0,1515
196,1,0,1,24,5531400,3651,0,0,1516
197,7,0,4,21,5541660,3648,0,0,1523
198,9,0,10,15,5547540,3644,0,0,1532
199,5,0,6,19,5591100,3651,0,0,1537
200,6,0,6,19,5608800,3649,0,0,1543
201,12,0,9,16,5637060,3646,0,0,1555
202,6,0,9,16,5659500,3646,0,0,1561
203,14,0,14,11,5700480,3651,0,0,1575
204,11,0,12,13,5734680,3643,0,0,1586
205,10,0,8,17,5788500,3645,0,0,1596
206,11,0,10,15,5815980,3641,0,0,1607
207,9,0,9,16,5848200,3639,0,0,1616
208,13,0,17,8,5870160,3641,0,0,1629
209,8,0,11,14,5921820,3641,0,0,1637
210,5,0,6,19,5961540,3643,0,0,1642
211,6,0,6,19,5984280,3644,0,0,1648
212,4,0,2,23,6021600,3649,0,0,1652
213,6,0,5,20,6030720,3648,0,0,1658
214,5,0,5,20,6045780,3646,0,0,1663
215,4,0,3,22,6073440,3649,0,0,1667
216,3,0,3,22,6085380,3650,0,0,1670
217,4,0,4,21,6091080,3647,0,0,1674
218,4,0,4,21,6100320,3644,0,0,1678
219,4,0,2,23,6135900,3652,0,0,1682
220,3,0,4,21,6136740,3650,0,0,1685
221,3,0,4,21,6153420,3654,0,0,1688
222,5,0,7,18,6157980,3652,0,0,1693
223,7,0,8,17,6177660,3651,0,0,1700
224,14,0,10,15,6216240,3648,0,0,1714
225,10,0,10,15,6245880,3644,0,0,1724
226,3,0,8,17,6272160,3648,0,0,1727
227,12,0,10,15,6313680,3651,0,0,1739
228,4,0,8,17,6340260,3654,0,0,1743
229,12,0,13,12,6366540,3654,0,0,1755
230,13,0,14,11,6402780,3650,0,0,1768
231,6,0,7,18,6470100,3661,0,0,1774
232,13,0,13,12,6495840,3661,0,0,1787
233,12,0,12,13,6551400,3666,0,0,1799
234,12,0,12,13,6575700,3655,0,0,1811
235,3,0,5,20,6618540,3658,0,0,1814
236,10,0,10,15,6651480,3666,0,0,1824
237,14,0,13,12,6668580,3654,0,0,1838
238,7,0,7,18,6727440,3660,0,0,1845
239,9,0,8,17,6760080,3662,0,0,1854
240,10,0,6,19,6785220,3651,0,0,1864
241,7,0,5,20,6806520,3647,0,0,1871
242,5,0,2,23,6829740,3644,0,0,1876
243,6,0,4,21,6832500,3638,0,0,1882
244,6,0,6,19,6842640,3635,0,0,1888
245,4,0,6,19,6863460,3639,0,0,1892
246,7,0,5,20,6889620,3637,0,0,1899
247,9,0,8,17,6910500,3637,0,0,1908
248,7,0,8,17,6930780,3634,0,0,1915
249,11,0,9,16,6968640,3635,0,0,1926
250,8,0,11,14,6991800,3635,0,0,1934
251,9,0,8,17,7046580,3641,0,0,1943
252,15,0,11,14,7071900,3632,0,0,1958
253,9,0,6,19,7117740,3629,0,0,1967
254,7,0,6,19,7139460,3627,0,0,1974
255,13,0,9,16,7177320,3628,0,0,1987
256,13,0,11,14,7218480,3629,0,0,2000
257,6,0,7,18,7247040,3625,0,0,2006
258,7,0,8,17,7280820,3631,0,0,2013
259,8,0,5,20,7311360,3626,0,0,2021
260,4,0,4,21,7329780,3626,0,0,2025
261,6,0,5,20,7346520,3626,0,0,2031
262,0,0,1,24,7363500,3627,0,0,2031
263,4,0,4,21,7368720,3628,0,0,2035
264,3,0,4,21,7375740,3626,0,0,2038
265,3,0,6,19,7377180,3625,0,0,2041
266,2,0,1,24,7409520,3628,0,0,2043
267,7,0,5,20,7412880,3624,0,0,2050
268,2,0,2,23,7437060,3627,0,0,2052
269,8,0,5,20,7445100,3622,0,0,2060
270,7,0,8,17,7460520,3623,0,0,2067
271,1,0,2,23,7484280,3622,0,0,2068
272,7,0,6,19,7493100,3621,0,0,2075
273,10,0,8,17,7511280,3616,0,0,2085
274,14,0,9,16,7550640,3612,0,0,2099
275,6,0,7,18,7573680,3609,0,0,2105
276,13,0,12,13,7604040,3610,0,0,2118
277,14,0,13,12,7646160,3608,0,0,2132
278,13,0,13,12,7699440,3611,0,0,2145
279,13,0,16,9,7731480,3609,0,0,2158
280,14,0,16,9,7793580,3614,0,0,2172
281,12,0,14,11,7849260,3617,0,0,2184
282,15,0,15,10,7911240,3622,0,0,2199
283,13,0,17,8,7947240,3620,0,0,2212
284,6,0,10,15,8013300,3629,0,0,2218
285,4,0,5,20,8050200,3631,0,0,2222
286,6,0,3,22,8078400,3630,0,0,2228
287,6,0,6,19,8094960,3633,0,0,2234
288,7,0,6,19,8116140,3631,0,0,2241
289,4,0,2,23,8155560,3636,0,0,2245
290,7,0,4,21,8166720,3632,0,0,2252
291,8,0,9,16,8172780,3630,0,0,2260
292,6,0,11,14,8192940,3633,0,0,2266
293,5,0,8,17,8227860,3635,0,0,2271
294,6,0,8,17,8261160,3640,0,0,2277
295,13,0,12,13,8294040,3640,0,0,2290
296,3,0,3,22,8350020,3646,0,0,2293
297,14,0,9,16,8368920,3641,0,0,2307
298,7,0,7,18,8397360,3639,0,0,2314
299,17,0,15,10,8419500,3635,0,0,2331
300,14,0,17,8,8461380,3634,0,0,2345
301,13,0,18,7,8505360,3634,0,0,2358
302,6,0,10,15,8573820,3642,0,0,2364
303,8,0,10,15,8600460,3641,0,0,2372
304,10,0,8,17,8648760,3643,0,0,2382
305,10,0,9,16,8677620,3641,0,0,2392
306,14,0,11,14,8719500,3640,0,0,2406
307,9,0,8,17,8760660,3639,0,0,2415
308,5,0,6,19,8782740,3638,0,0,2420
309,4,0,6,19,8810820,3643,0,0,2424
310,9,0,7,18,8837400,3642,0,0,2433
311,10,0,12,13,8858460,3643,0,0,2443
312,3,0,5,20,8906400,3648,0,0,2446
313,5,0,5,20,8927460,3649,0,0,2451
314,1,0,3,22,8948280,3653,0,0,2452
315,7,0,5,20,8967780,3654,0,0,2459
316,5,0,2,23,8985900,3649,0,0,2464
317,5,0,5,20,8990820,3648,0,0,2469
318,10,0,11,14,9004680,3648,0,0,2479
319,7,0,9,16,9042900,3650,0,0,2486
320,6,0,8,17,9073200,3652,0,0,2492
321,11,0,7,18,9106500,3648,0,0,2503
322,12,0,12,13,9126540,3646,0,0,2515
323,16,0,19,6,9162780,3647,0,0,2531
324,8,0,13,12,9211980,3646,0,0,2539
325,13,0,7,18,9282120,3647,0,0,2552
326,12,0,11,14,9296820,3641,0,0,2564
327,11,0,11,14,9343620,3644,0,0,2575
328,13,0,14,11,9369900,3640,0,0,2588
329,7,0,7,18,9418260,3639,0,0,2595
330,11,0,11,14,9448620,3641,0,0,2606
331,4,0,4,21,9483780,3639,0,0,2610
332,7,0,6,19,9508740,3641,0,0,2617
333,6,0,4,21,9529260,3638,0,0,2623
334,4,0,4,21,9542520,3638,0,0,2627
335,8,0,9,16,9558300,3639,0,0,2635
336,4,0,5,20,9595020,3642,0,0,2639
337,2,0,2,23,9619320,3645,0,0,2641
338,12,0,11,14,9628980,3644,0,0,2653
339,33,2,25,0,9660900,3633,1380,0,2686
340,26,13,22,3,9736140,3636,13980,5,2712
341,37,40,15,10,9814500,3648,21060,7,2749
342,31,40,17,8,9879120,3660,52980,19,2780
343,37,40,24,1,9918000,3665,91440,33,2817
344,30,38,25,0,9988860,3672,163020,58,2847
345,26,37,25,0,10116360,3684,328800,117,2873
346,33,40,25,0,10193340,3681,344940,121,2906
347,28,21,25,0,10291140,3661,678480,237,2934
348,39,34,25,0,10374000,3656,710760,245,2973
349,37,40,24,1,10443780,3661,724020,248,3010
350,28,40,18,7,10533300,3670,751440,256,3038
351,39,40,23,2,10602660,3658,920400,311,3077
352,33,34,25,0,10696020,3665,957300,321,3110
353,25,19,25,0,10791900,3648,1311600,436,3135
354,37,32,25,0,10869300,3644,1372020,452,3172
355,37,40,22,3,10922580,3648,1382640,453,3209
356,25,37,25,0,11037960,3662,1432380,465,3234
357,22,23,25,0,11159520,3658,1793220,579,3256
358,32,24,25,0,11220420,3641,1976400,632,3288
359,28,34,25,0,11304900,3647,1990860,631,3316
360,37,40,25,0,11394180,3653,2006700,630,3353
361,34,36,25,0,11487120,3652,2056260,641,3387
362,29,37,25,0,11577120,3648,2194080,678,3416
363,35,36,25,0,11686500,3653,2246100,689,3451
364,33,40,25,0,11756760,3647,2258760,687,3484
365,24,28,25,0,11856120,3645,2481240,750,3508
366,35,19,25,0,11957340,3627,2978100,891,3543
367,34,40,15,10,12036180,3626,2980020,883,3577
368,32,39,16,9,12086280,3632,2995380,885,3609
369,35,40,25,0,12127140,3636,3031680,891,3644
370,38,39,25,0,12254040,3645,3065940,895,3682
371,32,40,25,0,12339900,3642,3149820,912,3714
372,29,37,25,0,12414420,3643,3169200,913,3743
373,31,39,25,0,12528000,3646,3221940,920,3774
374,40,39,25,0,12600120,3651,3228300,918,3814
375,26,31,25,0,12704160,3647,3442320,973,3840
376,27,37,25,0,12781860,3649,3461400,971,3867
377,29,39,25,0,12877800,3650,3579600,996,3896
378,27,37,25,0,12955560,3655,3641640,1009,3923
379,34,38,25,0,13069080,3660,3673440,1011,3957
380,30,38,21,4,13153320,3659,3715980,1017,3987
381,32,40,17,8,13212960,3657,3762240,1025,4019
382,33,38,22,3,13274940,3661,3918480,1064,4052
383,31,40,13,12,13348380,3666,3927960,1063,4083
384,26,38,23,2,13398480,3663,4030740,1085,4109
385,34,40,25,0,13469400,3669,4043880,1082,4143
386,32,37,25,0,13571160,3673,4089240,1089,4175
387,39,40,25,0,13666620,3673,4143900,1095,4214
388,30,36,23,2,13734540,3673,4260720,1122,4244
389,34,36,25,0,13832700,3674,4302480,1124,4278
390,31,35,25,0,13929900,3668,4388220,1137,4309
391,31,33,25,0,14007360,3663,4489320,1156,4340
392,27,39,18,7,14090340,3666,4494660,1152,4367
393,26,40,16,9,14155380,3666,4591800,1172,4393
394,27,29,25,0,14232420,3669,4924620,1252,4420
395,33,40,18,7,14311200,3663,5142180,1297,4453
396,34,40,21,4,14368500,3668,5160900,1297,4487
397,33,40,25,0,14430660,3664,5244240,1310,4520
398,29,35,25,0,14531940,3672,5271300,1312,4549
399,20,36,20,5,14618940,3672,5392980,1336,4569
400,29,40,24,1,14685660,3677,5407860,1333,4598
401,34,32,24,1,14797380,3684,5542980,1361,4632
402,27,33,21,4,14851620,3671,6459060,1578,4659
403,37,33,25,0,14944860,3678,6491220,1575,4696
404,33,40,21,4,15014640,3680,6501780,1570,4729
405,26,39,25,0,15102480,3688,6533700,1570,4755
406,31,39,25,0,15172920,3689,6550320,1568,4786
407,35,40,18,7,15259080,3693,6556260,1565,4821
408,35,40,24,1,15344400,3692,6775020,1606,4856
409,34,40,22,3,15403920,3694,6784920,1604,4890
410,33,40,20,5,15524880,3700,6808500,1600,4923
411,28,40,18,7,15557340,3702,6815400,1600,4951
412,40,38,25,0,15683400,3711,6930480,1616,4991
413,28,35,21,4,15759900,3707,6992340,1623,5019
414,38,40,14,11,15813180,3702,7161180,1657,5057
415,30,37,20,5,15881460,3710,7190280,1657,5087
416,34,38,25,0,15961980,3714,7234020,1660,5121
417,29,40,17,8,16033020,3711,7294380,1667,5150
418,27,32,18,7,16106160,3712,7437000,1694,5177
419,29,29,25,0,16154760,3702,8763540,1984,5206
420,28,40,21,4,16229280,3707,8767500,1975,5234
421,19,40,15,10,16315200,3717,8778660,1975,5253
422,32,38,25,0,16406940,3722,8959020,2004,5285
423,39,40,15,10,16469580,3721,8962740,2000,5324
424,31,40,18,7,16549740,3727,9038160,2010,5355
425,30,40,14,11,16585560,3728,9045300,2009,5385
426,42,40,21,4,16649280,3723,9110880,2011,5427
427,37,40,25,0,16735260,3723,9256080,2030,5464
428,31,40,25,0,16803000,3724,9269340,2026,5495
429,43,40,19,6,16890780,3727,9305640,2027,5538
430,29,39,10,15,16977600,3732,9350700,2034,5567
431,29,37,25,0,17034420,3735,9412920,2036,5596
432,38,40,25,0,17097120,3731,9476640,2040,5634
433,34,35,25,0,17190180,3721,9785160,2091,5668
434,25,40,19,6,17271960,3720,10033560,2134,5693
435,25,37,25,0,17349900,3727,10076160,2137,5718
436,32,39,24,1,17436000,3723,10196160,2148,5750
437,25,37,25,0,17520000,3726,10207140,2143,5775
438,31,33,25,0,17620980,3726,10383480,2170,5806
439,30,28,25,0,17722140,3720,10694820,2220,5836
440,30,40,15,10,17791920,3719,10918320,2256,5866
441,23,38,22,3,17855520,3724,10954500,2256,5889
442,23,30,25,0,17925600,3725,11154780,2292,5912
443,28,22,25,0,18023880,3718,12281160,2509,5940
444,33,34,25,0,18112020,3720,12287640,2494,5973
445,39,40,25,0,18189120,3723,12301140,2485,6012
446,35,40,25,0,18281220,3723,12388080,2491,6047
447,30,40,25,0,18362460,3720,12462060,2492,6077
448,39,39,25,0,18469260,3720,12516540,2489,6116
449,27,38,23,2,18544680,3714,12630480,2500,6143
450,34,40,25,0,18629280,3719,12645660,2492,6177
451,35,40,24,1,18712560,3717,12687840,2489,6212
452,36,40,18,7,18799260,3718,12699300,2484,6248
453,36,32,25,0,18898080,3715,13102620,2547,6284
454,32,40,25,0,18966180,3713,13128360,2538,6316
455,24,37,25,0,19051440,3715,13208280,2544,6340
456,40,38,24,1,19137120,3715,13250100,2542,6380
457,36,36,25,0,19251360,3720,13271400,2534,6416
458,24,31,25,0,19322280,3712,13402440,2548,6440
459,24,36,21,4,19397280,3713,13466640,2550,6464
460,39,37,25,0,19485960,3716,13491540,2543,6503
461,30,39,25,0,19578420,3715,13551300,2541,6533
462,35,38,25,0,19663140,3714,13627680,2546,6568
463,36,39,25,0,19756440,3708,13869600,2573,6604
464,33,36,25,0,19856100,3707,13911480,2568,6637
465,32,40,14,11,19910760,3705,13916820,2564,6669
466,20,19,25,0,20009880,3703,15445140,2836,6689
467,28,22,21,4,20060700,3693,15727260,2875,6717
468,36,35,25,0,20165880,3699,15749340,2857,6753
469,24,32,25,0,20267940,3701,15780240,2852,6777
470,25,40,19,6,20331240,3701,15792360,2844,6802
471,41,40,25,0,20426760,3707,15827160,2839,6843
472,31,39,25,0,20517540,3710,15838920,2831,6874
473,33,39,21,4,20600760,3711,16305660,2906,6907
474,21,36,25,0,20677200,3711,16378500,2908,6928
475,29,40,20,5,20772840,3714,16415400,2904,6957
476,22,34,25,0,20855580,3713,16575900,2921,6979
477,32,40,14,11,20937840,3711,16667880,2926,7011
478,30,38,25,0,20996520,3715,16701000,2922,7041
479,30,38,25,0,21078540,3712,16911000,2946,7071
480,28,36,14,11,21169500,3716,16925160,2945,7099
481,27,26,25,0,21223380,3709,17488320,3029,7126
482,32,38,19,6,21310020,3707,17688780,3047,7158
483,23,38,25,0,21367440,3710,17700840,3040,7181
484,29,37,25,0,21480840,3716,17739660,3037,7210
485,34,38,25,0,21562440,3713,17839080,3039,7244
486,26,36,25,0,21653760,3712,17917860,3042,7270
487,31,40,25,0,21738120,3712,17936580,3029,7301
488,31,39,25,0,21838080,3714,17983920,3027,7332
489,32,38,25,0,21920580,3712,18030060,3022,7364
490,45,40,23,2,21989280,3712,18045960,3015,7409
491,38,40,21,4,22082220,3713,18153180,3022,7447
492,35,40,25,0,22144560,3717,18178260,3019,7482
493,25,22,25,0,22288860,3716,19335540,3199,7507
494,39,39,24,1,22349820,3711,19436100,3195,7546
495,34,39,23,2,22437420,3716,19464720,3191,7580
496,29,36,25,0,22533540,3714,19636260,3206,7609
497,30,36,25,0,22601280,3714,19699860,3206,7639
498,37,39,25,0,22703520,3715,19738140,3196,7676
499,25,31,25,0,22803780,3712,19933080,3215,7701
500,37,38,19,6,22882620,3708,20145180,3235,7738
501,32,38,23,2,22940580,3709,20173080,3230,7770
502,38,37,25,0,23043720,3711,20255880,3231,7808
503,29,33,25,0,23142060,3707,20332680,3227,7837
504,11,0,20,5,23237220,3693,21324840,3378,7848
505,9,0,9,16,23297760,3691,21324840,3374,7857
506,7,0,8,17,23334660,3692,21324840,3370,7864
507,4,0,6,19,23369340,3694,21324840,3368,7868
508,6,0,6,19,23394300,3695,21324840,3365,7874
509,9,0,10,15,23414580,3695,21324840,3360,7883
510,11,0,10,15,23444340,3693,21324840,3354,7894
511,4,0,7,18,23476320,3694,21324840,3352,7898
512,4,0,4,21,23507040,3695,21324840,3350,7902
513,9,0,5,20,23527200,3694,21324840,3345,7911
514,9,0,10,15,23540340,3693,21324840,3340,7920
515,9,0,7,18,23572560,3691,21324840,3336,7929
516,14,0,11,14,23593620,3689,21324840,3328,7943
517,5,0,8,17,23631540,3690,21324840,3326,7948
518,8,0,8,17,23656260,3689,21324840,3322,7956
519,18,0,15,10,23698320,3690,21324840,3312,7974
520,8,0,14,11,23716920,3687,21324840,3308,7982
521,5,0,7,18,23766360,3688,21324840,3306,7987
522,11,0,9,16,23805600,3689,21324840,3300,7998
523,8,0,10,15,23824980,3688,21324840,3296,8006
524,5,0,8,17,23854500,3689,21324840,3293,8011
525,11,0,9,16,23902080,3690,21324840,3288,8022
526,3,0,5,20,23923920,3690,21324840,3286,8025
527,4,0,2,23,23948760,3690,21324840,3284,8029
528,3,0,3,22,23951940,3689,21324840,3283,8032
529,6,0,7,18,23956440,3689,21324840,3280,8038
530,2,0,6,19,23967420,3688,21324840,3279,8040
531,4,0,4,21,23997480,3690,21324840,3277,8044
532,8,0,6,19,24015120,3689,21324840,3273,8052
533,6,0,6,19,24033600,3688,21324840,3270,8058
534,7,0,5,20,24056220,3687,21324840,3266,8065
535,6,0,7,18,24071280,3687,21324840,3263,8071
536,6,0,8,17,24093480,3688,21324840,3260,8077
537,8,0,9,16,24130020,3690,21324840,3256,8085
538,10,0,10,15,24154980,3688,21324840,3251,8095
539,7,0,6,19,24201780,3689,21324840,3248,8102
540,10,0,10,15,24226860,3690,21324840,3243,8112
541,15,0,17,8,24249060,3689,21324840,3235,8127
542,14,0,15,10,24321840,3691,21324840,3229,8141
543,12,0,12,13,24364320,3689,21324840,3223,8153
544,10,0,13,12,24399720,3689,21324840,3218,8163
545,8,0,12,13,24439920,3690,21324840,3214,8171
546,9,0,8,17,24503340,3693,21324840,3210,8180
547,6,0,5,20,24531300,3692,21324840,3207,8186
548,7,0,5,20,24554160,3691,21324840,3203,8193
549,8,0,9,16,24570360,3692,21324840,3200,8201
550,8,0,9,16,24599040,3691,21324840,3196,8209
551,3,0,5,20,24632340,3693,21324840,3194,8212
552,6,0,7,18,24649860,3693,21324840,3191,8218
553,4,0,6,19,24677160,3694,21324840,3189,8222
554,4,0,7,18,24690060,3695,21324840,3188,8226
555,7,0,11,14,24707880,3696,21324840,3184,8233
556,7,0,7,18,24762660,3698,21324840,3181,8240
557,6,0,8,17,24783420,3698,21324840,3178,8246
558,10,0,9,16,24807600,3697,21324840,3173,8256
559,8,0,10,15,24829680,3696,21324840,3170,8264
560,5,0,6,19,24871380,3697,21324840,3167,8269
561,4,0,5,20,24890100,3697,21324840,3165,8273
562,5,0,2,23,24917760,3697,21324840,3163,8278
563,11,0,9,16,24922800,3696,21324840,3158,8289
564,9,0,8,17,24956940,3695,21324840,3154,8298
565,10,0,11,14,24969780,3693,21324840,3149,8308
566,16,0,16,9,25017180,3694,21324840,3142,8324
567,9,0,11,14,25077600,3696,21324840,3137,8333
568,7,0,9,16,25124880,3698,21324840,3134,8340
569,13,0,12,13,25145940,3695,21324840,3128,8353
570,4,0,8,17,25179240,3696,21324840,3126,8357
571,8,0,5,20,25222680,3696,21324840,3123,8365
572,6,0,6,19,25233660,3695,21324840,3120,8371
573,10,0,9,16,25259040,3695,21324840,3115,8381
574,6,0,13,12,25266180,3695,21324840,3113,8387
575,7,0,12,13,25307760,3697,21324840,3109,8394
576,8,0,9,16,25360440,3699,21324840,3106,8402
577,7,0,8,17,25388220,3698,21324840,3103,8409
578,7,0,9,16,25424640,3700,21324840,3099,8416
579,5,0,5,20,25455180,3700,21324840,3097,8421
580,7,0,6,19,25482900,3701,21324840,3094,8428
581,8,0,7,18,25499700,3699,21324840,3091,8436
582,7,0,8,17,25512540,3698,21324840,3087,8443
583,5,0,5,20,25548180,3699,21324840,3085,8448
584,5,0,6,19,25565100,3699,21324840,3083,8453
585,13,0,10,15,25587660,3698,21324840,3077,8466
586,9,0,14,11,25604880,3697,21324840,3073,8475
587,12,0,7,18,25672020,3697,21324840,3068,8487
588,12,0,9,16,25697100,3695,21324840,3063,8499
589,7,0,10,15,25719540,3695,21324840,3059,8506
590,11,0,12,13,25753320,3695,21324840,3055,8517
591,9,0,13,12,25775160,3694,21324840,3051,8526
592,9,0,12,13,25825200,3696,21324840,3047,8535
593,11,0,10,15,25887660,3698,21324840,3042,8546
594,16,0,16,9,25923300,3698,21324840,3035,8562
595,10,0,11,14,25974120,3697,21324840,3031,8572
596,4,0,4,21,26032980,3700,21324840,3029,8576
597,5,0,4,21,26045580,3699,21324840,3027,8581
598,6,0,5,20,26053380,3698,21324840,3024,8587
599,2,0,3,22,26063220,3697,21324840,3023,8589
600,4,0,4,21,26072100,3697,21324840,3022,8593
601,6,0,8,17,26089260,3698,21324840,3019,8599
602,6,0,5,20,26122080,3698,21324840,3017,8605
603,8,0,6,19,26149320,3698,21324840,3013,8613
604,8,0,9,16,26163360,3698,21324840,3010,8621
605,9,0,11,14,26188560,3697,21324840,3006,8630
606,2,0,4,21,26220360,3697,21324840,3005,8632
607,10,0,6,19,26244840,3696,21324840,3001,8642
608,8,0,3,22,26270760,3694,21324840,2998,8650
609,9,0,11,14,26271780,3694,21324840,2994,8659
610,13,0,15,10,26304720,3694,21324840,2988,8672
611,7,0,10,15,26349960,3694,21324840,2985,8679
612,11,0,7,18,26407560,3695,21324840,2981,8690
613,8,0,12,13,26420640,3695,21324840,2977,8698
614,10,0,11,14,26461260,3695,21324840,2973,8708
615,10,0,10,15,26508540,3696,21324840,2969,8718
616,3,0,8,17,26541720,3698,21324840,2968,8721
617,6,0,6,19,26578080,3699,21324840,2965,8727
618,8,0,9,16,26592180,3699,21324840,2962,8735
619,6,0,7,18,26631120,3700,21324840,2960,8741
620,10,0,7,18,26667000,3700,21324840,2956,8751
621,10,0,12,13,26687280,3700,21324840,2951,8761
622,10,0,12,13,26712900,3698,21324840,2947,8771
623,7,0,7,18,26767800,3700,21324840,2945,8778
624,5,0,7,18,26787900,3700,21324840,2942,8783
625,5,0,7,18,26815440,3701,21324840,2940,8788
626,2,0,3,22,26839680,3702,21324840,2940,8790
627,5,0,2,23,26859900,3701,21324840,2938,8795
628,7,0,8,17,26865840,3702,21324840,2935,8802
629,12,0,12,13,26882640,3700,21324840,2930,8814
630,3,0,8,17,26902680,3699,21324840,2929,8817
631,8,0,7,18,26941440,3700,21324840,2926,8825
632,8,0,7,18,26971020,3700,21324840,2922,8833
633,15,0,13,12,26999580,3699,21324840,2916,8848
634,6,0,10,15,27045420,3701,21324840,2914,8854
635,11,0,11,14,27082680,3701,21324840,2910,8865
636,9,0,8,17,27129060,3701,21324840,2906,8874
637,12,0,8,17,27166560,3700,21324840,2901,8886
638,11,0,11,14,27186000,3699,21324840,2897,8897
639,12,0,10,15,27235080,3699,21324840,2892,8909
640,6,0,8,17,27259560,3698,21324840,2890,8915
641,11,0,11,14,27286140,3698,21324840,2886,8926
642,11,0,11,14,27324960,3698,21324840,2881,8937
643,9,0,9,16,27366900,3698,21324840,2878,8946
644,3,0,7,18,27388200,3698,21324840,2877,8949
645,8,0,5,20,27431640,3699,21324840,2873,8957
646,6,0,8,17,27438300,3698,21324840,2871,8963
647,10,0,11,14,27467700,3699,21324840,2867,8973
648,8,0,11,14,27492360,3698,21324840,2864,8981
649,3,0,5,20,27550920,3702,21324840,2863,8984
650,6,0,6,19,27574260,3702,21324840,2861,8990
651,5,0,4,21,27598560,3702,21324840,2859,8995
652,6,0,5,20,27614880,3702,21324840,2857,9001
653,12,0,10,15,27629520,3700,21324840,2852,9013
654,8,0,8,17,27671100,3701,21324840,2849,9021
655,10,0,10,15,27700140,3701,21324840,2845,9031
656,7,0,7,18,27732540,3700,21324840,2842,9038
657,9,0,10,15,27762060,3701,21324840,2839,9047
658,14,0,14,11,27796560,3701,21324840,2834,9061
659,25,0,19,6,27851520,3698,21324840,2824,9086
660,13,0,14,11,27909780,3697,21324840,2820,9099
661,6,0,8,17,27959940,3698,21324840,2817,9105
662,12,0,9,16,27993780,3697,21324840,2813,9117
663,6,0,9,16,28022760,3698,21324840,2811,9123
664,5,0,6,19,28055280,3698,21324840,2809,9128
665,8,0,7,18,28085760,3699,21324840,2806,9136
666,10,0,10,15,28101660,3698,21324840,2802,9146
667,9,0,14,11,28116960,3697,21324840,2799,9155
668,8,0,7,18,28182060,3698,21324840,2796,9163
669,6,0,7,18,28205880,3699,21324840,2794,9169
670,5,0,4,21,28234200,3698,21324840,2792,9174
671,8,0,8,17,28251420,3699,21324840,2789,9182
672,9,0,9,16,28268880,3697,21324840,2786,9191
673,4,0,11,14,28270440,3696,21324840,2784,9195
674,5,0,14,11,28274580,3696,21324840,2782,9200
675,3,0,12,13,28293300,3696,21324840,2781,9203
676,8,0,17,8,28303260,3696,21324840,2778,9211
677,6,0,15,10,28333920,3696,21324840,2776,9217
678,6,0,14,11,28361280,3696,21324840,2774,9223
679,6,0,15,10,28378680,3696,21324840,2772,9229
680,10,0,14,11,28415400,3696,21324840,2768,9239
681,7,0,16,9,28433100,3695,21324840,2766,9246
682,8,0,17,8,28459980,3696,21324840,2763,9254
683,15,0,23,2,28481880,3694,21324840,2757,9269
684,12,2,18,7,28536720,3694,21325860,2754,9281
685,8,0,18,7,28574940,3694,21326760,2751,9289
686,10,0,18,7,28614360,3695,21326760,2747,9299
687,19,0,24,1,28657980,3694,21328260,2741,9318
688,8,1,21,4,28693800,3694,21329160,2738,9326
689,9,0,17,8,28756920,3695,21329940,2735,9335
690,8,0,15,10,28792620,3695,21329940,2732,9343
691,9,0,15,10,28823940,3695,21329940,2729,9352
692,7,0,18,7,28828140,3694,21329940,2726,9359
693,9,0,15,10,28879080,3694,21329940,2723,9368
694,3,0,11,14,28900860,3694,21329940,2722,9371
695,3,0,11,14,28910460,3694,21329940,2721,9374
696,4,0,12,13,28936860,3696,21329940,2720,9378
697,7,0,15,10,28942620,3694,21329940,2717,9385
698,5,0,13,12,28961520,3694,21329940,2716,9390
699,2,0,10,15,28980120,3694,21329940,2715,9392
700,5,0,13,12,28993560,3694,21329940,2713,9397
701,7,0,14,11,29009820,3694,21329940,2711,9404
702,8,0,18,7,29021940,3693,21329940,2708,9412
703,7,0,18,7,29052360,3694,21329940,2706,9419
704,3,0,13,12,29091960,3695,21329940,2705,9422
705,7,0,15,10,29106720,3695,21329940,2702,9429
706,10,0,20,5,29132100,3696,21329940,2699,9439
707,9,0,17,8,29178540,3696,21329940,2696,9448
708,16,0,24,1,29201820,3695,21329940,2690,9464
709,10,0,20,5,29244480,3693,21329940,2687,9474
710,15,0,19,6,29304480,3693,21329940,2682,9489
711,11,1,20,5,29337900,3694,21331860,2678,9500
712,10,0,18,7,29382660,3693,21333720,2675,9510
713,11,0,18,7,29424060,3693,21333720,2672,9521
714,10,0,17,8,29452800,3692,21333720,2668,9531
715,9,0,18,7,29483280,3692,21333720,2665,9540
716,10,0,18,7,29525400,3692,21333720,2662,9550
717,1,0,11,14,29554740,3692,21333720,2662,9551
718,2,0,11,14,29561820,3692,21333720,2661,9553
719,5,0,11,14,29574000,3692,21333720,2659,9558
720,9,0,15,10,29596800,3692,21333720,2656,9567
721,1,0,11,14,29615280,3692,21333720,2656,9568
722,7,0,14,11,29621940,3691,21333720,2654,9575
723,2,0,13,12,29636700,3692,21333720,2653,9577
724,4,0,13,12,29660760,3693,21333720,2652,9581
725,10,0,15,10,29681940,3692,21333720,2648,9591
726,7,0,14,11,29702880,3691,21333720,2646,9598
727,10,0,16,9,29731620,3691,21333720,2643,9608
728,9,0,14,11,29765100,3690,21333720,2640,9617
729,6,0,14,11,29784720,3689,21333720,2638,9623
730,8,0,17,8,29799180,3689,21333720,2635,9631
731,11,6,16,9,29817840,3688,21333780,2633,9642
732,11,16,13,12,29840400,3689,21334140,2631,9653
733,14,27,13,12,29866380,3691,21344520,2627,9667
734,13,37,14,11,29883240,3692,21353580,2622,9680
735,9,39,15,10,29912580,3695,21366120,2621,9689
736,13,37,20,5,29936040,3696,21449160,2629,9702
737,10,35,25,0,29974740,3697,21537420,2637,9712
738,6,19,25,0,30054600,3697,21809040,2669,9718
739,15,0,19,6,30110040,3686,22111080,2700,9733
740,2,0,12,13,30149760,3687,22111080,2700,9735
741,3,0,12,13,30161040,3687,22111080,2699,9738
742,3,0,11,14,30179820,3687,22111080,2698,9741
743,2,0,10,15,30187500,3687,22111080,2697,9743
744,3,0,10,15,30200520,3687,22111080,2696,9746
745,2,0,10,15,30202440,3686,22111080,2695,9748
746,6,0,15,10,30207360,3686,22111080,2693,9754
747,7,0,15,10,30230040,3686,22111080,2691,9761
748,8,0,21,4,30240720,3686,22111080,2688,9769
749,7,0,17,8,30285360,3687,22111080,2686,9776
750,6,0,19,6,30301140,3687,22111080,2684,9782
751,5,0,12,13,30347700,3687,22111080,2683,9787
752,13,0,15,10,30370740,3686,22111080,2678,9800
753,11,0,19,6,30391860,3685,22111080,2675,9811
754,13,0,21,4,30422640,3684,22111080,2671,9824
755,13,0,22,3,30472860,3685,22111620,2666,9837
756,11,0,21,4,30519720,3685,22111620,2663,9848
757,11,0,19,6,30549960,3683,22111620,2659,9859
758,14,0,20,5,30592860,3682,22111620,2655,9873
759,14,3,18,7,30642240,3682,22113480,2651,9887
760,9,0,14,11,30676380,3679,22119540,2649,9896
761,11,0,17,8,30709260,3680,22119540,2645,9907
762,5,0,15,10,30736920,3680,22119540,2643,9912
763,10,0,16,9,30772380,3680,22119540,2640,9922
764,8,0,19,6,30789240,3680,22119540,2638,9930
765,5,0,13,12,30833940,3681,22119540,2636,9935
766,8,0,13,12,30863520,3681,22119540,2634,9943
767,6,0,15,10,30872340,3680,22119540,2632,9949
768,5,0,11,14,30901800,3680,22119540,2630,9954
769,5,0,13,12,30911940,3679,22119540,2629,9959
770,5,0,15,10,30927000,3680,22119540,2627,9964
771,0,0,12,13,30946260,3681,22119540,2627,9964
772,7,0,12,13,30977460,3682,22119540,2625,9971
773,9,0,19,6,30982800,3681,22119540,2622,9980
774,4,0,15,10,31005420,3681,22119540,2621,9984
775,6,0,12,13,31048860,3682,22119540,2619,9990
776,11,0,16,9,31061820,3680,22119540,2616,10001
777,10,0,18,7,31096320,3681,22119540,2613,10011
778,5,0,13,12,31131720,3681,22119540,2611,10016
779,10,0,19,6,31146600,3681,22119540,2608,10026
780,13,5,19,6,31172820,3680,22120980,2605,10039
781,9,6,21,4,31210860,3682,22135680,2603,10048
782,12,0,16,9,31289580,3681,22163640,2603,10060
783,9,0,16,9,31317720,3681,22163640,2600,10069
784,8,0,15,10,31346520,3680,22163640,2598,10077
785,7,0,16,9,31358880,3679,22163640,2595,10084
786,7,0,14,11,31390800,3679,22163640,2593,10091
787,12,0,18,7,31423440,3679,22163640,2590,10103
788,6,0,16,9,31452060,3679,22163640,2588,10109
789,11,0,18,7,31484880,3679,22163640,2584,10120
790,12,0,19,6,31516860,3678,22163640,2581,10132
791,4,0,19,6,31531620,3678,22163640,2580,10136
792,4,0,12,13,31606680,3682,22163640,2578,10140
793,6,0,15,10,31614600,3682,22163640,2577,10146
794,6,0,13,12,31646340,3682,22163640,2575,10152
795,6,0,13,12,31658760,3681,22163640,2573,10158
796,4,0,11,14,31680480,3681,22163640,2572,10162
797,9,0,18,7,31685880,3681,22163640,2569,10171
798,2,0,13,12,31706160,3680,22163640,2569,10173
799,7,0,14,11,31741080,3682,22163640,2567,10180
800,6,0,18,7,31750080,3682,22163640,2565,10186
801,10,0,18,7,31789380,3682,22163640,2562,10196
802,9,0,16,9,31833240,3683,22163640,2559,10205
803,9,0,18,7,31859340,3683,22163640,2556,10214
804,12,0,16,9,31907640,3682,22163640,2553,10226
805,8,0,17,8,31930860,3682,22163640,2551,10234
806,9,0,16,9,31970700,3682,22163640,2548,10243
807,10,0,16,9,31998600,3681,22163640,2545,10253
808,11,0,19,6,32013780,3680,22163640,2542,10264
809,5,0,14,11,32058360,3681,22163640,2540,10269
810,13,0,20,5,32079240,3680,22163640,2537,10282
811,11,0,18,7,32115480,3679,22163640,2533,10293
812,10,0,19,6,32149740,3679,22163640,2530,10303
813,10,0,17,8,32182860,3678,22163640,2528,10313
814,6,0,14,11,32214540,3677,22163640,2526,10319
815,3,0,11,14,32250300,3679,22163640,2525,10322
816,6,0,15,10,32256780,3679,22163640,2523,10328
817,5,1,14,11,32275800,3679,22164360,2522,10333
818,6,4,15,10,32292600,3680,22170240,2521,10339
819,8,1,22,3,32315760,3681,22188900,2521,10347
820,6,0,14,11,32368680,3681,22191420,2519,10353
821,9,0,17,8,32397000,3681,22191420,2517,10362
822,7,0,14,11,32428920,3681,22191420,2515,10369
823,8,0,16,9,32451540,3681,22191420,2512,10377
824,9,0,19,6,32480880,3682,22191420,2510,10386
825,11,0,16,9,32520900,3680,22191420,2507,10397
826,19,0,19,6,32568420,3679,22191420,2501,10416
827,6,0,14,11,32607000,3679,22191420,2500,10422
828,9,0,12,13,32637540,3678,22191420,2497,10431
829,11,0,17,8,32646600,3676,22191420,2494,10442
830,7,0,14,11,32680380,3676,22191420,2492,10449
831,9,0,17,8,32691900,3675,22191420,2490,10458
832,9,0,13,12,32729640,3674,22191420,2487,10467
833,12,0,19,6,32754900,3674,22191420,2484,10479
834,7,0,15,10,32783100,3673,22191420,2482,10486
835,6,0,13,12,32809440,3672,22191420,2480,10492
836,3,0,11,14,32830200,3673,22191420,2479,10495
837,2,0,11,14,32839020,3673,22191420,2479,10497
838,3,0,12,13,32852220,3673,22191420,2478,10500
839,4,0,10,15,32871300,3673,22191420,2477,10504
840,6,0,14,11,32877180,3673,22191420,2475,10510
841,10,0,15,10,32896320,3671,22191420,2472,10520
842,5,0,14,11,32919300,3671,22191420,2471,10525
843,5,0,14,11,32945580,3672,22191420,2470,10530
844,6,0,12,13,32970000,3672,22191420,2468,10536
845,2,0,11,14,32984520,3672,22191420,2467,10538
846,3,0,11,14,32994060,3672,22191420,2467,10541
847,6,0,13,12,33003900,3671,22191420,2465,10547
848,9,0,16,9,33027000,3672,22191420,2462,10556
849,6,0,15,10,33053580,3672,22191420,2461,10562
850,8,0,18,7,33065040,3671,22191420,2459,10570
851,17,7,17,8,33104100,3671,22191540,2455,10587
852,8,14,15,10,33123000,3672,22196220,2453,10595
853,9,14,20,5,33154200,3674,22209120,2451,10604
854,10,21,17,8,33192960,3675,22214460,2449,10614
855,9,27,15,10,33230760,3678,22219560,2447,10623
856,17,32,21,4,33266100,3679,22231740,2444,10640
857,12,32,25,0,33302040,3680,22286280,2447,10652
858,7,23,25,0,33377520,3682,22438440,2462,10659
859,5,0,20,5,33439080,3675,22807620,2501,10664
860,10,0,20,5,33469320,3674,22807620,2498,10674
861,5,0,13,12,33517200,3675,22807620,2497,10679
862,9,0,10,15,33543000,3673,22807620,2494,10688
863,6,0,12,13,33559020,3673,22807620,2493,10694
864,2,0,13,12,33562440,3673,22807620,2492,10696
865,3,0,10,15,33587160,3673,22807620,2491,10699
866,8,0,14,11,33597180,3673,22807620,2489,10707
867,8,0,16,9,33609000,3671,22807620,2487,10715
868,9,0,17,8,33642840,3672,22807620,2485,10724
869,8,0,17,8,33674100,3672,22807620,2482,10732
870,2,0,13,12,33697860,3672,22807620,2482,10734
871,6,0,12,13,33732240,3673,22807620,2480,10740
872,6,0,15,10,33734160,3672,22807620,2479,10746
873,10,0,17,8,33760560,3672,22807620,2476,10756
874,12,0,21,4,33787320,3672,22807620,2473,10768
875,11,0,21,4,33831780,3672,22807620,2470,10779
876,11,2,18,7,33870600,3672,22812120,2467,10790
877,3,0,18,7,33899220,3673,22822740,2468,10793
878,8,0,17,8,33930360,3672,22822740,2465,10801
879,10,0,21,4,33964860,3674,22822740,2463,10811
880,13,0,17,8,34017060,3673,22822740,2459,10824
881,6,0,14,11,34049520,3673,22822740,2458,10830
882,12,0,16,9,34073700,3671,22822740,2455,10842
883,6,0,16,9,34093800,3671,22822740,2453,10848
884,9,0,18,7,34122540,3671,22822740,2451,10857
885,4,0,15,10,34143480,3671,22822740,2450,10861
886,7,0,14,11,34185480,3672,22822740,2448,10868
887,6,0,15,10,34211700,3673,22822740,2446,10874
888,6,0,17,8,34226700,3673,22822740,2445,10880
889,5,0,15,10,34261860,3674,22822740,2443,10885
890,5,0,11,14,34292760,3674,22822740,2442,10890
891,2,0,10,15,34306020,3674,22822740,2441,10892
892,8,0,13,12,34312800,3673,22822740,2439,10900
893,3,0,12,13,34327560,3673,22822740,2439,10903
894,11,0,14,11,34353360,3672,22822740,2436,10914
895,8,0,19,6,34358040,3671,22822740,2434,10922
896,12,3,20,5,34387140,3671,22822920,2431,10934
897,14,2,21,4,34436400,3671,22829520,2428,10948
898,6,0,20,5,34483440,3673,22831140,2426,10954
899,15,5,20,5,34536840,3674,22837500,2423,10969
900,11,1,25,0,34575720,3675,22856940,2423,10980
901,7,0,16,9,34635240,3674,22857060,2421,10987
902,8,0,16,9,34672140,3675,22857060,2418,10995
903,10,0,17,8,34704840,3675,22857060,2416,11005
904,12,0,20,5,34731840,3674,22857060,2413,11017
905,8,0,16,9,34770120,3674,22857060,2411,11025
906,10,0,18,7,34799280,3674,22857060,2408,11035
907,9,0,19,6,34831140,3674,22857060,2406,11044
908,7,0,11,14,34889580,3674,22857060,2404,11051
909,4,0,12,13,34895640,3674,22857060,2403,11055
910,11,0,17,8,34915860,3674,22857060,2400,11066
911,3,0,13,12,34932900,3673,22857060,2400,11069
912,6,0,14,11,34950060,3673,22857060,2398,11075
913,3,0,13,12,34959480,3672,22857060,2397,11078
914,5,0,9,16,34989720,3672,22857060,2396,11083
915,8,0,13,12,34997700,3671,22857060,2394,11091
916,5,0,13,12,35007420,3670,22857060,2393,11096
917,6,0,14,11,35029320,3671,22857060,2391,11102
918,4,0,13,12,35044980,3670,22857060,2390,11106
919,7,0,15,10,35059980,3670,22857060,2389,11113
920,10,0,18,7,35080500,3669,22857060,2386,11123
921,7,0,15,10,35111460,3669,22857060,2384,11130
922,10,0,15,10,35157000,3670,22857060,2382,11140
923,11,0,17,8,35181180,3669,22857060,2379,11151
924,12,0,19,6,35222220,3669,22857060,2376,11163
925,5,0,14,11,35249880,3668,22857060,2375,11168
926,11,0,19,6,35285220,3670,22857060,2372,11179
927,7,0,12,13,35325840,3669,22857060,2371,11186
928,7,0,18,7,35329260,3669,22857060,2369,11193
929,9,0,15,10,35368620,3668,22857060,2367,11202
930,15,0,20,5,35394960,3667,22857060,2363,11217
931,5,0,16,9,35426520,3667,22857060,2362,11222
932,8,0,16,9,35454300,3667,22857060,2360,11230
933,8,3,18,7,35461680,3666,22857120,2358,11238
934,6,2,17,8,35520720,3669,22871700,2358,11244
935,6,0,15,10,35552760,3669,22877400,2357,11250
936,4,0,11,14,35585160,3669,22877400,2356,11254
937,8,0,13,12,35599260,3668,22877400,2354,11262
938,5,0,13,12,35619180,3669,22877400,2353,11267
939,11,0,17,8,35634840,3668,22877400,2350,11278
940,2,0,10,15,35679540,3669,22877400,2350,11280
941,6,0,14,11,35685660,3669,22877400,2348,11286
942,10,0,16,9,35709900,3668,22877400,2346,11296
943,10,0,17,8,35749140,3669,22877400,2343,11306
944,12,0,18,7,35780160,3668,22877400,2341,11318
945,9,0,18,7,35807520,3667,22877400,2338,11327
946,10,0,20,5,35830080,3666,22877400,2336,11337
947,6,0,17,8,35862900,3666,22877400,2335,11343
948,8,0,18,7,35891280,3667,22877400,2333,11351
949,9,0,17,8,35922240,3666,22877400,2331,11360
950,5,0,16,9,35947140,3666,22877400,2329,11365
951,9,0,18,7,35974680,3667,22877400,2327,11374
952,15,0,25,0,35996520,3666,22877400,2324,11389
953,10,0,18,7,36073920,3667,22877700,2321,11399
954,6,0,15,10,36117240,3668,22877700,2320,11405
955,10,0,16,9,36148200,3668,22877700,2318,11415
956,11,0,16,9,36176880,3667,22877700,2315,11426
957,8,0,16,9,36209280,3667,22877700,2313,11434
958,3,0,13,12,36235860,3668,22877700,2312,11437
959,6,0,10,15,36258960,3667,22877700,2311,11443
960,5,0,11,14,36266700,3666,22877700,2310,11448
961,7,0,14,11,36275280,3666,22877700,2308,11455
962,7,0,14,11,36294120,3665,22877700,2307,11462
963,8,0,13,12,36325380,3665,22877700,2305,11470
964,6,0,13,12,36355680,3665,22877700,2303,11476
965,8,0,18,7,36360780,3665,22877700,2302,11484
966,7,0,16,9,36396720,3665,22877700,2300,11491
967,7,0,13,12,36429300,3665,22877700,2298,11498
968,5,0,12,13,36461760,3666,22877700,2297,11503
969,9,0,16,9,36468780,3665,22877700,2295,11512
970,7,0,16,9,36490740,3664,22877700,2293,11519
971,8,0,17,8,36512640,3664,22877700,2292,11527
972,5,0,17,8,36536820,3665,22877700,2290,11532
973,8,0,16,9,36579300,3665,22877700,2289,11540
974,10,0,18,7,36599580,3665,22877700,2286,11550
975,8,0,18,7,36628380,3665,22877700,2285,11558
976,9,0,18,7,36665580,3665,22877700,2282,11567
977,10,0,17,8,36700260,3664,22877700,2280,11577
978,7,0,14,11,36742140,3665,22877700,2279,11584
979,4,0,14,11,36759960,3665,22877700,2278,11588
980,8,0,13,12,36787440,3665,22877700,2276,11596
981,7,0,15,10,36806100,3665,22877700,2274,11603
982,7,0,19,6,36816480,3665,22877700,2273,11610
983,7,0,16,9,36860880,3665,22877700,2271,11617
984,6,0,15,10,36890580,3666,22877700,2270,11623
985,8,0,14,11,36918420,3665,22877700,2268,11631
986,7,0,14,11,36939420,3665,22877700,2266,11638
987,8,0,16,9,36957960,3665,22877700,2265,11646
988,3,0,13,12,36978480,3664,22877700,2264,11649
989,4,0,13,12,37000440,3665,22877700,2263,11653
990,5,0,13,12,37017180,3665,22877700,2262,11658
991,3,0,11,14,37031160,3665,22877700,2261,11661
992,9,0,18,7,37033140,3664,22877700,2259,11670
993,7,0,19,6,37053120,3664,22877700,2258,11677
994,11,0,18,7,37102200,3664,22877700,2255,11688
995,9,0,15,10,37136220,3663,22877700,2253,11697
996,12,0,17,8,37181520,3664,22877700,2251,11709
997,11,0,17,8,37210140,3663,22877700,2248,11720
998,6,0,16,9,37235940,3663,22877700,2247,11726
999,10,0,15,10,37276500,3663,22877700,2245,11736
1000,9,0,17,8,37302180,3663,22877700,2243,11745
1001,8,1,17,8,37328040,3663,22877700,2241,11753
1002,6,0,18,7,37358940,3664,22879080,2240,11759
1003,8,0,19,6,37390860,3665,22879080,2238,11767
1004,4,0,12,13,37443900,3666,22879080,2237,11771
1005,3,0,11,14,37467480,3667,22879080,2236,11774
1006,6,0,14,11,37474680,3666,22879080,2235,11780
1007,9,0,15,10,37507500,3667,22879080,2233,11789
1008,7,0,15,10,37531080,3666,22879080,2232,11796
1009,7,0,17,8,37544100,3666,22879080,2230,11803
1010,13,2,21,4,37568940,3666,22879920,2228,11816
1011,20,16,19,6,37597800,3666,22887360,2224,11836
1012,20,18,25,0,37654920,3667,22914420,2222,11856
1013,27,19,22,3,37721520,3663,22965540,2222,11883
1014,44,40,15,10,37753320,3664,22965540,2222,11927
1015,32,40,13,12,37780020,3665,22974000,2217,11959
1016,38,40,14,11,37811220,3667,23010000,2220,11997
1017,34,40,16,9,37824840,3668,23039220,2222,12031
1018,33,40,25,0,37856580,3669,23120940,2227,12064
1019,39,40,25,0,37888800,3669,23156880,2229,12103
1020,27,40,25,0,37957680,3671,23238120,2234,12130
1021,30,40,23,2,38038800,3673,23280060,2234,12160
1022,33,40,16,9,38072100,3673,23288460,2234,12193
1023,28,40,25,0,38134980,3673,23436540,2244,12221
1024,30,40,25,0,38177760,3673,23444280,2241,12251
1025,15,28,25,0,38253060,3672,23858160,2279,12266
1026,28,35,25,0,38308980,3670,23922000,2280,12294
1027,28,40,25,0,38357400,3671,23932800,2276,12322
1028,29,40,25,0,38418720,3672,23953680,2276,12351
1029,23,35,25,0,38511480,3671,24085740,2283,12374
1030,33,39,25,0,38555100,3670,24119580,2282,12407
1031,28,39,25,0,38616960,3670,24149040,2281,12435
1032,27,38,25,0,38675160,3669,24185280,2281,12462
1033,29,40,21,4,38705460,3669,24224760,2283,12491
1034,37,39,24,1,38779260,3670,24274500,2284,12528
1035,28,37,25,0,38837580,3669,24312360,2284,12556
1036,23,40,18,7,38904060,3670,24319260,2282,12579
1037,33,36,24,1,38936760,3671,24372240,2285,12612
1038,33,40,25,0,38977260,3671,24384000,2283,12645
1039,36,40,19,6,39048540,3670,24487860,2289,12681
1040,31,39,20,5,39092580,3672,24499860,2288,12712
1041,27,40,25,0,39140340,3671,24594600,2292,12739
1042,30,40,25,0,39212640,3671,24664620,2296,12769
1043,24,40,20,5,39258720,3671,24674280,2294,12793
1044,31,39,20,5,39299760,3671,24683220,2293,12824
1045,32,40,16,9,39368160,3672,24742560,2296,12856
1046,27,40,16,9,39387360,3672,24748500,2296,12883
1047,34,39,21,4,39440160,3671,24899640,2305,12917
1048,36,40,25,0,39491280,3670,24953100,2305,12953
1049,28,40,25,0,39547440,3669,24994740,2305,12981
1050,36,39,24,1,39606120,3669,25001400,2303,13017
1051,29,36,24,1,39676860,3670,25081080,2307,13046
1052,33,40,16,9,39721560,3669,25094580,2306,13079
1053,35,40,25,0,39761040,3670,25128180,2305,13114
1054,36,40,25,0,39804840,3669,25153800,2305,13150
1055,31,40,18,7,39860340,3669,25188720,2306,13181
1056,49,40,25,0,39908820,3669,25276260,2310,13230
1057,27,40,25,0,39973740,3668,25315800,2310,13257
1058,31,40,25,0,40039980,3669,25341960,2309,13288
1059,22,40,25,0,40095600,3668,25444260,2315,13310
1060,33,40,25,0,40139640,3668,25451100,2312,13343
1061,31,40,24,1,40206300,3670,25477980,2312,13374
1062,33,39,18,7,40269180,3671,25488180,2312,13407
1063,31,39,25,0,40303800,3671,25520340,2311,13438
1064,28,40,25,0,40381440,3671,25626600,2317,13466
1065,29,38,21,4,40422180,3671,25633500,2315,13495
1066,27,39,25,0,40481640,3669,26643420,2401,13522
1067,33,40,23,2,40536420,3670,26655360,2399,13555
1068,21,40,25,0,40590900,3670,26724840,2402,13576
1069,38,40,25,0,40659000,3670,26795220,2405,13614
1070,36,38,25,0,40731000,3668,26840400,2404,13650
1071,23,38,25,0,40782060,3668,27085140,2422,13673
1072,28,39,25,0,40818480,3667,27096540,2421,13701
1073,32,39,25,0,40902120,3667,27218580,2426,13733
1074,29,39,25,0,40947840,3668,27235380,2426,13762
1075,34,40,25,0,40996200,3666,27266700,2425,13796
1076,35,34,25,0,41082300,3665,27350340,2427,13831
1077,29,40,25,0,41130060,3664,27380220,2425,13860
1078,34,40,25,0,41190300,3663,27483120,2430,13894
1079,36,40,25,0,41243520,3664,27498960,2429,13930
1080,32,40,25,0,41320800,3663,27571620,2430,13962
1081,32,37,25,0,41384280,3663,27595680,2429,13994
1082,31,40,25,0,41428140,3662,27606960,2427,14025
1083,21,40,18,7,41507220,3662,27769020,2437,14046
1084,23,40,17,8,41533020,3662,27778920,2437,14069
1085,35,40,25,0,41571120,3664,27812040,2437,14104
1086,34,40,17,8,41618040,3664,27814980,2436,14138
1087,26,40,24,1,41669220,3665,27844440,2436,14164
1088,29,40,16,9,41702700,3664,27849180,2435,14193
1089,27,39,25,0,41752620,3667,27913380,2438,14220
1090,30,40,19,6,41793180,3667,27915360,2437,14250
1091,32,38,22,3,41855700,3669,27983220,2440,14282
1092,26,37,22,3,41898120,3670,28071720,2446,14308
1093,28,39,25,0,41929560,3669,28149960,2450,14336
1094,29,40,18,7,41974800,3670,28158240,2450,14365
1095,23,40,21,4,42005700,3670,28167360,2448,14388
1096,26,32,25,0,42064080,3668,28846320,2503,14414
1097,26,38,25,0,42134040,3668,28857540,2499,14440
1098,37,40,25,0,42182820,3668,28896840,2499,14477
1099,28,37,25,0,42253860,3668,29120160,2514,14505
1100,27,35,24,1,42306120,3668,29212680,2520,14532
1101,25,40,25,0,42342360,3666,29448180,2536,14557
1102,31,39,25,0,42413580,3666,29476020,2534,14588
1103,34,40,25,0,42480300,3666,29506080,2532,14622
1104,22,40,15,10,42539700,3666,29509920,2531,14644
1105,39,40,22,3,42560160,3666,29564520,2533,14683
1106,26,40,15,10,42606300,3667,29567940,2533,14709
1107,29,40,20,5,42631260,3667,29640360,2537,14738
1108,37,40,16,9,42671340,3667,29651520,2536,14775
1109,41,38,23,2,42724200,3668,29710680,2537,14816
1110,41,40,25,0,42762480,3669,29718660,2535,14857
1111,24,34,25,0,42837660,3669,29853660,2544,14881
1112,29,40,17,8,42866400,3669,29894040,2547,14910
1113,31,40,25,0,42917400,3669,29997300,2551,14941
1114,32,38,25,0,42966960,3668,30061680,2553,14973
1115,22,36,25,0,43045680,3669,30164220,2558,14995
1116,25,40,25,0,43096140,3668,30204180,2557,15020
1117,34,40,25,0,43148640,3669,30211680,2555,15054
1118,30,36,25,0,43236720,3669,30883140,2608,15084
1119,31,40,20,5,43277100,3667,30894900,2604,15115
1120,32,39,24,1,43329180,3667,30934920,2604,15147
1121,29,36,25,0,43392540,3667,31003020,2606,15176
1122,34,40,25,0,43436220,3666,31008660,2603,15210
1123,35,40,25,0,43519800,3667,31056840,2603,15245
1124,28,40,25,0,43581060,3666,31137000,2605,15273
1125,26,40,21,4,43633740,3665,31156860,2604,15299
1126,24,40,22,3,43684740,3665,31195680,2604,15323
1127,28,40,24,1,43731840,3664,31356420,2614,15351
1128,28,37,25,0,43798320,3664,31376580,2611,15379
1129,36,40,19,6,43873380,3664,31419780,2612,15415
1130,28,40,21,4,43904100,3665,31443840,2612,15443
1131,26,40,22,3,43948020,3666,31465260,2611,15469
1132,27,40,25,0,43968420,3665,31501020,2612,15496
1133,22,34,25,0,44039580,3663,31748820,2628,15518
1134,28,40,25,0,44098740,3665,31791840,2628,15546
1135,28,40,25,0,44162820,3664,31848300,2628,15574
1136,34,40,21,4,44215860,3664,31868580,2627,15608
1137,27,39,23,2,44275500,3663,32001480,2634,15635
1138,35,39,25,0,44328600,3663,32011860,2631,15670
1139,19,28,25,0,44390820,3662,33558960,2757,15689
1140,29,38,20,5,44435580,3659,37663920,3090,15718
1141,32,40,16,9,44484840,3660,37669500,3085,15750
1142,39,39,15,10,44519820,3662,37697280,3087,15789
1143,21,40,24,1,44535780,3662,37732020,3087,15810
1144,25,40,25,0,44599020,3664,37796160,3088,15835
1145,31,40,25,0,44656680,3663,37848780,3089,15866
1146,21,40,24,1,44719980,3663,37948260,3093,15887
1147,23,40,25,0,44768640,3663,37957800,3090,15910
1148,26,38,25,0,44841720,3662,38046840,3091,15936
1149,25,40,25,0,44886300,3663,38052840,3089,15961
1150,28,38,25,0,44952840,3664,38141460,3093,15989
1151,26,36,25,0,45018600,3663,38296920,3102,16015
1152,35,40,23,2,45073560,3663,38305200,3098,16050
1153,30,40,16,9,45126720,3664,38308920,3097,16080
1154,37,40,18,7,45174600,3665,38331360,3096,16117
1155,38,39,25,0,45216540,3666,38411160,3098,16155
1156,32,38,25,0,45267660,3664,38475600,3099,16187
1157,23,36,25,0,45336480,3662,38753820,3115,16210
1158,29,40,18,7,45375960,3662,38756460,3114,16239
1159,37,40,25,0,45421260,3663,38816160,3114,16276
1160,39,37,25,0,45513720,3663,38863200,3112,16315
1161,32,40,25,0,45551640,3662,38922960,3113,16347
1162,32,40,25,0,45617820,3662,38998560,3114,16379
1163,22,39,21,4,45671820,3661,39048780,3115,16401
1164,29,36,23,2,45721860,3662,39087180,3116,16430
1165,28,38,20,5,45767100,3661,39130500,3116,16458
1166,31,37,25,0,45806040,3660,39275580,3123,16489
1167,23,39,25,0,45865560,3661,39284100,3120,16512
1168,38,40,25,0,45919380,3660,39327840,3119,16550
1169,31,40,23,2,45969060,3659,39405480,3121,16581
1170,29,40,25,0,46038360,3659,39438960,3119,16610
1171,33,40,25,0,46088220,3659,39471960,3118,16643
1172,29,40,23,2,46148520,3659,39494400,3116,16672
1173,33,40,18,7,46212960,3660,39511920,3115,16705
1174,31,35,24,1,46259760,3661,39647460,3123,16736
1175,17,33,25,0,46304580,3659,39942060,3142,16753
1176,18,38,24,1,46351740,3659,39956220,3139,16771
1177,8,35,25,0,46399140,3660,39966120,3138,16779
1178,7,10,25,0,46485480,3658,44382120,3483,16786
1179,6,0,15,10,46543620,3655,45911040,3601,16792
1180,3,0,12,13,46565940,3655,45911040,3600,16795
1181,7,0,12,13,46589400,3655,45911040,3598,16802
1182,9,0,18,7,46593600,3654,45911040,3596,16811
1183,9,3,18,7,46616940,3654,45911580,3594,16820
1184,5,3,16,9,46664640,3656,45924960,3593,16825
1185,6,0,15,10,46700040,3656,45932220,3592,16831
1186,11,0,18,7,46726080,3656,45932220,3589,16842
1187,8,0,17,8,46764360,3656,45932220,3586,16850
1188,2,0,10,15,46803420,3657,45932220,3586,16852
1189,11,3,17,8,46804260,3656,45932340,3583,16863
1190,16,0,23,2,46847520,3656,45938580,3579,16879
1191,14,0,23,2,46880400,3655,45938760,3575,16893
1192,10,6,17,8,46918200,3655,45939000,3573,16903
1193,10,2,21,4,46984980,3657,45955800,3571,16913
1194,7,7,18,7,47010360,3658,45961200,3569,16920
1195,5,0,20,5,47060040,3659,45984360,3569,16925
1196,6,0,16,9,47093760,3658,45984360,3568,16931
1197,5,0,12,13,47146020,3660,45984360,3566,16936
1198,6,0,15,10,47158380,3660,45984360,3565,16942
1199,5,0,10,15,47190480,3660,45984360,3563,16947
1200,6,0,13,12,47194320,3659,45984360,3562,16953
1201,6,0,14,11,47211300,3659,45984360,3560,16959
1202,3,0,14,11,47231340,3660,45984360,3559,16962
1203,12,0,14,11,47266080,3659,45984360,3556,16974
1204,3,0,13,12,47285400,3659,45984360,3555,16977
1205,8,0,16,9,47297220,3659,45984360,3553,16985
1206,8,0,16,9,47331900,3659,45984360,3551,16993
1207,9,0,18,7,47361660,3660,45984360,3548,17002
1208,4,0,14,11,47387580,3659,45984360,3547,17006
1209,7,0,15,10,47413140,3660,45984360,3545,17013
1210,13,0,19,6,47433600,3659,45984360,3542,17026
1211,16,0,21,4,47467560,3657,45984360,3537,17042
1212,8,0,19,6,47507220,3658,45984360,3535,17050
1213,18,0,25,0,47548740,3657,45984540,3530,17068
1214,8,0,18,7,47598660,3657,45984540,3528,17076
1215,8,0,14,11,47641800,3657,45984540,3526,17084
1216,11,0,18,7,47661960,3657,45984540,3523,17095
1217,9,0,15,10,47694780,3656,45984540,3521,17104
1218,11,0,16,9,47716080,3655,45984540,3518,17115
1219,4,0,10,15,47756640,3655,45984540,3516,17119
1220,9,0,15,10,47764440,3654,45984540,3514,17128
1221,6,0,14,11,47791680,3654,45984540,3512,17134
1222,2,0,10,15,47826120,3655,45984540,3512,17136
1223,3,0,12,13,47831100,3655,45984540,3511,17139
1224,7,0,14,11,47838840,3655,45984540,3509,17146
1225,4,0,13,12,47863080,3655,45984540,3508,17150
1226,5,0,15,10,47873520,3655,45984540,3507,17155
1227,3,0,12,13,47906040,3656,45984540,3506,17158
1228,6,0,14,11,47914860,3655,45984540,3504,17164
1229,5,0,11,14,47944140,3655,45984540,3503,17169
1230,12,0,17,8,47952660,3654,45984540,3500,17181
1231,7,0,16,9,47978940,3654,45984540,3498,17188
1232,6,0,13,12,48015960,3655,45984540,3496,17194
1233,8,0,15,10,48030180,3654,45984540,3494,17202
1234,14,0,21,4,48055380,3654,45984540,3491,17216
1235,12,0,25,0,48080340,3653,45984540,3487,17228
1236,12,0,23,2,48139140,3654,45984600,3484,17240
1237,12,1,25,0,48175740,3654,45984720,3481,17252
1238,23,20,19,6,48229140,3655,45986640,3478,17275
1239,15,34,15,10,48264120,3657,45988860,3475,17290
1240,8,34,18,7,48304200,3658,46028160,3472,17298
1241,5,29,23,2,48338520,3660,46097520,3476,17303
1242,5,17,25,0,48410520,3661,46252200,3487,17308
1243,7,0,15,10,48474540,3656,46464600,3501,17315
1244,14,0,19,6,48503400,3656,46464600,3497,17329
1245,6,0,18,7,48527640,3656,46464600,3495,17335
1246,6,0,15,10,48568200,3656,46464600,3494,17341
1247,5,0,13,12,48599760,3657,46464600,3493,17346
1248,4,0,15,10,48614100,3657,46464600,3492,17350
1249,5,0,14,11,48632520,3657,46464600,3490,17355
1250,8,0,18,7,48653820,3657,46464600,3488,17363
1251,7,0,19,6,48687300,3658,46464600,3486,17370
1252,6,0,16,9,48721260,3658,46464600,3485,17376
1253,3,0,16,9,48733200,3658,46464600,3484,17379
1254,10,0,13,12,48799680,3660,46464600,3481,17389
1255,6,0,13,12,48817260,3660,46464600,3480,17395
1256,12,0,17,8,48844260,3659,46464840,3477,17407
1257,14,12,15,10,48861540,3660,46465620,3475,17421
1258,10,19,14,11,48884880,3660,46479300,3472,17431
1259,10,27,13,12,48909780,3661,46482360,3471,17441
1260,11,34,15,10,48927420,3662,46496940,3468,17452
1261,4,36,14,11,48952560,3663,46505100,3467,17456
1262,7,37,17,8,48976980,3664,46538460,3468,17463
1263,14,40,25,0,48998520,3665,46627380,3472,17477
1264,8,34,25,0,49075620,3667,46751460,3478,17485
1265,6,16,25,0,49142100,3665,47099340,3502,17491
1266,11,0,16,9,49206420,3660,47345940,3518,17502
1267,8,0,17,8,49227360,3660,47345940,3515,17510
1268,9,0,15,10,49261080,3659,47345940,3513,17519
1269,3,0,10,15,49294500,3660,47345940,3512,17522
1270,2,0,10,15,49302540,3660,47345940,3512,17524
1271,3,0,10,15,49319280,3660,47345940,3511,17527
1272,5,0,14,11,49321800,3660,47345940,3510,17532
1273,5,0,13,12,49340520,3660,47345940,3508,17537
1274,8,0,15,10,49354080,3659,47345940,3506,17545
1275,5,0,15,10,49371780,3659,47345940,3505,17550
1276,3,0,12,13,49403580,3660,47345940,3504,17553
1277,11,0,20,5,49418340,3660,47345940,3501,17564
1278,9,0,19,6,49445520,3659,47345940,3499,17573
1279,10,0,17,8,49490220,3659,47345940,3497,17583
1280,9,0,20,5,49517520,3660,47345940,3494,17592
1281,11,4,19,6,49558260,3661,47349240,3492,17603
1282,8,0,18,7,49608600,3661,47361120,3490,17611
1283,10,0,14,11,49653780,3660,47361120,3488,17621
1284,13,0,17,8,49678620,3660,47361120,3484,17634
1285,9,0,16,9,49699020,3658,47361120,3482,17643
1286,12,0,19,6,49722660,3658,47361120,3479,17655
1287,9,0,17,8,49769100,3658,47361120,3477,17664
1288,9,0,18,7,49796100,3658,47361120,3475,17673
1289,12,0,16,9,49837920,3657,47361120,3471,17685
1290,4,0,13,12,49860900,3657,47361120,3470,17689
1291,9,0,13,12,49894560,3657,47361120,3468,17698
1292,7,0,14,11,49903080,3656,47361120,3466,17705
1293,3,0,9,16,49935660,3656,47361120,3466,17708
1294,4,0,13,12,49935660,3656,47361120,3465,17712
1295,4,0,12,13,49945140,3656,47361120,3464,17716
1296,9,0,15,10,49972020,3656,47361120,3461,17725
1297,8,0,19,6,49983180,3656,47361120,3459,17733
1298,8,0,18,7,50023140,3656,47361120,3457,17741
1299,5,0,14,11,50054760,3656,47361120,3456,17746
1300,4,0,14,11,50082960,3657,47361120,3455,17750
1301,5,0,14,11,50096940,3657,47361120,3454,17755
1302,3,0,13,12,50119080,3658,47361120,3453,17758
1303,8,0,13,12,50137500,3657,47361120,3451,17766
1304,10,0,14,11,50164140,3656,47361120,3448,17776
1305,5,0,15,10,50182080,3657,47361120,3447,17781
1306,9,0,11,14,50208660,3655,47361120,3445,17790
1307,12,0,15,10,50232240,3655,47361120,3442,17802
1308,12,0,16,9,50261160,3654,47361120,3439,17814
1309,8,0,17,8,50276340,3653,47361120,3437,17822
1310,10,0,18,7,50309700,3653,47361120,3434,17832
1311,15,0,17,8,50362020,3653,47361120,3431,17847
1312,10,0,21,4,50385000,3653,47361120,3428,17857
1313,9,2,20,5,50421060,3653,47361900,3426,17866
1314,11,0,23,2,50481540,3655,47371680,3424,17877
1315,10,0,17,8,50534280,3655,47371680,3422,17887
1316,7,0,12,13,50574240,3654,47371680,3420,17894
1317,9,0,15,10,50591580,3654,47371680,3418,17903
1318,3,0,14,11,50613120,3654,47371680,3417,17906
1319,5,0,14,11,50639280,3655,47371680,3416,17911
1320,1,0,11,14,50669640,3656,47371680,3415,17912
1321,4,0,11,14,50686140,3656,47371680,3414,17916
1322,6,0,14,11,50691960,3656,47371680,3413,17922
1323,6,0,17,8,50704620,3656,47371680,3411,17928
1324,4,0,15,10,50730840,3656,47371680,3410,17932
1325,11,0,17,8,50768820,3657,47371680,3408,17943
1326,6,0,17,8,50791680,3657,47371680,3406,17949
1327,11,0,17,8,50832420,3657,47371680,3404,17960
1328,11,0,19,6,50860800,3656,47371680,3401,17971
1329,15,2,25,0,50887800,3657,47371680,3398,17986
1330,17,17,16,9,50937900,3657,47372940,3396,18003
1331,11,21,17,8,50974260,3658,47386320,3392,18014
1332,7,25,16,9,51003000,3659,47396940,3391,18021
1333,9,31,15,10,51034020,3660,47405460,3389,18030
1334,9,37,15,10,51055380,3661,47413800,3388,18039
1335,5,31,20,5,51094080,3662,47486040,3391,18044
1336,9,26,25,0,51132660,3663,47613360,3398,18053
1337,11,8,25,0,51200520,3660,47929080,3418,18064
1338,12,0,17,8,51261900,3657,48064560,3425,18076
1339,9,0,18,7,51290940,3657,48064560,3423,18085
1340,9,0,20,5,51318960,3657,48064560,3420,18094
1341,7,0,18,7,51352260,3657,48064560,3419,18101
1342,10,0,15,10,51412260,3658,48064560,3416,18111
1343,3,0,14,11,51427680,3658,48064560,3416,18114
1344,9,0,13,12,51458220,3658,48064560,3413,18123
1345,5,0,16,9,51463800,3658,48064560,3412,18128
1346,4,0,18,7,51467700,3657,48064560,3411,18132
1347,1,0,14,11,51494880,3658,48064560,3411,18133
1348,7,0,16,9,51499920,3657,48064560,3409,18140
1349,9,0,21,4,51517680,3657,48064560,3407,18149
1350,10,0,23,2,51535680,3657,48064560,3405,18159
1351,8,2,20,5,51579840,3657,48066600,3403,18167
1352,11,9,18,7,51603120,3657,48071760,3402,18178
1353,11,17,18,7,51620160,3658,48079380,3399,18189
1354,7,21,18,7,51645660,3659,48094380,3399,18196
1355,13,33,16,9,51666480,3660,48096960,3395,18209
1356,7,37,17,8,51683400,3660,48107700,3395,18216
1357,8,40,16,9,51701460,3661,48124200,3394,18224
1358,8,40,16,9,51701460,3661,48124200,3394,18232
1359,9,37,20,5,51734940,3662,48193320,3398,18241
1360,7,36,25,0,51744960,3662,48324540,3406,18248
1361,7,30,25,0,51810540,3663,48448800,3412,18255
1362,9,26,25,0,51851640,3663,48613980,3422,18264
1363,6,18,25,0,51898080,3663,48847920,3437,18270
1364,12,10,25,0,51941700,3660,49105440,3452,18282
1365,2,0,20,5,51977760,3659,49336380,3468,18284
1366,5,0,16,9,52025520,3660,49336380,3467,18289
1367,7,0,19,6,52041660,3660,49336380,3465,18296
1368,2,0,15,10,52062540,3660,49336380,3464,18298
1369,4,0,17,8,52069920,3660,49336380,3463,18302
1370,4,0,15,10,52086060,3659,49336380,3462,18306
1371,6,0,15,10,52101840,3659,49336380,3461,18312
1372,8,0,19,6,52121820,3659,49336380,3459,18320
1373,10,0,21,4,52144200,3659,49336380,3457,18330
1374,12,11,17,8,52157460,3658,49337580,3456,18342
1375,10,17,18,7,52186800,3660,49349760,3453,18352
1376,12,27,18,7,52202460,3660,49360140,3452,18364
1377,7,32,18,7,52214400,3661,49373940,3450,18371
1378,12,40,17,8,52243200,3662,49381440,3448,18383
1379,7,38,23,2,52268700,3663,49450680,3451,18390
1380,12,40,25,0,52283940,3663,49494000,3452,18402
1381,6,37,25,0,52341300,3665,49540500,3454,18408
1382,16,40,25,0,52391820,3666,49606140,3455,18424
1383,14,40,25,0,52441200,3666,49686060,3459,18438
1384,12,40,23,2,52488480,3666,49824840,3465,18450
1385,7,39,18,7,52524480,3667,49833900,3465,18457
1386,7,33,25,0,52550880,3667,49894440,3468,18464
1387,9,23,25,0,52595820,3665,50241120,3490,18473
1388,9,20,19,6,52640160,3664,50403420,3499,18482
1389,8,16,24,1,52675800,3665,50499360,3503,18490
1390,4,0,24,1,52715460,3662,51083280,3543,18494
1391,8,0,21,4,52754160,3662,51083280,3541,18502
1392,4,0,16,9,52788480,3662,51083280,3540,18506
1393,4,0,14,11,52810140,3662,51083280,3539,18510
1394,3,0,15,10,52812060,3662,51083280,3538,18513
1395,6,0,19,6,52823820,3662,51083280,3537,18519
1396,3,0,16,9,52843020,3662,51083280,3536,18522
1397,4,0,16,9,52858620,3662,51083280,3535,18526
1398,5,0,16,9,52879680,3662,51083280,3534,18531
1399,16,0,25,0,52894260,3662,51083820,3530,18547
1400,6,0,22,3,52918260,3661,51083820,3529,18553
1401,9,0,21,4,52964100,3662,51084180,3526,18562
1402,8,4,18,7,52987140,3661,51084480,3525,18570
1403,14,16,17,8,53005800,3662,51090840,3522,18584
1404,11,26,17,8,53015400,3662,51092220,3521,18595
1405,13,36,17,8,53039520,3663,51096240,3516,18608
1406,12,40,17,8,53064120,3664,51098160,3516,18620
1407,10,37,25,0,53083020,3665,51215280,3521,18630
1408,9,38,25,0,53122440,3666,51262560,3522,18639
1409,11,39,25,0,53166900,3667,51291480,3522,18650
1410,11,38,25,0,53211900,3667,51416580,3528,18661
1411,11,35,25,0,53271660,3668,51617220,3540,18672
1412,7,25,25,0,53336400,3668,51908880,3558,18679
1413,7,0,25,0,53372760,3662,52304880,3583,18686
1414,11,0,19,6,53414040,3661,52304880,3580,18697
1415,5,0,18,7,53435640,3661,52307100,3579,18702
1416,6,0,20,5,53456820,3661,52307100,3578,18708
1417,5,0,17,8,53478960,3661,52307100,3577,18713
1418,5,0,16,9,53507040,3661,52307100,3575,18718
1419,3,0,15,10,53523720,3661,52307100,3575,18721
1420,5,0,15,10,53536020,3661,52307100,3573,18726
1421,9,0,18,7,53555160,3661,52307100,3571,18735
1422,10,0,23,2,53567880,3661,52307100,3569,18745
1423,5,0,19,6,53604300,3661,52307100,3568,18750
1424,6,0,18,7,53638500,3661,52307100,3566,18756
1425,7,0,16,9,53666400,3661,52307100,3564,18763
1426,11,0,17,8,53685000,3660,52307100,3562,18774
1427,11,0,19,6,53702400,3659,52307100,3559,18785
1428,7,0,18,7,53725080,3658,52307100,3557,18792
1429,8,0,23,2,53744700,3659,52307100,3555,18800
1430,13,0,22,3,53783580,3658,52307100,3552,18813
1431,8,7,18,7,53795640,3658,52308300,3552,18821
1432,9,13,17,8,53829360,3659,52317120,3549,18830
1433,9,20,18,7,53837760,3659,52324860,3549,18839
1434,12,28,18,7,53869080,3660,52337700,3545,18851
1435,7,33,18,7,53886180,3661,52355340,3545,18858
1436,8,39,18,7,53902440,3662,52362060,3543,18866
1437,6,40,19,6,53920620,3662,52389240,3544,18872
1438,4,36,23,2,53950800,3663,52483260,3550,18876
1439,2,31,25,0,53981100,3664,52607880,3557,18878
1440,11,33,25,0,54027180,3665,52701120,3561,18889
1441,7,28,25,0,54090900,3666,52818180,3567,18896
1442,5,15,25,0,54140340,3665,53114160,3586,18901
1443,6,0,15,10,54186300,3661,53447160,3607,18907
1444,4,0,17,8,54195840,3661,53447160,3606,18911
1445,9,0,20,5,54219300,3661,53447160,3604,18920
1446,8,0,19,6,54238200,3660,53447160,3602,18928
1447,8,0,20,5,54261720,3660,53447160,3600,18936
1448,7,0,21,4,54283380,3660,53447160,3598,18943
1449,8,0,18,7,54322320,3660,53447160,3596,18951
1450,11,0,22,3,54339960,3659,53447160,3594,18962
1451,10,0,21,4,54378840,3659,53447160,3591,18972
1452,18,4,25,0,54410340,3659,53447940,3587,18990
1453,14,14,19,6,54447960,3659,53450100,3585,19004
1454,7,14,21,4,54484620,3660,53461800,3583,19011
1455,11,11,25,0,54524520,3660,53508780,3583,19022
1456,7,0,23,2,54574860,3659,53606880,3588,19029
1457,11,5,18,7,54608400,3658,53606940,3587,19040
1458,4,7,17,8,54627720,3659,53613060,3585,19044
1459,9,14,18,7,54635700,3659,53624160,3584,19053
1460,4,15,18,7,54658680,3660,53634060,3583,19057
1461,6,12,24,1,54682020,3661,53685420,3585,19063
1462,12,10,25,0,54731460,3661,53737260,3586,19075
1463,4,0,19,6,54777840,3659,53827260,3591,19079
1464,5,0,17,8,54808500,3660,53827260,3590,19084
1465,6,0,15,10,54829860,3659,53827260,3588,19090
1466,7,0,20,5,54838320,3659,53827680,3587,19097
1467,7,0,22,3,54861120,3659,53827680,3585,19104
1468,8,0,17,8,54896280,3659,53827680,3583,19112
1469,4,0,17,8,54910260,3658,53827680,3582,19116
1470,8,0,18,7,54935280,3658,53827680,3580,19124
1471,9,0,16,9,54959040,3657,53827680,3578,19133
1472,4,0,16,9,54973740,3657,53827680,3577,19137
1473,14,3,22,3,54980820,3657,53828160,3574,19151
1474,11,14,16,9,55008000,3657,53828160,3574,19162
1475,9,19,18,7,55027320,3658,53841000,3571,19171
1476,7,24,17,8,55054020,3659,53847420,3569,19178
1477,9,29,19,6,55071420,3659,53867820,3568,19187
1478,8,29,25,0,55086840,3660,53897460,3568,19195
1479,12,34,25,0,55129920,3661,53941740,3569,19207
1480,10,33,25,0,55192440,3663,53986860,3569,19217
1481,9,40,16,9,55246620,3664,53988600,3568,19226
1482,8,39,20,5,55262400,3664,54032460,3569,19234
1483,5,32,25,0,55292700,3664,54179280,3577,19239
1484,8,24,25,0,55343100,3664,54469380,3595,19247
1485,10,13,25,0,55384260,3662,54726240,3609,19257
1486,7,0,19,6,55428420,3658,55002720,3625,19264
1487,5,0,18,7,55446060,3658,55002720,3624,19269
1488,4,2,17,8,55461240,3658,55003680,3623,19273
1489,7,5,19,6,55475760,3659,55009620,3622,19280
1490,2,0,21,4,55498500,3659,55031520,3623,19282
1491,6,0,16,9,55537500,3659,55031520,3622,19288
1492,8,0,20,5,55543800,3658,55031520,3620,19296
1493,7,0,20,5,55569300,3658,55031520,3618,19303
1494,8,0,16,9,55611180,3658,55031520,3616,19311
1495,9,0,22,3,55618320,3658,55031520,3614,19320
1496,5,0,21,4,55649880,3659,55035240,3613,19325
1497,9,0,22,3,55674900,3658,55035240,3611,19334
1498,15,4,21,4,55714200,3658,55035780,3608,19349
1499,16,17,20,5,55733400,3658,55042380,3604,19365
1500,8,12,25,0,55771860,3659,55073580,3604,19373
1501,11,4,25,0,55823280,3658,55138260,3606,19384
1502,16,0,24,1,55861500,3655,55167000,3604,19400
1503,8,0,22,3,55892880,3655,55167000,3602,19408
1504,10,0,23,2,55937340,3656,55167000,3600,19418
1505,8,0,20,5,55974240,3655,55167360,3598,19426
1506,9,0,19,6,56013300,3655,55167360,3596,19435
1507,10,0,23,2,56030640,3655,55167360,3593,19445
1508,7,1,20,5,56068560,3656,55172940,3592,19452
1509,7,0,17,8,56105460,3655,55174020,3591,19459
1510,5,0,15,10,56131440,3655,55174020,3589,19464
1511,2,0,14,11,56140200,3655,55174020,3589,19466
1512,1,0,12,13,56155980,3655,55174020,3589,19467
1513,2,0,14,11,56155980,3655,55174020,3588,19469
1514,8,0,16,9,56163360,3655,55174020,3586,19477
1515,4,0,17,8,56173020,3654,55174020,3585,19481
1516,13,0,23,2,56185140,3654,55174080,3582,19494
1517,2,0,15,10,56236140,3655,55174080,3582,19496
1518,5,0,16,9,56249280,3654,55174080,3581,19501
1519,4,0,17,8,56260920,3654,55174080,3580,19505
1520,9,0,16,9,56280000,3653,55174080,3578,19514
1521,11,0,20,5,56300580,3653,55174080,3575,19525
1522,14,6,18,7,56330580,3653,55175280,3573,19539
1523,12,16,17,8,56348940,3653,55181940,3570,19551
1524,8,22,17,8,56365680,3654,55194300,3569,19559
1525,10,25,21,4,56390700,3655,55230900,3569,19569
1526,13,30,24,1,56412420,3655,55273080,3569,19582
1527,11,39,17,8,56453640,3655,55277280,3567,19593
1528,9,38,20,5,56475840,3656,55314240,3567,19602
1529,12,37,25,0,56511420,3656,55340040,3567,19614
1530,12,38,19,6,56554860,3656,55358340,3565,19626
1531,7,39,16,9,56581500,3657,55361700,3565,19633
1532,4,38,19,6,56601840,3657,55384020,3566,19637
1533,4,33,23,2,56618580,3657,55528380,3574,19641
1534,9,22,25,0,56673960,3657,55938000,3598,19650
1535,4,0,24,1,56716500,3653,56558580,3637,19654
1536,7,0,19,6,56747580,3652,56558580,3636,19661
1537,3,0,15,10,56780460,3653,56558580,3635,19664
1538,3,0,16,9,56787120,3653,56558580,3634,19667
1539,9,0,17,8,56802600,3652,56558580,3632,19676
1540,8,0,22,3,56810040,3651,56558580,3630,19684
1541,6,0,15,10,56856180,3651,56558580,3629,19690
1542,6,0,17,8,56871120,3651,56558580,3627,19696
1543,7,4,18,7,56876220,3651,56559720,3627,19703
1544,7,5,20,5,56901780,3652,56567220,3625,19710
1545,2,0,17,8,56923620,3651,56587740,3626,19712
1546,11,0,19,6,56960520,3651,56587740,3623,19723
1547,12,0,23,2,56978160,3651,56587740,3620,19735
1548,13,0,23,2,57014220,3650,56587800,3617,19748
1549,7,0,22,3,57046680,3650,56587860,3616,19755
1550,15,5,24,1,57089400,3651,56589660,3612,19770
1551,12,11,18,7,57155580,3652,56599680,3610,19782
1552,5,9,23,2,57164460,3652,56617800,3610,19787
1553,8,0,25,0,57205620,3652,56686260,3613,19795
1554,12,0,24,1,57251160,3651,56686260,3610,19807
1555,9,0,24,1,57274680,3651,56686380,3608,19816
1556,2,0,14,11,57331260,3652,56686380,3607,19818
1557,12,0,23,2,57335880,3651,56686380,3605,19830
1558,6,1,17,8,57373320,3651,56686500,3603,19836
1559,7,8,16,9,57379380,3651,56686500,3603,19843
1560,8,15,15,10,57398040,3652,56689380,3602,19851
1561,3,16,16,9,57405840,3652,56696700,3600,19854
1562,4,17,18,7,57418020,3653,56719980,3600,19858
1563,3,14,21,4,57442680,3654,56764620,3602,19861
1564,11,8,25,0,57491460,3654,56852700,3606,19872
1565,7,0,21,4,57532740,3652,56947620,3610,19879
1566,6,0,20,5,57555840,3652,56947620,3609,19885
1567,8,0,21,4,57585840,3652,56947620,3607,19893
1568,8,0,19,6,57619740,3652,56947620,3605,19901
1569,8,5,19,6,57629160,3652,56947800,3604,19909
1570,16,9,25,0,57673380,3653,56963700,3601,19925
1571,6,3,25,0,57714180,3653,57003360,3602,19931
1572,14,0,23,2,57757260,3651,57012540,3599,19945
1573,16,6,24,1,57793200,3652,57013800,3596,19961
1574,9,13,18,7,57831120,3652,57018060,3594,19970
1575,14,15,25,0,57861960,3653,57036240,3592,19984
1576,10,18,25,0,57888120,3653,57056100,3592,19994
1577,6,21,19,6,57933840,3654,57062160,3590,20000
1578,12,21,25,0,57969180,3655,57088440,3589,20012
1579,6,19,23,2,58002360,3654,57149760,3591,20018
1580,7,0,24,1,58063200,3652,57405900,3606,20025
1581,7,0,20,5,58091340,3652,57405900,3604,20032
1582,7,0,22,3,58106160,3651,57405900,3602,20039
1583,3,0,18,7,58141020,3652,57405900,3602,20042
1584,5,0,20,5,58159620,3653,57405900,3601,20047
1585,8,0,17,8,58197420,3652,57405900,3599,20055
1586,7,0,21,4,58206660,3652,57405900,3597,20062
1587,4,0,15,10,58238700,3652,57405900,3596,20066
1588,7,0,18,7,58255380,3652,57405900,3595,20073
1589,9,0,23,2,58266600,3652,57405900,3593,20082
1590,8,0,22,3,58299720,3652,57405900,3591,20090
1591,6,0,20,5,58338540,3653,57405900,3590,20096
1592,12,0,19,6,58380780,3652,57405900,3587,20108
1593,10,0,22,3,58397520,3652,57405900,3585,20118
1594,10,0,23,2,58426560,3651,57405900,3582,20128
1595,12,0,23,2,58461240,3651,57406140,3580,20140
1596,9,0,18,7,58517280,3651,57406260,3578,20149
1597,13,0,18,7,58541340,3650,57406260,3575,20162
1598,12,0,24,1,58554060,3649,57406260,3572,20174
1599,10,0,21,4,58586280,3648,57409320,3570,20184
1600,10,3,19,6,58612380,3648,57411120,3568,20194
1601,10,10,18,7,58635060,3648,57414840,3566,20204
1602,8,13,18,7,58668960,3649,57426660,3566,20212
1603,5,13,19,6,58688280,3649,57445260,3565,20217
1604,14,11,25,0,58725420,3650,57493440,3565,20231
1605,8,0,23,2,58767840,3647,57588300,3569,20239
1606,7,0,20,5,58803540,3647,57588300,3568,20246
1607,5,0,18,7,58831980,3648,57588300,3566,20251
1608,8,7,16,9,58856160,3648,57588360,3565,20259
1609,6,10,17,8,58873500,3649,57604500,3565,20265
1610,7,14,18,7,58890060,3650,57616920,3564,20272
1611,6,18,18,7,58905360,3650,57627960,3563,20278
1612,9,18,22,3,58943820,3651,57679260,3564,20287
1613,3,15,25,0,58951920,3651,57709020,3565,20290
1614,7,7,25,0,59002740,3651,57795300,3569,20297
1615,14,0,19,6,59066820,3649,57908220,3573,20311
1616,16,2,25,0,59085000,3648,57908340,3570,20327
1617,5,0,23,2,59116980,3648,57909180,3568,20332
1618,18,0,24,1,59172300,3648,57909240,3564,20350
1619,11,0,23,2,59216340,3648,57909780,3562,20361
1620,19,18,17,8,59251260,3648,57910260,3562,20380
1621,11,21,21,4,59277660,3649,57921600,3556,20391
1622,12,31,20,5,59294940,3649,57924600,3554,20403
1623,10,38,16,9,59342160,3651,57931740,3552,20413
1624,6,40,16,9,59349780,3651,57938700,3552,20419
1625,12,39,20,5,59359740,3652,57989820,3554,20431
1626,3,35,23,2,59383680,3652,58058760,3558,20434
1627,8,34,25,0,59421180,3653,58146120,3562,20442
1628,11,34,21,4,59481480,3653,58293300,3569,20453
1629,11,31,25,0,59520120,3653,58383360,3571,20464
1630,7,21,25,0,59561100,3652,58645860,3586,20471
1631,2,0,14,11,59619000,3648,59136840,3615,20473
1632,4,0,15,10,59635620,3648,59136840,3614,20477
1633,5,0,16,9,59645220,3648,59136840,3613,20482
1634,4,0,15,10,59668320,3648,59136840,3612,20486
1635,3,0,16,9,59674260,3648,59136840,3612,20489
1636,9,0,21,4,59681340,3648,59136840,3610,20498
1637,9,0,24,1,59689620,3647,59136840,3608,20507
1638,10,0,17,8,59764200,3648,59136840,3606,20517
1639,6,0,17,8,59780880,3647,59136840,3604,20523
1640,7,0,19,6,59804520,3648,59136840,3603,20530
1641,7,0,16,9,59828280,3647,59136840,3601,20537
1642,5,0,17,8,59836440,3647,59136840,3600,20542
1643,9,0,21,4,59848500,3646,59136840,3598,20551
1644,5,0,20,5,59876820,3647,59136840,3597,20556
1645,8,0,18,7,59913420,3647,59136840,3595,20564
1646,9,0,21,4,59924340,3646,59136840,3593,20573
1647,7,0,18,7,59964780,3646,59136840,3592,20580
1648,8,0,16,9,59981280,3645,59136840,3590,20588
1649,10,0,21,4,59998020,3645,59136840,3588,20598
1650,4,0,17,8,60025440,3645,59138820,3587,20602
1651,8,0,19,6,60048480,3645,59139600,3585,20610
1652,11,0,20,5,60074040,3644,59139600,3583,20621
1653,8,0,21,4,60105600,3644,59139600,3581,20629
1654,8,0,21,4,60137340,3645,59139600,3580,20637
1655,7,0,21,4,60172200,3645,59139600,3578,20644
1656,2,0,17,8,60200160,3646,59139600,3578,20646
1657,6,0,16,9,60226560,3646,59139600,3576,20652
1658,1,0,14,11,60245160,3646,59139600,3576,20653
1659,7,0,17,8,60255240,3646,59139600,3575,20660
1660,8,0,18,7,60270240,3645,59139600,3573,20668
1661,5,0,19,6,60297540,3646,59139600,3572,20673
1662,3,0,16,9,60317640,3646,59139600,3571,20676
1663,7,0,21,4,60328500,3646,59139600,3570,20683
1664,8,0,20,5,60361740,3646,59139600,3568,20691
1665,8,0,20,5,60389040,3646,59139600,3566,20699
1666,8,1,25,0,60393840,3646,59139600,3565,20707
1667,3,0,18,7,60449520,3647,59140080,3564,20710
1668,4,0,16,9,60482220,3647,59140080,3563,20714
1669,8,0,21,4,60490860,3647,59140080,3561,20722
1670,17,4,25,0,60521760,3647,59141880,3558,20739
1671,5,0,24,1,60563880,3647,59157600,3558,20744
1672,9,0,17,8,60625020,3648,59157600,3556,20753
1673,12,6,19,6,60634380,3647,59157840,3554,20765
1674,5,7,19,6,60656760,3648,59172720,3553,20770
1675,10,0,21,4,60696720,3647,59202540,3553,20780
1676,10,6,17,8,60724800,3647,59206020,3551,20790
1677,7,5,24,1,60729840,3647,59216820,3550,20797
1678,7,0,18,7,60787020,3646,59240460,3550,20804
1679,10,0,18,7,60815820,3646,59240460,3548,20814
1680,6,0,16,9,60831660,3645,59240460,3546,20820
1681,11,0,23,2,60836640,3645,59240460,3544,20831
1682,8,0,18,7,60879120,3644,59240460,3542,20839
1683,17,2,25,0,60903000,3644,59242620,3539,20856
1684,29,24,25,0,60938340,3645,59244660,3534,20885
1685,43,40,20,5,60985440,3646,59248920,3529,20928
1686,23,40,17,8,61018800,3647,59256060,3529,20951
1687,30,40,18,7,61048320,3647,59292120,3530,20981
1688,42,40,18,7,61061700,3648,59310420,3531,21023
1689,29,40,25,0,61087920,3648,59407620,3534,21052
1690,30,40,25,0,61140360,3649,59467140,3536,21082
1691,36,40,25,0,61182540,3650,59501400,3536,21118
1692,32,40,25,0,61225140,3650,59660160,3543,21150
1693,38,39,25,0,61285200,3650,59689080,3542,21188
1694,35,40,24,1,61316160,3650,59719680,3542,21223
1695,32,40,16,9,61354740,3651,59721300,3542,21255
1696,26,40,25,0,61377600,3651,60001320,3556,21281
1697,32,40,19,6,61411260,3651,60023640,3556,21313
1698,27,40,25,0,61446540,3651,60093300,3557,21340
1699,27,40,25,0,61501200,3651,60163440,3558,21367
1700,30,40,25,0,61530300,3650,60209820,3559,21397
1701,32,39,25,0,61582500,3650,60238980,3557,21429
1702,31,40,17,8,61640820,3650,60241020,3556,21460
1703,34,40,16,9,61645620,3650,60241020,3556,21494
1704,35,39,20,5,61685520,3651,60355740,3561,21529
1705,33,40,15,10,61700220,3651,60355740,3561,21562
1706,26,40,19,6,61716120,3652,60374340,3560,21588
1707,26,38,25,0,61746120,3651,60451140,3561,21614
1708,36,40,19,6,61780620,3650,60517140,3563,21650
1709,34,40,17,8,61801140,3651,60523020,3563,21684
1710,28,40,22,3,61835100,3651,60597960,3566,21712
1711,29,40,20,5,61851480,3651,60607380,3565,21741
1712,26,40,22,3,61896240,3652,60627180,3565,21767
1713,31,38,21,4,61946460,3653,60648180,3565,21798
1714,26,39,25,0,61974480,3653,60655680,3562,21824
1715,27,38,25,0,62025840,3654,60722880,3564,21851
1716,38,39,25,0,62059980,3653,60761880,3563,21889
1717,29,38,25,0,62116380,3653,60944280,3571,21918
1718,32,40,20,5,62149440,3652,60960840,3570,21950
1719,33,39,24,1,62184600,3653,61007640,3571,21983
1720,37,40,25,0,62220720,3653,61050960,3571,22020
1721,32,39,25,0,62264700,3652,61095660,3571,22052
1722,35,40,25,0,62331600,3651,61299120,3578,22087
1723,35,40,25,0,62354220,3651,61330320,3577,22122
1724,30,38,25,0,62409900,3651,61357140,3576,22152
1725,38,39,22,3,62453940,3651,61371780,3575,22190
1726,29,40,25,0,62487420,3652,61407720,3575,22219
1727,25,39,22,3,62534280,3652,61446120,3575,22244
1728,32,39,20,5,62575380,3651,61459980,3573,22276
1729,38,40,22,3,62600100,3650,61507740,3574,22314
1730,31,40,22,3,62633880,3651,61516620,3573,22345
1731,37,39,25,0,62686680,3651,61716420,3582,22382
1732,31,40,20,5,62719200,3651,61717620,3580,22413
1733,40,40,25,0,62748060,3651,61725900,3578,22453
1734,34,40,25,0,62797620,3652,61740060,3577,22487
1735,36,38,25,0,62852160,3652,61774020,3576,22523
1736,33,40,24,1,62906580,3651,61872420,3578,22556
1737,35,40,20,5,62941980,3651,61882320,3578,22591
1738,33,40,22,3,62974500,3652,61890960,3576,22624
1739,22,40,19,6,63002220,3652,61939140,3578,22646
1740,37,39,20,5,63031200,3652,61949940,3578,22683
1741,25,40,25,0,63068580,3652,62341860,3596,22708
1742,27,40,25,0,63108480,3651,62539860,3605,22735
1743,25,40,23,2,63145140,3651,62597220,3607,22760
1744,27,40,25,0,63188400,3650,62673240,3607,22787
1745,40,40,25,0,63246720,3651,62685060,3606,22827
1746,27,39,25,0,63298620,3651,62702760,3604,22854
1747,38,40,20,5,63337500,3651,62708460,3603,22892
1748,35,40,25,0,63362340,3652,62716200,3601,22927
1749,33,40,25,0,63407460,3650,62889780,3607,22960
1750,26,40,25,0,63456900,3651,62910480,3606,22986
1751,29,40,25,0,63504240,3651,62915640,3604,23015
1752,33,40,18,7,63542040,3651,62917140,3603,23048
1753,29,40,22,3,63582420,3651,62981220,3604,23077
1754,32,39,25,0,63623100,3651,63089940,3608,23109
1755,37,40,23,2,63654900,3651,63096900,3606,23146
1756,34,39,25,0,63697440,3651,63118020,3604,23180
1757,28,40,25,0,63748020,3650,63192540,3605,23208
1758,38,40,25,0,63803280,3650,63473100,3618,23246
1759,26,40,25,0,63823140,3649,63495960,3618,23272
1760,33,40,25,0,63890940,3650,63522660,3616,23305
1761,34,40,25,0,63945240,3650,63567420,3615,23339
1762,26,40,25,0,63984780,3649,63610620,3614,23365
1763,23,40,25,0,64024260,3649,63618180,3613,23388
1764,25,39,25,0,64084080,3650,63657780,3613,23413
1765,32,38,25,0,64126020,3650,63710580,3613,23445
1766,30,40,25,0,64167300,3650,63745620,3612,23475
1767,34,40,25,0,64199340,3650,63750300,3611,23509
1768,30,40,25,0,64254900,3650,63763800,3609,23539
1769,40,38,25,0,64302240,3650,63807180,3609,23579
1770,35,40,24,1,64347180,3650,63912960,3613,23614
1771,27,40,19,6,64368720,3650,63916380,3612,23641
1772,28,40,24,1,64419240,3651,64000440,3614,23669
1773,26,38,25,0,64454580,3652,64031400,3615,23695
1774,29,40,22,3,64504680,3652,64049760,3613,23724
1775,31,40,23,2,64530000,3652,64083180,3614,23755
1776,35,40,25,0,64581660,3652,64108620,3612,23790
1777,31,40,25,0,64615620,3652,64154100,3613,23821
1778,27,40,25,0,64667400,3652,64168260,3611,23848
1779,26,40,19,6,64707840,3652,64223640,3613,23874
1780,35,38,20,5,64737660,3652,64293960,3615,23909
1781,32,40,25,0,64765860,3651,64379820,3616,23941
1782,30,39,25,0,64819740,3650,64622340,3626,23971
1783,28,38,25,0,64867440,3650,64634400,3624,23999
1784,28,40,22,3,64896360,3650,64636200,3623,24027
1785,30,40,21,4,64931940,3651,64659360,3623,24057
1786,35,40,21,4,64979100,3651,64710300,3624,24092
1787,29,40,21,4,65004360,3652,64742340,3625,24121
1788,26,40,16,9,65028960,3652,64744620,3625,24147
1789,21,40,17,8,65038380,3652,64747320,3625,24168
1790,37,40,25,0,65076000,3652,64824060,3625,24205
1791,33,40,25,0,65116560,3651,64912500,3626,24238
1792,33,39,25,0,65171040,3650,65006340,3628,24271
1793,26,40,25,0,65209800,3648,65244840,3637,24297
1794,38,40,25,0,65244300,3649,65260140,3636,24335
1795,29,40,25,0,65301000,3649,65279820,3635,24364
1796,41,37,24,1,65341440,3649,65290260,3634,24405
1797,28,39,25,0,65377200,3648,65318880,3633,24433
1798,22,40,25,0,65410080,3648,65325180,3631,24455
1799,38,40,25,0,65463540,3649,65376180,3632,24493
1800,33,40,23,2,65517900,3649,65465640,3634,24526
1801,33,40,25,0,65549460,3649,65477220,3632,24559
1802,26,40,25,0,65592120,3648,65547720,3633,24585
1803,32,40,22,3,65611380,3648,65550600,3633,24617
1804,33,39,25,0,65682420,3650,65655960,3635,24650
1805,29,40,19,6,65697840,3649,65655960,3635,24679
1806,21,40,17,8,65721180,3650,65660520,3635,24700
1807,30,39,16,9,65750160,3650,65665620,3635,24730
1808,24,40,21,4,65767080,3651,65738040,3637,24754
1809,34,40,16,9,65787180,3650,65741340,3637,24788
1810,29,39,25,0,65807520,3650,65839380,3639,24817
1811,23,40,18,7,65849220,3649,65922180,3642,24840
1812,29,39,16,9,65872800,3649,65929440,3641,24869
1813,29,40,19,6,65890140,3650,65940840,3641,24898
1814,31,40,22,3,65910540,3650,66154320,3651,24929
1815,28,40,25,0,65945820,3650,66215820,3652,24957
1816,31,39,25,0,65982600,3649,66245940,3650,24988
1817,32,40,19,6,66010680,3649,66250920,3651,25020
1818,33,40,25,0,66073980,3649,66377160,3653,25053
1819,35,40,20,5,66105900,3649,66410940,3654,25088
1820,33,40,17,8,66139320,3648,66422340,3653,25121
1821,33,38,21,4,66168180,3649,66440280,3652,25154
1822,30,40,25,0,66205560,3648,66477660,3650,25184
1823,30,40,25,0,66245640,3648,66518520,3650,25214
1824,34,38,24,1,66312900,3646,68914320,3777,25248
1825,31,40,17,8,66327000,3646,68914320,3777,25279
1826,30,40,17,8,66342720,3646,68928480,3777,25309
1827,25,39,19,6,66377760,3648,68966160,3778,25334
1828,27,40,22,3,66390360,3648,68976960,3777,25361
1829,31,39,25,0,66429720,3649,69009480,3777,25392
1830,29,40,25,0,66481800,3649,69052200,3777,25421
1831,30,38,25,0,66523680,3648,69112140,3777,25451
1832,27,40,25,0,66567420,3648,69123300,3775,25478
1833,34,40,17,8,66608880,3648,69154020,3776,25512
1834,40,40,19,6,66641280,3648,69249180,3779,25552
1835,32,40,17,8,66664380,3648,69260040,3779,25584
1836,38,40,21,4,66684720,3649,69288300,3779,25622
1837,26,40,25,0,66715080,3648,69318300,3778,25648
1838,31,40,22,3,66763860,3648,69330300,3776,25679
1839,34,40,25,0,66794400,3648,69369240,3776,25713
1840,28,40,25,0,66857340,3647,70211700,3818,25741
1841,28,39,25,0,66897480,3647,70225620,3815,25769
1842,21,40,22,3,66938340,3648,70233300,3814,25790
1843,26,40,20,5,66980760,3648,70252560,3814,25816
1844,30,40,20,5,67006020,3648,70275480,3814,25846
1845,28,37,23,2,67045080,3649,70356660,3817,25874
1846,30,40,25,0,67065960,3648,70368840,3815,25904
1847,26,39,24,1,67122840,3649,70377240,3813,25930
1848,15,40,19,6,67164660,3649,70384980,3812,25945
1849,8,37,20,5,67191540,3650,70397700,3812,25953
1850,9,23,25,0,67231200,3649,75014340,4060,25962
1851,3,0,15,10,67289040,3645,82842960,4484,25965
1852,7,0,18,7,67295460,3644,82842960,4482,25972
1853,9,0,19,6,67321260,3644,82842960,4480,25981
1854,4,0,17,8,67338900,3644,82842960,4479,25985
1855,5,0,17,8,67357920,3644,82842960,4477,25990
1856,12,0,23,2,67375080,3644,82842960,4475,26002
1857,8,0,19,6,67409400,3643,82842960,4473,26010
1858,8,0,20,5,67422720,3642,82842960,4471,26018
1859,10,0,22,3,67459980,3643,82844100,4468,26028
1860,12,8,21,4,67475520,3643,82844280,4467,26040
1861,10,16,16,9,67522920,3644,82848300,4463,26050
1862,12,26,17,8,67535160,3644,82852260,4463,26062
1863,16,39,16,9,67555920,3645,82859220,4457,26078
1864,7,40,18,7,67578840,3646,82872240,4457,26085
1865,12,40,25,0,67592580,3646,82970460,4460,26097
1866,8,35,25,0,67631460,3647,83069520,4465,26105
1867,10,37,25,0,67683300,3648,83134500,4466,26115
1868,9,34,25,0,67743240,3649,83224200,4468,26124
1869,9,29,25,0,67794960,3649,83463360,4479,26133
1870,5,2,25,0,67848600,3645,83926020,4503,26138
1871,6,0,18,7,67889940,3645,83958420,4503,26144
1872,4,0,18,7,67900620,3644,83958420,4502,26148
1873,3,0,16,9,67925880,3645,83958420,4501,26151
1874,5,0,16,9,67948560,3645,83958420,4500,26156
1875,7,1,18,7,67955040,3645,83958420,4499,26163
1876,7,7,17,8,67959780,3644,83958600,4498,26170
1877,4,7,18,7,67990260,3645,83970840,4496,26174
1878,5,0,16,9,68020140,3644,84007980,4497,26179
1879,10,0,15,10,68055360,3644,84007980,4495,26189
1880,12,0,21,4,68068860,3644,84007980,4492,26201
1881,7,0,20,5,68101800,3644,84007980,4490,26208
1882,7,0,18,7,68123220,3643,84007980,4489,26215
1883,11,0,23,2,68150580,3644,84008040,4486,26226
1884,9,3,22,3,68170260,3643,84008460,4484,26235
1885,17,12,21,4,68205420,3643,84011760,4480,26252
1886,12,24,15,10,68241780,3644,84011760,4480,26264
1887,11,32,16,9,68256300,3645,84021600,4477,26275
1888,8,38,17,8,68266980,3645,84034740,4474,26283
1889,11,40,16,9,68281860,3645,84040260,4474,26294
1890,10,40,17,8,68304360,3646,84059100,4474,26304
1891,12,38,19,6,68317260,3646,84105420,4475,26316
1892,8,40,22,3,68340660,3647,84118860,4474,26324
1893,6,39,22,3,68370840,3647,84201000,4477,26330
1894,9,39,25,0,68406840,3648,84376920,4485,26339
1895,3,31,25,0,68455800,3649,84544860,4493,26342
1896,2,16,25,0,68518260,3649,84928860,4513,26344
1897,3,0,22,3,68562240,3647,85401060,4537,26347
1898,5,0,17,8,68594520,3646,85401060,4536,26352
1899,4,0,17,8,68602860,3646,85401060,4535,26356
1900,4,0,18,7,68620920,3646,85401060,4534,26360
1901,10,0,22,3,68640540,3646,85401060,4532,26370
1902,10,0,23,2,68671440,3646,85401060,4529,26380
1903,11,0,23,2,68702040,3646,85401060,4526,26391
1904,6,0,22,3,68732640,3646,85401120,4525,26397
1905,7,0,18,7,68774280,3646,85401120,4523,26404
1906,15,2,25,0,68793780,3646,85401480,4520,26419
1907,10,8,24,1,68817480,3646,85403280,4519,26429
1908,13,18,19,6,68860200,3647,85405980,4517,26442
1909,23,36,18,7,68908380,3648,85413120,4511,26465
1910,10,39,17,8,68922120,3649,85418580,4509,26475
1911,6,40,16,9,68944680,3649,85428420,4509,26481
1912,10,37,16,9,68969820,3650,85452300,4510,26491
1913,10,37,25,0,68976780,3650,85589640,4515,26501
1914,9,40,22,3,68999340,3650,85593060,4514,26510
1915,5,32,24,1,69057240,3652,85754460,4521,26515
1916,9,32,21,4,69105540,3652,85783980,4521,26524
1917,4,26,25,0,69133620,3652,85982700,4530,26528
1918,2,6,25,0,69190020,3651,86526660,4558,26530
1919,5,0,16,9,69213660,3648,86677860,4565,26535
1920,3,0,14,11,69238320,3649,86677860,4564,26538
1921,4,0,15,10,69241380,3648,86677860,4563,26542
1922,7,0,18,7,69252000,3648,86677860,4562,26549
1923,2,0,16,9,69272580,3648,86677860,4561,26551
1924,5,0,18,7,69287340,3649,86677860,4560,26556
1925,14,0,24,1,69307200,3648,86677920,4557,26570
1926,3,0,15,10,69349680,3648,86677920,4556,26573
1927,12,0,21,4,69367080,3648,86677920,4553,26585
1928,9,0,21,4,69398460,3648,86677920,4551,26594
1929,7,0,19,6,69429540,3648,86677920,4549,26601
1930,9,0,19,6,69466680,3648,86677920,4547,26610
1931,11,0,21,4,69489900,3647,86677920,4545,26621
1932,10,0,19,6,69525420,3647,86677920,4542,26631
1933,9,0,20,5,69553020,3647,86677920,4540,26640
1934,7,0,23,2,69571140,3647,86677920,4538,26647
1935,7,0,18,7,69615480,3647,86677920,4537,26654
1936,7,0,18,7,69641400,3647,86677920,4535,26661
1937,7,0,21,4,69652680,3647,86677920,4533,26668
1938,12,0,22,3,69673080,3646,86677920,4530,26680
1939,8,0,19,6,69720540,3646,86677920,4529,26688
1940,5,0,18,7,69737880,3646,86677920,4527,26693
1941,7,0,19,6,69769800,3646,86677920,4526,26700
1942,3,0,16,9,69790380,3646,86677920,4525,26703
1943,9,0,18,7,69818880,3647,86677920,4523,26712
1944,5,0,17,8,69838380,3646,86677920,4522,26717
1945,8,0,18,7,69860280,3646,86677920,4520,26725
1946,8,0,21,4,69886320,3647,86677920,4518,26733
1947,3,0,21,4,69900840,3647,86678220,4517,26736
1948,4,0,17,8,69945360,3648,86678220,4516,26740
1949,5,0,20,5,69951900,3648,86678220,4515,26745
1950,9,6,18,7,69969000,3648,86678520,4514,26754
1951,7,11,17,8,69989340,3648,86681340,4513,26761
1952,8,14,18,7,70023420,3649,86693280,4511,26769
1953,10,24,16,9,70034820,3649,86693280,4511,26779
1954,9,26,19,6,70064760,3650,86738220,4508,26788
1955,7,25,25,0,70070280,3650,86783460,4509,26795
1956,13,24,25,0,70132500,3651,86872680,4510,26808
1957,7,11,25,0,70184820,3649,87041340,4518,26815
1958,13,1,25,0,70215360,3647,87185100,4522,26828
1959,11,1,25,0,70253520,3647,87190860,4520,26839
1960,11,1,25,0,70294020,3647,87199620,4518,26850
1961,10,3,22,3,70337940,3647,87200520,4516,26860
1962,6,8,17,8,70376760,3648,87201900,4515,26866
1963,7,5,24,1,70405560,3649,87226140,4514,26873
1964,6,0,16,9,70460760,3648,87251280,4514,26879
1965,5,0,18,7,70471920,3648,87251280,4512,26884
1966,3,0,17,8,70491180,3648,87251280,4512,26887
1967,12,0,22,3,70510320,3648,87251280,4509,26899
1968,6,0,20,5,70537500,3648,87251280,4507,26905
1969,4,0,17,8,70565820,3648,87251280,4507,26909
1970,3,0,16,9,70588920,3648,87251280,4506,26912
1971,7,0,19,6,70607100,3648,87251280,4504,26919
1972,2,0,15,10,70629060,3648,87251280,4504,26921
1973,10,0,20,5,70643640,3648,87251280,4501,26931
1974,15,0,24,1,70669860,3648,87251280,4498,26946
1975,7,0,22,3,70694460,3647,87252240,4496,26953
1976,10,0,20,5,70744320,3647,87252240,4494,26963
1977,5,0,17,8,70772040,3647,87252240,4493,26968
1978,10,0,19,6,70793820,3647,87252240,4491,26978
1979,8,0,19,6,70810800,3646,87252240,4489,26986
1980,13,0,18,7,70853520,3646,87252240,4486,26999
1981,14,5,25,0,70860720,3646,87252240,4484,27013
1982,6,2,23,2,70909500,3646,87263340,4482,27019
1983,12,11,18,7,70946280,3647,87267960,4479,27031
1984,11,18,20,5,70958280,3647,87277500,4478,27042
1985,10,18,25,0,70995900,3648,87306120,4476,27052
1986,13,25,19,6,71042940,3648,87315660,4475,27065
1987,8,30,17,8,71079720,3649,87321720,4473,27073
1988,8,35,17,8,71100000,3650,87326160,4471,27081
1989,7,39,16,9,71118540,3650,87330780,4470,27088
1990,5,37,21,4,71132580,3650,87388020,4471,27093
1991,8,30,25,0,71175360,3650,87499140,4475,27101
1992,3,18,25,0,71217960,3650,87801960,4490,27104
1993,3,0,15,10,71277000,3647,88216440,4510,27107
1994,7,0,21,4,71283360,3647,88216440,4509,27114
1995,7,0,22,3,71307780,3647,88218240,4507,27121
1996,6,0,19,6,71345460,3648,88218240,4506,27127
1997,8,3,18,7,71381820,3648,88221420,4504,27135
1998,6,0,18,7,71401320,3648,88230900,4503,27141
1999,4,0,14,11,71440620,3648,88230900,4502,27145
2000,8,0,20,5,71447160,3648,88230900,4501,27153
2001,14,0,24,1,71466240,3647,88230900,4497,27167
2002,9,0,20,5,71505960,3647,88230900,4495,27176
2003,12,6,18,7,71535300,3647,88232160,4493,27188
2004,13,13,22,3,71548800,3647,88238700,4492,27201
2005,8,19,17,8,71593620,3648,88244040,4490,27209
2006,8,24,17,8,71614320,3649,88253820,4488,27217
2007,5,27,18,7,71622240,3649,88264740,4487,27222
2008,8,31,18,7,71653680,3650,88289100,4487,27230
2009,12,40,17,8,71666640,3650,88290480,4485,27242
2010,11,40,16,9,71689260,3651,88302480,4484,27253
2011,8,40,15,10,71699700,3651,88302480,4484,27261
2012,5,38,19,6,71717400,3651,88372200,4487,27266
2013,8,38,25,0,71729880,3652,88432740,4488,27274
2014,3,31,25,0,71782920,3653,88639860,4498,27277
2015,5,26,25,0,71832720,3653,88811700,4505,27282
2016,8,24,25,0,71867760,3653,88927200,4509,27290
2017,2,26,25,0,71867760,3653,88927200,4509,27292
2018,6,32,25,0,71867760,3653,88927200,4509,27298
2019,5,37,25,0,71867760,3653,88927200,4509,27303
2020,4,40,25,0,71867760,3653,88927200,4509,27307
2021,9,40,25,0,71867760,3653,88927200,4509,27316
2022,12,40,25,0,71867760,3653,88927200,4509,27328
2023,14,40,25,0,71867760,3653,88927200,4509,27342
2024,8,40,25,0,71867760,3653,88927200,4509,27350
2025,12,40,25,0,71867760,3653,88927200,4509,27362
2026,12,40,25,0,71867760,3653,88927200,4509,27374
2027,8,40,25,0,71867760,3653,88927200,4509,27382
2028,7,40,25,0,71867760,3653,88927200,4509,27389
2029,13,40,25,0,71867760,3653,88927200,4509,27402
2030,11,40,25,0,71867760,3653,88927200,4509,27413
2031,6,40,25,0,71867760,3653,88927200,4509,27419
2032,9,40,25,0,71867760,3653,88927200,4509,27428
2033,15,40,25,0,71867760,3653,88927200,4509,27443
2034,10,40,25,0,71867760,3653,88927200,4509,27453
2035,12,40,25,0,71867760,3653,88927200,4509,27465
2036,10,40,25,0,71867760,3653,88927200,4509,27475
2037,7,40,25,0,71867760,3653,88927200,4509,27482
2038,6,40,25,0,71867760,3653,88927200,4509,27488
2039,8,40,25,0,71867760,3653,88927200,4509,27496
2040,7,40,25,0,71867760,3653,88927200,4509,27503
2041,4,40,25,0,71867760,3653,88927200,4509,27507
2042,6,40,25,0,71867760,3653,88927200,4509,27513
2043,3,40,25,0,71867760,3653,88927200,4509,27516
2044,7,40,25,0,71867760,3653,88927200,4509,27523
2045,3,40,25,0,71867760,3653,88927200,4509,27526
2046,3,40,25,0,71867760,3653,88927200,4509,27529
2047,9,40,25,0,71867760,3653,88927200,4509,27538
2048,9,40,25,0,71867760,3653,88927200,4509,27547
2049,10,40,25,0,71867760,3653,88927200,4509,27557
2050,9,40,25,0,71867760,3653,88927200,4509,27566
2051,14,40,25,0,71867760,3653,88927200,4509,27580
2052,15,40,25,0,71867760,3653,88927200,4509,27595
2053,9,40,25,0,71867760,3653,88927200,4509,27604
2054,13,40,25,0,71867760,3653,88927200,4509,27617
2055,7,40,25,0,71867760,3653,88927200,4509,27624
2056,9,40,25,0,71867760,3653,88927200,4509,27633
2057,12,40,25,0,71867760,3653,88927200,4509,27645
2058,6,40,25,0,71867760,3653,88927200,4509,27651
2059,3,40,25,0,71867760,3653,88927200,4509,27654
2060,5,40,25,0,71867760,3653,88927200,4509,27659
2061,8,40,25,0,71867760,3653,88927200,4509,27667
2062,9,40,25,0,71867760,3653,88927200,4509,27676
2063,2,40,25,0,71867760,3653,88927200,4509,27678
2064,7,40,25,0,71867760,3653,88927200,4509,27685
2065,2,40,25,0,71867760,3653,88927200,4509,27687
2066,4,40,25,0,71867760,3653,88927200,4509,27691
2067,5,40,25,0,71867760,3653,88927200,4509,27696
2068,1,40,25,0,71867760,3653,88927200,4509,27697
2069,9,40,25,0,71867760,3653,88927200,4509,27706
2070,8,40,25,0,71867760,3653,88927200,4509,27714
2071,5,40,25,0,71867760,3653,88927200,4509,27719
2072,6,40,25,0,71867760,3653,88927200,4509,27725
2073,8,40,25,0,71867760,3653,88927200,4509,27733
2074,7,40,25,0,71867760,3653,88927200,4509,27740
2075,12,40,25,0,71867760,3653,88927200,4509,27752
2076,4,40,25,0,71867760,3653,88927200,4509,27756
2077,5,40,25,0,71867760,3653,88927200,4509,27761
2078,15,40,25,0,71867760,3653,88927200,4509,27776
2079,13,40,25,0,71867760,3653,88927200,4509,27789
2080,13,40,25,0,71867760,3653,88927200,4509,27802
2081,13,40,25,0,71867760,3653,88927200,4509,27815
2082,10,40,25,0,71867760,3653,88927200,4509,27825
2083,4,40,25,0,71867760,3653,88927200,4509,27829
2084,6,40,25,0,71867760,3653,88927200,4509,27835
2085,8,40,25,0,71867760,3653,88927200,4509,27843
2086,4,40,25,0,71867760,3653,88927200,4509,27847
2087,9,40,25,0,71867760,3653,88927200,4509,27856
2088,2,40,25,0,71867760,3653,88927200,4509,27858
2089,6,40,25,0,71867760,3653,88927200,4509,27864
2090,1,40,25,0,71867760,3653,88927200,4509,27865
2091,5,40,25,0,71867760,3653,88927200,4509,27870
2092,14,40,25,0,71867760,3653,88927200,4509,27884
2093,8,40,25,0,71867760,3653,88927200,4509,27892
2094,8,40,25,0,71867760,3653,88927200,4509,27900
2095,3,40,25,0,71867760,3653,88927200,4509,27903
2096,6,40,25,0,71867760,3653,88927200,4509,27909
2097,4,40,25,0,71867760,3653,88927200,4509,27913
2098,10,40,25,0,71867760,3653,88927200,4509,27923
2099,9,40,25,0,71867760,3653,88927200,4509,27932
2100,12,40,25,0,71867760,3653,88927200,4509,27944
2101,8,40,25,0,71867760,3653,88927200,4509,27952
2102,12,40,25,0,71867760,3653,88927200,4509,27964
2103,13,40,25,0,71867760,3653,88927200,4509,27977
2104,11,40,25,0,71867760,3653,88927200,4509,27988
2105,8,40,25,0,71867760,3653,88927200,4509,27996
2106,8,40,25,0,71867760,3653,88927200,4509,28004
2107,6,40,25,0,71867760,3653,88927200,4509,28010
2108,6,40,25,0,71867760,3653,88927200,4509,28016
2109,10,40,25,0,71867760,3653,88927200,4509,28026
2110,6,40,25,0,71867760,3653,88927200,4509,28032
2111,5,40,25,0,71867760,3653,88927200,4509,28037
2112,3,40,25,0,71867760,3653,88927200,4509,28040
2113,4,40,25,0,71867760,3653,88927200,4509,28044
2114,8,40,25,0,71867760,3653,88927200,4509,28052
2115,2,40,25,0,71867760,3653,88927200,4509,28054
2116,8,40,25,0,71867760,3653,88927200,4509,28062
2117,7,40,25,0,71867760,3653,88927200,4509,28069
2118,7,40,25,0,71867760,3653,88927200,4509,28076
2119,4,40,25,0,71867760,3653,88927200,4509,28080
2120,9,40,25,0,71867760,3653,88927200,4509,28089
2121,10,40,25,0,71867760,3653,88927200,4509,28099
2122,19,40,25,0,71867760,3653,88927200,4509,28118
2123,10,40,25,0,71867760,3653,88927200,4509,28128
2124,1,40,25,0,71867760,3653,88927200,4509,28129
2125,7,40,25,0,71867760,3653,88927200,4509,28136
2126,11,40,25,0,71867760,3653,88927200,4509,28147
2127,11,40,25,0,71867760,3653,88927200,4509,28158
2128,17,40,25,0,71867760,3653,88927200,4509,28175
2129,6,40,25,0,71867760,3653,88927200,4509,28181
2130,4,40,25,0,71867760,3653,88927200,4509,28185
2131,9,40,25,0,71867760,3653,88927200,4509,28194
2132,7,40,25,0,71867760,3653,88927200,4509,28201
2133,9,40,25,0,71867760,3653,88927200,4509,28210
2134,9,40,25,0,71867760,3653,88927200,4509,28219
2135,11,40,25,0,71867760,3653,88927200,4509,28230
2136,6,40,25,0,71867760,3653,88927200,4509,28236
2137,6,40,25,0,71867760,3653,88927200,4509,28242
2138,4,40,25,0,71867760,3653,88927200,4509,28246
2139,5,40,25,0,71867760,3653,88927200,4509,28251
2140,8,40,25,0,71867760,3653,88927200,4509,28259
2141,7,40,25,0,71867760,3653,88927200,4509,28266
2142,4,40,25,0,71867760,3653,88927200,4509,28270
2143,7,40,25,0,71867760,3653,88927200,4509,28277
2144,12,40,25,0,71867760,3653,88927200,4509,28289
2145,10,40,25,0,71867760,3653,88927200,4509,28299
2146,11,40,25,0,71867760,3653,88927200,4509,28310
2147,11,40,25,0,71867760,3653,88927200,4509,28321
2148,4,40,25,0,71867760,3653,88927200,4509,28325
2149,12,40,25,0,71867760,3653,88927200,4509,28337
2150,10,40,25,0,71867760,3653,88927200,4509,28347
2151,25,40,25,0,71867760,3653,88927200,4509,28372
2152,14,40,25,0,71867760,3653,88927200,4509,28386
2153,9,40,25,0,71867760,3653,88927200,4509,28395
2154,1,40,25,0,71867760,3653,88927200,4509,28396
2155,6,40,25,0,71867760,3653,88927200,4509,28402
2156,6,40,25,0,71867760,3653,88927200,4509,28408
2157,9,40,25,0,71867760,3653,88927200,4509,28417
2158,5,40,25,0,71867760,3653,88927200,4509,28422
2159,5,40,25,0,71867760,3653,88927200,4509,28427
2160,5,40,25,0,71867760,3653,88927200,4509,28432
2161,5,40,25,0,71867760,3653,88927200,4509,28437
2162,6,40,25,0,71867760,3653,88927200,4509,28443
2163,5,40,25,0,71867760,3653,88927200,4509,28448
2164,8,40,25,0,71867760,3653,88927200,4509,28456
2165,8,40,25,0,71867760,3653,88927200,4509,28464
2166,8,40,25,0,71867760,3653,88927200,4509,28472
2167,6,40,25,0,71867760,3653,88927200,4509,28478
2168,7,40,25,0,71867760,3653,88927200,4509,28485
2169,19,40,25,0,71867760,3653,88927200,4509,28504
2170,6,40,25,0,71867760,3653,88927200,4509,28510
2171,8,40,25,0,71867760,3653,88927200,4509,28518
2172,14,40,25,0,71867760,3653,88927200,4509,28532
2173,10,40,25,0,71867760,3653,88927200,4509,28542
2174,12,40,25,0,71867760,3653,88927200,4509,28554
2175,15,40,25,0,71867760,3653,88927200,4509,28569
2176,6,40,25,0,71867760,3653,88927200,4509,28575
2177,8,40,25,0,71867760,3653,88927200,4509,28583
2178,8,40,25,0,71867760,3653,88927200,4509,28591
2179,7,40,25,0,71867760,3653,88927200,4509,28598
2180,12,40,25,0,71867760,3653,88927200,4509,28610
2181,5,40,25,0,71867760,3653,88927200,4509,28615
2182,3,40,25,0,71867760,3653,88927200,4509,28618
2183,11,40,25,0,71867760,3653,88927200,4509,28629
2184,1,40,25,0,71867760,3653,88927200,4509,28630
2186,3,40,25,0,71867760,3653,88927200,4509,28633
2185,0,40,25,0,71867760,3653,88927200,4509,28633
2187,3,40,25,0,71867760,3653,88927200,4509,28636
2188,8,40,25,0,71867760,3653,88927200,4509,28644
2189,8,40,25,0,71867760,3653,88927200,4509,28652
2190,5,40,25,0,71867760,3653,88927200,4509,28657
2191,5,40,25,0,71867760,3653,88927200,4509,28662
2192,8,40,25,0,71867760,3653,88927200,4509,28670
2193,6,40,25,0,71867760,3653,88927200,4509,28676
2194,14,40,25,0,71867760,3653,88927200,4509,28690
2195,7,40,25,0,71867760,3653,88927200,4509,28697
2196,13,40,25,0,71867760,3653,88927200,4509,28710
2197,8,40,25,0,71867760,3653,88927200,4509,28718
2198,14,40,25,0,71867760,3653,88927200,4509,28732
2199,9,40,25,0,71867760,3653,88927200,4509,28741
2200,15,40,25,0,71867760,3653,88927200,4509,28756
2201,10,40,25,0,71867760,3653,88927200,4509,28766
2202,9,40,25,0,71867760,3653,88927200,4509,28775
2203,7,40,25,0,71867760,3653,88927200,4509,28782
2204,2,40,25,0,71867760,3653,88927200,4509,28784
2205,7,40,25,0,71867760,3653,88927200,4509,28791
2206,4,40,25,0,71867760,3653,88927200,4509,28795
2207,2,40,25,0,71867760,3653,88927200,4509,28797
2208,6,40,25,0,71867760,3653,88927200,4509,28803
2209,3,40,25,0,71867760,3653,88927200,4509,28806
2210,7,40,25,0,71867760,3653,88927200,4509,28813
2211,3,40,25,0,71867760,3653,88927200,4509,28816
2212,7,40,25,0,71867760,3653,88927200,4509,28823
2213,3,40,25,0,71867760,3653,88927200,4509,28826
2214,7,40,25,0,71867760,3653,88927200,4509,28833
2215,8,40,25,0,71867760,3653,88927200,4509,28841
2216,6,40,25,0,71867760,3653,88927200,4509,28847
2217,2,40,25,0,71867760,3653,88927200,4509,28849
2218,8,40,25,0,71867760,3653,88927200,4509,28857
2219,13,40,25,0,71867760,3653,88927200,4509,28870
2220,7,40,25,0,71867760,3653,88927200,4509,28877
2221,17,40,25,0,71867760,3653,88927200,4509,28894
2222,9,40,25,0,71867760,3653,88927200,4509,28903
2223,17,40,25,0,71867760,3653,88927200,4509,28920
2224,14,40,25,0,71867760,3653,88927200,4509,28934
2225,11,40,25,0,71867760,3653,88927200,4509,28945
2226,12,40,25,0,71867760,3653,88927200,4509,28957
2227,7,40,25,0,71867760,3653,88927200,4509,28964
2228,10,40,25,0,71867760,3653,88927200,4509,28974
2229,8,40,25,0,71867760,3653,88927200,4509,28982
2230,7,40,25,0,71867760,3653,88927200,4509,28989
2231,10,40,25,0,71867760,3653,88927200,4509,28999
2232,5,40,25,0,71867760,3653,88927200,4509,29004
2233,8,40,25,0,71867760,3653,88927200,4509,29012
2234,7,40,25,0,71867760,3653,88927200,4509,29019
2235,7,40,25,0,71867760,3653,88927200,4509,29026
2236,5,40,25,0,71867760,3653,88927200,4509,29031
2237,6,40,25,0,71867760,3653,88927200,4509,29037
2238,6,40,25,0,71867760,3653,88927200,4509,29043
2239,11,40,25,0,71867760,3653,88927200,4509,29054
2240,5,40,25,0,71867760,3653,88927200,4509,29059
2241,8,40,25,0,71867760,3653,88927200,4509,29067
2242,8,40,25,0,71867760,3653,88927200,4509,29075
2243,17,40,25,0,71867760,3653,88927200,4509,29092
2244,13,40,25,0,71867760,3653,88927200,4509,29105
2245,10,40,25,0,71867760,3653,88927200,4509,29115
2246,11,40,25,0,71867760,3653,88927200,4509,29126
2247,16,40,25,0,71867760,3653,88927200,4509,29142
2248,8,40,25,0,71867760,3653,88927200,4509,29150
2249,13,40,25,0,71867760,3653,88927200,4509,29163
2250,6,40,25,0,71867760,3653,88927200,4509,29169
2251,11,40,25,0,71867760,3653,88927200,4509,29180
2252,5,40,25,0,71867760,3653,88927200,4509,29185
2253,4,40,25,0,71867760,3653,88927200,4509,29189
2254,8,40,25,0,71867760,3653,88927200,4509,29197
2255,4,40,25,0,71867760,3653,88927200,4509,29201
2256,6,40,25,0,71867760,3653,88927200,4509,29207
2257,2,40,25,0,71867760,3653,88927200,4509,29209
2258,11,40,25,0,71867760,3653,88927200,4509,29220
2259,8,40,25,0,71867760,3653,88927200,4509,29228
2260,3,40,25,0,71867760,3653,88927200,4509,29231
2261,7,40,25,0,71867760,3653,88927200,4509,29238
2262,3,40,25,0,71867760,3653,88927200,4509,29241
2263,5,40,25,0,71867760,3653,88927200,4509,29246
2264,11,40,25,0,71867760,3653,88927200,4509,29257
2265,8,40,25,0,71867760,3653,88927200,4509,29265
2266,10,40,25,0,71867760,3653,88927200,4509,29275
2267,3,40,25,0,71867760,3653,88927200,4509,29278
2268,18,40,25,0,71867760,3653,88927200,4509,29296
2269,14,40,25,0,71867760,3653,88927200,4509,29310
2270,11,40,25,0,71867760,3653,88927200,4509,29321
2271,12,40,25,0,71867760,3653,88927200,4509,29333
2272,7,40,25,0,71867760,3653,88927200,4509,29340
2273,11,40,25,0,71867760,3653,88927200,4509,29351
2274,4,40,25,0,71867760,3653,88927200,4509,29355
2275,7,40,25,0,71867760,3653,88927200,4509,29362
2276,10,40,25,0,71867760,3653,88927200,4509,29372
2277,9,40,25,0,71867760,3653,88927200,4509,29381
2278,3,40,25,0,71867760,3653,88927200,4509,29384
2279,6,40,25,0,71867760,3653,88927200,4509,29390
2280,8,40,25,0,71867760,3653,88927200,4509,29398
2281,5,40,25,0,71867760,3653,88927200,4509,29403
2282,5,40,25,0,71867760,3653,88927200,4509,29408
2283,4,40,25,0,71867760,3653,88927200,4509,29412
2284,10,40,25,0,71867760,3653,88927200,4509,29422
2285,6,40,25,0,71867760,3653,88927200,4509,29428
2286,8,40,25,0,71867760,3653,88927200,4509,29436
2287,7,40,25,0,71867760,3653,88927200,4509,29443
2288,9,40,25,0,71867760,3653,88927200,4509,29452
2289,12,40,25,0,71867760,3653,88927200,4509,29464
2290,10,40,25,0,71867760,3653,88927200,4509,29474
2291,12,40,25,0,71867760,3653,88927200,4509,29486
2292,16,40,25,0,71867760,3653,88927200,4509,29502
2293,12,40,25,0,71867760,3653,88927200,4509,29514
2294,10,40,25,0,71867760,3653,88927200,4509,29524
2295,14,40,25,0,71867760,3653,88927200,4509,29538
2296,7,40,25,0,71867760,3653,88927200,4509,29545
2297,12,40,25,0,71867760,3653,88927200,4509,29557
2298,12,40,25,0,71867760,3653,88927200,4509,29569
2299,14,40,25,0,71867760,3653,88927200,4509,29583
2300,9,40,25,0,71867760,3653,88927200,4509,29592
2301,6,40,25,0,71867760,3653,88927200,4509,29598
2302,5,40,25,0,71867760,3653,88927200,4509,29603
2303,9,40,25,0,71867760,3653,88927200,4509,29612
2304,4,40,25,0,71867760,3653,88927200,4509,29616
2305,2,40,25,0,71867760,3653,88927200,4509,29618
2306,5,40,25,0,71867760,3653,88927200,4509,29623
2307,8,40,25,0,71867760,3653,88927200,4509,29631
2308,4,40,25,0,71867760,3653,88927200,4509,29635
2309,5,40,25,0,71867760,3653,88927200,4509,29640
2310,8,40,25,0,71867760,3653,88927200,4509,29648
2311,6,40,25,0,71867760,3653,88927200,4509,29654
2312,5,40,25,0,71867760,3653,88927200,4509,29659
2313,8,40,25,0,71867760,3653,88927200,4509,29667
2314,10,40,25,0,71867760,3653,88927200,4509,29677
2315,8,40,25,0,71867760,3653,88927200,4509,29685
2316,7,40,25,0,71867760,3653,88927200,4509,29692
2317,13,40,25,0,71867760,3653,88927200,4509,29705
2318,7,40,25,0,71867760,3653,88927200,4509,29712
2319,6,40,25,0,71867760,3653,88927200,4509,29718
2320,8,40,25,0,71867760,3653,88927200,4509,29726
2321,9,40,25,0,71867760,3653,88927200,4509,29735
2322,9,40,25,0,71867760,3653,88927200,4509,29744
2323,8,40,25,0,71867760,3653,88927200,4509,29752
2324,7,40,25,0,71867760,3653,88927200,4509,29759
2325,6,40,25,0,71867760,3653,88927200,4509,29765
2326,9,40,25,0,71867760,3653,88927200,4509,29774
2327,6,40,25,0,71867760,3653,88927200,4509,29780
2328,9,40,25,0,71867760,3653,88927200,4509,29789
2329,6,40,25,0,71867760,3653,88927200,4509,29795
2330,3,40,25,0,71867760,3653,88927200,4509,29798
2331,11,40,25,0,71867760,3653,88927200,4509,29809
2332,6,40,25,0,71867760,3653,88927200,4509,29815
2333,8,40,25,0,71867760,3653,88927200,4509,29823
2334,12,40,25,0,71867760,3653,88927200,4509,29835
2335,6,40,25,0,71867760,3653,88927200,4509,29841
2336,6,40,25,0,71867760,3653,88927200,4509,29847
2337,8,40,25,0,71867760,3653,88927200,4509,29855
2338,12,40,25,0,71867760,3653,88927200,4509,29867
2339,14,40,25,0,71867760,3653,88927200,4509,29881
2340,12,40,25,0,71867760,3653,88927200,4509,29893
2341,5,40,25,0,71867760,3653,88927200,4509,29898
2342,11,40,25,0,71867760,3653,88927200,4509,29909
2343,8,40,25,0,71867760,3653,88927200,4509,29917
2344,4,40,25,0,71867760,3653,88927200,4509,29921
2345,9,40,25,0,71867760,3653,88927200,4509,29930
2346,5,40,25,0,71867760,3653,88927200,4509,29935
2347,10,40,25,0,71867760,3653,88927200,4509,29945
2348,7,40,25,0,71867760,3653,88927200,4509,29952
2349,6,40,25,0,71867760,3653,88927200,4509,29958
2350,4,40,25,0,71867760,3653,88927200,4509,29962
2351,2,40,25,0,71867760,3653,88927200,4509,29964
2352,6,40,25,0,71867760,3653,88927200,4509,29970
2353,8,40,25,0,71867760,3653,88927200,4509,29978
2354,17,40,25,0,71867760,3653,88927200,4509,29995
2355,14,40,25,0,71867760,3653,88927200,4509,30009
2356,36,40,25,0,71867760,3653,88927200,4509,30045
2357,28,40,25,0,71867760,3653,88927200,4509,30073
2358,47,40,25,0,71867760,3653,88927200,4509,30120
2359,29,40,25,0,71867760,3653,88927200,4509,30149
2360,36,40,25,0,71867760,3653,88927200,4509,30185
2361,34,40,25,0,71867760,3653,88927200,4509,30219
2362,26,40,25,0,71867760,3653,88927200,4509,30245
2363,30,40,25,0,71867760,3653,88927200,4509,30275
2364,31,40,25,0,71867760,3653,88927200,4509,30306
2365,32,40,25,0,71867760,3653,88927200,4509,30338
2366,30,40,25,0,71867760,3653,88927200,4509,30368
2367,25,40,25,0,71867760,3653,88927200,4509,30393
2368,38,40,25,0,71867760,3653,88927200,4509,30431
2369,32,40,25,0,71867760,3653,88927200,4509,30463
2370,28,40,25,0,71867760,3653,88927200,4509,30491
2371,34,40,25,0,71867760,3653,88927200,4509,30525
2372,28,40,25,0,71867760,3653,88927200,4509,30553
2373,28,40,25,0,71867760,3653,88927200,4509,30581
2374,31,40,25,0,71867760,3653,88927200,4509,30612
2375,22,40,25,0,71867760,3653,88927200,4509,30634
2376,26,40,25,0,71867760,3653,88927200,4509,30660
2377,30,40,25,0,71867760,3653,88927200,4509,30690
2378,29,40,25,0,71867760,3653,88927200,4509,30719
2379,33,40,25,0,71867760,3653,88927200,4509,30752
2380,27,40,25,0,71867760,3653,88927200,4509,30779
2381,29,40,25,0,71867760,3653,88927200,4509,30808
2382,31,40,25,0,71867760,3653,88927200,4509,30839
2383,32,40,25,0,71867760,3653,88927200,4509,30871
2384,31,40,25,0,71867760,3653,88927200,4509,30902
2385,26,40,25,0,71867760,3653,88927200,4509,30928
2386,45,40,25,0,71867760,3653,88927200,4509,30973
2387,28,40,25,0,71867760,3653,88927200,4509,31001
2388,30,40,25,0,71867760,3653,88927200,4509,31031
2389,34,40,25,0,71867760,3653,88927200,4509,31065
2390,37,40,25,0,71867760,3653,88927200,4509,31102
2391,31,40,25,0,71867760,3653,88927200,4509,31133
2392,32,40,25,0,71867760,3653,88927200,4509,31165
2393,28,40,25,0,71867760,3653,88927200,4509,31193
2394,27,40,25,0,71867760,3653,88927200,4509,31220
2395,36,40,25,0,71867760,3653,88927200,4509,31256
2396,26,40,25,0,71867760,3653,88927200,4509,31282
2397,23,40,25,0,71867760,3653,88927200,4509,31305
2398,35,40,25,0,71867760,3653,88927200,4509,31340
2399,30,40,25,0,71867760,3653,88927200,4509,31370

