Hour,Arrivals,Waiting,Treating,Available Rooms,Total Treatment Time,Average Treatment Time,Total Wait Time,Average Wait Time,Total Arrivals
1,5,0,3,22,1920,960,0,0,5
2,7,0,6,19,6900,1150,0,0,12
3,7,0,7,18,17940,1495,0,0,19
4,4,0,5,20,38580,2143,0,0,23
5,4,0,7,18,42420,2121,0,0,27
6,7,0,7,18,64080,2373,0,0,34
7,10,0,6,19,97860,2575,0,0,44
8,10,0,9,16,117300,2606,0,0,54
9,6,0,8,17,153360,2949,0,0,60
10,8,0,8,17,179520,2992,0,0,68
11,7,0,8,17,199440,2976,0,0,75
12,11,0,7,18,230220,2914,0,0,86
13,18,0,21,4,250320,3015,0,0,104
14,10,0,10,15,325980,3134,0,0,114
15,5,0,6,19,356580,3155,0,0,119
16,10,0,11,14,379680,3217,0,0,129
17,9,0,13,12,411960,3295,0,0,138
18,5,0,6,19,450180,3285,0,0,143
19,7,0,7,18,472260,3302,0,0,150
20,11,0,9,16,498720,3281,0,0,161
21,9,0,8,17,532260,3285,0,0,170
22,2,0,6,19,549360,3309,0,0,172
23,4,0,3,22,586260,3388,0,0,176
24,5,0,5,20,593460,3371,0,0,181
25,7,0,8,17,602040,3344,0,0,188
26,6,0,4,21,641040,3373,0,0,194
27,9,0,8,17,652620,3346,0,0,203
28,8,0,5,20,680040,3301,0,0,211
29,5,0,4,21,696660,3286,0,0,216
30,8,0,3,22,721320,3263,0,0,224
31,10,0,6,19,738120,3237,0,0,234
32,8,0,8,17,759480,3245,0,0,242
33,8,0,6,19,800700,3281,0,0,250
34,8,0,8,17,821820,3287,0,0,258
35,12,0,11,14,846060,3266,0,0,270
36,7,0,8,17,882360,3280,0,0,277
37,16,0,15,10,913020,3284,0,0,293
38,9,0,14,11,946140,3285,0,0,302
39,9,0,12,13,995940,3330,0,0,311
40,8,0,6,19,1063080,3396,0,0,319
41,9,0,9,16,1088340,3411,0,0,328
42,7,0,7,18,1114260,3397,0,0,335
43,7,0,7,18,1146840,3423,0,0,342
44,7,0,3,22,1183020,3419,0,0,349
45,3,0,2,23,1198860,3425,0,0,352
46,5,0,5,20,1207560,3430,0,0,357
47,5,0,5,20,1214580,3402,0,0,362
48,5,0,3,22,1236420,3396,0,0,367
49,6,0,4,21,1254360,3399,0,0,373
50,2,0,3,22,1258440,3382,0,0,375
51,7,0,7,18,1268160,3381,0,0,382
52,5,0,6,19,1290540,3387,0,0,387
53,2,0,5,20,1302900,3392,0,0,389
54,8,0,2,23,1337940,3387,0,0,397
55,5,0,6,19,1342980,3391,0,0,402
56,7,0,4,21,1358760,3354,0,0,409
57,8,0,6,19,1381980,3362,0,0,417
58,12,0,12,13,1407060,3374,0,0,429
59,10,0,13,12,1434780,3368,0,0,439
60,11,0,11,14,1464600,3336,0,0,450
61,9,0,10,15,1502220,3345,0,0,459
62,9,0,11,14,1544580,3379,0,0,468
63,7,0,9,16,1576980,3384,0,0,475
64,5,0,8,17,1611000,3413,0,0,480
65,5,0,8,17,1632180,3421,0,0,485
66,7,0,6,19,1657860,3411,0,0,492
67,8,0,6,19,1684800,3410,0,0,500
68,5,0,7,18,1698480,3410,0,0,505
69,7,0,8,17,1729980,3432,0,0,512
70,13,0,11,14,1763340,3430,0,0,525
71,7,0,5,20,1807260,3429,0,0,532
72,2,0,3,22,1830360,3447,0,0,534
73,8,0,7,18,1843980,3446,0,0,542
74,9,0,6,19,1869720,3430,0,0,551
75,5,0,4,21,1887900,3420,0,0,556
76,6,0,6,19,1897800,3413,0,0,562
77,9,0,6,19,1921680,3401,0,0,571
78,9,0,6,19,1951920,3400,0,0,580
79,6,0,6,19,1979700,3413,0,0,586
80,5,0,7,18,2000700,3425,0,0,591
81,3,0,5,20,2020620,3430,0,0,594
82,7,0,6,19,2042340,3432,0,0,601
83,10,0,10,15,2050380,3411,0,0,611
84,5,0,6,19,2087340,3421,0,0,616
85,14,0,11,14,2107740,3405,0,0,630
86,5,0,6,19,2139300,3401,0,0,635
87,14,0,12,13,2167740,3403,0,0,649
88,13,0,12,13,2202840,3388,0,0,662
89,6,0,7,18,2250780,3405,0,0,668
90,7,0,7,18,2282640,3417,0,0,675
91,8,0,9,16,2298720,3410,0,0,683
92,3,0,6,19,2326500,3421,0,0,686
93,6,0,6,19,2353020,3430,0,0,692
94,6,0,5,20,2378640,3432,0,0,698
95,8,0,7,18,2397300,3429,0,0,706
96,4,0,5,20,2425560,3440,0,0,710
97,4,0,5,20,2444160,3447,0,0,714
98,3,0,2,23,2469900,3454,0,0,717
99,6,0,5,20,2479680,3453,0,0,723
100,4,0,3,22,2495520,3446,0,0,727
101,7,0,8,17,2507520,3453,0,0,734
102,5,0,10,15,2522280,3459,0,0,739
103,10,0,11,14,2556780,3464,0,0,749
104,6,0,10,15,2589660,3476,0,0,755
105,10,0,14,11,2621280,3490,0,0,765
106,13,0,11,14,2674440,3486,0,0,778
107,14,0,11,14,2719800,3482,0,0,792
108,12,0,16,9,2743260,3481,0,0,804
109,13,0,17,8,2794860,3493,0,0,817
110,12,0,10,15,2855580,3486,0,0,829
111,12,0,10,15,2895480,3484,0,0,841
112,6,0,7,18,2934240,3493,0,0,847
113,8,0,6,19,2965800,3493,0,0,855
114,11,0,7,18,3003120,3496,0,0,866
115,9,0,9,16,3018540,3485,0,0,875
116,4,0,4,21,3051360,3487,0,0,879
117,9,0,6,19,3079620,3491,0,0,888
118,4,0,7,18,3086640,3487,0,0,892
119,6,0,6,19,3118140,3495,0,0,898
120,4,0,4,21,3149040,3506,0,0,902
121,5,0,3,22,3167940,3504,0,0,907
122,7,0,5,20,3188640,3507,0,0,914
123,4,0,4,21,3205020,3506,0,0,918
124,8,0,5,20,3227100,3503,0,0,926
125,7,0,7,18,3239820,3498,0,0,933
126,5,0,3,22,3259440,3486,0,0,938
127,8,0,9,16,3264060,3483,0,0,946
128,11,0,11,14,3302160,3490,0,0,957
129,9,0,7,18,3345180,3488,0,0,966
130,17,0,10,15,3368460,3461,0,0,983
131,9,0,12,13,3397980,3467,0,0,992
132,8,0,13,12,3425640,3470,0,0,1000
133,8,0,12,13,3465840,3479,0,0,1008
134,5,0,4,21,3525900,3494,0,0,1013
135,6,0,4,21,3540120,3487,0,0,1019
136,8,0,4,21,3551340,3471,0,0,1027
137,14,0,10,15,3573780,3466,0,0,1041
138,10,0,11,14,3601500,3462,0,0,1051
139,5,0,7,18,3644460,3474,0,0,1056
140,7,0,5,20,3670560,3469,0,0,1063
141,8,0,5,20,3700620,3471,0,0,1071
142,8,0,8,17,3705540,3459,0,0,1079
143,7,0,7,18,3739620,3465,0,0,1086
144,4,0,6,19,3764820,3473,0,0,1090
145,4,0,6,19,3790320,3483,0,0,1094
146,4,0,6,19,3805440,3484,0,0,1098
147,5,0,5,20,3833640,3491,0,0,1103
148,5,0,5,20,3849360,3489,0,0,1108
149,9,0,10,15,3861240,3488,0,0,1117
150,5,0,7,18,3890580,3489,0,0,1122
151,9,0,8,17,3922680,3493,0,0,1131
152,7,0,9,16,3954360,3502,0,0,1138
153,9,0,10,15,3984000,3503,0,0,1147
154,8,0,7,18,4027200,3508,0,0,1155
155,14,0,8,17,4063200,3499,0,0,1169
156,12,0,9,16,4093200,3492,0,0,1181
157,6,0,9,16,4112820,3491,0,0,1187
158,7,0,7,18,4162140,3506,0,0,1194
159,2,0,5,20,4175880,3506,0,0,1196
160,10,0,5,20,4207620,3503,0,0,1206
161,10,0,11,14,4221000,3502,0,0,1216
162,10,0,7,18,4259400,3494,0,0,1226
163,9,0,7,18,4299480,3501,0,0,1235
164,5,0,5,20,4324800,3501,0,0,1240
165,2,0,2,23,4343280,3502,0,0,1242
166,10,0,5,20,4355820,3493,0,0,1252
167,4,0,3,22,4371840,3489,0,0,1256
168,4,0,4,21,4375380,3483,0,0,1260
169,5,0,5,20,4396620,3489,0,0,1265
170,8,0,7,18,4411320,3484,0,0,1273
171,1,0,3,22,4433820,3488,0,0,1274
172,11,0,7,18,4453980,3485,0,0,1285
173,9,0,9,16,4477860,3484,0,0,1294
174,4,0,4,21,4500720,3478,0,0,1298
175,8,0,6,19,4533480,3487,0,0,1306
176,6,0,6,19,4551660,3485,0,0,1312
177,8,0,6,19,4579200,3484,0,0,1320
178,5,0,5,20,4599120,3484,0,0,1325
179,11,0,6,19,4636860,3486,0,0,1336
180,9,0,9,16,4652160,3482,0,0,1345
181,4,0,8,17,4673580,3485,0,0,1349
182,14,0,10,15,4702800,3475,0,0,1363
183,7,0,10,15,4748760,3491,0,0,1370
184,7,0,7,18,4793400,3498,0,0,1377
185,8,0,9,16,4812960,3497,0,0,1385
186,9,0,8,17,4848300,3498,0,0,1394
187,7,0,8,17,4870140,3496,0,0,1401
188,6,0,9,16,4887900,3496,0,0,1407
189,10,0,6,19,4942740,3503,0,0,1417
190,9,0,10,15,4964580,3506,0,0,1426
191,7,0,10,15,4974540,3495,0,0,1433
192,5,0,6,19,5011260,3499,0,0,1438
193,6,0,6,19,5032200,3499,0,0,1444
194,3,0,4,21,5049960,3499,0,0,1447
195,7,0,8,17,5064840,3502,0,0,1454
196,4,0,6,19,5087940,3504,0,0,1458
197,6,0,3,22,5131020,3511,0,0,1464
198,7,0,4,21,5143260,3505,0,0,1471
199,7,0,5,20,5153940,3498,0,0,1478
200,10,0,8,17,5165400,3490,0,0,1488
201,10,0,8,17,5196900,3487,0,0,1498
202,6,0,9,16,5211840,3486,0,0,1504
203,10,0,8,17,5250780,3486,0,0,1514
204,13,0,11,14,5286540,3487,0,0,1527
205,9,0,10,15,5312700,3481,0,0,1536
206,8,0,8,17,5351460,3484,0,0,1544
207,3,0,3,22,5382480,3486,0,0,1547
208,12,0,9,16,5393520,3479,0,0,1559
209,9,0,8,17,5433420,3482,0,0,1568
210,8,0,12,13,5446980,3482,0,0,1576
211,8,0,11,14,5481540,3484,0,0,1584
212,11,0,8,17,5534760,3487,0,0,1595
213,4,0,2,23,5570280,3487,0,0,1599
214,9,0,7,18,5583360,3487,0,0,1608
215,4,0,6,19,5604480,3489,0,0,1612
216,6,0,7,18,5623380,3490,0,0,1618
217,4,0,7,18,5641680,3493,0,0,1622
218,7,0,8,17,5665800,3495,0,0,1629
219,7,0,10,15,5689140,3498,0,0,1636
220,4,0,6,19,5733780,3509,0,0,1640
221,4,0,6,19,5763480,3518,0,0,1644
222,6,0,5,20,5782320,3515,0,0,1650
223,10,0,9,16,5804640,3515,0,0,1660
224,6,0,8,17,5828700,3515,0,0,1666
225,12,0,9,16,5859180,3510,0,0,1678
226,14,0,8,17,5894280,3500,0,0,1692
227,16,0,12,13,5931780,3497,0,0,1708
228,9,0,12,13,5961600,3496,0,0,1717
229,8,0,8,17,6002580,3495,0,0,1725
230,9,0,6,19,6040500,3495,0,0,1734
231,6,0,6,19,6075360,3503,0,0,1740
232,15,0,11,14,6103140,3499,0,0,1755
233,8,0,11,14,6120180,3493,0,0,1763
234,10,0,7,18,6160560,3488,0,0,1773
235,7,0,5,20,6192840,3488,0,0,1780
236,3,0,4,21,6208620,3489,0,0,1783
237,6,0,7,18,6219720,3490,0,0,1789
238,7,0,9,16,6235080,3489,0,0,1796
239,7,0,9,16,6270300,3495,0,0,1803
240,6,0,9,16,6304320,3502,0,0,1809
241,8,0,7,18,6342480,3504,0,0,1817
242,10,0,9,16,6363600,3500,0,0,1827
243,1,0,3,22,6395280,3504,0,0,1828
244,6,0,6,19,6410100,3506,0,0,1834
245,6,0,7,18,6428460,3507,0,0,1840
246,9,0,8,17,6456060,3506,0,0,1849
247,9,0,8,17,6482340,3503,0,0,1858
248,13,0,10,15,6514740,3500,0,0,1871
249,13,0,12,13,6539340,3493,0,0,1884
250,8,0,7,18,6588660,3495,0,0,1892
251,11,0,8,17,6616800,3491,0,0,1903
252,12,0,12,13,6639480,3488,0,0,1915
253,17,0,18,7,6682680,3491,0,0,1932
254,9,0,9,16,6747420,3492,0,0,1941
255,12,0,8,17,6785100,3488,0,0,1953
256,8,0,7,18,6814080,3487,0,0,1961
257,11,0,11,14,6838320,3487,0,0,1972
258,12,0,11,14,6882540,3488,0,0,1984
259,7,0,8,17,6922680,3491,0,0,1991
260,10,0,12,13,6941880,3490,0,0,2001
261,8,0,12,13,6985140,3497,0,0,2009
262,6,0,4,21,7030260,3495,0,0,2015
263,3,0,2,23,7046760,3495,0,0,2018
264,8,0,5,20,7069620,3498,0,0,2026
265,3,0,3,22,7086120,3497,0,0,2029
266,7,0,8,17,7087440,3494,0,0,2036
267,5,0,7,18,7109520,3495,0,0,2041
268,7,0,6,19,7137300,3495,0,0,2048
269,7,0,7,18,7160280,3496,0,0,2055
270,7,0,5,20,7191300,3496,0,0,2062
271,5,0,5,20,7206780,3495,0,0,2067
272,4,0,5,20,7231500,3500,0,0,2071
273,4,0,5,20,7245540,3500,0,0,2075
274,8,0,8,17,7254540,3496,0,0,2083
275,13,0,14,11,7278180,3495,0,0,2096
276,10,0,12,13,7321980,3496,0,0,2106
277,6,0,5,20,7374720,3500,0,0,2112
278,7,0,7,18,7395360,3501,0,0,2119
279,10,0,12,13,7422060,3505,0,0,2129
280,11,0,10,15,7460100,3502,0,0,2140
281,9,0,9,16,7491840,3500,0,0,2149
282,4,0,5,20,7527720,3504,0,0,2153
283,18,0,8,17,7549560,3490,0,0,2171
284,8,0,4,21,7575180,3482,0,0,2179
285,7,0,7,18,7595520,3485,0,0,2186
286,7,0,4,21,7624380,3483,0,0,2193
287,11,0,8,17,7645920,3481,0,0,2204
288,3,0,5,20,7662480,3479,0,0,2207
289,3,0,4,21,7682700,3482,0,0,2210
290,5,0,4,21,7698000,3481,0,0,2215
291,1,0,2,23,7709640,3482,0,0,2216
292,7,0,6,19,7723080,3483,0,0,2223
293,6,0,7,18,7739640,3483,0,0,2229
294,3,0,4,21,7767300,3486,0,0,2232
295,8,0,8,17,7783200,3487,0,0,2240
296,13,0,11,14,7800900,3479,0,0,2253
297,16,0,14,11,7856640,3484,0,0,2269
298,8,0,13,12,7885080,3482,0,0,2277
299,8,0,10,15,7946400,3492,0,0,2285
300,1,0,6,19,7972920,3496,0,0,2286
301,5,0,6,19,7991520,3497,0,0,2291
302,14,0,12,13,8033820,3503,0,0,2305
303,10,0,10,15,8061600,3497,0,0,2315
304,12,0,9,16,8106600,3497,0,0,2327
305,8,0,10,15,8137920,3500,0,0,2335
306,5,0,5,20,8185680,3505,0,0,2340
307,8,0,7,18,8203860,3504,0,0,2348
308,6,0,8,17,8218020,3502,0,0,2354
309,8,0,8,17,8242320,3501,0,0,2362
310,6,0,3,22,8276040,3499,0,0,2368
311,7,0,5,20,8290620,3498,0,0,2375
312,3,0,3,22,8304120,3496,0,0,2378
313,1,0,0,25,8321760,3498,0,0,2379
314,4,0,4,21,8321760,3498,0,0,2383
315,3,0,2,23,8336640,3496,0,0,2386
316,4,0,4,21,8340360,3495,0,0,2390
317,4,0,5,20,8350860,3495,0,0,2394
318,7,0,6,19,8367360,3493,0,0,2401
319,6,0,8,17,8378880,3492,0,0,2407
320,12,0,9,16,8406780,3488,0,0,2419
321,4,0,4,21,8452200,3494,0,0,2423
322,14,0,9,16,8470080,3488,0,0,2437
323,14,0,15,10,8484240,3482,0,0,2451
324,9,0,16,9,8520480,3486,0,0,2460
325,10,0,9,16,8584620,3488,0,0,2470
326,11,0,13,12,8619240,3492,0,0,2481
327,8,0,11,14,8647860,3489,0,0,2489
328,10,0,10,15,8710320,3499,0,0,2499
329,10,0,13,12,8737680,3500,0,0,2509
330,6,0,5,20,8803920,3507,0,0,2515
331,6,0,7,18,8819460,3508,0,0,2521
332,7,0,10,15,8838600,3510,0,0,2528
333,6,0,6,19,8873100,3509,0,0,2534
334,7,0,9,16,8891460,3511,0,0,2541
335,6,0,8,17,8923920,3514,0,0,2547
336,6,0,8,17,8951460,3517,0,0,2553
337,5,0,5,20,8980740,3517,0,0,2558
338,10,0,9,16,8991660,3513,0,0,2568
339,24,0,22,3,9027840,3512,0,0,2592
340,28,0,24,1,9087360,3500,0,0,2620
341,34,27,18,7,9143340,3504,3180,1,2654
342,22,39,11,14,9223200,3518,14460,5,2676
343,32,40,14,11,9258780,3525,60840,22,2708
344,28,32,23,2,9330000,3540,188640,70,2736
345,29,37,25,0,9396780,3544,231780,85,2765
346,30,39,25,0,9475920,3551,307200,112,2795
347,27,40,22,3,9560460,3556,335820,122,2822
348,28,38,25,0,9659400,3566,459120,165,2850
349,38,39,25,0,9741420,3568,488520,174,2888
350,28,31,25,0,9847320,3560,654240,231,2916
351,33,39,25,0,9916260,3560,694260,243,2949
352,18,30,25,0,10018260,3562,854940,298,2967
353,29,25,25,0,10112220,3553,1107360,382,2996
354,35,29,25,0,10208700,3548,1243860,424,3031
355,27,36,25,0,10290120,3551,1271580,429,3058
356,34,40,23,2,10377240,3552,1322160,443,3092
357,29,33,25,0,10465560,3556,1424580,474,3121
358,18,36,18,7,10507080,3543,1522680,505,3139
359,29,36,19,6,10604220,3560,1549680,510,3168
360,27,38,23,2,10661880,3565,1570200,514,3195
361,31,38,25,0,10741560,3567,1627080,529,3226
362,30,40,20,5,10828320,3566,1719420,555,3256
363,43,39,21,4,10885380,3573,1754100,564,3299
364,36,36,24,1,10984800,3579,1847340,590,3335
365,30,39,22,3,11047860,3573,1939980,615,3365
366,33,39,25,0,11140500,3576,1966080,618,3398
367,39,35,25,0,11252940,3581,1996620,623,3437
368,32,38,25,0,11312580,3575,2047680,634,3469
369,28,35,25,0,11398920,3573,2137200,657,3497
370,24,12,25,0,11514420,3557,3552960,1085,3521
371,25,14,22,3,11587920,3551,3681240,1115,3546
372,28,21,20,5,11676360,3553,3778560,1135,3574
373,32,35,25,0,11749560,3561,3792060,1132,3606
374,32,40,21,4,11822940,3566,3802080,1127,3638
375,35,39,25,0,11909160,3575,3868860,1139,3673
376,38,40,25,0,12017760,3583,3919620,1147,3711
377,25,40,15,10,12107220,3577,3983820,1159,3736
378,19,32,20,5,12174000,3584,4102680,1189,3755
379,30,7,25,0,12261300,3558,4671480,1343,3785
380,27,2,25,0,12341040,3548,4786920,1365,3812
381,27,10,24,1,12405600,3546,4797360,1358,3839
382,28,27,22,3,12468420,3551,4803780,1350,3867
383,31,40,20,5,12575520,3562,4822740,1343,3898
384,32,40,20,5,12644340,3567,4856880,1348,3930
385,35,35,21,4,12734580,3578,4940100,1366,3965
386,29,40,25,0,12787380,3576,4977120,1367,3994
387,28,26,25,0,12904080,3574,5194500,1420,4022
388,30,24,23,2,12978600,3561,5348160,1449,4052
389,42,40,14,11,13042320,3567,5350560,1442,4094
390,28,35,25,0,13129140,3579,5432040,1458,4122
391,29,40,25,0,13195440,3579,5464380,1458,4151
392,29,35,23,2,13275960,3582,5573700,1481,4180
393,40,36,22,3,13341660,3585,5594460,1480,4220
394,32,39,20,5,13421460,3588,5599140,1473,4252
395,27,31,25,0,13511280,3585,5986860,1567,4279
396,30,40,25,0,13583100,3587,5995320,1557,4309
397,29,40,25,0,13686780,3595,6023460,1556,4338
398,32,36,25,0,13773540,3588,6153480,1579,4370
399,29,39,25,0,13868760,3591,6161580,1569,4399
400,19,34,25,0,13924380,3589,6272100,1593,4418
401,36,31,25,0,14034660,3593,6338280,1600,4454
402,29,31,25,0,14116380,3587,6434460,1612,4483
403,26,19,25,0,14216040,3578,7102500,1768,4509
404,30,23,19,6,14286600,3567,7259700,1796,4539
405,31,40,21,4,14353860,3574,7266180,1782,4570
406,30,38,25,0,14454420,3583,7307220,1785,4600
407,41,38,25,0,14552940,3588,7372620,1789,4641
408,28,39,25,0,14635080,3590,7446060,1799,4669
409,31,40,24,1,14712300,3590,7476720,1796,4700
410,26,37,25,0,14798100,3593,7509360,1796,4726
411,27,18,25,0,14898060,3583,8120040,1933,4753
412,28,2,25,0,15008520,3572,8537400,2019,4781
413,39,27,23,2,15049560,3568,8538360,2006,4820
414,28,39,10,15,15154800,3579,8543640,1994,4848
415,28,36,22,3,15190200,3583,8623680,2006,4876
416,32,40,25,0,15245880,3586,8661420,2007,4908
417,28,37,25,0,15359580,3592,8745300,2017,4936
418,20,27,25,0,15440640,3586,8907480,2044,4956
419,28,19,25,0,15534060,3578,9104580,2076,4984
420,30,10,23,2,15636900,3568,9294360,2106,5014
421,21,18,24,1,15685740,3569,9310440,2098,5035
422,25,26,25,0,15767040,3575,9324300,2091,5060
423,33,40,25,0,15866340,3583,9340620,2080,5093
424,30,40,25,0,15949860,3585,9425700,2089,5123
425,33,38,25,0,16046400,3590,9474240,2091,5156
426,31,38,25,0,16144140,3591,9517140,2088,5187
427,39,40,20,5,16228860,3587,9614520,2098,5226
428,31,38,25,0,16290000,3592,9643140,2097,5257
429,35,40,25,0,16387500,3598,9653340,2090,5292
430,30,39,14,11,16483680,3595,9703860,2092,5322
431,32,39,25,0,16552020,3598,9795420,2101,5354
432,31,35,25,0,16622820,3592,9821940,2095,5385
433,23,24,25,0,16736220,3590,10284600,2183,5408
434,29,12,25,0,16845120,3582,10651260,2247,5437
435,24,0,21,4,16920540,3568,11052720,2320,5461
436,38,17,25,0,16986540,3569,11056500,2303,5499
437,28,28,20,5,17063760,3569,11068260,2292,5527
438,30,37,22,3,17136660,3573,11087820,2284,5557
439,33,39,25,0,17221800,3578,11128020,2282,5590
440,35,40,25,0,17295300,3577,11200560,2286,5625
441,21,24,25,0,17408220,3575,11385060,2314,5646
442,27,9,25,0,17493540,3562,11691060,2364,5673
443,34,34,17,8,17575860,3566,11695140,2349,5707
444,27,40,13,12,17635860,3572,11703360,2345,5734
445,34,40,25,0,17692860,3577,11789220,2355,5768
446,31,40,25,0,17791440,3579,11837580,2351,5799
447,40,36,25,0,17883060,3577,11897220,2351,5839
448,28,40,20,5,17939880,3575,11959440,2357,5867
449,27,38,21,4,18006360,3577,11972220,2351,5894
450,42,39,21,4,18071460,3581,11979780,2346,5936
451,32,38,25,0,18167280,3579,12134520,2364,5968
452,36,40,24,1,18242160,3582,12144360,2355,6004
453,35,34,25,0,18356280,3590,12217380,2362,6039
454,26,40,15,10,18402360,3583,12470160,2407,6065
455,34,37,18,7,18482640,3590,12508260,2404,6099
456,35,40,25,0,18539040,3590,12607440,2411,6134
457,25,21,25,0,18662220,3586,13106340,2496,6159
458,30,26,25,0,18746400,3585,13221360,2504,6189
459,34,36,25,0,18813840,3582,13285020,2500,6223
460,32,36,25,0,18917820,3586,13306320,2494,6255
461,25,11,25,0,19027500,3573,13937340,2600,6280
462,34,25,15,10,19088760,3564,14059440,2606,6314
463,23,40,13,12,19142160,3569,14071560,2598,6337
464,29,39,25,0,19191480,3573,14150580,2605,6366
465,35,40,25,0,19264260,3577,14174940,2601,6401
466,22,33,25,0,19368000,3580,14265360,2608,6423
467,28,38,25,0,19448220,3580,14319000,2605,6451
468,26,37,25,0,19528740,3583,14349420,2604,6477
469,30,30,25,0,19644360,3580,14576640,2631,6507
470,33,40,25,0,19705200,3580,14584860,2619,6540
471,27,39,25,0,19799820,3584,14626440,2617,6567
472,30,40,25,0,19904280,3587,14739720,2628,6597
473,37,37,25,0,19980540,3583,14800920,2625,6634
474,28,36,25,0,20083560,3585,14868780,2625,6662
475,36,40,25,0,20135820,3584,14880720,2619,6698
476,28,31,25,0,20258520,3585,15053880,2638,6726
477,30,38,25,0,20322480,3582,15136500,2641,6756
478,35,39,25,0,20435880,3583,15208620,2638,6791
479,31,40,21,4,20501940,3581,15230040,2633,6822
480,34,40,25,0,20570940,3584,15322620,2641,6856
481,31,39,25,0,20680500,3585,15369660,2635,6887
482,29,39,25,0,20745360,3589,15379200,2632,6916
483,26,27,25,0,20871840,3592,15782580,2692,6942
484,35,26,25,0,20951760,3583,16434960,2787,6977
485,37,40,17,8,21014940,3586,16437060,2778,7014
486,27,40,25,0,21093060,3591,16467960,2774,7041
487,35,40,25,0,21209640,3595,16555260,2776,7076
488,32,32,25,0,21279480,3590,16692900,2790,7108
489,21,14,25,0,21387360,3585,17433540,2904,7129
490,37,40,15,10,21445500,3586,17438100,2890,7166
491,41,40,22,3,21521400,3592,17468460,2886,7207
492,32,38,25,0,21598380,3596,17538000,2890,7239
493,36,35,25,0,21711780,3598,17617080,2892,7275
494,39,40,24,1,21789240,3596,17630940,2880,7314
495,31,28,25,0,21864420,3591,17905380,2917,7345
496,38,40,25,0,21958440,3591,17957520,2907,7383
497,31,40,24,1,22024380,3592,17969700,2902,7414
498,34,40,23,2,22119540,3596,17990280,2896,7448
499,29,35,23,2,22207200,3596,18144540,2911,7477
500,34,40,21,4,22276860,3598,18160260,2906,7511
501,25,39,18,7,22362480,3601,18219120,2907,7536
502,34,38,25,0,22441380,3600,18258240,2900,7570
503,23,19,25,0,22547580,3593,19080300,3020,7593
504,12,0,11,14,22639860,3582,19520880,3083,7605
505,4,0,5,20,22675440,3582,19520880,3081,7609
506,2,0,1,24,22711860,3585,19520880,3080,7611
507,4,0,5,20,22711860,3585,19520880,3079,7615
508,1,0,3,22,22726200,3585,19520880,3078,7616
509,11,0,6,19,22744200,3584,19520880,3073,7627
510,8,0,9,16,22766400,3584,19520880,3069,7635
511,8,0,9,16,22794240,3584,19520880,3065,7643
512,6,0,5,20,22827720,3584,19520880,3062,7649
513,12,0,8,17,22854000,3583,19520880,3056,7661
514,8,0,10,15,22872060,3582,19520880,3052,7669
515,10,0,10,15,22914900,3583,19520880,3048,7679
516,8,0,12,13,22927020,3582,19520880,3044,7687
517,9,0,10,15,22959960,3581,19520880,3040,7696
518,12,0,11,14,23004900,3582,19520880,3034,7708
519,15,0,19,6,23034480,3582,19520880,3027,7723
520,7,0,13,12,23098500,3585,19520880,3024,7730
521,12,0,8,17,23158320,3585,19520880,3018,7742
522,7,0,7,18,23193180,3586,19520880,3015,7749
523,5,0,6,19,23205900,3585,19520880,3012,7754
524,7,0,7,18,23236500,3586,19520880,3009,7761
525,5,0,5,20,23261760,3586,19520880,3007,7766
526,7,0,7,18,23278860,3586,19520880,3004,7773
527,6,0,4,21,23306700,3585,19520880,3001,7779
528,7,0,8,17,23315940,3585,19520880,2998,7786
529,5,0,7,18,23335200,3585,19520880,2995,7791
530,8,0,10,15,23352600,3584,19520880,2992,7799
531,3,0,8,17,23366580,3584,19520880,2990,7802
532,3,0,6,19,23380260,3583,19520880,2989,7805
533,2,0,4,21,23422920,3588,19520880,2988,7807
534,7,0,8,17,23440680,3589,19520880,2985,7814
535,11,0,14,11,23458500,3589,19520880,2980,7825
536,14,0,16,9,23504880,3589,19520880,2973,7839
537,7,0,12,13,23558640,3591,19520880,2970,7846
538,9,0,10,15,23617680,3594,19520880,2966,7855
539,5,0,8,17,23637960,3594,19520880,2964,7860
540,12,0,12,13,23674080,3595,19520880,2959,7872
541,8,0,10,15,23712060,3595,19520880,2955,7880
542,12,0,10,15,23756880,3595,19520880,2950,7892
543,12,0,15,10,23782200,3595,19520880,2944,7904
544,8,0,11,14,23835960,3597,19520880,2941,7912
545,12,0,11,14,23885940,3598,19520880,2935,7924
546,9,0,12,13,23910660,3597,19520880,2931,7933
547,4,0,3,22,23967180,3599,19520880,2930,7937
548,5,0,6,19,23974860,3599,19520880,2927,7942
549,12,0,10,15,23997600,3598,19520880,2922,7954
550,6,0,8,17,24028800,3598,19520880,2920,7960
551,6,0,9,16,24046740,3598,19520880,2917,7966
552,6,0,7,18,24084300,3600,19520880,2914,7972
553,6,0,7,18,24108060,3600,19520880,2912,7978
554,7,0,12,13,24111720,3599,19520880,2909,7985
555,5,0,7,18,24159360,3601,19520880,2907,7990
556,5,0,5,20,24190620,3602,19520880,2904,7995
557,7,0,6,19,24213360,3602,19520880,2901,8002
558,11,0,7,18,24235140,3600,19520880,2897,8013
559,8,0,9,16,24250140,3599,19520880,2893,8021
560,10,0,9,16,24290340,3600,19520880,2889,8031
561,9,0,7,18,24323760,3599,19520880,2885,8040
562,9,0,8,17,24357480,3599,19520880,2881,8049
563,10,0,11,14,24382080,3599,19520880,2877,8059
564,7,0,9,16,24412860,3599,19520880,2874,8066
565,10,0,8,17,24462840,3601,19520880,2870,8076
566,17,0,15,10,24481020,3598,19520880,2863,8093
567,15,0,14,11,24531360,3597,19520880,2856,8108
568,13,0,15,10,24577680,3597,19520880,2851,8121
569,10,0,12,13,24611880,3596,19520880,2847,8131
570,10,0,14,11,24666360,3599,19520880,2843,8141
571,6,0,7,18,24712560,3599,19520880,2840,8147
572,9,0,9,16,24744060,3600,19520880,2836,8156
573,11,0,16,9,24756240,3600,19520880,2832,8167
574,7,0,12,13,24806580,3601,19520880,2829,8174
575,6,0,9,16,24850200,3603,19520880,2827,8180
576,4,0,6,19,24891900,3605,19520880,2825,8184
577,4,0,2,23,24927000,3606,19520880,2823,8188
578,6,0,2,23,24935160,3604,19520880,2821,8194
579,10,0,7,18,24943440,3603,19520880,2817,8204
580,6,0,5,20,24955680,3601,19520880,2814,8210
581,13,0,12,13,24984420,3602,19520880,2809,8223
582,8,0,10,15,25019460,3601,19520880,2806,8231
583,6,0,6,19,25058400,3602,19520880,2803,8237
584,5,0,4,21,25088700,3603,19520880,2801,8242
585,14,0,10,15,25101000,3600,19520880,2796,8256
586,9,0,12,13,25124520,3600,19520880,2792,8265
587,8,0,12,13,25157460,3601,19520880,2789,8273
588,14,0,14,11,25208700,3602,19520880,2783,8287
589,11,0,12,13,25258140,3602,19520880,2779,8298
590,11,0,10,15,25306860,3602,19520880,2775,8309
591,13,0,10,15,25347060,3601,19520880,2770,8322
592,16,0,17,8,25372260,3600,19520880,2763,8338
593,6,0,9,16,25422960,3600,19520880,2761,8344
594,8,0,4,21,25478760,3602,19520880,2758,8352
595,6,0,3,22,25502340,3602,19520880,2756,8358
596,7,0,6,19,25511340,3601,19520880,2753,8365
597,1,0,3,22,25526100,3601,19520880,2752,8366
598,2,0,1,24,25544880,3601,19520880,2752,8368
599,4,0,4,21,25547160,3601,19520880,2750,8372
600,4,0,4,21,25552440,3600,19520880,2749,8376
601,3,0,6,19,25561860,3601,19520880,2747,8379
602,4,0,3,22,25592760,3602,19520880,2746,8383
603,5,0,5,20,25598520,3601,19520880,2744,8388
604,3,0,6,19,25601580,3600,19520880,2743,8391
605,10,0,8,17,25630560,3600,19520880,2739,8401
606,5,0,5,20,25661280,3601,19520880,2737,8406
607,4,0,2,23,25688340,3601,19520880,2735,8410
608,9,0,6,19,25697400,3600,19520880,2732,8419
609,12,0,9,16,25715880,3598,19520880,2727,8431
610,8,0,10,15,25739700,3597,19520880,2724,8439
611,14,0,11,14,25778880,3596,19520880,2719,8453
612,13,0,12,13,25823520,3597,19520880,2714,8466
613,8,0,12,13,25851780,3597,19520880,2711,8474
614,18,0,18,7,25899840,3597,19520880,2704,8492
615,13,0,13,12,25972620,3598,19520880,2699,8505
616,13,0,13,12,26026620,3599,19520880,2695,8518
617,5,0,9,16,26060160,3599,19520880,2693,8523
618,13,0,12,13,26111700,3602,19520880,2688,8536
619,9,0,12,13,26152140,3603,19520880,2685,8545
620,4,0,9,16,26189100,3604,19520880,2683,8549
621,2,0,4,21,26223240,3606,19520880,2682,8551
622,9,0,8,17,26252160,3607,19520880,2679,8560
623,5,0,2,23,26282100,3606,19520880,2677,8565
624,4,0,3,22,26295420,3606,19520880,2676,8569
625,7,0,5,20,26306160,3605,19520880,2673,8576
626,7,0,8,17,26317380,3605,19520880,2671,8583
627,7,0,6,19,26354760,3605,19520880,2668,8590
628,8,0,7,18,26366400,3603,19520880,2665,8598
629,7,0,7,18,26387700,3603,19520880,2663,8605
630,5,0,5,20,26419860,3604,19520880,2661,8610
631,12,0,11,14,26430480,3602,19520880,2656,8622
632,10,0,12,13,26452500,3601,19520880,2653,8632
633,12,0,10,15,26500380,3601,19520880,2649,8644
634,10,0,13,12,26525520,3601,19520880,2645,8654
635,15,0,13,12,26565780,3599,19520880,2640,8669
636,5,0,7,18,26622780,3601,19520880,2638,8674
637,13,0,14,11,26651220,3602,19520880,2633,8687
638,10,0,14,11,26691000,3602,19520880,2630,8697
639,5,0,11,14,26727300,3604,19520880,2628,8702
640,7,0,8,17,26773620,3605,19520880,2625,8709
641,8,0,7,18,26813460,3606,19520880,2623,8717
642,18,0,15,10,26841900,3605,19520880,2616,8735
643,5,0,6,19,26883000,3604,19520880,2614,8740
644,5,0,6,19,26905260,3604,19520880,2613,8745
645,5,0,7,18,26925720,3605,19520880,2611,8750
646,4,0,3,22,26951100,3605,19520880,2610,8754
647,6,0,5,20,26971320,3605,19520880,2608,8760
648,11,0,11,14,26980440,3604,19520880,2604,8771
649,4,0,9,16,27008220,3605,19520880,2602,8775
650,8,0,7,18,27052320,3606,19520880,2600,8783
651,5,0,7,18,27074940,3607,19520880,2598,8788
652,5,0,6,19,27098040,3607,19520880,2596,8793
653,8,0,7,18,27119820,3606,19520880,2593,8801
654,4,0,4,21,27141900,3606,19520880,2592,8805
655,8,0,11,14,27147180,3606,19520880,2589,8813
656,10,0,9,16,27190560,3606,19520880,2586,8823
657,8,0,12,13,27209220,3606,19520880,2583,8831
658,14,0,14,11,27251760,3606,19520880,2578,8845
659,13,0,13,12,27303300,3606,19520880,2574,8858
660,12,0,9,16,27362580,3606,19520880,2570,8870
661,9,0,8,17,27395940,3606,19520880,2567,8879
662,13,0,11,14,27425760,3605,19520880,2562,8892
663,15,0,12,13,27469260,3604,19520880,2557,8907
664,5,0,7,18,27520140,3606,19520880,2556,8912
665,9,0,10,15,27535080,3605,19520880,2553,8921
666,9,0,10,15,27564360,3605,19520880,2550,8930
667,5,0,5,20,27609300,3606,19520880,2548,8935
668,8,0,7,18,27633600,3607,19520880,2545,8943
669,11,0,10,15,27652200,3605,19520880,2542,8954
670,7,0,8,17,27688680,3606,19520880,2539,8961
671,11,0,12,13,27707760,3605,19520880,2536,8972
672,6,0,9,16,27741660,3605,19520880,2534,8978
673,5,0,10,15,27748860,3604,19520880,2532,8983
674,3,0,12,13,27751560,3604,19520880,2531,8986
675,3,0,12,13,27760560,3604,19520880,2530,8989
676,5,0,10,15,27785280,3604,19520880,2528,8994
677,4,0,13,12,27787560,3604,19520880,2527,8998
678,11,0,22,3,27789240,3603,19520880,2524,9009
679,10,0,19,6,27834000,3603,19520880,2520,9019
680,8,0,19,6,27865560,3603,19520880,2518,9027
681,8,0,18,7,27915000,3605,19520880,2515,9035
682,9,0,19,6,27948480,3606,19520880,2512,9044
683,7,0,15,10,27979920,3605,19520880,2510,9051
684,21,0,25,0,28007040,3603,19522380,2503,9072
685,18,3,25,0,28071660,3604,19526700,2498,9090
686,13,0,24,1,28134660,3605,19533960,2495,9103
687,14,0,23,2,28184640,3604,19534800,2491,9117
688,7,0,19,6,28241160,3606,19534800,2488,9124
689,9,0,16,9,28286760,3607,19534800,2485,9133
690,12,0,18,7,28317480,3606,19534800,2482,9145
691,3,0,12,13,28348620,3606,19534800,2481,9148
692,11,0,17,8,28375500,3606,19534800,2477,9159
693,4,0,15,10,28393080,3606,19534800,2476,9163
694,4,0,11,14,28432500,3607,19534800,2475,9167
695,5,0,12,13,28438680,3606,19534800,2473,9172
696,7,0,15,10,28456260,3607,19534800,2471,9179
697,10,0,18,7,28468680,3605,19534800,2468,9189
698,9,0,20,5,28483260,3604,19534800,2465,9198
699,2,0,15,10,28527240,3606,19534800,2464,9200
700,7,0,14,11,28577520,3609,19534800,2462,9207
701,6,0,16,9,28594740,3609,19534800,2460,9213
702,7,0,14,11,28628520,3609,19534800,2458,9220
703,8,0,15,10,28655340,3609,19534800,2456,9228
704,7,0,13,12,28674960,3608,19534800,2454,9235
705,16,0,18,7,28704000,3606,19534800,2449,9251
706,10,0,20,5,28728120,3606,19534800,2446,9261
707,14,0,23,2,28776600,3607,19534800,2441,9275
708,10,0,22,3,28823820,3608,19535520,2438,9285
709,6,0,16,9,28877040,3609,19535520,2437,9291
710,6,0,16,9,28911060,3611,19535520,2435,9297
711,9,0,20,5,28930560,3611,19535520,2432,9306
712,9,0,17,8,28973340,3611,19535520,2429,9315
713,7,0,16,9,29001300,3611,19535520,2427,9322
714,12,0,18,7,29045280,3612,19535520,2424,9334
715,9,0,22,3,29064480,3612,19535520,2421,9343
716,6,0,15,10,29126520,3614,19535520,2419,9349
717,4,0,14,11,29145120,3614,19535520,2418,9353
718,4,0,12,13,29170380,3614,19535520,2417,9357
719,3,0,13,12,29172120,3613,19535520,2416,9360
720,3,0,11,14,29198640,3615,19535520,2415,9363
721,3,0,11,14,29208540,3614,19535520,2414,9366
722,1,0,10,15,29215740,3614,19535520,2414,9367
723,5,0,12,13,29223780,3614,19535520,2412,9372
724,5,0,14,11,29231040,3614,19535520,2411,9377
725,7,0,15,10,29250660,3613,19535520,2409,9384
726,7,0,14,11,29293200,3615,19535520,2407,9391
727,9,0,16,9,29309220,3614,19535520,2404,9400
728,11,0,18,7,29345880,3614,19535520,2401,9411
729,10,0,20,5,29375220,3614,19535520,2398,9421
730,11,0,19,6,29422140,3615,19535520,2394,9432
731,10,0,17,8,29468340,3615,19535520,2392,9442
732,10,0,18,7,29495820,3615,19535520,2389,9452
733,8,0,14,11,29537400,3614,19535520,2386,9460
734,11,0,21,4,29557440,3615,19535520,2383,9471
735,13,0,25,0,29592300,3615,19535520,2379,9484
736,11,0,22,3,29644380,3616,19535520,2376,9495
737,10,0,17,8,29699340,3616,19535520,2373,9505
738,16,0,22,3,29745180,3616,19535520,2369,9521
739,8,0,17,8,29783220,3615,19535520,2366,9529
740,11,0,18,7,29817540,3615,19535520,2363,9540
741,7,0,14,11,29858880,3615,19535520,2361,9547
742,7,0,13,12,29887680,3615,19535520,2359,9554
743,3,0,11,14,29902380,3615,19535520,2358,9557
744,7,0,13,12,29913360,3614,19535520,2356,9564
745,1,0,13,12,29916720,3614,19535520,2356,9565
746,5,0,13,12,29940060,3615,19535520,2355,9570
747,9,0,16,9,29954340,3614,19535520,2352,9579
748,2,0,14,11,29966220,3613,19535520,2351,9581
749,4,0,13,12,29996760,3615,19535520,2350,9585
750,7,0,15,10,30009120,3614,19535520,2348,9592
751,10,0,18,7,30042720,3615,19535520,2346,9602
752,7,0,16,9,30088140,3617,19535520,2344,9609
753,10,0,20,5,30103620,3616,19535520,2341,9619
754,14,0,23,2,30139740,3616,19535520,2337,9633
755,16,0,22,3,30190740,3614,19536420,2332,9649
756,9,0,17,8,30248700,3615,19536420,2330,9658
757,7,0,14,11,30276360,3614,19536420,2328,9665
758,11,0,13,12,30310260,3613,19536420,2325,9676
759,13,0,18,7,30325500,3611,19536420,2321,9689
760,7,0,16,9,30350400,3610,19536420,2319,9696
761,11,0,22,3,30367740,3610,19536420,2316,9707
762,8,0,23,2,30384540,3609,19536420,2314,9715
763,10,0,20,5,30459000,3613,19536420,2312,9725
764,6,0,17,8,30509880,3615,19536420,2310,9731
765,6,0,16,9,30536460,3615,19536420,2308,9737
766,8,0,16,9,30570300,3616,19536420,2306,9745
767,4,0,14,11,30586380,3615,19536420,2305,9749
768,8,0,15,10,30614520,3615,19536420,2303,9757
769,7,0,13,12,30641580,3615,19536420,2301,9764
770,3,0,11,14,30659040,3615,19536420,2300,9767
771,4,0,13,12,30665880,3614,19536420,2299,9771
772,4,0,11,14,30686880,3614,19536420,2298,9775
773,9,0,16,9,30704760,3615,19536420,2295,9784
774,6,0,16,9,30723240,3614,19536420,2294,9790
775,4,0,11,14,30745740,3613,19536420,2293,9794
776,9,0,14,11,30762120,3613,19536420,2290,9803
777,11,0,21,4,30766860,3611,19536420,2287,9814
778,8,0,20,5,30807480,3612,19536420,2285,9822
779,11,0,18,7,30852300,3612,19536420,2282,9833
780,12,0,20,5,30889140,3612,19536420,2279,9845
781,11,0,17,8,30923400,3610,19536420,2276,9856
782,8,0,13,12,30967560,3610,19536420,2274,9864
783,10,0,17,8,30978840,3609,19536420,2271,9874
784,13,0,15,10,31017600,3607,19536420,2268,9887
785,12,0,19,6,31037100,3606,19536420,2265,9899
786,9,0,19,6,31070520,3606,19536420,2262,9908
787,14,0,20,5,31111320,3606,19536420,2259,9922
788,3,0,14,11,31154880,3607,19536420,2258,9925
789,4,0,13,12,31173780,3607,19536420,2257,9929
790,6,0,12,13,31201380,3607,19536420,2255,9935
791,6,0,12,13,31226700,3608,19536420,2254,9941
792,3,0,12,13,31239720,3608,19536420,2253,9944
793,9,0,16,9,31254960,3608,19536420,2251,9953
794,3,0,15,10,31267740,3608,19536420,2250,9956
795,11,0,17,8,31303920,3608,19536420,2247,9967
796,11,0,23,2,31316640,3607,19536420,2244,9978
797,4,0,13,12,31383780,3609,19536420,2243,9982
798,7,0,14,11,31407000,3610,19536420,2241,9989
799,8,0,14,11,31422840,3608,19536420,2239,9997
800,9,0,14,11,31436280,3606,19536420,2237,10006
801,7,0,17,8,31456320,3606,19536420,2235,10013
802,12,0,15,10,31489380,3604,19536420,2232,10025
803,9,0,15,10,31516260,3604,19536420,2230,10034
804,5,0,14,11,31530720,3603,19536420,2229,10039
805,13,0,23,2,31538400,3602,19536420,2225,10052
806,6,0,17,8,31594860,3604,19536420,2224,10058
807,10,0,14,11,31632960,3603,19536420,2221,10068
808,12,0,18,7,31656000,3602,19536420,2218,10080
809,15,0,17,8,31709580,3602,19536420,2215,10095
810,14,0,25,0,31728120,3601,19538280,2211,10109
811,4,0,14,11,31788480,3602,19538280,2210,10113
812,13,0,21,4,31815120,3603,19538280,2207,10126
813,4,0,14,11,31853400,3602,19538280,2206,10130
814,5,0,11,14,31881660,3602,19538280,2205,10135
815,7,0,13,12,31894980,3602,19538280,2203,10142
816,3,0,12,13,31907760,3602,19538280,2202,10145
817,7,0,11,14,31928280,3601,19538280,2201,10152
818,4,0,12,13,31939380,3601,19538280,2200,10156
819,4,0,13,12,31948680,3601,19538280,2199,10160
820,4,0,12,13,31964400,3600,19538280,2198,10164
821,6,0,12,13,31990680,3601,19538280,2196,10170
822,11,0,17,8,32007960,3600,19538280,2193,10181
823,10,0,19,6,32018220,3598,19538280,2191,10191
824,6,0,19,6,32049180,3599,19538280,2189,10197
825,2,0,14,11,32092080,3601,19538280,2189,10199
826,14,0,20,5,32136180,3603,19538280,2185,10213
827,11,0,24,1,32159220,3603,19538280,2183,10224
828,13,0,21,4,32210940,3602,19540620,2180,10237
829,16,0,24,1,32265960,3603,19540800,2176,10253
830,8,0,18,7,32321160,3604,19540800,2174,10261
831,9,0,19,6,32359920,3605,19540800,2172,10270
832,14,0,25,0,32387280,3604,19540800,2169,10284
833,18,0,20,5,32469180,3604,19542420,2164,10302
834,6,0,13,12,32511060,3604,19542420,2163,10308
835,7,0,14,11,32530620,3604,19542420,2161,10315
836,10,0,18,7,32551740,3604,19542420,2159,10325
837,5,0,14,11,32584140,3604,19542420,2158,10330
838,4,0,13,12,32612760,3605,19542420,2157,10334
839,6,0,12,13,32637900,3605,19542420,2155,10340
840,6,0,12,13,32652120,3604,19542420,2154,10346
841,4,0,11,14,32669880,3604,19542420,2153,10350
842,4,0,12,13,32674080,3603,19542420,2152,10354
843,4,0,11,14,32691060,3603,19542420,2151,10358
844,9,0,16,9,32697060,3602,19542420,2149,10367
845,7,0,16,9,32728200,3603,19542420,2147,10374
846,10,0,17,8,32761320,3603,19542420,2145,10384
847,11,0,22,3,32781540,3603,19542420,2142,10395
848,6,0,16,9,32825580,3603,19542420,2141,10401
849,10,0,16,9,32870640,3604,19542420,2139,10411
850,11,0,19,6,32897820,3604,19542420,2136,10422
851,10,0,19,6,32934060,3604,19542420,2134,10432
852,14,0,22,3,32974920,3604,19542420,2130,10446
853,11,0,20,5,33023340,3604,19542420,2128,10457
854,12,0,15,10,33073860,3603,19542420,2125,10469
855,10,0,18,7,33091260,3602,19542420,2123,10479
856,13,0,19,6,33122640,3601,19542420,2120,10492
857,7,0,16,9,33168180,3602,19542420,2118,10499
858,10,0,19,6,33194700,3602,19542420,2116,10509
859,6,0,13,12,33233040,3601,19542420,2114,10515
860,8,0,13,12,33270060,3602,19542420,2113,10523
861,7,0,17,8,33275940,3602,19542420,2111,10530
862,10,0,19,6,33302040,3601,19542420,2109,10540
863,7,0,17,8,33322800,3600,19542420,2107,10547
864,11,0,20,5,33362520,3601,19542420,2105,10558
865,2,0,12,13,33410880,3603,19542420,2104,10560
866,2,0,11,14,33425100,3603,19542420,2104,10562
867,1,0,10,15,33437940,3604,19542420,2104,10563
868,3,0,10,15,33446940,3603,19542420,2103,10566
869,5,0,12,13,33451560,3603,19542420,2102,10571
870,10,0,16,9,33460740,3601,19542420,2099,10581
871,10,0,20,5,33483300,3601,19542420,2097,10591
872,13,0,21,4,33528540,3602,19542420,2094,10604
873,6,0,15,10,33575820,3602,19542420,2093,10610
874,6,0,12,13,33619680,3603,19542420,2092,10616
875,3,0,12,13,33627420,3603,19542420,2091,10619
876,14,0,20,5,33640380,3602,19542420,2088,10633
877,10,0,23,2,33655860,3601,19542720,2086,10643
878,10,0,20,5,33715620,3602,19543020,2083,10653
879,14,0,21,4,33763980,3603,19543020,2080,10667
880,11,0,19,6,33813240,3603,19543020,2078,10678
881,10,0,17,8,33850800,3602,19543020,2076,10688
882,7,0,17,8,33871200,3602,19543020,2074,10695
883,4,0,15,10,33905640,3603,19543020,2073,10699
884,6,0,14,11,33928680,3603,19543020,2072,10705
885,11,0,15,10,33962280,3603,19543020,2070,10716
886,10,0,19,6,33975000,3602,19543020,2067,10726
887,9,0,20,5,34010460,3602,19543020,2065,10735
888,3,0,14,11,34040160,3602,19543020,2065,10738
889,3,0,14,11,34058520,3603,19543020,2064,10741
890,8,0,16,9,34081920,3603,19543020,2062,10749
891,8,0,17,8,34106160,3603,19543020,2061,10757
892,7,0,17,8,34142820,3604,19543020,2059,10764
893,3,0,12,13,34178520,3605,19543020,2058,10767
894,8,0,16,9,34197000,3605,19543020,2057,10775
895,6,0,11,14,34213380,3603,19543020,2055,10781
896,7,0,15,10,34223520,3603,19543020,2054,10788
897,11,0,16,9,34254660,3602,19543020,2051,10799
898,11,0,16,9,34281720,3601,19543020,2049,10810
899,8,0,12,13,34320660,3600,19543020,2047,10818
900,14,0,19,6,34341000,3600,19543020,2044,10832
901,19,3,25,0,34374360,3600,19544460,2041,10851
902,12,0,24,1,34436100,3600,19554600,2039,10863
903,9,0,16,9,34497480,3600,19554600,2037,10872
904,13,0,17,8,34530840,3599,19554600,2034,10885
905,13,1,24,1,34552860,3600,19554780,2032,10898
906,5,2,17,8,34588020,3599,19555140,2031,10903
907,15,4,24,1,34633260,3602,19564620,2028,10918
908,6,0,17,8,34691760,3601,19581660,2029,10924
909,8,0,17,8,34730940,3602,19581660,2027,10932
910,4,0,14,11,34772100,3604,19581660,2026,10936
911,6,0,13,12,34788240,3603,19581660,2025,10942
912,5,0,12,13,34807740,3603,19581660,2024,10947
913,5,0,14,11,34813080,3602,19581660,2023,10952
914,1,0,11,14,34836420,3603,19581660,2023,10953
915,3,0,13,12,34844280,3604,19581660,2022,10956
916,9,0,18,7,34858860,3604,19581660,2020,10965
917,11,0,19,6,34896660,3604,19581660,2018,10976
918,6,0,17,8,34925520,3604,19581660,2017,10982
919,6,0,13,12,34960620,3604,19581660,2016,10988
920,6,0,14,11,34989780,3605,19581660,2014,10994
921,12,0,14,11,35017500,3603,19581660,2012,11006
922,9,0,14,11,35039700,3602,19581660,2010,11015
923,16,0,19,6,35061420,3600,19581660,2007,11031
924,6,0,14,11,35088060,3599,19581660,2005,11037
925,13,0,20,5,35113560,3599,19581660,2003,11050
926,7,0,16,9,35142240,3598,19581660,2001,11057
927,12,0,18,7,35172840,3597,19581660,1999,11069
928,6,0,17,8,35204100,3598,19581660,1998,11075
929,11,0,18,7,35240280,3598,19581660,1995,11086
930,6,0,12,13,35280060,3598,19581660,1994,11092
931,3,0,12,13,35296800,3598,19581660,1994,11095
932,9,0,11,14,35321880,3597,19581660,1992,11104
933,10,0,15,10,35328900,3596,19581660,1990,11114
934,6,0,17,8,35356380,3597,19581660,1988,11120
935,7,0,17,8,35382300,3597,19581660,1987,11127
936,7,0,17,8,35410560,3597,19581660,1986,11134
937,10,0,17,8,35448120,3598,19581660,1984,11144
938,9,0,17,8,35473080,3597,19581660,1982,11153
939,6,0,17,8,35511300,3598,19581660,1981,11159
940,5,0,13,12,35544780,3599,19581660,1980,11164
941,5,0,13,12,35562540,3599,19581660,1979,11169
942,4,0,10,15,35584920,3598,19581660,1978,11173
943,8,0,13,12,35601300,3598,19581660,1976,11181
944,8,0,16,9,35610060,3597,19581660,1975,11189
945,9,0,19,6,35633520,3597,19581660,1973,11198
946,6,0,17,8,35675640,3599,19582380,1972,11204
947,7,0,17,8,35701740,3599,19582380,1970,11211
948,8,0,16,9,35737440,3599,19582380,1969,11219
949,13,0,21,4,35758380,3598,19582380,1966,11232
950,12,0,20,5,35817120,3600,19582380,1964,11244
951,3,0,18,7,35838180,3600,19582380,1963,11247
952,8,0,19,6,35877000,3601,19582380,1962,11255
953,12,0,17,8,35938500,3602,19582380,1959,11267
954,9,0,15,10,35976240,3602,19582380,1958,11276
955,10,0,18,7,35991180,3601,19582380,1956,11286
956,6,0,12,13,36034500,3601,19582380,1954,11292
957,2,0,10,15,36053880,3602,19582380,1954,11294
958,5,0,12,13,36058140,3601,19582380,1953,11299
959,4,0,13,12,36064440,3601,19582380,1952,11303
960,8,0,16,9,36081600,3600,19582380,1951,11311
961,4,0,14,11,36110160,3601,19582380,1950,11315
962,4,0,12,13,36135360,3602,19582380,1949,11319
963,16,0,19,6,36162900,3601,19582380,1946,11335
964,6,0,21,4,36174420,3601,19582380,1945,11341
965,6,0,17,8,36224340,3602,19582380,1944,11347
966,11,0,18,7,36266400,3603,19582380,1942,11358
967,7,0,16,9,36310680,3604,19582380,1940,11365
968,5,0,15,10,36342780,3605,19582380,1939,11370
969,4,0,12,13,36379320,3606,19582380,1939,11374
970,9,0,17,8,36389940,3606,19582380,1937,11383
971,15,0,22,3,36424140,3605,19582380,1934,11398
972,10,0,20,5,36458640,3605,19582380,1932,11408
973,9,0,14,11,36523020,3606,19582380,1930,11417
974,15,0,20,5,36546360,3605,19582380,1927,11432
975,7,0,17,8,36593760,3606,19582380,1926,11439
976,11,0,22,3,36614640,3606,19582380,1924,11450
977,14,0,20,5,36670980,3606,19582380,1921,11464
978,11,0,18,7,36712500,3605,19582560,1919,11475
979,5,0,14,11,36749580,3606,19582560,1918,11480
980,8,0,15,10,36781620,3606,19582560,1917,11488
981,9,0,18,7,36798180,3606,19582680,1915,11497
982,4,0,17,8,36819420,3606,19582680,1914,11501
983,8,0,18,7,36857220,3607,19582680,1913,11509
984,5,0,13,12,36903120,3608,19582680,1912,11514
985,4,0,14,11,36914520,3608,19582680,1911,11518
986,7,0,13,12,36940140,3608,19582680,1910,11525
987,7,0,16,9,36959280,3608,19582680,1909,11532
988,6,0,18,7,36973500,3608,19582680,1908,11538
989,11,0,17,8,37018260,3609,19582680,1906,11549
990,7,0,19,6,37042620,3609,19582680,1904,11556
991,6,0,15,10,37087080,3610,19582680,1903,11562
992,7,0,15,10,37116600,3610,19582680,1902,11569
993,10,0,17,8,37140240,3610,19582680,1900,11579
994,15,0,20,5,37190820,3611,19582680,1897,11594
995,14,0,19,6,37230420,3609,19582680,1895,11608
996,6,0,14,11,37274640,3610,19582680,1894,11614
997,9,0,16,9,37289940,3609,19582680,1892,11623
998,9,0,17,8,37309980,3608,19582680,1890,11632
999,14,0,17,8,37356600,3607,19582680,1888,11646
1000,8,0,16,9,37377780,3606,19582680,1886,11654
1001,7,0,14,11,37420020,3607,19582680,1885,11661
1002,6,0,16,9,37433520,3607,19582680,1884,11667
1003,13,0,20,5,37471980,3608,19582680,1882,11680
1004,4,0,15,10,37504680,3608,19582680,1881,11684
1005,9,0,19,6,37535700,3609,19582680,1879,11693
1006,10,0,16,9,37565580,3607,19582680,1877,11703
1007,9,0,13,12,37609200,3607,19582680,1876,11712
1008,4,0,12,13,37628040,3608,19582680,1875,11716
1009,4,0,11,14,37638060,3607,19582680,1874,11720
1010,20,0,23,2,37654500,3606,19582680,1871,11740
1011,20,1,25,0,37703400,3604,19584300,1867,11760
1012,28,23,20,5,37748820,3605,19588020,1863,11788
1013,39,40,18,7,37782180,3606,19595040,1860,11827
1014,34,40,18,7,37826160,3609,19615620,1861,11861
1015,32,40,21,4,37855920,3610,19657140,1863,11893
1016,29,40,25,0,37907700,3612,19715520,1867,11922
1017,31,37,25,0,37980360,3613,19811700,1873,11953
1018,30,40,25,0,38055180,3614,19922580,1881,11983
1019,29,39,25,0,38100060,3614,19931160,1879,12012
1020,38,38,25,0,38168040,3613,19985820,1881,12050
1021,19,27,25,0,38237280,3610,20250240,1902,12069
1022,32,40,25,0,38287860,3610,20256360,1898,12101
1023,26,39,25,0,38336460,3611,20277360,1898,12127
1024,32,39,25,0,38407680,3612,20299500,1898,12159
1025,31,40,25,0,38469480,3609,20532120,1914,12190
1026,34,40,25,0,38514900,3609,20541780,1914,12224
1027,34,40,25,0,38590740,3611,20614860,1917,12258
1028,32,40,25,0,38651280,3611,20639400,1917,12290
1029,29,39,25,0,38709840,3611,20665620,1916,12319
1030,19,30,25,0,38772720,3608,21048300,1948,12338
1031,31,40,25,0,38845440,3608,21159420,1953,12369
1032,27,40,25,0,38886660,3608,21169320,1953,12396
1033,29,40,25,0,38947860,3610,21192720,1952,12425
1034,25,40,25,0,39002580,3612,21210900,1952,12450
1035,27,40,25,0,39077520,3614,21223260,1951,12477
1036,42,40,25,0,39131820,3614,21296820,1955,12519
1037,36,38,25,0,39208500,3615,21348600,1957,12555
1038,21,37,25,0,39260280,3614,21463680,1964,12576
1039,29,40,25,0,39318840,3614,21487080,1963,12605
1040,29,40,25,0,39396300,3614,21622860,1971,12634
1041,30,40,25,0,39454020,3612,21675780,1973,12664
1042,36,36,25,0,39516060,3610,21714180,1973,12700
1043,20,40,25,0,39547980,3611,21718740,1971,12720
1044,39,39,25,0,39631020,3613,21743580,1971,12759
1045,33,38,25,0,39696240,3613,21784380,1971,12792
1046,30,39,25,0,39745440,3611,21858960,1974,12822
1047,30,38,25,0,39832680,3612,21908820,1975,12852
1048,32,34,25,0,39888780,3610,22046460,1985,12884
1049,24,29,25,0,39954120,3607,22804920,2048,12908
1050,34,37,25,0,40002600,3606,22813920,2045,12942
1051,30,37,25,0,40059600,3604,22936800,2052,12972
1052,34,37,24,1,40112040,3605,22984980,2054,13006
1053,39,40,25,0,40161300,3606,22996800,2053,13045
1054,30,40,25,0,40211340,3606,23028480,2053,13075
1055,34,40,23,2,40277700,3608,23031720,2051,13109
1056,26,34,25,0,40348560,3608,23253240,2068,13135
1057,31,38,25,0,40410480,3606,23306340,2068,13166
1058,33,36,22,3,40472460,3605,23342640,2069,13199
1059,28,39,23,2,40513500,3604,23563560,2085,13227
1060,34,40,25,0,40558920,3606,23576520,2084,13261
1061,41,38,25,0,40644600,3607,23638380,2086,13302
1062,30,40,25,0,40697220,3607,23640360,2083,13332
1063,25,39,25,0,40773000,3608,23677080,2084,13357
1064,27,35,25,0,40829640,3607,23806380,2092,13384
1065,29,40,25,0,40876260,3608,23844240,2092,13413
1066,31,40,25,0,40938300,3608,23878500,2093,13444
1067,30,40,25,0,41001720,3608,23913720,2093,13474
1068,34,40,25,0,41060940,3609,23918160,2090,13508
1069,36,39,25,0,41133300,3610,23934540,2089,13544
1070,28,40,19,6,41178120,3609,23980860,2091,13572
1071,27,38,25,0,41220420,3611,24049680,2095,13599
1072,36,40,24,1,41267460,3610,24119160,2098,13635
1073,23,39,25,0,41344320,3610,24266340,2107,13658
1074,39,38,25,0,41421300,3610,24326160,2109,13697
1075,35,40,25,0,41474160,3609,24346800,2107,13732
1076,30,40,25,0,41520060,3608,24354360,2105,13762
1077,29,39,25,0,41593260,3608,24407880,2105,13791
1078,33,37,25,0,41659740,3608,24453180,2106,13824
1079,28,40,24,1,41714460,3606,24564720,2112,13852
1080,26,40,15,10,41759160,3608,24564720,2112,13878
1081,32,40,25,0,41808480,3607,24620460,2113,13910
1082,23,38,25,0,41852520,3606,24649320,2112,13933
1083,36,40,25,0,41908140,3607,24675540,2112,13969
1084,28,38,25,0,41982180,3607,24790260,2118,13997
1085,34,40,25,0,42025680,3607,24848340,2121,14031
1086,35,40,25,0,42100080,3609,24880620,2121,14066
1087,35,40,25,0,42148980,3608,24936720,2123,14101
1088,39,38,25,0,42226020,3609,25016640,2126,14140
1089,26,40,25,0,42296940,3608,25396620,2154,14166
1090,32,40,25,0,42334380,3607,25401120,2152,14198
1091,31,39,25,0,42421440,3607,25440960,2152,14229
1092,27,40,25,0,42464460,3607,25459620,2151,14256
1093,27,39,25,0,42518580,3608,25483200,2151,14283
1094,24,39,25,0,42598440,3608,25584180,2155,14307
1095,34,40,25,0,42640080,3608,25589460,2153,14341
1096,35,40,25,0,42694740,3608,25636980,2154,14376
1097,35,40,25,0,42754800,3608,25710060,2158,14411
1098,36,40,25,0,42840420,3608,25774440,2159,14447
1099,20,40,25,0,42884880,3609,25784100,2158,14467
1100,37,38,25,0,42964140,3611,25824360,2159,14504
1101,30,40,25,0,43011180,3608,26036520,2172,14534
1102,37,40,25,0,43075500,3609,26062740,2172,14571
1103,27,40,20,5,43126200,3608,26096100,2173,14598
1104,29,40,19,6,43194480,3609,26303220,2188,14627
1105,32,40,17,8,43207260,3610,26303220,2188,14659
1106,33,38,25,0,43272360,3611,26399640,2192,14692
1107,31,40,25,0,43348680,3610,26442480,2191,14723
1108,22,34,25,0,43402080,3610,26532120,2196,14745
1109,34,40,25,0,43469520,3610,26595420,2197,14779
1110,41,40,25,0,43527180,3609,26623560,2195,14820
1111,33,40,25,0,43586340,3610,26634840,2194,14853
1112,36,40,25,0,43650300,3609,26660520,2192,14889
1113,34,40,25,0,43696920,3608,26668140,2190,14923
1114,33,40,25,0,43752420,3609,26726520,2193,14956
1115,26,38,25,0,43837560,3609,26803140,2195,14982
1116,21,38,25,0,43892040,3608,26915640,2201,15003
1117,31,40,25,0,43933440,3608,26927940,2199,15034
1118,27,36,25,0,44000640,3609,26965680,2201,15061
1119,33,40,25,0,44061180,3608,27201900,2215,15094
1120,28,40,25,0,44122140,3609,27209460,2214,15122
1121,29,40,24,1,44193180,3609,27407340,2226,15151
1122,29,39,23,2,44237400,3610,27459240,2229,15180
1123,32,37,25,0,44288460,3610,27751620,2251,15212
1124,36,38,25,0,44334420,3610,27787440,2251,15248
1125,27,40,19,6,44400360,3609,27889320,2256,15275
1126,29,40,25,0,44442720,3611,27913980,2256,15304
1127,26,40,25,0,44519700,3610,27925140,2253,15330
1128,29,40,25,0,44563500,3610,28018500,2258,15359
1129,22,33,25,0,44658780,3610,28946580,2329,15381
1130,26,36,25,0,44706540,3607,29338800,2356,15407
1131,38,39,25,0,44763720,3607,29349300,2353,15445
1132,28,39,25,0,44829960,3608,29387160,2353,15473
1133,22,39,25,0,44878380,3605,29462040,2355,15495
1134,27,39,22,3,44927280,3606,29468580,2354,15522
1135,23,40,25,0,44984400,3607,29514780,2354,15545
1136,31,40,22,3,45048600,3608,29611560,2360,15576
1137,34,39,25,0,45114840,3609,29671740,2362,15610
1138,24,38,25,0,45178860,3609,29708160,2361,15634
1139,23,40,25,0,45229620,3609,29726340,2360,15657
1140,37,40,25,0,45308940,3609,29771760,2359,15694
1141,26,39,25,0,45371580,3609,29783580,2357,15720
1142,27,40,25,0,45431220,3608,29843460,2358,15747
1143,36,40,25,0,45494820,3607,29978400,2365,15783
1144,35,40,25,0,45536940,3606,29986440,2363,15818
1145,33,40,25,0,45602040,3608,30009540,2362,15851
1146,32,40,25,0,45665280,3606,30148680,2369,15883
1147,34,40,25,0,45730440,3605,30197940,2369,15917
1148,32,38,25,0,45784740,3605,30255540,2371,15949
1149,32,40,25,0,45856980,3607,30274980,2369,15981
1150,31,37,25,0,45917280,3605,30316860,2369,16012
1151,31,40,25,0,45966360,3605,30320940,2366,16043
1152,37,40,25,0,46031340,3606,30360300,2367,16080
1153,32,40,25,0,46099800,3605,30466920,2371,16112
1154,35,39,25,0,46168740,3605,30506700,2370,16147
1155,29,40,25,0,46219860,3605,30577020,2373,16176
1156,35,39,25,0,46295220,3605,30780360,2385,16211
1157,29,38,25,0,46344720,3604,30810840,2384,16240
1158,22,40,25,0,46394640,3604,30838080,2384,16262
1159,22,39,25,0,46466640,3606,30866940,2383,16284
1160,30,40,25,0,46536360,3604,30974280,2387,16314
1161,27,40,24,1,46569060,3604,30979380,2386,16341
1162,27,40,21,4,46634100,3606,30994140,2386,16368
1163,31,40,25,0,46684500,3606,31048260,2387,16399
1164,39,40,24,1,46765680,3606,31162140,2391,16438
1165,32,40,21,4,46802160,3606,31214100,2394,16470
1166,35,39,25,0,46873380,3608,31260420,2394,16505
1167,40,39,25,0,46931160,3608,31267620,2392,16545
1168,27,40,25,0,46989960,3608,31294860,2391,16572
1169,34,40,25,0,47053680,3609,31342620,2392,16606
1170,21,36,25,0,47107200,3607,31498500,2400,16627
1171,33,40,25,0,47173680,3605,31926060,2428,16660
1172,30,37,25,0,47241720,3606,31959180,2428,16690
1173,35,40,21,4,47299920,3606,32020560,2430,16725
1174,27,39,19,6,47348820,3606,32032080,2429,16752
1175,19,38,25,0,47372580,3606,32049000,2428,16771
1176,14,33,25,0,47436180,3606,32199420,2437,16785
1177,12,19,25,0,47506140,3604,37321140,2822,16797
1178,5,0,15,10,47568900,3599,42511380,3213,16802
1179,7,0,14,11,47606100,3600,42511380,3211,16809
1180,6,0,11,14,47636520,3600,42511380,3210,16815
1181,7,0,12,13,47651160,3599,42511380,3208,16822
1182,9,0,17,8,47665140,3599,42511380,3206,16831
1183,10,0,20,5,47685660,3599,42511380,3204,16841
1184,9,0,15,10,47735400,3599,42511380,3201,16850
1185,9,0,18,7,47758740,3599,42511380,3199,16859
1186,12,0,20,5,47797020,3599,42511380,3196,16871
1187,11,0,18,7,47845620,3599,42511380,3194,16882
1188,5,0,16,9,47877240,3600,42511380,3192,16887
1189,9,0,18,7,47914080,3601,42511380,3190,16896
1190,11,0,18,7,47941020,3600,42511380,3188,16907
1191,13,0,22,3,47962320,3599,42511380,3185,16920
1192,7,0,17,8,48017760,3600,42511380,3183,16927
1193,10,0,19,6,48051480,3600,42511380,3181,16937
1194,10,0,18,7,48097320,3601,42511380,3178,16947
1195,10,0,18,7,48117660,3600,42511380,3176,16957
1196,9,0,14,11,48175080,3600,42511380,3174,16966
1197,4,0,13,12,48201540,3601,42511380,3173,16970
1198,2,0,10,15,48218340,3601,42511380,3172,16972
1199,6,0,13,12,48234600,3601,42511380,3171,16978
1200,2,0,12,13,48244080,3601,42511380,3170,16980
1201,6,0,15,10,48253440,3601,42511380,3169,16986
1202,8,0,13,12,48289560,3601,42511380,3167,16994
1203,4,0,13,12,48299580,3601,42511380,3166,16998
1204,4,0,11,14,48319800,3601,42511380,3165,17002
1205,1,0,9,16,48340620,3601,42511380,3165,17003
1206,8,0,13,12,48346380,3601,42511380,3163,17011
1207,15,0,23,2,48362940,3601,42511380,3159,17026
1208,6,0,16,9,48417720,3601,42511380,3158,17032
1209,7,0,16,9,48440880,3601,42511380,3156,17039
1210,7,0,16,9,48478680,3602,42511380,3155,17046
1211,13,0,23,2,48498240,3602,42512040,3152,17059
1212,18,11,21,4,48527820,3602,42513300,3149,17077
1213,12,8,25,0,48594360,3604,42530100,3146,17089
1214,5,0,20,5,48653220,3603,42568500,3148,17094
1215,11,0,20,5,48707880,3604,42568500,3145,17105
1216,11,0,21,4,48741900,3604,42568500,3143,17116
1217,7,0,18,7,48780300,3604,42568500,3141,17123
1218,4,0,14,11,48827460,3606,42568500,3140,17127
1219,8,0,14,11,48867360,3606,42568500,3138,17135
1220,5,0,15,10,48875700,3606,42568500,3137,17140
1221,4,0,12,13,48909180,3607,42568500,3136,17144
1222,8,0,14,11,48926820,3606,42568500,3134,17152
1223,7,0,16,9,48937560,3606,42568500,3133,17159
1224,3,0,15,10,48956940,3606,42568500,3132,17162
1225,7,0,13,12,49002000,3607,42568500,3130,17169
1226,5,0,13,12,49022700,3607,42568500,3129,17174
1227,7,0,15,10,49039200,3607,42568500,3128,17181
1228,2,0,10,15,49059660,3607,42568500,3127,17183
1229,3,0,10,15,49068240,3607,42568500,3127,17186
1230,10,0,18,7,49076940,3607,42568500,3124,17196
1231,5,0,18,7,49098420,3607,42568500,3123,17201
1232,5,0,17,8,49128600,3608,42568500,3122,17206
1233,8,0,15,10,49171440,3608,42568500,3120,17214
1234,9,0,19,6,49188540,3608,42568500,3118,17223
1235,5,0,17,8,49224780,3609,42568500,3117,17228
1236,8,0,13,12,49278780,3610,42568500,3115,17236
1237,7,0,14,11,49294440,3609,42568500,3114,17243
1238,13,0,18,7,49319700,3609,42568560,3111,17256
1239,8,0,20,5,49338360,3608,42568560,3109,17264
1240,11,0,15,10,49411560,3610,42568560,3106,17275
1241,8,0,19,6,49432080,3610,42568560,3104,17283
1242,8,0,14,11,49483080,3610,42568560,3103,17291
1243,5,0,12,13,49505580,3610,42568560,3101,17296
1244,13,0,16,9,49526820,3609,42568560,3099,17309
1245,6,0,17,8,49541880,3609,42568560,3097,17315
1246,2,0,13,12,49578600,3610,42568560,3097,17317
1247,4,0,12,13,49605780,3611,42568560,3096,17321
1248,1,0,11,14,49622700,3612,42568560,3096,17322
1249,5,0,13,12,49632900,3612,42568560,3094,17327
1250,3,0,11,14,49654980,3612,42568560,3094,17330
1251,3,0,11,14,49666560,3612,42568560,3093,17333
1252,8,0,16,9,49684200,3612,42568560,3091,17341
1253,2,0,9,16,49715940,3612,42568560,3091,17343
1254,4,0,11,14,49718040,3612,42568560,3090,17347
1255,5,0,11,14,49728480,3611,42568560,3089,17352
1256,9,0,18,7,49731840,3611,42568560,3087,17361
1257,11,0,22,3,49754700,3611,42568560,3084,17372
1258,11,0,20,5,49803660,3611,42568560,3082,17383
1259,15,0,23,2,49853520,3612,42569040,3079,17398
1260,9,0,20,5,49901640,3612,42569040,3077,17407
1261,4,0,15,10,49952040,3613,42569040,3076,17411
1262,11,0,22,3,49984740,3615,42569040,3073,17422
1263,8,0,21,4,50018400,3615,42569100,3072,17430
1264,5,0,19,6,50045700,3615,42569100,3070,17435
1265,8,0,15,10,50111760,3616,42569100,3069,17443
1266,9,0,16,9,50144100,3617,42569100,3067,17452
1267,8,0,17,8,50172960,3617,42569100,3065,17460
1268,15,0,20,5,50202420,3616,42569100,3062,17475
1269,11,0,21,4,50241360,3616,42569100,3059,17486
1270,8,0,17,8,50284980,3616,42569100,3057,17494
1271,3,0,12,13,50326500,3617,42569100,3057,17497
1272,2,0,10,15,50348400,3618,42569100,3056,17499
1273,3,0,11,14,50353200,3617,42569100,3056,17502
1274,3,0,11,14,50364720,3617,42569100,3055,17505
1275,6,0,13,12,50374260,3617,42569100,3054,17511
1276,5,0,13,12,50390940,3617,42569100,3053,17516
1277,6,0,13,12,50410620,3617,42569100,3051,17522
1278,7,0,16,9,50417820,3616,42569100,3050,17529
1279,11,0,19,6,50449140,3616,42569100,3047,17540
1280,6,0,18,7,50483400,3617,42569100,3046,17546
1281,15,0,22,3,50527560,3617,42569100,3043,17561
1282,5,0,13,12,50577960,3617,42569100,3042,17566
1283,15,0,19,6,50604360,3617,42569100,3038,17581
1284,7,0,17,8,50625420,3616,42569100,3037,17588
1285,8,0,14,11,50658600,3616,42569100,3035,17596
1286,10,0,16,9,50697960,3616,42569100,3033,17606
1287,10,0,22,3,50708700,3616,42569100,3031,17616
1288,4,0,12,13,50755920,3616,42569100,3030,17620
1289,10,0,15,10,50781600,3616,42569100,3028,17630
1290,6,0,15,10,50794020,3615,42569100,3027,17636
1291,9,0,14,11,50824260,3615,42569100,3025,17645
1292,8,0,15,10,50851440,3615,42569100,3023,17653
1293,6,0,15,10,50873820,3615,42569100,3022,17659
1294,6,0,11,14,50911920,3615,42569100,3020,17665
1295,8,0,14,11,50921040,3615,42569100,3019,17673
1296,4,0,16,9,50926920,3614,42569100,3018,17677
1297,9,0,16,9,50959380,3614,42569100,3016,17686
1298,7,0,12,13,50989860,3614,42569100,3014,17693
1299,6,0,15,10,50999580,3614,42569100,3013,17699
1300,5,0,11,14,51023100,3613,42569100,3012,17704
1301,7,0,14,11,51026940,3612,42569100,3010,17711
1302,6,0,14,11,51056520,3613,42569100,3009,17717
1303,7,0,12,13,51089340,3613,42569100,3008,17724
1304,9,0,16,9,51105840,3613,42569100,3006,17733
1305,11,0,14,11,51134940,3611,42569100,3003,17744
1306,11,0,15,10,51151980,3610,42569100,3001,17755
1307,17,0,23,2,51168420,3609,42569100,2998,17772
1308,6,0,16,9,51217620,3609,42569100,2996,17778
1309,10,0,19,6,51257280,3610,42569100,2994,17788
1310,11,0,19,6,51282660,3609,42569100,2992,17799
1311,8,0,17,8,51329700,3610,42569100,2990,17807
1312,12,0,19,6,51363180,3610,42569100,2988,17819
1313,9,0,17,8,51402480,3610,42569100,2986,17828
1314,12,0,16,9,51443520,3609,42569100,2983,17840
1315,10,0,18,7,51461520,3609,42569100,2981,17850
1316,7,0,13,12,51510180,3609,42569100,2980,17857
1317,10,0,18,7,51524880,3609,42569100,2978,17867
1318,6,0,16,9,51559920,3609,42569100,2976,17873
1319,6,0,15,10,51580920,3609,42569100,2975,17879
1320,3,0,12,13,51607620,3609,42569100,2974,17882
1321,5,0,12,13,51626340,3609,42569100,2973,17887
1322,3,0,10,15,51640500,3609,42569100,2973,17890
1323,5,0,12,13,51644280,3608,42569100,2972,17895
1324,10,0,17,8,51655920,3608,42569100,2970,17905
1325,2,0,13,12,51681000,3608,42569100,2969,17907
1326,9,0,18,7,51700740,3609,42569100,2967,17916
1327,10,0,17,8,51728100,3608,42569100,2965,17926
1328,9,0,15,10,51770760,3608,42569100,2964,17935
1329,7,0,14,11,51787440,3607,42569100,2962,17942
1330,8,0,19,6,51797880,3607,42569100,2960,17950
1331,8,0,18,7,51828120,3607,42569100,2959,17958
1332,9,0,16,9,51862680,3607,42569100,2957,17967
1333,8,0,17,8,51880620,3606,42569100,2955,17975
1334,7,0,16,9,51921000,3607,42569100,2954,17982
1335,11,0,17,8,51941400,3606,42569100,2952,17993
1336,6,0,17,8,51971400,3606,42569100,2950,17999
1337,6,0,14,11,52016220,3607,42569100,2949,18005
1338,9,0,15,10,52041840,3607,42569100,2947,18014
1339,10,0,16,9,52064340,3606,42569100,2945,18024
1340,5,0,11,14,52088820,3606,42569100,2944,18029
1341,6,0,12,13,52101900,3605,42569100,2943,18035
1342,5,0,11,14,52120860,3605,42569100,2942,18040
1343,2,0,10,15,52125660,3605,42569100,2942,18042
1344,5,0,14,11,52128300,3605,42569100,2941,18047
1345,4,0,16,9,52131480,3604,42569100,2940,18051
1346,4,0,17,8,52136280,3604,42569100,2939,18055
1347,4,0,17,8,52156440,3604,42569100,2938,18059
1348,8,0,19,6,52166880,3603,42569100,2937,18067
1349,5,0,18,7,52180920,3603,42569100,2936,18072
1350,2,0,15,10,52203900,3603,42569100,2935,18074
1351,3,0,14,11,52212840,3603,42569100,2934,18077
1352,9,0,19,6,52220700,3602,42569100,2933,18086
1353,7,0,21,4,52237800,3602,42569100,2931,18093
1354,9,0,23,2,52252020,3602,42569100,2929,18102
1355,10,0,20,5,52297140,3601,42569460,2927,18112
1356,13,0,25,0,52313100,3601,42569460,2925,18125
1357,6,0,21,4,52354560,3601,42569460,2924,18131
1358,7,0,21,4,52385040,3601,42569460,2922,18138
1359,7,0,20,5,52413120,3601,42569460,2921,18145
1360,4,0,17,8,52446360,3602,42569460,2920,18149
1361,8,0,19,6,52469040,3602,42569460,2918,18157
1362,12,0,22,3,52494300,3601,42569460,2916,18169
1363,3,0,20,5,52508700,3601,42569460,2915,18172
1364,10,0,20,5,52543320,3601,42569460,2913,18182
1365,1,0,18,7,52551240,3601,42569460,2913,18183
1366,3,0,17,8,52570500,3601,42569460,2913,18186
1367,4,0,17,8,52587780,3601,42569460,2912,18190
1368,5,0,18,7,52602900,3601,42569460,2911,18195
1369,7,0,20,5,52617060,3601,42569460,2909,18202
1370,3,0,18,7,52644360,3602,42569460,2909,18205
1371,3,0,16,9,52661220,3602,42569460,2908,18208
1372,3,0,14,11,52679400,3602,42569460,2908,18211
1373,8,0,18,7,52684380,3601,42569460,2906,18219
1374,8,0,22,3,52696620,3601,42569460,2904,18227
1375,11,0,22,3,52729140,3600,42569520,2902,18238
1376,8,0,22,3,52761900,3601,42569520,2901,18246
1377,10,3,25,0,52778940,3601,42572280,2899,18256
1378,12,8,25,0,52813200,3602,42577680,2898,18268
1379,7,4,25,0,52875420,3603,42598080,2897,18275
1380,8,0,22,3,52921320,3603,42609000,2896,18283
1381,16,4,25,0,52952820,3602,42611760,2894,18299
1382,12,10,25,0,52982580,3603,42617280,2892,18311
1383,9,4,25,0,53044440,3604,42649260,2892,18320
1384,7,1,25,0,53074560,3603,42662880,2891,18327
1385,10,0,20,5,53133840,3603,42663540,2889,18337
1386,7,0,20,5,53151300,3603,42663540,2888,18344
1387,9,0,21,4,53172660,3602,42663540,2886,18353
1388,8,0,20,5,53196300,3602,42663540,2885,18361
1389,5,0,19,6,53223900,3602,42663540,2884,18366
1390,4,0,17,8,53248140,3602,42663540,2883,18370
1391,7,0,19,6,53262000,3602,42663540,2881,18377
1392,2,0,17,8,53274600,3602,42663540,2881,18379
1393,4,0,20,5,53281200,3602,42663540,2880,18383
1394,5,0,17,8,53316540,3602,42663540,2879,18388
1395,3,0,17,8,53335920,3603,42663540,2879,18391
1396,9,0,23,2,53347980,3603,42663540,2877,18400
1397,1,0,14,11,53377380,3603,42663540,2877,18401
1398,5,0,17,8,53383320,3603,42663540,2876,18406
1399,12,0,24,1,53405100,3603,42663540,2873,18418
1400,11,5,25,0,53419860,3603,42664560,2872,18429
1401,9,0,23,2,53476080,3603,42675780,2870,18438
1402,5,0,21,4,53498820,3602,42675780,2869,18443
1403,10,0,22,3,53546940,3603,42676140,2868,18453
1404,8,0,23,2,53563920,3603,42676140,2866,18461
1405,13,5,25,0,53594220,3603,42677880,2864,18474
1406,14,9,25,0,53651700,3605,42682440,2861,18488
1407,9,8,25,0,53690520,3605,42703620,2861,18497
1408,11,2,25,0,53741820,3604,42749820,2862,18508
1409,9,0,21,4,53786160,3604,42771240,2862,18517
1410,11,0,24,1,53808840,3603,42771240,2859,18528
1411,8,0,22,3,53850300,3604,42774300,2858,18536
1412,7,0,20,5,53884500,3604,42774300,2857,18543
1413,7,0,19,6,53903820,3603,42774300,2855,18550
1414,1,0,15,10,53926560,3603,42774300,2855,18551
1415,4,0,19,6,53926560,3603,42774300,2855,18555
1416,5,0,17,8,53949120,3603,42774300,2854,18560
1417,2,0,15,10,53969220,3604,42774300,2853,18562
1418,6,0,16,9,53980440,3603,42774300,2852,18568
1419,8,0,20,5,53993160,3603,42774300,2851,18576
1420,9,0,19,6,54015300,3602,42774300,2849,18585
1421,3,0,16,9,54035760,3602,42774300,2848,18588
1422,3,0,17,8,54049380,3603,42774300,2848,18591
1423,11,0,21,4,54069720,3602,42774300,2846,18602
1424,10,2,25,0,54079560,3602,42774420,2844,18612
1425,8,0,23,2,54124140,3602,42779280,2843,18620
1426,6,0,20,5,54164580,3603,42779280,2841,18626
1427,10,0,22,3,54184860,3602,42779280,2840,18636
1428,4,0,16,9,54213900,3602,42779280,2839,18640
1429,8,0,20,5,54232020,3602,42779280,2837,18648
1430,17,5,25,0,54254340,3602,42781860,2834,18665
1431,10,7,25,0,54298020,3603,42789060,2833,18675
1432,9,9,25,0,54332640,3603,42795480,2832,18684
1433,14,11,25,0,54381360,3604,42804120,2830,18698
1434,6,10,25,0,54412560,3604,42815400,2829,18704
1435,11,10,25,0,54474540,3605,42832920,2828,18715
1436,3,0,19,6,54513480,3603,42954960,2836,18718
1437,12,1,25,0,54546000,3604,42954960,2834,18730
1438,6,0,20,5,54587280,3604,42957180,2833,18736
1439,3,0,18,7,54617160,3605,42957180,2832,18739
1440,6,0,16,9,54642600,3605,42957180,2831,18745
1441,7,0,19,6,54654480,3605,42957180,2830,18752
1442,6,0,19,6,54667860,3604,42957180,2828,18758
1443,4,0,20,5,54687720,3605,42957180,2828,18762
1444,11,0,23,2,54718320,3605,42957180,2826,18773
1445,9,0,24,1,54756360,3605,42959220,2824,18782
1446,7,0,20,5,54795180,3605,42959220,2823,18789
1447,13,0,21,4,54827100,3605,42959220,2820,18802
1448,5,0,17,8,54855720,3604,42959220,2819,18807
1449,11,0,20,5,54868500,3603,42959220,2817,18818
1450,10,0,24,1,54883620,3603,42959220,2816,18828
1451,9,0,20,5,54920460,3602,42959220,2814,18837
1452,8,0,21,4,54937080,3602,42959220,2812,18845
1453,10,0,22,3,54977220,3602,42959220,2811,18855
1454,9,0,23,2,55011060,3603,42959220,2809,18864
1455,7,0,20,5,55053120,3603,42959220,2808,18871
1456,15,1,25,0,55078860,3602,42959220,2805,18886
1457,6,0,25,0,55113660,3603,42967740,2804,18892
1458,10,0,23,2,55158840,3603,42968760,2803,18902
1459,7,0,16,9,55198140,3603,42968760,2801,18909
1460,5,0,18,7,55206000,3602,42968760,2800,18914
1461,8,0,21,4,55223280,3602,42968760,2799,18922
1462,6,0,18,7,55256760,3602,42968760,2798,18928
1463,10,0,23,2,55272240,3602,42968760,2796,18938
1464,7,0,22,3,55312920,3603,42969900,2795,18945
1465,5,0,20,5,55335780,3603,42969900,2794,18950
1466,7,0,20,5,55377240,3604,42969900,2793,18957
1467,6,0,21,4,55393080,3604,42969900,2792,18963
1468,5,0,19,6,55420380,3604,42969900,2791,18968
1469,9,0,22,3,55440420,3604,42969900,2789,18977
1470,9,0,22,3,55461060,3603,42969900,2787,18986
1471,4,0,15,10,55505700,3603,42969900,2787,18990
1472,5,0,19,6,55509240,3603,42969900,2786,18995
1473,6,0,20,5,55526040,3603,42969900,2785,19001
1474,14,2,25,0,55541700,3603,42970260,2782,19015
1475,9,0,21,4,55584720,3602,42971160,2781,19024
1476,12,0,22,3,55626600,3602,42971160,2778,19036
1477,14,1,25,0,55657980,3602,42972720,2776,19050
1478,8,0,23,2,55693320,3601,42973920,2775,19058
1479,4,0,20,5,55728420,3602,42973920,2774,19062
1480,9,0,18,7,55767480,3602,42973920,2772,19071
1481,8,0,18,7,55779240,3601,42973920,2771,19079
1482,8,0,19,6,55801140,3601,42973920,2770,19087
1483,5,0,20,5,55811760,3600,42973920,2769,19092
1484,10,0,21,4,55845420,3601,42973920,2767,19102
1485,9,0,25,0,55861980,3600,42973920,2765,19111
1486,5,0,21,4,55895280,3601,42973920,2764,19116
1487,4,0,15,10,55946100,3601,42973920,2764,19120
1488,6,0,19,6,55948800,3601,42973920,2763,19126
1489,3,0,18,7,55961460,3601,42973920,2762,19129
1490,2,0,16,9,55985820,3602,42973920,2762,19131
1491,6,0,17,8,56004180,3602,42973920,2761,19137
1492,3,0,17,8,56011560,3602,42973920,2760,19140
1493,9,0,19,6,56028660,3601,42973920,2758,19149
1494,7,0,21,4,56049540,3601,42973920,2757,19156
1495,5,0,17,8,56081820,3601,42973920,2756,19161
1496,6,0,14,11,56099340,3600,42973920,2755,19167
1497,10,0,18,7,56106960,3599,42973920,2754,19177
1498,10,0,24,1,56119380,3599,42974460,2752,19187
1499,11,0,20,5,56175180,3599,42974880,2750,19198
1500,10,0,21,4,56197800,3599,42974880,2748,19208
1501,6,0,16,9,56230380,3598,42974880,2747,19214
1502,12,0,23,2,56246460,3598,42974880,2745,19226
1503,9,0,24,1,56272980,3598,42974880,2743,19235
1504,7,0,18,7,56313000,3598,42974880,2742,19242
1505,4,0,15,10,56338260,3598,42974880,2741,19246
1506,12,0,21,4,56352900,3597,42974880,2739,19258
1507,11,0,24,1,56384700,3597,42974880,2737,19269
1508,5,0,18,7,56420340,3597,42974880,2737,19274
1509,8,0,16,9,56445000,3596,42974880,2735,19282
1510,9,0,23,2,56448120,3596,42974880,2734,19291
1511,6,0,18,7,56490180,3596,42974880,2733,19297
1512,7,0,18,7,56507460,3596,42974880,2731,19304
1513,3,0,16,9,56519340,3595,42974880,2731,19307
1514,5,0,19,6,56533980,3596,42974880,2730,19312
1515,4,0,14,11,56567280,3596,42974880,2729,19316
1516,5,0,18,7,56568240,3596,42974880,2728,19321
1517,8,0,20,5,56583000,3595,42974880,2727,19329
1518,7,0,20,5,56607240,3595,42974880,2726,19336
1519,8,0,17,8,56638800,3595,42974880,2724,19344
1520,9,0,21,4,56655540,3595,42974880,2723,19353
1521,10,0,20,5,56681220,3594,42975240,2721,19363
1522,9,0,23,2,56698920,3593,42975240,2720,19372
1523,3,0,18,7,56734260,3594,42975240,2719,19375
1524,10,0,21,4,56767680,3594,42975240,2717,19385
1525,6,0,18,7,56793660,3594,42975240,2716,19391
1526,5,0,23,2,56793660,3594,42975240,2715,19396
1527,14,5,25,0,56832840,3595,42977040,2713,19410
1528,8,0,21,4,56893860,3595,42994740,2713,19418
1529,9,0,22,3,56922300,3595,42994740,2711,19427
1530,10,0,21,4,56948160,3594,42994740,2710,19437
1531,10,3,25,0,56964360,3594,42994740,2709,19447
1532,3,0,22,3,57010260,3595,42996540,2708,19450
1533,3,0,19,6,57048840,3596,42996540,2707,19453
1534,7,0,21,4,57063000,3596,42996540,2706,19460
1535,9,0,21,4,57101820,3596,42996540,2704,19469
1536,3,0,19,6,57121260,3597,42996540,2704,19472
1537,5,0,21,4,57126840,3596,42996540,2703,19477
1538,4,0,17,8,57180720,3598,42996540,2702,19481
1539,14,0,23,2,57198420,3597,42996540,2700,19495
1540,6,0,20,5,57225000,3597,42996540,2699,19501
1541,6,0,17,8,57258060,3597,42996540,2698,19507
1542,8,0,18,7,57276840,3596,42996540,2697,19515
1543,6,0,21,4,57287880,3596,42996540,2696,19521
1544,18,5,25,0,57319080,3596,42999480,2693,19539
1545,13,9,25,0,57359580,3597,43008420,2692,19552
1546,9,13,25,0,57383220,3597,43015860,2691,19561
1547,9,11,25,0,57443100,3598,43039980,2690,19570
1548,5,0,22,3,57491520,3597,43127940,2695,19575
1549,10,0,21,4,57520320,3597,43127940,2693,19585
1550,14,2,25,0,57553380,3597,43128120,2691,19599
1551,10,2,25,0,57591180,3597,43132560,2689,19609
1552,7,0,20,5,57644400,3597,43138080,2688,19616
1553,3,0,17,8,57667440,3597,43138080,2688,19619
1554,11,0,18,7,57691200,3596,43138080,2686,19630
1555,9,0,20,5,57705720,3596,43138080,2685,19639
1556,6,0,21,4,57722340,3596,43138080,2684,19645
1557,5,0,22,3,57742920,3596,43138080,2683,19650
1558,5,0,19,6,57769440,3596,43138080,2682,19655
1559,7,0,18,7,57798360,3596,43138080,2681,19662
1560,4,0,19,6,57817500,3596,43138080,2680,19666
1561,8,0,23,2,57834720,3597,43138080,2679,19674
1562,4,0,22,3,57858180,3597,43138080,2678,19678
1563,3,0,18,7,57896040,3598,43138080,2678,19681
1564,7,0,20,5,57919620,3598,43138080,2676,19688
1565,5,0,18,7,57947160,3598,43138080,2676,19693
1566,6,0,17,8,57978360,3599,43138080,2675,19699
1567,10,0,24,1,57988860,3599,43138080,2673,19709
1568,9,0,24,1,58012080,3598,43138200,2671,19718
1569,13,0,24,1,58067160,3599,43139700,2669,19731
1570,13,0,25,0,58097520,3598,43141500,2667,19744
1571,10,1,25,0,58126500,3598,43142580,2666,19754
1572,10,1,25,0,58165560,3598,43143000,2664,19764
1573,10,0,22,3,58225500,3598,43145280,2663,19774
1574,11,0,22,3,58263240,3598,43145880,2661,19785
1575,8,0,20,5,58305900,3599,43145880,2660,19793
1576,9,0,23,2,58311900,3598,43145880,2658,19802
1577,5,0,20,5,58350660,3598,43145880,2657,19807
1578,6,0,20,5,58370820,3598,43145880,2656,19813
1579,9,0,22,3,58398420,3598,43145880,2655,19822
1580,8,0,22,3,58423260,3598,43145880,2653,19830
1581,6,0,21,4,58436580,3597,43145880,2653,19836
1582,5,0,15,10,58473960,3597,43145880,2652,19841
1583,5,0,19,6,58474800,3597,43145880,2651,19846
1584,5,0,21,4,58491120,3597,43145880,2650,19851
1585,8,0,22,3,58521240,3598,43145880,2649,19859
1586,6,0,18,7,58554720,3598,43145880,2648,19865
1587,6,0,17,8,58572840,3597,43145880,2647,19871
1588,3,0,14,11,58596300,3597,43145880,2646,19874
1589,5,0,17,8,58597920,3597,43145880,2646,19879
1590,4,0,18,7,58599840,3596,43145880,2645,19883
1591,9,0,23,2,58621140,3597,43145880,2643,19892
1592,11,0,22,3,58648200,3596,43146000,2642,19903
1593,6,0,20,5,58675500,3596,43146000,2641,19909
1594,12,4,25,0,58691820,3596,43147140,2639,19921
1595,10,0,25,0,58752360,3597,43155780,2638,19931
1596,11,1,25,0,58800780,3597,43161540,2636,19942
1597,9,5,25,0,58819620,3597,43165620,2635,19951
1598,6,3,25,0,58870860,3599,43174740,2635,19957
1599,13,6,25,0,58908780,3599,43186200,2633,19970
1600,14,12,25,0,58951440,3600,43189920,2632,19984
1601,15,12,25,0,59001000,3600,43216740,2631,19999
1602,7,12,25,0,59030640,3600,43224660,2630,20006
1603,8,0,22,3,59103960,3599,43335720,2635,20014
1604,9,0,23,2,59127360,3599,43335720,2634,20023
1605,2,0,16,9,59169300,3599,43335720,2634,20025
1606,9,0,18,7,59193840,3599,43335720,2632,20034
1607,4,0,17,8,59211660,3599,43335720,2631,20038
1608,1,0,16,9,59224020,3600,43335720,2631,20039
1609,6,0,19,6,59241300,3600,43335720,2630,20045
1610,8,0,18,7,59252640,3599,43335720,2629,20053
1611,6,0,19,6,59265660,3599,43335720,2628,20059
1612,3,0,15,10,59287740,3598,43335720,2628,20062
1613,6,0,19,6,59294520,3598,43335720,2627,20068
1614,10,0,21,4,59313360,3598,43335720,2625,20078
1615,8,0,23,2,59325600,3597,43335720,2624,20086
1616,18,12,25,0,59350620,3598,43337340,2621,20104
1617,9,13,25,0,59407860,3600,43353960,2621,20113
1618,12,15,25,0,59457000,3600,43383540,2621,20125
1619,12,10,25,0,59504340,3599,43408140,2620,20137
1620,13,13,24,1,59532120,3599,43425000,2619,20150
1621,12,23,23,2,59548620,3599,43425960,2618,20162
1622,10,24,25,0,59608680,3601,43449360,2617,20172
1623,10,26,25,0,59662380,3603,43467240,2617,20182
1624,12,27,25,0,59702460,3603,43489620,2616,20194
1625,11,31,25,0,59734140,3603,43494840,2615,20205
1626,9,32,25,0,59783160,3604,43507320,2614,20214
1627,8,32,25,0,59828340,3605,43519680,2613,20222
1628,4,24,25,0,59869260,3605,43648560,2621,20226
1629,8,0,22,3,59938980,3602,44341380,2661,20234
1630,3,0,18,7,59958360,3601,44341380,2660,20237
1631,4,0,16,9,59977980,3601,44341380,2660,20241
1632,7,0,16,9,59999940,3601,44341380,2659,20248
1633,3,0,16,9,60009900,3601,44341380,2658,20251
1634,7,0,17,8,60019080,3600,44341380,2657,20258
1635,5,0,16,9,60037620,3600,44341380,2656,20263
1636,4,0,16,9,60051780,3600,44341380,2656,20267
1637,3,0,19,6,60051780,3600,44341380,2655,20270
1638,3,0,15,10,60080400,3600,44341380,2655,20273
1639,7,0,19,6,60088620,3600,44341380,2654,20280
1640,9,0,21,4,60105000,3600,44341380,2652,20289
1641,11,0,22,3,60132180,3599,44341380,2650,20300
1642,13,2,25,0,60158100,3599,44345280,2649,20313
1643,12,1,25,0,60215700,3600,44360940,2648,20325
1644,10,0,23,2,60240480,3598,44361240,2646,20335
1645,9,0,24,1,60277800,3599,44361300,2645,20344
1646,14,4,25,0,60314940,3599,44364420,2643,20358
1647,14,10,25,0,60350640,3600,44368320,2641,20372
1648,11,17,25,0,60378120,3600,44374440,2640,20383
1649,7,15,25,0,60444060,3602,44400180,2640,20390
1650,10,6,25,0,60503280,3602,44509800,2645,20400
1651,7,0,17,8,60538140,3599,44543040,2646,20407
1652,7,0,22,3,60546180,3599,44543040,2644,20414
1653,6,0,18,7,60579660,3599,44543040,2643,20420
1654,11,0,23,2,60587700,3598,44543040,2642,20431
1655,9,0,22,3,60625740,3599,44543040,2640,20440
1656,6,0,17,8,60660840,3598,44543040,2639,20446
1657,6,0,20,5,60671100,3598,44543040,2638,20452
1658,5,0,20,5,60684240,3598,44543040,2638,20457
1659,4,0,18,7,60718740,3599,44543040,2637,20461
1660,3,0,18,7,60735720,3599,44543040,2637,20464
1661,9,0,19,6,60753720,3598,44543040,2635,20473
1662,9,0,25,0,60767760,3599,44543040,2634,20482
1663,7,0,23,2,60798840,3599,44543400,2633,20489
1664,8,0,21,4,60833100,3598,44543400,2631,20497
1665,9,0,19,6,60868980,3598,44543400,2630,20506
1666,2,0,15,10,60896640,3599,44543400,2630,20508
1667,10,0,20,5,60900660,3598,44543400,2628,20518
1668,11,0,25,0,60916620,3597,44543940,2627,20529
1669,10,0,23,2,60951120,3597,44544120,2625,20539
1670,7,0,23,2,60985200,3597,44544120,2624,20546
1671,11,0,21,4,61017720,3597,44544120,2622,20557
1672,14,3,25,0,61048500,3597,44544360,2620,20571
1673,9,0,25,0,61085700,3597,44547180,2619,20580
1674,8,0,21,4,61136760,3597,44547180,2618,20588
1675,4,0,22,3,61154160,3597,44547180,2617,20592
1676,5,0,21,4,61177380,3598,44547180,2616,20597
1677,6,0,20,5,61216320,3598,44547180,2615,20603
1678,7,0,23,2,61227360,3598,44547180,2614,20610
1679,5,0,19,6,61257120,3598,44547180,2613,20615
1680,3,0,18,7,61277700,3598,44547180,2613,20618
1681,11,0,21,4,61312260,3599,44547180,2611,20629
1682,11,0,22,3,61336260,3598,44547540,2610,20640
1683,27,21,22,3,61365000,3598,44548440,2608,20667
1684,32,40,20,5,61394640,3599,44552220,2605,20699
1685,25,40,20,5,61439580,3601,44581320,2604,20724
1686,29,40,20,5,61444380,3601,44589840,2604,20753
1687,27,40,25,0,61491720,3602,44685780,2608,20780
1688,42,40,25,0,61511160,3603,44722320,2609,20822
1689,32,38,25,0,61564320,3603,44807160,2613,20854
1690,35,40,25,0,61603140,3604,44872020,2615,20889
1691,20,38,25,0,61663620,3605,44957880,2618,20909
1692,27,40,25,0,61696500,3605,45104280,2625,20936
1693,35,40,25,0,61745220,3604,45271560,2633,20971
1694,24,40,25,0,61790520,3605,45319260,2634,20995
1695,32,40,25,0,61819320,3605,45339480,2634,21027
1696,30,39,25,0,61867560,3605,45381780,2635,21057
1697,37,38,25,0,61916340,3605,45408720,2634,21094
1698,29,40,25,0,61961340,3604,45589320,2641,21123
1699,40,40,25,0,61996140,3604,45594840,2640,21163
1700,29,40,25,0,62033760,3604,45616860,2640,21192
1701,29,38,25,0,62091780,3603,45661260,2640,21221
1702,31,40,25,0,62119800,3604,45673140,2640,21252
1703,39,40,25,0,62175660,3603,45788700,2643,21291
1704,25,40,25,0,62209200,3603,45801120,2643,21316
1705,35,38,25,0,62251080,3603,45813300,2642,21351
1706,36,40,25,0,62291160,3603,45826680,2641,21387
1707,33,37,25,0,62354880,3604,45912300,2644,21420
1708,29,40,25,0,62387340,3604,45924360,2643,21449
1709,29,40,25,0,62425200,3604,45957300,2643,21478
1710,43,40,25,0,62470620,3604,45971100,2642,21521
1711,32,40,25,0,62521800,3604,46068000,2646,21553
1712,26,40,25,0,62549700,3604,46085100,2646,21579
1713,21,33,25,0,62614500,3603,46766400,2683,21600
1714,41,40,25,0,62641680,3604,46773720,2681,21641
1715,36,40,25,0,62691480,3604,46818960,2681,21677
1716,27,40,25,0,62727480,3604,46828080,2680,21704
1717,27,40,25,0,62786520,3604,46857180,2680,21731
1718,34,39,25,0,62822160,3604,46947480,2683,21765
1719,32,39,25,0,62854500,3604,46993800,2685,21797
1720,29,40,25,0,62910180,3604,47001120,2683,21826
1721,28,40,25,0,62939580,3604,47032500,2683,21854
1722,29,38,25,0,62985180,3604,47073120,2684,21883
1723,32,40,25,0,63029580,3604,47105520,2684,21915
1724,31,40,25,0,63074460,3604,47180640,2686,21946
1725,32,39,22,3,63107880,3603,47235780,2687,21978
1726,30,39,25,0,63159180,3604,47250000,2686,22008
1727,31,40,25,0,63199680,3604,47266200,2685,22039
1728,25,39,25,0,63248760,3604,47289300,2685,22064
1729,26,39,25,0,63292200,3604,47415840,2690,22090
1730,31,40,25,0,63324060,3602,47460240,2690,22121
1731,24,40,25,0,63381000,3603,47482860,2689,22145
1732,31,40,25,0,63410940,3603,47492100,2688,22176
1733,33,40,25,0,63471300,3603,47535180,2688,22209
1734,38,40,25,0,63501660,3603,47541600,2688,22247
1735,28,39,25,0,63551880,3603,47561100,2687,22275
1736,26,40,25,0,63592740,3602,47760780,2696,22301
1737,31,39,25,0,63631920,3602,47851680,2699,22332
1738,31,40,25,0,63679440,3602,47957400,2703,22363
1739,28,40,25,0,63722100,3601,48136200,2710,22391
1740,23,39,25,0,63766140,3601,48145620,2709,22414
1741,29,40,23,2,63803340,3601,48163500,2709,22443
1742,37,40,25,0,63836940,3601,48191220,2708,22480
1743,20,38,25,0,63880800,3601,48323940,2714,22500
1744,35,40,25,0,63922800,3601,48332700,2713,22535
1745,31,40,25,0,63955860,3601,48338160,2712,22566
1746,27,40,25,0,63991380,3601,48394800,2714,22593
1747,28,40,25,0,64045860,3602,48414180,2713,22621
1748,23,38,25,0,64085280,3602,48444300,2713,22644
1749,38,39,25,0,64143540,3603,48518580,2715,22682
1750,32,40,25,0,64190700,3602,48611940,2718,22714
1751,27,38,25,0,64227360,3601,48677340,2719,22741
1752,27,40,25,0,64266120,3600,48690720,2718,22768
1753,36,40,25,0,64294440,3600,48706080,2718,22804
1754,25,38,25,0,64353000,3601,48712680,2716,22829
1755,33,40,25,0,64393380,3601,48801960,2719,22862
1756,27,38,25,0,64440540,3601,48858840,2721,22889
1757,36,39,25,0,64476780,3600,48887040,2720,22925
1758,33,39,25,0,64530420,3600,48909540,2719,22958
1759,33,40,25,0,64564680,3600,48922920,2718,22991
1760,39,40,25,0,64604520,3599,48941580,2717,23030
1761,32,40,25,0,64655220,3599,48986460,2717,23062
1762,27,40,25,0,64693440,3600,48992520,2717,23089
1763,40,40,25,0,64744500,3601,49025160,2717,23129
1764,30,39,25,0,64785060,3600,49057920,2717,23159
1765,30,38,25,0,64832460,3600,49189080,2721,23189
1766,37,40,25,0,64876380,3599,49249980,2722,23226
1767,37,40,25,0,64909380,3598,49260060,2721,23263
1768,26,39,25,0,64953720,3598,49279800,2720,23289
1769,26,40,25,0,64998060,3599,49284600,2719,23315
1770,30,40,25,0,65031960,3599,49291020,2718,23345
1771,31,40,25,0,65081820,3600,49365180,2721,23376
1772,29,40,25,0,65110920,3600,49370520,2720,23405
1773,24,40,25,0,65157600,3600,49497840,2725,23429
1774,22,40,25,0,65213760,3601,49650180,2732,23451
1775,28,39,25,0,65262840,3601,49655040,2730,23479
1776,28,40,25,0,65296920,3601,49678140,2730,23507
1777,30,39,25,0,65346300,3601,49743780,2731,23537
1778,32,40,25,0,65394180,3601,49806240,2733,23569
1779,37,40,25,0,65426580,3600,49826280,2732,23606
1780,29,40,25,0,65475060,3600,49846800,2731,23635
1781,33,40,25,0,65510820,3600,49850820,2730,23668
1782,38,40,25,0,65556300,3601,49861800,2729,23706
1783,31,40,25,0,65594580,3601,49889220,2729,23737
1784,31,40,25,0,65638260,3600,50098140,2738,23768
1785,31,40,25,0,65676720,3601,50105880,2737,23799
1786,24,40,25,0,65733840,3601,50224140,2742,23823
1787,22,40,25,0,65771580,3600,50277300,2742,23845
1788,32,39,25,0,65814960,3600,50284200,2741,23877
1789,28,40,25,0,65846280,3600,50310840,2741,23905
1790,31,39,25,0,65907840,3600,50370720,2742,23936
1791,32,40,25,0,65948100,3600,50414820,2742,23968
1792,32,40,25,0,65978220,3600,50503020,2746,24000
1793,27,40,25,0,66028020,3601,50510700,2745,24027
1794,25,40,25,0,66091920,3600,50581260,2746,24052
1795,34,39,25,0,66116100,3600,50608920,2746,24086
1796,24,39,25,0,66153480,3599,50742840,2751,24110
1797,33,39,25,0,66194640,3600,50750760,2750,24143
1798,23,38,25,0,66260820,3601,50768400,2750,24166
1799,26,40,25,0,66294480,3601,50795220,2749,24192
1800,39,40,25,0,66332520,3600,50839080,2749,24231
1801,32,40,25,0,66373620,3600,50852280,2749,24263
1802,30,39,25,0,66436260,3601,51236880,2767,24293
1803,33,39,25,0,66468060,3599,51288480,2768,24326
1804,31,39,25,0,66502080,3599,51293520,2767,24357
1805,31,40,25,0,66545100,3600,51335160,2767,24388
1806,31,39,25,0,66601320,3600,51364440,2767,24419
1807,34,37,25,0,66644940,3600,51387660,2767,24453
1808,32,40,25,0,66679080,3599,51824220,2787,24485
1809,27,40,25,0,66726300,3599,51840300,2786,24512
1810,32,40,25,0,66768660,3599,51898260,2787,24544
1811,39,37,25,0,66823920,3599,51977880,2790,24583
1812,28,40,25,0,66850920,3599,51981540,2789,24611
1813,30,40,25,0,66886320,3599,52007400,2789,24641
1814,39,40,25,0,66955380,3600,52064820,2789,24680
1815,31,40,25,0,66997620,3599,52086300,2788,24711
1816,22,39,25,0,67027140,3599,52094160,2787,24733
1817,36,39,25,0,67058040,3598,52177500,2790,24769
1818,36,40,25,0,67115220,3600,52190040,2789,24805
1819,31,38,25,0,67163940,3599,53191800,2840,24836
1820,35,40,25,0,67207380,3598,53233800,2840,24871
1821,33,39,25,0,67240560,3597,53276340,2840,24904
1822,38,40,25,0,67281000,3597,53296620,2840,24942
1823,36,40,25,0,67318800,3597,53373000,2842,24978
1824,31,40,25,0,67378680,3597,53464020,2845,25009
1825,33,40,25,0,67412400,3597,53492940,2844,25042
1826,32,40,24,1,67454580,3597,53509140,2843,25074
1827,30,40,25,0,67498560,3597,53554260,2844,25104
1828,27,40,25,0,67541460,3597,53565720,2843,25131
1829,28,40,25,0,67583040,3597,53595960,2843,25159
1830,26,39,25,0,67636320,3597,53697960,2846,25185
1831,25,38,25,0,67673940,3597,53710800,2845,25210
1832,31,40,25,0,67718340,3597,53731080,2844,25241
1833,15,30,25,0,67767120,3596,55299120,2926,25256
1834,33,40,25,0,67803900,3595,56860740,3005,25289
1835,31,40,24,1,67831320,3595,56868840,3004,25320
1836,29,40,22,3,67866720,3596,56880540,3004,25349
1837,35,40,25,0,67905960,3597,56900100,3004,25384
1838,41,39,25,0,67967220,3598,56944680,3004,25425
1839,40,40,25,0,68000880,3598,56951640,3003,25465
1840,34,40,25,0,68044500,3598,56968380,3002,25499
1841,23,40,25,0,68095440,3598,57033480,3004,25522
1842,31,40,25,0,68124420,3597,57110940,3006,25553
1843,29,40,25,0,68179860,3598,57186480,3007,25582
1844,22,40,25,0,68207100,3597,57193800,3007,25604
1845,30,40,25,0,68255700,3598,57218280,3006,25634
1846,21,40,25,0,68306520,3598,57344220,3010,25655
1847,17,40,25,0,68346720,3598,57368160,3010,25672
1848,13,26,25,0,68402820,3596,61043220,3201,25685
1849,8,12,25,0,68442540,3594,64827300,3398,25693
1850,5,0,18,7,68482680,3592,67951260,3560,25698
1851,5,0,18,7,68505180,3592,67951260,3559,25703
1852,4,0,18,7,68524920,3592,67951260,3559,25707
1853,6,0,19,6,68547540,3592,67951260,3558,25713
1854,13,2,25,0,68554020,3592,67951560,3555,25726
1855,7,1,25,0,68605140,3593,67957680,3554,25733
1856,4,0,18,7,68658120,3593,67960080,3554,25737
1857,13,2,25,0,68666580,3593,67960080,3551,25750
1858,14,6,25,0,68712840,3594,67967520,3549,25764
1859,10,2,25,0,68762100,3594,67990560,3548,25774
1860,14,2,25,0,68788740,3592,68004000,3547,25788
1861,17,8,25,0,68847240,3593,68010780,3544,25805
1862,14,16,25,0,68874300,3594,68019660,3543,25819
1863,4,9,25,0,68916480,3594,68045100,3542,25823
1864,8,0,22,3,68974140,3593,68118840,3544,25831
1865,10,0,23,2,69010800,3593,68118840,3543,25841
1866,13,0,23,2,69043980,3593,68119200,3540,25854
1867,4,0,20,5,69069060,3593,68119200,3539,25858
1868,8,0,20,5,69103380,3593,68119200,3538,25866
1869,5,0,22,3,69124020,3593,68119200,3537,25871
1870,5,0,16,9,69159600,3593,68119200,3536,25876
1871,4,0,16,9,69174780,3593,68119200,3535,25880
1872,6,0,16,9,69184380,3593,68119200,3534,25886
1873,7,0,17,8,69202260,3592,68119200,3533,25893
1874,7,0,21,4,69214260,3592,68119200,3532,25900
1875,8,0,23,2,69233760,3592,68119200,3530,25908
1876,7,0,19,6,69273960,3592,68119200,3529,25915
1877,3,0,18,7,69299460,3593,68119200,3528,25918
1878,16,0,23,2,69327660,3592,68119200,3526,25934
1879,9,0,23,2,69349620,3592,68119200,3524,25943
1880,15,0,25,0,69387120,3591,68119320,3521,25958
1881,11,3,25,0,69412140,3591,68122980,3519,25969
1882,8,0,23,2,69467340,3592,68130000,3518,25977
1883,7,0,21,4,69505380,3592,68130000,3517,25984
1884,8,0,23,2,69537060,3592,68130480,3516,25992
1885,6,0,23,2,69549900,3592,68130480,3514,25998
1886,7,0,22,3,69590640,3593,68130480,3513,26005
1887,12,2,25,0,69616500,3593,68131380,3511,26017
1888,13,5,25,0,69662640,3593,68135580,3509,26030
1889,5,2,25,0,69706140,3594,68147760,3509,26035
1890,8,0,21,4,69750900,3594,68160720,3508,26043
1891,8,0,24,1,69778140,3594,68160720,3506,26051
1892,3,0,17,8,69811560,3594,68160720,3506,26054
1893,3,0,18,7,69830460,3595,68160720,3505,26057
1894,8,0,22,3,69845640,3595,68160720,3504,26065
1895,5,0,19,6,69880620,3595,68160720,3503,26070
1896,3,0,17,8,69907500,3595,68160720,3502,26073
1897,7,0,19,6,69929280,3596,68160720,3501,26080
1898,6,0,17,8,69950880,3595,68160720,3500,26086
1899,7,0,19,6,69967980,3595,68160720,3499,26093
1900,2,0,18,7,69982920,3595,68160720,3499,26095
1901,11,0,24,1,70002000,3595,68160720,3497,26106
1902,8,0,19,6,70051740,3596,68161260,3495,26114
1903,8,0,24,1,70062720,3596,68161260,3494,26122
1904,8,0,20,5,70108260,3596,68161260,3492,26130
1905,8,0,19,6,70150080,3596,68161260,3491,26138
1906,8,0,22,3,70168860,3596,68161260,3489,26146
1907,9,0,22,3,70200840,3596,68161260,3488,26155
1908,12,0,25,0,70233540,3596,68161260,3486,26167
1909,5,0,25,0,70248120,3596,68164800,3485,26172
1910,19,7,25,0,70306920,3597,68166240,3483,26191
1911,10,8,25,0,70347420,3597,68175660,3480,26201
1912,9,0,19,6,70415700,3597,68213760,3481,26210
1913,12,0,21,4,70434360,3596,68213760,3479,26222
1914,9,0,24,1,70448820,3595,68213760,3477,26231
1915,13,1,25,0,70485480,3595,68220060,3475,26244
1916,9,0,25,0,70530000,3596,68223780,3474,26253
1917,7,0,24,1,70567440,3596,68224080,3472,26260
1918,7,0,20,5,70623780,3597,68224080,3471,26267
1919,7,0,19,6,70642440,3596,68224080,3470,26274
1920,6,0,18,7,70666620,3596,68224080,3469,26280
1921,3,0,17,8,70681920,3596,68224080,3468,26283
1922,5,0,19,6,70698420,3597,68224080,3467,26288
1923,5,0,20,5,70713960,3597,68224080,3467,26293
1924,5,0,18,7,70745520,3597,68224080,3466,26298
1925,4,0,18,7,70760340,3597,68224080,3465,26302
1926,6,0,17,8,70786020,3597,68224080,3464,26308
1927,10,0,24,1,70791840,3597,68224080,3462,26318
1928,10,0,25,0,70825860,3597,68224620,3460,26328
1929,15,5,25,0,70863060,3597,68227080,3458,26343
1930,9,4,25,0,70898460,3597,68232360,3457,26352
1931,15,0,25,0,70962720,3597,68251620,3455,26367
1932,7,0,18,7,71006340,3596,68251740,3454,26374
1933,13,0,23,2,71020980,3596,68251740,3451,26387
1934,10,0,23,2,71046480,3595,68251740,3450,26397
1935,11,0,24,1,71090160,3596,68251800,3448,26408
1936,9,0,23,2,71118300,3595,68251800,3446,26417
1937,9,0,21,4,71146620,3595,68251800,3445,26426
1938,5,0,19,6,71180820,3595,68251800,3444,26431
1939,7,0,19,6,71210100,3595,68251800,3443,26438
1940,3,0,17,8,71227800,3595,68251800,3442,26441
1941,4,0,17,8,71245860,3595,68251800,3441,26445
1942,4,0,17,8,71261940,3596,68251800,3441,26449
1943,4,0,17,8,71281560,3596,68251800,3440,26453
1944,10,0,20,5,71302560,3596,68251800,3438,26463
1945,7,0,21,4,71321880,3595,68251800,3437,26470
1946,4,0,18,7,71354820,3596,68251800,3436,26474
1947,8,0,20,5,71369340,3595,68251800,3435,26482
1948,6,0,19,6,71389920,3595,68251800,3434,26488
1949,6,0,21,4,71398440,3595,68251800,3433,26494
1950,10,0,20,5,71437080,3595,68251800,3431,26504
1951,9,0,20,5,71469900,3595,68251800,3430,26513
1952,5,0,17,8,71498580,3595,68251800,3429,26518
1953,7,0,20,5,71507100,3595,68251800,3428,26525
1954,6,0,20,5,71531400,3595,68251800,3426,26531
1955,9,0,24,1,71550720,3595,68251800,3425,26540
1956,9,0,21,4,71598540,3595,68251980,3423,26549
1957,15,4,25,0,71616960,3595,68253180,3421,26564
1958,16,12,25,0,71664780,3596,68261160,3419,26580
1959,14,21,25,0,71699280,3597,68264400,3416,26594
1960,10,22,25,0,71745900,3597,68284200,3416,26604
1961,9,21,25,0,71789880,3598,68308440,3415,26613
1962,8,19,25,0,71830620,3598,68355840,3416,26621
1963,7,20,25,0,71859420,3598,68364420,3416,26628
1964,7,11,25,0,71940900,3599,68551440,3424,26635
1965,5,0,17,8,71978940,3597,68714820,3431,26640
1966,10,0,25,0,71984700,3597,68714820,3429,26650
1967,8,0,22,3,72027240,3597,68715540,3428,26658
1968,8,0,20,5,72057600,3597,68715540,3427,26666
1969,2,0,17,8,72090660,3598,68715540,3426,26668
1970,9,0,19,6,72111300,3597,68715540,3425,26677
1971,7,0,21,4,72117900,3597,68715540,3423,26684
1972,6,0,18,7,72158040,3597,68715540,3422,26690
1973,6,0,19,6,72172020,3597,68715540,3421,26696
1974,8,0,20,5,72190380,3597,68715540,3420,26704
1975,10,0,23,2,72210840,3596,68715540,3418,26714
1976,9,0,20,5,72251280,3596,68716560,3417,26723
1977,5,0,18,7,72285000,3597,68716560,3416,26728
1978,17,2,25,0,72301920,3596,68718540,3413,26745
1979,6,0,24,1,72336660,3596,68723040,3412,26751
1980,9,0,22,3,72386820,3597,68724540,3411,26760
1981,9,0,20,5,72433140,3597,68724540,3409,26769
1982,16,1,25,0,72459360,3597,68726400,3407,26785
1983,11,0,25,0,72481080,3596,68728680,3405,26796
1984,12,0,25,0,72532680,3596,68729220,3403,26808
1985,7,0,19,6,72588600,3596,68729640,3402,26815
1986,4,0,19,6,72605580,3597,68729640,3401,26819
1987,10,0,19,6,72637560,3596,68729640,3400,26829
1988,6,0,21,4,72649020,3596,68729640,3399,26835
1989,7,0,22,3,72674460,3596,68729640,3397,26842
1990,4,0,16,9,72716340,3597,68729640,3397,26846
1991,5,0,17,8,72729240,3597,68729640,3396,26851
1992,3,0,17,8,72734640,3596,68729640,3395,26854
1993,9,0,18,7,72752460,3596,68729640,3394,26863
1994,11,0,21,4,72764880,3595,68729640,3392,26874
1995,5,0,18,7,72786300,3595,68729640,3391,26879
1996,4,0,17,8,72800760,3594,68729640,3391,26883
1997,6,0,16,9,72822480,3594,68729640,3390,26889
1998,8,0,18,7,72845040,3594,68729640,3388,26897
1999,11,0,22,3,72858060,3594,68729640,3386,26908
2000,6,0,22,3,72884460,3594,68729880,3385,26914
2001,6,0,20,5,72931860,3595,68729880,3384,26920
2002,7,0,21,4,72947580,3595,68729880,3383,26927
2003,9,0,24,1,72976440,3595,68729880,3382,26936
2004,17,7,25,0,73015380,3595,68729880,3380,26953
2005,10,11,25,0,73041000,3595,68736060,3378,26963
2006,13,17,25,0,73087500,3597,68741400,3376,26976
2007,5,13,25,0,73135920,3597,68778000,3377,26981
2008,11,13,25,0,73182780,3598,68813100,3376,26992
2009,7,7,25,0,73228560,3598,68889660,3379,26999
2010,5,0,19,6,73275660,3597,68952720,3381,27004
2011,10,0,20,5,73305540,3597,68952720,3380,27014
2012,8,0,18,7,73338240,3596,68952720,3378,27022
2013,4,0,19,6,73350720,3597,68952720,3378,27026
2014,7,0,21,4,73371720,3597,68952720,3377,27033
2015,1,0,18,7,73384620,3597,68952720,3376,27034
2016,7,0,21,4,73408860,3597,68952720,3375,27041
2017,3,0,23,2,73410660,3597,68952720,3375,27044
2018,5,0,25,0,73416060,3597,68952720,3374,27049
2019,9,5,25,0,73429140,3597,68954940,3373,27058
2020,6,8,24,1,73451400,3597,68962260,3372,27064
2021,3,8,25,0,73462140,3597,68977500,3372,27067
2022,11,16,25,0,73481340,3598,68981040,3371,27078
2023,7,21,25,0,73491360,3598,68982720,3370,27085
2024,7,23,25,0,73515060,3598,69010080,3370,27092
2025,7,26,25,0,73536000,3598,69020100,3369,27099
2026,12,36,24,1,73550340,3599,69022800,3368,27111
2027,9,40,23,2,73566600,3599,69029040,3367,27120
2028,10,40,22,3,73573980,3599,69029040,3367,27130
2029,10,39,22,3,73583940,3599,69040260,3367,27140
2030,7,40,24,1,73593000,3600,69074700,3368,27147
2031,12,40,25,0,73596840,3600,69102960,3369,27159
2032,10,38,25,0,73634040,3600,69191700,3373,27169
2033,14,40,25,0,73642920,3600,69226440,3373,27183
2034,12,40,25,0,73659540,3600,69231120,3373,27195
2035,7,39,25,0,73679580,3601,69283620,3375,27202
2036,5,35,25,0,73709580,3601,69395700,3380,27207
2037,9,40,25,0,73722060,3601,69451440,3382,27216
2038,4,40,25,0,73736220,3601,69557520,3386,27220
2039,9,40,25,0,73757160,3601,69674700,3391,27229
2040,3,40,25,0,73769100,3601,69812220,3398,27232
2041,4,38,25,0,73791300,3601,69871320,3399,27236
2042,4,36,25,0,73810680,3601,70051920,3407,27240
2043,6,33,25,0,73830720,3600,70124220,3410,27246
2044,5,36,24,1,73837680,3600,70125780,3409,27251
2045,10,40,23,2,73846200,3600,70125780,3409,27261
2046,7,40,25,0,73874400,3601,70148940,3409,27268
2047,8,40,25,0,73888080,3601,70170540,3409,27276
2048,4,38,25,0,73906200,3601,70242840,3412,27280
2049,11,40,25,0,73923840,3601,70246320,3411,27291
2050,11,38,25,0,73940280,3601,70259160,3411,27302
2051,14,40,25,0,73959720,3601,70283940,3412,27316
2052,9,38,25,0,73982460,3601,70291020,3411,27325
2053,13,39,24,1,73996680,3601,70294080,3411,27338
2054,12,40,23,2,74002980,3601,70352040,3413,27350
2055,10,40,25,0,74016060,3601,70358160,3412,27360
2056,8,39,25,0,74039580,3600,70505880,3418,27368
2057,10,39,25,0,74056920,3600,70510380,3417,27378
2058,12,40,25,0,74072760,3600,70614600,3421,27390
2059,8,36,25,0,74092980,3600,70767540,3428,27398
2060,7,40,23,2,74107920,3600,70769280,3428,27405
2061,4,40,23,2,74107920,3600,70769280,3428,27409
2062,8,40,25,0,74133600,3601,70800540,3428,27417
2063,8,38,25,0,74148840,3601,70809060,3428,27425
2064,0,30,25,0,74166600,3600,71485680,3461,27425
2065,7,22,25,0,74191440,3599,72832860,3525,27432
2066,5,20,25,0,74205900,3598,72846060,3524,27437
2067,8,20,25,0,74225460,3598,73037820,3532,27445
2068,8,17,25,0,74244660,3597,73287360,3543,27453
2069,3,2,25,0,74264760,3594,74989800,3625,27456
2070,14,9,25,0,74271000,3594,75033300,3626,27470
2071,9,15,24,1,74293200,3594,75039240,3624,27479
2072,7,20,24,1,74305620,3594,75040860,3623,27486
2073,9,27,23,2,74324100,3595,75051360,3621,27495
2074,12,38,23,2,74328180,3595,75059520,3619,27507
2075,7,40,24,1,74344620,3595,75076500,3620,27514
2076,10,40,23,2,74347680,3595,75076500,3620,27524
2077,10,40,23,2,74362500,3595,75102540,3620,27534
2078,12,40,24,1,74372040,3596,75142380,3622,27546
2079,9,40,25,0,74387640,3596,75206700,3625,27555
2080,5,39,25,0,74410440,3597,75247380,3626,27560
2081,12,39,25,0,74424840,3597,75313980,3629,27572
2082,7,40,25,0,74450040,3597,75392640,3632,27579
2083,6,40,25,0,74460060,3597,75395940,3631,27585
2084,9,39,25,0,74483880,3598,75519420,3636,27594
2085,3,36,25,0,74504640,3598,75695100,3644,27597
2086,4,34,25,0,74524140,3597,75906900,3654,27601
2087,6,34,25,0,74541300,3597,75914700,3653,27607
2088,7,38,25,0,74552040,3597,75943560,3654,27614
2089,5,39,25,0,74573880,3598,75948480,3653,27619
2090,4,40,25,0,74581080,3598,75949140,3652,27623
2091,4,39,22,3,74605740,3598,75953820,3653,27627
2092,6,40,23,2,74605740,3598,75953820,3652,27633
2093,6,40,25,0,74626920,3599,75994680,3654,27639
2094,8,38,25,0,74645400,3599,76098660,3658,27647
2095,11,40,25,0,74661120,3599,76188780,3662,27658
2096,11,39,25,0,74685840,3599,76489680,3675,27669
2097,12,39,25,0,74703900,3598,76612020,3679,27681
2098,7,39,25,0,74719680,3599,76669320,3681,27688
2099,9,40,25,0,74730060,3598,76718460,3682,27697
2100,11,37,25,0,74757480,3598,76754220,3683,27708
2101,9,39,25,0,74774880,3598,76771920,3683,27717
2102,10,40,25,0,74782620,3598,76774920,3682,27727
2103,8,37,25,0,74810820,3598,76895940,3688,27735
2104,7,32,25,0,74833860,3597,77319240,3706,27742
2105,10,39,25,0,74840100,3597,77320200,3705,27752
2106,6,40,25,0,74851320,3597,77328840,3705,27758
2107,9,37,25,0,74878800,3597,77383800,3706,27767
2108,10,40,25,0,74896140,3597,77391900,3705,27777
2109,7,40,25,0,74912820,3597,77397360,3705,27784
2110,6,39,25,0,74930580,3596,77517240,3709,27790
2111,9,36,25,0,74954100,3596,77664600,3716,27799
2112,0,25,25,0,74968680,3595,78654840,3763,27799
2113,2,12,25,0,74987400,3593,79857540,3820,27801
2114,4,15,23,2,74990940,3593,79859160,3820,27805
2115,1,12,24,1,75006120,3593,79869000,3820,27806
2116,8,5,25,0,75034080,3592,80557200,3851,27814
2117,7,8,25,0,75046440,3592,80561220,3850,27821
2118,10,17,25,0,75053100,3592,80563440,3849,27831
2119,8,22,24,1,75079380,3593,80570940,3848,27839
2120,11,32,24,1,75084540,3593,80575740,3847,27850
2121,13,40,22,3,75097800,3593,80575740,3847,27863
2122,12,40,23,2,75116220,3594,80598780,3845,27875
2123,14,40,22,3,75121320,3594,80598780,3845,27889
2124,8,40,23,2,75128100,3594,80620440,3845,27897
2125,10,40,24,1,75139380,3594,80655660,3847,27907
2126,9,39,25,0,75160140,3595,80744940,3850,27916
2127,8,40,25,0,75163140,3595,80763780,3851,27924
2128,6,38,25,0,75198660,3596,80855100,3855,27930
2129,5,40,25,0,75203040,3596,80858640,3854,27935
2130,6,40,25,0,75217560,3596,80866980,3855,27941
2131,9,38,25,0,75251400,3596,80960940,3858,27950
2132,10,38,25,0,75269400,3596,81043560,3861,27960
2133,4,37,25,0,75284880,3596,81060060,3861,27964
2134,8,39,25,0,75302340,3596,81123840,3863,27972
2135,1,37,25,0,75315660,3596,81198120,3866,27973
2136,8,38,25,0,75337620,3596,81385920,3874,27981
2137,3,37,25,0,75357060,3596,81453000,3876,27984
2138,4,38,25,0,75373620,3597,81592200,3882,27988
2139,7,40,25,0,75392220,3597,81649920,3884,27995
2140,4,37,25,0,75414060,3597,81798480,3890,27999
2141,4,39,25,0,75423840,3597,81799320,3890,28003
2142,4,31,25,0,75450660,3596,82257720,3911,28007
2143,11,37,25,0,75466080,3596,82262340,3909,28018
2144,12,40,25,0,75475800,3596,82265820,3908,28030
2145,7,39,25,0,75499200,3597,82286460,3908,28037
2146,11,40,25,0,75514020,3597,82312800,3909,28048
2147,8,40,25,0,75535320,3597,82323000,3908,28056
2148,16,40,25,0,75547680,3596,82403700,3911,28072
2149,11,40,25,0,75568560,3597,82405740,3910,28083
2150,13,39,25,0,75581820,3597,82422720,3910,28096
2151,9,40,25,0,75606240,3596,82497120,3913,28105
2152,11,40,25,0,75629580,3596,82503000,3911,28116
2153,7,40,25,0,75636540,3596,82507980,3911,28123
2154,8,40,22,3,75650640,3596,82507980,3911,28131
2155,9,40,23,2,75668400,3597,82513560,3911,28140
2156,6,40,23,2,75668400,3597,82513560,3911,28146
2157,3,37,24,1,75691620,3598,82584000,3914,28149
2158,9,37,25,0,75702660,3597,82716960,3919,28158
2159,3,35,25,0,75717840,3597,82722480,3918,28161
2160,8,38,25,0,75734400,3596,82797780,3921,28169
2161,1,35,25,0,75755400,3597,82810620,3921,28170
2162,5,30,25,0,75774060,3596,83533320,3954,28175
2163,11,35,25,0,75789180,3596,83702220,3960,28186
2164,8,38,25,0,75801420,3596,83710860,3959,28194
2165,6,38,25,0,75825720,3596,83727840,3959,28200
2166,8,40,25,0,75843300,3596,83750700,3959,28208
2167,6,39,25,0,75860160,3596,83770020,3959,28214
2168,6,39,25,0,75879540,3596,83781300,3959,28220
2169,9,40,25,0,75891960,3596,83787060,3959,28229
2170,12,40,25,0,75913980,3597,83818140,3959,28241
2171,9,40,25,0,75932640,3597,83852280,3960,28250
2172,11,39,25,0,75948840,3596,83951760,3963,28261
2173,7,40,25,0,75957600,3596,83955120,3963,28268
2174,11,40,25,0,75986340,3597,83959980,3962,28279
2175,8,40,25,0,76007760,3597,84000000,3964,28287
2176,16,40,25,0,76011780,3597,84001800,3963,28303
2177,9,40,25,0,76036920,3598,84010260,3963,28312
2178,9,40,25,0,76059900,3598,84118380,3967,28321
2179,7,36,25,0,76080660,3597,84338760,3976,28328
2180,6,30,25,0,76099320,3596,85669800,4038,28334
2181,7,33,24,1,76111440,3596,85673940,4037,28341
2182,5,35,25,0,76123800,3596,85679880,4036,28346
2183,2,36,24,1,76136160,3596,85686720,4036,28348
2184,3,36,25,0,76157640,3597,85708020,4037,28351
2185,4,36,25,0,76180680,3597,85726140,4037,28355
2186,2,32,25,0,76200360,3597,85940940,4046,28357
2187,3,29,25,0,76214100,3597,86258220,4061,28360
2188,5,30,25,0,76222980,3597,86322360,4063,28365
2189,6,32,25,0,76242600,3597,86489760,4070,28371
2190,6,35,25,0,76263780,3597,86493360,4068,28377
2191,11,40,24,1,76282080,3598,86497380,4067,28388
2192,6,40,25,0,76292700,3598,86518380,4068,28394
2193,9,40,25,0,76322700,3598,86542260,4068,28403
2194,5,39,25,0,76335360,3598,86563800,4068,28408
2195,6,37,25,0,76356000,3598,86608920,4070,28414
2196,9,39,25,0,76374900,3598,86621160,4069,28423
2197,6,39,25,0,76392540,3598,86625900,4068,28429
2198,9,39,25,0,76407180,3598,86669940,4070,28438
2199,13,40,25,0,76423500,3599,86689320,4070,28451
2200,15,40,25,0,76432920,3598,86691720,4069,28466
2201,10,40,25,0,76456020,3599,86698860,4069,28476
2202,11,40,25,0,76480200,3599,86881140,4076,28487
2203,9,38,25,0,76501920,3598,86936100,4077,28496
2204,6,39,25,0,76515540,3598,86938920,4076,28502
2205,9,40,24,1,76521240,3598,86938920,4076,28511
2206,4,38,25,0,76549500,3599,87096480,4083,28515
2207,3,40,25,0,76549500,3599,87096480,4083,28518
2208,2,29,25,0,76594800,3599,87927780,4121,28520
2209,3,19,25,0,76610940,3597,90494820,4241,28523
2210,6,18,25,0,76620300,3597,91020540,4264,28529
2211,8,22,25,0,76640340,3597,91023840,4263,28537
2212,6,26,25,0,76654440,3597,91030560,4262,28543
2213,4,29,25,0,76663680,3597,91031040,4261,28547
2214,8,32,25,0,76697280,3598,91052820,4260,28555
2215,7,34,25,0,76710300,3598,91070160,4260,28562
2216,9,39,25,0,76724520,3598,91075920,4259,28571
2217,12,40,25,0,76750860,3598,91092840,4258,28583
2218,7,38,25,0,76766940,3598,91119780,4259,28590
2219,12,40,25,0,76784400,3598,91167480,4260,28602
2220,11,40,25,0,76795920,3598,91191120,4260,28613
2221,16,40,24,1,76815960,3598,91196160,4260,28629
2222,4,40,22,3,76833480,3599,91316640,4265,28633
2223,11,40,22,3,76833480,3599,91316640,4265,28644
2224,13,39,23,2,76855260,3599,91331760,4265,28657
2225,5,40,25,0,76855260,3599,91333380,4265,28662
2226,9,39,25,0,76878900,3600,91341060,4264,28671
2227,10,39,25,0,76898340,3599,91414500,4266,28681
2228,9,38,25,0,76906680,3599,91459620,4268,28690
2229,5,35,25,0,76933260,3599,91629720,4274,28695
2230,7,34,25,0,76956540,3599,92019540,4292,28702
2231,7,32,25,0,76973160,3598,92084280,4293,28709
2232,5,24,25,0,76993920,3597,93743040,4369,28714
2233,7,22,25,0,77010480,3596,94043640,4382,28721
2234,7,26,25,0,77022360,3596,94047180,4381,28728
2235,5,28,25,0,77038320,3596,94057320,4381,28733
2236,5,29,25,0,77059620,3597,94066800,4379,28738
2237,6,33,24,1,77078760,3597,94070760,4378,28744
2238,7,39,24,1,77082600,3597,94073940,4378,28751
2239,9,39,25,0,77107080,3598,94089000,4377,28760
2240,6,40,25,0,77119440,3598,94102740,4377,28766
2241,5,37,25,0,77141340,3598,94128240,4378,28771
2242,11,40,25,0,77157120,3598,94143240,4378,28782
2243,12,40,25,0,77169120,3598,94162860,4378,28794
2244,6,40,25,0,77189940,3599,94192500,4379,28800
2245,12,38,25,0,77210400,3598,94233240,4379,28812
2246,13,40,25,0,77231160,3599,94235520,4378,28825
2247,9,40,25,0,77251380,3599,94264980,4378,28834
2248,11,39,25,0,77269320,3598,94586700,4392,28845
2249,8,40,25,0,77284260,3598,94606260,4391,28853
2250,14,38,25,0,77304720,3598,94611420,4391,28867
2251,4,31,25,0,77323080,3597,95172720,4416,28871
2252,8,34,25,0,77338980,3597,95208840,4416,28879
2253,2,20,25,0,77363940,3595,96294240,4466,28881
2254,4,14,25,0,77373420,3594,96922560,4494,28885
2255,6,13,25,0,77394960,3594,97096320,4501,28891
2256,4,5,25,0,77412900,3593,98469240,4564,28895
2257,8,10,24,1,77422140,3593,98469840,4563,28903
2258,6,12,25,0,77445120,3593,98474760,4561,28909
2259,2,10,25,0,77464680,3593,98488380,4561,28911
2260,5,11,25,0,77480520,3594,98496660,4561,28916
2261,8,16,25,0,77500320,3594,98498820,4559,28924
2262,8,22,25,0,77511840,3594,98505060,4559,28932
2263,7,27,25,0,77523360,3594,98511120,4557,28939
2264,10,33,25,0,77554560,3595,98529360,4555,28949
2265,12,40,25,0,77563200,3595,98531280,4554,28961
2266,10,40,25,0,77588880,3596,98544900,4554,28971
2267,13,40,25,0,77610180,3596,98564640,4554,28984
2268,15,40,25,0,77624760,3596,98602860,4555,28999
2269,6,40,25,0,77643840,3596,98618580,4555,29005
2270,11,40,25,0,77657460,3596,98648880,4555,29016
2271,7,39,25,0,77676300,3596,98707200,4557,29023
2272,11,40,25,0,77696880,3597,98716320,4557,29034
2273,8,40,25,0,77714280,3597,98756640,4557,29042
2274,9,39,25,0,77731560,3597,98854380,4561,29051
2275,10,40,25,0,77745960,3597,98938380,4564,29061
2276,10,36,25,0,77775420,3596,99160140,4573,29071
2277,9,33,25,0,77788980,3595,99597900,4591,29080
2278,8,38,25,0,77801280,3595,99601980,4589,29088
2279,2,38,25,0,77812500,3595,99603600,4589,29090
2280,5,38,25,0,77834340,3596,99609000,4589,29095
2281,3,38,25,0,77853360,3596,99633360,4589,29098
2282,4,38,25,0,77875500,3597,99636900,4589,29102
2283,10,39,25,0,77893440,3597,99647700,4588,29112
2284,14,40,25,0,77907840,3597,99654960,4587,29126
2285,7,39,25,0,77923200,3597,99719340,4590,29133
2286,10,40,25,0,77935740,3597,99720180,4589,29143
2287,9,39,25,0,77963760,3597,99730200,4588,29152
2288,4,39,25,0,77978820,3598,99769080,4590,29156
2289,9,40,25,0,77992500,3598,99771900,4589,29165
2290,8,39,25,0,78019260,3598,99777000,4588,29173
2291,7,40,25,0,78029760,3598,99778800,4588,29180
2292,15,39,25,0,78059940,3599,99972960,4596,29195
2293,9,40,25,0,78070260,3598,99978480,4595,29204
2294,18,40,25,0,78085500,3599,99987900,4595,29222
2295,12,40,24,1,78106020,3599,99996600,4594,29234
2296,8,37,25,0,78125700,3599,100080060,4597,29242
2297,12,40,25,0,78136620,3598,100174620,4600,29254
2298,3,38,25,0,78155220,3598,100184460,4600,29257
2299,5,36,25,0,78180540,3599,100200900,4599,29262
2300,7,40,25,0,78188580,3599,100203120,4598,29269
2301,7,37,25,0,78209400,3599,100216980,4599,29276
2302,6,33,25,0,78233820,3598,100700100,4620,29282
2303,5,30,25,0,78246060,3598,101047260,4634,29287
2304,8,33,25,0,78259140,3597,101148000,4637,29295
2305,3,32,25,0,78277560,3597,101248740,4641,29298
2306,2,26,25,0,78304740,3597,101696640,4661,29300
2307,6,22,25,0,78321120,3597,102643800,4704,29306
2308,4,13,25,0,78334860,3595,103506240,4742,29310
2309,8,17,25,0,78352080,3595,103510500,4741,29318
2310,3,15,25,0,78375480,3595,103524780,4741,29321
2311,9,22,24,1,78383100,3595,103527120,4739,29330
2312,9,29,24,1,78400200,3596,103533960,4737,29339
2313,10,37,24,1,78411600,3596,103536540,4737,29349
2314,11,40,22,3,78423540,3596,103536540,4737,29360
2315,8,40,23,2,78438960,3596,103549560,4734,29368
2316,10,40,23,2,78444720,3597,103568280,4735,29378
2317,13,40,25,0,78462240,3597,103602180,4736,29391
2318,8,40,25,0,78475980,3597,103629300,4736,29399
2319,12,39,25,0,78496560,3597,103650180,4736,29411
2320,8,40,25,0,78517500,3597,103666260,4736,29419
2321,10,40,25,0,78531540,3598,103730280,4738,29429
2322,7,39,25,0,78554820,3598,103794960,4740,29436
2323,10,39,25,0,78572820,3597,103804560,4739,29446
2324,12,40,25,0,78584220,3598,103806000,4738,29458
2325,7,40,25,0,78602160,3598,103809480,4738,29465
2326,7,38,25,0,78623640,3598,103948860,4743,29472
2327,2,36,25,0,78644040,3598,104050320,4748,29474
2328,5,34,25,0,78667740,3598,104216160,4754,29479
2329,3,34,25,0,78679740,3598,104281380,4757,29482
2330,3,29,25,0,78700260,3598,105024180,4790,29485
2331,4,26,25,0,78718140,3598,105110580,4793,29489
2332,7,25,25,0,78734160,3597,105471600,4808,29496
2333,3,20,25,0,78753060,3597,106559220,4857,29499
2334,14,29,25,0,78767340,3596,106560960,4854,29513
2335,11,36,25,0,78787380,3597,106568700,4851,29524
2336,3,35,25,0,78803820,3597,106580040,4851,29527
2337,10,40,25,0,78814680,3597,106585260,4850,29537
2338,10,40,25,0,78847440,3597,106629120,4851,29547
2339,13,39,25,0,78862020,3597,106649640,4851,29560
2340,19,40,25,0,78874140,3597,106662600,4850,29579
2341,15,40,25,0,78889560,3597,106682580,4851,29594
2342,11,37,25,0,78909960,3597,106728600,4852,29605
2343,13,40,25,0,78928320,3597,106735200,4851,29618
2344,10,40,25,0,78940140,3597,106745700,4851,29628
2345,6,38,25,0,78965760,3598,106763340,4851,29634
2346,4,36,25,0,78988140,3598,106891740,4855,29638
2347,8,40,25,0,78997200,3597,106894620,4855,29646
2348,3,40,25,0,79003680,3597,106898100,4854,29649
2349,10,40,25,0,79031820,3598,106903800,4853,29659
2350,8,39,25,0,79054980,3598,106911420,4852,29667
2351,6,37,25,0,79069620,3598,107004000,4856,29673
2352,4,34,25,0,79086720,3598,107321820,4869,29677
2353,8,33,25,0,79103280,3597,107810280,4890,29685
2354,17,40,25,0,79120680,3597,107812020,4888,29702
2355,24,40,25,0,79140780,3598,107817780,4887,29726
2356,28,40,25,0,79153620,3598,107831940,4887,29754
2357,32,40,25,0,79169700,3598,107842080,4887,29786
2358,29,37,25,0,79202520,3598,108170220,4900,29815
2359,28,40,25,0,79210200,3598,108173880,4899,29843
2360,27,40,25,0,79239540,3598,108183480,4898,29870
2361,35,40,25,0,79252200,3598,108186660,4897,29905
2362,39,40,25,0,79271460,3598,108246060,4899,29944
2363,37,40,25,0,79290840,3598,108272760,4899,29981
2364,31,40,23,2,79303380,3597,108275160,4898,30012
2365,36,40,25,0,79322100,3597,108405840,4903,30048
2366,21,40,25,0,79325700,3597,108407700,4902,30069
2367,31,40,25,0,79358520,3597,108429540,4901,30100
2368,33,40,23,2,79363800,3597,108429540,4901,30133
2369,30,39,25,0,79389420,3597,108478920,4902,30163
2370,24,40,25,0,79395540,3597,108481980,4901,30187
2371,29,40,25,0,79418280,3598,108490800,4901,30216
2372,27,40,25,0,79428120,3598,108492720,4900,30243
2373,32,40,25,0,79451940,3598,108503580,4899,30275
2374,38,40,25,0,79474020,3598,108733440,4908,30313
2375,29,40,25,0,79493220,3598,108736980,4907,30342
2376,36,40,25,0,79510260,3598,108782820,4908,30378
2377,27,40,24,1,79515420,3597,108798000,4908,30405
2378,30,40,24,1,79534980,3597,108805380,4907,30435
2379,27,40,24,1,79549140,3598,108810240,4907,30462
2380,37,40,23,2,79564620,3598,108815580,4907,30499
2381,34,40,25,0,79581300,3599,108826620,4907,30533
2382,22,40,25,0,79595160,3599,108829620,4906,30555
2383,31,39,25,0,79623600,3599,108930480,4910,30586
2384,29,40,25,0,79631640,3599,108932880,4909,30615
2385,40,40,25,0,79646640,3599,108936780,4909,30655
2386,35,39,25,0,79679040,3600,109141920,4917,30690
2387,37,40,25,0,79686000,3600,109142460,4916,30727
2388,38,40,25,0,79711920,3600,109169220,4916,30765
2389,20,39,25,0,79729980,3600,109179120,4915,30785
2390,32,40,25,0,79747980,3600,109313700,4920,30817
2391,24,38,25,0,79764600,3599,109432680,4924,30841
2392,28,40,25,0,79783980,3599,109435980,4922,30869
2393,25,40,25,0,79797540,3599,109441320,4922,30894
2394,31,40,22,3,79820520,3599,109444620,4921,30925
2395,30,40,24,1,79828620,3599,109448580,4921,30955
2396,35,40,23,2,79831620,3599,109448580,4921,30990
2397,36,40,24,1,79842300,3600,109455000,4921,31026
2398,36,40,25,0,79867020,3600,109493640,4921,31062
2399,34,40,25,0,79877820,3600,109524600,4922,31096

