Hour,Arrivals,Waiting,Treating,Available Rooms,Total Treatment Time,Average Treatment Time,Total Wait Time,Average Wait Time,Total Arrivals
1,6,0,4,21,3540,1770,0,0,6
2,5,0,5,20,12300,2050,0,0,11
3,5,0,4,21,30120,2510,0,0,16
4,9,0,7,18,42180,2343,0,0,25
5,8,0,10,15,58260,2533,0,0,33
6,10,0,9,16,98040,2883,0,0,43
7,8,0,7,18,121680,2765,0,0,51
8,8,0,9,16,140880,2817,0,0,59
9,15,0,17,8,160920,2823,0,0,74
10,15,0,17,8,223860,3109,0,0,89
11,11,0,12,13,300240,3411,0,0,100
12,13,0,12,13,350640,3471,0,0,113
13,10,0,11,14,380460,3396,0,0,123
14,6,0,6,19,433440,3523,0,0,129
15,13,0,10,15,469020,3553,0,0,142
16,11,0,11,14,488580,3440,0,0,153
17,6,0,6,19,523680,3422,0,0,159
18,8,0,8,17,539040,3390,0,0,167
19,10,0,7,18,579120,3406,0,0,177
20,8,0,8,17,589200,3328,0,0,185
21,5,0,5,20,621780,3360,0,0,190
22,7,0,8,17,642300,3398,0,0,197
23,4,0,5,20,676860,3453,0,0,201
24,4,0,7,18,679620,3432,0,0,205
25,2,0,6,19,699420,3479,0,0,207
26,4,0,5,20,715740,3474,0,0,211
27,4,0,3,22,747420,3525,0,0,215
28,10,0,6,19,760920,3474,0,0,225
29,7,0,6,19,783180,3465,0,0,232
30,6,0,5,20,801480,3439,0,0,238
31,10,0,11,14,821160,3464,0,0,248
32,10,0,10,15,850440,3429,0,0,258
33,6,0,7,18,900960,3505,0,0,264
34,11,0,9,16,924300,3474,0,0,275
35,7,0,7,18,961440,3496,0,0,282
36,6,0,5,20,991320,3502,0,0,288
37,12,0,10,15,1014900,3499,0,0,300
38,14,0,12,13,1043520,3455,0,0,314
39,6,0,9,16,1078800,3468,0,0,320
40,14,0,13,12,1109040,3454,0,0,334
41,7,0,8,17,1138980,3420,0,0,341
42,5,0,10,15,1153380,3432,0,0,346
43,8,0,6,19,1204800,3462,0,0,354
44,5,0,3,22,1228920,3452,0,0,359
45,6,0,5,20,1236660,3435,0,0,365
46,8,0,7,18,1256340,3432,0,0,373
47,5,0,6,19,1282320,3447,0,0,378
48,3,0,4,21,1305060,3461,0,0,381
49,7,0,7,18,1322940,3472,0,0,388
50,4,0,4,21,1344180,3464,0,0,392
51,4,0,5,20,1360320,3479,0,0,396
52,5,0,6,19,1374960,3480,0,0,401
53,6,0,11,14,1379160,3482,0,0,407
54,11,0,13,12,1419600,3505,0,0,418
55,7,0,9,16,1466340,3524,0,0,425
56,7,0,7,18,1506360,3544,0,0,432
57,9,0,11,14,1519740,3534,0,0,441
58,11,0,12,13,1558200,3541,0,0,452
59,9,0,9,16,1597680,3534,0,0,461
60,13,0,14,11,1628400,3540,0,0,474
61,10,0,11,14,1676640,3544,0,0,484
62,12,0,9,16,1726920,3546,0,0,496
63,19,0,20,5,1747740,3530,0,0,515
64,10,0,15,10,1803120,3535,0,0,525
65,9,0,12,13,1862520,3568,0,0,534
66,8,0,9,16,1902540,3569,0,0,542
67,7,0,8,17,1937040,3580,0,0,549
68,8,0,9,16,1965840,3587,0,0,557
69,5,0,1,24,2018880,3598,0,0,562
70,5,0,4,21,2020860,3589,0,0,567
71,8,0,5,20,2044080,3586,0,0,575
72,4,0,6,19,2052420,3581,0,0,579
73,6,0,6,19,2070240,3575,0,0,585
74,4,0,5,20,2087820,3575,0,0,589
75,10,0,7,18,2118000,3577,0,0,599
76,5,0,5,20,2143140,3577,0,0,604
77,6,0,6,19,2158980,3574,0,0,610
78,7,0,6,19,2188200,3581,0,0,617
79,7,0,6,19,2216820,3587,0,0,624
80,8,0,6,19,2249520,3593,0,0,632
81,11,0,9,16,2279760,3595,0,0,643
82,9,0,8,17,2308560,3584,0,0,652
83,8,0,8,17,2333940,3579,0,0,660
84,13,0,14,11,2354040,3572,0,0,673
85,12,0,13,12,2393820,3562,0,0,685
86,13,0,10,15,2452500,3564,0,0,698
87,10,0,11,14,2486640,3567,0,0,708
88,7,0,9,16,2518200,3566,0,0,715
89,13,0,11,14,2556600,3565,0,0,728
90,13,0,10,15,2600400,3557,0,0,741
91,8,0,8,17,2637780,3559,0,0,749
92,8,0,7,18,2668920,3558,0,0,757
93,4,0,4,21,2695380,3560,0,0,761
94,6,0,7,18,2707380,3562,0,0,767
95,3,0,7,18,2715660,3559,0,0,770
96,12,0,10,15,2760000,3575,0,0,782
97,7,0,7,18,2783820,3559,0,0,789
98,8,0,8,17,2806620,3557,0,0,797
99,7,0,7,18,2842920,3567,0,0,804
100,3,0,5,20,2862900,3569,0,0,807
101,8,0,8,17,2880000,3568,0,0,815
102,7,0,5,20,2911740,3563,0,0,822
103,5,0,3,22,2932200,3558,0,0,827
104,10,0,11,14,2935260,3553,0,0,837
105,8,0,9,16,2980620,3565,0,0,845
106,17,0,12,13,3024900,3558,0,0,862
107,8,0,12,13,3051360,3556,0,0,870
108,4,0,8,17,3088020,3565,0,0,874
109,15,0,12,13,3125220,3563,0,0,889
110,10,0,12,13,3156780,3558,0,0,899
111,11,0,12,13,3192000,3554,0,0,910
112,9,0,13,12,3234480,3570,0,0,919
113,17,0,16,9,3277380,3562,0,0,936
114,8,0,9,16,3333720,3565,0,0,944
115,10,0,9,16,3359640,3555,0,0,954
116,6,0,8,17,3404580,3576,0,0,960
117,7,0,8,17,3435120,3581,0,0,967
118,6,0,2,23,3478740,3582,0,0,973
119,6,0,5,20,3491460,3584,0,0,979
120,5,0,2,23,3508020,3572,0,0,984
121,6,0,5,20,3518340,3571,0,0,990
122,4,0,7,18,3524700,3571,0,0,994
123,6,0,7,18,3543900,3568,0,0,1000
124,11,0,8,17,3582780,3572,0,0,1011
125,6,0,11,14,3595320,3573,0,0,1017
126,9,0,10,15,3645660,3588,0,0,1026
127,14,0,14,11,3682620,3589,0,0,1040
128,5,0,9,16,3722520,3593,0,0,1045
129,10,0,8,17,3763020,3594,0,0,1055
130,6,0,5,20,3794160,3592,0,0,1061
131,9,0,7,18,3814680,3588,0,0,1070
132,8,0,8,17,3841920,3590,0,0,1078
133,9,0,9,16,3867660,3587,0,0,1087
134,14,0,13,12,3893100,3578,0,0,1101
135,8,0,10,15,3937440,3582,0,0,1109
136,8,0,9,16,3971460,3584,0,0,1117
137,9,0,12,13,4009020,3598,0,0,1126
138,5,0,7,18,4045920,3599,0,0,1131
139,18,0,13,12,4086240,3597,0,0,1149
140,8,0,7,18,4127820,3589,0,0,1157
141,3,0,6,19,4145700,3592,0,0,1160
142,3,0,5,20,4159680,3592,0,0,1163
143,9,0,7,18,4193700,3599,0,0,1172
144,5,0,7,18,4207800,3596,0,0,1177
145,9,0,9,16,4237980,3600,0,0,1186
146,7,0,7,18,4271580,3601,0,0,1193
147,3,0,6,19,4287720,3603,0,0,1196
148,5,0,5,20,4314540,3607,0,0,1201
149,8,0,9,16,4331520,3609,0,0,1209
150,8,0,6,19,4370460,3608,0,0,1217
151,7,0,4,21,4394940,3602,0,0,1224
152,12,0,10,15,4414380,3600,0,0,1236
153,6,0,7,18,4431000,3587,0,0,1242
154,11,0,9,16,4465740,3589,0,0,1253
155,14,0,11,14,4499100,3582,0,0,1267
156,12,0,12,13,4529160,3574,0,0,1279
157,14,0,16,9,4559580,3570,0,0,1293
158,15,0,15,10,4624440,3576,0,0,1308
159,5,0,8,17,4672140,3580,0,0,1313
160,11,0,9,16,4711080,3582,0,0,1324
161,16,0,15,10,4739340,3576,0,0,1340
162,6,0,10,15,4791240,3586,0,0,1346
163,14,0,13,12,4842480,3595,0,0,1360
164,2,0,7,18,4877760,3599,0,0,1362
165,7,0,6,19,4913400,3604,0,0,1369
166,5,0,5,20,4935840,3605,0,0,1374
167,9,0,8,17,4967700,3612,0,0,1383
168,3,0,5,20,4987560,3611,0,0,1386
169,7,0,4,21,5020860,3614,0,0,1393
170,4,0,5,20,5032380,3615,0,0,1397
171,6,0,5,20,5047080,3610,0,0,1403
172,5,0,3,22,5066520,3606,0,0,1408
173,2,0,3,22,5070000,3603,0,0,1410
174,6,0,4,21,5084520,3600,0,0,1416
175,9,0,11,14,5091180,3600,0,0,1425
176,4,0,5,20,5129940,3602,0,0,1429
177,11,0,11,14,5142840,3598,0,0,1440
178,9,0,13,12,5164560,3596,0,0,1449
179,15,0,15,10,5216580,3600,0,0,1464
180,10,0,9,16,5267220,3595,0,0,1474
181,12,0,12,13,5292840,3590,0,0,1486
182,19,0,21,4,5326740,3589,0,0,1505
183,10,0,16,9,5375820,3586,0,0,1515
184,10,0,12,13,5453160,3604,0,0,1525
185,14,0,13,12,5508120,3609,0,0,1539
186,11,0,14,11,5537880,3605,0,0,1550
187,7,0,12,13,5585400,3615,0,0,1557
188,11,0,12,13,5623380,3613,0,0,1568
189,5,0,10,15,5666340,3625,0,0,1573
190,3,0,5,20,5712540,3636,0,0,1576
191,9,0,8,17,5733360,3635,0,0,1585
192,3,0,7,18,5743140,3632,0,0,1588
193,6,0,4,21,5783640,3637,0,0,1594
194,6,0,5,20,5798700,3635,0,0,1600
195,3,0,3,22,5820900,3638,0,0,1603
196,5,0,5,20,5830860,3637,0,0,1608
197,6,0,7,18,5849460,3639,0,0,1614
198,5,0,8,17,5863140,3639,0,0,1619
199,7,0,9,16,5888820,3641,0,0,1626
200,8,0,7,18,5928840,3644,0,0,1634
201,12,0,11,14,5957400,3643,0,0,1646
202,11,0,14,11,5982300,3641,0,0,1657
203,11,0,12,13,6022320,3636,0,0,1668
204,16,0,12,13,6080640,3636,0,0,1684
205,11,0,10,15,6111660,3627,0,0,1695
206,11,0,13,12,6147660,3631,0,0,1706
207,9,0,12,13,6194160,3637,0,0,1715
208,9,0,9,16,6241380,3639,0,0,1724
209,9,0,11,14,6282660,3648,0,0,1733
210,4,0,6,19,6330240,3656,0,0,1737
211,8,0,7,18,6356340,3657,0,0,1745
212,6,0,7,18,6365280,3649,0,0,1751
213,7,0,11,14,6380460,3652,0,0,1758
214,6,0,6,19,6431580,3658,0,0,1764
215,13,0,13,12,6439320,3650,0,0,1777
216,5,0,9,16,6481680,3655,0,0,1782
217,6,0,7,18,6520860,3661,0,0,1788
218,3,0,5,20,6551760,3668,0,0,1791
219,9,0,9,16,6567360,3666,0,0,1800
220,7,0,9,16,6601380,3671,0,0,1807
221,6,0,9,16,6624120,3671,0,0,1813
222,10,0,6,19,6674640,3673,0,0,1823
223,4,0,3,22,6696840,3671,0,0,1827
224,11,0,8,17,6704820,3663,0,0,1838
225,8,0,9,16,6734640,3666,0,0,1846
226,10,0,10,15,6756780,3660,0,0,1856
227,5,0,6,19,6777000,3653,0,0,1861
228,10,0,4,21,6816900,3651,0,0,1871
229,7,0,5,20,6833700,3648,0,0,1878
230,13,0,9,16,6855060,3642,0,0,1891
231,8,0,7,18,6892680,3643,0,0,1899
232,9,0,10,15,6911340,3641,0,0,1908
233,5,0,7,18,6943020,3642,0,0,1913
234,10,0,10,15,6964740,3640,0,0,1923
235,8,0,8,17,7000560,3640,0,0,1931
236,10,0,10,15,7021560,3636,0,0,1941
237,9,0,8,17,7049820,3630,0,0,1950
238,4,0,5,20,7093620,3639,0,0,1954
239,7,0,6,19,7107960,3635,0,0,1961
240,7,0,8,17,7129560,3637,0,0,1968
241,4,0,8,17,7140960,3635,0,0,1972
242,4,0,5,20,7183560,3644,0,0,1976
243,8,0,6,19,7210440,3645,0,0,1984
244,9,0,8,17,7232580,3643,0,0,1993
245,3,0,5,20,7250820,3641,0,0,1996
246,5,0,2,23,7274220,3638,0,0,2001
247,8,0,4,21,7283460,3632,0,0,2009
248,8,0,9,16,7302300,3636,0,0,2017
249,7,0,10,15,7318500,3633,0,0,2024
250,13,0,8,17,7378080,3636,0,0,2037
251,10,0,5,20,7409940,3628,0,0,2047
252,12,0,9,16,7429920,3624,0,0,2059
253,8,0,10,15,7452000,3622,0,0,2067
254,11,0,11,14,7495920,3626,0,0,2078
255,9,0,9,16,7536360,3626,0,0,2087
256,10,0,9,16,7575540,3628,0,0,2097
257,6,0,9,16,7607160,3632,0,0,2103
258,11,0,11,14,7643160,3634,0,0,2114
259,6,0,5,20,7694040,3637,0,0,2120
260,9,0,7,18,7713720,3635,0,0,2129
261,7,0,5,20,7738560,3631,0,0,2136
262,5,0,8,17,7743180,3630,0,0,2141
263,6,0,8,17,7780320,3637,0,0,2147
264,6,0,7,18,7802640,3635,0,0,2153
265,5,0,6,19,7836540,3641,0,0,2158
266,3,0,5,20,7864080,3647,0,0,2161
267,7,0,6,19,7886220,3647,0,0,2168
268,5,0,6,19,7905180,3647,0,0,2173
269,11,0,11,14,7928520,3648,0,0,2184
270,8,0,10,15,7966740,3651,0,0,2192
271,5,0,8,17,7997400,3653,0,0,2197
272,9,0,7,18,8049120,3660,0,0,2206
273,14,0,11,14,8060460,3648,0,0,2220
274,9,0,10,15,8092680,3646,0,0,2229
275,8,0,8,17,8135280,3649,0,0,2237
276,16,0,16,9,8153640,3644,0,0,2253
277,8,0,11,14,8202960,3645,0,0,2261
278,9,0,10,15,8243100,3647,0,0,2270
279,12,0,12,13,8292420,3653,0,0,2282
280,10,0,11,14,8340840,3656,0,0,2292
281,14,0,16,9,8368980,3654,0,0,2306
282,7,0,9,16,8428080,3658,0,0,2313
283,11,0,10,15,8476200,3663,0,0,2324
284,7,0,8,17,8498340,3658,0,0,2331
285,9,0,8,17,8534400,3659,0,0,2340
286,2,0,3,22,8556240,3658,0,0,2342
287,6,0,3,22,8577180,3657,0,0,2348
288,5,0,4,21,8590560,3657,0,0,2353
289,10,0,7,18,8607600,3653,0,0,2363
290,4,0,7,18,8621940,3653,0,0,2367
291,12,0,12,13,8642820,3651,0,0,2379
292,4,0,8,17,8677680,3653,0,0,2383
293,6,0,3,22,8726340,3657,0,0,2389
294,8,0,8,17,8731500,3654,0,0,2397
295,6,0,8,17,8755500,3655,0,0,2403
296,11,0,12,13,8784420,3657,0,0,2414
297,4,0,10,15,8802060,3655,0,0,2418
298,5,0,4,21,8854680,3660,0,0,2423
299,8,0,6,19,8867700,3656,0,0,2431
300,15,0,10,15,8896920,3652,0,0,2446
301,6,0,6,19,8917440,3645,0,0,2452
302,9,0,6,19,8940720,3641,0,0,2461
303,18,0,14,11,8975880,3641,0,0,2479
304,9,0,10,15,9011400,3636,0,0,2488
305,2,0,7,18,9045360,3642,0,0,2490
306,8,0,8,17,9074880,3644,0,0,2498
307,6,0,8,17,9105240,3647,0,0,2504
308,7,0,8,17,9125400,3645,0,0,2511
309,5,0,5,20,9167520,3650,0,0,2516
310,8,0,7,18,9188520,3650,0,0,2524
311,5,0,8,17,9202560,3650,0,0,2529
312,13,0,10,15,9245040,3651,0,0,2542
313,6,0,8,17,9279000,3653,0,0,2548
314,3,0,5,20,9309600,3656,0,0,2551
315,8,0,4,21,9337800,3654,0,0,2559
316,5,0,4,21,9359460,3656,0,0,2564
317,10,0,10,15,9371400,3654,0,0,2574
318,9,0,11,14,9384840,3648,0,0,2583
319,6,0,6,19,9432120,3651,0,0,2589
320,6,0,8,17,9457380,3655,0,0,2595
321,7,0,10,15,9468540,3652,0,0,2602
322,3,0,6,19,9506400,3657,0,0,2605
323,14,0,10,15,9550800,3660,0,0,2619
324,10,0,13,12,9573480,3659,0,0,2629
325,15,0,15,10,9622980,3660,0,0,2644
326,11,0,10,15,9681960,3660,0,0,2655
327,14,0,9,16,9734160,3659,0,0,2669
328,6,0,9,16,9751980,3657,0,0,2675
329,6,0,9,16,9787680,3663,0,0,2681
330,9,0,7,18,9817440,3659,0,0,2690
331,9,0,9,16,9843240,3659,0,0,2699
332,14,0,11,14,9878280,3655,0,0,2713
333,7,0,10,15,9911520,3657,0,0,2720
334,6,0,4,21,9953280,3656,0,0,2726
335,5,0,5,20,9973140,3658,0,0,2731
336,8,0,6,19,9984780,3653,0,0,2739
337,13,0,13,12,10007580,3653,0,0,2752
338,17,0,14,11,10056660,3650,0,0,2769
339,26,0,18,7,10117620,3643,0,0,2795
340,20,0,19,6,10162020,3634,0,0,2815
341,27,5,25,0,10211940,3631,4740,1,2842
342,35,23,25,0,10273740,3631,13500,4,2877
343,31,35,25,0,10390620,3648,34440,11,2908
344,25,38,25,0,10499520,3659,56040,19,2933
345,25,40,25,0,10576080,3660,103620,35,2958
346,33,40,25,0,10671360,3663,129780,43,2991
347,41,40,25,0,10763460,3667,144120,48,3032
348,38,40,25,0,10832340,3670,154200,51,3070
349,22,30,25,0,10952100,3673,377880,124,3092
350,26,22,25,0,11033220,3659,638400,208,3118
351,26,15,25,0,11135640,3653,761700,246,3144
352,22,19,25,0,11188980,3649,810240,260,3166
353,39,35,25,0,11313060,3662,822960,261,3205
354,26,40,25,0,11374680,3666,835380,263,3231
355,31,30,25,0,11506740,3677,960780,301,3262
356,37,32,25,0,11595480,3664,1057860,328,3299
357,30,34,25,0,11658060,3652,1238940,381,3329
358,31,39,25,0,11733960,3657,1262580,385,3360
359,39,36,25,0,11852400,3660,1322340,400,3399
360,27,34,25,0,11930400,3651,1374960,413,3426
361,30,31,25,0,12034920,3646,1605660,478,3456
362,33,40,25,0,12088200,3648,1612680,477,3489
363,28,38,25,0,12198300,3657,1630860,479,3517
364,26,20,25,0,12314880,3644,2247180,656,3543
365,34,22,25,0,12382320,3630,2572200,744,3577
366,32,39,25,0,12452280,3634,2583540,741,3609
367,31,38,25,0,12557400,3642,2625780,748,3640
368,28,25,25,0,12672780,3641,2781780,788,3668
369,35,32,25,0,12752760,3635,2802240,786,3703
370,26,35,25,0,12824580,3631,2875560,800,3729
371,32,40,25,0,12905460,3640,2886300,799,3761
372,35,40,25,0,13002060,3639,2963160,814,3796
373,33,40,25,0,13095180,3644,3013020,824,3829
374,36,40,25,0,13196460,3647,3040200,825,3865
375,21,32,25,0,13275180,3643,3193860,862,3886
376,27,40,25,0,13351800,3646,3245760,871,3913
377,27,38,25,0,13451160,3657,3253920,869,3940
378,23,33,25,0,13550460,3659,3366120,895,3963
379,26,33,25,0,13631280,3655,3516960,928,3989
380,35,40,25,0,13726860,3665,3530820,926,4024
381,34,33,25,0,13835880,3667,3597900,939,4058
382,29,20,25,0,13926360,3650,4236780,1098,4087
383,35,40,25,0,13995180,3654,4244280,1090,4122
384,34,39,25,0,14085240,3657,4263780,1089,4156
385,30,38,25,0,14183520,3663,4318860,1097,4186
386,35,39,25,0,14267460,3662,4342800,1096,4221
387,32,40,25,0,14342940,3657,4461120,1119,4253
388,35,40,25,0,14448960,3665,4485900,1119,4288
389,34,40,25,0,14535060,3663,4602540,1142,4322
390,29,39,25,0,14625300,3671,4651020,1149,4351
391,32,38,25,0,14712900,3673,4704060,1156,4383
392,30,39,25,0,14788980,3675,4735740,1158,4413
393,32,38,25,0,14874480,3679,4855980,1182,4445
394,33,37,25,0,15007620,3682,4979940,1203,4478
395,28,29,25,0,15096540,3674,5216520,1253,4506
396,26,33,25,0,15178140,3674,5368380,1281,4532
397,33,40,25,0,15255960,3676,5404020,1282,4565
398,40,40,25,0,15364080,3676,5444580,1283,4605
399,34,37,25,0,15445920,3670,5483700,1285,4639
400,28,39,25,0,15535620,3669,5723940,1331,4667
401,24,38,25,0,15621960,3674,5757060,1334,4691
402,35,40,25,0,15693600,3676,5789640,1336,4726
403,34,40,25,0,15786480,3676,5886180,1350,4760
404,21,27,25,0,15896520,3673,6373860,1455,4781
405,33,37,25,0,15985080,3674,6378780,1445,4814
406,31,38,25,0,16050300,3678,6400920,1446,4845
407,30,37,25,0,16171920,3682,6519000,1463,4875
408,23,20,25,0,16265040,3669,7447500,1663,4898
409,28,17,25,0,16331820,3659,8103360,1799,4926
410,25,24,25,0,16417500,3663,8115900,1792,4951
411,28,32,25,0,16532640,3673,8132700,1784,4979
412,32,40,25,0,16591260,3675,8138520,1778,5011
413,30,40,25,0,16674780,3682,8148660,1774,5041
414,28,40,25,0,16797060,3690,8203380,1778,5069
415,33,38,25,0,16883580,3692,8299260,1790,5102
416,35,40,25,0,16953720,3692,8330580,1789,5137
417,30,34,25,0,17081760,3694,8505300,1817,5167
418,32,38,25,0,17162760,3691,8567160,1818,5199
419,34,40,25,0,17211900,3692,8579220,1815,5233
420,28,38,25,0,17325240,3697,8602920,1811,5261
421,26,24,25,0,17441040,3690,9330300,1954,5287
422,30,30,25,0,17510100,3686,9347700,1945,5317
423,28,39,25,0,17578560,3690,9356760,1938,5345
424,30,36,25,0,17706720,3701,9392100,1938,5375
425,33,40,25,0,17755620,3698,9457200,1944,5408
426,25,34,25,0,17871780,3699,9649620,1973,5433
427,31,40,25,0,17945700,3695,9808080,1993,5464
428,27,38,25,0,18063660,3702,9825180,1988,5491
429,31,39,25,0,18139380,3699,9835800,1980,5522
430,23,28,25,0,18255060,3698,10035900,2011,5545
431,28,33,25,0,18331020,3696,10131360,2019,5573
432,35,40,25,0,18408600,3695,10139520,2009,5608
433,26,38,25,0,18484320,3696,10200300,2014,5634
434,24,36,25,0,18580620,3699,10250040,2016,5658
435,25,20,25,0,18697800,3692,10905180,2134,5683
436,26,27,25,0,18769200,3692,11011380,2144,5709
437,31,39,25,0,18855480,3695,11025780,2135,5740
438,30,39,25,0,18926040,3700,11041620,2131,5770
439,34,38,25,0,19036860,3705,11089560,2132,5804
440,30,38,25,0,19125420,3703,11204220,2143,5834
441,30,39,25,0,19205460,3709,11212440,2138,5864
442,34,40,25,0,19329360,3712,11299440,2143,5898
443,28,39,25,0,19402920,3709,11326500,2139,5926
444,40,40,25,0,19482660,3710,11331240,2132,5966
445,27,37,25,0,19577760,3714,11403480,2138,5993
446,27,31,25,0,19678740,3710,11655240,2174,6020
447,26,21,25,0,19755240,3699,12363180,2295,6046
448,26,27,25,0,19849560,3703,12411180,2294,6072
449,33,32,25,0,19949580,3702,12459960,2288,6105
450,27,40,25,0,20018640,3706,12477300,2284,6132
451,37,40,25,0,20123940,3712,12497460,2278,6169
452,29,24,25,0,20228280,3706,13052340,2370,6198
453,33,26,25,0,20301600,3699,13264500,2396,6231
454,40,40,25,0,20380680,3702,13276860,2384,6271
455,33,40,25,0,20457120,3703,13294980,2379,6304
456,35,36,25,0,20568120,3709,13629720,2432,6339
457,39,40,25,0,20667780,3709,13656540,2423,6378
458,25,36,25,0,20759160,3706,13725060,2425,6403
459,35,40,25,0,20844720,3707,13733520,2415,6438
460,33,37,25,0,20929080,3702,13817340,2419,6471
461,20,40,25,0,20986380,3705,13827900,2415,6491
462,32,33,25,0,21116520,3708,14023080,2437,6523
463,26,20,25,0,21208440,3699,14635260,2532,6549
464,30,31,25,0,21272580,3698,14664660,2525,6579
465,31,40,25,0,21365280,3704,14675580,2516,6610
466,32,40,25,0,21444300,3708,14699940,2514,6642
467,27,37,25,0,21567180,3713,14770380,2517,6669
468,39,40,25,0,21654660,3709,14804040,2509,6708
469,33,40,25,0,21723840,3707,14848980,2507,6741
470,27,35,25,0,21835800,3707,14931900,2510,6768
471,30,37,25,0,21911880,3703,15183960,2539,6798
472,31,40,25,0,21999540,3707,15199860,2534,6829
473,28,33,25,0,22107720,3706,15313020,2542,6857
474,25,9,25,0,22203420,3691,16263120,2689,6882
475,41,31,25,0,22271700,3691,16270740,2673,6923
476,36,38,25,0,22356720,3695,16285560,2664,6959
477,35,38,25,0,22443420,3699,16320300,2662,6994
478,24,35,25,0,22563480,3704,16445220,2673,7018
479,28,23,25,0,22654500,3695,16765200,2713,7046
480,20,10,25,0,22742520,3689,16943880,2733,7066
481,33,4,25,0,22846560,3683,17095800,2743,7099
482,25,3,25,0,22906620,3677,17100420,2733,7124
483,32,5,25,0,23013840,3676,17114880,2721,7156
484,27,0,23,2,23086260,3668,17131620,2712,7183
485,30,4,25,0,23165940,3667,17131800,2700,7213
486,35,20,25,0,23254620,3670,17136360,2685,7248
487,34,37,25,0,23337840,3673,17147280,2673,7282
488,22,39,25,0,23426280,3678,17161860,2667,7304
489,28,40,25,0,23516820,3681,17224980,2670,7332
490,23,30,25,0,23630820,3681,17322120,2675,7355
491,31,36,25,0,23712600,3680,17360760,2670,7386
492,35,40,25,0,23785080,3681,17370960,2662,7421
493,34,39,25,0,23881800,3682,17406600,2657,7455
494,35,39,25,0,23960460,3682,17468460,2658,7490
495,33,35,25,0,24066420,3681,17557560,2661,7523
496,31,40,25,0,24138060,3681,17586960,2657,7554
497,36,40,25,0,24244440,3682,17633160,2652,7590
498,34,39,25,0,24339240,3680,17697360,2650,7624
499,33,39,25,0,24436500,3680,17742840,2647,7657
500,45,39,25,0,24507420,3680,17751480,2641,7702
501,44,36,25,0,24632640,3682,17846880,2643,7746
502,23,23,25,0,24714720,3675,18534540,2737,7769
503,25,18,25,0,24792420,3670,18749940,2758,7794
504,22,9,25,0,24878880,3666,19161360,2809,7816
505,9,0,9,16,24983220,3663,19413360,2842,7825
506,6,0,7,18,25016640,3663,19413360,2840,7831
507,5,0,8,17,25028280,3663,19413360,2838,7836
508,5,0,7,18,25060500,3664,19413360,2836,7841
509,12,0,11,14,25096500,3665,19413360,2831,7853
510,3,0,4,21,25137120,3666,19413360,2829,7856
511,8,0,7,18,25150020,3665,19413360,2826,7864
512,10,0,9,16,25181760,3666,19413360,2822,7874
513,10,0,10,15,25198680,3663,19413360,2818,7884
514,10,0,8,17,25239240,3663,19413360,2814,7894
515,13,0,13,12,25270440,3663,19413360,2809,7907
516,13,0,13,12,25301700,3661,19413360,2803,7920
517,18,0,19,6,25341660,3660,19413360,2796,7938
518,9,0,11,14,25416300,3662,19413360,2792,7947
519,14,0,14,11,25460640,3662,19413360,2787,7961
520,15,0,13,12,25518840,3662,19413360,2781,7976
521,3,0,6,19,25550040,3662,19413360,2780,7979
522,12,0,7,18,25589760,3661,19413360,2775,7991
523,9,0,10,15,25611180,3661,19413360,2771,8000
524,5,0,6,19,25644960,3661,19413360,2769,8005
525,11,0,9,16,25677300,3662,19413360,2765,8016
526,6,0,9,16,25694340,3661,19413360,2763,8022
527,7,0,5,20,25740420,3662,19413360,2760,8029
528,6,0,8,17,25754460,3662,19413360,2757,8035
529,2,0,6,19,25765980,3662,19413360,2757,8037
530,7,0,5,20,25809240,3664,19413360,2754,8044
531,5,0,5,20,25824660,3664,19413360,2752,8049
532,6,0,8,17,25837260,3664,19413360,2750,8055
533,4,0,4,21,25865700,3664,19413360,2748,8059
534,5,0,2,23,25895400,3664,19413360,2746,8064
535,4,0,4,21,25900260,3664,19413360,2745,8068
536,6,0,7,18,25908900,3664,19413360,2742,8074
537,10,0,5,20,25948260,3663,19413360,2738,8084
538,4,0,8,17,25951440,3663,19413360,2737,8088
539,13,0,13,12,25972980,3662,19413360,2732,8101
540,11,0,10,15,26018160,3661,19413360,2728,8112
541,15,0,18,7,26048280,3662,19413360,2722,8127
542,10,0,14,11,26107140,3663,19413360,2718,8137
543,14,0,15,10,26161200,3664,19413360,2713,8151
544,9,0,12,13,26214360,3665,19413360,2709,8160
545,9,0,12,13,26252640,3666,19413360,2706,8169
546,13,0,11,14,26286000,3663,19413360,2701,8182
547,5,0,4,21,26335560,3664,19413360,2699,8187
548,9,0,9,16,26343840,3663,19413360,2696,8196
549,2,0,8,17,26354460,3663,19413360,2695,8198
550,7,0,8,17,26390160,3664,19413360,2692,8205
551,4,0,5,20,26415300,3664,19413360,2691,8209
552,8,0,8,17,26437440,3665,19413360,2688,8217
553,5,0,6,19,26462640,3665,19413360,2686,8222
554,4,0,5,20,26483880,3665,19413360,2685,8226
555,10,0,9,16,26502900,3665,19413360,2681,8236
556,6,0,8,17,26541300,3666,19413360,2679,8242
557,4,0,4,21,26578740,3668,19413360,2677,8246
558,6,0,5,20,26598960,3668,19413360,2675,8252
559,9,0,8,17,26619060,3668,19413360,2672,8261
560,7,0,4,21,26650140,3666,19413360,2669,8268
561,9,0,8,17,26670600,3667,19413360,2666,8277
562,9,0,9,16,26688540,3665,19413360,2663,8286
563,12,0,14,11,26719740,3666,19413360,2658,8298
564,9,0,12,13,26761020,3666,19413360,2655,8307
565,10,0,12,13,26809500,3668,19413360,2651,8317
566,6,0,6,19,26865420,3669,19413360,2649,8323
567,14,0,9,16,26905680,3669,19413360,2644,8337
568,10,0,9,16,26929740,3667,19413360,2640,8347
569,7,0,9,16,26948880,3667,19413360,2638,8354
570,11,0,12,13,26989200,3668,19413360,2634,8365
571,11,0,12,13,27024540,3667,19413360,2630,8376
572,4,0,7,18,27063060,3668,19413360,2629,8380
573,8,0,8,17,27098940,3669,19413360,2626,8388
574,6,0,9,16,27129900,3671,19413360,2624,8394
575,4,0,4,21,27167580,3672,19413360,2622,8398
576,9,0,7,18,27181500,3671,19413360,2619,8407
577,1,0,2,23,27202200,3671,19413360,2619,8408
578,6,0,4,21,27217980,3671,19413360,2617,8414
579,9,0,9,16,27225420,3670,19413360,2613,8423
580,5,0,5,20,27260820,3670,19413360,2612,8428
581,3,0,6,19,27271740,3670,19413360,2611,8431
582,7,0,9,16,27294060,3672,19413360,2608,8438
583,8,0,9,16,27321060,3671,19413360,2605,8446
584,14,0,14,11,27360240,3672,19413360,2600,8460
585,2,0,8,17,27394020,3673,19413360,2600,8462
586,11,0,11,14,27435480,3674,19413360,2596,8473
587,15,0,13,12,27475500,3673,19413360,2591,8488
588,6,0,8,17,27514260,3673,19413360,2589,8494
589,12,0,12,13,27562020,3675,19413360,2585,8506
590,9,0,12,13,27596340,3676,19413360,2581,8515
591,10,0,13,12,27642900,3677,19413360,2578,8525
592,12,0,14,11,27686160,3678,19413360,2574,8537
593,13,0,12,13,27733140,3677,19413360,2569,8550
594,13,0,15,10,27780960,3678,19413360,2565,8563
595,7,0,13,12,27825420,3680,19413360,2563,8570
596,6,0,8,17,27879600,3681,19413360,2561,8576
597,6,0,4,21,27918900,3682,19413360,2559,8582
598,3,0,3,22,27942660,3683,19413360,2558,8585
599,4,0,4,21,27949500,3682,19413360,2556,8589
600,8,0,6,19,27970320,3682,19413360,2554,8597
601,7,0,5,20,27984060,3680,19413360,2551,8604
602,7,0,9,16,27995820,3680,19413360,2549,8611
603,5,0,4,21,28040700,3681,19413360,2547,8616
604,2,0,3,22,28047360,3681,19413360,2547,8618
605,3,0,5,20,28048260,3680,19413360,2546,8621
606,4,0,7,18,28061880,3681,19413360,2544,8625
607,9,0,6,19,28097400,3681,19413360,2541,8634
608,8,0,7,18,28107720,3679,19413360,2539,8642
609,9,0,10,15,28127820,3679,19413360,2536,8651
610,13,0,13,12,28173180,3680,19413360,2531,8664
611,6,0,8,17,28210380,3679,19413360,2529,8670
612,14,0,11,14,28245720,3679,19413360,2525,8684
613,9,0,6,19,28292040,3678,19413360,2522,8693
614,20,0,15,10,28309980,3675,19413360,2515,8713
615,6,0,10,15,28360560,3676,19413360,2513,8719
616,9,0,9,16,28408920,3678,19413360,2510,8728
617,14,0,13,12,28442400,3678,19413360,2506,8742
618,11,0,13,12,28496160,3679,19413360,2502,8753
619,6,0,10,15,28541700,3681,19413360,2500,8759
620,5,0,5,20,28588800,3682,19413360,2499,8764
621,7,0,2,23,28619100,3681,19413360,2496,8771
622,4,0,4,21,28624740,3681,19413360,2495,8775
623,4,0,6,19,28631340,3681,19413360,2494,8779
624,4,0,3,22,28661460,3682,19413360,2493,8783
625,1,0,0,25,28679760,3682,19413360,2492,8784
626,3,0,2,23,28680960,3682,19413360,2491,8787
627,7,0,7,18,28683600,3681,19413360,2489,8794
628,13,0,12,13,28709700,3681,19413360,2485,8807
629,8,0,8,17,28752240,3680,19413360,2482,8815
630,5,0,5,20,28783320,3681,19413360,2481,8820
631,11,0,6,19,28808640,3679,19413360,2477,8831
632,7,0,8,17,28820820,3678,19413360,2475,8838
633,14,0,11,14,28854660,3678,19413360,2471,8852
634,16,0,16,9,28893900,3677,19413360,2466,8868
635,5,0,6,19,28939380,3676,19413360,2464,8873
636,14,0,10,15,28974900,3676,19413360,2460,8887
637,14,0,11,14,29009700,3674,19413360,2455,8901
638,11,0,14,11,29039160,3674,19413360,2452,8912
639,9,0,13,12,29082540,3675,19413360,2449,8921
640,5,0,5,20,29139840,3676,19413360,2448,8926
641,5,0,5,20,29169420,3678,19413360,2446,8931
642,13,0,9,16,29193180,3677,19413360,2442,8944
643,8,0,8,17,29226840,3677,19413360,2440,8952
644,6,0,4,21,29256360,3676,19413360,2438,8958
645,8,0,7,18,29272440,3676,19413360,2435,8966
646,4,0,4,21,29294760,3675,19413360,2434,8970
647,5,0,3,22,29315280,3675,19413360,2433,8975
648,6,0,5,20,29328540,3675,19413360,2431,8981
649,3,0,6,19,29337420,3675,19413360,2430,8984
650,4,0,3,22,29369160,3676,19413360,2429,8988
651,5,0,6,19,29379420,3676,19413360,2427,8993
652,5,0,6,19,29395860,3676,19413360,2426,8998
653,10,0,11,14,29407980,3675,19413360,2423,9008
654,10,0,13,12,29437080,3675,19413360,2420,9018
655,7,0,7,18,29489700,3676,19413360,2417,9025
656,15,0,12,13,29514360,3674,19413360,2413,9040
657,15,0,13,12,29567040,3674,19413360,2408,9055
658,11,0,11,14,29610660,3674,19413360,2405,9066
659,8,0,10,15,29648700,3674,19413360,2403,9074
660,9,0,9,16,29688300,3675,19413360,2400,9083
661,11,0,12,13,29713080,3674,19413360,2397,9094
662,8,0,14,11,29746140,3675,19413360,2394,9102
663,7,0,3,22,29823780,3677,19413360,2392,9109
664,9,0,6,19,29845140,3677,19413360,2390,9118
665,11,0,10,15,29868000,3676,19413360,2386,9129
666,8,0,9,16,29894340,3676,19413360,2384,9137
667,9,0,13,12,29919000,3676,19413360,2382,9146
668,8,0,11,14,29957040,3677,19413360,2379,9154
669,4,0,4,21,30004980,3677,19413360,2378,9158
670,7,0,7,18,30023100,3678,19413360,2376,9165
671,6,0,5,20,30049260,3678,19413360,2374,9171
672,4,0,6,19,30058980,3677,19413360,2373,9175
673,7,0,13,12,30058980,3677,19413360,2371,9182
674,3,0,9,16,30078240,3677,19413360,2370,9185
675,3,0,9,16,30092460,3677,19413360,2369,9188
676,2,0,7,18,30109140,3677,19413360,2369,9190
677,8,0,12,13,30120120,3677,19413360,2366,9198
678,12,0,15,10,30146400,3676,19413360,2363,9210
679,12,0,16,9,30168960,3674,19413360,2360,9222
680,9,0,12,13,30211260,3673,19413360,2357,9231
681,7,0,12,13,30226440,3672,19413360,2355,9238
682,12,0,16,9,30252900,3672,19413360,2351,9250
683,14,0,20,5,30288060,3672,19413360,2348,9264
684,12,0,17,8,30334500,3671,19413360,2344,9276
685,9,0,12,13,30388020,3671,19413360,2342,9285
686,6,0,10,15,30408720,3670,19413360,2340,9291
687,8,0,12,13,30426300,3669,19413360,2338,9299
688,12,0,11,14,30469380,3669,19413360,2334,9311
689,7,0,12,13,30478020,3667,19413360,2332,9318
690,9,0,16,9,30498240,3667,19413360,2330,9327
691,5,0,9,16,30548040,3668,19413360,2328,9332
692,7,0,10,15,30569400,3668,19413360,2326,9339
693,7,0,11,14,30591060,3668,19413360,2324,9346
694,7,0,13,12,30599940,3667,19413360,2323,9353
695,3,0,9,16,30626220,3667,19413360,2322,9356
696,2,0,8,17,30638880,3667,19413360,2321,9358
697,2,0,7,18,30651720,3667,19413360,2321,9360
698,3,0,9,16,30652560,3667,19413360,2320,9363
699,7,0,14,11,30654900,3666,19413360,2318,9370
700,6,0,12,13,30698640,3668,19413360,2316,9376
701,8,0,14,11,30717540,3668,19413360,2314,9384
702,5,0,9,16,30759240,3668,19413360,2313,9389
703,10,0,11,14,30777840,3667,19413360,2310,9399
704,12,0,14,11,30793500,3665,19413360,2306,9411
705,9,0,14,11,30820680,3664,19413360,2304,9420
706,9,0,14,11,30853800,3664,19413360,2302,9429
707,13,0,16,9,30891840,3664,19413360,2298,9442
708,9,0,16,9,30917460,3663,19413360,2296,9451
709,17,0,22,3,30973080,3665,19413360,2291,9468
710,7,0,8,17,31036680,3663,19413360,2289,9475
711,12,0,14,11,31056300,3663,19413360,2286,9487
712,10,0,19,6,31069440,3662,19413360,2283,9497
713,8,0,18,7,31102980,3663,19413360,2281,9505
714,15,0,18,7,31161660,3663,19413360,2277,9520
715,8,0,14,11,31204140,3663,19413360,2275,9528
716,6,0,14,11,31219380,3662,19413360,2273,9534
717,5,0,10,15,31262520,3663,19413360,2272,9539
718,5,0,8,17,31289820,3663,19413360,2271,9544
719,3,0,9,16,31294800,3663,19413360,2270,9547
720,6,0,7,18,31308600,3661,19413360,2268,9553
721,5,0,10,15,31317120,3661,19413360,2267,9558
722,3,0,7,18,31333680,3661,19413360,2266,9561
723,5,0,7,18,31344600,3660,19413360,2265,9566
724,5,0,10,15,31349880,3660,19413360,2263,9571
725,7,0,13,12,31358520,3659,19413360,2262,9578
726,13,0,15,10,31386480,3658,19413360,2258,9591
727,9,0,13,12,31429140,3658,19413360,2256,9600
728,10,0,14,11,31458840,3658,19413360,2253,9610
729,9,0,11,14,31493700,3656,19413360,2251,9619
730,11,0,12,13,31522080,3656,19413360,2248,9630
731,5,0,11,14,31548600,3656,19413360,2247,9635
732,8,0,11,14,31579740,3656,19413360,2245,9643
733,17,0,18,7,31602480,3655,19413360,2240,9660
734,13,0,17,8,31639380,3653,19413360,2237,9673
735,15,0,18,7,31686780,3653,19413360,2233,9688
736,14,0,21,4,31729920,3653,19413360,2229,9702
737,6,0,11,14,31799280,3654,19413360,2228,9708
738,9,0,13,12,31824360,3654,19413360,2226,9717
739,15,0,15,10,31874220,3654,19413360,2222,9732
740,6,0,16,9,31891560,3654,19413360,2220,9738
741,9,0,13,12,31949520,3656,19413360,2218,9747
742,6,0,11,14,31975200,3655,19413360,2216,9753
743,8,0,10,15,32012220,3656,19413360,2214,9761
744,7,0,10,15,32035260,3656,19413360,2213,9768
745,4,0,10,15,32055840,3656,19413360,2212,9772
746,4,0,8,17,32073480,3656,19413360,2211,9776
747,5,0,8,17,32085840,3655,19413360,2209,9781
748,4,0,10,15,32093700,3655,19413360,2208,9785
749,12,0,13,12,32114760,3654,19413360,2205,9797
750,12,0,14,11,32143440,3653,19413360,2202,9809
751,4,0,13,12,32168820,3653,19413360,2201,9813
752,13,0,17,8,32205900,3654,19413360,2198,9826
753,9,0,12,13,32252520,3653,19413360,2196,9835
754,7,0,11,14,32286540,3654,19413360,2194,9842
755,11,0,15,10,32304660,3653,19413360,2191,9853
756,9,0,14,11,32351520,3654,19413360,2189,9862
757,8,0,12,13,32380380,3653,19413360,2187,9870
758,9,0,14,11,32408760,3654,19413360,2185,9879
759,15,0,21,4,32447220,3655,19413360,2181,9894
760,8,0,13,12,32494440,3653,19413360,2179,9902
761,8,0,13,12,32532540,3654,19413360,2177,9910
762,5,0,12,13,32561820,3655,19413360,2176,9915
763,10,0,17,8,32587920,3656,19413360,2174,9925
764,3,0,9,16,32631300,3656,19413360,2173,9928
765,5,0,12,13,32637240,3656,19413360,2172,9933
766,4,0,11,14,32666340,3658,19413360,2171,9937
767,4,0,7,18,32697840,3658,19413360,2170,9941
768,3,0,9,16,32702880,3658,19413360,2169,9944
769,2,0,8,17,32714100,3658,19413360,2169,9946
770,2,0,9,16,32716440,3658,19413360,2168,9948
771,7,0,8,17,32747160,3658,19413360,2166,9955
772,4,0,9,16,32753220,3657,19413360,2165,9959
773,8,0,15,10,32763240,3658,19413360,2164,9967
774,4,0,12,13,32795340,3658,19413360,2163,9971
775,8,0,11,14,32825760,3658,19413360,2161,9979
776,9,0,14,11,32842260,3658,19413360,2158,9988
777,8,0,12,13,32878080,3657,19413360,2157,9996
778,9,0,13,12,32901240,3657,19413360,2154,10005
779,6,0,11,14,32927760,3657,19413360,2153,10011
780,10,0,11,14,32957400,3656,19413360,2151,10021
781,11,0,14,11,32974200,3654,19413360,2148,10032
782,11,0,14,11,33026220,3656,19413360,2145,10043
783,15,0,16,9,33055620,3654,19413360,2142,10058
784,7,0,8,17,33103320,3653,19413360,2140,10065
785,12,0,11,14,33123900,3652,19413360,2137,10077
786,12,0,14,11,33148200,3651,19413360,2134,10089
787,8,0,13,12,33178380,3650,19413360,2133,10097
788,6,0,11,14,33199620,3649,19413360,2131,10103
789,5,0,9,16,33240420,3651,19413360,2130,10108
790,4,0,9,16,33252600,3651,19413360,2129,10112
791,4,0,11,14,33263400,3651,19413360,2128,10116
792,5,0,9,16,33285600,3651,19413360,2127,10121
793,9,0,13,12,33302580,3651,19413360,2125,10130
794,3,0,13,12,33312720,3651,19413360,2124,10133
795,5,0,7,18,33358380,3651,19413360,2123,10138
796,4,0,9,16,33363660,3651,19413360,2122,10142
797,7,0,15,10,33367200,3651,19413360,2120,10149
798,7,0,15,10,33386040,3650,19413360,2119,10156
799,6,0,12,13,33423180,3651,19413360,2117,10162
800,14,0,16,9,33458160,3651,19413360,2114,10176
801,9,0,17,8,33493920,3651,19413360,2112,10185
802,16,0,20,5,33537060,3651,19413360,2109,10201
803,12,0,19,6,33586260,3651,19413360,2106,10213
804,9,0,16,9,33637320,3652,19413360,2104,10222
805,15,0,16,9,33682620,3651,19413360,2100,10237
806,8,0,15,10,33716580,3651,19413360,2098,10245
807,8,0,12,13,33749400,3650,19413360,2097,10253
808,8,0,13,12,33778560,3650,19413360,2095,10261
809,6,0,13,12,33802380,3651,19413360,2093,10267
810,9,0,12,13,33830520,3650,19413360,2091,10276
811,7,0,10,15,33874380,3651,19413360,2090,10283
812,8,0,12,13,33894780,3651,19413360,2088,10291
813,5,0,11,14,33920220,3651,19413360,2087,10296
814,5,0,12,13,33939300,3652,19413360,2086,10301
815,4,0,10,15,33963840,3652,19413360,2085,10305
816,6,0,9,16,33985320,3651,19413360,2084,10311
817,3,0,6,19,34001100,3651,19413360,2083,10314
818,5,0,8,17,34012380,3651,19413360,2082,10319
819,5,0,9,16,34018020,3650,19413360,2081,10324
820,9,0,14,11,34028880,3649,19413360,2079,10333
821,8,0,10,15,34076100,3650,19413360,2077,10341
822,7,0,15,10,34085340,3650,19413360,2075,10348
823,7,0,12,13,34121820,3650,19413360,2074,10355
824,10,0,16,9,34139820,3650,19413360,2072,10365
825,7,0,11,14,34177380,3649,19413360,2070,10372
826,14,0,18,7,34206960,3649,19413360,2067,10386
827,10,0,19,6,34226580,3648,19413360,2065,10396
828,9,0,16,9,34275360,3649,19413360,2063,10405
829,8,0,18,7,34304160,3649,19413360,2061,10413
830,10,0,14,11,34362060,3650,19413360,2059,10423
831,14,0,18,7,34377900,3648,19413360,2056,10437
832,15,0,18,7,34431420,3648,19413360,2053,10452
833,10,0,15,10,34473420,3647,19413360,2050,10462
834,4,0,8,17,34511640,3647,19413360,2049,10466
835,8,0,14,11,34523940,3647,19413360,2048,10474
836,8,0,9,16,34566960,3647,19413360,2046,10482
837,7,0,10,15,34586940,3647,19413360,2045,10489
838,9,0,12,13,34604820,3646,19413360,2043,10498
839,4,0,10,15,34633200,3647,19413360,2042,10502
840,9,0,12,13,34652520,3646,19413360,2040,10511
841,1,0,7,18,34675380,3646,19413360,2040,10512
842,1,0,7,18,34681740,3646,19413360,2039,10513
843,3,0,7,18,34696740,3647,19413360,2039,10516
844,8,0,11,14,34703280,3646,19413360,2037,10524
845,6,0,9,16,34720620,3645,19413360,2036,10530
846,7,0,13,12,34732260,3645,19413360,2034,10537
847,6,0,11,14,34763040,3645,19413360,2033,10543
848,11,0,16,9,34787040,3645,19413360,2031,10554
849,9,0,12,13,34813260,3643,19413360,2029,10563
850,7,0,13,12,34834380,3643,19413360,2027,10570
851,11,0,14,11,34869420,3643,19413360,2025,10581
852,11,0,11,14,34908300,3641,19413360,2023,10592
853,5,0,11,14,34926180,3641,19413360,2022,10597
854,8,0,13,12,34945080,3641,19413360,2020,10605
855,5,0,10,15,34968060,3640,19413360,2019,10610
856,8,0,11,14,34987440,3640,19413360,2017,10618
857,7,0,11,14,35010300,3640,19413360,2016,10625
858,14,0,15,10,35036820,3639,19413360,2013,10639
859,11,0,20,5,35051940,3638,19413360,2010,10650
860,11,0,19,6,35100120,3638,19413360,2008,10661
861,5,0,11,14,35151480,3639,19413360,2007,10666
862,5,0,11,14,35163120,3638,19413360,2006,10671
863,7,0,10,15,35193180,3638,19413360,2005,10678
864,4,0,9,16,35222160,3639,19413360,2004,10682
865,7,0,13,12,35230980,3639,19413360,2002,10689
866,6,0,12,13,35256960,3639,19413360,2001,10695
867,4,0,11,14,35275440,3639,19413360,2000,10699
868,5,0,10,15,35307000,3640,19413360,1999,10704
869,1,0,8,17,35320560,3640,19413360,1999,10705
870,10,0,13,12,35339700,3641,19413360,1997,10715
871,9,0,17,8,35356020,3640,19413360,1995,10724
872,9,0,14,11,35398440,3640,19413360,1993,10733
873,12,0,16,9,35425680,3639,19413360,1991,10745
874,11,0,18,7,35455380,3639,19413360,1989,10756
875,15,0,22,3,35496840,3639,19413360,1986,10771
876,11,0,19,6,35557320,3640,19413360,1983,10782
877,7,0,15,10,35607840,3641,19413360,1982,10789
878,14,0,20,5,35650560,3642,19413360,1979,10803
879,13,0,16,9,35708940,3642,19413360,1976,10816
880,11,0,16,9,35753280,3642,19413360,1974,10827
881,9,0,17,8,35784480,3642,19413360,1972,10836
882,12,0,18,7,35826600,3643,19413360,1970,10848
883,8,0,18,7,35852460,3642,19413360,1968,10856
884,9,0,15,10,35908140,3644,19413360,1967,10865
885,5,0,10,15,35956500,3645,19413360,1966,10870
886,6,0,11,14,35976300,3645,19413360,1964,10876
887,8,0,11,14,35998320,3644,19413360,1963,10884
888,4,0,12,13,36009900,3644,19413360,1962,10888
889,5,0,12,13,36035520,3645,19413360,1961,10893
890,4,0,8,17,36071520,3646,19413360,1960,10897
891,1,0,7,18,36079080,3646,19413360,1960,10898
892,3,0,7,18,36089400,3646,19413360,1959,10901
893,8,0,9,16,36099840,3644,19413360,1958,10909
894,12,0,17,8,36112380,3644,19413360,1956,10921
895,7,0,14,11,36136200,3643,19413360,1954,10928
896,14,0,19,6,36167280,3643,19413360,1951,10942
897,13,0,16,9,36229140,3643,19413360,1949,10955
898,14,0,17,8,36268800,3642,19413360,1946,10969
899,13,0,16,9,36309780,3641,19413360,1944,10982
900,5,0,13,12,36340080,3642,19413360,1943,10987
901,10,0,16,9,36365340,3641,19413360,1941,10997
902,11,0,17,8,36406980,3642,19413360,1939,11008
903,12,0,18,7,36440880,3641,19413360,1936,11020
904,14,0,20,5,36486240,3642,19413360,1933,11034
905,9,0,16,9,36550980,3643,19413360,1932,11043
906,5,0,11,14,36593340,3644,19413360,1931,11048
907,6,0,11,14,36605040,3643,19413360,1930,11054
908,5,0,10,15,36622200,3642,19413360,1929,11059
909,3,0,8,17,36654180,3644,19413360,1928,11062
910,5,0,10,15,36662640,3644,19413360,1927,11067
911,5,0,9,16,36688380,3644,19413360,1926,11072
912,4,0,7,18,36704580,3643,19413360,1925,11076
913,5,0,11,14,36707160,3643,19413360,1924,11081
914,3,0,10,15,36722100,3643,19413360,1924,11084
915,4,0,9,16,36751380,3644,19413360,1923,11088
916,4,0,11,14,36759660,3644,19413360,1922,11092
917,8,0,12,13,36781020,3644,19413360,1921,11100
918,6,0,14,11,36794880,3644,19413360,1920,11106
919,6,0,13,12,36819660,3644,19413360,1919,11112
920,7,0,10,15,36876540,3646,19413360,1917,11119
921,7,0,14,11,36888960,3646,19413360,1916,11126
922,7,0,9,16,36925320,3645,19413360,1915,11133
923,11,0,17,8,36932340,3645,19413360,1913,11144
924,12,0,18,7,36963060,3644,19413360,1910,11156
925,18,1,25,0,36993840,3643,19414680,1907,11174
926,11,0,18,7,37069740,3644,19414800,1905,11185
927,8,0,18,7,37110660,3645,19414800,1903,11193
928,9,0,17,8,37161000,3647,19414800,1902,11202
929,19,0,25,0,37208820,3647,19419120,1899,11221
930,6,0,13,12,37289280,3649,19419300,1898,11227
931,6,0,10,15,37323900,3649,19419300,1896,11233
932,4,0,9,16,37345260,3649,19419300,1896,11237
933,7,0,12,13,37349100,3648,19419300,1894,11244
934,5,0,11,14,37374420,3649,19419300,1894,11249
935,4,0,8,17,37397280,3648,19419300,1893,11253
936,5,0,11,14,37408080,3649,19419300,1892,11258
937,8,0,13,12,37424460,3648,19419300,1890,11266
938,8,0,12,13,37454760,3648,19419300,1889,11274
939,2,0,9,16,37479840,3649,19419300,1889,11276
940,3,0,9,16,37497180,3649,19419300,1888,11279
941,10,0,14,11,37515780,3649,19419300,1886,11289
942,6,0,16,9,37534020,3650,19419300,1885,11295
943,3,0,10,15,37578780,3651,19419300,1885,11298
944,9,0,13,12,37597260,3650,19419300,1883,11307
945,5,0,14,11,37619520,3651,19419300,1882,11312
946,10,0,14,11,37648200,3650,19419300,1880,11322
947,11,0,19,6,37676940,3651,19419300,1878,11333
948,15,0,23,2,37710420,3650,19419300,1875,11348
949,9,0,17,8,37783020,3652,19419300,1874,11357
950,8,0,14,11,37836120,3653,19419300,1872,11365
951,11,0,19,6,37859820,3654,19419300,1870,11376
952,4,0,13,12,37902000,3654,19419300,1870,11380
953,11,0,14,11,37942440,3654,19419300,1868,11391
954,13,0,17,8,37972080,3654,19419300,1865,11404
955,10,0,14,11,38027760,3655,19419300,1864,11414
956,5,0,13,12,38048100,3654,19419300,1863,11419
957,3,0,11,14,38077380,3656,19419300,1862,11422
958,3,0,11,14,38086020,3655,19419300,1862,11425
959,4,0,8,17,38122320,3656,19419300,1861,11429
960,5,0,10,15,38130900,3656,19419300,1860,11434
961,4,0,11,14,38141820,3656,19419300,1859,11438
962,5,0,13,12,38155680,3656,19419300,1858,11443
963,6,0,11,14,38189820,3657,19419300,1857,11449
964,3,0,7,18,38221800,3657,19419300,1857,11452
965,5,0,7,18,38233500,3657,19419300,1856,11457
966,5,0,9,16,38240760,3656,19419300,1855,11462
967,3,0,10,15,38248620,3657,19419300,1854,11465
968,10,0,13,12,38270580,3656,19419300,1853,11475
969,9,0,13,12,38296800,3656,19419300,1851,11484
970,11,0,19,6,38314620,3655,19419300,1849,11495
971,9,0,14,11,38369880,3656,19419300,1848,11504
972,12,0,16,9,38402280,3655,19419300,1845,11516
973,8,0,12,13,38440380,3655,19419300,1844,11524
974,11,0,12,13,38469180,3654,19419300,1842,11535
975,14,0,22,3,38481420,3654,19419300,1840,11549
976,13,0,24,1,38532480,3655,19423500,1838,11562
977,6,0,17,8,38587200,3655,19423500,1837,11568
978,6,0,9,16,38663940,3658,19423500,1836,11574
979,12,0,15,10,38679600,3657,19423500,1834,11586
980,4,0,11,14,38701380,3656,19423500,1833,11590
981,10,0,15,10,38718120,3656,19423500,1831,11600
982,6,0,13,12,38744880,3656,19423500,1830,11606
983,6,0,8,17,38795940,3657,19423500,1829,11612
984,6,0,10,15,38804520,3656,19423500,1828,11618
985,2,0,9,16,38818200,3656,19423500,1828,11620
986,7,0,10,15,38837340,3656,19423500,1827,11627
987,7,0,9,16,38851980,3655,19423500,1825,11634
988,4,0,6,19,38877360,3655,19423500,1825,11638
989,4,0,9,16,38877840,3654,19423500,1824,11642
990,11,0,16,9,38881560,3653,19423500,1822,11653
991,8,0,11,14,38922300,3653,19423500,1821,11661
992,9,0,12,13,38950500,3653,19423500,1819,11670
993,12,0,15,10,38975580,3652,19423500,1817,11682
994,11,0,21,4,38989860,3652,19423500,1815,11693
995,19,4,25,0,39047700,3653,19424400,1812,11712
996,11,0,23,2,39107160,3653,19431780,1811,11723
997,14,0,24,1,39178320,3655,19433940,1809,11737
998,10,0,14,11,39261420,3656,19433940,1807,11747
999,10,0,17,8,39294660,3657,19433940,1805,11757
1000,7,0,16,9,39328560,3657,19433940,1804,11764
1001,8,0,11,14,39376860,3657,19433940,1803,11772
1002,7,0,11,14,39398280,3657,19433940,1802,11779
1003,7,0,11,14,39428100,3657,19433940,1801,11786
1004,5,0,12,13,39437940,3657,19433940,1800,11791
1005,6,0,10,15,39458880,3656,19433940,1799,11797
1006,8,0,11,14,39491040,3657,19433940,1797,11805
1007,7,0,13,12,39505980,3656,19433940,1796,11812
1008,7,0,12,13,39526260,3656,19433940,1795,11819
1009,8,0,14,11,39555600,3656,19433940,1794,11827
1010,12,0,12,13,39593760,3655,19433940,1792,11839
1011,29,3,25,0,39631200,3654,19434000,1788,11868
1012,36,28,25,0,39676140,3655,19442340,1783,11904
1013,35,39,25,0,39745140,3657,19458240,1779,11939
1014,27,38,25,0,39818640,3659,19502580,1782,11966
1015,31,40,25,0,39902880,3662,19562340,1785,11997
1016,29,40,25,0,39983220,3663,19664460,1791,12026
1017,33,38,25,0,40049100,3663,19726200,1794,12059
1018,28,39,25,0,40114920,3661,19746360,1792,12087
1019,28,39,25,0,40185600,3659,19789320,1792,12115
1020,39,40,25,0,40253700,3660,19801920,1790,12154
1021,37,40,25,0,40330200,3658,19855860,1790,12191
1022,34,39,25,0,40406940,3659,19935000,1794,12225
1023,24,36,25,0,40496820,3658,20009760,1797,12249
1024,21,40,25,0,40549080,3657,20016300,1795,12270
1025,39,39,25,0,40620180,3657,20033400,1793,12309
1026,32,34,25,0,40688640,3656,20107560,1797,12341
1027,32,39,25,0,40770540,3657,20113860,1794,12373
1028,33,38,25,0,40836360,3654,20209440,1798,12406
1029,30,40,25,0,40892040,3653,20243040,1798,12436
1030,28,33,25,0,40980840,3653,20500320,1818,12464
1031,30,39,25,0,41056320,3653,20683320,1830,12494
1032,34,39,25,0,41129460,3653,20739660,1832,12528
1033,29,39,25,0,41210460,3652,20782440,1831,12557
1034,34,40,25,0,41248140,3652,20790900,1830,12591
1035,21,38,25,0,41331180,3652,20849820,1832,12612
1036,42,40,25,0,41404200,3655,20866920,1831,12654
1037,30,28,25,0,41508660,3652,21405960,1874,12684
1038,30,40,25,0,41554200,3651,21410220,1870,12714
1039,30,39,25,0,41621040,3653,21428700,1870,12744
1040,29,40,25,0,41712360,3654,21466080,1870,12773
1041,31,38,25,0,41785260,3652,21600180,1877,12804
1042,33,37,25,0,41846160,3652,21645060,1879,12837
1043,35,37,25,0,41925600,3652,21676560,1878,12872
1044,29,37,25,0,41990940,3650,21742680,1880,12901
1045,20,31,25,0,42072000,3648,21960060,1895,12921
1046,27,33,25,0,42131280,3646,22786920,1962,12948
1047,29,38,25,0,42198840,3648,22799700,1960,12977
1048,35,39,25,0,42295980,3649,22846860,1960,13012
1049,34,38,25,0,42372960,3647,22939980,1964,13046
1050,45,39,25,0,42427020,3645,22967580,1963,13091
1051,28,38,25,0,42500760,3645,23010600,1963,13119
1052,39,40,25,0,42549840,3646,23022180,1962,13158
1053,35,40,25,0,42621960,3647,23044320,1961,13193
1054,38,40,25,0,42722160,3649,23086680,1961,13231
1055,27,21,25,0,42798300,3646,24064020,2042,13258
1056,31,19,25,0,42869280,3642,24848940,2103,13289
1057,34,39,25,0,42924600,3642,24854580,2098,13323
1058,34,40,25,0,42976020,3644,24875460,2097,13357
1059,34,39,25,0,43071900,3646,24926940,2098,13391
1060,31,39,25,0,43142520,3647,24974820,2100,13422
1061,22,36,25,0,43220040,3648,25062900,2105,13444
1062,38,40,25,0,43279980,3646,25129260,2106,13482
1063,32,40,25,0,43343640,3647,25152420,2105,13514
1064,37,39,25,0,43412460,3648,25183320,2104,13551
1065,29,40,25,0,43484880,3648,25224840,2105,13580
1066,25,33,25,0,43571700,3647,25338000,2111,13605
1067,36,38,25,0,43635540,3647,25379160,2110,13641
1068,37,40,25,0,43721280,3646,25431720,2109,13678
1069,37,40,25,0,43798140,3648,25447740,2108,13715
1070,28,36,25,0,43863360,3647,25552680,2114,13743
1071,30,40,25,0,43919220,3647,25590360,2114,13773
1072,27,37,25,0,43991100,3648,25636800,2115,13800
1073,39,40,25,0,44092740,3648,25663200,2112,13839
1074,31,40,25,0,44118240,3647,25672380,2111,13870
1075,26,37,25,0,44205240,3648,25732740,2113,13896
1076,33,40,25,0,44306460,3649,25777200,2112,13929
1077,40,39,25,0,44357640,3649,25810200,2112,13969
1078,27,39,25,0,44426100,3648,25961100,2120,13996
1079,33,40,25,0,44494740,3649,25988460,2120,14029
1080,26,36,25,0,44600040,3651,26123100,2128,14055
1081,30,39,25,0,44646600,3650,26145780,2126,14085
1082,37,38,25,0,44732940,3651,26160540,2124,14122
1083,40,39,25,0,44800320,3651,26217900,2125,14162
1084,29,40,25,0,44857200,3650,26318580,2130,14191
1085,27,33,25,0,44942100,3650,26571600,2148,14218
1086,27,34,25,0,45016800,3649,27657480,2231,14245
1087,29,40,25,0,45061560,3650,27663960,2229,14274
1088,43,38,25,0,45144420,3652,27693600,2229,14317
1089,29,40,25,0,45237900,3654,27714360,2227,14346
1090,32,38,25,0,45298620,3653,27867840,2236,14378
1091,32,40,25,0,45362040,3654,27872820,2233,14410
1092,30,40,25,0,45451200,3653,28518480,2280,14440
1093,21,39,25,0,45490500,3653,28527360,2279,14461
1094,41,40,25,0,45584460,3655,28545600,2277,14502
1095,30,40,25,0,45655140,3656,28575720,2276,14532
1096,33,38,25,0,45738840,3655,28686300,2281,14565
1097,24,39,25,0,45805260,3655,28708680,2279,14589
1098,27,37,25,0,45872880,3656,28724760,2278,14616
1099,25,35,25,0,45961320,3655,28861620,2284,14641
1100,30,40,25,0,46016520,3656,28868580,2282,14671
1101,26,36,25,0,46088880,3656,28899600,2282,14697
1102,25,37,25,0,46172820,3657,29096040,2294,14722
1103,31,40,25,0,46215180,3657,29101680,2291,14753
1104,30,40,25,0,46289700,3660,29122680,2291,14783
1105,31,39,25,0,46396800,3661,29208780,2294,14814
1106,36,37,25,0,46466220,3660,29233380,2291,14850
1107,17,34,25,0,46521360,3658,29336040,2296,14867
1108,42,40,25,0,46605960,3660,29342820,2292,14909
1109,34,36,25,0,46671360,3659,29478960,2300,14943
1110,36,39,25,0,46744380,3659,29643540,2309,14979
1111,35,37,25,0,46811340,3659,29732280,2313,15014
1112,31,38,25,0,46876440,3660,29738880,2311,15045
1113,27,38,25,0,46957560,3661,29773440,2310,15072
1114,33,39,25,0,47033940,3660,29828820,2309,15105
1115,33,40,25,0,47092320,3660,29844300,2308,15138
1116,37,39,25,0,47177580,3661,29978580,2315,15175
1117,23,36,25,0,47255220,3660,30061320,2318,15198
1118,30,39,25,0,47316480,3661,30069660,2315,15228
1119,28,35,25,0,47406120,3662,30177180,2320,15256
1120,36,40,25,0,47449740,3660,30234240,2320,15292
1121,32,39,25,0,47536620,3661,30276240,2320,15324
1122,29,40,25,0,47595600,3661,30310320,2320,15353
1123,35,39,25,0,47661720,3661,30379440,2322,15388
1124,32,40,25,0,47739480,3661,30414540,2321,15420
1125,33,40,25,0,47822640,3663,30488400,2324,15453
1126,24,32,25,0,47907720,3661,30717840,2337,15477
1127,33,39,25,0,47959080,3661,30746220,2335,15510
1128,32,40,25,0,48014940,3662,30756600,2334,15542
1129,34,40,25,0,48097080,3664,30781920,2334,15576
1130,26,38,25,0,48166440,3664,30878160,2337,15602
1131,28,38,25,0,48249960,3665,31033740,2346,15630
1132,34,37,25,0,48313020,3665,31061040,2345,15664
1133,34,38,25,0,48399240,3665,31116300,2345,15698
1134,39,40,25,0,48460800,3665,31135260,2343,15737
1135,29,31,25,0,48548520,3664,31401360,2360,15766
1136,29,40,25,0,48600300,3664,31898820,2393,15795
1137,34,39,25,0,48661080,3665,31915260,2392,15829
1138,26,33,25,0,48768540,3666,32017620,2396,15855
1139,22,21,25,0,48840240,3662,34651140,2589,15877
1140,27,23,25,0,48917160,3661,35055360,2614,15904
1141,23,34,25,0,48963540,3661,35061240,2610,15927
1142,30,40,25,0,49031160,3663,35073480,2608,15957
1143,27,37,25,0,49121640,3665,35128980,2609,15984
1144,33,40,25,0,49189140,3666,35148480,2607,16017
1145,30,28,25,0,49288020,3665,35513280,2630,16047
1146,32,37,25,0,49336140,3662,35886720,2652,16079
1147,27,39,25,0,49389300,3661,36123300,2665,16106
1148,32,35,25,0,49494000,3661,36190500,2665,16138
1149,28,37,25,0,49537920,3661,36222000,2664,16166
1150,34,39,25,0,49622160,3662,36257700,2663,16200
1151,39,40,25,0,49674660,3661,36298200,2663,16239
1152,30,40,25,0,49761660,3664,36334980,2662,16269
1153,33,40,25,0,49832760,3663,36361920,2660,16302
1154,34,40,25,0,49898640,3663,36400980,2660,16336
1155,33,40,25,0,49985100,3664,36452580,2660,16369
1156,34,39,25,0,50044260,3665,36493980,2660,16403
1157,24,29,25,0,50129700,3663,36817680,2679,16427
1158,35,40,25,0,50200860,3664,36865680,2678,16462
1159,37,40,25,0,50251320,3664,36880200,2676,16499
1160,33,38,25,0,50343000,3665,36945180,2677,16532
1161,33,40,25,0,50411040,3666,36951720,2674,16565
1162,18,36,25,0,50468880,3665,37201920,2691,16583
1163,28,38,25,0,50545080,3666,37210380,2687,16611
1164,35,40,25,0,50603100,3666,37469700,2702,16646
1165,23,33,25,0,50691960,3666,37590060,2707,16669
1166,30,37,25,0,50781780,3667,37604160,2703,16699
1167,29,35,25,0,50850720,3667,37651320,2704,16728
1168,36,40,25,0,50916120,3666,37784760,2708,16764
1169,33,40,25,0,50971380,3668,37800960,2707,16797
1170,35,40,25,0,51074040,3669,37900680,2711,16832
1171,26,31,25,0,51144660,3667,38303520,2736,16858
1172,29,40,25,0,51190380,3666,38630280,2754,16887
1173,27,40,25,0,51250020,3666,38669580,2753,16914
1174,25,37,25,0,51361860,3667,38723820,2753,16939
1175,18,34,25,0,51433620,3667,38785080,2754,16957
1176,21,33,25,0,51485580,3665,38892300,2757,16978
1177,5,5,25,0,51569760,3662,41691240,2955,16983
1178,5,0,12,13,51634200,3661,41757420,2958,16988
1179,9,0,14,11,51669240,3662,41757420,2956,16997
1180,4,0,12,13,51685740,3661,41757420,2955,17001
1181,4,0,9,16,51719160,3662,41757420,2955,17005
1182,10,0,14,11,51736260,3662,41757420,2952,17015
1183,13,0,17,8,51765900,3661,41757420,2950,17028
1184,8,0,15,10,51797400,3661,41757420,2948,17036
1185,13,0,16,9,51842700,3661,41757420,2945,17049
1186,17,0,21,4,51880860,3661,41757420,2942,17066
1187,12,0,20,5,51921480,3660,41757420,2939,17078
1188,13,0,16,9,51977640,3660,41757420,2937,17091
1189,8,0,14,11,52032240,3661,41757420,2935,17099
1190,7,0,10,15,52076100,3661,41757420,2934,17106
1191,10,0,13,12,52104840,3661,41757420,2931,17116
1192,13,0,17,8,52127100,3661,41757420,2929,17129
1193,8,0,13,12,52162920,3660,41757420,2927,17137
1194,9,0,16,9,52188060,3660,41757420,2925,17146
1195,6,0,13,12,52226700,3661,41757420,2924,17152
1196,6,0,13,12,52246800,3661,41757420,2923,17158
1197,5,0,11,14,52278120,3661,41757420,2922,17163
1198,4,0,10,15,52293120,3661,41757420,2921,17167
1199,6,0,10,15,52318800,3661,41757420,2920,17173
1200,6,0,12,13,52328940,3661,41757420,2919,17179
1201,3,0,9,16,52360440,3661,41757420,2918,17182
1202,6,0,11,14,52374600,3661,41757420,2917,17188
1203,7,0,12,13,52393860,3661,41757420,2915,17195
1204,3,0,10,15,52422240,3662,41757420,2915,17198
1205,8,0,13,12,52438860,3662,41757420,2913,17206
1206,8,0,13,12,52467600,3662,41757420,2911,17214
1207,4,0,11,14,52494420,3662,41757420,2911,17218
1208,15,0,18,7,52516500,3661,41757420,2908,17233
1209,9,0,18,7,52548600,3661,41757420,2906,17242
1210,5,0,15,10,52587180,3662,41757420,2905,17247
1211,8,0,16,9,52627380,3663,41757420,2903,17255
1212,4,0,10,15,52686420,3665,41757420,2902,17259
1213,8,0,13,12,52709220,3665,41757420,2901,17267
1214,6,0,14,11,52726380,3665,41757420,2900,17273
1215,5,0,7,18,52777740,3665,41757420,2899,17278
1216,10,0,11,14,52788960,3665,41757420,2897,17288
1217,9,0,15,10,52808640,3665,41757420,2895,17297
1218,9,0,15,10,52827900,3664,41757420,2893,17306
1219,8,0,12,13,52886820,3665,41757420,2891,17314
1220,5,0,9,16,52910700,3665,41757420,2890,17319
1221,11,0,15,10,52930800,3665,41757420,2888,17330
1222,5,0,17,8,52946400,3665,41757420,2887,17335
1223,5,0,12,13,52997820,3666,41757420,2886,17340
1224,6,0,8,17,53042160,3667,41757420,2885,17346
1225,7,0,12,13,53049300,3666,41757420,2883,17353
1226,1,0,8,17,53077500,3667,41757420,2883,17354
1227,3,0,10,15,53086320,3667,41757420,2883,17357
1228,2,0,12,13,53086320,3667,41757420,2882,17359
1229,11,0,16,9,53118900,3668,41757420,2880,17370
1230,9,0,14,11,53153880,3668,41757420,2878,17379
1231,3,0,7,18,53202060,3668,41757420,2878,17382
1232,11,0,14,11,53209380,3668,41757420,2876,17393
1233,8,0,13,12,53237220,3667,41757420,2874,17401
1234,12,0,18,7,53262840,3667,41757420,2872,17413
1235,6,0,12,13,53300460,3667,41757420,2870,17419
1236,10,0,14,11,53331540,3667,41757420,2868,17429
1237,13,0,15,10,53357940,3666,41757420,2866,17442
1238,11,0,15,10,53390280,3665,41757420,2864,17453
1239,8,0,12,13,53431020,3665,41757420,2862,17461
1240,16,0,18,7,53454360,3665,41757420,2859,17477
1241,11,0,21,4,53481720,3664,41757420,2857,17488
1242,4,0,12,13,53549400,3666,41757420,2856,17492
1243,12,0,12,13,53590380,3666,41757420,2854,17504
1244,5,0,10,15,53607360,3665,41757420,2853,17509
1245,7,0,15,10,53616960,3665,41757420,2851,17516
1246,7,0,13,12,53652600,3665,41757420,2850,17523
1247,5,0,12,13,53682600,3666,41757420,2849,17528
1248,6,0,13,12,53702640,3666,41757420,2848,17534
1249,3,0,7,18,53742120,3666,41757420,2847,17537
1250,3,0,8,17,53751360,3667,41757420,2847,17540
1251,5,0,10,15,53757780,3666,41757420,2846,17545
1252,9,0,14,11,53770680,3666,41757420,2844,17554
1253,7,0,13,12,53797440,3666,41757420,2843,17561
1254,7,0,12,13,53828640,3666,41757420,2841,17568
1255,9,0,17,8,53836200,3665,41757420,2840,17577
1256,11,0,16,9,53895660,3666,41757420,2837,17588
1257,10,0,18,7,53924460,3666,41757420,2836,17598
1258,8,0,16,9,53975880,3667,41757420,2834,17606
1259,14,0,18,7,54017160,3667,41757420,2831,17620
1260,8,0,15,10,54071640,3668,41757420,2830,17628
1261,11,0,18,7,54103320,3668,41757420,2828,17639
1262,5,0,12,13,54149340,3669,41757420,2827,17644
1263,8,0,14,11,54178020,3669,41757420,2825,17652
1264,16,0,19,6,54210120,3669,41757420,2822,17668
1265,3,0,16,9,54235320,3669,41757420,2822,17671
1266,7,0,11,14,54301920,3670,41757420,2820,17678
1267,8,0,14,11,54319800,3670,41757420,2819,17686
1268,5,0,9,16,54346200,3670,41757420,2818,17691
1269,13,0,17,8,54372360,3670,41757420,2815,17704
1270,6,0,11,14,54408540,3670,41757420,2814,17710
1271,3,0,6,19,54449100,3670,41757420,2814,17713
1272,3,0,6,19,54457560,3670,41757420,2813,17716
1273,8,0,11,14,54461580,3670,41757420,2811,17724
1274,8,0,13,12,54471540,3669,41757420,2810,17732
1275,7,0,15,10,54495060,3669,41757420,2809,17739
1276,9,0,12,13,54537540,3669,41757420,2807,17748
1277,6,0,12,13,54552480,3669,41757420,2806,17754
1278,7,0,11,14,54588780,3669,41757420,2804,17761
1279,11,0,12,13,54611400,3668,41757420,2802,17772
1280,12,0,13,12,54630420,3667,41757420,2800,17784
1281,5,0,11,14,54666000,3667,41757420,2799,17789
1282,11,0,16,9,54682200,3667,41757420,2797,17800
1283,6,0,11,14,54718620,3667,41757420,2796,17806
1284,8,0,15,10,54726360,3666,41757420,2795,17814
1285,15,0,20,5,54768060,3667,41757420,2792,17829
1286,6,0,11,14,54825720,3667,41757420,2791,17835
1287,7,0,9,16,54855660,3667,41757420,2789,17842
1288,7,0,10,15,54870840,3666,41757420,2788,17849
1289,9,0,11,14,54892680,3666,41757420,2786,17858
1290,7,0,13,12,54911880,3666,41757420,2785,17865
1291,10,0,17,8,54933360,3666,41757420,2783,17875
1292,9,0,17,8,54975000,3666,41757420,2781,17884
1293,11,0,19,6,55011540,3666,41757420,2779,17895
1294,10,0,16,9,55071540,3667,41757420,2778,17905
1295,10,0,19,6,55093260,3667,41757420,2776,17915
1296,5,0,14,11,55146060,3668,41757420,2775,17920
1297,4,0,10,15,55184520,3669,41757420,2774,17924
1298,5,0,10,15,55209300,3669,41757420,2773,17929
1299,8,0,13,12,55223100,3669,41757420,2772,17937
1300,9,0,14,11,55261920,3669,41757420,2770,17946
1301,4,0,8,17,55299900,3670,41757420,2769,17950
1302,6,0,11,14,55308360,3669,41757420,2768,17956
1303,9,0,12,13,55335480,3669,41757420,2767,17965
1304,14,0,14,11,55355100,3668,41757420,2764,17979
1305,4,0,10,15,55394940,3668,41757420,2763,17983
1306,14,0,17,8,55409280,3668,41757420,2761,17997
1307,11,0,17,8,55452540,3668,41757420,2759,18008
1308,11,0,17,8,55490940,3668,41757420,2757,18019
1309,9,0,11,14,55547400,3668,41757420,2755,18028
1310,16,0,17,8,55577460,3667,41757420,2752,18044
1311,12,0,20,5,55610160,3667,41757420,2750,18056
1312,13,0,20,5,55652820,3667,41757420,2748,18069
1313,10,0,17,8,55706520,3667,41757420,2746,18079
1314,12,0,15,10,55768980,3668,41757420,2744,18091
1315,5,0,9,16,55806360,3668,41757420,2743,18096
1316,6,0,10,15,55831500,3668,41757420,2742,18102
1317,14,0,17,8,55848060,3668,41757420,2739,18116
1318,8,0,13,12,55885620,3667,41757420,2738,18124
1319,5,0,10,15,55926540,3668,41757420,2737,18129
1320,2,0,9,16,55938780,3668,41757420,2736,18131
1321,2,0,7,18,55959420,3668,41757420,2736,18133
1322,3,0,7,18,55963740,3668,41757420,2736,18136
1323,2,0,7,18,55974780,3668,41757420,2735,18138
1324,8,0,11,14,55980240,3668,41757420,2734,18146
1325,8,0,15,10,55994820,3668,41757420,2732,18154
1326,9,0,10,15,56035020,3667,41757420,2731,18163
1327,3,0,7,18,56059200,3667,41757420,2730,18166
1328,4,0,9,16,56062860,3667,41757420,2729,18170
1329,10,0,15,10,56079360,3667,41757420,2728,18180
1330,7,0,11,14,56122800,3667,41757420,2726,18187
1331,10,0,13,12,56147400,3667,41757420,2725,18197
1332,17,0,20,5,56158800,3665,41757420,2722,18214
1333,14,0,19,6,56223000,3666,41757420,2719,18228
1334,7,0,13,12,56278500,3666,41757420,2718,18235
1335,6,0,11,14,56309760,3666,41757420,2717,18241
1336,7,0,13,12,56326020,3666,41757420,2716,18248
1337,6,0,9,16,56360340,3666,41757420,2715,18254
1338,10,0,14,11,56379720,3666,41757420,2713,18264
1339,8,0,14,11,56407800,3666,41757420,2711,18272
1340,3,0,11,14,56430900,3666,41757420,2711,18275
1341,7,0,11,14,56463780,3667,41757420,2710,18282
1342,7,0,12,13,56478000,3666,41757420,2708,18289
1343,0,0,5,20,56516160,3667,41757420,2708,18289
1344,5,0,10,15,56516160,3667,41757420,2708,18294
1345,4,0,11,14,56519640,3667,41757420,2707,18298
1346,8,0,17,8,56523600,3666,41757420,2705,18306
1347,3,0,12,13,56547300,3666,41757420,2705,18309
1348,8,0,15,10,56562720,3666,41757420,2703,18317
1349,6,0,13,12,56586780,3665,41757420,2702,18323
1350,5,0,14,11,56599500,3665,41757420,2702,18328
1351,13,0,20,5,56615880,3665,41757420,2699,18341
1352,12,0,19,6,56661720,3665,41757420,2697,18353
1353,8,0,21,4,56679900,3664,41757420,2696,18361
1354,13,0,23,2,56732760,3665,41764200,2694,18374
1355,15,0,23,2,56779140,3665,41764200,2691,18389
1356,7,0,17,8,56830800,3665,41764200,2690,18396
1357,15,0,20,5,56869140,3664,41764200,2688,18411
1358,11,0,20,5,56891100,3663,41764200,2686,18422
1359,7,0,15,10,56940600,3664,41764200,2684,18429
1360,4,0,14,11,56956200,3663,41764200,2684,18433
1361,9,0,17,8,56983080,3664,41764200,2682,18442
1362,4,0,17,8,56991900,3663,41764200,2682,18446
1363,10,0,19,6,57029160,3664,41764200,2680,18456
1364,6,0,22,3,57043200,3664,41764200,2679,18462
1365,6,0,15,10,57106560,3665,41764200,2678,18468
1366,6,0,16,9,57121920,3665,41764200,2677,18474
1367,10,0,18,7,57146400,3665,41764200,2675,18484
1368,6,0,15,10,57180540,3665,41764200,2674,18490
1369,6,0,14,11,57210060,3665,41764200,2673,18496
1370,9,0,15,10,57230760,3664,41764200,2671,18505
1371,6,0,14,11,57259080,3665,41764200,2670,18511
1372,1,0,11,14,57272760,3664,41764200,2670,18512
1373,11,0,18,7,57282960,3664,41764200,2668,18523
1374,7,0,17,8,57307980,3664,41764200,2667,18530
1375,8,0,18,7,57331740,3664,41764200,2666,18538
1376,5,0,15,10,57366840,3664,41764200,2665,18543
1377,11,0,19,6,57393360,3664,41764200,2663,18554
1378,10,0,17,8,57418860,3663,41764200,2661,18564
1379,16,0,20,5,57453300,3662,41764260,2659,18580
1380,6,0,15,10,57494640,3662,41764260,2658,18586
1381,7,0,17,8,57516600,3663,41764260,2656,18593
1382,10,0,22,3,57540480,3663,41764260,2655,18603
1383,15,0,25,0,57589380,3663,41766240,2652,18618
1384,9,0,18,7,57648000,3663,41766360,2651,18627
1385,10,0,16,9,57697020,3664,41766360,2649,18637
1386,16,0,25,0,57718080,3663,41766360,2646,18653
1387,12,0,20,5,57771540,3663,41766660,2644,18665
1388,7,0,17,8,57811020,3663,41766660,2643,18672
1389,10,0,18,7,57849480,3663,41766660,2642,18682
1390,3,0,14,11,57875220,3663,41766660,2641,18685
1391,7,0,17,8,57886680,3663,41766660,2640,18692
1392,4,0,14,11,57913260,3663,41766660,2639,18696
1393,4,0,11,14,57945000,3663,41766660,2639,18700
1394,3,0,12,13,57953340,3663,41766660,2638,18703
1395,9,0,16,9,57966360,3663,41766660,2637,18712
1396,2,0,12,13,57981840,3663,41766660,2636,18714
1397,6,0,13,12,58006080,3663,41766660,2635,18720
1398,6,0,16,9,58012920,3663,41766660,2634,18726
1399,9,0,17,8,58036740,3663,41766660,2633,18735
1400,10,0,13,12,58072080,3662,41766660,2631,18745
1401,7,0,15,10,58085220,3661,41766660,2630,18752
1402,8,0,18,7,58105740,3661,41766660,2629,18760
1403,13,0,19,6,58141200,3661,41766660,2626,18773
1404,9,0,18,7,58182360,3661,41766660,2625,18782
1405,8,0,19,6,58208460,3661,41766660,2624,18790
1406,4,0,14,11,58239900,3661,41766660,2623,18794
1407,13,0,21,4,58252920,3660,41766660,2621,18807
1408,3,0,13,12,58291380,3660,41766660,2620,18810
1409,7,0,15,10,58314420,3661,41766660,2619,18817
1410,9,0,15,10,58344240,3660,41766660,2618,18826
1411,15,0,23,2,58374720,3661,41766660,2615,18841
1412,10,0,21,4,58410120,3660,41766660,2614,18851
1413,6,0,19,6,58444560,3661,41766660,2613,18857
1414,6,0,15,10,58496460,3661,41766660,2612,18863
1415,11,0,18,7,58520880,3661,41766660,2610,18874
1416,4,0,15,10,58546440,3661,41766660,2609,18878
1417,9,0,18,7,58569660,3661,41766660,2608,18887
1418,5,0,14,11,58600200,3661,41766660,2607,18892
1419,4,0,16,9,58610160,3661,41766660,2606,18896
1420,8,0,15,10,58643340,3661,41766660,2605,18904
1421,6,0,14,11,58673460,3662,41766660,2604,18910
1422,6,0,17,8,58683660,3662,41766660,2603,18916
1423,8,0,17,8,58712580,3661,41766660,2602,18924
1424,8,0,18,7,58744020,3662,41766660,2600,18932
1425,9,0,22,3,58759740,3662,41766660,2599,18941
1426,13,0,19,6,58812600,3661,41766660,2597,18954
1427,11,0,22,3,58838100,3661,41766660,2595,18965
1428,11,0,23,2,58880100,3661,41766660,2593,18976
1429,10,0,20,5,58930260,3662,41769000,2592,18986
1430,9,0,19,6,58971360,3662,41769000,2590,18995
1431,12,0,21,4,59005380,3662,41769000,2589,19007
1432,11,0,22,3,59043720,3662,41769000,2587,19018
1433,7,0,17,8,59086140,3662,41769000,2586,19025
1434,12,0,19,6,59124600,3662,41769000,2584,19037
1435,7,0,19,6,59145000,3662,41769000,2583,19044
1436,6,0,14,11,59180640,3661,41769000,2582,19050
1437,5,0,15,10,59199300,3661,41769000,2581,19055
1438,6,0,16,9,59219820,3662,41769000,2580,19061
1439,5,0,13,12,59246160,3661,41769000,2579,19066
1440,7,0,14,11,59267880,3661,41769000,2578,19073
1441,2,0,12,13,59285100,3662,41769000,2578,19075
1442,6,0,13,12,59292240,3661,41769000,2577,19081
1443,3,0,13,12,59306400,3661,41769000,2576,19084
1444,3,0,11,14,59334240,3662,41769000,2576,19087
1445,9,0,14,11,59349540,3661,41769000,2574,19096
1446,7,0,16,9,59363160,3661,41769000,2573,19103
1447,9,0,19,6,59372460,3660,41769000,2572,19112
1448,8,0,17,8,59428920,3661,41769000,2571,19120
1449,15,0,21,4,59452740,3660,41769000,2568,19135
1450,12,0,22,3,59484240,3660,41769000,2566,19147
1451,7,0,12,13,59545920,3660,41769000,2565,19154
1452,10,0,14,11,59557200,3659,41769000,2564,19164
1453,9,0,18,7,59570580,3658,41769000,2562,19173
1454,10,0,19,6,59592600,3658,41769000,2561,19183
1455,11,0,19,6,59628840,3657,41769000,2559,19194
1456,10,0,17,8,59666760,3657,41769000,2557,19204
1457,6,0,15,10,59698260,3657,41769000,2556,19210
1458,10,0,17,8,59719920,3657,41769000,2555,19220
1459,7,0,14,11,59753700,3657,41769000,2554,19227
1460,2,0,12,13,59775480,3657,41769000,2553,19229
1461,1,0,10,15,59787540,3657,41769000,2553,19230
1462,10,0,18,7,59795280,3657,41769000,2552,19240
1463,6,0,18,7,59810460,3657,41769000,2551,19246
1464,6,0,19,6,59834400,3657,41769000,2550,19252
1465,9,0,16,9,59882580,3657,41769000,2548,19261
1466,4,0,14,11,59909700,3658,41769000,2548,19265
1467,4,0,12,13,59927280,3657,41769000,2547,19269
1468,4,0,12,13,59938920,3657,41769000,2547,19273
1469,6,0,14,11,59955720,3657,41769000,2546,19279
1470,4,0,15,10,59962680,3657,41769000,2545,19283
1471,11,0,19,6,59989200,3657,41769000,2543,19294
1472,12,0,25,0,60003720,3657,41769000,2541,19306
1473,14,0,22,3,60055980,3656,41769000,2539,19320
1474,7,0,15,10,60102240,3656,41769000,2538,19327
1475,7,0,14,11,60121980,3655,41769000,2537,19334
1476,10,0,18,7,60145440,3655,41769000,2536,19344
1477,10,0,21,4,60172560,3655,41769000,2534,19354
1478,6,0,20,5,60202140,3656,41769000,2533,19360
1479,8,0,19,6,60246420,3656,41769000,2532,19368
1480,9,0,18,7,60276900,3656,41769000,2530,19377
1481,6,0,18,7,60306240,3656,41769000,2530,19383
1482,11,0,22,3,60334380,3657,41769060,2528,19394
1483,6,0,17,8,60388320,3657,41769060,2527,19400
1484,8,0,16,9,60430140,3658,41769060,2526,19408
1485,7,0,12,13,60455640,3657,41769060,2525,19415
1486,5,0,12,13,60473460,3657,41769060,2524,19420
1487,7,0,16,9,60476760,3657,41769060,2523,19427
1488,8,0,18,7,60492240,3656,41769060,2522,19435
1489,3,0,13,12,60529560,3657,41769060,2521,19438
1490,5,0,11,14,60555720,3657,41769060,2520,19443
1491,3,0,13,12,60556380,3657,41769060,2520,19446
1492,7,0,18,7,60564000,3657,41769060,2519,19453
1493,5,0,14,11,60594060,3656,41769060,2518,19458
1494,2,0,13,12,60608700,3657,41769060,2518,19460
1495,11,0,16,9,60634560,3656,41769060,2516,19471
1496,10,0,19,6,60651180,3656,41769060,2515,19481
1497,10,0,20,5,60680460,3656,41769060,2513,19491
1498,7,0,19,6,60708720,3656,41769060,2512,19498
1499,7,0,19,6,60747060,3656,41769060,2511,19505
1500,8,0,20,5,60773760,3656,41769060,2510,19513
1501,7,0,17,8,60817320,3657,41769060,2509,19520
1502,9,0,14,11,60860880,3657,41769060,2507,19529
1503,11,0,14,11,60882360,3656,41769060,2506,19540
1504,12,0,19,6,60904080,3655,41769060,2504,19552
1505,7,0,19,6,60928260,3655,41769060,2503,19559
1506,7,0,18,7,60959220,3655,41769060,2502,19566
1507,12,0,20,5,61005120,3656,41771280,2500,19578
1508,6,0,12,13,61057740,3656,41771280,2499,19584
1509,11,0,17,8,61076820,3656,41771280,2498,19595
1510,8,0,16,9,61110780,3656,41771280,2496,19603
1511,0,0,14,11,61119720,3656,41771280,2496,19603
1512,3,0,12,13,61156800,3657,41771280,2496,19606
1513,3,0,12,13,61161000,3657,41771280,2496,19609
1514,2,0,11,14,61174680,3657,41771280,2495,19611
1515,4,0,12,13,61186200,3657,41771280,2495,19615
1516,9,0,16,9,61198560,3657,41771280,2493,19624
1517,5,0,16,9,61211640,3656,41771280,2493,19629
1518,5,0,16,9,61226940,3656,41771280,2492,19634
1519,9,0,19,6,61257420,3657,41771280,2490,19643
1520,10,0,22,3,61288140,3657,41771280,2489,19653
1521,4,0,15,10,61331640,3657,41771280,2488,19657
1522,11,0,20,5,61352880,3657,41771280,2487,19668
1523,13,0,20,5,61397220,3657,41771520,2485,19681
1524,11,0,19,6,61441080,3657,41771520,2483,19692
1525,15,0,23,2,61475760,3657,41771520,2481,19707
1526,17,2,25,0,61504920,3656,41772480,2479,19724
1527,6,0,14,11,61594140,3657,41773680,2478,19730
1528,8,0,14,11,61615800,3656,41773680,2477,19738
1529,11,0,20,5,61629420,3656,41773680,2475,19749
1530,6,0,17,8,61672800,3657,41773680,2474,19755
1531,8,0,16,9,61701840,3656,41773680,2473,19763
1532,5,0,14,11,61734120,3657,41773680,2472,19768
1533,3,0,14,11,61749420,3657,41773680,2472,19771
1534,6,0,15,10,61781400,3658,41773680,2471,19777
1535,3,0,12,13,61800240,3658,41773680,2470,19780
1536,7,0,16,9,61816200,3658,41773680,2469,19787
1537,2,0,14,11,61829040,3658,41773680,2469,19789
1538,6,0,14,11,61854840,3658,41773680,2468,19795
1539,4,0,16,9,61856820,3658,41773680,2468,19799
1540,11,0,18,7,61886100,3658,41773680,2466,19810
1541,8,0,16,9,61918680,3657,41773680,2465,19818
1542,6,0,14,11,61946400,3657,41773680,2464,19824
1543,12,0,19,6,61969560,3657,41773680,2462,19836
1544,7,0,14,11,62011860,3657,41773680,2461,19843
1545,5,0,15,10,62024280,3657,41773680,2461,19848
1546,14,0,25,0,62033160,3656,41773740,2459,19862
1547,12,2,25,0,62078340,3657,41776620,2457,19874
1548,14,1,25,0,62134920,3657,41783460,2455,19888
1549,9,0,19,6,62200620,3657,41784240,2454,19897
1550,8,0,19,6,62237820,3658,41784240,2453,19905
1551,6,0,14,11,62292960,3659,41784240,2452,19911
1552,12,0,19,6,62310360,3658,41784240,2450,19923
1553,11,0,16,9,62343660,3657,41784240,2449,19934
1554,3,0,13,12,62369640,3658,41784240,2448,19937
1555,6,0,15,10,62385780,3658,41784240,2447,19943
1556,7,0,13,12,62412720,3657,41784240,2446,19950
1557,10,0,14,11,62423160,3656,41784240,2445,19960
1558,6,0,13,12,62441280,3656,41784240,2444,19966
1559,5,0,14,11,62454300,3655,41784240,2443,19971
1560,2,0,12,13,62470740,3656,41784240,2443,19973
1561,5,0,13,12,62488260,3656,41784240,2442,19978
1562,7,0,14,11,62501640,3655,41784240,2441,19985
1563,1,0,12,13,62516520,3655,41784240,2441,19986
1564,4,0,13,12,62536440,3656,41784240,2441,19990
1565,13,0,24,1,62539740,3656,41784240,2439,20003
1566,9,0,17,8,62594700,3656,41784240,2438,20012
1567,7,0,17,8,62614260,3655,41784240,2437,20019
1568,5,0,15,10,62646660,3656,41784240,2436,20024
1569,10,0,17,8,62679540,3656,41784240,2434,20034
1570,9,0,19,6,62701980,3656,41784240,2433,20043
1571,13,0,23,2,62736420,3656,41784240,2431,20056
1572,16,1,25,0,62778900,3655,41784960,2429,20072
1573,13,1,25,0,62831640,3656,41786520,2428,20085
1574,15,0,24,1,62896560,3656,41788320,2425,20100
1575,14,0,20,5,62965020,3656,41789520,2423,20114
1576,11,0,19,6,63001800,3656,41789520,2422,20125
1577,11,0,19,6,63045840,3656,41789520,2420,20136
1578,8,0,16,9,63091140,3656,41789520,2419,20144
1579,14,0,19,6,63116820,3655,41789520,2417,20158
1580,5,0,20,5,63125040,3655,41789520,2417,20163
1581,3,0,15,10,63175440,3656,41789520,2416,20166
1582,9,0,16,9,63203400,3656,41789520,2415,20175
1583,10,0,16,9,63231660,3656,41789520,2414,20185
1584,3,0,14,11,63241440,3655,41789520,2413,20188
1585,7,0,14,11,63279300,3656,41789520,2412,20195
1586,8,0,18,7,63292500,3656,41789520,2411,20203
1587,8,0,17,8,63322500,3656,41789520,2410,20211
1588,6,0,18,7,63350340,3656,41789520,2409,20217
1589,5,0,13,12,63388560,3656,41789520,2408,20222
1590,4,0,12,13,63399120,3656,41789520,2408,20226
1591,1,0,11,14,63418440,3656,41789520,2408,20227
1592,7,0,14,11,63430140,3656,41789520,2407,20234
1593,16,0,20,5,63447300,3655,41789520,2405,20250
1594,18,0,22,3,63478860,3654,41789520,2402,20268
1595,10,0,19,6,63512040,3653,41789520,2401,20278
1596,8,0,19,6,63545700,3653,41789520,2400,20286
1597,4,0,15,10,63587820,3654,41789520,2399,20290
1598,8,0,17,8,63621000,3654,41789520,2398,20298
1599,11,0,22,3,63630420,3654,41789520,2396,20309
1600,12,0,20,5,63688740,3654,41789520,2395,20321
1601,14,0,24,1,63721020,3654,41789520,2393,20335
1602,7,0,21,4,63761460,3654,41791080,2392,20342
1603,15,3,25,0,63810780,3655,41791080,2390,20357
1604,8,0,21,4,63869040,3655,41793420,2389,20365
1605,6,0,16,9,63925680,3656,41793420,2388,20371
1606,4,0,15,10,63946500,3657,41793420,2388,20375
1607,4,0,11,14,63986100,3657,41793420,2387,20379
1608,8,0,13,12,63993540,3656,41793420,2386,20387
1609,6,0,16,9,64004160,3656,41793420,2385,20393
1610,4,0,11,14,64030680,3656,41793420,2385,20397
1611,11,0,20,5,64042920,3656,41793420,2383,20408
1612,2,0,11,14,64073880,3656,41793420,2383,20410
1613,4,0,12,13,64088160,3656,41793420,2382,20414
1614,14,0,17,8,64101660,3655,41793420,2380,20428
1615,12,0,20,5,64128960,3654,41793420,2379,20440
1616,7,0,19,6,64152600,3654,41793420,2378,20447
1617,10,0,19,6,64188660,3654,41793420,2376,20457
1618,6,0,17,8,64229640,3655,41793420,2376,20463
1619,6,0,16,9,64266240,3655,41793420,2375,20469
1620,15,0,22,3,64289940,3655,41793420,2373,20484
1621,17,0,25,0,64330920,3654,41793840,2371,20501
1622,9,0,22,3,64377660,3654,41794140,2369,20510
1623,12,0,21,4,64438680,3655,41794200,2368,20522
1624,8,0,20,5,64482900,3656,41794200,2367,20530
1625,14,0,24,1,64514640,3656,41794200,2365,20544
1626,8,0,19,6,64574700,3656,41794200,2364,20552
1627,9,0,18,7,64610400,3656,41794200,2362,20561
1628,11,0,20,5,64638420,3656,41794200,2361,20572
1629,8,0,18,7,64669800,3656,41794200,2360,20580
1630,9,0,15,10,64723620,3656,41794200,2359,20589
1631,8,0,19,6,64740660,3656,41794200,2358,20597
1632,4,0,17,8,64760340,3656,41794200,2357,20601
1633,3,0,14,11,64781640,3656,41794200,2357,20604
1634,6,0,16,9,64804320,3657,41794200,2356,20610
1635,5,0,16,9,64827060,3657,41794200,2355,20615
1636,8,0,17,8,64859760,3657,41794200,2354,20623
1637,9,0,18,7,64887120,3657,41794200,2353,20632
1638,6,0,17,8,64911600,3657,41794200,2352,20638
1639,6,0,14,11,64951860,3658,41794200,2351,20644
1640,8,0,17,8,64964640,3657,41794200,2350,20652
1641,9,0,18,7,64986660,3657,41794200,2349,20661
1642,9,0,20,5,65012040,3657,41794200,2348,20670
1643,9,0,20,5,65055840,3657,41794200,2347,20679
1644,12,0,21,4,65093460,3657,41794200,2345,20691
1645,13,1,25,0,65125680,3657,41794500,2344,20704
1646,9,0,22,3,65179380,3658,41795040,2342,20713
1647,12,0,21,4,65230380,3658,41795040,2341,20725
1648,10,0,23,2,65262060,3658,41795040,2340,20735
1649,10,0,22,3,65313300,3659,41795580,2338,20745
1650,5,0,16,9,65372880,3660,41795580,2338,20750
1651,6,0,14,11,65402580,3660,41795580,2337,20756
1652,4,0,12,13,65432880,3660,41795580,2336,20760
1653,8,0,16,9,65442540,3660,41795580,2335,20768
1654,5,0,16,9,65456220,3660,41795580,2335,20773
1655,9,0,18,7,65470140,3659,41795580,2333,20782
1656,4,0,16,9,65508720,3660,41795580,2333,20786
1657,4,0,14,11,65532120,3660,41795580,2332,20790
1658,6,0,15,10,65557920,3661,41795580,2332,20796
1659,7,0,17,8,65578740,3661,41795580,2331,20803
1660,1,0,14,11,65596980,3661,41795580,2331,20804
1661,5,0,13,12,65628840,3661,41795580,2330,20809
1662,9,0,19,6,65640600,3661,41795580,2329,20818
1663,7,0,19,6,65667420,3662,41795580,2328,20825
1664,13,0,23,2,65703600,3662,41795580,2326,20838
1665,8,0,19,6,65745480,3662,41795580,2325,20846
1666,7,0,19,6,65773500,3662,41795580,2324,20853
1667,4,0,13,12,65818080,3662,41795580,2324,20857
1668,13,0,19,6,65847780,3662,41795580,2322,20870
1669,9,0,17,8,65873100,3662,41795580,2321,20879
1670,13,0,19,6,65912340,3662,41795580,2319,20892
1671,8,0,14,11,65951460,3661,41795580,2318,20900
1672,6,0,15,10,65977020,3661,41795580,2317,20906
1673,7,0,18,7,65992140,3661,41795580,2316,20913
1674,12,0,21,4,66015660,3661,41795580,2315,20925
1675,8,0,17,8,66060420,3661,41795580,2314,20933
1676,8,0,17,8,66087360,3661,41795580,2313,20941
1677,5,0,14,11,66124620,3661,41795580,2312,20946
1678,7,0,15,10,66141120,3661,41795580,2311,20953
1679,7,0,14,11,66165000,3661,41795580,2310,20960
1680,8,0,18,7,66175260,3660,41795580,2309,20968
1681,7,0,21,4,66195480,3661,41795580,2309,20975
1682,19,3,25,0,66235560,3661,41796480,2307,20994
1683,25,5,25,0,66305640,3660,41798460,2303,21019
1684,22,19,25,0,66336240,3660,41801700,2301,21041
1685,32,40,25,0,66386940,3661,41818980,2298,21073
1686,36,38,25,0,66469440,3663,41849700,2298,21109
1687,24,40,25,0,66517860,3664,41901660,2300,21133
1688,29,40,25,0,66596280,3665,41960640,2301,21162
1689,30,40,25,0,66633300,3664,41991600,2301,21192
1690,31,38,25,0,66706680,3665,42110520,2306,21223
1691,22,40,25,0,66754560,3664,42149520,2305,21245
1692,33,40,25,0,66800580,3664,42167520,2304,21278
1693,33,40,25,0,66867300,3664,42202920,2304,21311
1694,36,40,25,0,66927840,3665,42210660,2303,21347
1695,25,33,25,0,66992220,3665,42399480,2312,21372
1696,27,40,25,0,67042680,3665,42405720,2310,21399
1697,30,40,25,0,67114500,3665,42466440,2311,21429
1698,28,40,25,0,67157040,3665,42475560,2310,21457
1699,32,40,25,0,67197840,3665,42489300,2309,21489
1700,23,40,25,0,67277100,3666,42572880,2312,21512
1701,39,39,25,0,67326300,3666,42591120,2311,21551
1702,35,40,25,0,67392300,3666,42612660,2310,21586
1703,26,40,25,0,67445040,3667,42620400,2309,21612
1704,35,40,25,0,67508280,3667,42667440,2310,21647
1705,35,40,25,0,67568760,3668,42696240,2309,21682
1706,31,39,25,0,67610460,3668,42711000,2309,21713
1707,24,40,25,0,67648740,3668,42752340,2310,21737
1708,30,40,25,0,67741080,3669,42960300,2319,21767
1709,30,40,25,0,67798200,3668,42981840,2317,21797
1710,38,40,25,0,67858200,3669,43005480,2317,21835
1711,34,40,25,0,67907340,3669,43057740,2318,21869
1712,28,39,25,0,67975920,3669,43142700,2320,21897
1713,26,40,25,0,67996860,3669,43147920,2320,21923
1714,34,40,25,0,68099160,3670,43229520,2322,21957
1715,39,40,25,0,68139420,3670,43289700,2324,21996
1716,34,39,25,0,68204520,3670,43321620,2323,22030
1717,24,39,25,0,68268120,3669,43389240,2324,22054
1718,26,40,25,0,68308560,3669,43419720,2324,22080
1719,21,37,25,0,68370000,3669,43495320,2326,22101
1720,34,40,25,0,68426760,3669,43608420,2330,22135
1721,33,39,25,0,68498220,3669,43766040,2336,22168
1722,33,40,25,0,68540460,3669,43774440,2335,22201
1723,38,40,25,0,68601900,3670,43806540,2335,22239
1724,34,40,25,0,68652180,3669,43839420,2335,22273
1725,30,40,25,0,68705100,3670,43848060,2334,22303
1726,32,40,25,0,68777640,3671,43862400,2333,22335
1727,34,40,25,0,68831280,3671,43932900,2335,22369
1728,33,40,25,0,68884260,3669,43949340,2333,22402
1729,31,40,25,0,68943420,3670,43961640,2332,22433
1730,36,40,25,0,69001920,3670,44041080,2334,22469
1731,31,40,25,0,69070560,3670,44086260,2334,22500
1732,27,40,25,0,69117720,3670,44091600,2333,22527
1733,30,37,25,0,69188040,3671,44189100,2337,22557
1734,36,40,25,0,69222900,3670,44364600,2344,22593
1735,34,40,25,0,69277320,3672,44376600,2344,22627
1736,27,40,25,0,69363480,3673,44471760,2347,22654
1737,36,40,25,0,69403140,3672,44489520,2346,22690
1738,40,39,25,0,69469320,3672,44552640,2347,22730
1739,31,36,25,0,69540600,3671,44693820,2352,22761
1740,29,37,25,0,69602100,3670,44822280,2356,22790
1741,22,40,25,0,69637080,3669,44932020,2359,22812
1742,32,39,25,0,69711300,3670,44968140,2359,22844
1743,23,39,25,0,69765240,3669,44995020,2358,22867
1744,27,40,25,0,69794280,3668,45008940,2358,22894
1745,39,40,25,0,69843000,3669,45014520,2357,22933
1746,33,40,25,0,69907080,3670,45070620,2358,22966
1747,23,36,25,0,69979020,3669,45667860,2387,22989
1748,31,40,25,0,70026000,3670,45677400,2386,23020
1749,32,40,25,0,70087740,3670,45693360,2385,23052
1750,31,40,25,0,70150560,3670,45703860,2383,23083
1751,30,40,25,0,70211280,3670,45757980,2383,23113
1752,45,39,25,0,70281720,3669,45778500,2382,23158
1753,32,40,25,0,70331700,3669,45833640,2383,23190
1754,36,40,25,0,70386840,3669,45850140,2382,23226
1755,39,40,25,0,70435920,3669,45902640,2383,23265
1756,32,40,25,0,70510620,3669,45954360,2383,23297
1757,29,40,25,0,70559100,3669,46187580,2393,23326
1758,40,40,25,0,70614000,3669,46254360,2395,23366
1759,36,40,25,0,70680300,3668,46299540,2395,23402
1760,38,39,25,0,70741500,3668,46383120,2397,23440
1761,28,40,25,0,70781340,3668,46405920,2397,23468
1762,27,39,25,0,70837200,3667,46497660,2399,23495
1763,22,36,25,0,70909440,3668,46535040,2399,23517
1764,33,40,25,0,70954680,3667,47067060,2424,23550
1765,29,40,25,0,71023560,3668,47076360,2423,23579
1766,36,40,25,0,71072400,3668,47097780,2423,23615
1767,37,40,25,0,71122560,3668,47107080,2421,23652
1768,30,39,25,0,71190300,3669,47466180,2438,23682
1769,37,40,25,0,71235480,3670,47554500,2441,23719
1770,32,40,25,0,71299320,3669,47588220,2441,23751
1771,33,39,25,0,71356260,3669,47619480,2440,23784
1772,21,40,25,0,71398620,3668,47690220,2442,23805
1773,37,40,25,0,71463660,3670,47702100,2442,23842
1774,29,40,25,0,71523420,3670,47782860,2444,23871
1775,29,39,25,0,71581860,3671,47809200,2443,23900
1776,38,38,25,0,71669700,3671,47923680,2447,23938
1777,28,38,25,0,71708340,3671,47933460,2446,23966
1778,22,39,25,0,71763300,3671,47961360,2446,23988
1779,42,40,25,0,71822340,3672,48035340,2448,24030
1780,28,39,25,0,71884860,3671,48085260,2447,24058
1781,38,38,25,0,71937780,3671,48116640,2448,24096
1782,29,40,25,0,71998680,3671,48186660,2449,24125
1783,30,40,25,0,72051540,3672,48195360,2448,24155
1784,39,40,25,0,72124080,3672,48387660,2456,24194
1785,27,40,25,0,72160620,3671,48440940,2456,24221
1786,35,40,25,0,72218580,3672,48450300,2455,24256
1787,31,39,25,0,72295320,3672,48517200,2457,24287
1788,24,40,25,0,72352200,3672,48622440,2460,24311
1789,37,39,25,0,72406440,3671,48664320,2459,24348
1790,26,40,25,0,72471420,3671,48684480,2458,24374
1791,28,38,25,0,72523140,3671,48737220,2459,24402
1792,36,39,25,0,72577140,3671,48746400,2457,24438
1793,32,38,25,0,72627600,3671,48773040,2457,24470
1794,27,40,25,0,72687840,3671,48845640,2459,24497
1795,33,40,25,0,72742560,3671,48955980,2463,24530
1796,45,39,25,0,72785580,3672,49004460,2464,24575
1797,38,38,25,0,72864120,3672,49038900,2463,24613
1798,37,39,25,0,72917640,3672,49045200,2462,24650
1799,38,39,25,0,72973980,3672,49084920,2462,24688
1800,23,40,25,0,73022820,3672,49098780,2461,24711
1801,30,40,25,0,73086600,3672,49176960,2463,24741
1802,36,39,25,0,73163760,3673,49189140,2462,24777
1803,31,39,25,0,73216500,3673,49239000,2462,24808
1804,26,40,25,0,73261140,3672,49333740,2465,24834
1805,28,40,25,0,73320780,3673,49349880,2464,24862
1806,31,40,25,0,73363020,3674,49370340,2464,24893
1807,38,39,25,0,73442520,3673,49433400,2464,24931
1808,28,39,25,0,73487040,3673,49455660,2464,24959
1809,32,40,25,0,73539300,3673,49487760,2464,24991
1810,39,40,25,0,73609080,3674,49569780,2466,25030
1811,33,40,25,0,73662000,3674,49602060,2466,25063
1812,34,37,25,0,73729380,3674,49641180,2466,25097
1813,30,38,25,0,73803360,3674,49801320,2471,25127
1814,26,38,25,0,73845060,3673,49816800,2470,25153
1815,30,40,25,0,73911960,3673,49954800,2475,25183
1816,27,39,25,0,73951080,3672,49959600,2473,25210
1817,28,40,25,0,74006760,3673,50003520,2474,25238
1818,34,40,25,0,74060340,3673,50044380,2474,25272
1819,23,39,25,0,74123460,3673,50070660,2473,25295
1820,32,40,25,0,74196240,3674,50080200,2472,25327
1821,29,39,25,0,74260140,3674,50166600,2475,25356
1822,30,40,25,0,74315340,3674,50225460,2475,25386
1823,33,40,25,0,74346600,3673,50233860,2474,25419
1824,36,40,25,0,74433900,3674,50367060,2478,25455
1825,23,35,25,0,74487900,3671,51107040,2512,25478
1826,34,39,25,0,74529060,3672,51118140,2510,25512
1827,33,40,25,0,74575680,3672,51139920,2510,25545
1828,38,39,25,0,74665740,3671,51201420,2509,25583
1829,23,35,25,0,74708040,3670,51240240,2510,25606
1830,31,40,25,0,74760840,3670,51720780,2531,25637
1831,27,40,25,0,74823300,3670,51739620,2530,25664
1832,33,35,25,0,74895240,3670,51849840,2533,25697
1833,33,40,25,0,74924760,3669,51855960,2531,25730
1834,32,38,25,0,74985780,3670,51870180,2531,25762
1835,43,38,25,0,75068040,3671,52186980,2544,25805
1836,30,40,25,0,75110160,3670,52221900,2543,25835
1837,25,40,25,0,75163260,3670,52245240,2543,25860
1838,30,36,25,0,75234480,3671,52291860,2544,25890
1839,26,37,25,0,75277500,3669,52683120,2560,25916
1840,35,39,25,0,75353820,3671,52692060,2559,25951
1841,29,40,25,0,75400860,3671,52736700,2559,25980
1842,24,38,25,0,75453600,3671,52745940,2558,26004
1843,32,40,25,0,75520560,3671,52791480,2558,26036
1844,26,40,25,0,75553680,3671,52800120,2558,26062
1845,31,39,25,0,75618960,3672,52827960,2557,26093
1846,25,39,25,0,75677280,3671,53035680,2565,26118
1847,26,40,25,0,75723480,3672,53044680,2564,26144
1848,22,32,25,0,75817500,3673,53383680,2579,26166
1849,10,12,25,0,75872880,3670,61817280,2985,26176
1850,6,0,19,6,75918060,3668,64923360,3134,26182
1851,3,0,12,13,75968280,3669,64923360,3134,26185
1852,11,0,17,8,75982440,3669,64923360,3132,26196
1853,4,0,15,10,75996300,3668,64923360,3131,26200
1854,3,0,13,12,76026780,3669,64923360,3131,26203
1855,7,0,15,10,76037700,3668,64923360,3130,26210
1856,10,0,22,3,76050660,3668,64923360,3128,26220
1857,7,0,20,5,76095900,3669,64923360,3127,26227
1858,12,0,20,5,76145280,3669,64923360,3125,26239
1859,7,0,21,4,76164660,3669,64923360,3124,26246
1860,9,0,16,9,76215420,3669,64923360,3123,26255
1861,9,0,16,9,76256160,3670,64923360,3122,26264
1862,8,0,18,7,76276500,3669,64923360,3121,26272
1863,10,0,22,3,76299060,3669,64923360,3119,26282
1864,5,0,15,10,76345200,3670,64923360,3118,26287
1865,13,0,18,7,76363440,3669,64923360,3116,26300
1866,8,0,19,6,76393440,3669,64923360,3115,26308
1867,6,0,15,10,76421280,3668,64923360,3114,26314
1868,11,0,16,9,76455060,3668,64923360,3113,26325
1869,3,0,14,11,76476180,3668,64923360,3112,26328
1870,11,0,18,7,76492320,3668,64923360,3110,26339
1871,5,0,18,7,76504200,3668,64923360,3110,26344
1872,5,0,13,12,76556880,3668,64923360,3109,26349
1873,3,0,11,14,76568820,3668,64923360,3109,26352
1874,8,0,13,12,76575900,3667,64923360,3107,26360
1875,5,0,16,9,76580280,3667,64923360,3107,26365
1876,8,0,18,7,76607820,3668,64923360,3105,26373
1877,1,0,10,15,76646520,3668,64923360,3105,26374
1878,9,0,13,12,76660500,3667,64923360,3104,26383
1879,5,0,14,11,76668000,3667,64923360,3103,26388
1880,8,0,15,10,76688580,3667,64923360,3102,26396
1881,13,0,20,5,76717860,3667,64923360,3100,26409
1882,8,0,20,5,76735380,3666,64923360,3099,26417
1883,8,0,18,7,76787280,3667,64923360,3098,26425
1884,9,0,20,5,76811820,3667,64923360,3096,26434
1885,8,0,19,6,76832100,3666,64923360,3095,26442
1886,17,0,22,3,76890420,3667,64923660,3093,26459
1887,3,0,19,6,76915620,3667,64923660,3092,26462
1888,7,0,16,9,76964760,3667,64923660,3091,26469
1889,11,0,17,8,76991220,3667,64923660,3090,26480
1890,7,0,15,10,77022900,3667,64923660,3089,26487
1891,5,0,12,13,77046720,3667,64923660,3088,26492
1892,16,0,21,4,77069400,3667,64923660,3086,26508
1893,11,0,23,2,77101380,3666,64923660,3084,26519
1894,3,0,15,10,77150760,3667,64923660,3083,26522
1895,5,0,16,9,77175840,3667,64923660,3083,26527
1896,7,0,15,10,77205480,3667,64923660,3082,26534
1897,4,0,13,12,77230620,3668,64923660,3081,26538
1898,11,0,17,8,77250180,3667,64923660,3080,26549
1899,5,0,13,12,77276940,3667,64923660,3079,26554
1900,5,0,14,11,77289120,3667,64923660,3078,26559
1901,9,0,17,8,77302740,3666,64923660,3077,26568
1902,10,0,17,8,77329080,3666,64923660,3075,26578
1903,7,0,17,8,77356320,3666,64923660,3074,26585
1904,8,0,18,7,77378820,3666,64923660,3073,26593
1905,9,0,13,12,77404980,3665,64923660,3072,26602
1906,4,0,15,10,77422380,3665,64923660,3071,26606
1907,6,0,13,12,77452980,3665,64923660,3070,26612
1908,8,0,14,11,77469360,3665,64923660,3069,26620
1909,8,0,17,8,77485500,3665,64923660,3068,26628
1910,14,0,23,2,77509860,3664,64923660,3066,26642
1911,12,0,21,4,77555760,3664,64923660,3064,26654
1912,10,0,23,2,77589540,3664,64923660,3063,26664
1913,16,0,20,5,77655420,3664,64923660,3060,26680
1914,11,0,16,9,77693580,3663,64923660,3059,26691
1915,10,0,18,7,77715540,3663,64923660,3057,26701
1916,4,0,14,11,77749980,3663,64923660,3057,26705
1917,6,0,17,8,77760240,3663,64923660,3056,26711
1918,3,0,15,10,77778480,3663,64923660,3056,26714
1919,7,0,15,10,77800980,3663,64923660,3055,26721
1920,3,0,13,12,77828220,3664,64923660,3054,26724
1921,5,0,13,12,77844900,3663,64923660,3053,26729
1922,4,0,13,12,77859420,3663,64923660,3053,26733
1923,6,0,14,11,77872380,3663,64923660,3052,26739
1924,5,0,17,8,77879040,3663,64923660,3051,26744
1925,10,0,17,8,77921160,3663,64923660,3050,26754
1926,7,0,17,8,77944020,3663,64923660,3049,26761
1927,3,0,14,11,77967900,3663,64923660,3048,26764
1928,5,0,11,14,77999280,3664,64923660,3048,26769
1929,6,0,16,9,78013860,3664,64923660,3047,26775
1930,9,0,19,6,78025500,3664,64923660,3046,26784
1931,9,0,17,8,78076080,3664,64923660,3044,26793
1932,5,0,15,10,78105240,3664,64923660,3044,26798
1933,7,0,16,9,78126180,3664,64923660,3043,26805
1934,12,0,18,7,78159900,3664,64923660,3041,26817
1935,11,0,23,2,78184800,3664,64923660,3039,26828
1936,9,0,17,8,78236280,3664,64923660,3038,26837
1937,7,0,16,9,78275280,3664,64923660,3037,26844
1938,10,0,17,8,78307440,3664,64923660,3036,26854
1939,12,0,21,4,78328500,3664,64923660,3034,26866
1940,8,0,19,6,78363180,3664,64923660,3033,26874
1941,4,0,12,13,78405600,3664,64923660,3032,26878
1942,5,0,16,9,78413100,3664,64923660,3031,26883
1943,3,0,15,10,78437820,3665,64923660,3031,26886
1944,5,0,17,8,78447600,3665,64923660,3030,26891
1945,7,0,17,8,78479520,3665,64923660,3029,26898
1946,4,0,13,12,78517560,3665,64923660,3029,26902
1947,3,0,11,14,78533040,3665,64923660,3028,26905
1948,4,0,12,13,78541860,3665,64923660,3028,26909
1949,4,0,12,13,78557940,3665,64923660,3027,26913
1950,12,0,17,8,78568320,3664,64923660,3026,26925
1951,9,0,17,8,78591960,3664,64923660,3024,26934
1952,11,0,22,3,78608580,3664,64923660,3023,26945
1953,12,0,21,4,78648720,3663,64923660,3021,26957
1954,11,0,24,1,78685800,3664,64923660,3019,26968
1955,9,0,17,8,78755760,3664,64923660,3018,26977
1956,12,0,22,3,78781680,3664,64923660,3017,26989
1957,8,0,18,7,78822780,3664,64923660,3015,26997
1958,11,0,18,7,78855180,3664,64923660,3014,27008
1959,11,0,17,8,78886920,3663,64923660,3012,27019
1960,14,0,20,5,78918120,3663,64923660,3010,27033
1961,12,0,15,10,78959460,3662,64923660,3009,27045
1962,9,0,17,8,78974400,3661,64923660,3007,27054
1963,7,0,18,7,78990000,3661,64923660,3006,27061
1964,5,0,16,9,79012020,3661,64923660,3006,27066
1965,9,0,18,7,79041480,3661,64923660,3005,27075
1966,8,0,16,9,79065540,3660,64923660,3003,27083
1967,10,0,17,8,79100100,3661,64923660,3002,27093
1968,1,0,15,10,79116420,3661,64923660,3002,27094
1969,7,0,13,12,79161660,3661,64923660,3001,27101
1970,3,0,13,12,79166100,3661,64923660,3001,27104
1971,5,0,13,12,79183740,3661,64923660,3000,27109
1972,9,0,16,9,79197300,3661,64923660,2999,27118
1973,7,0,16,9,79213080,3660,64923660,2998,27125
1974,9,0,19,6,79230240,3660,64923660,2996,27134
1975,5,0,16,9,79256520,3660,64923660,2996,27139
1976,8,0,16,9,79296360,3660,64923660,2995,27147
1977,6,0,15,10,79316040,3660,64923660,2994,27153
1978,7,0,17,8,79338240,3660,64923660,2993,27160
1979,11,0,21,4,79361460,3660,64923660,2991,27171
1980,15,0,22,3,79401900,3660,64923660,2989,27186
1981,13,0,25,0,79427220,3659,64923660,2987,27199
1982,10,0,23,2,79484460,3660,64923660,2986,27209
1983,11,0,18,7,79552260,3660,64923660,2984,27220
1984,9,0,16,9,79591560,3660,64923660,2983,27229
1985,10,0,20,5,79603680,3660,64923660,2982,27239
1986,10,0,18,7,79645200,3659,64923660,2981,27249
1987,10,0,16,9,79685220,3659,64923660,2979,27259
1988,8,0,18,7,79709460,3659,64923660,2978,27267
1989,9,0,18,7,79745160,3660,64923660,2977,27276
1990,5,0,13,12,79781460,3660,64923660,2976,27281
1991,6,0,16,9,79786320,3659,64923660,2975,27287
1992,9,0,17,8,79797960,3658,64923660,2974,27296
1993,1,0,14,11,79824120,3659,64923660,2974,27297
1994,4,0,12,13,79853760,3659,64923660,2973,27301
1995,7,0,12,13,79871700,3659,64923660,2972,27308
1996,5,0,15,10,79880700,3659,64923660,2972,27313
1997,6,0,12,13,79903260,3659,64923660,2971,27319
1998,8,0,13,12,79923480,3658,64923660,2970,27327
1999,10,0,18,7,79932600,3658,64923660,2969,27337
2000,7,0,17,8,79958280,3658,64923660,2968,27344
2001,10,0,20,5,79977660,3657,64923660,2966,27354
2002,11,0,24,1,80002620,3657,64923660,2965,27365
2003,14,0,23,2,80059620,3658,64924860,2963,27379
2004,8,0,16,9,80121000,3658,64925280,2962,27387
2005,14,0,20,5,80150460,3658,64925280,2960,27401
2006,6,0,18,7,80182440,3658,64925280,2959,27407
2007,15,0,23,2,80215140,3657,64925280,2957,27422
2008,13,0,23,2,80256360,3657,64925280,2955,27435
2009,12,0,21,4,80297820,3657,64925280,2954,27447
2010,14,0,22,3,80356620,3657,64925760,2952,27461
2011,6,0,20,5,80388660,3657,64925760,2951,27467
2012,11,0,18,7,80447220,3658,64925760,2950,27478
2013,4,0,14,11,80474160,3658,64925760,2949,27482
2014,9,0,17,8,80495400,3658,64925760,2948,27491
2015,6,0,16,9,80520660,3658,64925760,2947,27497
2016,8,0,19,6,80546160,3658,64925760,2946,27505
2017,3,0,19,6,80553120,3658,64925760,2946,27508
2018,8,0,22,3,80559720,3657,64925760,2945,27516
2019,4,0,24,1,80565480,3657,64925760,2944,27520
2020,7,2,25,0,80579280,3657,64927260,2943,27527
2021,8,6,25,0,80607780,3658,64931640,2942,27535
2022,7,9,25,0,80631960,3658,64943100,2942,27542
2023,10,14,25,0,80662680,3659,64947300,2941,27552
2024,12,25,25,0,80671560,3659,64951620,2941,27564
2025,10,31,25,0,80698920,3660,64970340,2939,27574
2026,6,34,25,0,80723280,3660,64981080,2939,27580
2027,11,40,25,0,80761560,3661,65014620,2939,27591
2028,12,39,25,0,80786640,3662,65026860,2939,27603
2029,7,40,25,0,80809560,3662,65043600,2939,27610
2030,6,39,25,0,80835780,3663,65068200,2940,27616
2031,19,40,25,0,80861760,3663,65082180,2939,27635
2032,13,39,25,0,80901900,3663,65239740,2945,27648
2033,12,39,25,0,80917980,3662,65316540,2947,27660
2034,7,40,25,0,80936280,3662,65335380,2948,27667
2035,7,37,25,0,80968740,3663,65394480,2950,27674
2036,3,31,25,0,81000900,3663,65651460,2961,27677
2037,7,31,25,0,81022680,3662,65745060,2964,27684
2038,0,27,25,0,81040980,3663,65891520,2971,27684
2039,1,12,25,0,81080880,3662,66531300,3000,27685
2040,15,9,25,0,81101760,3660,66816840,3010,27700
2041,4,9,25,0,81116400,3660,66822960,3010,27704
2042,4,7,25,0,81143880,3660,66841500,3011,27708
2043,4,0,25,0,81171480,3659,67068120,3020,27712
2044,7,4,25,0,81181140,3659,67068300,3020,27719
2045,3,0,24,1,81214260,3659,67081920,3019,27722
2046,12,1,25,0,81247320,3659,67083240,3018,27734
2047,7,0,23,2,81270780,3659,67084800,3017,27741
2048,9,1,25,0,81286440,3658,67084800,3016,27750
2049,9,1,25,0,81313140,3658,67087800,3015,27759
2050,12,7,25,0,81339360,3658,67094220,3013,27771
2051,6,11,25,0,81348240,3658,67095360,3013,27777
2052,9,17,25,0,81363300,3659,67101660,3013,27786
2053,19,29,25,0,81410400,3660,67113660,3010,27805
2054,13,39,25,0,81425520,3660,67119780,3008,27818
2055,11,40,25,0,81439320,3660,67127640,3008,27829
2056,4,37,25,0,81488760,3661,67184880,3010,27833
2057,11,40,25,0,81509280,3661,67199220,3010,27844
2058,14,39,25,0,81532920,3661,67221300,3010,27858
2059,7,39,25,0,81562500,3662,67262160,3011,27865
2060,3,37,25,0,81580800,3662,67312380,3013,27868
2061,3,34,25,0,81606960,3662,67421940,3017,27871
2062,4,32,25,0,81633300,3662,67594020,3025,27875
2063,4,31,25,0,81654780,3662,67662120,3027,27879
2064,6,30,25,0,81684240,3662,67797240,3032,27885
2065,12,35,25,0,81715620,3663,67943820,3037,27897
2066,3,33,25,0,81731220,3663,67958940,3038,27900
2067,2,26,25,0,81767580,3663,68100540,3044,27902
2068,7,22,25,0,81795720,3662,68297400,3051,27909
2069,9,21,25,0,81818040,3662,68429820,3056,27918
2070,4,14,25,0,81839400,3661,68762940,3070,27922
2071,7,6,25,0,81868260,3660,69093540,3084,27929
2072,8,1,25,0,81885840,3658,69333600,3094,27937
2073,10,5,25,0,81912360,3658,69337440,3093,27947
2074,7,9,25,0,81929220,3659,69340020,3092,27954
2075,13,17,25,0,81966120,3660,69347520,3091,27967
2076,12,27,25,0,81977820,3660,69353160,3089,27979
2077,15,39,25,0,81999660,3660,69365820,3089,27994
2078,9,40,25,0,82029180,3661,69382860,3088,28003
2079,11,40,25,0,82063620,3662,69415560,3088,28014
2080,15,37,25,0,82091880,3662,69500700,3092,28029
2081,8,40,25,0,82110660,3662,69553020,3094,28037
2082,8,39,25,0,82146840,3663,69559020,3093,28045
2083,11,38,25,0,82163640,3663,69633060,3095,28056
2084,5,38,25,0,82183980,3663,69666480,3096,28061
2085,8,38,25,0,82222560,3663,69739680,3098,28069
2086,5,37,25,0,82242720,3663,69795540,3100,28074
2087,5,39,25,0,82252140,3663,69837480,3101,28079
2088,5,37,25,0,82295040,3664,69857940,3102,28084
2089,5,37,25,0,82313640,3664,69952140,3105,28089
2090,2,33,25,0,82344120,3664,70186920,3115,28091
2091,7,18,25,0,82376640,3662,70847940,3144,28098
2092,5,10,25,0,82391580,3661,71230140,3160,28103
2093,2,0,24,1,82420020,3660,71542500,3173,28105
2094,3,0,21,4,82433220,3659,71542500,3173,28108
2095,10,3,25,0,82437060,3659,71543460,3172,28118
2096,15,9,25,0,82478460,3660,71551440,3170,28133
2097,8,9,25,0,82504020,3659,71560920,3169,28141
2098,12,16,25,0,82531320,3660,71569500,3168,28153
2099,9,23,25,0,82544100,3660,71570880,3167,28162
2100,8,27,25,0,82569420,3660,71578860,3166,28170
2101,10,33,25,0,82592460,3661,71579880,3165,28180
2102,7,36,25,0,82623360,3662,71582580,3164,28187
2103,13,38,25,0,82652160,3662,71622480,3164,28200
2104,8,35,25,0,82682220,3662,71666160,3166,28208
2105,6,35,25,0,82699620,3662,71739960,3169,28214
2106,16,40,25,0,82715040,3662,71744100,3168,28230
2107,7,40,25,0,82750860,3663,71781540,3168,28237
2108,5,38,25,0,82771080,3663,71796780,3169,28242
2109,6,37,25,0,82801320,3664,71898960,3172,28248
2110,4,34,25,0,82831020,3664,72051720,3179,28252
2111,4,20,25,0,82864680,3662,72648900,3205,28256
2112,11,15,25,0,82886160,3661,72855960,3212,28267
2113,6,10,25,0,82908300,3660,73081140,3221,28273
2114,5,0,24,1,82932900,3658,73363980,3233,28278
2115,8,3,25,0,82951320,3659,73366860,3232,28286
2116,9,9,25,0,82971300,3659,73371480,3231,28295
2117,6,12,25,0,82993380,3659,73378140,3230,28301
2118,2,10,25,0,83023440,3660,73390680,3231,28303
2119,8,14,25,0,83046420,3661,73405380,3230,28311
2120,13,22,25,0,83076900,3661,73407840,3228,28324
2121,9,26,25,0,83101500,3661,73417980,3227,28333
2122,8,30,25,0,83126040,3662,73447140,3228,28341
2123,14,39,25,0,83144400,3662,73455720,3226,28355
2124,7,40,25,0,83173560,3662,73474680,3226,28362
2125,10,39,25,0,83203260,3663,73488360,3226,28372
2126,13,39,25,0,83234760,3663,73524360,3227,28385
2127,12,38,25,0,83262600,3663,73550220,3227,28397
2128,11,39,25,0,83279100,3663,73556340,3226,28408
2129,3,36,25,0,83299980,3663,73635120,3230,28411
2130,7,38,25,0,83325900,3664,73713420,3232,28418
2131,11,38,25,0,83360340,3664,73758000,3233,28429
2132,8,39,25,0,83379840,3664,73844100,3236,28437
2133,10,40,25,0,83400840,3665,73850880,3236,28447
2134,7,39,25,0,83431440,3665,74007060,3242,28454
2135,7,38,25,0,83456040,3665,74015820,3241,28461
2136,6,39,25,0,83468880,3665,74027760,3241,28467
2137,8,39,25,0,83494980,3665,74036640,3241,28475
2138,7,39,25,0,83516940,3665,74097060,3243,28482
2139,10,35,25,0,83565780,3665,74173980,3245,28492
2140,9,35,25,0,83584020,3665,74282880,3248,28501
2141,5,29,25,0,83606160,3664,74516520,3258,28506
2142,6,27,25,0,83623140,3663,74700060,3265,28512
2143,15,35,25,0,83650740,3663,74774820,3266,28527
2144,5,34,25,0,83684640,3664,74785620,3266,28532
2145,4,33,25,0,83699580,3664,74795700,3266,28536
2146,11,38,25,0,83730600,3664,74810100,3265,28547
2147,13,40,25,0,83747220,3664,74813820,3265,28560
2148,11,38,25,0,83782380,3665,74853180,3265,28571
2149,14,38,25,0,83813940,3665,74874000,3265,28585
2150,9,39,25,0,83835900,3665,74880180,3264,28594
2151,13,40,25,0,83854080,3665,74910420,3265,28607
2152,13,38,25,0,83881800,3665,74923980,3265,28620
2153,4,31,25,0,83915160,3665,75207480,3277,28624
2154,6,13,25,0,83948100,3663,76959420,3352,28630
2155,8,8,25,0,83959020,3661,77551020,3377,28638
2156,8,8,25,0,83992740,3661,77598120,3378,28646
2157,2,0,22,3,84011700,3660,78058800,3397,28648
2158,9,0,23,2,84036600,3660,78058800,3396,28657
2159,6,2,25,0,84041100,3660,78059160,3395,28663
2160,4,0,24,1,84069420,3660,78062100,3395,28667
2161,5,0,23,2,84093480,3660,78062100,3394,28672
2162,6,0,23,2,84113880,3660,78062100,3393,28678
2163,6,0,25,0,84131940,3660,78065520,3392,28684
2164,3,0,22,3,84165240,3660,78067980,3392,28687
2165,5,0,23,2,84180120,3660,78067980,3391,28692
2166,8,2,25,0,84194520,3660,78069360,3390,28700
2167,9,8,25,0,84206700,3661,78070740,3389,28709
2168,6,8,25,0,84245100,3661,78079020,3388,28715
2169,12,15,25,0,84268560,3661,78085200,3387,28727
2170,10,21,25,0,84295080,3662,78093540,3386,28737
2171,12,29,25,0,84318660,3662,78099420,3384,28749
2172,17,40,25,0,84342840,3663,78104460,3383,28766
2173,13,40,25,0,84362880,3663,78113820,3383,28779
2174,9,40,25,0,84378780,3664,78134160,3383,28788
2175,7,40,25,0,84422940,3665,78234180,3387,28795
2176,5,38,25,0,84443100,3665,78243780,3387,28800
2177,7,37,25,0,84477480,3665,78314400,3388,28807
2178,9,38,25,0,84507420,3665,78382560,3390,28816
2179,9,39,25,0,84523440,3665,78455340,3392,28825
2180,8,38,25,0,84551220,3665,78470460,3392,28833
2181,7,39,25,0,84573900,3665,78521340,3393,28840
2182,3,37,25,0,84589680,3665,78611280,3397,28843
2183,2,26,25,0,84632040,3664,79167360,3420,28845
2184,5,9,25,0,84658140,3662,79751400,3445,28850
2185,5,0,23,2,84681000,3661,80005920,3455,28855
2186,8,0,23,2,84697680,3660,80006280,3454,28863
2187,7,0,23,2,84718020,3660,80006280,3453,28870
2188,5,0,22,3,84732540,3659,80006280,3452,28875
2189,9,0,25,0,84746340,3659,80006280,3451,28884
2190,3,0,23,2,84763320,3659,80006280,3450,28887
2191,4,0,23,2,84779820,3659,80006280,3450,28891
2192,13,8,25,0,84788340,3659,80007660,3448,28904
2193,11,14,25,0,84820380,3660,80012640,3446,28915
2194,10,20,25,0,84842340,3660,80018160,3445,28925
2195,8,26,25,0,84857220,3660,80033940,3445,28933
2196,9,31,25,0,84894300,3661,80056500,3444,28942
2197,15,40,25,0,84918900,3662,80076300,3444,28957
2198,12,38,25,0,84959460,3662,80117880,3444,28969
2199,12,39,25,0,84969840,3662,80120520,3444,28981
2200,21,39,25,0,84994680,3662,80143740,3444,29002
2201,11,39,25,0,85014240,3662,80206320,3446,29013
2202,11,38,25,0,85055280,3663,80316300,3450,29024
2203,9,39,25,0,85072800,3663,80356260,3450,29033
2204,12,39,25,0,85094760,3663,80372040,3450,29045
2205,7,37,25,0,85115040,3664,80392920,3451,29052
2206,4,35,25,0,85148700,3664,80446980,3453,29056
2207,5,35,25,0,85172760,3664,80531580,3456,29061
2208,5,31,25,0,85204080,3664,80720040,3463,29066
2209,6,32,25,0,85222740,3664,80781840,3465,29072
2210,4,24,25,0,85252380,3664,81049560,3476,29076
2211,6,10,25,0,85278360,3662,81827700,3508,29082
2212,4,0,24,1,85310460,3661,82254540,3526,29086
2213,3,0,20,5,85326780,3660,82254540,3525,29089
2214,8,2,25,0,85327800,3660,82254540,3524,29097
2215,8,7,25,0,85341900,3660,82258980,3523,29105
2216,14,16,25,0,85375860,3661,82264680,3521,29119
2217,13,27,25,0,85386780,3661,82265880,3520,29132
2218,7,30,25,0,85414080,3662,82271460,3519,29139
2219,10,37,25,0,85435080,3662,82289280,3518,29149
2220,8,39,25,0,85471380,3663,82295820,3517,29157
2221,10,40,25,0,85486440,3663,82317780,3518,29167
2222,15,39,25,0,85524300,3664,82365120,3519,29182
2223,13,40,25,0,85542120,3664,82368540,3518,29195
2224,16,40,25,0,85574340,3664,82405080,3519,29211
2225,6,40,25,0,85594080,3664,82447440,3520,29217
2226,7,39,25,0,85617420,3665,82522620,3522,29224
2227,4,36,25,0,85653300,3665,82594860,3525,29228
2228,9,38,25,0,85684080,3665,82637340,3526,29237
2229,13,40,25,0,85702380,3665,82686720,3527,29250
2230,9,39,25,0,85727880,3666,82740300,3528,29259
2231,9,40,25,0,85756920,3666,82846320,3532,29268
2232,11,38,25,0,85780680,3666,82852080,3531,29279
2233,6,37,25,0,85807920,3666,83039340,3539,29285
2234,3,35,25,0,85825140,3666,83143320,3542,29288
2235,2,31,25,0,85857720,3666,83398560,3553,29290
2236,6,28,25,0,85888260,3666,83799600,3569,29296
2237,5,27,25,0,85901280,3666,83945940,3575,29301
2238,8,24,25,0,85936860,3666,84110100,3580,29309
2239,6,23,25,0,85950360,3665,84157860,3581,29315
2240,3,18,25,0,85973400,3665,84488400,3595,29318
2241,2,3,25,0,85996560,3663,85113660,3621,29320
2242,11,0,25,0,86035320,3663,85325040,3629,29331
2243,14,9,25,0,86049240,3663,85326960,3627,29345
2244,13,18,25,0,86069520,3663,85336500,3625,29358
2245,14,27,25,0,86098020,3663,85343160,3623,29372
2246,12,37,25,0,86113680,3664,85349760,3622,29384
2247,5,36,25,0,86155140,3664,85380060,3622,29389
2248,11,40,25,0,86164200,3665,85383060,3622,29400
2249,16,40,25,0,86198700,3665,85404840,3621,29416
2250,7,38,25,0,86225700,3665,85458540,3623,29423
2251,6,39,25,0,86249580,3665,85518540,3624,29429
2252,7,39,25,0,86279280,3665,85650780,3629,29436
2253,9,38,25,0,86307120,3666,85720980,3631,29445
2254,5,35,25,0,86333700,3665,85863420,3636,29450
2255,2,28,25,0,86349840,3665,86083800,3645,29452
2256,3,17,25,0,86377320,3664,86477640,3661,29455
2257,4,2,25,0,86412120,3662,86858520,3677,29459
2258,7,0,24,1,86423220,3661,86924700,3679,29466
2259,4,0,22,3,86446140,3661,86924700,3678,29470
2260,6,1,25,0,86452740,3661,86924700,3677,29476
2261,7,2,25,0,86486760,3662,86927640,3676,29483
2262,3,0,22,3,86514180,3662,86929560,3676,29486
2263,5,0,22,3,86526780,3661,86929560,3675,29491
2264,10,5,25,0,86540400,3662,86931240,3674,29501
2265,7,0,24,1,86575200,3661,86945040,3673,29508
2266,12,4,25,0,86595660,3661,86947740,3671,29520
2267,14,16,25,0,86603220,3661,86948880,3670,29534
2268,5,15,25,0,86641440,3662,86959260,3669,29539
2269,10,20,25,0,86665140,3662,86970840,3668,29549
2270,11,25,25,0,86695080,3662,86978460,3667,29560
2271,12,33,25,0,86712540,3662,86980980,3665,29572
2272,18,39,25,0,86736360,3663,86990580,3663,29590
2273,9,39,25,0,86766360,3663,86999940,3663,29599
2274,10,39,25,0,86785740,3664,87012420,3663,29609
2275,7,38,25,0,86820240,3664,87043680,3664,29616
2276,16,37,25,0,86849220,3665,87095160,3666,29632
2277,6,37,25,0,86868120,3665,87177660,3668,29638
2278,3,31,25,0,86904120,3665,87303180,3673,29641
2279,9,33,25,0,86927280,3665,87349680,3674,29650
2280,4,33,25,0,86948400,3665,87386160,3675,29654
2281,2,24,25,0,86979420,3665,87735900,3689,29656
2282,2,9,25,0,87005640,3663,88273560,3711,29658
2283,8,0,24,1,87032340,3661,88652820,3726,29666
2284,7,3,25,0,87039960,3661,88653000,3725,29673
2285,2,0,22,3,87078720,3662,88659420,3725,29675
2286,11,2,25,0,87097020,3662,88660260,3723,29686
2287,6,7,25,0,87099420,3661,88661400,3723,29692
2288,9,11,25,0,87133920,3662,88669980,3721,29701
2289,14,21,25,0,87158580,3663,88674600,3719,29715
2290,11,28,25,0,87188280,3663,88683960,3718,29726
2291,12,37,25,0,87203940,3663,88688460,3716,29738
2292,11,40,25,0,87224220,3664,88697220,3716,29749
2293,13,40,25,0,87245400,3664,88709160,3716,29762
2294,12,39,25,0,87291300,3665,88785540,3718,29774
2295,8,40,25,0,87303000,3665,88803840,3718,29782
2296,11,40,25,0,87339420,3666,88887180,3721,29793
2297,15,40,25,0,87361320,3666,88951920,3723,29808
2298,6,39,25,0,87388620,3666,88961340,3722,29814
2299,3,37,25,0,87408420,3667,89032080,3725,29817
2300,9,40,25,0,87437040,3667,89121000,3728,29826
2301,10,40,25,0,87459660,3667,89173140,3730,29836
2302,11,36,25,0,87501660,3668,89322540,3735,29847
2303,3,33,25,0,87520020,3667,89556240,3744,29850
2304,4,26,25,0,87550320,3667,89822880,3754,29854
2305,7,19,25,0,87570600,3666,90154920,3767,29861
2306,8,15,25,0,87595440,3665,90349740,3774,29869
2307,5,11,25,0,87623880,3665,90590940,3783,29874
2308,7,9,25,0,87638580,3664,90686700,3786,29881
2309,16,22,25,0,87652500,3664,90688140,3785,29897
2310,4,21,25,0,87682560,3665,90696900,3783,29901
2311,13,28,25,0,87710520,3665,90721200,3783,29914
2312,11,34,25,0,87740460,3665,90727200,3781,29925
2313,7,38,25,0,87762960,3666,90734460,3780,29932
2314,11,40,25,0,87777540,3666,90746220,3780,29943
2315,13,39,25,0,87822360,3667,90760980,3780,29956
2316,8,38,25,0,87840840,3667,90766800,3779,29964
2317,7,38,25,0,87864180,3667,90786480,3779,29971
2318,18,40,25,0,87896580,3668,90793260,3778,29989
2319,9,40,25,0,87903240,3668,90795180,3778,29998
2320,11,40,25,0,87943320,3669,90853860,3780,30009
2321,12,40,25,0,87973680,3669,90933000,3782,30021
2322,7,39,25,0,87993780,3669,91012800,3784,30028
2323,5,39,25,0,88016940,3669,91058400,3786,30033
2324,5,34,25,0,88050540,3669,91305360,3796,30038
2325,5,30,25,0,88073340,3668,91488900,3802,30043
2326,4,25,25,0,88095180,3668,91737960,3812,30047
2327,9,18,25,0,88129440,3667,92423940,3839,30056
2328,1,3,25,0,88154580,3666,93176280,3870,30057
2329,3,0,21,4,88171740,3665,93314160,3875,30060
2330,2,0,21,4,88181160,3665,93314160,3875,30062
2331,2,0,22,3,88187220,3665,93314160,3875,30064
2332,4,0,23,2,88205400,3665,93314160,3874,30068
2333,11,2,25,0,88222320,3665,93315240,3872,30079
2334,9,6,25,0,88249500,3665,93323880,3871,30088
2335,4,4,25,0,88274520,3665,93338640,3871,30092
2336,7,0,23,2,88297680,3664,93357600,3871,30099
2337,8,0,25,0,88318500,3664,93362160,3870,30107
2338,14,7,25,0,88340700,3664,93363480,3868,30121
2339,12,17,25,0,88349160,3664,93367200,3867,30133
2340,13,27,25,0,88375080,3665,93372840,3864,30146
2341,4,27,25,0,88407240,3666,93393480,3864,30150
2342,8,31,25,0,88434240,3666,93406560,3863,30158
2343,15,39,25,0,88459200,3667,93414300,3862,30173
2344,9,37,25,0,88494000,3667,93442200,3862,30182
2345,7,40,25,0,88503300,3667,93442320,3862,30189
2346,2,35,25,0,88547100,3668,93512220,3864,30191
2347,6,32,25,0,88572540,3668,93593820,3867,30197
2348,14,40,25,0,88596060,3668,93627660,3866,30211
2349,7,40,25,0,88607940,3668,93632460,3866,30218
2350,10,39,25,0,88643700,3668,93709620,3868,30228
2351,4,34,25,0,88673040,3668,93964800,3878,30232
2352,6,27,25,0,88701300,3667,94205400,3887,30238
2353,4,17,25,0,88717440,3666,94689600,3906,30242
2354,15,26,25,0,88739700,3666,94692180,3904,30257
2355,19,38,25,0,88762860,3666,94699500,3901,30276
2356,28,40,25,0,88783860,3667,94709400,3901,30304
2357,32,40,25,0,88804080,3667,94725900,3901,30336
2358,28,40,25,0,88840980,3668,94752240,3901,30364
2359,33,40,25,0,88855800,3668,94770060,3902,30397
2360,28,40,25,0,88892340,3668,94789140,3901,30425
2361,34,40,25,0,88929540,3668,94845960,3902,30459
2362,34,40,25,0,88941900,3668,94911600,3904,30493
2363,37,40,25,0,88969560,3668,94946220,3905,30530
2364,28,40,25,0,88982460,3668,95008080,3907,30558
2365,27,40,25,0,89018820,3669,95108160,3910,30585
2366,16,39,25,0,89051700,3669,95301420,3917,30601
2367,38,40,25,0,89074500,3668,95347860,3916,30639
2368,23,40,25,0,89088120,3668,95351520,3916,30662
2369,28,39,25,0,89129100,3668,95361240,3914,30690
2370,45,40,25,0,89149560,3668,95378100,3914,30735
2371,40,40,25,0,89170080,3667,95422920,3914,30775
2372,36,40,25,0,89196900,3667,95493600,3916,30811
2373,30,40,25,0,89215560,3667,95500500,3915,30841
2374,31,39,25,0,89234040,3667,95525520,3915,30872
2375,36,40,25,0,89270460,3667,95588940,3916,30908
2376,29,40,25,0,89286240,3667,95608380,3917,30937
2377,28,40,25,0,89318100,3667,95652420,3917,30965
2378,35,40,25,0,89330760,3667,95656200,3917,31000
2379,29,40,25,0,89371020,3668,95716980,3918,31029
2380,24,40,25,0,89392260,3668,95719620,3917,31053
2381,37,40,25,0,89424300,3668,95749800,3917,31090
2382,24,40,25,0,89450940,3668,95839200,3919,31114
2383,32,40,25,0,89464140,3668,95845560,3919,31146
2384,30,39,25,0,89503860,3668,95899920,3920,31176
2385,29,40,25,0,89525100,3667,95960280,3920,31205
2386,36,40,25,0,89533500,3667,95966880,3920,31241
2387,27,40,25,0,89563260,3668,96001620,3921,31268
2388,34,40,25,0,89600220,3668,96138600,3925,31302
2389,33,40,25,0,89615040,3667,96143100,3924,31335
2390,29,40,25,0,89649180,3667,96255060,3927,31364
2391,20,40,25,0,89678340,3667,96263940,3927,31384
2392,33,40,25,0,89707200,3668,96271380,3926,31417
2393,31,40,25,0,89722260,3667,96275100,3925,31448
2394,35,40,25,0,89748660,3668,96301380,3925,31483
2395,25,40,25,0,89771580,3668,96304200,3925,31508
2396,28,40,25,0,89793660,3668,96352800,3925,31536
2397,36,40,25,0,89831280,3667,96444180,3927,31572
2398,32,40,25,0,89836860,3667,96475620,3928,31604
2399,29,40,25,0,89858160,3667,96535320,3929,31633

