Hour,Arrivals,Waiting,Treating,Available Rooms,Total Treatment Time,Average Treatment Time,Total Wait Time,Average Wait Time,Total Arrivals
1,5,0,2,23,3480,1160,0,0,5
2,4,0,1,24,14160,1770,0,0,9
3,4,0,3,22,16560,1656,0,0,13
4,5,0,4,21,21300,1521,0,0,18
5,6,0,5,20,37800,1989,0,0,24
6,6,0,7,18,52920,2300,0,0,30
7,9,0,11,14,70440,2515,0,0,39
8,6,0,3,22,114600,2728,0,0,45
9,4,0,4,21,125160,2781,0,0,49
10,8,0,6,19,144420,2831,0,0,57
11,10,0,8,17,157440,2668,0,0,67
12,11,0,7,18,189540,2669,0,0,78
13,14,0,16,9,213360,2807,0,0,92
14,15,0,19,6,252540,2869,0,0,107
15,9,0,13,12,324240,3147,0,0,116
16,10,0,14,11,373380,3333,0,0,126
17,7,0,4,21,434580,3368,0,0,133
18,11,0,5,20,462480,3327,0,0,144
19,11,0,8,17,482280,3280,0,0,155
20,6,0,8,17,500520,3271,0,0,161
21,6,0,8,17,529620,3330,0,0,167
22,9,0,10,15,564420,3400,0,0,176
23,6,0,11,14,584220,3416,0,0,182
24,6,0,7,18,635040,3508,0,0,188
25,3,0,5,20,649800,3493,0,0,191
26,6,0,5,20,674940,3515,0,0,197
27,4,0,3,22,699420,3532,0,0,201
28,5,0,5,20,711720,3540,0,0,206
29,4,0,6,19,720000,3529,0,0,210
30,10,0,10,15,741720,3532,0,0,220
31,3,0,6,19,776100,3576,0,0,223
32,10,0,10,15,799740,3586,0,0,233
33,8,0,12,13,821700,3588,0,0,241
34,15,0,12,13,873540,3580,0,0,256
35,15,0,16,9,908040,3560,0,0,271
36,11,0,13,12,959700,3567,0,0,282
37,15,0,13,12,1028160,3620,0,0,297
38,12,0,13,12,1069440,3612,0,0,309
39,13,0,11,14,1122780,3610,0,0,322
40,12,0,14,11,1159620,3623,0,0,334
41,7,0,9,16,1213140,3654,0,0,341
42,11,0,10,15,1250100,3655,0,0,352
43,14,0,14,11,1275120,3622,0,0,366
44,10,0,9,16,1328580,3620,0,0,376
45,1,0,3,22,1362060,3641,0,0,377
46,5,0,3,22,1383660,3650,0,0,382
47,5,0,5,20,1391160,3641,0,0,387
48,3,0,4,21,1403520,3636,0,0,390
49,12,0,11,14,1420020,3631,0,0,402
50,5,0,9,16,1455720,3657,0,0,407
51,8,0,5,20,1494240,3644,0,0,415
52,11,0,8,17,1523880,3645,0,0,426
53,7,0,8,17,1539480,3622,0,0,433
54,3,0,9,16,1555740,3643,0,0,436
55,8,0,7,18,1609380,3682,0,0,444
56,8,0,7,18,1641300,3688,0,0,452
57,6,0,8,17,1662300,3694,0,0,458
58,9,0,8,17,1708260,3721,0,0,467
59,11,0,8,17,1735920,3693,0,0,478
60,7,0,10,15,1753380,3691,0,0,485
61,5,0,5,20,1796760,3704,0,0,490
62,15,0,11,14,1818480,3681,0,0,505
63,8,0,13,12,1848900,3697,0,0,513
64,5,0,9,16,1903020,3738,0,0,518
65,7,0,8,17,1944180,3760,0,0,525
66,8,0,9,16,1965240,3750,0,0,533
67,9,0,9,16,1993500,3740,0,0,542
68,9,0,9,16,2026860,3739,0,0,551
69,8,0,8,17,2051520,3723,0,0,559
70,5,0,7,18,2078940,3732,0,0,564
71,6,0,8,17,2104080,3743,0,0,570
72,5,0,4,21,2140740,3749,0,0,575
73,3,0,3,22,2160780,3757,0,0,578
74,2,0,4,21,2167380,3762,0,0,580
75,10,0,6,19,2187300,3745,0,0,590
76,6,0,6,19,2201880,3732,0,0,596
77,9,0,8,17,2235000,3743,0,0,605
78,6,0,6,19,2261880,3738,0,0,611
79,3,0,5,20,2280240,3744,0,0,614
80,13,0,11,14,2299440,3732,0,0,627
81,7,0,10,15,2320860,3719,0,0,634
82,10,0,9,16,2358600,3714,0,0,644
83,15,0,12,13,2394600,3701,0,0,659
84,13,0,13,12,2429520,3686,0,0,672
85,17,0,13,12,2489220,3682,0,0,689
86,13,0,13,12,2523000,3661,0,0,702
87,15,0,17,8,2554080,3648,0,0,717
88,10,0,10,15,2634660,3674,0,0,727
89,7,0,8,17,2667360,3674,0,0,734
90,4,0,6,19,2703660,3693,0,0,738
91,7,0,7,18,2730540,3699,0,0,745
92,9,0,11,14,2742060,3690,0,0,754
93,3,0,4,21,2783880,3697,0,0,757
94,8,0,9,16,2788620,3688,0,0,765
95,5,0,7,18,2820360,3696,0,0,770
96,5,0,3,22,2865660,3711,0,0,775
97,7,0,6,19,2869920,3698,0,0,782
98,4,0,4,21,2897640,3705,0,0,786
99,7,0,9,16,2902800,3702,0,0,793
100,9,0,12,13,2930820,3709,0,0,802
101,8,0,14,11,2963520,3723,0,0,810
102,4,0,7,18,3029700,3754,0,0,814
103,4,0,3,22,3061920,3756,0,0,818
104,7,0,4,21,3079200,3750,0,0,825
105,8,0,8,17,3093540,3749,0,0,833
106,8,0,9,16,3113940,3742,0,0,841
107,12,0,9,16,3145680,3727,0,0,853
108,12,0,14,11,3178500,3735,0,0,865
109,15,0,15,10,3226380,3729,0,0,880
110,9,0,13,12,3274620,3738,0,0,889
111,8,0,9,16,3338580,3759,0,0,897
112,16,0,20,5,3355560,3757,0,0,913
113,13,0,15,10,3421860,3756,0,0,926
114,7,0,12,13,3465120,3762,0,0,933
115,10,0,7,18,3518340,3758,0,0,943
116,12,0,9,16,3567300,3770,0,0,955
117,5,0,4,21,3596100,3761,0,0,960
118,6,0,2,23,3619320,3754,0,0,966
119,8,0,6,19,3629340,3749,0,0,974
120,3,0,3,22,3648540,3745,0,0,977
121,4,0,4,21,3658680,3744,0,0,981
122,4,0,6,19,3676980,3755,0,0,985
123,6,0,4,21,3700860,3749,0,0,991
124,2,0,1,24,3712320,3742,0,0,993
125,9,0,8,17,3720480,3742,0,0,1002
126,9,0,7,18,3739680,3724,0,0,1011
127,13,0,10,15,3767460,3715,0,0,1024
128,12,0,13,12,3800100,3714,0,0,1036
129,11,0,13,12,3835980,3709,0,0,1047
130,8,0,10,15,3890280,3722,0,0,1055
131,10,0,10,15,3930900,3725,0,0,1065
132,9,0,11,14,3964800,3729,0,0,1074
133,11,0,11,14,4000860,3725,0,0,1085
134,15,0,12,13,4042260,3715,0,0,1100
135,18,0,15,10,4075320,3694,0,0,1118
136,7,0,13,12,4125480,3709,0,0,1125
137,12,0,11,14,4177500,3710,0,0,1137
138,8,0,8,17,4221840,3713,0,0,1145
139,2,0,2,23,4269720,3729,0,0,1147
140,11,0,12,13,4273080,3728,0,0,1158
141,7,0,14,11,4288800,3726,0,0,1165
142,5,0,4,21,4363680,3742,0,0,1170
143,3,0,3,22,4379820,3743,0,0,1173
144,5,0,5,20,4390020,3742,0,0,1178
145,5,0,3,22,4416780,3743,0,0,1183
146,6,0,5,20,4424520,3736,0,0,1189
147,3,0,2,23,4443540,3734,0,0,1192
148,7,0,6,19,4453560,3733,0,0,1199
149,5,0,5,20,4467240,3725,0,0,1204
150,7,0,5,20,4486380,3720,0,0,1211
151,6,0,6,19,4506240,3721,0,0,1217
152,7,0,7,18,4523760,3717,0,0,1224
153,16,0,13,12,4557720,3714,0,0,1240
154,10,0,13,12,4589700,3710,0,0,1250
155,10,0,9,16,4647000,3714,0,0,1260
156,8,0,8,17,4681680,3715,0,0,1268
157,8,0,9,16,4699800,3709,0,0,1276
158,11,0,10,15,4727220,3701,0,0,1287
159,5,0,10,15,4749300,3704,0,0,1292
160,8,0,3,22,4800600,3701,0,0,1300
161,11,0,11,14,4808040,3698,0,0,1311
162,9,0,13,12,4825860,3692,0,0,1320
163,9,0,13,12,4882080,3709,0,0,1329
164,7,0,7,18,4927440,3707,0,0,1336
165,7,0,6,19,4959000,3709,0,0,1343
166,4,0,3,22,4987140,3710,0,0,1347
167,10,0,7,18,5007000,3708,0,0,1357
168,5,0,5,20,5028960,3705,0,0,1362
169,4,0,6,19,5043000,3708,0,0,1366
170,4,0,5,20,5055780,3703,0,0,1370
171,7,0,5,20,5081460,3703,0,0,1377
172,2,0,4,21,5091120,3702,0,0,1379
173,8,0,7,18,5117400,3708,0,0,1387
174,4,0,3,22,5140800,3703,0,0,1391
175,7,0,6,19,5156940,3704,0,0,1398
176,7,0,8,17,5170980,3701,0,0,1405
177,8,0,9,16,5195820,3700,0,0,1413
178,8,0,6,19,5231880,3697,0,0,1421
179,10,0,12,13,5242500,3694,0,0,1431
180,11,0,15,10,5275200,3696,0,0,1442
181,11,0,12,13,5329020,3698,0,0,1453
182,4,0,12,13,5346480,3699,0,0,1457
183,13,0,12,13,5415300,3714,0,0,1470
184,8,0,8,17,5459340,3713,0,0,1478
185,9,0,11,14,5488140,3718,0,0,1487
186,13,0,13,12,5537820,3724,0,0,1500
187,4,0,6,19,5586600,3729,0,0,1504
188,7,0,7,18,5619780,3736,0,0,1511
189,5,0,7,18,5633880,3733,0,0,1516
190,10,0,9,16,5665500,3734,0,0,1526
191,2,0,4,21,5681100,3727,0,0,1528
192,4,0,3,22,5700480,3728,0,0,1532
193,2,0,3,22,5706780,3727,0,0,1534
194,4,0,6,19,5710320,3727,0,0,1538
195,6,0,3,22,5751720,3732,0,0,1544
196,6,0,8,17,5755020,3732,0,0,1550
197,5,0,6,19,5772480,3726,0,0,1555
198,5,0,5,20,5802420,3731,0,0,1560
199,7,0,5,20,5823960,3728,0,0,1567
200,3,0,4,21,5844060,3731,0,0,1570
201,12,0,12,13,5855700,3729,0,0,1582
202,7,0,8,17,5892420,3727,0,0,1589
203,10,0,13,12,5919180,3732,0,0,1599
204,6,0,8,17,5960700,3732,0,0,1605
205,13,0,14,11,5987100,3732,0,0,1618
206,8,0,10,15,6026160,3729,0,0,1626
207,8,0,8,17,6071520,3734,0,0,1634
208,23,0,14,11,6117540,3723,0,0,1657
209,9,0,12,13,6161640,3725,0,0,1666
210,13,0,11,14,6206280,3720,0,0,1679
211,12,0,15,10,6228540,3716,0,0,1691
212,4,0,9,16,6287040,3728,0,0,1695
213,12,0,11,14,6327060,3730,0,0,1707
214,10,0,7,18,6382860,3732,0,0,1717
215,1,0,3,22,6405660,3735,0,0,1718
216,6,0,1,24,6433440,3733,0,0,1724
217,5,0,6,19,6433440,3733,0,0,1729
218,3,0,5,20,6445500,3732,0,0,1732
219,7,0,7,18,6459600,3729,0,0,1739
220,5,0,5,20,6484320,3728,0,0,1744
221,6,0,5,20,6501300,3725,0,0,1750
222,7,0,7,18,6510360,3720,0,0,1757
223,7,0,6,19,6536460,3718,0,0,1764
224,12,0,8,17,6566820,3714,0,0,1776
225,8,0,8,17,6586080,3708,0,0,1784
226,6,0,10,15,6597000,3706,0,0,1790
227,6,0,7,18,6639780,3711,0,0,1796
228,10,0,6,19,6682980,3712,0,0,1806
229,3,0,7,18,6695280,3715,0,0,1809
230,11,0,8,17,6728820,3713,0,0,1820
231,18,0,17,8,6763200,3714,0,0,1838
232,13,0,19,6,6804480,3714,0,0,1851
233,9,0,12,13,6885600,3725,0,0,1860
234,9,0,8,17,6934680,3726,0,0,1869
235,7,0,10,15,6962520,3731,0,0,1876
236,7,0,6,19,7011780,3735,0,0,1883
237,4,0,5,20,7030260,3735,0,0,1887
238,9,0,6,19,7052760,3731,0,0,1896
239,7,0,4,21,7080540,3728,0,0,1903
240,7,0,6,19,7096440,3727,0,0,1910
241,2,0,3,22,7112460,3725,0,0,1912
242,7,0,6,19,7119480,3721,0,0,1919
243,7,0,6,19,7139280,3718,0,0,1926
244,3,0,4,21,7163580,3721,0,0,1929
245,7,0,7,18,7171020,3717,0,0,1936
246,9,0,9,16,7199280,3718,0,0,1945
247,7,0,10,15,7230420,3723,0,0,1952
248,8,0,7,18,7266780,3720,0,0,1960
249,13,0,12,13,7288740,3716,0,0,1973
250,6,0,10,15,7321800,3718,0,0,1979
251,10,0,12,13,7362000,3723,0,0,1989
252,11,0,13,12,7401900,3725,0,0,2000
253,9,0,12,13,7450020,3730,0,0,2009
254,13,0,12,13,7502700,3732,0,0,2022
255,11,0,10,15,7544160,3729,0,0,2033
256,12,0,9,16,7590780,3728,0,0,2045
257,6,0,9,16,7623840,3733,0,0,2051
258,13,0,13,12,7657260,3733,0,0,2064
259,9,0,11,14,7698900,3733,0,0,2073
260,7,0,9,16,7734240,3734,0,0,2080
261,6,0,9,16,7766160,3739,0,0,2086
262,5,0,4,21,7810740,3742,0,0,2091
263,5,0,6,19,7820040,3741,0,0,2096
264,8,0,6,19,7843500,3738,0,0,2104
265,12,0,13,12,7855500,3735,0,0,2116
266,2,0,2,23,7905180,3735,0,0,2118
267,4,0,4,21,7910580,3734,0,0,2122
268,7,0,4,21,7935660,3734,0,0,2129
269,6,0,7,18,7940940,3731,0,0,2135
270,3,0,5,20,7962060,3732,0,0,2138
271,8,0,9,16,7985220,3736,0,0,2146
272,9,0,9,16,8016720,3735,0,0,2155
273,9,0,9,16,8054820,3737,0,0,2164
274,12,0,14,11,8078580,3736,0,0,2176
275,8,0,11,14,8126820,3739,0,0,2184
276,7,0,11,14,8163240,3744,0,0,2191
277,5,0,11,14,8188620,3747,0,0,2196
278,9,0,8,17,8245320,3752,0,0,2205
279,17,0,15,10,8277720,3750,0,0,2222
280,15,0,15,10,8318100,3743,0,0,2237
281,10,0,14,11,8364900,3746,0,0,2247
282,9,0,7,18,8429040,3747,0,0,2256
283,11,0,8,17,8471940,3750,0,0,2267
284,9,0,12,13,8483340,3747,0,0,2276
285,5,0,8,17,8542560,3758,0,0,2281
286,6,0,8,17,8570400,3760,0,0,2287
287,8,0,8,17,8598660,3759,0,0,2295
288,7,0,9,16,8622780,3760,0,0,2302
289,3,0,0,25,8671380,3761,0,0,2305
290,5,0,4,21,8672280,3760,0,0,2310
291,5,0,6,19,8678700,3758,0,0,2315
292,6,0,8,17,8698440,3760,0,0,2321
293,7,0,4,21,8733120,3757,0,0,2328
294,6,0,6,19,8746200,3756,0,0,2334
295,5,0,7,18,8759460,3756,0,0,2339
296,9,0,10,15,8782380,3756,0,0,2348
297,8,0,9,16,8815920,3756,0,0,2356
298,13,0,17,8,8833320,3755,0,0,2369
299,13,0,12,13,8890980,3751,0,0,2382
300,10,0,12,13,8928000,3751,0,0,2392
301,5,0,7,18,8971320,3753,0,0,2397
302,16,0,17,8,8999220,3755,0,0,2413
303,10,0,10,15,9052740,3751,0,0,2423
304,11,0,8,17,9099420,3750,0,0,2434
305,7,0,7,18,9130380,3751,0,0,2441
306,11,0,10,15,9146460,3745,0,0,2452
307,6,0,9,16,9175440,3746,0,0,2458
308,7,0,8,17,9195120,3742,0,0,2465
309,3,0,3,22,9235980,3746,0,0,2468
310,1,0,2,23,9249540,3749,0,0,2469
311,5,0,2,23,9263700,3747,0,0,2474
312,3,0,3,22,9269880,3746,0,0,2477
313,6,0,6,19,9276180,3744,0,0,2483
314,6,0,6,19,9299580,3745,0,0,2489
315,3,0,5,20,9319080,3747,0,0,2492
316,4,0,2,23,9346140,3747,0,0,2496
317,3,0,2,23,9356820,3747,0,0,2499
318,7,0,3,22,9372420,3744,0,0,2506
319,6,0,5,20,9384180,3743,0,0,2512
320,3,0,5,20,9390720,3741,0,0,2515
321,8,0,8,17,9405720,3739,0,0,2523
322,13,0,11,14,9434940,3736,0,0,2536
323,8,0,7,18,9478320,3736,0,0,2544
324,11,0,12,13,9494760,3733,0,0,2555
325,6,0,7,18,9537900,3734,0,0,2561
326,10,0,11,14,9560760,3734,0,0,2571
327,9,0,11,14,9589860,3732,0,0,2580
328,11,0,14,11,9635160,3738,0,0,2591
329,12,0,14,11,9675300,3737,0,0,2603
330,8,0,10,15,9723960,3738,0,0,2611
331,8,0,5,20,9795840,3747,0,0,2619
332,7,0,7,18,9815400,3747,0,0,2626
333,2,0,4,21,9833520,3747,0,0,2628
334,6,0,7,18,9842220,3746,0,0,2634
335,7,0,11,14,9861660,3749,0,0,2641
336,9,0,8,17,9914100,3752,0,0,2650
337,10,0,10,15,9931260,3747,0,0,2660
338,11,0,7,18,9983820,3747,0,0,2671
339,25,0,21,4,10004820,3740,0,0,2696
340,29,3,25,0,10084860,3739,3000,1,2725
341,34,6,25,0,10172340,3728,17580,6,2759
342,32,9,25,0,10259280,3721,31320,11,2791
343,32,7,25,0,10355460,3710,54780,19,2823
344,27,6,25,0,10437600,3702,82020,28,2850
345,24,10,25,0,10514100,3703,91500,31,2874
346,32,23,25,0,10599300,3708,102240,35,2906
347,25,28,25,0,10690740,3714,121200,41,2931
348,30,40,25,0,10768020,3722,137700,46,2961
349,25,32,25,0,10882740,3733,240120,80,2986
350,27,20,25,0,10993620,3721,415260,138,3013
351,35,30,25,0,11053920,3710,452160,149,3048
352,38,40,25,0,11143380,3718,460560,150,3086
353,21,33,25,0,11245200,3729,515520,167,3107
354,37,39,25,0,11319660,3730,526680,170,3144
355,27,30,25,0,11431440,3726,759540,243,3171
356,32,35,25,0,11515440,3720,806280,255,3203
357,23,38,25,0,11601720,3729,820740,258,3226
358,35,38,25,0,11707500,3732,901920,281,3261
359,25,38,25,0,11785560,3728,933180,289,3286
360,37,40,25,0,11864700,3718,983700,302,3323
361,29,37,25,0,11979840,3723,1039260,317,3352
362,32,36,25,0,12061380,3712,1139280,344,3384
363,38,38,25,0,12141420,3714,1156200,347,3422
364,29,40,25,0,12221400,3709,1258200,374,3451
365,45,40,25,0,12299400,3710,1280460,378,3496
366,31,39,25,0,12407100,3709,1433100,420,3527
367,22,38,25,0,12495780,3711,1481640,432,3549
368,34,40,25,0,12563760,3712,1487220,431,3583
369,26,33,25,0,12688080,3717,1729980,498,3609
370,31,39,25,0,12764460,3713,1752600,500,3640
371,41,39,25,0,12861300,3718,1775160,503,3681
372,28,37,25,0,12954420,3717,1836900,517,3709
373,30,37,25,0,13053060,3713,1942800,543,3739
374,36,36,25,0,13148100,3712,1993920,553,3775
375,41,40,25,0,13236780,3708,2013060,554,3816
376,33,38,25,0,13305840,3705,2041920,558,3849
377,30,40,25,0,13395840,3701,2135100,579,3879
378,36,40,25,0,13488300,3704,2164140,584,3915
379,34,33,25,0,13585560,3701,2408520,646,3949
380,35,38,25,0,13684980,3699,2480460,659,3984
381,26,37,25,0,13738860,3699,2507460,664,4010
382,25,20,25,0,13859880,3690,3907500,1028,4035
383,32,24,25,0,13939980,3683,4014780,1047,4067
384,31,37,25,0,14020860,3687,4022400,1041,4098
385,29,36,25,0,14122620,3696,4052760,1044,4127
386,31,39,25,0,14208300,3693,4100400,1049,4158
387,29,34,25,0,14309580,3693,4281660,1088,4187
388,37,40,25,0,14388720,3693,4334640,1094,4224
389,32,38,25,0,14483820,3691,4402680,1104,4256
390,26,31,25,0,14584920,3688,4548480,1134,4282
391,33,37,25,0,14664420,3689,4594380,1138,4315
392,33,40,25,0,14742960,3688,4773540,1176,4348
393,30,37,25,0,14847180,3685,4844220,1184,4378
394,33,36,25,0,14930040,3683,4860900,1181,4411
395,21,16,25,0,15040680,3673,5903280,1427,4432
396,28,13,25,0,15118140,3665,6230880,1497,4460
397,40,35,25,0,15198360,3668,6240480,1485,4500
398,37,40,25,0,15275580,3673,6253200,1481,4537
399,29,38,25,0,15362700,3683,6280260,1483,4566
400,49,40,25,0,15481380,3691,6337260,1488,4615
401,33,40,25,0,15546420,3693,6357420,1487,4648
402,35,38,25,0,15634500,3697,6415380,1495,4683
403,35,40,25,0,15738840,3701,6521940,1511,4718
404,36,39,25,0,15798180,3706,6529080,1509,4754
405,33,36,25,0,15942180,3711,6625620,1521,4787
406,12,8,25,0,16015380,3694,7613100,1742,4799
407,39,14,25,0,16104960,3687,7781760,1766,4838
408,32,33,25,0,16174140,3691,7790520,1756,4870
409,26,37,25,0,16251120,3698,7826880,1756,4896
410,27,36,25,0,16358280,3705,7888020,1763,4923
411,23,34,25,0,16461360,3712,7974180,1775,4946
412,35,40,25,0,16563360,3712,7995120,1766,4981
413,39,37,25,0,16635600,3712,8025720,1766,5020
414,36,28,25,0,16740120,3698,8327940,1819,5056
415,28,26,25,0,16830540,3694,8477580,1841,5084
416,28,34,25,0,16903680,3693,8487360,1832,5112
417,32,40,25,0,16993500,3699,8507880,1826,5144
418,27,33,25,0,17111040,3704,8644080,1848,5171
419,30,33,25,0,17172540,3693,8767200,1863,5201
420,30,38,25,0,17279100,3697,8774520,1853,5231
421,31,40,25,0,17353980,3697,8817780,1853,5262
422,30,29,25,0,17474820,3692,9002580,1881,5292
423,25,33,25,0,17543760,3691,9063780,1884,5317
424,30,24,25,0,17652540,3683,9409020,1943,5347
425,28,30,25,0,17703840,3677,9541740,1960,5375
426,35,38,25,0,17805900,3684,9553500,1951,5410
427,31,38,25,0,17883360,3689,9590520,1954,5441
428,39,38,25,0,17995560,3695,9623880,1951,5480
429,25,26,25,0,18092820,3687,9986460,2015,5505
430,16,27,25,0,18163560,3691,10009920,2013,5521
431,28,23,25,0,18277320,3690,10133220,2026,5549
432,22,21,25,0,18359100,3688,10296300,2051,5571
433,30,19,25,0,18448560,3683,10425900,2063,5601
434,30,27,25,0,18537780,3684,10443360,2054,5631
435,35,40,25,0,18613440,3687,10450800,2044,5666
436,36,36,25,0,18720060,3685,10577520,2057,5702
437,30,40,25,0,18799800,3681,10596180,2050,5732
438,35,38,25,0,18898800,3683,10632180,2047,5767
439,28,39,25,0,18981000,3684,10640340,2039,5795
440,39,38,25,0,19085880,3685,10720080,2045,5834
441,34,39,25,0,19166820,3685,10762140,2044,5868
442,33,40,25,0,19252020,3683,10820640,2045,5901
443,44,39,25,0,19344780,3682,10860960,2043,5945
444,34,39,25,0,19432200,3683,10885380,2039,5979
445,36,38,25,0,19531980,3683,10998180,2049,6015
446,38,38,25,0,19623300,3682,11033940,2046,6053
447,40,39,25,0,19707180,3680,11068740,2042,6093
448,27,29,25,0,19800300,3672,11819760,2172,6120
449,35,35,25,0,19879740,3667,11962020,2182,6155
450,24,38,25,0,19971960,3671,11979720,2177,6179
451,26,40,25,0,20043300,3675,12000060,2175,6205
452,36,38,25,0,20168340,3676,12053160,2173,6241
453,37,38,25,0,20238660,3673,12076560,2166,6278
454,36,38,25,0,20318760,3669,12150120,2169,6314
455,27,36,25,0,20424660,3669,12482220,2218,6341
456,38,38,25,0,20509200,3669,12493440,2210,6379
457,30,34,25,0,20599920,3666,12687000,2235,6409
458,35,38,25,0,20685840,3669,12711300,2230,6444
459,29,38,25,0,20765640,3666,12754440,2227,6473
460,34,40,25,0,20851200,3671,12774420,2224,6507
461,31,22,25,0,20981880,3663,13821960,2394,6538
462,35,40,25,0,21043320,3664,13827720,2382,6573
463,36,40,25,0,21128040,3669,13851300,2379,6609
464,30,35,25,0,21239520,3670,14017740,2399,6639
465,33,37,25,0,21329100,3667,14276340,2430,6672
466,29,38,25,0,21424440,3667,14315040,2425,6701
467,30,36,25,0,21491580,3659,14368320,2421,6731
468,20,23,25,0,21608880,3658,14856360,2495,6751
469,32,30,25,0,21681000,3655,14997660,2505,6783
470,28,40,25,0,21759480,3657,15007260,2496,6811
471,22,35,25,0,21857400,3661,15042660,2495,6833
472,29,31,25,0,21956880,3658,15144960,2500,6862
473,27,39,25,0,22027740,3658,15171840,2493,6889
474,28,39,25,0,22118100,3661,15193140,2489,6917
475,35,38,25,0,22204860,3663,15235680,2488,6952
476,32,38,25,0,22310100,3665,15343920,2495,6984
477,26,30,25,0,22411440,3662,15634140,2532,7010
478,33,38,25,0,22491360,3663,15679740,2528,7043
479,24,33,25,0,22596780,3663,15805140,2539,7067
480,27,29,25,0,22679280,3658,16071240,2570,7094
481,32,40,25,0,22753920,3659,16083480,2561,7126
482,26,40,25,0,22848900,3660,16116360,2556,7152
483,26,40,25,0,22935720,3661,16153080,2553,7178
484,32,39,25,0,23039280,3663,16222440,2554,7210
485,34,39,25,0,23135100,3663,16251960,2548,7244
486,29,38,25,0,23201220,3660,16310340,2548,7273
487,29,40,25,0,23293920,3660,16343940,2543,7302
488,30,35,25,0,23395020,3659,16472520,2552,7332
489,32,39,25,0,23476020,3659,16618620,2565,7364
490,29,40,25,0,23558400,3657,16671000,2563,7393
491,31,40,25,0,23660940,3662,16701360,2559,7424
492,33,35,25,0,23752020,3664,16786560,2567,7457
493,33,40,25,0,23838240,3662,16906620,2572,7490
494,37,40,25,0,23924040,3664,16932780,2568,7527
495,19,21,25,0,24030540,3659,17763840,2686,7546
496,37,37,25,0,24126960,3662,17775000,2673,7583
497,26,40,25,0,24183120,3663,17793600,2670,7609
498,32,40,25,0,24268740,3667,17825580,2668,7641
499,36,37,25,0,24369600,3670,18003420,2686,7677
500,26,20,25,0,24482460,3663,18806940,2795,7703
501,30,24,25,0,24568200,3662,18976440,2809,7733
502,31,38,25,0,24647820,3665,18986760,2797,7764
503,16,36,25,0,24743580,3669,19022280,2796,7780
504,15,27,25,0,24840840,3670,19203600,2816,7795
505,8,0,20,5,24913320,3659,19964100,2924,7803
506,7,0,9,16,25004520,3663,19964100,2921,7810
507,9,0,7,18,25049760,3664,19964100,2917,7819
508,9,0,9,16,25077660,3664,19964100,2913,7828
509,8,0,8,17,25119300,3665,19964100,2910,7836
510,4,0,6,19,25149840,3667,19964100,2908,7840
511,5,0,3,22,25177680,3667,19964100,2906,7845
512,8,0,8,17,25186860,3666,19964100,2903,7853
513,10,0,8,17,25211520,3664,19964100,2898,7863
514,4,0,4,21,25236240,3664,19964100,2897,7867
515,9,0,8,17,25255680,3664,19964100,2893,7876
516,12,0,13,12,25269240,3662,19964100,2888,7888
517,8,0,7,18,25320300,3662,19964100,2884,7896
518,13,0,14,11,25342980,3662,19964100,2879,7909
519,9,0,13,12,25375140,3662,19964100,2875,7918
520,10,0,11,14,25422600,3662,19964100,2871,7928
521,12,0,13,12,25471860,3664,19964100,2866,7940
522,12,0,13,12,25517700,3664,19964100,2861,7952
523,3,0,6,19,25563420,3666,19964100,2860,7955
524,9,0,8,17,25578840,3664,19964100,2856,7964
525,7,0,5,20,25624500,3665,19964100,2854,7971
526,4,0,5,20,25635600,3665,19964100,2852,7975
527,5,0,4,21,25657920,3665,19964100,2850,7980
528,6,0,5,20,25680420,3666,19964100,2847,7986
529,4,0,4,21,25691640,3664,19964100,2846,7990
530,6,0,3,22,25711440,3664,19964100,2843,7996
531,5,0,4,21,25727220,3664,19964100,2841,8001
532,5,0,8,17,25729440,3664,19964100,2839,8006
533,4,0,6,19,25753440,3664,19964100,2838,8010
534,7,0,7,18,25787640,3666,19964100,2835,8017
535,4,0,3,22,25807980,3664,19964100,2833,8021
536,4,0,6,19,25814460,3665,19964100,2832,8025
537,9,0,9,16,25847160,3666,19964100,2828,8034
538,12,0,12,13,25860660,3664,19964100,2823,8046
539,15,0,16,9,25890180,3662,19964100,2817,8061
540,10,0,12,13,25960020,3665,19964100,2813,8071
541,15,0,15,10,26001360,3664,19964100,2807,8086
542,7,0,12,13,26054580,3667,19964100,2805,8093
543,12,0,8,17,26118780,3667,19964100,2800,8105
544,13,0,9,16,26157600,3667,19964100,2795,8118
545,7,0,11,14,26181180,3667,19964100,2792,8125
546,12,0,11,14,26218500,3666,19964100,2787,8137
547,7,0,7,18,26252520,3666,19964100,2785,8144
548,4,0,5,20,26283120,3667,19964100,2783,8148
549,2,0,4,21,26301660,3668,19964100,2782,8150
550,8,0,7,18,26314980,3667,19964100,2779,8158
551,7,0,7,18,26331660,3666,19964100,2777,8165
552,4,0,6,19,26355600,3667,19964100,2775,8169
553,5,0,7,18,26374680,3667,19964100,2773,8174
554,3,0,4,21,26405580,3668,19964100,2772,8177
555,10,0,11,14,26410740,3668,19964100,2768,8187
556,5,0,4,21,26463300,3669,19964100,2766,8192
557,3,0,4,21,26469180,3668,19964100,2765,8195
558,4,0,6,19,26483460,3669,19964100,2763,8199
559,7,0,8,17,26498340,3669,19964100,2761,8206
560,9,0,8,17,26520060,3667,19964100,2757,8215
561,8,0,7,18,26552640,3667,19964100,2754,8223
562,8,0,9,16,26572680,3667,19964100,2751,8231
563,14,0,16,9,26596140,3666,19964100,2746,8245
564,6,0,10,15,26642400,3667,19964100,2744,8251
565,12,0,8,17,26705280,3668,19964100,2739,8263
566,6,0,10,15,26714700,3668,19964100,2737,8269
567,7,0,7,18,26748720,3667,19964100,2734,8276
568,8,0,5,20,26786700,3667,19964100,2731,8284
569,8,0,7,18,26803380,3667,19964100,2728,8292
570,8,0,9,16,26820840,3666,19964100,2725,8300
571,9,0,11,14,26855280,3667,19964100,2722,8309
572,2,0,3,22,26896620,3668,19964100,2721,8311
573,10,0,8,17,26919540,3669,19964100,2718,8321
574,6,0,7,18,26940360,3668,19964100,2715,8327
575,1,0,3,22,26961840,3668,19964100,2715,8328
576,8,0,7,18,26978700,3669,19964100,2712,8336
577,3,0,4,21,27001320,3669,19964100,2711,8339
578,9,0,11,14,27008520,3669,19964100,2708,8348
579,7,0,8,17,27043320,3668,19964100,2705,8355
580,4,0,5,20,27074340,3669,19964100,2704,8359
581,5,0,3,22,27099000,3669,19964100,2702,8364
582,6,0,6,19,27111480,3669,19964100,2700,8370
583,9,0,7,18,27131820,3668,19964100,2696,8379
584,5,0,6,19,27160020,3669,19964100,2694,8384
585,10,0,9,16,27187380,3669,19964100,2691,8394
586,15,0,16,9,27205260,3667,19964100,2685,8409
587,9,0,15,10,27248220,3668,19964100,2682,8418
588,17,0,17,8,27303240,3668,19964100,2676,8435
589,10,0,12,13,27367380,3670,19964100,2672,8445
590,10,0,11,14,27423120,3672,19964100,2669,8455
591,6,0,6,19,27459720,3671,19964100,2667,8461
592,9,0,5,20,27496500,3671,19964100,2664,8470
593,11,0,8,17,27514680,3670,19964100,2660,8481
594,3,0,4,21,27540240,3670,19964100,2659,8484
595,9,0,7,18,27562320,3670,19964100,2655,8493
596,5,0,8,17,27573540,3669,19964100,2654,8498
597,6,0,9,16,27589860,3669,19964100,2651,8504
598,6,0,6,19,27636120,3671,19964100,2649,8510
599,3,0,2,23,27660120,3670,19964100,2648,8513
600,3,0,3,22,27669240,3671,19964100,2647,8516
601,5,0,5,20,27674280,3670,19964100,2646,8521
602,7,0,5,20,27696600,3669,19964100,2643,8528
603,3,0,3,22,27712320,3669,19964100,2642,8531
604,8,0,7,18,27724440,3669,19964100,2639,8539
605,4,0,5,20,27759120,3670,19964100,2638,8543
606,8,0,10,15,27762240,3669,19964100,2635,8551
607,5,0,5,20,27805080,3670,19964100,2633,8556
608,10,0,8,17,27831000,3670,19964100,2630,8566
609,10,0,10,15,27857760,3670,19964100,2626,8576
610,15,0,18,7,27880500,3669,19964100,2621,8591
611,10,0,12,13,27943920,3670,19964100,2618,8601
612,11,0,8,17,27991020,3669,19964100,2614,8612
613,11,0,9,16,28035300,3670,19964100,2610,8623
614,8,0,8,17,28072740,3671,19964100,2607,8631
615,6,0,8,17,28096980,3671,19964100,2605,8637
616,14,0,12,13,28131720,3671,19964100,2601,8651
617,6,0,10,15,28168740,3672,19964100,2599,8657
618,6,0,6,19,28224540,3674,19964100,2597,8663
619,2,0,3,22,28236300,3673,19964100,2596,8665
620,9,0,7,18,28252500,3673,19964100,2593,8674
621,1,0,3,22,28264320,3672,19964100,2593,8675
622,4,0,1,24,28283940,3672,19964100,2591,8679
623,7,0,7,18,28287540,3672,19964100,2589,8686
624,7,0,9,16,28303560,3671,19964100,2587,8693
625,5,0,9,16,28333740,3673,19964100,2585,8698
626,6,0,9,16,28357560,3673,19964100,2583,8704
627,8,0,8,17,28402740,3675,19964100,2580,8712
628,9,0,8,17,28417020,3672,19964100,2577,8721
629,10,0,10,15,28442280,3672,19964100,2574,8731
630,8,0,10,15,28473660,3672,19964100,2571,8739
631,6,0,8,17,28500660,3672,19964100,2569,8745
632,7,0,7,18,28541220,3673,19964100,2567,8752
633,9,0,10,15,28566120,3674,19964100,2564,8761
634,9,0,8,17,28611120,3674,19964100,2561,8770
635,10,0,11,14,28628340,3673,19964100,2558,8780
636,10,0,11,14,28674420,3674,19964100,2554,8790
637,4,0,9,16,28712940,3676,19964100,2553,8794
638,11,0,8,17,28749060,3675,19964100,2550,8805
639,19,0,15,10,28781460,3674,19964100,2543,8824
640,11,0,13,12,28818300,3672,19964100,2540,8835
641,5,0,4,21,28871460,3673,19964100,2538,8840
642,4,0,3,22,28897560,3674,19964100,2537,8844
643,8,0,8,17,28907100,3674,19964100,2534,8852
644,8,0,11,14,28931520,3674,19964100,2532,8860
645,8,0,8,17,28966680,3674,19964100,2529,8868
646,3,0,7,18,28985340,3674,19964100,2528,8871
647,7,0,8,17,29012580,3675,19964100,2526,8878
648,4,0,6,19,29047860,3676,19964100,2525,8882
649,2,0,2,23,29075580,3677,19964100,2524,8884
650,2,0,2,23,29079300,3677,19964100,2523,8886
651,8,0,6,19,29088300,3676,19964100,2521,8894
652,7,0,6,19,29103780,3675,19964100,2519,8901
653,8,0,7,18,29130600,3675,19964100,2516,8909
654,10,0,11,14,29147700,3674,19964100,2513,8919
655,7,0,7,18,29182080,3673,19964100,2511,8926
656,6,0,3,22,29222340,3674,19964100,2509,8932
657,6,0,7,18,29231700,3674,19964100,2507,8938
658,9,0,12,13,29244120,3674,19964100,2504,8947
659,10,0,7,18,29294820,3673,19964100,2501,8957
660,14,0,9,16,29323320,3671,19964100,2497,8971
661,10,0,9,16,29355060,3671,19964100,2493,8981
662,10,0,8,17,29386200,3670,19964100,2490,8991
663,8,0,8,17,29410080,3669,19964100,2488,8999
664,12,0,11,14,29442120,3669,19964100,2484,9011
665,15,0,9,16,29490120,3667,19964100,2480,9026
666,11,0,8,17,29533920,3667,19964100,2476,9037
667,7,0,7,18,29557080,3666,19964100,2474,9044
668,4,0,4,21,29580720,3666,19964100,2473,9048
669,5,0,5,20,29602620,3667,19964100,2471,9053
670,3,0,3,22,29619000,3667,19964100,2470,9056
671,5,0,4,21,29632200,3666,19964100,2469,9061
672,10,0,13,12,29633160,3666,19964100,2466,9071
673,8,0,15,10,29641680,3664,19964100,2463,9079
674,6,0,18,7,29653140,3664,19964100,2461,9085
675,6,0,20,5,29663760,3664,19964100,2460,9091
676,2,0,18,7,29679660,3664,19964100,2459,9093
677,6,0,19,6,29714880,3666,19964100,2457,9099
678,3,0,17,8,29735640,3666,19964100,2456,9102
679,17,2,25,0,29760900,3666,19965060,2451,9119
680,10,0,25,0,29792940,3665,19968840,2449,9129
681,14,3,25,0,29834220,3665,19970820,2445,9143
682,8,0,25,0,29880120,3666,19974120,2443,9151
683,7,0,21,4,29934060,3667,19975800,2441,9158
684,9,0,18,7,29983440,3668,19975800,2438,9167
685,12,0,23,2,30004500,3668,19975800,2435,9179
686,7,1,25,0,30023220,3668,19976100,2433,9186
687,13,1,25,0,30075360,3669,19981440,2429,9199
688,15,0,25,0,30119100,3667,19984860,2425,9214
689,11,1,25,0,30145740,3666,19986420,2423,9225
690,12,3,25,0,30188940,3666,19989720,2419,9237
691,11,6,25,0,30242760,3669,19998780,2417,9248
692,8,0,24,1,30304200,3670,20017200,2417,9256
693,11,0,23,2,30345900,3670,20021100,2414,9267
694,8,0,20,5,30390660,3670,20021100,2412,9275
695,6,0,19,6,30419820,3671,20021100,2410,9281
696,8,0,19,6,30455580,3672,20021100,2408,9289
697,5,0,17,8,30474420,3671,20021100,2406,9294
698,14,0,24,1,30491460,3670,20021100,2402,9308
699,11,0,22,3,30528720,3668,20021100,2399,9319
700,6,0,19,6,30563460,3669,20021100,2398,9325
701,5,0,18,7,30590400,3669,20021100,2396,9330
702,9,0,22,3,30623820,3671,20021100,2394,9339
703,7,0,20,5,30651060,3670,20021100,2392,9346
704,6,0,21,4,30664980,3670,20021100,2390,9352
705,7,0,18,7,30705240,3670,20021100,2388,9359
706,8,0,17,8,30732480,3669,20021100,2386,9367
707,18,2,25,0,30756720,3669,20021640,2381,9385
708,12,3,25,0,30793020,3668,20027760,2378,9397
709,14,9,25,0,30839580,3670,20036400,2375,9411
710,10,13,25,0,30885540,3673,20051940,2374,9421
711,7,3,25,0,30931800,3671,20121180,2380,9428
712,16,6,25,0,30974220,3671,20141940,2378,9444
713,11,0,22,3,31039860,3670,20158020,2377,9455
714,8,0,25,0,31053600,3669,20158020,2375,9463
715,9,0,18,7,31113420,3669,20158080,2372,9472
716,9,0,22,3,31141680,3671,20158080,2370,9481
717,6,0,16,9,31176060,3669,20158080,2368,9487
718,4,0,17,8,31193220,3670,20158080,2367,9491
719,2,0,15,10,31210140,3670,20158080,2366,9493
720,6,0,15,10,31231560,3670,20158080,2365,9499
721,4,0,15,10,31246800,3670,20158080,2364,9503
722,4,0,15,10,31261500,3670,20158080,2362,9507
723,6,0,17,8,31272780,3670,20158080,2361,9513
724,3,0,16,9,31287780,3670,20158080,2360,9516
725,7,0,18,7,31303920,3670,20158080,2358,9523
726,7,0,18,7,31335420,3670,20158080,2356,9530
727,4,0,16,9,31347300,3669,20158080,2355,9534
728,6,0,20,5,31351020,3669,20158080,2353,9540
729,11,0,21,4,31389840,3669,20158080,2350,9551
730,9,0,25,0,31404120,3669,20159040,2348,9560
731,5,0,21,4,31456080,3671,20159040,2347,9565
732,8,0,20,5,31497060,3672,20159040,2344,9573
733,11,3,25,0,31505640,3671,20159400,2342,9584
734,12,0,23,2,31569420,3672,20166180,2339,9596
735,15,3,25,0,31615080,3673,20170020,2335,9611
736,9,1,25,0,31645800,3672,20177400,2334,9620
737,4,0,15,10,31712460,3673,20177460,2333,9624
738,5,0,17,8,31721700,3673,20177460,2331,9629
739,7,0,20,5,31738080,3673,20177460,2329,9636
740,5,0,16,9,31767600,3672,20177460,2328,9641
741,6,0,15,10,31785840,3672,20177460,2327,9647
742,3,0,17,8,31787640,3671,20177460,2326,9650
743,7,0,17,8,31816740,3672,20177460,2324,9657
744,5,0,16,9,31829040,3671,20177460,2322,9662
745,3,0,16,9,31843860,3671,20177460,2322,9665
746,2,0,16,9,31848660,3671,20177460,2321,9667
747,5,0,15,10,31873800,3671,20177460,2320,9672
748,4,0,15,10,31885260,3671,20177460,2319,9676
749,2,0,14,11,31892100,3670,20177460,2318,9678
750,8,0,17,8,31903980,3670,20177460,2316,9686
751,10,0,23,2,31920780,3670,20177460,2313,9696
752,6,0,23,2,31941180,3670,20177460,2312,9702
753,5,0,15,10,31990560,3670,20177460,2311,9707
754,2,0,14,11,32004960,3670,20177460,2310,9709
755,13,0,20,5,32021340,3669,20177460,2307,9722
756,9,0,18,7,32051460,3668,20177460,2304,9731
757,8,0,19,6,32063580,3666,20177460,2302,9739
758,12,0,23,2,32088900,3666,20177460,2299,9751
759,8,0,22,3,32116560,3665,20177460,2297,9759
760,7,0,21,4,32151660,3666,20177460,2295,9766
761,7,0,17,8,32198160,3667,20177460,2293,9773
762,8,0,18,7,32227800,3667,20177460,2291,9781
763,11,0,24,1,32239680,3666,20177460,2288,9792
764,8,1,25,0,32263740,3667,20178120,2286,9800
765,2,0,20,5,32308200,3668,20179620,2286,9802
766,6,0,16,9,32362020,3670,20179620,2284,9808
767,6,0,17,8,32395020,3672,20179620,2283,9814
768,3,0,13,12,32416320,3671,20179620,2282,9817
769,3,0,16,9,32416320,3671,20179620,2281,9820
770,10,0,18,7,32429880,3670,20179620,2279,9830
771,2,0,15,10,32450640,3670,20179620,2278,9832
772,8,0,20,5,32463900,3670,20179620,2276,9840
773,7,0,18,7,32487120,3669,20179620,2274,9847
774,12,0,22,3,32507580,3668,20179620,2271,9859
775,5,0,20,5,32530380,3668,20179620,2270,9864
776,6,0,18,7,32562240,3668,20179620,2268,9870
777,11,0,20,5,32595960,3668,20179620,2266,9881
778,9,0,22,3,32617440,3668,20179620,2263,9890
779,12,0,24,1,32652000,3667,20179620,2260,9902
780,6,0,16,9,32707740,3668,20179620,2259,9908
781,12,0,20,5,32725680,3667,20179620,2256,9920
782,12,0,23,2,32747400,3665,20179620,2253,9932
783,10,0,22,3,32778120,3664,20179980,2250,9942
784,11,0,24,1,32816040,3665,20181840,2248,9953
785,14,6,25,0,32849820,3666,20185260,2245,9967
786,8,0,21,4,32922180,3666,20200680,2244,9975
787,7,0,21,4,32946180,3666,20200680,2243,9982
788,7,0,22,3,32972280,3667,20200680,2241,9989
789,6,0,18,7,33017700,3668,20200680,2239,9995
790,7,0,21,4,33029520,3667,20200680,2238,10002
791,6,0,18,7,33060960,3667,20200680,2236,10008
792,1,0,15,10,33078180,3668,20200680,2236,10009
793,5,0,15,10,33107520,3669,20200680,2235,10014
794,5,0,18,7,33115560,3669,20200680,2233,10019
795,6,0,17,8,33139380,3669,20200680,2232,10025
796,6,0,20,5,33145260,3668,20200680,2230,10031
797,9,0,22,3,33168840,3668,20200680,2228,10040
798,10,0,24,1,33205140,3669,20200680,2226,10050
799,9,0,17,8,33253440,3667,20200680,2224,10059
800,6,0,18,7,33276780,3668,20200680,2222,10065
801,11,0,19,6,33301500,3667,20200680,2219,10076
802,7,0,22,3,33319260,3667,20200680,2218,10083
803,11,0,22,3,33357900,3667,20200680,2215,10094
804,9,0,22,3,33388920,3667,20200980,2213,10103
805,12,1,25,0,33421860,3667,20201220,2210,10115
806,14,1,25,0,33474000,3667,20203920,2207,10129
807,20,5,25,0,33508860,3664,20205900,2203,10149
808,9,3,25,0,33560760,3666,20218200,2201,10158
809,19,12,25,0,33607800,3667,20231880,2198,10177
810,6,8,25,0,33651780,3668,20245920,2198,10183
811,8,7,25,0,33685440,3668,20262720,2199,10191
812,7,0,21,4,33749580,3668,20324160,2203,10198
813,4,0,15,10,33793080,3668,20324160,2202,10202
814,4,0,15,10,33809160,3668,20324160,2201,10206
815,4,0,16,9,33818820,3668,20324160,2201,10210
816,6,0,17,8,33831960,3668,20324160,2199,10216
817,8,0,20,5,33843420,3667,20324160,2197,10224
818,4,0,17,8,33859080,3666,20324160,2196,10228
819,5,0,16,9,33878280,3666,20324160,2195,10233
820,5,0,17,8,33896760,3666,20324160,2194,10238
821,7,0,17,8,33920040,3666,20324160,2192,10245
822,17,0,25,0,33937260,3664,20325060,2188,10262
823,9,0,20,5,33980400,3663,20325060,2186,10271
824,7,0,19,6,33999240,3662,20325060,2185,10278
825,2,0,15,10,34027740,3663,20325060,2184,10280
826,14,0,23,2,34033800,3661,20325060,2181,10294
827,15,3,25,0,34065900,3661,20326560,2178,10309
828,15,10,25,0,34106940,3662,20329980,2175,10324
829,10,12,25,0,34162740,3665,20339400,2173,10334
830,13,12,25,0,34233180,3667,20360700,2172,10347
831,7,0,21,4,34275720,3663,20461800,2181,10354
832,8,0,19,6,34305600,3662,20461800,2180,10362
833,10,0,21,4,34328580,3661,20461800,2177,10372
834,12,1,25,0,34354080,3661,20462160,2175,10384
835,6,0,21,4,34390920,3661,20463120,2173,10390
836,9,0,21,4,34432560,3662,20463120,2171,10399
837,3,0,17,8,34455420,3661,20463120,2170,10402
838,7,0,20,5,34471800,3662,20463120,2169,10409
839,2,0,14,11,34504800,3662,20463120,2168,10411
840,5,0,18,7,34511760,3662,20463120,2167,10416
841,5,0,18,7,34521000,3661,20463120,2166,10421
842,4,0,16,9,34547100,3662,20463120,2165,10425
843,4,0,15,10,34576260,3663,20463120,2164,10429
844,4,0,15,10,34591680,3663,20463120,2163,10433
845,7,0,20,5,34593780,3663,20463120,2162,10440
846,4,0,20,5,34610340,3663,20463120,2161,10444
847,13,0,25,0,34644780,3663,20463120,2158,10457
848,9,0,24,1,34693440,3665,20463240,2156,10466
849,12,1,25,0,34728720,3664,20463240,2153,10478
850,6,0,23,2,34766340,3665,20463660,2152,10484
851,7,0,22,3,34804740,3666,20463660,2150,10491
852,11,0,21,4,34850220,3666,20463660,2148,10502
853,7,0,19,6,34879320,3666,20463660,2146,10509
854,15,0,24,1,34904220,3664,20463660,2143,10524
855,11,0,22,3,34939620,3663,20463660,2140,10535
856,4,0,17,8,34967160,3663,20463660,2139,10539
857,13,0,23,2,34997880,3663,20463660,2136,10552
858,10,0,23,2,35027580,3662,20463720,2134,10562
859,8,0,22,3,35065380,3663,20463720,2132,10570
860,5,0,21,4,35090820,3663,20463720,2131,10575
861,9,0,22,3,35124840,3664,20463720,2129,10584
862,6,0,20,5,35162640,3665,20463720,2128,10590
863,6,0,20,5,35180640,3664,20463720,2127,10596
864,4,0,16,9,35220360,3665,20463720,2126,10600
865,4,0,16,9,35237520,3665,20463720,2125,10604
866,4,0,15,10,35246340,3665,20463720,2124,10608
867,4,0,15,10,35263680,3665,20463720,2123,10612
868,7,0,20,5,35267220,3664,20463720,2122,10619
869,8,0,20,5,35294280,3664,20463720,2120,10627
870,4,0,19,6,35315100,3664,20463720,2119,10631
871,9,0,25,0,35337000,3666,20463720,2117,10640
872,10,0,23,2,35377320,3665,20464320,2115,10650
873,9,0,19,6,35421480,3665,20464320,2113,10659
874,7,0,20,5,35448840,3665,20464320,2111,10666
875,12,0,22,3,35477640,3665,20464320,2109,10678
876,16,4,25,0,35509740,3664,20466000,2106,10694
877,10,9,25,0,35533500,3665,20472480,2104,10704
878,10,4,25,0,35604600,3667,20500080,2105,10714
879,11,0,24,1,35638260,3664,20531760,2106,10725
880,11,2,25,0,35672460,3665,20531760,2104,10736
881,11,3,25,0,35724600,3666,20539680,2102,10747
882,10,0,24,1,35779800,3667,20545560,2100,10757
883,11,0,21,4,35824140,3666,20546640,2098,10768
884,10,0,23,2,35848980,3665,20546640,2096,10778
885,11,0,21,4,35901600,3666,20548080,2093,10789
886,4,0,19,6,35927760,3666,20548080,2093,10793
887,7,0,18,7,35957820,3666,20548080,2091,10800
888,7,0,18,7,35980680,3666,20548080,2090,10807
889,8,0,18,7,36007680,3666,20548080,2088,10815
890,4,0,14,11,36031860,3665,20548080,2087,10819
891,1,0,13,12,36043740,3666,20548080,2087,10820
892,5,0,17,8,36044580,3666,20548080,2086,10825
893,13,0,24,1,36058800,3665,20548080,2083,10838
894,7,0,23,2,36082620,3664,20548080,2082,10845
895,9,0,21,4,36136560,3666,20548080,2080,10854
896,8,0,20,5,36169740,3666,20548080,2078,10862
897,10,0,24,1,36194160,3666,20548080,2076,10872
898,8,1,25,0,36225720,3667,20548320,2074,10880
899,11,0,23,2,36274500,3667,20548380,2072,10891
900,11,0,24,1,36309540,3666,20550240,2070,10902
901,8,0,22,3,36349080,3667,20550240,2068,10910
902,13,1,25,0,36376260,3666,20550240,2066,10923
903,7,0,21,4,36414120,3665,20550600,2064,10930
904,7,0,18,7,36463560,3667,20550600,2063,10937
905,11,0,21,4,36482520,3666,20550600,2060,10948
906,12,0,21,4,36510960,3664,20550660,2058,10960
907,4,0,19,6,36535140,3664,20550660,2057,10964
908,10,0,18,7,36576180,3664,20550660,2055,10974
909,5,0,21,4,36583260,3664,20550660,2054,10979
910,7,0,18,7,36629820,3665,20550660,2053,10986
911,4,0,15,10,36645300,3664,20550660,2052,10990
912,7,0,17,8,36662040,3664,20550660,2050,10997
913,3,0,14,11,36678060,3664,20550660,2050,11000
914,4,0,17,8,36686460,3664,20550660,2049,11004
915,7,0,18,7,36703020,3664,20550660,2047,11011
916,9,0,23,2,36716940,3663,20550660,2046,11020
917,7,0,22,3,36744480,3663,20550660,2044,11027
918,10,0,23,2,36782700,3664,20550660,2042,11037
919,8,0,20,5,36811920,3663,20550660,2040,11045
920,8,0,16,9,36850500,3662,20550660,2039,11053
921,10,0,19,6,36868800,3661,20550660,2037,11063
922,11,0,22,3,36882300,3660,20550660,2035,11074
923,7,0,22,3,36908400,3660,20550660,2033,11081
924,11,0,22,3,36952380,3660,20550780,2031,11092
925,14,0,22,3,36990840,3659,20550780,2028,11106
926,4,0,19,6,37027860,3660,20550780,2027,11110
927,7,0,17,8,37069680,3661,20550780,2026,11117
928,9,0,19,6,37084380,3660,20550780,2024,11126
929,7,0,20,5,37110780,3660,20550780,2023,11133
930,6,0,19,6,37137120,3660,20550780,2022,11139
931,8,0,17,8,37168680,3660,20550780,2020,11147
932,10,0,19,6,37190400,3659,20550780,2018,11157
933,9,0,23,2,37203060,3659,20550780,2016,11166
934,8,0,21,4,37225560,3657,20550780,2015,11174
935,6,0,19,6,37266900,3658,20550780,2013,11180
936,2,0,14,11,37301640,3659,20550780,2013,11182
937,3,0,14,11,37313580,3659,20550780,2013,11185
938,3,0,15,10,37317180,3659,20550780,2012,11188
939,4,0,14,11,37332660,3659,20550780,2011,11192
940,5,0,16,9,37337940,3658,20550780,2010,11197
941,8,0,16,9,37357980,3657,20550780,2009,11205
942,11,0,19,6,37372380,3656,20550780,2006,11216
943,8,0,22,3,37382760,3655,20550780,2005,11224
944,11,0,21,4,37424580,3655,20550840,2003,11235
945,15,3,25,0,37463820,3656,20554980,2000,11250
946,7,0,21,4,37503180,3655,20561220,1999,11257
947,7,0,18,7,37534620,3654,20561220,1998,11264
948,8,0,17,8,37566840,3654,20561220,1997,11272
949,14,0,21,4,37600380,3654,20561220,1994,11286
950,16,1,25,0,37637160,3654,20561280,1991,11302
951,7,0,23,2,37663020,3653,20561580,1989,11309
952,15,2,25,0,37704240,3653,20567220,1987,11324
953,13,4,25,0,37752840,3653,20572500,1985,11337
954,12,11,25,0,37786500,3655,20575200,1984,11349
955,12,13,25,0,37849740,3658,20583840,1982,11361
956,11,16,25,0,37893660,3659,20601420,1981,11372
957,10,15,25,0,37945380,3660,20628660,1982,11382
958,6,0,19,6,38003820,3656,20779020,1995,11388
959,4,0,19,6,38018760,3656,20779020,1994,11392
960,2,0,16,9,38050560,3658,20779020,1994,11394
961,1,0,15,10,38060400,3658,20779020,1994,11395
962,5,0,18,7,38077740,3659,20779020,1993,11400
963,6,0,19,6,38087160,3658,20779020,1992,11406
964,3,0,15,10,38119740,3659,20779020,1991,11409
965,9,0,18,7,38135460,3658,20779020,1989,11418
966,7,0,20,5,38148780,3657,20779020,1988,11425
967,10,0,24,1,38179740,3658,20779020,1986,11435
968,9,0,18,7,38225880,3657,20779020,1985,11444
969,7,0,20,5,38238900,3657,20779020,1983,11451
970,8,0,19,6,38282040,3658,20779020,1982,11459
971,11,0,19,6,38310180,3657,20779080,1980,11470
972,10,0,21,4,38337600,3657,20779080,1978,11480
973,6,0,20,5,38367960,3657,20779080,1977,11486
974,8,0,24,1,38384280,3657,20779080,1975,11494
975,13,0,24,1,38434620,3658,20779080,1973,11507
976,6,0,20,5,38474160,3658,20779080,1972,11513
977,14,1,25,0,38503020,3658,20779380,1969,11527
978,12,1,25,0,38537700,3657,20779620,1967,11539
979,10,0,25,0,38579700,3657,20779680,1965,11549
980,7,0,24,1,38609100,3657,20783400,1964,11556
981,12,1,25,0,38655840,3658,20783940,1962,11568
982,7,0,21,4,38717700,3660,20784180,1960,11575
983,3,0,16,9,38749380,3660,20784180,1960,11578
984,10,0,20,5,38765820,3659,20784180,1958,11588
985,1,0,14,11,38795520,3660,20784180,1958,11589
986,1,0,13,12,38808240,3660,20784180,1958,11590
987,4,0,15,10,38812740,3660,20784180,1957,11594
988,5,0,14,11,38820180,3659,20784180,1956,11599
989,3,0,15,10,38828580,3659,20784180,1955,11602
990,10,0,23,2,38832000,3658,20784180,1954,11612
991,5,0,20,5,38860920,3658,20784180,1953,11617
992,10,0,20,5,38900700,3659,20784180,1951,11627
993,8,0,23,2,38913960,3658,20784180,1949,11635
994,13,0,21,4,38969700,3658,20787720,1947,11648
995,9,0,21,4,38997840,3658,20787720,1946,11657
996,9,0,22,3,39021240,3657,20787720,1944,11666
997,11,0,23,2,39060840,3658,20787720,1942,11677
998,8,0,23,2,39081540,3657,20787720,1941,11685
999,9,0,24,1,39116400,3657,20787720,1939,11694
1000,11,0,23,2,39172500,3658,20787720,1937,11705
1001,8,0,20,5,39218700,3659,20787720,1936,11713
1002,6,0,18,7,39240780,3658,20787720,1935,11719
1003,10,0,22,3,39254040,3658,20787720,1933,11729
1004,10,0,19,6,39301140,3657,20787720,1931,11739
1005,3,0,15,10,39315540,3656,20787720,1930,11742
1006,5,0,16,9,39325260,3656,20787720,1929,11747
1007,5,0,16,9,39353940,3657,20787720,1929,11752
1008,2,0,17,8,39360300,3657,20787720,1928,11754
1009,5,0,16,9,39390180,3658,20787720,1927,11759
1010,14,1,25,0,39398160,3657,20787720,1925,11773
1011,28,21,25,0,39431880,3658,20795160,1921,11801
1012,26,40,25,0,39470820,3659,20804280,1917,11827
1013,35,40,25,0,39527760,3661,20838720,1918,11862
1014,34,40,25,0,39564960,3662,20856840,1919,11896
1015,37,39,25,0,39627060,3663,20943120,1924,11933
1016,16,39,25,0,39667320,3662,21043560,1931,11949
1017,35,40,25,0,39707280,3662,21104700,1935,11984
1018,26,40,25,0,39760620,3662,21144660,1936,12010
1019,26,40,25,0,39800400,3663,21149520,1935,12036
1020,29,40,25,0,39840480,3663,21197400,1937,12065
1021,30,39,25,0,39903840,3664,21204660,1935,12095
1022,23,40,25,0,39950580,3663,21341520,1945,12118
1023,30,40,25,0,39974520,3661,21351540,1944,12148
1024,37,39,25,0,40039440,3662,21414000,1947,12185
1025,25,39,25,0,40085760,3662,21431520,1946,12210
1026,29,39,25,0,40126260,3663,21444720,1946,12239
1027,27,38,25,0,40196220,3663,21480480,1946,12266
1028,30,39,25,0,40233960,3663,21538320,1949,12296
1029,38,40,25,0,40266900,3662,21544020,1948,12334
1030,32,39,25,0,40330380,3662,21750900,1964,12366
1031,30,40,25,0,40373460,3661,21756720,1962,12396
1032,32,40,25,0,40406520,3662,21761820,1961,12428
1033,24,40,25,0,40457880,3663,21785460,1961,12452
1034,38,38,25,0,40516200,3664,21818700,1962,12490
1035,25,35,25,0,40563960,3663,22012200,1977,12515
1036,25,39,25,0,40607580,3662,22030140,1975,12540
1037,30,40,25,0,40646760,3663,22035600,1974,12570
1038,36,40,25,0,40698540,3663,22068360,1975,12606
1039,31,40,25,0,40725240,3663,22087020,1975,12637
1040,25,40,25,0,40790880,3664,22127880,1976,12662
1041,39,40,25,0,40825200,3664,22156800,1977,12701
1042,31,40,25,0,40887000,3664,22332480,1990,12732
1043,21,40,25,0,40925520,3663,22339200,1988,12753
1044,31,40,25,0,40967640,3663,22377180,1989,12784
1045,29,37,25,0,41029260,3662,22558560,2002,12813
1046,32,40,25,0,41062500,3662,22562220,2001,12845
1047,41,40,25,0,41116800,3663,22569420,1999,12886
1048,34,40,25,0,41158200,3663,22599300,2000,12920
1049,32,40,25,0,41209980,3660,22658040,2001,12952
1050,24,39,25,0,41250240,3661,22670400,2000,12976
1051,35,40,25,0,41301420,3660,22742640,2004,13011
1052,31,40,25,0,41344920,3659,22796400,2006,13042
1053,32,40,25,0,41399820,3661,22815900,2006,13074
1054,30,40,25,0,41449800,3660,22830000,2005,13104
1055,31,40,25,0,41491080,3661,22859460,2005,13135
1056,26,40,25,0,41522220,3662,22886520,2007,13161
1057,37,39,25,0,41586900,3662,22905600,2006,13198
1058,31,40,25,0,41616240,3663,22911780,2005,13229
1059,38,40,25,0,41682060,3664,22974420,2008,13267
1060,32,40,25,0,41728200,3664,22990860,2008,13299
1061,19,39,25,0,41770440,3663,23167740,2020,13318
1062,31,39,25,0,41815800,3665,23209980,2023,13349
1063,22,35,25,0,41880120,3665,23422800,2039,13371
1064,31,40,25,0,41906700,3664,23435760,2037,13402
1065,34,40,25,0,41948100,3664,23441400,2036,13436
1066,22,39,25,0,42002040,3665,23496300,2039,13458
1067,34,40,25,0,42063720,3665,23536800,2039,13492
1068,27,40,25,0,42094680,3663,23584020,2041,13519
1069,31,40,25,0,42131100,3663,23610960,2041,13550
1070,24,40,25,0,42184380,3664,23750640,2052,13574
1071,25,38,25,0,42243000,3664,23820420,2054,13599
1072,31,39,25,0,42289080,3663,23832480,2053,13630
1073,25,40,25,0,42327780,3662,23837400,2051,13655
1074,31,39,25,0,42373980,3663,23877720,2052,13686
1075,26,40,25,0,42432540,3663,23913060,2053,13712
1076,26,40,25,0,42477720,3662,24118980,2068,13738
1077,21,40,25,0,42513000,3661,24167520,2070,13759
1078,40,40,25,0,42544140,3661,24199440,2071,13799
1079,33,40,25,0,42622860,3663,24236280,2071,13832
1080,35,40,25,0,42664320,3661,24299220,2074,13867
1081,26,39,25,0,42710340,3662,24311160,2073,13893
1082,22,39,25,0,42757080,3662,24354000,2074,13915
1083,33,40,25,0,42786660,3662,24361200,2074,13948
1084,35,40,25,0,42865440,3663,24553680,2087,13983
1085,34,40,25,0,42888120,3663,24559800,2086,14017
1086,25,35,25,0,42960960,3661,24989640,2119,14042
1087,30,40,25,0,42987600,3658,25801380,2184,14072
1088,31,40,25,0,43035360,3660,25819560,2184,14103
1089,35,40,25,0,43065480,3660,25836240,2184,14138
1090,28,39,25,0,43137960,3660,25955220,2190,14166
1091,33,40,25,0,43167120,3659,25968540,2189,14199
1092,33,39,25,0,43220880,3660,25971600,2188,14232
1093,33,40,25,0,43272420,3661,26005680,2188,14265
1094,26,40,25,0,43302840,3661,26042340,2190,14291
1095,29,40,25,0,43371660,3663,26073660,2190,14320
1096,32,40,25,0,43400160,3662,26095140,2190,14352
1097,40,39,25,0,43472580,3663,26103360,2188,14392
1098,28,38,25,0,43503300,3663,26166060,2191,14420
1099,29,40,25,0,43543680,3663,26184960,2191,14449
1100,35,40,25,0,43583940,3663,26196600,2190,14484
1101,26,39,25,0,43647720,3663,26361420,2201,14510
1102,25,40,25,0,43688340,3663,26431860,2204,14535
1103,28,40,25,0,43734060,3663,26460780,2204,14563
1104,28,40,25,0,43793400,3662,26566440,2210,14591
1105,31,40,25,0,43822560,3662,26580360,2209,14622
1106,37,39,25,0,43890180,3662,26641020,2211,14659
1107,32,38,25,0,43930800,3661,26668560,2211,14691
1108,38,40,25,0,43964640,3661,26673240,2209,14729
1109,28,40,25,0,44015220,3661,26699520,2209,14757
1110,36,39,25,0,44075640,3661,26765880,2212,14793
1111,22,40,25,0,44104380,3661,26774880,2211,14815
1112,34,40,25,0,44151660,3662,26887260,2218,14849
1113,30,40,25,0,44213040,3663,26930340,2219,14879
1114,44,40,25,0,44248020,3662,26948700,2219,14923
1115,33,40,25,0,44307780,3663,27011400,2221,14956
1116,28,40,25,0,44336400,3662,27017700,2220,14984
1117,30,40,25,0,44391540,3663,27102480,2224,15014
1118,37,36,25,0,44450460,3664,27200520,2231,15051
1119,31,39,25,0,44476440,3663,27206460,2229,15082
1120,29,40,25,0,44519460,3664,27210480,2228,15111
1121,33,40,25,0,44583300,3665,27291180,2232,15144
1122,37,40,25,0,44616660,3665,27377520,2237,15181
1123,44,40,25,0,44685300,3665,27386520,2235,15225
1124,39,40,25,0,44726580,3665,27420960,2235,15264
1125,29,40,25,0,44764800,3663,27546180,2242,15293
1126,20,40,25,0,44824800,3663,27565620,2241,15313
1127,30,39,25,0,44858280,3663,27574680,2240,15343
1128,26,40,25,0,44916300,3663,27793620,2255,15369
1129,39,40,25,0,44961000,3663,27819900,2255,15408
1130,24,38,25,0,45012600,3662,27875700,2256,15432
1131,27,40,25,0,45045000,3661,27882120,2254,15459
1132,23,36,25,0,45098940,3662,27982200,2261,15482
1133,23,31,25,0,45159540,3658,32154300,2593,15505
1134,32,40,25,0,45185100,3657,32161200,2590,15537
1135,28,39,25,0,45229320,3658,32179560,2589,15565
1136,36,39,25,0,45284340,3658,32238120,2591,15601
1137,28,40,25,0,45318120,3657,32263200,2590,15629
1138,30,40,25,0,45343860,3657,32283180,2591,15659
1139,32,40,25,0,45425640,3659,32306460,2589,15691
1140,21,40,25,0,45460320,3659,32356620,2591,15712
1141,30,40,25,0,45511140,3659,32373720,2589,15742
1142,30,38,25,0,45572340,3658,32558340,2601,15772
1143,39,40,25,0,45613440,3659,32571060,2599,15811
1144,21,36,25,0,45657360,3659,32684100,2607,15832
1145,31,37,25,0,45711120,3659,32746740,2609,15863
1146,27,37,25,0,45759660,3659,32849220,2614,15890
1147,30,39,25,0,45806820,3658,32857500,2610,15920
1148,27,40,25,0,45844440,3657,32908260,2612,15947
1149,38,40,25,0,45891540,3657,32940180,2612,15985
1150,33,40,25,0,45930900,3656,32981700,2612,16018
1151,36,40,25,0,45989940,3656,33021960,2612,16054
1152,37,40,25,0,46028820,3656,33046620,2611,16091
1153,29,40,25,0,46072860,3656,33067920,2611,16120
1154,37,39,25,0,46129980,3657,33101700,2611,16157
1155,35,39,25,0,46161960,3656,33118920,2610,16192
1156,32,40,25,0,46216920,3657,33136740,2608,16224
1157,29,40,25,0,46243380,3656,33142740,2607,16253
1158,31,40,25,0,46309620,3658,33194460,2609,16284
1159,32,40,25,0,46359360,3658,33275940,2613,16316
1160,31,40,25,0,46404000,3658,33578520,2634,16347
1161,24,38,25,0,46451340,3658,33642000,2636,16371
1162,28,40,25,0,46498020,3655,34072740,2665,16399
1163,29,40,25,0,46542960,3656,34086960,2664,16428
1164,29,40,25,0,46597740,3654,34132740,2663,16457
1165,28,40,25,0,46632180,3655,34138380,2662,16485
1166,39,40,25,0,46689060,3655,34195500,2664,16524
1167,28,40,25,0,46725720,3656,34202520,2662,16552
1168,42,40,25,0,46791060,3654,34254420,2661,16594
1169,27,39,25,0,46833060,3653,34293420,2661,16621
1170,23,40,25,0,46871700,3653,34344000,2663,16644
1171,20,38,25,0,46919040,3652,34370460,2662,16664
1172,37,40,25,0,46966860,3652,34419960,2663,16701
1173,29,40,25,0,47009700,3653,34424700,2662,16730
1174,21,37,25,0,47050320,3652,34496760,2665,16751
1175,28,40,25,0,47107020,3654,34504380,2663,16779
1176,9,28,25,0,47163780,3653,35680080,2752,16788
1177,6,0,21,4,47221800,3647,44096160,3400,16794
1178,4,0,15,10,47248980,3646,44096160,3399,16798
1179,7,0,20,5,47260140,3647,44096160,3397,16805
1180,7,0,21,4,47276760,3646,44096160,3395,16812
1181,13,0,24,1,47313840,3646,44096160,3392,16825
1182,11,0,23,2,47353440,3646,44096460,3389,16836
1183,7,0,23,2,47373960,3646,44096460,3387,16843
1184,8,0,22,3,47419200,3647,44096760,3385,16851
1185,9,0,20,5,47465220,3647,44096760,3383,16860
1186,11,0,19,6,47506560,3647,44096760,3380,16871
1187,11,0,24,1,47526240,3647,44096760,3377,16882
1188,9,0,20,5,47569740,3646,44096760,3375,16891
1189,15,0,25,0,47596200,3646,44096760,3371,16906
1190,8,0,20,5,47636340,3645,44098140,3369,16914
1191,10,0,23,2,47658600,3645,44098140,3367,16924
1192,8,0,21,4,47686140,3644,44098140,3364,16932
1193,8,0,17,8,47737560,3645,44098140,3362,16940
1194,10,0,19,6,47751960,3644,44098140,3360,16950
1195,12,0,17,8,47782860,3642,44098140,3357,16962
1196,4,0,16,9,47802420,3642,44098140,3356,16966
1197,7,0,17,8,47820360,3642,44098140,3354,16973
1198,4,0,16,9,47835240,3642,44098140,3353,16977
1199,9,0,22,3,47843040,3641,44098140,3351,16986
1200,7,0,21,4,47870400,3641,44098140,3349,16993
1201,8,0,21,4,47912160,3642,44098140,3347,17001
1202,5,0,19,6,47938380,3642,44098140,3346,17006
1203,8,0,19,6,47953800,3641,44098140,3344,17014
1204,5,0,18,7,47983380,3642,44098140,3342,17019
1205,7,0,20,5,47998620,3642,44098140,3341,17026
1206,9,0,21,4,48028860,3642,44098140,3338,17035
1207,9,0,22,3,48064680,3642,44098140,3336,17044
1208,5,0,22,3,48084720,3642,44098140,3335,17049
1209,18,4,25,0,48126600,3642,44100960,3330,17067
1210,12,0,23,2,48180780,3642,44111100,3328,17079
1211,10,0,20,5,48223020,3641,44111100,3326,17089
1212,12,0,23,2,48255180,3641,44111160,3323,17101
1213,14,0,25,0,48294780,3641,44114820,3319,17115
1214,15,0,25,0,48341340,3640,44117580,3316,17130
1215,13,0,23,2,48388860,3640,44119680,3313,17143
1216,8,0,20,5,48424980,3639,44119680,3311,17151
1217,11,0,23,2,48461160,3640,44119680,3308,17162
1218,6,0,19,6,48495960,3640,44119680,3307,17168
1219,11,0,23,2,48527040,3640,44119680,3304,17179
1220,8,0,23,2,48554460,3640,44119680,3302,17187
1221,3,0,15,10,48601020,3641,44119680,3301,17190
1222,5,0,15,10,48620640,3641,44119680,3300,17195
1223,4,0,15,10,48633600,3641,44119680,3299,17199
1224,7,0,17,8,48645660,3640,44119680,3297,17206
1225,5,0,17,8,48663420,3640,44119680,3296,17211
1226,6,0,16,9,48690060,3640,44119680,3294,17217
1227,1,0,15,10,48695280,3640,44119680,3294,17218
1228,3,0,15,10,48707820,3640,44119680,3293,17221
1229,7,0,20,5,48714060,3640,44119680,3292,17228
1230,3,0,17,8,48738000,3640,44119680,3291,17231
1231,4,0,17,8,48758460,3641,44119680,3290,17235
1232,8,0,20,5,48768120,3640,44119680,3288,17243
1233,6,0,19,6,48802080,3641,44119680,3287,17249
1234,8,0,18,7,48832680,3640,44119680,3285,17257
1235,9,0,17,8,48859980,3640,44119680,3282,17266
1236,4,0,18,7,48884100,3641,44119680,3281,17270
1237,14,0,23,2,48906720,3640,44119680,3278,17284
1238,12,0,23,2,48935580,3639,44124480,3276,17296
1239,10,0,21,4,48986880,3639,44124600,3273,17306
1240,7,0,22,3,49014240,3640,44124600,3271,17313
1241,8,0,21,4,49058100,3641,44125020,3269,17321
1242,6,0,18,7,49092000,3641,44125020,3268,17327
1243,9,0,19,6,49118100,3641,44125020,3266,17336
1244,6,0,21,4,49124160,3640,44125020,3264,17342
1245,9,0,20,5,49161360,3640,44125020,3262,17351
1246,4,0,16,9,49205280,3641,44125020,3261,17355
1247,5,0,18,7,49220340,3641,44125020,3260,17360
1248,2,0,19,6,49226040,3642,44125020,3260,17362
1249,4,0,15,10,49270500,3643,44125020,3259,17366
1250,9,0,20,5,49276260,3642,44125020,3256,17375
1251,9,0,20,5,49300980,3641,44125020,3254,17384
1252,7,0,20,5,49322580,3641,44125020,3253,17391
1253,5,0,18,7,49350120,3641,44125020,3251,17396
1254,10,0,23,2,49371540,3642,44125020,3249,17406
1255,9,0,21,4,49415160,3642,44125020,3247,17415
1256,9,0,23,2,49432680,3641,44125020,3245,17424
1257,9,0,20,5,49470780,3641,44125020,3243,17433
1258,12,0,22,3,49505400,3641,44125020,3240,17445
1259,5,0,19,6,49534020,3641,44125020,3239,17450
1260,12,0,24,1,49563540,3641,44126580,3236,17462
1261,11,0,22,3,49616640,3641,44127480,3233,17473
1262,14,0,24,1,49653300,3641,44129160,3230,17487
1263,8,0,19,6,49700940,3641,44129640,3228,17495
1264,5,0,16,9,49722000,3640,44129640,3227,17500
1265,11,0,18,7,49746480,3640,44129640,3224,17511
1266,10,0,22,3,49763940,3639,44129640,3222,17521
1267,5,0,20,5,49786560,3639,44129640,3221,17526
1268,2,0,16,9,49823220,3640,44129640,3220,17528
1269,9,0,20,5,49849380,3641,44129640,3218,17537
1270,6,0,18,7,49879080,3641,44129640,3217,17543
1271,2,0,17,8,49890600,3641,44129640,3216,17545
1272,6,0,19,6,49908300,3641,44129640,3215,17551
1273,3,0,17,8,49933740,3642,44129640,3214,17554
1274,4,0,16,9,49956960,3642,44129640,3213,17558
1275,5,0,17,8,49971180,3642,44129640,3212,17563
1276,3,0,15,10,49990800,3642,44129640,3211,17566
1277,6,0,16,9,49999320,3641,44129640,3210,17572
1278,2,0,14,11,50013840,3641,44129640,3210,17574
1279,9,0,20,5,50019780,3641,44129640,3208,17583
1280,7,0,19,6,50036880,3640,44129640,3206,17590
1281,9,0,20,5,50059380,3640,44129640,3204,17599
1282,13,0,17,8,50113200,3639,44129640,3201,17612
1283,10,0,22,3,50133780,3640,44129640,3198,17622
1284,10,0,23,2,50156760,3639,44132820,3196,17632
1285,10,0,21,4,50216760,3640,44133000,3194,17642
1286,12,0,23,2,50258640,3640,44133000,3191,17654
1287,8,0,22,3,50287140,3640,44133000,3189,17662
1288,9,0,25,0,50315640,3641,44135760,3188,17671
1289,10,0,23,2,50360400,3641,44136540,3185,17681
1290,9,0,24,1,50404500,3642,44137380,3183,17690
1291,10,1,25,0,50439660,3642,44137920,3181,17700
1292,13,2,25,0,50487300,3642,44141760,3178,17713
1293,7,0,17,8,50542980,3642,44144580,3177,17720
1294,4,0,15,10,50573580,3643,44144580,3176,17724
1295,1,0,12,13,50591040,3643,44144580,3176,17725
1296,7,0,15,10,50596440,3642,44144580,3174,17732
1297,2,0,14,11,50601780,3642,44144580,3174,17734
1298,4,0,15,10,50613360,3642,44144580,3173,17738
1299,5,0,16,9,50621040,3641,44144580,3172,17743
1300,13,0,24,1,50636700,3641,44144580,3169,17756
1301,5,0,20,5,50665740,3641,44144580,3168,17761
1302,3,0,16,9,50697120,3641,44144580,3167,17764
1303,8,0,19,6,50710200,3641,44144580,3165,17772
1304,9,0,20,5,50736420,3641,44144580,3163,17781
1305,12,0,24,1,50753940,3640,44144580,3160,17793
1306,11,1,25,0,50785800,3640,44144640,3158,17804
1307,11,0,24,1,50832660,3640,44144700,3155,17815
1308,10,0,21,4,50889180,3640,44145540,3153,17825
1309,11,0,22,3,50917620,3640,44145540,3151,17836
1310,4,0,15,10,50962080,3640,44145540,3150,17840
1311,8,0,20,5,50969280,3640,44145540,3148,17848
1312,13,2,25,0,50978820,3639,44146020,3146,17861
1313,4,0,18,7,51037680,3640,44146860,3144,17865
1314,10,0,21,4,51065400,3640,44146860,3142,17875
1315,6,0,20,5,51082320,3639,44146860,3141,17881
1316,4,0,17,8,51112860,3640,44146860,3140,17885
1317,6,0,18,7,51137100,3640,44146860,3138,17891
1318,5,0,19,6,51141660,3639,44146860,3137,17896
1319,4,0,14,11,51166980,3639,44146860,3136,17900
1320,6,0,16,9,51179100,3639,44146860,3135,17906
1321,5,0,15,10,51196860,3638,44146860,3134,17911
1322,2,0,15,10,51201360,3638,44146860,3134,17913
1323,4,0,16,9,51213420,3638,44146860,3133,17917
1324,4,0,14,11,51230040,3638,44146860,3132,17921
1325,9,0,21,4,51238380,3638,44146860,3130,17930
1326,5,0,18,7,51257040,3637,44146860,3129,17935
1327,8,0,19,6,51293760,3638,44146860,3127,17943
1328,6,0,18,7,51312660,3638,44146860,3126,17949
1329,11,0,25,0,51320700,3637,44148420,3123,17960
1330,10,1,25,0,51356520,3637,44152680,3121,17970
1331,6,0,22,3,51402300,3638,44154660,3120,17976
1332,11,0,16,9,51466560,3638,44154660,3118,17987
1333,7,0,16,9,51477360,3637,44154660,3116,17994
1334,8,0,17,8,51498300,3637,44154660,3114,18002
1335,8,0,22,3,51507120,3637,44154660,3113,18010
1336,6,0,19,6,51535200,3636,44154660,3111,18016
1337,6,0,17,8,51572760,3637,44154660,3110,18022
1338,6,0,17,8,51588300,3637,44154660,3109,18028
1339,9,0,16,9,51612720,3636,44154660,3107,18037
1340,3,0,17,8,51623820,3636,44154660,3106,18040
1341,4,0,15,10,51636000,3635,44154660,3105,18044
1342,3,0,15,10,51637980,3635,44154660,3105,18047
1343,8,0,17,8,51653580,3634,44154660,3103,18055
1344,4,0,19,6,51657900,3634,44154660,3102,18059
1345,6,0,21,4,51664320,3633,44154660,3101,18065
1346,5,0,20,5,51677880,3633,44154660,3100,18070
1347,5,0,23,2,51684120,3633,44154660,3099,18075
1348,4,0,22,3,51700920,3633,44154660,3098,18079
1349,7,0,25,0,51714780,3633,44155560,3096,18086
1350,13,6,25,0,51738180,3633,44158080,3094,18099
1351,6,7,25,0,51763740,3633,44169780,3093,18105
1352,11,9,25,0,51795000,3633,44185860,3092,18116
1353,11,15,25,0,51810240,3633,44199540,3091,18127
1354,12,21,25,0,51834060,3633,44205060,3089,18139
1355,11,27,25,0,51859920,3633,44211300,3087,18150
1356,9,32,25,0,51882240,3634,44217900,3085,18159
1357,9,34,25,0,51917040,3635,44234280,3084,18168
1358,9,39,25,0,51936480,3635,44241780,3083,18177
1359,11,40,25,0,51955260,3635,44256720,3083,18188
1360,6,37,25,0,51985200,3636,44285280,3084,18194
1361,5,35,25,0,52021320,3637,44351640,3088,18199
1362,8,38,25,0,52036440,3637,44408280,3090,18207
1363,7,33,25,0,52068060,3636,44505300,3095,18214
1364,4,31,25,0,52088340,3636,44537880,3096,18218
1365,6,29,25,0,52109100,3635,44691240,3106,18224
1366,11,32,25,0,52145160,3636,44695260,3104,18235
1367,3,27,25,0,52164120,3635,44799960,3110,18238
1368,7,26,25,0,52184760,3634,44903040,3116,18245
1369,3,11,25,0,52225440,3633,45513060,3158,18248
1370,4,1,25,0,52246560,3631,45986160,3190,18252
1371,4,0,24,1,52265160,3630,46058940,3194,18256
1372,3,0,23,2,52275120,3630,46058940,3193,18259
1373,5,0,24,1,52303260,3631,46058940,3192,18264
1374,6,0,24,1,52318380,3630,46060440,3191,18270
1375,6,0,22,3,52348680,3631,46060440,3190,18276
1376,5,0,23,2,52355100,3630,46060440,3188,18281
1377,15,8,25,0,52376700,3630,46066500,3186,18296
1378,19,25,25,0,52386540,3630,46066920,3185,18315
1379,14,33,25,0,52425000,3632,46076100,3179,18329
1380,7,37,25,0,52440600,3632,46089600,3180,18336
1381,10,40,25,0,52462920,3632,46115940,3180,18346
1382,8,40,25,0,52502460,3634,46157220,3181,18354
1383,11,40,25,0,52519740,3634,46175400,3181,18365
1384,10,40,25,0,52543920,3634,46230120,3184,18375
1385,17,39,25,0,52577160,3635,46337160,3189,18392
1386,11,40,25,0,52600200,3634,46380420,3190,18403
1387,10,39,25,0,52616460,3634,46427100,3192,18413
1388,4,36,25,0,52654320,3635,46516980,3198,18417
1389,5,34,25,0,52681380,3635,46692120,3209,18422
1390,7,33,25,0,52705020,3635,46748760,3211,18429
1391,2,18,25,0,52735800,3632,47307180,3249,18431
1392,7,3,25,0,52763280,3629,47724840,3276,18438
1393,7,1,25,0,52772280,3627,47856720,3284,18445
1394,2,0,25,0,52786080,3627,47860620,3283,18447
1395,2,0,21,4,52822620,3628,47860620,3283,18449
1396,8,0,25,0,52830900,3628,47862180,3281,18457
1397,4,0,24,1,52851240,3628,47862420,3280,18461
1398,3,0,22,3,52875180,3629,47862420,3280,18464
1399,4,0,21,4,52886940,3628,47862420,3279,18468
1400,7,1,25,0,52896180,3628,47862420,3277,18475
1401,5,1,25,0,52906560,3628,47862660,3276,18480
1402,7,0,23,2,52942920,3628,47862660,3274,18487
1403,8,0,22,3,52962300,3627,47862660,3273,18495
1404,20,12,25,0,52972620,3626,47864880,3269,18515
1405,9,16,25,0,53002800,3627,47876880,3267,18524
1406,17,31,25,0,53016000,3628,47878020,3265,18541
1407,22,40,25,0,53033460,3628,47885400,3261,18563
1408,9,40,25,0,53065440,3629,47902020,3262,18572
1409,8,38,25,0,53099460,3630,47940480,3264,18580
1410,6,39,25,0,53120940,3630,47990100,3265,18586
1411,7,40,25,0,53143380,3631,48052200,3269,18593
1412,4,37,25,0,53177580,3632,48134100,3273,18597
1413,4,33,25,0,53206740,3632,48247260,3280,18601
1414,6,32,25,0,53235240,3632,48289860,3282,18607
1415,7,36,25,0,53245920,3632,48354000,3285,18614
1416,6,37,25,0,53272740,3632,48357060,3283,18620
1417,3,33,25,0,53304480,3633,48433260,3288,18623
1418,2,23,25,0,53336700,3632,48830820,3314,18625
1419,8,9,25,0,53361060,3628,49453620,3355,18633
1420,12,12,25,0,53380620,3627,49538940,3358,18645
1421,9,20,25,0,53383680,3627,49541460,3356,18654
1422,7,22,25,0,53418900,3629,49557000,3356,18661
1423,8,26,25,0,53445360,3629,49562760,3354,18669
1424,4,27,25,0,53468400,3630,49581600,3355,18673
1425,11,33,25,0,53490420,3630,49584960,3352,18684
1426,10,37,25,0,53528160,3631,49594920,3351,18694
1427,15,40,25,0,53528160,3631,49594920,3351,18709
1428,10,40,25,0,53574240,3633,49644060,3352,18719
1429,16,39,25,0,53605920,3633,49696320,3354,18735
1430,12,39,25,0,53629740,3633,49715940,3354,18747
1431,12,40,25,0,53653800,3633,49772160,3356,18759
1432,8,39,25,0,53681580,3634,49786260,3355,18767
1433,9,40,25,0,53700360,3634,49814520,3356,18776
1434,7,39,25,0,53728500,3634,49844520,3357,18783
1435,12,37,25,0,53754420,3635,49928940,3362,18795
1436,8,39,25,0,53784780,3636,50026860,3367,18803
1437,6,38,25,0,53807820,3636,50080860,3370,18809
1438,3,36,25,0,53828340,3636,50244300,3380,18812
1439,6,36,25,0,53860560,3637,50361720,3387,18818
1440,4,26,25,0,53886780,3635,50957220,3426,18822
1441,7,18,25,0,53909940,3633,51510120,3461,18829
1442,8,13,25,0,53934720,3631,51732300,3474,18837
1443,4,5,25,0,53947140,3629,52104840,3498,18841
1444,4,0,23,2,53977680,3628,52325940,3512,18845
1445,4,0,24,1,53992320,3629,52326360,3511,18849
1446,10,7,25,0,53997540,3629,52327500,3509,18859
1447,10,9,25,0,54042240,3630,52335540,3507,18869
1448,10,14,25,0,54061980,3630,52340640,3505,18879
1449,9,17,25,0,54088020,3630,52359060,3505,18888
1450,8,19,25,0,54111300,3630,52375020,3503,18896
1451,13,26,25,0,54142560,3631,52381800,3501,18909
1452,12,35,25,0,54154920,3631,52387560,3498,18921
1453,14,40,25,0,54186480,3632,52395240,3497,18935
1454,12,40,25,0,54209400,3633,52403940,3497,18947
1455,13,40,25,0,54223680,3633,52413600,3497,18960
1456,12,40,25,0,54259440,3634,52434000,3497,18972
1457,8,37,25,0,54300660,3635,52532880,3502,18980
1458,8,37,25,0,54324900,3634,52580760,3504,18988
1459,3,31,25,0,54348900,3634,52764840,3515,18991
1460,12,37,25,0,54365580,3634,52815480,3517,19003
1461,5,33,25,0,54400800,3634,52891920,3519,19008
1462,10,25,25,0,54422040,3631,53469360,3556,19018
1463,7,26,25,0,54442380,3631,53472840,3554,19025
1464,6,27,25,0,54468000,3631,53476380,3553,19031
1465,7,28,25,0,54487800,3631,53489580,3552,19038
1466,8,30,25,0,54519780,3632,53495760,3551,19046
1467,6,29,25,0,54550740,3632,53505540,3550,19052
1468,2,19,25,0,54571920,3631,53910480,3576,19054
1469,7,8,25,0,54603420,3628,54361680,3604,19061
1470,9,0,25,0,54627960,3626,54675240,3623,19070
1471,5,0,21,4,54648420,3625,54675540,3622,19075
1472,9,2,25,0,54654780,3625,54676680,3620,19084
1473,7,2,25,0,54677280,3625,54679140,3619,19091
1474,14,11,25,0,54701580,3625,54685380,3616,19105
1475,14,22,25,0,54725520,3626,54691980,3614,19119
1476,11,29,25,0,54755820,3627,54699960,3610,19130
1477,8,33,25,0,54782760,3628,54718260,3610,19138
1478,15,39,25,0,54799560,3628,54733920,3608,19153
1479,11,40,25,0,54830820,3629,54782820,3611,19164
1480,6,39,25,0,54849900,3630,54844980,3614,19170
1481,9,38,25,0,54887460,3631,54913020,3617,19179
1482,12,39,25,0,54911280,3630,54982080,3620,19191
1483,9,38,25,0,54943980,3630,55066320,3624,19200
1484,12,37,25,0,54962460,3630,55149180,3628,19212
1485,7,38,25,0,54984600,3631,55195380,3630,19219
1486,5,38,25,0,55004160,3631,55219140,3630,19224
1487,10,40,25,0,55025340,3631,55264920,3632,19234
1488,6,40,25,0,55050120,3631,55305300,3633,19240
1489,9,38,25,0,55092660,3632,55397700,3637,19249
1490,9,40,25,0,55099140,3632,55399980,3637,19258
1491,3,38,25,0,55127460,3633,55468500,3641,19261
1492,16,39,25,0,55161720,3634,55563720,3645,19277
1493,7,37,25,0,55189740,3634,55663920,3650,19284
1494,6,23,25,0,55220520,3631,56317860,3692,19290
1495,5,18,25,0,55238940,3630,56674680,3714,19295
1496,6,12,25,0,55265880,3629,56787720,3720,19301
1497,9,18,25,0,55280280,3629,56790420,3718,19310
1498,11,26,25,0,55296900,3629,56797140,3717,19321
1499,9,31,25,0,55324440,3630,56805000,3714,19330
1500,11,39,25,0,55353540,3631,56811660,3713,19341
1501,14,40,25,0,55383180,3632,56825580,3711,19355
1502,10,39,25,0,55406640,3633,56863560,3713,19365
1503,12,38,25,0,55431000,3633,56915700,3715,19377
1504,3,36,25,0,55464060,3634,56971500,3718,19380
1505,8,37,25,0,55487520,3634,56990340,3718,19388
1506,9,39,25,0,55510140,3634,57050760,3720,19397
1507,7,39,25,0,55532280,3634,57089160,3720,19404
1508,2,37,25,0,55555500,3634,57136140,3723,19406
1509,9,30,25,0,55595340,3633,57584880,3750,19415
1510,4,22,25,0,55621740,3632,58148700,3786,19419
1511,5,11,25,0,55640100,3629,58547280,3810,19424
1512,6,0,24,1,55673340,3627,59180400,3850,19430
1513,4,0,23,2,55689300,3627,59180400,3849,19434
1514,3,0,23,2,55700340,3627,59180400,3848,19437
1515,7,0,22,3,55725480,3627,59180400,3846,19444
1516,3,0,20,5,55735980,3626,59180400,3846,19447
1517,10,2,25,0,55745340,3626,59180400,3844,19457
1518,2,0,25,0,55760280,3626,59187420,3843,19459
1519,10,2,25,0,55785720,3626,59189040,3841,19469
1520,8,5,25,0,55811820,3627,59193300,3839,19477
1521,7,8,25,0,55840920,3628,59197260,3837,19484
1522,8,11,25,0,55864020,3628,59205420,3836,19492
1523,6,11,25,0,55893720,3628,59234640,3837,19498
1524,7,10,25,0,55929360,3629,59268540,3837,19505
1525,10,10,25,0,55954080,3628,59286840,3836,19515
1526,17,22,25,0,55967280,3628,59290440,3832,19532
1527,7,26,25,0,55984860,3628,59296320,3831,19539
1528,7,30,25,0,56008260,3629,59307360,3829,19546
1529,6,32,25,0,56038080,3630,59331240,3830,19552
1530,8,30,25,0,56076180,3630,59386560,3831,19560
1531,10,35,25,0,56095020,3630,59391720,3829,19570
1532,8,40,25,0,56107380,3631,59396280,3828,19578
1533,9,40,25,0,56129880,3631,59408940,3827,19587
1534,7,38,25,0,56173080,3632,59466780,3830,19594
1535,4,35,25,0,56200920,3632,59505240,3831,19598
1536,4,32,25,0,56223300,3632,59617800,3837,19602
1537,9,33,25,0,56246400,3632,59746980,3843,19611
1538,7,36,25,0,56258760,3632,59804040,3846,19618
1539,3,24,25,0,56304180,3631,60132000,3866,19621
1540,4,17,25,0,56323020,3630,60437520,3884,19625
1541,9,12,25,0,56346060,3628,60806880,3906,19634
1542,7,10,25,0,56376060,3628,60886080,3909,19641
1543,13,14,25,0,56395920,3627,60891360,3907,19654
1544,13,23,25,0,56417460,3627,60895620,3903,19667
1545,8,27,25,0,56443380,3628,60903300,3902,19675
1546,13,36,25,0,56466780,3629,60910020,3900,19688
1547,10,40,25,0,56487060,3629,60928200,3899,19698
1548,10,39,25,0,56517240,3630,60961860,3900,19708
1549,11,40,25,0,56543820,3631,61000980,3901,19719
1550,14,40,25,0,56577480,3631,61027140,3900,19733
1551,13,40,25,0,56601480,3631,61056540,3901,19746
1552,7,40,25,0,56617200,3631,61069920,3901,19753
1553,11,38,25,0,56654820,3631,61167660,3905,19764
1554,7,36,25,0,56687520,3631,61288920,3911,19771
1555,4,33,25,0,56702820,3631,61469700,3922,19775
1556,9,23,25,0,56732460,3628,62051640,3957,19784
1557,11,28,25,0,56744820,3628,62055540,3954,19795
1558,5,29,25,0,56769960,3628,62063520,3953,19800
1559,10,37,25,0,56787600,3629,62065320,3952,19810
1560,5,34,25,0,56832180,3630,62083980,3951,19815
1561,8,36,25,0,56852160,3630,62089320,3949,19823
1562,7,39,25,0,56874900,3630,62101680,3948,19830
1563,10,39,25,0,56899020,3631,62109360,3947,19840
1564,9,38,25,0,56923680,3631,62125440,3948,19849
1565,7,39,25,0,56947140,3632,62164860,3949,19856
1566,7,38,25,0,56972460,3631,62259720,3952,19863
1567,8,39,25,0,56985420,3631,62263980,3951,19871
1568,8,35,25,0,57028860,3632,62422980,3960,19879
1569,6,37,25,0,57047400,3632,62425140,3959,19885
1570,17,40,25,0,57070620,3633,62430360,3958,19902
1571,8,37,25,0,57105480,3634,62443560,3958,19910
1572,13,38,25,0,57129300,3634,62484240,3959,19923
1573,5,28,25,0,57160560,3633,63108720,3997,19928
1574,12,31,25,0,57181800,3632,63342180,4009,19940
1575,6,31,25,0,57206160,3632,63347640,4008,19946
1576,10,33,25,0,57234240,3632,63385500,4008,19956
1577,9,33,25,0,57250440,3631,63647940,4022,19965
1578,11,39,25,0,57271800,3631,63651960,4021,19976
1579,8,39,25,0,57308820,3632,63667440,4019,19984
1580,8,40,25,0,57321900,3632,63673020,4018,19992
1581,4,36,25,0,57355140,3632,63695640,4018,19996
1582,5,23,25,0,57387840,3630,64529820,4070,20001
1583,4,14,25,0,57407880,3629,65462100,4128,20005
1584,3,4,25,0,57436800,3627,66115680,4168,20008
1585,4,0,23,2,57451020,3626,66229380,4174,20012
1586,5,0,22,3,57475020,3626,66229380,4173,20017
1587,5,0,24,1,57488820,3626,66229380,4171,20022
1588,5,0,23,2,57503160,3626,66229740,4170,20027
1589,7,0,25,0,57528180,3626,66229740,4168,20034
1590,4,0,24,1,57545400,3626,66229740,4167,20038
1591,10,4,25,0,57565320,3626,66230400,4165,20048
1592,15,15,25,0,57585780,3627,66235140,4161,20063
1593,6,16,25,0,57618420,3628,66239880,4160,20069
1594,10,22,25,0,57644160,3628,66247200,4158,20079
1595,17,38,25,0,57650220,3628,66250680,4156,20096
1596,15,40,25,0,57686880,3630,66270660,4153,20111
1597,7,40,25,0,57715200,3631,66288420,4153,20118
1598,13,40,25,0,57743520,3631,66324480,4154,20131
1599,9,39,25,0,57765660,3631,66352800,4155,20140
1600,15,40,25,0,57788100,3632,66374820,4155,20155
1601,7,38,25,0,57819840,3632,66451020,4158,20162
1602,11,40,25,0,57836280,3632,66479160,4159,20173
1603,13,40,25,0,57864060,3633,66487080,4158,20186
1604,6,39,25,0,57891240,3634,66530400,4160,20192
1605,2,34,25,0,57923880,3634,66699480,4170,20194
1606,4,29,25,0,57955680,3634,66990180,4187,20198
1607,3,12,25,0,57976740,3631,67702500,4230,20201
1608,4,0,24,1,57992820,3628,68105460,4254,20205
1609,6,0,24,1,58015560,3628,68105460,4253,20211
1610,5,0,21,4,58042680,3628,68105880,4252,20216
1611,12,2,25,0,58060440,3628,68107740,4249,20228
1612,4,0,24,1,58083660,3628,68112480,4248,20232
1613,4,0,25,0,58098480,3628,68114460,4247,20236
1614,3,0,19,6,58133280,3628,68114460,4246,20239
1615,7,0,22,3,58138200,3627,68114460,4244,20246
1616,5,0,23,2,58144380,3627,68114460,4243,20251
1617,6,0,24,1,58160760,3627,68115060,4241,20257
1618,12,7,25,0,58181520,3627,68116500,4238,20269
1619,8,10,25,0,58214220,3628,68125620,4237,20277
1620,12,18,25,0,58240440,3629,68135820,4234,20289
1621,10,26,25,0,58252020,3629,68142180,4234,20299
1622,11,33,25,0,58283820,3630,68148900,4229,20310
1623,14,40,25,0,58303440,3631,68154780,4228,20324
1624,11,40,25,0,58331100,3632,68194140,4229,20335
1625,11,40,25,0,58361340,3632,68263800,4232,20346
1626,11,40,25,0,58386480,3633,68310240,4233,20357
1627,11,39,25,0,58414020,3633,68367060,4235,20368
1628,9,37,25,0,58445820,3633,68406360,4236,20377
1629,1,35,25,0,58460580,3634,68463720,4240,20378
1630,8,37,25,0,58492860,3634,68470680,4238,20386
1631,5,36,25,0,58518060,3634,68534100,4240,20391
1632,3,32,25,0,58548000,3635,68702700,4250,20394
1633,6,26,25,0,58569060,3633,68944260,4263,20400
1634,4,10,25,0,58605420,3631,69570360,4301,20404
1635,7,0,25,0,58620840,3628,69963720,4324,20411
1636,7,0,25,0,58643880,3628,69964860,4322,20418
1637,7,0,24,1,58666500,3628,69965580,4320,20425
1638,7,0,22,3,58690020,3627,69966000,4318,20432
1639,5,0,22,3,58705200,3627,69966000,4317,20437
1640,13,6,25,0,58715400,3627,69966660,4314,20450
1641,8,6,25,0,58746300,3627,69972420,4312,20458
1642,9,5,25,0,58773600,3626,69996180,4311,20467
1643,16,18,25,0,58787400,3626,69997800,4309,20483
1644,13,25,25,0,58822620,3627,70010160,4304,20496
1645,13,36,25,0,58837020,3628,70013940,4301,20509
1646,8,39,25,0,58871280,3629,70027560,4300,20517
1647,7,38,25,0,58895820,3629,70069500,4301,20524
1648,5,38,25,0,58920660,3630,70092540,4301,20529
1649,7,40,25,0,58946340,3630,70115340,4302,20536
1650,5,39,25,0,58967940,3631,70145940,4303,20541
1651,5,34,25,0,59005920,3631,70284900,4309,20546
1652,10,37,25,0,59024400,3630,70335960,4310,20556
1653,7,38,25,0,59048280,3631,70341120,4309,20563
1654,4,38,25,0,59070420,3631,70386480,4310,20567
1655,11,38,25,0,59099640,3632,70430340,4312,20578
1656,5,37,25,0,59119500,3632,70572600,4319,20583
1657,7,40,25,0,59141760,3632,70613940,4321,20590
1658,10,39,25,0,59174940,3633,70624860,4319,20600
1659,4,38,25,0,59192640,3633,70689120,4323,20604
1660,9,37,25,0,59225640,3634,70697640,4322,20613
1661,14,40,25,0,59243640,3635,70700400,4321,20627
1662,10,40,25,0,59274240,3635,70753680,4322,20637
1663,8,40,25,0,59301360,3636,70834080,4326,20645
1664,7,39,25,0,59321700,3636,70915200,4329,20652
1665,10,40,25,0,59352900,3636,71069580,4337,20662
1666,9,38,25,0,59372940,3635,71123280,4338,20671
1667,10,37,25,0,59401860,3635,71198820,4341,20681
1668,13,35,25,0,59435100,3634,71488440,4355,20694
1669,3,35,25,0,59445720,3634,71492340,4355,20697
1670,10,40,25,0,59471280,3634,71497980,4353,20707
1671,13,40,25,0,59500740,3635,71503800,4351,20720
1672,8,38,25,0,59533500,3635,71558340,4353,20728
1673,5,32,25,0,59552520,3634,71791560,4366,20733
1674,8,34,25,0,59574960,3634,72003780,4377,20741
1675,9,34,25,0,59611500,3634,72019380,4375,20750
1676,8,36,25,0,59632920,3634,72024120,4373,20758
1677,5,32,25,0,59656980,3634,72125460,4378,20763
1678,5,27,25,0,59675340,3633,72646260,4408,20768
1679,9,31,25,0,59695800,3633,72773100,4414,20777
1680,5,23,25,0,59736480,3632,73495380,4456,20782
1681,7,18,25,0,59748660,3631,73941240,4482,20789
1682,18,33,25,0,59766360,3631,73943700,4479,20807
1683,25,40,25,0,59786880,3632,73950480,4475,20832
1684,23,40,25,0,59821680,3633,73972860,4475,20855
1685,33,39,25,0,59828940,3633,73979040,4474,20888
1686,39,40,25,0,59861340,3634,73996320,4474,20927
1687,37,40,25,0,59890260,3635,74011380,4474,20964
1688,32,39,25,0,59939760,3636,74087220,4477,20996
1689,27,40,25,0,59952840,3635,74131920,4478,21023
1690,20,40,25,0,59978520,3635,74217660,4481,21043
1691,31,40,25,0,60007680,3635,74234040,4480,21074
1692,24,38,25,0,60030180,3635,74312520,4483,21098
1693,31,40,25,0,60053820,3634,74512920,4492,21129
1694,37,40,25,0,60069780,3635,74516640,4492,21166
1695,27,39,25,0,60111540,3636,74530260,4491,21193
1696,29,40,25,0,60120000,3635,74533860,4490,21222
1697,32,40,25,0,60162840,3635,74800680,4503,21254
1698,32,40,25,0,60190800,3635,74827140,4501,21286
1699,39,40,25,0,60208980,3634,74832540,4500,21325
1700,26,40,25,0,60226920,3634,74918880,4503,21351
1701,31,40,25,0,60257520,3634,74961540,4503,21382
1702,32,39,25,0,60284460,3634,75032460,4505,21414
1703,22,40,25,0,60311100,3634,75053340,4505,21436
1704,32,40,25,0,60334620,3633,75076920,4503,21468
1705,32,40,25,0,60354240,3633,75106800,4504,21500
1706,31,40,25,0,60383940,3633,75124440,4503,21531
1707,39,40,25,0,60408780,3632,75187260,4504,21570
1708,26,40,25,0,60426780,3632,75232380,4505,21596
1709,29,40,25,0,60439800,3633,75235200,4505,21625
1710,27,40,25,0,60484980,3634,75251820,4504,21652
1711,28,38,25,0,60498420,3634,75280200,4505,21680
1712,24,40,25,0,60528120,3634,75317220,4504,21704
1713,38,40,25,0,60542040,3634,75319440,4504,21742
1714,28,40,25,0,60582120,3635,75336660,4503,21770
1715,36,40,25,0,60589440,3635,75341340,4502,21806
1716,31,40,25,0,60627660,3635,75431100,4506,21837
1717,31,39,25,0,60655200,3636,75474840,4507,21868
1718,38,40,25,0,60677940,3636,75478380,4506,21906
1719,31,40,25,0,60690840,3637,75480900,4506,21937
1720,31,40,25,0,60736320,3638,75493080,4505,21968
1721,30,40,25,0,60756960,3638,75563880,4508,21998
1722,27,40,25,0,60791340,3638,75568860,4505,22025
1723,33,40,25,0,60813000,3638,75669360,4510,22058
1724,37,40,25,0,60834900,3638,75751920,4513,22095
1725,28,40,25,0,60861660,3638,75756960,4511,22123
1726,28,38,25,0,60887520,3638,75825600,4514,22151
1727,24,40,25,0,60917820,3638,75830160,4512,22175
1728,30,38,25,0,60932820,3638,75862200,4513,22205
1729,34,40,25,0,60961800,3639,75867000,4512,22239
1730,40,40,25,0,60991200,3639,75906060,4512,22279
1731,34,40,25,0,61010160,3639,75911820,4511,22313
1732,34,39,25,0,61047000,3640,75946260,4511,22347
1733,27,40,25,0,61067940,3639,75950760,4509,22374
1734,30,40,25,0,61079460,3639,75957660,4508,22404
1735,38,40,25,0,61117860,3640,76006380,4509,22442
1736,30,40,25,0,61150140,3640,76115520,4513,22472
1737,23,40,25,0,61161060,3639,76123860,4513,22495
1738,25,40,25,0,61190940,3639,76131420,4511,22520
1739,34,37,25,0,61218960,3640,76215360,4515,22554
1740,26,40,25,0,61234980,3639,76262700,4516,22580
1741,20,40,25,0,61261920,3640,76266300,4514,22600
1742,27,40,25,0,61286040,3640,76273440,4513,22627
1743,27,40,25,0,61310820,3641,76281600,4512,22654
1744,31,40,25,0,61330740,3641,76288740,4512,22685
1745,33,40,25,0,61366440,3641,76397820,4516,22718
1746,23,39,25,0,61394400,3641,76415640,4515,22741
1747,26,40,25,0,61415820,3641,76419600,4514,22767
1748,39,40,25,0,61433940,3640,76580460,4520,22806
1749,32,38,25,0,61458720,3640,76638780,4522,22838
1750,17,40,25,0,61476360,3640,76641960,4520,22855
1751,28,40,25,0,61519800,3640,76661700,4519,22883
1752,27,40,25,0,61535160,3641,76663080,4519,22910
1753,33,40,25,0,61574100,3641,76687980,4518,22943
1754,25,39,25,0,61592640,3640,76833660,4524,22968
1755,31,40,25,0,61611240,3640,76835880,4522,22999
1756,40,40,25,0,61645440,3640,77019180,4531,23039
1757,31,40,25,0,61672500,3639,77058540,4530,23070
1758,26,40,25,0,61701060,3639,77073360,4529,23096
1759,30,40,25,0,61720380,3639,77117700,4531,23126
1760,35,40,25,0,61743600,3639,77120820,4529,23161
1761,22,40,25,0,61772400,3639,77154240,4528,23183
1762,31,40,25,0,61788300,3639,77167980,4528,23214
1763,36,40,25,0,61815720,3639,77177940,4526,23250
1764,34,40,25,0,61848060,3639,77258880,4528,23284
1765,31,40,25,0,61874280,3638,77279820,4527,23315
1766,30,40,25,0,61901160,3638,77327820,4527,23345
1767,25,40,25,0,61924560,3637,77427240,4531,23370
1768,33,40,25,0,61944900,3637,77445120,4530,23403
1769,27,40,25,0,61968960,3637,77452620,4529,23430
1770,26,40,25,0,61985640,3637,77469660,4528,23456
1771,29,40,25,0,62018040,3637,77497020,4528,23485
1772,34,40,25,0,62048700,3637,77582700,4531,23519
1773,30,40,25,0,62065320,3637,77585640,4530,23549
1774,33,40,25,0,62098320,3638,77625540,4531,23582
1775,30,40,25,0,62106960,3638,77663760,4532,23612
1776,27,40,25,0,62152380,3638,77712900,4532,23639
1777,35,40,25,0,62169360,3637,77778240,4534,23674
1778,29,40,25,0,62194500,3637,77919900,4540,23703
1779,27,40,25,0,62215500,3638,77923920,4539,23730
1780,37,40,25,0,62242020,3638,77933340,4539,23767
1781,30,40,25,0,62277960,3638,78005040,4540,23797
1782,32,40,25,0,62295420,3637,78034140,4540,23829
1783,28,40,25,0,62328840,3637,78062640,4539,23857
1784,34,40,25,0,62343840,3637,78074520,4538,23891
1785,26,40,25,0,62373480,3637,78077880,4537,23917
1786,32,40,25,0,62387700,3637,78099060,4536,23949
1787,31,40,25,0,62420340,3638,78154980,4538,23980
1788,37,40,25,0,62449860,3638,78159060,4536,24017
1789,32,40,25,0,62471700,3638,78176220,4536,24049
1790,31,40,25,0,62494080,3638,78211260,4536,24080
1791,37,40,25,0,62520300,3639,78218520,4535,24117
1792,35,40,25,0,62538000,3639,78224400,4535,24152
1793,34,40,25,0,62579160,3640,78266220,4535,24186
1794,31,39,25,0,62597940,3639,78287520,4534,24217
1795,22,40,25,0,62617560,3639,78315300,4534,24239
1796,25,40,25,0,62641320,3640,78370620,4537,24264
1797,33,40,25,0,62678760,3640,78483480,4541,24297
1798,37,40,25,0,62695500,3640,78491640,4540,24334
1799,35,40,25,0,62733840,3639,79140780,4574,24369
1800,27,40,25,0,62745660,3639,79146060,4573,24396
1801,38,40,25,0,62775720,3638,79179600,4572,24434
1802,29,40,25,0,62805120,3638,79215060,4572,24463
1803,32,40,25,0,62824440,3638,79228920,4571,24495
1804,23,38,25,0,62860920,3638,79256160,4570,24518
1805,26,40,25,0,62860920,3638,79256160,4570,24544
1806,25,40,25,0,62883840,3639,79266900,4570,24569
1807,37,40,25,0,62925360,3639,79302360,4570,24606
1808,31,39,25,0,62954220,3640,79322580,4569,24637
1809,36,40,25,0,62987220,3639,79410540,4571,24673
1810,37,40,25,0,63002280,3639,79415580,4570,24710
1811,35,40,25,0,63013920,3639,79419480,4569,24745
1812,31,40,25,0,63054660,3640,79444920,4569,24776
1813,33,39,25,0,63081300,3640,79452000,4568,24809
1814,34,40,25,0,63097500,3640,79535880,4572,24843
1815,35,40,25,0,63140160,3640,79568580,4570,24878
1816,36,39,25,0,63153000,3640,79574280,4570,24914
1817,37,39,25,0,63184560,3640,79660320,4573,24951
1818,35,40,25,0,63208680,3640,79726980,4574,24986
1819,28,40,25,0,63228960,3639,79778400,4575,25014
1820,29,39,25,0,63262740,3639,79864680,4577,25043
1821,28,40,25,0,63274020,3639,79866780,4576,25071
1822,36,40,25,0,63292380,3639,79875360,4576,25107
1823,33,40,25,0,63312120,3639,79883040,4575,25140
1824,32,40,25,0,63345420,3640,79955940,4578,25172
1825,17,40,25,0,63387300,3640,80003820,4578,25189
1826,35,40,25,0,63409440,3640,80018400,4577,25224
1827,40,40,25,0,63432060,3640,80021700,4575,25264
1828,28,39,25,0,63462900,3640,80094060,4577,25292
1829,33,40,25,0,63491040,3640,80247960,4584,25325
1830,34,40,25,0,63496980,3640,80257020,4584,25359
1831,30,40,25,0,63539040,3640,80302980,4584,25389
1832,34,40,25,0,63562440,3640,80335440,4584,25423
1833,32,38,25,0,63586140,3639,80403240,4585,25455
1834,28,39,25,0,63609540,3639,80422620,4584,25483
1835,32,40,25,0,63641520,3639,80463540,4584,25515
1836,27,40,25,0,63659940,3638,80504160,4585,25542
1837,36,39,25,0,63680280,3638,80524260,4584,25578
1838,27,40,25,0,63711900,3639,80566740,4584,25605
1839,33,40,25,0,63735420,3638,80574360,4583,25638
1840,21,40,25,0,63754980,3638,80622600,4584,25659
1841,24,40,25,0,63788400,3638,80645340,4583,25683
1842,39,40,25,0,63805620,3638,80649000,4581,25722
1843,29,40,25,0,63840180,3638,80707080,4583,25751
1844,29,40,25,0,63864660,3637,80783220,4584,25780
1845,35,40,25,0,63894060,3637,80829300,4585,25815
1846,30,38,25,0,63918480,3637,80864280,4584,25845
1847,14,36,25,0,63946800,3636,80904780,4585,25859
1848,15,40,25,0,63961980,3636,82101300,4650,25874
1849,12,40,25,0,63992040,3635,82161000,4651,25886
1850,6,34,25,0,64021920,3635,82908000,4692,25892
1851,3,24,25,0,64044000,3634,88633500,5015,25895
1852,5,11,25,0,64071480,3631,94574880,5350,25900
1853,8,11,25,0,64092060,3631,95782380,5416,25908
1854,7,8,25,0,64118100,3630,98017980,5540,25915
1855,13,12,25,0,64145580,3630,98046180,5538,25928
1856,9,20,25,0,64151100,3630,98048460,5536,25937
1857,8,23,25,0,64186440,3631,98062920,5533,25945
1858,10,29,25,0,64207620,3632,98067960,5530,25955
1859,14,38,25,0,64235760,3632,98074200,5528,25969
1860,13,40,25,0,64261620,3633,98083080,5525,25982
1861,14,39,25,0,64289700,3633,98118780,5526,25996
1862,12,39,25,0,64312860,3633,98167920,5526,26008
1863,11,38,25,0,64345800,3634,98199060,5526,26019
1864,10,40,25,0,64361100,3634,98212020,5525,26029
1865,11,38,25,0,64391820,3634,98290920,5528,26040
1866,9,36,25,0,64425960,3634,98450460,5534,26049
1867,14,37,25,0,64447080,3632,98574780,5537,26063
1868,9,39,25,0,64468200,3632,98584920,5535,26072
1869,5,34,25,0,64482540,3631,99323340,5575,26077
1870,8,28,25,0,64528440,3631,100147560,5619,26085
1871,8,28,25,0,64541280,3630,100169820,5618,26093
1872,2,20,25,0,64568400,3629,100489020,5635,26095
1873,6,13,25,0,64595220,3628,100768980,5648,26101
1874,6,9,25,0,64610520,3627,101035020,5661,26107
1875,6,0,21,4,64651440,3625,101442540,5682,26113
1876,10,1,25,0,64660860,3625,101443440,5679,26123
1877,6,0,25,0,64679460,3625,101444220,5677,26129
1878,12,6,25,0,64705140,3625,101448540,5674,26141
1879,3,4,25,0,64726800,3625,101462640,5674,26144
1880,7,0,22,3,64755240,3624,101488380,5673,26151
1881,5,0,24,1,64763280,3624,101488380,5671,26156
1882,12,4,25,0,64779060,3623,101492220,5669,26168
1883,8,8,25,0,64803060,3624,101498520,5666,26176
1884,6,7,25,0,64837500,3624,101514060,5666,26182
1885,6,0,25,0,64865460,3623,101551440,5665,26188
1886,5,0,23,2,64885440,3623,101553180,5663,26193
1887,16,5,25,0,64912740,3622,101556120,5658,26209
1888,9,3,25,0,64937100,3622,101566140,5656,26218
1889,11,10,25,0,64954380,3622,101569080,5653,26229
1890,9,11,25,0,64990200,3622,101579640,5650,26238
1891,10,16,25,0,65004960,3622,101589660,5648,26248
1892,11,22,25,0,65029320,3622,101593020,5646,26259
1893,10,26,25,0,65052660,3622,101602380,5642,26269
1894,2,24,25,0,65080560,3623,101611920,5642,26271
1895,3,20,25,0,65121060,3624,101680620,5645,26274
1896,7,15,25,0,65143740,3623,101838480,5651,26281
1897,2,0,22,3,65173980,3620,102102600,5665,26283
1898,6,0,21,4,65182440,3620,102102600,5663,26289
1899,8,0,25,0,65188740,3619,102102600,5661,26297
1900,9,1,25,0,65212860,3619,102104460,5658,26306
1901,5,0,21,4,65251680,3619,102106860,5657,26311
1902,6,0,21,4,65260620,3618,102106860,5655,26317
1903,5,0,22,3,65270700,3618,102106860,5653,26322
1904,9,0,25,0,65284620,3618,102106860,5650,26331
1905,6,1,25,0,65306340,3618,102108240,5649,26337
1906,12,8,25,0,65328120,3618,102109680,5647,26349
1907,16,18,25,0,65358780,3618,102121200,5642,26365
1908,10,26,25,0,65368440,3619,102125700,5638,26375
1909,9,28,25,0,65407560,3619,102161520,5638,26384
1910,10,36,25,0,65415120,3619,102164400,5635,26394
1911,10,40,25,0,65451420,3620,102172860,5632,26404
1912,11,39,25,0,65475960,3621,102199080,5633,26415
1913,4,39,25,0,65498040,3621,102218340,5632,26419
1914,7,37,25,0,65528760,3621,102309360,5635,26426
1915,6,39,25,0,65551560,3622,102314880,5634,26432
1916,8,39,25,0,65578080,3622,102350520,5634,26440
1917,8,39,25,0,65606820,3623,102367020,5634,26448
1918,4,35,25,0,65637300,3623,102389760,5634,26452
1919,3,32,25,0,65660400,3623,102511980,5639,26455
1920,6,29,25,0,65690400,3623,102711120,5649,26461
1921,8,20,25,0,65716080,3621,103156080,5671,26469
1922,2,13,25,0,65734320,3620,103432500,5685,26471
1923,5,6,25,0,65761500,3620,103748460,5701,26476
1924,4,0,19,6,65790360,3618,103983720,5713,26480
1925,8,1,25,0,65790960,3618,103983720,5710,26488
1926,13,5,25,0,65813040,3617,103987020,5706,26501
1927,4,1,25,0,65844660,3617,103999020,5706,26505
1928,11,4,25,0,65866980,3617,104008080,5703,26516
1929,10,9,25,0,65887680,3617,104015400,5701,26526
1930,10,14,25,0,65909760,3617,104019360,5698,26536
1931,10,20,25,0,65931780,3618,104024760,5694,26546
1932,8,24,25,0,65957460,3618,104037240,5694,26554
1933,10,29,25,0,65984820,3619,104041200,5690,26564
1934,13,38,25,0,66006840,3619,104055060,5686,26577
1935,14,40,25,0,66032520,3620,104067300,5685,26591
1936,4,36,25,0,66066240,3620,104132820,5687,26595
1937,11,37,25,0,66095100,3619,104227920,5689,26606
1938,14,40,25,0,66112440,3619,104280360,5689,26620
1939,9,38,25,0,66139620,3619,104291160,5688,26629
1940,7,39,25,0,66157260,3619,104301420,5687,26636
1941,9,39,25,0,66172560,3620,104306760,5686,26645
1942,3,35,25,0,66217740,3621,104351520,5687,26648
1943,5,21,25,0,66250800,3619,104867340,5714,26653
1944,3,7,25,0,66267300,3616,105455640,5745,26656
1945,5,2,25,0,66276720,3615,105701040,5757,26661
1946,4,0,22,3,66304980,3615,105702840,5756,26665
1947,2,0,20,5,66333960,3615,105702840,5755,26667
1948,4,0,21,4,66341760,3615,105702840,5754,26671
1949,5,0,23,2,66347340,3615,105702840,5752,26676
1950,9,0,24,1,66368760,3615,105702960,5750,26685
1951,11,5,25,0,66387480,3615,105706440,5747,26696
1952,11,11,25,0,66410280,3615,105710520,5744,26707
1953,5,12,25,0,66430380,3615,105720960,5742,26712
1954,13,16,25,0,66474000,3616,105735780,5739,26725
1955,7,22,25,0,66476520,3616,105737640,5738,26732
1956,13,30,25,0,66510960,3617,105744060,5733,26745
1957,13,40,25,0,66531660,3617,105754440,5732,26758
1958,16,39,25,0,66560940,3618,105786780,5730,26774
1959,8,39,25,0,66588240,3618,105834000,5731,26782
1960,7,38,25,0,66620700,3618,105886980,5732,26789
1961,10,40,25,0,66639900,3618,105912240,5731,26799
1962,13,38,25,0,66666960,3618,105944640,5731,26812
1963,10,38,25,0,66690360,3618,105987540,5731,26822
1964,10,38,25,0,66711540,3618,106053000,5733,26832
1965,6,40,25,0,66722280,3618,106117560,5735,26838
1966,3,33,25,0,66768300,3619,106329900,5746,26841
1967,4,23,25,0,66789180,3617,106703760,5764,26845
1968,7,6,25,0,66826620,3615,107328480,5796,26852
1969,6,0,24,1,66843720,3613,107539500,5806,26858
1970,11,2,25,0,66871080,3613,107542020,5802,26869
1971,10,9,25,0,66881460,3613,107544240,5801,26879
1972,10,14,25,0,66910680,3614,107551380,5797,26889
1973,4,14,25,0,66931020,3614,107558700,5796,26893
1974,10,17,25,0,66967260,3614,107599200,5795,26903
1975,10,21,25,0,66993600,3615,107604600,5792,26913
1976,11,29,25,0,67009200,3615,107610600,5789,26924
1977,6,32,25,0,67031880,3616,107623020,5788,26930
1978,11,40,25,0,67058580,3616,107634180,5785,26941
1979,6,40,25,0,67091820,3617,107661480,5785,26947
1980,15,40,25,0,67108740,3618,107689440,5786,26962
1981,6,38,25,0,67145940,3619,107741580,5787,26968
1982,9,39,25,0,67169340,3619,107829060,5790,26977
1983,14,40,25,0,67196460,3619,107861700,5789,26991
1984,8,38,25,0,67220880,3619,107893320,5790,26999
1985,13,40,25,0,67243920,3619,107989560,5792,27012
1986,11,38,25,0,67269000,3619,108045300,5794,27023
1987,14,38,25,0,67290660,3619,108092820,5795,27037
1988,6,38,25,0,67319760,3620,108253860,5802,27043
1989,7,37,25,0,67347180,3620,108290820,5802,27050
1990,5,38,25,0,67364280,3620,108359700,5804,27055
1991,5,34,25,0,67401240,3620,108472200,5809,27060
1992,13,40,25,0,67412460,3620,108530040,5809,27073
1993,4,37,25,0,67441560,3620,108546600,5808,27077
1994,7,35,25,0,67476720,3620,108647760,5811,27084
1995,3,24,25,0,67501200,3619,109320180,5846,27087
1996,8,23,25,0,67523820,3619,109502700,5854,27095
1997,3,16,25,0,67538760,3617,109789920,5868,27098
1998,9,17,25,0,67572780,3618,109793520,5865,27107
1999,8,21,25,0,67588440,3618,109795380,5863,27115
2000,9,20,25,0,67625640,3618,109888440,5865,27124
2001,8,24,25,0,67642620,3618,109894200,5864,27132
2002,7,26,25,0,67674060,3619,109903560,5861,27139
2003,12,31,25,0,67698540,3619,109907700,5857,27151
2004,11,40,25,0,67704960,3619,109911480,5856,27162
2005,9,39,25,0,67750440,3619,109935300,5853,27171
2006,14,35,25,0,67778460,3619,109959660,5853,27185
2007,17,40,25,0,67796400,3619,109983840,5852,27202
2008,14,40,25,0,67820340,3619,110036340,5853,27216
2009,6,32,25,0,67859520,3619,110265360,5862,27222
2010,6,28,25,0,67875540,3618,110652180,5882,27228
2011,10,26,25,0,67908540,3617,110948400,5894,27238
2012,9,33,25,0,67912080,3617,110949900,5891,27247
2013,5,32,25,0,67954440,3618,110971200,5891,27252
2014,4,34,25,0,67962480,3618,110974440,5890,27256
2015,3,32,25,0,67996740,3619,110990340,5889,27259
2016,10,34,25,0,68022960,3619,111006060,5888,27269
2017,4,38,25,0,68022960,3619,111006060,5888,27273
2018,7,40,25,0,68022960,3619,111006060,5888,27280
2019,10,40,25,0,68022960,3619,111006060,5888,27290
2020,7,40,25,0,68022960,3619,111006060,5888,27297
2021,8,40,25,0,68022960,3619,111006060,5888,27305
2022,10,40,25,0,68022960,3619,111006060,5888,27315
2023,7,40,25,0,68022960,3619,111006060,5888,27322
2024,7,40,25,0,68022960,3619,111006060,5888,27329
2025,6,40,25,0,68022960,3619,111006060,5888,27335
2026,9,40,25,0,68022960,3619,111006060,5888,27344
2027,4,40,25,0,68022960,3619,111006060,5888,27348
2028,6,40,25,0,68022960,3619,111006060,5888,27354
2029,11,40,25,0,68022960,3619,111006060,5888,27365
2030,7,40,25,0,68022960,3619,111006060,5888,27372
2031,10,40,25,0,68022960,3619,111006060,5888,27382
2032,5,40,25,0,68022960,3619,111006060,5888,27387
2033,8,40,25,0,68022960,3619,111006060,5888,27395
2034,12,40,25,0,68022960,3619,111006060,5888,27407
2035,9,40,25,0,68022960,3619,111006060,5888,27416
2036,11,40,25,0,68022960,3619,111006060,5888,27427
2037,6,40,25,0,68022960,3619,111006060,5888,27433
2038,3,40,25,0,68022960,3619,111006060,5888,27436
2039,6,40,25,0,68022960,3619,111006060,5888,27442
2040,4,40,25,0,68022960,3619,111006060,5888,27446
2041,7,40,25,0,68022960,3619,111006060,5888,27453
2042,3,40,25,0,68022960,3619,111006060,5888,27456
2043,7,40,25,0,68022960,3619,111006060,5888,27463
2044,5,40,25,0,68022960,3619,111006060,5888,27468
2045,8,40,25,0,68022960,3619,111006060,5888,27476
2046,8,40,25,0,68022960,3619,111006060,5888,27484
2047,4,40,25,0,68022960,3619,111006060,5888,27488
2048,10,40,25,0,68022960,3619,111006060,5888,27498
2049,11,40,25,0,68022960,3619,111006060,5888,27509
2050,15,40,25,0,68022960,3619,111006060,5888,27524
2051,12,40,25,0,68022960,3619,111006060,5888,27536
2052,6,40,25,0,68022960,3619,111006060,5888,27542
2053,9,40,25,0,68022960,3619,111006060,5888,27551
2054,8,40,25,0,68022960,3619,111006060,5888,27559
2055,8,40,25,0,68022960,3619,111006060,5888,27567
2056,11,40,25,0,68022960,3619,111006060,5888,27578
2057,12,40,25,0,68022960,3619,111006060,5888,27590
2058,7,40,25,0,68022960,3619,111006060,5888,27597
2059,9,40,25,0,68022960,3619,111006060,5888,27606
2060,9,40,25,0,68022960,3619,111006060,5888,27615
2061,7,40,25,0,68022960,3619,111006060,5888,27622
2062,3,40,25,0,68022960,3619,111006060,5888,27625
2063,9,40,25,0,68022960,3619,111006060,5888,27634
2064,4,40,25,0,68022960,3619,111006060,5888,27638
2065,9,40,25,0,68022960,3619,111006060,5888,27647
2066,5,40,25,0,68022960,3619,111006060,5888,27652
2067,3,40,25,0,68022960,3619,111006060,5888,27655
2068,8,40,25,0,68022960,3619,111006060,5888,27663
2069,4,40,25,0,68022960,3619,111006060,5888,27667
2070,6,40,25,0,68022960,3619,111006060,5888,27673
2071,9,40,25,0,68022960,3619,111006060,5888,27682
2072,9,40,25,0,68022960,3619,111006060,5888,27691
2073,5,40,25,0,68022960,3619,111006060,5888,27696
2074,10,40,25,0,68022960,3619,111006060,5888,27706
2075,10,40,25,0,68022960,3619,111006060,5888,27716
2076,12,40,25,0,68022960,3619,111006060,5888,27728
2077,9,40,25,0,68022960,3619,111006060,5888,27737
2078,12,40,25,0,68022960,3619,111006060,5888,27749
2079,12,40,25,0,68022960,3619,111006060,5888,27761
2080,11,40,25,0,68022960,3619,111006060,5888,27772
2081,7,40,25,0,68022960,3619,111006060,5888,27779
2082,9,40,25,0,68022960,3619,111006060,5888,27788
2083,11,40,25,0,68022960,3619,111006060,5888,27799
2084,4,40,25,0,68022960,3619,111006060,5888,27803
2085,8,40,25,0,68022960,3619,111006060,5888,27811
2086,6,40,25,0,68022960,3619,111006060,5888,27817
2087,4,40,25,0,68022960,3619,111006060,5888,27821
2088,4,40,25,0,68022960,3619,111006060,5888,27825
2089,2,40,25,0,68022960,3619,111006060,5888,27827
2090,4,40,25,0,68022960,3619,111006060,5888,27831
2091,3,40,25,0,68022960,3619,111006060,5888,27834
2092,5,40,25,0,68022960,3619,111006060,5888,27839
2093,11,40,25,0,68022960,3619,111006060,5888,27850
2094,6,40,25,0,68022960,3619,111006060,5888,27856
2095,6,40,25,0,68022960,3619,111006060,5888,27862
2096,10,40,25,0,68022960,3619,111006060,5888,27872
2097,13,40,25,0,68022960,3619,111006060,5888,27885
2098,7,40,25,0,68022960,3619,111006060,5888,27892
2099,1,40,25,0,68022960,3619,111006060,5888,27893
2100,16,40,25,0,68022960,3619,111006060,5888,27909
2101,11,40,25,0,68022960,3619,111006060,5888,27920
2102,15,40,25,0,68022960,3619,111006060,5888,27935
2103,21,40,25,0,68022960,3619,111006060,5888,27956
2104,8,40,25,0,68022960,3619,111006060,5888,27964
2105,9,40,25,0,68022960,3619,111006060,5888,27973
2106,11,40,25,0,68022960,3619,111006060,5888,27984
2107,3,40,25,0,68022960,3619,111006060,5888,27987
2108,9,40,25,0,68022960,3619,111006060,5888,27996
2109,9,40,25,0,68022960,3619,111006060,5888,28005
2110,6,40,25,0,68022960,3619,111006060,5888,28011
2111,6,40,25,0,68022960,3619,111006060,5888,28017
2112,8,40,25,0,68022960,3619,111006060,5888,28025
2113,5,40,25,0,68022960,3619,111006060,5888,28030
2114,3,40,25,0,68022960,3619,111006060,5888,28033
2115,5,40,25,0,68022960,3619,111006060,5888,28038
2116,8,40,25,0,68022960,3619,111006060,5888,28046
2117,10,40,25,0,68022960,3619,111006060,5888,28056
2118,4,40,25,0,68022960,3619,111006060,5888,28060
2119,10,40,25,0,68022960,3619,111006060,5888,28070
2120,14,40,25,0,68022960,3619,111006060,5888,28084
2121,8,40,25,0,68022960,3619,111006060,5888,28092
2122,9,40,25,0,68022960,3619,111006060,5888,28101
2123,13,40,25,0,68022960,3619,111006060,5888,28114
2124,11,40,25,0,68022960,3619,111006060,5888,28125
2125,8,40,25,0,68022960,3619,111006060,5888,28133
2126,6,40,25,0,68022960,3619,111006060,5888,28139
2127,9,40,25,0,68022960,3619,111006060,5888,28148
2128,17,40,25,0,68022960,3619,111006060,5888,28165
2129,12,40,25,0,68022960,3619,111006060,5888,28177
2130,5,40,25,0,68022960,3619,111006060,5888,28182
2131,9,40,25,0,68022960,3619,111006060,5888,28191
2132,5,40,25,0,68022960,3619,111006060,5888,28196
2133,4,40,25,0,68022960,3619,111006060,5888,28200
2134,3,40,25,0,68022960,3619,111006060,5888,28203
2135,7,40,25,0,68022960,3619,111006060,5888,28210
2136,3,40,25,0,68022960,3619,111006060,5888,28213
2137,7,40,25,0,68022960,3619,111006060,5888,28220
2138,2,40,25,0,68022960,3619,111006060,5888,28222
2139,6,40,25,0,68022960,3619,111006060,5888,28228
2140,4,40,25,0,68022960,3619,111006060,5888,28232
2141,8,40,25,0,68022960,3619,111006060,5888,28240
2142,10,40,25,0,68022960,3619,111006060,5888,28250
2143,13,40,25,0,68022960,3619,111006060,5888,28263
2144,11,40,25,0,68022960,3619,111006060,5888,28274
2145,6,40,25,0,68022960,3619,111006060,5888,28280
2146,9,40,25,0,68022960,3619,111006060,5888,28289
2147,3,40,25,0,68022960,3619,111006060,5888,28292
2148,5,40,25,0,68022960,3619,111006060,5888,28297
2149,13,40,25,0,68022960,3619,111006060,5888,28310
2150,8,40,25,0,68022960,3619,111006060,5888,28318
2151,11,40,25,0,68022960,3619,111006060,5888,28329
2152,18,40,25,0,68022960,3619,111006060,5888,28347
2153,17,40,25,0,68022960,3619,111006060,5888,28364
2154,9,40,25,0,68022960,3619,111006060,5888,28373
2155,6,40,25,0,68022960,3619,111006060,5888,28379
2156,5,40,25,0,68022960,3619,111006060,5888,28384
2157,12,40,25,0,68022960,3619,111006060,5888,28396
2158,4,40,25,0,68022960,3619,111006060,5888,28400
2159,2,40,25,0,68022960,3619,111006060,5888,28402
2160,4,40,25,0,68022960,3619,111006060,5888,28406
2161,9,40,25,0,68022960,3619,111006060,5888,28415
2162,8,40,25,0,68022960,3619,111006060,5888,28423
2163,7,40,25,0,68022960,3619,111006060,5888,28430
2164,3,40,25,0,68022960,3619,111006060,5888,28433
2165,12,40,25,0,68022960,3619,111006060,5888,28445
2166,7,40,25,0,68022960,3619,111006060,5888,28452
2167,9,40,25,0,68022960,3619,111006060,5888,28461
2168,3,40,25,0,68022960,3619,111006060,5888,28464
2169,8,40,25,0,68022960,3619,111006060,5888,28472
2170,10,40,25,0,68022960,3619,111006060,5888,28482
2171,8,40,25,0,68022960,3619,111006060,5888,28490
2172,9,40,25,0,68022960,3619,111006060,5888,28499
2173,7,40,25,0,68022960,3619,111006060,5888,28506
2174,9,40,25,0,68022960,3619,111006060,5888,28515
2175,12,40,25,0,68022960,3619,111006060,5888,28527
2176,8,40,25,0,68022960,3619,111006060,5888,28535
2177,7,40,25,0,68022960,3619,111006060,5888,28542
2178,15,40,25,0,68022960,3619,111006060,5888,28557
2179,4,40,25,0,68022960,3619,111006060,5888,28561
2180,2,40,25,0,68022960,3619,111006060,5888,28563
2181,6,40,25,0,68022960,3619,111006060,5888,28569
2182,5,40,25,0,68022960,3619,111006060,5888,28574
2183,8,40,25,0,68022960,3619,111006060,5888,28582
2184,9,40,25,0,68022960,3619,111006060,5888,28591
2185,5,40,25,0,68022960,3619,111006060,5888,28596
2186,7,40,25,0,68022960,3619,111006060,5888,28603
2187,4,40,25,0,68022960,3619,111006060,5888,28607
2188,7,40,25,0,68022960,3619,111006060,5888,28614
2189,1,40,25,0,68022960,3619,111006060,5888,28615
2190,8,40,25,0,68022960,3619,111006060,5888,28623
2191,10,40,25,0,68022960,3619,111006060,5888,28633
2192,7,40,25,0,68022960,3619,111006060,5888,28640
2193,10,40,25,0,68022960,3619,111006060,5888,28650
2194,10,40,25,0,68022960,3619,111006060,5888,28660
2195,5,40,25,0,68022960,3619,111006060,5888,28665
2196,15,40,25,0,68022960,3619,111006060,5888,28680
2197,14,40,25,0,68022960,3619,111006060,5888,28694
2198,5,40,25,0,68022960,3619,111006060,5888,28699
2199,13,40,25,0,68022960,3619,111006060,5888,28712
2200,10,40,25,0,68022960,3619,111006060,5888,28722
2201,10,40,25,0,68022960,3619,111006060,5888,28732
2202,12,40,25,0,68022960,3619,111006060,5888,28744
2203,14,40,25,0,68022960,3619,111006060,5888,28758
2204,8,40,25,0,68022960,3619,111006060,5888,28766
2205,5,40,25,0,68022960,3619,111006060,5888,28771
2206,8,40,25,0,68022960,3619,111006060,5888,28779
2207,8,40,25,0,68022960,3619,111006060,5888,28787
2208,3,40,25,0,68022960,3619,111006060,5888,28790
2209,4,40,25,0,68022960,3619,111006060,5888,28794
2210,2,40,25,0,68022960,3619,111006060,5888,28796
2211,6,40,25,0,68022960,3619,111006060,5888,28802
2212,7,40,25,0,68022960,3619,111006060,5888,28809
2213,10,40,25,0,68022960,3619,111006060,5888,28819
2214,9,40,25,0,68022960,3619,111006060,5888,28828
2215,13,40,25,0,68022960,3619,111006060,5888,28841
2216,6,40,25,0,68022960,3619,111006060,5888,28847
2217,10,40,25,0,68022960,3619,111006060,5888,28857
2218,11,40,25,0,68022960,3619,111006060,5888,28868
2219,10,40,25,0,68022960,3619,111006060,5888,28878
2220,18,40,25,0,68022960,3619,111006060,5888,28896
2221,13,40,25,0,68022960,3619,111006060,5888,28909
2222,6,40,25,0,68022960,3619,111006060,5888,28915
2223,11,40,25,0,68022960,3619,111006060,5888,28926
2224,18,40,25,0,68022960,3619,111006060,5888,28944
2225,5,40,25,0,68022960,3619,111006060,5888,28949
2226,15,40,25,0,68022960,3619,111006060,5888,28964
2227,9,40,25,0,68022960,3619,111006060,5888,28973
2228,11,40,25,0,68022960,3619,111006060,5888,28984
2229,11,40,25,0,68022960,3619,111006060,5888,28995
2230,12,40,25,0,68022960,3619,111006060,5888,29007
2231,5,40,25,0,68022960,3619,111006060,5888,29012
2232,4,40,25,0,68022960,3619,111006060,5888,29016
2233,4,40,25,0,68022960,3619,111006060,5888,29020
2234,5,40,25,0,68022960,3619,111006060,5888,29025
2235,4,40,25,0,68022960,3619,111006060,5888,29029
2236,8,40,25,0,68022960,3619,111006060,5888,29037
2237,4,40,25,0,68022960,3619,111006060,5888,29041
2238,6,40,25,0,68022960,3619,111006060,5888,29047
2239,2,40,25,0,68022960,3619,111006060,5888,29049
2240,5,40,25,0,68022960,3619,111006060,5888,29054
2241,9,40,25,0,68022960,3619,111006060,5888,29063
2242,9,40,25,0,68022960,3619,111006060,5888,29072
2243,14,40,25,0,68022960,3619,111006060,5888,29086
2244,18,40,25,0,68022960,3619,111006060,5888,29104
2245,4,40,25,0,68022960,3619,111006060,5888,29108
2246,16,40,25,0,68022960,3619,111006060,5888,29124
2247,10,40,25,0,68022960,3619,111006060,5888,29134
2248,7,40,25,0,68022960,3619,111006060,5888,29141
2249,7,40,25,0,68022960,3619,111006060,5888,29148
2250,6,40,25,0,68022960,3619,111006060,5888,29154
2251,12,40,25,0,68022960,3619,111006060,5888,29166
2252,15,40,25,0,68022960,3619,111006060,5888,29181
2253,4,40,25,0,68022960,3619,111006060,5888,29185
2254,6,40,25,0,68022960,3619,111006060,5888,29191
2255,6,40,25,0,68022960,3619,111006060,5888,29197
2256,1,40,25,0,68022960,3619,111006060,5888,29198
2257,4,40,25,0,68022960,3619,111006060,5888,29202
2258,6,40,25,0,68022960,3619,111006060,5888,29208
2259,4,40,25,0,68022960,3619,111006060,5888,29212
2260,2,40,25,0,68022960,3619,111006060,5888,29214
2261,5,40,25,0,68022960,3619,111006060,5888,29219
2262,10,40,25,0,68022960,3619,111006060,5888,29229
2263,9,40,25,0,68022960,3619,111006060,5888,29238
2264,7,40,25,0,68022960,3619,111006060,5888,29245
2265,5,40,25,0,68022960,3619,111006060,5888,29250
2266,11,40,25,0,68022960,3619,111006060,5888,29261
2267,12,40,25,0,68022960,3619,111006060,5888,29273
2268,10,40,25,0,68022960,3619,111006060,5888,29283
2269,10,40,25,0,68022960,3619,111006060,5888,29293
2270,14,40,25,0,68022960,3619,111006060,5888,29307
2271,8,40,25,0,68022960,3619,111006060,5888,29315
2272,8,40,25,0,68022960,3619,111006060,5888,29323
2273,9,40,25,0,68022960,3619,111006060,5888,29332
2274,10,40,25,0,68022960,3619,111006060,5888,29342
2275,5,40,25,0,68022960,3619,111006060,5888,29347
2276,7,40,25,0,68022960,3619,111006060,5888,29354
2277,10,40,25,0,68022960,3619,111006060,5888,29364
2278,4,40,25,0,68022960,3619,111006060,5888,29368
2279,8,40,25,0,68022960,3619,111006060,5888,29376
2280,3,40,25,0,68022960,3619,111006060,5888,29379
2281,3,40,25,0,68022960,3619,111006060,5888,29382
2282,4,40,25,0,68022960,3619,111006060,5888,29386
2283,5,40,25,0,68022960,3619,111006060,5888,29391
2284,4,40,25,0,68022960,3619,111006060,5888,29395
2285,7,40,25,0,68022960,3619,111006060,5888,29402
2286,6,40,25,0,68022960,3619,111006060,5888,29408
2287,8,40,25,0,68022960,3619,111006060,5888,29416
2288,9,40,25,0,68022960,3619,111006060,5888,29425
2289,9,40,25,0,68022960,3619,111006060,5888,29434
2290,12,40,25,0,68022960,3619,111006060,5888,29446
2291,12,40,25,0,68022960,3619,111006060,5888,29458
2292,15,40,25,0,68022960,3619,111006060,5888,29473
2293,8,40,25,0,68022960,3619,111006060,5888,29481
2294,10,40,25,0,68022960,3619,111006060,5888,29491
2295,16,40,25,0,68022960,3619,111006060,5888,29507
2296,12,40,25,0,68022960,3619,111006060,5888,29519
2297,10,40,25,0,68022960,3619,111006060,5888,29529
2298,14,40,25,0,68022960,3619,111006060,5888,29543
2299,7,40,25,0,68022960,3619,111006060,5888,29550
2300,13,40,25,0,68022960,3619,111006060,5888,29563
2301,6,40,25,0,68022960,3619,111006060,5888,29569
2302,3,40,25,0,68022960,3619,111006060,5888,29572
2303,4,40,25,0,68022960,3619,111006060,5888,29576
2304,6,40,25,0,68022960,3619,111006060,5888,29582
2305,5,40,25,0,68022960,3619,111006060,5888,29587
2306,2,40,25,0,68022960,3619,111006060,5888,29589
2307,7,40,25,0,68022960,3619,111006060,5888,29596
2308,3,40,25,0,68022960,3619,111006060,5888,29599
2309,5,40,25,0,68022960,3619,111006060,5888,29604
2310,6,40,25,0,68022960,3619,111006060,5888,29610
2311,7,40,25,0,68022960,3619,111006060,5888,29617
2312,7,40,25,0,68022960,3619,111006060,5888,29624
2313,9,40,25,0,68022960,3619,111006060,5888,29633
2314,7,40,25,0,68022960,3619,111006060,5888,29640
2315,8,40,25,0,68022960,3619,111006060,5888,29648
2316,22,40,25,0,68022960,3619,111006060,5888,29670
2317,12,40,25,0,68022960,3619,111006060,5888,29682
2318,21,40,25,0,68022960,3619,111006060,5888,29703
2319,13,40,25,0,68022960,3619,111006060,5888,29716
2320,4,40,25,0,68022960,3619,111006060,5888,29720
2321,4,40,25,0,68022960,3619,111006060,5888,29724
2322,11,40,25,0,68022960,3619,111006060,5888,29735
2323,10,40,25,0,68022960,3619,111006060,5888,29745
2324,7,40,25,0,68022960,3619,111006060,5888,29752
2325,7,40,25,0,68022960,3619,111006060,5888,29759
2326,2,40,25,0,68022960,3619,111006060,5888,29761
2327,5,40,25,0,68022960,3619,111006060,5888,29766
2328,7,40,25,0,68022960,3619,111006060,5888,29773
2329,4,40,25,0,68022960,3619,111006060,5888,29777
2330,3,40,25,0,68022960,3619,111006060,5888,29780
2331,3,40,25,0,68022960,3619,111006060,5888,29783
2332,7,40,25,0,68022960,3619,111006060,5888,29790
2333,11,40,25,0,68022960,3619,111006060,5888,29801
2334,6,40,25,0,68022960,3619,111006060,5888,29807
2335,5,40,25,0,68022960,3619,111006060,5888,29812
2336,11,40,25,0,68022960,3619,111006060,5888,29823
2337,13,40,25,0,68022960,3619,111006060,5888,29836
2338,9,40,25,0,68022960,3619,111006060,5888,29845
2339,9,40,25,0,68022960,3619,111006060,5888,29854
2340,11,40,25,0,68022960,3619,111006060,5888,29865
2341,12,40,25,0,68022960,3619,111006060,5888,29877
2342,12,40,25,0,68022960,3619,111006060,5888,29889
2343,9,40,25,0,68022960,3619,111006060,5888,29898
2344,7,40,25,0,68022960,3619,111006060,5888,29905
2345,10,40,25,0,68022960,3619,111006060,5888,29915
2346,8,40,25,0,68022960,3619,111006060,5888,29923
2347,6,40,25,0,68022960,3619,111006060,5888,29929
2348,8,40,25,0,68022960,3619,111006060,5888,29937
2349,2,40,25,0,68022960,3619,111006060,5888,29939
2350,9,40,25,0,68022960,3619,111006060,5888,29948
2351,2,40,25,0,68022960,3619,111006060,5888,29950
2352,10,40,25,0,68022960,3619,111006060,5888,29960
2353,7,40,25,0,68022960,3619,111006060,5888,29967
2354,13,40,25,0,68022960,3619,111006060,5888,29980
2355,28,40,25,0,68022960,3619,111006060,5888,30008
2356,31,40,25,0,68022960,3619,111006060,5888,30039
2357,31,40,25,0,68022960,3619,111006060,5888,30070
2358,28,40,25,0,68022960,3619,111006060,5888,30098
2359,24,40,25,0,68022960,3619,111006060,5888,30122
2360,36,40,25,0,68022960,3619,111006060,5888,30158
2361,26,40,25,0,68022960,3619,111006060,5888,30184
2362,25,40,25,0,68022960,3619,111006060,5888,30209
2363,28,40,25,0,68022960,3619,111006060,5888,30237
2364,32,40,25,0,68022960,3619,111006060,5888,30269
2365,29,40,25,0,68022960,3619,111006060,5888,30298
2366,30,40,25,0,68022960,3619,111006060,5888,30328
2367,29,40,25,0,68022960,3619,111006060,5888,30357
2368,33,40,25,0,68022960,3619,111006060,5888,30390
2369,33,40,25,0,68022960,3619,111006060,5888,30423
2370,32,40,25,0,68022960,3619,111006060,5888,30455
2371,36,40,25,0,68022960,3619,111006060,5888,30491
2372,27,40,25,0,68022960,3619,111006060,5888,30518
2373,31,40,25,0,68022960,3619,111006060,5888,30549
2374,32,40,25,0,68022960,3619,111006060,5888,30581
2375,29,40,25,0,68022960,3619,111006060,5888,30610
2376,25,40,25,0,68022960,3619,111006060,5888,30635
2377,32,40,25,0,68022960,3619,111006060,5888,30667
2378,31,40,25,0,68022960,3619,111006060,5888,30698
2379,35,40,25,0,68022960,3619,111006060,5888,30733
2380,29,40,25,0,68022960,3619,111006060,5888,30762
2381,31,40,25,0,68022960,3619,111006060,5888,30793
2382,24,40,25,0,68022960,3619,111006060,5888,30817
2383,28,40,25,0,68022960,3619,111006060,5888,30845
2384,36,40,25,0,68022960,3619,111006060,5888,30881
2385,31,40,25,0,68022960,3619,111006060,5888,30912
2386,26,40,25,0,68022960,3619,111006060,5888,30938
2387,27,40,25,0,68022960,3619,111006060,5888,30965
2388,22,40,25,0,68022960,3619,111006060,5888,30987
2389,29,40,25,0,68022960,3619,111006060,5888,31016
2390,36,40,25,0,68022960,3619,111006060,5888,31052
2391,23,40,25,0,68022960,3619,111006060,5888,31075
2392,31,40,25,0,68022960,3619,111006060,5888,31106
2393,27,40,25,0,68022960,3619,111006060,5888,31133
2394,34,40,25,0,68022960,3619,111006060,5888,31167
2395,20,40,25,0,68022960,3619,111006060,5888,31187
2396,22,40,25,0,68022960,3619,111006060,5888,31209
2397,27,40,25,0,68022960,3619,111006060,5888,31236
2398,32,40,25,0,68022960,3619,111006060,5888,31268
2399,31,40,25,0,68022960,3619,111006060,5888,31299

