Hour,Arrivals,Waiting,Treating,Available Rooms,Total Treatment Time,Average Treatment Time,Total Wait Time,Average Wait Time,Total Arrivals
1,3,0,1,24,1980,990,0,0,3
2,1,0,2,23,1980,990,0,0,4
3,6,0,6,19,3600,900,0,0,10
4,6,0,7,18,21840,2426,0,0,16
5,8,0,5,20,49440,2602,0,0,24
6,3,0,7,18,55860,2793,0,0,27
7,8,0,9,16,78600,3023,0,0,35
8,7,0,9,16,110700,3354,0,0,42
9,8,0,10,15,138960,3474,0,0,50
10,9,0,8,17,173460,3401,0,0,59
11,10,0,10,15,202800,3437,0,0,69
12,11,0,11,14,243660,3531,0,0,80
13,16,0,12,13,290400,3457,0,0,96
14,13,0,15,10,329580,3506,0,0,109
15,11,0,11,14,382740,3511,0,0,120
16,13,0,11,14,430860,3531,0,0,133
17,11,0,13,12,460440,3514,0,0,144
18,8,0,10,15,514080,3620,0,0,152
19,9,0,5,20,565680,3626,0,0,161
20,12,0,12,13,582240,3616,0,0,173
21,7,0,9,16,614340,3592,0,0,180
22,7,0,3,22,665100,3614,0,0,187
23,10,0,7,18,679380,3575,0,0,197
24,7,0,9,16,700440,3592,0,0,204
25,5,0,4,21,736200,3591,0,0,209
26,5,0,4,21,760740,3622,0,0,214
27,4,0,6,19,767820,3621,0,0,218
28,3,0,4,21,786900,3626,0,0,221
29,3,0,3,22,809340,3662,0,0,224
30,9,0,5,20,819780,3595,0,0,233
31,5,0,6,19,833940,3594,0,0,238
32,12,0,12,13,853560,3586,0,0,250
33,12,0,14,11,892740,3599,0,0,262
34,9,0,12,13,932520,3600,0,0,271
35,10,0,7,18,979020,3573,0,0,281
36,10,0,8,17,1010880,3572,0,0,291
37,14,0,12,13,1033380,3526,0,0,305
38,11,0,11,14,1080120,3541,0,0,316
39,9,0,5,20,1111680,3474,0,0,325
40,8,0,7,18,1125960,3453,0,0,333
41,10,0,8,17,1158420,3457,0,0,343
42,8,0,9,16,1185360,3465,0,0,351
43,11,0,5,20,1226580,3435,0,0,362
44,9,0,6,19,1251720,3429,0,0,371
45,8,0,5,20,1275540,3410,0,0,379
46,6,0,6,19,1290000,3403,0,0,385
47,4,0,2,23,1312920,3392,0,0,389
48,5,0,4,21,1317420,3378,0,0,394
49,4,0,6,19,1336560,3409,0,0,398
50,7,0,7,18,1363140,3424,0,0,405
51,8,0,7,18,1393860,3433,0,0,413
52,2,0,1,24,1422900,3436,0,0,415
53,11,0,10,15,1431120,3440,0,0,426
54,12,0,13,12,1454340,3421,0,0,438
55,8,0,9,16,1502640,3438,0,0,446
56,9,0,11,14,1530180,3446,0,0,455
57,9,0,7,18,1585680,3469,0,0,464
58,15,0,17,8,1597380,3457,0,0,479
59,13,0,10,15,1664760,3453,0,0,492
60,19,0,14,11,1707900,3436,0,0,511
61,12,0,11,14,1752600,3423,0,0,523
62,13,0,14,11,1791360,3431,0,0,536
63,9,0,9,16,1850040,3451,0,0,545
64,13,0,16,9,1871460,3452,0,0,558
65,13,0,13,12,1929540,3457,0,0,571
66,10,0,11,14,1976040,3466,0,0,581
67,9,0,9,16,2028600,3491,0,0,590
68,9,0,13,12,2055180,3507,0,0,599
69,4,0,8,17,2091240,3514,0,0,603
70,6,0,7,18,2127900,3534,0,0,609
71,2,0,1,24,2159460,3540,0,0,611
72,6,0,1,24,2169060,3521,0,0,617
73,7,0,5,20,2176380,3515,0,0,624
74,3,0,5,20,2187000,3516,0,0,627
75,6,0,6,19,2202300,3512,0,0,633
76,5,0,9,16,2214060,3519,0,0,638
77,7,0,7,18,2248980,3525,0,0,645
78,13,0,10,15,2280240,3518,0,0,658
79,13,0,10,15,2315820,3503,0,0,671
80,8,0,8,17,2348040,3499,0,0,679
81,3,0,8,17,2360460,3502,0,0,682
82,9,0,9,16,2407200,3529,0,0,691
83,6,0,5,20,2438340,3523,0,0,697
84,12,0,10,15,2455080,3512,0,0,709
85,12,0,14,11,2475600,3501,0,0,721
86,19,0,21,4,2529000,3517,0,0,740
87,11,0,15,10,2590380,3519,0,0,751
88,12,0,10,15,2665140,3539,0,0,763
89,3,0,6,19,2695680,3546,0,0,766
90,8,0,8,17,2725920,3558,0,0,774
91,4,0,5,20,2752620,3560,0,0,778
92,11,0,9,16,2768940,3549,0,0,789
93,3,0,5,20,2793720,3549,0,0,792
94,8,0,6,19,2820180,3551,0,0,800
95,11,0,9,16,2834220,3533,0,0,811
96,6,0,9,16,2853900,3532,0,0,817
97,6,0,7,18,2886840,3537,0,0,823
98,6,0,6,19,2909580,3535,0,0,829
99,2,0,5,20,2930760,3548,0,0,831
100,6,0,4,21,2949060,3540,0,0,837
101,5,0,4,21,2973240,3548,0,0,842
102,6,0,6,19,2983920,3543,0,0,848
103,13,0,12,13,3001800,3535,0,0,861
104,8,0,10,15,3032520,3530,0,0,869
105,6,0,9,16,3071640,3546,0,0,875
106,7,0,8,17,3110220,3558,0,0,882
107,12,0,14,11,3130440,3557,0,0,894
108,15,0,18,7,3164640,3551,0,0,909
109,12,0,11,14,3241860,3562,0,0,921
110,8,0,6,19,3295260,3570,0,0,929
111,13,0,12,13,3325620,3575,0,0,942
112,12,0,15,10,3352500,3570,0,0,954
113,5,0,8,17,3407700,3583,0,0,959
114,17,0,17,8,3433020,3579,0,0,976
115,11,0,14,11,3476040,3572,0,0,987
116,8,0,6,19,3549300,3588,0,0,995
117,8,0,7,18,3571740,3586,0,0,1003
118,5,0,5,20,3600540,3589,0,0,1008
119,6,0,5,20,3620160,3587,0,0,1014
120,9,0,6,19,3640860,3580,0,0,1023
121,5,0,5,20,3658020,3575,0,0,1028
122,6,0,7,18,3677340,3580,0,0,1034
123,4,0,3,22,3702180,3576,0,0,1038
124,4,0,5,20,3713880,3581,0,0,1042
125,9,0,8,17,3732900,3579,0,0,1051
126,8,0,7,18,3760020,3574,0,0,1059
127,6,0,5,20,3779100,3565,0,0,1065
128,8,0,9,16,3788400,3560,0,0,1073
129,8,0,9,16,3812100,3556,0,0,1081
130,9,0,8,17,3858000,3565,0,0,1090
131,7,0,12,13,3868920,3565,0,0,1097
132,10,0,10,15,3915420,3569,0,0,1107
133,13,0,9,16,3948360,3553,0,0,1120
134,13,0,13,12,3974940,3549,0,0,1133
135,8,0,12,13,4010040,3551,0,0,1141
136,8,0,10,15,4051200,3556,0,0,1149
137,14,0,14,11,4085880,3556,0,0,1163
138,8,0,7,18,4155840,3570,0,0,1171
139,11,0,11,14,4191960,3579,0,0,1182
140,6,0,8,17,4210080,3567,0,0,1188
141,6,0,4,21,4249500,3571,0,0,1194
142,7,0,6,19,4268280,3571,0,0,1201
143,3,0,6,19,4280580,3573,0,0,1204
144,5,0,7,18,4298760,3576,0,0,1209
145,6,0,9,16,4312260,3575,0,0,1215
146,7,0,7,18,4357080,3586,0,0,1222
147,6,0,3,22,4385460,3579,0,0,1228
148,8,0,7,18,4395660,3576,0,0,1236
149,6,0,7,18,4407480,3568,0,0,1242
150,6,0,5,20,4445460,3576,0,0,1248
151,9,0,8,17,4458180,3569,0,0,1257
152,7,0,5,20,4494900,3570,0,0,1264
153,10,0,12,13,4505220,3569,0,0,1274
154,7,0,12,13,4542840,3579,0,0,1281
155,8,0,9,16,4597080,3591,0,0,1289
156,13,0,13,12,4627860,3590,0,0,1302
157,9,0,12,13,4663440,3590,0,0,1311
158,6,0,5,20,4733220,3607,0,0,1317
159,9,0,6,19,4757940,3604,0,0,1326
160,9,0,5,20,4782960,3596,0,0,1335
161,7,0,6,19,4809060,3599,0,0,1342
162,10,0,11,14,4823220,3596,0,0,1352
163,7,0,8,17,4856700,3594,0,0,1359
164,9,0,9,16,4881720,3592,0,0,1368
165,7,0,7,18,4919280,3595,0,0,1375
166,7,0,9,16,4947900,3603,0,0,1382
167,5,0,8,17,4969440,3603,0,0,1387
168,5,0,8,17,5002320,3614,0,0,1392
169,5,0,4,21,5032680,3612,0,0,1397
170,4,0,2,23,5058420,3615,0,0,1401
171,6,0,5,20,5066280,3613,0,0,1407
172,9,0,7,18,5088060,3611,0,0,1416
173,9,0,9,16,5103060,3603,0,0,1425
174,10,0,11,14,5137680,3607,0,0,1435
175,12,0,11,14,5186700,3611,0,0,1447
176,13,0,15,10,5223600,3614,0,0,1460
177,7,0,9,16,5266620,3612,0,0,1467
178,11,0,12,13,5307540,3620,0,0,1478
179,15,0,15,10,5339160,3612,0,0,1493
180,8,0,11,14,5376780,3608,0,0,1501
181,6,0,8,17,5420880,3616,0,0,1507
182,12,0,13,12,5446620,3616,0,0,1519
183,10,0,10,15,5486880,3612,0,0,1529
184,10,0,13,12,5509320,3610,0,0,1539
185,10,0,13,12,5549580,3613,0,0,1549
186,4,0,8,17,5601960,3625,0,0,1553
187,5,0,6,19,5643540,3636,0,0,1558
188,7,0,9,16,5659380,3637,0,0,1565
189,3,0,3,22,5705160,3645,0,0,1568
190,5,0,5,20,5714640,3644,0,0,1573
191,10,0,9,16,5730600,3640,0,0,1583
192,8,0,10,15,5751300,3637,0,0,1591
193,2,0,1,24,5799000,3642,0,0,1593
194,5,0,4,21,5806620,3642,0,0,1598
195,3,0,3,22,5817960,3640,0,0,1601
196,4,0,5,20,5830980,3644,0,0,1605
197,9,0,6,19,5851920,3639,0,0,1614
198,8,0,7,18,5868840,3633,0,0,1622
199,7,0,4,21,5905320,3634,0,0,1629
200,6,0,6,19,5912460,3629,0,0,1635
201,11,0,9,16,5940240,3628,0,0,1646
202,12,0,10,15,5975400,3625,0,0,1658
203,14,0,13,12,6012900,3624,0,0,1672
204,9,0,8,17,6055380,3619,0,0,1681
205,15,0,16,9,6074760,3615,0,0,1696
206,6,0,10,15,6138360,3627,0,0,1702
207,10,0,9,16,6187620,3633,0,0,1712
208,8,0,8,17,6219600,3632,0,0,1720
209,10,0,11,14,6245460,3633,0,0,1730
210,9,0,10,15,6286860,3636,0,0,1739
211,9,0,7,18,6329820,3635,0,0,1748
212,7,0,7,18,6352620,3634,0,0,1755
213,8,0,4,21,6386520,3630,0,0,1763
214,10,0,10,15,6395580,3627,0,0,1773
215,5,0,10,15,6413520,3627,0,0,1778
216,3,0,4,21,6461340,3636,0,0,1781
217,5,0,4,21,6480720,3636,0,0,1786
218,6,0,8,17,6495780,3641,0,0,1792
219,2,0,3,22,6512280,3636,0,0,1794
220,7,0,7,18,6531960,3641,0,0,1801
221,7,0,7,18,6552660,3638,0,0,1808
222,9,0,7,18,6582900,3636,0,0,1817
223,10,0,9,16,6616920,3639,0,0,1827
224,6,0,9,16,6634980,3637,0,0,1833
225,7,0,9,16,6671820,3643,0,0,1840
226,7,0,8,17,6702240,3644,0,0,1847
227,11,0,9,16,6725940,3637,0,0,1858
228,10,0,13,12,6747120,3637,0,0,1868
229,6,0,5,20,6801360,3639,0,0,1874
230,14,0,13,12,6824580,3639,0,0,1888
231,10,0,14,11,6851940,3636,0,0,1898
232,15,0,14,11,6916980,3642,0,0,1913
233,11,0,17,8,6943500,3641,0,0,1924
234,5,0,5,20,7029060,3653,0,0,1929
235,5,0,5,20,7048500,3653,0,0,1934
236,9,0,5,20,7082940,3654,0,0,1943
237,10,0,11,14,7092360,3652,0,0,1953
238,7,0,10,15,7125900,3654,0,0,1960
239,3,0,4,21,7173540,3661,0,0,1963
240,5,0,7,18,7182720,3662,0,0,1968
241,7,0,6,19,7211940,3662,0,0,1975
242,8,0,9,16,7221840,3658,0,0,1983
243,8,0,7,18,7264080,3661,0,0,1991
244,2,0,3,22,7288620,3662,0,0,1993
245,6,0,4,21,7311420,3664,0,0,1999
246,4,0,2,23,7332000,3664,0,0,2003
247,6,0,6,19,7341720,3665,0,0,2009
248,12,0,11,14,7355400,3659,0,0,2021
249,8,0,6,19,7384680,3650,0,0,2029
250,8,0,11,14,7400040,3652,0,0,2037
251,15,0,16,9,7436820,3652,0,0,2052
252,9,0,13,12,7489800,3657,0,0,2061
253,11,0,11,14,7546020,3661,0,0,2072
254,10,0,11,14,7584960,3662,0,0,2082
255,12,0,10,15,7647180,3669,0,0,2094
256,13,0,12,13,7676820,3664,0,0,2107
257,9,0,9,16,7713480,3660,0,0,2116
258,11,0,11,14,7758960,3666,0,0,2127
259,12,0,11,14,7784460,3658,0,0,2139
260,6,0,9,16,7818960,3660,0,0,2145
261,6,0,6,19,7852800,3660,0,0,2151
262,5,0,5,20,7876680,3661,0,0,2156
263,9,0,7,18,7892580,3657,0,0,2165
264,3,0,3,22,7918020,3657,0,0,2168
265,5,0,6,19,7921680,3655,0,0,2173
266,4,0,3,22,7950240,3656,0,0,2177
267,6,0,5,20,7961760,3655,0,0,2183
268,10,0,7,18,7989960,3655,0,0,2193
269,8,0,5,20,8013480,3649,0,0,2201
270,5,0,4,21,8038560,3650,0,0,2206
271,8,0,7,18,8051580,3648,0,0,2214
272,8,0,9,16,8069520,3646,0,0,2222
273,10,0,14,11,8096640,3650,0,0,2232
274,8,0,9,16,8139900,3648,0,0,2240
275,9,0,9,16,8190720,3656,0,0,2249
276,11,0,11,14,8211540,3651,0,0,2260
277,12,0,11,14,8260980,3653,0,0,2272
278,9,0,8,17,8305500,3653,0,0,2281
279,8,0,9,16,8338680,3657,0,0,2289
280,10,0,10,15,8371500,3657,0,0,2299
281,10,0,7,18,8415780,3655,0,0,2309
282,12,0,10,15,8442660,3653,0,0,2321
283,13,0,10,15,8483040,3650,0,0,2334
284,8,0,7,18,8519880,3648,0,0,2342
285,6,0,6,19,8544300,3648,0,0,2348
286,4,0,5,20,8570400,3651,0,0,2352
287,4,0,4,21,8600100,3656,0,0,2356
288,5,0,4,21,8616540,3655,0,0,2361
289,2,0,5,20,8620080,3655,0,0,2363
290,4,0,4,21,8642220,3657,0,0,2367
291,2,0,2,23,8666280,3661,0,0,2369
292,5,0,3,22,8675820,3659,0,0,2374
293,7,0,6,19,8686680,3657,0,0,2381
294,9,0,10,15,8710140,3659,0,0,2390
295,7,0,11,14,8733120,3660,0,0,2397
296,9,0,10,15,8777040,3663,0,0,2406
297,3,0,4,21,8815020,3665,0,0,2409
298,7,0,8,17,8830680,3667,0,0,2416
299,8,0,11,14,8856720,3670,0,0,2424
300,16,0,12,13,8908860,3669,0,0,2440
301,9,0,10,15,8948160,3668,0,0,2449
302,14,0,13,12,8997360,3672,0,0,2463
303,8,0,10,15,9029220,3668,0,0,2471
304,8,0,8,17,9081540,3675,0,0,2479
305,11,0,13,12,9093720,3671,0,0,2490
306,8,0,9,16,9147660,3675,0,0,2498
307,8,0,6,19,9186840,3674,0,0,2506
308,5,0,3,22,9211440,3672,0,0,2511
309,3,0,4,21,9222480,3674,0,0,2514
310,5,0,7,18,9235560,3676,0,0,2519
311,6,0,8,17,9252180,3675,0,0,2525
312,5,0,6,19,9283860,3678,0,0,2530
313,6,0,5,20,9319500,3682,0,0,2536
314,7,0,6,19,9337380,3680,0,0,2543
315,4,0,3,22,9358320,3678,0,0,2547
316,9,0,8,17,9371460,3677,0,0,2556
317,9,0,11,14,9390360,3676,0,0,2565
318,8,0,9,16,9425400,3676,0,0,2573
319,5,0,5,20,9469020,3680,0,0,2578
320,7,0,7,18,9500280,3685,0,0,2585
321,8,0,8,17,9518040,3682,0,0,2593
322,10,0,8,17,9554040,3681,0,0,2603
323,10,0,7,18,9587580,3679,0,0,2613
324,15,0,11,14,9611760,3672,0,0,2628
325,10,0,12,13,9650460,3674,0,0,2638
326,11,0,7,18,9706860,3674,0,0,2649
327,6,0,5,20,9732180,3672,0,0,2655
328,9,0,9,16,9747600,3671,0,0,2664
329,7,0,8,17,9780000,3672,0,0,2671
330,5,0,5,20,9811020,3673,0,0,2676
331,7,0,8,17,9827220,3673,0,0,2683
332,5,0,7,18,9842820,3671,0,0,2688
333,6,0,6,19,9876000,3674,0,0,2694
334,3,0,6,19,9893460,3676,0,0,2697
335,6,0,7,18,9916560,3678,0,0,2703
336,5,0,5,20,9933780,3675,0,0,2708
337,5,0,6,19,9957960,3678,0,0,2713
338,15,0,14,11,9969960,3673,0,0,2728
339,24,0,21,4,10015980,3667,0,0,2752
340,23,0,23,2,10084380,3664,0,0,2775
341,31,13,25,0,10144620,3664,1020,0,2806
342,42,39,25,0,10240260,3678,13800,4,2848
343,29,40,25,0,10318080,3687,51480,18,2877
344,18,35,25,0,10422180,3701,114540,39,2895
345,35,40,25,0,10534140,3710,152760,52,2930
346,28,38,25,0,10599060,3712,178440,61,2958
347,38,40,25,0,10712400,3720,310620,105,2996
348,24,33,25,0,10788540,3712,448320,151,3020
349,35,40,25,0,10866240,3716,454740,152,3055
350,30,35,25,0,10980720,3726,508800,169,3085
351,27,11,25,0,11083980,3697,1124640,370,3112
352,41,31,25,0,11149500,3693,1131360,368,3153
353,31,40,25,0,11209260,3699,1145520,370,3184
354,32,40,25,0,11310840,3714,1178340,379,3216
355,27,38,25,0,11422920,3723,1269060,405,3243
356,33,40,25,0,11505000,3722,1282200,406,3276
357,19,16,25,0,11619300,3707,1678740,528,3295
358,23,13,25,0,11692920,3700,1828260,571,3318
359,28,10,25,0,11801040,3698,1900680,589,3346
360,37,29,25,0,11865960,3697,1909620,585,3383
361,31,38,25,0,11930400,3705,1920900,585,3414
362,37,40,25,0,12048180,3715,1957860,592,3451
363,28,37,25,0,12154800,3720,2020560,606,3479
364,32,40,25,0,12220380,3716,2072400,618,3511
365,19,31,25,0,12320280,3717,2184180,648,3530
366,39,32,25,0,12427980,3707,2391240,701,3569
367,29,40,25,0,12489120,3707,2397660,698,3598
368,28,35,25,0,12589140,3712,2488380,721,3626
369,28,26,25,0,12697560,3704,2651280,762,3654
370,28,19,25,0,12777660,3689,3036000,866,3682
371,23,11,25,0,12862560,3681,3263580,924,3705
372,22,14,25,0,12948660,3685,3277260,923,3727
373,31,26,25,0,13032840,3689,3288780,918,3758
374,36,39,25,0,13120500,3699,3295020,912,3794
375,33,40,25,0,13204440,3708,3322680,916,3827
376,31,32,25,0,13329240,3712,3502320,960,3858
377,28,23,25,0,13411320,3697,3818400,1039,3886
378,25,33,25,0,13480680,3701,3828300,1034,3911
379,20,35,25,0,13569060,3707,3852660,1035,3931
380,24,31,25,0,13668480,3706,3912660,1045,3955
381,38,40,25,0,13768020,3706,3996420,1057,3993
382,27,39,25,0,13831740,3704,4010760,1056,4020
383,34,37,25,0,13952820,3713,4083420,1069,4054
384,30,40,25,0,14017380,3705,4175880,1086,4084
385,16,30,25,0,14121420,3707,4308180,1114,4100
386,28,35,25,0,14197800,3710,4359660,1122,4128
387,38,36,25,0,14300340,3709,4413960,1127,4166
388,36,40,25,0,14381340,3714,4422480,1123,4202
389,27,36,25,0,14485680,3712,4495020,1134,4229
390,28,40,25,0,14554200,3708,4585860,1150,4257
391,37,40,25,0,14651400,3712,4711320,1175,4294
392,29,31,25,0,14767440,3706,4878240,1207,4323
393,30,40,25,0,14823540,3701,5002860,1230,4353
394,26,39,25,0,14919780,3704,5056080,1236,4379
395,38,40,25,0,15008460,3705,5107860,1241,4417
396,35,36,25,0,15109680,3707,5147340,1244,4452
397,21,20,25,0,15204420,3697,6193800,1490,4473
398,26,24,25,0,15268800,3693,6237180,1492,4499
399,41,40,25,0,15360900,3701,6243960,1481,4540
400,31,36,25,0,15481500,3713,6290340,1487,4571
401,29,40,25,0,15559860,3712,6387000,1501,4600
402,32,39,25,0,15650640,3713,6407700,1497,4632
403,40,35,25,0,15768120,3714,6574800,1527,4672
404,28,40,25,0,15824040,3707,6641820,1533,4700
405,41,39,25,0,15904620,3710,6679740,1535,4741
406,37,31,25,0,16036980,3707,6874260,1569,4778
407,29,35,25,0,16108680,3702,6923220,1569,4807
408,33,39,25,0,16176480,3705,6937320,1565,4840
409,33,34,25,0,16293360,3707,7044540,1581,4873
410,31,27,25,0,16396860,3698,7273680,1622,4904
411,34,39,25,0,16455720,3694,7282740,1612,4938
412,35,38,25,0,16559700,3696,7331640,1613,4973
413,41,39,25,0,16631640,3695,7358820,1612,5014
414,30,33,25,0,16754940,3697,7503660,1635,5044
415,39,38,25,0,16832100,3693,7588320,1642,5083
416,32,38,25,0,16899780,3689,7683720,1655,5115
417,20,30,25,0,16990860,3687,7836360,1681,5135
418,17,9,25,0,17108340,3682,8951640,1913,5152
419,32,1,25,0,17189820,3668,9256140,1964,5184
420,25,3,25,0,17258160,3664,9257400,1954,5209
421,27,4,25,0,17355660,3665,9261180,1944,5236
422,25,0,24,1,17448780,3661,9268380,1935,5261
423,29,9,25,0,17512200,3660,9270180,1924,5290
424,41,37,25,0,17586780,3666,9279360,1910,5331
425,32,40,25,0,17678100,3675,9302280,1908,5363
426,39,40,25,0,17783820,3681,9348420,1909,5402
427,37,39,25,0,17892120,3684,9414960,1914,5439
428,37,38,25,0,17977380,3687,9486300,1921,5476
429,33,31,25,0,18085260,3684,9647340,1943,5509
430,28,37,25,0,18149340,3680,9692760,1942,5537
431,30,39,25,0,18218760,3683,9706860,1937,5567
432,35,40,25,0,18319920,3681,9798600,1944,5602
433,26,39,25,0,18435120,3687,9809280,1938,5628
434,28,40,25,0,18506640,3687,9843600,1936,5656
435,33,40,25,0,18586800,3690,9897480,1940,5689
436,38,39,25,0,18698100,3691,9940380,1938,5727
437,35,40,25,0,18781320,3694,9956580,1934,5762
438,36,34,25,0,18890460,3694,10059300,1944,5798
439,28,26,25,0,18970440,3684,10668060,2052,5826
440,29,20,25,0,19073040,3679,11050800,2113,5855
441,27,21,25,0,19154280,3676,11187900,2129,5882
442,31,28,25,0,19242000,3676,11231700,2125,5913
443,38,40,25,0,19321860,3679,11241540,2115,5951
444,30,37,25,0,19429380,3682,11302800,2117,5981
445,31,31,25,0,19515840,3673,11545020,2150,6012
446,31,29,25,0,19608540,3667,11643840,2156,6043
447,33,40,25,0,19676700,3668,11650800,2147,6076
448,30,34,25,0,19780620,3676,11706420,2151,6106
449,28,34,25,0,19852200,3670,11923980,2181,6134
450,33,39,25,0,19943280,3674,11935980,2174,6167
451,34,35,25,0,20047620,3668,12050040,2182,6201
452,37,40,25,0,20125800,3671,12062700,2175,6238
453,28,38,25,0,20227320,3675,12098460,2174,6266
454,32,37,25,0,20332620,3672,12271560,2192,6298
455,24,40,25,0,20396580,3673,12286680,2188,6322
456,36,37,25,0,20497560,3676,12360180,2192,6358
457,29,32,25,0,20593020,3673,12482640,2204,6387
458,36,40,25,0,20682240,3672,12526740,2199,6423
459,30,39,25,0,20769480,3671,12550320,2193,6453
460,27,37,25,0,20847120,3673,12605160,2197,6480
461,33,36,25,0,20959320,3676,12661260,2197,6513
462,28,33,25,0,21047640,3673,12781380,2208,6541
463,25,38,25,0,21128100,3677,12788760,2201,6566
464,34,36,25,0,21221820,3677,12841500,2202,6600
465,22,26,25,0,21313860,3673,13517520,2309,6622
466,29,33,25,0,21406740,3675,13526280,2299,6651
467,22,37,25,0,21488220,3678,13589640,2303,6673
468,31,38,25,0,21579720,3675,13637820,2297,6704
469,29,39,25,0,21640320,3673,13663980,2295,6733
470,30,40,25,0,21752880,3675,13741920,2297,6763
471,28,37,25,0,21843780,3679,13781220,2297,6791
472,31,33,25,0,21957480,3676,13907160,2306,6822
473,37,40,25,0,22038000,3673,13936680,2298,6859
474,31,40,25,0,22104540,3668,13989240,2297,6890
475,47,40,25,0,22204560,3668,14084640,2302,6937
476,28,34,25,0,22302840,3664,14241420,2317,6965
477,30,32,25,0,22407780,3662,14269740,2310,6995
478,22,16,25,0,22497240,3654,15511080,2503,7017
479,18,0,20,5,22573380,3643,16299660,2622,7035
480,27,7,25,0,22631220,3644,16299720,2614,7062
481,29,17,25,0,22725300,3648,16308840,2602,7091
482,30,29,25,0,22821780,3653,16325640,2591,7121
483,22,36,25,0,22894860,3656,16338720,2584,7143
484,33,36,25,0,23002860,3662,16358940,2579,7176
485,40,38,25,0,23083440,3665,16430580,2583,7216
486,31,39,25,0,23195880,3666,16480380,2580,7247
487,25,40,25,0,23277420,3668,16503720,2575,7272
488,29,35,25,0,23377140,3668,16583460,2577,7301
489,30,38,25,0,23446200,3666,16697280,2585,7331
490,25,37,25,0,23542080,3666,16750980,2583,7356
491,33,40,25,0,23635920,3666,16795560,2579,7389
492,29,30,25,0,23720100,3661,17027040,2606,7418
493,30,30,25,0,23825820,3660,17134260,2610,7448
494,27,33,25,0,23901540,3658,17238240,2615,7475
495,24,37,25,0,23985180,3660,17258220,2609,7499
496,35,40,25,0,24081960,3659,17316720,2606,7534
497,31,30,25,0,24171180,3653,17515320,2627,7565
498,29,29,25,0,24275040,3652,17706060,2642,7594
499,36,40,25,0,24332040,3652,17733660,2636,7630
500,32,40,25,0,24417720,3656,17758620,2634,7662
501,36,25,25,0,24560940,3653,18114840,2675,7698
502,25,19,25,0,24633180,3647,18434040,2712,7723
503,20,0,24,1,24714240,3638,18966120,2782,7743
504,12,0,15,10,24799200,3639,18966120,2777,7755
505,6,0,8,17,24844740,3639,18966120,2774,7761
506,0,0,1,24,24885900,3641,18966120,2774,7761
507,4,0,3,22,24895560,3641,18966120,2773,7765
508,5,0,5,20,24905760,3641,18966120,2771,7770
509,7,0,5,20,24930780,3641,18966120,2768,7777
510,5,0,7,18,24939960,3641,18966120,2766,7782
511,9,0,9,16,24966300,3641,18966120,2762,7791
512,7,0,10,15,24992880,3642,18966120,2759,7798
513,4,0,6,19,25030020,3643,18966120,2758,7802
514,12,0,6,19,25060860,3641,18966120,2753,7814
515,8,0,10,15,25075740,3641,18966120,2750,7822
516,10,0,11,14,25106100,3641,18966120,2746,7832
517,10,0,11,14,25141440,3641,18966120,2742,7842
518,6,0,6,19,25182660,3641,18966120,2739,7848
519,10,0,11,14,25197540,3640,18966120,2736,7858
520,15,0,16,9,25221120,3638,18966120,2730,7873
521,10,0,15,10,25271280,3640,18966120,2726,7883
522,5,0,6,19,25338660,3642,18966120,2724,7888
523,5,0,5,20,25359840,3642,18966120,2722,7893
524,7,0,7,18,25378920,3642,18966120,2719,7900
525,9,0,6,19,25413240,3642,18966120,2716,7909
526,7,0,9,16,25422180,3641,18966120,2713,7916
527,3,0,4,21,25464060,3643,18966120,2712,7919
528,7,0,7,18,25479060,3643,18966120,2709,7926
529,4,0,7,18,25498140,3644,18966120,2707,7930
530,3,0,4,21,25524060,3644,18966120,2706,7933
531,3,0,4,21,25542120,3645,18966120,2705,7936
532,2,0,0,25,25565100,3645,18966120,2704,7938
533,5,0,2,23,25569720,3645,18966120,2702,7943
534,9,0,10,15,25571580,3644,18966120,2699,7952
535,11,0,12,13,25598160,3643,18966120,2695,7963
536,11,0,13,12,25644000,3645,18966120,2690,7974
537,6,0,6,19,25697220,3646,18966120,2688,7980
538,4,0,5,20,25712040,3645,18966120,2687,7984
539,8,0,6,19,25732980,3644,18966120,2684,7992
540,9,0,10,15,25752600,3645,18966120,2680,8001
541,12,0,14,11,25774920,3644,18966120,2676,8013
542,6,0,9,16,25821300,3645,18966120,2673,8019
543,9,0,7,18,25876500,3647,18966120,2670,8028
544,10,0,12,13,25900320,3647,18966120,2666,8038
545,9,0,5,20,25946280,3646,18966120,2663,8047
546,11,0,8,17,25970640,3645,18966120,2659,8058
547,7,0,6,19,25995780,3644,18966120,2656,8065
548,5,0,5,20,26011080,3643,18966120,2654,8070
549,5,0,6,19,26041800,3645,18966120,2652,8075
550,5,0,7,18,26065200,3647,18966120,2651,8080
551,4,0,6,19,26088240,3647,18966120,2649,8084
552,8,0,7,18,26116740,3648,18966120,2646,8092
553,7,0,8,17,26135340,3647,18966120,2644,8099
554,4,0,7,18,26157540,3648,18966120,2642,8103
555,2,0,1,24,26193720,3649,18966120,2641,8105
556,6,0,5,20,26198940,3648,18966120,2639,8111
557,12,0,11,14,26209860,3647,18966120,2635,8123
558,6,0,7,18,26238840,3646,18966120,2633,8129
559,7,0,7,18,26273400,3647,18966120,2630,8136
560,5,0,5,20,26296740,3647,18966120,2628,8141
561,9,0,6,19,26328060,3647,18966120,2625,8150
562,15,0,11,14,26347020,3645,18966120,2619,8165
563,8,0,8,17,26382540,3644,18966120,2617,8173
564,10,0,8,17,26414280,3643,18966120,2613,8183
565,13,0,13,12,26441940,3643,18966120,2608,8196
566,7,0,7,18,26485680,3643,18966120,2606,8203
567,9,0,8,17,26506200,3641,18966120,2603,8212
568,14,0,9,16,26548200,3641,18966120,2598,8226
569,6,0,6,19,26579820,3641,18966120,2595,8232
570,9,0,9,16,26605800,3641,18966120,2592,8241
571,4,0,6,19,26632680,3641,18966120,2591,8245
572,3,0,4,21,26660700,3643,18966120,2590,8248
573,7,0,6,19,26675880,3642,18966120,2587,8255
574,6,0,4,21,26704860,3642,18966120,2585,8261
575,3,0,5,20,26714460,3643,18966120,2584,8264
576,2,0,4,21,26735880,3644,18966120,2583,8266
577,3,0,2,23,26755320,3644,18966120,2582,8269
578,7,0,6,19,26766780,3644,18966120,2580,8276
579,1,0,2,23,26781360,3644,18966120,2580,8277
580,10,0,7,18,26794920,3643,18966120,2576,8287
581,5,0,6,19,26812080,3642,18966120,2574,8292
582,6,0,9,16,26821620,3642,18966120,2572,8298
583,9,0,8,17,26859360,3642,18966120,2569,8307
584,8,0,8,17,26889480,3643,18966120,2566,8315
585,5,0,6,19,26913540,3642,18966120,2565,8320
586,3,0,1,24,26942100,3642,18966120,2564,8323
587,10,0,6,19,26947500,3641,18966120,2560,8333
588,13,0,12,13,26970660,3640,18966120,2556,8346
589,15,0,15,10,26996460,3638,18966120,2550,8361
590,12,0,12,13,27067740,3640,18966120,2546,8373
591,7,0,6,19,27112440,3640,18966120,2544,8380
592,12,0,12,13,27135660,3640,18966120,2540,8392
593,3,0,6,19,27172500,3640,18966120,2539,8395
594,17,0,15,10,27203880,3641,18966120,2533,8412
595,6,0,13,12,27237600,3641,18966120,2531,8418
596,7,0,12,13,27272640,3642,18966120,2529,8425
597,5,0,7,18,27337680,3646,18966120,2527,8430
598,4,0,7,18,27352260,3646,18966120,2526,8434
599,9,0,6,19,27386700,3646,18966120,2523,8443
600,3,0,3,22,27401880,3645,18966120,2522,8446
601,3,0,2,23,27426660,3646,18966120,2521,8449
602,3,0,2,23,27435780,3646,18966120,2520,8452
603,4,0,3,22,27443640,3646,18966120,2518,8456
604,3,0,2,23,27448860,3644,18966120,2517,8459
605,9,0,7,18,27458640,3644,18966120,2514,8468
606,2,0,3,22,27476220,3643,18966120,2514,8470
607,4,0,6,19,27483840,3644,18966120,2512,8474
608,7,0,9,16,27496860,3643,18966120,2510,8481
609,22,1,25,0,27509940,3643,18966120,2503,8503
610,12,0,16,9,27611520,3646,18966240,2499,8515
611,7,0,8,17,27676440,3647,18966240,2496,8522
612,14,0,13,12,27708540,3647,18966240,2492,8536
613,8,0,9,16,27747600,3646,18966240,2489,8544
614,11,0,6,19,27794040,3646,18966240,2486,8555
615,10,0,11,14,27801600,3644,18966240,2482,8565
616,12,0,12,13,27842160,3644,18966240,2478,8577
617,13,0,16,9,27874620,3644,18966240,2474,8590
618,6,0,13,12,27917460,3646,18966240,2472,8596
619,11,0,17,8,27952740,3647,18966240,2469,8607
620,7,0,10,15,28021980,3649,18966240,2466,8614
621,6,0,7,18,28060020,3650,18966240,2465,8620
622,5,0,6,19,28093500,3651,18966240,2463,8625
623,6,0,8,17,28106280,3651,18966240,2461,8631
624,1,0,2,23,28141860,3652,18966240,2461,8632
625,10,0,9,16,28146000,3652,18966240,2458,8642
626,7,0,7,18,28179960,3652,18966240,2455,8649
627,8,0,9,16,28195860,3651,18966240,2453,8657
628,6,0,9,16,28228320,3652,18966240,2451,8663
629,3,0,7,18,28252740,3653,18966240,2450,8666
630,7,0,8,17,28273500,3653,18966240,2448,8673
631,7,0,5,20,28307640,3653,18966240,2445,8680
632,6,0,5,20,28323540,3652,18966240,2444,8686
633,4,0,5,20,28343520,3652,18966240,2442,8690
634,11,0,8,17,28364040,3651,18966240,2439,8701
635,12,0,13,12,28381260,3650,18966240,2435,8713
636,13,0,16,9,28412100,3650,18966240,2431,8726
637,12,0,9,16,28491780,3651,18966240,2427,8738
638,12,0,12,13,28517340,3650,18966240,2424,8750
639,13,0,11,14,28570080,3650,18966240,2420,8763
640,11,0,11,14,28621380,3652,18966240,2416,8774
641,13,0,10,15,28659840,3650,18966240,2412,8787
642,8,0,9,16,28684200,3649,18966240,2410,8795
643,11,0,10,15,28738380,3651,18966240,2406,8806
644,10,0,11,14,28769160,3651,18966240,2403,8816
645,5,0,5,20,28816500,3652,18966240,2402,8821
646,2,0,4,21,28834020,3653,18966240,2401,8823
647,7,0,8,17,28849140,3653,18966240,2399,8830
648,8,0,7,18,28876800,3652,18966240,2397,8838
649,9,0,9,16,28896660,3652,18966240,2394,8847
650,5,0,5,20,28932900,3652,18966240,2392,8852
651,5,0,5,20,28959360,3653,18966240,2391,8857
652,7,0,4,21,28982580,3652,18966240,2389,8864
653,5,0,5,20,28990740,3652,18966240,2387,8869
654,11,0,12,13,29002860,3651,18966240,2384,8880
655,9,0,5,20,29052480,3650,18966240,2381,8889
656,4,0,5,20,29075640,3651,18966240,2380,8893
657,13,0,9,16,29099460,3650,18966240,2376,8906
658,16,0,16,9,29128620,3650,18966240,2371,8922
659,16,0,15,10,29180220,3648,18966240,2367,8938
660,8,0,13,12,29228940,3650,18966240,2364,8946
661,14,0,15,10,29280600,3651,18966240,2360,8960
662,11,0,11,14,29346480,3652,18966240,2357,8971
663,9,0,6,19,29396700,3652,18966240,2354,8980
664,6,0,8,17,29414100,3653,18966240,2353,8986
665,6,0,6,19,29442240,3652,18966240,2351,8992
666,8,0,6,19,29471100,3652,18966240,2349,9000
667,8,0,8,17,29496780,3653,18966240,2346,9008
668,4,0,5,20,29523480,3653,18966240,2345,9012
669,5,0,5,20,29539980,3653,18966240,2344,9017
670,5,0,7,18,29552340,3653,18966240,2342,9022
671,2,0,3,22,29581380,3654,18966240,2342,9024
672,7,0,6,19,29594400,3654,18966240,2340,9031
673,5,0,9,16,29597520,3653,18966240,2338,9036
674,6,0,11,14,29610720,3653,18966240,2336,9042
675,3,0,10,15,29624880,3653,18966240,2336,9045
676,9,0,10,15,29657520,3653,18966240,2333,9054
677,3,0,10,15,29670840,3653,18966240,2332,9057
678,10,0,12,13,29695800,3653,18966240,2329,9067
679,5,0,12,13,29712120,3652,18966240,2328,9072
680,12,0,20,5,29723340,3652,18966240,2324,9084
681,10,0,21,4,29759520,3652,18966240,2322,9094
682,16,0,24,1,29827500,3655,18966240,2317,9110
683,10,0,18,7,29882820,3654,18966240,2314,9120
684,12,0,16,9,29939220,3655,18966240,2311,9132
685,14,0,17,8,29972520,3653,18966240,2307,9146
686,10,0,17,8,30009120,3653,18966240,2304,9156
687,9,0,16,9,30054840,3654,18966240,2302,9165
688,13,0,18,7,30089040,3654,18966240,2298,9178
689,7,0,15,10,30115620,3653,18966240,2296,9185
690,9,0,14,11,30169800,3655,18966240,2293,9194
691,7,0,15,10,30192720,3655,18966240,2291,9201
692,4,0,9,16,30228780,3655,18966240,2290,9205
693,6,0,9,16,30247200,3654,18966240,2289,9211
694,5,0,10,15,30252660,3653,18966240,2287,9216
695,5,0,9,16,30275100,3653,18966240,2286,9221
696,6,0,9,16,30295500,3653,18966240,2284,9227
697,9,0,13,12,30308400,3652,18966240,2282,9236
698,6,0,14,11,30324660,3652,18966240,2280,9242
699,2,0,10,15,30358860,3654,18966240,2280,9244
700,5,0,10,15,30385680,3655,18966240,2278,9249
701,4,0,11,14,30399180,3655,18966240,2277,9253
702,5,0,10,15,30424200,3655,18966240,2276,9258
703,11,0,16,9,30438960,3655,18966240,2273,9269
704,10,0,14,11,30483840,3655,18966240,2270,9279
705,8,0,18,7,30504360,3656,18966240,2268,9287
706,15,0,22,3,30562140,3658,18966240,2264,9302
707,9,0,18,7,30602100,3657,18966240,2261,9311
708,4,0,11,14,30650100,3658,18966240,2260,9315
709,16,0,15,10,30696900,3658,18966240,2256,9331
710,6,0,12,13,30718560,3657,18966240,2254,9337
711,11,0,17,8,30737880,3657,18966240,2251,9348
712,6,0,14,11,30782040,3658,18966240,2250,9354
713,11,0,12,13,30827820,3658,18966240,2247,9365
714,5,0,11,14,30843840,3657,18966240,2246,9370
715,8,0,13,12,30868800,3657,18966240,2243,9378
716,6,0,13,12,30888900,3657,18966240,2242,9384
717,12,0,17,8,30919380,3657,18966240,2239,9396
718,3,0,12,13,30958680,3658,18966240,2238,9399
719,4,0,9,16,30988560,3659,18966240,2237,9403
720,6,0,10,15,31003560,3659,18966240,2235,9409
721,3,0,8,17,31021740,3659,18966240,2235,9412
722,9,0,12,13,31033380,3658,18966240,2232,9421
723,6,0,10,15,31057560,3657,18966240,2231,9427
724,8,0,13,12,31077420,3657,18966240,2228,9435
725,4,0,14,11,31091700,3658,18966240,2227,9439
726,12,0,14,11,31136160,3658,18966240,2224,9451
727,8,0,12,13,31167960,3657,18966240,2222,9459
728,6,0,11,14,31192080,3657,18966240,2221,9465
729,6,0,9,16,31216920,3657,18966240,2219,9471
730,7,0,10,15,31237320,3656,18966240,2217,9478
731,18,0,21,4,31257180,3656,18966240,2213,9496
732,12,0,21,4,31292760,3655,18966240,2210,9508
733,8,0,15,10,31358340,3656,18966240,2207,9516
734,16,0,19,6,31398600,3656,18966240,2203,9532
735,12,0,19,6,31442760,3656,18966240,2200,9544
736,9,0,14,11,31480080,3654,18966240,2198,9553
737,6,0,14,11,31510020,3655,18966240,2196,9559
738,10,0,14,11,31548840,3656,18966240,2194,9569
739,2,0,9,16,31573740,3656,18966240,2193,9571
740,5,0,7,18,31598820,3656,18966240,2192,9576
741,4,0,7,18,31609860,3655,18966240,2191,9580
742,7,0,10,15,31619520,3655,18966240,2189,9587
743,6,0,12,13,31630440,3654,18966240,2188,9593
744,6,0,11,14,31655520,3654,18966240,2186,9599
745,5,0,9,16,31678140,3654,18966240,2185,9604
746,5,0,10,15,31695180,3654,18966240,2184,9609
747,8,0,11,14,31708260,3653,18966240,2182,9617
748,4,0,12,13,31722240,3653,18966240,2181,9621
749,8,0,13,12,31746300,3653,18966240,2179,9629
750,9,0,14,11,31773240,3652,18966240,2177,9638
751,10,0,15,10,31798560,3652,18966240,2174,9648
752,15,0,21,4,31829760,3651,18966240,2170,9663
753,10,0,20,5,31869060,3651,18966240,2168,9673
754,11,0,13,12,31946340,3653,18966240,2165,9684
755,10,0,14,11,31973280,3652,18966240,2163,9694
756,11,0,17,8,31996920,3651,18966240,2160,9705
757,15,0,16,9,32042280,3650,18966240,2156,9720
758,15,0,22,3,32070840,3649,18966240,2153,9735
759,11,0,23,2,32119560,3651,18966240,2150,9746
760,16,0,22,3,32198340,3653,18966240,2146,9762
761,7,0,18,7,32241960,3653,18966240,2144,9769
762,8,0,14,11,32298360,3654,18966240,2142,9777
763,11,0,16,9,32334180,3655,18966240,2140,9788
764,9,0,14,11,32365260,3654,18966240,2138,9797
765,8,0,14,11,32392200,3653,18966240,2136,9805
766,11,0,17,8,32432640,3655,18966240,2133,9816
767,3,0,8,17,32481240,3655,18966240,2132,9819
768,4,0,9,16,32499540,3656,18966240,2131,9823
769,4,0,10,15,32507340,3656,18966240,2130,9827
770,7,0,10,15,32518980,3654,18966240,2129,9834
771,5,0,10,15,32537580,3654,18966240,2127,9839
772,13,0,17,8,32552040,3653,18966240,2124,9852
773,7,0,15,10,32582940,3653,18966240,2123,9859
774,3,0,9,16,32625420,3654,18966240,2122,9862
775,3,0,9,16,32643600,3655,18966240,2121,9865
776,11,0,12,13,32660760,3654,18966240,2119,9876
777,12,0,14,11,32683800,3652,18966240,2116,9888
778,6,0,10,15,32724180,3653,18966240,2114,9894
779,12,0,14,11,32746440,3652,18966240,2112,9906
780,14,0,20,5,32773860,3652,18966240,2108,9920
781,14,0,19,6,32824980,3651,18966240,2105,9934
782,13,0,20,5,32869020,3651,18966240,2102,9947
783,16,0,22,3,32925960,3652,18966420,2098,9963
784,13,0,25,0,32961540,3652,18967920,2095,9976
785,10,0,19,6,33051180,3655,18967920,2093,9986
786,12,0,18,7,33106740,3656,18967920,2090,9998
787,6,0,14,11,33149580,3657,18967920,2089,10004
788,5,0,10,15,33191880,3658,18967920,2088,10009
789,6,0,12,13,33212700,3658,18967920,2086,10015
790,6,0,11,14,33233400,3658,18967920,2085,10021
791,7,0,14,11,33249480,3658,18967920,2083,10028
792,5,0,11,14,33278520,3658,18967920,2082,10033
793,7,0,9,16,33303300,3657,18967920,2081,10040
794,2,0,7,18,33321540,3658,18967920,2080,10042
795,11,0,14,11,33337080,3658,18967920,2078,10053
796,2,0,9,16,33365460,3658,18967920,2077,10055
797,7,0,11,14,33383340,3658,18967920,2076,10062
798,1,0,11,14,33388260,3658,18967920,2075,10063
799,11,0,15,10,33423480,3659,18967920,2073,10074
800,11,0,17,8,33442140,3658,18967920,2070,10085
801,5,0,12,13,33485160,3658,18967920,2069,10090
802,15,0,17,8,33515880,3658,18967920,2066,10105
803,3,0,10,15,33553380,3658,18967920,2065,10108
804,13,0,18,7,33578700,3659,18967920,2062,10121
805,10,0,15,10,33622560,3658,18967920,2060,10131
806,13,0,14,11,33662760,3657,18967920,2057,10144
807,11,0,16,9,33691080,3656,18967920,2055,10155
808,10,0,17,8,33722100,3656,18967920,2053,10165
809,13,0,15,10,33776700,3656,18967920,2050,10178
810,10,0,16,9,33809700,3656,18967920,2047,10188
811,9,0,17,8,33838980,3656,18967920,2045,10197
812,4,0,12,13,33872760,3656,18967920,2045,10201
813,7,0,12,13,33911580,3658,18967920,2043,10208
814,8,0,11,14,33934680,3657,18967920,2041,10216
815,7,0,11,14,33956280,3656,18967920,2040,10223
816,4,0,10,15,33976200,3656,18967920,2039,10227
817,2,0,7,18,34000260,3657,18967920,2038,10229
818,3,0,7,18,34011060,3657,18967920,2038,10232
819,5,0,12,13,34011060,3657,18967920,2037,10237
820,6,0,13,12,34024800,3657,18967920,2035,10243
821,9,0,14,11,34056600,3657,18967920,2033,10252
822,9,0,14,11,34083600,3656,18967920,2031,10261
823,4,0,13,12,34105140,3656,18967920,2031,10265
824,9,0,14,11,34133100,3656,18967920,2029,10274
825,7,0,13,12,34164180,3657,18967920,2027,10281
826,8,0,12,13,34196580,3656,18967920,2025,10289
827,13,0,19,6,34211640,3656,18967920,2023,10302
828,12,0,22,3,34244880,3656,18967920,2020,10314
829,15,0,22,3,34315500,3657,18967920,2017,10329
830,12,0,15,10,34376520,3657,18967920,2014,10341
831,11,0,10,15,34427760,3656,18967920,2012,10352
832,10,0,15,10,34443540,3656,18967920,2010,10362
833,10,0,20,5,34463460,3656,18967920,2008,10372
834,8,0,14,11,34524480,3657,18967920,2006,10380
835,10,0,17,8,34542420,3656,18967920,2004,10390
836,8,0,13,12,34591500,3656,18967920,2002,10398
837,7,0,12,13,34632360,3658,18967920,2001,10405
838,4,0,13,12,34652940,3659,18967920,2000,10409
839,4,0,9,16,34692060,3660,18967920,1999,10413
840,7,0,11,14,34705080,3659,18967920,1997,10420
841,6,0,11,14,34723740,3659,18967920,1996,10426
842,3,0,6,19,34749180,3658,18967920,1995,10429
843,7,0,13,12,34749180,3658,18967920,1994,10436
844,5,0,9,16,34779060,3658,18967920,1993,10441
845,7,0,13,12,34789740,3658,18967920,1992,10448
846,10,0,13,12,34821780,3658,18967920,1989,10458
847,9,0,13,12,34838640,3656,18967920,1988,10467
848,6,0,12,13,34859160,3655,18967920,1986,10473
849,8,0,13,12,34885380,3655,18967920,1985,10481
850,5,0,12,13,34904400,3655,18967920,1984,10486
851,13,0,11,14,34946880,3654,18967920,1981,10499
852,8,0,13,12,34962000,3654,18967920,1979,10507
853,12,0,15,10,34993740,3653,18967920,1977,10519
854,15,0,18,7,35015280,3651,18967920,1974,10534
855,12,0,14,11,35074680,3651,18967920,1971,10546
856,10,0,18,7,35097660,3651,18967920,1969,10556
857,10,0,17,8,35139300,3651,18967920,1967,10566
858,7,0,13,12,35184420,3652,18967920,1966,10573
859,8,0,13,12,35221380,3652,18967920,1964,10581
860,12,0,14,11,35256960,3652,18967920,1962,10593
861,6,0,13,12,35286720,3652,18967920,1960,10599
862,6,0,13,12,35307840,3652,18967920,1959,10605
863,3,0,7,18,35340060,3652,18967920,1959,10608
864,4,0,9,16,35348580,3652,18967920,1958,10612
865,5,0,10,15,35357760,3652,18967920,1957,10617
866,4,0,10,15,35370540,3652,18967920,1956,10621
867,7,0,11,14,35397060,3652,18967920,1955,10628
868,6,0,13,12,35418480,3653,18967920,1953,10634
869,9,0,16,9,35435820,3652,18967920,1952,10643
870,10,0,12,13,35490900,3653,18967920,1950,10653
871,7,0,12,13,35508600,3652,18967920,1948,10660
872,10,0,14,11,35534820,3652,18967920,1946,10670
873,10,0,17,8,35551200,3651,18967920,1944,10680
874,10,0,16,9,35587740,3650,18967920,1942,10690
875,7,0,12,13,35626680,3650,18967920,1941,10697
876,11,0,16,9,35655180,3650,18967920,1939,10708
877,10,0,15,10,35696340,3651,18967920,1937,10718
878,12,0,15,10,35731860,3650,18967920,1934,10730
879,10,0,15,10,35770260,3650,18967920,1932,10740
880,8,0,14,11,35804580,3650,18967920,1931,10748
881,13,0,15,10,35849640,3650,18967920,1928,10761
882,8,0,15,10,35880720,3650,18967920,1927,10769
883,5,0,10,15,35926080,3651,18967920,1926,10774
884,9,0,9,16,35962680,3651,18967920,1924,10783
885,9,0,13,12,35973780,3651,18967920,1922,10792
886,5,0,11,14,35997840,3650,18967920,1921,10797
887,4,0,8,17,36024480,3651,18967920,1920,10801
888,8,0,14,11,36037020,3651,18967920,1919,10809
889,7,0,15,10,36051480,3650,18967920,1917,10816
890,7,0,12,13,36091620,3651,18967920,1916,10823
891,5,0,11,14,36125160,3652,18967920,1915,10828
892,9,0,14,11,36135300,3651,18967920,1913,10837
893,9,0,12,13,36176400,3651,18967920,1912,10846
894,7,0,11,14,36198660,3650,18967920,1910,10853
895,13,0,14,11,36231420,3650,18967920,1908,10866
896,9,0,19,6,36245100,3650,18967920,1906,10875
897,13,0,22,3,36292020,3651,18967920,1904,10888
898,6,0,12,13,36352680,3651,18967920,1902,10894
899,11,0,11,14,36389280,3650,18967920,1900,10905
900,8,0,13,12,36407160,3650,18967920,1899,10913
901,11,0,14,11,36437040,3649,18967920,1897,10924
902,22,0,24,1,36476760,3649,18967920,1893,10946
903,5,0,13,12,36527040,3648,18967920,1892,10951
904,10,0,12,13,36567540,3648,18967920,1890,10961
905,7,0,12,13,36600480,3649,18967920,1888,10968
906,13,0,15,10,36637980,3649,18967920,1886,10981
907,7,0,16,9,36668880,3650,18967920,1885,10988
908,7,0,13,12,36710940,3650,18967920,1883,10995
909,9,0,10,15,36756420,3650,18967920,1882,11004
910,4,0,11,14,36768300,3650,18967920,1881,11008
911,4,0,10,15,36790200,3651,18967920,1880,11012
912,4,0,9,16,36814920,3651,18967920,1879,11016
913,5,0,6,19,36841560,3651,18967920,1878,11021
914,4,0,8,17,36849420,3651,18967920,1878,11025
915,0,0,7,18,36856440,3652,18967920,1878,11025
916,7,0,10,15,36863340,3651,18967920,1876,11032
917,11,0,16,9,36881160,3651,18967920,1874,11043
918,6,0,9,16,36910680,3649,18967920,1873,11049
919,16,0,19,6,36938160,3650,18967920,1870,11065
920,2,0,8,17,36966060,3648,18967920,1870,11067
921,9,0,12,13,36982140,3647,18967920,1868,11076
922,8,0,12,13,37006800,3647,18967920,1867,11084
923,10,0,13,12,37048920,3648,18967920,1865,11094
924,10,0,17,8,37067880,3648,18967920,1863,11104
925,10,0,17,8,37110240,3648,18967920,1861,11114
926,17,0,23,2,37150860,3648,18968520,1858,11131
927,22,0,24,1,37223700,3648,18969420,1854,11153
928,18,4,25,0,37267980,3648,18972060,1852,11171
929,5,0,15,10,37347000,3648,18975780,1851,11176
930,14,0,16,9,37400460,3649,18975780,1848,11190
931,11,0,19,6,37424400,3649,18975780,1846,11201
932,4,0,9,16,37504860,3651,18975780,1846,11205
933,4,0,8,17,37524840,3652,18975780,1845,11209
934,8,0,12,13,37538040,3651,18975780,1843,11217
935,2,0,7,18,37561920,3651,18975780,1843,11219
936,3,0,9,16,37565820,3651,18975780,1843,11222
937,5,0,9,16,37587960,3652,18975780,1842,11227
938,5,0,9,16,37598400,3651,18975780,1841,11232
939,4,0,8,17,37614180,3651,18975780,1840,11236
940,2,0,7,18,37623360,3650,18975780,1840,11238
941,5,0,10,15,37630140,3650,18975780,1839,11243
942,6,0,10,15,37646580,3650,18975780,1838,11249
943,8,0,14,11,37666380,3650,18975780,1836,11257
944,8,0,17,8,37674000,3649,18975780,1835,11265
945,9,0,15,10,37729140,3651,18975780,1833,11274
946,5,0,13,12,37762320,3652,18975780,1832,11279
947,14,0,19,6,37799820,3652,18975780,1830,11293
948,6,0,16,9,37837860,3653,18975780,1829,11299
949,7,0,18,7,37871820,3654,18975780,1828,11306
950,11,0,13,12,37936260,3655,18975780,1826,11317
951,16,0,16,9,37971780,3654,18975780,1823,11333
952,12,0,20,5,38000820,3654,18975780,1821,11345
953,10,0,14,11,38057520,3654,18975780,1819,11355
954,12,0,14,11,38093100,3653,18975780,1817,11367
955,12,0,18,7,38121720,3653,18975780,1815,11379
956,8,0,13,12,38165280,3652,18975780,1813,11387
957,9,0,8,17,38214840,3652,18975780,1812,11396
958,3,0,8,17,38224680,3652,18975780,1811,11399
959,10,0,14,11,38233800,3652,18975780,1810,11409
960,4,0,12,13,38259120,3652,18975780,1809,11413
961,6,0,10,15,38293140,3652,18975780,1808,11419
962,3,0,8,17,38310960,3652,18975780,1807,11422
963,5,0,8,17,38327340,3652,18975780,1807,11427
964,7,0,9,16,38340960,3651,18975780,1805,11434
965,4,0,9,16,38354160,3651,18975780,1805,11438
966,9,0,11,14,38373240,3651,18975780,1803,11447
967,9,0,13,12,38394300,3650,18975780,1802,11456
968,5,0,11,14,38431260,3651,18975780,1801,11461
969,8,0,15,10,38434500,3650,18975780,1799,11469
970,9,0,12,13,38481420,3650,18975780,1798,11478
971,6,0,11,14,38509500,3651,18975780,1797,11484
972,7,0,15,10,38526600,3651,18975780,1796,11491
973,7,0,15,10,38555880,3652,18975780,1794,11498
974,19,0,22,3,38590680,3651,18975780,1791,11517
975,15,0,22,3,38638920,3650,18975780,1789,11532
976,10,0,19,6,38687340,3650,18975780,1787,11542
977,5,0,11,14,38747700,3651,18975780,1786,11547
978,8,0,12,13,38783160,3652,18975780,1785,11555
979,5,0,14,11,38798400,3653,18975780,1784,11560
980,3,0,9,16,38836440,3654,18975780,1783,11563
981,5,0,9,16,38848380,3653,18975780,1783,11568
982,8,0,15,10,38863260,3654,18975780,1781,11576
983,2,0,9,16,38890800,3654,18975780,1781,11578
984,4,0,9,16,38909460,3654,18975780,1780,11582
985,4,0,11,14,38919000,3654,18975780,1780,11586
986,8,0,13,12,38933400,3654,18975780,1778,11594
987,9,0,14,11,38964660,3654,18975780,1777,11603
988,5,0,11,14,39001740,3654,18975780,1776,11608
989,4,0,8,17,39033240,3655,18975780,1775,11612
990,9,0,11,14,39053940,3655,18975780,1774,11621
991,11,0,15,10,39061500,3653,18975780,1772,11632
992,6,0,13,12,39092400,3653,18975780,1771,11638
993,5,0,12,13,39117540,3654,18975780,1770,11643
994,11,0,17,8,39145740,3654,18975780,1768,11654
995,11,0,20,5,39181800,3655,18975780,1766,11665
996,15,0,24,1,39215220,3654,18975780,1764,11680
997,9,0,16,9,39292740,3656,18975900,1763,11689
998,11,0,16,9,39342300,3657,18975900,1761,11700
999,12,0,17,8,39369360,3655,18975900,1759,11712
1000,10,0,16,9,39417420,3656,18975900,1757,11722
1001,7,0,14,11,39466320,3658,18975900,1756,11729
1002,6,0,8,17,39509700,3657,18975900,1755,11735
1003,7,0,10,15,39520620,3657,18975900,1754,11742
1004,9,0,15,10,39528360,3656,18975900,1752,11751
1005,9,0,15,10,39559260,3656,18975900,1751,11760
1006,8,0,15,10,39593280,3656,18975900,1750,11768
1007,4,0,12,13,39627420,3657,18975900,1749,11772
1008,8,0,12,13,39657360,3657,18975900,1748,11780
1009,12,0,15,10,39676440,3656,18975900,1746,11792
1010,14,0,21,4,39701580,3656,18975900,1744,11806
1011,23,0,22,3,39774840,3655,18977400,1740,11829
1012,35,17,25,0,39824340,3654,18980640,1736,11864
1013,35,39,25,0,39884640,3656,18992700,1731,11899
1014,33,40,25,0,39954840,3659,19023660,1732,11932
1015,31,37,25,0,40058760,3662,19092480,1735,11963
1016,23,38,25,0,40119960,3662,19156920,1739,11986
1017,36,40,25,0,40197060,3663,19176720,1737,12022
1018,31,39,25,0,40257720,3660,19234200,1739,12053
1019,30,40,25,0,40332480,3660,19244220,1736,12083
1020,33,40,25,0,40402320,3660,19288320,1737,12116
1021,32,39,25,0,40471860,3661,19298520,1736,12148
1022,33,40,25,0,40556160,3662,19400100,1742,12181
1023,37,39,25,0,40603800,3661,19433940,1742,12218
1024,35,39,25,0,40696980,3661,19480320,1742,12253
1025,39,39,25,0,40753500,3660,19495140,1741,12292
1026,29,40,25,0,40838820,3660,19600080,1747,12321
1027,29,37,25,0,40913940,3659,19616820,1745,12350
1028,37,40,25,0,40966080,3659,19629180,1743,12387
1029,28,40,25,0,41057760,3659,19679640,1744,12415
1030,29,40,25,0,41127840,3659,19700760,1743,12444
1031,33,39,25,0,41199240,3658,19755120,1744,12477
1032,29,40,25,0,41262480,3659,19819380,1747,12506
1033,31,39,25,0,41347500,3660,19850460,1747,12537
1034,18,32,25,0,41424840,3659,20192160,1774,12555
1035,24,29,25,0,41499540,3657,20652120,1811,12579
1036,26,38,25,0,41556900,3657,20693040,1811,12605
1037,33,40,25,0,41624100,3657,20703420,1809,12638
1038,27,40,25,0,41693400,3657,20737620,1809,12665
1039,36,38,25,0,41767500,3659,20791020,1811,12701
1040,38,40,25,0,41829600,3659,20888940,1817,12739
1041,24,39,25,0,41905260,3660,20905440,1816,12763
1042,27,38,25,0,41995680,3661,20985360,1819,12790
1043,29,38,25,0,42051060,3662,20996580,1818,12819
1044,28,35,25,0,42146640,3664,21098700,1824,12847
1045,33,40,25,0,42208860,3663,21141900,1824,12880
1046,23,38,25,0,42279780,3662,21160080,1823,12903
1047,27,37,25,0,42350940,3661,21254520,1828,12930
1048,33,39,25,0,42416640,3661,21304200,1829,12963
1049,33,40,25,0,42483300,3660,21324900,1827,12996
1050,35,40,25,0,42559740,3660,21381720,1828,13031
1051,32,40,25,0,42624060,3659,21433320,1830,13063
1052,22,38,25,0,42715500,3660,21512580,1833,13085
1053,30,35,25,0,42782100,3660,21583140,1837,13115
1054,33,40,25,0,42846360,3660,21639780,1839,13148
1055,38,40,25,0,42917940,3662,21652440,1837,13186
1056,25,37,25,0,42988680,3660,22204140,1880,13211
1057,35,40,25,0,43073520,3662,22224540,1879,13246
1058,42,40,25,0,43122660,3662,22249680,1879,13288
1059,24,31,25,0,43227300,3663,22471500,1895,13312
1060,24,34,25,0,43295460,3662,22746360,1914,13336
1061,33,40,25,0,43343880,3662,22752540,1912,13369
1062,34,38,25,0,43433460,3662,22841280,1915,13403
1063,38,40,25,0,43480860,3660,22856760,1914,13441
1064,38,40,25,0,43565700,3662,22881600,1913,13479
1065,35,40,25,0,43643520,3662,22909800,1912,13514
1066,32,40,25,0,43713480,3663,22917540,1910,13546
1067,33,40,25,0,43779420,3663,22939200,1909,13579
1068,30,36,25,0,43867200,3664,23043000,1915,13609
1069,29,39,25,0,43923180,3664,23097360,1916,13638
1070,32,39,25,0,44005200,3665,23151720,1918,13670
1071,31,40,25,0,44083800,3666,23277600,1925,13701
1072,33,40,25,0,44150880,3665,23291220,1923,13734
1073,28,37,25,0,44235780,3666,23305080,1921,13762
1074,39,39,25,0,44292120,3665,23363160,1923,13801
1075,31,40,25,0,44364060,3665,23412960,1924,13832
1076,36,40,25,0,44418420,3663,23502780,1928,13868
1077,27,34,25,0,44528820,3664,23887380,1956,13895
1078,30,40,25,0,44582280,3663,23891880,1953,13925
1079,36,39,25,0,44640960,3662,23921880,1952,13961
1080,30,34,25,0,44731500,3659,25099740,2044,13991
1081,34,40,25,0,44788620,3660,25110000,2041,14025
1082,42,39,25,0,44867220,3659,25177800,2043,14067
1083,32,40,25,0,44934720,3660,25197900,2041,14099
1084,36,40,25,0,45005220,3660,25219260,2040,14135
1085,22,34,25,0,45100020,3659,25399920,2051,14157
1086,27,40,25,0,45150900,3659,25405680,2048,14184
1087,32,40,25,0,45220920,3659,25443180,2048,14216
1088,35,39,25,0,45310020,3659,25530420,2051,14251
1089,30,36,25,0,45372000,3659,25548120,2050,14281
1090,37,40,25,0,45457920,3660,25638600,2053,14318
1091,28,40,25,0,45504120,3659,25661340,2053,14346
1092,33,38,25,0,45569940,3660,25698780,2053,14379
1093,35,40,25,0,45646980,3661,25733760,2053,14414
1094,32,40,25,0,45731340,3663,25779420,2054,14446
1095,32,40,25,0,45791220,3662,25793220,2052,14478
1096,35,34,25,0,45873840,3661,26011320,2067,14513
1097,38,39,25,0,45944700,3661,26676000,2114,14551
1098,30,39,25,0,46010700,3661,26695320,2113,14581
1099,34,36,25,0,46083120,3662,26746020,2115,14615
1100,25,29,25,0,46179780,3660,27171300,2144,14640
1101,29,40,25,0,46207380,3660,27179520,2142,14669
1102,27,39,25,0,46291680,3662,27206580,2141,14696
1103,28,32,25,0,46406820,3663,27354660,2150,14724
1104,34,40,25,0,46444800,3662,27360060,2146,14758
1105,33,40,25,0,46505220,3663,27405480,2147,14791
1106,19,31,25,0,46598400,3662,27689100,2167,14810
1107,31,40,25,0,46654380,3662,27691860,2163,14841
1108,17,33,25,0,46732380,3663,27749760,2165,14858
1109,28,38,25,0,46819860,3664,27800640,2165,14886
1110,37,40,25,0,46873920,3664,27810480,2163,14923
1111,35,40,25,0,46961700,3666,27825840,2161,14958
1112,30,38,25,0,47020080,3666,27877320,2163,14988
1113,26,38,25,0,47104800,3666,27960480,2165,15014
1114,35,40,25,0,47176620,3666,28021740,2167,15049
1115,27,38,25,0,47240100,3664,28070520,2167,15076
1116,28,40,25,0,47320140,3665,28103700,2166,15104
1117,33,40,25,0,47401500,3666,28130280,2165,15137
1118,35,40,25,0,47468460,3664,28190580,2165,15172
1119,30,38,25,0,47516940,3663,28290660,2170,15202
1120,36,40,25,0,47612100,3664,28355100,2171,15238
1121,33,40,25,0,47675040,3663,28389480,2170,15271
1122,31,38,25,0,47731980,3662,28438980,2171,15302
1123,32,39,25,0,47826180,3663,28486920,2171,15334
1124,38,39,25,0,47903040,3662,28503840,2168,15372
1125,32,39,25,0,47957880,3663,28523580,2168,15404
1126,34,40,25,0,48044160,3665,28573560,2169,15438
1127,35,40,25,0,48109680,3665,28605660,2169,15473
1128,21,28,25,0,48187320,3663,30232080,2288,15494
1129,33,40,25,0,48230820,3662,30762720,2324,15527
1130,27,37,25,0,48325500,3664,30789900,2323,15554
1131,30,40,25,0,48400620,3665,30815340,2322,15584
1132,27,38,25,0,48481440,3665,30870240,2323,15611
1133,32,35,25,0,48541440,3664,30955080,2326,15643
1134,33,40,25,0,48622800,3663,31024920,2326,15676
1135,36,38,25,0,48695100,3663,31178820,2334,15712
1136,28,39,25,0,48747000,3663,31182960,2332,15740
1137,32,40,25,0,48820140,3664,31234860,2333,15772
1138,39,40,25,0,48908520,3663,31273500,2331,15811
1139,34,38,25,0,48971220,3661,31317000,2330,15845
1140,30,40,25,0,49032600,3662,31325520,2329,15875
1141,29,40,25,0,49108320,3663,31362660,2328,15904
1142,36,40,25,0,49186320,3664,31422540,2330,15940
1143,35,40,25,0,49249740,3665,31452780,2329,15975
1144,36,40,25,0,49316280,3665,31495080,2329,16011
1145,30,38,25,0,49408380,3665,31566900,2330,16041
1146,26,37,25,0,49478880,3663,31912920,2351,16067
1147,38,40,25,0,49547820,3663,31917720,2349,16105
1148,30,37,25,0,49634340,3663,32041980,2354,16135
1149,24,40,25,0,49694100,3662,32083020,2353,16159
1150,24,34,25,0,49759140,3663,32260860,2364,16183
1151,30,38,25,0,49828020,3662,32301840,2363,16213
1152,50,40,25,0,49895160,3664,32309520,2361,16263
1153,26,35,25,0,49995900,3665,32384100,2364,16289
1154,37,40,25,0,50040900,3663,32410260,2361,16326
1155,29,37,25,0,50115720,3665,32445540,2362,16355
1156,31,37,25,0,50209440,3666,32503560,2363,16386
1157,37,40,25,0,50267280,3665,32533320,2361,16423
1158,25,40,25,0,50331720,3665,32599260,2362,16448
1159,29,39,25,0,50414160,3664,32667000,2363,16477
1160,31,40,25,0,50470980,3665,32672220,2361,16508
1161,28,28,25,0,50564940,3664,33550860,2422,16536
1162,25,34,25,0,50618160,3663,34406640,2480,16561
1163,27,40,25,0,50695200,3665,34420140,2476,16588
1164,37,40,25,0,50754360,3666,34448400,2476,16625
1165,33,39,25,0,50854500,3665,34567140,2480,16658
1166,31,39,25,0,50932560,3665,34610340,2479,16689
1167,21,34,25,0,50995980,3663,34956780,2500,16710
1168,35,40,25,0,51039840,3663,34964400,2498,16745
1169,33,40,25,0,51135600,3664,35024400,2498,16778
1170,33,40,25,0,51186600,3665,35038800,2497,16811
1171,34,36,25,0,51284040,3666,35104260,2498,16845
1172,31,39,25,0,51343620,3663,35188200,2499,16876
1173,34,39,25,0,51408360,3664,35221800,2499,16910
1174,33,39,25,0,51503880,3664,35256660,2497,16943
1175,28,40,25,0,51559500,3663,35293020,2496,16971
1176,17,24,25,0,51641160,3661,38673720,2733,16988
1177,6,0,15,10,51722400,3657,41470020,2929,16994
1178,8,0,13,12,51766560,3657,41470020,2927,17002
1179,7,0,11,14,51793080,3657,41470020,2926,17009
1180,8,0,12,13,51812460,3657,41470020,2924,17017
1181,7,0,15,10,51830460,3657,41470020,2923,17024
1182,9,0,15,10,51874800,3658,41470020,2921,17033
1183,11,0,16,9,51901800,3657,41470020,2918,17044
1184,10,0,17,8,51937920,3657,41470020,2916,17054
1185,14,0,19,6,51979980,3657,41470020,2914,17068
1186,6,0,16,9,52018800,3657,41470020,2912,17074
1187,8,0,13,12,52054440,3657,41470020,2911,17082
1188,6,0,12,13,52086060,3657,41470020,2909,17088
1189,13,0,13,12,52125900,3657,41470020,2907,17101
1190,13,0,16,9,52151580,3656,41470020,2904,17114
1191,9,0,19,6,52172340,3656,41470020,2902,17123
1192,7,0,10,15,52233960,3657,41470020,2901,17130
1193,15,0,16,9,52265700,3656,41470020,2898,17145
1194,10,0,15,10,52303320,3656,41470020,2896,17155
1195,6,0,13,12,52328400,3656,41470020,2895,17161
1196,7,0,15,10,52344480,3656,41470020,2893,17168
1197,5,0,10,15,52389840,3656,41470020,2892,17173
1198,8,0,14,11,52410840,3657,41470020,2891,17181
1199,9,0,13,12,52447200,3657,41470020,2889,17190
1200,2,0,8,17,52483920,3658,41470020,2888,17192
1201,5,0,9,16,52496280,3658,41470020,2887,17197
1202,5,0,9,16,52504920,3657,41470020,2886,17202
1203,4,0,10,15,52528620,3658,41470020,2886,17206
1204,7,0,11,14,52545060,3657,41470020,2884,17213
1205,6,0,9,16,52569840,3657,41470020,2883,17219
1206,8,0,11,14,52593180,3657,41470020,2881,17227
1207,5,0,10,15,52618560,3657,41470020,2880,17232
1208,9,0,11,14,52644660,3657,41470020,2879,17241
1209,14,0,15,10,52669440,3656,41470020,2876,17255
1210,15,0,17,8,52707840,3656,41470020,2873,17270
1211,11,0,18,7,52755480,3656,41470020,2871,17281
1212,9,0,20,5,52779960,3656,41470020,2869,17290
1213,10,0,17,8,52832040,3657,41470020,2867,17300
1214,12,0,19,6,52893480,3658,41470020,2864,17312
1215,7,0,18,7,52914420,3658,41470020,2863,17319
1216,13,0,18,7,52980840,3659,41470020,2860,17332
1217,8,0,17,8,53037480,3661,41470020,2859,17340
1218,7,0,11,14,53077560,3660,41470020,2858,17347
1219,15,0,18,7,53098740,3660,41470020,2855,17362
1220,7,0,15,10,53128860,3659,41470020,2853,17369
1221,7,0,13,12,53162340,3659,41470020,2852,17376
1222,12,0,13,12,53205120,3659,41470020,2849,17388
1223,5,0,8,17,53235180,3659,41470020,2848,17393
1224,3,0,8,17,53239680,3658,41470020,2848,17396
1225,3,0,9,16,53254620,3659,41470020,2847,17399
1226,4,0,8,17,53270880,3659,41470020,2847,17403
1227,4,0,9,16,53284740,3659,41470020,2846,17407
1228,6,0,11,14,53296560,3659,41470020,2845,17413
1229,7,0,16,9,53306100,3659,41470020,2843,17420
1230,2,0,8,17,53348040,3659,41470020,2843,17422
1231,7,0,10,15,53367780,3659,41470020,2841,17429
1232,10,0,14,11,53382480,3659,41470020,2840,17439
1233,10,0,18,7,53401200,3659,41470020,2838,17449
1234,10,0,14,11,53454600,3659,41470020,2836,17459
1235,12,0,16,9,53498280,3659,41470020,2833,17471
1236,4,0,9,16,53537280,3659,41470020,2833,17475
1237,12,0,14,11,53558460,3659,41470020,2830,17487
1238,8,0,8,17,53590020,3658,41470020,2829,17495
1239,6,0,11,14,53599980,3657,41470020,2828,17501
1240,5,0,12,13,53620140,3658,41470020,2827,17506
1241,10,0,12,13,53651700,3657,41470020,2825,17516
1242,9,0,15,10,53676900,3658,41470020,2823,17525
1243,7,0,15,10,53705280,3658,41470020,2822,17532
1244,10,0,13,12,53749020,3658,41470020,2820,17542
1245,6,0,13,12,53778360,3658,41470020,2818,17548
1246,4,0,10,15,53802900,3658,41470020,2818,17552
1247,5,0,9,16,53824140,3658,41470020,2817,17557
1248,3,0,8,17,53834400,3658,41470020,2816,17560
1249,4,0,9,16,53854740,3659,41470020,2815,17564
1250,2,0,6,19,53866920,3658,41470020,2815,17566
1251,3,0,7,18,53868120,3658,41470020,2814,17569
1252,5,0,12,13,53868120,3658,41470020,2814,17574
1253,7,0,13,12,53886060,3658,41470020,2812,17581
1254,7,0,12,13,53904420,3657,41470020,2811,17588
1255,11,0,15,10,53940000,3657,41470020,2809,17599
1256,6,0,13,12,53971980,3657,41470020,2808,17605
1257,8,0,14,11,54005100,3658,41470020,2806,17613
1258,9,0,14,11,54033240,3658,41470020,2804,17622
1259,7,0,11,14,54070080,3658,41470020,2803,17629
1260,12,0,16,9,54093660,3657,41470020,2801,17641
1261,12,0,13,12,54142500,3657,41470020,2799,17653
1262,10,0,16,9,54167400,3657,41470020,2797,17663
1263,13,0,19,6,54203280,3657,41470020,2794,17676
1264,10,0,15,10,54251040,3657,41470020,2792,17686
1265,11,0,17,8,54296520,3658,41470020,2790,17697
1266,7,0,17,8,54346320,3659,41470020,2789,17704
1267,7,0,13,12,54386880,3659,41470020,2788,17711
1268,12,0,15,10,54429660,3660,41470020,2785,17723
1269,4,0,15,10,54445920,3660,41470020,2785,17727
1270,4,0,11,14,54488520,3661,41470020,2784,17731
1271,4,0,10,15,54507840,3661,41470020,2783,17735
1272,4,0,9,16,54538980,3662,41470020,2782,17739
1273,3,0,9,16,54550860,3662,41470020,2782,17742
1274,6,0,11,14,54564120,3662,41470020,2781,17748
1275,5,0,12,13,54576840,3661,41470020,2780,17753
1276,8,0,17,8,54588240,3661,41470020,2778,17761
1277,3,0,11,14,54634320,3662,41470020,2778,17764
1278,9,0,15,10,54654540,3662,41470020,2776,17773
1279,5,0,11,14,54688920,3663,41470020,2775,17778
1280,8,0,11,14,54722940,3663,41470020,2774,17786
1281,12,0,15,10,54751800,3663,41470020,2771,17798
1282,13,0,14,11,54781380,3661,41470020,2769,17811
1283,13,0,18,7,54812340,3661,41470020,2767,17824
1284,15,0,18,7,54857100,3661,41470020,2764,17839
1285,6,0,13,12,54897780,3661,41470020,2763,17845
1286,15,0,19,6,54933000,3661,41470020,2760,17860
1287,12,0,20,5,54960240,3660,41470020,2758,17872
1288,14,0,16,9,55017660,3659,41470020,2755,17886
1289,15,0,19,6,55053960,3659,41470020,2752,17901
1290,11,0,15,10,55114440,3659,41470020,2750,17912
1291,10,0,14,11,55153620,3659,41470020,2749,17922
1292,7,0,12,13,55183020,3659,41470020,2747,17929
1293,5,0,11,14,55205580,3659,41470020,2746,17934
1294,5,0,12,13,55228200,3659,41470020,2745,17939
1295,6,0,12,13,55250160,3659,41470020,2744,17945
1296,3,0,9,16,55271520,3659,41470020,2744,17948
1297,7,0,9,16,55296000,3659,41470020,2743,17955
1298,4,0,10,15,55304880,3659,41470020,2742,17959
1299,3,0,11,14,55317240,3660,41470020,2741,17962
1300,5,0,10,15,55348800,3660,41470020,2740,17967
1301,3,0,9,16,55361640,3660,41470020,2740,17970
1302,9,0,11,14,55375500,3659,41470020,2738,17979
1303,3,0,8,17,55395420,3659,41470020,2738,17982
1304,4,0,11,14,55401900,3659,41470020,2737,17986
1305,10,0,13,12,55430880,3659,41470020,2735,17996
1306,11,0,19,6,55446420,3659,41470020,2733,18007
1307,11,0,17,8,55491540,3659,41470020,2731,18018
1308,11,0,15,10,55539480,3659,41470020,2729,18029
1309,9,0,17,8,55569900,3659,41470020,2728,18038
1310,9,0,16,9,55612140,3660,41470020,2726,18047
1311,11,0,16,9,55651920,3660,41470020,2724,18058
1312,14,0,17,8,55690560,3659,41470020,2722,18072
1313,7,0,11,14,55740720,3659,41470020,2720,18079
1314,11,0,15,10,55762620,3659,41470020,2718,18090
1315,13,0,19,6,55787820,3658,41470020,2716,18103
1316,4,0,12,13,55832280,3659,41470020,2715,18107
1317,11,0,12,13,55877460,3659,41470020,2713,18118
1318,7,0,9,16,55899360,3658,41470020,2712,18125
1319,7,0,8,17,55911960,3657,41470020,2711,18132
1320,4,0,8,17,55931280,3657,41470020,2710,18136
1321,4,0,7,18,55945560,3657,41470020,2709,18140
1322,6,0,9,16,55956060,3657,41470020,2708,18146
1323,6,0,10,15,55969320,3656,41470020,2707,18152
1324,3,0,9,16,55985880,3657,41470020,2707,18155
1325,7,0,11,14,56004780,3657,41470020,2706,18162
1326,6,0,11,14,56021460,3656,41470020,2704,18168
1327,7,0,12,13,56032620,3656,41470020,2703,18175
1328,15,0,16,9,56063880,3655,41470020,2701,18190
1329,20,0,24,1,56106540,3655,41470020,2697,18210
1330,7,0,16,9,56153400,3654,41470020,2696,18217
1331,12,0,21,4,56181360,3655,41470020,2694,18229
1332,13,0,22,3,56239200,3655,41470140,2691,18242
1333,9,0,18,7,56307180,3657,41470140,2690,18251
1334,11,0,16,9,56358960,3657,41470140,2688,18262
1335,5,0,11,14,56403420,3658,41470140,2687,18267
1336,8,0,12,13,56422560,3657,41470140,2686,18275
1337,8,0,13,12,56440980,3657,41470140,2684,18283
1338,7,0,10,15,56474040,3656,41470140,2683,18290
1339,7,0,14,11,56485140,3656,41470140,2682,18297
1340,7,0,11,14,56527740,3657,41470140,2681,18304
1341,3,0,7,18,56544660,3656,41470140,2680,18307
1342,13,0,15,10,56556960,3656,41470140,2678,18320
1343,8,0,12,13,56584980,3655,41470140,2677,18328
1344,7,0,14,11,56603400,3655,41470140,2675,18335
1345,8,0,21,4,56604060,3655,41470140,2674,18343
1346,5,0,18,7,56626800,3654,41470140,2673,18348
1347,9,0,23,2,56647500,3655,41470140,2672,18357
1348,6,0,21,4,56677020,3655,41470140,2671,18363
1349,5,0,17,8,56703420,3654,41470140,2670,18368
1350,7,0,16,9,56722920,3654,41470140,2668,18375
1351,7,0,20,5,56732280,3654,41470140,2667,18382
1352,9,0,21,4,56746680,3653,41470140,2666,18391
1353,9,0,19,6,56778600,3652,41470140,2664,18400
1354,13,0,21,4,56807460,3652,41470140,2662,18413
1355,17,8,25,0,56828640,3652,41471040,2660,18430
1356,9,10,25,0,56862840,3652,41474940,2658,18439
1357,13,11,25,0,56928420,3654,41494140,2657,18452
1358,14,16,25,0,56959620,3654,41502600,2655,18466
1359,8,4,25,0,57019560,3653,41576340,2658,18474
1360,8,0,24,1,57041100,3651,41634600,2661,18482
1361,11,0,21,4,57096720,3651,41636460,2659,18493
1362,6,0,23,2,57120000,3652,41636460,2658,18499
1363,10,0,24,1,57164280,3653,41638920,2656,18509
1364,10,0,25,0,57200160,3653,41640720,2655,18519
1365,4,0,21,4,57243720,3654,41640900,2654,18523
1366,8,0,20,5,57277800,3654,41640900,2653,18531
1367,6,0,19,6,57315540,3655,41640900,2652,18537
1368,5,0,17,8,57338100,3654,41640900,2651,18542
1369,7,0,20,5,57354300,3655,41640900,2650,18549
1370,6,0,22,3,57360360,3654,41640900,2649,18555
1371,8,0,20,5,57404520,3654,41640900,2647,18563
1372,5,0,18,7,57425160,3654,41640900,2647,18568
1373,3,0,19,6,57436140,3654,41640900,2646,18571
1374,7,0,18,7,57456120,3654,41640900,2645,18578
1375,8,0,19,6,57483060,3654,41640900,2644,18586
1376,11,1,25,0,57494460,3654,41641320,2642,18597
1377,14,4,25,0,57538080,3654,41645700,2640,18611
1378,4,0,19,6,57586980,3654,41662320,2640,18615
1379,10,0,20,5,57604860,3653,41662320,2638,18625
1380,12,0,22,3,57645600,3653,41662320,2636,18637
1381,14,3,25,0,57661020,3652,41662920,2634,18651
1382,17,8,25,0,57709740,3652,41668380,2632,18668
1383,10,8,25,0,57759060,3653,41679840,2631,18678
1384,14,7,25,0,57796800,3652,41715780,2631,18692
1385,11,8,25,0,57834000,3652,41723160,2629,18703
1386,7,1,25,0,57881580,3652,41778780,2632,18710
1387,4,0,18,7,57930000,3652,41779140,2631,18714
1388,11,0,23,2,57949980,3652,41779140,2629,18725
1389,2,0,17,8,57984660,3653,41779140,2629,18727
1390,3,0,16,9,58012440,3653,41779140,2628,18730
1391,10,0,21,4,58027260,3653,41779140,2627,18740
1392,3,0,19,6,58039800,3653,41779140,2626,18743
1393,2,0,16,9,58065660,3653,41779140,2626,18745
1394,4,0,16,9,58083000,3653,41779140,2625,18749
1395,5,0,18,7,58089300,3653,41779140,2624,18754
1396,6,0,21,4,58099920,3653,41779140,2623,18760
1397,7,0,23,2,58125060,3654,41779140,2622,18767
1398,8,2,25,0,58146000,3654,41779140,2621,18775
1399,3,0,21,4,58196040,3655,41782860,2621,18778
1400,10,0,20,5,58246800,3656,41782860,2619,18788
1401,10,0,22,3,58270320,3655,41782980,2617,18798
1402,14,2,25,0,58304220,3655,41787120,2615,18812
1403,9,2,25,0,58345920,3656,41793420,2614,18821
1404,18,7,25,0,58399380,3656,41800560,2612,18839
1405,7,5,25,0,58435860,3657,41824380,2612,18846
1406,13,8,25,0,58485720,3657,41833620,2611,18859
1407,11,12,25,0,58520100,3658,41838540,2609,18870
1408,3,0,22,3,58560600,3656,41944980,2615,18873
1409,16,0,23,2,58612380,3656,41945160,2613,18889
1410,4,0,19,6,58632480,3656,41945160,2612,18893
1411,5,0,19,6,58658700,3656,41945160,2611,18898
1412,8,0,22,3,58675500,3656,41945160,2610,18906
1413,2,0,17,8,58709400,3656,41945160,2609,18908
1414,3,0,17,8,58722840,3657,41945160,2609,18911
1415,7,0,20,5,58736340,3657,41945160,2608,18918
1416,6,0,21,4,58750380,3656,41945160,2607,18924
1417,6,0,18,7,58790460,3657,41945160,2606,18930
1418,2,0,17,8,58804080,3657,41945160,2606,18932
1419,3,0,16,9,58816980,3657,41945160,2605,18935
1420,3,0,17,8,58831200,3657,41945160,2605,18938
1421,9,0,19,6,58845660,3657,41945160,2603,18947
1422,8,0,21,4,58860000,3656,41945160,2602,18955
1423,8,0,21,4,58891440,3656,41945160,2601,18963
1424,5,0,18,7,58922340,3656,41945160,2600,18968
1425,9,0,20,5,58939020,3656,41945160,2598,18977
1426,9,0,23,2,58962420,3656,41945160,2597,18986
1427,9,0,22,3,58995300,3656,41945160,2595,18995
1428,7,0,22,3,59017380,3655,41945160,2594,19002
1429,11,0,24,1,59060940,3656,41945160,2593,19013
1430,5,0,19,6,59100840,3656,41945160,2592,19018
1431,7,0,19,6,59133300,3657,41945160,2591,19025
1432,12,0,23,2,59156160,3656,41946360,2589,19037
1433,10,0,22,3,59197380,3656,41946360,2587,19047
1434,7,0,20,5,59238780,3657,41946360,2586,19054
1435,7,0,19,6,59266860,3657,41946360,2585,19061
1436,8,0,21,4,59287620,3657,41946360,2584,19069
1437,6,0,19,6,59314620,3657,41946360,2583,19075
1438,4,0,20,5,59329320,3657,41946360,2582,19079
1439,6,0,19,6,59355840,3657,41946360,2581,19085
1440,4,0,19,6,59363400,3656,41946360,2580,19089
1441,2,0,15,10,59383800,3656,41946360,2580,19091
1442,4,0,14,11,59408100,3657,41946360,2580,19095
1443,2,0,15,10,59410680,3657,41946360,2579,19097
1444,4,0,19,6,59410680,3657,41946360,2579,19101
1445,11,0,24,1,59428140,3656,41946360,2577,19112
1446,6,0,21,4,59453220,3656,41948040,2576,19118
1447,6,0,21,4,59481840,3656,41948040,2575,19124
1448,11,0,21,4,59527860,3657,41948040,2573,19135
1449,10,0,25,0,59543940,3656,41948040,2572,19145
1450,11,0,22,3,59587800,3656,41950560,2570,19156
1451,10,0,20,5,59630220,3656,41950560,2569,19166
1452,10,0,24,1,59644260,3655,41951220,2567,19176
1453,8,0,20,5,59701140,3656,41952000,2566,19184
1454,10,0,21,4,59728320,3656,41952000,2564,19194
1455,13,0,25,0,59755500,3655,41952120,2562,19207
1456,8,0,23,2,59797680,3656,41952420,2561,19215
1457,15,3,25,0,59830200,3655,41954940,2559,19230
1458,15,9,25,0,59867400,3656,41963400,2558,19245
1459,5,0,25,0,59916840,3656,41994900,2558,19250
1460,2,0,17,8,59956560,3656,41994900,2558,19252
1461,11,0,21,4,59982600,3656,41994900,2556,19263
1462,5,0,19,6,59997780,3655,41994900,2555,19268
1463,3,0,16,9,60021300,3655,41994900,2555,19271
1464,4,0,17,8,60035700,3656,41994900,2554,19275
1465,6,0,18,7,60053760,3656,41994900,2553,19281
1466,4,0,16,9,60069480,3655,41994900,2553,19285
1467,8,0,20,5,60083160,3655,41994900,2551,19293
1468,8,0,21,4,60098160,3654,41994900,2550,19301
1469,12,0,23,2,60127380,3654,41994900,2548,19313
1470,8,0,25,0,60155280,3654,41995680,2547,19321
1471,7,0,21,4,60192660,3654,41995680,2546,19328
1472,11,0,22,3,60233340,3654,41995680,2544,19339
1473,10,0,24,1,60262560,3654,41999580,2543,19349
1474,9,0,25,0,60288480,3654,42000960,2542,19358
1475,13,3,25,0,60333360,3655,42004260,2540,19371
1476,8,0,23,2,60383880,3655,42009180,2539,19379
1477,10,0,21,4,60424500,3655,42009600,2538,19389
1478,3,0,19,6,60452760,3655,42009600,2537,19392
1479,10,0,21,4,60477780,3655,42009600,2536,19402
1480,14,2,25,0,60506100,3655,42010920,2534,19416
1481,7,0,25,0,60547680,3656,42012840,2533,19423
1482,6,0,20,5,60588300,3656,42012840,2532,19429
1483,14,3,25,0,60607560,3655,42013440,2530,19443
1484,8,0,23,2,60654060,3655,42018780,2529,19451
1485,8,0,23,2,60688020,3656,42018780,2527,19459
1486,6,0,15,10,60736740,3655,42018780,2526,19465
1487,7,0,19,6,60747660,3655,42018780,2525,19472
1488,4,0,18,7,60765540,3655,42018780,2525,19476
1489,5,0,19,6,60780780,3655,42018780,2524,19481
1490,6,0,18,7,60802380,3655,42018780,2523,19487
1491,3,0,17,8,60819480,3655,42018780,2523,19490
1492,7,0,18,7,60830220,3655,42018780,2522,19497
1493,4,0,18,7,60850500,3655,42018780,2521,19501
1494,5,0,20,5,60862500,3655,42018780,2520,19506
1495,11,0,25,0,60877080,3655,42019800,2519,19517
1496,6,0,25,0,60911640,3655,42020400,2518,19523
1497,12,0,23,2,60966240,3656,42020400,2516,19535
1498,13,0,22,3,60996540,3654,42020400,2514,19548
1499,12,0,25,0,61026540,3654,42022260,2512,19560
1500,10,1,25,0,61064700,3655,42024120,2511,19570
1501,15,1,25,0,61115280,3654,42024300,2509,19585
1502,12,7,25,0,61135680,3654,42029400,2507,19597
1503,10,9,25,0,61191300,3656,42047940,2507,19607
1504,7,11,25,0,61226160,3657,42061080,2507,19614
1505,16,16,25,0,61284300,3658,42096000,2506,19630
1506,8,13,25,0,61334820,3658,42120720,2507,19638
1507,11,12,25,0,61376160,3658,42153300,2507,19649
1508,3,0,19,6,61411380,3656,42272460,2513,19652
1509,7,0,17,8,61446780,3656,42272460,2512,19659
1510,4,0,16,9,61469880,3656,42272460,2512,19663
1511,8,0,19,6,61475340,3655,42272460,2511,19671
1512,6,0,18,7,61503720,3656,42272460,2510,19677
1513,8,0,23,2,61509060,3655,42272460,2509,19685
1514,7,0,23,2,61528560,3655,42272460,2508,19692
1515,6,0,23,2,61560300,3656,42272460,2507,19698
1516,6,0,16,9,61608180,3656,42272460,2506,19704
1517,7,0,17,8,61628520,3655,42272460,2505,19711
1518,7,0,20,5,61636740,3655,42272460,2504,19718
1519,6,0,20,5,61661220,3655,42272460,2503,19724
1520,10,0,23,2,61686120,3655,42272460,2501,19734
1521,10,0,25,0,61718160,3655,42280140,2500,19744
1522,13,0,23,2,61761180,3655,42282360,2498,19757
1523,10,0,24,1,61805940,3655,42282840,2497,19767
1524,13,2,25,0,61843500,3655,42283500,2495,19780
1525,8,3,25,0,61870200,3655,42293520,2495,19788
1526,11,2,25,0,61916880,3656,42305640,2494,19799
1527,9,0,22,3,61962420,3655,42310260,2493,19808
1528,8,0,21,4,62009820,3656,42310260,2491,19816
1529,13,1,25,0,62042460,3656,42311880,2490,19829
1530,11,2,25,0,62081040,3656,42316440,2488,19840
1531,10,3,25,0,62113380,3656,42327480,2488,19850
1532,10,0,23,2,62166960,3656,42333960,2486,19860
1533,9,0,20,5,62210460,3656,42333960,2485,19869
1534,3,0,14,11,62236140,3656,42333960,2485,19872
1535,6,0,18,7,62241840,3656,42333960,2484,19878
1536,3,0,18,7,62248200,3656,42333960,2483,19881
1537,5,0,18,7,62270100,3656,42333960,2483,19886
1538,5,0,15,10,62288460,3655,42333960,2482,19891
1539,4,0,17,8,62294640,3655,42333960,2481,19895
1540,2,0,14,11,62311440,3655,42333960,2481,19897
1541,5,0,17,8,62321700,3655,42333960,2480,19902
1542,7,0,18,7,62339580,3655,42333960,2479,19909
1543,10,0,24,1,62347140,3655,42333960,2478,19919
1544,13,0,25,0,62385120,3654,42334680,2476,19932
1545,8,0,19,6,62430240,3654,42334680,2475,19940
1546,10,0,21,4,62446020,3653,42334680,2473,19950
1547,11,0,24,1,62473140,3653,42334860,2472,19961
1548,8,0,24,1,62503740,3653,42334860,2471,19969
1549,10,0,24,1,62546160,3653,42335220,2469,19979
1550,7,0,20,5,62583060,3653,42335220,2468,19986
1551,9,0,21,4,62613840,3653,42335220,2467,19995
1552,7,0,20,5,62641080,3653,42335220,2466,20002
1553,9,0,21,4,62666640,3653,42335220,2465,20011
1554,11,0,23,2,62692500,3652,42335280,2463,20022
1555,12,0,25,0,62721660,3652,42335400,2461,20034
1556,7,0,25,0,62739480,3652,42335400,2460,20041
1557,4,0,21,4,62787840,3653,42335400,2460,20045
1558,4,0,18,7,62815980,3653,42335400,2459,20049
1559,3,0,18,7,62828280,3653,42335400,2459,20052
1560,4,0,17,8,62863380,3654,42335400,2458,20056
1561,4,0,15,10,62883780,3654,42335400,2458,20060
1562,10,0,23,2,62890800,3654,42335400,2456,20070
1563,3,0,19,6,62921940,3654,42335400,2456,20073
1564,8,0,20,5,62946180,3654,42335400,2455,20081
1565,10,0,23,2,62966820,3654,42335400,2453,20091
1566,7,0,24,1,62983740,3653,42335400,2452,20098
1567,8,0,22,3,63026880,3654,42335940,2451,20106
1568,10,0,23,2,63067620,3654,42336480,2450,20116
1569,7,0,19,6,63102780,3654,42336480,2449,20123
1570,9,0,18,7,63134280,3654,42336480,2447,20132
1571,11,0,24,1,63150180,3654,42336480,2446,20143
1572,7,0,22,3,63179400,3653,42337680,2445,20150
1573,9,0,19,6,63222240,3653,42337680,2444,20159
1574,10,0,22,3,63239700,3653,42337680,2442,20169
1575,12,0,22,3,63281580,3653,42340500,2441,20181
1576,21,9,25,0,63313020,3653,42343080,2438,20202
1577,14,17,25,0,63344580,3653,42351600,2437,20216
1578,11,18,25,0,63389280,3654,42359640,2435,20227
1579,2,8,25,0,63446520,3654,42453180,2440,20229
1580,16,0,25,0,63489960,3652,42523140,2442,20245
1581,3,0,23,2,63510660,3652,42523140,2442,20248
1582,4,0,21,4,63551640,3653,42523140,2441,20252
1583,8,0,20,5,63592140,3654,42523140,2440,20260
1584,1,0,15,10,63621060,3654,42523140,2440,20261
1585,7,0,19,6,63628500,3654,42523140,2439,20268
1586,7,0,19,6,63647760,3653,42523140,2438,20275
1587,2,0,16,9,63663780,3653,42523140,2438,20277
1588,5,0,18,7,63680580,3654,42523140,2437,20282
1589,9,0,23,2,63692700,3653,42523140,2436,20291
1590,7,0,25,0,63714480,3654,42523140,2435,20298
1591,9,2,25,0,63754080,3654,42525180,2434,20307
1592,10,0,24,1,63800640,3654,42527220,2432,20317
1593,12,0,24,1,63849900,3655,42528540,2431,20329
1594,11,0,25,0,63876360,3654,42528540,2429,20340
1595,10,0,25,0,63910020,3654,42529260,2428,20350
1596,10,0,23,2,63948240,3654,42529260,2427,20360
1597,11,0,23,2,63979860,3653,42529380,2425,20371
1598,15,0,24,1,64019880,3653,42529380,2423,20386
1599,12,2,25,0,64051740,3653,42530460,2422,20398
1600,4,0,21,4,64096200,3653,42530940,2421,20402
1601,12,0,20,5,64138680,3653,42530940,2419,20414
1602,5,0,22,3,64147320,3653,42530940,2419,20419
1603,9,0,24,1,64174140,3653,42530940,2417,20428
1604,3,0,19,6,64204560,3653,42530940,2417,20431
1605,6,0,18,7,64238280,3653,42530940,2416,20437
1606,3,0,16,9,64260600,3653,42530940,2416,20440
1607,2,0,14,11,64268520,3653,42530940,2415,20442
1608,2,0,16,9,64268520,3653,42530940,2415,20444
1609,5,0,16,9,64287240,3653,42530940,2414,20449
1610,4,0,18,7,64295340,3653,42530940,2414,20453
1611,9,0,21,4,64315080,3653,42530940,2413,20462
1612,7,0,21,4,64339860,3653,42530940,2412,20469
1613,5,0,21,4,64361760,3653,42530940,2411,20474
1614,8,0,19,6,64402920,3653,42530940,2410,20482
1615,5,0,16,9,64435620,3654,42530940,2409,20487
1616,4,0,18,7,64446420,3654,42530940,2409,20491
1617,8,0,20,5,64460880,3653,42530940,2408,20499
1618,7,0,17,8,64484160,3653,42530940,2407,20506
1619,13,0,25,0,64495260,3652,42531480,2405,20519
1620,15,6,25,0,64530960,3652,42533400,2403,20534
1621,11,12,25,0,64563000,3653,42536820,2402,20545
1622,10,9,25,0,64625100,3654,42567180,2402,20555
1623,8,0,24,1,64663860,3652,42618000,2404,20563
1624,10,0,22,3,64707360,3652,42618480,2402,20573
1625,6,0,21,4,64734960,3653,42618480,2402,20579
1626,10,0,22,3,64766640,3652,42618480,2400,20589
1627,3,0,18,7,64788660,3652,42618480,2400,20592
1628,8,0,17,8,64829220,3653,42618480,2399,20600
1629,8,0,22,3,64837140,3653,42618480,2398,20608
1630,13,2,25,0,64866840,3653,42620400,2396,20621
1631,6,0,25,0,64899240,3653,42627720,2396,20627
1632,3,0,18,7,64948440,3653,42627720,2395,20630
1633,6,0,17,8,64974000,3653,42627720,2394,20636
1634,7,0,19,6,64985760,3653,42627720,2394,20643
1635,3,0,19,6,65002680,3653,42627720,2393,20646
1636,3,0,18,7,65027700,3654,42627720,2393,20649
1637,5,0,18,7,65035560,3653,42627720,2392,20654
1638,8,0,20,5,65065800,3654,42627720,2391,20662
1639,7,0,22,3,65085120,3654,42627720,2390,20669
1640,9,0,23,2,65115900,3654,42627720,2389,20678
1641,12,0,25,0,65148780,3654,42627780,2387,20690
1642,6,0,17,8,65200920,3654,42627780,2386,20696
1643,12,0,23,2,65222220,3654,42627780,2385,20708
1644,10,4,25,0,65235660,3654,42631620,2384,20718
1645,9,0,25,0,65279580,3654,42643440,2383,20727
1646,11,0,22,3,65339580,3654,42643620,2382,20738
1647,8,0,23,2,65363460,3654,42643620,2381,20746
1648,5,0,20,5,65398260,3654,42643620,2380,20751
1649,11,0,23,2,65430000,3654,42643620,2379,20762
1650,6,0,19,6,65470200,3655,42643620,2378,20768
1651,7,0,24,1,65480520,3655,42643620,2377,20775
1652,7,0,23,2,65513160,3655,42643620,2376,20782
1653,8,0,22,3,65550900,3655,42643620,2375,20790
1654,7,0,22,3,65578140,3655,42643620,2374,20797
1655,5,0,20,5,65609400,3656,42643620,2373,20802
1656,4,0,18,7,65632320,3656,42643620,2373,20806
1657,5,0,17,8,65654460,3656,42643620,2372,20811
1658,2,0,15,10,65671260,3656,42643620,2372,20813
1659,1,0,14,11,65678340,3656,42643620,2372,20814
1660,4,0,16,9,65679900,3655,42643620,2371,20818
1661,7,0,20,5,65687220,3655,42643620,2370,20825
1662,7,0,21,4,65710020,3655,42643620,2369,20832
1663,6,0,17,8,65742180,3655,42643620,2368,20838
1664,2,0,13,12,65764440,3655,42643620,2368,20840
1665,4,0,17,8,65764440,3655,42643620,2368,20844
1666,11,0,24,1,65776860,3655,42643620,2366,20855
1667,10,3,25,0,65789520,3654,42643620,2365,20865
1668,13,0,25,0,65851500,3655,42647040,2363,20878
1669,15,0,25,0,65899380,3654,42654300,2362,20893
1670,6,0,22,3,65925420,3654,42654300,2361,20899
1671,6,0,18,7,65964480,3654,42654300,2360,20905
1672,11,0,22,3,65986740,3654,42654300,2359,20916
1673,4,0,16,9,66014640,3653,42654300,2358,20920
1674,6,0,17,8,66029220,3653,42654300,2358,20926
1675,5,0,16,9,66049500,3653,42654300,2357,20931
1676,9,0,21,4,66056820,3653,42654300,2356,20940
1677,3,0,16,9,66079620,3652,42654300,2355,20943
1678,7,0,20,5,66095280,3653,42654300,2354,20950
1679,6,0,18,7,66113820,3652,42654300,2354,20956
1680,7,0,22,3,66129600,3652,42654300,2353,20963
1681,15,2,25,0,66154200,3652,42657000,2351,20978
1682,12,4,25,0,66188940,3652,42662220,2350,20990
1683,27,24,25,0,66222120,3652,42665400,2347,21017
1684,34,40,25,0,66261480,3653,42673800,2344,21051
1685,24,40,25,0,66303060,3654,42688500,2344,21075
1686,35,40,25,0,66346260,3655,42722880,2345,21110
1687,34,40,25,0,66403020,3657,42776640,2347,21144
1688,25,37,25,0,66456000,3658,42873540,2352,21169
1689,28,40,25,0,66492360,3659,42911400,2353,21197
1690,24,39,25,0,66544260,3659,43019400,2357,21221
1691,26,40,25,0,66577620,3659,43079220,2359,21247
1692,35,40,25,0,66626640,3659,43136220,2361,21282
1693,26,40,25,0,66660240,3660,43176660,2362,21308
1694,36,39,25,0,66708540,3660,43261620,2365,21344
1695,30,38,25,0,66762660,3661,43370760,2370,21374
1696,34,40,25,0,66786180,3661,43390500,2370,21408
1697,29,40,25,0,66842580,3661,43428000,2370,21437
1698,33,39,25,0,66876300,3662,43433460,2370,21470
1699,19,40,25,0,66923220,3662,43518060,2373,21489
1700,35,40,25,0,66958620,3661,43557840,2373,21524
1701,31,40,25,0,67027080,3662,43584480,2373,21555
1702,31,40,25,0,67053300,3662,43621380,2374,21586
1703,43,40,25,0,67086900,3662,43652700,2374,21629
1704,33,37,25,0,67151640,3662,43758660,2378,21662
1705,32,40,25,0,67186500,3661,43782060,2378,21694
1706,34,40,25,0,67222260,3661,43803780,2377,21728
1707,32,40,25,0,67269000,3661,43808700,2376,21760
1708,30,40,25,0,67324260,3662,43830300,2375,21790
1709,29,39,25,0,67364640,3660,43941900,2379,21819
1710,30,40,25,0,67407840,3660,43953120,2378,21849
1711,24,40,25,0,67424520,3659,43959180,2377,21873
1712,25,40,25,0,67486020,3659,44050020,2380,21898
1713,26,40,25,0,67504920,3659,44067900,2381,21924
1714,37,40,25,0,67583820,3660,44145300,2383,21961
1715,27,40,25,0,67614480,3660,44149500,2381,21988
1716,37,40,25,0,67655460,3661,44195280,2383,22025
1717,32,39,25,0,67717440,3661,44274780,2386,22057
1718,28,40,25,0,67747020,3661,44278800,2384,22085
1719,27,40,25,0,67783740,3661,44302800,2384,22112
1720,33,40,25,0,67833180,3661,44392680,2387,22145
1721,29,39,25,0,67866540,3660,44397120,2386,22174
1722,37,40,25,0,67913820,3660,44471580,2388,22211
1723,36,39,25,0,67964940,3661,44501880,2389,22247
1724,24,40,25,0,68000280,3661,44572980,2391,22271
1725,36,40,25,0,68047740,3661,44595780,2391,22307
1726,18,38,25,0,68094000,3662,44624700,2391,22325
1727,20,39,25,0,68139660,3662,44666040,2392,22345
1728,35,40,25,0,68167740,3662,44719680,2394,22380
1729,29,40,25,0,68215800,3662,44745960,2394,22409
1730,27,37,25,0,68279220,3662,44790780,2394,22436
1731,28,40,25,0,68310360,3661,44873340,2396,22464
1732,36,40,25,0,68350560,3661,44910960,2397,22500
1733,29,40,25,0,68377860,3661,44921340,2397,22529
1734,35,39,25,0,68440380,3661,44955660,2396,22564
1735,27,40,25,0,68479200,3661,45048660,2400,22591
1736,31,40,25,0,68531160,3661,45091980,2401,22622
1737,34,40,25,0,68573940,3661,45098520,2399,22656
1738,25,39,25,0,68618640,3661,45154200,2401,22681
1739,25,40,25,0,68652360,3659,45175200,2400,22706
1740,30,40,25,0,68694600,3659,45213300,2400,22736
1741,42,40,25,0,68728560,3659,45373680,2407,22778
1742,33,40,25,0,68779440,3660,45399900,2407,22811
1743,41,40,25,0,68823180,3661,45423420,2408,22852
1744,29,40,25,0,68858280,3660,45488580,2410,22881
1745,20,37,25,0,68922060,3660,45861480,2427,22901
1746,25,39,25,0,68958540,3660,45868020,2426,22926
1747,34,40,25,0,68985840,3660,45877440,2425,22960
1748,32,40,25,0,69039300,3660,45944160,2427,22992
1749,28,37,25,0,69097080,3659,46057680,2431,23020
1750,34,40,25,0,69133740,3658,46089780,2431,23054
1751,24,40,25,0,69168600,3658,46106580,2430,23078
1752,31,40,25,0,69207000,3658,46122300,2429,23109
1753,34,39,25,0,69253620,3659,46130220,2429,23143
1754,25,39,25,0,69304080,3659,46152720,2428,23168
1755,32,40,25,0,69348960,3659,46196100,2429,23200
1756,28,38,25,0,69391260,3659,46238820,2430,23228
1757,23,40,25,0,69412500,3659,46492080,2442,23251
1758,37,40,25,0,69478260,3659,46594860,2445,23288
1759,24,37,25,0,69521580,3659,46653120,2447,23312
1760,21,40,25,0,69553020,3659,46664040,2446,23333
1761,33,39,25,0,69604680,3659,46684680,2446,23366
1762,29,40,25,0,69653100,3659,46714380,2445,23395
1763,28,38,25,0,69684540,3658,46819320,2449,23423
1764,29,40,25,0,69733380,3658,46833720,2448,23452
1765,34,40,25,0,69782520,3658,46857300,2448,23486
1766,31,38,25,0,69830820,3657,46879920,2447,23517
1767,15,36,25,0,69875280,3657,46935960,2448,23532
1768,21,40,25,0,69890100,3656,46972260,2449,23553
1769,32,40,25,0,69949200,3657,46993140,2448,23585
1770,30,38,25,0,69992760,3658,47010000,2448,23615
1771,33,40,25,0,70032360,3658,47036460,2449,23648
1772,40,40,25,0,70084740,3658,47148720,2452,23688
1773,29,39,25,0,70126620,3658,47222700,2455,23717
1774,36,40,25,0,70170900,3658,47257440,2455,23753
1775,35,40,25,0,70223580,3658,47324580,2457,23788
1776,30,40,25,0,70251960,3658,47328780,2456,23818
1777,35,40,25,0,70281180,3657,47449680,2461,23853
1778,33,39,25,0,70344420,3657,47500620,2461,23886
1779,22,40,25,0,70381440,3656,47904600,2480,23908
1780,38,40,25,0,70407420,3656,47912880,2480,23946
1781,42,40,25,0,70473660,3657,47939280,2479,23988
1782,41,40,25,0,70501860,3657,47947560,2479,24029
1783,24,40,25,0,70541700,3658,48052860,2483,24053
1784,44,39,25,0,70602000,3658,48120780,2485,24097
1785,32,40,25,0,70636020,3658,48128220,2484,24129
1786,27,40,25,0,70675620,3658,48133680,2483,24156
1787,29,37,25,0,70739460,3659,48366540,2494,24185
1788,33,39,25,0,70771440,3659,48385920,2493,24218
1789,36,40,25,0,70790760,3659,48388440,2493,24254
1790,31,39,25,0,70872120,3660,48479580,2495,24285
1791,31,39,25,0,70892940,3660,48485940,2495,24316
1792,21,40,25,0,70932420,3661,48499080,2494,24337
1793,35,40,25,0,70987920,3662,48516180,2494,24372
1794,36,40,25,0,71024160,3661,48574560,2495,24408
1795,35,38,25,0,71085000,3661,48623880,2496,24443
1796,35,38,25,0,71125380,3661,48660060,2496,24478
1797,36,40,25,0,71164200,3661,48703200,2497,24514
1798,39,40,25,0,71188080,3660,48707880,2496,24553
1799,35,40,25,0,71244840,3660,48788520,2498,24588
1800,29,40,25,0,71285400,3660,48856680,2500,24617
1801,27,40,25,0,71332320,3660,48865560,2499,24644
1802,30,40,25,0,71376060,3661,48936120,2501,24674
1803,31,40,25,0,71430060,3661,48981300,2502,24705
1804,35,40,25,0,71460840,3660,49097460,2506,24740
1805,28,40,25,0,71492640,3660,49105200,2505,24768
1806,43,40,25,0,71549760,3660,49163280,2506,24811
1807,30,40,25,0,71588220,3659,49193760,2506,24841
1808,37,40,25,0,71639940,3660,49240020,2507,24878
1809,36,40,25,0,71680500,3660,49254600,2507,24914
1810,35,40,25,0,71718240,3660,49257540,2505,24949
1811,32,40,25,0,71769180,3660,49407900,2512,24981
1812,34,40,25,0,71799120,3660,49413720,2511,25015
1813,36,40,25,0,71839920,3661,49442160,2511,25051
1814,39,40,25,0,71895120,3661,49500360,2512,25090
1815,30,38,25,0,71936580,3661,49512420,2511,25120
1816,27,40,25,0,71968440,3661,49546740,2512,25147
1817,28,40,25,0,72018000,3662,49556280,2511,25175
1818,29,39,25,0,72074820,3661,49685340,2515,25204
1819,36,40,25,0,72104400,3661,49699500,2515,25240
1820,29,38,25,0,72151320,3661,49741320,2516,25269
1821,34,40,25,0,72181380,3661,49746480,2515,25303
1822,37,40,25,0,72251820,3661,50061900,2529,25340
1823,27,40,25,0,72286320,3661,50086440,2528,25367
1824,31,38,25,0,72336300,3660,50101140,2527,25398
1825,34,40,25,0,72372900,3660,50163240,2528,25432
1826,36,40,25,0,72406680,3660,50186460,2528,25468
1827,27,40,25,0,72461940,3660,50284260,2532,25495
1828,29,38,25,0,72498600,3660,50306160,2531,25524
1829,38,40,25,0,72542280,3660,50326920,2531,25562
1830,34,40,25,0,72582000,3660,50407140,2534,25596
1831,26,40,25,0,72629760,3660,50417880,2532,25622
1832,34,40,25,0,72656640,3660,50421360,2531,25656
1833,28,39,25,0,72714300,3660,50498340,2533,25684
1834,32,40,25,0,72737520,3660,50523420,2534,25716
1835,30,40,25,0,72810060,3661,50622600,2537,25746
1836,35,38,25,0,72844980,3661,50683980,2539,25781
1837,26,39,25,0,72892440,3661,50729160,2539,25807
1838,24,40,25,0,72926460,3661,50740860,2539,25831
1839,32,40,25,0,72958320,3661,50743500,2538,25863
1840,30,39,25,0,73021380,3662,50779860,2538,25893
1841,34,37,25,0,73060920,3662,50849160,2540,25927
1842,36,40,25,0,73112640,3661,50909940,2541,25963
1843,28,40,25,0,73132620,3661,50913660,2541,25991
1844,36,40,25,0,73163640,3662,50926260,2541,26027
1845,31,40,25,0,73219800,3663,50989140,2542,26058
1846,25,38,25,0,73283400,3662,51069360,2544,26083
1847,19,37,25,0,73324560,3662,51123240,2545,26102
1848,22,40,25,0,73364940,3660,51909180,2581,26124
1849,5,31,25,0,73409100,3660,53186100,2644,26129
1850,6,10,25,0,73459080,3657,63338640,3148,26135
1851,9,0,20,5,73501380,3655,66307800,3294,26144
1852,5,0,20,5,73516800,3655,66307800,3293,26149
1853,8,0,23,2,73538220,3655,66307800,3292,26157
1854,14,0,25,0,73577700,3655,66307800,3290,26171
1855,7,0,23,2,73610400,3655,66307800,3289,26178
1856,7,0,22,3,73639020,3655,66307800,3287,26185
1857,7,0,21,4,73671120,3655,66307800,3286,26192
1858,13,0,22,3,73707900,3655,66308640,3284,26205
1859,5,0,22,3,73739700,3655,66308640,3283,26210
1860,6,0,19,6,73774560,3656,66308640,3282,26216
1861,7,0,18,7,73799640,3655,66308640,3281,26223
1862,12,0,23,2,73821600,3655,66308640,3279,26235
1863,19,10,25,0,73845540,3655,66312000,3277,26254
1864,12,15,25,0,73885980,3656,66318960,3275,26266
1865,8,16,25,0,73921860,3656,66337380,3274,26274
1866,8,10,25,0,73995300,3657,66401760,3276,26282
1867,8,0,23,2,74041020,3656,66509880,3280,26290
1868,11,0,20,5,74066760,3655,66509880,3279,26301
1869,8,0,23,2,74086440,3655,66509880,3277,26309
1870,8,0,21,4,74130360,3655,66509880,3276,26317
1871,8,0,20,5,74165040,3655,66509880,3275,26325
1872,7,0,20,5,74188380,3655,66509880,3274,26332
1873,5,0,19,6,74203440,3655,66509880,3273,26337
1874,5,0,16,9,74236080,3655,66509880,3272,26342
1875,5,0,18,7,74245980,3655,66509880,3271,26347
1876,3,0,19,6,74254380,3655,66509880,3271,26350
1877,7,0,20,5,74285100,3655,66509880,3270,26357
1878,10,1,25,0,74298060,3655,66509880,3268,26367
1879,7,0,22,3,74347020,3656,66511800,3267,26374
1880,9,0,22,3,74382300,3656,66511860,3265,26383
1881,8,0,21,4,74415540,3656,66511860,3264,26391
1882,9,0,23,2,74447520,3656,66511860,3263,26400
1883,12,7,25,0,74466060,3657,66511860,3262,26412
1884,12,11,25,0,74514780,3658,66519120,3260,26424
1885,15,17,25,0,74566560,3658,66531780,3258,26439
1886,10,20,25,0,74597220,3659,66536700,3256,26449
1887,6,11,25,0,74661960,3659,66621000,3259,26455
1888,14,3,25,0,74692320,3657,66732600,3263,26469
1889,14,3,25,0,74737440,3656,66737820,3261,26483
1890,13,12,25,0,74758980,3657,66743160,3259,26496
1891,9,13,25,0,74815800,3658,66763320,3258,26505
1892,7,11,25,0,74864580,3659,66800460,3259,26512
1893,11,1,25,0,74916120,3658,66879300,3261,26523
1894,10,0,22,3,74949960,3657,66886740,3260,26533
1895,5,0,18,7,74978760,3657,66886740,3259,26538
1896,4,0,15,10,74999460,3656,66886740,3258,26542
1897,5,0,17,8,75003060,3656,66886740,3258,26547
1898,7,0,21,4,75015300,3656,66886740,3257,26554
1899,8,0,22,3,75038040,3656,66886740,3255,26562
1900,3,0,16,9,75079920,3656,66886740,3255,26565
1901,3,0,16,9,75089760,3656,66886740,3254,26568
1902,9,0,19,6,75105480,3656,66886740,3253,26577
1903,5,0,19,6,75112500,3655,66886740,3252,26582
1904,12,0,21,4,75145440,3655,66886980,3250,26594
1905,11,1,25,0,75159600,3655,66888960,3249,26605
1906,11,4,25,0,75203580,3656,66894060,3247,26616
1907,12,7,25,0,75243780,3656,66899400,3246,26628
1908,10,8,25,0,75275460,3656,66909660,3244,26638
1909,11,8,25,0,75327720,3657,66942060,3245,26649
1910,10,9,25,0,75383400,3658,66954180,3244,26659
1911,13,11,25,0,75432420,3658,66971220,3242,26672
1912,8,7,25,0,75473880,3658,66996720,3242,26680
1913,7,0,21,4,75516540,3657,67076760,3245,26687
1914,7,0,21,4,75544920,3657,67076760,3244,26694
1915,10,0,23,2,75567240,3657,67076760,3242,26704
1916,6,0,21,4,75594720,3657,67076760,3241,26710
1917,8,0,22,3,75619140,3656,67076760,3240,26718
1918,2,0,16,9,75650040,3657,67076760,3240,26720
1919,3,0,17,8,75659700,3657,67076760,3239,26723
1920,5,0,19,6,75668640,3657,67076760,3238,26728
1921,6,0,18,7,75696120,3657,67076760,3237,26734
1922,9,0,23,2,75706800,3656,67076760,3236,26743
1923,5,0,19,6,75736020,3656,67076760,3235,26748
1924,9,0,19,6,75771660,3656,67076760,3234,26757
1925,6,0,20,5,75788040,3656,67076760,3233,26763
1926,5,0,18,7,75816000,3656,67076760,3232,26768
1927,5,0,17,8,75835860,3656,67076760,3231,26773
1928,13,0,24,1,75846120,3656,67076760,3229,26786
1929,6,0,25,0,75872340,3656,67076760,3228,26792
1930,8,0,21,4,75916320,3656,67076760,3227,26800
1931,9,0,21,4,75942420,3656,67076760,3226,26809
1932,17,2,25,0,75974700,3655,67080960,3223,26826
1933,14,4,25,0,76012140,3655,67089000,3222,26840
1934,17,11,25,0,76056240,3656,67096380,3219,26857
1935,13,18,25,0,76088880,3656,67107660,3219,26870
1936,8,17,25,0,76139640,3657,67119120,3217,26878
1937,10,16,25,0,76190700,3657,67161600,3218,26888
1938,10,12,25,0,76239240,3657,67204200,3218,26898
1939,12,6,25,0,76273980,3656,67299000,3221,26910
1940,7,1,25,0,76313220,3656,67359300,3223,26917
1941,11,0,20,5,76364520,3655,67379880,3222,26928
1942,7,0,22,3,76379280,3655,67379880,3221,26935
1943,7,0,19,6,76415160,3655,67379880,3220,26942
1944,4,0,19,6,76427940,3655,67379880,3219,26946
1945,6,0,20,5,76447920,3655,67379880,3218,26952
1946,2,0,14,11,76480620,3655,67379880,3218,26954
1947,4,0,17,8,76488000,3655,67379880,3217,26958
1948,4,0,18,7,76494480,3655,67379880,3217,26962
1949,6,0,18,7,76513500,3655,67379880,3216,26968
1950,7,0,19,6,76519860,3654,67379880,3215,26975
1951,1,0,14,11,76546920,3654,67379880,3214,26976
1952,8,0,18,7,76554000,3654,67379880,3213,26984
1953,11,0,23,2,76568760,3654,67379880,3212,26995
1954,12,1,25,0,76588500,3653,67380300,3210,27007
1955,12,0,25,0,76639680,3653,67381860,3208,27019
1956,11,0,25,0,76675920,3653,67383300,3206,27030
1957,10,0,24,1,76708500,3653,67383300,3205,27040
1958,7,0,20,5,76759320,3653,67383300,3204,27047
1959,13,4,25,0,76781220,3653,67383300,3202,27060
1960,7,0,24,1,76821000,3653,67387860,3201,27067
1961,9,0,24,1,76865220,3654,67387860,3200,27076
1962,11,0,20,5,76903500,3653,67387860,3198,27087
1963,11,0,24,1,76928280,3653,67387860,3196,27098
1964,9,1,25,0,76951020,3653,67387860,3195,27107
1965,5,0,20,5,76990800,3653,67387860,3194,27112
1966,7,0,16,9,77037000,3653,67387860,3193,27119
1967,0,0,13,12,77050080,3653,67387860,3193,27119
1968,4,0,16,9,77052540,3653,67387860,3192,27123
1969,2,0,17,8,77057460,3653,67387860,3192,27125
1970,8,0,20,5,77083080,3654,67387860,3191,27133
1971,6,0,20,5,77101140,3653,67387860,3190,27139
1972,7,0,15,10,77138700,3653,67387860,3189,27146
1973,7,0,19,6,77140980,3653,67387860,3188,27153
1974,9,0,22,3,77155740,3652,67387860,3187,27162
1975,8,0,22,3,77181120,3652,67388040,3185,27170
1976,8,0,22,3,77221980,3653,67388040,3184,27178
1977,6,0,16,9,77256000,3652,67388040,3183,27184
1978,8,0,20,5,77261460,3652,67388040,3182,27192
1979,5,0,19,6,77291520,3652,67388040,3181,27197
1980,6,0,18,7,77317320,3652,67388040,3180,27203
1981,13,0,24,1,77331900,3652,67388040,3178,27216
1982,14,5,25,0,77360760,3652,67390140,3177,27230
1983,19,10,25,0,77422320,3652,67401840,3174,27249
1984,8,1,25,0,77468040,3651,67444500,3175,27257
1985,17,5,25,0,77494200,3650,67454220,3173,27274
1986,10,6,25,0,77536260,3651,67465920,3172,27284
1987,10,7,25,0,77579520,3651,67477800,3171,27294
1988,8,4,25,0,77625240,3652,67503420,3171,27302
1989,6,0,19,6,77673480,3651,67525740,3171,27308
1990,7,0,21,4,77697000,3651,67525740,3170,27315
1991,11,1,25,0,77719980,3651,67526640,3169,27326
1992,4,0,16,9,77778960,3652,67527300,3168,27330
1993,6,0,18,7,77786160,3651,67527300,3167,27336
1994,3,0,17,8,77800260,3651,67527300,3167,27339
1995,4,0,19,6,77808060,3651,67527300,3166,27343
1996,5,0,20,5,77818200,3651,67527300,3165,27348
1997,12,0,24,1,77853240,3651,67527300,3164,27360
1998,5,0,19,6,77881860,3651,67527540,3163,27365
1999,12,0,22,3,77922480,3651,67527540,3161,27377
2000,6,0,20,5,77951940,3652,67527540,3160,27383
2001,9,0,18,7,77980200,3651,67527540,3159,27392
2002,8,0,20,5,78002280,3651,67527540,3158,27400
2003,8,0,22,3,78020760,3651,67527540,3156,27408
2004,16,1,25,0,78051000,3650,67528380,3154,27424
2005,13,1,25,0,78097500,3650,67533540,3152,27437
2006,14,0,23,2,78147240,3650,67535880,3151,27451
2007,10,0,20,5,78177120,3649,67536600,3149,27461
2008,13,0,23,2,78203880,3648,67536600,3147,27474
2009,3,0,17,8,78236460,3648,67536600,3147,27477
2010,9,0,23,2,78242220,3648,67536600,3145,27486
2011,10,0,23,2,78282000,3648,67536600,3144,27496
2012,8,0,23,2,78313260,3648,67537440,3143,27504
2013,4,0,17,8,78351120,3648,67537440,3142,27508
2014,4,0,14,11,78384300,3649,67537440,3142,27512
2015,5,0,18,7,78389460,3649,67537440,3141,27517
2016,11,0,25,0,78395160,3648,67537440,3139,27528
2017,0,0,24,1,78396180,3648,67537440,3139,27528
2018,6,4,25,0,78397140,3648,67538160,3139,27534
2019,5,9,25,0,78397140,3648,67538160,3139,27539
2020,5,13,25,0,78405180,3648,67539660,3138,27544
2021,8,21,25,0,78405180,3648,67539660,3138,27552
2022,10,30,25,0,78412620,3648,67555500,3136,27562
2023,12,40,25,0,78412620,3648,67555500,3136,27574
2024,15,40,25,0,78419580,3649,67575000,3135,27589
2025,8,40,25,0,78419580,3649,67575000,3135,27597
2026,9,40,25,0,78419580,3649,67575000,3135,27606
2027,9,40,25,0,78429360,3649,67596600,3136,27615
2028,6,40,25,0,78429360,3649,67596600,3136,27621
2029,14,39,25,0,78438900,3649,67638780,3137,27635
2030,7,40,25,0,78438900,3649,67638780,3137,27642
2031,8,39,25,0,78446040,3649,67674900,3139,27650
2032,9,40,25,0,78446040,3649,67674900,3139,27659
2033,7,40,25,0,78452040,3649,67721460,3141,27666
2034,5,40,25,0,78452040,3649,67721460,3141,27671
2035,9,39,25,0,78461100,3650,67771080,3143,27680
2036,6,40,25,0,78461100,3650,67771080,3143,27686
2037,8,40,25,0,78461100,3650,67771080,3143,27694
2038,8,40,25,0,78461100,3650,67771080,3143,27702
2039,6,40,25,0,78471240,3650,67789440,3144,27708
2040,9,40,25,0,78477180,3650,67853940,3147,27717
2041,9,40,25,0,78477180,3650,67853940,3147,27726
2042,8,40,25,0,78477180,3650,67853940,3147,27734
2043,10,40,25,0,78485820,3650,67926300,3150,27744
2044,9,40,25,0,78490440,3650,68002800,3153,27753
2045,6,40,25,0,78490440,3650,68002800,3153,27759
2046,9,40,25,0,78498960,3651,68014740,3154,27768
2047,4,40,25,0,78498960,3651,68014740,3154,27772
2048,10,40,25,0,78506160,3651,68021760,3154,27782
2049,9,40,25,0,78506160,3651,68021760,3154,27791
2050,11,39,25,0,78514740,3651,68096880,3157,27802
2051,9,40,25,0,78514740,3651,68096880,3157,27811
2052,7,40,25,0,78521520,3651,68102580,3157,27818
2053,7,40,25,0,78521520,3651,68102580,3157,27825
2054,8,40,25,0,78521520,3651,68102580,3157,27833
2055,13,40,25,0,78528780,3651,68229780,3163,27846
2056,7,40,25,0,78528780,3651,68229780,3163,27853
2057,6,40,25,0,78537840,3652,68238720,3163,27859
2058,4,40,25,0,78537840,3652,68238720,3163,27863
2059,10,40,25,0,78545280,3652,68246040,3163,27873
2060,6,40,25,0,78545280,3652,68246040,3163,27879
2061,9,40,25,0,78545280,3652,68246040,3163,27888
2062,4,40,25,0,78554280,3652,68254380,3164,27892
2063,7,39,25,0,78561420,3652,68260620,3164,27899
2064,5,40,25,0,78561420,3652,68260620,3164,27904
2065,4,40,25,0,78561420,3652,68260620,3164,27908
2066,5,40,25,0,78568740,3652,68421780,3171,27913
2067,2,39,25,0,78576420,3653,68434980,3172,27915
2068,4,40,25,0,78576420,3653,68434980,3172,27919
2069,3,40,25,0,78582300,3653,68616420,3180,27922
2070,5,40,25,0,78582300,3653,68616420,3180,27927
2071,12,40,25,0,78586560,3653,68798580,3188,27939
2072,11,40,25,0,78593340,3653,68805240,3188,27950
2073,5,40,25,0,78593340,3653,68805240,3188,27955
2074,7,40,25,0,78593340,3653,68805240,3188,27962
2075,13,40,25,0,78601800,3653,68900820,3193,27975
2076,7,39,25,0,78608160,3653,69106140,3202,27982
2077,11,40,25,0,78608160,3653,69106140,3202,27993
2078,10,39,25,0,78615540,3653,69305880,3211,28003
2079,7,40,25,0,78615540,3653,69305880,3211,28010
2080,11,40,25,0,78621480,3653,69311340,3211,28021
2081,11,40,25,0,78621480,3653,69311340,3211,28032
2082,5,40,25,0,78628320,3654,69532140,3221,28037
2083,6,40,25,0,78628320,3654,69532140,3221,28043
2084,4,40,25,0,78635220,3654,69537240,3221,28047
2085,9,40,25,0,78635220,3654,69537240,3221,28056
2086,5,40,25,0,78643920,3654,69760740,3232,28061
2087,5,40,25,0,78643920,3654,69760740,3232,28066
2088,6,40,25,0,78643920,3654,69760740,3232,28072
2089,8,40,25,0,78653640,3654,69768600,3232,28080
2090,4,40,25,0,78653640,3654,69768600,3232,28084
2091,2,40,25,0,78660780,3654,69807780,3233,28086
2092,12,40,25,0,78665280,3654,69811620,3233,28098
2093,8,40,25,0,78665280,3654,69811620,3233,28106
2094,7,40,25,0,78665280,3654,69811620,3233,28113
2095,16,40,25,0,78674520,3655,69820440,3234,28129
2096,10,40,25,0,78674520,3655,69820440,3234,28139
2097,8,40,25,0,78680640,3655,69826200,3234,28147
2098,11,40,25,0,78680640,3655,69826200,3234,28158
2099,12,40,25,0,78680640,3655,69826200,3234,28170
2100,10,40,25,0,78690900,3655,69862980,3235,28180
2101,10,40,25,0,78695760,3655,70160880,3249,28190
2102,16,40,25,0,78699600,3655,70459260,3263,28206
2103,8,40,25,0,78699600,3655,70459260,3263,28214
2104,4,40,25,0,78706500,3655,70466100,3263,28218
2105,12,40,25,0,78710820,3655,70481040,3263,28230
2106,4,40,25,0,78715560,3655,70485720,3263,28234
2107,8,40,25,0,78715560,3655,70485720,3263,28242
2108,5,40,25,0,78721920,3656,70500840,3264,28247
2109,4,40,25,0,78726060,3656,70504560,3264,28251
2110,5,39,25,0,78730680,3656,70518360,3265,28256
2111,3,40,25,0,78730680,3656,70518360,3265,28259
2112,8,40,25,0,78734580,3656,70521660,3265,28267
2113,10,40,25,0,78734580,3656,70521660,3265,28277
2114,11,40,25,0,78742140,3656,70529160,3265,28288
2115,5,39,25,0,78748440,3656,70550820,3266,28293
2116,6,40,25,0,78748440,3656,70550820,3266,28299
2117,4,40,25,0,78753060,3656,70561620,3266,28303
2118,5,40,25,0,78757320,3656,70907160,3282,28308
2119,5,40,25,0,78757320,3656,70907160,3282,28313
2120,11,40,25,0,78763920,3656,71258340,3298,28324
2121,10,40,25,0,78769920,3656,71264100,3298,28334
2122,8,40,25,0,78769920,3656,71264100,3298,28342
2123,6,40,25,0,78769920,3656,71264100,3298,28348
2124,10,40,25,0,78778320,3656,71272260,3298,28358
2125,11,40,25,0,78778320,3656,71272260,3298,28369
2126,15,40,25,0,78786480,3657,72015240,3332,28384
2127,11,39,25,0,78791700,3656,72396300,3350,28395
2128,13,39,25,0,78796920,3656,72619200,3360,28408
2129,4,39,25,0,78799200,3656,72896580,3372,28412
2130,8,40,25,0,78801660,3656,72898920,3372,28420
2131,5,40,25,0,78801660,3656,72898920,3372,28425
2132,6,40,25,0,78807300,3656,72903420,3372,28431
2133,7,40,25,0,78807300,3656,72903420,3372,28438
2134,6,40,25,0,78816180,3657,72912240,3373,28444
2135,4,40,25,0,78816180,3657,72912240,3373,28448
2136,5,40,25,0,78823560,3657,73133220,3383,28453
2137,6,40,25,0,78825780,3657,73134480,3383,28459
2138,4,40,25,0,78825780,3657,73134480,3383,28463
2139,5,39,25,0,78835800,3657,73555080,3402,28468
2140,7,39,25,0,78838620,3657,73567260,3402,28475
2141,8,40,25,0,78838620,3657,73567260,3402,28483
2142,4,40,25,0,78842220,3657,73570260,3402,28487
2143,5,40,25,0,78849120,3657,74004240,3422,28492
2144,8,40,25,0,78852240,3657,74007060,3422,28500
2145,13,40,25,0,78852240,3657,74007060,3422,28513
2146,6,39,25,0,78860580,3657,74265120,3434,28519
2147,3,40,25,0,78862980,3657,74267160,3434,28522
2148,12,40,25,0,78862980,3657,74267160,3434,28534
2149,12,40,25,0,78869640,3657,74690700,3453,28546
2150,9,40,25,0,78872880,3657,74693400,3453,28555
2151,10,40,25,0,78872880,3657,74693400,3453,28565
2152,12,40,25,0,78878340,3657,74735520,3455,28577
2153,10,40,25,0,78882240,3657,74739360,3455,28587
2154,12,40,25,0,78882240,3657,74739360,3455,28599
2155,10,40,25,0,78890580,3657,74747640,3455,28609
2156,8,40,25,0,78895380,3657,75233700,3477,28617
2157,10,40,25,0,78897780,3657,75235440,3477,28627
2158,8,40,25,0,78897780,3657,75235440,3477,28635
2159,4,40,25,0,78906180,3658,75725880,3500,28639
2160,5,39,25,0,78910560,3658,75855480,3505,28644
2161,9,40,25,0,78912720,3657,75876960,3506,28653
2162,6,39,25,0,78917640,3657,76401120,3530,28659
2163,1,38,25,0,78922080,3657,76411020,3531,28660
2164,8,40,25,0,78922080,3657,76411020,3531,28668
2165,6,39,25,0,78929340,3657,76418100,3531,28674
2166,5,40,25,0,78929340,3657,76418100,3531,28679
2167,7,40,25,0,78929340,3657,76418100,3531,28686
2168,5,40,25,0,78937980,3657,76439580,3531,28691
2169,13,40,25,0,78937980,3657,76439580,3531,28704
2170,10,40,25,0,78944580,3658,76447440,3531,28714
2171,11,39,25,0,78950040,3658,76459380,3532,28725
2172,11,40,25,0,78950040,3658,76459380,3532,28736
2173,7,40,25,0,78956700,3658,77026980,3558,28743
2174,9,39,25,0,78960900,3657,77585700,3583,28752
2175,7,40,25,0,78963180,3657,77587500,3583,28759
2176,10,40,25,0,78963180,3657,77587500,3583,28769
2177,9,40,25,0,78971040,3657,77892360,3597,28778
2178,13,40,25,0,78974460,3657,78461040,3623,28791
2179,13,40,25,0,78977100,3657,78466980,3623,28804
2180,8,40,25,0,78982200,3657,78473940,3623,28812
2181,7,40,25,0,78982200,3657,78473940,3623,28819
2182,7,39,25,0,78990420,3657,78986520,3646,28826
2183,9,40,25,0,78990420,3657,78986520,3646,28835
2184,9,40,25,0,78990420,3657,78986520,3646,28844
2185,8,39,25,0,79001400,3657,79296660,3660,28852
2186,4,40,25,0,79001400,3657,79296660,3660,28856
2187,6,39,25,0,79007880,3657,79312800,3661,28862
2188,8,40,25,0,79007880,3657,79312800,3661,28870
2189,5,39,25,0,79015020,3657,79330320,3661,28875
2190,7,40,25,0,79018320,3657,79333440,3661,28882
2191,8,40,25,0,79018320,3657,79333440,3661,28890
2192,12,40,25,0,79018320,3657,79333440,3661,28902
2193,11,40,25,0,79026060,3658,79952640,3690,28913
2194,14,40,25,0,79032120,3658,80512380,3715,28927
2195,10,40,25,0,79032120,3658,80512380,3715,28937
2196,13,40,25,0,79039080,3658,81143880,3744,28950
2197,8,40,25,0,79039080,3658,81143880,3744,28958
2198,9,40,25,0,79046940,3658,81776760,3773,28967
2199,15,40,25,0,79049820,3658,81787380,3773,28982
2200,4,39,25,0,79054860,3658,81797100,3773,28986
2201,8,40,25,0,79055340,3657,81797160,3773,28994
2202,8,40,25,0,79058580,3657,81799560,3773,29002
2203,8,40,25,0,79058580,3657,81799560,3773,29010
2204,12,40,25,0,79066680,3658,81807360,3773,29022
2205,9,40,25,0,79070820,3657,81970680,3780,29031
2206,5,39,25,0,79076700,3657,81976080,3780,29036
2207,7,40,25,0,79076700,3657,81976080,3780,29043
2208,3,40,25,0,79076700,3657,81976080,3780,29046
2209,9,40,25,0,79086660,3658,81985980,3780,29055
2210,5,40,25,0,79086660,3658,81985980,3780,29060
2211,9,40,25,0,79086660,3658,81985980,3780,29069
2212,7,38,25,0,79098180,3658,82142700,3787,29076
2213,2,38,25,0,79100340,3657,82399740,3799,29078
2214,5,40,25,0,79100340,3657,82399740,3799,29083
2215,9,40,25,0,79105620,3658,82403760,3799,29092
2216,13,40,25,0,79105620,3658,82403760,3799,29105
2217,7,40,25,0,79112400,3658,82410240,3799,29112
2218,13,40,25,0,79112400,3658,82410240,3799,29125
2219,5,40,25,0,79120980,3658,82418280,3799,29130
2220,10,40,25,0,79124400,3658,82585380,3807,29140
2221,7,40,25,0,79129500,3658,82661340,3810,29147
2222,15,40,25,0,79131600,3658,82667640,3810,29162
2223,10,40,25,0,79131600,3658,82667640,3810,29172
2224,12,40,25,0,79138500,3658,82674420,3810,29184
2225,14,40,25,0,79141560,3658,82676760,3810,29198
2226,8,40,25,0,79147200,3657,82758360,3813,29206
2227,10,40,25,0,79147200,3657,82758360,3813,29216
2228,12,40,25,0,79154220,3658,82765500,3813,29228
2229,10,40,25,0,79156620,3658,82767780,3813,29238
2230,5,40,25,0,79156620,3658,82767780,3813,29243
2231,5,40,25,0,79165560,3658,82784820,3814,29248
2232,11,40,25,0,79168500,3657,83156220,3830,29259
2233,4,40,25,0,79168500,3657,83156220,3830,29263
2234,3,40,25,0,79168500,3657,83156220,3830,29266
2235,7,40,25,0,79168500,3657,83156220,3830,29273
2236,5,39,25,0,79185000,3658,83171220,3831,29278
2237,7,40,25,0,79185000,3658,83171220,3831,29285
2238,10,40,25,0,79187700,3658,83173680,3831,29295
2239,10,40,25,0,79194600,3658,83180400,3831,29305
2240,8,40,25,0,79198140,3658,83212860,3832,29313
2241,10,40,25,0,79200000,3658,83217420,3832,29323
2242,11,40,25,0,79200000,3658,83217420,3832,29334
2243,9,40,25,0,79208520,3658,83225580,3832,29343
2244,11,40,25,0,79211580,3658,83228400,3832,29354
2245,7,40,25,0,79211580,3658,83228400,3832,29361
2246,6,39,25,0,79220520,3657,83236560,3832,29367
2247,10,39,25,0,79223640,3657,83239500,3832,29377
2248,13,39,25,0,79228740,3658,83244360,3832,29390
2249,4,40,25,0,79228740,3658,83244360,3832,29394
2250,8,40,25,0,79228740,3658,83244360,3832,29402
2251,9,40,25,0,79236300,3658,83250840,3832,29411
2252,6,40,25,0,79239780,3658,83291040,3833,29417
2253,2,36,25,0,79245180,3657,83940240,3863,29419
2254,9,40,25,0,79246260,3657,83940360,3862,29428
2255,3,40,25,0,79246260,3657,83940360,3862,29431
2256,3,40,25,0,79254060,3657,83947620,3862,29434
2257,4,40,25,0,79254060,3657,83947620,3862,29438
2258,6,40,25,0,79254060,3657,83947620,3862,29444
2259,7,40,25,0,79264560,3657,83957760,3863,29451
2260,2,40,25,0,79264560,3657,83957760,3863,29453
2261,6,40,25,0,79271100,3658,83964240,3863,29459
2262,5,40,25,0,79277520,3658,83995680,3864,29464
2263,8,40,25,0,79280280,3658,84028740,3865,29472
2264,4,39,25,0,79285140,3658,84036900,3865,29476
2265,12,39,25,0,79289100,3658,84040740,3865,29488
2266,10,40,25,0,79289100,3658,84040740,3865,29498
2267,13,40,25,0,79293900,3657,84045300,3865,29511
2268,9,40,25,0,79298700,3658,84214440,3873,29520
2269,15,40,25,0,79301760,3657,84221880,3873,29535
2270,18,40,25,0,79301760,3657,84221880,3873,29553
2271,6,39,25,0,79310340,3657,84230100,3873,29559
2272,11,40,25,0,79310340,3657,84230100,3873,29570
2273,8,40,25,0,79310340,3657,84230100,3873,29578
2274,8,40,25,0,79310340,3657,84230100,3873,29586
2275,8,40,25,0,79323720,3657,84269700,3874,29594
2276,4,39,25,0,79328040,3658,84273960,3874,29598
2277,4,40,25,0,79328040,3658,84273960,3874,29602
2278,5,40,25,0,79333140,3658,84278940,3874,29607
2279,7,40,25,0,79337340,3658,84282480,3874,29614
2280,4,40,25,0,79337340,3658,84282480,3874,29618
2281,9,40,25,0,79344180,3658,84288540,3874,29627
2282,3,40,25,0,79348860,3658,84293160,3874,29630
2283,2,40,25,0,79352520,3658,84296580,3874,29632
2284,6,40,25,0,79352520,3658,84296580,3874,29638
2285,6,40,25,0,79359480,3658,84797040,3897,29644
2286,5,40,25,0,79359480,3658,84797040,3897,29649
2287,3,40,25,0,79367280,3657,85010880,3906,29652
2288,10,40,25,0,79367280,3657,85010880,3906,29662
2289,6,40,25,0,79374300,3657,85113420,3910,29668
2290,7,40,25,0,79377300,3657,85116180,3910,29675
2291,8,39,25,0,79382820,3658,85121220,3910,29683
2292,11,40,25,0,79382820,3658,85121220,3910,29694
2293,7,40,25,0,79386000,3658,85124220,3910,29701
2294,12,40,25,0,79386000,3658,85124220,3910,29713
2295,9,40,25,0,79394220,3658,85132080,3911,29722
2296,12,40,25,0,79397700,3658,85134540,3910,29734
2297,12,40,25,0,79403220,3657,85240800,3915,29746
2298,12,40,25,0,79403220,3657,85240800,3915,29758
2299,11,40,25,0,79410420,3658,85247820,3915,29769
2300,3,40,25,0,79410420,3658,85247820,3915,29772
2301,7,40,25,0,79410420,3658,85247820,3915,29779
2302,4,39,25,0,79421580,3658,85358880,3920,29783
2303,4,39,25,0,79424280,3658,85372800,3920,29787
2304,3,40,25,0,79424280,3658,85372800,3920,29790
2305,7,40,25,0,79431360,3658,85567200,3929,29797
2306,4,40,25,0,79433220,3657,85568280,3928,29801
2307,4,40,25,0,79436880,3657,85571700,3928,29805
2308,12,40,25,0,79441620,3658,85576080,3928,29817
2309,6,40,25,0,79445160,3658,85579320,3928,29823
2310,8,40,25,0,79449660,3657,85664220,3932,29831
2311,10,40,25,0,79449660,3657,85664220,3932,29841
2312,8,40,25,0,79457280,3657,85671240,3932,29849
2313,11,40,25,0,79460580,3657,85674300,3932,29860
2314,8,40,25,0,79460580,3657,85674300,3932,29868
2315,10,40,25,0,79466760,3657,85680240,3932,29878
2316,21,39,25,0,79472280,3657,85709400,3933,29899
2317,10,39,25,0,79474860,3657,85713780,3932,29909
2318,14,40,25,0,79478820,3657,85716660,3932,29923
2319,10,40,25,0,79481220,3657,85719000,3932,29933
2320,4,40,25,0,79485900,3657,85723260,3932,29937
2321,11,40,25,0,79485900,3657,85723260,3932,29948
2322,7,40,25,0,79492380,3657,85728840,3932,29955
2323,7,39,25,0,79498140,3657,86123400,3950,29962
2324,7,40,25,0,79500000,3657,86125140,3950,29969
2325,8,40,25,0,79500000,3657,86125140,3950,29977
2326,6,40,25,0,79506960,3657,86131620,3950,29983
2327,6,40,25,0,79509000,3657,86133420,3950,29989
2328,7,40,25,0,79513920,3657,86137620,3950,29996
2329,9,39,25,0,79518840,3657,86869800,3983,30005
2330,5,40,25,0,79518840,3657,86869800,3983,30010
2331,8,39,25,0,79526520,3656,86926020,3985,30018
2332,10,39,25,0,79529760,3656,86929860,3985,30028
2333,5,39,25,0,79533900,3656,87096120,3992,30033
2334,8,40,25,0,79535280,3656,87097080,3992,30041
2335,7,40,25,0,79538460,3656,87100200,3992,30048
2336,7,40,25,0,79543860,3656,87104760,3992,30055
2337,8,40,25,0,79547160,3656,87124860,3992,30063
2338,12,40,25,0,79551060,3656,87128460,3992,30075
2339,10,40,25,0,79551060,3656,87128460,3992,30085
2340,8,40,25,0,79555140,3656,87132360,3992,30093
2341,16,39,25,0,79562340,3656,87137700,3992,30109
2342,8,40,25,0,79562340,3656,87137700,3992,30117
2343,11,40,25,0,79568580,3656,87143640,3993,30128
2344,8,40,25,0,79571640,3656,87146460,3992,30136
2345,3,40,25,0,79571640,3656,87146460,3992,30139
2346,9,40,25,0,79571640,3656,87146460,3992,30148
2347,9,40,25,0,79581180,3656,87155580,3993,30157
2348,7,40,25,0,79586700,3656,87161040,3993,30164
2349,7,40,25,0,79586700,3656,87161040,3993,30171
2350,4,40,25,0,79593120,3657,87165540,3993,30175
2351,3,39,25,0,79598580,3657,88195200,4040,30178
2352,3,39,25,0,79600680,3656,88448460,4051,30181
2353,8,40,25,0,79603800,3656,88450140,4051,30189
2354,14,40,25,0,79606260,3656,88452420,4051,30203
2355,24,40,25,0,79606260,3656,88452420,4051,30227
2356,26,40,25,0,79613040,3656,88458420,4051,30253
2357,29,40,25,0,79616760,3656,88462080,4051,30282
2358,20,40,25,0,79616760,3656,88462080,4051,30302
2359,29,40,25,0,79626600,3656,88494300,4052,30331
2360,33,40,25,0,79629480,3656,88497120,4052,30364
2361,28,40,25,0,79629480,3656,88497120,4052,30392
2362,29,40,25,0,79629480,3656,88497120,4052,30421
2363,31,40,25,0,79640280,3657,88512420,4052,30452
2364,35,40,25,0,79642740,3657,88514820,4052,30487
2365,31,40,25,0,79645680,3656,88517700,4052,30518
2366,22,40,25,0,79645680,3656,88517700,4052,30540
2367,33,40,25,0,79652700,3657,88524660,4052,30573
2368,30,40,25,0,79652700,3657,88524660,4052,30603
2369,26,40,25,0,79661160,3657,88563360,4053,30629
2370,35,40,25,0,79661160,3657,88563360,4053,30664
2371,35,40,25,0,79661160,3657,88563360,4053,30699
2372,27,40,25,0,79673100,3657,88819380,4065,30726
2373,24,40,25,0,79673700,3657,88819920,4064,30750
2374,26,40,25,0,79679580,3657,88954260,4070,30776
2375,37,40,25,0,79681860,3656,88956300,4070,30813
2376,30,40,25,0,79685040,3656,88959420,4070,30843
2377,24,40,25,0,79690680,3657,88964940,4070,30867
2378,33,40,25,0,79690680,3657,88964940,4070,30900
2379,25,40,25,0,79698480,3657,88991040,4071,30925
2380,28,40,25,0,79702200,3657,88994400,4071,30953
2381,38,40,25,0,79703880,3656,88996020,4071,30991
2382,34,40,25,0,79708920,3656,89000820,4071,31025
2383,29,40,25,0,79712880,3656,89004720,4071,31054
2384,29,40,25,0,79716120,3656,89047020,4072,31083
2385,35,40,25,0,79716900,3656,89047740,4072,31118
2386,28,40,25,0,79721460,3656,89238540,4081,31146
2387,28,40,25,0,79721460,3656,89238540,4081,31174
2388,27,40,25,0,79730520,3656,89315160,4084,31201
2389,33,40,25,0,79731600,3656,89316000,4084,31234
2390,24,39,25,0,79738560,3656,89363700,4086,31258
2391,35,40,25,0,79739340,3656,89364360,4085,31293
2392,29,40,25,0,79744920,3656,89369820,4085,31322
2393,26,40,25,0,79747560,3656,89372400,4085,31348
2394,35,40,25,0,79749600,3656,89374320,4085,31383
2395,27,40,25,0,79755300,3656,89379960,4085,31410
2396,32,40,25,0,79755300,3656,89379960,4085,31442
2397,33,40,25,0,79755300,3656,89379960,4085,31475
2398,40,40,25,0,79763820,3656,89388300,4085,31515
2399,27,40,25,0,79763820,3656,89388300,4085,31542

