Hour,Arrivals,Waiting,Treating,Available Rooms,Total Treatment Time,Average Treatment Time,Total Wait Time,Average Wait Time,Total Arrivals
1,5,0,2,23,4020,1340,0,0,5
2,6,0,7,18,4680,1170,0,0,11
3,7,0,9,16,25260,2806,0,0,18
4,4,0,6,19,54840,3427,0,0,22
5,5,0,7,18,78960,3948,0,0,27
6,9,0,9,16,101280,3751,0,0,36
7,9,0,8,17,131820,3562,0,0,45
8,8,0,6,19,165300,3517,0,0,53
9,9,0,8,17,186420,3452,0,0,62
10,15,0,11,14,213240,3230,0,0,77
11,7,0,5,20,257460,3258,0,0,84
12,9,0,8,17,269880,3175,0,0,93
13,9,0,6,19,297060,3094,0,0,102
14,9,0,9,16,317340,3111,0,0,111
15,16,0,15,10,348540,3111,0,0,127
16,8,0,12,13,394860,3210,0,0,135
17,5,0,7,18,442980,3330,0,0,140
18,12,0,9,16,478800,3348,0,0,152
19,6,0,8,17,503580,3357,0,0,158
20,7,0,8,17,527340,3358,0,0,165
21,7,0,5,20,557760,3339,0,0,172
22,6,0,5,20,574800,3322,0,0,178
23,4,0,3,22,602700,3367,0,0,182
24,2,0,3,22,609420,3366,0,0,184
25,11,0,7,18,627120,3335,0,0,195
26,7,0,7,18,652620,3346,0,0,202
27,5,0,4,21,686760,3383,0,0,207
28,6,0,5,20,702060,3375,0,0,213
29,5,0,5,20,718920,3375,0,0,218
30,5,0,3,22,754260,3428,0,0,223
31,6,0,6,19,760740,3411,0,0,229
32,7,0,8,17,779820,3420,0,0,236
33,6,0,9,16,795000,3412,0,0,242
34,10,0,10,15,831960,3437,0,0,252
35,20,0,16,9,873840,3413,0,0,272
36,12,0,19,6,899820,3395,0,0,284
37,13,0,12,13,1010820,3546,0,0,297
38,14,0,17,8,1034760,3519,0,0,311
39,13,0,14,11,1082940,3493,0,0,324
40,7,0,10,15,1128780,3516,0,0,331
41,11,0,11,14,1186980,3586,0,0,342
42,7,0,8,17,1225320,3593,0,0,349
43,10,0,9,16,1259400,3598,0,0,359
44,6,0,9,16,1280760,3597,0,0,365
45,8,0,4,21,1327680,3598,0,0,373
46,8,0,8,17,1339260,3590,0,0,381
47,5,0,7,18,1359120,3586,0,0,386
48,6,0,7,18,1389180,3608,0,0,392
49,4,0,6,19,1407000,3607,0,0,396
50,3,0,3,22,1440600,3637,0,0,399
51,2,0,4,21,1444320,3638,0,0,401
52,5,0,5,20,1462500,3647,0,0,406
53,5,0,4,21,1482120,3641,0,0,411
54,6,0,7,18,1487580,3628,0,0,417
55,7,0,7,18,1509480,3619,0,0,424
56,10,0,8,17,1547640,3632,0,0,434
57,8,0,7,18,1573800,3617,0,0,442
58,7,0,7,18,1594740,3608,0,0,449
59,9,0,9,16,1622220,3612,0,0,458
60,10,0,7,18,1665000,3611,0,0,468
61,11,0,11,14,1688100,3607,0,0,479
62,8,0,4,21,1743960,3610,0,0,487
63,18,0,18,7,1752060,3597,0,0,505
64,12,0,11,14,1797900,3553,0,0,517
65,10,0,7,18,1861140,3579,0,0,527
66,7,0,7,18,1885560,3577,0,0,534
67,10,0,11,14,1903560,3571,0,0,544
68,7,0,8,17,1941600,3575,0,0,551
69,10,0,9,16,1973580,3575,0,0,561
70,8,0,9,16,2002620,3576,0,0,569
71,6,0,7,18,2033340,3579,0,0,575
72,5,0,4,21,2072460,3598,0,0,580
73,7,0,5,20,2088360,3588,0,0,587
74,6,0,7,18,2107680,3596,0,0,593
75,5,0,6,19,2128620,3595,0,0,598
76,6,0,6,19,2150400,3595,0,0,604
77,4,0,4,21,2177160,3604,0,0,608
78,11,0,8,17,2200620,3601,0,0,619
79,8,0,10,15,2220780,3599,0,0,627
80,10,0,11,14,2255700,3603,0,0,637
81,8,0,8,17,2283720,3585,0,0,645
82,10,0,8,17,2328300,3598,0,0,655
83,7,0,6,19,2369220,3611,0,0,662
84,7,0,9,16,2388540,3619,0,0,669
85,7,0,5,20,2415240,3599,0,0,676
86,13,0,13,12,2429700,3594,0,0,689
87,9,0,11,14,2463360,3585,0,0,698
88,6,0,5,20,2512260,3594,0,0,704
89,6,0,6,19,2538060,3605,0,0,710
90,10,0,8,17,2560800,3596,0,0,720
91,8,0,9,16,2590500,3602,0,0,728
92,13,0,14,11,2614500,3596,0,0,741
93,6,0,8,17,2667480,3609,0,0,747
94,4,0,6,19,2696040,3618,0,0,751
95,5,0,4,21,2733180,3634,0,0,756
96,1,0,2,23,2741700,3631,0,0,757
97,3,0,1,24,2755740,3630,0,0,760
98,3,0,2,23,2759040,3625,0,0,763
99,3,0,3,22,2767200,3626,0,0,766
100,6,0,5,20,2778120,3622,0,0,772
101,14,0,11,14,2792940,3603,0,0,786
102,9,0,14,11,2814000,3603,0,0,795
103,10,0,8,17,2874240,3606,0,0,805
104,8,0,9,16,2908680,3617,0,0,813
105,9,0,10,15,2944380,3626,0,0,822
106,10,0,9,16,2968740,3607,0,0,832
107,10,0,7,18,3005400,3599,0,0,842
108,6,0,4,21,3036180,3597,0,0,848
109,10,0,8,17,3051060,3589,0,0,858
110,10,0,12,13,3063600,3578,0,0,868
111,8,0,11,14,3098520,3582,0,0,876
112,8,0,9,16,3140640,3589,0,0,884
113,6,0,5,20,3193260,3608,0,0,890
114,8,0,7,18,3205260,3597,0,0,898
115,7,0,10,15,3221220,3599,0,0,905
116,6,0,8,17,3255720,3605,0,0,911
117,6,0,7,18,3289560,3614,0,0,917
118,7,0,10,15,3303180,3613,0,0,924
119,3,0,7,18,3338280,3628,0,0,927
120,4,0,5,20,3369300,3638,0,0,931
121,3,0,5,20,3382140,3640,0,0,934
122,5,0,7,18,3391320,3638,0,0,939
123,9,0,7,18,3430620,3645,0,0,948
124,5,0,4,21,3451800,3637,0,0,953
125,6,0,7,18,3458400,3632,0,0,959
126,10,0,8,17,3486120,3627,0,0,969
127,10,0,12,13,3508860,3628,0,0,979
128,12,0,13,12,3553200,3633,0,0,991
129,14,0,15,10,3586800,3623,0,0,1005
130,8,0,12,13,3632100,3628,0,0,1013
131,10,0,14,11,3663840,3631,0,0,1023
132,9,0,11,14,3714480,3638,0,0,1032
133,10,0,10,15,3774540,3657,0,0,1042
134,11,0,11,14,3807000,3653,0,0,1053
135,16,0,14,11,3840900,3640,0,0,1069
136,8,0,10,15,3886260,3642,0,0,1077
137,11,0,10,15,3928980,3644,0,0,1088
138,13,0,15,10,3960000,3646,0,0,1101
139,7,0,11,14,4021620,3666,0,0,1108
140,6,0,9,16,4058640,3672,0,0,1114
141,5,0,3,22,4105920,3679,0,0,1119
142,10,0,8,17,4116540,3672,0,0,1129
143,4,0,6,19,4140420,3673,0,0,1133
144,4,0,4,21,4158660,3670,0,0,1137
145,6,0,5,20,4180380,3673,0,0,1143
146,3,0,4,21,4194060,3672,0,0,1146
147,4,0,6,19,4204860,3675,0,0,1150
148,5,0,5,20,4240560,3687,0,0,1155
149,7,0,7,18,4257060,3685,0,0,1162
150,4,0,4,21,4279740,3683,0,0,1166
151,9,0,7,18,4298220,3679,0,0,1175
152,6,0,9,16,4311060,3678,0,0,1181
153,8,0,12,13,4336800,3684,0,0,1189
154,8,0,9,16,4380900,3687,0,0,1197
155,4,0,6,19,4423800,3701,0,0,1201
156,8,0,10,15,4441320,3704,0,0,1209
157,5,0,8,17,4469760,3706,0,0,1214
158,10,0,12,13,4494960,3708,0,0,1224
159,12,0,12,13,4543860,3712,0,0,1236
160,7,0,8,17,4594980,3720,0,0,1243
161,8,0,8,17,4626240,3721,0,0,1251
162,7,0,8,17,4658340,3726,0,0,1258
163,7,0,8,17,4686000,3727,0,0,1265
164,5,0,5,20,4724880,3735,0,0,1270
165,6,0,4,21,4735020,3722,0,0,1276
166,4,0,4,21,4750980,3723,0,0,1280
167,9,0,8,17,4769700,3723,0,0,1289
168,4,0,5,20,4798080,3725,0,0,1293
169,6,0,8,17,4811400,3726,0,0,1299
170,5,0,5,20,4836780,3723,0,0,1304
171,7,0,7,18,4857900,3725,0,0,1311
172,8,0,7,18,4877700,3717,0,0,1319
173,11,0,9,16,4907280,3714,0,0,1330
174,7,0,6,19,4937340,3709,0,0,1337
175,6,0,3,22,4962000,3702,0,0,1343
176,10,0,6,19,4982700,3699,0,0,1353
177,5,0,9,16,4992420,3700,0,0,1358
178,10,0,10,15,5027160,3701,0,0,1368
179,8,0,5,20,5068020,3696,0,0,1376
180,15,0,15,10,5084580,3695,0,0,1391
181,5,0,9,16,5126340,3695,0,0,1396
182,8,0,7,18,5158440,3692,0,0,1404
183,10,0,10,15,5184240,3692,0,0,1414
184,6,0,5,20,5224020,3691,0,0,1420
185,10,0,7,18,5242260,3683,0,0,1430
186,7,0,7,18,5257200,3676,0,0,1437
187,9,0,9,16,5292720,3683,0,0,1446
188,2,0,5,20,5313720,3682,0,0,1448
189,7,0,8,17,5348160,3696,0,0,1455
190,9,0,7,18,5366880,3683,0,0,1464
191,4,0,4,21,5392980,3683,0,0,1468
192,5,0,5,20,5402100,3679,0,0,1473
193,10,0,9,16,5428920,3683,0,0,1483
194,3,0,6,19,5449200,3681,0,0,1486
195,1,0,3,22,5468940,3685,0,0,1487
196,10,0,8,17,5497320,3691,0,0,1497
197,5,0,7,18,5513580,3688,0,0,1502
198,9,0,7,18,5540280,3683,0,0,1511
199,5,0,5,20,5573580,3688,0,0,1516
200,4,0,5,20,5581560,3684,0,0,1520
201,7,0,5,20,5609280,3685,0,0,1527
202,10,0,7,18,5632200,3681,0,0,1537
203,14,0,12,13,5650020,3671,0,0,1551
204,15,0,17,8,5688300,3672,0,0,1566
205,16,0,13,12,5757900,3669,0,0,1582
206,13,0,17,8,5787900,3667,0,0,1595
207,11,0,13,12,5843820,3668,0,0,1606
208,2,0,8,17,5890320,3681,0,0,1608
209,10,0,8,17,5951220,3696,0,0,1618
210,7,0,10,15,5961240,3691,0,0,1625
211,7,0,8,17,5995440,3691,0,0,1632
212,7,0,5,20,6024060,3686,0,0,1639
213,3,0,5,20,6033480,3685,0,0,1642
214,6,0,4,21,6059040,3685,0,0,1648
215,4,0,5,20,6069300,3685,0,0,1652
216,7,0,6,19,6092160,3685,0,0,1659
217,4,0,5,20,6109620,3684,0,0,1663
218,10,0,7,18,6129480,3679,0,0,1673
219,3,0,6,19,6141600,3677,0,0,1676
220,10,0,12,13,6157080,3678,0,0,1686
221,8,0,10,15,6197940,3680,0,0,1694
222,10,0,8,17,6246300,3682,0,0,1704
223,10,0,14,11,6267840,3686,0,0,1714
224,15,0,13,12,6338820,3693,0,0,1729
225,6,0,8,17,6377700,3692,0,0,1735
226,9,0,8,17,6426000,3701,0,0,1744
227,14,0,14,11,6454200,3700,0,0,1758
228,11,0,11,14,6494100,3694,0,0,1769
229,9,0,9,16,6530700,3691,0,0,1778
230,10,0,8,17,6582480,3698,0,0,1788
231,11,0,12,13,6602220,3694,0,0,1799
232,11,0,10,15,6661140,3700,0,0,1810
233,9,0,8,17,6692160,3695,0,0,1819
234,12,0,10,15,6718920,3689,0,0,1831
235,7,0,8,17,6750900,3689,0,0,1838
236,11,0,12,13,6783840,3692,0,0,1849
237,10,0,13,12,6813300,3690,0,0,1859
238,13,0,12,13,6863520,3690,0,0,1872
239,9,0,8,17,6923820,3696,0,0,1881
240,7,0,8,17,6957000,3700,0,0,1888
241,9,0,7,18,6994980,3701,0,0,1897
242,5,0,6,19,7017840,3701,0,0,1902
243,3,0,5,20,7033740,3701,0,0,1905
244,4,0,5,20,7051260,3703,0,0,1909
245,13,0,12,13,7064280,3698,0,0,1922
246,5,0,10,15,7088580,3697,0,0,1927
247,9,0,8,17,7137420,3701,0,0,1936
248,9,0,11,14,7172640,3708,0,0,1945
249,3,0,6,19,7207380,3711,0,0,1948
250,6,0,6,19,7235280,3714,0,0,1954
251,9,0,12,13,7246440,3714,0,0,1963
252,10,0,6,19,7300260,3711,0,0,1973
253,13,0,11,14,7323720,3708,0,0,1986
254,9,0,9,16,7363740,3707,0,0,1995
255,6,0,8,17,7393200,3709,0,0,2001
256,9,0,10,15,7423500,3711,0,0,2010
257,10,0,13,12,7445460,3709,0,0,2020
258,11,0,11,14,7492860,3709,0,0,2031
259,10,0,13,12,7524120,3710,0,0,2041
260,4,0,5,20,7583280,3717,0,0,2045
261,3,0,4,21,7609800,3722,0,0,2048
262,6,0,6,19,7614660,3718,0,0,2054
263,6,0,4,21,7646880,3719,0,0,2060
264,8,0,7,18,7659960,3716,0,0,2068
265,8,0,11,14,7682760,3720,0,0,2076
266,5,0,11,14,7700160,3719,0,0,2081
267,11,0,10,15,7740420,3717,0,0,2092
268,3,0,6,19,7773600,3721,0,0,2095
269,4,0,7,18,7796040,3726,0,0,2099
270,3,0,4,21,7835340,3734,0,0,2102
271,5,0,4,21,7862400,3738,0,0,2107
272,7,0,5,20,7873380,3733,0,0,2114
273,10,0,8,17,7890780,3729,0,0,2124
274,7,0,4,21,7940940,3733,0,0,2131
275,8,0,7,18,7959720,3733,0,0,2139
276,9,0,10,15,7971600,3728,0,0,2148
277,7,0,9,16,7998060,3726,0,0,2155
278,11,0,12,13,8027220,3726,0,0,2166
279,12,0,14,11,8057580,3723,0,0,2178
280,10,0,9,16,8116860,3725,0,0,2188
281,9,0,10,15,8143920,3723,0,0,2197
282,13,0,11,14,8185620,3722,0,0,2210
283,10,0,12,13,8231280,3727,0,0,2220
284,9,0,10,15,8272980,3728,0,0,2229
285,11,0,12,13,8307480,3728,0,0,2240
286,6,0,8,17,8345880,3729,0,0,2246
287,11,0,12,13,8377680,3731,0,0,2257
288,6,0,9,16,8411700,3731,0,0,2263
289,7,0,12,13,8443680,3739,0,0,2270
290,3,0,6,19,8488440,3744,0,0,2273
291,1,0,3,22,8515320,3749,0,0,2274
292,7,0,6,19,8531700,3750,0,0,2281
293,10,0,12,13,8546640,3750,0,0,2291
294,12,0,14,11,8583180,3749,0,0,2303
295,15,0,18,7,8628300,3751,0,0,2318
296,9,0,11,14,8692200,3753,0,0,2327
297,9,0,10,15,8728800,3752,0,0,2336
298,12,0,9,16,8770380,3749,0,0,2348
299,8,0,8,17,8802300,3748,0,0,2356
300,7,0,4,21,8844360,3749,0,0,2363
301,8,0,7,18,8853120,3744,0,0,2371
302,17,0,14,11,8878080,3739,0,0,2388
303,7,0,12,13,8907300,3737,0,0,2395
304,9,0,12,13,8952180,3742,0,0,2404
305,15,0,11,14,9009600,3741,0,0,2419
306,13,0,10,15,9054780,3738,0,0,2432
307,7,0,7,18,9090420,3737,0,0,2439
308,7,0,7,18,9108540,3734,0,0,2446
309,1,0,3,22,9133320,3737,0,0,2447
310,5,0,4,21,9144240,3735,0,0,2452
311,2,0,2,23,9165360,3737,0,0,2454
312,4,0,5,20,9171540,3738,0,0,2458
313,4,0,5,20,9182220,3737,0,0,2462
314,3,0,5,20,9196260,3738,0,0,2465
315,5,0,6,19,9213600,3739,0,0,2470
316,1,0,2,23,9235620,3740,0,0,2471
317,3,0,3,22,9245520,3741,0,0,2474
318,4,0,2,23,9258360,3739,0,0,2478
319,4,0,4,21,9260700,3737,0,0,2482
320,6,0,4,21,9274920,3733,0,0,2488
321,4,0,5,20,9281760,3732,0,0,2492
322,9,0,6,19,9305760,3729,0,0,2501
323,15,0,15,10,9322980,3727,0,0,2516
324,11,0,13,12,9366240,3725,0,0,2527
325,16,0,14,11,9427320,3727,0,0,2543
326,15,0,15,10,9468240,3723,0,0,2558
327,9,0,10,15,9521040,3723,0,0,2567
328,8,0,7,18,9559560,3722,0,0,2575
329,6,0,8,17,9588780,3726,0,0,2581
330,11,0,11,14,9622020,3728,0,0,2592
331,5,0,8,17,9647040,3726,0,0,2597
332,7,0,5,20,9685140,3726,0,0,2604
333,7,0,5,20,9709860,3725,0,0,2611
334,3,0,4,21,9728640,3727,0,0,2614
335,6,0,5,20,9745620,3726,0,0,2620
336,6,0,8,17,9754800,3726,0,0,2626
337,6,0,6,19,9782280,3725,0,0,2632
338,16,0,11,14,9817380,3722,0,0,2648
339,26,1,25,0,9836280,3714,300,0,2674
340,20,0,22,3,9933840,3717,540,0,2694
341,26,10,25,0,9982560,3717,4440,1,2720
342,37,26,25,0,10099140,3732,17160,6,2757
343,41,40,25,0,10169520,3737,27660,9,2798
344,24,37,25,0,10262340,3744,118380,42,2822
345,34,40,25,0,10348920,3745,138840,49,2856
346,36,39,25,0,10445340,3754,184440,64,2892
347,34,40,25,0,10543440,3754,240540,83,2926
348,24,39,25,0,10639560,3760,271380,93,2950
349,32,40,25,0,10717080,3761,277920,95,2982
350,39,40,25,0,10794000,3764,295980,100,3021
351,33,39,25,0,10880220,3766,363540,123,3054
352,29,40,25,0,10975020,3774,397380,133,3083
353,29,38,25,0,11092860,3776,545340,181,3112
354,30,34,25,0,11177520,3774,613560,203,3142
355,32,37,25,0,11265960,3775,673800,221,3174
356,31,40,25,0,11361000,3775,704580,229,3205
357,31,40,25,0,11437680,3776,727680,235,3236
358,33,40,25,0,11520600,3778,752340,241,3269
359,25,34,25,0,11618460,3772,899880,286,3294
360,34,40,25,0,11705580,3775,936540,295,3328
361,40,40,25,0,11791440,3778,1065000,334,3368
362,36,38,25,0,11897400,3779,1101660,343,3404
363,38,37,25,0,11996040,3768,1178100,363,3442
364,33,38,25,0,12087300,3761,1271880,388,3475
365,25,38,25,0,12158580,3758,1327260,402,3500
366,32,37,25,0,12254700,3761,1345500,405,3532
367,33,38,25,0,12329400,3761,1363920,408,3565
368,30,33,25,0,12456660,3767,1545000,459,3595
369,35,38,25,0,12526140,3754,1827600,537,3630
370,31,40,25,0,12590520,3757,1835280,537,3661
371,24,28,25,0,12718920,3756,2473800,719,3685
372,29,30,25,0,12799380,3750,2682840,773,3714
373,33,40,25,0,12878880,3754,2691300,770,3747
374,29,40,25,0,12948240,3759,2707920,771,3776
375,30,33,25,0,13053540,3762,2800200,793,3806
376,43,29,25,0,13170300,3745,3803280,1066,3849
377,36,39,25,0,13250100,3746,3814860,1059,3885
378,29,37,25,0,13343160,3750,3904920,1079,3914
379,36,40,25,0,13421880,3752,3913980,1075,3950
380,38,40,25,0,13508280,3757,3925140,1073,3988
381,35,40,25,0,13600980,3758,4012080,1089,4023
382,24,40,25,0,13675200,3758,4036260,1090,4047
383,29,38,25,0,13789620,3764,4153320,1115,4076
384,33,39,25,0,13870680,3763,4170060,1112,4109
385,43,39,25,0,13960500,3760,4195980,1111,4152
386,34,39,25,0,14044380,3758,4264020,1122,4186
387,39,34,25,0,14143800,3755,4466940,1167,4225
388,39,40,25,0,14234340,3756,4522020,1173,4264
389,27,33,25,0,14317020,3758,4841280,1252,4291
390,32,28,25,0,14422680,3750,5589180,1433,4323
391,28,39,25,0,14485500,3752,5597340,1426,4351
392,32,40,25,0,14565840,3760,5615100,1426,4383
393,35,39,25,0,14676780,3771,5667060,1432,4418
394,32,38,25,0,14773200,3774,5690760,1431,4450
395,33,36,25,0,14879160,3770,5775900,1441,4483
396,37,38,25,0,14955600,3763,5828820,1444,4520
397,30,30,25,0,15062160,3758,6138420,1511,4550
398,40,40,25,0,15131580,3752,6145080,1500,4590
399,40,37,25,0,15209760,3752,6184620,1502,4630
400,25,23,25,0,15338040,3748,6755160,1632,4655
401,37,25,25,0,15409980,3733,7449660,1784,4692
402,23,19,25,0,15496200,3728,7553340,1798,4715
403,33,22,25,0,15585120,3723,7588440,1794,4748
404,34,24,25,0,15684060,3718,7777740,1823,4782
405,35,37,25,0,15766020,3718,7824660,1819,4817
406,32,38,25,0,15856140,3722,7845660,1815,4849
407,30,40,25,0,15925740,3718,7874160,1811,4879
408,24,34,25,0,16034940,3718,7944540,1817,4903
409,34,36,25,0,16118100,3710,8077200,1834,4937
410,31,27,25,0,16236360,3703,8262900,1863,4968
411,27,14,25,0,16312440,3687,8650380,1938,4995
412,36,31,25,0,16382100,3687,8663400,1926,5031
413,25,39,25,0,16464720,3691,8678700,1918,5056
414,30,36,25,0,16582380,3701,8710380,1918,5086
415,37,39,25,0,16670340,3703,8737020,1913,5123
416,31,40,25,0,16738140,3703,8750760,1909,5154
417,33,28,25,0,16852200,3693,9111240,1975,5187
418,27,36,25,0,16927920,3694,9124320,1966,5214
419,41,38,25,0,17021640,3700,9160620,1965,5255
420,30,36,25,0,17105520,3696,9215160,1966,5285
421,26,24,25,0,17224260,3692,9596640,2037,5311
422,26,24,25,0,17305020,3688,9833040,2074,5337
423,33,40,25,0,17387040,3693,9839940,2062,5370
424,31,40,25,0,17465040,3694,9864480,2058,5401
425,31,29,25,0,17585460,3688,10122300,2100,5432
426,35,40,25,0,17640540,3685,10128180,2087,5467
427,32,39,25,0,17739720,3691,10155720,2086,5499
428,26,30,25,0,17854800,3691,10289520,2103,5525
429,26,37,25,0,17906220,3687,10333980,2101,5551
430,35,39,25,0,18015540,3694,10366380,2098,5586
431,33,35,25,0,18114240,3695,10434300,2103,5619
432,24,22,25,0,18205380,3686,10886580,2183,5643
433,32,33,25,0,18280860,3685,10930860,2178,5675
434,24,31,25,0,18392520,3688,11018940,2185,5699
435,34,31,25,0,18463200,3677,11416380,2249,5733
436,28,38,25,0,18556080,3682,11428500,2241,5761
437,29,39,25,0,18642000,3684,11479500,2240,5790
438,40,38,25,0,18734220,3683,11547180,2242,5830
439,28,38,25,0,18835020,3684,11662260,2254,5858
440,37,40,25,0,18911460,3676,11769600,2259,5895
441,33,37,25,0,18986580,3680,11821920,2264,5928
442,36,35,25,0,19107240,3676,11993040,2281,5964
443,32,39,25,0,19157940,3675,12000180,2274,5996
444,34,36,25,0,19276140,3679,12047700,2273,6030
445,28,26,25,0,19388220,3674,12330960,2314,6058
446,21,13,25,0,19452420,3662,12809760,2394,6079
447,30,18,25,0,19539000,3661,12969600,2411,6109
448,35,38,25,0,19615140,3665,12977220,2399,6144
449,37,40,25,0,19716900,3673,13004640,2394,6181
450,30,34,25,0,19815060,3674,13081020,2399,6211
451,29,24,25,0,19923660,3667,13429680,2450,6240
452,34,34,25,0,19985520,3663,13472760,2442,6274
453,27,38,25,0,20070180,3667,13481460,2435,6301
454,34,40,25,0,20154000,3669,13581960,2444,6335
455,34,36,25,0,20278080,3668,13706820,2453,6369
456,32,37,25,0,20358660,3665,13767660,2451,6401
457,25,32,25,0,20452260,3662,13853460,2455,6426
458,35,39,25,0,20521980,3661,13878360,2448,6461
459,30,40,25,0,20605800,3665,13886760,2442,6491
460,35,39,25,0,20714040,3665,13957620,2442,6526
461,27,36,25,0,20819400,3666,14007300,2440,6553
462,23,37,25,0,20884860,3664,14087100,2446,6576
463,23,23,25,0,20994900,3659,14512020,2508,6599
464,36,26,25,0,21097860,3656,14794260,2542,6635
465,35,38,25,0,21162180,3655,14803320,2529,6670
466,29,34,25,0,21250440,3660,14841120,2531,6699
467,34,40,25,0,21338160,3664,14908980,2532,6733
468,33,32,25,0,21442680,3661,15078360,2550,6766
469,29,40,25,0,21515160,3662,15086580,2540,6795
470,27,37,25,0,21610920,3664,15209700,2552,6822
471,26,35,25,0,21711360,3664,15291300,2554,6848
472,26,18,25,0,21821400,3656,16078620,2675,6874
473,30,24,25,0,21881760,3651,16153380,2674,6904
474,38,40,25,0,21959760,3655,16161120,2662,6942
475,24,40,25,0,22049640,3660,16188120,2659,6966
476,36,40,25,0,22141140,3664,16221420,2657,7002
477,30,40,25,0,22246440,3667,16273860,2655,7032
478,32,30,25,0,22354980,3669,16528500,2688,7064
479,30,34,25,0,22419900,3664,16700520,2704,7094
480,33,40,25,0,22480680,3667,16713960,2698,7127
481,31,36,25,0,22601340,3672,16766820,2697,7158
482,29,40,25,0,22678920,3670,16871040,2703,7187
483,33,40,25,0,22799160,3673,16946220,2703,7220
484,31,40,25,0,22867620,3672,16955580,2695,7251
485,28,31,25,0,22967760,3670,17231100,2730,7279
486,31,28,25,0,23075460,3667,17335860,2732,7310
487,36,40,25,0,23146800,3668,17348280,2721,7346
488,35,37,25,0,23232900,3669,17399640,2722,7381
489,19,25,25,0,23327820,3666,17659620,2754,7400
490,31,14,25,0,23419260,3656,18161760,2819,7431
491,32,32,25,0,23483040,3658,18167160,2807,7463
492,22,37,25,0,23581860,3665,18179700,2798,7485
493,29,40,25,0,23678040,3669,18231120,2798,7514
494,30,40,25,0,23766600,3670,18268740,2793,7544
495,34,37,25,0,23872200,3672,18311700,2790,7578
496,42,40,25,0,23940420,3673,18413160,2797,7620
497,36,40,25,0,24027600,3671,18577260,2811,7656
498,41,36,25,0,24147360,3674,18638880,2810,7697
499,31,40,25,0,24210420,3673,18717060,2813,7728
500,30,40,25,0,24301800,3674,18733860,2805,7758
501,33,33,25,0,24405300,3673,18954000,2829,7791
502,22,27,25,0,24494280,3671,19394340,2886,7813
503,30,28,25,0,24594300,3670,19598340,2902,7843
504,8,20,25,0,24651720,3670,19812180,2930,7851
505,9,0,7,18,24796620,3666,20347980,3005,7860
506,7,0,7,18,24823740,3666,20347980,3002,7867
507,3,0,4,21,24848760,3667,20347980,3001,7870
508,7,0,8,17,24860340,3667,20347980,2998,7877
509,6,0,6,19,24887220,3666,20347980,2995,7883
510,1,0,3,22,24915240,3668,20347980,2994,7884
511,11,0,9,16,24933000,3668,20347980,2990,7895
512,9,0,11,14,24948000,3667,20347980,2986,7904
513,7,0,6,19,24987000,3666,20347980,2983,7911
514,9,0,10,15,25002660,3666,20347980,2979,7920
515,7,0,7,18,25044240,3666,20347980,2976,7927
516,12,0,13,12,25073100,3667,20347980,2970,7939
517,8,0,10,15,25110420,3667,20347980,2967,7947
518,8,0,10,15,25143780,3667,20347980,2964,7955
519,10,0,7,18,25176240,3665,20347980,2959,7965
520,9,0,9,16,25199580,3665,20347980,2955,7974
521,8,0,8,17,25223760,3664,20347980,2952,7982
522,9,0,6,19,25269720,3664,20347980,2948,7991
523,8,0,8,17,25284540,3663,20347980,2945,7999
524,6,0,5,20,25318620,3664,20347980,2942,8005
525,9,0,8,17,25340640,3664,20347980,2938,8014
526,7,0,7,18,25361400,3662,20347980,2935,8021
527,6,0,7,18,25398240,3664,20347980,2933,8027
528,7,0,6,19,25423500,3664,20347980,2930,8034
529,3,0,3,22,25452480,3665,20347980,2929,8037
530,5,0,3,22,25465680,3664,20347980,2926,8042
531,11,0,9,16,25474800,3663,20347980,2922,8053
532,4,0,4,21,25498620,3662,20347980,2920,8057
533,10,0,6,19,25518840,3660,20347980,2916,8067
534,8,0,10,15,25524360,3659,20347980,2913,8075
535,4,0,6,19,25555740,3659,20347980,2911,8079
536,8,0,5,20,25584780,3659,20347980,2908,8087
537,14,0,11,14,25605960,3657,20347980,2902,8101
538,9,0,10,15,25643280,3658,20347980,2898,8110
539,8,0,10,15,25671180,3657,20347980,2895,8118
540,10,0,14,11,25683240,3656,20347980,2891,8128
541,21,0,21,4,25755000,3659,20347980,2882,8149
542,9,0,16,9,25797120,3658,20347980,2878,8158
543,12,0,10,15,25887780,3661,20347980,2874,8170
544,11,0,13,12,25916760,3661,20347980,2869,8181
545,13,0,13,12,25959000,3660,20347980,2864,8194
546,9,0,8,17,26011800,3661,20347980,2860,8203
547,7,0,10,15,26027580,3660,20347980,2857,8210
548,3,0,5,20,26062200,3661,20347980,2856,8213
549,6,0,6,19,26091480,3662,20347980,2854,8219
550,8,0,5,20,26114820,3661,20347980,2851,8227
551,3,0,3,22,26130900,3661,20347980,2849,8230
552,1,0,0,25,26142540,3660,20347980,2849,8231
553,5,0,5,20,26142540,3660,20347980,2847,8236
554,3,0,5,20,26149320,3660,20347980,2846,8239
555,2,0,2,23,26167920,3660,20347980,2845,8241
556,6,0,7,18,26177640,3661,20347980,2843,8247
557,6,0,7,18,26195100,3660,20347980,2840,8253
558,6,0,7,18,26223900,3661,20347980,2838,8259
559,8,0,8,17,26240340,3660,20347980,2835,8267
560,9,0,9,16,26275140,3661,20347980,2831,8276
561,10,0,13,12,26296500,3660,20347980,2827,8286
562,8,0,10,15,26337840,3661,20347980,2824,8294
563,7,0,6,19,26380020,3661,20347980,2821,8301
564,9,0,6,19,26419560,3662,20347980,2818,8310
565,12,0,11,14,26439600,3661,20347980,2813,8322
566,12,0,13,12,26468220,3660,20347980,2808,8334
567,13,0,11,14,26537880,3662,20347980,2803,8347
568,9,0,10,15,26577360,3662,20347980,2800,8356
569,11,0,10,15,26624220,3663,20347980,2796,8367
570,6,0,5,20,26664900,3663,20347980,2793,8373
571,13,0,14,11,26677080,3663,20347980,2788,8386
572,8,0,10,15,26721540,3663,20347980,2785,8394
573,5,0,7,18,26762580,3665,20347980,2783,8399
574,6,0,6,19,26795460,3666,20347980,2781,8405
575,4,0,5,20,26811780,3665,20347980,2780,8409
576,7,0,8,17,26823840,3665,20347980,2777,8416
577,6,0,4,21,26866200,3666,20347980,2775,8422
578,3,0,2,23,26885400,3666,20347980,2774,8425
579,3,0,3,22,26888940,3665,20347980,2772,8428
580,3,0,3,22,26893440,3664,20347980,2771,8431
581,6,0,3,22,26912520,3664,20347980,2769,8437
582,8,0,7,18,26920680,3663,20347980,2766,8445
583,7,0,10,15,26932200,3663,20347980,2763,8452
584,8,0,6,19,26973960,3662,20347980,2760,8460
585,6,0,8,17,26993580,3663,20347980,2758,8466
586,5,0,6,19,27011280,3662,20347980,2756,8471
587,10,0,7,18,27044280,3662,20347980,2753,8481
588,8,0,4,21,27065160,3659,20347980,2750,8489
589,11,0,10,15,27095820,3661,20347980,2746,8500
590,8,0,11,14,27109740,3660,20347980,2743,8508
591,8,0,4,21,27155820,3658,20347980,2740,8516
592,10,0,5,20,27183480,3658,20347980,2736,8526
593,12,0,10,15,27206400,3657,20347980,2732,8538
594,8,0,10,15,27233880,3657,20347980,2729,8546
595,9,0,6,19,27277440,3656,20347980,2725,8555
596,8,0,7,18,27296280,3656,20347980,2722,8563
597,6,0,8,17,27312840,3655,20347980,2720,8569
598,6,0,7,18,27345720,3656,20347980,2718,8575
599,7,0,8,17,27377220,3658,20347980,2715,8582
600,9,0,9,16,27404220,3657,20347980,2712,8591
601,6,0,5,20,27435600,3657,20347980,2710,8597
602,2,0,1,24,27452280,3656,20347980,2709,8599
603,6,0,4,21,27465660,3656,20347980,2707,8605
604,5,0,5,20,27475260,3656,20347980,2705,8610
605,9,0,8,17,27490860,3655,20347980,2702,8619
606,8,0,4,21,27521460,3653,20347980,2699,8627
607,7,0,3,22,27540180,3652,20347980,2697,8634
608,13,0,8,17,27558000,3650,20347980,2692,8647
609,13,0,11,14,27586740,3649,20347980,2687,8660
610,9,0,10,15,27624480,3649,20347980,2684,8669
611,6,0,8,17,27660480,3650,20347980,2682,8675
612,10,0,12,13,27687600,3651,20347980,2679,8685
613,12,0,11,14,27731760,3650,20347980,2674,8697
614,6,0,9,16,27770160,3652,20347980,2672,8703
615,8,0,10,15,27801180,3652,20347980,2669,8711
616,9,0,3,22,27847560,3651,20347980,2666,8720
617,6,0,6,19,27850140,3650,20347980,2664,8726
618,5,0,6,19,27878940,3651,20347980,2662,8731
619,11,0,8,17,27898920,3649,20347980,2659,8742
620,11,0,10,15,27927360,3649,20347980,2655,8753
621,4,0,7,18,27956220,3649,20347980,2653,8757
622,7,0,7,18,27984600,3650,20347980,2651,8764
623,5,0,6,19,28006320,3649,20347980,2649,8769
624,2,0,3,22,28026060,3650,20347980,2649,8771
625,1,0,3,22,28028700,3650,20347980,2648,8772
626,8,0,7,18,28048620,3650,20347980,2646,8780
627,4,0,6,19,28064220,3650,20347980,2644,8784
628,7,0,8,17,28087080,3650,20347980,2642,8791
629,7,0,9,16,28097880,3649,20347980,2639,8798
630,11,0,8,17,28163340,3652,20347980,2636,8809
631,3,0,8,17,28176780,3652,20347980,2635,8812
632,8,0,8,17,28214640,3653,20347980,2632,8820
633,13,0,10,15,28253460,3653,20347980,2627,8833
634,12,0,12,13,28278060,3652,20347980,2623,8845
635,16,0,20,5,28299120,3651,20347980,2618,8861
636,9,0,13,12,28369740,3652,20347980,2615,8870
637,16,0,9,16,28451580,3653,20347980,2610,8886
638,13,0,8,17,28489680,3652,20347980,2605,8899
639,15,0,11,14,28510680,3649,20347980,2600,8914
640,6,0,4,21,28562460,3649,20347980,2598,8920
641,9,0,6,19,28583160,3649,20347980,2595,8929
642,7,0,8,17,28599840,3648,20347980,2593,8936
643,14,0,15,10,28628280,3649,20347980,2588,8950
644,16,0,16,9,28667520,3647,20347980,2583,8966
645,5,0,11,14,28702680,3647,20347980,2581,8971
646,8,0,8,17,28758900,3649,20347980,2579,8979
647,4,0,4,21,28790880,3649,20347980,2577,8983
648,6,0,6,19,28805880,3649,20347980,2576,8989
649,4,0,4,21,28817160,3648,20347980,2574,8993
650,6,0,6,19,28839480,3649,20347980,2572,8999
651,5,0,8,17,28844580,3648,20347980,2571,9004
652,9,0,8,17,28877280,3648,20347980,2568,9013
653,3,0,6,19,28903740,3649,20347980,2567,9016
654,5,0,6,19,28935060,3651,20347980,2565,9021
655,5,0,5,20,28954440,3650,20347980,2564,9026
656,10,0,8,17,28974300,3650,20347980,2560,9036
657,11,0,11,14,28991880,3648,20347980,2557,9047
658,18,0,15,10,29041260,3648,20347980,2551,9065
659,11,0,16,9,29079120,3648,20347980,2547,9076
660,9,0,14,11,29129040,3649,20347980,2545,9085
661,8,0,10,15,29193120,3652,20347980,2542,9093
662,10,0,10,15,29236140,3653,20347980,2539,9103
663,12,0,10,15,29265900,3651,20347980,2535,9115
664,11,0,9,16,29296860,3649,20347980,2532,9126
665,9,0,7,18,29323980,3648,20347980,2529,9135
666,15,0,17,8,29341860,3648,20347980,2524,9150
667,7,0,11,14,29398680,3649,20347980,2522,9157
668,11,0,11,14,29439000,3649,20347980,2518,9168
669,8,0,10,15,29473500,3649,20347980,2516,9176
670,6,0,7,18,29512680,3650,20347980,2514,9182
671,10,0,11,14,29544060,3651,20347980,2511,9192
672,9,0,14,11,29556900,3650,20347980,2508,9201
673,1,0,15,10,29556900,3650,20347980,2508,9202
674,9,0,17,8,29568420,3648,20347980,2505,9211
675,3,0,18,7,29575500,3648,20347980,2504,9214
676,7,0,22,3,29587320,3648,20347980,2502,9221
677,10,0,25,0,29617500,3649,20347980,2499,9231
678,15,3,25,0,29656020,3648,20348760,2495,9246
679,13,10,25,0,29686620,3649,20355360,2492,9259
680,6,9,25,0,29720940,3650,20364960,2491,9265
681,7,0,21,4,29791080,3650,20415960,2495,9272
682,5,0,20,5,29812080,3650,20415960,2493,9277
683,7,0,19,6,29832120,3649,20415960,2491,9284
684,7,0,20,5,29859900,3649,20415960,2489,9291
685,9,1,25,0,29871540,3649,20415960,2487,9300
686,7,0,21,4,29914440,3649,20418480,2484,9307
687,9,0,24,1,29939460,3650,20418480,2482,9316
688,10,0,23,2,29984100,3650,20418960,2479,9326
689,6,0,20,5,30028080,3652,20418960,2477,9332
690,7,0,22,3,30043800,3651,20418960,2475,9339
691,6,0,21,4,30085320,3653,20418960,2473,9345
692,11,0,18,7,30120840,3651,20419200,2470,9356
693,7,0,20,5,30136020,3651,20419200,2468,9363
694,7,0,20,5,30170940,3652,20419200,2466,9370
695,4,0,19,6,30186780,3652,20419200,2464,9374
696,6,0,18,7,30217980,3653,20419200,2463,9380
697,6,0,18,7,30234240,3652,20419200,2461,9386
698,7,0,20,5,30256800,3652,20419200,2459,9393
699,3,0,18,7,30273900,3652,20419200,2458,9396
700,8,0,19,6,30303720,3653,20419200,2456,9404
701,7,0,19,6,30323880,3652,20419200,2453,9411
702,5,0,19,6,30337200,3652,20419200,2452,9416
703,10,0,23,2,30363180,3652,20419260,2449,9426
704,11,2,25,0,30388740,3652,20419800,2446,9437
705,9,0,24,1,30433500,3652,20422260,2444,9446
706,10,0,20,5,30484320,3652,20422260,2441,9456
707,11,0,25,0,30511680,3653,20422260,2437,9467
708,10,0,22,3,30551280,3652,20422560,2435,9477
709,14,2,25,0,30585120,3652,20422920,2431,9491
710,10,7,25,0,30610440,3653,20426820,2429,9501
711,15,2,25,0,30672000,3651,20447700,2427,9516
712,12,6,25,0,30702060,3651,20452140,2424,9528
713,8,2,25,0,30761520,3653,20479560,2424,9536
714,4,0,17,8,30801420,3652,20485740,2424,9540
715,9,0,20,5,30817800,3651,20485740,2421,9549
716,7,0,21,4,30831480,3650,20485740,2419,9556
717,4,0,19,6,30871320,3652,20485740,2418,9560
718,4,0,16,9,30898080,3653,20485740,2417,9564
719,5,0,16,9,30912720,3652,20485740,2416,9569
720,6,0,17,8,30930480,3652,20485740,2414,9575
721,4,0,16,9,30936960,3651,20485740,2413,9579
722,5,0,15,10,30952860,3650,20485740,2411,9584
723,7,0,19,6,30955560,3649,20485740,2409,9591
724,8,0,20,5,30979800,3649,20485740,2407,9599
725,5,0,21,4,30993840,3649,20485740,2406,9604
726,6,0,17,8,31033980,3649,20485740,2404,9610
727,3,0,17,8,31042920,3649,20485740,2403,9613
728,7,0,16,9,31069140,3649,20485740,2401,9620
729,5,0,19,6,31073100,3648,20485740,2400,9625
730,5,0,18,7,31093620,3648,20485740,2398,9630
731,17,2,25,0,31116120,3647,20486100,2394,9647
732,10,3,25,0,31159740,3649,20494380,2392,9657
733,8,4,25,0,31188900,3649,20502000,2391,9665
734,8,0,25,0,31230840,3649,20516400,2390,9673
735,15,3,25,0,31266300,3648,20521140,2386,9688
736,9,5,25,0,31306680,3650,20529060,2385,9697
737,11,9,25,0,31348560,3651,20533680,2382,9708
738,6,6,25,0,31393260,3653,20557200,2383,9714
739,8,0,22,3,31449060,3652,20590920,2385,9722
740,12,0,25,0,31491840,3653,20592120,2382,9734
741,8,0,23,2,31532100,3654,20593800,2380,9742
742,9,0,23,2,31558920,3653,20593800,2377,9751
743,3,0,19,6,31593000,3654,20593800,2376,9754
744,10,0,25,0,31602480,3653,20593800,2374,9764
745,10,0,22,3,31663620,3655,20596440,2371,9774
746,4,0,18,7,31684500,3654,20596440,2370,9778
747,5,0,17,8,31715280,3655,20596440,2369,9783
748,9,0,20,5,31727160,3654,20596440,2366,9792
749,10,0,24,1,31741020,3653,20596440,2364,9802
750,4,0,21,4,31775520,3654,20596440,2363,9806
751,7,0,21,4,31810860,3655,20596440,2361,9813
752,7,0,22,3,31831920,3655,20596440,2359,9820
753,16,1,25,0,31881360,3656,20599200,2355,9836
754,9,0,25,0,31917420,3656,20603940,2353,9845
755,9,3,25,0,31945920,3656,20610060,2351,9854
756,10,0,24,1,32007780,3658,20614260,2349,9864
757,13,2,25,0,32035380,3657,20616300,2346,9877
758,11,3,25,0,32080800,3658,20619840,2343,9888
759,8,0,24,1,32132520,3658,20628240,2342,9896
760,3,0,17,8,32173140,3659,20628240,2341,9899
761,9,0,20,5,32191440,3658,20628240,2339,9908
762,9,0,22,3,32223600,3659,20628240,2336,9917
763,6,0,22,3,32250600,3660,20628240,2335,9923
764,9,0,25,0,32277960,3660,20629080,2333,9932
765,9,0,23,2,32326800,3661,20629920,2330,9941
766,9,0,20,5,32366520,3661,20629920,2328,9950
767,4,0,16,9,32397120,3661,20629920,2327,9954
768,7,0,18,7,32408640,3660,20629920,2325,9961
769,5,0,16,9,32426580,3659,20629920,2324,9966
770,6,0,19,6,32428440,3658,20629920,2322,9972
771,7,0,20,5,32454240,3659,20629920,2320,9979
772,7,0,19,6,32477220,3658,20629920,2319,9986
773,5,0,16,9,32506860,3658,20629920,2317,9991
774,4,0,16,9,32516280,3658,20629920,2316,9995
775,8,0,21,4,32528220,3658,20629920,2314,10003
776,8,0,23,2,32547960,3657,20629920,2312,10011
777,9,0,25,0,32570460,3657,20629920,2310,10020
778,12,0,25,0,32605920,3656,20636880,2307,10032
779,13,1,25,0,32669460,3658,20637600,2304,10045
780,15,9,25,0,32694600,3658,20641020,2301,10060
781,17,20,25,0,32729940,3660,20649300,2298,10077
782,11,26,25,0,32765460,3662,20665140,2296,10088
783,11,27,25,0,32832420,3665,20707380,2298,10099
784,6,25,25,0,32867760,3666,20737920,2300,10105
785,7,16,25,0,32928360,3666,20857860,2312,10112
786,8,4,25,0,32953440,3661,21073200,2333,10120
787,10,2,25,0,32993580,3660,21085800,2332,10130
788,11,0,25,0,33047040,3661,21094680,2330,10141
789,9,0,21,4,33085500,3660,21094680,2328,10150
790,6,0,18,7,33119640,3660,21094680,2326,10156
791,1,0,16,9,33140220,3661,21094680,2326,10157
792,7,0,20,5,33147540,3661,21094680,2324,10164
793,6,0,19,6,33173400,3661,21094680,2323,10170
794,3,0,16,9,33186720,3660,21094680,2322,10173
795,7,0,20,5,33194700,3659,21094680,2320,10180
796,7,0,16,9,33225180,3658,21094680,2318,10187
797,5,0,17,8,33240780,3658,21094680,2317,10192
798,6,0,18,7,33248220,3657,21094680,2316,10198
799,12,0,19,6,33272880,3655,21094680,2313,10210
800,8,0,20,5,33284220,3654,21094680,2310,10218
801,14,0,21,4,33317520,3652,21094800,2307,10232
802,7,0,20,5,33336060,3651,21094800,2305,10239
803,13,0,23,2,33365400,3650,21095760,2302,10252
804,16,4,25,0,33420360,3652,21097380,2299,10268
805,15,6,25,0,33458940,3651,21106260,2295,10283
806,13,8,25,0,33512940,3653,21118140,2293,10296
807,18,17,25,0,33552300,3654,21125040,2290,10314
808,12,23,25,0,33583380,3655,21128700,2287,10326
809,8,26,25,0,33619860,3657,21134160,2286,10334
810,10,28,25,0,33662580,3658,21165960,2287,10344
811,12,28,25,0,33720300,3660,21189120,2287,10356
812,6,26,25,0,33755520,3660,21266280,2294,10362
813,5,12,25,0,33808980,3658,21516660,2319,10367
814,5,0,17,8,33860940,3654,21724140,2340,10372
815,5,0,19,6,33874620,3655,21724140,2339,10377
816,2,0,16,9,33897180,3655,21724140,2338,10379
817,5,0,16,9,33914280,3655,21724140,2337,10384
818,4,0,17,8,33927420,3655,21724140,2336,10388
819,6,0,19,6,33938280,3655,21724140,2334,10394
820,3,0,18,7,33956220,3655,21724140,2334,10397
821,3,0,16,9,33975420,3655,21724140,2333,10400
822,7,0,18,7,33991920,3655,21724140,2331,10407
823,11,0,22,3,34005840,3654,21724140,2328,10418
824,6,0,19,6,34038840,3654,21724140,2327,10424
825,5,0,19,6,34058040,3654,21724140,2326,10429
826,8,0,20,5,34084080,3654,21724140,2324,10437
827,14,0,25,0,34104720,3653,21724140,2320,10451
828,8,0,23,2,34140000,3652,21724500,2318,10459
829,13,0,21,4,34191060,3652,21725400,2315,10472
830,12,0,25,0,34211880,3651,21725400,2312,10484
831,14,4,25,0,34237560,3650,21727500,2309,10498
832,8,2,25,0,34286100,3651,21736380,2308,10506
833,13,0,24,1,34336140,3650,21737820,2305,10519
834,12,0,23,2,34382640,3650,21739620,2302,10531
835,9,0,23,2,34409700,3650,21739620,2300,10540
836,7,0,23,2,34442340,3650,21739680,2298,10547
837,5,0,22,3,34472340,3651,21740040,2297,10552
838,9,0,21,4,34521720,3653,21740040,2295,10561
839,6,0,19,6,34555380,3653,21740040,2293,10567
840,7,0,22,3,34572180,3653,21740040,2292,10574
841,3,0,17,8,34600080,3653,21740040,2291,10577
842,3,0,16,9,34630980,3655,21740040,2290,10580
843,4,0,18,7,34636560,3655,21740040,2289,10584
844,4,0,16,9,34656840,3655,21740040,2288,10588
845,5,0,19,6,34662600,3654,21740040,2287,10593
846,7,0,21,4,34684440,3655,21740040,2286,10600
847,6,0,21,4,34705800,3655,21740040,2284,10606
848,6,0,19,6,34743780,3656,21740040,2283,10612
849,13,0,22,3,34767660,3654,21740880,2280,10625
850,7,0,21,4,34804260,3655,21740880,2278,10632
851,11,0,21,4,34841340,3655,21740880,2275,10643
852,12,0,24,1,34864920,3654,21741000,2272,10655
853,10,0,21,4,34906740,3653,21741000,2270,10665
854,4,0,19,6,34930560,3653,21741000,2269,10669
855,10,0,19,6,34962840,3653,21741000,2267,10679
856,9,0,23,2,34980000,3653,21741000,2265,10688
857,13,3,25,0,35009940,3653,21744120,2262,10701
858,8,0,22,3,35059080,3653,21749220,2261,10709
859,8,0,22,3,35086440,3652,21749220,2259,10717
860,6,0,20,5,35107140,3652,21749220,2257,10723
861,10,0,21,4,35140020,3652,21749220,2255,10733
862,8,0,21,4,35166960,3651,21749220,2253,10741
863,6,0,21,4,35202660,3653,21749220,2252,10747
864,3,0,18,7,35223840,3653,21749220,2251,10750
865,5,0,19,6,35239260,3653,21749220,2250,10755
866,2,0,13,12,35280840,3654,21749220,2249,10757
867,4,0,15,10,35282700,3653,21749220,2248,10761
868,7,0,17,8,35291880,3653,21749220,2247,10768
869,6,0,20,5,35301660,3652,21749220,2245,10774
870,4,0,18,7,35318700,3652,21749220,2244,10778
871,9,0,22,3,35342100,3652,21749220,2242,10787
872,11,1,25,0,35365740,3652,21749220,2240,10798
873,9,2,25,0,35397780,3653,21752400,2239,10807
874,6,0,22,3,35444340,3653,21753960,2237,10813
875,10,0,20,5,35482800,3653,21753960,2235,10823
876,8,0,20,5,35513160,3653,21753960,2233,10831
877,7,0,21,4,35533380,3653,21753960,2231,10838
878,14,2,25,0,35562660,3653,21754680,2228,10852
879,3,0,23,2,35585700,3652,21757440,2228,10855
880,13,1,25,0,35630940,3653,21758820,2225,10868
881,6,0,21,4,35680020,3654,21758940,2223,10874
882,7,0,18,7,35715060,3654,21758940,2222,10881
883,12,0,24,1,35737680,3654,21758940,2219,10893
884,6,0,24,1,35756520,3654,21758940,2218,10899
885,4,0,20,5,35786460,3654,21758940,2217,10903
886,7,0,18,7,35835900,3655,21758940,2215,10910
887,5,0,18,7,35851260,3655,21758940,2214,10915
888,3,0,16,9,35869620,3655,21758940,2213,10918
889,5,0,18,7,35881080,3655,21758940,2212,10923
890,5,0,17,8,35895600,3654,21758940,2211,10928
891,4,0,17,8,35911920,3655,21758940,2210,10932
892,3,0,17,8,35922840,3655,21758940,2210,10935
893,4,0,16,9,35936700,3654,21758940,2209,10939
894,8,0,19,6,35955000,3654,21758940,2207,10947
895,9,2,25,0,35956920,3654,21758940,2205,10956
896,8,0,22,3,36007020,3654,21761220,2203,10964
897,4,0,19,6,36031020,3654,21761220,2202,10968
898,11,0,23,2,36065940,3655,21761220,2200,10979
899,6,0,19,6,36099000,3655,21761220,2199,10985
900,10,0,19,6,36128640,3654,21761220,2196,10995
901,10,0,24,1,36137940,3653,21761220,2194,11005
902,9,0,20,5,36175860,3652,21761220,2192,11014
903,9,0,19,6,36205260,3651,21761220,2190,11023
904,8,0,21,4,36220560,3651,21761220,2189,11031
905,7,0,19,6,36250620,3650,21761220,2187,11038
906,9,0,20,5,36265980,3649,21761220,2185,11047
907,7,0,22,3,36299400,3651,21761220,2183,11054
908,8,0,24,1,36328260,3651,21761220,2182,11062
909,4,0,16,9,36373080,3651,21761220,2181,11066
910,4,0,17,8,36391020,3652,21761220,2180,11070
911,4,0,16,9,36412080,3652,21761220,2179,11074
912,7,0,19,6,36414180,3651,21761220,2178,11081
913,5,0,18,7,36440700,3652,21761220,2176,11086
914,7,0,18,7,36467400,3652,21761220,2175,11093
915,6,0,18,7,36489960,3652,21761220,2174,11099
916,8,0,21,4,36504000,3651,21761220,2172,11107
917,3,0,19,6,36522180,3651,21761220,2171,11110
918,10,0,22,3,36542280,3651,21761220,2169,11120
919,9,0,23,2,36584100,3652,21761220,2167,11129
920,4,0,18,7,36609960,3651,21761220,2166,11133
921,12,0,22,3,36636600,3651,21761220,2164,11145
922,8,0,21,4,36663600,3651,21761220,2162,11153
923,10,0,25,0,36688560,3651,21761280,2160,11163
924,16,3,25,0,36730680,3650,21764400,2157,11179
925,8,3,25,0,36770400,3651,21774360,2156,11187
926,8,0,21,4,36835980,3652,21791520,2156,11195
927,9,0,22,3,36851940,3651,21791520,2154,11204
928,9,0,20,5,36895260,3651,21792000,2152,11213
929,7,0,20,5,36925320,3652,21792000,2151,11220
930,6,0,20,5,36949860,3652,21792000,2149,11226
931,9,0,21,4,36970140,3651,21792000,2148,11235
932,3,0,17,8,37007640,3652,21792000,2147,11238
933,6,0,17,8,37030500,3653,21792000,2146,11244
934,8,0,19,6,37042860,3652,21792000,2144,11252
935,2,0,16,9,37061880,3652,21792000,2144,11254
936,3,0,15,10,37075620,3652,21792000,2143,11257
937,5,0,16,9,37083480,3651,21792000,2142,11262
938,5,0,19,6,37085400,3650,21792000,2141,11267
939,10,0,19,6,37119960,3650,21792000,2139,11277
940,4,0,20,5,37132080,3650,21792000,2138,11281
941,6,0,18,7,37158300,3650,21792000,2137,11287
942,6,0,18,7,37185480,3651,21792000,2135,11293
943,5,0,18,7,37199640,3650,21792000,2134,11298
944,7,0,20,5,37221840,3650,21792000,2133,11305
945,5,0,18,7,37239840,3650,21792000,2132,11310
946,8,0,22,3,37257540,3650,21792000,2130,11318
947,11,0,20,5,37289580,3649,21792180,2128,11329
948,6,0,17,8,37321500,3648,21792180,2127,11335
949,15,0,19,6,37352460,3647,21792180,2123,11350
950,8,0,22,3,37362060,3646,21792180,2122,11358
951,11,0,22,3,37395660,3645,21792180,2120,11369
952,7,0,20,5,37423320,3645,21792240,2118,11376
953,12,0,24,1,37464600,3646,21792420,2116,11388
954,11,4,25,0,37485180,3646,21794400,2114,11399
955,14,10,25,0,37533480,3648,21800580,2111,11413
956,6,4,25,0,37578660,3648,21837180,2114,11419
957,11,0,25,0,37626840,3647,21855420,2113,11430
958,6,0,20,5,37663980,3647,21855480,2112,11436
959,7,0,22,3,37692360,3648,21855480,2111,11443
960,6,0,19,6,37725180,3648,21855480,2109,11449
961,1,0,14,11,37747260,3648,21855480,2109,11450
962,2,0,14,11,37756980,3648,21855480,2109,11452
963,5,0,17,8,37758720,3648,21855480,2108,11457
964,5,0,20,5,37762020,3647,21855480,2107,11462
965,4,0,20,5,37783380,3648,21855480,2106,11466
966,13,1,25,0,37808580,3648,21855480,2103,11479
967,0,0,15,10,37855560,3649,21856080,2103,11479
968,8,0,19,6,37872180,3649,21856080,2102,11487
969,12,0,21,4,37888020,3647,21856080,2099,11499
970,10,0,24,1,37912920,3647,21856080,2097,11509
971,5,0,20,5,37941420,3646,21856080,2096,11514
972,9,0,18,7,37981620,3646,21856080,2094,11523
973,8,0,21,4,37995480,3646,21856080,2093,11531
974,16,1,25,0,38020440,3644,21856560,2090,11547
975,13,2,25,0,38065740,3645,21857220,2087,11560
976,8,1,25,0,38097360,3644,21858300,2086,11568
977,15,9,25,0,38128440,3645,21861600,2083,11583
978,6,6,25,0,38179560,3647,21876360,2083,11589
979,9,7,25,0,38218920,3648,21891060,2083,11598
980,4,0,19,6,38278500,3648,21942540,2087,11602
981,8,0,23,2,38294820,3648,21942540,2085,11610
982,5,0,22,3,38319120,3648,21942540,2084,11615
983,10,0,22,3,38341140,3647,21942540,2082,11625
984,7,0,21,4,38368620,3646,21942540,2081,11632
985,7,0,20,5,38404980,3647,21942540,2080,11639
986,8,0,22,3,38430540,3647,21942540,2078,11647
987,5,0,21,4,38459820,3648,21942540,2077,11652
988,5,0,19,6,38494020,3649,21942540,2076,11657
989,4,0,18,7,38509980,3649,21942540,2075,11661
990,5,0,18,7,38525040,3648,21942540,2074,11666
991,6,0,22,3,38532660,3648,21942540,2073,11672
992,6,0,18,7,38573340,3649,21942540,2072,11678
993,7,0,22,3,38581860,3649,21942540,2071,11685
994,13,2,25,0,38607840,3648,21945300,2068,11698
995,12,4,25,0,38642940,3648,21947160,2067,11710
996,7,1,25,0,38690820,3649,21962400,2066,11717
997,11,0,21,4,38752320,3650,21966840,2064,11728
998,13,2,25,0,38770140,3649,21967620,2062,11741
999,6,0,20,5,38816220,3649,21970140,2061,11747
1000,13,0,22,3,38852880,3648,21970560,2059,11760
1001,13,4,25,0,38868540,3648,21972660,2056,11773
1002,6,4,25,0,38904300,3649,21977040,2056,11779
1003,13,11,25,0,38946600,3651,21986940,2055,11792
1004,4,8,25,0,38985420,3652,22013280,2056,11796
1005,9,0,22,3,39046200,3651,22070940,2059,11805
1006,3,0,16,9,39091020,3652,22070940,2059,11808
1007,2,0,17,8,39096360,3652,22070940,2058,11810
1008,3,0,16,9,39112740,3653,22070940,2058,11813
1009,4,0,17,8,39126840,3653,22070940,2057,11817
1010,13,0,23,2,39147720,3652,22070940,2055,11830
1011,20,11,25,0,39168240,3652,22073640,2051,11850
1012,35,36,25,0,39217440,3653,22081920,2045,11885
1013,33,40,25,0,39248580,3654,22090860,2044,11918
1014,34,40,25,0,39291240,3656,22112700,2045,11952
1015,23,39,25,0,39348720,3658,22132620,2045,11975
1016,28,40,25,0,39387240,3658,22199820,2049,12003
1017,35,40,25,0,39431280,3658,22224480,2050,12038
1018,33,40,25,0,39459420,3658,22270500,2052,12071
1019,31,39,25,0,39517200,3659,22298880,2052,12102
1020,37,40,25,0,39562500,3660,22362960,2056,12139
1021,26,38,25,0,39599820,3660,22405440,2058,12165
1022,21,38,25,0,39656280,3660,22521180,2066,12186
1023,45,40,25,0,39684360,3659,22532820,2065,12231
1024,33,40,25,0,39720120,3659,22558920,2066,12264
1025,34,40,25,0,39778260,3660,22658520,2072,12298
1026,27,40,25,0,39806820,3659,22674660,2072,12325
1027,34,40,25,0,39874020,3660,22739640,2075,12359
1028,39,38,25,0,39911160,3659,22780860,2076,12398
1029,33,40,25,0,39956100,3659,22833180,2079,12431
1030,29,39,25,0,39994020,3658,22859160,2078,12460
1031,28,40,25,0,40034100,3657,22887720,2079,12488
1032,27,39,25,0,40082280,3657,22949400,2081,12515
1033,30,40,25,0,40108140,3657,22952880,2080,12545
1034,40,40,25,0,40172940,3658,22979820,2080,12585
1035,32,40,25,0,40198560,3657,22988220,2079,12617
1036,37,40,25,0,40251600,3658,23024400,2080,12654
1037,29,40,25,0,40300920,3659,23093280,2084,12683
1038,32,40,25,0,40326840,3658,23118000,2085,12715
1039,32,40,25,0,40375560,3659,23158500,2086,12747
1040,26,40,25,0,40426200,3658,23193360,2087,12773
1041,24,40,25,0,40453320,3658,23208300,2087,12797
1042,32,40,25,0,40509120,3660,23251020,2088,12829
1043,33,40,25,0,40559700,3660,23278080,2089,12862
1044,33,40,25,0,40584660,3660,23328300,2092,12895
1045,29,40,25,0,40640100,3660,23349000,2091,12924
1046,39,40,25,0,40673760,3661,23360040,2090,12963
1047,37,40,25,0,40732620,3662,23487240,2099,13000
1048,36,40,25,0,40783980,3660,23497260,2096,13036
1049,27,40,25,0,40807440,3659,23523120,2097,13063
1050,37,40,25,0,40851240,3659,23603400,2102,13100
1051,39,40,25,0,40912860,3658,23641320,2102,13139
1052,35,40,25,0,40942200,3657,23715900,2106,13174
1053,33,39,25,0,40974840,3657,23729760,2106,13207
1054,31,39,25,0,41024100,3657,23771640,2107,13238
1055,36,40,25,0,41062140,3658,23779620,2106,13274
1056,26,40,25,0,41093940,3658,23821200,2108,13300
1057,30,40,25,0,41156940,3658,23936280,2115,13330
1058,25,39,25,0,41201520,3657,24066840,2124,13355
1059,30,40,25,0,41237040,3658,24079860,2124,13385
1060,36,40,25,0,41288280,3658,24120600,2124,13421
1061,32,40,25,0,41317140,3658,24124080,2123,13453
1062,28,38,25,0,41383800,3659,24167220,2125,13481
1063,21,33,25,0,41429280,3656,25133820,2206,13502
1064,30,38,25,0,41468460,3655,25140660,2203,13532
1065,36,40,25,0,41507340,3656,25155780,2203,13568
1066,26,40,25,0,41555280,3656,25189860,2204,13594
1067,29,38,25,0,41600100,3656,25227300,2204,13623
1068,26,40,25,0,41626260,3655,25261320,2206,13649
1069,30,40,25,0,41659620,3655,25270980,2205,13679
1070,32,39,25,0,41715540,3657,25274160,2203,13711
1071,23,38,25,0,41771220,3658,25311060,2204,13734
1072,24,39,25,0,41794920,3658,25317900,2204,13758
1073,29,39,25,0,41853120,3659,25329660,2202,13787
1074,32,40,25,0,41879160,3659,25358820,2203,13819
1075,32,40,25,0,41929200,3660,25386900,2203,13851
1076,35,40,25,0,41982780,3659,25405560,2202,13886
1077,26,40,25,0,42010740,3660,25462500,2206,13912
1078,35,40,25,0,42073140,3659,25537380,2208,13947
1079,41,40,25,0,42104640,3659,25546380,2207,13988
1080,37,39,25,0,42157680,3659,25709460,2219,14025
1081,34,39,25,0,42189720,3658,25817460,2226,14059
1082,37,40,25,0,42248760,3658,25843860,2225,14096
1083,30,40,25,0,42283200,3658,25892820,2227,14126
1084,35,40,25,0,42331860,3658,25910220,2226,14161
1085,23,40,25,0,42366420,3658,25950000,2228,14184
1086,29,40,25,0,42408480,3658,25976940,2228,14213
1087,35,40,25,0,42451500,3659,25989600,2227,14248
1088,33,40,25,0,42491940,3659,26010180,2227,14281
1089,32,40,25,0,42530520,3660,26016360,2226,14313
1090,30,40,25,0,42585540,3661,26159640,2236,14343
1091,39,40,25,0,42627360,3660,26212140,2238,14382
1092,30,40,25,0,42655380,3660,26246400,2240,14412
1093,31,38,25,0,42711240,3662,26271360,2240,14443
1094,33,40,25,0,42755040,3663,26275980,2239,14476
1095,28,39,25,0,42806040,3663,26369220,2244,14504
1096,27,40,25,0,42834600,3661,26542320,2256,14531
1097,31,39,25,0,42881940,3661,26657400,2264,14562
1098,30,40,25,0,42935940,3662,26981100,2289,14592
1099,28,40,25,0,42962760,3662,26987160,2288,14620
1100,29,38,25,0,43008540,3663,27015720,2288,14649
1101,36,40,25,0,43061040,3663,27072120,2291,14685
1102,19,37,25,0,43112160,3663,27103980,2291,14704
1103,31,40,25,0,43125060,3663,27107580,2290,14735
1104,29,40,25,0,43165980,3664,27121440,2289,14764
1105,30,38,25,0,43236240,3665,27338460,2305,14794
1106,34,39,25,0,43291080,3662,27376680,2304,14828
1107,33,40,25,0,43317780,3661,27413700,2304,14861
1108,25,40,25,0,43366680,3659,27701400,2324,14886
1109,32,38,25,0,43410420,3660,27719400,2324,14918
1110,36,40,25,0,43452300,3660,27728340,2323,14954
1111,39,40,25,0,43488000,3659,27808620,2327,14993
1112,25,40,25,0,43534080,3660,27829860,2327,15018
1113,31,37,25,0,43584120,3660,27857640,2327,15049
1114,35,40,25,0,43631580,3659,27923880,2329,15084
1115,23,36,25,0,43665480,3657,28094940,2341,15107
1116,35,40,25,0,43695660,3657,28105080,2339,15142
1117,40,40,25,0,43739040,3658,28126980,2340,15182
1118,27,40,25,0,43809780,3658,28425120,2361,15209
1119,30,38,25,0,43838100,3658,28438080,2360,15239
1120,27,40,25,0,43867260,3658,28502280,2364,15266
1121,26,39,25,0,43928160,3659,28754760,2382,15292
1122,25,37,25,0,43965600,3657,28780860,2382,15317
1123,31,38,25,0,43997280,3657,28793760,2381,15348
1124,27,40,25,0,44058840,3658,28815000,2380,15375
1125,29,39,25,0,44083200,3658,28820280,2379,15404
1126,39,40,25,0,44114700,3659,28850280,2380,15443
1127,27,40,25,0,44175300,3659,28980060,2388,15470
1128,27,38,25,0,44228340,3659,29003520,2387,15497
1129,27,40,25,0,44262660,3660,29026980,2387,15524
1130,29,40,25,0,44311920,3659,29093460,2390,15553
1131,30,40,25,0,44363400,3659,29181060,2394,15583
1132,22,40,25,0,44397600,3659,29190600,2393,15605
1133,36,40,25,0,44449200,3658,29237160,2394,15641
1134,34,40,25,0,44485920,3658,29253780,2393,15675
1135,32,40,25,0,44523480,3658,29256720,2391,15707
1136,41,40,25,0,44573880,3659,29269620,2390,15748
1137,28,40,25,0,44610240,3658,29334960,2392,15776
1138,29,38,25,0,44665920,3658,29398680,2395,15805
1139,30,40,25,0,44702880,3657,29413560,2394,15835
1140,26,40,25,0,44731680,3656,29461740,2395,15861
1141,28,40,25,0,44796060,3655,29566500,2400,15889
1142,24,40,25,0,44817240,3655,29571480,2399,15913
1143,33,40,25,0,44864940,3656,29587740,2399,15946
1144,32,40,25,0,44915700,3657,29602020,2398,15978
1145,30,40,25,0,44965860,3656,29625000,2396,16008
1146,28,39,25,0,45007620,3657,29682900,2399,16036
1147,21,39,25,0,45046560,3656,29853480,2410,16057
1148,34,40,25,0,45087840,3655,29890860,2411,16091
1149,31,39,25,0,45138000,3656,29915160,2410,16122
1150,32,39,25,0,45171780,3655,29926500,2409,16154
1151,38,40,25,0,45209940,3655,30049440,2417,16192
1152,38,40,25,0,45262440,3656,30186060,2425,16230
1153,33,39,25,0,45297780,3656,30196320,2425,16263
1154,35,39,25,0,45338100,3656,30253020,2427,16298
1155,38,40,25,0,45399060,3657,30292620,2428,16336
1156,30,40,25,0,45433320,3657,30349500,2430,16366
1157,31,40,25,0,45468000,3657,30356520,2429,16397
1158,32,40,25,0,45530340,3658,30421200,2431,16429
1159,27,40,25,0,45563520,3658,30466920,2433,16456
1160,29,40,25,0,45610080,3658,30479820,2432,16485
1161,28,40,25,0,45646500,3658,30518400,2433,16513
1162,23,40,25,0,45700620,3658,30569220,2434,16536
1163,34,40,25,0,45733800,3658,30578460,2433,16570
1164,22,39,25,0,45772500,3658,30719280,2442,16592
1165,32,39,25,0,45820980,3659,30726180,2441,16624
1166,28,40,25,0,45851880,3659,30737340,2440,16652
1167,31,40,25,0,45904740,3660,30876840,2449,16683
1168,22,39,25,0,45958140,3659,31655760,2508,16705
1169,26,40,25,0,46004040,3660,31886940,2524,16731
1170,34,39,25,0,46035300,3660,31899180,2523,16765
1171,29,40,25,0,46093980,3660,31927140,2522,16794
1172,30,40,25,0,46124040,3660,31933260,2521,16824
1173,33,39,25,0,46164600,3660,31974300,2523,16857
1174,27,40,25,0,46208520,3661,31981920,2521,16884
1175,24,40,25,0,46248600,3662,31987680,2520,16908
1176,11,37,25,0,46307940,3664,32036220,2522,16919
1177,4,10,25,0,46355100,3658,42958920,3381,16923
1178,5,0,16,9,46394520,3655,45514440,3581,16928
1179,7,0,16,9,46410540,3654,45514440,3579,16935
1180,7,0,19,6,46419840,3653,45514440,3577,16942
1181,8,0,23,2,46431900,3653,45514440,3575,16950
1182,7,0,21,4,46470180,3654,45514980,3573,16957
1183,10,0,23,2,46506840,3654,45514980,3570,16967
1184,9,0,20,5,46547220,3654,45514980,3567,16976
1185,7,0,18,7,46575900,3654,45514980,3565,16983
1186,10,0,22,3,46598220,3654,45514980,3563,16993
1187,9,0,21,4,46629120,3653,45514980,3560,17002
1188,13,1,25,0,46659000,3653,45515220,3556,17015
1189,4,0,18,7,46704180,3653,45515580,3555,17019
1190,11,0,25,0,46718520,3653,45516300,3552,17030
1191,14,4,25,0,46755720,3653,45520980,3549,17044
1192,9,2,25,0,46804920,3654,45534240,3548,17053
1193,5,0,21,4,46842780,3654,45542580,3547,17058
1194,8,0,22,3,46876140,3655,45542580,3544,17066
1195,12,0,23,2,46914900,3654,45542580,3541,17078
1196,6,0,22,3,46951080,3655,45542580,3540,17084
1197,7,0,18,7,46993320,3655,45542580,3538,17091
1198,5,0,20,5,47004960,3655,45542580,3536,17096
1199,3,0,17,8,47023800,3655,45542580,3535,17099
1200,6,0,21,4,47033520,3655,45542580,3534,17105
1201,5,0,19,6,47056140,3655,45542580,3532,17110
1202,6,0,18,7,47094000,3656,45542580,3531,17116
1203,7,0,21,4,47111220,3656,45542580,3529,17123
1204,6,0,21,4,47133660,3656,45542580,3527,17129
1205,6,0,19,6,47169540,3657,45542580,3526,17135
1206,5,0,18,7,47193900,3657,45542580,3524,17140
1207,10,0,23,2,47209680,3657,45542580,3521,17150
1208,9,0,21,4,47253300,3657,45542580,3519,17159
1209,8,0,20,5,47276520,3656,45542580,3517,17167
1210,14,0,23,2,47305620,3656,45542580,3513,17181
1211,9,0,23,2,47330400,3655,45542700,3511,17190
1212,7,0,22,3,47368860,3656,45542700,3509,17197
1213,14,0,25,0,47395620,3655,45542700,3505,17211
1214,11,0,25,0,47431260,3654,45542700,3502,17222
1215,11,5,25,0,47467020,3655,45545100,3500,17233
1216,8,2,25,0,47510760,3656,45556560,3498,17241
1217,9,0,23,2,47564940,3656,45559980,3496,17250
1218,10,1,25,0,47596920,3657,45561060,3493,17260
1219,9,0,24,1,47642160,3657,45562500,3491,17269
1220,8,0,23,2,47674200,3657,45562500,3489,17277
1221,7,0,20,5,47716560,3657,45562500,3487,17284
1222,4,0,17,8,47743800,3657,45562500,3486,17288
1223,4,0,16,9,47766660,3658,45562500,3485,17292
1224,5,0,17,8,47779860,3658,45562500,3483,17297
1225,6,0,17,8,47791620,3657,45562500,3482,17303
1226,3,0,18,7,47799300,3657,45562500,3481,17306
1227,9,0,20,5,47825940,3657,45562500,3479,17315
1228,7,0,18,7,47861340,3657,45562500,3477,17322
1229,8,0,20,5,47872980,3656,45562500,3475,17330
1230,6,0,16,9,47911500,3657,45562500,3473,17336
1231,6,0,17,8,47920440,3656,45562500,3471,17342
1232,9,0,18,7,47941020,3655,45562500,3469,17351
1233,5,0,18,7,47962680,3655,45562500,3468,17356
1234,8,0,19,6,47975700,3655,45562500,3466,17364
1235,5,0,19,6,48001320,3655,45562500,3464,17369
1236,16,5,25,0,48020040,3655,45563280,3460,17385
1237,8,5,25,0,48062880,3656,45572520,3459,17393
1238,5,0,21,4,48117120,3656,45601440,3460,17398
1239,17,2,25,0,48142920,3655,45601440,3456,17415
1240,10,4,25,0,48172500,3655,45605640,3453,17425
1241,16,11,25,0,48217680,3656,45610260,3450,17441
1242,6,0,20,5,48278100,3655,45655500,3451,17447
1243,9,0,20,5,48304260,3654,45655500,3449,17456
1244,9,2,25,0,48313140,3654,45655500,3447,17465
1245,6,0,24,1,48360600,3655,45656160,3445,17471
1246,11,0,23,2,48393240,3655,45657060,3442,17482
1247,6,0,19,6,48439980,3655,45657060,3440,17488
1248,6,0,18,7,48461220,3655,45657060,3439,17494
1249,2,0,16,9,48491820,3656,45657060,3438,17496
1250,1,0,14,11,48505200,3656,45657060,3438,17497
1251,3,0,16,9,48506100,3656,45657060,3437,17500
1252,11,0,21,4,48515520,3655,45657060,3434,17511
1253,6,0,21,4,48528660,3655,45657060,3433,17517
1254,6,0,19,6,48568140,3655,45657060,3431,17523
1255,14,0,23,2,48611460,3656,45657240,3428,17537
1256,12,4,25,0,48626580,3655,45658800,3426,17549
1257,8,1,25,0,48686460,3657,45677460,3424,17557
1258,10,0,23,2,48718620,3656,45679620,3422,17567
1259,12,0,18,7,48769560,3655,45679680,3419,17579
1260,14,0,22,3,48798960,3654,45679680,3415,17593
1261,8,0,22,3,48818520,3654,45679680,3413,17601
1262,11,0,21,4,48863880,3654,45679680,3410,17612
1263,12,0,20,5,48895560,3653,45679680,3407,17624
1264,13,0,24,1,48913560,3651,45681480,3404,17637
1265,16,10,25,0,48944700,3652,45685980,3400,17653
1266,9,8,25,0,49001700,3654,45705960,3399,17662
1267,9,0,20,5,49058640,3652,45739200,3400,17671
1268,9,0,19,6,49081140,3651,45739200,3397,17680
1269,9,0,22,3,49100400,3651,45739200,3395,17689
1270,3,0,17,8,49128300,3651,45739200,3394,17692
1271,7,0,20,5,49141860,3650,45739200,3393,17699
1272,5,0,20,5,49164180,3651,45739200,3391,17704
1273,2,0,15,10,49196280,3651,45739200,3391,17706
1274,4,0,15,10,49206540,3651,45739200,3390,17710
1275,7,0,18,7,49219080,3651,45739200,3388,17717
1276,13,0,25,0,49227660,3650,45739200,3385,17730
1277,7,0,20,5,49270380,3650,45739200,3383,17737
1278,4,0,17,8,49298040,3650,45739200,3382,17741
1279,6,0,18,7,49312380,3650,45739200,3381,17747
1280,10,0,21,4,49337460,3650,45739200,3378,17757
1281,6,0,20,5,49353780,3649,45739200,3377,17763
1282,12,0,23,2,49389420,3649,45739200,3374,17775
1283,14,4,25,0,49414440,3649,45739800,3371,17789
1284,19,14,25,0,49460040,3650,45744720,3366,17808
1285,6,16,25,0,49492740,3651,45752580,3365,17814
1286,10,18,25,0,49523280,3651,45772440,3364,17824
1287,11,19,25,0,49585140,3653,45792900,3363,17835
1288,5,0,24,1,49652700,3651,46003020,3377,17840
1289,11,0,22,3,49669800,3649,46003020,3374,17851
1290,8,0,20,5,49697400,3648,46003020,3372,17859
1291,6,0,19,6,49728840,3649,46003020,3371,17865
1292,12,0,24,1,49760280,3649,46003020,3368,17877
1293,10,0,22,3,49786740,3648,46003020,3365,17887
1294,7,0,23,2,49816080,3648,46003020,3364,17894
1295,5,0,21,4,49845840,3649,46003020,3362,17899
1296,3,0,19,6,49869360,3649,46003020,3362,17902
1297,4,0,19,6,49899660,3650,46003020,3361,17906
1298,5,0,18,7,49926780,3651,46003020,3359,17911
1299,10,0,22,3,49937280,3650,46003020,3357,17921
1300,4,0,17,8,49967880,3650,46003020,3356,17925
1301,7,0,22,3,49980180,3650,46003020,3354,17932
1302,8,0,25,0,50005440,3651,46003200,3352,17940
1303,7,0,23,2,50050740,3652,46003200,3351,17947
1304,4,0,18,7,50083080,3651,46003200,3350,17951
1305,7,0,18,7,50109720,3652,46003200,3348,17958
1306,7,0,22,3,50114640,3651,46003200,3346,17965
1307,13,0,22,3,50149080,3650,46003200,3343,17978
1308,5,0,15,10,50185020,3650,46003200,3342,17983
1309,10,0,21,4,50192760,3649,46003200,3339,17993
1310,12,0,19,6,50227860,3648,46003200,3336,18005
1311,7,0,21,4,50246520,3648,46003200,3335,18012
1312,13,1,25,0,50268300,3647,46004580,3332,18025
1313,19,15,25,0,50283060,3647,46006260,3330,18044
1314,9,18,25,0,50320440,3648,46020000,3326,18053
1315,12,19,25,0,50401980,3651,46043400,3325,18065
1316,8,20,25,0,50433240,3652,46066440,3325,18073
1317,5,17,25,0,50475060,3653,46121100,3327,18078
1318,3,0,19,6,50531940,3650,46312260,3340,18081
1319,4,0,17,8,50553840,3650,46312260,3339,18085
1320,5,0,16,9,50571300,3650,46312260,3338,18090
1321,7,0,18,7,50582100,3649,46312260,3337,18097
1322,4,0,18,7,50595480,3649,46312260,3336,18101
1323,13,0,22,3,50614560,3648,46312260,3333,18114
1324,2,0,18,7,50646120,3649,46312260,3332,18116
1325,9,0,23,2,50654580,3648,46312260,3330,18125
1326,6,0,21,4,50685240,3648,46313220,3329,18131
1327,7,0,20,5,50727420,3649,46313220,3327,18138
1328,13,0,23,2,50757720,3649,46313220,3324,18151
1329,8,0,23,2,50796180,3649,46313460,3322,18159
1330,11,1,25,0,50832000,3650,46317180,3319,18170
1331,7,1,25,0,50854680,3650,46321020,3318,18177
1332,10,0,21,4,50912820,3650,46323240,3316,18187
1333,12,0,25,0,50950320,3651,46323240,3313,18199
1334,10,0,22,3,50996400,3650,46323360,3311,18209
1335,9,0,23,2,51024960,3650,46323360,3309,18218
1336,13,0,25,0,51062520,3650,46324560,3306,18231
1337,8,0,18,7,51115920,3650,46324560,3304,18239
1338,7,0,18,7,51133740,3650,46324560,3302,18246
1339,11,0,22,3,51151260,3649,46324560,3299,18257
1340,5,0,19,6,51185280,3649,46324560,3298,18262
1341,8,0,21,4,51211200,3650,46324560,3296,18270
1342,4,0,19,6,51231960,3650,46324560,3295,18274
1343,6,0,16,9,51259740,3649,46324560,3294,18280
1344,1,0,15,10,51271500,3649,46324560,3294,18281
1345,3,0,14,11,51276240,3649,46324560,3293,18284
1346,7,0,19,6,51279660,3649,46324560,3291,18291
1347,6,0,17,8,51299580,3648,46324560,3290,18297
1348,9,0,23,2,51303900,3647,46324560,3288,18306
1349,7,0,24,1,51323340,3647,46327380,3287,18313
1350,4,0,20,5,51365160,3648,46327380,3286,18317
1351,7,0,20,5,51388320,3648,46327380,3284,18324
1352,9,0,25,0,51408600,3648,46328100,3282,18333
1353,14,0,25,0,51450900,3648,46329600,3279,18347
1354,13,9,25,0,51470580,3648,46332720,3277,18360
1355,8,8,25,0,51524280,3650,46352100,3275,18368
1356,10,5,25,0,51571260,3650,46369860,3274,18378
1357,9,0,24,1,51607560,3648,46406760,3275,18387
1358,15,4,25,0,51642660,3648,46409700,3272,18402
1359,9,8,25,0,51665460,3648,46415460,3270,18411
1360,15,12,25,0,51720600,3650,46440000,3268,18426
1361,7,2,25,0,51764580,3648,46493940,3271,18433
1362,10,0,24,1,51793200,3647,46501920,3269,18443
1363,6,0,20,5,51832680,3647,46501920,3267,18449
1364,7,0,24,1,51848820,3647,46501920,3266,18456
1365,7,0,19,6,51892620,3647,46501920,3264,18463
1366,5,0,18,7,51914280,3647,46501920,3263,18468
1367,3,0,18,7,51918840,3647,46501920,3262,18471
1368,4,0,18,7,51931860,3647,46501920,3261,18475
1369,8,0,20,5,51951720,3647,46501920,3260,18483
1370,3,0,20,5,51957960,3646,46501920,3259,18486
1371,5,0,18,7,51978960,3646,46501920,3258,18491
1372,6,0,18,7,52000740,3646,46501920,3256,18497
1373,11,0,20,5,52027200,3646,46501920,3254,18508
1374,7,0,20,5,52048320,3645,46501920,3252,18515
1375,11,0,21,4,52075920,3645,46501920,3250,18526
1376,11,2,25,0,52091400,3645,46502580,3248,18537
1377,7,0,24,1,52134480,3645,46507440,3246,18544
1378,12,2,25,0,52168080,3645,46507860,3244,18556
1379,18,4,25,0,52214820,3644,46513620,3240,18574
1380,9,0,25,0,52250700,3643,46520880,3238,18583
1381,9,0,23,2,52292760,3644,46524240,3236,18592
1382,16,4,25,0,52320720,3643,46524420,3233,18608
1383,7,6,25,0,52352340,3644,46528440,3232,18615
1384,7,0,25,0,52401120,3644,46552620,3232,18622
1385,8,0,24,1,52439940,3644,46552620,3230,18630
1386,6,0,20,5,52475940,3644,46552620,3229,18636
1387,14,2,25,0,52493220,3644,46552620,3226,18650
1388,6,0,25,0,52522920,3644,46556880,3224,18656
1389,5,0,20,5,52561800,3644,46557300,3223,18661
1390,7,0,21,4,52586580,3644,46557300,3222,18668
1391,9,0,22,3,52616400,3644,46557300,3220,18677
1392,7,0,23,2,52630560,3644,46557300,3218,18684
1393,5,0,18,7,52666440,3644,46557300,3217,18689
1394,5,0,19,6,52687320,3644,46557300,3216,18694
1395,6,0,20,5,52711500,3645,46557300,3215,18700
1396,5,0,21,4,52720680,3644,46557300,3213,18705
1397,6,0,17,8,52759020,3644,46557300,3212,18711
1398,1,0,16,9,52771740,3645,46557300,3212,18712
1399,6,0,19,6,52780320,3645,46557300,3211,18718
1400,7,0,21,4,52794480,3644,46557300,3209,18725
1401,13,3,25,0,52824240,3645,46559160,3206,18738
1402,10,4,25,0,52863900,3645,46573620,3205,18748
1403,12,11,25,0,52888560,3646,46582500,3204,18760
1404,12,14,25,0,52937640,3647,46588500,3201,18772
1405,13,22,25,0,52959120,3647,46594200,3199,18785
1406,12,27,25,0,53003700,3648,46603500,3197,18797
1407,13,35,25,0,53039520,3650,46610760,3195,18810
1408,6,34,25,0,53083320,3651,46625400,3195,18816
1409,6,29,25,0,53135700,3652,46661280,3195,18822
1410,12,31,25,0,53184480,3653,46684500,3194,18834
1411,6,31,25,0,53214000,3653,46711560,3194,18840
1412,6,28,25,0,53257260,3654,46792500,3199,18846
1413,9,14,25,0,53306040,3651,47195940,3224,18855
1414,5,0,17,8,53347020,3647,47546700,3247,18860
1415,2,0,17,8,53358840,3648,47546700,3247,18862
1416,4,0,15,10,53381820,3648,47546700,3246,18866
1417,6,0,18,7,53387400,3647,47546700,3244,18872
1418,2,0,19,6,53388660,3647,47546700,3244,18874
1419,6,0,21,4,53401020,3647,47546700,3243,18880
1420,4,0,17,8,53440620,3648,47546700,3242,18884
1421,6,0,19,6,53453460,3648,47546700,3240,18890
1422,8,0,18,7,53473680,3647,47546700,3239,18898
1423,5,0,20,5,53489940,3647,47546700,3237,18903
1424,9,0,21,4,53517960,3647,47547900,3236,18912
1425,14,4,25,0,53541300,3647,47547900,3233,18926
1426,10,4,25,0,53581620,3647,47553660,3231,18936
1427,12,5,25,0,53633280,3648,47566140,3229,18948
1428,11,14,25,0,53642700,3648,47569440,3227,18959
1429,11,17,25,0,53700060,3650,47586660,3225,18970
1430,11,24,25,0,53729640,3651,47595900,3224,18981
1431,2,20,25,0,53768160,3652,47618880,3225,18983
1432,8,20,25,0,53818200,3654,47666160,3227,18991
1433,6,10,25,0,53871780,3654,47841840,3237,18997
1434,13,2,25,0,53908500,3651,47954160,3242,19010
1435,9,2,25,0,53924700,3650,47987520,3242,19019
1436,10,0,23,2,53980380,3650,47989680,3240,19029
1437,6,0,23,2,54004440,3650,47989680,3239,19035
1438,3,0,17,8,54047580,3651,47989680,3238,19038
1439,7,0,19,6,54059400,3650,47989680,3236,19045
1440,4,0,18,7,54071100,3650,47989680,3235,19049
1441,2,0,15,10,54090420,3650,47989680,3235,19051
1442,2,0,15,10,54094200,3650,47989680,3235,19053
1443,4,0,17,8,54099060,3650,47989680,3234,19057
1444,8,0,21,4,54105540,3649,47989680,3232,19065
1445,8,0,20,5,54121620,3648,47989680,3230,19073
1446,4,0,21,4,54126600,3648,47989680,3229,19077
1447,6,0,23,2,54149580,3648,47989680,3228,19083
1448,9,0,24,1,54177480,3648,47989680,3226,19092
1449,5,0,16,9,54220140,3648,47989680,3225,19097
1450,11,0,20,5,54235380,3647,47989680,3223,19108
1451,7,0,20,5,54254160,3647,47989680,3221,19115
1452,10,0,21,4,54280080,3646,47989680,3219,19125
1453,14,6,25,0,54289920,3646,47990940,3216,19139
1454,10,2,25,0,54334020,3645,48008460,3216,19149
1455,12,1,25,0,54373500,3645,48013680,3213,19161
1456,12,1,25,0,54410580,3644,48016260,3211,19173
1457,12,7,25,0,54436920,3645,48018720,3208,19185
1458,9,4,25,0,54481980,3645,48044220,3208,19194
1459,7,0,20,5,54530100,3644,48057600,3207,19201
1460,6,0,18,7,54552300,3644,48057600,3206,19207
1461,3,0,19,6,54557820,3643,48057600,3205,19210
1462,7,0,21,4,54577500,3644,48057600,3204,19217
1463,5,0,22,3,54602280,3644,48057600,3203,19222
1464,3,0,18,7,54630720,3644,48057600,3202,19225
1465,4,0,19,6,54645780,3645,48057600,3201,19229
1466,5,0,21,4,54658200,3645,48057600,3200,19234
1467,4,0,20,5,54683040,3645,48057600,3199,19238
1468,9,0,20,5,54712980,3645,48057600,3197,19247
1469,3,0,17,8,54732600,3645,48057600,3197,19250
1470,9,0,18,7,54755280,3645,48057600,3195,19259
1471,11,0,21,4,54768480,3643,48057600,3192,19270
1472,8,0,25,0,54780240,3643,48057600,3191,19278
1473,11,0,25,0,54831960,3644,48060240,3189,19289
1474,13,5,25,0,54866460,3644,48063540,3187,19302
1475,10,7,25,0,54889440,3644,48070860,3185,19312
1476,12,11,25,0,54939180,3645,48081780,3183,19324
1477,12,10,25,0,54993480,3646,48093660,3181,19336
1478,11,10,25,0,55018620,3645,48104940,3179,19347
1479,9,12,25,0,55048620,3645,48112800,3178,19356
1480,3,0,24,1,55100700,3645,48259440,3187,19359
1481,7,0,17,8,55146480,3644,48259440,3186,19366
1482,8,0,20,5,55157580,3644,48259440,3184,19374
1483,11,1,25,0,55165500,3643,48259740,3182,19385
1484,5,0,20,5,55200540,3643,48261120,3181,19390
1485,4,0,20,5,55225080,3644,48261120,3180,19394
1486,7,0,20,5,55246380,3643,48261120,3178,19401
1487,7,0,21,4,55270140,3643,48261120,3177,19408
1488,7,0,20,5,55289880,3643,48261120,3175,19415
1489,7,0,23,2,55310520,3643,48261120,3174,19422
1490,6,0,22,3,55328400,3643,48261300,3173,19428
1491,4,0,21,4,55356960,3643,48261300,3172,19432
1492,7,0,20,5,55407600,3645,48261300,3170,19439
1493,6,0,19,6,55424820,3644,48261300,3169,19445
1494,7,0,21,4,55441020,3644,48261300,3168,19452
1495,17,6,25,0,55462860,3644,48261480,3164,19469
1496,6,1,25,0,55515240,3645,48277740,3164,19475
1497,7,0,21,4,55547160,3644,48277800,3163,19482
1498,9,0,24,1,55561680,3643,48277800,3161,19491
1499,14,4,25,0,55606800,3644,48282060,3158,19505
1500,6,0,22,3,55642680,3643,48287700,3157,19511
1501,15,4,25,0,55668120,3643,48289200,3155,19526
1502,9,0,22,3,55711020,3642,48296340,3153,19535
1503,12,1,25,0,55735560,3642,48296340,3151,19547
1504,8,0,22,3,55779720,3642,48298680,3149,19555
1505,8,0,22,3,55807860,3642,48298680,3147,19563
1506,6,0,20,5,55837140,3642,48298680,3146,19569
1507,9,0,23,2,55859880,3642,48298680,3144,19578
1508,4,0,22,3,55889520,3643,48298680,3143,19582
1509,4,0,19,6,55931760,3644,48298680,3143,19586
1510,2,0,15,10,55953000,3644,48298680,3142,19588
1511,4,0,18,7,55956780,3644,48298680,3141,19592
1512,7,0,19,6,55973760,3643,48298680,3140,19599
1513,2,0,18,7,55978380,3643,48298680,3139,19601
1514,7,0,20,5,56000280,3643,48298680,3138,19608
1515,10,3,25,0,56013300,3644,48299940,3137,19618
1516,5,1,25,0,56054700,3645,48310980,3136,19623
1517,4,0,19,6,56104680,3645,48312000,3135,19627
1518,7,0,21,4,56119500,3645,48312000,3134,19634
1519,7,0,23,2,56143200,3645,48312000,3132,19641
1520,7,0,22,3,56178180,3646,48312000,3131,19648
1521,10,0,22,3,56207700,3645,48312000,3129,19658
1522,12,0,24,1,56228340,3644,48313560,3126,19670
1523,14,3,25,0,56260140,3644,48314820,3124,19684
1524,8,4,25,0,56288760,3644,48319200,3123,19692
1525,12,3,25,0,56342220,3645,48330060,3121,19704
1526,12,10,25,0,56362500,3645,48332520,3120,19716
1527,10,11,25,0,56419620,3646,48343260,3117,19726
1528,17,21,25,0,56447460,3646,48355560,3115,19743
1529,10,26,25,0,56476140,3647,48363600,3114,19753
1530,14,34,25,0,56518320,3648,48369240,3111,19767
1531,5,33,25,0,56565480,3650,48387480,3111,19772
1532,6,31,25,0,56615640,3651,48445920,3113,19778
1533,5,26,25,0,56664900,3652,48535800,3118,19783
1534,4,11,25,0,56706840,3650,48841380,3137,19787
1535,5,0,19,6,56735340,3647,49060140,3150,19792
1536,6,0,20,5,56764680,3648,49060140,3149,19798
1537,3,0,19,6,56779800,3648,49060140,3148,19801
1538,4,0,16,9,56808780,3648,49060140,3147,19805
1539,3,0,18,7,56810640,3648,49060140,3147,19808
1540,11,0,21,4,56826420,3647,49060140,3144,19819
1541,7,0,20,5,56851560,3647,49060140,3143,19826
1542,7,0,23,2,56859540,3646,49060140,3142,19833
1543,5,0,22,3,56898360,3648,49060140,3141,19838
1544,5,0,20,5,56920800,3647,49060140,3140,19843
1545,9,0,23,2,56931600,3647,49060140,3138,19852
1546,18,7,25,0,56965680,3647,49061280,3135,19870
1547,6,1,25,0,57001200,3646,49074960,3134,19876
1548,12,4,25,0,57038100,3646,49082040,3132,19888
1549,11,7,25,0,57076740,3647,49088100,3130,19899
1550,13,13,25,0,57107460,3647,49091580,3129,19912
1551,11,13,25,0,57158040,3648,49107960,3127,19923
1552,5,1,25,0,57211080,3647,49199400,3131,19928
1553,6,0,21,4,57232320,3646,49205640,3131,19934
1554,12,0,21,4,57272520,3646,49205640,3128,19946
1555,12,3,25,0,57287160,3646,49207200,3126,19958
1556,2,0,22,3,57311520,3646,49215480,3126,19960
1557,8,0,21,4,57367740,3647,49215480,3124,19968
1558,5,0,21,4,57388980,3647,49215480,3123,19973
1559,5,0,20,5,57403140,3647,49215480,3123,19978
1560,5,0,17,8,57437340,3647,49215480,3122,19983
1561,6,0,19,6,57446340,3647,49215480,3120,19989
1562,3,0,16,9,57455940,3646,49215480,3120,19992
1563,6,0,18,7,57469740,3646,49215480,3119,19998
1564,7,0,22,3,57477540,3646,49215480,3117,20005
1565,5,0,22,3,57497100,3646,49215480,3116,20010
1566,5,0,16,9,57536400,3646,49215480,3115,20015
1567,6,0,19,6,57543180,3645,49215480,3114,20021
1568,8,0,21,4,57557940,3645,49215480,3112,20029
1569,10,0,25,0,57567600,3644,49215480,3110,20039
1570,7,0,22,3,57617280,3645,49216200,3109,20046
1571,9,0,24,1,57644940,3645,49216200,3107,20055
1572,7,0,19,6,57689160,3645,49216200,3106,20062
1573,10,0,25,0,57699180,3645,49216680,3104,20072
1574,20,12,25,0,57737040,3645,49222080,3100,20092
1575,9,14,25,0,57779640,3647,49233900,3099,20101
1576,7,11,25,0,57815280,3646,49257240,3100,20108
1577,20,24,25,0,57847620,3647,49268040,3097,20128
1578,9,26,25,0,57884760,3648,49279620,3096,20137
1579,8,30,25,0,57907980,3648,49294080,3095,20145
1580,6,25,25,0,57969660,3650,49354080,3098,20151
1581,6,13,25,0,58019880,3649,49547340,3108,20157
1582,3,0,18,7,58064040,3646,49750860,3120,20160
1583,4,0,18,7,58077780,3646,49750860,3120,20164
1584,5,0,19,6,58095240,3646,49750860,3119,20169
1585,6,0,20,5,58111200,3646,49750860,3118,20175
1586,10,0,22,3,58131240,3645,49750860,3116,20185
1587,3,0,21,4,58145460,3645,49750860,3115,20188
1588,6,0,20,5,58181280,3646,49750860,3114,20194
1589,8,0,20,5,58211280,3646,49750860,3112,20202
1590,9,0,19,6,58239360,3646,49750860,3110,20211
1591,7,0,22,3,58244400,3645,49750860,3109,20218
1592,13,0,24,1,58286700,3645,49755780,3107,20231
1593,7,0,24,1,58305780,3645,49755780,3106,20238
1594,10,0,25,0,58343400,3645,49758240,3104,20248
1595,6,0,20,5,58388040,3645,49758240,3103,20254
1596,11,0,25,0,58400460,3645,49758240,3100,20265
1597,9,2,25,0,58433580,3645,49764900,3099,20274
1598,17,12,25,0,58469760,3646,49773780,3097,20291
1599,5,3,25,0,58523700,3646,49815540,3098,20296
1600,12,0,25,0,58558380,3645,49837260,3097,20308
1601,11,2,25,0,58588140,3645,49845000,3095,20319
1602,8,2,25,0,58620000,3645,49855020,3095,20327
1603,12,0,24,1,58671240,3645,49861800,3093,20339
1604,9,4,25,0,58692720,3645,49864860,3092,20348
1605,1,0,19,6,58736100,3645,49870560,3091,20349
1606,6,0,19,6,58772760,3646,49870560,3090,20355
1607,10,0,25,0,58782420,3646,49870560,3088,20365
1608,3,0,20,5,58818000,3646,49870560,3088,20368
1609,2,0,17,8,58844100,3647,49870560,3087,20370
1610,4,0,17,8,58872660,3648,49870560,3087,20374
1611,6,0,21,4,58878780,3648,49870560,3085,20380
1612,6,0,20,5,58906800,3648,49870560,3084,20386
1613,3,0,17,8,58935660,3648,49870560,3084,20389
1614,11,0,21,4,58948380,3647,49870560,3082,20400
1615,5,0,21,4,58963980,3647,49870560,3081,20405
1616,7,0,23,2,58985400,3647,49870560,3079,20412
1617,6,0,19,6,59030940,3648,49870680,3078,20418
1618,19,7,25,0,59046000,3647,49873680,3075,20437
1619,15,14,25,0,59087940,3648,49882080,3072,20452
1620,19,28,25,0,59111580,3649,49888620,3071,20471
1621,11,28,25,0,59172240,3650,49908120,3069,20482
1622,10,32,25,0,59197260,3650,49925940,3068,20492
1623,6,27,25,0,59255220,3651,49962480,3069,20498
1624,5,14,25,0,59299680,3650,50166420,3080,20503
1625,12,10,25,0,59334480,3648,50241600,3083,20515
1626,4,4,25,0,59363700,3648,50344080,3088,20519
1627,9,1,25,0,59406300,3648,50459040,3093,20528
1628,8,0,20,5,59442660,3647,50462580,3092,20536
1629,5,0,18,7,59480280,3648,50462580,3091,20541
1630,4,0,20,5,59492760,3648,50462580,3090,20545
1631,3,0,16,9,59517120,3648,50462580,3090,20548
1632,3,0,16,9,59531580,3648,50462580,3089,20551
1633,5,0,18,7,59539980,3648,50462580,3088,20556
1634,9,0,20,5,59552880,3647,50462580,3087,20565
1635,5,0,20,5,59571780,3647,50462580,3086,20570
1636,8,0,19,6,59605620,3647,50462580,3084,20578
1637,5,0,20,5,59623560,3648,50462580,3083,20583
1638,5,0,21,4,59638140,3648,50462580,3082,20588
1639,9,0,21,4,59676600,3648,50462580,3081,20597
1640,5,0,19,6,59696280,3648,50462580,3080,20602
1641,17,0,24,1,59721840,3646,50462880,3077,20619
1642,13,0,25,0,59760240,3646,50468100,3074,20632
1643,10,0,23,2,59793300,3645,50469240,3073,20642
1644,13,0,25,0,59825700,3645,50469960,3070,20655
1645,9,0,25,0,59859240,3645,50473560,3069,20664
1646,5,0,24,1,59886540,3645,50473680,3068,20669
1647,13,0,24,1,59935740,3645,50474280,3065,20682
1648,9,3,25,0,59962260,3646,50474400,3064,20691
1649,3,0,17,8,60019740,3646,50478420,3063,20694
1650,12,0,22,3,60030720,3645,50478420,3061,20706
1651,8,0,23,2,60049200,3645,50478420,3060,20714
1652,6,0,23,2,60068700,3645,50479860,3059,20720
1653,7,0,21,4,60119700,3646,50479860,3057,20727
1654,5,0,20,5,60145680,3646,50479860,3056,20732
1655,3,0,19,6,60164760,3647,50479860,3056,20735
1656,5,0,19,6,60192720,3647,50479860,3055,20740
1657,8,0,22,3,60212340,3647,50479860,3054,20748
1658,2,0,20,5,60223800,3647,50479860,3053,20750
1659,9,0,19,6,60256440,3647,50479860,3051,20759
1660,6,0,19,6,60283200,3647,50479860,3050,20765
1661,7,0,20,5,60297360,3647,50479860,3049,20772
1662,12,3,25,0,60308640,3646,50481660,3047,20784
1663,15,9,25,0,60347640,3647,50485560,3044,20799
1664,9,11,25,0,60382080,3647,50498280,3044,20808
1665,10,12,25,0,60433020,3648,50504760,3042,20818
1666,9,12,25,0,60472560,3649,50524980,3042,20827
1667,13,15,25,0,60516660,3649,50530620,3040,20840
1668,13,19,25,0,60546780,3649,50542740,3039,20853
1669,7,15,25,0,60598320,3650,50609760,3041,20860
1670,9,15,25,0,60618180,3649,50644980,3041,20869
1671,13,20,25,0,60666840,3650,50653860,3039,20882
1672,8,19,25,0,60702060,3650,50697960,3041,20890
1673,7,3,25,0,60763620,3649,51002700,3058,20897
1674,9,0,23,2,60784560,3647,51041160,3058,20906
1675,6,0,20,5,60816060,3647,51041160,3057,20912
1676,7,0,19,6,60844260,3647,51041160,3056,20919
1677,8,0,24,1,60849420,3647,51041160,3054,20927
1678,10,0,20,5,60898680,3647,51041460,3053,20937
1679,4,0,21,4,60917220,3647,51041460,3052,20941
1680,2,0,21,4,60929880,3647,51041460,3051,20943
1681,8,0,23,2,60966420,3648,51041460,3050,20951
1682,22,15,25,0,60986280,3648,51043620,3047,20973
1683,18,28,25,0,61020960,3649,51055860,3044,20991
1684,25,40,25,0,61054800,3650,51067440,3042,21016
1685,26,39,25,0,61092600,3652,51094020,3043,21042
1686,26,40,25,0,61157820,3654,51143460,3044,21068
1687,30,40,25,0,61187280,3654,51152400,3043,21098
1688,32,40,25,0,61231440,3656,51210300,3046,21130
1689,34,40,25,0,61275300,3656,51285120,3049,21164
1690,30,40,25,0,61310460,3657,51372840,3052,21194
1691,29,39,25,0,61360980,3657,51478740,3057,21223
1692,27,40,25,0,61389540,3657,51527280,3058,21250
1693,26,38,25,0,61439880,3658,51733980,3068,21276
1694,39,40,25,0,61480500,3657,51955980,3079,21315
1695,29,40,25,0,61499340,3657,51988620,3080,21344
1696,32,40,25,0,61552380,3657,52036860,3080,21376
1697,30,40,25,0,61584420,3657,52053060,3079,21406
1698,29,39,25,0,61631580,3657,52125780,3081,21435
1699,33,39,25,0,61666200,3657,52156260,3081,21468
1700,32,40,25,0,61697280,3657,52165620,3080,21500
1701,33,40,25,0,61755900,3658,52201800,3080,21533
1702,27,37,25,0,61804560,3657,52313760,3084,21560
1703,40,40,25,0,61819680,3656,52326780,3083,21600
1704,29,40,25,0,61857480,3656,52336020,3082,21629
1705,38,40,25,0,61900020,3657,52339440,3080,21667
1706,31,39,25,0,61945020,3657,52430220,3084,21698
1707,40,40,25,0,61992720,3657,52534980,3087,21738
1708,35,40,25,0,62020500,3657,52582920,3089,21773
1709,35,40,25,0,62057100,3657,52588080,3087,21808
1710,36,40,25,0,62098020,3656,52631520,3087,21844
1711,39,40,25,0,62143620,3657,52637520,3086,21883
1712,31,40,25,0,62173500,3656,52702920,3088,21914
1713,38,38,25,0,62211480,3656,52754640,3089,21952
1714,31,40,25,0,62266920,3657,52772280,3088,21983
1715,38,40,25,0,62316900,3657,52815480,3088,22021
1716,33,40,25,0,62332200,3657,52822620,3087,22054
1717,26,38,25,0,62385240,3656,52938180,3091,22080
1718,28,40,25,0,62421120,3656,53003580,3093,22108
1719,30,37,25,0,62460120,3656,53017200,3092,22138
1720,26,40,25,0,62504160,3656,53048640,3091,22164
1721,24,40,25,0,62553000,3655,53059920,3089,22188
1722,33,39,25,0,62581320,3655,53218080,3096,22221
1723,27,40,25,0,62620980,3654,53274720,3097,22248
1724,34,40,25,0,62656680,3654,53297100,3096,22282
1725,29,40,25,0,62690640,3654,53316000,3096,22311
1726,34,40,25,0,62746020,3654,53377800,3097,22345
1727,24,40,25,0,62763060,3654,53383500,3097,22369
1728,31,38,25,0,62823360,3655,53398620,3096,22400
1729,31,39,25,0,62849760,3656,53404080,3095,22431
1730,26,40,25,0,62884020,3656,53407560,3093,22457
1731,41,40,25,0,62924700,3656,53436840,3094,22498
1732,24,40,25,0,62964900,3657,53468820,3094,22522
1733,29,39,25,0,63005880,3658,53554380,3097,22551
1734,24,38,25,0,63056820,3658,53598300,3098,22575
1735,26,40,25,0,63084600,3658,53603520,3097,22601
1736,34,40,25,0,63140820,3659,53668320,3098,22635
1737,33,40,25,0,63169920,3658,53687400,3097,22668
1738,32,40,25,0,63211260,3658,53703780,3096,22700
1739,36,40,25,0,63247260,3658,53715900,3096,22736
1740,27,39,25,0,63303060,3659,53726520,3094,22763
1741,26,39,25,0,63332340,3658,53832060,3099,22789
1742,33,39,25,0,63369540,3659,53837280,3097,22822
1743,25,40,25,0,63407760,3659,53886300,3098,22847
1744,32,38,25,0,63436200,3659,53971920,3102,22879
1745,32,40,25,0,63484980,3659,54037380,3103,22911
1746,25,40,25,0,63534780,3660,54124980,3106,22936
1747,38,40,25,0,63550380,3660,54131040,3106,22974
1748,34,40,25,0,63623640,3661,54325260,3114,23008
1749,28,39,25,0,63655680,3660,54330660,3112,23036
1750,32,40,25,0,63684720,3659,54381360,3113,23068
1751,33,40,25,0,63718860,3660,54384180,3112,23101
1752,31,40,25,0,63760260,3660,54648720,3125,23132
1753,28,40,25,0,63795660,3660,54664620,3124,23160
1754,35,40,25,0,63839880,3660,54678960,3124,23195
1755,28,38,25,0,63888300,3661,54723480,3125,23223
1756,30,40,25,0,63921240,3661,54911580,3133,23253
1757,20,39,25,0,63936300,3661,54918480,3133,23273
1758,24,39,25,0,64015500,3660,55029540,3135,23297
1759,32,39,25,0,64056060,3659,55076520,3135,23329
1760,32,40,25,0,64078980,3659,55079640,3133,23361
1761,40,40,25,0,64105200,3659,55152300,3136,23401
1762,35,40,25,0,64162080,3660,55162920,3135,23436
1763,23,40,25,0,64209000,3660,55283580,3140,23459
1764,40,40,25,0,64221480,3659,55291860,3139,23499
1765,31,40,25,0,64279500,3660,55392180,3143,23530
1766,31,38,25,0,64322340,3660,55409580,3142,23561
1767,32,40,25,0,64353600,3660,55420620,3141,23593
1768,36,40,25,0,64402140,3661,55457880,3141,23629
1769,34,40,25,0,64436220,3661,55527420,3144,23663
1770,32,39,25,0,64475040,3661,55536420,3142,23695
1771,28,40,25,0,64522740,3662,55574700,3143,23723
1772,34,40,25,0,64555140,3662,55632120,3144,23757
1773,33,40,25,0,64589580,3662,55635240,3143,23790
1774,37,40,25,0,64639260,3663,55678500,3144,23827
1775,38,40,25,0,64662480,3663,55687620,3143,23865
1776,25,40,25,0,64714980,3663,55770600,3145,23890
1777,31,40,25,0,64763220,3663,55778820,3143,23921
1778,38,40,25,0,64797840,3662,55813920,3143,23959
1779,33,40,25,0,64821480,3663,55816200,3142,23992
1780,22,40,25,0,64860060,3663,55828560,3142,24014
1781,32,38,25,0,64921800,3664,55899840,3143,24046
1782,25,40,25,0,64961700,3663,55998840,3147,24071
1783,35,40,25,0,64996560,3663,56005560,3145,24106
1784,37,39,25,0,65037360,3664,56028300,3145,24143
1785,28,40,25,0,65077740,3663,56091540,3146,24171
1786,37,40,25,0,65104440,3663,56095080,3145,24208
1787,30,40,25,0,65145120,3662,56301780,3154,24238
1788,31,38,25,0,65191320,3662,56327100,3152,24269
1789,36,40,25,0,65221140,3662,56331900,3151,24305
1790,34,39,25,0,65266020,3662,56356020,3151,24339
1791,28,38,25,0,65313360,3663,56380320,3151,24367
1792,29,40,25,0,65351280,3663,56495940,3155,24396
1793,37,40,25,0,65391960,3663,56523660,3155,24433
1794,33,40,25,0,65427540,3663,56528340,3154,24466
1795,22,40,25,0,65464260,3664,56564820,3155,24488
1796,27,40,25,0,65503260,3663,56632200,3156,24515
1797,27,40,25,0,65534580,3664,56637540,3155,24542
1798,41,40,25,0,65580780,3664,56744400,3159,24583
1799,28,40,25,0,65624340,3664,56836800,3162,24611
1800,40,39,25,0,65671200,3665,56842920,3161,24651
1801,25,38,25,0,65696940,3665,56888940,3162,24676
1802,36,40,25,0,65742240,3664,56906940,3161,24712
1803,32,39,25,0,65781180,3665,56913960,3160,24744
1804,31,40,25,0,65820060,3666,56938260,3160,24775
1805,37,39,25,0,65861760,3666,56954400,3159,24812
1806,33,39,25,0,65907120,3665,56984100,3158,24845
1807,25,40,25,0,65954340,3665,57387780,3178,24870
1808,28,40,25,0,65991960,3664,57437940,3178,24898
1809,31,40,25,0,66032340,3663,57475380,3177,24929
1810,29,39,25,0,66070680,3662,57490860,3175,24958
1811,31,39,25,0,66094260,3662,57524640,3176,24989
1812,33,40,25,0,66139440,3662,57558300,3176,25022
1813,40,37,25,0,66189960,3662,57614040,3177,25062
1814,31,40,25,0,66210060,3661,57642300,3176,25093
1815,33,40,25,0,66270240,3663,57663480,3176,25126
1816,28,40,25,0,66307440,3662,57692400,3176,25154
1817,27,40,25,0,66340080,3662,57700200,3174,25181
1818,37,40,25,0,66363720,3663,57722280,3175,25218
1819,28,40,25,0,66425880,3664,57769860,3175,25246
1820,31,40,25,0,66461220,3664,57825000,3177,25277
1821,38,40,25,0,66502680,3664,57835140,3175,25315
1822,31,40,25,0,66535920,3664,57923100,3178,25346
1823,27,40,25,0,66575880,3664,57963900,3178,25373
1824,32,39,25,0,66620100,3664,57978000,3177,25405
1825,27,39,25,0,66662940,3663,58042260,3178,25432
1826,27,40,25,0,66694380,3663,58542600,3204,25459
1827,38,40,25,0,66723660,3663,58546560,3203,25497
1828,33,40,25,0,66780840,3664,58632540,3205,25530
1829,27,40,25,0,66807480,3664,58634700,3204,25557
1830,26,40,25,0,66865680,3665,58645020,3203,25583
1831,28,38,25,0,66889080,3664,58679760,3204,25611
1832,25,40,25,0,66940980,3665,58822200,3210,25636
1833,33,40,25,0,66971880,3664,58829100,3207,25669
1834,30,40,25,0,67028400,3662,60563100,3298,25699
1835,33,40,25,0,67040700,3662,60570780,3297,25732
1836,34,40,25,0,67087200,3663,60580440,3296,25766
1837,35,40,25,0,67122960,3664,60586260,3295,25801
1838,30,39,25,0,67166100,3663,61179780,3326,25831
1839,39,40,25,0,67210560,3664,61186080,3324,25870
1840,28,40,25,0,67254600,3665,61212120,3324,25898
1841,34,40,25,0,67289700,3665,61225140,3323,25932
1842,32,39,25,0,67331640,3666,61231260,3322,25964
1843,28,37,25,0,67374660,3665,61314660,3324,25992
1844,27,39,25,0,67407480,3666,61359180,3325,26019
1845,27,40,25,0,67449000,3666,61375560,3324,26046
1846,37,40,25,0,67494240,3666,61447980,3326,26083
1847,24,39,25,0,67535580,3666,61490940,3326,26107
1848,11,34,25,0,67576740,3665,61733280,3337,26118
1849,9,26,25,0,67605660,3663,64862640,3505,26127
1850,3,3,25,0,67654020,3660,74102280,4003,26130
1851,5,0,19,6,67675440,3659,74721180,4036,26135
1852,10,0,22,3,67703760,3659,74721180,4033,26145
1853,14,3,25,0,67731060,3659,74725020,4031,26159
1854,6,0,24,1,67770420,3659,74734860,4030,26165
1855,9,0,25,0,67793940,3659,74735100,4028,26174
1856,9,0,22,3,67836840,3659,74735100,4026,26183
1857,13,3,25,0,67858020,3658,74736480,4023,26196
1858,9,6,25,0,67896720,3659,74742900,4022,26205
1859,13,13,25,0,67925040,3660,74751840,4021,26218
1860,14,18,25,0,67973160,3660,74762580,4017,26232
1861,7,18,25,0,68016060,3661,74776200,4016,26239
1862,11,19,25,0,68067360,3662,74813520,4016,26250
1863,8,20,25,0,68099700,3663,74829180,4015,26258
1864,13,21,25,0,68142720,3662,74856600,4014,26271
1865,7,12,25,0,68180280,3661,75007020,4020,26278
1866,14,19,25,0,68208060,3661,75009000,4018,26292
1867,6,17,25,0,68252340,3662,75025020,4017,26298
1868,11,21,25,0,68293320,3663,75038700,4015,26309
1869,5,16,25,0,68341800,3664,75070800,4016,26314
1870,2,0,19,6,68394480,3662,75491520,4038,26316
1871,7,0,18,7,68408460,3661,75491520,4036,26323
1872,2,0,17,8,68426700,3661,75491520,4036,26325
1873,6,0,19,6,68437860,3661,75491520,4035,26331
1874,6,0,18,7,68455740,3661,75491520,4033,26337
1875,7,0,17,8,68474400,3660,75491520,4032,26344
1876,4,0,18,7,68488320,3660,75491520,4031,26348
1877,5,0,18,7,68502480,3660,75491520,4030,26353
1878,7,0,21,4,68511420,3660,75491520,4028,26360
1879,5,0,21,4,68534460,3660,75491520,4027,26365
1880,6,0,20,5,68552880,3660,75491520,4026,26371
1881,7,0,19,6,68579100,3660,75491520,4024,26378
1882,14,0,23,2,68600100,3659,75491520,4021,26392
1883,6,0,25,0,68608320,3658,75492240,4020,26398
1884,13,2,25,0,68657700,3659,75494520,4018,26411
1885,17,14,25,0,68676960,3659,75499080,4014,26428
1886,14,20,25,0,68729820,3660,75514260,4012,26442
1887,11,22,25,0,68775060,3661,75536340,4011,26453
1888,8,22,25,0,68820660,3662,75585060,4012,26461
1889,11,23,25,0,68864640,3662,75602100,4010,26472
1890,7,21,25,0,68890680,3662,75640680,4011,26479
1891,5,15,25,0,68935320,3662,75750840,4016,26484
1892,6,5,25,0,68973960,3661,75961560,4025,26490
1893,8,0,21,4,69014220,3660,76035780,4028,26498
1894,8,0,21,4,69045180,3660,76035780,4026,26506
1895,2,0,17,8,69074820,3660,76035780,4026,26508
1896,8,0,23,2,69079020,3660,76035780,4024,26516
1897,4,0,18,7,69102840,3660,76035780,4023,26520
1898,5,0,20,5,69119640,3660,76035780,4022,26525
1899,6,0,21,4,69138960,3660,76035780,4021,26531
1900,3,0,18,7,69159060,3660,76035780,4020,26534
1901,11,0,21,4,69184320,3660,76035780,4018,26545
1902,7,0,23,2,69199680,3660,76035780,4016,26552
1903,16,6,25,0,69233280,3660,76037100,4014,26568
1904,8,5,25,0,69279840,3660,76046340,4012,26576
1905,10,0,22,3,69331620,3660,76067340,4011,26586
1906,5,0,22,3,69350040,3660,76067340,4010,26591
1907,7,0,21,4,69384540,3660,76067340,4008,26598
1908,14,3,25,0,69397440,3659,76069920,4006,26612
1909,9,0,23,2,69446760,3659,76076100,4004,26621
1910,16,0,25,0,69497580,3659,76078140,4000,26637
1911,13,1,25,0,69525840,3658,76079460,3998,26650
1912,11,1,25,0,69563940,3658,76080780,3996,26661
1913,3,0,17,8,69605100,3658,76081020,3995,26664
1914,7,0,22,3,69610620,3658,76081020,3993,26671
1915,11,0,20,5,69647700,3657,76081560,3991,26682
1916,7,0,20,5,69672720,3657,76081560,3990,26689
1917,5,0,17,8,69696480,3657,76081560,3989,26694
1918,5,0,20,5,69705480,3657,76081560,3988,26699
1919,8,0,20,5,69738300,3657,76081560,3986,26707
1920,4,0,22,3,69744060,3657,76081560,3985,26711
1921,2,0,16,9,69773040,3657,76081560,3985,26713
1922,5,0,17,8,69788460,3657,76081560,3984,26718
1923,4,0,16,9,69799440,3657,76081560,3983,26722
1924,4,0,17,8,69802860,3657,76081560,3982,26726
1925,4,0,19,6,69807600,3656,76081560,3981,26730
1926,8,0,22,3,69823740,3656,76081560,3979,26738
1927,8,0,22,3,69842700,3656,76081560,3978,26746
1928,5,0,21,4,69876720,3656,76081560,3977,26751
1929,15,6,25,0,69897420,3657,76082340,3974,26766
1930,13,10,25,0,69944580,3657,76091520,3972,26779
1931,6,3,25,0,69990300,3657,76129860,3973,26785
1932,9,0,20,5,70028940,3656,76137960,3971,26794
1933,4,0,19,6,70054260,3656,76137960,3970,26798
1934,7,0,21,4,70065060,3656,76137960,3969,26805
1935,16,0,24,1,70090920,3655,76138080,3965,26821
1936,12,3,25,0,70118940,3655,76139760,3963,26833
1937,14,8,25,0,70162920,3655,76145700,3961,26847
1938,8,11,25,0,70193280,3656,76151040,3959,26855
1939,13,18,25,0,70231320,3657,76160520,3957,26868
1940,9,24,25,0,70253100,3657,76168500,3957,26877
1941,7,23,25,0,70315200,3659,76194180,3956,26884
1942,9,24,25,0,70360740,3660,76220160,3955,26893
1943,2,20,25,0,70398600,3661,76276800,3957,26895
1944,0,9,25,0,70449120,3661,76426080,3965,26895
1945,6,0,17,8,70492920,3659,76611900,3973,26901
1946,5,0,15,10,70508580,3659,76611900,3972,26906
1947,3,0,18,7,70508580,3659,76611900,3972,26909
1948,2,0,20,5,70508580,3659,76611900,3971,26911
1949,7,0,21,4,70533360,3659,76611900,3970,26918
1950,3,0,18,7,70559100,3659,76611900,3969,26921
1951,5,0,18,7,70577460,3659,76611900,3968,26926
1952,9,0,22,3,70588680,3659,76611900,3966,26935
1953,14,4,25,0,70617420,3659,76612620,3964,26949
1954,10,9,25,0,70643520,3659,76617480,3962,26959
1955,13,16,25,0,70686720,3660,76622700,3959,26972
1956,9,20,25,0,70720980,3661,76634220,3958,26981
1957,13,27,25,0,70760760,3662,76649400,3956,26994
1958,7,28,25,0,70802460,3663,76663680,3956,27001
1959,8,28,25,0,70846500,3664,76697520,3956,27009
1960,8,28,25,0,70894260,3665,76741620,3956,27017
1961,14,33,25,0,70933560,3665,76791840,3956,27031
1962,7,32,25,0,70971180,3666,76830360,3957,27038
1963,7,30,25,0,71010720,3666,76904820,3959,27045
1964,8,30,25,0,71041800,3666,77010840,3963,27053
1965,11,33,25,0,71077020,3666,77018280,3962,27064
1966,6,27,25,0,71122380,3666,77124420,3965,27070
1967,4,7,25,0,71177820,3665,77673780,3993,27074
1968,4,0,18,7,71214780,3663,77866440,4002,27078
1969,3,0,17,8,71225940,3663,77866440,4001,27081
1970,4,0,19,6,71240940,3663,77866440,4000,27085
1971,5,0,20,5,71254860,3663,77866440,3999,27090
1972,5,0,17,8,71277480,3663,77866440,3998,27095
1973,6,0,20,5,71289780,3663,77866440,3997,27101
1974,6,0,18,7,71312640,3663,77866440,3996,27107
1975,6,0,21,4,71323560,3663,77866440,3994,27113
1976,10,0,22,3,71350740,3662,77866440,3992,27123
1977,4,0,20,5,71372640,3662,77866440,3992,27127
1978,9,0,21,4,71401800,3662,77866440,3990,27136
1979,12,2,25,0,71424120,3662,77868360,3987,27148
1980,6,2,25,0,71450400,3663,77880240,3987,27154
1981,7,0,19,6,71509620,3663,77888640,3986,27161
1982,8,0,23,2,71518140,3663,77888640,3984,27169
1983,6,0,24,1,71540760,3663,77888640,3983,27175
1984,12,1,25,0,71588820,3663,77889180,3981,27187
1985,8,0,21,4,71621520,3663,77892780,3979,27195
1986,6,0,20,5,71656560,3663,77892780,3978,27201
1987,8,0,21,4,71674680,3663,77892780,3976,27209
1988,6,0,18,7,71695500,3662,77892780,3975,27215
1989,11,0,23,2,71711880,3662,77892780,3973,27226
1990,11,2,25,0,71734140,3662,77892780,3971,27237
1991,14,10,25,0,71766180,3662,77898720,3968,27251
1992,3,9,25,0,71795820,3663,77911140,3968,27254
1993,8,5,25,0,71858400,3664,77970120,3969,27262
1994,11,0,25,0,71897460,3663,78003660,3969,27273
1995,5,0,19,6,71931120,3663,78004260,3968,27278
1996,4,0,17,8,71940360,3662,78004260,3967,27282
1997,6,0,20,5,71957700,3662,78004260,3966,27288
1998,8,0,20,5,71982720,3662,78004260,3964,27296
1999,7,0,22,3,72002520,3662,78004260,3963,27303
2000,4,0,20,5,72024300,3662,78004260,3962,27307
2001,8,0,22,3,72054540,3662,78004260,3961,27315
2002,3,0,19,6,72077580,3663,78004260,3960,27318
2003,10,0,23,2,72102000,3663,78004260,3958,27328
2004,17,8,25,0,72121080,3662,78006540,3955,27345
2005,17,18,25,0,72161400,3663,78011880,3952,27362
2006,11,20,25,0,72211380,3664,78024960,3950,27373
2007,14,26,25,0,72247560,3664,78043320,3948,27387
2008,16,34,25,0,72276660,3664,78064380,3947,27403
2009,4,32,25,0,72312720,3665,78082980,3946,27407
2010,9,32,25,0,72362220,3666,78133740,3947,27416
2011,5,27,25,0,72403560,3666,78202080,3949,27421
2012,7,22,25,0,72453540,3666,78335340,3955,27428
2013,9,15,25,0,72480900,3665,78518880,3962,27437
2014,6,15,25,0,72510720,3665,78523320,3961,27443
2015,3,0,22,3,72575340,3665,78900720,3980,27446
2016,7,0,20,5,72596640,3664,78900720,3978,27453
2017,5,0,24,1,72599400,3664,78900720,3977,27458
2018,5,0,24,1,72614220,3664,78900900,3976,27463
2019,1,0,22,3,72628140,3664,78900900,3976,27464
2020,2,0,21,4,72648300,3664,78900900,3976,27466
2021,5,0,22,3,72656460,3664,78900900,3975,27471
2022,6,0,23,2,72668040,3664,78900900,3973,27477
2023,10,2,25,0,72685620,3663,78901200,3972,27487
2024,6,5,25,0,72698100,3664,78903060,3971,27493
2025,10,11,25,0,72723780,3664,78903780,3969,27503
2026,8,16,25,0,72738960,3664,78907560,3967,27511
2027,8,22,25,0,72750540,3665,78912300,3967,27519
2028,8,27,25,0,72777480,3665,78931020,3966,27527
2029,13,37,25,0,72800280,3666,78938460,3963,27540
2030,11,40,25,0,72822420,3666,78946380,3963,27551
2031,14,40,25,0,72858720,3667,78986220,3963,27565
2032,14,40,25,0,72868680,3667,79020000,3964,27579
2033,9,39,25,0,72887820,3667,79044780,3964,27588
2034,13,40,25,0,72911580,3668,79077600,3965,27601
2035,15,40,25,0,72939060,3668,79109220,3966,27616
2036,11,40,25,0,72952500,3668,79144080,3967,27627
2037,5,37,25,0,72988380,3669,79243200,3971,27632
2038,6,36,25,0,73014840,3669,79368780,3976,27638
2039,4,33,25,0,73034280,3668,79588020,3986,27642
2040,2,11,25,0,73062540,3665,80363340,4024,27644
2041,2,0,24,1,73079820,3664,80732280,4042,27646
2042,3,0,21,4,73091940,3663,80732280,4042,27649
2043,4,0,22,3,73098180,3663,80732280,4041,27653
2044,9,2,25,0,73108560,3663,80733180,4039,27662
2045,5,4,25,0,73124220,3663,80738280,4038,27667
2046,4,6,25,0,73136940,3663,80739900,4038,27671
2047,8,6,25,0,73174560,3664,80748900,4037,27679
2048,7,11,25,0,73185900,3664,80753520,4035,27686
2049,14,21,25,0,73211640,3664,80757900,4033,27700
2050,7,25,25,0,73229520,3665,80774880,4033,27707
2051,9,30,25,0,73258080,3665,80777220,4031,27716
2052,9,37,25,0,73272300,3666,80790180,4031,27725
2053,10,39,25,0,73304280,3666,80809440,4029,27735
2054,18,40,25,0,73316280,3667,80815920,4029,27753
2055,15,40,25,0,73339380,3667,80849940,4030,27768
2056,7,39,25,0,73356480,3667,80902140,4032,27775
2057,6,38,25,0,73388880,3668,81011100,4036,27781
2058,8,37,25,0,73410960,3667,81064860,4037,27789
2059,12,40,25,0,73428780,3667,81107700,4038,27801
2060,9,40,25,0,73453020,3668,81116580,4038,27810
2061,4,37,25,0,73475760,3668,81260220,4044,27814
2062,6,37,25,0,73498080,3668,81291840,4045,27820
2063,4,37,25,0,73513980,3668,81347820,4046,27824
2064,2,32,25,0,73543080,3668,81587160,4058,27826
2065,6,26,25,0,73563780,3667,81947760,4075,27832
2066,4,24,25,0,73575060,3666,81990180,4076,27836
2067,8,23,25,0,73594260,3666,82201200,4085,27844
2068,1,15,25,0,73624560,3666,82469520,4098,27845
2069,11,17,25,0,73648800,3665,82559760,4100,27856
2070,6,17,25,0,73668780,3665,82565040,4099,27862
2071,7,20,25,0,73689600,3665,82571100,4098,27869
2072,10,27,25,0,73705920,3666,82574400,4096,27879
2073,9,31,25,0,73735080,3666,82590060,4095,27888
2074,9,33,25,0,73760280,3666,82607220,4094,27897
2075,7,34,25,0,73782300,3666,82623840,4093,27904
2076,12,39,25,0,73791720,3666,82626540,4092,27916
2077,15,40,25,0,73822200,3666,82659180,4092,27931
2078,19,40,25,0,73836000,3666,82744500,4095,27950
2079,11,39,25,0,73869180,3666,82815420,4097,27961
2080,11,37,25,0,73885140,3666,82828440,4097,27972
2081,5,38,25,0,73904520,3666,82849380,4097,27977
2082,10,39,25,0,73929540,3666,83040900,4106,27987
2083,10,39,25,0,73952820,3666,83050200,4104,27997
2084,5,29,25,0,73976340,3664,83385780,4119,28002
2085,10,31,25,0,73994400,3664,83588940,4128,28012
2086,6,33,25,0,74008320,3664,83594040,4126,28018
2087,5,35,25,0,74030280,3664,83597700,4126,28023
2088,6,35,25,0,74057640,3664,83617680,4125,28029
2089,8,37,25,0,74079300,3664,83625600,4124,28037
2090,9,40,25,0,74100120,3664,83638680,4123,28046
2091,4,36,25,0,74126220,3664,83678340,4124,28050
2092,8,37,25,0,74148840,3664,83744880,4126,28058
2093,5,37,25,0,74164800,3664,83747940,4125,28063
2094,10,40,25,0,74174520,3664,83751240,4124,28073
2095,9,40,25,0,74199180,3665,83759640,4124,28082
2096,10,38,25,0,74227020,3665,83791020,4124,28092
2097,12,40,25,0,74244420,3665,83833680,4125,28104
2098,10,40,25,0,74263800,3665,83842020,4125,28114
2099,4,39,25,0,74289480,3666,83855280,4125,28118
2100,13,40,25,0,74321880,3665,84199980,4140,28131
2101,8,33,25,0,74344200,3664,84469080,4151,28139
2102,14,39,25,0,74361720,3664,84474120,4149,28153
2103,9,38,25,0,74378580,3664,84483600,4149,28162
2104,3,35,25,0,74408760,3665,84515280,4150,28165
2105,5,35,25,0,74420040,3664,84610920,4154,28170
2106,10,37,25,0,74450040,3664,84649680,4154,28180
2107,4,39,25,0,74455020,3664,84651060,4153,28184
2108,6,33,25,0,74491020,3664,85018200,4170,28190
2109,6,26,25,0,74518680,3663,85692960,4202,28196
2110,3,17,25,0,74533380,3662,86914020,4261,28199
2111,2,4,25,0,74560020,3660,88221000,4325,28201
2112,1,0,19,6,74580060,3659,88469760,4337,28202
2113,6,0,24,1,74580660,3659,88469760,4335,28208
2114,5,0,25,0,74597040,3659,88475640,4335,28213
2115,4,3,25,0,74605140,3659,88476060,4334,28217
2116,6,3,25,0,74638920,3660,88482660,4333,28223
2117,5,4,25,0,74658180,3660,88487760,4332,28228
2118,4,3,25,0,74676480,3660,88511340,4332,28232
2119,11,6,25,0,74704740,3660,88526460,4331,28243
2120,6,7,25,0,74717760,3660,88529940,4330,28249
2121,12,16,25,0,74739360,3660,88537680,4327,28261
2122,10,22,25,0,74766300,3661,88545780,4326,28271
2123,9,28,25,0,74785800,3661,88554480,4325,28280
2124,7,33,25,0,74799060,3662,88557000,4324,28287
2125,4,33,25,0,74829540,3662,88570800,4323,28291
2126,11,40,25,0,74846400,3663,88577940,4323,28302
2127,14,39,25,0,74878860,3664,88604280,4322,28316
2128,9,38,25,0,74897520,3664,88623840,4322,28325
2129,5,36,25,0,74924280,3664,88709220,4325,28330
2130,12,40,25,0,74941620,3663,88776240,4327,28342
2131,9,40,25,0,74955840,3663,88817160,4327,28351
2132,10,39,25,0,74981580,3663,88858260,4328,28361
2133,10,38,25,0,75011760,3663,89027340,4335,28371
2134,4,40,25,0,75020940,3664,89030580,4335,28375
2135,4,36,25,0,75052740,3664,89158740,4339,28379
2136,4,30,25,0,75074520,3663,89369580,4349,28383
2137,8,28,25,0,75094260,3662,89512320,4354,28391
2138,5,25,25,0,75115020,3662,89680020,4361,28396
2139,6,20,25,0,75141360,3661,89934420,4372,28402
2140,3,4,25,0,75166740,3659,90601500,4404,28405
2141,9,2,25,0,75183900,3658,90826680,4413,28414
2142,4,1,25,0,75194880,3657,90832500,4412,28418
2143,18,15,25,0,75220920,3658,90838860,4409,28436
2144,8,21,25,0,75235020,3658,90846120,4408,28444
2145,6,24,25,0,75252960,3659,90848460,4407,28450
2146,8,29,25,0,75275820,3659,90876360,4407,28458
2147,4,29,25,0,75302640,3660,90928440,4408,28462
2148,16,40,25,0,75324480,3660,90947100,4406,28478
2149,9,39,25,0,75349320,3660,90951960,4405,28487
2150,6,38,25,0,75374100,3661,90986100,4405,28493
2151,9,39,25,0,75396840,3660,91025460,4406,28502
2152,9,40,25,0,75410820,3661,91031640,4405,28511
2153,7,40,25,0,75423060,3661,91033560,4405,28518
2154,10,39,25,0,75460560,3662,91079160,4406,28528
2155,9,40,25,0,75483600,3662,91107840,4407,28537
2156,2,38,25,0,75499920,3662,91154640,4408,28539
2157,8,40,25,0,75527280,3663,91198140,4409,28547
2158,6,40,25,0,75539400,3663,91254480,4412,28553
2159,8,40,25,0,75571920,3663,91315320,4413,28561
2160,8,40,25,0,75586140,3663,91362540,4415,28569
2161,3,39,25,0,75600900,3663,91467420,4419,28572
2162,4,35,25,0,75634320,3664,91765440,4432,28576
2163,2,25,25,0,75661380,3663,92264580,4456,28578
2164,3,16,25,0,75673020,3661,92820780,4482,28581
2165,11,19,25,0,75694860,3661,92927040,4485,28592
2166,9,22,25,0,75718200,3661,92932080,4483,28601
2167,6,17,25,0,75746880,3660,93027480,4487,28607
2168,11,24,25,0,75753600,3660,93039000,4486,28618
2169,15,34,25,0,75779460,3660,93044880,4482,28633
2170,8,35,25,0,75807420,3660,93059880,4481,28641
2171,3,35,25,0,75819420,3661,93070740,4481,28644
2172,13,40,25,0,75840000,3661,93073920,4479,28657
2173,14,39,25,0,75855360,3661,93100440,4480,28671
2174,9,38,25,0,75884760,3662,93134280,4481,28680
2175,10,40,25,0,75912060,3662,93176160,4481,28690
2176,7,37,25,0,75935820,3662,93231180,4483,28697
2177,13,39,25,0,75952740,3662,93263460,4482,28710
2178,13,39,25,0,75982560,3662,93336240,4485,28723
2179,8,36,25,0,76005720,3661,93437700,4488,28731
2180,8,37,25,0,76027500,3661,93445140,4487,28739
2181,0,32,25,0,76039260,3661,93591240,4494,28739
2182,2,14,25,0,76074720,3659,94931040,4558,28741
2183,7,1,25,0,76091880,3656,95587080,4588,28748
2184,4,0,23,2,76105320,3656,95587740,4587,28752
2185,6,0,25,0,76110480,3655,95587740,4585,28758
2186,6,2,25,0,76128600,3655,95591760,4584,28764
2187,3,1,25,0,76156680,3656,95599620,4584,28767
2188,2,0,23,2,76174320,3656,95608260,4584,28769
2189,8,0,25,0,76192620,3656,95608260,4582,28777
2190,9,3,25,0,76202640,3655,95610480,4580,28786
2191,10,11,25,0,76215420,3656,95614260,4580,28796
2192,3,10,25,0,76242360,3656,95624700,4578,28799
2193,12,18,25,0,76265280,3657,95630280,4576,28811
2194,12,28,25,0,76279620,3657,95634900,4575,28823
2195,7,32,25,0,76302240,3658,95642460,4573,28830
2196,13,39,25,0,76335540,3658,95649600,4570,28843
2197,9,40,25,0,76343100,3658,95654400,4570,28852
2198,11,40,25,0,76370160,3659,95697060,4571,28863
2199,9,40,25,0,76391760,3660,95743620,4573,28872
2200,12,39,25,0,76419600,3660,95830080,4576,28884
2201,6,40,25,0,76437480,3660,95886660,4577,28890
2202,7,40,25,0,76461960,3660,95936820,4579,28897
2203,6,38,25,0,76491660,3660,96050100,4583,28903
2204,7,39,25,0,76508220,3661,96058380,4582,28910
2205,10,39,25,0,76531680,3661,96134220,4585,28920
2206,3,38,25,0,76545600,3661,96175860,4586,28923
2207,5,38,25,0,76575540,3661,96288420,4590,28928
2208,4,36,25,0,76596000,3661,96522120,4600,28932
2209,7,38,25,0,76617720,3661,96525960,4599,28939
2210,5,40,25,0,76622820,3661,96526320,4598,28944
2211,5,40,25,0,76653960,3662,96627660,4603,28949
2212,5,37,25,0,76685100,3662,96644220,4602,28954
2213,7,39,25,0,76702200,3662,96650520,4601,28961
2214,4,38,25,0,76718520,3662,96713580,4603,28965
2215,5,33,25,0,76754700,3662,96922260,4612,28970
2216,7,29,25,0,76771620,3661,97266720,4627,28977
2217,13,37,25,0,76782960,3661,97270080,4625,28990
2218,7,37,25,0,76818240,3661,97287420,4623,28997
2219,8,37,25,0,76836840,3661,97316160,4623,29005
2220,15,40,25,0,76848900,3661,97321020,4622,29020
2221,9,38,25,0,76873560,3661,97341840,4622,29029
2222,8,40,25,0,76895940,3661,97352100,4622,29037
2223,4,35,25,0,76916880,3661,97415400,4624,29041
2224,13,40,25,0,76931220,3661,97418700,4622,29054
2225,7,39,25,0,76959480,3661,97440180,4622,29061
2226,5,35,25,0,76983360,3661,97609320,4629,29066
2227,5,30,25,0,77006100,3660,97829640,4638,29071
2228,7,28,25,0,77031000,3660,98032560,4646,29078
2229,2,21,25,0,77050740,3659,98738040,4679,29080
2230,0,3,25,0,77076540,3657,100251780,4751,29080
2231,6,0,23,2,77095320,3656,100526580,4762,29086
2232,12,6,25,0,77105640,3656,100528020,4760,29098
2233,5,9,25,0,77112720,3656,100529940,4759,29103
2234,3,7,25,0,77146920,3657,100551120,4759,29106
2235,5,8,25,0,77167620,3657,100560780,4759,29111
2236,3,6,25,0,77183700,3657,100584600,4759,29114
2237,5,4,25,0,77210400,3657,100603620,4759,29119
2238,5,6,25,0,77222880,3657,100607160,4758,29124
2239,11,12,25,0,77257260,3658,100613820,4756,29135
2240,14,23,25,0,77272260,3658,100615680,4753,29149
2241,9,29,25,0,77289840,3658,100622760,4752,29158
2242,11,36,25,0,77314620,3659,100632780,4750,29169
2243,7,40,25,0,77329980,3659,100634880,4748,29176
2244,12,40,25,0,77349420,3660,100651440,4748,29188
2245,12,40,25,0,77372520,3660,100662780,4748,29200
2246,9,39,25,0,77403780,3661,100735560,4751,29209
2247,13,39,25,0,77423340,3661,100739040,4750,29222
2248,13,40,25,0,77438940,3661,100799400,4751,29235
2249,8,38,25,0,77475540,3662,100830180,4752,29243
2250,13,40,25,0,77494200,3662,100963500,4757,29256
2251,6,38,25,0,77515740,3662,101023020,4758,29262
2252,11,40,25,0,77530080,3662,101055360,4758,29273
2253,5,39,25,0,77554320,3662,101155440,4762,29278
2254,9,39,25,0,77571960,3662,101163300,4761,29287
2255,7,39,25,0,77598300,3662,101184000,4761,29294
2256,4,38,25,0,77618640,3662,101248260,4763,29298
2257,7,40,25,0,77642940,3663,101255100,4762,29305
2258,7,39,25,0,77659080,3663,101291280,4763,29312
2259,4,36,25,0,77691600,3663,101482140,4771,29316
2260,4,31,25,0,77712720,3662,101856480,4788,29320
2261,5,20,25,0,77734920,3661,102756540,4829,29325
2262,7,16,25,0,77748180,3659,102941640,4836,29332
2263,9,20,25,0,77762640,3659,103012560,4839,29341
2264,7,23,25,0,77787180,3660,103019580,4836,29348
2265,4,24,25,0,77808600,3660,103035300,4836,29352
2266,8,29,25,0,77828880,3661,103043400,4835,29360
2267,10,33,25,0,77856360,3661,103050360,4833,29370
2268,6,35,25,0,77877180,3661,103060200,4832,29376
2269,10,38,25,0,77902380,3662,103067280,4831,29386
2270,10,40,25,0,77924160,3662,103077600,4830,29396
2271,9,40,25,0,77943120,3662,103097460,4830,29405
2272,12,40,25,0,77962020,3662,103143120,4831,29417
2273,17,40,25,0,77988660,3662,103197540,4832,29434
2274,9,40,25,0,78003240,3663,103233660,4833,29443
2275,3,36,25,0,78033540,3663,103373100,4839,29446
2276,9,39,25,0,78052860,3663,103378800,4837,29455
2277,12,40,25,0,78068880,3663,103416600,4838,29467
2278,7,37,25,0,78097920,3663,103510200,4841,29474
2279,6,37,25,0,78118740,3663,103526880,4841,29480
2280,2,32,25,0,78142980,3663,104003880,4862,29482
2281,5,21,25,0,78165660,3661,104914080,4904,29487
2282,5,11,25,0,78188040,3660,105460080,4928,29492
2283,0,0,25,0,78205800,3659,106002960,4954,29492
2284,9,1,25,0,78228720,3658,106003260,4952,29501
2285,5,2,25,0,78237000,3658,106005360,4951,29506
2286,6,2,25,0,78265560,3658,106008660,4950,29512
2287,6,2,25,0,78295260,3659,106017360,4948,29518
2288,12,11,25,0,78301980,3659,106019280,4946,29530
2289,10,18,25,0,78321000,3659,106023000,4944,29540
2290,6,21,25,0,78341760,3659,106031100,4943,29546
2291,12,30,25,0,78357240,3660,106032660,4940,29558
2292,12,39,25,0,78376080,3660,106036500,4938,29570
2293,11,38,25,0,78417960,3661,106065780,4938,29581
2294,9,39,25,0,78440520,3661,106080120,4937,29590
2295,5,36,25,0,78464700,3661,106143180,4939,29595
2296,12,39,25,0,78485280,3661,106163640,4938,29607
2297,12,40,25,0,78497820,3661,106173300,4937,29619
2298,9,40,25,0,78515040,3661,106186080,4937,29628
2299,11,38,25,0,78545340,3661,106339260,4943,29639
2300,7,38,25,0,78571440,3661,106403040,4945,29646
2301,10,37,25,0,78595800,3662,106525560,4949,29656
2302,4,36,25,0,78615720,3662,106615020,4952,29660
2303,4,36,25,0,78629160,3662,106667580,4954,29664
2304,5,33,25,0,78652740,3661,106849980,4961,29669
2305,7,37,25,0,78672780,3662,106856580,4960,29676
2306,6,35,25,0,78705420,3662,106965660,4963,29682
2307,5,31,25,0,78721080,3661,107088000,4968,29687
2308,6,30,25,0,78743700,3661,107220060,4973,29693
2309,3,29,25,0,78756120,3661,107222520,4972,29696
2310,6,30,25,0,78790680,3662,107227080,4971,29702
2311,4,31,25,0,78802860,3662,107239140,4970,29706
2312,10,36,25,0,78828600,3662,107241060,4969,29716
2313,6,38,25,0,78841200,3662,107252700,4968,29722
2314,8,40,25,0,78869100,3663,107276280,4967,29730
2315,15,40,25,0,78894600,3663,107303700,4967,29745
2316,7,36,25,0,78910920,3662,107338800,4968,29752
2317,11,33,25,0,78938640,3661,107635800,4979,29763
2318,6,34,25,0,78953820,3661,107641320,4978,29769
2319,12,40,25,0,78978720,3661,107644560,4976,29781
2320,14,40,25,0,78978720,3661,107644560,4976,29795
2321,8,39,25,0,79018260,3662,107681640,4976,29803
2322,14,40,25,0,79040040,3662,107684940,4975,29817
2323,5,34,25,0,79071960,3662,107845740,4981,29822
2324,11,33,25,0,79087320,3661,108111900,4991,29833
2325,6,36,25,0,79103460,3661,108117660,4991,29839
2326,7,39,25,0,79115400,3661,108121020,4989,29846
2327,8,40,25,0,79140900,3661,108130080,4988,29854
2328,5,39,25,0,79173180,3662,108156960,4988,29859
2329,3,38,25,0,79187160,3662,108174240,4989,29862
2330,2,30,25,0,79219260,3662,108541140,5004,29864
2331,4,19,25,0,79248000,3660,109961280,5069,29868
2332,4,7,25,0,79263540,3658,111106860,5121,29872
2333,6,4,25,0,79280100,3658,111326340,5130,29878
2334,10,9,25,0,79302180,3658,111332940,5127,29888
2335,3,8,25,0,79321500,3658,111340560,5127,29891
2336,13,16,25,0,79336980,3658,111393360,5127,29904
2337,10,21,25,0,79366020,3658,111399900,5126,29914
2338,15,31,25,0,79382760,3658,111405360,5122,29929
2339,20,40,25,0,79406220,3659,111410280,5119,29949
2340,8,39,25,0,79425360,3659,111418080,5118,29957
2341,12,39,25,0,79459200,3660,111462720,5119,29969
2342,8,37,25,0,79481160,3660,111504540,5120,29977
2343,19,40,25,0,79492800,3659,111525960,5119,29996
2344,8,39,25,0,79516440,3660,111540000,5119,30004
2345,6,36,25,0,79546320,3660,111597360,5120,30010
2346,7,38,25,0,79563600,3660,111663480,5122,30017
2347,4,35,25,0,79581660,3659,111707400,5123,30021
2348,6,37,25,0,79602000,3660,111825960,5127,30027
2349,5,32,25,0,79636380,3660,111868380,5128,30032
2350,8,30,25,0,79649940,3659,112101300,5136,30040
2351,4,31,25,0,79668840,3659,112104060,5136,30044
2352,4,32,25,0,79685520,3659,112109100,5135,30048
2353,6,32,25,0,79712460,3659,112170480,5136,30054
2354,9,39,25,0,79726980,3660,112173720,5135,30063
2355,28,40,25,0,79756800,3660,112184400,5134,30091
2356,28,40,25,0,79773000,3661,112196040,5134,30119
2357,35,40,25,0,79803960,3661,112223880,5133,30154
2358,25,40,25,0,79819800,3661,112226460,5132,30179
2359,28,40,25,0,79835880,3661,112251060,5133,30207
2360,40,40,25,0,79858740,3661,112311780,5135,30247
2361,29,40,25,0,79887780,3662,112351500,5135,30276
2362,36,40,25,0,79904340,3661,112359360,5134,30312
2363,25,40,25,0,79930320,3661,112413720,5135,30337
2364,40,40,25,0,79944780,3661,112418940,5133,30377
2365,27,40,25,0,79964520,3661,112423080,5133,30404
2366,27,40,25,0,79994220,3661,112472940,5132,30431
2367,37,40,25,0,80005020,3661,112476120,5132,30468
2368,30,40,25,0,80034480,3662,112483320,5131,30498
2369,31,40,25,0,80066040,3662,112531080,5131,30529
2370,31,40,25,0,80068860,3661,112533600,5131,30560
2371,34,40,25,0,80101320,3662,112544280,5130,30594
2372,26,40,25,0,80117820,3662,112676100,5135,30620
2373,32,40,25,0,80131620,3662,112680060,5135,30652
2374,35,40,25,0,80171520,3662,112698120,5133,30687
2375,36,40,25,0,80187540,3662,112906200,5141,30723
2376,33,40,25,0,80200320,3662,112934820,5141,30756
2377,29,39,25,0,80229960,3662,112951440,5140,30785
2378,30,40,25,0,80251740,3662,113008140,5141,30815
2379,33,40,25,0,80267640,3661,113016900,5140,30848
2380,25,40,25,0,80300160,3661,113304060,5151,30873
2381,35,40,25,0,80307900,3661,113310480,5151,30908
2382,26,40,25,0,80325420,3661,113315400,5150,30934
2383,31,40,25,0,80351160,3662,113319840,5150,30965
2384,36,40,25,0,80380440,3662,113351220,5150,31001
2385,28,40,25,0,80403180,3662,113360880,5149,31029
2386,34,40,25,0,80428080,3662,113405820,5148,31063
2387,35,40,25,0,80435700,3662,113412060,5148,31098
2388,32,40,25,0,80471760,3662,113452140,5148,31130
2389,27,40,25,0,80487660,3662,113455320,5147,31157
2390,31,40,25,0,80501700,3662,113636940,5154,31188
2391,32,40,25,0,80517000,3662,113660220,5154,31220
2392,26,40,25,0,80541120,3662,113663580,5153,31246
2393,40,40,25,0,80560260,3662,113702400,5154,31286
2394,29,39,25,0,80591160,3662,113857920,5159,31315
2395,34,40,25,0,80606580,3662,113859120,5158,31349
2396,28,40,25,0,80633460,3663,113869740,5158,31377
2397,32,40,25,0,80663160,3663,113900040,5158,31409
2398,24,40,25,0,80683740,3663,114074580,5164,31433
2399,34,40,25,0,80698740,3663,114077760,5163,31467

