Hour,Arrivals,Waiting,Treating,Available Rooms,Total Treatment Time,Average Treatment Time,Total Wait Time,Average Wait Time,Total Arrivals
1,9,0,4,21,4380,876,0,0,9
2,5,0,7,18,12240,1748,0,0,14
3,4,0,5,20,33240,2556,0,0,18
4,4,0,3,22,49920,2627,0,0,22
5,2,0,2,23,61620,2800,0,0,24
6,6,0,4,21,74580,2868,0,0,30
7,5,0,2,23,93780,2841,0,0,35
8,8,0,3,22,109080,2727,0,0,43
9,4,0,3,22,114540,2603,0,0,47
10,10,0,11,14,129060,2805,0,0,57
11,8,0,11,14,154320,2857,0,0,65
12,9,0,9,16,202020,3108,0,0,74
13,10,0,11,14,229260,3140,0,0,84
14,6,0,8,17,264840,3229,0,0,90
15,10,0,11,14,292560,3287,0,0,100
16,8,0,8,17,330420,3304,0,0,108
17,8,0,7,18,366300,3360,0,0,116
18,7,0,10,15,382860,3388,0,0,123
19,10,0,9,16,415020,3346,0,0,133
20,5,0,6,19,452100,3425,0,0,138
21,4,0,8,17,459840,3431,0,0,142
22,5,0,7,18,489420,3495,0,0,147
23,7,0,8,17,530160,3631,0,0,154
24,5,0,8,17,545160,3610,0,0,159
25,5,0,5,20,583380,3669,0,0,164
26,4,0,3,22,601680,3646,0,0,168
27,1,0,1,24,619080,3685,0,0,169
28,2,0,3,22,619080,3685,0,0,171
29,6,0,5,20,624960,3633,0,0,177
30,10,0,7,18,644700,3581,0,0,187
31,5,0,5,20,663240,3546,0,0,192
32,6,0,5,20,689100,3570,0,0,198
33,4,0,5,20,700680,3556,0,0,202
34,9,0,9,16,715680,3542,0,0,211
35,12,0,14,11,738780,3534,0,0,223
36,6,0,14,11,761040,3539,0,0,229
37,14,0,15,10,812280,3562,0,0,243
38,8,0,6,19,892080,3641,0,0,251
39,8,0,7,18,918420,3644,0,0,259
40,12,0,8,17,941940,3581,0,0,271
41,9,0,11,14,969420,3603,0,0,280
42,6,0,6,19,997560,3562,0,0,286
43,4,0,3,22,1027380,3579,0,0,290
44,6,0,5,20,1032840,3549,0,0,296
45,7,0,6,19,1055100,3552,0,0,303
46,7,0,10,15,1060500,3535,0,0,310
47,5,0,6,19,1099380,3557,0,0,315
48,5,0,3,22,1121400,3537,0,0,320
49,8,0,8,17,1134480,3545,0,0,328
50,5,0,10,15,1142520,3537,0,0,333
51,5,0,7,18,1180740,3567,0,0,338
52,5,0,4,21,1206780,3559,0,0,343
53,3,0,2,23,1226760,3566,0,0,346
54,5,0,2,23,1239960,3552,0,0,351
55,8,0,7,18,1254180,3563,0,0,359
56,8,0,9,16,1271460,3551,0,0,367
57,7,0,8,17,1297500,3545,0,0,374
58,12,0,11,14,1332060,3552,0,0,386
59,9,0,10,15,1355700,3521,0,0,395
60,6,0,8,17,1388760,3533,0,0,401
61,12,0,7,18,1430400,3523,0,0,413
62,4,0,4,21,1457220,3528,0,0,417
63,11,0,9,16,1476720,3524,0,0,428
64,6,0,7,18,1497600,3507,0,0,434
65,10,0,6,19,1530180,3493,0,0,444
66,7,0,9,16,1560420,3530,0,0,451
67,12,0,15,10,1585860,3539,0,0,463
68,16,0,15,10,1652760,3561,0,0,479
69,6,0,12,13,1692240,3577,0,0,485
70,7,0,7,18,1761780,3632,0,0,492
71,3,0,3,22,1796640,3651,0,0,495
72,6,0,5,20,1814640,3658,0,0,501
73,5,0,7,18,1824360,3656,0,0,506
74,6,0,4,21,1849980,3641,0,0,512
75,4,0,5,20,1865460,3650,0,0,516
76,9,0,10,15,1874400,3639,0,0,525
77,10,0,14,11,1895940,3639,0,0,535
78,12,0,18,7,1930980,3650,0,0,547
79,7,0,10,15,1993260,3664,0,0,554
80,6,0,3,22,2049300,3679,0,0,560
81,6,0,3,22,2066460,3670,0,0,566
82,3,0,4,21,2073660,3670,0,0,569
83,7,0,6,19,2093220,3672,0,0,576
84,4,0,7,18,2107020,3677,0,0,580
85,9,0,7,18,2149320,3692,0,0,589
86,7,0,10,15,2159640,3685,0,0,596
87,19,0,17,8,2199660,3678,0,0,615
88,6,0,9,16,2243160,3665,0,0,621
89,9,0,9,16,2278800,3669,0,0,630
90,9,0,9,16,2305680,3659,0,0,639
91,7,0,8,17,2330580,3652,0,0,646
92,7,0,8,17,2348100,3640,0,0,653
93,10,0,8,17,2379240,3632,0,0,663
94,5,0,6,19,2412060,3643,0,0,668
95,6,0,5,20,2431560,3634,0,0,674
96,4,0,4,21,2444940,3627,0,0,678
97,3,0,3,22,2458860,3626,0,0,681
98,6,0,4,21,2473980,3622,0,0,687
99,3,0,3,22,2482680,3613,0,0,690
100,6,0,5,20,2494200,3609,0,0,696
101,7,0,7,18,2503200,3596,0,0,703
102,9,0,8,17,2534700,3600,0,0,712
103,6,0,6,19,2564220,3601,0,0,718
104,5,0,2,23,2595840,3600,0,0,723
105,7,0,5,20,2599920,3586,0,0,730
106,6,0,4,21,2626680,3588,0,0,736
107,9,0,8,17,2636700,3577,0,0,745
108,10,0,13,12,2655540,3578,0,0,755
109,3,0,7,18,2695080,3588,0,0,758
110,14,0,13,12,2721480,3585,0,0,772
111,10,0,11,14,2771760,3595,0,0,782
112,7,0,11,14,2794320,3591,0,0,789
113,8,0,8,17,2855340,3618,0,0,797
114,7,0,7,18,2883180,3617,0,0,804
115,9,0,10,15,2901780,3613,0,0,813
116,2,0,3,22,2944620,3626,0,0,815
117,15,0,9,16,2969700,3617,0,0,830
118,5,0,8,17,2985720,3610,0,0,835
119,8,0,11,14,3009960,3617,0,0,843
120,5,0,6,19,3052740,3625,0,0,848
121,4,0,3,22,3079260,3626,0,0,852
122,4,0,2,23,3095880,3625,0,0,856
123,5,0,3,22,3105180,3619,0,0,861
124,5,0,4,21,3111240,3609,0,0,866
125,6,0,5,20,3122220,3601,0,0,872
126,5,0,4,21,3155700,3614,0,0,877
127,7,0,6,19,3176040,3617,0,0,884
128,14,0,10,15,3190320,3592,0,0,898
129,10,0,9,16,3227220,3589,0,0,908
130,5,0,4,21,3267060,3594,0,0,913
131,6,0,6,19,3273120,3585,0,0,919
132,9,0,8,17,3303840,3591,0,0,928
133,7,0,11,14,3311400,3583,0,0,935
134,9,0,6,19,3372600,3595,0,0,944
135,15,0,16,9,3392880,3597,0,0,959
136,4,0,5,20,3448620,3599,0,0,963
137,15,0,12,13,3469500,3591,0,0,978
138,4,0,6,19,3500340,3586,0,0,982
139,8,0,7,18,3527520,3588,0,0,990
140,5,0,7,18,3547800,3590,0,0,995
141,5,0,6,19,3577920,3599,0,0,1000
142,5,0,8,17,3594240,3605,0,0,1005
143,7,0,9,16,3622080,3611,0,0,1012
144,4,0,7,18,3652800,3620,0,0,1016
145,3,0,6,19,3666540,3619,0,0,1019
146,3,0,0,25,3712440,3632,0,0,1022
147,9,0,6,19,3716280,3625,0,0,1031
148,6,0,7,18,3735540,3626,0,0,1037
149,2,0,1,24,3770040,3632,0,0,1039
150,2,0,0,25,3779220,3630,0,0,1041
151,10,0,6,19,3782220,3619,0,0,1051
152,5,0,5,20,3800700,3616,0,0,1056
153,8,0,9,16,3815580,3616,0,0,1064
154,10,0,13,12,3839220,3618,0,0,1074
155,4,0,6,19,3887640,3626,0,0,1078
156,10,0,13,12,3893280,3621,0,0,1088
157,13,0,15,10,3939720,3627,0,0,1101
158,10,0,12,13,3985980,3626,0,0,1111
159,15,0,16,9,4024620,3625,0,0,1126
160,13,0,17,8,4083120,3639,0,0,1139
161,10,0,12,13,4135680,3637,0,0,1149
162,8,0,10,15,4179540,3643,0,0,1157
163,5,0,5,20,4233420,3658,0,0,1162
164,7,0,9,16,4246860,3661,0,0,1169
165,3,0,7,18,4270920,3666,0,0,1172
166,4,0,6,19,4291980,3668,0,0,1176
167,7,0,10,15,4300740,3666,0,0,1183
168,2,0,8,17,4331340,3679,0,0,1185
169,7,0,9,16,4358940,3684,0,0,1192
170,4,0,6,19,4385220,3685,0,0,1196
171,5,0,4,21,4419000,3691,0,0,1201
172,6,0,7,18,4439100,3699,0,0,1207
173,6,0,7,18,4460280,3698,0,0,1213
174,2,0,4,21,4482780,3701,0,0,1215
175,7,0,4,21,4500120,3694,0,0,1222
176,14,0,15,10,4504920,3689,0,0,1236
177,9,0,7,18,4555800,3679,0,0,1245
178,10,0,7,18,4583880,3672,0,0,1255
179,8,0,9,16,4607640,3674,0,0,1263
180,6,0,5,20,4633680,3665,0,0,1269
181,17,0,12,13,4665540,3662,0,0,1286
182,6,0,5,20,4701480,3653,0,0,1292
183,9,0,10,15,4716780,3653,0,0,1301
184,8,0,7,18,4755840,3652,0,0,1309
185,10,0,7,18,4778220,3641,0,0,1319
186,9,0,12,13,4785480,3636,0,0,1328
187,9,0,13,12,4815720,3637,0,0,1337
188,7,0,10,15,4874580,3654,0,0,1344
189,4,0,6,19,4918440,3665,0,0,1348
190,4,0,3,22,4956000,3673,0,0,1352
191,2,0,3,22,4964040,3674,0,0,1354
192,5,0,5,20,4977600,3676,0,0,1359
193,9,0,9,16,4990920,3672,0,0,1368
194,6,0,6,19,5036160,3681,0,0,1374
195,2,0,3,22,5050020,3678,0,0,1376
196,4,0,4,21,5067660,3682,0,0,1380
197,4,0,4,21,5082660,3683,0,0,1384
198,5,0,5,20,5098140,3683,0,0,1389
199,3,0,4,21,5114520,3684,0,0,1392
200,6,0,4,21,5131680,3681,0,0,1398
201,5,0,6,19,5142600,3681,0,0,1403
202,5,0,6,19,5167200,3685,0,0,1408
203,2,0,5,20,5182800,3688,0,0,1410
204,9,0,6,19,5206020,3684,0,0,1419
205,12,0,8,17,5222700,3670,0,0,1431
206,11,0,12,13,5246760,3669,0,0,1442
207,9,0,10,15,5288520,3670,0,0,1451
208,11,0,15,10,5325060,3680,0,0,1462
209,6,0,11,14,5368680,3684,0,0,1468
210,7,0,7,18,5399700,3678,0,0,1475
211,7,0,5,20,5432640,3678,0,0,1482
212,2,0,4,21,5454060,3685,0,0,1484
213,5,0,7,18,5466000,3688,0,0,1489
214,4,0,5,20,5490240,3689,0,0,1493
215,4,0,4,21,5510280,3690,0,0,1497
216,3,0,4,21,5523600,3692,0,0,1500
217,4,0,4,21,5538180,3692,0,0,1504
218,7,0,6,19,5558700,3693,0,0,1511
219,8,0,5,20,5583600,3687,0,0,1519
220,3,0,4,21,5591100,3683,0,0,1522
221,4,0,4,21,5607360,3684,0,0,1526
222,6,0,6,19,5625000,3686,0,0,1532
223,6,0,6,19,5649300,3687,0,0,1538
224,3,0,5,20,5663460,3687,0,0,1541
225,4,0,5,20,5679240,3687,0,0,1545
226,10,0,6,19,5708880,3685,0,0,1555
227,8,0,4,21,5739780,3681,0,0,1563
228,7,0,5,20,5754900,3677,0,0,1570
229,7,0,6,19,5765580,3670,0,0,1577
230,9,0,9,16,5784660,3668,0,0,1586
231,6,0,6,19,5820720,3670,0,0,1592
232,14,0,13,12,5841780,3667,0,0,1606
233,5,0,7,18,5886360,3669,0,0,1611
234,3,0,1,24,5922120,3671,0,0,1614
235,8,0,6,19,5929980,3669,0,0,1622
236,5,0,4,21,5944920,3662,0,0,1627
237,6,0,6,19,5970000,3669,0,0,1633
238,8,0,8,17,5987460,3666,0,0,1641
239,3,0,3,22,6019020,3667,0,0,1644
240,6,0,6,19,6027960,3666,0,0,1650
241,7,0,6,19,6051060,3665,0,0,1657
242,4,0,5,20,6074700,3668,0,0,1661
243,5,0,4,21,6091320,3665,0,0,1666
244,11,0,9,16,6111360,3663,0,0,1677
245,10,0,10,15,6130440,3655,0,0,1687
246,1,0,1,24,6183660,3665,0,0,1688
247,2,0,3,22,6183660,3665,0,0,1690
248,10,0,6,19,6193320,3656,0,0,1700
249,8,0,7,18,6213540,3652,0,0,1708
250,6,0,6,19,6241260,3654,0,0,1714
251,9,0,6,19,6276000,3655,0,0,1723
252,13,0,12,13,6297840,3653,0,0,1736
253,12,0,13,12,6340140,3654,0,0,1748
254,9,0,12,13,6377940,3654,0,0,1757
255,10,0,12,13,6423300,3660,0,0,1767
256,8,0,10,15,6479340,3671,0,0,1775
257,3,0,6,19,6515880,3677,0,0,1778
258,5,0,4,21,6545160,3679,0,0,1783
259,2,0,1,24,6554880,3674,0,0,1785
260,4,0,2,23,6568560,3675,0,0,1789
261,5,0,6,19,6569460,3674,0,0,1794
262,6,0,7,18,6588840,3674,0,0,1800
263,5,0,3,22,6622260,3674,0,0,1805
264,8,0,8,17,6628920,3672,0,0,1813
265,9,0,7,18,6665940,3672,0,0,1822
266,6,0,6,19,6687240,3670,0,0,1828
267,4,0,7,18,6705480,3674,0,0,1832
268,6,0,3,22,6740820,3673,0,0,1838
269,4,0,4,21,6750660,3672,0,0,1842
270,4,0,5,20,6760620,3672,0,0,1846
271,8,0,8,17,6772500,3668,0,0,1854
272,5,0,9,16,6797160,3674,0,0,1859
273,8,0,8,17,6823260,3670,0,0,1867
274,11,0,11,14,6853320,3670,0,0,1878
275,2,0,7,18,6877680,3672,0,0,1880
276,10,0,8,17,6919140,3676,0,0,1890
277,8,0,8,17,6950220,3677,0,0,1898
278,3,0,5,20,6975540,3679,0,0,1901
279,10,0,12,13,6996540,3684,0,0,1911
280,3,0,5,20,7033800,3684,0,0,1914
281,11,0,10,15,7065360,3689,0,0,1925
282,5,0,11,14,7079340,3689,0,0,1930
283,12,0,11,14,7133160,3694,0,0,1942
284,10,0,9,16,7187040,3698,0,0,1952
285,5,0,7,18,7214100,3699,0,0,1957
286,8,0,8,17,7242900,3701,0,0,1965
287,2,0,5,20,7255560,3698,0,0,1967
288,1,0,1,24,7283400,3702,0,0,1968
289,2,0,2,23,7289280,3703,0,0,1970
290,6,0,6,19,7290120,3700,0,0,1976
291,5,0,5,20,7310460,3699,0,0,1981
292,5,0,6,19,7329420,3701,0,0,1986
293,8,0,10,15,7349040,3704,0,0,1994
294,6,0,7,18,7381140,3703,0,0,2000
295,9,0,9,16,7402380,3701,0,0,2009
296,5,0,11,14,7427880,3708,0,0,2014
297,12,0,10,15,7478640,3709,0,0,2026
298,3,0,5,20,7512960,3711,0,0,2029
299,12,0,12,13,7542720,3717,0,0,2041
300,11,0,13,12,7572660,3713,0,0,2052
301,9,0,13,12,7610880,3716,0,0,2061
302,7,0,8,17,7659000,3717,0,0,2068
303,12,0,12,13,7697760,3722,0,0,2080
304,6,0,8,17,7731300,3720,0,0,2086
305,12,0,8,17,7759800,3712,0,0,2098
306,11,0,8,17,7790820,3708,0,0,2109
307,4,0,3,22,7830600,3711,0,0,2113
308,3,0,3,22,7844220,3712,0,0,2116
309,7,0,7,18,7853220,3711,0,0,2123
310,3,0,5,20,7871340,3711,0,0,2126
311,5,0,4,21,7894800,3711,0,0,2131
312,5,0,6,19,7903260,3710,0,0,2136
313,3,0,5,20,7922040,3712,0,0,2139
314,2,0,3,22,7943220,3715,0,0,2141
315,6,0,2,23,7959660,3710,0,0,2147
316,5,0,2,23,7978800,3711,0,0,2152
317,8,0,6,19,7991220,3709,0,0,2160
318,3,0,5,20,8003400,3708,0,0,2163
319,8,0,6,19,8026200,3707,0,0,2171
320,9,0,11,14,8039100,3706,0,0,2180
321,4,0,6,19,8079600,3709,0,0,2184
322,16,0,12,13,8123940,3712,0,0,2200
323,8,0,7,18,8154960,3705,0,0,2208
324,2,0,1,24,8198160,3711,0,0,2210
325,11,0,8,17,8206320,3708,0,0,2221
326,9,0,7,18,8227860,3701,0,0,2230
327,6,0,7,18,8252760,3702,0,0,2236
328,2,0,5,20,8280240,3708,0,0,2238
329,9,0,6,19,8305560,3706,0,0,2247
330,6,0,8,17,8317740,3705,0,0,2253
331,12,0,5,20,8368500,3702,0,0,2265
332,9,0,8,17,8382300,3699,0,0,2274
333,6,0,9,16,8398920,3698,0,0,2280
334,3,0,5,20,8435280,3702,0,0,2283
335,5,0,5,20,8460180,3705,0,0,2288
336,8,0,7,18,8472000,3701,0,0,2296
337,9,0,12,13,8484780,3700,0,0,2305
338,2,0,6,19,8533440,3708,0,0,2307
339,5,0,5,20,8562960,3711,0,0,2312
340,3,0,5,20,8579460,3714,0,0,2315
341,10,0,7,18,8595840,3708,0,0,2325
342,3,0,3,22,8627100,3710,0,0,2328
343,5,0,2,23,8643540,3708,0,0,2333
344,7,0,6,19,8649120,3705,0,0,2340
345,10,0,7,18,8664360,3697,0,0,2350
346,10,0,11,14,8679420,3694,0,0,2360
347,9,0,8,17,8727960,3696,0,0,2369
348,8,0,7,18,8757060,3694,0,0,2377
349,9,0,8,17,8790180,3696,0,0,2386
350,11,0,9,16,8818020,3692,0,0,2397
351,5,0,5,20,8843760,3689,0,0,2402
352,10,0,10,15,8868960,3692,0,0,2412
353,8,0,11,14,8889000,3689,0,0,2420
354,5,0,8,17,8928600,3694,0,0,2425
355,7,0,6,19,8975340,3699,0,0,2432
356,8,0,6,19,8998620,3697,0,0,2440
357,7,0,6,19,9020040,3695,0,0,2447
358,8,0,9,16,9041880,3696,0,0,2455
359,6,0,5,20,9087360,3700,0,0,2461
360,3,0,1,24,9110880,3699,0,0,2464
361,1,0,2,23,9110880,3699,0,0,2465
362,2,0,3,22,9117780,3700,0,0,2467
363,7,0,7,18,9125340,3698,0,0,2474
364,3,0,3,22,9147360,3697,0,0,2477
365,5,0,4,21,9162540,3697,0,0,2482
366,4,0,5,20,9178740,3699,0,0,2486
367,4,0,5,20,9195480,3700,0,0,2490
368,6,0,3,22,9215040,3696,0,0,2496
369,12,0,10,15,9225840,3693,0,0,2508
370,8,0,9,16,9252360,3690,0,0,2516
371,5,0,7,18,9273900,3688,0,0,2521
372,8,0,5,20,9315300,3690,0,0,2529
373,7,0,6,19,9331440,3688,0,0,2536
374,11,0,7,18,9356160,3683,0,0,2547
375,3,0,7,18,9367920,3683,0,0,2550
376,9,0,11,14,9389640,3685,0,0,2559
377,8,0,12,13,9412320,3683,0,0,2567
378,8,0,8,17,9472620,3690,0,0,2575
379,8,0,8,17,9517740,3696,0,0,2583
380,9,0,9,16,9552060,3698,0,0,2592
381,6,0,5,20,9587640,3697,0,0,2598
382,4,0,6,19,9594600,3695,0,0,2602
383,2,0,2,23,9629460,3700,0,0,2604
384,6,0,2,23,9638040,3695,0,0,2610
385,4,0,5,20,9644280,3696,0,0,2614
386,2,0,1,24,9664680,3695,0,0,2616
387,4,0,3,22,9667920,3694,0,0,2620
388,4,0,4,21,9674400,3692,0,0,2624
389,6,0,6,19,9692400,3693,0,0,2630
390,4,0,3,22,9721260,3694,0,0,2634
391,9,0,10,15,9726360,3694,0,0,2643
392,4,0,6,19,9746580,3690,0,0,2647
393,9,0,7,18,9773940,3689,0,0,2656
394,6,0,9,16,9788040,3689,0,0,2662
395,11,0,11,14,9834900,3694,0,0,2673
396,10,0,14,11,9868920,3697,0,0,2683
397,13,0,17,8,9899100,3695,0,0,2696
398,6,0,10,15,9964380,3701,0,0,2702
399,7,0,10,15,9994680,3703,0,0,2709
400,7,0,6,19,10049280,3708,0,0,2716
401,5,0,6,19,10058460,3704,0,0,2721
402,7,0,5,20,10090560,3705,0,0,2728
403,13,0,12,13,10105440,3702,0,0,2741
404,4,0,7,18,10138020,3702,0,0,2745
405,4,0,3,22,10181880,3707,0,0,2749
406,7,0,6,19,10196640,3707,0,0,2756
407,5,0,5,20,10212360,3705,0,0,2761
408,7,0,4,21,10236600,3703,0,0,2768
409,2,0,3,22,10255440,3706,0,0,2770
410,4,0,4,21,10266900,3706,0,0,2774
411,2,0,1,24,10282140,3705,0,0,2776
412,6,0,4,21,10289580,3703,0,0,2782
413,8,0,8,17,10299900,3702,0,0,2790
414,5,0,7,18,10324620,3703,0,0,2795
415,5,0,6,19,10356660,3706,0,0,2800
416,11,0,11,14,10382520,3708,0,0,2811
417,6,0,8,17,10407060,3704,0,0,2817
418,12,0,12,13,10428000,3701,0,0,2829
419,6,0,9,16,10473900,3706,0,0,2835
420,4,0,4,21,10526280,3712,0,0,2839
421,9,0,7,18,10535760,3708,0,0,2848
422,10,0,8,17,10580760,3712,0,0,2858
423,4,0,5,20,10602720,3711,0,0,2862
424,8,0,5,20,10635300,3712,0,0,2870
425,7,0,9,16,10643340,3711,0,0,2877
426,10,0,9,16,10671120,3707,0,0,2887
427,10,0,13,12,10692780,3707,0,0,2897
428,7,0,10,15,10734780,3709,0,0,2904
429,8,0,5,20,10795320,3713,0,0,2912
430,4,0,4,21,10817400,3714,0,0,2916
431,7,0,7,18,10827840,3713,0,0,2923
432,5,0,6,19,10855500,3715,0,0,2928
433,5,0,6,19,10873620,3714,0,0,2933
434,6,0,7,18,10890060,3714,0,0,2939
435,3,0,4,21,10914600,3714,0,0,2942
436,5,0,6,19,10933680,3717,0,0,2947
437,7,0,5,20,10956300,3715,0,0,2954
438,8,0,6,19,10975080,3712,0,0,2962
439,9,0,7,18,10989120,3707,0,0,2971
440,9,0,9,16,11006160,3704,0,0,2980
441,13,0,10,15,11041440,3701,0,0,2993
442,9,0,7,18,11076180,3698,0,0,3002
443,6,0,3,22,11100780,3694,0,0,3008
444,13,0,11,14,11115360,3692,0,0,3021
445,16,0,17,8,11144940,3690,0,0,3037
446,8,0,6,19,11202960,3686,0,0,3045
447,12,0,11,14,11222760,3684,0,0,3057
448,7,0,10,15,11256240,3685,0,0,3064
449,10,0,10,15,11293680,3685,0,0,3074
450,9,0,11,14,11326800,3687,0,0,3083
451,5,0,4,21,11377080,3689,0,0,3088
452,8,0,9,16,11381340,3686,0,0,3096
453,5,0,6,19,11413620,3687,0,0,3101
454,5,0,6,19,11438400,3689,0,0,3106
455,5,0,4,21,11473260,3692,0,0,3111
456,5,0,4,21,11488440,3691,0,0,3116
457,5,0,4,21,11502780,3690,0,0,3121
458,2,0,2,23,11511660,3688,0,0,3123
459,3,0,4,21,11514420,3688,0,0,3126
460,12,0,7,18,11540880,3686,0,0,3138
461,5,0,6,19,11560980,3685,0,0,3143
462,5,0,4,21,11576820,3682,0,0,3148
463,3,0,6,19,11583660,3683,0,0,3151
464,3,0,4,21,11607960,3685,0,0,3154
465,13,0,9,16,11647980,3688,0,0,3167
466,13,0,15,10,11664360,3685,0,0,3180
467,5,0,9,16,11705640,3685,0,0,3185
468,8,0,9,16,11742780,3688,0,0,3193
469,11,0,9,16,11790780,3690,0,0,3204
470,11,0,8,17,11824200,3686,0,0,3215
471,13,0,11,14,11850480,3683,0,0,3228
472,4,0,8,17,11888820,3687,0,0,3232
473,3,0,3,22,11924100,3689,0,0,3235
474,9,0,8,17,11931240,3687,0,0,3244
475,7,0,6,19,11970120,3688,0,0,3251
476,10,0,10,15,11990400,3688,0,0,3261
477,2,0,6,19,12013080,3688,0,0,3263
478,6,0,5,20,12046320,3690,0,0,3269
479,6,0,6,19,12063600,3690,0,0,3275
480,12,0,15,10,12083460,3692,0,0,3287
481,6,0,12,13,12119520,3693,0,0,3293
482,7,0,7,18,12178800,3698,0,0,3300
483,5,0,4,21,12212220,3699,0,0,3305
484,6,0,5,20,12230700,3699,0,0,3311
485,10,0,9,16,12239940,3695,0,0,3321
486,7,0,7,18,12272700,3695,0,0,3328
487,6,0,5,20,12295020,3693,0,0,3334
488,10,0,8,17,12309840,3690,0,0,3344
489,4,0,7,18,12328920,3690,0,0,3348
490,13,0,13,12,12351180,3689,0,0,3361
491,13,0,10,15,12417240,3691,0,0,3374
492,12,0,12,13,12448740,3689,0,0,3386
493,8,0,9,16,12492720,3690,0,0,3394
494,13,0,14,11,12518100,3689,0,0,3407
495,13,0,15,10,12561540,3689,0,0,3420
496,9,0,11,14,12614460,3690,0,0,3429
497,9,0,14,11,12637020,3690,0,0,3438
498,3,0,5,20,12683880,3691,0,0,3441
499,9,0,9,16,12707460,3692,0,0,3450
500,5,0,3,22,12745800,3692,0,0,3455
501,6,0,5,20,12763140,3693,0,0,3461
502,1,0,2,23,12771960,3691,0,0,3462
503,3,0,2,23,12786960,3692,0,0,3465
504,2,0,2,23,12791100,3691,0,0,3467
505,4,0,5,20,12799800,3692,0,0,3471
506,3,0,4,21,12813660,3692,0,0,3474
507,2,0,2,23,12830820,3693,0,0,3476
508,4,0,5,20,12838620,3694,0,0,3480
509,6,0,8,17,12853140,3695,0,0,3486
510,4,0,6,19,12878220,3696,0,0,3490
511,9,0,8,17,12895200,3693,0,0,3499
512,6,0,6,19,12923820,3693,0,0,3505
513,9,0,10,15,12943140,3693,0,0,3514
514,6,0,8,17,12975420,3694,0,0,3520
515,9,0,8,17,13013940,3696,0,0,3529
516,3,0,5,20,13040880,3697,0,0,3532
517,3,0,5,20,13059540,3699,0,0,3535
518,11,0,9,16,13076880,3697,0,0,3546
519,10,0,9,16,13108320,3695,0,0,3556
520,13,0,8,17,13154100,3693,0,0,3569
521,6,0,10,15,13165020,3692,0,0,3575
522,5,0,10,15,13191660,3695,0,0,3580
523,8,0,7,18,13237980,3696,0,0,3588
524,8,0,8,17,13268160,3697,0,0,3596
525,3,0,4,21,13298880,3699,0,0,3599
526,6,0,6,19,13328520,3703,0,0,3605
527,2,0,2,23,13344300,3701,0,0,3607
528,5,0,6,19,13351380,3702,0,0,3612
529,1,0,4,21,13367220,3703,0,0,3613
530,6,0,5,20,13389300,3704,0,0,3619
531,7,0,9,16,13395420,3703,0,0,3626
532,10,0,8,17,13438620,3704,0,0,3636
533,6,0,9,16,13455360,3703,0,0,3642
534,3,0,6,19,13486020,3705,0,0,3645
535,3,0,4,21,13509540,3707,0,0,3648
536,5,0,2,23,13535580,3707,0,0,3653
537,14,0,11,14,13541160,3703,0,0,3667
538,5,0,10,15,13566360,3704,0,0,3672
539,15,0,17,8,13591380,3703,0,0,3687
540,10,0,10,15,13652220,3702,0,0,3697
541,10,0,15,10,13671000,3702,0,0,3707
542,6,0,11,14,13715820,3704,0,0,3713
543,10,0,11,14,13771560,3710,0,0,3723
544,15,0,15,10,13796400,3705,0,0,3738
545,9,0,11,14,13843440,3705,0,0,3747
546,8,0,6,19,13889100,3704,0,0,3755
547,4,0,5,20,13910580,3705,0,0,3759
548,5,0,2,23,13944780,3706,0,0,3764
549,4,0,4,21,13950540,3706,0,0,3768
550,4,0,3,22,13965840,3705,0,0,3772
551,2,0,1,24,13980780,3705,0,0,3774
552,1,0,0,25,13984560,3704,0,0,3775
553,5,0,4,21,13985640,3703,0,0,3780
554,8,0,3,22,14001780,3699,0,0,3788
555,6,0,5,20,14014560,3698,0,0,3794
556,6,0,8,17,14024280,3698,0,0,3800
557,5,0,6,19,14055300,3699,0,0,3805
558,9,0,9,16,14070540,3697,0,0,3814
559,3,0,3,22,14113080,3700,0,0,3817
560,5,0,6,19,14120340,3700,0,0,3822
561,8,0,7,18,14150040,3701,0,0,3830
562,2,0,2,23,14185260,3703,0,0,3832
563,5,0,4,21,14191440,3702,0,0,3837
564,8,0,8,17,14202720,3701,0,0,3845
565,10,0,9,16,14229120,3699,0,0,3855
566,6,0,5,20,14267700,3700,0,0,3861
567,8,0,6,19,14283960,3697,0,0,3869
568,8,0,7,18,14302500,3695,0,0,3877
569,12,0,11,14,14324580,3693,0,0,3889
570,10,0,9,16,14362740,3692,0,0,3899
571,5,0,4,21,14408040,3694,0,0,3904
572,3,0,2,23,14421480,3693,0,0,3907
573,10,0,10,15,14424720,3692,0,0,3917
574,6,0,7,18,14453160,3690,0,0,3923
575,3,0,4,21,14481180,3692,0,0,3926
576,7,0,6,19,14497620,3691,0,0,3933
577,3,0,5,20,14512140,3691,0,0,3936
578,8,0,6,19,14541060,3692,0,0,3944
579,3,0,6,19,14550360,3692,0,0,3947
580,6,0,6,19,14574540,3692,0,0,3953
581,6,0,6,19,14594040,3691,0,0,3959
582,9,0,7,18,14619480,3690,0,0,3968
583,8,0,11,14,14635920,3691,0,0,3976
584,8,0,10,15,14671200,3691,0,0,3984
585,12,0,12,13,14713800,3693,0,0,3996
586,5,0,4,21,14754360,3691,0,0,4001
587,5,0,5,20,14770320,3691,0,0,4006
588,10,0,6,19,14802840,3691,0,0,4016
589,6,0,6,19,14821560,3690,0,0,4022
590,12,0,12,13,14843520,3690,0,0,4034
591,12,0,13,12,14881740,3689,0,0,4046
592,12,0,13,12,14922180,3689,0,0,4058
593,12,0,13,12,14972580,3690,0,0,4070
594,12,0,7,18,15025860,3687,0,0,4082
595,8,0,8,17,15058200,3688,0,0,4090
596,8,0,11,14,15077940,3689,0,0,4098
597,11,0,13,12,15126840,3693,0,0,4109
598,3,0,4,21,15179640,3695,0,0,4112
599,2,0,2,23,15201480,3696,0,0,4114
600,6,0,6,19,15205740,3696,0,0,4120
601,5,0,6,19,15225900,3696,0,0,4125
602,5,0,5,20,15246120,3696,0,0,4130
603,2,0,2,23,15270540,3697,0,0,4132
604,3,0,3,22,15281160,3698,0,0,4135
605,5,0,4,21,15288300,3696,0,0,4140
606,1,0,2,23,15295620,3695,0,0,4141
607,8,0,6,19,15306660,3694,0,0,4149
608,3,0,2,23,15328260,3693,0,0,4152
609,6,0,5,20,15336660,3692,0,0,4158
610,13,0,13,12,15344940,3690,0,0,4171
611,6,0,7,18,15390960,3690,0,0,4177
612,8,0,9,16,15412740,3690,0,0,4185
613,9,0,11,14,15442140,3691,0,0,4194
614,11,0,14,11,15478320,3693,0,0,4205
615,4,0,9,16,15520080,3695,0,0,4209
616,9,0,9,16,15568380,3698,0,0,4218
617,10,0,8,17,15596220,3695,0,0,4228
618,8,0,8,17,15625320,3695,0,0,4236
619,11,0,11,14,15649860,3694,0,0,4247
620,6,0,8,17,15679080,3693,0,0,4253
621,7,0,7,18,15709560,3693,0,0,4260
622,4,0,2,23,15750480,3695,0,0,4264
623,3,0,2,23,15756660,3694,0,0,4267
624,7,0,5,20,15766440,3693,0,0,4274
625,4,0,8,17,15768420,3692,0,0,4278
626,2,0,3,22,15800100,3694,0,0,4280
627,6,0,6,19,15812580,3694,0,0,4286
628,4,0,6,19,15832560,3695,0,0,4290
629,4,0,4,21,15856860,3696,0,0,4294
630,8,0,6,19,15877620,3695,0,0,4302
631,10,0,10,15,15888540,3693,0,0,4312
632,7,0,7,18,15913560,3690,0,0,4319
633,6,0,9,16,15933120,3691,0,0,4325
634,7,0,8,17,15973380,3694,0,0,4332
635,6,0,7,18,16002360,3694,0,0,4338
636,14,0,11,14,16037940,3694,0,0,4352
637,4,0,11,14,16048020,3693,0,0,4356
638,9,0,13,12,16091040,3697,0,0,4365
639,10,0,10,15,16135800,3696,0,0,4375
640,8,0,8,17,16181820,3698,0,0,4383
641,9,0,8,17,16209720,3697,0,0,4392
642,4,0,6,19,16224720,3695,0,0,4396
643,8,0,6,19,16245720,3693,0,0,4404
644,0,0,2,23,16267440,3695,0,0,4404
645,8,0,7,18,16281120,3696,0,0,4412
646,4,0,3,22,16313400,3696,0,0,4416
647,7,0,8,17,16323420,3697,0,0,4423
648,2,0,2,23,16350180,3696,0,0,4425
649,4,0,2,23,16360740,3695,0,0,4429
650,5,0,6,19,16361520,3695,0,0,4434
651,7,0,6,19,16381080,3693,0,0,4441
652,7,0,9,16,16400340,3694,0,0,4448
653,5,0,5,20,16442760,3696,0,0,4453
654,7,0,9,16,16452840,3696,0,0,4460
655,10,0,9,16,16492080,3696,0,0,4470
656,5,0,5,20,16532640,3698,0,0,4475
657,7,0,7,18,16550160,3698,0,0,4482
658,5,0,6,19,16571700,3698,0,0,4487
659,4,0,3,22,16597560,3698,0,0,4491
660,7,0,8,17,16599360,3696,0,0,4498
661,12,0,11,14,16622580,3694,0,0,4510
662,7,0,10,15,16659120,3696,0,0,4517
663,11,0,9,16,16703280,3696,0,0,4528
664,16,0,14,11,16740360,3695,0,0,4544
665,4,0,8,17,16777860,3695,0,0,4548
666,3,0,3,22,16823940,3699,0,0,4551
667,9,0,4,21,16839540,3696,0,0,4560
668,4,0,4,21,16850220,3695,0,0,4564
669,3,0,2,23,16866540,3694,0,0,4567
670,6,0,6,19,16875600,3695,0,0,4573
671,3,0,5,20,16890900,3695,0,0,4576
672,7,0,6,19,16919880,3696,0,0,4583
673,4,0,9,16,16920660,3696,0,0,4587
674,3,0,8,17,16930080,3694,0,0,4590
675,2,0,8,17,16940460,3695,0,0,4592
676,4,0,8,17,16953660,3695,0,0,4596
677,12,0,16,9,16968480,3695,0,0,4608
678,10,0,14,11,16991760,3690,0,0,4618
679,6,0,10,15,17032260,3691,0,0,4624
680,6,0,10,15,17051940,3690,0,0,4630
681,9,0,13,12,17068680,3689,0,0,4639
682,7,0,14,11,17095260,3690,0,0,4646
683,4,0,9,16,17130420,3691,0,0,4650
684,6,0,10,15,17143500,3689,0,0,4656
685,10,0,16,9,17156400,3689,0,0,4666
686,10,0,20,5,17176440,3689,0,0,4676
687,9,0,17,8,17232480,3691,0,0,4685
688,13,0,14,11,17287320,3690,0,0,4698
689,6,0,12,13,17317500,3690,0,0,4704
690,7,0,11,14,17351640,3691,0,0,4711
691,11,0,13,12,17381940,3691,0,0,4722
692,5,0,12,13,17397300,3689,0,0,4727
693,6,0,11,14,17423700,3689,0,0,4733
694,5,0,10,15,17444760,3689,0,0,4738
695,4,0,11,14,17459100,3690,0,0,4742
696,4,0,7,18,17487360,3690,0,0,4746
697,4,0,7,18,17492640,3688,0,0,4750
698,5,0,11,14,17502360,3689,0,0,4755
699,3,0,11,14,17522160,3691,0,0,4758
700,2,0,7,18,17550120,3692,0,0,4760
701,6,0,7,18,17562000,3690,0,0,4766
702,4,0,8,17,17564580,3688,0,0,4770
703,5,0,11,14,17578980,3689,0,0,4775
704,6,0,9,16,17600820,3688,0,0,4781
705,7,0,12,13,17611740,3687,0,0,4788
706,5,0,11,14,17643060,3689,0,0,4793
707,6,0,12,13,17665440,3690,0,0,4799
708,13,0,18,7,17687940,3689,0,0,4812
709,5,0,10,15,17736540,3689,0,0,4817
710,14,0,16,9,17763300,3689,0,0,4831
711,5,0,12,13,17793840,3688,0,0,4836
712,3,0,9,16,17818080,3689,0,0,4839
713,10,0,11,14,17848020,3689,0,0,4849
714,7,0,14,11,17855700,3687,0,0,4856
715,6,0,13,12,17886240,3688,0,0,4862
716,7,0,14,11,17921460,3691,0,0,4869
717,7,0,12,13,17949660,3690,0,0,4876
718,10,0,16,9,17974500,3690,0,0,4886
719,5,0,13,12,18001560,3690,0,0,4891
720,5,0,11,14,18040800,3693,0,0,4896
721,4,0,9,16,18062340,3692,0,0,4900
722,5,0,10,15,18071160,3691,0,0,4905
723,3,0,10,15,18088740,3693,0,0,4908
724,5,0,8,17,18101280,3690,0,0,4913
725,8,0,10,15,18122400,3690,0,0,4921
726,11,0,13,12,18139140,3687,0,0,4932
727,9,0,15,10,18160620,3686,0,0,4941
728,11,0,18,7,18191880,3687,0,0,4952
729,7,0,13,12,18238320,3687,0,0,4959
730,7,0,12,13,18274500,3688,0,0,4966
731,9,0,15,10,18293100,3688,0,0,4975
732,10,0,14,11,18343440,3690,0,0,4985
733,9,0,16,9,18369240,3690,0,0,4994
734,7,0,14,11,18417180,3693,0,0,5001
735,10,0,16,9,18452400,3694,0,0,5011
736,5,0,12,13,18492660,3695,0,0,5016
737,9,0,13,12,18528720,3696,0,0,5025
738,9,0,19,6,18537660,3696,0,0,5034
739,10,0,18,7,18592320,3699,0,0,5044
740,3,0,9,16,18642420,3700,0,0,5047
741,10,0,14,11,18666540,3701,0,0,5057
742,7,0,13,12,18688140,3699,0,0,5064
743,8,0,13,12,18718560,3700,0,0,5072
744,8,0,14,11,18747000,3700,0,0,5080
745,5,0,11,14,18789480,3703,0,0,5085
746,6,0,10,15,18809040,3701,0,0,5091
747,3,0,11,14,18814980,3701,0,0,5094
748,4,0,10,15,18842520,3703,0,0,5098
749,3,0,8,17,18861780,3703,0,0,5101
750,4,0,10,15,18865980,3702,0,0,5105
751,5,0,7,18,18881880,3700,0,0,5110
752,6,0,11,14,18897960,3701,0,0,5116
753,5,0,9,16,18915000,3700,0,0,5121
754,6,0,10,15,18935460,3700,0,0,5127
755,6,0,12,13,18941520,3698,0,0,5133
756,13,0,17,8,18972600,3699,0,0,5146
757,11,0,14,11,19016100,3697,0,0,5157
758,10,0,15,10,19047120,3697,0,0,5167
759,15,0,20,5,19085880,3697,0,0,5182
760,9,0,17,8,19129800,3697,0,0,5191
761,6,0,15,10,19170600,3699,0,0,5197
762,13,0,19,6,19219320,3702,0,0,5210
763,6,0,12,13,19264200,3701,0,0,5216
764,5,0,9,16,19296840,3702,0,0,5221
765,4,0,10,15,19311240,3703,0,0,5225
766,6,0,12,13,19336860,3705,0,0,5231
767,6,0,12,13,19354140,3704,0,0,5237
768,2,0,6,19,19383960,3704,0,0,5239
769,5,0,10,15,19385040,3703,0,0,5244
770,7,0,9,16,19405320,3701,0,0,5251
771,2,0,8,17,19413660,3701,0,0,5253
772,6,0,10,15,19432560,3702,0,0,5259
773,7,0,10,15,19446900,3699,0,0,5266
774,8,0,13,12,19467060,3700,0,0,5274
775,6,0,14,11,19476900,3698,0,0,5280
776,7,0,12,13,19505940,3697,0,0,5287
777,6,0,9,16,19550580,3699,0,0,5293
778,2,0,8,17,19566780,3700,0,0,5295
779,7,0,11,14,19580640,3700,0,0,5302
780,10,0,12,13,19596360,3697,0,0,5312
781,10,0,14,11,19630320,3698,0,0,5322
782,14,0,20,5,19661400,3698,0,0,5336
783,6,0,15,10,19707480,3699,0,0,5342
784,12,0,18,7,19740660,3699,0,0,5354
785,6,0,19,6,19767060,3701,0,0,5360
786,6,0,13,12,19829100,3704,0,0,5366
787,7,0,9,16,19868220,3703,0,0,5373
788,1,0,7,18,19876140,3703,0,0,5374
789,2,0,8,17,19886220,3704,0,0,5376
790,6,0,11,14,19897320,3704,0,0,5382
791,2,0,7,18,19908420,3702,0,0,5384
792,6,0,8,17,19925640,3702,0,0,5390
793,9,0,11,14,19936980,3700,0,0,5399
794,4,0,10,15,19958340,3700,0,0,5403
795,3,0,10,15,19972020,3701,0,0,5406
796,3,0,8,17,20007420,3704,0,0,5409
797,3,0,8,17,20013480,3703,0,0,5412
798,5,0,9,16,20030400,3703,0,0,5417
799,5,0,12,13,20042880,3704,0,0,5422
800,7,0,13,12,20061060,3704,0,0,5429
801,2,0,8,17,20094600,3705,0,0,5431
802,6,0,11,14,20107140,3705,0,0,5437
803,7,0,8,17,20134380,3703,0,0,5444
804,12,0,15,10,20144520,3702,0,0,5456
805,6,0,12,13,20166540,3700,0,0,5462
806,15,0,14,11,20208540,3699,0,0,5477
807,8,0,16,9,20231280,3699,0,0,5485
808,11,0,18,7,20257680,3698,0,0,5496
809,8,0,15,10,20306280,3699,0,0,5504
810,7,0,11,14,20354340,3700,0,0,5511
811,5,0,11,14,20376840,3701,0,0,5516
812,6,0,11,14,20396400,3701,0,0,5522
813,7,0,15,10,20410260,3701,0,0,5529
814,3,0,9,16,20446740,3702,0,0,5532
815,1,0,6,19,20465400,3702,0,0,5533
816,6,0,10,15,20467200,3701,0,0,5539
817,2,0,8,17,20483340,3702,0,0,5541
818,2,0,8,17,20488020,3701,0,0,5543
819,4,0,9,16,20508840,3703,0,0,5547
820,5,0,13,12,20516580,3704,0,0,5552
821,5,0,12,13,20547240,3705,0,0,5557
822,5,0,10,15,20564220,3703,0,0,5562
823,3,0,10,15,20572860,3703,0,0,5565
824,4,0,12,13,20579400,3703,0,0,5569
825,5,0,9,16,20615940,3704,0,0,5574
826,5,0,9,16,20625660,3702,0,0,5579
827,3,0,10,15,20638980,3704,0,0,5582
828,6,0,10,15,20666280,3704,0,0,5588
829,7,0,12,13,20681100,3704,0,0,5595
830,11,0,17,8,20697540,3703,0,0,5606
831,7,0,13,12,20749200,3705,0,0,5613
832,8,0,13,12,20776440,3704,0,0,5621
833,9,0,10,15,20810100,3702,0,0,5630
834,6,0,10,15,20835300,3703,0,0,5636
835,9,0,12,13,20857320,3702,0,0,5645
836,7,0,11,14,20883180,3702,0,0,5652
837,3,0,7,18,20906880,3701,0,0,5655
838,8,0,12,13,20921580,3702,0,0,5663
839,2,0,7,18,20952240,3703,0,0,5665
840,0,0,6,19,20959440,3703,0,0,5665
841,4,0,8,17,20968620,3704,0,0,5669
842,2,0,6,19,20979240,3703,0,0,5671
843,7,0,9,16,20990400,3702,0,0,5678
844,7,0,12,13,20996820,3701,0,0,5685
845,5,0,9,16,21023280,3700,0,0,5690
846,6,0,7,18,21041520,3698,0,0,5696
847,9,0,11,14,21055200,3697,0,0,5705
848,4,0,12,13,21061500,3696,0,0,5709
849,10,0,12,13,21101580,3697,0,0,5719
850,11,0,17,8,21116940,3696,0,0,5730
851,8,0,16,9,21151800,3696,0,0,5738
852,9,0,14,11,21195240,3697,0,0,5747
853,11,0,15,10,21223620,3695,0,0,5758
854,6,0,14,11,21253260,3696,0,0,5764
855,5,0,11,14,21296760,3698,0,0,5769
856,13,0,12,13,21325620,3695,0,0,5782
857,9,0,16,9,21345240,3696,0,0,5791
858,9,0,15,10,21377100,3695,0,0,5800
859,5,0,13,12,21404520,3695,0,0,5805
860,10,0,15,10,21427080,3694,0,0,5815
861,3,0,8,17,21475440,3696,0,0,5818
862,11,0,14,11,21486360,3694,0,0,5829
863,3,0,9,16,21525360,3696,0,0,5832
864,4,0,10,15,21530100,3695,0,0,5836
865,2,0,7,18,21552840,3696,0,0,5838
866,3,0,6,19,21566580,3696,0,0,5841
867,2,0,7,18,21567420,3695,0,0,5843
868,1,0,6,19,21569820,3694,0,0,5844
869,6,0,8,17,21573120,3692,0,0,5850
870,4,0,9,16,21581280,3692,0,0,5854
871,5,0,12,13,21596520,3693,0,0,5859
872,6,0,14,11,21607920,3693,0,0,5865
873,8,0,13,12,21641400,3693,0,0,5873
874,8,0,12,13,21667080,3691,0,0,5881
875,9,0,12,13,21695100,3690,0,0,5890
876,10,0,16,9,21724020,3692,0,0,5900
877,6,0,15,10,21760560,3693,0,0,5906
878,6,0,14,11,21800220,3696,0,0,5912
879,9,0,11,14,21831600,3694,0,0,5921
880,9,0,13,12,21866520,3695,0,0,5930
881,11,0,17,8,21887340,3694,0,0,5941
882,6,0,10,15,21930480,3693,0,0,5947
883,12,0,12,13,21953400,3691,0,0,5959
884,8,0,13,12,21975420,3690,0,0,5967
885,6,0,12,13,22003920,3691,0,0,5973
886,9,0,12,13,22034400,3690,0,0,5982
887,5,0,12,13,22050060,3690,0,0,5987
888,7,0,13,12,22080540,3691,0,0,5994
889,7,0,14,11,22104960,3692,0,0,6001
890,4,0,10,15,22144620,3693,0,0,6005
891,4,0,12,13,22153740,3694,0,0,6009
892,6,0,9,16,22191240,3694,0,0,6015
893,5,0,9,16,22201800,3693,0,0,6020
894,2,0,9,16,22212180,3694,0,0,6022
895,10,0,13,12,22235100,3694,0,0,6032
896,8,0,17,8,22241460,3692,0,0,6040
897,8,0,16,9,22277820,3693,0,0,6048
898,5,0,10,15,22336380,3696,0,0,6053
899,12,0,16,9,22347300,3694,0,0,6065
900,8,0,15,10,22381980,3694,0,0,6073
901,13,0,17,8,22427940,3695,0,0,6086
902,10,0,16,9,22465440,3694,0,0,6096
903,7,0,14,11,22494720,3694,0,0,6103
904,8,0,11,14,22543800,3695,0,0,6111
905,10,0,14,11,22564920,3694,0,0,6121
906,5,0,12,13,22592820,3695,0,0,6126
907,2,0,10,15,22609800,3695,0,0,6128
908,13,0,12,13,22650360,3695,0,0,6141
909,6,0,9,16,22674780,3694,0,0,6147
910,6,0,10,15,22688520,3693,0,0,6153
911,1,0,8,17,22708560,3694,0,0,6154
912,5,0,10,15,22723680,3695,0,0,6159
913,5,0,10,15,22738680,3694,0,0,6164
914,2,0,9,16,22753860,3695,0,0,6166
915,9,0,12,13,22774860,3695,0,0,6175
916,11,0,14,11,22794780,3693,0,0,6186
917,5,0,12,13,22814760,3692,0,0,6191
918,3,0,10,15,22834800,3692,0,0,6194
919,8,0,12,13,22850040,3691,0,0,6202
920,3,0,7,18,22881840,3691,0,0,6205
921,10,0,12,13,22891320,3690,0,0,6215
922,9,0,10,15,22920120,3688,0,0,6224
923,11,0,15,10,22933800,3687,0,0,6235
924,14,0,16,9,22971060,3685,0,0,6249
925,9,0,16,9,23000460,3684,0,0,6258
926,10,0,16,9,23040240,3685,0,0,6268
927,8,0,18,7,23070900,3686,0,0,6276
928,10,0,14,11,23128260,3687,0,0,6286
929,15,0,19,6,23158860,3686,0,0,6301
930,5,0,14,11,23196660,3686,0,0,6306
931,6,0,11,14,23253780,3690,0,0,6312
932,7,0,13,12,23266200,3689,0,0,6319
933,4,0,10,15,23298540,3690,0,0,6323
934,4,0,8,17,23324460,3691,0,0,6327
935,5,0,9,16,23333160,3690,0,0,6332
936,6,0,9,16,23343780,3688,0,0,6338
937,9,0,11,14,23371380,3688,0,0,6347
938,4,0,10,15,23382540,3687,0,0,6351
939,3,0,9,16,23406960,3689,0,0,6354
940,8,0,14,11,23412300,3688,0,0,6362
941,10,0,16,9,23444700,3688,0,0,6372
942,5,0,12,13,23476080,3688,0,0,6377
943,7,0,14,11,23502420,3689,0,0,6384
944,7,0,13,12,23536380,3690,0,0,6391
945,9,0,16,9,23562120,3690,0,0,6400
946,8,0,13,12,23608020,3691,0,0,6408
947,11,0,12,13,23648520,3691,0,0,6419
948,13,0,15,10,23672460,3689,0,0,6432
949,9,0,15,10,23712960,3690,0,0,6441
950,12,0,17,8,23750760,3690,0,0,6453
951,9,0,11,14,23795460,3688,0,0,6462
952,12,0,15,10,23818620,3687,0,0,6474
953,9,0,17,8,23855040,3689,0,0,6483
954,4,0,14,11,23888640,3690,0,0,6487
955,7,0,12,13,23926380,3691,0,0,6494
956,5,0,11,14,23946120,3690,0,0,6499
957,5,0,10,15,23972100,3691,0,0,6504
958,4,0,10,15,23987940,3691,0,0,6508
959,5,0,12,13,24000840,3691,0,0,6513
960,5,0,10,15,24029460,3692,0,0,6518
961,9,0,14,11,24039480,3690,0,0,6527
962,5,0,11,14,24072060,3691,0,0,6532
963,9,0,9,16,24096360,3688,0,0,6541
964,5,0,8,17,24117720,3688,0,0,6546
965,9,0,11,14,24133860,3687,0,0,6555
966,4,0,11,14,24147180,3687,0,0,6559
967,11,0,15,10,24179940,3688,0,0,6570
968,7,0,13,12,24205320,3687,0,0,6577
969,7,0,13,12,24231240,3687,0,0,6584
970,8,0,17,8,24251940,3688,0,0,6592
971,6,0,15,10,24295680,3690,0,0,6598
972,7,0,13,12,24339240,3692,0,0,6605
973,5,0,13,12,24358800,3692,0,0,6610
974,7,0,16,9,24386100,3694,0,0,6617
975,9,0,13,12,24435540,3695,0,0,6626
976,6,0,10,15,24467580,3694,0,0,6632
977,5,0,10,15,24490260,3695,0,0,6637
978,2,0,9,16,24506580,3696,0,0,6639
979,4,0,7,18,24526920,3696,0,0,6643
980,8,0,9,16,24543840,3695,0,0,6651
981,9,0,13,12,24555000,3694,0,0,6660
982,4,0,11,14,24574920,3693,0,0,6664
983,6,0,9,16,24612180,3694,0,0,6670
984,4,0,8,17,24627060,3694,0,0,6674
985,7,0,11,14,24637980,3693,0,0,6681
986,7,0,9,16,24672240,3694,0,0,6688
987,5,0,12,13,24676260,3693,0,0,6693
988,4,0,11,14,24696180,3693,0,0,6697
989,7,0,10,15,24718260,3692,0,0,6704
990,8,0,15,10,24726240,3692,0,0,6712
991,8,0,14,11,24769080,3693,0,0,6720
992,6,0,14,11,24798240,3694,0,0,6726
993,9,0,14,11,24830580,3694,0,0,6735
994,11,0,15,10,24865380,3694,0,0,6746
995,6,0,9,16,24900420,3692,0,0,6752
996,12,0,15,10,24914040,3691,0,0,6764
997,12,0,18,7,24934320,3689,0,0,6776
998,8,0,11,14,25003080,3691,0,0,6784
999,9,0,13,12,25023840,3690,0,0,6793
1000,12,0,15,10,25048920,3689,0,0,6805
1001,3,0,9,16,25089240,3690,0,0,6808
1002,8,0,10,15,25112340,3689,0,0,6816
1003,7,0,13,12,25120620,3688,0,0,6823
1004,5,0,10,15,25155600,3689,0,0,6828
1005,9,0,17,8,25159380,3689,0,0,6837
1006,7,0,10,15,25212000,3689,0,0,6844
1007,2,0,7,18,25237320,3690,0,0,6846
1008,3,0,8,17,25245360,3690,0,0,6849
1009,8,0,12,13,25251420,3689,0,0,6857
1010,6,0,11,14,25275480,3688,0,0,6863
1011,0,0,6,19,25299900,3689,0,0,6863
1012,10,0,12,13,25306620,3688,0,0,6873
1013,6,0,13,12,25320720,3687,0,0,6879
1014,10,0,13,12,25360080,3688,0,0,6889
1015,5,0,7,18,25390800,3686,0,0,6894
1016,10,0,9,16,25407840,3684,0,0,6904
1017,10,0,14,11,25424940,3684,0,0,6914
1018,11,0,18,7,25435080,3682,0,0,6925
1019,2,0,8,17,25488900,3683,0,0,6927
1020,8,0,10,15,25511340,3683,0,0,6935
1021,9,0,14,11,25521180,3682,0,0,6944
1022,9,0,15,10,25553520,3683,0,0,6953
1023,12,1,19,6,25580280,3683,120,0,6965
1024,6,0,18,7,25624260,3685,11280,1,6971
1025,9,0,13,12,25674600,3685,11280,1,6980
1026,7,0,15,10,25696860,3685,11280,1,6987
1027,4,0,11,14,25739100,3687,11280,1,6991
1028,9,0,14,11,25768500,3688,11280,1,7000
1029,3,0,7,18,25802580,3688,11280,1,7003
1030,7,0,8,17,25812960,3686,11280,1,7010
1031,6,0,9,16,25823340,3685,11280,1,7016
1032,5,0,9,16,25831860,3683,11280,1,7021
1033,6,0,9,16,25846560,3682,11280,1,7027
1034,5,0,8,17,25873680,3683,11280,1,7032
1035,2,0,8,17,25878420,3683,11280,1,7034
1036,2,0,6,19,25898700,3684,11280,1,7036
1037,5,0,10,15,25904460,3684,11280,1,7041
1038,7,0,12,13,25915380,3683,11280,1,7048
1039,3,0,10,15,25945080,3684,11280,1,7051
1040,12,0,18,7,25958760,3684,11280,1,7063
1041,5,0,11,14,25995540,3683,11280,1,7068
1042,6,0,14,11,26012640,3684,11280,1,7074
1043,8,0,11,14,26056200,3684,11280,1,7082
1044,15,0,18,7,26082240,3684,11280,1,7097
1045,8,0,16,9,26106720,3682,11280,1,7105
1046,5,0,11,14,26152620,3683,11280,1,7110
1047,9,0,13,12,26170380,3682,11280,1,7119
1048,10,0,12,13,26209920,3682,11280,1,7129
1049,7,0,12,13,26230740,3682,11280,1,7136
1050,7,0,13,12,26259360,3682,11280,1,7143
1051,7,0,14,11,26276160,3682,11280,1,7150
1052,3,0,10,15,26319000,3684,11280,1,7153
1053,5,0,11,14,26330820,3684,11280,1,7158
1054,3,0,9,16,26356140,3685,11280,1,7161
1055,4,0,10,15,26374260,3686,11280,1,7165
1056,4,0,10,15,26386440,3685,11280,1,7169
1057,4,0,11,14,26408280,3687,11280,1,7173
1058,3,0,7,18,26427660,3686,11280,1,7176
1059,5,0,7,18,26444220,3686,11280,1,7181
1060,4,0,9,16,26449380,3685,11280,1,7185
1061,5,0,9,16,26460240,3684,11280,1,7190
1062,9,0,11,14,26482500,3684,11280,1,7199
1063,4,0,11,14,26494260,3683,11280,1,7203
1064,7,0,14,11,26513460,3684,11280,1,7210
1065,8,0,18,7,26539680,3686,11280,1,7218
1066,5,0,10,15,26597280,3687,11280,1,7223
1067,8,0,14,11,26610000,3687,11280,1,7231
1068,7,0,8,17,26659620,3687,11280,1,7238
1069,7,0,11,14,26666100,3686,11280,1,7245
1070,8,0,11,14,26697480,3686,11280,1,7253
1071,8,0,13,12,26712000,3685,11280,1,7261
1072,13,0,18,7,26742840,3685,11280,1,7274
1073,11,0,19,6,26767380,3683,11280,1,7285
1074,5,0,12,13,26820480,3685,11280,1,7290
1075,4,0,11,14,26854740,3687,11280,1,7294
1076,7,0,10,15,26877720,3686,11280,1,7301
1077,6,0,11,14,26897100,3686,11280,1,7307
1078,6,0,10,15,26923500,3686,11280,1,7313
1079,4,0,9,16,26939220,3686,11280,1,7317
1080,5,0,10,15,26952900,3686,11280,1,7322
1081,4,0,9,16,26974320,3686,11280,1,7326
1082,2,0,7,18,26991360,3686,11280,1,7328
1083,7,0,11,14,27000660,3686,11280,1,7335
1084,6,0,8,17,27020760,3684,11280,1,7341
1085,4,0,8,17,27034320,3684,11280,1,7345
1086,5,0,13,12,27034320,3684,11280,1,7350
1087,3,0,11,14,27060300,3685,11280,1,7353
1088,9,0,15,10,27079920,3685,11280,1,7362
1089,10,0,14,11,27120480,3685,11280,1,7372
1090,6,0,14,11,27141780,3685,11280,1,7378
1091,2,0,8,17,27193980,3688,11280,1,7380
1092,10,0,12,13,27198660,3686,11280,1,7390
1093,15,0,17,8,27229680,3685,11280,1,7405
1094,9,0,10,15,27276600,3684,11280,1,7414
1095,16,0,19,6,27286620,3681,11280,1,7430
1096,8,0,13,12,27333360,3681,11280,1,7438
1097,7,0,13,12,27363840,3681,11280,1,7445
1098,8,0,12,13,27393300,3681,11280,1,7453
1099,5,0,12,13,27413520,3681,11280,1,7458
1100,4,0,9,16,27438480,3681,11280,1,7462
1101,4,0,7,18,27460740,3681,11280,1,7466
1102,7,0,14,11,27460740,3681,11280,1,7473
1103,6,0,11,14,27495120,3681,11280,1,7479
1104,6,0,10,15,27530220,3682,11280,1,7485
1105,4,0,10,15,27543720,3682,11280,1,7489
1106,6,0,13,12,27559380,3683,11280,1,7495
1107,2,0,8,17,27590400,3684,11280,1,7497
1108,7,0,11,14,27608040,3684,11280,1,7504
1109,6,0,11,14,27623280,3683,11280,1,7510
1110,6,0,9,16,27656220,3684,11280,1,7516
1111,5,0,10,15,27664920,3683,11280,1,7521
1112,8,0,11,14,27685020,3682,11280,1,7529
1113,11,0,15,10,27705360,3681,11280,1,7540
1114,9,0,13,12,27737700,3680,11280,1,7549
1115,9,0,10,15,27775800,3679,11280,1,7558
1116,12,0,16,9,27788040,3678,11280,1,7570
1117,7,0,13,12,27810480,3676,11280,1,7577
1118,9,0,14,11,27848400,3677,11280,1,7586
1119,9,0,13,12,27888660,3678,11280,1,7595
1120,6,0,12,13,27911400,3677,11280,1,7601
1121,8,0,9,16,27941580,3676,11280,1,7609
1122,4,0,10,15,27948900,3676,11280,1,7613
1123,6,0,11,14,27965820,3675,11280,1,7619
1124,12,0,17,8,27986880,3675,11280,1,7631
1125,7,0,14,11,28024860,3675,11280,1,7638
1126,3,0,9,16,28054920,3675,11280,1,7641
1127,3,0,7,18,28078380,3676,11280,1,7644
1128,4,0,10,15,28079520,3676,11280,1,7648
1129,4,0,9,16,28105680,3677,11280,1,7652
1130,1,0,7,18,28119540,3677,11280,1,7653
1131,4,0,8,17,28126800,3677,11280,1,7657
1132,3,0,9,16,28138260,3677,11280,1,7660
1133,6,0,10,15,28158960,3678,11280,1,7666
1134,1,0,8,17,28171620,3678,11280,1,7667
1135,10,0,15,10,28178280,3677,11280,1,7677
1136,2,0,9,16,28210380,3678,11280,1,7679
1137,6,0,11,14,28227600,3678,11280,1,7685
1138,9,0,15,10,28234620,3676,11280,1,7694
1139,10,0,19,6,28266180,3678,11280,1,7704
1140,12,0,14,11,28336740,3679,11280,1,7716
1141,12,0,16,9,28373280,3679,11280,1,7728
1142,12,0,15,10,28406220,3677,11280,1,7740
1143,8,0,14,11,28445400,3677,11280,1,7748
1144,8,0,13,12,28476780,3677,11280,1,7756
1145,9,0,16,9,28497720,3677,11280,1,7765
1146,10,0,15,10,28545480,3678,11280,1,7775
1147,5,0,10,15,28574760,3677,11280,1,7780
1148,6,0,10,15,28598580,3677,11280,1,7786
1149,4,0,10,15,28612740,3677,11280,1,7790
1150,7,0,11,14,28635000,3677,11280,1,7797
1151,4,0,12,13,28644420,3677,11280,1,7801
1152,3,0,10,15,28668300,3678,11280,1,7804
1153,1,0,9,16,28680240,3678,11280,1,7805
1154,4,0,9,16,28701120,3679,11280,1,7809
1155,4,0,9,16,28716720,3679,11280,1,7813
1156,2,0,7,18,28729260,3679,11280,1,7815
1157,7,0,12,13,28735860,3679,11280,1,7822
1158,8,0,13,12,28753620,3678,11280,1,7830
1159,9,0,16,9,28782300,3679,11280,1,7839
1160,13,0,16,9,28829820,3679,11280,1,7852
1161,8,0,13,12,28870500,3679,11280,1,7860
1162,4,0,11,14,28895640,3679,11280,1,7864
1163,5,0,11,14,28920840,3680,11280,1,7869
1164,4,0,11,14,28933020,3680,11280,1,7873
1165,10,0,12,13,28962360,3679,11280,1,7883
1166,10,0,15,10,28978380,3678,11280,1,7893
1167,10,0,12,13,29024400,3678,11280,1,7903
1168,10,0,16,9,29046300,3678,11280,1,7913
1169,15,0,20,5,29084760,3677,11280,1,7928
1170,11,0,17,8,29137320,3678,11280,1,7939
1171,7,0,15,10,29169000,3677,11280,1,7946
1172,5,0,11,14,29212380,3679,11280,1,7951
1173,5,0,8,17,29245020,3679,11280,1,7956
1174,6,0,10,15,29258280,3679,11280,1,7962
1175,4,0,12,13,29267340,3679,11280,1,7966
1176,2,0,8,17,29298540,3680,11280,1,7968
1177,6,0,9,16,29318220,3680,11280,1,7974
1178,4,0,10,15,29322840,3680,11280,1,7978
1179,5,0,10,15,29341980,3680,11280,1,7983
1180,6,0,11,14,29362080,3680,11280,1,7989
1181,9,0,13,12,29377320,3679,11280,1,7998
1182,7,0,12,13,29408460,3679,11280,1,8005
1183,7,0,11,14,29446680,3680,11280,1,8012
1184,8,0,11,14,29465160,3679,11280,1,8020
1185,7,0,11,14,29485860,3678,11280,1,8027
1186,12,0,16,9,29505960,3677,11280,1,8039
1187,7,0,11,14,29548320,3677,11280,1,8046
1188,7,0,12,13,29569620,3677,11280,1,8053
1189,4,0,10,15,29586780,3676,11280,1,8057
1190,8,0,11,14,29611860,3676,11280,1,8065
1191,8,0,15,10,29624640,3676,11280,1,8073
1192,7,0,14,11,29649240,3675,11280,1,8080
1193,6,0,13,12,29686320,3677,11280,1,8086
1194,3,0,8,17,29724300,3678,11280,1,8089
1195,9,0,13,12,29735400,3677,11280,1,8098
1196,7,0,13,12,29759640,3677,11280,1,8105
1197,7,0,11,14,29790360,3677,11280,1,8112
1198,4,0,10,15,29815620,3678,11280,1,8116
1199,4,0,10,15,29828520,3677,11280,1,8120
1200,4,0,7,18,29861460,3678,11280,1,8124
1201,2,0,8,17,29866800,3679,11280,1,8126
1202,4,0,8,17,29878680,3678,11280,1,8130
1203,3,0,6,19,29895780,3678,11280,1,8133
1204,9,0,11,14,29906520,3678,11280,1,8142
1205,4,0,11,14,29917260,3677,11280,1,8146
1206,11,0,10,15,29952900,3676,11280,1,8157
1207,2,0,10,15,29964420,3677,11280,1,8159
1208,2,0,8,17,29989020,3678,11280,1,8161
1209,5,0,12,13,29989920,3677,11280,1,8166
1210,15,0,16,9,30019080,3676,11280,1,8181
1211,4,0,10,15,30048780,3675,11280,1,8185
1212,12,0,15,10,30070680,3675,11280,1,8197
1213,4,0,11,14,30101340,3675,11280,1,8201
1214,10,0,15,10,30121380,3675,11280,1,8211
1215,6,0,14,11,30145380,3674,11280,1,8217
1216,9,0,14,11,30183960,3675,11280,1,8226
1217,9,0,15,10,30202080,3674,11280,1,8235
1218,11,0,15,10,30232920,3673,11280,1,8246
1219,9,0,13,12,30275580,3673,11280,1,8255
1220,1,0,8,17,30301740,3673,11280,1,8256
1221,4,0,6,19,30318780,3673,11280,1,8260
1222,1,0,7,18,30318780,3673,11280,1,8261
1223,4,0,8,17,30328620,3673,11280,1,8265
1224,4,0,10,15,30333600,3672,11280,1,8269
1225,6,0,12,13,30348240,3672,11280,1,8275
1226,6,0,9,16,30384540,3673,11280,1,8281
1227,1,0,5,20,30411600,3674,11280,1,8282
1228,7,0,8,17,30415320,3672,11280,1,8289
1229,4,0,10,15,30421680,3672,11280,1,8293
1230,6,0,9,16,30445380,3672,11280,1,8299
1231,6,0,11,14,30464880,3673,11280,1,8305
1232,10,0,15,10,30480000,3672,11280,1,8315
1233,6,0,12,13,30512640,3672,11280,1,8321
1234,12,0,16,9,30532620,3671,11280,1,8333
1235,7,0,14,11,30569880,3671,11280,1,8340
1236,6,0,13,12,30607800,3673,11280,1,8346
1237,8,0,14,11,30630420,3672,11280,1,8354
1238,10,0,13,12,30666360,3672,11280,1,8364
1239,6,0,12,13,30694680,3672,11280,1,8370
1240,4,0,9,16,30720060,3672,11280,1,8374
1241,12,0,16,9,30734640,3672,11280,1,8386
1242,6,0,11,14,30770100,3671,11280,1,8392
1243,0,0,6,19,30803400,3673,11280,1,8392
1244,11,0,13,12,30813480,3672,11280,1,8403
1245,0,0,7,18,30830100,3671,11280,1,8403
1246,1,0,6,19,30841920,3672,11280,1,8404
1247,6,0,10,15,30847440,3672,11280,1,8410
1248,5,0,12,13,30856740,3672,11280,1,8415
1249,7,0,12,13,30881160,3671,11280,1,8422
1250,7,0,16,9,30894000,3672,11280,1,8429
1251,4,0,14,11,30929040,3673,11280,1,8433
1252,6,0,11,14,30976260,3675,11280,1,8439
1253,6,0,13,12,30989760,3675,11280,1,8445
1254,5,0,11,14,31016340,3675,11280,1,8450
1255,3,0,9,16,31039020,3675,11280,1,8453
1256,4,0,9,16,31057140,3676,11280,1,8457
1257,12,0,14,11,31070760,3674,11280,1,8469
1258,8,0,16,9,31093980,3674,11280,1,8477
1259,9,0,18,7,31126920,3675,11280,1,8486
1260,10,0,16,9,31173420,3676,11280,1,8496
1261,14,0,20,5,31211160,3676,11280,1,8510
1262,16,0,20,5,31270200,3676,11280,1,8526
1263,5,0,10,15,31333500,3677,11280,1,8531
1264,4,0,8,17,31356060,3677,11280,1,8535
1265,9,0,10,15,31366920,3675,11280,1,8544
1266,2,0,9,16,31377900,3675,11280,1,8546
1267,6,0,11,14,31397160,3676,11280,1,8552
1268,1,0,6,19,31417740,3675,11280,1,8553
1269,4,0,7,18,31422900,3675,11280,1,8557
1270,1,0,6,19,31428960,3675,11280,1,8558
1271,4,0,7,18,31437000,3674,11280,1,8562
1272,3,0,10,15,31437000,3674,11280,1,8565
1273,8,0,12,13,31455960,3674,11280,1,8573
1274,3,0,9,16,31475880,3674,11280,1,8576
1275,3,0,10,15,31488300,3674,11280,1,8579
1276,4,0,9,16,31507020,3674,11280,1,8583
1277,2,0,8,17,31521480,3675,11280,1,8585
1278,5,0,10,15,31528260,3674,11280,1,8590
1279,6,0,10,15,31542000,3673,11280,1,8596
1280,3,0,8,17,31565700,3674,11280,1,8599
1281,7,0,8,17,31591200,3674,11280,1,8606
1282,7,0,11,14,31600680,3673,11280,1,8613
1283,9,0,13,12,31628460,3673,11280,1,8622
1284,9,0,15,10,31650720,3673,11280,1,8631
1285,6,0,12,13,31685820,3673,11280,1,8637
1286,8,0,10,15,31720680,3673,11280,1,8645
1287,10,0,12,13,31743240,3672,11280,1,8655
1288,10,0,14,11,31767300,3672,11280,1,8665
1289,9,0,18,7,31787160,3672,11280,1,8674
1290,8,0,14,11,31842720,3673,11280,1,8682
1291,5,0,12,13,31874160,3674,11280,1,8687
1292,6,0,9,16,31910700,3674,11280,1,8693
1293,5,0,9,16,31922940,3673,11280,1,8698
1294,2,0,7,18,31940520,3674,11280,1,8700
1295,3,0,9,16,31945380,3674,11280,1,8703
1296,5,0,8,17,31964220,3674,11280,1,8708
1297,6,0,9,16,31982640,3674,11280,1,8714
1298,8,0,13,12,31990140,3673,11280,1,8722
1299,6,0,12,13,32023320,3674,11280,1,8728
1300,2,0,10,15,32047680,3675,11280,1,8730
1301,13,0,15,10,32070120,3674,11280,1,8743
1302,5,0,11,14,32096940,3673,11280,1,8748
1303,6,0,10,15,32120700,3673,11280,1,8754
1304,6,0,9,16,32138640,3672,11280,1,8760
1305,8,0,14,11,32146440,3672,11280,1,8768
1306,9,0,13,12,32175240,3671,11280,1,8777
1307,8,0,13,12,32206260,3671,11280,1,8785
1308,8,0,16,9,32222400,3671,11280,1,8793
1309,10,0,17,8,32266440,3672,11280,1,8803
1310,10,0,18,7,32300220,3672,11280,1,8813
1311,14,0,18,7,32352360,3672,11280,1,8827
1312,6,0,16,9,32392020,3673,11820,1,8833
1313,8,0,16,9,32437620,3675,11820,1,8841
1314,7,0,11,14,32498520,3677,11820,1,8848
1315,10,0,12,13,32523600,3676,11820,1,8858
1316,5,0,13,12,32540700,3676,11820,1,8863
1317,3,0,10,15,32561820,3676,11820,1,8866
1318,6,0,12,13,32582940,3677,11820,1,8872
1319,9,0,14,11,32603940,3676,11820,1,8881
1320,4,0,11,14,32619360,3675,11820,1,8885
1321,5,0,10,15,32652720,3677,11820,1,8890
1322,7,0,14,11,32665200,3677,11820,1,8897
1323,4,0,13,12,32686200,3677,11820,1,8901
1324,7,0,12,13,32723220,3678,11820,1,8908
1325,4,0,10,15,32743800,3678,11820,1,8912
1326,10,0,16,9,32756940,3678,11820,1,8922
1327,5,0,10,15,32797200,3678,11820,1,8927
1328,7,0,12,13,32823840,3678,11820,1,8934
1329,4,0,10,15,32846700,3679,11820,1,8938
1330,7,0,11,14,32868240,3679,11820,1,8945
1331,3,0,10,15,32880720,3678,11820,1,8948
1332,12,0,14,11,32905560,3678,11820,1,8960
1333,11,0,16,9,32920620,3676,11820,1,8971
1334,14,0,16,9,32975640,3676,11820,1,8985
1335,10,0,16,9,33005340,3675,11820,1,8995
1336,7,0,15,10,33038580,3676,11820,1,9002
1337,7,0,11,14,33071520,3675,11820,1,9009
1338,8,0,13,12,33102240,3676,11820,1,9017
1339,5,0,9,16,33125760,3675,11820,1,9022
1340,5,0,9,16,33143940,3675,11820,1,9027
1341,5,0,11,14,33157020,3675,11820,1,9032
1342,4,0,12,13,33166800,3675,11820,1,9036
1343,5,0,11,14,33193140,3675,11820,1,9041
1344,6,0,12,13,33221880,3677,11820,1,9047
1345,3,0,15,10,33221880,3677,11820,1,9050
1346,3,0,16,9,33224640,3676,11820,1,9053
1347,7,0,17,8,33246960,3676,11820,1,9060
1348,6,0,18,7,33263400,3676,11820,1,9066
1349,3,0,16,9,33289140,3677,11820,1,9069
1350,10,0,17,8,33306780,3675,11820,1,9079
1351,10,0,20,5,33342180,3676,11820,1,9089
1352,8,6,17,8,33360960,3676,12180,1,9097
1353,6,1,23,2,33399300,3678,33660,3,9103
1354,5,0,21,4,33417180,3677,38520,4,9108
1355,5,0,13,12,33473340,3678,38520,4,9113
1356,11,0,18,7,33490860,3677,38520,4,9124
1357,11,0,21,4,33509640,3676,38520,4,9135
1358,7,0,18,7,33545100,3676,38520,4,9142
1359,7,0,17,8,33570960,3676,38520,4,9149
1360,8,0,16,9,33591240,3674,38520,4,9157
1361,8,0,16,9,33623400,3675,38520,4,9165
1362,4,0,15,10,33642120,3675,38520,4,9169
1363,9,0,16,9,33653700,3673,38520,4,9178
1364,4,0,14,11,33671820,3672,38520,4,9182
1365,6,0,17,8,33679620,3672,38520,4,9188
1366,6,0,16,9,33703740,3672,38520,4,9194
1367,5,0,17,8,33717000,3672,38520,4,9199
1368,5,0,16,9,33741780,3672,38520,4,9204
1369,6,0,14,11,33763320,3671,38520,4,9210
1370,3,0,16,9,33769800,3671,38520,4,9213
1371,5,0,19,6,33777300,3671,38520,4,9218
1372,3,0,13,12,33819060,3672,38520,4,9221
1373,5,0,15,10,33827100,3672,38520,4,9226
1374,9,0,17,8,33840480,3671,38520,4,9235
1375,7,0,18,7,33853740,3670,38520,4,9242
1376,6,0,19,6,33863640,3669,38520,4,9248
1377,6,0,19,6,33894720,3670,39240,4,9254
1378,6,0,17,8,33935400,3671,39240,4,9260
1379,2,0,12,13,33966120,3672,39240,4,9262
1380,8,0,18,7,33967800,3671,39240,4,9270
1381,14,0,23,2,33988440,3670,39240,4,9284
1382,7,0,19,6,34023420,3669,39240,4,9291
1383,10,0,23,2,34059660,3671,39240,4,9301
1384,9,0,21,4,34095900,3670,39240,4,9310
1385,4,0,20,5,34122540,3671,39240,4,9314
1386,4,0,18,7,34150320,3672,39240,4,9318
1387,4,0,16,9,34184400,3673,39240,4,9322
1388,9,0,19,6,34195440,3672,39240,4,9331
1389,9,0,23,2,34220640,3672,39240,4,9340
1390,5,0,20,5,34257120,3673,39240,4,9345
1391,4,0,14,11,34296360,3673,39240,4,9349
1392,1,0,11,14,34317780,3674,39240,4,9350
1393,3,0,12,13,34318980,3674,39240,4,9353
1394,6,0,16,9,34320900,3673,39240,4,9359
1395,13,1,25,0,34330080,3673,39240,4,9372
1396,2,0,16,9,34380840,3673,39720,4,9374
1397,9,0,18,7,34410000,3674,39720,4,9383
1398,5,0,16,9,34429800,3673,39720,4,9388
1399,10,0,19,6,34450020,3673,39720,4,9398
1400,10,0,20,5,34468680,3671,39720,4,9408
1401,7,0,20,5,34493880,3671,39720,4,9415
1402,8,0,21,4,34517880,3671,39720,4,9423
1403,6,0,15,10,34557540,3670,39720,4,9429
1404,17,1,25,0,34581120,3671,40080,4,9446
1405,10,0,24,1,34623840,3670,45900,4,9456
1406,9,0,22,3,34675860,3672,46380,4,9465
1407,7,0,16,9,34730880,3672,46380,4,9472
1408,5,0,16,9,34751460,3673,46380,4,9477
1409,8,0,17,8,34767120,3672,46380,4,9485
1410,6,0,15,10,34799520,3672,46380,4,9491
1411,9,0,19,6,34813260,3671,46380,4,9500
1412,3,0,17,8,34831080,3671,46380,4,9503
1413,2,0,14,11,34856040,3672,46380,4,9505
1414,1,0,12,13,34867980,3672,46380,4,9506
1415,2,0,13,12,34868700,3672,46380,4,9508
1416,4,0,14,11,34879440,3672,46380,4,9512
1417,8,0,18,7,34893660,3672,46380,4,9520
1418,3,0,16,9,34912020,3672,46380,4,9523
1419,3,0,13,12,34935840,3672,46380,4,9526
1420,8,0,16,9,34943520,3671,46380,4,9534
1421,6,0,20,5,34952280,3671,46380,4,9540
1422,1,0,16,9,34974840,3671,46380,4,9541
1423,5,0,16,9,34993080,3671,46380,4,9546
1424,5,0,16,9,35010900,3671,46380,4,9551
1425,7,0,18,7,35027100,3671,46380,4,9558
1426,9,0,19,6,35050620,3670,46380,4,9567
1427,5,0,15,10,35088300,3671,46380,4,9572
1428,10,0,18,7,35095980,3669,46380,4,9582
1429,6,0,17,8,35119380,3669,46380,4,9588
1430,5,0,15,10,35158440,3670,46380,4,9593
1431,11,0,22,3,35168700,3670,46380,4,9604
1432,9,0,23,2,35194800,3669,46380,4,9613
1433,9,0,23,2,35235480,3670,46380,4,9622
1434,3,0,15,10,35283540,3671,46380,4,9625
1435,7,0,18,7,35303520,3672,46380,4,9632
1436,8,0,20,5,35320140,3671,46380,4,9640
1437,5,0,19,6,35339700,3671,46380,4,9645
1438,5,0,18,7,35372280,3672,46380,4,9650
1439,4,0,16,9,35399340,3672,46380,4,9654
1440,8,0,19,6,35422560,3673,46380,4,9662
1441,2,0,14,11,35437920,3672,46380,4,9664
1442,4,0,14,11,35452860,3672,46380,4,9668
1443,7,0,18,7,35462280,3672,46380,4,9675
1444,4,0,17,8,35480940,3672,46380,4,9679
1445,7,0,21,4,35501340,3673,46380,4,9686
1446,13,0,23,2,35538840,3672,46380,4,9699
1447,6,2,18,7,35571480,3672,49080,5,9705
1448,7,0,23,2,35598240,3674,57720,5,9712
1449,9,0,18,7,35654400,3674,59400,6,9721
1450,12,0,24,1,35680500,3674,59400,6,9733
1451,8,0,23,2,35717220,3675,59400,6,9741
1452,9,0,20,5,35763360,3675,59400,6,9750
1453,12,0,21,4,35796000,3674,59400,6,9762
1454,12,0,22,3,35829720,3674,59400,6,9774
1455,11,0,21,4,35874480,3674,59460,6,9785
1456,6,0,21,4,35903160,3674,59460,6,9791
1457,12,0,21,4,35954520,3675,59520,6,9803
1458,11,2,25,0,35967960,3675,59520,6,9814
1459,5,0,19,6,36027840,3676,64500,6,9819
1460,6,0,18,7,36063120,3677,64500,6,9825
1461,5,0,16,9,36091980,3677,64500,6,9830
1462,5,0,16,9,36114660,3678,64500,6,9835
1463,5,0,17,8,36133200,3678,64500,6,9840
1464,5,0,18,7,36147540,3678,64500,6,9845
1465,5,0,16,9,36178620,3678,64500,6,9850
1466,4,0,15,10,36197760,3679,64500,6,9854
1467,6,0,19,6,36203280,3678,64500,6,9860
1468,5,0,16,9,36236820,3679,64500,6,9865
1469,3,0,14,11,36256860,3679,64500,6,9868
1470,6,0,17,8,36270060,3679,64500,6,9874
1471,8,0,19,6,36281700,3678,64500,6,9882
1472,9,0,22,3,36299460,3678,64500,6,9891
1473,5,0,20,5,36320100,3677,64500,6,9896
1474,5,0,12,13,36374220,3678,64500,6,9901
1475,9,0,16,9,36386880,3677,64500,6,9910
1476,6,0,17,8,36403740,3677,64500,6,9916
1477,8,0,20,5,36416700,3676,64500,6,9924
1478,12,0,21,4,36441840,3675,64500,6,9936
1479,8,0,19,6,36479160,3675,64500,6,9944
1480,12,0,25,0,36498600,3675,65040,6,9956
1481,11,0,23,2,36544200,3675,71820,7,9967
1482,4,0,19,6,36586320,3676,71820,7,9971
1483,4,0,18,7,36615780,3677,71820,7,9975
1484,4,0,16,9,36640500,3677,71820,7,9979
1485,10,0,17,8,36672120,3677,71820,7,9989
1486,5,0,18,7,36685260,3677,71820,7,9994
1487,6,0,16,9,36708600,3676,71820,7,10000
1488,8,0,18,7,36726780,3676,71820,7,10008
1489,4,0,15,10,36748200,3675,71820,7,10012
1490,2,0,13,12,36763800,3676,71820,7,10014
1491,4,0,14,11,36770340,3675,71820,7,10018
1492,5,0,17,8,36777360,3675,71820,7,10023
1493,8,0,17,8,36805860,3675,71820,7,10031
1494,4,0,18,7,36815760,3675,71820,7,10035
1495,5,0,18,7,36836520,3675,71820,7,10040
1496,9,0,20,5,36874380,3676,71820,7,10049
1497,6,0,19,6,36887880,3675,71820,7,10055
1498,9,0,20,5,36924960,3676,71820,7,10064
1499,8,0,17,8,36971580,3676,71820,7,10072
1500,7,0,17,8,36984180,3675,71820,7,10079
1501,10,0,22,3,37004160,3675,71820,7,10089
1502,17,0,23,2,37052700,3674,72960,7,10106
1503,13,1,25,0,37081140,3673,72960,7,10119
1504,5,0,20,5,37122720,3674,73200,7,10124
1505,8,0,18,7,37165740,3674,73200,7,10132
1506,4,0,15,10,37202580,3675,73200,7,10136
1507,6,0,19,6,37209720,3675,73200,7,10142
1508,5,0,17,8,37243380,3676,73200,7,10147
1509,5,0,16,9,37262700,3676,73200,7,10152
1510,1,0,15,10,37270740,3676,73200,7,10153
1511,3,0,16,9,37285740,3677,73200,7,10156
1512,2,0,14,11,37304340,3677,73200,7,10158
1513,7,0,20,5,37310580,3677,73200,7,10165
1514,3,0,17,8,37335120,3677,73200,7,10168
1515,6,0,18,7,37353480,3677,73200,7,10174
1516,8,0,17,8,37386360,3677,73200,7,10182
1517,6,0,18,7,37402800,3677,73200,7,10188
1518,6,0,18,7,37424040,3677,73200,7,10194
1519,6,0,21,4,37436940,3677,73200,7,10200
1520,4,0,16,9,37478520,3678,73200,7,10204
1521,6,0,18,7,37492860,3678,73200,7,10210
1522,9,0,18,7,37511340,3677,73200,7,10219
1523,5,0,17,8,37530960,3676,73200,7,10224
1524,7,0,18,7,37554960,3677,73200,7,10231
1525,10,0,19,6,37590180,3677,73200,7,10241
1526,13,0,23,2,37621860,3677,73200,7,10254
1527,10,0,20,5,37661340,3676,73200,7,10264
1528,8,0,20,5,37686420,3676,73200,7,10272
1529,7,0,21,4,37718460,3676,73200,7,10279
1530,9,0,20,5,37751820,3676,73200,7,10288
1531,5,0,18,7,37782840,3677,73200,7,10293
1532,0,0,11,14,37816260,3677,73200,7,10293
1533,9,0,18,7,37817520,3677,73200,7,10302
1534,3,0,15,10,37832520,3676,73200,7,10305
1535,5,0,15,10,37848300,3676,73200,7,10310
1536,6,0,15,10,37870260,3676,73200,7,10316
1537,6,0,17,8,37877460,3675,73200,7,10322
1538,3,0,15,10,37901040,3676,73200,7,10325
1539,5,0,19,6,37908300,3676,73200,7,10330
1540,5,0,16,9,37942380,3676,73200,7,10335
1541,4,0,14,11,37952580,3675,73200,7,10339
1542,9,0,19,6,37963500,3675,73200,7,10348
1543,11,0,22,3,37986060,3674,73200,7,10359
1544,8,0,21,4,38017800,3674,73200,7,10367
1545,8,0,21,4,38054280,3675,73200,7,10375
1546,9,0,22,3,38085240,3675,73200,7,10384
1547,3,0,13,12,38121720,3674,73200,7,10387
1548,5,0,16,9,38131080,3674,73200,7,10392
1549,7,0,17,8,38152020,3674,73200,7,10399
1550,13,0,23,2,38171760,3674,73200,7,10412
1551,3,0,18,7,38192400,3673,73200,7,10415
1552,12,0,17,8,38232780,3672,73200,7,10427
1553,15,0,20,5,38265240,3671,73200,7,10442
1554,6,0,21,4,38285580,3671,73200,7,10448
1555,7,0,20,5,38312340,3671,73200,7,10455
1556,9,0,18,7,38369160,3673,73200,6,10464
1557,4,0,13,12,38397180,3672,73200,6,10468
1558,7,0,15,10,38412000,3672,73200,6,10475
1559,1,0,14,11,38423340,3672,73200,6,10476
1560,1,0,13,12,38431500,3672,73200,6,10477
1561,3,0,13,12,38443800,3672,73200,6,10480
1562,5,0,17,8,38446200,3672,73200,6,10485
1563,6,0,19,6,38453520,3672,73200,6,10491
1564,8,0,21,4,38476140,3672,73200,6,10499
1565,4,0,14,11,38518620,3672,73200,6,10503
1566,8,0,18,7,38528940,3671,73200,6,10511
1567,6,0,15,10,38557680,3671,73200,6,10517
1568,5,0,14,11,38570340,3670,73200,6,10522
1569,5,0,16,9,38587740,3671,73200,6,10527
1570,10,0,19,6,38599920,3669,73200,6,10537
1571,7,0,20,5,38621940,3669,73200,6,10544
1572,8,0,22,3,38652840,3670,73200,6,10552
1573,12,0,22,3,38707020,3671,73320,6,10564
1574,4,0,13,12,38749020,3671,73320,6,10568
1575,8,0,20,5,38756160,3671,73320,6,10576
1576,9,0,21,4,38781180,3671,73320,6,10585
1577,10,0,20,5,38824680,3671,73320,6,10595
1578,5,0,14,11,38869380,3671,73320,6,10600
1579,7,0,16,9,38888160,3671,73320,6,10607
1580,8,0,20,5,38900700,3671,73320,6,10615
1581,8,0,20,5,38936340,3672,73320,6,10623
1582,4,0,17,8,38967060,3672,73320,6,10627
1583,4,0,15,10,38996220,3673,73320,6,10631
1584,10,0,19,6,39012180,3672,73320,6,10641
1585,3,0,18,7,39017880,3671,73320,6,10644
1586,3,0,15,10,39053520,3673,73320,6,10647
1587,5,0,16,9,39065640,3672,73320,6,10652
1588,2,0,15,10,39070920,3672,73320,6,10654
1589,5,0,15,10,39090300,3672,73320,6,10659
1590,8,0,18,7,39102120,3671,73320,6,10667
1591,5,0,14,11,39133800,3671,73320,6,10672
1592,8,0,15,10,39148680,3670,73320,6,10680
1593,3,0,17,8,39152880,3670,73320,6,10683
1594,6,0,14,11,39183360,3670,73320,6,10689
1595,9,0,19,6,39196560,3670,73320,6,10698
1596,19,6,23,2,39213120,3668,73380,6,10717
1597,2,4,21,4,39246240,3669,80760,7,10719
1598,5,0,16,9,39306780,3670,102660,9,10724
1599,7,0,17,8,39324900,3670,102660,9,10731
1600,3,0,16,9,39338520,3670,102660,9,10734
1601,7,0,15,10,39369600,3670,102660,9,10741
1602,11,0,16,9,39382980,3668,102660,9,10752
1603,9,0,18,7,39401640,3667,102660,9,10761
1604,8,0,18,7,39428760,3667,102660,9,10769
1605,6,0,20,5,39446040,3667,102660,9,10775
1606,7,0,17,8,39486840,3668,102660,9,10782
1607,3,0,18,7,39498780,3668,102660,9,10785
1608,1,0,13,12,39525420,3668,102660,9,10786
1609,4,0,14,11,39529560,3668,102660,9,10790
1610,5,0,13,12,39554160,3668,102660,9,10795
1611,4,0,14,11,39562320,3668,102660,9,10799
1612,4,0,17,8,39565680,3668,102660,9,10803
1613,5,0,15,10,39587100,3667,102660,9,10808
1614,8,0,19,6,39594120,3667,102660,9,10816
1615,6,0,18,7,39606540,3665,102660,9,10822
1616,9,0,17,8,39642660,3665,102660,9,10831
1617,3,0,15,10,39662460,3666,102660,9,10834
1618,6,0,15,10,39677100,3665,102660,9,10840
1619,9,0,18,7,39703920,3665,102660,9,10849
1620,4,0,15,10,39723120,3665,102660,9,10853
1621,5,0,13,12,39747300,3665,102660,9,10858
1622,9,0,15,10,39759180,3663,102660,9,10867
1623,8,0,20,5,39768180,3663,102660,9,10875
1624,6,0,18,7,39793200,3663,102660,9,10881
1625,6,0,15,10,39833400,3663,102660,9,10887
1626,8,0,18,7,39851100,3663,102660,9,10895
1627,14,0,23,2,39865260,3662,102660,9,10909
1628,6,0,22,3,39895500,3662,102660,9,10915
1629,6,0,18,7,39943740,3663,102660,9,10921
1630,6,0,14,11,39986040,3664,102660,9,10927
1631,1,0,13,12,39991620,3663,102660,9,10928
1632,3,0,15,10,39999660,3664,102660,9,10931
1633,2,0,14,11,40013580,3664,102660,9,10933
1634,6,0,16,9,40023780,3664,102660,9,10939
1635,5,0,15,10,40035720,3663,102660,9,10944
1636,7,0,16,9,40058820,3663,102660,9,10951
1637,4,0,16,9,40066140,3662,102660,9,10955
1638,6,0,20,5,40076880,3662,102660,9,10961
1639,13,0,17,8,40122120,3661,102660,9,10974
1640,8,0,21,4,40130340,3661,102660,9,10982
1641,14,0,24,1,40166880,3660,102840,9,10996
1642,13,2,25,0,40216500,3662,114540,10,11009
1643,8,0,23,2,40267680,3662,119220,10,11017
1644,7,4,19,6,40302540,3663,119640,10,11024
1645,14,16,18,7,40321380,3664,124740,11,11038
1646,10,25,17,8,40336680,3664,127320,11,11048
1647,11,31,18,7,40367040,3666,150300,13,11059
1648,9,39,17,8,40378740,3666,153420,13,11068
1649,4,35,20,5,40437120,3670,199740,18,11072
1650,4,33,24,1,40447260,3670,247440,22,11076
1651,11,35,25,0,40499880,3672,307860,27,11087
1652,7,31,25,0,40550280,3673,372120,33,11094
1653,8,25,25,0,40608120,3674,599100,53,11102
1654,4,12,25,0,40658640,3673,864300,77,11106
1655,4,0,15,10,40717860,3669,1139580,102,11110
1656,5,0,15,10,40736220,3669,1139580,102,11115
1657,3,0,14,11,40752960,3670,1139580,102,11118
1658,4,0,13,12,40768380,3669,1139580,102,11122
1659,7,0,18,7,40772520,3669,1139580,102,11129
1660,6,0,16,9,40792020,3668,1139580,102,11135
1661,6,0,20,5,40805280,3669,1139580,102,11141
1662,15,1,25,0,40832700,3668,1139580,102,11156
1663,7,0,21,4,40880940,3669,1140240,102,11163
1664,6,0,16,9,40928700,3669,1140240,102,11169
1665,8,0,19,6,40946760,3669,1140240,102,11177
1666,12,0,21,4,40969800,3668,1140240,101,11189
1667,12,0,23,2,41000220,3667,1141920,101,11201
1668,12,1,25,0,41044500,3668,1144080,102,11213
1669,1,0,14,11,41104020,3670,1145520,102,11214
1670,5,0,15,10,41124180,3670,1145520,102,11219
1671,9,0,19,6,41132640,3669,1145520,102,11228
1672,6,0,21,4,41149200,3669,1145520,101,11234
1673,7,0,18,7,41191020,3670,1145520,101,11241
1674,8,0,19,6,41213280,3669,1145520,101,11249
1675,10,0,24,1,41221860,3669,1145520,101,11259
1676,4,0,19,6,41262960,3669,1145520,101,11263
1677,3,0,14,11,41308980,3671,1145520,101,11266
1678,2,0,12,13,41322660,3671,1145520,101,11268
1679,4,0,14,11,41326500,3670,1145520,101,11272
1680,5,0,16,9,41337960,3670,1145520,101,11277
1681,3,0,17,8,41350740,3671,1145520,101,11280
1682,3,0,13,12,41381340,3671,1145520,101,11283
1683,4,0,17,8,41381340,3671,1145520,101,11287
1684,2,0,15,10,41395980,3671,1145520,101,11289
1685,4,0,13,12,41421120,3672,1145520,101,11293
1686,7,0,16,9,41437380,3672,1145520,101,11300
1687,3,0,15,10,41452020,3672,1145520,101,11303
1688,8,0,19,6,41466300,3672,1145520,101,11311
1689,10,0,22,3,41486400,3671,1145520,101,11321
1690,11,0,22,3,41523780,3671,1145520,101,11332
1691,11,0,24,1,41564880,3672,1146840,101,11343
1692,8,0,20,5,41606460,3671,1146840,101,11351
1693,10,0,21,4,41645280,3672,1146840,100,11361
1694,9,0,18,7,41688000,3672,1146840,100,11370
1695,11,0,21,4,41713200,3671,1146840,100,11381
1696,8,0,22,3,41739900,3672,1146840,100,11389
1697,10,0,22,3,41778780,3672,1146840,100,11399
1698,11,0,24,1,41818140,3672,1148400,100,11410
1699,4,0,22,3,41858100,3674,1148400,100,11414
1700,9,0,21,4,41915280,3676,1148400,100,11423
1701,1,0,14,11,41949720,3676,1148400,100,11424
1702,2,0,14,11,41966820,3677,1148400,100,11426
1703,8,0,20,5,41978340,3677,1148400,100,11434
1704,6,0,18,7,42006660,3677,1148400,100,11440
1705,5,0,17,8,42030120,3677,1148400,100,11445
1706,5,0,15,10,42054180,3677,1148400,100,11450
1707,5,0,15,10,42069240,3677,1148400,100,11455
1708,2,0,13,12,42082920,3677,1148400,100,11457
1709,5,0,15,10,42089880,3676,1148400,100,11462
1710,8,0,18,7,42100020,3676,1148400,100,11470
1711,11,0,16,9,42129240,3674,1148400,100,11481
1712,7,0,17,8,42150720,3674,1148400,99,11488
1713,7,0,17,8,42173340,3674,1148400,99,11495
1714,9,0,21,4,42182520,3673,1148400,99,11504
1715,6,0,16,9,42227760,3673,1148400,99,11510
1716,6,0,17,8,42246180,3673,1148400,99,11516
1717,10,0,23,2,42269640,3674,1148400,99,11526
1718,8,0,19,6,42301920,3673,1148400,99,11534
1719,8,0,19,6,42334680,3673,1148400,99,11542
1720,10,0,23,2,42357660,3674,1148400,99,11552
1721,7,0,16,9,42407880,3673,1148400,99,11559
1722,5,0,16,9,42424620,3673,1148400,99,11564
1723,3,0,17,8,42438360,3674,1148400,99,11567
1724,7,0,16,9,42454980,3673,1148400,99,11574
1725,5,0,17,8,42478980,3674,1148400,99,11579
1726,1,0,13,12,42507300,3674,1148400,99,11580
1727,9,0,19,6,42520080,3675,1148400,99,11589
1728,3,0,13,12,42552300,3674,1148400,99,11592
1729,5,0,17,8,42553080,3674,1148400,99,11597
1730,6,0,16,9,42577020,3674,1148400,98,11603
1731,4,0,15,10,42597840,3674,1148400,98,11607
1732,1,0,13,12,42610620,3674,1148400,98,11608
1733,4,0,15,10,42620640,3675,1148400,98,11612
1734,0,0,11,14,42637800,3675,1148400,98,11612
1735,10,0,19,6,42639960,3674,1148400,98,11622
1736,8,0,20,5,42659100,3674,1148400,98,11630
1737,6,0,18,7,42684600,3674,1148400,98,11636
1738,6,0,20,5,42707520,3674,1148400,98,11642
1739,12,0,22,3,42739920,3674,1148400,98,11654
1740,9,0,20,5,42782100,3674,1148400,98,11663
1741,7,0,18,7,42819360,3674,1148400,98,11670
1742,6,0,17,8,42846000,3674,1148400,98,11676
1743,6,0,15,10,42875460,3674,1148400,98,11682
1744,13,0,21,4,42888600,3673,1148400,98,11695
1745,9,0,20,5,42914580,3672,1148400,98,11704
1746,9,0,20,5,42949680,3673,1148400,98,11713
1747,8,0,21,4,42978180,3673,1148400,97,11721
1748,6,0,18,7,43006440,3672,1148400,97,11727
1749,8,0,19,6,43030080,3672,1148400,97,11735
1750,4,0,16,9,43053180,3672,1148400,97,11739
1751,5,0,15,10,43074300,3672,1148400,97,11744
1752,4,0,15,10,43086480,3672,1148400,97,11748
1753,3,0,14,11,43099920,3672,1148400,97,11751
1754,2,0,14,11,43105020,3671,1148400,97,11753
1755,3,0,15,10,43106520,3671,1148400,97,11756
1756,9,0,19,6,43124640,3671,1148400,97,11765
1757,6,0,19,6,43141740,3671,1148400,97,11771
1758,3,0,16,9,43171500,3671,1148400,97,11774
1759,5,0,15,10,43186740,3671,1148400,97,11779
1760,5,0,15,10,43206960,3671,1148400,97,11784
1761,5,0,17,8,43213200,3670,1148400,97,11789
1762,8,0,19,6,43240320,3671,1148400,97,11797
1763,15,2,25,0,43259460,3670,1148940,97,11812
1764,15,3,25,0,43313880,3670,1153260,97,11827
1765,7,0,20,5,43364760,3670,1159860,98,11834
1766,10,0,21,4,43403220,3671,1159860,97,11844
1767,7,0,20,5,43428660,3670,1159860,97,11851
1768,8,0,21,4,43472340,3672,1159860,97,11859
1769,5,0,16,9,43514040,3672,1159860,97,11864
1770,7,0,18,7,43528800,3672,1159860,97,11871
1771,8,0,19,6,43561980,3673,1159860,97,11879
1772,6,0,20,5,43579560,3672,1159860,97,11885
1773,4,0,14,11,43619940,3673,1159860,97,11889
1774,3,0,15,10,43629180,3673,1159860,97,11892
1775,2,0,16,9,43632240,3673,1159860,97,11894
1776,5,0,16,9,43661580,3674,1159860,97,11899
1777,6,0,16,9,43684320,3674,1159860,97,11905
1778,7,0,16,9,43709940,3674,1159860,97,11912
1779,7,0,16,9,43733160,3674,1159860,97,11919
1780,7,0,19,6,43745160,3673,1159860,97,11926
1781,8,0,16,9,43788960,3674,1159860,97,11934
1782,4,0,16,9,43801080,3673,1159860,97,11938
1783,7,0,17,8,43824960,3674,1159860,97,11945
1784,9,0,18,7,43853520,3674,1159860,97,11954
1785,10,0,21,4,43868940,3673,1159860,96,11964
1786,8,0,20,5,43904160,3673,1159860,96,11972
1787,14,0,22,3,43933500,3672,1159860,96,11986
1788,6,0,19,6,43964760,3671,1159860,96,11992
1789,10,2,23,2,43974540,3671,1159920,96,12002
1790,5,0,19,6,44029260,3672,1161900,96,12007
1791,10,0,23,2,44062260,3673,1161900,96,12017
1792,7,0,19,6,44111400,3674,1161900,96,12024
1793,9,0,20,5,44132580,3673,1161900,96,12033
1794,8,0,20,5,44162640,3673,1161900,96,12041
1795,16,8,20,5,44195580,3674,1162140,96,12057
1796,9,11,21,4,44229420,3675,1171920,97,12066
1797,4,7,24,1,44263860,3676,1194360,98,12070
1798,3,0,15,10,44329020,3676,1251420,103,12073
1799,5,0,16,9,44348100,3676,1251420,103,12078
1800,4,0,16,9,44358120,3676,1251420,103,12082
1801,3,0,16,9,44373000,3676,1251420,103,12085
1802,4,0,18,7,44384820,3676,1251420,103,12089
1803,8,0,18,7,44407920,3676,1251420,103,12097
1804,4,0,16,9,44440920,3677,1251420,103,12101
1805,4,0,14,11,44465580,3677,1251420,103,12105
1806,8,0,19,6,44470260,3677,1251420,103,12113
1807,9,0,20,5,44493600,3676,1251420,103,12122
1808,6,0,18,7,44522040,3676,1251420,103,12128
1809,6,0,19,6,44542740,3676,1251420,103,12134
1810,13,1,24,1,44566380,3676,1253700,103,12147
1811,12,3,25,0,44607480,3677,1255680,103,12159
1812,7,0,19,6,44671500,3677,1260420,103,12166
1813,10,0,19,6,44706720,3677,1260420,103,12176
1814,14,0,21,4,44737560,3676,1260420,103,12190
1815,7,0,18,7,44771220,3676,1260420,103,12197
1816,8,0,19,6,44792520,3675,1260420,103,12205
1817,11,0,21,4,44830920,3676,1260420,103,12216
1818,5,0,16,9,44859540,3675,1260420,103,12221
1819,10,0,21,4,44875740,3675,1260420,103,12231
1820,5,0,19,6,44902980,3675,1260420,103,12236
1821,6,0,14,11,44951400,3676,1260420,102,12242
1822,8,0,17,8,44966580,3675,1260420,102,12250
1823,5,0,14,11,44988000,3675,1260420,102,12255
1824,7,0,17,8,44997060,3674,1260420,102,12262
1825,7,0,18,7,45016440,3674,1260420,102,12269
1826,5,0,16,9,45041400,3674,1260420,102,12274
1827,4,0,15,10,45053100,3673,1260420,102,12278
1828,3,0,15,10,45064560,3673,1260420,102,12281
1829,5,0,15,10,45096780,3675,1260420,102,12286
1830,6,0,17,8,45111000,3675,1260420,102,12292
1831,11,0,20,5,45136020,3674,1260420,102,12303
1832,14,0,20,5,45172920,3673,1260420,102,12317
1833,5,0,17,8,45196620,3673,1260420,102,12322
1834,9,0,21,4,45210480,3672,1260420,102,12331
1835,6,0,18,7,45251160,3673,1260420,102,12337
1836,5,0,15,10,45283560,3673,1260420,102,12342
1837,6,0,15,10,45294240,3672,1260420,102,12348
1838,13,0,22,3,45299580,3671,1260420,101,12361
1839,9,0,19,6,45335040,3670,1260420,101,12370
1840,11,0,20,5,45366780,3670,1260420,101,12381
1841,6,0,19,6,45394920,3670,1260420,101,12387
1842,8,0,18,7,45426420,3670,1260420,101,12395
1843,5,0,18,7,45448800,3670,1260420,101,12400
1844,7,0,20,5,45471060,3670,1260420,101,12407
1845,5,0,18,7,45496200,3670,1260420,101,12412
1846,8,0,18,7,45519000,3670,1260420,101,12420
1847,4,0,16,9,45547080,3670,1260420,101,12424
1848,3,0,14,11,45568020,3670,1260420,101,12427
1849,0,0,12,13,45581100,3671,1260420,101,12427
1850,3,0,15,10,45581100,3671,1260420,101,12430
1851,6,0,17,8,45586800,3670,1260420,101,12436
1852,2,0,15,10,45608760,3671,1260420,101,12438
1853,9,0,21,4,45629700,3672,1260420,101,12447
1854,11,0,19,6,45662520,3670,1260420,101,12458
1855,9,0,18,7,45694860,3670,1260420,101,12467
1856,13,0,24,1,45715860,3670,1260420,100,12480
1857,5,0,17,8,45746460,3669,1260420,100,12485
1858,5,0,15,10,45779040,3669,1260420,100,12490
1859,9,0,18,7,45796980,3669,1260420,100,12499
1860,14,0,23,2,45828180,3669,1260420,100,12513
1861,7,0,19,6,45859080,3668,1260420,100,12520
1862,7,0,17,8,45900420,3669,1260420,100,12527
1863,2,0,16,9,45910320,3669,1260420,100,12529
1864,8,0,16,9,45938280,3668,1260420,100,12537
1865,12,0,21,4,45955140,3668,1260420,100,12549
1866,5,0,16,9,45989520,3668,1260420,100,12554
1867,9,0,18,7,46005840,3667,1260420,100,12563
1868,4,0,14,11,46034520,3667,1260420,100,12567
1869,2,0,12,13,46047540,3667,1260420,100,12569
1870,3,0,14,11,46053300,3667,1260420,100,12572
1871,7,0,18,7,46062540,3667,1260420,100,12579
1872,2,0,14,11,46082880,3666,1260420,100,12581
1873,0,0,12,13,46095240,3667,1260420,100,12581
1874,2,0,13,12,46104300,3667,1260420,100,12583
1875,5,0,14,11,46108800,3666,1260420,100,12588
1876,3,0,15,10,46115100,3666,1260420,100,12591
1877,7,0,16,9,46129380,3666,1260420,100,12598
1878,5,0,17,8,46149360,3666,1260420,100,12603
1879,7,0,16,9,46180500,3666,1260420,99,12610
1880,11,0,21,4,46195260,3666,1260420,99,12621
1881,10,4,19,6,46217400,3665,1263360,100,12631
1882,7,1,23,2,46252380,3666,1275480,100,12638
1883,5,0,16,9,46295760,3666,1278420,101,12643
1884,11,0,21,4,46316400,3666,1278420,101,12654
1885,12,3,23,2,46349580,3666,1281780,101,12666
1886,1,0,16,9,46396920,3667,1288740,101,12667
1887,15,0,21,4,46421880,3666,1288740,101,12682
1888,9,0,22,3,46450500,3666,1288740,101,12691
1889,7,0,13,12,46513440,3666,1288740,101,12698
1890,4,0,17,8,46513440,3666,1288740,101,12702
1891,12,0,24,1,46533300,3666,1288740,101,12714
1892,4,0,14,11,46577760,3666,1288740,101,12718
1893,4,0,14,11,46601280,3667,1288740,101,12722
1894,1,0,12,13,46612140,3667,1288740,101,12723
1895,4,0,13,12,46620420,3666,1288740,101,12727
1896,9,0,15,10,46628640,3665,1288740,101,12736
1897,7,0,19,6,46634100,3665,1288740,101,12743
1898,3,0,12,13,46674120,3665,1288740,101,12746
1899,4,0,14,11,46676520,3664,1288740,101,12750
1900,6,0,17,8,46689540,3665,1288740,101,12756
1901,5,0,16,9,46711800,3665,1288740,100,12761
1902,3,0,14,11,46734300,3665,1288740,100,12764
1903,9,0,18,7,46745400,3664,1288740,100,12773
1904,5,0,16,9,46766880,3664,1288740,100,12778
1905,5,0,15,10,46795260,3665,1288740,100,12783
1906,4,0,15,10,46811040,3665,1288740,100,12787
1907,9,0,18,7,46826520,3664,1288740,100,12796
1908,7,0,17,8,46845900,3663,1288740,100,12803
1909,10,0,21,4,46861440,3663,1288740,100,12813
1910,9,0,23,2,46894620,3663,1288740,100,12822
1911,12,0,21,4,46948200,3664,1288800,100,12834
1912,6,0,18,7,46974960,3663,1288800,100,12840
1913,8,0,17,8,47007660,3663,1288800,100,12848
1914,6,0,18,7,47028780,3663,1288800,100,12854
1915,9,0,21,4,47045040,3663,1288800,100,12863
1916,7,0,17,8,47086980,3663,1288800,100,12870
1917,7,0,21,4,47095740,3663,1288800,100,12877
1918,5,0,16,9,47150100,3664,1288800,100,12882
1919,5,0,16,9,47166540,3664,1288800,100,12887
1920,2,0,12,13,47199420,3665,1288800,99,12889
1921,5,0,13,12,47208240,3664,1288800,99,12894
1922,4,0,15,10,47209620,3664,1288800,99,12898
1923,2,0,16,9,47214900,3664,1288800,99,12900
1924,1,0,13,12,47235780,3665,1288800,99,12901
1925,10,0,19,6,47251560,3665,1288800,99,12911
1926,3,0,17,8,47266080,3664,1288800,99,12914
1927,8,0,19,6,47287140,3664,1288800,99,12922
1928,4,0,20,5,47306760,3665,1288800,99,12926
1929,5,0,18,7,47338980,3665,1288800,99,12931
1930,14,0,25,0,47373060,3666,1288800,99,12945
1931,6,0,21,4,47404800,3666,1288800,99,12951
1932,10,0,17,8,47449560,3665,1288800,99,12961
1933,7,0,18,7,47477700,3666,1288800,99,12968
1934,14,0,24,1,47505840,3666,1288800,99,12982
1935,7,2,19,6,47543580,3666,1290660,99,12989
1936,10,9,18,7,47572980,3667,1294800,99,12999
1937,6,7,24,1,47586180,3667,1323420,101,13005
1938,7,0,22,3,47651700,3668,1356360,104,13012
1939,11,0,19,6,47687880,3667,1356360,104,13023
1940,10,3,22,3,47701860,3667,1356420,104,13033
1941,8,3,23,2,47733000,3667,1365660,104,13041
1942,2,0,13,12,47798100,3668,1374120,105,13043
1943,6,0,15,10,47808120,3667,1374120,105,13049
1944,4,0,15,10,47826720,3668,1374120,105,13053
1945,3,0,14,11,47841480,3668,1374120,105,13056
1946,1,0,13,12,47852580,3668,1374120,105,13057
1947,7,0,16,9,47864820,3668,1374120,105,13064
1948,6,0,19,6,47881440,3668,1374120,105,13070
1949,1,0,15,10,47900280,3668,1374120,105,13071
1950,8,0,18,7,47925780,3669,1374120,105,13079
1951,7,0,16,9,47949900,3668,1374120,105,13086
1952,5,0,15,10,47970420,3668,1374120,104,13091
1953,5,0,18,7,47976480,3668,1374120,104,13096
1954,8,0,23,2,47989140,3668,1374120,104,13104
1955,6,0,18,7,48038340,3669,1374120,104,13110
1956,9,0,18,7,48064920,3668,1374120,104,13119
1957,4,0,13,12,48095820,3668,1374120,104,13123
1958,7,0,16,9,48105480,3668,1374120,104,13130
1959,10,1,19,6,48119520,3667,1374120,104,13140
1960,13,13,19,6,48122400,3667,1375080,104,13153
1961,7,17,16,9,48168840,3669,1383240,105,13160
1962,3,16,17,8,48188940,3670,1404660,106,13163
1963,6,13,23,2,48213540,3671,1470600,111,13169
1964,9,11,25,0,48244260,3670,1522920,115,13178
1965,5,0,18,7,48310800,3669,1625700,123,13183
1966,7,0,17,8,48329760,3668,1625700,123,13190
1967,5,0,15,10,48357900,3669,1625700,123,13195
1968,5,0,15,10,48373800,3668,1625700,123,13200
1969,5,0,17,8,48388260,3669,1625700,123,13205
1970,4,0,13,12,48407640,3668,1625700,123,13209
1971,7,0,17,8,48414300,3668,1625700,123,13216
1972,3,0,18,7,48417540,3667,1625700,122,13219
1973,3,0,16,9,48445200,3668,1625700,122,13222
1974,1,0,14,11,48458220,3668,1625700,122,13223
1975,9,0,16,9,48476280,3667,1625700,122,13232
1976,4,0,15,10,48496260,3668,1625700,122,13236
1977,5,0,14,11,48507840,3667,1625700,122,13241
1978,8,0,19,6,48515160,3667,1625700,122,13249
1979,12,1,25,0,48530220,3666,1626540,122,13261
1980,10,0,23,2,48575700,3666,1631220,122,13271
1981,4,0,15,10,48625380,3667,1631220,122,13275
1982,14,0,25,0,48639000,3666,1631220,122,13289
1983,6,0,25,0,48667440,3667,1634400,122,13295
1984,5,0,17,8,48729360,3668,1634400,122,13300
1985,10,0,18,7,48749700,3667,1634400,122,13310
1986,7,0,18,7,48787980,3668,1634400,122,13317
1987,9,0,19,6,48807840,3667,1634400,122,13326
1988,5,0,21,4,48822420,3668,1634400,122,13331
1989,4,0,15,10,48866880,3668,1634400,122,13335
1990,3,0,15,10,48884160,3669,1634400,122,13338
1991,5,0,15,10,48906540,3669,1634400,122,13343
1992,6,0,16,9,48920760,3669,1634400,122,13349
1993,4,0,18,7,48926160,3669,1634400,122,13353
1994,2,0,15,10,48958560,3670,1634400,122,13355
1995,2,0,14,11,48977700,3670,1634400,122,13357
1996,2,0,13,12,48993660,3671,1634400,122,13359
1997,3,0,14,11,48998640,3670,1634400,122,13362
1998,7,0,18,7,49005180,3670,1634400,122,13369
1999,10,0,19,6,49027860,3669,1634400,122,13379
2000,3,0,17,8,49053780,3670,1634400,122,13382
2001,5,0,16,9,49080240,3670,1634400,122,13387
2002,9,0,22,3,49090560,3670,1634400,122,13396
2003,12,0,25,0,49121400,3670,1635240,121,13408
2004,11,0,24,1,49179720,3671,1636680,121,13419
2005,12,0,23,2,49222500,3671,1636740,121,13431
2006,11,3,21,4,49253400,3670,1638240,121,13442
2007,11,9,19,6,49308720,3672,1647660,122,13453
2008,9,9,25,0,49329300,3673,1661700,123,13462
2009,10,8,25,0,49380240,3674,1694040,125,13472
2010,4,0,17,8,49445340,3673,1738140,128,13476
2011,3,0,14,11,49472400,3674,1738140,128,13479
2012,4,0,12,13,49486440,3673,1738140,128,13483
2013,7,0,17,8,49492860,3673,1738140,128,13490
2014,5,0,19,6,49501020,3673,1738140,128,13495
2015,3,0,15,10,49535640,3673,1738140,128,13498
2016,6,0,16,9,49553580,3673,1738140,128,13504
2017,2,0,17,8,49556220,3673,1738140,128,13506
2018,7,0,20,5,49563240,3673,1738140,128,13513
2019,6,0,21,4,49575480,3672,1738140,128,13519
2020,2,0,17,8,49597200,3672,1738140,128,13521
2021,2,0,16,9,49607100,3672,1738140,128,13523
2022,7,0,21,4,49610280,3672,1738140,128,13530
2023,6,0,22,3,49629120,3672,1738140,128,13536
2024,12,0,25,0,49650840,3671,1741320,128,13548
2025,8,1,24,1,49682580,3671,1742700,128,13556
2026,11,3,25,0,49720260,3672,1744500,128,13567
2027,11,7,25,0,49752420,3672,1749660,128,13578
2028,5,9,22,3,49790460,3674,1758840,129,13583
2029,5,8,25,0,49815120,3675,1768200,130,13588
2030,10,10,25,0,49853820,3675,1793640,131,13598
2031,9,9,25,0,49894980,3676,1819380,133,13607
2032,13,12,25,0,49929420,3675,1824240,133,13620
2033,7,14,25,0,49956360,3676,1833840,134,13627
2034,11,19,25,0,49987380,3677,1840140,134,13638
2035,9,21,25,0,50019720,3677,1857300,136,13647
2036,5,12,25,0,50071080,3677,2009700,147,13652
2037,3,0,18,7,50107140,3674,2209380,161,13655
2038,5,0,20,5,50121060,3674,2209380,161,13660
2039,7,0,22,3,50135280,3674,2209380,161,13667
2040,4,0,21,4,50162460,3674,2209380,161,13671
2041,4,0,17,8,50182200,3674,2209380,161,13675
2042,3,0,17,8,50192580,3674,2209380,161,13678
2043,5,0,20,5,50195160,3673,2209380,161,13683
2044,6,0,21,4,50211600,3673,2209380,161,13689
2045,6,0,21,4,50229060,3673,2209380,161,13695
2046,5,0,21,4,50246280,3673,2209380,161,13700
2047,8,0,22,3,50271540,3673,2209380,161,13708
2048,9,0,24,1,50295240,3673,2209380,161,13717
2049,6,0,19,6,50334780,3672,2209440,161,13723
2050,7,0,21,4,50349000,3672,2209440,160,13730
2051,5,0,21,4,50363940,3672,2209440,160,13735
2052,9,0,23,2,50378700,3671,2209440,160,13744
2053,3,0,20,5,50400900,3671,2209440,160,13747
2054,6,0,20,5,50426700,3671,2209440,160,13753
2055,9,0,22,3,50455440,3672,2209440,160,13762
2056,7,0,22,3,50475960,3671,2209440,160,13769
2057,4,0,21,4,50493360,3671,2209440,160,13773
2058,6,0,19,6,50529960,3672,2209440,160,13779
2059,9,0,23,2,50541660,3671,2209440,160,13788
2060,7,0,21,4,50566620,3671,2209440,160,13795
2061,5,0,21,4,50583840,3671,2209440,160,13800
2062,5,0,20,5,50607360,3671,2209440,160,13805
2063,6,0,20,5,50628960,3671,2209440,159,13811
2064,8,0,23,2,50650140,3671,2209440,159,13819
2065,3,0,20,5,50674800,3671,2209440,159,13822
2066,3,0,19,6,50689980,3671,2209440,159,13825
2067,8,0,23,2,50707440,3671,2209440,159,13833
2068,3,0,18,7,50736900,3671,2209440,159,13836
2069,2,0,19,6,50740800,3671,2209440,159,13838
2070,11,0,24,1,50761860,3671,2209800,159,13849
2071,7,0,23,2,50791260,3671,2209800,159,13856
2072,12,0,23,2,50829060,3671,2212620,159,13868
2073,6,0,21,4,50846940,3670,2212620,159,13874
2074,7,0,21,4,50880960,3671,2212620,159,13881
2075,9,0,23,2,50904180,3670,2212620,159,13890
2076,10,4,25,0,50922240,3671,2215920,159,13900
2077,6,0,23,2,50966340,3671,2222460,159,13906
2078,14,6,24,1,50992260,3671,2223960,159,13920
2079,7,10,22,3,51024900,3672,2232180,160,13927
2080,15,18,22,3,51068220,3673,2240160,160,13942
2081,11,24,25,0,51081780,3673,2243340,160,13953
2082,10,28,25,0,51115740,3674,2250780,161,13963
2083,10,27,25,0,51156960,3674,2303280,164,13973
2084,8,24,25,0,51201420,3675,2369580,169,13981
2085,2,16,25,0,51228060,3674,2536740,181,13983
2086,5,0,20,5,51280860,3671,2745960,196,13988
2087,6,0,20,5,51289200,3670,2745960,196,13994
2088,6,0,20,5,51307200,3670,2745960,196,14000
2089,3,0,23,2,51307200,3670,2745960,196,14003
2090,2,0,19,6,51349380,3671,2745960,196,14005
2091,2,0,15,10,51366900,3671,2745960,196,14007
2092,3,0,18,7,51366900,3671,2745960,196,14010
2093,3,0,18,7,51372000,3670,2745960,195,14013
2094,1,0,17,8,51379080,3670,2745960,195,14014
2095,9,0,24,1,51391200,3671,2745960,195,14023
2096,10,2,25,0,51409140,3670,2747340,195,14033
2097,5,0,21,4,51443400,3670,2750460,195,14038
2098,13,3,25,0,51465480,3670,2750460,195,14051
2099,10,2,25,0,51498180,3669,2756460,196,14061
2100,13,3,25,0,51541920,3669,2760420,196,14074
2101,10,8,25,0,51562320,3669,2763480,196,14084
2102,13,15,25,0,51600000,3670,2767920,196,14097
2103,14,27,21,4,51630600,3671,2770560,196,14111
2104,13,38,20,5,51656580,3672,2776500,196,14124
2105,10,40,20,5,51680400,3673,2785140,197,14134
2106,9,40,20,5,51692220,3673,2798220,198,14143
2107,7,38,25,0,51711000,3674,2861280,202,14150
2108,11,39,25,0,51739440,3675,2902440,205,14161
2109,5,36,25,0,51784620,3676,2948640,208,14166
2110,7,35,25,0,51830880,3677,3040860,214,14173
2111,7,32,25,0,51866640,3677,3184980,224,14180
2112,3,26,25,0,51892140,3677,3456060,244,14183
2113,4,9,25,0,51947940,3675,3911580,276,14187
2114,3,0,20,5,51963420,3672,4138080,292,14190
2115,6,0,21,4,51991500,3673,4138080,291,14196
2116,4,0,22,3,52002480,3673,4138080,291,14200
2117,6,0,19,6,52039500,3673,4138080,291,14206
2118,5,0,19,6,52049880,3672,4138080,291,14211
2119,8,0,24,1,52060860,3672,4138080,291,14219
2120,5,0,19,6,52096380,3672,4138080,291,14224
2121,11,0,24,1,52117440,3672,4138080,291,14235
2122,6,0,24,1,52134240,3672,4138380,291,14241
2123,8,0,24,1,52173180,3672,4138380,290,14249
2124,10,0,22,3,52207980,3672,4138380,290,14259
2125,6,0,22,3,52231320,3672,4138380,290,14265
2126,12,2,25,0,52258020,3672,4139700,290,14277
2127,12,8,25,0,52279620,3672,4143480,290,14289
2128,8,11,25,0,52311000,3673,4152240,290,14297
2129,8,8,25,0,52366500,3674,4171260,292,14305
2130,8,0,23,2,52403220,3672,4239600,296,14313
2131,7,0,21,4,52422420,3671,4239600,296,14320
2132,8,0,22,3,52440060,3670,4239600,296,14328
2133,4,0,21,4,52454400,3670,4239600,296,14332
2134,5,0,17,8,52482000,3670,4239600,296,14337
2135,4,0,18,7,52491660,3669,4239600,296,14341
2136,5,0,20,5,52498500,3669,4239600,295,14346
2137,4,0,20,5,52509960,3669,4239600,295,14350
2138,6,0,20,5,52535340,3669,4239600,295,14356
2139,2,0,17,8,52560180,3670,4239600,295,14358
2140,3,0,18,7,52562820,3669,4239600,295,14361
2141,7,0,22,3,52572660,3669,4239600,295,14368
2142,10,0,23,2,52587300,3668,4239600,295,14378
2143,3,0,17,8,52618260,3668,4239600,295,14381
2144,5,0,19,6,52631100,3668,4239600,295,14386
2145,12,5,25,0,52634280,3668,4240200,294,14398
2146,6,5,25,0,52664400,3668,4245240,295,14404
2147,9,0,24,1,52708860,3668,4266600,296,14413
2148,10,1,25,0,52732020,3667,4267860,296,14423
2149,5,5,21,4,52756200,3668,4268580,296,14428
2150,3,2,22,3,52802760,3670,4286520,297,14431
2151,10,1,25,0,52825260,3669,4298640,298,14441
2152,3,0,18,7,52867920,3669,4302960,298,14444
2153,5,0,19,6,52894260,3670,4302960,298,14449
2154,12,1,25,0,52901580,3669,4303800,298,14461
2155,4,0,21,4,52942140,3670,4303800,297,14465
2156,4,0,20,5,52966620,3670,4303800,297,14469
2157,8,0,19,6,52992960,3670,4303800,297,14477
2158,3,0,17,8,53013720,3670,4303800,297,14480
2159,3,0,19,6,53014860,3670,4303800,297,14483
2160,11,2,25,0,53031060,3670,4304340,297,14494
2161,6,1,25,0,53060700,3671,4317060,298,14500
2162,9,0,24,1,53102100,3671,4322280,298,14509
2163,8,0,25,0,53137200,3671,4326720,298,14517
2164,3,0,20,5,53170740,3672,4327680,298,14520
2165,4,0,21,4,53181240,3671,4327680,298,14524
2166,11,0,23,2,53213700,3671,4327980,298,14535
2167,6,0,23,2,53239800,3672,4327980,298,14541
2168,6,0,22,3,53268960,3672,4327980,297,14547
2169,6,0,20,5,53299680,3672,4327980,297,14553
2170,8,1,25,0,53312280,3672,4328340,297,14561
2171,18,13,25,0,53341800,3673,4332420,297,14579
2172,12,19,25,0,53379720,3674,4338540,297,14591
2173,8,22,25,0,53415240,3675,4352280,298,14599
2174,14,26,25,0,53466480,3676,4361520,298,14613
2175,7,26,25,0,53493900,3676,4416960,302,14620
2176,6,18,25,0,53534580,3676,4517640,309,14626
2177,9,12,25,0,53573040,3674,4644060,317,14635
2178,12,15,25,0,53602740,3674,4662900,318,14647
2179,10,13,25,0,53651220,3674,4733520,323,14657
2180,5,1,25,0,53677860,3672,4945200,337,14662
2181,8,0,21,4,53708760,3671,4945680,337,14670
2182,3,0,20,5,53726340,3671,4945680,337,14673
2183,3,0,17,8,53750880,3671,4945680,337,14676
2184,2,0,18,7,53759640,3672,4945680,337,14678
2185,3,0,18,7,53772240,3672,4945680,337,14681
2186,4,0,19,6,53780880,3672,4945680,337,14685
2187,1,0,17,8,53795460,3672,4945680,337,14686
2188,7,0,22,3,53804040,3672,4945680,337,14693
2189,4,0,19,6,53823600,3671,4945680,336,14697
2190,2,0,17,8,53844660,3672,4945680,336,14699
2191,5,0,19,6,53851080,3672,4945680,336,14704
2192,7,0,24,1,53855880,3671,4945680,336,14711
2193,7,0,23,2,53887680,3672,4945800,336,14718
2194,2,0,18,7,53926380,3672,4945800,336,14720
2195,5,0,20,5,53941800,3673,4945800,336,14725
2196,4,0,21,4,53948460,3672,4945800,336,14729
2197,13,3,25,0,53974260,3673,4946040,335,14742
2198,4,0,22,3,54007800,3673,4950120,336,14746
2199,11,0,23,2,54040260,3672,4950120,335,14757
2200,8,0,25,0,54057600,3672,4950300,335,14765
2201,12,2,25,0,54100980,3672,4954200,335,14777
2202,6,0,20,5,54140700,3672,4955220,335,14783
2203,2,0,20,5,54148500,3672,4955220,335,14785
2204,2,0,17,8,54172980,3672,4955220,335,14787
2205,9,0,22,3,54179220,3672,4955220,335,14796
2206,5,0,19,6,54206760,3672,4955220,335,14801
2207,5,0,20,5,54223440,3672,4955220,335,14806
2208,2,0,19,6,54232860,3672,4955220,335,14808
2209,5,0,19,6,54257880,3672,4955220,334,14813
2210,7,0,21,4,54274380,3672,4955220,334,14820
2211,4,0,22,3,54287760,3672,4955220,334,14824
2212,5,0,23,2,54312000,3673,4955220,334,14829
2213,10,0,25,0,54340380,3673,4957020,334,14839
2214,4,0,21,4,54366060,3672,4957020,334,14843
2215,3,0,17,8,54400980,3673,4957020,334,14846
2216,9,0,25,0,54402840,3673,4957020,334,14855
2217,6,2,24,1,54428880,3673,4958220,334,14861
2218,9,7,22,3,54459360,3674,4961580,334,14870
2219,13,18,22,3,54477060,3675,4965780,334,14883
2220,13,28,21,4,54503280,3675,4981800,334,14896
2221,10,37,21,4,54514620,3676,4985760,335,14906
2222,9,40,22,3,54557160,3678,5010300,336,14915
2223,6,39,22,3,54574200,3678,5038680,338,14921
2224,11,37,23,2,54596880,3679,5075040,340,14932
2225,1,34,24,1,54626580,3680,5127060,344,14933
2226,3,29,25,0,54665880,3681,5313240,356,14936
2227,3,23,25,0,54700500,3681,5501760,369,14939
2228,8,19,25,0,54743820,3681,5639880,378,14947
2229,2,11,25,0,54777180,3681,5850900,392,14949
2230,5,0,19,6,54822240,3678,6145200,411,14954
2231,10,0,23,2,54833820,3677,6146160,411,14964
2232,5,0,22,3,54852300,3677,6146160,411,14969
2233,7,0,20,5,54897540,3678,6146160,411,14976
2234,5,0,18,7,54920400,3678,6146160,411,14981
2235,4,0,18,7,54935820,3678,6146160,411,14985
2236,4,0,21,4,54940440,3678,6146160,410,14989
2237,5,0,20,5,54957180,3678,6146160,410,14994
2238,5,0,18,7,54981480,3677,6146160,410,14999
2239,5,0,20,5,54988920,3677,6146160,410,15004
2240,5,0,20,5,54998340,3677,6146160,410,15009
2241,4,0,20,5,55020480,3677,6146160,410,15013
2242,5,0,21,4,55032420,3677,6146160,410,15018
2243,11,1,25,0,55060800,3677,6147240,409,15029
2244,18,11,25,0,55085640,3677,6151320,409,15047
2245,8,14,25,0,55112640,3678,6159780,410,15055
2246,5,10,25,0,55169340,3679,6190740,411,15060
2247,11,7,25,0,55208340,3678,6243960,415,15071
2248,10,3,25,0,55241880,3677,6293820,418,15081
2249,4,0,20,5,55277340,3677,6301440,418,15085
2250,9,0,22,3,55294800,3676,6301440,418,15094
2251,9,0,21,4,55328220,3676,6301920,418,15103
2252,6,0,22,3,55346640,3676,6301920,417,15109
2253,7,0,22,3,55373220,3676,6301920,417,15116
2254,10,7,22,3,55380720,3676,6301980,417,15126
2255,6,11,20,5,55407840,3676,6306540,417,15132
2256,5,13,21,4,55427640,3677,6314520,418,15137
2257,8,15,25,0,55447080,3678,6341760,419,15145
2258,6,9,25,0,55504260,3679,6418380,424,15151
2259,9,16,20,5,55533420,3679,6420780,424,15160
2260,12,27,19,6,55547640,3680,6426480,424,15172
2261,4,25,22,3,55568940,3680,6454920,426,15176
2262,12,31,25,0,55581900,3680,6483660,427,15188
2263,10,35,25,0,55623000,3682,6496080,428,15198
2264,5,35,25,0,55655580,3683,6505980,428,15203
2265,9,30,25,0,55714500,3683,6606120,435,15212
2266,10,33,25,0,55736580,3683,6652200,437,15222
2267,7,32,25,0,55766820,3683,6700920,441,15229
2268,3,25,25,0,55809480,3683,6860100,451,15232
2269,7,9,25,0,55864680,3681,7322640,481,15239
2270,5,0,19,6,55893720,3678,7550520,496,15244
2271,6,0,20,5,55905660,3678,7550520,496,15250
2272,5,0,20,5,55918440,3678,7550520,495,15255
2273,10,0,25,0,55938840,3678,7550760,495,15265
2274,10,0,23,2,55975440,3677,7552320,495,15275
2275,7,0,23,2,56000100,3677,7552440,495,15282
2276,6,0,19,6,56024700,3676,7552440,495,15288
2277,12,0,23,2,56053320,3676,7552440,494,15300
2278,5,0,20,5,56076360,3676,7552440,494,15305
2279,9,0,22,3,56098380,3676,7552440,494,15314
2280,5,0,24,1,56112300,3676,7552440,494,15319
2281,4,0,20,5,56142540,3676,7552440,493,15323
2282,3,0,19,6,56164500,3676,7552440,493,15326
2283,5,0,17,8,56187840,3676,7552440,493,15331
2284,2,0,19,6,56187840,3676,7552440,493,15333
2285,8,0,21,4,56207520,3676,7552440,493,15341
2286,6,0,22,3,56231280,3676,7552440,493,15347
2287,4,0,20,5,56246820,3676,7552440,493,15351
2288,7,0,20,5,56268720,3676,7552440,492,15358
2289,7,0,23,2,56276940,3675,7552440,492,15365
2290,9,0,23,2,56310480,3675,7554780,492,15374
2291,12,0,25,0,56347800,3675,7560060,492,15386
2292,8,0,21,4,56384820,3675,7560960,492,15394
2293,6,0,20,5,56409660,3675,7560960,491,15400
2294,5,0,21,4,56419980,3675,7560960,491,15405
2295,10,0,25,0,56449020,3675,7560960,491,15415
2296,7,0,21,4,56476260,3674,7561740,491,15422
2297,2,0,17,8,56508600,3675,7561740,491,15424
2298,5,0,18,7,56518440,3675,7561740,491,15429
2299,8,0,19,6,56529600,3674,7561740,490,15437
2300,3,0,18,7,56542020,3673,7561740,490,15440
2301,12,0,23,2,56562480,3673,7562700,490,15452
2302,3,0,21,4,56582460,3673,7562700,490,15455
2303,8,0,23,2,56617560,3674,7562700,490,15463
2304,0,0,16,9,56645340,3674,7562700,490,15463
2305,6,0,20,5,56653200,3674,7562700,489,15469
2306,7,0,24,1,56659020,3674,7562700,489,15476
2307,8,0,23,2,56686080,3673,7562700,489,15484
2308,4,0,22,3,56707740,3674,7562700,489,15488
2309,7,0,21,4,56744700,3674,7562700,489,15495
2310,7,0,18,7,56766780,3673,7562700,488,15502
2311,6,0,19,6,56776080,3673,7562700,488,15508
2312,9,0,22,3,56783400,3672,7562940,488,15517
2313,10,1,25,0,56807460,3672,7564380,488,15527
2314,7,2,25,0,56831880,3672,7565700,488,15534
2315,11,3,25,0,56880900,3673,7570260,488,15545
2316,11,11,23,2,56902800,3673,7573680,487,15556
2317,14,21,22,3,56940720,3674,7584780,488,15570
2318,9,26,23,2,56960700,3675,7602060,488,15579
2319,10,33,25,0,56971200,3675,7612680,489,15589
2320,12,39,25,0,57015240,3677,7631940,490,15601
2321,8,38,25,0,57067320,3678,7678740,492,15609
2322,5,36,25,0,57100320,3679,7730400,496,15614
2323,11,39,25,0,57133440,3679,7788780,499,15625
2324,6,35,25,0,57174360,3679,7884180,505,15631
2325,4,29,25,0,57211560,3679,7989360,512,15635
2326,2,19,25,0,57252780,3679,8263920,529,15637
2327,3,0,19,6,57288000,3675,8752380,560,15640
2328,8,0,19,6,57316740,3675,8752440,560,15648
2329,2,0,18,7,57332100,3675,8752440,560,15650
2330,5,0,18,7,57347700,3675,8752440,560,15655
2331,1,0,18,7,57350400,3675,8752440,560,15656
2332,6,0,22,3,57358380,3675,8752440,560,15662
2333,5,0,24,1,57363060,3674,8752440,559,15667
2334,6,0,20,5,57406560,3675,8752440,559,15673
2335,10,0,24,1,57432900,3675,8753940,559,15683
2336,6,0,21,4,57465000,3675,8753940,559,15689
2337,12,6,25,0,57474000,3675,8754240,558,15701
2338,7,0,21,4,57527700,3674,8771100,559,15708
2339,8,0,22,3,57544860,3674,8771100,559,15716
2340,5,0,19,6,57571740,3674,8771100,559,15721
2341,11,0,23,2,57590520,3673,8771100,558,15732
2342,11,0,24,1,57624420,3673,8773080,558,15743
2343,8,0,24,1,57646080,3673,8773560,558,15751
2344,13,5,25,0,57686940,3674,8776260,557,15764
2345,5,0,21,4,57722340,3673,8789460,558,15769
2346,5,0,22,3,57742680,3673,8789460,558,15774
2347,10,0,25,0,57765480,3673,8789460,558,15784
2348,10,0,25,0,57792300,3672,8790540,557,15794
2349,2,0,19,6,57830280,3673,8790960,557,15796
2350,4,0,19,6,57844200,3673,8790960,557,15800
2351,4,0,19,6,57862080,3673,8790960,557,15804
2352,2,0,16,9,57877800,3673,8790960,557,15806
2353,8,0,22,3,57881340,3672,8790960,557,15814
2354,6,0,23,2,57901680,3673,8790960,556,15820
2355,4,0,20,5,57923640,3672,8790960,556,15824
2356,1,0,19,6,57935520,3673,8790960,556,15825
2357,7,0,21,4,57965520,3673,8790960,556,15832
2358,3,0,21,4,57976500,3673,8790960,556,15835
2359,10,1,25,0,57998640,3674,8791560,556,15845
2360,8,3,25,0,58021140,3674,8796360,556,15853
2361,9,6,25,0,58054560,3674,8800260,555,15862
2362,9,8,25,0,58101900,3676,8813340,556,15871
2363,9,12,25,0,58131240,3676,8822340,556,15880
2364,10,11,25,0,58180380,3677,8856480,558,15890
2365,9,9,25,0,58210020,3676,8906460,561,15899
2366,13,16,24,1,58241100,3677,8909460,561,15912
2367,7,14,25,0,58279320,3677,8940840,562,15919
2368,7,4,25,0,58328940,3676,9072120,570,15926
2369,13,5,25,0,58350780,3675,9102780,572,15939
2370,9,7,25,0,58378740,3675,9111600,572,15948
2371,3,0,23,2,58411500,3674,9139800,574,15951
2372,9,0,20,5,58457160,3674,9139800,573,15960
2373,4,0,19,6,58465500,3674,9139800,573,15964
2374,5,0,21,4,58479840,3674,9139800,573,15969
2375,3,0,19,6,58491000,3674,9139800,573,15972
2376,3,0,19,6,58507800,3674,9139800,573,15975
2377,4,0,18,7,58522020,3674,9139800,573,15979
2378,4,0,20,5,58530480,3674,9139800,573,15983
2379,4,0,21,4,58537680,3673,9139800,572,15987
2380,7,0,22,3,58563060,3674,9139800,572,15994
2381,6,0,21,4,58589400,3674,9139800,572,16000
2382,9,0,24,1,58600500,3673,9139800,572,16009
2383,4,0,19,6,58632300,3673,9139860,571,16013
2384,5,0,19,6,58659900,3674,9139860,571,16018
2385,7,0,22,3,58676820,3674,9139860,571,16025
2386,8,0,24,1,58692060,3673,9139860,571,16033
2387,7,5,22,3,58712700,3674,9141420,571,16040
2388,8,7,24,1,58743420,3675,9152820,571,16048
2389,11,9,25,0,58783980,3675,9161940,571,16059
2390,13,13,25,0,58820820,3676,9171720,571,16072
2391,12,19,23,2,58851360,3676,9175860,571,16084
2392,11,29,21,4,58869840,3676,9177060,571,16095
2393,11,35,21,4,58912980,3678,9199500,572,16106
2394,7,40,21,4,58912980,3678,9199500,572,16113
2395,3,36,23,2,58947600,3679,9258660,575,16116
2396,4,34,25,0,58969440,3679,9309660,578,16120
2397,5,30,25,0,59019420,3680,9406440,584,16125
2398,3,22,25,0,59062260,3681,9564180,594,16128
2399,6,5,25,0,59098980,3678,10064280,625,16134
2400,4,0,19,6,59123580,3676,10172640,631,16138
2401,3,0,18,7,59138460,3676,10172640,631,16141
2402,1,0,17,8,59142480,3675,10172640,631,16142
2403,8,0,20,5,59158620,3675,10172640,631,16150
2404,4,0,21,4,59165340,3675,10172640,631,16154
2405,8,0,23,2,59192700,3675,10172640,630,16162
2406,6,0,20,5,59218920,3675,10172640,630,16168
2407,3,0,18,7,59236080,3675,10172640,630,16171
2408,8,0,20,5,59260680,3675,10172640,630,16179
2409,5,0,20,5,59274000,3675,10172640,629,16184
2410,11,0,24,1,59290320,3674,10172640,629,16195
2411,9,0,21,4,59323980,3673,10172640,629,16204
2412,10,1,25,0,59339760,3673,10172640,628,16214
2413,17,13,25,0,59358480,3673,10173480,628,16231
2414,15,22,25,0,59390640,3674,10186260,628,16246
2415,8,24,25,0,59431140,3675,10201260,629,16254
2416,18,33,25,0,59484960,3676,10226160,629,16272
2417,13,39,24,1,59512680,3677,10229700,629,16285
2418,7,40,24,1,59536200,3677,10238340,630,16292
2419,6,37,22,3,59580360,3678,10260000,631,16298
2420,5,37,25,0,59593200,3679,10294920,633,16303
2421,7,31,25,0,59657100,3680,10448460,642,16310
2422,6,27,25,0,59681640,3679,10622220,652,16316
2423,4,12,25,0,59732220,3678,10976340,674,16320
2424,8,0,21,4,59761440,3674,11309040,694,16328
2425,6,0,22,3,59783460,3674,11309040,694,16334
2426,9,0,22,3,59817900,3674,11309100,693,16343
2427,9,0,22,3,59839260,3674,11309100,693,16352
2428,8,0,22,3,59869320,3674,11309100,693,16360
2429,4,0,22,3,59881920,3673,11309100,692,16364
2430,4,0,21,4,59900340,3673,11309100,692,16368
2431,11,0,21,4,59940840,3673,11309100,692,16379
2432,7,0,20,5,59958240,3673,11309100,691,16386
2433,11,0,25,0,59970240,3672,11309820,691,16397
2434,12,0,23,2,60011520,3672,11309820,691,16409
2435,15,3,25,0,60042660,3671,11311320,690,16424
2436,5,0,21,4,60077400,3671,11317440,690,16429
2437,11,0,24,1,60099060,3670,11319540,690,16440
2438,10,0,22,3,60133380,3670,11319540,689,16450
2439,8,0,24,1,60148980,3669,11319540,689,16458
2440,2,0,20,5,60183780,3670,11319540,689,16460
2441,4,0,17,8,60215580,3670,11319540,689,16464
2442,4,0,18,7,60222600,3670,11319540,689,16468
2443,5,0,21,4,60229560,3670,11319540,688,16473
2444,7,0,21,4,60247980,3670,11319540,688,16480
2445,8,1,25,0,60252000,3669,11319540,688,16488
2446,10,3,25,0,60289260,3670,11323560,688,16498
2447,0,0,18,7,60336120,3670,11327340,688,16498
2448,5,0,19,6,60351660,3670,11327340,688,16503
2449,5,0,19,6,60372240,3670,11327340,687,16508
2450,3,0,17,8,60383400,3670,11327340,687,16511
2451,5,0,17,8,60396960,3670,11327340,687,16516
2452,5,0,18,7,60405480,3669,11327340,687,16521
2453,4,0,20,5,60412320,3669,11327340,687,16525
2454,9,0,21,4,60435480,3669,11327340,686,16534
2455,6,0,19,6,60460440,3669,11327340,686,16540
2456,6,0,20,5,60470700,3668,11327340,686,16546
2457,8,0,22,3,60500100,3669,11327340,686,16554
2458,10,1,25,0,60521520,3669,11327880,685,16564
2459,4,0,23,2,60553140,3669,11330700,685,16568
2460,8,0,22,3,60579240,3669,11330700,685,16576
2461,12,0,24,1,60610440,3668,11330700,684,16588
2462,15,4,25,0,60648540,3668,11332500,684,16603
2463,9,3,25,0,60680460,3668,11338080,684,16612
2464,5,1,25,0,60712620,3668,11346720,684,16617
2465,12,2,25,0,60755880,3669,11347140,684,16629
2466,11,4,25,0,60790740,3669,11353440,684,16640
2467,6,0,20,5,60831840,3668,11359800,684,16646
2468,2,0,18,7,60849960,3668,11359800,684,16648
2469,3,0,18,7,60858240,3668,11359800,683,16651
2470,2,0,18,7,60871440,3668,11359800,683,16653
2471,3,0,18,7,60883080,3668,11359800,683,16656
2472,5,0,22,3,60890100,3668,11359800,683,16661
2473,5,0,21,4,60913980,3669,11359800,683,16666
2474,8,0,21,4,60938760,3668,11359800,683,16674
2475,6,0,21,4,60953340,3668,11359800,682,16680
2476,5,0,18,7,60986100,3668,11359800,682,16685
2477,6,0,17,8,60994980,3667,11359800,682,16691
2478,7,0,19,6,61011540,3667,11359800,682,16698
2479,8,0,23,2,61022280,3667,11359800,681,16706
2480,11,6,22,3,61049400,3667,11362620,681,16717
2481,14,15,23,2,61078980,3668,11370360,681,16731
2482,7,16,25,0,61104660,3669,11382120,681,16738
2483,10,18,25,0,61132920,3669,11413080,683,16748
2484,18,27,25,0,61176600,3669,11419740,682,16766
2485,11,32,25,0,61209960,3670,11426220,682,16777
2486,12,36,25,0,61249020,3670,11474400,685,16789
2487,7,32,25,0,61296060,3671,11547840,689,16796
2488,5,21,25,0,61331760,3669,11723340,699,16801
2489,1,0,18,7,61375140,3666,12079320,720,16802
2490,6,0,20,5,61388880,3666,12079320,720,16808
2491,6,0,20,5,61401720,3665,12079320,720,16814
2492,4,0,19,6,61423260,3665,12079320,720,16818
2493,8,0,22,3,61438440,3665,12079320,719,16826
2494,6,0,22,3,61461960,3665,12079320,719,16832
2495,3,0,20,5,61483260,3665,12079320,719,16835
2496,3,0,18,7,61503060,3665,12079320,719,16838
2497,1,0,17,8,61516020,3666,12079320,719,16839
2498,1,0,17,8,61524180,3666,12079320,719,16840
2499,4,0,20,5,61527660,3666,12079320,718,16844
2500,6,0,19,6,61549440,3666,12079320,718,16850
2501,4,0,19,6,61563060,3666,12079320,718,16854
2502,3,0,17,8,61581120,3666,12079320,718,16857
2503,8,0,19,6,61597080,3665,12079320,718,16865
2504,7,0,24,1,61602240,3665,12079320,717,16872
2505,7,0,22,3,61631760,3665,12079320,717,16879
2506,5,0,20,5,61664040,3665,12079320,717,16884
2507,10,0,23,2,61688400,3665,12079320,716,16894
2508,15,6,25,0,61707960,3665,12080940,716,16909
2509,6,6,25,0,61730640,3665,12087420,716,16915
2510,7,0,21,4,61793160,3665,12116220,717,16922
2511,9,0,23,2,61807680,3664,12116220,717,16931
2512,8,0,21,4,61846740,3664,12116220,717,16939
2513,8,1,25,0,61860780,3665,12116220,716,16947
2514,8,1,25,0,61888440,3665,12117780,716,16955
2515,5,0,18,7,61937040,3665,12118320,716,16960
2516,3,0,19,6,61943760,3665,12118320,716,16963
2517,1,0,18,7,61958100,3665,12118320,716,16964
2518,6,0,18,7,61980600,3665,12118320,715,16970
2519,5,0,17,8,61994100,3665,12118320,715,16975
2520,3,0,17,8,62003580,3664,12118320,715,16978
2521,1,0,18,7,62003580,3664,12118320,715,16979
2522,4,0,17,8,62015640,3664,12118320,715,16983
2523,1,0,17,8,62028360,3665,12118320,715,16984
2524,5,0,18,7,62036700,3664,12118320,715,16989
2525,4,0,21,4,62039580,3664,12118320,714,16993
2526,6,0,22,3,62060160,3664,12118320,714,16999
2527,4,0,18,7,62085660,3664,12118320,714,17003
2528,6,0,21,4,62089740,3664,12118320,714,17009
2529,6,0,25,0,62106420,3664,12118320,714,17015
2530,7,0,25,0,62140320,3665,12118860,713,17022
2531,7,1,25,0,62161200,3665,12119040,713,17029
2532,11,2,25,0,62191860,3664,12120540,713,17040
2533,11,3,25,0,62247060,3665,12129600,713,17051
2534,12,5,25,0,62286600,3666,12135600,713,17063
2535,14,13,25,0,62305680,3665,12142380,712,17077
2536,11,18,22,3,62354760,3666,12151920,712,17088
2537,9,25,22,3,62365500,3667,12155640,712,17097
2538,12,29,25,0,62397480,3667,12186240,714,17109
2539,9,32,25,0,62439180,3669,12206820,714,17118
2540,5,30,25,0,62475540,3669,12240180,716,17123
2541,5,25,25,0,62514900,3669,12310800,720,17128
2542,2,19,25,0,62544540,3669,12464520,729,17130
2543,8,0,20,5,62599380,3666,12853800,751,17138
2544,2,0,19,6,62608920,3666,12853800,751,17140
2545,6,0,22,3,62621400,3666,12853800,751,17146
2546,3,0,19,6,62646660,3666,12853800,751,17149
2547,9,0,20,5,62665680,3665,12853800,751,17158
2548,6,0,22,3,62676720,3665,12853800,750,17164
2549,7,0,23,2,62698380,3665,12853800,750,17171
2550,5,0,22,3,62718660,3665,12853800,750,17176
2551,11,0,25,0,62741940,3665,12854100,749,17187
2552,10,5,25,0,62765220,3665,12855240,749,17197
2553,9,6,25,0,62804280,3665,12864480,749,17206
2554,6,0,24,1,62848320,3665,12884820,750,17212
2555,9,0,21,4,62884020,3665,12885540,750,17221
2556,13,0,24,1,62912460,3664,12885540,749,17234
2557,8,0,22,3,62937300,3664,12885720,749,17242
2558,11,4,25,0,62955300,3664,12887040,748,17253
2559,7,2,25,0,63000660,3664,12899640,749,17260
2560,12,8,25,0,63024300,3665,12902520,748,17272
2561,12,17,23,2,63056220,3665,12907500,748,17284
2562,10,21,24,1,63097740,3667,12921540,749,17294
2563,8,26,25,0,63111000,3667,12924420,749,17302
2564,12,29,25,0,63171480,3669,12972000,751,17314
2565,2,23,25,0,63204300,3669,13064880,756,17316
2566,4,18,25,0,63237480,3669,13119360,759,17320
2567,2,1,25,0,63281820,3667,13414380,776,17322
2568,7,0,19,6,63308520,3666,13436880,777,17329
2569,8,0,21,4,63323760,3666,13436880,776,17337
2570,2,0,19,6,63338760,3666,13436880,776,17339
2571,7,0,21,4,63352800,3665,13436880,776,17346
2572,4,0,21,4,63374700,3666,13436880,776,17350
2573,1,0,17,8,63400500,3666,13436880,776,17351
2574,8,0,21,4,63411240,3666,13436880,775,17359
2575,4,0,23,2,63414600,3666,13436880,775,17363
2576,4,0,21,4,63439680,3666,13437240,775,17367
2577,13,2,25,0,63471240,3666,13438320,775,17380
2578,10,3,25,0,63508980,3667,13445100,775,17390
2579,9,2,25,0,63538860,3666,13448220,774,17399
2580,14,7,25,0,63579000,3667,13449420,774,17413
2581,8,7,25,0,63618240,3667,13457520,774,17421
2582,11,10,25,0,63654060,3667,13468020,774,17432
2583,10,5,25,0,63697440,3667,13518840,777,17442
2584,8,6,22,3,63717000,3666,13536900,777,17450
2585,3,2,23,2,63752580,3667,13552080,778,17453
2586,8,0,21,4,63790020,3666,13574160,779,17461
2587,7,0,21,4,63811020,3666,13574160,779,17468
2588,6,0,22,3,63832380,3666,13574160,778,17474
2589,4,0,20,5,63852240,3666,13574160,778,17478
2590,3,0,19,6,63867120,3666,13574160,778,17481
2591,6,0,22,3,63875940,3666,13574160,778,17487
2592,7,1,23,2,63904200,3666,13576920,778,17494
2593,6,0,21,4,63940020,3667,13579440,777,17500
2594,5,0,19,6,63972180,3667,13579500,777,17505
2595,4,0,20,5,63979620,3667,13579500,777,17509
2596,6,0,23,2,63989460,3667,13579500,777,17515
2597,2,0,21,4,64007940,3667,13579500,777,17517
2598,7,0,23,2,64033320,3667,13579500,776,17524
2599,10,0,21,4,64077720,3667,13579500,776,17534
2600,5,0,21,4,64099800,3668,13579500,776,17539
2601,7,0,20,5,64125240,3667,13579500,775,17546
2602,10,0,22,3,64144260,3667,13579500,775,17556
2603,5,0,20,5,64170420,3667,13579500,775,17561
2604,15,1,25,0,64187040,3666,13579800,774,17576
2605,8,0,25,0,64217100,3666,13580400,774,17584
2606,10,4,25,0,64239420,3666,13582440,773,17594
2607,13,15,22,3,64263720,3666,13587180,773,17607
2608,9,19,22,3,64301340,3667,13602600,774,17616
2609,5,22,21,4,64318800,3668,13609740,774,17621
2610,9,23,25,0,64349160,3668,13638600,775,17630
2611,7,25,25,0,64379760,3669,13669620,776,17637
2612,7,22,25,0,64430880,3670,13712820,779,17644
2613,5,21,25,0,64454700,3670,13746060,780,17649
2614,8,13,25,0,64506600,3670,13923780,790,17657
2615,7,8,25,0,64525320,3668,14040000,796,17664
2616,8,0,22,3,64568640,3667,14188740,804,17672
2617,3,0,20,5,64591500,3667,14188740,804,17675
2618,3,0,19,6,64609080,3667,14188740,804,17678
2619,3,0,19,6,64623660,3667,14188740,804,17681
2620,4,0,21,4,64635600,3668,14188740,804,17685
2621,3,0,21,4,64644420,3667,14188740,804,17688
2622,5,0,21,4,64668420,3668,14188740,803,17693
2623,10,0,25,0,64693500,3668,14188740,803,17703
2624,11,3,25,0,64720380,3668,14191680,803,17714
2625,6,0,23,2,64748760,3667,14201520,803,17720
2626,9,0,22,3,64787220,3667,14201520,802,17729
2627,10,0,25,0,64812660,3667,14201520,802,17739
2628,14,6,25,0,64839360,3667,14203380,802,17753
2629,10,9,25,0,64865580,3667,14209560,801,17763
2630,3,4,25,0,64915440,3668,14234880,803,17766
2631,4,0,24,1,64940280,3668,14259540,804,17770
2632,10,0,23,2,64986840,3668,14259540,803,17780
2633,7,0,24,1,65010840,3668,14260260,803,17787
2634,9,1,25,0,65041200,3669,14260260,803,17796
2635,7,2,24,1,65070600,3669,14261820,803,17803
2636,7,0,24,1,65102160,3669,14264880,802,17810
2637,5,0,20,5,65153880,3670,14264880,802,17815
2638,8,0,21,4,65168640,3669,14265000,802,17823
2639,5,0,20,5,65191380,3669,14265000,802,17828
2640,5,0,20,5,65215200,3669,14265000,801,17833
2641,7,0,21,4,65231640,3669,14265000,801,17840
2642,4,0,23,2,65241060,3669,14265000,801,17844
2643,9,0,24,1,65275500,3670,14265300,800,17853
2644,3,0,19,6,65313840,3670,14265300,800,17856
2645,7,0,22,3,65321760,3670,14265300,800,17863
2646,4,0,18,7,65358660,3670,14265300,800,17867
2647,4,0,21,4,65361480,3670,14265300,800,17871
2648,9,0,22,3,65381940,3670,14265300,799,17880
2649,7,0,21,4,65407800,3669,14265300,799,17887
2650,11,0,23,2,65434800,3669,14265600,798,17898
2651,11,0,25,0,65470260,3669,14267700,798,17909
2652,7,0,19,6,65508000,3669,14267760,798,17916
2653,8,0,24,1,65516700,3668,14267760,797,17924
2654,15,8,25,0,65539500,3669,14270100,797,17939
2655,9,12,23,2,65572440,3669,14278020,797,17948
2656,7,12,25,0,65607120,3670,14294460,798,17955
2657,6,2,25,0,65650200,3669,14357820,801,17961
2658,8,0,23,2,65682480,3668,14379180,802,17969
2659,7,0,22,3,65711820,3668,14379180,801,17976
2660,4,0,20,5,65731980,3668,14379180,801,17980
2661,3,0,18,7,65750340,3668,14379180,801,17983
2662,5,0,19,6,65761860,3668,14379180,801,17988
2663,2,0,17,8,65779920,3668,14379180,801,17990
2664,3,0,18,7,65789640,3668,14379180,801,17993
2665,5,0,19,6,65799840,3668,14379180,800,17998
2666,3,0,19,6,65811780,3668,14379180,800,18001
2667,2,0,17,8,65825580,3668,14379180,800,18003
2668,2,0,17,8,65830980,3668,14379180,800,18005
2669,4,0,19,6,65840400,3668,14379180,800,18009
2670,4,0,20,5,65854680,3668,14379180,800,18013
2671,9,0,23,2,65867220,3668,14379180,799,18022
2672,9,0,24,1,65896020,3668,14380260,799,18031
2673,8,0,25,0,65921460,3668,14380260,799,18039
2674,10,4,25,0,65953380,3668,14382840,798,18049
2675,6,0,23,2,65993280,3668,14392500,799,18055
2676,9,2,25,0,66012480,3668,14393160,798,18064
2677,9,0,24,1,66053100,3668,14394660,798,18073
2678,9,2,25,0,66076980,3668,14395620,798,18082
2679,10,0,24,1,66120780,3668,14400540,797,18092
2680,5,0,20,5,66145500,3667,14400540,797,18097
2681,10,1,25,0,66158880,3667,14400540,797,18107
2682,6,1,25,0,66181560,3667,14403960,797,18113
2683,4,0,20,5,66226020,3668,14406540,797,18117
2684,5,0,19,6,66251760,3668,14406540,796,18122
2685,8,0,21,4,66274500,3668,14406540,796,18130
2686,4,0,19,6,66288900,3668,14406540,796,18134
2687,4,0,17,8,66305760,3667,14406540,796,18138

