Hour,Arrivals,Waiting,Treating,Available Rooms,Total Treatment Time,Average Treatment Time,Total Wait Time,Average Wait Time,Total Arrivals
1,6,0,3,22,3480,1160,0,0,6
2,4,0,3,22,9480,1354,0,0,10
3,7,0,3,22,28980,2070,0,0,17
4,5,0,5,20,35820,2107,0,0,22
5,7,0,8,17,47400,2257,0,0,29
6,12,0,11,14,87900,2930,0,0,41
7,9,0,15,10,107520,3072,0,0,50
8,7,0,7,18,151620,3032,0,0,57
9,8,0,8,17,178320,3128,0,0,65
10,3,0,7,18,194940,3195,0,0,68
11,9,0,8,17,230520,3340,0,0,77
12,9,0,10,15,258780,3405,0,0,86
13,17,0,16,9,281160,3231,0,0,103
14,6,0,9,16,319740,3197,0,0,109
15,18,0,13,12,385560,3382,0,0,127
16,10,0,12,13,421020,3368,0,0,137
17,8,0,13,12,456960,3461,0,0,145
18,5,0,8,17,507000,3570,0,0,150
19,7,0,7,18,538920,3592,0,0,157
20,8,0,8,17,568560,3621,0,0,165
21,5,0,7,18,590160,3620,0,0,170
22,5,0,6,19,624960,3697,0,0,175
23,6,0,7,18,647820,3723,0,0,181
24,5,0,10,15,657780,3737,0,0,186
25,5,0,6,19,699900,3783,0,0,191
26,6,0,7,18,728160,3832,0,0,197
27,4,0,6,19,746880,3830,0,0,201
28,5,0,5,20,776520,3863,0,0,206
29,4,0,4,21,789780,3833,0,0,210
30,3,0,3,22,805620,3836,0,0,213
31,8,0,5,20,827580,3831,0,0,221
32,12,0,11,14,836280,3767,0,0,233
33,8,0,10,15,866640,3751,0,0,241
34,11,0,12,13,896580,3735,0,0,252
35,11,0,11,14,949560,3768,0,0,263
36,14,0,15,10,972060,3710,0,0,277
37,9,0,10,15,1026000,3717,0,0,286
38,10,0,11,14,1060260,3720,0,0,296
39,13,0,11,14,1107000,3714,0,0,309
40,15,0,10,15,1148940,3659,0,0,324
41,6,0,9,16,1180740,3678,0,0,330
42,4,0,6,19,1209660,3687,0,0,334
43,11,0,11,14,1228980,3679,0,0,345
44,2,0,4,21,1270620,3704,0,0,347
45,7,0,7,18,1296780,3737,0,0,354
46,3,0,7,18,1308840,3739,0,0,357
47,3,0,2,23,1332540,3722,0,0,360
48,8,0,4,21,1355040,3722,0,0,368
49,3,0,3,22,1369140,3720,0,0,371
50,2,0,2,23,1376040,3709,0,0,373
51,9,0,10,15,1378200,3704,0,0,382
52,11,0,9,16,1397820,3640,0,0,393
53,11,0,9,16,1438980,3642,0,0,404
54,4,0,6,19,1466220,3647,0,0,408
55,10,0,6,19,1494300,3626,0,0,418
56,15,0,12,13,1524540,3621,0,0,433
57,10,0,13,12,1548900,3602,0,0,443
58,12,0,12,13,1590780,3590,0,0,455
59,19,0,19,6,1640160,3604,0,0,474
60,13,0,15,10,1697820,3597,0,0,487
61,11,0,15,10,1733460,3588,0,0,498
62,9,0,11,14,1795560,3620,0,0,507
63,11,0,16,9,1832160,3649,0,0,518
64,18,0,20,5,1879920,3643,0,0,536
65,8,0,6,19,1964580,3651,0,0,544
66,12,0,10,15,1995120,3654,0,0,556
67,13,0,10,15,2032080,3635,0,0,569
68,5,0,7,18,2073840,3657,0,0,574
69,5,0,6,19,2099820,3664,0,0,579
70,6,0,4,21,2124720,3657,0,0,585
71,12,0,7,18,2144640,3634,0,0,597
72,12,0,10,15,2167860,3619,0,0,609
73,5,0,7,18,2198460,3621,0,0,614
74,7,0,9,16,2216040,3620,0,0,621
75,4,0,4,21,2256900,3634,0,0,625
76,3,0,2,23,2280060,3642,0,0,628
77,9,0,4,21,2292300,3621,0,0,637
78,9,0,7,18,2300460,3600,0,0,646
79,8,0,9,16,2326200,3606,0,0,654
80,10,0,10,15,2353800,3599,0,0,664
81,13,0,12,13,2386380,3588,0,0,677
82,11,0,10,15,2432220,3587,0,0,688
83,9,0,9,16,2470140,3590,0,0,697
84,10,0,11,14,2499600,3591,0,0,707
85,8,0,5,20,2536260,3572,0,0,715
86,6,0,6,19,2563860,3585,0,0,721
87,12,0,14,11,2570460,3575,0,0,733
88,14,0,13,12,2623800,3574,0,0,747
89,7,0,8,17,2674080,3584,0,0,754
90,9,0,10,15,2706000,3593,0,0,763
91,11,0,12,13,2736060,3590,0,0,774
92,5,0,7,18,2786700,3609,0,0,779
93,4,0,5,20,2815440,3618,0,0,783
94,3,0,2,23,2841720,3624,0,0,786
95,8,0,9,16,2844840,3624,0,0,794
96,6,0,11,14,2852700,3615,0,0,800
97,2,0,1,24,2908500,3631,0,0,802
98,2,0,2,23,2911560,3630,0,0,804
99,11,0,7,18,2920200,3614,0,0,815
100,4,0,6,19,2942400,3619,0,0,819
101,5,0,5,20,2973360,3630,0,0,824
102,7,0,3,22,2998980,3621,0,0,831
103,14,0,9,16,3011220,3601,0,0,845
104,8,0,8,17,3037020,3594,0,0,853
105,11,0,12,13,3072720,3606,0,0,864
106,12,0,16,9,3101580,3606,0,0,876
107,17,0,18,7,3150960,3601,0,0,893
108,11,0,16,9,3202380,3606,0,0,904
109,11,0,12,13,3271800,3623,0,0,915
110,12,0,14,11,3308880,3624,0,0,927
111,11,0,11,14,3352800,3616,0,0,938
112,18,0,17,8,3398820,3619,0,0,956
113,5,0,6,19,3470280,3633,0,0,961
114,10,0,6,19,3506940,3634,0,0,971
115,7,0,5,20,3528660,3626,0,0,978
116,8,0,6,19,3544440,3616,0,0,986
117,8,0,9,16,3565080,3619,0,0,994
118,3,0,2,23,3602280,3620,0,0,997
119,4,0,4,21,3615360,3626,0,0,1001
120,3,0,2,23,3631380,3624,0,0,1004
121,2,0,4,21,3631380,3624,0,0,1006
122,5,0,3,22,3649020,3620,0,0,1011
123,6,0,7,18,3658620,3622,0,0,1017
124,3,0,2,23,3686760,3621,0,0,1020
125,5,0,3,22,3701460,3621,0,0,1025
126,3,0,2,23,3711720,3617,0,0,1028
127,10,0,10,15,3713940,3612,0,0,1038
128,8,0,12,13,3734040,3611,0,0,1046
129,10,0,11,14,3785100,3622,0,0,1056
130,9,0,9,16,3814440,3612,0,0,1065
131,3,0,4,21,3853680,3621,0,0,1068
132,12,0,11,14,3878880,3628,0,0,1080
133,10,0,13,12,3899040,3620,0,0,1090
134,5,0,7,18,3939120,3620,0,0,1095
135,11,0,8,17,3975600,3620,0,0,1106
136,12,0,13,12,3997980,3618,0,0,1118
137,9,0,9,16,4042800,3616,0,0,1127
138,15,0,15,10,4087560,3626,0,0,1142
139,10,0,11,14,4141320,3629,0,0,1152
140,11,0,12,13,4176360,3628,0,0,1163
141,6,0,6,19,4218480,3627,0,0,1169
142,3,0,4,21,4242900,3632,0,0,1172
143,3,0,1,24,4266720,3634,0,0,1175
144,6,0,4,21,4270500,3628,0,0,1181
145,3,0,5,20,4276620,3627,0,0,1184
146,6,0,3,22,4307820,3629,0,0,1190
147,5,0,1,24,4329780,3626,0,0,1195
148,3,0,3,22,4334940,3627,0,0,1198
149,2,0,1,24,4347600,3626,0,0,1200
150,8,0,4,21,4356540,3618,0,0,1208
151,13,0,11,14,4364580,3607,0,0,1221
152,9,0,9,16,4405080,3607,0,0,1230
153,10,0,12,13,4437000,3613,0,0,1240
154,11,0,11,14,4469280,3604,0,0,1251
155,2,0,3,22,4518060,3614,0,0,1253
156,9,0,4,21,4545960,3613,0,0,1262
157,17,0,14,11,4555500,3601,0,0,1279
158,11,0,15,10,4585620,3596,0,0,1290
159,8,0,6,19,4661400,3607,0,0,1298
160,6,0,6,19,4681020,3606,0,0,1304
161,9,0,8,17,4701420,3602,0,0,1313
162,10,0,9,16,4714500,3587,0,0,1323
163,4,0,6,19,4760520,3603,0,0,1327
164,7,0,3,22,4793220,3601,0,0,1334
165,3,0,4,21,4798980,3600,0,0,1337
166,4,0,4,21,4815780,3601,0,0,1341
167,6,0,5,20,4826940,3596,0,0,1347
168,2,0,4,21,4841100,3599,0,0,1349
169,4,0,2,23,4866900,3602,0,0,1353
170,5,0,5,20,4871580,3600,0,0,1358
171,6,0,8,17,4874100,3594,0,0,1364
172,2,0,2,23,4908660,3598,0,0,1366
173,3,0,4,21,4919280,3603,0,0,1369
174,14,0,11,14,4930560,3593,0,0,1383
175,8,0,7,18,4975800,3595,0,0,1391
176,6,0,5,20,5011200,3600,0,0,1397
177,11,0,7,18,5037600,3595,0,0,1408
178,13,0,10,15,5060940,3586,0,0,1421
179,11,0,10,15,5091300,3580,0,0,1432
180,14,0,14,11,5123760,3578,0,0,1446
181,7,0,7,18,5171820,3576,0,0,1453
182,10,0,8,17,5201340,3574,0,0,1463
183,10,0,11,14,5228040,3575,0,0,1473
184,11,0,13,12,5263140,3577,0,0,1484
185,9,0,10,15,5300460,3574,0,0,1493
186,15,0,14,11,5339340,3573,0,0,1508
187,7,0,8,17,5387100,3574,0,0,1515
188,7,0,6,19,5435100,3585,0,0,1522
189,5,0,7,18,5446380,3583,0,0,1527
190,8,0,6,19,5480580,3584,0,0,1535
191,10,0,8,17,5501100,3579,0,0,1545
192,6,0,6,19,5530560,3579,0,0,1551
193,3,0,4,21,5558760,3586,0,0,1554
194,7,0,4,21,5575680,3581,0,0,1561
195,7,0,7,18,5586480,3578,0,0,1568
196,6,0,6,19,5608080,3576,0,0,1574
197,7,0,9,16,5628360,3580,0,0,1581
198,5,0,5,20,5666820,3584,0,0,1586
199,6,0,6,19,5690160,3587,0,0,1592
200,15,0,8,17,5713920,3573,0,0,1607
201,7,0,9,16,5733960,3572,0,0,1614
202,10,0,8,17,5770560,3570,0,0,1624
203,7,0,10,15,5791260,3572,0,0,1631
204,13,0,15,10,5827500,3577,0,0,1644
205,14,0,15,10,5886960,3583,0,0,1658
206,14,0,15,10,5938320,3583,0,0,1672
207,9,0,14,11,5977320,3585,0,0,1681
208,8,0,11,14,6034440,3596,0,0,1689
209,9,0,9,16,6086700,3603,0,0,1698
210,9,0,11,14,6106380,3600,0,0,1707
211,9,0,11,14,6145440,3604,0,0,1716
212,9,0,9,16,6189120,3606,0,0,1725
213,5,0,7,18,6224040,3612,0,0,1730
214,11,0,8,17,6262320,3613,0,0,1741
215,6,0,6,19,6296040,3616,0,0,1747
216,4,0,6,19,6314700,3618,0,0,1751
217,5,0,9,16,6324420,3620,0,0,1756
218,4,0,5,20,6359520,3623,0,0,1760
219,6,0,9,16,6369180,3625,0,0,1766
220,5,0,8,17,6404520,3632,0,0,1771
221,11,0,10,15,6434640,3631,0,0,1782
222,8,0,8,17,6471180,3631,0,0,1790
223,10,0,10,15,6494580,3628,0,0,1800
224,6,0,9,16,6520440,3628,0,0,1806
225,13,0,12,13,6553440,3626,0,0,1819
226,12,0,14,11,6582240,3622,0,0,1831
227,8,0,11,14,6636180,3630,0,0,1839
228,10,0,10,15,6683700,3634,0,0,1849
229,17,0,15,10,6723420,3632,0,0,1866
230,11,0,12,13,6760440,3624,0,0,1877
231,11,0,9,16,6821880,3630,0,0,1888
232,12,0,14,11,6843300,3628,0,0,1900
233,5,0,7,18,6883440,3626,0,0,1905
234,6,0,5,20,6913200,3627,0,0,1911
235,10,0,9,16,6927600,3623,0,0,1921
236,6,0,10,15,6938460,3619,0,0,1927
237,6,0,6,19,6977880,3621,0,0,1933
238,5,0,5,20,7004400,3623,0,0,1938
239,4,0,5,20,7015260,3621,0,0,1942
240,3,0,4,21,7033860,3623,0,0,1945
241,3,0,3,22,7046640,3622,0,0,1948
242,6,0,4,21,7058880,3619,0,0,1954
243,6,0,5,20,7073580,3618,0,0,1960
244,8,0,6,19,7094820,3616,0,0,1968
245,8,0,7,18,7105500,3608,0,0,1976
246,10,0,5,20,7144380,3606,0,0,1986
247,5,0,6,19,7157760,3605,0,0,1991
248,8,0,8,17,7183980,3608,0,0,1999
249,10,0,9,16,7220460,3610,0,0,2009
250,10,0,8,17,7248600,3604,0,0,2019
251,6,0,9,16,7274880,3608,0,0,2025
252,15,0,11,14,7305420,3600,0,0,2040
253,12,0,12,13,7337580,3596,0,0,2052
254,12,0,11,14,7376460,3593,0,0,2064
255,11,0,12,13,7412820,3593,0,0,2075
256,8,0,11,14,7448400,3594,0,0,2083
257,8,0,10,15,7487580,3598,0,0,2091
258,10,0,10,15,7526640,3599,0,0,2101
259,2,0,6,19,7540920,3596,0,0,2103
260,8,0,5,20,7584420,3601,0,0,2111
261,6,0,7,18,7594740,3599,0,0,2117
262,4,0,2,23,7634280,3602,0,0,2121
263,4,0,4,21,7640520,3602,0,0,2125
264,4,0,3,22,7653300,3599,0,0,2129
265,5,0,5,20,7666380,3600,0,0,2134
266,4,0,5,20,7676880,3599,0,0,2138
267,3,0,4,21,7691160,3599,0,0,2141
268,5,0,6,19,7702620,3599,0,0,2146
269,11,0,13,12,7728300,3604,0,0,2157
270,5,0,7,18,7762140,3601,0,0,2162
271,11,0,11,14,7789860,3603,0,0,2173
272,5,0,10,15,7808580,3601,0,0,2178
273,10,0,11,14,7857780,3609,0,0,2188
274,13,0,13,12,7904160,3612,0,0,2201
275,10,0,11,14,7943220,3610,0,0,2211
276,9,0,9,16,7975680,3607,0,0,2220
277,10,0,10,15,8007300,3606,0,0,2230
278,7,0,6,19,8046960,3606,0,0,2237
279,12,0,10,15,8074500,3606,0,0,2249
280,6,0,7,18,8092260,3599,0,0,2255
281,5,0,4,21,8126580,3602,0,0,2260
282,7,0,7,18,8134320,3599,0,0,2267
283,5,0,7,18,8162940,3603,0,0,2272
284,11,0,8,17,8192820,3601,0,0,2283
285,4,0,5,20,8217480,3600,0,0,2287
286,6,0,9,16,8230680,3603,0,0,2293
287,8,0,7,18,8282160,3610,0,0,2301
288,7,0,9,16,8297040,3608,0,0,2308
289,6,0,8,17,8325060,3610,0,0,2314
290,4,0,6,19,8360820,3616,0,0,2318
291,7,0,9,16,8381640,3619,0,0,2325
292,4,0,5,20,8415240,3621,0,0,2329
293,7,0,6,19,8441220,3622,0,0,2336
294,6,0,9,16,8452680,3623,0,0,2342
295,3,0,3,22,8491620,3625,0,0,2345
296,11,0,6,19,8510280,3621,0,0,2356
297,15,0,14,11,8527560,3617,0,0,2371
298,7,0,8,17,8571480,3616,0,0,2378
299,11,0,13,12,8596560,3618,0,0,2389
300,14,0,17,8,8626140,3615,0,0,2403
301,17,0,17,8,8702100,3621,0,0,2420
302,9,0,7,18,8768100,3620,0,0,2429
303,4,0,7,18,8785200,3621,0,0,2433
304,11,0,14,11,8803260,3622,0,0,2444
305,5,0,8,17,8856480,3628,0,0,2449
306,12,0,9,16,8899920,3629,0,0,2461
307,6,0,9,16,8919660,3628,0,0,2467
308,6,0,8,17,8953260,3632,0,0,2473
309,6,0,7,18,8970300,3628,0,0,2479
310,4,0,2,23,9010200,3631,0,0,2483
311,2,0,2,23,9022440,3633,0,0,2485
312,3,0,2,23,9027180,3631,0,0,2488
313,3,0,3,22,9033060,3630,0,0,2491
314,8,0,8,17,9042900,3630,0,0,2499
315,3,0,4,21,9066480,3629,0,0,2502
316,6,0,5,20,9090180,3631,0,0,2508
317,6,0,4,21,9100920,3625,0,0,2514
318,10,0,5,20,9120960,3620,0,0,2524
319,7,0,9,16,9137040,3622,0,0,2531
320,13,0,10,15,9168420,3618,0,0,2544
321,14,0,15,10,9204000,3619,0,0,2558
322,16,0,13,12,9273660,3621,0,0,2574
323,7,0,9,16,9313080,3620,0,0,2581
324,8,0,5,20,9366300,3624,0,0,2589
325,8,0,8,17,9375780,3621,0,0,2597
326,6,0,4,21,9415620,3622,0,0,2603
327,7,0,4,21,9429540,3618,0,0,2610
328,11,0,11,14,9445980,3619,0,0,2621
329,7,0,7,18,9485700,3619,0,0,2628
330,8,0,9,16,9518040,3623,0,0,2636
331,10,0,9,16,9543660,3619,0,0,2646
332,7,0,6,19,9584700,3620,0,0,2653
333,7,0,9,16,9608940,3624,0,0,2660
334,5,0,9,16,9632220,3626,0,0,2665
335,10,0,10,15,9663540,3626,0,0,2675
336,4,0,10,15,9685560,3628,0,0,2679
337,5,0,6,19,9737100,3635,0,0,2684
338,5,0,3,22,9772620,3638,0,0,2689
339,5,0,3,22,9787560,3637,0,0,2694
340,8,0,5,20,9805860,3635,0,0,2702
341,8,0,9,16,9814020,3633,0,0,2710
342,7,0,7,18,9838140,3630,0,0,2717
343,7,0,6,19,9871680,3631,0,0,2724
344,12,0,11,14,9898800,3632,0,0,2736
345,11,0,11,14,9935940,3631,0,0,2747
346,12,0,10,15,9972360,3627,0,0,2759
347,8,0,9,16,10006140,3628,0,0,2767
348,11,0,11,14,10035000,3626,0,0,2778
349,8,0,10,15,10068960,3627,0,0,2786
350,10,0,5,20,10124100,3627,0,0,2796
351,15,0,13,12,10139820,3623,0,0,2811
352,14,0,13,12,10179120,3619,0,0,2825
353,12,0,12,13,10209120,3613,0,0,2837
354,10,0,8,17,10259880,3613,0,0,2847
355,9,0,11,14,10274580,3611,0,0,2856
356,9,0,8,17,10324380,3613,0,0,2865
357,10,0,6,19,10363020,3612,0,0,2875
358,7,0,6,19,10382580,3610,0,0,2882
359,10,0,8,17,10403460,3607,0,0,2892
360,5,0,9,16,10420620,3608,0,0,2897
361,2,0,4,21,10453380,3610,0,0,2899
362,6,0,5,20,10485960,3615,0,0,2905
363,7,0,7,18,10496880,3613,0,0,2912
364,2,0,4,21,10519560,3614,0,0,2914
365,6,0,4,21,10541460,3615,0,0,2920
366,7,0,9,16,10546080,3614,0,0,2927
367,11,0,9,16,10576680,3611,0,0,2938
368,9,0,9,16,10603680,3609,0,0,2947
369,11,0,9,16,10642440,3608,0,0,2958
370,9,0,11,14,10667880,3608,0,0,2967
371,11,0,11,14,10723560,3614,0,0,2978
372,7,0,8,17,10768440,3617,0,0,2985
373,9,0,4,21,10808040,3614,0,0,2994
374,12,0,10,15,10820700,3611,0,0,3006
375,8,0,7,18,10851000,3608,0,0,3014
376,8,0,9,16,10868100,3607,0,0,3022
377,13,0,9,16,10906980,3604,0,0,3035
378,7,0,7,18,10948140,3607,0,0,3042
379,9,0,8,17,10977360,3607,0,0,3051
380,6,0,6,19,11008920,3608,0,0,3057
381,7,0,3,22,11040600,3606,0,0,3064
382,5,0,6,19,11046540,3606,0,0,3069
383,2,0,2,23,11066220,3605,0,0,3071
384,6,0,4,21,11076360,3604,0,0,3077
385,5,0,4,21,11093700,3604,0,0,3082
386,5,0,5,20,11106180,3603,0,0,3087
387,9,0,10,15,11122620,3604,0,0,3096
388,7,0,10,15,11141340,3602,0,0,3103
389,10,0,5,20,11206020,3605,0,0,3113
390,3,0,4,21,11226360,3607,0,0,3116
391,9,0,3,22,11243280,3601,0,0,3125
392,13,0,8,17,11263440,3598,0,0,3138
393,8,0,9,16,11284740,3597,0,0,3146
394,4,0,4,21,11326920,3600,0,0,3150
395,7,0,5,20,11348880,3600,0,0,3157
396,11,0,10,15,11358360,3596,0,0,3168
397,12,0,12,13,11392380,3596,0,0,3180
398,11,0,13,12,11421240,3593,0,0,3191
399,9,0,10,15,11476260,3597,0,0,3200
400,9,0,11,14,11511060,3599,0,0,3209
401,8,0,13,12,11524020,3596,0,0,3217
402,9,0,7,18,11595000,3602,0,0,3226
403,9,0,8,17,11629740,3603,0,0,3235
404,8,0,8,17,11650740,3601,0,0,3243
405,14,0,13,12,11677800,3599,0,0,3257
406,9,0,12,13,11704140,3596,0,0,3266
407,9,0,8,17,11755380,3598,0,0,3275
408,2,0,3,22,11784480,3599,0,0,3277
409,6,0,5,20,11801160,3600,0,0,3283
410,7,0,5,20,11827200,3600,0,0,3290
411,5,0,5,20,11839380,3598,0,0,3295
412,7,0,6,19,11856600,3597,0,0,3302
413,6,0,5,20,11877300,3595,0,0,3308
414,2,0,3,22,11883600,3593,0,0,3310
415,5,0,6,19,11898840,3595,0,0,3315
416,6,0,8,17,11911260,3595,0,0,3321
417,6,0,10,15,11932800,3597,0,0,3327
418,11,0,15,10,11966040,3600,0,0,3338
419,5,0,8,17,12017700,3603,0,0,3343
420,8,0,7,18,12059100,3606,0,0,3351
421,12,0,10,15,12084600,3604,0,0,3363
422,10,0,9,16,12119460,3602,0,0,3373
423,9,0,7,18,12158100,3602,0,0,3382
424,9,0,6,19,12194940,3602,0,0,3391
425,11,0,9,16,12222420,3602,0,0,3402
426,8,0,10,15,12247440,3602,0,0,3410
427,9,0,9,16,12286140,3602,0,0,3419
428,8,0,7,18,12324960,3603,0,0,3427
429,9,0,11,14,12345240,3604,0,0,3436
430,10,0,12,13,12378780,3604,0,0,3446
431,4,0,4,21,12426900,3606,0,0,3450
432,7,0,3,22,12451440,3604,0,0,3457
433,5,0,8,17,12451440,3604,0,0,3462
434,6,0,8,17,12472320,3604,0,0,3468
435,3,0,5,20,12502860,3607,0,0,3471
436,0,0,0,25,12531480,3610,0,0,3471
437,3,0,2,23,12532560,3609,0,0,3474
438,7,0,5,20,12536100,3606,0,0,3481
439,9,0,8,17,12553140,3605,0,0,3490
440,13,0,13,12,12566340,3600,0,0,3503
441,9,0,9,16,12615540,3601,0,0,3512
442,2,0,2,23,12657900,3604,0,0,3514
443,8,0,6,19,12666780,3602,0,0,3522
444,9,0,10,15,12683640,3602,0,0,3531
445,10,0,11,14,12721080,3603,0,0,3541
446,5,0,5,20,12748260,3600,0,0,3546
447,10,0,10,15,12764340,3599,0,0,3556
448,12,0,14,11,12789120,3598,0,0,3568
449,8,0,12,13,12832380,3600,0,0,3576
450,11,0,10,15,12884280,3601,0,0,3587
451,6,0,2,23,12951120,3606,0,0,3593
452,1,0,3,22,12951120,3606,0,0,3594
453,5,0,4,21,12966240,3606,0,0,3599
454,7,0,8,17,12974820,3606,0,0,3606
455,4,0,5,20,12999000,3605,0,0,3610
456,5,0,4,21,13019460,3605,0,0,3615
457,9,0,8,17,13030620,3603,0,0,3624
458,3,0,5,20,13048380,3602,0,0,3627
459,7,0,7,18,13072980,3604,0,0,3634
460,10,0,11,14,13083240,3601,0,0,3644
461,6,0,6,19,13126980,3602,0,0,3650
462,7,0,8,17,13144800,3602,0,0,3657
463,8,0,9,16,13172100,3602,0,0,3665
464,6,0,7,18,13195920,3601,0,0,3671
465,13,0,10,15,13228080,3600,0,0,3684
466,8,0,8,17,13259460,3599,0,0,3692
467,15,0,14,11,13287480,3598,0,0,3707
468,7,0,9,16,13338180,3600,0,0,3714
469,13,0,13,12,13377420,3601,0,0,3727
470,16,0,18,7,13409580,3599,0,0,3743
471,19,0,16,9,13483380,3599,0,0,3762
472,7,0,11,14,13549800,3605,0,0,3769
473,12,0,16,9,13573800,3605,0,0,3781
474,8,0,10,15,13623240,3604,0,0,3789
475,8,0,7,18,13686060,3611,0,0,3797
476,6,0,6,19,13702020,3608,0,0,3803
477,8,0,7,18,13721700,3607,0,0,3811
478,4,0,5,20,13739700,3606,0,0,3815
479,8,0,9,16,13753020,3605,0,0,3823
480,6,0,7,18,13788240,3607,0,0,3829
481,9,0,10,15,13817280,3609,0,0,3838
482,5,0,7,18,13844580,3609,0,0,3843
483,7,0,9,16,13866480,3610,0,0,3850
484,5,0,7,18,13901040,3612,0,0,3855
485,8,0,10,15,13921560,3613,0,0,3863
486,8,0,7,18,13966200,3614,0,0,3871
487,9,0,7,18,13986780,3611,0,0,3880
488,8,0,11,14,14010060,3613,0,0,3888
489,6,0,4,21,14050200,3611,0,0,3894
490,6,0,4,21,14063220,3609,0,0,3900
491,12,0,11,14,14079840,3609,0,0,3912
492,17,0,16,9,14114820,3607,0,0,3929
493,9,0,9,16,14176800,3608,0,0,3938
494,8,0,10,15,14203740,3608,0,0,3946
495,12,0,16,9,14234340,3610,0,0,3958
496,7,0,11,14,14285580,3612,0,0,3965
497,10,0,14,11,14321640,3615,0,0,3975
498,13,0,12,13,14380020,3616,0,0,3988
499,5,0,7,18,14437080,3621,0,0,3993
500,10,0,7,18,14470860,3621,0,0,4003
501,4,0,4,21,14492700,3620,0,0,4007
502,6,0,4,21,14515500,3620,0,0,4013
503,4,0,5,20,14517960,3618,0,0,4017
504,6,0,4,21,14550780,3620,0,0,4023
505,3,0,7,18,14550780,3620,0,0,4026
506,3,0,5,20,14571840,3621,0,0,4029
507,6,0,4,21,14599680,3621,0,0,4035
508,9,0,7,18,14620620,3621,0,0,4044
509,5,0,7,18,14639940,3621,0,0,4049
510,5,0,4,21,14666280,3621,0,0,4054
511,10,0,9,16,14676900,3619,0,0,4064
512,5,0,5,20,14713140,3620,0,0,4069
513,10,0,10,15,14725320,3618,0,0,4079
514,8,0,11,14,14745660,3617,0,0,4087
515,7,0,9,16,14787240,3619,0,0,4094
516,14,0,15,10,14822760,3621,0,0,4108
517,12,0,10,15,14881680,3620,0,0,4120
518,14,0,10,15,14928180,3619,0,0,4134
519,9,0,10,15,14957760,3619,0,0,4143
520,10,0,9,16,15004740,3620,0,0,4153
521,12,0,14,11,15032820,3621,0,0,4165
522,11,0,10,15,15073200,3618,0,0,4176
523,7,0,12,13,15101700,3620,0,0,4183
524,7,0,10,15,15145260,3623,0,0,4190
525,4,0,5,20,15183960,3624,0,0,4194
526,6,0,3,22,15207780,3623,0,0,4200
527,10,0,12,13,15211440,3623,0,0,4210
528,5,0,11,14,15233040,3623,0,0,4215
529,6,0,9,16,15281580,3628,0,0,4221
530,5,0,7,18,15320340,3631,0,0,4226
531,4,0,5,20,15350520,3633,0,0,4230
532,10,0,10,15,15357300,3630,0,0,4240
533,6,0,7,18,15388680,3630,0,0,4246
534,10,0,9,16,15428160,3632,0,0,4256
535,8,0,3,22,15475980,3632,0,0,4264
536,5,0,3,22,15489660,3630,0,0,4269
537,8,0,6,19,15499440,3628,0,0,4277
538,13,0,10,15,15517680,3625,0,0,4290
539,7,0,7,18,15550740,3624,0,0,4297
540,14,0,8,17,15590100,3623,0,0,4311
541,9,0,12,13,15598800,3620,0,0,4320
542,11,0,10,15,15651360,3622,0,0,4331
543,13,0,10,15,15678840,3617,0,0,4344
544,15,0,13,12,15726840,3618,0,0,4359
545,7,0,11,14,15755700,3617,0,0,4366
546,5,0,6,19,15792600,3618,0,0,4371
547,3,0,4,21,15826020,3621,0,0,4374
548,8,0,6,19,15849240,3621,0,0,4382
549,7,0,8,17,15859620,3620,0,0,4389
550,3,0,2,23,15903300,3622,0,0,4392
551,4,0,3,22,15908340,3621,0,0,4396
552,7,0,2,23,15924000,3618,0,0,4403
553,2,0,1,24,15940440,3619,0,0,4405
554,3,0,3,22,15940980,3618,0,0,4408
555,3,0,3,22,15950880,3618,0,0,4411
556,5,0,6,19,15956880,3618,0,0,4416
557,11,0,12,13,15975900,3618,0,0,4427
558,6,0,8,17,16004160,3616,0,0,4433
559,7,0,4,21,16038660,3615,0,0,4440
560,8,0,8,17,16054500,3615,0,0,4448
561,6,0,7,18,16080780,3616,0,0,4454
562,12,0,8,17,16113660,3614,0,0,4466
563,8,0,10,15,16125360,3612,0,0,4474
564,6,0,6,19,16177080,3615,0,0,4480
565,9,0,10,15,16196760,3616,0,0,4489
566,8,0,7,18,16231680,3615,0,0,4497
567,6,0,6,19,16260540,3615,0,0,4503
568,11,0,10,15,16278480,3614,0,0,4514
569,14,0,11,14,16320300,3613,0,0,4528
570,5,0,11,14,16341060,3613,0,0,4533
571,10,0,11,14,16392780,3617,0,0,4543
572,7,0,8,17,16442640,3620,0,0,4550
573,9,0,10,15,16476600,3622,0,0,4559
574,2,0,3,22,16512240,3622,0,0,4561
575,3,0,3,22,16523940,3622,0,0,4564
576,7,0,6,19,16531200,3621,0,0,4571
577,5,0,3,22,16562220,3621,0,0,4576
578,4,0,5,20,16568760,3621,0,0,4580
579,2,0,5,20,16579140,3622,0,0,4582
580,9,0,5,20,16613040,3622,0,0,4591
581,8,0,7,18,16630020,3621,0,0,4599
582,7,0,7,18,16644900,3619,0,0,4606
583,10,0,10,15,16664580,3618,0,0,4616
584,4,0,6,19,16705320,3620,0,0,4620
585,12,0,11,14,16731420,3620,0,0,4632
586,10,0,9,16,16763700,3618,0,0,4642
587,3,0,5,20,16795980,3619,0,0,4645
588,10,0,9,16,16821900,3620,0,0,4655
589,11,0,9,16,16853160,3618,0,0,4666
590,11,0,11,14,16885500,3618,0,0,4677
591,7,0,5,20,16935900,3619,0,0,4684
592,9,0,7,18,16961400,3619,0,0,4693
593,10,0,4,21,16994100,3616,0,0,4703
594,5,0,8,17,16997040,3616,0,0,4708
595,6,0,9,16,17021700,3617,0,0,4714
596,6,0,6,19,17050800,3617,0,0,4720
597,7,0,5,20,17071260,3615,0,0,4727
598,6,0,5,20,17095500,3615,0,0,4733
599,3,0,7,18,17101440,3616,0,0,4736
600,7,0,7,18,17131680,3617,0,0,4743
601,1,0,2,23,17159940,3618,0,0,4744
602,4,0,2,23,17164860,3616,0,0,4748
603,3,0,1,24,17181540,3617,0,0,4751
604,3,0,4,21,17181540,3617,0,0,4754
605,3,0,5,20,17193600,3618,0,0,4757
606,7,0,4,21,17215020,3616,0,0,4764
607,12,0,10,15,17233380,3615,0,0,4776
608,8,0,10,15,17254140,3614,0,0,4784
609,12,0,16,9,17284260,3615,0,0,4796
610,13,0,14,11,17339340,3616,0,0,4809
611,14,0,16,9,17378880,3615,0,0,4823
612,13,0,19,6,17423100,3617,0,0,4836
613,9,0,12,13,17480220,3616,0,0,4845
614,16,0,11,14,17555580,3619,0,0,4861
615,18,0,15,10,17596440,3617,0,0,4879
616,11,0,11,14,17648940,3617,0,0,4890
617,13,0,13,12,17682660,3616,0,0,4903
618,5,0,12,13,17713260,3617,0,0,4908
619,11,0,12,13,17778600,3623,0,0,4919
620,8,0,8,17,17811060,3620,0,0,4927
621,2,0,2,23,17842920,3621,0,0,4929
622,4,0,2,23,17853600,3620,0,0,4933
623,7,0,6,19,17858760,3619,0,0,4940
624,7,0,5,20,17881200,3618,0,0,4947
625,9,0,5,20,17900160,3615,0,0,4956
626,4,0,4,21,17915100,3614,0,0,4960
627,5,0,6,19,17925000,3614,0,0,4965
628,7,0,5,20,17954100,3614,0,0,4972
629,5,0,7,18,17961180,3613,0,0,4977
630,5,0,3,22,17997840,3614,0,0,4982
631,4,0,3,22,18012240,3614,0,0,4986
632,9,0,7,18,18017460,3612,0,0,4995
633,11,0,8,17,18043140,3610,0,0,5006
634,9,0,9,16,18072600,3610,0,0,5015
635,12,0,12,13,18102660,3609,0,0,5027
636,10,0,8,17,18152760,3609,0,0,5037
637,8,0,8,17,18186600,3610,0,0,5045
638,5,0,8,17,18200580,3609,0,0,5050
639,12,0,8,17,18243600,3609,0,0,5062
640,10,0,9,16,18281280,3610,0,0,5072
641,13,0,19,6,18291720,3610,0,0,5085
642,7,0,9,16,18352740,3610,0,0,5092
643,5,0,7,18,18406980,3616,0,0,5097
644,10,0,10,15,18431760,3616,0,0,5107
645,9,0,11,14,18454320,3614,0,0,5116
646,5,0,6,19,18496380,3616,0,0,5121
647,5,0,7,18,18522060,3618,0,0,5126
648,10,0,12,13,18542640,3618,0,0,5136
649,4,0,9,16,18567120,3618,0,0,5140
650,5,0,7,18,18604500,3620,0,0,5145
651,3,0,5,20,18625800,3621,0,0,5148
652,6,0,8,17,18631980,3620,0,0,5154
653,3,0,7,18,18654960,3622,0,0,5157
654,10,0,9,16,18693660,3624,0,0,5167
655,10,0,9,16,18727560,3623,0,0,5177
656,14,0,15,10,18749340,3622,0,0,5191
657,9,0,8,17,18813660,3623,0,0,5200
658,5,0,4,21,18846600,3623,0,0,5205
659,18,0,13,12,18863580,3620,0,0,5223
660,16,0,15,10,18905760,3619,0,0,5239
661,17,0,18,7,18948540,3617,0,0,5256
662,11,0,13,12,19007340,3617,0,0,5267
663,8,0,11,14,19034340,3615,0,0,5275
664,10,0,10,15,19093260,3619,0,0,5285
665,9,0,11,14,19127340,3620,0,0,5294
666,9,0,9,16,19172700,3621,0,0,5303
667,9,0,6,19,19215660,3621,0,0,5312
668,5,0,3,22,19245060,3621,0,0,5317
669,5,0,6,19,19250640,3621,0,0,5322
670,4,0,7,18,19262400,3621,0,0,5326
671,5,0,7,18,19299000,3624,0,0,5331
672,8,0,8,17,19329600,3625,0,0,5339
673,9,0,15,10,19332960,3625,0,0,5348
674,5,0,11,14,19351080,3622,0,0,5353
675,5,0,10,15,19369440,3621,0,0,5358
676,4,0,13,12,19370460,3621,0,0,5362
677,8,0,17,8,19385700,3621,0,0,5370
678,4,0,13,12,19412940,3621,0,0,5374
679,11,0,16,9,19451100,3622,0,0,5385
680,14,0,21,4,19485720,3623,0,0,5399
681,5,0,18,7,19524600,3625,0,0,5404
682,7,0,13,12,19565460,3624,0,0,5411
683,9,0,17,8,19577220,3623,0,0,5420
684,15,0,22,3,19620840,3624,0,0,5435
685,13,3,21,4,19665660,3625,2040,0,5448
686,13,6,25,0,19703640,3628,14820,2,5461
687,14,0,20,5,19797060,3629,37380,6,5475
688,6,0,17,8,19833120,3629,37380,6,5481
689,7,0,18,7,19862940,3631,37380,6,5488
690,7,0,16,9,19905840,3633,37380,6,5495
691,9,0,15,10,19949160,3634,37380,6,5504
692,11,0,17,8,19977660,3633,37380,6,5515
693,7,0,14,11,20014380,3633,37380,6,5522
694,2,0,12,13,20034600,3634,37380,6,5524
695,3,0,11,14,20061000,3636,37380,6,5527
696,4,0,13,12,20062440,3635,37380,6,5531
697,10,0,17,8,20085900,3636,37380,6,5541
698,6,0,15,10,20123280,3637,37380,6,5547
699,3,0,12,13,20156940,3639,37380,6,5550
700,6,0,10,15,20188860,3640,37380,6,5556
701,4,0,10,15,20195520,3638,37380,6,5560
702,7,0,15,10,20209620,3640,37380,6,5567
703,9,0,15,10,20233140,3638,37380,6,5576
704,8,0,16,9,20262900,3639,37380,6,5584
705,6,0,13,12,20291160,3638,37380,6,5590
706,11,0,19,6,20309280,3638,37380,6,5601
707,10,0,17,8,20344980,3636,37380,6,5611
708,14,0,22,3,20376300,3636,37380,6,5625
709,6,0,22,3,20403060,3637,37380,6,5631
710,10,0,15,10,20473140,3639,37380,6,5641
711,12,0,17,8,20507640,3638,37380,6,5653
712,15,0,21,4,20544600,3638,37380,6,5668
713,11,0,14,11,20599260,3636,37380,6,5679
714,10,0,19,6,20616420,3636,37380,6,5689
715,9,0,16,9,20651640,3634,37380,6,5698
716,9,0,15,10,20693640,3635,37380,6,5707
717,6,0,16,9,20711880,3635,37380,6,5713
718,6,0,17,8,20744760,3638,37380,6,5719
719,7,0,13,12,20783580,3637,37380,6,5726
720,5,0,13,12,20812560,3639,37380,6,5731
721,5,0,10,15,20836440,3638,37380,6,5736
722,3,0,10,15,20845440,3638,37380,6,5739
723,5,0,11,14,20858880,3638,37380,6,5744
724,4,0,12,13,20865720,3637,37380,6,5748
725,5,0,13,12,20888160,3639,37380,6,5753
726,6,0,13,12,20913300,3639,37380,6,5759
727,13,0,19,6,20928600,3637,37380,6,5772
728,5,0,16,9,20955480,3637,37380,6,5777
729,14,0,20,5,20996280,3638,37380,6,5791
730,5,0,10,15,21052260,3638,37380,6,5796
731,12,0,18,7,21069480,3638,37380,6,5808
732,12,0,19,6,21100320,3637,37380,6,5820
733,9,0,16,9,21146340,3637,37380,6,5829
734,11,0,12,13,21179400,3634,37380,6,5840
735,10,0,17,8,21202200,3634,37380,6,5850
736,7,0,13,12,21235380,3633,37380,6,5857
737,6,0,13,12,21260100,3634,37380,6,5863
738,13,0,18,7,21289320,3634,37380,6,5876
739,5,0,15,10,21316380,3633,37380,6,5881
740,10,0,16,9,21350160,3634,37380,6,5891
741,3,0,12,13,21383040,3635,37380,6,5894
742,7,0,12,13,21411420,3635,37380,6,5901
743,4,0,10,15,21427740,3634,37380,6,5905
744,7,0,14,11,21435540,3634,37380,6,5912
745,6,0,13,12,21460440,3634,37380,6,5918
746,4,0,12,13,21478740,3634,37380,6,5922
747,0,0,9,16,21496440,3635,37380,6,5922
748,6,0,12,13,21516960,3637,37380,6,5928
749,6,0,14,11,21527760,3636,37380,6,5934
750,7,0,14,11,21554460,3636,37380,6,5941
751,8,0,14,11,21573480,3634,37380,6,5949
752,9,0,16,9,21592140,3633,37380,6,5958
753,11,0,19,6,21616800,3633,37380,6,5969
754,8,0,17,8,21654660,3633,37380,6,5977
755,9,0,15,10,21693300,3633,37380,6,5986
756,12,0,16,9,21716760,3630,37380,6,5998
757,10,0,17,8,21748140,3630,37380,6,6008
758,13,0,21,4,21785700,3630,37380,6,6021
759,10,0,17,8,21838860,3631,37380,6,6031
760,7,0,16,9,21861540,3630,37380,6,6038
761,9,0,13,12,21922860,3633,37380,6,6047
762,9,0,14,11,21941220,3631,37380,6,6056
763,9,0,14,11,21970740,3630,37380,6,6065
764,7,0,15,10,21990420,3630,37380,6,6072
765,9,0,16,9,22015200,3629,37380,6,6081
766,6,0,15,10,22040460,3629,37380,6,6087
767,3,0,11,14,22072140,3630,37380,6,6090
768,3,0,10,15,22090740,3631,37380,6,6093
769,5,0,11,14,22107660,3631,37380,6,6098
770,6,0,13,12,22118460,3631,37380,6,6104
771,6,0,11,14,22141320,3630,37380,6,6110
772,4,0,10,15,22155000,3629,37380,6,6114
773,1,0,8,17,22161720,3628,37380,6,6115
774,5,0,11,14,22173840,3629,37380,6,6120
775,9,0,16,9,22183200,3628,37380,6,6129
776,7,0,15,10,22203420,3627,37380,6,6136
777,11,0,16,9,22240560,3627,37380,6,6147
778,11,0,15,10,22272240,3625,37380,6,6158
779,8,0,13,12,22312500,3626,37380,6,6166
780,10,0,15,10,22335600,3625,37380,6,6176
781,9,0,14,11,22362300,3623,37380,6,6185
782,9,0,17,8,22390140,3624,37380,6,6194
783,18,0,20,5,22418220,3620,37380,6,6212
784,6,0,14,11,22460880,3620,37380,6,6218
785,9,0,14,11,22501440,3621,37380,6,6227
786,10,0,14,11,22518840,3618,37380,5,6237
787,3,0,11,14,22540860,3618,37380,5,6240
788,4,0,11,14,22553640,3618,37380,5,6244
789,9,0,15,10,22558140,3616,37380,5,6253
790,8,0,16,9,22596120,3618,37380,5,6261
791,5,0,15,10,22620060,3618,37380,5,6266
792,1,0,11,14,22650060,3620,37380,5,6267
793,3,0,10,15,22682460,3623,37380,5,6270
794,6,0,13,12,22686840,3622,37380,5,6276
795,6,0,16,9,22697340,3622,37380,5,6282
796,5,0,10,15,22739160,3622,37380,5,6287
797,6,0,11,14,22750860,3621,37380,5,6293
798,9,0,14,11,22765680,3620,37380,5,6302
799,3,0,11,14,22788480,3620,37380,5,6305
800,7,0,15,10,22800060,3620,37380,5,6312
801,12,0,17,8,22829220,3619,37380,5,6324
802,7,0,17,8,22858260,3620,37380,5,6331
803,9,0,20,5,22881360,3620,37380,5,6340
804,16,0,21,4,22939740,3621,37380,5,6356
805,7,0,17,8,22970520,3619,37380,5,6363
806,6,0,13,12,23016420,3621,37380,5,6369
807,13,0,19,6,23038740,3620,37380,5,6382
808,9,0,15,10,23082300,3620,37380,5,6391
809,8,0,15,10,23100360,3618,37380,5,6399
810,7,0,16,9,23137260,3620,37380,5,6406
811,10,0,16,9,23175000,3621,37380,5,6416
812,7,0,15,10,23206020,3621,37380,5,6423
813,8,0,17,8,23225880,3621,37380,5,6431
814,9,0,15,10,23267580,3621,37380,5,6440
815,5,0,12,13,23292540,3620,37380,5,6445
816,5,0,9,16,23322840,3620,37380,5,6450
817,5,0,10,15,23327700,3619,37380,5,6455
818,5,0,10,15,23337000,3618,37380,5,6460
819,8,0,13,12,23349000,3617,37380,5,6468
820,9,0,14,11,23369820,3615,37380,5,6477
821,4,0,11,14,23391300,3615,37380,5,6481
822,11,0,17,8,23404440,3614,37380,5,6492
823,6,0,14,11,23436600,3614,37380,5,6498
824,9,0,15,10,23459820,3613,37380,5,6507
825,13,0,20,5,23486760,3613,37380,5,6520
826,13,0,18,7,23530020,3611,37980,5,6533
827,9,0,16,9,23575920,3612,37980,5,6542
828,11,0,18,7,23609820,3612,37980,5,6553
829,8,0,12,13,23662800,3613,37980,5,6561
830,7,0,13,12,23676300,3611,37980,5,6568
831,6,0,14,11,23699160,3612,37980,5,6574
832,10,0,18,7,23725140,3613,37980,5,6584
833,8,0,17,8,23757120,3613,37980,5,6592
834,7,0,15,10,23783160,3612,37980,5,6599
835,8,0,15,10,23818320,3613,37980,5,6607
836,10,0,19,6,23839200,3613,37980,5,6617
837,10,0,18,7,23884020,3613,37980,5,6627
838,7,0,13,12,23923260,3613,37980,5,6634
839,9,0,13,12,23956080,3613,37980,5,6643
840,6,0,13,12,23988840,3614,37980,5,6649
841,3,0,11,14,24006840,3614,37980,5,6652
842,4,0,10,15,24020820,3614,37980,5,6656
843,6,0,13,12,24028620,3613,37980,5,6662
844,3,0,9,16,24060840,3614,37980,5,6665
845,4,0,11,14,24069600,3615,37980,5,6669
846,5,0,13,12,24074880,3614,37980,5,6674
847,7,0,12,13,24107640,3614,37980,5,6681
848,13,0,14,11,24128580,3612,37980,5,6694
849,9,0,14,11,24158340,3611,37980,5,6703
850,9,0,15,10,24181140,3610,37980,5,6712
851,13,0,22,3,24200460,3610,37980,5,6725
852,8,0,15,10,24250320,3609,37980,5,6733
853,10,0,15,10,24284220,3609,37980,5,6743
854,9,0,17,8,24301380,3608,37980,5,6752
855,13,0,22,3,24337080,3609,37980,5,6765
856,5,0,15,10,24381660,3609,37980,5,6770
857,7,0,12,13,24426900,3610,37980,5,6777
858,8,0,16,9,24443100,3611,37980,5,6785
859,12,0,19,6,24477060,3611,37980,5,6797
860,3,0,12,13,24516960,3611,37980,5,6800
861,12,0,18,7,24536340,3611,37980,5,6812
862,3,0,10,15,24576900,3611,37980,5,6815
863,8,0,13,12,24597840,3612,37980,5,6823
864,6,0,15,10,24609060,3611,37980,5,6829
865,5,0,11,14,24641580,3611,37980,5,6834
866,7,0,13,12,24665760,3612,37980,5,6841
867,2,0,9,16,24688260,3612,37980,5,6843
868,6,0,12,13,24691500,3611,37980,5,6849
869,7,0,14,11,24710640,3611,37980,5,6856
870,11,0,20,5,24727440,3611,37980,5,6867
871,6,0,15,10,24763920,3610,37980,5,6873
872,9,0,19,6,24789180,3612,37980,5,6882
873,14,0,20,5,24843300,3613,39480,5,6896
874,12,0,18,7,24886320,3611,39480,5,6908
875,8,0,17,8,24935280,3614,39480,5,6916
876,10,0,16,9,24979080,3614,39480,5,6926
877,4,0,16,9,24995940,3615,39480,5,6930
878,6,0,13,12,25040220,3616,39480,5,6936
879,14,0,20,5,25070760,3617,39480,5,6950
880,9,0,18,7,25103040,3616,39480,5,6959
881,12,0,19,6,25144440,3616,39480,5,6971
882,10,0,16,9,25193460,3617,39480,5,6981
883,7,0,17,8,25221600,3618,39480,5,6988
884,5,0,11,14,25270920,3619,39480,5,6993
885,11,0,13,12,25305360,3619,39480,5,7004
886,6,0,16,9,25315260,3619,39480,5,7010
887,3,0,11,14,25347780,3620,39480,5,7013
888,5,0,9,16,25372860,3620,39480,5,7018
889,4,0,11,14,25379160,3619,39480,5,7022
890,5,0,13,12,25391340,3620,39480,5,7027
891,7,0,11,14,25422300,3619,39480,5,7034
892,5,0,10,15,25443360,3619,39480,5,7039
893,4,0,11,14,25447980,3618,39480,5,7043
894,4,0,11,14,25461660,3618,39480,5,7047
895,9,0,14,11,25471560,3617,39480,5,7056
896,8,0,16,9,25492920,3617,39480,5,7064
897,12,0,19,6,25519920,3616,39480,5,7076
898,13,0,17,8,25576920,3616,39480,5,7089
899,14,0,25,0,25598280,3616,39480,5,7103
900,11,0,20,5,25660020,3617,39480,5,7114
901,14,0,20,5,25700100,3615,39480,5,7128
902,6,0,16,9,25739940,3616,39480,5,7134
903,13,0,15,10,25792440,3616,39480,5,7147
904,14,0,21,4,25815900,3615,39480,5,7161
905,11,0,21,4,25852320,3615,39480,5,7172
906,10,0,19,6,25908180,3616,39480,5,7182
907,8,0,13,12,25964280,3617,39480,5,7190
908,6,0,11,14,25992480,3617,39480,5,7196
909,4,0,12,13,26006880,3618,39480,5,7200
910,6,0,14,11,26025000,3618,39480,5,7206
911,1,0,12,13,26042400,3619,39480,5,7207
912,4,0,9,16,26075460,3620,39480,5,7211
913,6,0,13,12,26078820,3620,39480,5,7217
914,4,0,13,12,26096160,3620,39480,5,7221
915,5,0,15,10,26108460,3620,39480,5,7226
916,4,0,11,14,26140800,3621,39480,5,7230
917,13,0,14,11,26165640,3619,39480,5,7243
918,5,0,15,10,26174340,3618,39480,5,7248
919,4,0,12,13,26203740,3619,39480,5,7252
920,4,0,12,13,26217120,3619,39480,5,7256
921,14,0,21,4,26232840,3618,39480,5,7270
922,9,0,18,7,26279400,3619,39480,5,7279
923,4,0,10,15,26321700,3619,39480,5,7283
924,14,0,18,7,26342700,3618,39480,5,7297
925,10,0,18,7,26365500,3617,39480,5,7307
926,8,0,15,10,26403480,3616,39480,5,7315
927,5,0,10,15,26444220,3617,39480,5,7320
928,6,0,12,13,26454420,3616,39480,5,7326
929,12,0,22,3,26456940,3616,39480,5,7338
930,9,0,19,6,26490660,3614,39480,5,7347
931,11,0,18,7,26550840,3617,39480,5,7358
932,4,0,11,14,26599860,3618,39480,5,7362
933,7,0,13,12,26612580,3617,39480,5,7369
934,7,0,14,11,26638320,3618,39480,5,7376
935,4,0,12,13,26658900,3618,39480,5,7380
936,8,0,17,8,26669340,3618,39480,5,7388
937,5,0,14,11,26702340,3618,39480,5,7393
938,8,0,13,12,26732580,3618,39480,5,7401
939,11,0,17,8,26745420,3616,39480,5,7412
940,4,0,11,14,26790840,3617,39480,5,7416
941,12,0,17,8,26807760,3617,39480,5,7428
942,10,0,18,7,26836440,3616,39480,5,7438
943,6,0,14,11,26870220,3616,39480,5,7444
944,5,0,14,11,26902200,3618,39480,5,7449
945,15,0,18,7,26935920,3617,39480,5,7464
946,10,0,19,6,26963280,3616,39480,5,7474
947,7,0,18,7,26991120,3616,39480,5,7481
948,16,0,21,4,27053640,3618,39480,5,7497
949,7,0,15,10,27096960,3618,39480,5,7504
950,14,0,19,6,27122220,3616,39480,5,7518
951,8,0,14,11,27165420,3616,39480,5,7526
952,16,0,23,2,27189000,3616,39480,5,7542
953,11,0,17,8,27244320,3615,39480,5,7553
954,7,0,13,12,27279480,3614,39480,5,7560
955,10,0,15,10,27299400,3613,39480,5,7570
956,9,0,18,7,27320940,3613,39480,5,7579
957,6,0,13,12,27365580,3614,39480,5,7585
958,6,0,13,12,27376620,3612,39480,5,7591
959,4,0,12,13,27401040,3613,39480,5,7595
960,3,0,10,15,27415500,3613,39480,5,7598
961,5,0,10,15,27435780,3613,39480,5,7603
962,6,0,12,13,27443700,3612,39480,5,7609
963,4,0,13,12,27458640,3612,39480,5,7613
964,11,0,16,9,27482880,3612,39480,5,7624
965,5,0,15,10,27496920,3611,39480,5,7629
966,9,0,15,10,27546360,3613,39480,5,7638
967,9,0,16,9,27566940,3612,39480,5,7647
968,11,0,17,8,27599520,3612,39480,5,7658
969,9,0,16,9,27637380,3612,39480,5,7667
970,9,0,18,7,27667500,3612,39480,5,7676
971,16,0,23,2,27717420,3614,39480,5,7692
972,10,0,20,5,27766440,3614,39480,5,7702
973,17,4,19,6,27822180,3615,39660,5,7719
974,14,7,24,1,27857820,3616,57180,7,7733
975,13,11,25,0,27903000,3619,73800,9,7746
976,9,1,25,0,27979440,3620,126840,16,7755
977,6,0,14,11,28042140,3619,126900,16,7761
978,15,0,17,8,28087620,3620,126900,16,7776
979,10,0,18,7,28108920,3618,126900,16,7786
980,5,0,12,13,28158780,3619,126900,16,7791
981,6,0,14,11,28174200,3619,126900,16,7797
982,4,0,12,13,28197360,3620,126900,16,7801
983,6,0,15,10,28216680,3621,126900,16,7807
984,6,0,12,13,28252440,3621,126900,16,7813
985,3,0,9,16,28276440,3621,126900,16,7816
986,3,0,10,15,28282500,3621,126900,16,7819
987,2,0,8,17,28294740,3621,126900,16,7821
988,2,0,10,15,28294740,3621,126900,16,7823
989,9,0,14,11,28307400,3620,126900,16,7832
990,12,0,18,7,28332420,3620,126900,16,7844
991,6,0,18,7,28356420,3620,126900,16,7850
992,9,0,16,9,28409700,3622,126900,16,7859
993,14,0,20,5,28439100,3621,126900,16,7873
994,12,0,21,4,28480920,3621,126900,16,7885
995,13,0,16,9,28549560,3622,126900,16,7898
996,13,0,20,5,28577580,3621,126900,16,7911
997,14,0,23,2,28620420,3621,126960,16,7925
998,7,0,16,9,28677120,3622,126960,16,7932
999,18,0,22,3,28721940,3622,126960,15,7950
1000,11,0,17,8,28769100,3621,126960,15,7961
1001,10,0,23,2,28780440,3621,126960,15,7971
1002,9,0,21,4,28833540,3622,126960,15,7980
1003,9,0,17,8,28898880,3625,126960,15,7989
1004,5,0,15,10,28919880,3624,126960,15,7994
1005,11,0,15,10,28962240,3624,126960,15,8005
1006,4,0,11,14,28995660,3625,126960,15,8009
1007,4,0,9,16,29017260,3625,126960,15,8013
1008,10,0,16,9,29023320,3624,126960,15,8023
1009,3,0,13,12,29034300,3623,126960,15,8026
1010,4,0,11,14,29066160,3624,126960,15,8030
1011,3,0,9,16,29083260,3624,126960,15,8033
1012,4,0,11,14,29090340,3624,126960,15,8037
1013,6,0,15,10,29099340,3624,126960,15,8043
1014,5,0,15,10,29118840,3624,126960,15,8048
1015,9,0,17,8,29142900,3624,126960,15,8057
1016,5,0,14,11,29178720,3625,126960,15,8062
1017,15,0,21,4,29217360,3626,126960,15,8077
1018,13,2,25,0,29243880,3626,129480,16,8090
1019,11,0,16,9,29325300,3627,130260,16,8101
1020,15,0,19,6,29362800,3626,130260,16,8116
1021,6,0,13,12,29406660,3626,130260,16,8122
1022,11,0,16,9,29435760,3626,130260,16,8133
1023,10,0,18,7,29460780,3625,130260,15,8143
1024,11,0,22,3,29487300,3626,130260,15,8154
1025,7,0,19,6,29524500,3626,130260,15,8161
1026,7,0,15,10,29567700,3626,130260,15,8168
1027,1,0,10,15,29611920,3629,130260,15,8169
1028,6,0,12,13,29633880,3630,130260,15,8175
1029,5,0,13,12,29646240,3630,130260,15,8180
1030,4,0,11,14,29671200,3630,130260,15,8184
1031,7,0,15,10,29689200,3631,130260,15,8191
1032,7,0,13,12,29720940,3631,130260,15,8198
1033,5,0,10,15,29751300,3631,130260,15,8203
1034,6,0,11,14,29766840,3630,130260,15,8209
1035,10,0,18,7,29779860,3631,130260,15,8219
1036,6,0,15,10,29808480,3630,130260,15,8225
1037,8,0,15,10,29840700,3631,130260,15,8233
1038,12,0,21,4,29868060,3631,130260,15,8245
1039,8,0,16,9,29903820,3630,130260,15,8253
1040,10,0,12,13,29954940,3630,130260,15,8263
1041,12,0,16,9,29978520,3629,130260,15,8275
1042,12,0,20,5,29991180,3627,130260,15,8287
1043,7,0,14,11,30042840,3628,130260,15,8294
1044,16,0,17,8,30072120,3626,130260,15,8310
1045,11,0,18,7,30097080,3624,130260,15,8321
1046,11,0,17,8,30159120,3627,130260,15,8332
1047,13,0,17,8,30192600,3625,130260,15,8345
1048,9,0,15,10,30233880,3625,130260,15,8354
1049,5,0,14,11,30257160,3625,130260,15,8359
1050,7,0,11,14,30296880,3626,130260,15,8366
1051,8,0,15,10,30311700,3626,130260,15,8374
1052,9,0,17,8,30334260,3625,130260,15,8383
1053,10,0,18,7,30361140,3625,130260,15,8393
1054,8,0,17,8,30402960,3626,130260,15,8401
1055,9,0,16,9,30439500,3626,130260,15,8410
1056,6,0,13,12,30482160,3627,130260,15,8416
1057,3,0,11,14,30504600,3628,130260,15,8419
1058,4,0,10,15,30529380,3628,130260,15,8423
1059,10,0,14,11,30537480,3627,130260,15,8433
1060,4,0,11,14,30569520,3627,130260,15,8437
1061,5,0,11,14,30585660,3627,130260,15,8442
1062,7,0,14,11,30597300,3627,130260,15,8449
1063,9,0,13,12,30621420,3625,130260,15,8458
1064,14,0,22,3,30636600,3625,130260,15,8472
1065,11,0,19,6,30684120,3625,130260,15,8483
1066,10,0,19,6,30720180,3625,130260,15,8493
1067,9,0,19,6,30757320,3625,130260,15,8502
1068,9,0,16,9,30792720,3624,130260,15,8511
1069,10,0,15,10,30831240,3624,130260,15,8521
1070,14,0,18,7,30862980,3623,130260,15,8535
1071,8,0,15,10,30901500,3623,130260,15,8543
1072,19,0,25,0,30927780,3622,130800,15,8562
1073,14,1,25,0,30976320,3622,132540,15,8576
1074,10,0,20,5,31029540,3622,132960,15,8586
1075,10,0,14,11,31102560,3624,132960,15,8596
1076,9,0,14,11,31124880,3622,132960,15,8605
1077,5,0,10,15,31157400,3622,132960,15,8610
1078,3,0,9,16,31166820,3622,132960,15,8613
1079,5,0,11,14,31172460,3621,132960,15,8618
1080,7,0,13,12,31193220,3622,132960,15,8625
1081,4,0,9,16,31213500,3621,132960,15,8629
1082,3,0,11,14,31216920,3621,132960,15,8632
1083,6,0,13,12,31233840,3621,132960,15,8638
1084,6,0,13,12,31263180,3622,132960,15,8644
1085,5,0,12,13,31273740,3620,132960,15,8649
1086,7,0,14,11,31294140,3621,132960,15,8656
1087,12,0,21,4,31317000,3621,132960,15,8668
1088,10,0,15,10,31369860,3621,132960,15,8678
1089,9,0,19,6,31396560,3622,132960,15,8687
1090,17,0,19,6,31442400,3620,132960,15,8704
1091,11,0,18,7,31478880,3619,132960,15,8715
1092,16,0,22,3,31515660,3618,132960,15,8731
1093,7,0,19,6,31557060,3619,133020,15,8738
1094,15,0,20,5,31603800,3618,133020,15,8753
1095,10,0,18,7,31651980,3619,133020,15,8763
1096,10,0,14,11,31708860,3620,133020,15,8773
1097,11,0,18,7,31723740,3618,133020,15,8784
1098,9,0,21,4,31750680,3619,133020,15,8793
1099,8,0,16,9,31814340,3621,133020,15,8801
1100,8,0,16,9,31851000,3622,133020,15,8809
1101,6,0,11,14,31886820,3621,133020,15,8815
1102,8,0,13,12,31903860,3621,133020,15,8823
1103,10,0,14,11,31928640,3620,133020,15,8833
1104,4,0,11,14,31954560,3620,133020,15,8837
1105,8,0,12,13,31973460,3619,133020,15,8845
1106,12,0,18,7,31986960,3618,133020,15,8857
1107,9,0,17,8,32019240,3618,133020,15,8866
1108,6,0,15,10,32049840,3618,133020,14,8872
1109,6,0,17,8,32068380,3619,133020,14,8878
1110,5,0,12,13,32122680,3621,133020,14,8883
1111,9,0,15,10,32138580,3620,133020,14,8892
1112,7,0,12,13,32181960,3621,133020,14,8899
1113,9,0,14,11,32198460,3620,133020,14,8908
1114,10,0,16,9,32221080,3619,133020,14,8918
1115,7,0,13,12,32263980,3620,133020,14,8925
1116,16,0,22,3,32284380,3619,133020,14,8941
1117,11,0,22,3,32320620,3619,133020,14,8952
1118,5,0,15,10,32371380,3620,133020,14,8957
1119,18,0,19,6,32424600,3620,133020,14,8975
1120,13,0,22,3,32448600,3619,133020,14,8988
1121,7,0,12,13,32514000,3619,133020,14,8995
1122,12,0,19,6,32525460,3618,133020,14,9007
1123,3,0,13,12,32568240,3619,133020,14,9010
1124,14,0,18,7,32590080,3618,133020,14,9024
1125,4,0,15,10,32621040,3619,133020,14,9028
1126,9,0,13,12,32658480,3619,133020,14,9037
1127,5,0,12,13,32686740,3619,133020,14,9042
1128,5,0,12,13,32704020,3619,133020,14,9047
1129,10,0,19,6,32712840,3619,133020,14,9057
1130,6,0,18,7,32748180,3620,133020,14,9063
1131,5,0,13,12,32801400,3622,133020,14,9068
1132,5,0,16,9,32811720,3622,133020,14,9073
1133,10,0,18,7,32846760,3623,133020,14,9083
1134,7,0,15,10,32881200,3623,133020,14,9090
1135,6,0,13,12,32919840,3624,133020,14,9096
1136,6,0,13,12,32938020,3623,133020,14,9102
1137,13,0,16,9,32967000,3623,133020,14,9115
1138,7,0,14,11,32999220,3623,133020,14,9122
1139,12,0,17,8,33023040,3622,133020,14,9134
1140,9,0,14,11,33065940,3622,133020,14,9143
1141,14,0,14,11,33104460,3620,133020,14,9157
1142,6,0,13,12,33120300,3619,133020,14,9163
1143,8,0,15,10,33149880,3620,133020,14,9171
1144,17,0,24,1,33175860,3620,133020,14,9188
1145,12,0,19,6,33224280,3618,133020,14,9200
1146,8,0,15,10,33262860,3618,133020,14,9208
1147,6,0,12,13,33299040,3618,133020,14,9214
1148,5,0,13,12,33308040,3618,133020,14,9219
1149,7,0,15,10,33324240,3617,133020,14,9226
1150,5,0,14,11,33350760,3618,133020,14,9231
1151,7,0,15,10,33378300,3619,133020,14,9238
1152,5,0,14,11,33404760,3619,133020,14,9243
1153,2,0,13,12,33420540,3620,133020,14,9245
1154,4,0,10,15,33452040,3620,133020,14,9249
1155,2,0,10,15,33467100,3621,133020,14,9251
1156,3,0,9,16,33479460,3621,133020,14,9254
1157,4,0,10,15,33492060,3621,133020,14,9258
1158,4,0,10,15,33501000,3620,133020,14,9262
1159,7,0,13,12,33512040,3620,133020,14,9269
1160,4,0,12,13,33526380,3620,133020,14,9273
1161,8,0,14,11,33562680,3621,133020,14,9281
1162,12,0,19,6,33580380,3620,133020,14,9293
1163,12,0,19,6,33616260,3620,133020,14,9305
1164,9,0,16,9,33654780,3619,133020,14,9314
1165,7,0,17,8,33680400,3619,133020,14,9321
1166,3,0,14,11,33718620,3621,133020,14,9324
1167,5,0,9,16,33766440,3623,133020,14,9329
1168,7,0,12,13,33770400,3621,133020,14,9336
1169,12,0,18,7,33783780,3620,133020,14,9348
1170,7,0,16,9,33822360,3621,133020,14,9355
1171,7,0,12,13,33864300,3621,133020,14,9362
1172,4,0,10,15,33889920,3622,133020,14,9366
1173,6,0,13,12,33904320,3622,133020,14,9372
1174,2,0,10,15,33930660,3623,133020,14,9374
1175,6,0,11,14,33950340,3623,133020,14,9380
1176,5,0,11,14,33962340,3623,133020,14,9385
1177,4,0,11,14,33977880,3623,133020,14,9389
1178,7,0,15,10,33983520,3622,133020,14,9396
1179,9,0,17,8,34013340,3623,133020,14,9405
1180,3,0,14,11,34037700,3623,133020,14,9408
1181,8,0,14,11,34069980,3623,133020,14,9416
1182,7,0,16,9,34083960,3623,133020,14,9423
1183,13,0,18,7,34114140,3622,133020,14,9436
1184,12,0,21,4,34156500,3623,133020,14,9448
1185,15,0,24,1,34200960,3623,133020,14,9463
1186,5,0,16,9,34252260,3623,133020,14,9468
1187,18,0,23,2,34291380,3623,133020,14,9486
1188,7,0,16,9,34339020,3623,133020,14,9493
1189,12,0,16,9,34390140,3624,133020,13,9505
1190,8,0,14,11,34406880,3622,133020,13,9513
1191,13,0,21,4,34428360,3622,133020,13,9526
1192,8,0,17,8,34472820,3622,133020,13,9534
1193,4,0,9,16,34520280,3622,133020,13,9538
1194,2,0,8,17,34533240,3622,133020,13,9540
1195,9,0,12,13,34545600,3622,133020,13,9549
1196,7,0,15,10,34556160,3621,133020,13,9556
1197,4,0,14,11,34575240,3621,133020,13,9560
1198,2,0,12,13,34597620,3622,133020,13,9562
1199,6,0,15,10,34610640,3623,133020,13,9568
1200,5,0,15,10,34640280,3624,133020,13,9573
1201,2,0,13,12,34663080,3625,133020,13,9575
1202,7,0,15,10,34695780,3626,133020,13,9582
1203,3,0,11,14,34716600,3626,133020,13,9585
1204,8,0,13,12,34751460,3627,133020,13,9593
1205,13,0,14,11,34772700,3625,133020,13,9606
1206,6,0,16,9,34781940,3624,133020,13,9612
1207,6,0,12,13,34817040,3624,133020,13,9618
1208,10,0,13,12,34846140,3624,133020,13,9628
1209,8,0,12,13,34867380,3622,133020,13,9636
1210,10,0,18,7,34877460,3622,133020,13,9646
1211,9,0,16,9,34910940,3621,133020,13,9655
1212,7,0,11,14,34955340,3621,133020,13,9662
1213,13,0,18,7,34960500,3620,133020,13,9675
1214,5,0,16,9,34989060,3620,133020,13,9680
1215,12,0,19,6,35018220,3620,133020,13,9692
1216,8,0,16,9,35076420,3622,133020,13,9700
1217,7,0,14,11,35116140,3622,133020,13,9707
1218,10,0,17,8,35145360,3623,133020,13,9717
1219,9,0,17,8,35171220,3622,133020,13,9726
1220,5,0,14,11,35200560,3622,133020,13,9731
1221,7,0,12,13,35237940,3623,133020,13,9738
1222,13,0,18,7,35260740,3622,133020,13,9751
1223,4,0,16,9,35282520,3622,133020,13,9755
1224,7,0,13,12,35323920,3623,133020,13,9762
1225,2,0,10,15,35352180,3624,133020,13,9764
1226,3,0,10,15,35368200,3624,133020,13,9767
1227,6,0,14,11,35371440,3624,133020,13,9773
1228,7,0,12,13,35399280,3624,133020,13,9780
1229,6,0,14,11,35410320,3623,133020,13,9786
1230,5,0,11,14,35441460,3623,133020,13,9791
1231,5,0,11,14,35459280,3623,133020,13,9796
1232,13,0,20,5,35464740,3622,133020,13,9809
1233,8,0,19,6,35495460,3622,133020,13,9817
1234,14,0,17,8,35543160,3621,133020,13,9831
1235,14,0,19,6,35582400,3621,133020,13,9845
1236,5,0,17,8,35599860,3620,133020,13,9850
1237,11,0,16,9,35651580,3621,133020,13,9861
1238,12,0,21,4,35676780,3621,133020,13,9873
1239,15,0,22,3,35731020,3621,133020,13,9888
1240,9,0,17,8,35774700,3620,133020,13,9897
1241,11,0,15,10,35802000,3618,133020,13,9908
1242,9,0,15,10,35834580,3618,133020,13,9917
1243,9,0,14,11,35871060,3618,133020,13,9926
1244,5,0,17,8,35883960,3619,133020,13,9931
1245,9,0,14,11,35922960,3619,133020,13,9940
1246,3,0,12,13,35940720,3619,133020,13,9943
1247,5,0,11,14,35967060,3619,133020,13,9948
1248,10,0,16,9,35977680,3618,133020,13,9958
1249,3,0,10,15,36005400,3618,133020,13,9961
1250,3,0,11,14,36027300,3619,133020,13,9964
1251,8,0,17,8,36037140,3620,133020,13,9972
1252,5,0,15,10,36068700,3620,133020,13,9977
1253,2,0,11,14,36100200,3621,133020,13,9979
1254,7,0,14,11,36119520,3622,133020,13,9986
1255,12,0,20,5,36134520,3621,133020,13,9998
1256,9,0,20,5,36166440,3621,133020,13,10007
1257,7,0,12,13,36227220,3621,133020,13,10014
1258,9,0,15,10,36245400,3621,133020,13,10023
1259,6,0,14,11,36269460,3621,133020,13,10029
1260,5,0,12,13,36305760,3622,133020,13,10034
1261,19,0,21,4,36326400,3621,133020,13,10053
1262,14,0,22,3,36355680,3619,133500,13,10067
1263,12,0,22,3,36421800,3621,133500,13,10079
1264,4,0,13,12,36474060,3622,133500,13,10083
1265,13,0,18,7,36510360,3622,133500,13,10096
1266,12,0,21,4,36542280,3622,133500,13,10108
1267,6,0,17,8,36593820,3624,133500,13,10114
1268,10,0,17,8,36646500,3625,133500,13,10124
1269,8,0,12,13,36688200,3625,133500,13,10132
1270,8,0,15,10,36709380,3625,133500,13,10140
1271,6,0,14,11,36724680,3624,133500,13,10146
1272,2,0,12,13,36743880,3625,133500,13,10148
1273,7,0,13,12,36779520,3626,133500,13,10155
1274,7,0,12,13,36799200,3625,133500,13,10162
1275,7,0,15,10,36806040,3624,133500,13,10169
1276,6,0,13,12,36831240,3624,133500,13,10175
1277,8,0,14,11,36859020,3624,133500,13,10183
1278,5,0,11,14,36886620,3624,133500,13,10188
1279,7,0,14,11,36898680,3624,133500,13,10195
1280,9,0,20,5,36906060,3623,133500,13,10204
1281,7,0,22,3,36924600,3623,133500,13,10211
1282,4,0,16,9,36990900,3626,133500,13,10215
1283,3,0,11,14,37027980,3627,133500,13,10218
1284,12,0,14,11,37051680,3626,133500,13,10230
1285,7,0,17,8,37068060,3627,133500,13,10237
1286,7,0,14,11,37107540,3627,133500,13,10244
1287,9,0,18,7,37124820,3627,133500,13,10253
1288,13,0,19,6,37164000,3626,133500,13,10266
1289,9,0,17,8,37206480,3627,133500,12,10275
1290,2,0,12,13,37245120,3628,133500,12,10277
1291,11,0,12,13,37283100,3628,133500,12,10288
1292,11,0,15,10,37299900,3626,133500,12,10299
1293,7,0,13,12,37331940,3626,133500,12,10306
1294,11,0,14,11,37360200,3626,133500,12,10317
1295,1,0,9,16,37384080,3626,133500,12,10318
1296,3,0,10,15,37394940,3626,133500,12,10321
1297,10,0,17,8,37400400,3626,133500,12,10331
1298,3,0,13,12,37423800,3625,133500,12,10334
1299,12,0,19,6,37454040,3626,133500,12,10346
1300,5,0,13,12,37493460,3626,133500,12,10351
1301,7,0,12,13,37519140,3626,133500,12,10358
1302,5,0,11,14,37542600,3626,133500,12,10363
1303,0,0,7,18,37564200,3627,133500,12,10363
1304,7,0,13,12,37565100,3627,133500,12,10370
1305,7,0,13,12,37583340,3626,133500,12,10377
1306,14,0,16,9,37613280,3625,133500,12,10391
1307,13,0,18,7,37644120,3624,133500,12,10404
1308,15,0,20,5,37688580,3624,133500,12,10419
1309,11,0,17,8,37730220,3623,133500,12,10430
1310,15,0,23,2,37760220,3623,133500,12,10445
1311,8,0,16,9,37816920,3623,133500,12,10453
1312,9,0,17,8,37849740,3623,133500,12,10462
1313,15,0,20,5,37885560,3622,133500,12,10477
1314,0,0,10,15,37938240,3624,133500,12,10477
1315,4,0,12,13,37951260,3625,133500,12,10481
1316,6,0,12,13,37970220,3624,133500,12,10487
1317,3,0,9,16,37992600,3624,133500,12,10490
1318,8,0,15,10,38001960,3625,133500,12,10498
1319,2,0,8,17,38027700,3624,133500,12,10500
1320,12,0,16,9,38032020,3623,133500,12,10512
1321,3,0,12,13,38053020,3623,133500,12,10515
1322,2,0,9,16,38078040,3623,133500,12,10517
1323,7,0,10,15,38094540,3623,133500,12,10524
1324,11,0,15,10,38104260,3622,133500,12,10535
1325,8,0,17,8,38124600,3621,133500,12,10543
1326,5,0,12,13,38165940,3622,133500,12,10548
1327,6,0,13,12,38182440,3622,133500,12,10554
1328,8,0,13,12,38204700,3621,133500,12,10562
1329,6,0,12,13,38226480,3621,133500,12,10568
1330,6,0,15,10,38239680,3621,133500,12,10574
1331,6,0,13,12,38266920,3621,133500,12,10580
1332,9,0,15,10,38296980,3621,133500,12,10589
1333,9,0,17,8,38315040,3621,133500,12,10598
1334,14,0,19,6,38348520,3620,133500,12,10612
1335,13,0,21,4,38391600,3620,133500,12,10625
1336,8,0,19,6,38421540,3619,133500,12,10633
1337,14,0,23,2,38470680,3621,133500,12,10647
1338,5,0,18,7,38511660,3621,133500,12,10652
1339,6,0,15,10,38545140,3621,133500,12,10658
1340,11,0,14,11,38600880,3622,133500,12,10669
1341,6,0,16,9,38617320,3622,133500,12,10675
1342,2,0,13,12,38638200,3623,133500,12,10677
1343,3,0,10,15,38676600,3624,133500,12,10680
1344,3,0,12,13,38677620,3624,133500,12,10683
1345,3,0,13,12,38680380,3624,133500,12,10686
1346,4,0,13,12,38686320,3623,133500,12,10690
1347,3,0,14,11,38689200,3622,133500,12,10693
1348,9,0,17,8,38708520,3622,133500,12,10702
1349,13,1,25,0,38718300,3622,133500,12,10715
1350,7,0,23,2,38756220,3622,134160,12,10722
1351,8,0,20,5,38815920,3624,134220,12,10730
1352,7,0,19,6,38840040,3623,134220,12,10737
1353,13,0,20,5,38882700,3623,134700,12,10750
1354,12,0,23,2,38911560,3623,134700,12,10762
1355,10,0,22,3,38947500,3623,134700,12,10772
1356,6,0,16,9,38997600,3623,134700,12,10778
1357,12,0,17,8,39025800,3622,134700,12,10790
1358,10,0,18,7,39052200,3621,134700,12,10800
1359,13,0,21,4,39077460,3620,134700,12,10813
1360,10,4,20,5,39096120,3620,136860,12,10823
1361,12,1,19,6,39145200,3619,145260,13,10835
1362,7,0,21,4,39185760,3621,147180,13,10842
1363,11,0,25,0,39212580,3621,147180,13,10853
1364,7,0,17,8,39267060,3621,147180,13,10860
1365,6,0,20,5,39276000,3621,147180,13,10866
1366,8,0,21,4,39317220,3622,147180,13,10874
1367,5,0,14,11,39359580,3622,147180,13,10879
1368,2,0,14,11,39367080,3622,147180,13,10881
1369,8,0,15,10,39388740,3622,147180,13,10889
1370,3,0,15,10,39398580,3622,147180,13,10892
1371,8,0,18,7,39409920,3621,147180,13,10900
1372,5,1,17,8,39432120,3621,147360,13,10905
1373,7,0,20,5,39458040,3622,148020,13,10912
1374,7,0,20,5,39486000,3622,148020,13,10919
1375,9,0,18,7,39522780,3622,148020,13,10928
1376,5,0,16,9,39561780,3623,148020,13,10933
1377,15,0,24,1,39578820,3623,148020,13,10948
1378,7,0,19,6,39614820,3622,149220,13,10955
1379,19,7,25,0,39637920,3622,150660,13,10974
1380,14,17,20,5,39685680,3623,153420,13,10988
1381,9,21,22,3,39708660,3625,163680,14,10997
1382,8,16,25,0,39766500,3627,222180,20,11005
1383,11,5,25,0,39818880,3624,334380,30,11016
1384,10,0,22,3,39868500,3623,365700,33,11026
1385,8,0,18,7,39904560,3622,365700,33,11034
1386,11,0,17,8,39947400,3622,365700,33,11045
1387,10,0,22,3,39957420,3621,365700,33,11055
1388,9,0,19,6,39999000,3621,365700,33,11064
1389,7,0,18,7,40035000,3622,365700,33,11071
1390,4,0,15,10,40059540,3622,365700,33,11075
1391,1,0,13,12,40070280,3622,365700,33,11076
1392,3,0,13,12,40090380,3622,365700,33,11079
1393,4,0,14,11,40099800,3622,365700,32,11083
1394,5,0,18,7,40102320,3622,365700,32,11088
1395,12,2,25,0,40111500,3622,365700,32,11100
1396,11,10,21,4,40136220,3622,368280,33,11111
1397,6,5,24,1,40187460,3624,389160,35,11117
1398,6,0,17,8,40247400,3623,418080,37,11123
1399,3,0,13,12,40281240,3624,418080,37,11126
1400,10,0,19,6,40284120,3623,418080,37,11136
1401,8,0,22,3,40299060,3623,418080,37,11144
1402,9,0,20,5,40343160,3623,418080,37,11153
1403,15,0,24,1,40381140,3623,418560,37,11168
1404,12,2,21,4,40407000,3621,418860,37,11180
1405,12,4,25,0,40448520,3623,423000,37,11192
1406,9,0,17,8,40508340,3621,432720,38,11201
1407,6,0,18,7,40535160,3622,432720,38,11207
1408,8,0,21,4,40553340,3622,432720,38,11215
1409,11,0,20,5,40597560,3622,432720,38,11226
1410,4,0,17,8,40621800,3622,432720,38,11230
1411,5,0,15,10,40649760,3622,432720,38,11235
1412,8,0,19,6,40668360,3623,432720,38,11243
1413,4,0,15,10,40694880,3623,432720,38,11247
1414,8,0,17,8,40717560,3623,432720,38,11255
1415,8,0,17,8,40741800,3622,432720,38,11263
1416,3,0,15,10,40757940,3622,432720,38,11266
1417,7,0,14,11,40792140,3623,432720,38,11273
1418,4,0,13,12,40803180,3622,432720,38,11277
1419,8,0,17,8,40810800,3621,432720,38,11285
1420,4,0,14,11,40837560,3621,432720,38,11289
1421,5,0,16,9,40848360,3621,432720,38,11294
1422,7,0,20,5,40861020,3622,432720,38,11301
1423,8,0,20,5,40890420,3622,432720,38,11309
1424,4,0,17,8,40920840,3622,432720,38,11313
1425,10,0,20,5,40942380,3622,432720,38,11323
1426,6,0,19,6,40972980,3622,432720,38,11329
1427,7,0,19,6,41004480,3623,432720,38,11336
1428,11,0,19,6,41038560,3622,432720,38,11347
1429,13,2,25,0,41062200,3623,434340,38,11360
1430,9,0,22,3,41103420,3622,438780,38,11369
1431,10,0,21,4,41154720,3623,438780,38,11379
1432,8,0,23,2,41182080,3623,438780,38,11387
1433,11,0,21,4,41220960,3623,439680,38,11398
1434,10,2,19,6,41257740,3623,439680,38,11408
1435,13,8,21,4,41292660,3624,446700,39,11421
1436,5,0,22,3,41324820,3623,482160,42,11426
1437,13,0,20,5,41353620,3621,482160,42,11439
1438,6,0,19,6,41384460,3621,482160,42,11445
1439,5,0,15,10,41428080,3622,482160,42,11450
1440,6,0,15,10,41444700,3622,482160,42,11456
1441,8,0,21,4,41458440,3623,482160,42,11464
1442,5,0,19,6,41480460,3622,482160,42,11469
1443,4,0,15,10,41508540,3622,482160,42,11473
1444,2,0,13,12,41533680,3623,482160,42,11475
1445,1,0,11,14,41545560,3623,482160,42,11476
1446,5,0,16,9,41545560,3623,482160,41,11481
1447,6,0,21,4,41547900,3623,482160,41,11487
1448,6,0,18,7,41589660,3624,482160,41,11493
1449,15,1,25,0,41611440,3624,482160,41,11508
1450,14,0,25,0,41669100,3624,484500,42,11522
1451,7,0,21,4,41709000,3624,484500,42,11529
1452,16,1,25,0,41753100,3624,485220,42,11545
1453,11,0,25,0,41790000,3624,488400,42,11556
1454,6,0,19,6,41843340,3624,488400,42,11562
1455,10,0,20,5,41869440,3624,488400,42,11572
1456,6,0,17,8,41897880,3624,488400,42,11578
1457,15,0,25,0,41921820,3623,488640,42,11593
1458,9,0,21,4,41949420,3622,491820,42,11602
1459,10,0,17,8,42010620,3623,491820,42,11612
1460,7,0,19,6,42018360,3622,491820,42,11619
1461,6,0,20,5,42039840,3622,491820,42,11625
1462,3,0,17,8,42070560,3623,491820,42,11628
1463,6,0,15,10,42107400,3624,491820,42,11634
1464,6,0,18,7,42112620,3623,491820,42,11640
1465,11,1,25,0,42125880,3623,491820,42,11651
1466,8,0,22,3,42166920,3623,491820,42,11659
1467,6,0,16,9,42222660,3624,491820,42,11665
1468,4,0,14,11,42243420,3624,491820,42,11669
1469,6,0,14,11,42252000,3623,491820,42,11675
1470,6,0,14,11,42267540,3622,491820,42,11681
1471,9,0,17,8,42280800,3622,491820,42,11690
1472,12,0,20,5,42297300,3620,491820,42,11702
1473,4,0,18,7,42321660,3620,491820,42,11706
1474,10,0,23,2,42342060,3621,491820,41,11716
1475,6,0,18,7,42388020,3621,491820,41,11722
1476,15,1,25,0,42412740,3621,491820,41,11737
1477,14,4,25,0,42451920,3621,495660,42,11751
1478,18,13,24,1,42497220,3622,503940,42,11769
1479,11,21,19,6,42540720,3623,506640,43,11780
1480,15,34,16,9,42574080,3624,513300,43,11795
1481,8,37,18,7,42598860,3626,525060,44,11803
1482,12,40,18,7,42612900,3626,536520,45,11815
1483,8,35,25,0,42647280,3627,638100,54,11823
1484,7,32,25,0,42698160,3628,720840,60,11830
1485,10,27,25,0,42750120,3628,877320,74,11840
1486,2,13,25,0,42796020,3627,1150200,97,11842
1487,5,0,14,11,42854940,3623,1390020,117,11847
1488,5,0,18,7,42860340,3623,1390020,117,11852
1489,2,0,17,8,42877620,3624,1390020,117,11854
1490,8,0,18,7,42910740,3625,1390020,117,11862
1491,4,0,16,9,42930480,3624,1390020,117,11866
1492,7,0,17,8,42952920,3625,1390020,117,11873
1493,7,0,19,6,42968400,3624,1390020,117,11880
1494,7,0,19,6,42988920,3624,1390020,117,11887
1495,13,0,24,1,43019340,3624,1390020,116,11900
1496,8,0,18,7,43072380,3624,1390020,116,11908
1497,8,0,18,7,43090440,3623,1390020,116,11916
1498,9,0,19,6,43122600,3624,1390020,116,11925
1499,9,0,20,5,43153080,3624,1390020,116,11934
1500,10,0,20,5,43184820,3623,1390020,116,11944
1501,17,6,25,0,43204200,3623,1391040,116,11961
1502,13,2,23,2,43269420,3623,1400280,117,11974
1503,11,4,24,1,43294860,3623,1404660,117,11985
1504,12,9,22,3,43351320,3624,1416720,118,11997
1505,8,3,25,0,43390680,3624,1441320,120,12005
1506,6,0,16,9,43453560,3624,1461060,121,12011
1507,9,0,21,4,43470900,3624,1461060,121,12020
1508,10,0,25,0,43492440,3624,1461660,121,12030
1509,3,0,18,7,43540740,3625,1461660,121,12033
1510,10,0,19,6,43574040,3626,1461660,121,12043
1511,4,0,17,8,43599960,3626,1461660,121,12047
1512,3,0,14,11,43624560,3626,1461660,121,12050
1513,8,0,18,7,43644960,3627,1461660,121,12058
1514,5,0,14,11,43670400,3626,1461660,121,12063
1515,3,0,13,12,43682880,3626,1461660,121,12066
1516,4,0,16,9,43685700,3626,1461660,121,12070
1517,7,0,17,8,43701660,3625,1461660,121,12077
1518,7,0,19,6,43716720,3625,1461660,121,12084
1519,9,0,23,2,43739820,3625,1461660,120,12093
1520,6,0,20,5,43767780,3625,1461660,120,12099
1521,11,0,23,2,43798560,3625,1461660,120,12110
1522,13,11,18,7,43808760,3624,1462440,120,12123
1523,20,26,19,6,43853280,3626,1474620,121,12143
1524,6,24,22,3,43887180,3628,1497540,123,12149
1525,6,22,25,0,43915980,3629,1532820,126,12155
1526,12,24,25,0,43970760,3630,1590600,130,12167
1527,3,22,19,6,44021160,3631,1607460,132,12170
1528,9,14,25,0,44064840,3631,1706580,140,12179
1529,9,0,25,0,44103480,3628,1967400,161,12188
1530,9,0,18,7,44160840,3628,1967400,161,12197
1531,8,0,21,4,44166420,3627,1967400,161,12205
1532,8,0,16,9,44216940,3627,1967700,161,12213
1533,4,0,15,10,44229540,3626,1967700,161,12217
1534,10,0,17,8,44259960,3626,1967700,161,12227
1535,4,0,18,7,44266200,3626,1967700,160,12231
1536,6,0,17,8,44299800,3627,1967700,160,12237
1537,5,0,15,10,44331120,3627,1967700,160,12242
1538,4,0,14,11,44341320,3627,1967700,160,12246
1539,8,0,20,5,44348400,3627,1967700,160,12254
1540,6,0,16,9,44383140,3626,1967700,160,12260
1541,5,0,14,11,44405160,3626,1967700,160,12265
1542,10,0,21,4,44418960,3626,1967700,160,12275
1543,8,0,21,4,44443380,3626,1967700,160,12283
1544,7,0,17,8,44485860,3626,1967700,160,12290
1545,9,0,19,6,44506020,3626,1967700,160,12299
1546,14,0,23,2,44539320,3626,1967700,159,12313
1547,5,0,19,6,44570700,3625,1967700,159,12318
1548,15,4,25,0,44604540,3627,1969920,159,12333
1549,15,0,24,1,44660580,3625,1986600,160,12348
1550,11,1,25,0,44699160,3626,1991700,161,12359
1551,12,0,22,3,44754060,3626,1994760,161,12371
1552,14,0,24,1,44785560,3625,1994760,161,12385
1553,9,0,25,0,44815200,3625,1996260,161,12394
1554,8,0,22,3,44861400,3625,1996260,161,12402
1555,6,0,18,7,44906460,3626,1996260,160,12408
1556,7,0,19,6,44930160,3626,1996260,160,12415
1557,5,0,16,9,44963340,3626,1996260,160,12420
1558,8,0,17,8,44981880,3626,1996260,160,12428
1559,9,0,17,8,45008220,3625,1996260,160,12437
1560,6,0,19,6,45020820,3625,1996260,160,12443
1561,6,0,17,8,45049380,3625,1996260,160,12449
1562,5,0,15,10,45078720,3626,1996260,160,12454
1563,5,0,16,9,45085800,3625,1996260,160,12459
1564,8,0,19,6,45106200,3625,1996260,160,12467
1565,10,0,23,2,45124860,3625,1996260,160,12477
1566,4,0,18,7,45167580,3626,1996260,160,12481
1567,14,0,20,5,45216600,3626,1996260,159,12495
1568,8,0,20,5,45237000,3625,1996260,159,12503
1569,10,0,16,9,45277620,3625,1996260,159,12513
1570,9,0,18,7,45302340,3625,1996260,159,12522
1571,8,0,17,8,45324960,3624,1996260,159,12530
1572,9,0,17,8,45351360,3623,1996260,159,12539
1573,10,0,21,4,45368520,3623,1996260,159,12549
1574,5,0,17,8,45397440,3623,1996260,159,12554
1575,15,2,25,0,45421800,3623,1996260,158,12569
1576,14,4,25,0,45454440,3622,2003820,159,12583
1577,6,0,19,6,45507240,3622,2015940,160,12589
1578,6,0,18,7,45547740,3623,2015940,160,12595
1579,7,0,17,8,45578040,3623,2015940,160,12602
1580,6,0,17,8,45607140,3624,2015940,159,12608
1581,7,0,20,5,45623280,3624,2015940,159,12615
1582,4,0,19,6,45645900,3624,2015940,159,12619
1583,4,0,12,13,45699420,3625,2015940,159,12623
1584,7,0,16,9,45703560,3625,2015940,159,12630
1585,6,0,18,7,45715200,3625,2015940,159,12636
1586,3,0,19,6,45732540,3625,2015940,159,12639
1587,6,0,15,10,45776280,3626,2015940,159,12645
1588,6,0,18,7,45783060,3626,2015940,159,12651
1589,9,0,14,11,45819000,3625,2015940,159,12660
1590,4,0,11,14,45842100,3625,2015940,159,12664
1591,9,0,18,7,45845760,3624,2015940,159,12673
1592,8,0,19,6,45858720,3623,2015940,159,12681
1593,6,0,16,9,45891900,3623,2015940,158,12687
1594,7,0,18,7,45905580,3623,2015940,158,12694
1595,7,0,19,6,45920280,3622,2015940,158,12701
1596,10,0,19,6,45962280,3623,2015940,158,12711
1597,20,5,25,0,45984900,3622,2015940,158,12731
1598,8,4,25,0,46026600,3623,2029680,159,12739
1599,16,6,25,0,46087200,3624,2032140,159,12755
1600,13,0,21,4,46146300,3622,2055840,161,12768
1601,10,0,24,1,46175520,3622,2055840,160,12778
1602,7,0,21,4,46214940,3622,2055840,160,12785
1603,9,2,21,4,46247640,3623,2060880,161,12794
1604,8,0,19,6,46279200,3622,2063700,161,12802
1605,5,0,15,10,46322400,3623,2063700,161,12807
1606,4,0,15,10,46336320,3623,2063700,161,12811
1607,4,0,16,9,46345260,3622,2063700,161,12815
1608,4,0,13,12,46366560,3622,2063700,161,12819
1609,3,0,15,10,46367400,3622,2063700,161,12822
1610,5,0,17,8,46378680,3622,2063700,160,12827
1611,11,0,20,5,46399740,3621,2063700,160,12838
1612,3,0,17,8,46423380,3622,2063700,160,12841
1613,5,0,15,10,46458900,3622,2063700,160,12846
1614,8,0,17,8,46475220,3622,2063700,160,12854
1615,12,0,24,1,46492680,3622,2063700,160,12866
1616,4,0,18,7,46533660,3622,2063700,160,12870
1617,6,0,16,9,46563300,3622,2063700,160,12876
1618,12,0,22,3,46587180,3622,2063700,160,12888
1619,8,0,25,0,46601220,3622,2063700,160,12896
1620,10,0,21,4,46649100,3622,2064180,160,12906
1621,19,5,25,0,46690740,3622,2064180,159,12925
1622,9,0,24,1,46743360,3622,2074680,160,12934
1623,13,0,21,4,46807620,3623,2074920,160,12947
1624,4,0,17,8,46839360,3623,2074920,160,12951
1625,8,0,18,7,46865880,3623,2074920,160,12959
1626,9,0,20,5,46899120,3624,2074920,160,12968
1627,12,0,24,1,46923660,3623,2074920,159,12980
1628,13,6,20,5,46964160,3623,2075700,159,12993
1629,11,13,20,5,46988760,3624,2079120,160,13004
1630,7,10,23,2,47033880,3626,2115240,162,13011
1631,8,3,25,0,47082900,3626,2167740,166,13019
1632,7,0,24,1,47115240,3625,2182440,167,13026
1633,4,0,17,8,47162460,3626,2182440,167,13030
1634,5,0,18,7,47183760,3626,2182440,167,13035
1635,5,0,16,9,47209560,3626,2182440,167,13040
1636,2,0,16,9,47217000,3626,2182440,167,13042
1637,6,0,16,9,47244360,3627,2182440,167,13048
1638,6,0,15,10,47262600,3626,2182440,167,13054
1639,10,0,21,4,47275620,3626,2182440,167,13064
1640,7,0,19,6,47300940,3625,2182440,167,13071
1641,7,0,19,6,47326860,3626,2182440,166,13078
1642,14,0,23,2,47362800,3625,2182440,166,13092
1643,10,1,24,1,47387760,3625,2184660,166,13102
1644,10,2,21,4,47436540,3626,2188980,167,13112
1645,12,10,18,7,47479680,3627,2194380,167,13124
1646,12,14,22,3,47510820,3628,2210700,168,13136
1647,8,18,25,0,47520300,3629,2213820,168,13144
1648,11,18,25,0,47594160,3631,2227380,169,13155
1649,8,6,25,0,47650920,3630,2356140,179,13163
1650,7,0,19,6,47693880,3628,2432100,184,13170
1651,9,0,20,5,47719020,3628,2432100,184,13179
1652,7,0,16,9,47752980,3627,2432100,184,13186
1653,6,0,16,9,47781120,3628,2432100,184,13192
1654,5,0,15,10,47804400,3628,2432100,184,13197
1655,9,0,19,6,47816520,3627,2432100,184,13206
1656,6,0,17,8,47845320,3627,2432100,184,13212
1657,6,0,16,9,47863560,3627,2432100,184,13218
1658,3,0,16,9,47872980,3627,2432100,184,13221
1659,4,0,13,12,47903640,3627,2432100,183,13225
1660,2,0,14,11,47911680,3628,2432100,183,13227
1661,5,0,18,7,47918280,3628,2432100,183,13232
1662,10,0,22,3,47943840,3628,2432100,183,13242
1663,7,0,20,5,47977560,3628,2432100,183,13249
1664,9,0,19,6,48015960,3628,2432100,183,13258
1665,5,0,18,7,48043740,3629,2432100,183,13263
1666,13,0,19,6,48077100,3628,2432100,183,13276
1667,15,0,24,1,48104940,3627,2432160,183,13291
1668,2,0,18,7,48130860,3627,2432160,183,13293
1669,11,0,21,4,48174180,3628,2432160,182,13304
1670,10,0,22,3,48209160,3628,2432160,182,13314
1671,14,3,25,0,48240420,3629,2432160,182,13328
1672,12,11,20,5,48287040,3630,2434800,182,13340
1673,7,16,18,7,48316620,3631,2446860,183,13347
1674,7,12,25,0,48341040,3631,2482740,186,13354
1675,10,2,25,0,48409260,3631,2570160,192,13364
1676,4,0,16,9,48446460,3630,2583540,193,13368
1677,6,0,15,10,48461220,3629,2583540,193,13374
1678,7,0,20,5,48479880,3630,2583540,193,13381
1679,4,0,15,10,48512280,3630,2583540,193,13385
1680,4,0,17,8,48520380,3630,2583540,193,13389
1681,8,0,20,5,48550200,3631,2583540,192,13397
1682,9,6,18,7,48563220,3630,2583840,192,13406
1683,7,7,20,5,48595920,3632,2597760,193,13413
1684,3,0,17,8,48638940,3631,2634360,196,13416
1685,5,0,17,8,48658140,3632,2634360,196,13421
1686,3,0,17,8,48676320,3632,2634360,196,13424
1687,10,0,22,3,48697320,3632,2634360,196,13434
1688,11,0,21,4,48733800,3632,2635440,196,13445
1689,10,0,23,2,48766380,3632,2635440,195,13455
1690,12,0,20,5,48815640,3632,2635440,195,13467
1691,18,0,24,1,48857640,3631,2635680,195,13485
1692,10,2,25,0,48876060,3630,2636760,195,13495
1693,12,0,22,3,48937560,3630,2643240,195,13507
1694,10,0,21,4,48983820,3631,2643240,195,13517
1695,12,0,23,2,49031580,3632,2645820,195,13529
1696,10,0,19,6,49083660,3632,2645820,195,13539
1697,6,0,17,8,49106880,3631,2645820,195,13545
1698,8,0,19,6,49127100,3631,2645820,195,13553
1699,11,0,19,6,49155780,3630,2645820,195,13564
1700,5,0,21,4,49169400,3631,2645820,195,13569
1701,10,0,21,4,49201080,3630,2645880,194,13579
1702,10,1,23,2,49239960,3631,2645940,194,13589
1703,4,0,19,6,49290660,3633,2647020,194,13593
1704,6,0,17,8,49328580,3633,2647020,194,13599
1705,5,0,17,8,49357500,3634,2647020,194,13604
1706,5,0,14,11,49381440,3634,2647020,194,13609
1707,4,0,17,8,49386900,3634,2647020,194,13613
1708,6,0,20,5,49398720,3634,2647020,194,13619
1709,6,0,18,7,49436820,3635,2647020,194,13625
1710,2,0,15,10,49458900,3635,2647020,194,13627
1711,1,0,14,11,49471020,3635,2647020,194,13628
1712,5,0,16,9,49491000,3636,2647020,194,13633
1713,12,0,23,2,49506840,3636,2647020,194,13645
1714,15,1,24,1,49536360,3634,2647020,193,13660
1715,11,0,24,1,49570860,3634,2650140,193,13671
1716,12,0,24,1,49620660,3634,2657400,194,13683
1717,15,1,25,0,49657140,3633,2657880,194,13698
1718,10,0,20,5,49711080,3633,2660700,194,13708
1719,12,0,19,6,49763100,3633,2660700,194,13720
1720,16,0,22,3,49795860,3632,2661300,193,13736
1721,9,0,23,2,49818420,3632,2661300,193,13745
1722,12,0,22,3,49868760,3632,2661300,193,13757
1723,4,0,20,5,49892400,3632,2661300,193,13761
1724,3,0,16,9,49940340,3634,2661300,193,13764
1725,3,0,16,9,49955760,3634,2661300,193,13767
1726,11,0,19,6,49987980,3634,2661300,193,13778
1727,6,0,15,10,50019300,3634,2661300,193,13784
1728,7,0,19,6,50034420,3634,2661300,193,13791
1729,2,0,16,9,50048640,3634,2661300,193,13793
1730,6,0,18,7,50073900,3635,2661300,192,13799
1731,5,0,15,10,50095020,3634,2661300,192,13804
1732,6,0,18,7,50112180,3635,2661300,192,13810
1733,5,0,17,8,50127900,3634,2661300,192,13815
1734,5,0,16,9,50144220,3634,2661300,192,13820
1735,17,0,21,4,50175900,3633,2661300,192,13837
1736,10,0,20,5,50206020,3632,2661300,192,13847
1737,13,0,21,4,50251140,3632,2661300,192,13860
1738,7,6,19,6,50260260,3632,2661360,192,13867
1739,8,0,24,1,50304660,3633,2685300,193,13875
1740,11,0,24,1,50351340,3634,2685300,193,13886
1741,13,0,24,1,50385360,3633,2685300,193,13899
1742,8,0,22,3,50424660,3633,2685300,193,13907
1743,10,0,23,2,50453580,3633,2685300,193,13917
1744,11,9,19,6,50485200,3633,2686920,193,13928
1745,13,10,25,0,50524800,3635,2704020,194,13941
1746,10,11,25,0,50568720,3635,2711460,194,13951
1747,8,0,20,5,50628300,3633,2788740,199,13959
1748,5,0,17,8,50661540,3634,2788740,199,13964
1749,4,0,17,8,50680740,3634,2788740,199,13968
1750,5,0,19,6,50696580,3634,2788740,199,13973
1751,7,0,13,12,50735160,3634,2788740,199,13980
1752,3,0,13,12,50741640,3634,2788740,199,13983
1753,6,0,16,9,50754720,3634,2788740,199,13989
1754,11,0,22,3,50760960,3633,2788740,199,14000
1755,2,0,17,8,50787660,3633,2788740,199,14002
1756,6,0,20,5,50810340,3634,2788740,199,14008
1757,3,0,13,12,50849220,3634,2788740,199,14011
1758,7,0,17,8,50852340,3633,2788740,199,14018
1759,7,0,20,5,50866920,3633,2788740,198,14025
1760,4,0,16,9,50900040,3634,2788740,198,14029
1761,12,0,22,3,50924700,3634,2788740,198,14041
1762,8,0,20,5,50959980,3634,2788740,198,14049
1763,11,0,24,1,50987580,3634,2788740,198,14060
1764,12,0,23,2,51029400,3634,2789520,198,14072
1765,8,0,18,7,51071580,3633,2789520,198,14080
1766,5,0,18,7,51092340,3633,2789520,198,14085
1767,8,0,17,8,51117720,3633,2789520,198,14093
1768,16,0,22,3,51141840,3632,2789520,197,14109
1769,8,0,19,6,51175140,3631,2789520,197,14117
1770,8,0,18,7,51197040,3630,2789520,197,14125
1771,7,0,17,8,51228960,3631,2789520,197,14132
1772,6,0,17,8,51252480,3631,2789520,197,14138
1773,6,0,16,9,51279120,3631,2789520,197,14144
1774,3,0,12,13,51311040,3631,2789520,197,14147
1775,5,0,15,10,51314640,3631,2789520,197,14152
1776,4,0,16,9,51324240,3631,2789520,197,14156
1777,3,0,17,8,51332220,3631,2789520,197,14159
1778,5,0,16,9,51358680,3631,2789520,197,14164
1779,7,0,19,6,51382500,3632,2789520,196,14171
1780,7,0,18,7,51406800,3632,2789520,196,14178
1781,6,0,16,9,51431940,3631,2789520,196,14184
1782,14,0,21,4,51461460,3631,2789520,196,14198
1783,10,0,22,3,51485640,3631,2789520,196,14208
1784,6,0,19,6,51513480,3630,2789520,196,14214
1785,6,0,16,9,51557220,3631,2789520,196,14220
1786,13,0,21,4,51587100,3631,2789520,196,14233
1787,7,0,18,7,51620460,3631,2789520,195,14240
1788,17,0,22,3,51659100,3630,2789520,195,14257
1789,8,0,21,4,51694200,3630,2789520,195,14265
1790,4,0,17,8,51731940,3631,2789520,195,14269
1791,8,0,16,9,51767820,3631,2789520,195,14277
1792,13,0,21,4,51782340,3630,2789520,195,14290
1793,6,0,18,7,51810000,3630,2789520,195,14296
1794,7,0,17,8,51847920,3631,2789520,195,14303
1795,10,0,18,7,51870360,3630,2789520,194,14313
1796,5,0,18,7,51886920,3630,2789520,194,14318
1797,7,0,18,7,51909720,3630,2789520,194,14325
1798,7,0,18,7,51933840,3629,2789520,194,14332
1799,6,0,18,7,51960480,3630,2789520,194,14338
1800,5,0,16,9,51990660,3630,2789520,194,14343
1801,7,0,18,7,52003800,3630,2789520,194,14350
1802,5,0,16,9,52022640,3629,2789520,194,14355
1803,5,0,15,10,52050720,3630,2789520,194,14360
1804,4,0,14,11,52068120,3630,2789520,194,14364
1805,5,0,17,8,52078140,3630,2789520,194,14369
1806,7,0,15,10,52103820,3629,2789520,194,14376
1807,3,0,14,11,52114620,3629,2789520,194,14379
1808,15,0,22,3,52134960,3629,2789520,193,14394
1809,16,6,23,2,52156920,3628,2789880,193,14410
1810,6,3,22,3,52208280,3629,2803500,194,14416
1811,9,0,21,4,52244460,3628,2814420,195,14425
1812,11,0,20,5,52282680,3628,2814420,195,14436
1813,6,0,20,5,52297440,3627,2814420,194,14442
1814,5,0,20,5,52325340,3628,2814420,194,14447
1815,9,0,21,4,52361940,3629,2814420,194,14456
1816,13,0,23,2,52388640,3628,2814420,194,14469
1817,8,0,21,4,52434840,3628,2814420,194,14477
1818,8,0,22,3,52463640,3629,2814420,194,14485
1819,8,0,18,7,52510440,3629,2814420,194,14493
1820,9,0,18,7,52543680,3629,2814420,194,14502
1821,3,0,12,13,52575120,3629,2814420,194,14505
1822,5,0,16,9,52576020,3629,2814420,194,14510
1823,6,0,16,9,52592580,3628,2814420,193,14516
1824,7,0,17,8,52601280,3627,2814420,193,14523
1825,5,0,15,10,52630980,3628,2814420,193,14528
1826,6,0,17,8,52642200,3627,2814420,193,14534
1827,8,0,18,7,52658460,3627,2814420,193,14542
1828,5,0,18,7,52677000,3627,2814420,193,14547
1829,11,1,25,0,52691520,3627,2814420,193,14558
1830,6,0,22,3,52735380,3628,2819760,193,14564
1831,8,0,23,2,52784160,3629,2820360,193,14572
1832,5,0,15,10,52833420,3629,2820360,193,14577
1833,9,0,19,6,52852140,3629,2820360,193,14586
1834,13,0,23,2,52882080,3629,2820360,193,14599
1835,8,0,23,2,52911480,3629,2820360,193,14607
1836,8,0,20,5,52942980,3629,2820360,193,14615
1837,11,0,19,6,52981140,3628,2820360,192,14626
1838,13,2,23,2,53021400,3629,2821080,192,14639
1839,10,11,18,7,53046780,3630,2821500,192,14649
1840,12,18,21,4,53057700,3630,2829120,193,14661
1841,8,13,25,0,53123460,3632,2861520,195,14669
1842,5,3,25,0,53164140,3631,2962560,201,14674
1843,11,0,19,6,53217240,3630,2993700,203,14685
1844,8,0,21,4,53237700,3630,2993700,203,14693
1845,3,0,17,8,53273340,3630,2993700,203,14696
1846,3,0,14,11,53297340,3631,2993700,203,14699
1847,11,0,21,4,53308740,3630,2993700,203,14710
1848,8,0,22,3,53335680,3630,2993700,203,14718
1849,5,0,19,6,53385420,3632,2993700,203,14723
1850,9,0,20,5,53418600,3632,2993700,203,14732
1851,4,0,17,8,53442840,3632,2993700,203,14736
1852,3,0,16,9,53473080,3633,2993700,203,14739
1853,5,0,17,8,53493600,3634,2993700,203,14744
1854,4,0,19,6,53503920,3634,2993700,203,14748
1855,5,0,16,9,53541000,3634,2993700,203,14753
1856,10,0,21,4,53553300,3634,2993700,202,14763
1857,6,0,20,5,53578140,3634,2993700,202,14769
1858,8,0,21,4,53612040,3634,2993700,202,14777
1859,14,0,21,4,53644080,3633,2993880,202,14791
1860,13,3,22,3,53673300,3633,2994480,202,14804
1861,12,7,22,3,53719680,3634,3006060,202,14816
1862,14,14,25,0,53744040,3635,3018360,203,14830
1863,13,14,25,0,53807820,3636,3042360,205,14843
1864,8,0,20,5,53869920,3633,3136680,211,14851
1865,5,0,19,6,53888580,3633,3136680,211,14856
1866,3,0,15,10,53930520,3634,3136680,211,14859
1867,6,0,16,9,53947620,3634,3136680,211,14865
1868,5,0,16,9,53971740,3635,3136680,211,14870
1869,11,0,22,3,53985060,3634,3136680,210,14881
1870,10,0,25,0,54003900,3634,3137040,210,14891
1871,9,1,21,4,54048840,3634,3138900,210,14900
1872,8,0,23,2,54094860,3635,3140580,210,14908
1873,14,0,22,3,54149640,3635,3140580,210,14922
1874,10,2,25,0,54170160,3636,3141600,210,14932
1875,6,0,17,8,54221940,3635,3143640,210,14938
1876,6,0,18,7,54249240,3636,3143640,210,14944
1877,7,0,18,7,54277800,3636,3143640,210,14951
1878,6,0,16,9,54308400,3636,3143640,210,14957
1879,11,0,20,5,54332940,3636,3143640,210,14968
1880,15,0,23,2,54360900,3635,3143700,209,14983
1881,9,0,21,4,54399180,3635,3143700,209,14992
1882,7,0,19,6,54433980,3635,3143700,209,14999
1883,13,0,24,1,54457080,3635,3144240,209,15012
1884,11,0,24,1,54499500,3635,3147000,209,15023
1885,11,2,23,2,54538800,3635,3147480,209,15034
1886,7,0,20,5,54590520,3635,3149160,209,15041
1887,10,0,20,5,54634560,3636,3151500,209,15051
1888,8,2,19,6,54649800,3635,3153840,209,15059
1889,8,0,22,3,54691560,3636,3158940,209,15067
1890,7,0,18,7,54741060,3637,3158940,209,15074
1891,12,0,20,5,54763200,3636,3158940,209,15086
1892,8,0,18,7,54792480,3636,3158940,209,15094
1893,6,0,15,10,54834540,3636,3158940,209,15100
1894,5,0,16,9,54848160,3636,3158940,209,15105
1895,5,0,18,7,54860400,3636,3158940,209,15110
1896,5,0,17,8,54881700,3636,3158940,209,15115
1897,6,0,16,9,54911160,3636,3158940,209,15121
1898,6,0,16,9,54921300,3636,3158940,208,15127
1899,6,0,17,8,54940800,3636,3158940,208,15133
1900,9,0,21,4,54956580,3636,3158940,208,15142
1901,7,0,18,7,54987960,3635,3158940,208,15149
1902,8,0,20,5,55012800,3636,3158940,208,15157
1903,15,1,25,0,55060860,3637,3158940,208,15172
1904,19,15,25,0,55082220,3637,3163560,208,15191
1905,15,27,18,7,55134600,3638,3168840,208,15206
1906,14,38,16,9,55178340,3639,3178020,208,15220
1907,12,40,21,4,55192620,3640,3199800,210,15232
1908,9,38,25,0,55219260,3640,3258240,213,15241
1909,13,35,25,0,55284480,3642,3350340,219,15254
1910,11,31,25,0,55344960,3642,3512460,230,15265
1911,10,15,25,0,55392120,3639,3762060,246,15275
1912,15,4,25,0,55431780,3635,4011060,262,15290
1913,13,15,19,6,55466760,3636,4011360,262,15303
1914,10,20,20,5,55495920,3637,4024020,263,15313
1915,7,16,25,0,55540800,3638,4084500,266,15320
1916,10,7,25,0,55603500,3638,4169640,272,15330
1917,7,0,19,6,55638420,3635,4244640,277,15337
1918,9,0,20,5,55664520,3635,4244640,276,15346
1919,8,3,18,7,55691880,3635,4245300,276,15354
1920,3,1,19,6,55716780,3636,4254900,277,15357
1921,10,0,23,2,55752960,3637,4259700,277,15367
1922,5,0,17,8,55791240,3636,4259700,277,15372
1923,7,0,17,8,55821840,3637,4259700,277,15379
1924,3,0,15,10,55840920,3637,4259700,277,15382
1925,2,0,15,10,55848060,3637,4259700,277,15384
1926,7,0,17,8,55864200,3637,4259700,277,15391
1927,5,0,17,8,55882020,3637,4259700,276,15396
1928,6,0,18,7,55909260,3637,4259700,276,15402
1929,8,0,20,5,55928460,3637,4259700,276,15410
1930,12,0,25,0,55947900,3637,4260300,276,15422
1931,9,0,20,5,56004360,3637,4260900,276,15431
1932,10,0,18,7,56048940,3637,4260900,276,15441
1933,10,0,20,5,56072340,3637,4260900,276,15451
1934,6,0,19,6,56102400,3637,4260900,275,15457
1935,11,0,20,5,56131920,3637,4260900,275,15468
1936,8,0,21,4,56156880,3637,4260900,275,15476
1937,9,0,20,5,56194920,3637,4260900,275,15485
1938,5,0,15,10,56231520,3637,4260900,275,15490
1939,9,0,16,9,56246460,3636,4260900,275,15499
1940,7,0,18,7,56255640,3635,4260900,275,15506
1941,8,0,19,6,56280660,3635,4260900,274,15514
1942,2,0,14,11,56311200,3636,4260900,274,15516
1943,5,0,13,12,56321520,3635,4260900,274,15521
1944,2,0,12,13,56336580,3635,4260900,274,15523
1945,3,0,14,11,56342580,3635,4260900,274,15526
1946,5,0,18,7,56343000,3635,4260900,274,15531
1947,4,0,15,10,56372100,3635,4260900,274,15535
1948,6,0,14,11,56396880,3635,4260900,274,15541
1949,3,0,14,11,56404560,3635,4260900,274,15544
1950,12,0,21,4,56415780,3635,4260900,274,15556
1951,3,0,14,11,56442120,3634,4260900,274,15559
1952,3,0,14,11,56451540,3634,4260900,274,15562
1953,12,0,23,2,56456820,3633,4260900,273,15574
1954,8,2,23,2,56483820,3634,4263180,273,15582
1955,7,0,17,8,56539860,3634,4266240,273,15589
1956,11,1,25,0,56551680,3634,4266900,273,15600
1957,6,5,18,7,56593920,3635,4268100,273,15606
1958,11,14,17,8,56613060,3635,4269720,273,15617
1959,7,13,20,5,56654520,3637,4287780,274,15624
1960,6,17,20,5,56667480,3637,4292280,274,15630
1961,9,22,18,7,56713140,3639,4298460,275,15639
1962,8,29,18,7,56720220,3639,4303140,275,15647
1963,4,30,17,8,56756340,3640,4316220,276,15651
1964,5,31,19,6,56782200,3641,4330380,276,15656
1965,10,38,19,6,56806860,3642,4336740,277,15666
1966,2,36,19,6,56842260,3644,4347000,277,15668
1967,5,31,24,1,56871540,3644,4475460,285,15673
1968,4,22,25,0,56926200,3645,4737600,302,15677
1969,7,6,25,0,56977200,3643,5142720,328,15684
1970,6,0,17,8,57021660,3641,5306700,338,15690
1971,6,0,17,8,57045720,3641,5306700,338,15696
1972,4,0,17,8,57066480,3642,5306700,338,15700
1973,10,0,19,6,57095880,3642,5306700,338,15710
1974,10,0,20,5,57119400,3641,5306700,337,15720
1975,6,0,19,6,57146040,3641,5306700,337,15726
1976,11,0,18,7,57186120,3641,5306700,337,15737
1977,14,0,23,2,57216660,3641,5308020,337,15751
1978,8,0,19,6,57256440,3641,5308020,337,15759
1979,10,0,21,4,57288360,3641,5308020,336,15769
1980,11,7,22,3,57299220,3641,5308500,336,15780
1981,13,17,19,6,57339900,3642,5314860,336,15793
1982,8,14,25,0,57379080,3643,5361960,339,15801
1983,13,18,25,0,57417060,3644,5394840,341,15814
1984,5,4,25,0,57486960,3644,5495100,347,15819
1985,13,0,24,1,57529620,3642,5513460,348,15832
1986,8,0,21,4,57562440,3642,5513460,348,15840
1987,5,0,15,10,57606840,3642,5513460,348,15845
1988,7,0,18,7,57619920,3642,5513460,348,15852
1989,5,0,16,9,57646620,3642,5513460,348,15857
1990,7,0,17,8,57663420,3642,5513460,347,15864
1991,7,0,20,5,57679560,3642,5513460,347,15871
1992,4,0,18,7,57707940,3642,5513460,347,15875
1993,2,0,15,10,57732060,3643,5513460,347,15877
1994,6,0,14,11,57760560,3643,5513460,347,15883
1995,4,0,15,10,57767880,3643,5513460,347,15887
1996,6,0,17,8,57773280,3642,5513460,347,15893
1997,10,0,21,4,57794640,3642,5513460,347,15903
1998,5,0,20,5,57817200,3642,5513460,346,15908
1999,8,0,18,7,57860100,3642,5513460,346,15916
2000,9,0,21,4,57878820,3642,5513460,346,15925
2001,11,0,24,1,57914820,3643,5513460,346,15936
2002,11,1,24,1,57950160,3643,5513760,346,15947
2003,14,12,18,7,57983940,3643,5518140,346,15961
2004,16,27,16,9,58006260,3643,5518200,345,15977
2005,12,35,17,8,58038600,3645,5536260,346,15989
2006,7,39,20,5,58038600,3645,5544480,346,15996
2007,11,40,19,6,58062180,3645,5557860,347,16007
2008,14,40,22,3,58094760,3647,5581440,349,16021
2009,9,37,25,0,58152660,3648,5697840,356,16030
2010,10,34,25,0,58212240,3649,5773200,360,16040
2011,5,27,25,0,58257060,3649,5951460,371,16045
2012,11,24,25,0,58306920,3649,6054240,377,16056
2013,9,17,25,0,58363500,3649,6169920,384,16065
2014,9,6,25,0,58419540,3648,6570900,409,16074
2015,3,0,13,12,58469220,3646,6707580,417,16077
2016,4,0,15,10,58479780,3646,6707580,417,16081
2017,6,0,20,5,58480680,3646,6707580,417,16087
2018,6,0,23,2,58488180,3646,6707580,417,16093
2019,4,0,20,5,58515900,3646,6707580,417,16097
2020,6,0,20,5,58534500,3646,6707580,417,16103
2021,6,0,20,5,58561860,3646,6707580,417,16109
2022,7,0,21,4,58576080,3646,6707580,416,16116
2023,10,0,20,5,58607460,3645,6707580,416,16126
2024,5,0,18,7,58627920,3645,6707580,416,16131
2025,9,0,21,4,58645440,3645,6707580,416,16140
2026,11,2,25,0,58653060,3644,6707580,416,16151
2027,8,0,20,5,58695240,3643,6708360,415,16159
2028,19,5,25,0,58716960,3642,6710040,415,16178
2029,14,10,25,0,58747620,3642,6717360,415,16192
2030,13,12,25,0,58806060,3643,6732420,416,16205
2031,10,14,25,0,58818420,3642,6741300,416,16215
2032,7,2,25,0,58885620,3642,6843600,422,16222
2033,13,0,24,1,58919280,3641,6866880,423,16235
2034,5,0,21,4,58944060,3640,6866880,423,16240
2035,5,0,21,4,58970160,3641,6866880,423,16245
2036,5,0,23,2,58987800,3641,6866880,423,16250
2037,3,0,19,6,59025360,3642,6866880,423,16253
2038,5,0,19,6,59043360,3642,6866880,423,16258
2039,6,0,23,2,59053980,3642,6866880,422,16264
2040,6,0,20,5,59082120,3642,6866880,422,16270
2041,3,0,20,5,59098320,3642,6866880,422,16273
2042,8,0,19,6,59142420,3643,6866880,422,16281
2043,7,0,21,4,59158560,3643,6866880,422,16288
2044,4,0,19,6,59183760,3643,6866880,422,16292
2045,3,0,16,9,59201160,3643,6866880,422,16295
2046,5,0,20,5,59203020,3643,6866880,422,16300
2047,6,0,18,7,59238420,3643,6866880,421,16306
2048,8,0,22,3,59247900,3643,6866880,421,16314
2049,12,4,25,0,59265300,3643,6867600,421,16326
2050,15,12,25,0,59306220,3644,6875520,421,16341
2051,15,21,25,0,59342220,3645,6882480,421,16356
2052,11,29,25,0,59361900,3645,6886860,421,16367
2053,11,35,21,4,59432700,3647,6895920,421,16378
2054,8,35,25,0,59455680,3648,6938340,424,16386
2055,12,38,25,0,59476080,3648,6949260,424,16398
2056,11,37,25,0,59532240,3649,7014240,428,16409
2057,9,33,25,0,59584080,3649,7170720,437,16418
2058,10,34,25,0,59614200,3649,7249020,442,16428
2059,2,15,25,0,59664960,3647,7742460,472,16430
2060,6,0,18,7,59705400,3644,7936500,483,16436
2061,4,0,18,7,59718000,3644,7936500,483,16440
2062,7,0,17,8,59741820,3643,7936500,483,16447
2063,2,0,19,6,59741820,3643,7936500,483,16449
2064,5,0,19,6,59759820,3643,7936500,483,16454
2065,4,0,20,5,59770140,3643,7936500,483,16458
2066,9,0,19,6,59799180,3643,7936500,482,16467
2067,3,0,19,6,59812740,3643,7936500,482,16470
2068,6,0,19,6,59839380,3643,7936500,482,16476
2069,12,0,24,1,59857680,3643,7936800,482,16488
2070,3,0,18,7,59895000,3643,7936800,482,16491
2071,13,0,23,2,59922480,3643,7936800,481,16504
2072,7,0,23,2,59940600,3642,7936800,481,16511
2073,9,0,21,4,59977740,3642,7936800,481,16520
2074,11,1,25,0,59992500,3642,7936800,481,16531
2075,8,4,25,0,60004080,3641,7937340,481,16539
2076,8,0,20,5,60061020,3641,7945800,481,16547
2077,10,2,23,2,60087660,3642,7946340,480,16557
2078,13,9,24,1,60113460,3642,7954260,481,16570
2079,11,17,22,3,60141300,3643,7960200,481,16581
2080,11,21,24,1,60177840,3644,7972440,481,16592
2081,4,19,25,0,60202260,3644,7981860,481,16596
2082,7,17,25,0,60255180,3645,8008620,483,16603
2083,3,10,25,0,60295860,3646,8107800,489,16606
2084,6,0,25,0,60341460,3645,8283180,499,16612
2085,6,0,24,1,60354480,3644,8284620,499,16618
2086,13,2,25,0,60405540,3645,8287980,499,16631
2087,4,0,25,0,60437340,3646,8296860,499,16635
2088,4,0,20,5,60469860,3646,8296860,499,16639
2089,10,0,21,4,60511800,3646,8296860,499,16649
2090,4,0,17,8,60540720,3646,8296860,499,16653
2091,4,0,19,6,60546240,3646,8296860,499,16657
2092,4,0,17,8,60566940,3646,8296860,498,16661
2093,10,0,22,3,60582240,3646,8296860,498,16671
2094,3,0,17,8,60613620,3646,8296860,498,16674
2095,3,0,16,9,60624480,3646,8296860,498,16677
2096,4,0,16,9,60630540,3645,8296860,498,16681
2097,10,0,21,4,60636180,3644,8296860,498,16691
2098,8,0,24,1,60648000,3644,8296860,497,16699
2099,13,2,25,0,60677460,3644,8298900,497,16712
2100,13,1,25,0,60718800,3643,8308320,497,16725
2101,10,0,20,5,60761160,3642,8309220,497,16735
2102,10,0,21,4,60783960,3641,8309220,497,16745
2103,11,0,24,1,60808980,3641,8310600,496,16756
2104,9,0,24,1,60847620,3642,8312160,496,16765
2105,10,0,25,0,60878460,3641,8314140,496,16775
2106,5,3,22,3,60899040,3642,8316960,496,16780
2107,6,2,24,1,60939000,3643,8323500,496,16786
2108,9,0,25,0,60972900,3643,8341260,497,16795
2109,4,0,19,6,61013340,3643,8341260,497,16799
2110,6,0,19,6,61037760,3643,8341260,497,16805
2111,6,0,21,4,61051560,3643,8341260,497,16811
2112,7,0,22,3,61072200,3643,8341260,496,16818
2113,6,0,23,2,61086600,3643,8341260,496,16824
2114,5,0,20,5,61121700,3643,8341260,496,16829
2115,5,0,19,6,61151520,3644,8341260,496,16834
2116,2,0,17,8,61172760,3644,8341260,496,16836
2117,10,0,21,4,61182660,3643,8341260,496,16846
2118,7,0,21,4,61206060,3643,8341260,495,16853
2119,5,0,22,3,61230780,3644,8341260,495,16858
2120,9,0,24,1,61259040,3644,8341380,495,16867
2121,7,0,22,3,61302180,3645,8341560,495,16874
2122,11,2,25,0,61320300,3644,8343000,495,16885
2123,10,3,25,0,61366500,3645,8349000,495,16895
2124,14,3,25,0,61416600,3645,8365920,495,16909
2125,12,0,21,4,61461900,3644,8372100,495,16921
2126,11,0,23,2,61479840,3643,8372100,495,16932
2127,18,4,25,0,61516620,3642,8375460,495,16950
2128,5,0,23,2,61550760,3642,8377740,495,16955
2129,12,1,25,0,61587660,3642,8381460,494,16967
2130,9,2,25,0,61614300,3642,8386740,495,16976
2131,7,0,22,3,61665600,3643,8388660,494,16983
2132,5,0,20,5,61693500,3643,8388660,494,16988
2133,9,0,22,3,61724460,3643,8388660,494,16997
2134,7,0,23,2,61744440,3643,8388660,494,17004
2135,8,0,20,5,61783560,3643,8388660,494,17012
2136,4,0,19,6,61803900,3643,8388660,493,17016
2137,5,0,20,5,61815360,3643,8388660,493,17021
2138,7,0,23,2,61829100,3643,8388660,493,17028
2139,5,0,21,4,61863120,3643,8388660,493,17033
2140,8,0,18,7,61895580,3643,8388660,493,17041
2141,8,0,20,5,61910880,3642,8388660,493,17049
2142,11,0,25,0,61925460,3642,8389680,492,17060
2143,8,0,21,4,61970460,3642,8389920,492,17068
2144,4,0,21,4,61983360,3642,8389920,492,17072
2145,7,0,21,4,62021460,3643,8389920,492,17079
2146,11,0,23,2,62055600,3643,8389920,491,17090
2147,11,3,25,0,62072460,3642,8390280,491,17101
2148,12,3,25,0,62124060,3643,8403240,492,17113
2149,11,3,25,0,62148540,3642,8410800,492,17124
2150,4,0,20,5,62193960,3642,8420460,492,17128
2151,10,0,22,3,62205300,3641,8420460,492,17138
2152,8,0,23,2,62240820,3642,8420460,492,17146
2153,6,0,23,2,62266740,3642,8420460,491,17152
2154,4,0,18,7,62303520,3642,8420580,491,17156
2155,6,0,19,6,62322780,3642,8420580,491,17162
2156,6,0,20,5,62344740,3642,8420580,491,17168
2157,7,0,22,3,62360640,3642,8420580,491,17175
2158,6,0,17,8,62397660,3642,8420580,491,17181
2159,1,0,16,9,62406180,3642,8420580,491,17182
2160,3,0,16,9,62413380,3642,8420580,490,17185
2161,4,0,15,10,62426520,3642,8420580,490,17189
2162,4,0,17,8,62427840,3641,8420580,490,17193
2163,6,0,19,6,62436960,3641,8420580,490,17199
2164,6,0,19,6,62458140,3641,8420580,490,17205
2165,11,0,23,2,62473200,3640,8420580,490,17216
2166,6,0,20,5,62494020,3640,8420580,489,17222
2167,7,0,19,6,62522940,3640,8420580,489,17229
2168,12,0,23,2,62543700,3639,8420580,489,17241
2169,10,0,23,2,62568840,3638,8420580,489,17251
2170,12,0,25,0,62612580,3639,8423880,488,17263
2171,6,0,21,4,62641680,3638,8423880,488,17269
2172,4,0,18,7,62667420,3639,8423880,488,17273
2173,9,0,22,3,62691000,3639,8423880,488,17282
2174,9,0,25,0,62701800,3638,8423880,488,17291
2175,7,0,22,3,62744280,3639,8424660,487,17298
2176,9,0,21,4,62779140,3638,8424660,487,17307
2177,11,0,23,2,62808120,3638,8426100,487,17318
2178,9,0,24,1,62829660,3638,8426100,487,17327
2179,10,0,25,0,62862780,3638,8427240,487,17337
2180,2,0,21,4,62887980,3638,8428740,487,17339
2181,5,0,19,6,62929860,3639,8428740,486,17344
2182,3,0,19,6,62946840,3639,8428740,486,17347
2183,4,0,18,7,62964900,3639,8428740,486,17351
2184,2,0,17,8,62975520,3639,8428740,486,17353
2185,4,0,18,7,62996280,3640,8428740,486,17357
2186,8,0,22,3,63000540,3639,8428740,486,17365
2187,6,0,21,4,63031200,3640,8428740,486,17371
2188,7,0,21,4,63043260,3639,8428740,485,17378
2189,6,0,22,3,63066240,3639,8428740,485,17384
2190,4,0,21,4,63095160,3640,8428740,485,17388
2191,5,0,18,7,63133380,3640,8428740,485,17393
2192,10,0,24,1,63152460,3640,8428740,485,17403
2193,9,4,25,0,63166620,3640,8430060,485,17412
2194,9,1,25,0,63222840,3641,8446260,485,17421
2195,17,1,25,0,63264120,3640,8448660,485,17438
2196,6,0,23,2,63294060,3640,8451180,485,17444
2197,15,7,25,0,63319080,3640,8452080,485,17459
2198,16,13,25,0,63377160,3641,8466120,485,17475
2199,13,21,25,0,63406200,3642,8476740,485,17488
2200,9,23,25,0,63447720,3643,8492100,486,17497
2201,7,22,25,0,63483900,3643,8547360,489,17504
2202,6,14,25,0,63541560,3644,8638560,494,17510
2203,5,0,21,4,63580020,3641,8813640,504,17515
2204,9,0,21,4,63609120,3641,8813640,503,17524
2205,7,0,21,4,63637320,3641,8813640,503,17531
2206,5,0,21,4,63648780,3641,8813640,503,17536
2207,9,0,22,3,63676500,3640,8813640,503,17545
2208,3,0,20,5,63704100,3641,8813640,503,17548
2209,5,0,17,8,63731580,3641,8813640,503,17553
2210,11,0,22,3,63751020,3641,8813640,502,17564
2211,5,0,23,2,63759720,3640,8813640,502,17569
2212,4,0,19,6,63798060,3641,8813640,502,17573
2213,4,0,21,4,63806460,3641,8813640,502,17577
2214,6,0,18,7,63846960,3641,8813640,502,17583
2215,10,0,24,1,63860520,3641,8813640,501,17593
2216,7,0,24,1,63876780,3641,8813760,501,17600
2217,7,0,23,2,63923160,3642,8813760,501,17607
2218,10,0,25,0,63952920,3642,8817480,501,17617
2219,11,1,25,0,63990720,3642,8819940,501,17628
2220,11,0,22,3,64028280,3641,8822040,501,17639
2221,11,0,23,2,64067880,3641,8822040,500,17650
2222,11,5,25,0,64076940,3641,8823420,500,17661
2223,12,2,25,0,64132920,3641,8839440,501,17673
2224,7,0,24,1,64168500,3641,8843760,501,17680
2225,12,3,25,0,64211580,3642,8845740,501,17692
2226,8,0,23,2,64247640,3641,8847780,500,17700
2227,10,2,25,0,64272180,3641,8850840,500,17710
2228,10,0,24,1,64324500,3641,8856420,500,17720
2229,8,0,24,1,64352520,3641,8856780,500,17728
2230,9,0,22,3,64401180,3642,8856780,500,17737
2231,5,0,23,2,64417080,3642,8856780,500,17742
2232,7,0,21,4,64460880,3643,8856780,499,17749
2233,7,0,22,3,64484040,3643,8856780,499,17756
2234,7,0,20,5,64507860,3642,8856780,499,17763
2235,5,0,19,6,64530540,3642,8856780,499,17768
2236,4,0,21,4,64536420,3642,8856780,499,17772
2237,11,0,25,0,64572780,3643,8857320,499,17783
2238,9,0,25,0,64605480,3643,8858940,498,17792
2239,9,0,21,4,64657020,3643,8858940,498,17801
2240,10,0,25,0,64675440,3643,8861400,498,17811
2241,13,3,25,0,64705020,3642,8863320,498,17824
2242,7,0,25,0,64743720,3643,8872740,498,17831
2243,11,5,22,3,64787580,3643,8877900,498,17842
2244,11,10,25,0,64814040,3644,8883600,498,17853
2245,12,18,25,0,64836360,3644,8887380,498,17865
2246,12,23,25,0,64889700,3646,8900880,498,17877
2247,9,24,25,0,64927920,3647,8920080,499,17886
2248,11,25,25,0,64979280,3647,8963580,501,17897
2249,7,19,25,0,65024820,3647,9060360,507,17904
2250,4,0,25,0,65069520,3645,9330900,522,17908
2251,5,0,18,7,65090040,3644,9330900,521,17913
2252,5,0,19,6,65105340,3644,9330900,521,17918
2253,7,0,21,4,65117520,3643,9330900,521,17925
2254,3,0,18,7,65134620,3643,9330900,521,17928
2255,9,0,21,4,65157780,3643,9330900,521,17937
2256,9,0,22,3,65183340,3643,9330900,520,17946
2257,3,0,19,6,65206560,3643,9330900,520,17949
2258,7,0,21,4,65223780,3643,9330900,520,17956
2259,8,0,24,1,65252640,3644,9330900,520,17964
2260,8,0,22,3,65276400,3643,9330900,520,17972
2261,7,0,20,5,65306760,3643,9330900,519,17979
2262,8,0,21,4,65326860,3643,9330900,519,17987
2263,5,0,18,7,65346900,3642,9330900,519,17992
2264,5,0,19,6,65358960,3642,9330900,519,17997
2265,9,0,23,2,65372340,3642,9330900,519,18006
2266,11,2,25,0,65403120,3642,9332400,519,18017
2267,7,0,20,5,65448240,3642,9333300,518,18024
2268,9,1,25,0,65458080,3642,9333300,518,18033
2269,12,0,23,2,65509740,3641,9333960,518,18045
2270,8,0,20,5,65540640,3641,9333960,518,18053
2271,12,0,23,2,65566020,3640,9333960,517,18065
2272,7,0,21,4,65605860,3641,9334020,517,18072
2273,11,3,25,0,65625600,3641,9334020,517,18083
2274,8,0,25,0,65677920,3642,9345840,517,18091
2275,9,0,25,0,65705040,3641,9345840,517,18100
2276,11,1,25,0,65742000,3642,9352440,517,18111
2277,6,0,20,5,65776260,3641,9353460,517,18117
2278,11,0,22,3,65811120,3641,9353580,516,18128
2279,8,0,20,5,65847240,3641,9353580,516,18136
2280,5,0,20,5,65859480,3641,9353580,516,18141
2281,8,0,21,4,65876760,3640,9353580,516,18149
2282,1,0,16,9,65907600,3641,9353580,516,18150
2283,4,0,17,8,65916720,3641,9353580,516,18154
2284,5,0,20,5,65920500,3641,9353580,516,18159
2285,5,0,19,6,65946960,3641,9353580,515,18164
2286,7,0,20,5,65970180,3641,9353580,515,18171
2287,10,0,22,3,65985600,3640,9353580,515,18181
2288,8,0,22,3,66015360,3640,9353580,515,18189
2289,7,0,22,3,66044640,3640,9353580,515,18196
2290,12,0,20,5,66092400,3640,9353580,514,18208
2291,8,0,22,3,66100200,3639,9353580,514,18216
2292,14,4,25,0,66129120,3640,9358140,514,18230
2293,9,1,25,0,66160860,3639,9376800,515,18239
2294,10,0,25,0,66204600,3639,9376860,514,18249
2295,13,4,25,0,66230760,3639,9383040,514,18262
2296,11,4,25,0,66283860,3639,9404040,515,18273
2297,19,13,25,0,66305460,3639,9415020,515,18292
2298,7,12,25,0,66358320,3640,9428880,516,18299
2299,6,8,24,1,66396420,3640,9455820,517,18305
2300,5,0,21,4,66430740,3639,9534780,521,18310
2301,7,0,20,5,66467160,3639,9534780,521,18317
2302,9,0,20,5,66493200,3639,9534780,521,18326
2303,4,0,20,5,66508920,3639,9534780,521,18330
2304,6,0,18,7,66538440,3639,9534780,520,18336
2305,2,0,18,7,66548940,3639,9534780,520,18338
2306,6,0,19,6,66557160,3638,9534780,520,18344
2307,6,0,20,5,66578520,3638,9534780,520,18350
2308,5,0,20,5,66594480,3638,9534780,520,18355
2309,9,0,21,4,66628680,3639,9534780,520,18364
2310,5,0,24,1,66634800,3639,9534780,520,18369
2311,13,5,25,0,66671280,3639,9537780,519,18382
2312,3,0,19,6,66721080,3639,9542760,520,18385
2313,12,1,25,0,66741000,3639,9543660,519,18397
2314,14,3,25,0,66781740,3639,9547200,519,18411
2315,6,1,25,0,66814560,3639,9559200,520,18417
2316,10,0,24,1,66853320,3639,9561300,519,18427
2317,9,1,22,3,66881580,3639,9561900,519,18436
2318,10,9,21,4,66896820,3639,9563160,519,18446
2319,8,15,21,4,66919320,3640,9571680,519,18454
2320,9,17,24,1,66955500,3641,9588300,520,18463
2321,9,26,22,3,66965820,3641,9588300,520,18472
2322,6,29,20,5,67009140,3642,9593820,520,18478
2323,9,31,24,1,67039200,3643,9633480,522,18487
2324,9,35,25,0,67064220,3644,9641700,522,18496
2325,2,33,25,0,67099680,3645,9716700,526,18498
2326,5,27,25,0,67162920,3646,9840960,532,18503
2327,6,17,25,0,67201500,3645,10042920,543,18509
2328,7,4,25,0,67243620,3644,10363140,560,18516
2329,5,0,19,6,67277820,3642,10420500,563,18521
2330,5,0,21,4,67288620,3642,10420500,563,18526
2331,6,0,23,2,67308900,3643,10420500,563,18532
2332,5,0,19,6,67354080,3643,10420500,563,18537
2333,10,0,20,5,67379040,3643,10420500,562,18547
2334,5,0,19,6,67398240,3643,10420500,562,18552
2335,4,0,18,7,67416480,3643,10420500,562,18556
2336,4,0,18,7,67435680,3643,10420500,562,18560
2337,9,0,22,3,67445940,3643,10420500,562,18569
2338,10,0,25,0,67473300,3643,10421880,561,18579
2339,12,7,23,2,67502700,3643,10424040,561,18591
2340,11,15,21,4,67535820,3644,10428720,561,18602
2341,17,29,20,5,67563840,3645,10433700,561,18619
2342,12,37,21,4,67583880,3645,10441380,561,18631
2343,8,38,25,0,67613940,3646,10468980,562,18639
2344,5,35,25,0,67655220,3647,10546680,566,18644
2345,6,36,25,0,67686240,3647,10579740,568,18650
2346,8,37,25,0,67718400,3648,10591260,568,18658
2347,8,36,25,0,67767180,3649,10677540,573,18666
2348,4,31,25,0,67809780,3649,10824660,580,18670
2349,16,30,25,0,67860300,3648,11062080,593,18686
2350,4,25,25,0,67883820,3648,11119680,596,18690
2351,5,7,25,0,67942020,3647,11633820,623,18695
2352,6,0,19,6,67969800,3644,11726580,628,18701
2353,4,0,19,6,67983120,3644,11726580,628,18705
2354,7,0,21,4,67998780,3644,11726580,627,18712
2355,8,0,19,6,68032440,3644,11726580,627,18720
2356,8,0,22,3,68053320,3644,11726580,627,18728
2357,5,0,21,4,68078340,3644,11726580,627,18733
2358,8,0,22,3,68099640,3644,11726580,626,18741
2359,13,2,25,0,68127600,3644,11726580,626,18754
2360,6,0,25,0,68151540,3644,11732940,626,18760
2361,12,6,22,3,68192940,3644,11734260,626,18772
2362,11,10,25,0,68221320,3645,11747160,626,18783
2363,10,12,25,0,68257860,3645,11758320,626,18793
2364,11,14,25,0,68297940,3646,11763780,626,18804
2365,17,23,25,0,68340480,3646,11769720,626,18821
2366,4,21,25,0,68371140,3647,11779860,626,18825
2367,9,26,21,4,68423100,3648,11786040,626,18834
2368,11,28,25,0,68443980,3648,11808600,627,18845
2369,7,28,22,3,68474640,3648,11851560,629,18852
2370,11,33,23,2,68513220,3649,11896320,631,18863
2371,8,28,25,0,68551680,3649,12019140,638,18871
2372,10,17,25,0,68600220,3647,12296460,652,18881
2373,7,0,22,3,68639640,3644,12611640,668,18888
2374,9,0,22,3,68668440,3644,12611640,668,18897
2375,7,0,23,2,68689860,3644,12611640,668,18904
2376,5,0,21,4,68716140,3644,12611640,668,18909
2377,9,0,23,2,68740260,3644,12611640,667,18918
2378,3,0,18,7,68767860,3644,12611640,667,18921
2379,8,0,22,3,68787300,3644,12611640,667,18929
2380,6,0,22,3,68809380,3644,12611640,667,18935
2381,5,0,20,5,68837760,3644,12611640,667,18940
2382,6,0,17,8,68866020,3644,12611640,666,18946
2383,8,0,24,1,68868840,3644,12611640,666,18954
2384,5,0,21,4,68895780,3644,12611640,666,18959
2385,12,0,24,1,68929620,3644,12612000,665,18971
2386,8,0,23,2,68956740,3644,12612000,665,18979
2387,7,0,21,4,68992440,3644,12612000,665,18986
2388,9,0,22,3,69015360,3644,12613200,665,18995
2389,11,0,24,1,69048660,3644,12613200,664,19006
2390,10,0,23,2,69084600,3643,12614400,664,19016
2391,10,1,25,0,69114480,3644,12614400,664,19026
2392,7,0,20,5,69163860,3644,12615900,664,19033
2393,8,0,20,5,69181320,3643,12615900,663,19041
2394,8,0,23,2,69198240,3643,12615900,663,19049
2395,10,2,25,0,69224160,3643,12617160,663,19059
2396,7,4,22,3,69268620,3644,12627360,663,19066
2397,9,4,25,0,69295740,3644,12639900,663,19075
2398,3,0,19,6,69341940,3644,12651420,664,19078
2399,5,0,20,5,69362040,3645,12651420,664,19083

