Hour,Arrivals,Waiting,Treating,Available Rooms,Total Treatment Time,Average Treatment Time,Total Wait Time,Average Wait Time,Total Arrivals
1,8,0,7,18,600,600,0,0,8
2,1,0,4,21,12840,2568,0,0,9
3,4,0,1,24,45780,3815,0,0,13
4,3,0,2,23,47760,3411,0,0,16
5,5,0,6,19,55140,3676,0,0,21
6,8,0,8,17,74580,3551,0,0,29
7,9,0,8,17,100980,3366,0,0,38
8,7,0,4,21,141900,3460,0,0,45
9,4,0,4,21,155400,3453,0,0,49
10,10,0,9,16,172980,3459,0,0,59
11,13,0,6,19,225420,3415,0,0,72
12,7,0,9,16,235500,3364,0,0,79
13,10,0,7,18,271920,3316,0,0,89
14,7,0,4,21,301440,3276,0,0,96
15,7,0,7,18,310620,3235,0,0,103
16,10,0,6,19,336540,3145,0,0,113
17,10,0,7,18,369780,3187,0,0,123
18,5,0,7,18,394020,3256,0,0,128
19,10,0,11,14,412740,3249,0,0,138
20,4,0,10,15,430920,3264,0,0,142
21,7,0,7,18,476340,3354,0,0,149
22,10,0,12,13,496080,3374,0,0,159
23,7,0,8,17,535680,3390,0,0,166
24,2,0,3,22,564240,3419,0,0,168
25,5,0,2,23,589980,3450,0,0,173
26,3,0,4,21,591120,3436,0,0,176
27,3,0,4,21,594600,3397,0,0,179
28,7,0,8,17,607740,3414,0,0,186
29,8,0,8,17,632280,3399,0,0,194
30,4,0,7,18,653880,3423,0,0,198
31,6,0,10,15,667980,3443,0,0,204
32,9,0,12,13,701340,3489,0,0,213
33,8,0,9,16,742380,3501,0,0,221
34,9,0,8,17,784560,3534,0,0,230
35,10,0,11,14,818100,3572,0,0,240
36,6,0,7,18,849900,3556,0,0,246
37,13,0,11,14,875460,3530,0,0,259
38,4,0,10,15,898860,3552,0,0,263
39,7,0,6,19,953460,3611,0,0,270
40,4,0,7,18,963120,3607,0,0,274
41,8,0,10,15,982980,3613,0,0,282
42,6,0,8,17,1031700,3684,0,0,288
43,8,0,9,16,1059780,3692,0,0,296
44,11,0,12,13,1094700,3710,0,0,307
45,7,0,10,15,1140660,3752,0,0,314
46,0,0,3,22,1183320,3804,0,0,314
47,2,0,2,23,1195320,3806,0,0,316
48,8,0,4,21,1211340,3785,0,0,324
49,1,0,3,22,1216500,3777,0,0,325
50,6,0,2,23,1236780,3759,0,0,331
51,3,0,3,22,1238700,3742,0,0,334
52,4,0,4,21,1248060,3736,0,0,338
53,7,0,9,16,1256100,3738,0,0,345
54,4,0,3,22,1294320,3740,0,0,349
55,4,0,1,24,1306740,3712,0,0,353
56,9,0,8,17,1310340,3701,0,0,362
57,10,0,6,19,1335600,3649,0,0,372
58,11,0,11,14,1346400,3619,0,0,383
59,10,0,9,16,1392000,3625,0,0,393
60,11,0,10,15,1423140,3612,0,0,404
61,12,0,12,13,1455660,3603,0,0,416
62,11,0,9,16,1499400,3587,0,0,427
63,5,0,6,19,1529040,3589,0,0,432
64,10,0,10,15,1562820,3617,0,0,442
65,8,0,10,15,1587480,3607,0,0,450
66,7,0,10,15,1620480,3625,0,0,457
67,6,0,8,17,1663440,3655,0,0,463
68,10,0,8,17,1695060,3645,0,0,473
69,7,0,9,16,1723140,3658,0,0,480
70,6,0,5,20,1760220,3659,0,0,486
71,4,0,7,18,1763160,3650,0,0,490
72,6,0,5,20,1802760,3671,0,0,496
73,3,0,5,20,1822740,3689,0,0,499
74,4,0,4,21,1839660,3686,0,0,503
75,3,0,4,21,1856160,3697,0,0,506
76,4,0,3,22,1874580,3697,0,0,510
77,5,0,6,19,1883340,3700,0,0,515
78,4,0,7,18,1898760,3708,0,0,519
79,3,0,6,19,1925040,3730,0,0,522
80,6,0,10,15,1931460,3728,0,0,528
81,8,0,10,15,1978740,3761,0,0,536
82,9,0,12,13,2014440,3779,0,0,545
83,9,0,6,19,2061540,3761,0,0,554
84,9,0,8,17,2080740,3749,0,0,563
85,4,0,4,21,2112060,3751,0,0,567
86,7,0,6,19,2130840,3751,0,0,574
87,8,0,6,19,2142780,3720,0,0,582
88,6,0,7,18,2162580,3722,0,0,588
89,6,0,9,16,2183340,3732,0,0,594
90,12,0,13,12,2212680,3731,0,0,606
91,6,0,9,16,2248500,3728,0,0,612
92,10,0,6,19,2304240,3740,0,0,622
93,9,0,7,18,2333760,3740,0,0,631
94,6,0,9,16,2347500,3738,0,0,637
95,6,0,6,19,2384640,3743,0,0,643
96,6,0,4,21,2410440,3737,0,0,649
97,4,0,3,22,2419560,3722,0,0,653
98,7,0,5,20,2434920,3717,0,0,660
99,7,0,4,21,2459340,3709,0,0,667
100,7,0,3,22,2487300,3706,0,0,674
101,4,0,2,23,2502540,3701,0,0,678
102,6,0,3,22,2518920,3698,0,0,684
103,4,0,3,22,2528460,3691,0,0,688
104,10,0,9,16,2539140,3685,0,0,698
105,13,0,15,10,2559360,3677,0,0,711
106,5,0,6,19,2629380,3703,0,0,716
107,11,0,9,16,2647080,3686,0,0,727
108,10,0,12,13,2673660,3687,0,0,737
109,12,0,10,15,2732280,3697,0,0,749
110,6,0,8,17,2753160,3685,0,0,755
111,5,0,5,20,2788020,3692,0,0,760
112,10,0,9,16,2808840,3690,0,0,770
113,9,0,7,18,2845800,3686,0,0,779
114,2,0,2,23,2872080,3686,0,0,781
115,8,0,6,19,2881440,3680,0,0,789
116,6,0,7,18,2887680,3664,0,0,795
117,6,0,6,19,2916780,3668,0,0,801
118,6,0,6,19,2937540,3667,0,0,807
119,3,0,1,24,2967600,3668,0,0,810
120,5,0,5,20,2971200,3668,0,0,815
121,6,0,5,20,2985540,3658,0,0,821
122,3,0,3,22,2995080,3648,0,0,824
123,1,0,0,25,3022260,3663,0,0,825
124,3,0,3,22,3022260,3663,0,0,828
125,4,0,4,21,3026520,3655,0,0,832
126,9,0,9,16,3047340,3662,0,0,841
127,2,0,3,22,3078240,3664,0,0,843
128,5,0,4,21,3096720,3669,0,0,848
129,8,0,5,20,3108240,3652,0,0,856
130,8,0,8,17,3124800,3650,0,0,864
131,7,0,7,18,3145320,3640,0,0,871
132,4,0,6,19,3160740,3637,0,0,875
133,9,0,10,15,3186600,3645,0,0,884
134,10,0,12,13,3209940,3639,0,0,894
135,8,0,9,16,3248280,3637,0,0,902
136,9,0,9,16,3281040,3637,0,0,911
137,5,0,9,16,3306540,3645,0,0,916
138,5,0,6,19,3334260,3644,0,0,921
139,5,0,2,23,3371700,3649,0,0,926
140,2,0,2,23,3386940,3657,0,0,928
141,2,0,1,24,3390000,3649,0,0,930
142,5,0,6,19,3390000,3649,0,0,935
143,3,0,5,20,3406740,3651,0,0,938
144,8,0,5,20,3434940,3650,0,0,946
145,4,0,4,21,3449760,3646,0,0,950
146,8,0,7,18,3459600,3637,0,0,958
147,5,0,10,15,3471300,3642,0,0,963
148,5,0,6,19,3516720,3655,0,0,968
149,8,0,7,18,3549600,3663,0,0,976
150,6,0,8,17,3565560,3660,0,0,982
151,10,0,10,15,3596640,3662,0,0,992
152,6,0,7,18,3625620,3658,0,0,998
153,3,0,4,21,3658200,3669,0,0,1001
154,7,0,7,18,3673500,3669,0,0,1008
155,12,0,10,15,3697380,3660,0,0,1020
156,13,0,13,12,3738900,3665,0,0,1033
157,13,0,13,12,3771780,3651,0,0,1046
158,11,0,11,14,3813420,3645,0,0,1057
159,7,0,8,17,3861540,3656,0,0,1064
160,6,0,4,21,3896700,3655,0,0,1070
161,10,0,8,17,3913440,3650,0,0,1080
162,5,0,6,19,3934260,3646,0,0,1085
163,6,0,7,18,3956820,3650,0,0,1091
164,7,0,4,21,3973740,3632,0,0,1098
165,11,0,9,16,4006440,3642,0,0,1109
166,5,0,7,18,4029120,3639,0,0,1114
167,4,0,9,16,4035900,3639,0,0,1118
168,6,0,7,18,4065300,3639,0,0,1124
169,2,0,2,23,4111500,3657,0,0,1126
170,1,0,1,24,4121460,3660,0,0,1127
171,4,0,4,21,4123920,3659,0,0,1131
172,4,0,3,22,4141740,3658,0,0,1135
173,2,0,4,21,4144740,3658,0,0,1137
174,6,0,3,22,4166760,3655,0,0,1143
175,10,0,8,17,4178100,3648,0,0,1153
176,7,0,9,16,4195140,3644,0,0,1160
177,14,0,13,12,4227000,3640,0,0,1174
178,10,0,12,13,4277520,3649,0,0,1184
179,14,0,17,8,4310940,3650,0,0,1198
180,9,0,7,18,4377840,3648,0,0,1207
181,8,0,8,17,4412940,3656,0,0,1215
182,12,0,12,13,4440240,3654,0,0,1227
183,5,0,10,15,4462320,3651,0,0,1232
184,9,0,6,19,4506840,3649,0,0,1241
185,9,0,10,15,4523580,3648,0,0,1250
186,12,0,11,14,4551060,3637,0,0,1262
187,9,0,9,16,4586400,3634,0,0,1271
188,9,0,11,14,4631400,3649,0,0,1280
189,12,0,14,11,4663680,3649,0,0,1292
190,8,0,11,14,4697940,3644,0,0,1300
191,8,0,7,18,4751760,3652,0,0,1308
192,2,0,3,22,4774320,3652,0,0,1310
193,7,0,7,18,4785240,3652,0,0,1317
194,10,0,10,15,4802700,3646,0,0,1327
195,5,0,10,15,4828800,3652,0,0,1332
196,3,0,4,21,4873200,3661,0,0,1335
197,6,0,3,22,4893660,3657,0,0,1341
198,4,0,4,21,4912980,3663,0,0,1345
199,4,0,4,21,4923840,3660,0,0,1349
200,7,0,7,18,4940280,3662,0,0,1356
201,6,0,8,17,4954080,3658,0,0,1362
202,11,0,10,15,4988880,3660,0,0,1373
203,7,0,9,16,5025060,3665,0,0,1380
204,14,0,11,14,5074680,3669,0,0,1394
205,12,0,14,11,5097540,3662,0,0,1406
206,11,0,15,10,5128980,3658,0,0,1417
207,3,0,3,22,5189940,3662,0,0,1420
208,9,0,9,16,5202420,3663,0,0,1429
209,5,0,8,17,5229540,3667,0,0,1434
210,8,0,7,18,5268420,3671,0,0,1442
211,11,0,10,15,5296140,3670,0,0,1453
212,5,0,8,17,5336220,3680,0,0,1458
213,4,0,4,21,5362260,3677,0,0,1462
214,7,0,6,19,5381280,3678,0,0,1469
215,5,0,3,22,5399040,3670,0,0,1474
216,1,0,2,23,5409780,3672,0,0,1475
217,3,0,4,21,5410200,3670,0,0,1478
218,3,0,3,22,5424120,3669,0,0,1481
219,3,0,4,21,5430360,3669,0,0,1484
220,6,0,8,17,5435520,3667,0,0,1490
221,3,0,1,24,5478300,3671,0,0,1493
222,4,0,4,21,5481540,3671,0,0,1497
223,9,0,8,17,5493600,3667,0,0,1506
224,7,0,8,17,5509620,3660,0,0,1513
225,8,0,9,16,5531940,3658,0,0,1521
226,11,0,13,12,5571360,3667,0,0,1532
227,9,0,11,14,5611200,3667,0,0,1541
228,11,0,9,16,5658660,3667,0,0,1552
229,7,0,6,19,5694000,3666,0,0,1559
230,10,0,8,17,5713560,3660,0,0,1569
231,11,0,8,17,5747760,3656,0,0,1580
232,9,0,10,15,5776140,3658,0,0,1589
233,9,0,9,16,5806560,3654,0,0,1598
234,3,0,3,22,5834580,3651,0,0,1601
235,8,0,5,20,5857020,3651,0,0,1609
236,11,0,12,13,5862540,3645,0,0,1620
237,6,0,7,18,5909220,3649,0,0,1626
238,7,0,7,18,5924460,3643,0,0,1633
239,5,0,6,19,5950380,3646,0,0,1638
240,5,0,7,18,5964480,3645,0,0,1643
241,4,0,5,20,6000900,3654,0,0,1647
242,5,0,4,21,6027900,3657,0,0,1652
243,2,0,3,22,6046800,3662,0,0,1654
244,6,0,4,21,6054600,3656,0,0,1660
245,10,0,6,19,6081840,3654,0,0,1670
246,4,0,6,19,6089760,3650,0,0,1674
247,1,0,3,22,6107640,3652,0,0,1675
248,7,0,4,21,6127680,3651,0,0,1682
249,7,0,7,18,6139260,3649,0,0,1689
250,9,0,7,18,6160740,3643,0,0,1698
251,9,0,9,16,6187320,3643,0,0,1707
252,8,0,9,16,6215700,3643,0,0,1715
253,7,0,6,19,6246960,3640,0,0,1722
254,11,0,7,18,6276180,3636,0,0,1733
255,10,0,11,14,6298680,3636,0,0,1743
256,6,0,8,17,6333420,3637,0,0,1749
257,12,0,12,13,6377940,3646,0,0,1761
258,6,0,9,16,6403140,3642,0,0,1767
259,9,0,10,15,6427200,3639,0,0,1776
260,4,0,7,18,6468420,3648,0,0,1780
261,5,0,5,20,6498600,3650,0,0,1785
262,8,0,6,19,6526860,3652,0,0,1793
263,5,0,6,19,6537420,3648,0,0,1798
264,3,0,4,21,6555180,3647,0,0,1801
265,8,0,6,19,6580860,3649,0,0,1809
266,7,0,6,19,6593280,3642,0,0,1816
267,4,0,3,22,6617460,3641,0,0,1820
268,8,0,7,18,6628680,3640,0,0,1828
269,0,0,2,23,6650640,3642,0,0,1828
270,2,0,2,23,6660180,3643,0,0,1830
271,5,0,5,20,6671580,3645,0,0,1835
272,5,0,6,19,6682980,3643,0,0,1840
273,7,0,9,16,6699300,3644,0,0,1847
274,11,0,11,14,6733320,3645,0,0,1858
275,15,0,15,10,6766080,3641,0,0,1873
276,9,0,10,15,6815160,3640,0,0,1882
277,16,0,13,12,6852840,3635,0,0,1898
278,10,0,12,13,6885960,3631,0,0,1908
279,8,0,9,16,6930780,3634,0,0,1916
280,5,0,5,20,6964080,3634,0,0,1921
281,8,0,9,16,6976500,3633,0,0,1929
282,13,0,13,12,7001520,3629,0,0,1942
283,7,0,9,16,7055340,3636,0,0,1949
284,7,0,7,18,7080120,3632,0,0,1956
285,3,0,4,21,7112520,3638,0,0,1959
286,4,0,2,23,7134180,3638,0,0,1963
287,7,0,4,21,7146180,3634,0,0,1970
288,4,0,2,23,7160940,3631,0,0,1974
289,6,0,5,20,7164360,3627,0,0,1980
290,6,0,5,20,7184640,3626,0,0,1986
291,3,0,6,19,7196640,3629,0,0,1989
292,5,0,3,22,7229700,3631,0,0,1994
293,10,0,9,16,7244160,3631,0,0,2004
294,12,0,11,14,7273080,3627,0,0,2016
295,9,0,10,15,7305720,3625,0,0,2025
296,5,0,6,19,7333740,3623,0,0,2030
297,2,0,4,21,7351020,3624,0,0,2032
298,9,0,3,22,7382640,3622,0,0,2041
299,10,0,7,18,7397220,3618,0,0,2051
300,6,0,6,19,7412640,3614,0,0,2057
301,12,0,11,14,7444260,3617,0,0,2069
302,10,0,11,14,7479960,3617,0,0,2079
303,8,0,13,12,7508760,3620,0,0,2087
304,10,0,11,14,7542120,3615,0,0,2097
305,5,0,8,17,7581900,3620,0,0,2102
306,6,0,5,20,7632240,3629,0,0,2108
307,6,0,4,21,7644960,3623,0,0,2114
308,5,0,4,21,7667580,3625,0,0,2119
309,7,0,8,17,7677840,3625,0,0,2126
310,3,0,4,21,7703100,3624,0,0,2129
311,2,0,3,22,7718760,3627,0,0,2131
312,4,0,5,20,7732980,3630,0,0,2135
313,3,0,5,20,7740360,3628,0,0,2138
314,4,0,4,21,7756920,3628,0,0,2142
315,6,0,5,20,7778160,3629,0,0,2148
316,5,0,6,19,7795020,3630,0,0,2153
317,5,0,7,18,7817820,3634,0,0,2158
318,9,0,13,12,7829340,3634,0,0,2167
319,7,0,9,16,7880820,3640,0,0,2174
320,6,0,7,18,7918320,3643,0,0,2180
321,10,0,8,17,7951560,3644,0,0,2190
322,6,0,5,20,7984680,3644,0,0,2196
323,12,0,11,14,7994760,3638,0,0,2208
324,4,0,8,17,8021280,3639,0,0,2212
325,12,0,12,13,8056920,3642,0,0,2224
326,9,0,10,15,8097840,3642,0,0,2233
327,8,0,5,20,8134320,3637,0,0,2241
328,6,0,4,21,8157060,3636,0,0,2247
329,5,0,4,21,8171460,3634,0,0,2252
330,7,0,4,21,8182980,3628,0,0,2259
331,8,0,8,17,8189340,3625,0,0,2267
332,5,0,5,20,8215380,3623,0,0,2272
333,5,0,4,21,8239620,3624,0,0,2277
334,3,0,2,23,8262000,3626,0,0,2280
335,3,0,3,22,8268720,3626,0,0,2283
336,2,0,3,22,8275620,3626,0,0,2285
337,6,0,3,22,8293860,3624,0,0,2291
338,2,0,4,21,8294640,3623,0,0,2293
339,8,0,8,17,8314740,3626,0,0,2301
340,14,0,14,11,8330640,3620,0,0,2315
341,7,0,8,17,8364660,3614,0,0,2322
342,7,0,9,16,8386680,3614,0,0,2329
343,4,0,7,18,8423220,3621,0,0,2333
344,8,0,6,19,8456820,3621,0,0,2341
345,5,0,6,19,8475900,3622,0,0,2346
346,11,0,13,12,8492760,3623,0,0,2357
347,10,0,8,17,8542620,3621,0,0,2367
348,10,0,6,19,8577480,3617,0,0,2377
349,6,0,6,19,8599620,3617,0,0,2383
350,6,0,8,17,8608920,3615,0,0,2389
351,13,0,9,16,8648940,3614,0,0,2402
352,10,0,11,14,8675280,3613,0,0,2412
353,4,0,6,19,8719800,3618,0,0,2416
354,4,0,5,20,8744640,3620,0,0,2420
355,6,0,4,21,8753040,3613,0,0,2426
356,1,0,2,23,8773620,3617,0,0,2427
357,8,0,3,22,8784060,3611,0,0,2435
358,6,0,5,20,8800200,3612,0,0,2441
359,4,0,5,20,8812320,3611,0,0,2445
360,2,0,3,22,8823480,3610,0,0,2447
361,2,0,2,23,8842980,3613,0,0,2449
362,4,0,4,21,8844720,3611,0,0,2453
363,5,0,5,20,8853840,3609,0,0,2458
364,4,0,7,18,8863560,3610,0,0,2462
365,8,0,8,17,8893740,3612,0,0,2470
366,10,0,9,16,8919660,3609,0,0,2480
367,8,0,6,19,8953740,3607,0,0,2488
368,5,0,7,18,8967960,3607,0,0,2493
369,5,0,5,20,9003660,3611,0,0,2498
370,7,0,7,18,9023040,3612,0,0,2505
371,10,0,5,20,9054420,3607,0,0,2515
372,10,0,9,16,9062700,3602,0,0,2525
373,7,0,6,19,9094560,3600,0,0,2532
374,15,0,10,15,9126960,3597,0,0,2547
375,5,0,9,16,9146940,3596,0,0,2552
376,3,0,4,21,9189000,3602,0,0,2555
377,4,0,3,22,9213660,3604,0,0,2559
378,7,0,3,22,9229680,3601,0,0,2566
379,4,0,1,24,9244080,3598,0,0,2570
380,8,0,5,20,9249960,3595,0,0,2578
381,9,0,9,16,9261720,3592,0,0,2587
382,4,0,5,20,9286020,3590,0,0,2591
383,6,0,6,19,9315300,3595,0,0,2597
384,7,0,9,16,9338220,3598,0,0,2604
385,6,0,7,18,9353820,3593,0,0,2610
386,7,0,4,21,9396240,3595,0,0,2617
387,3,0,4,21,9403860,3594,0,0,2620
388,3,0,4,21,9421140,3597,0,0,2623
389,6,0,5,20,9439080,3597,0,0,2629
390,4,0,6,19,9445800,3595,0,0,2633
391,5,0,5,20,9463560,3594,0,0,2638
392,7,0,9,16,9476460,3595,0,0,2645
393,5,0,6,19,9508260,3596,0,0,2650
394,8,0,10,15,9513780,3592,0,0,2658
395,8,0,7,18,9570540,3599,0,0,2666
396,10,0,5,20,9607500,3596,0,0,2676
397,10,0,9,16,9618780,3593,0,0,2686
398,9,0,12,13,9637320,3591,0,0,2695
399,10,0,13,12,9684780,3597,0,0,2705
400,9,0,14,11,9721440,3600,0,0,2714
401,9,0,11,14,9791160,3610,0,0,2723
402,6,0,7,18,9825000,3609,0,0,2729
403,8,0,6,19,9867120,3613,0,0,2737
404,7,0,7,18,9881760,3610,0,0,2744
405,12,0,11,14,9905280,3608,0,0,2756
406,5,0,7,18,9922380,3602,0,0,2761
407,5,0,2,23,9955260,3601,0,0,2766
408,2,0,4,21,9955260,3601,0,0,2768
409,7,0,9,16,9964260,3602,0,0,2775
410,2,0,8,17,9982860,3605,0,0,2777
411,4,0,5,20,10023540,3610,0,0,2781
412,5,0,6,19,10042500,3612,0,0,2786
413,6,0,8,17,10057320,3612,0,0,2792
414,11,0,9,16,10094280,3612,0,0,2803
415,8,0,7,18,10125060,3610,0,0,2811
416,7,0,6,19,10145880,3608,0,0,2818
417,8,0,10,15,10158120,3607,0,0,2826
418,3,0,5,20,10191720,3608,0,0,2829
419,4,0,5,20,10210020,3610,0,0,2833
420,5,0,6,19,10222560,3609,0,0,2838
421,9,0,9,16,10236720,3607,0,0,2847
422,7,0,7,18,10268760,3606,0,0,2854
423,5,0,3,22,10291860,3603,0,0,2859
424,11,0,8,17,10305720,3600,0,0,2870
425,15,0,14,11,10331280,3598,0,0,2885
426,9,0,14,11,10360380,3597,0,0,2894
427,11,0,14,11,10411800,3601,0,0,2905
428,3,0,9,16,10463760,3609,0,0,2908
429,7,0,10,15,10506480,3616,0,0,2915
430,3,0,5,20,10539240,3618,0,0,2918
431,0,0,0,25,10576020,3624,0,0,2918
432,5,0,3,22,10579620,3623,0,0,2923
433,5,0,4,21,10590000,3621,0,0,2928
434,5,0,3,22,10607700,3620,0,0,2933
435,5,0,4,21,10622820,3620,0,0,2938
436,2,0,3,22,10635960,3621,0,0,2940
437,4,0,3,22,10650600,3621,0,0,2944
438,3,0,3,22,10658700,3620,0,0,2947
439,3,0,2,23,10674420,3620,0,0,2950
440,11,0,8,17,10680780,3616,0,0,2961
441,3,0,4,21,10715220,3620,0,0,2964
442,5,0,4,21,10732260,3619,0,0,2969
443,5,0,5,20,10742220,3618,0,0,2974
444,8,0,9,16,10755840,3617,0,0,2982
445,4,0,8,17,10774740,3618,0,0,2986
446,8,0,4,21,10824060,3620,0,0,2994
447,13,0,12,13,10832040,3616,0,0,3007
448,5,0,10,15,10862940,3618,0,0,3012
449,11,0,12,13,10898520,3619,0,0,3023
450,13,0,11,14,10945920,3618,0,0,3036
451,8,0,7,18,10993800,3619,0,0,3044
452,7,0,9,16,11011260,3619,0,0,3051
453,8,0,4,21,11058120,3619,0,0,3059
454,2,0,2,23,11070180,3618,0,0,3061
455,4,0,3,22,11080080,3618,0,0,3065
456,4,0,4,21,11095320,3620,0,0,3069
457,3,0,1,24,11113560,3618,0,0,3072
458,2,0,3,22,11113560,3618,0,0,3074
459,3,0,3,22,11124300,3618,0,0,3077
460,6,0,5,20,11136300,3618,0,0,3083
461,9,0,9,16,11150160,3616,0,0,3092
462,5,0,12,13,11158080,3616,0,0,3097
463,8,0,7,18,11219940,3621,0,0,3105
464,4,0,3,22,11247900,3621,0,0,3109
465,4,0,3,22,11262780,3621,0,0,3113
466,5,0,2,23,11276280,3618,0,0,3118
467,10,0,10,15,11282340,3618,0,0,3128
468,10,0,9,16,11308440,3614,0,0,3138
469,7,0,10,15,11328180,3613,0,0,3145
470,5,0,4,21,11377620,3616,0,0,3150
471,15,0,9,16,11403840,3613,0,0,3165
472,9,0,8,17,11427240,3609,0,0,3174
473,4,0,4,21,11454240,3608,0,0,3178
474,7,0,4,21,11478960,3608,0,0,3185
475,8,0,8,17,11492100,3608,0,0,3193
476,5,0,5,20,11514120,3606,0,0,3198
477,3,0,3,22,11528880,3605,0,0,3201
478,6,0,7,18,11542860,3607,0,0,3207
479,3,0,6,19,11553120,3605,0,0,3210
480,7,0,8,17,11571780,3606,0,0,3217
481,7,0,6,19,11602200,3605,0,0,3224
482,4,0,6,19,11626440,3608,0,0,3228
483,5,0,7,18,11646900,3610,0,0,3233
484,4,0,5,20,11680920,3614,0,0,3237
485,10,0,9,16,11695800,3612,0,0,3247
486,10,0,9,16,11737140,3613,0,0,3257
487,6,0,7,18,11766360,3613,0,0,3263
488,9,0,8,17,11797320,3614,0,0,3272
489,6,0,10,15,11812800,3614,0,0,3278
490,7,0,7,18,11849400,3614,0,0,3285
491,13,0,9,16,11897520,3617,0,0,3298
492,9,0,9,16,11918160,3613,0,0,3307
493,9,0,13,12,11934240,3613,0,0,3316
494,8,0,9,16,12001740,3620,0,0,3324
495,6,0,9,16,12028380,3621,0,0,3330
496,6,0,11,14,12048180,3623,0,0,3336
497,6,0,6,19,12104580,3628,0,0,3342
498,8,0,8,17,12130140,3629,0,0,3350
499,4,0,7,18,12142560,3627,0,0,3354
500,4,0,5,20,12165360,3628,0,0,3358
501,4,0,2,23,12193020,3628,0,0,3362
502,4,0,5,20,12197640,3629,0,0,3366
503,5,0,7,18,12211320,3630,0,0,3371
504,7,0,7,18,12227400,3627,0,0,3378
505,4,0,6,19,12248820,3628,0,0,3382
506,4,0,4,21,12283260,3631,0,0,3386
507,8,0,6,19,12292200,3628,0,0,3394
508,2,0,3,22,12323160,3631,0,0,3396
509,6,0,6,19,12336600,3632,0,0,3402
510,3,0,5,20,12353640,3633,0,0,3405
511,3,0,3,22,12373140,3633,0,0,3408
512,6,0,4,21,12391140,3633,0,0,3414
513,5,0,4,21,12406500,3632,0,0,3419
514,8,0,7,18,12420480,3631,0,0,3427
515,7,0,7,18,12444780,3631,0,0,3434
516,12,0,13,12,12460200,3629,0,0,3446
517,8,0,11,14,12496620,3629,0,0,3454
518,8,0,10,15,12546180,3634,0,0,3462
519,10,0,11,14,12577800,3634,0,0,3472
520,7,0,7,18,12626280,3636,0,0,3479
521,6,0,6,19,12650640,3636,0,0,3485
522,12,0,8,17,12686940,3636,0,0,3497
523,2,0,3,22,12716760,3637,0,0,3499
524,6,0,5,20,12735960,3638,0,0,3505
525,5,0,5,20,12751680,3638,0,0,3510
526,8,0,5,20,12773460,3636,0,0,3518
527,7,0,6,19,12782580,3632,0,0,3525
528,9,0,7,18,12804840,3630,0,0,3534
529,1,0,2,23,12820800,3628,0,0,3535
530,3,0,2,23,12827700,3627,0,0,3538
531,1,0,1,24,12837480,3628,0,0,3539
532,3,0,2,23,12839040,3626,0,0,3542
533,2,0,3,22,12841620,3626,0,0,3544
534,7,0,8,17,12850620,3627,0,0,3551
535,3,0,4,21,12876000,3627,0,0,3554
536,7,0,6,19,12894000,3627,0,0,3561
537,6,0,6,19,12917820,3627,0,0,3567
538,7,0,6,19,12935940,3625,0,0,3574
539,11,0,8,17,12970500,3626,0,0,3585
540,9,0,9,16,12990600,3623,0,0,3594
541,12,0,11,14,13031040,3624,0,0,3606
542,10,0,13,12,13063140,3625,0,0,3616
543,10,0,10,15,13111740,3626,0,0,3626
544,6,0,8,17,13145100,3627,0,0,3632
545,11,0,7,18,13192560,3628,0,0,3643
546,7,0,8,17,13210680,3627,0,0,3650
547,10,0,9,16,13238580,3626,0,0,3660
548,1,0,1,24,13275240,3627,0,0,3661
549,10,0,8,17,13277820,3624,0,0,3671
550,4,0,6,19,13303500,3625,0,0,3675
551,4,0,4,21,13322520,3625,0,0,3679
552,8,0,6,19,13350360,3626,0,0,3687
553,6,0,7,18,13358940,3624,0,0,3693
554,3,0,3,22,13396860,3627,0,0,3696
555,3,0,3,22,13406400,3627,0,0,3699
556,1,0,3,22,13409400,3627,0,0,3700
557,5,0,2,23,13418760,3623,0,0,3705
558,3,0,3,22,13423740,3623,0,0,3708
559,6,0,5,20,13442880,3624,0,0,3714
560,9,0,13,12,13446360,3624,0,0,3723
561,13,0,9,16,13497660,3621,0,0,3736
562,6,0,8,17,13532880,3624,0,0,3742
563,6,0,9,16,13566480,3628,0,0,3748
564,13,0,9,16,13612020,3627,0,0,3761
565,7,0,8,17,13633140,3625,0,0,3768
566,8,0,11,14,13656720,3627,0,0,3776
567,12,0,14,11,13697040,3629,0,0,3788
568,1,0,3,22,13755540,3633,0,0,3789
569,4,0,1,24,13773420,3632,0,0,3793
570,12,0,13,12,13773420,3632,0,0,3805
571,14,0,15,10,13802640,3628,0,0,3819
572,4,0,7,18,13854480,3630,0,0,3823
573,7,0,7,18,13886760,3632,0,0,3830
574,5,0,5,20,13908300,3631,0,0,3835
575,5,0,5,20,13918680,3629,0,0,3840
576,6,0,4,21,13936320,3627,0,0,3846
577,4,0,7,18,13946100,3628,0,0,3850
578,3,0,6,19,13959120,3628,0,0,3853
579,4,0,4,21,13988760,3630,0,0,3857
580,9,0,10,15,13993440,3629,0,0,3866
581,7,0,10,15,14006520,3625,0,0,3873
582,8,0,13,12,14032320,3627,0,0,3881
583,8,0,8,17,14083740,3628,0,0,3889
584,6,0,8,17,14113140,3630,0,0,3895
585,5,0,6,19,14131800,3629,0,0,3900
586,8,0,9,16,14153280,3629,0,0,3908
587,9,0,9,16,14195400,3632,0,0,3917
588,9,0,11,14,14225700,3633,0,0,3926
589,7,0,10,15,14258100,3634,0,0,3933
590,11,0,15,10,14278260,3634,0,0,3944
591,13,0,17,8,14326980,3636,0,0,3957
592,4,0,4,21,14421900,3644,0,0,3961
593,10,0,6,19,14441520,3642,0,0,3971
594,9,0,9,16,14458260,3640,0,0,3980
595,10,0,5,20,14498160,3638,0,0,3990
596,11,0,8,17,14519100,3636,0,0,4001
597,6,0,7,18,14545740,3636,0,0,4007
598,5,0,8,17,14561580,3636,0,0,4012
599,4,0,7,18,14596260,3640,0,0,4016
600,5,0,7,18,14630160,3644,0,0,4021
601,5,0,10,15,14642160,3645,0,0,4026
602,3,0,3,22,14697540,3650,0,0,4029
603,4,0,3,22,14709000,3649,0,0,4033
604,4,0,6,19,14710620,3649,0,0,4037
605,8,0,9,16,14728860,3649,0,0,4045
606,5,0,5,20,14754660,3647,0,0,4050
607,10,0,8,17,14779080,3647,0,0,4060
608,9,0,10,15,14811660,3649,0,0,4069
609,8,0,11,14,14842980,3650,0,0,4077
610,7,0,8,17,14880360,3650,0,0,4084
611,5,0,7,18,14897880,3649,0,0,4089
612,11,0,11,14,14920440,3648,0,0,4100
613,11,0,10,15,14960400,3647,0,0,4111
614,7,0,7,18,15008100,3650,0,0,4118
615,6,0,9,16,15024600,3651,0,0,4124
616,8,0,9,16,15049500,3650,0,0,4132
617,8,0,12,13,15086700,3654,0,0,4140
618,3,0,3,22,15132360,3655,0,0,4143
619,3,0,3,22,15159780,3659,0,0,4146
620,2,0,2,23,15166020,3657,0,0,4148
621,4,0,3,22,15172800,3656,0,0,4152
622,2,0,3,22,15177600,3656,0,0,4154
623,7,0,5,20,15195720,3656,0,0,4161
624,9,0,8,17,15221520,3657,0,0,4170
625,2,0,3,22,15244200,3656,0,0,4172
626,1,0,0,25,15262260,3657,0,0,4173
627,3,0,2,23,15263040,3656,0,0,4176
628,2,0,3,22,15267000,3656,0,0,4178
629,4,0,4,21,15278820,3656,0,0,4182
630,7,0,6,19,15290940,3655,0,0,4189
631,5,0,5,20,15309300,3654,0,0,4194
632,2,0,1,24,15339240,3656,0,0,4196
633,11,0,7,18,15350280,3654,0,0,4207
634,13,0,11,14,15368760,3651,0,0,4220
635,8,0,8,17,15406860,3650,0,0,4228
636,6,0,6,19,15436380,3650,0,0,4234
637,9,0,8,17,15472380,3653,0,0,4243
638,12,0,12,13,15498420,3652,0,0,4255
639,9,0,11,14,15538620,3653,0,0,4264
640,5,0,7,18,15573000,3653,0,0,4269
641,13,0,13,12,15596220,3653,0,0,4282
642,11,0,15,10,15632040,3654,0,0,4293
643,10,0,16,9,15664500,3653,0,0,4303
644,3,0,6,19,15750360,3662,840,0,4306
645,6,0,3,22,15783060,3662,840,0,4312
646,3,0,1,24,15808980,3664,840,0,4315
647,7,0,4,21,15816360,3662,840,0,4322
648,7,0,7,18,15823620,3661,840,0,4329
649,6,0,7,18,15840900,3660,840,0,4335
650,5,0,8,17,15855540,3660,840,0,4340
651,5,0,4,21,15897540,3662,840,0,4345
652,6,0,6,19,15907620,3661,840,0,4351
653,4,0,6,19,15935760,3664,840,0,4355
654,3,0,4,21,15959100,3665,840,0,4358
655,7,0,9,16,15962580,3664,840,0,4365
656,8,0,6,19,16002540,3664,840,0,4373
657,8,0,6,19,16022100,3662,840,0,4381
658,12,0,9,16,16046820,3660,840,0,4393
659,8,0,12,13,16060320,3659,840,0,4401
660,5,0,7,18,16114920,3663,840,0,4406
661,3,0,5,20,16145580,3666,840,0,4409
662,9,0,10,15,16164240,3667,840,0,4418
663,5,0,8,17,16195500,3668,840,0,4423
664,7,0,7,18,16224240,3668,840,0,4430
665,7,0,7,18,16254180,3669,840,0,4437
666,11,0,7,18,16279920,3665,840,0,4448
667,10,0,10,15,16295280,3663,840,0,4458
668,9,0,13,12,16321860,3664,840,0,4467
669,7,0,9,16,16370160,3666,840,0,4474
670,7,0,5,20,16418460,3668,840,0,4481
671,7,0,10,15,16423860,3667,840,0,4488
672,3,0,5,20,16448940,3666,840,0,4491
673,5,0,8,17,16453320,3666,840,0,4496
674,2,0,6,19,16466220,3665,840,0,4498
675,8,0,12,13,16475340,3666,840,0,4506
676,2,0,10,15,16491240,3666,840,0,4508
677,4,0,10,15,16516440,3668,840,0,4512
678,4,0,8,17,16540320,3669,840,0,4516
679,6,0,9,16,16552980,3667,840,0,4522
680,7,0,12,13,16564560,3667,840,0,4529
681,7,0,15,10,16579440,3667,840,0,4536
682,6,0,13,12,16621980,3670,840,0,4542
683,17,0,20,5,16654320,3669,840,0,4559
684,12,0,18,7,16704000,3668,840,0,4571
685,9,0,15,10,16748460,3668,840,0,4580
686,5,0,9,16,16798980,3671,840,0,4585
687,16,0,20,5,16816020,3670,840,0,4601
688,12,0,18,7,16857780,3668,840,0,4613
689,7,0,13,12,16908120,3670,840,0,4620
690,4,0,12,13,16928580,3670,840,0,4624
691,6,0,9,16,16969440,3672,840,0,4630
692,7,0,11,14,16986180,3671,840,0,4637
693,5,0,7,18,17012460,3670,840,0,4642
694,5,0,8,17,17030580,3671,840,0,4647
695,2,0,6,19,17043300,3670,840,0,4649
696,4,0,7,18,17059080,3671,840,0,4653
697,7,0,12,13,17060400,3670,840,0,4660
698,4,0,9,16,17092440,3671,840,0,4664
699,7,0,13,12,17117760,3674,840,0,4671
700,4,0,10,15,17142120,3674,840,0,4675
701,7,0,8,17,17186820,3677,840,0,4682
702,4,0,8,17,17193960,3675,840,0,4686
703,17,0,22,3,17206440,3675,840,0,4703
704,5,0,16,9,17251680,3676,840,0,4708
705,9,0,14,11,17311140,3680,840,0,4717
706,4,0,10,15,17346480,3682,840,0,4721
707,8,0,12,13,17370060,3682,840,0,4729
708,8,0,12,13,17397780,3682,840,0,4737
709,8,0,14,11,17423220,3682,840,0,4745
710,14,0,18,7,17460480,3682,840,0,4759
711,7,0,12,13,17510160,3683,840,0,4766
712,6,0,9,16,17548080,3684,840,0,4772
713,11,0,14,11,17568900,3683,840,0,4783
714,7,0,15,10,17589300,3683,840,0,4790
715,4,0,9,16,17625000,3683,840,0,4794
716,4,0,8,17,17648760,3684,840,0,4798
717,3,0,7,18,17664900,3684,840,0,4801
718,10,0,13,12,17675520,3683,840,0,4811
719,0,0,7,18,17694840,3683,840,0,4811
720,8,0,9,16,17718060,3683,840,0,4819
721,1,0,7,18,17722140,3682,840,0,4820
722,5,0,9,16,17729160,3681,840,0,4825
723,6,0,9,16,17751360,3681,840,0,4831
724,3,0,8,17,17759100,3679,840,0,4834
725,5,0,7,18,17779980,3679,840,0,4839
726,11,0,14,11,17790180,3678,840,0,4850
727,7,0,14,11,17809860,3677,840,0,4857
728,6,0,10,15,17843220,3676,840,0,4863
729,10,0,8,17,17885460,3676,840,0,4873
730,7,0,13,12,17891280,3676,840,0,4880
731,4,0,9,16,17921640,3676,840,0,4884
732,12,0,11,14,17955180,3675,840,0,4896
733,4,0,8,17,17978580,3675,840,0,4900
734,6,0,10,15,17988000,3674,840,0,4906
735,7,0,11,14,18009120,3673,840,0,4913
736,8,0,8,17,18041520,3672,840,0,4921
737,9,0,10,15,18059760,3670,840,0,4930
738,6,0,12,13,18077220,3671,840,0,4936
739,1,0,7,18,18104640,3672,840,0,4937
740,4,0,6,19,18125460,3672,840,0,4941
741,5,0,7,18,18130320,3670,840,0,4946
742,4,0,8,17,18145320,3671,840,0,4950
743,7,0,10,15,18157200,3670,840,0,4957
744,0,0,6,19,18180900,3672,840,0,4957
745,4,0,7,18,18191040,3671,840,0,4961
746,8,0,8,17,18209700,3670,840,0,4969
747,5,0,8,17,18221760,3669,840,0,4974
748,7,0,10,15,18240360,3669,840,0,4981
749,7,0,8,17,18266760,3668,840,0,4988
750,7,0,10,15,18277200,3666,840,0,4995
751,10,0,14,11,18295500,3665,840,0,5005
752,15,7,17,8,18309540,3664,960,0,5020
753,8,8,16,9,18366180,3670,16620,3,5028
754,12,0,14,11,18433080,3667,57840,11,5040
755,7,0,9,16,18475620,3667,57840,11,5047
756,5,0,11,14,18487380,3667,57840,11,5052
757,11,0,14,11,18516780,3667,57840,11,5063
758,6,0,10,15,18547980,3666,57840,11,5069
759,11,0,8,17,18581880,3663,57840,11,5080
760,7,0,10,15,18602580,3664,57840,11,5087
761,11,0,13,12,18619080,3661,57840,11,5098
762,8,0,16,9,18637620,3661,57840,11,5106
763,11,1,16,9,18695520,3665,58020,11,5117
764,6,3,14,11,18726180,3667,69300,13,5123
765,4,0,12,13,18766980,3669,75600,14,5127
766,5,0,10,15,18805980,3671,75600,14,5132
767,4,0,10,15,18820800,3671,75600,14,5136
768,2,0,8,17,18846840,3673,75600,14,5138
769,5,0,11,14,18855660,3674,75600,14,5143
770,6,0,9,16,18879960,3673,75600,14,5149
771,6,0,7,18,18910500,3673,75600,14,5155
772,3,0,8,17,18919980,3673,75600,14,5158
773,6,0,11,14,18933180,3674,75600,14,5164
774,5,0,8,17,18962760,3674,75600,14,5169
775,6,0,12,13,18970320,3674,75600,14,5175
776,5,0,9,16,18998100,3673,75600,14,5180
777,10,0,11,14,19020660,3672,75600,14,5190
778,13,0,15,10,19044240,3670,75600,14,5203
779,14,0,17,8,19079460,3669,75600,14,5217
780,6,0,13,12,19113000,3668,75600,14,5223
781,17,7,14,11,19169940,3673,77280,14,5240
782,5,11,11,14,19192680,3674,82920,15,5245
783,10,16,12,13,19225140,3678,96900,18,5255
784,10,20,14,11,19257540,3681,115500,21,5265
785,2,16,16,9,19281120,3683,162960,30,5267
786,10,5,25,0,19336440,3685,286800,54,5277
787,7,0,13,12,19386960,3678,343140,64,5284
788,11,0,11,14,19437180,3678,343140,64,5295
789,7,0,10,15,19457700,3676,343140,64,5302
790,3,0,9,16,19471800,3676,343140,64,5305
791,10,0,11,14,19500240,3676,343140,64,5315
792,4,0,10,15,19522380,3677,343140,64,5319
793,3,0,10,15,19540980,3678,343140,64,5322
794,8,0,13,12,19564560,3679,343140,64,5330
795,5,0,10,15,19582800,3677,343140,64,5335
796,5,0,8,17,19608960,3677,343140,64,5340
797,6,0,9,16,19621620,3676,343140,64,5346
798,4,0,7,18,19642620,3676,343140,64,5350
799,9,0,12,13,19648500,3674,343140,64,5359
800,11,0,14,11,19672800,3673,343140,63,5370
801,4,0,9,16,19702680,3672,343140,63,5374
802,6,0,11,14,19724040,3673,343140,63,5380
803,7,0,12,13,19733700,3671,343140,63,5387
804,4,0,7,18,19774560,3672,343140,63,5391
805,10,0,13,12,19794600,3673,343140,63,5401
806,11,0,15,10,19819920,3672,343140,63,5412
807,5,0,11,14,19848960,3671,343140,63,5417
808,7,0,11,14,19874580,3671,343140,63,5424
809,7,0,9,16,19909140,3671,343140,63,5431
810,7,0,8,17,19936500,3671,343140,63,5438
811,5,0,9,16,19952940,3671,343140,63,5443
812,6,0,10,15,19967880,3671,343140,62,5449
813,8,0,7,18,19993620,3668,343140,62,5457
814,3,0,8,17,20004180,3669,343140,62,5460
815,5,0,6,19,20017860,3666,343140,62,5465
816,1,0,6,19,20018880,3666,343140,62,5466
817,4,0,6,19,20041920,3667,343140,62,5470
818,6,0,10,15,20045820,3667,343140,62,5476
819,4,0,6,19,20071800,3666,343140,62,5480
820,7,0,12,13,20074980,3666,343140,62,5487
821,5,0,13,12,20089800,3666,343140,62,5492
822,4,0,9,16,20134260,3669,343140,62,5496
823,2,0,8,17,20153940,3671,343140,62,5498
824,6,0,11,14,20162700,3670,343140,62,5504
825,10,0,15,10,20192340,3672,343140,62,5514
826,4,0,13,12,20220720,3673,343140,62,5518
827,9,0,14,11,20264340,3675,343140,62,5527
828,7,0,12,13,20293200,3674,343140,62,5534
829,9,0,10,15,20333040,3674,343140,61,5543
830,9,0,14,11,20344020,3673,343140,61,5552
831,9,0,16,9,20366580,3672,343140,61,5561
832,5,0,11,14,20407440,3673,343140,61,5566
833,10,0,11,14,20443620,3673,343140,61,5576
834,10,0,14,11,20464500,3672,343140,61,5586
835,8,0,12,13,20504700,3673,343140,61,5594
836,9,0,12,13,20538420,3673,343140,61,5603
837,4,0,9,16,20566140,3673,343140,61,5607
838,5,0,8,17,20589180,3674,343140,61,5612
839,2,0,5,20,20607780,3674,343140,61,5614
840,5,0,10,15,20607780,3674,343140,61,5619
841,4,0,8,17,20621400,3672,343140,61,5623
842,7,0,9,16,20637300,3671,343140,60,5630
843,6,0,8,17,20651760,3669,343140,60,5636
844,7,0,10,15,20669880,3669,343140,60,5643
845,5,0,8,17,20700000,3670,343140,60,5648
846,9,0,10,15,20717340,3668,343140,60,5657
847,8,0,12,13,20728620,3666,343140,60,5665
848,8,0,11,14,20758320,3666,343140,60,5673
849,10,0,12,13,20785260,3665,343140,60,5683
850,8,0,11,14,20817660,3665,343140,60,5691
851,8,0,11,14,20848800,3665,343140,60,5699
852,8,0,13,12,20867100,3664,343140,60,5707
853,13,0,17,8,20893320,3663,343140,59,5720
854,7,0,12,13,20951820,3666,343140,59,5727
855,8,0,15,10,20972460,3666,343140,59,5735
856,6,0,14,11,21004260,3667,343140,59,5741
857,3,0,9,16,21041700,3668,343140,59,5744
858,6,0,8,17,21068700,3669,343140,59,5750
859,10,0,12,13,21084840,3668,343140,59,5760
860,3,0,7,18,21103260,3666,343140,59,5763
861,5,0,6,19,21122160,3665,343140,59,5768
862,6,0,8,17,21133140,3665,343140,59,5774
863,10,0,12,13,21146700,3663,343140,59,5784
864,3,0,11,14,21154620,3662,343140,59,5787
865,4,0,7,18,21188460,3663,343140,59,5791
866,3,0,9,16,21193620,3663,343140,59,5794
867,6,0,8,17,21216660,3663,343140,59,5800
868,7,0,7,18,21230100,3660,343140,59,5807
869,2,0,8,17,21232080,3660,343140,59,5809
870,3,0,7,18,21254460,3661,343140,59,5812
871,10,0,11,14,21263640,3659,343140,58,5822
872,7,0,11,14,21279360,3657,343140,58,5829
873,8,0,10,15,21313200,3657,343140,58,5837
874,12,0,19,6,21321120,3657,343140,58,5849
875,5,0,11,14,21367920,3657,343140,58,5854
876,7,0,15,10,21376860,3656,343140,58,5861
877,8,0,12,13,21436920,3660,343140,58,5869
878,6,0,11,14,21473400,3661,343140,58,5875
879,5,0,9,16,21495420,3661,343140,58,5880
880,4,0,8,17,21517800,3661,343140,58,5884
881,7,0,10,15,21532260,3661,343140,58,5891
882,12,0,16,9,21553980,3661,343140,58,5903
883,9,0,18,7,21580500,3661,343140,58,5912
884,9,0,12,13,21635820,3661,343140,57,5921
885,4,0,6,19,21673560,3661,343140,57,5925
886,1,0,6,19,21679380,3662,343140,57,5926
887,3,0,7,18,21684540,3661,343140,57,5929
888,5,0,10,15,21690060,3661,343140,57,5934
889,3,0,7,18,21711240,3661,343140,57,5937
890,2,0,5,20,21731280,3662,343140,57,5939
891,4,0,6,19,21737760,3661,343140,57,5943
892,3,0,7,18,21741240,3660,343140,57,5946
893,3,0,6,19,21752700,3660,343140,57,5949
894,8,0,9,16,21767940,3659,343140,57,5957
895,7,0,10,15,21780960,3658,343140,57,5964
896,3,0,8,17,21799380,3658,343140,57,5967
897,8,0,10,15,21816480,3657,343140,57,5975
898,9,0,10,15,21841200,3656,343140,57,5984
899,8,0,12,13,21861540,3655,343140,57,5992
900,10,0,16,9,21890100,3656,343140,57,6002
901,6,0,11,14,21933900,3657,343140,57,6008
902,8,0,12,13,21969180,3659,343140,57,6016
903,16,0,20,5,22001700,3659,344040,57,6032
904,8,0,16,9,22048380,3660,344040,56,6040
905,10,0,14,11,22094340,3660,344040,56,6050
906,4,0,7,18,22140720,3661,344040,56,6054
907,5,0,8,17,22152420,3660,344040,56,6059
908,8,0,11,14,22161060,3659,344040,56,6067
909,6,0,12,13,22177620,3659,344040,56,6073
910,5,0,10,15,22220160,3661,344040,56,6078
911,5,0,10,15,22240260,3662,344040,56,6083
912,1,0,6,19,22260360,3662,344040,56,6084
913,3,0,6,19,22269900,3662,344040,56,6087
914,3,0,7,18,22278240,3662,344040,56,6090
915,6,0,9,16,22289400,3661,344040,56,6096
916,2,0,8,17,22305540,3662,344040,56,6098
917,9,0,12,13,22327200,3663,344040,56,6107
918,3,0,11,14,22346580,3663,344040,56,6110
919,2,0,9,16,22366020,3664,344040,56,6112
920,7,0,12,13,22396860,3667,344040,56,6119
921,7,0,12,13,22418280,3666,344040,56,6126
922,6,0,12,13,22441080,3666,344040,56,6132
923,16,0,14,11,22469580,3663,344040,55,6148
924,12,0,13,12,22505220,3661,344040,55,6160
925,9,0,12,13,22539540,3660,344040,55,6169
926,5,0,12,13,22558680,3660,344040,55,6174
927,5,0,8,17,22600560,3662,344040,55,6179
928,7,0,11,14,22619820,3663,344040,55,6186
929,6,0,8,17,22638120,3660,344040,55,6192
930,5,0,8,17,22657740,3660,344040,55,6197
931,8,0,12,13,22669620,3660,344040,55,6205
932,7,0,10,15,22699440,3660,344040,55,6212
933,8,0,10,15,22729440,3660,344040,55,6220
934,5,0,11,14,22738200,3659,344040,55,6225
935,6,0,12,13,22763340,3660,344040,55,6231
936,10,0,15,10,22782540,3659,344040,55,6241
937,3,0,10,15,22813020,3659,344040,55,6244
938,5,0,9,16,22842600,3660,344040,55,6249
939,10,0,14,11,22858320,3660,344040,54,6259
940,2,0,12,13,22874580,3660,344040,54,6261
941,11,0,17,8,22909800,3662,344040,54,6272
942,8,0,13,12,22952400,3662,344040,54,6280
943,7,0,13,12,22976280,3662,344040,54,6287
944,13,0,20,5,22990320,3660,344040,54,6300
945,7,0,11,14,23070240,3664,344040,54,6307
946,6,0,11,14,23095320,3664,344040,54,6313
947,8,0,13,12,23111640,3663,344040,54,6321
948,12,0,18,7,23139660,3664,344040,54,6333
949,7,0,14,11,23170800,3662,344040,54,6340
950,7,0,11,14,23223180,3665,344040,54,6347
951,11,0,16,9,23237160,3664,344040,54,6358
952,9,0,11,14,23291400,3664,344040,54,6367
953,9,0,14,11,23308380,3663,344040,53,6376
954,8,0,15,10,23340060,3664,344040,53,6384
955,6,0,12,13,23375580,3665,344040,53,6390
956,5,0,9,16,23422080,3667,344040,53,6395
957,3,0,8,17,23436600,3667,344040,53,6398
958,7,0,5,20,23458500,3665,344040,53,6405
959,7,0,9,16,23463900,3664,344040,53,6412
960,6,0,9,16,23476560,3663,344040,53,6418
961,3,0,9,16,23489220,3663,344040,53,6421
962,6,0,12,13,23500380,3663,344040,53,6427
963,5,0,12,13,23525820,3664,344040,53,6432
964,2,0,8,17,23557500,3665,344040,53,6434
965,5,0,9,16,23571540,3665,344040,53,6439
966,6,0,10,15,23588580,3665,344040,53,6445
967,10,0,12,13,23619180,3665,344040,53,6455
968,7,0,12,13,23639100,3664,344040,53,6462
969,8,0,10,15,23665740,3663,344040,53,6470
970,3,0,10,15,23677140,3663,344040,53,6473
971,9,0,12,13,23722020,3666,344040,53,6482
972,9,0,17,8,23732400,3665,344040,53,6491
973,5,0,10,15,23779440,3666,344040,52,6496
974,5,0,10,15,23803200,3667,344040,52,6501
975,6,0,11,14,23828640,3668,344040,52,6507
976,7,0,12,13,23855940,3669,344040,52,6514
977,5,0,10,15,23878080,3668,344040,52,6519
978,11,0,10,15,23902440,3666,344040,52,6530
979,5,0,13,12,23907840,3665,344040,52,6535
980,8,0,10,15,23949120,3665,344040,52,6543
981,6,0,10,15,23961240,3664,344040,52,6549
982,9,0,13,12,23984040,3664,344040,52,6558
983,7,0,10,15,24010980,3663,344040,52,6565
984,5,0,9,16,24039000,3663,344040,52,6570
985,2,0,8,17,24046560,3663,344040,52,6572
986,5,0,10,15,24065940,3664,344040,52,6577
987,0,0,6,19,24083340,3665,344040,52,6577
988,4,0,8,17,24089700,3664,344040,52,6581
989,7,0,12,13,24108600,3666,344040,52,6588
990,7,0,12,13,24131520,3665,344040,52,6595
991,6,0,9,16,24167580,3666,344040,52,6601
992,5,0,10,15,24188820,3667,344040,52,6606
993,4,0,9,16,24211080,3667,344040,52,6610
994,8,0,14,11,24232080,3669,344040,51,6618
995,13,0,18,7,24256860,3668,344040,51,6631
996,7,0,9,16,24308760,3667,344040,51,6638
997,8,0,9,16,24331140,3665,344040,51,6646
998,15,0,11,14,24367440,3664,344040,51,6661
999,16,0,21,4,24375960,3662,344040,51,6677
1000,7,0,15,10,24437400,3664,344040,51,6684
1001,4,0,9,16,24477900,3664,344040,51,6688
1002,7,0,9,16,24500580,3664,344040,51,6695
1003,8,0,11,14,24519180,3663,344040,51,6703
1004,8,0,15,10,24537060,3664,344040,51,6711
1005,5,0,13,12,24563760,3664,344040,51,6716
1006,8,0,12,13,24619200,3667,344040,51,6724
1007,7,0,10,15,24637860,3665,344040,51,6731
1008,2,0,7,18,24667500,3667,344040,51,6733
1009,4,0,9,16,24675960,3667,344040,51,6737
1010,2,0,8,17,24692520,3668,344040,51,6739
1011,4,0,11,14,24694140,3668,344040,51,6743
1012,5,0,11,14,24722460,3669,344040,50,6748
1013,4,0,10,15,24751080,3671,344040,50,6752
1014,4,0,8,17,24780360,3672,344040,50,6756
1015,6,0,11,14,24795300,3672,344040,50,6762
1016,5,0,9,16,24824400,3673,344040,50,6767
1017,9,0,11,14,24846000,3672,344040,50,6776
1018,5,0,8,17,24872040,3672,344040,50,6781
1019,5,0,8,17,24891600,3672,344040,50,6786
1020,7,0,7,18,24915180,3671,344040,50,6793
1021,8,0,7,18,24932700,3669,344040,50,6801
1022,6,0,8,17,24943980,3668,344040,50,6807
1023,11,0,15,10,24952320,3667,344040,50,6818
1024,12,0,18,7,24979200,3666,344040,50,6830
1025,9,0,12,13,25022820,3665,344040,50,6839
1026,7,0,9,16,25068060,3666,344040,50,6846
1027,12,0,12,13,25083240,3663,344040,50,6858
1028,6,0,13,12,25099920,3663,344040,50,6864
1029,2,0,5,20,25143060,3664,344040,50,6866
1030,8,0,9,16,25147620,3663,344040,50,6874
1031,6,0,10,15,25165560,3663,344040,50,6880
1032,8,0,13,12,25185300,3663,344040,49,6888
1033,6,0,11,14,25215900,3663,344040,49,6894
1034,5,0,10,15,25230180,3662,344040,49,6899
1035,5,0,12,13,25252740,3664,344040,49,6904
1036,4,0,8,17,25280040,3663,344040,49,6908
1037,2,0,6,19,25300140,3664,344040,49,6910
1038,2,0,7,18,25302780,3664,344040,49,6912
1039,7,0,9,16,25314000,3663,344040,49,6919
1040,5,0,8,17,25328100,3662,344040,49,6924
1041,11,0,11,14,25348320,3660,344040,49,6935
1042,7,0,11,14,25369080,3660,344040,49,6942
1043,8,0,14,11,25394820,3661,344040,49,6950
1044,14,0,13,12,25434120,3659,344040,49,6964
1045,7,0,12,13,25461180,3658,344040,49,6971
1046,14,0,20,5,25480920,3658,344040,49,6985
1047,9,0,17,8,25531560,3659,344040,49,6994
1048,13,0,18,7,25587120,3661,344040,49,7007
1049,6,0,12,13,25631520,3661,344040,49,7013
1050,7,0,9,16,25678200,3662,344040,49,7020
1051,7,0,12,13,25687440,3661,344040,48,7027
1052,8,0,13,12,25714140,3661,344040,48,7035
1053,9,0,13,12,25765920,3664,344040,48,7044
1054,4,0,10,15,25781160,3663,344040,48,7048
1055,1,0,5,20,25820880,3665,344040,48,7049
1056,5,0,8,17,25823460,3664,344040,48,7054
1057,3,0,8,17,25839360,3665,344040,48,7057
1058,4,0,9,16,25851180,3665,344040,48,7061
1059,4,0,10,15,25873560,3667,344040,48,7065
1060,3,0,7,18,25897320,3667,344040,48,7068
1061,4,0,7,18,25908600,3667,344040,48,7072
1062,5,0,9,16,25919760,3667,344040,48,7077
1063,8,0,10,15,25941240,3666,344040,48,7085
1064,4,0,9,16,25947000,3664,344040,48,7089
1065,7,0,9,16,25983540,3666,344040,48,7096
1066,9,0,11,14,26000880,3665,344040,48,7105
1067,6,0,7,18,26033220,3664,344040,48,7111
1068,8,0,14,11,26033940,3664,344040,48,7119
1069,12,0,18,7,26048760,3662,344040,48,7131
1070,6,0,12,13,26110740,3664,344040,48,7137
1071,8,0,11,14,26145960,3664,344040,48,7145
1072,9,0,12,13,26172000,3664,344040,48,7154
1073,7,0,13,12,26196300,3664,344040,48,7161
1074,6,0,11,14,26225460,3664,344040,48,7167
1075,10,0,15,10,26250600,3665,344040,47,7177
1076,4,0,11,14,26280780,3665,344040,47,7181
1077,4,0,10,15,26308200,3666,344040,47,7185
1078,8,0,7,18,26342400,3665,344040,47,7193
1079,8,0,10,15,26358720,3665,344040,47,7201
1080,2,0,8,17,26372700,3665,344040,47,7203
1081,2,0,8,17,26384760,3666,344040,47,7205
1082,2,0,7,18,26396040,3666,344040,47,7207
1083,7,0,9,16,26408220,3665,344040,47,7214
1084,3,0,7,18,26424240,3664,344040,47,7217
1085,1,0,5,20,26435820,3665,344040,47,7218
1086,6,0,10,15,26436540,3664,344040,47,7224
1087,7,0,12,13,26452380,3664,344040,47,7231
1088,5,0,12,13,26475960,3665,344040,47,7236
1089,10,0,16,9,26500620,3665,344040,47,7246
1090,10,0,16,9,26541300,3665,344040,47,7256
1091,5,0,14,11,26571300,3666,344040,47,7261
1092,5,0,11,14,26607600,3667,344040,47,7266
1093,8,0,13,12,26642760,3669,344040,47,7274
1094,11,0,18,7,26664180,3669,344040,47,7285
1095,9,0,11,14,26725320,3669,344040,47,7294
1096,9,0,11,14,26753400,3668,344040,47,7303
1097,10,0,13,12,26780160,3668,344040,47,7313
1098,11,0,13,12,26809980,3667,344040,46,7324
1099,6,0,9,16,26840760,3666,344040,46,7330
1100,4,0,9,16,26859840,3666,344040,46,7334
1101,4,0,8,17,26878560,3666,344040,46,7338
1102,3,0,7,18,26895420,3667,344040,46,7341
1103,6,0,7,18,26902920,3665,344040,46,7347
1104,3,0,5,20,26915040,3664,344040,46,7350
1105,7,0,9,16,26920380,3663,344040,46,7357
1106,6,0,10,15,26935560,3663,344040,46,7363
1107,6,0,10,15,26957640,3663,344040,46,7369
1108,3,0,6,19,26988960,3663,344040,46,7372
1109,8,0,8,17,27001320,3662,344040,46,7380
1110,6,0,10,15,27010680,3661,344040,46,7386
1111,10,0,16,9,27030300,3662,344040,46,7396
1112,12,0,17,8,27062820,3661,344040,46,7408
1113,8,0,15,10,27109560,3662,344040,46,7416
1114,10,0,11,14,27166200,3663,344040,46,7426
1115,15,0,19,6,27190920,3663,344040,46,7441
1116,16,6,16,9,27234900,3663,344760,46,7457
1117,3,5,12,13,27282660,3665,354240,47,7460
1118,15,0,22,3,27326580,3666,385860,51,7475
1119,6,0,12,13,27382920,3666,385860,51,7481
1120,10,0,15,10,27405780,3665,385860,51,7491
1121,8,0,12,13,27457740,3667,386640,51,7499
1122,4,0,9,16,27495420,3668,387180,51,7503
1123,6,0,10,15,27521520,3670,387180,51,7509
1124,3,0,9,16,27538140,3670,387180,51,7512
1125,10,0,13,12,27559080,3670,387180,51,7522
1126,4,0,9,16,27583080,3669,387180,51,7526
1127,6,0,7,18,27613920,3669,387180,51,7532
1128,3,0,6,19,27621900,3668,387180,51,7535
1129,8,0,7,18,27632760,3666,387180,51,7543
1130,8,0,12,13,27638460,3666,387180,51,7551
1131,9,0,13,12,27664920,3665,387180,51,7560
1132,5,0,9,16,27692340,3664,387180,51,7565
1133,2,0,7,18,27716820,3666,387180,51,7567
1134,2,0,7,18,27731640,3667,387180,51,7569
1135,8,0,11,14,27746820,3667,387180,51,7577
1136,8,0,14,11,27766080,3667,387180,51,7585
1137,9,0,14,11,27793500,3666,387180,50,7594
1138,7,0,16,9,27822600,3668,387180,50,7601
1139,8,0,13,12,27878340,3670,387180,50,7609
1140,11,0,11,14,27922140,3669,387180,50,7620
1141,8,0,11,14,27937800,3667,387180,50,7628
1142,9,0,10,15,27956340,3665,387180,50,7637
1143,6,0,8,17,27998580,3667,387180,50,7643
1144,15,0,15,10,28012320,3665,387180,50,7658
1145,9,0,15,10,28045740,3665,387180,50,7667
1146,10,0,14,11,28090320,3665,387180,50,7677
1147,6,0,12,13,28132200,3667,387180,50,7683
1148,5,0,9,16,28162020,3667,387180,50,7688
1149,7,0,9,16,28191900,3667,387180,50,7695
1150,3,0,9,16,28202220,3667,387180,50,7698
1151,6,0,8,17,28224600,3667,387180,50,7704
1152,2,0,8,17,28233480,3667,387180,50,7706
1153,5,0,10,15,28248480,3668,387180,50,7711
1154,6,0,10,15,28260780,3666,387180,50,7717
1155,9,0,12,13,28283040,3666,387180,50,7726
1156,6,0,14,11,28293540,3665,387180,50,7732
1157,5,0,12,13,28331100,3667,387180,50,7737
1158,9,0,13,12,28373700,3669,387180,49,7746
1159,10,0,14,11,28403460,3668,387180,49,7756
1160,7,0,10,15,28435200,3667,387180,49,7763
1161,8,0,12,13,28466220,3668,387180,49,7771
1162,6,0,13,12,28488060,3669,387180,49,7777
1163,14,0,17,8,28516920,3668,387180,49,7791
1164,10,0,14,11,28569900,3668,387180,49,7801
1165,8,0,13,12,28604040,3669,387180,49,7809
1166,4,0,8,17,28633440,3668,387180,49,7813
1167,9,0,14,11,28648980,3669,387180,49,7822
1168,2,0,9,16,28674900,3669,387180,49,7824
1169,7,0,11,14,28696500,3669,387180,49,7831
1170,2,0,6,19,28725480,3670,387180,49,7833
1171,11,0,12,13,28738080,3669,387180,49,7844
1172,4,0,9,16,28749480,3667,387180,49,7848
1173,5,0,7,18,28776960,3667,387180,49,7853
1174,8,0,13,12,28785840,3667,387180,49,7861
1175,1,0,9,16,28808640,3668,387180,49,7862
1176,0,0,6,19,28832520,3670,387180,49,7862
1177,7,0,10,15,28853760,3671,387180,49,7869
1178,3,0,7,18,28870440,3670,387180,49,7872
1179,8,0,12,13,28875240,3669,387180,49,7880
1180,4,0,6,19,28904700,3669,387180,49,7884
1181,7,0,10,15,28914060,3668,387180,49,7891
1182,7,0,11,14,28926000,3667,387180,49,7898
1183,6,0,7,18,28968720,3668,387180,48,7904
1184,5,0,9,16,28978680,3668,387180,48,7909
1185,3,0,8,17,28993440,3668,387180,48,7912
1186,17,0,15,10,29021460,3667,387180,48,7929
1187,13,0,17,8,29049720,3665,387180,48,7942
1188,6,0,14,11,29092920,3666,387180,48,7948
1189,13,0,16,9,29133900,3666,387180,48,7961
1190,8,0,16,9,29161800,3666,387180,48,7969
1191,11,0,18,7,29198460,3667,387180,48,7980
1192,12,0,14,11,29260560,3667,387180,48,7992
1193,8,0,13,12,29287200,3666,387180,48,8000
1194,2,0,8,17,29319480,3667,387180,48,8002
1195,2,0,8,17,29336520,3668,387180,48,8004
1196,2,0,5,20,29356980,3669,387180,48,8006
1197,7,0,8,17,29366340,3668,387180,48,8013
1198,1,0,7,18,29370780,3668,387180,48,8014
1199,6,0,10,15,29385000,3668,387180,48,8020
1200,9,0,10,15,29401560,3666,387180,48,8029
1201,6,0,9,16,29416320,3665,387180,48,8035
1202,6,0,9,16,29437740,3665,387180,48,8041
1203,4,0,7,18,29468340,3666,387180,48,8045
1204,5,0,8,17,29479860,3665,387180,48,8050
1205,5,0,11,14,29487720,3665,387180,48,8055
1206,1,0,6,19,29515320,3666,387180,48,8056
1207,4,0,7,18,29530500,3667,387180,48,8060
1208,11,0,12,13,29538600,3665,387180,47,8071
1209,0,0,9,16,29555100,3665,387180,47,8071
1210,8,0,10,15,29592780,3667,387180,47,8079
1211,7,0,12,13,29602680,3666,387180,47,8086
1212,10,0,15,10,29632080,3666,387180,47,8096
1213,15,0,19,6,29669580,3666,387180,47,8111
1214,13,0,18,7,29733540,3668,387180,47,8124
1215,12,4,15,10,29782920,3669,388500,47,8136
1216,5,4,14,11,29819220,3670,403500,49,8141
1217,10,0,10,15,29866080,3668,417300,51,8151
1218,6,0,9,16,29900700,3669,417300,51,8157
1219,5,0,13,12,29901780,3669,417300,51,8162
1220,6,0,8,17,29950380,3670,417300,51,8168
1221,6,0,10,15,29962860,3670,417300,51,8174
1222,7,0,9,16,29986680,3669,417300,51,8181
1223,6,0,12,13,29998560,3669,417300,50,8187
1224,3,0,7,18,30024900,3669,417300,50,8190
1225,7,0,12,13,30036660,3669,417300,50,8197
1226,4,0,12,13,30055200,3670,417300,50,8201
1227,7,0,10,15,30086640,3669,417300,50,8208
1228,7,0,11,14,30114840,3670,417300,50,8215
1229,5,0,8,17,30140640,3670,417300,50,8220
1230,9,0,11,14,30153480,3669,417300,50,8229
1231,2,0,10,15,30163620,3669,417300,50,8231
1232,7,0,10,15,30189060,3669,417300,50,8238
1233,6,0,8,17,30221220,3669,417300,50,8244
1234,2,0,6,19,30232860,3669,417300,50,8246
1235,12,0,10,15,30250740,3667,417300,50,8258
1236,12,0,13,12,30272520,3666,417300,50,8270
1237,14,0,14,11,30312360,3665,417300,50,8284
1238,8,0,11,14,30347700,3664,417300,50,8292
1239,8,0,10,15,30377460,3664,417300,50,8300
1240,10,0,15,10,30405960,3665,417300,50,8310
1241,8,0,13,12,30436140,3664,417300,50,8318
1242,6,0,7,18,30484020,3665,417300,50,8324
1243,9,0,9,16,30504120,3664,417300,50,8333
1244,4,0,10,15,30510540,3664,417300,50,8337
1245,3,0,7,18,30538200,3664,417300,50,8340
1246,2,0,7,18,30552960,3665,417300,50,8342
1247,3,0,8,17,30559860,3665,417300,50,8345
1248,4,0,9,16,30565620,3664,417300,49,8349
1249,4,0,7,18,30587700,3664,417300,49,8353
1250,2,0,7,18,30592080,3664,417300,49,8355
1251,4,0,10,15,30600000,3665,417300,49,8359
1252,7,0,12,13,30619320,3665,417300,49,8366
1253,3,0,8,17,30648660,3665,417300,49,8369
1254,6,0,11,14,30665160,3666,417300,49,8375
1255,9,0,14,11,30685740,3666,417300,49,8384
1256,10,0,14,11,30719220,3665,417300,49,8394
1257,4,0,10,15,30746760,3665,417300,49,8398
1258,4,0,9,16,30775140,3666,417300,49,8402
1259,10,0,10,15,30795300,3665,417300,49,8412
1260,3,0,9,16,30814980,3665,417300,49,8415
1261,10,0,7,18,30841980,3663,417300,49,8425
1262,12,0,13,12,30861900,3663,417300,49,8437
1263,6,0,12,13,30889920,3663,417300,49,8443
1264,12,0,16,9,30910320,3662,417300,49,8455
1265,9,0,14,11,30956820,3663,417300,49,8464
1266,9,0,15,10,30993180,3664,417300,49,8473
1267,3,0,7,18,31041840,3665,417300,49,8476
1268,6,0,9,16,31062000,3665,417300,49,8482
1269,7,0,11,14,31074120,3665,417300,49,8489
1270,7,0,11,14,31102560,3665,417300,49,8496
1271,2,0,6,19,31132440,3666,417300,49,8498
1272,4,0,7,18,31145880,3666,417300,49,8502
1273,1,0,7,18,31150620,3666,417300,49,8503
1274,4,0,9,16,31164780,3667,417300,49,8507
1275,6,0,12,13,31171260,3666,417300,49,8513
1276,9,0,11,14,31208340,3666,417300,48,8522
1277,3,0,8,17,31224480,3666,417300,48,8525
1278,2,0,9,16,31225500,3665,417300,48,8527
1279,7,0,11,14,31258740,3667,417300,48,8534
1280,9,0,12,13,31285020,3667,417300,48,8543
1281,8,0,11,14,31306140,3665,417300,48,8551
1282,7,0,10,15,31335780,3665,417300,48,8558
1283,10,0,14,11,31360620,3666,417300,48,8568
1284,9,3,13,12,31393080,3666,420840,49,8577
1285,6,0,14,11,31431000,3667,430380,50,8583
1286,11,0,11,14,31471980,3666,430380,50,8594
1287,10,0,15,10,31495560,3666,430380,50,8604
1288,8,0,14,11,31527600,3666,430380,49,8612
1289,7,0,11,14,31562040,3666,430380,49,8619
1290,8,0,11,14,31595100,3667,430380,49,8627
1291,9,0,10,15,31637040,3667,430380,49,8636
1292,7,0,10,15,31650120,3666,430380,49,8643
1293,5,0,10,15,31672740,3666,430380,49,8648
1294,7,0,10,15,31705860,3667,430380,49,8655
1295,5,0,10,15,31714500,3666,430380,49,8660
1296,2,0,7,18,31743060,3667,430380,49,8662
1297,4,0,8,17,31761000,3668,430380,49,8666
1298,3,0,7,18,31770840,3667,430380,49,8669
1299,7,0,9,16,31782480,3667,430380,49,8676
1300,5,0,9,16,31796100,3666,430380,49,8681
1301,8,0,9,16,31816620,3665,430380,49,8689
1302,5,0,9,16,31830960,3665,430380,49,8694
1303,8,0,14,11,31844880,3665,430380,49,8702
1304,6,0,11,14,31877760,3665,430380,49,8708
1305,9,0,13,12,31905120,3665,430380,49,8717
1306,9,1,14,11,31925880,3665,431100,49,8726
1307,16,7,19,6,31962960,3667,438840,50,8742
1308,13,7,24,1,31999620,3667,450300,51,8755
1309,8,0,17,8,32060460,3665,490920,56,8763
1310,9,0,13,12,32117940,3666,490920,55,8772
1311,10,0,13,12,32138640,3665,490920,55,8782
1312,6,0,12,13,32174940,3666,490920,55,8788
1313,7,0,10,15,32219940,3667,490920,55,8795
1314,4,0,8,17,32246160,3668,490920,55,8799
1315,6,0,10,15,32265060,3668,490920,55,8805
1316,2,0,8,17,32285160,3669,490920,55,8807
1317,7,0,8,17,32308980,3668,490920,55,8814
1318,5,0,7,18,32323020,3668,490920,55,8819
1319,3,0,5,20,32338440,3667,490920,55,8822
1320,4,0,8,17,32341800,3667,490920,55,8826
1321,6,0,8,17,32355480,3666,490920,55,8832
1322,4,0,8,17,32363580,3666,490920,55,8836
1323,7,0,12,13,32376960,3666,490920,55,8843
1324,5,0,11,14,32393160,3665,490920,55,8848
1325,6,0,12,13,32409120,3665,490920,55,8854
1326,11,0,16,9,32447880,3666,490920,55,8865
1327,4,0,14,11,32472900,3667,490920,55,8869
1328,5,0,9,16,32523780,3668,490920,55,8874
1329,9,0,11,14,32554020,3669,490920,55,8883
1330,7,0,12,13,32573160,3668,490920,55,8890
1331,10,0,14,11,32595720,3668,490920,55,8900
1332,4,0,9,16,32640720,3669,490920,55,8904
1333,14,0,16,9,32656800,3668,490920,55,8918
1334,6,0,14,11,32680500,3667,490920,55,8924
1335,9,0,14,11,32733240,3670,490920,54,8933
1336,8,0,13,12,32763420,3669,490920,54,8941
1337,6,0,12,13,32783220,3669,490920,54,8947
1338,9,0,15,10,32819340,3670,492060,54,8956
1339,4,0,11,14,32858040,3671,492060,54,8960
1340,5,0,7,18,32896920,3672,492060,54,8965
1341,5,0,10,15,32901240,3672,492060,54,8970
1342,7,0,9,16,32927940,3671,492060,54,8977
1343,4,0,6,19,32947380,3671,492060,54,8981
1344,6,0,9,16,32950140,3670,492060,54,8987
1345,4,0,12,13,32951700,3669,492060,54,8991
1346,4,0,14,11,32955540,3669,492060,54,8995
1347,2,0,13,12,32969040,3669,492060,54,8997
1348,4,0,11,14,32992920,3669,492060,54,9001
1349,4,0,11,14,33005100,3669,492060,54,9005
1350,7,0,15,10,33016560,3669,492060,54,9012
1351,6,0,13,12,33043140,3669,492060,54,9018
1352,6,0,14,11,33054420,3668,492060,54,9024
1353,17,1,19,6,33086100,3667,493680,54,9041
1354,7,0,19,6,33123480,3668,495840,54,9048
1355,13,0,18,7,33163620,3667,495840,54,9061
1356,4,0,12,13,33192960,3666,495840,54,9065
1357,9,0,16,9,33224760,3668,495840,54,9074
1358,5,0,13,12,33244260,3666,495840,54,9079
1359,6,0,14,11,33261600,3666,495840,54,9085
1360,10,0,15,10,33288180,3666,495840,54,9095
1361,6,0,14,11,33314520,3666,495840,54,9101
1362,11,0,19,6,33338340,3666,495840,54,9112
1363,6,0,16,9,33366720,3665,495840,54,9118
1364,5,0,16,9,33388740,3666,495840,54,9123
1365,6,0,12,13,33431280,3666,495840,54,9129
1366,5,0,16,9,33436320,3667,495840,54,9134
1367,2,0,11,14,33464820,3667,495840,54,9136
1368,8,0,14,11,33476280,3666,495840,54,9144
1369,4,0,16,9,33484380,3666,495840,54,9148
1370,5,0,10,15,33518640,3666,495840,54,9153
1371,2,0,9,16,33531360,3666,495840,54,9155
1372,2,0,10,15,33532800,3665,495840,54,9157
1373,5,0,15,10,33532800,3665,495840,54,9162
1374,3,0,13,12,33546540,3665,495840,54,9165
1375,6,0,11,14,33574440,3665,495840,54,9171
1376,6,0,14,11,33583560,3665,495840,54,9177
1377,2,0,12,13,33603360,3665,495840,54,9179
1378,5,0,11,14,33634260,3666,495840,53,9184
1379,10,0,14,11,33641940,3664,495840,53,9194
1380,8,0,17,8,33658800,3664,495840,53,9202
1381,15,0,18,7,33702840,3663,495840,53,9217
1382,9,0,18,7,33733080,3663,495840,53,9226
1383,7,0,14,11,33763440,3662,495840,53,9233
1384,11,0,18,7,33792960,3662,495840,53,9244
1385,5,0,15,10,33823680,3662,495840,53,9249
1386,4,0,12,13,33858660,3663,495840,53,9253
1387,9,0,16,9,33878940,3664,495840,53,9262
1388,4,0,13,12,33902520,3663,495840,53,9266
1389,3,0,13,12,33923100,3664,495840,53,9269
1390,7,0,16,9,33951720,3666,495840,53,9276
1391,6,0,16,9,33973920,3666,495840,53,9282
1392,5,0,13,12,33998280,3665,495840,53,9287
1393,4,0,11,14,34019940,3665,495840,53,9291
1394,5,0,11,14,34030800,3665,495840,53,9296
1395,2,0,11,14,34034820,3664,495840,53,9298
1396,3,0,12,13,34044660,3665,495840,53,9301
1397,9,0,16,9,34058940,3664,495840,53,9310
1398,3,0,14,11,34078980,3664,495840,53,9313
1399,5,0,14,11,34098840,3664,495840,53,9318
1400,6,0,16,9,34116180,3665,495840,53,9324
1401,15,12,15,10,34120200,3664,496860,53,9339
1402,6,14,14,11,34152420,3665,508680,54,9345
1403,7,11,20,5,34179120,3666,543000,58,9352
1404,10,4,17,8,34230660,3664,606060,64,9362
1405,10,8,16,9,34264500,3665,614820,65,9372
1406,9,13,17,8,34285560,3666,618960,65,9381
1407,10,13,20,5,34318740,3667,643260,68,9391
1408,8,17,14,11,34365420,3668,645360,68,9399
1409,9,13,22,3,34394820,3669,681360,72,9408
1410,12,7,23,2,34439040,3667,789840,83,9420
1411,2,0,12,13,34491720,3665,885360,93,9422
1412,5,0,12,13,34511280,3665,885360,93,9427
1413,1,0,9,16,34532340,3666,885360,93,9428
1414,3,0,9,16,34537680,3665,885360,93,9431
1415,8,0,13,12,34545540,3664,885360,93,9439
1416,7,0,17,8,34557060,3664,885360,93,9446
1417,8,0,17,8,34574520,3663,885360,93,9454
1418,6,0,10,15,34611480,3662,885360,93,9460
1419,4,0,12,13,34628220,3663,885360,93,9464
1420,6,0,12,13,34644600,3662,885360,93,9470
1421,5,0,14,11,34648860,3662,885360,93,9475
1422,9,0,13,12,34682040,3661,885360,93,9484
1423,4,0,14,11,34692540,3661,885360,93,9488
1424,5,0,13,12,34716360,3662,885360,93,9493
1425,10,0,18,7,34733940,3661,885360,93,9503
1426,12,6,17,8,34753260,3661,885420,93,9515
1427,7,9,15,10,34796520,3663,896580,94,9522
1428,5,6,20,5,34815840,3664,922860,96,9527
1429,10,0,22,3,34869240,3664,962520,100,9537
1430,11,0,16,9,34922580,3663,962520,100,9548
1431,7,0,12,13,34959900,3663,962520,100,9555
1432,7,0,16,9,34968720,3663,962520,100,9562
1433,5,0,11,14,34997100,3662,962520,100,9567
1434,6,0,14,11,35005320,3662,962520,100,9573
1435,6,0,15,10,35021580,3661,962520,100,9579
1436,3,0,10,15,35050380,3661,962520,100,9582
1437,2,0,10,15,35061600,3662,962520,100,9584
1438,5,0,10,15,35071260,3661,962520,100,9589
1439,4,0,11,14,35075100,3660,962520,100,9593
1440,4,0,13,12,35083500,3660,962520,100,9597
1441,2,0,12,13,35086500,3659,962520,100,9599
1442,3,0,10,15,35107200,3660,962520,100,9602
1443,2,0,10,15,35121480,3660,962520,100,9604
1444,3,0,11,14,35123520,3660,962520,100,9607
1445,9,0,15,10,35132820,3659,962520,100,9616
1446,8,0,16,9,35152080,3658,962520,100,9624
1447,10,0,15,10,35188200,3658,962520,99,9634
1448,6,0,15,10,35209260,3658,962520,99,9640
1449,2,0,12,13,35230500,3658,962520,99,9642
1450,6,0,13,12,35239500,3657,962520,99,9648
1451,11,0,16,9,35259240,3656,962520,99,9659
1452,7,0,14,11,35278980,3655,962520,99,9666
1453,9,0,14,11,35303820,3654,962520,99,9675
1454,12,0,19,6,35326440,3653,962520,99,9687
1455,8,4,16,9,35357160,3654,963720,99,9695
1456,9,7,16,9,35399400,3656,972600,100,9704
1457,6,3,22,3,35412840,3656,1003440,103,9710
1458,7,0,13,12,35478180,3656,1014780,104,9717
1459,7,0,17,8,35482680,3655,1014780,104,9724
1460,6,0,13,12,35521080,3655,1014780,104,9730
1461,1,0,9,16,35546280,3656,1014780,104,9731
1462,6,0,12,13,35552940,3655,1014780,104,9737
1463,4,0,10,15,35565840,3654,1014780,104,9741
1464,4,0,12,13,35576940,3655,1014780,104,9745
1465,6,0,12,13,35591520,3654,1014780,104,9751
1466,4,0,12,13,35605200,3654,1014780,104,9755
1467,6,0,10,15,35624640,3653,1014780,103,9761
1468,5,0,12,13,35634960,3653,1014780,103,9766
1469,8,0,14,11,35646540,3652,1014780,103,9774
1470,6,0,11,14,35674080,3651,1014780,103,9780
1471,8,0,14,11,35688000,3651,1014780,103,9788
1472,6,0,14,11,35715000,3651,1014780,103,9794
1473,8,0,15,10,35737440,3651,1014780,103,9802
1474,6,0,15,10,35755620,3651,1014780,103,9808
1475,9,0,15,10,35782200,3650,1014780,103,9817
1476,8,0,15,10,35800080,3649,1014780,103,9825
1477,11,0,18,7,35826840,3649,1014780,103,9836
1478,7,0,15,10,35864400,3649,1014780,103,9843
1479,10,0,19,6,35886000,3649,1014780,102,9853
1480,6,0,18,7,35918160,3649,1014780,102,9859
1481,10,0,18,7,35954940,3649,1014780,102,9869
1482,17,13,14,11,36000300,3651,1020360,103,9886
1483,6,12,17,8,36025260,3652,1045800,105,9892
1484,4,10,21,4,36038160,3653,1076280,108,9896
1485,3,0,13,12,36097320,3651,1139220,115,9899
1486,7,0,14,11,36114480,3650,1139220,115,9906
1487,8,0,16,9,36132960,3650,1139220,114,9914
1488,8,0,18,7,36160260,3651,1140960,114,9922
1489,3,0,11,14,36201540,3651,1140960,114,9925
1490,7,0,13,12,36215220,3651,1140960,114,9932
1491,4,0,11,14,36241740,3651,1140960,114,9936
1492,4,0,12,13,36259980,3652,1140960,114,9940
1493,7,0,12,13,36279300,3651,1140960,114,9947
1494,5,0,13,12,36292260,3651,1140960,114,9952
1495,11,0,17,8,36309780,3650,1140960,114,9963
1496,6,0,15,10,36335640,3650,1140960,114,9969
1497,6,2,14,11,36348600,3649,1141500,114,9975
1498,8,0,17,8,36383820,3650,1143480,114,9983
1499,8,0,15,10,36423120,3651,1143480,114,9991
1500,7,0,14,11,36448740,3650,1143480,114,9998
1501,6,0,14,11,36466800,3650,1143480,114,10004
1502,13,0,17,8,36499920,3649,1143480,114,10017
1503,5,0,15,10,36518460,3649,1143480,114,10022
1504,6,0,12,13,36550200,3649,1143480,114,10028
1505,10,0,13,12,36571320,3648,1143480,113,10038
1506,3,0,11,14,36583680,3647,1143480,113,10041
1507,5,0,11,14,36606000,3647,1143480,113,10046
1508,5,0,12,13,36616320,3647,1143480,113,10051
1509,12,0,13,12,36639060,3645,1143480,113,10063
1510,4,0,11,14,36656520,3645,1143480,113,10067
1511,5,0,12,13,36667200,3644,1143480,113,10072
1512,4,0,10,15,36680580,3644,1143480,113,10076
1513,7,0,11,14,36689760,3642,1143480,113,10083
1514,2,0,9,16,36703320,3642,1143480,113,10085
1515,4,0,9,16,36709500,3641,1143480,113,10089
1516,4,0,12,13,36715500,3642,1143480,113,10093
1517,6,0,14,11,36727560,3641,1143480,113,10099
1518,7,0,16,9,36748920,3642,1143480,113,10106
1519,7,0,13,12,36782220,3641,1143480,113,10113
1520,7,0,16,9,36797100,3641,1143480,112,10120
1521,8,0,16,9,36824640,3641,1143660,112,10128
1522,15,7,15,10,36862620,3642,1145340,112,10143
1523,7,4,22,3,36873000,3642,1159380,114,10150
1524,10,0,19,6,36933480,3641,1175520,115,10160
1525,13,0,20,5,36986640,3642,1175700,115,10173
1526,7,0,16,9,37022400,3642,1175700,115,10180
1527,7,0,17,8,37047600,3642,1175700,115,10187
1528,7,0,16,9,37077600,3642,1175700,115,10194
1529,8,0,14,11,37119120,3643,1175700,115,10202
1530,3,0,10,15,37142520,3643,1175700,115,10205
1531,6,0,14,11,37151100,3643,1175700,115,10211
1532,5,0,14,11,37161720,3642,1175700,115,10216
1533,8,0,14,11,37192080,3642,1175700,114,10224
1534,3,0,10,15,37216440,3642,1175700,114,10227
1535,6,0,12,13,37226040,3642,1175700,114,10233
1536,5,0,13,12,37241640,3642,1175700,114,10238
1537,9,0,14,11,37264680,3641,1175700,114,10247
1538,3,0,13,12,37286100,3642,1175700,114,10250
1539,5,0,13,12,37304940,3642,1175700,114,10255
1540,8,0,16,9,37323840,3642,1175700,114,10263
1541,8,0,15,10,37343760,3641,1175700,114,10271
1542,7,0,13,12,37379160,3641,1175700,114,10278
1543,6,0,15,10,37401960,3642,1175700,114,10284
1544,5,0,12,13,37432500,3642,1175700,114,10289
1545,6,0,14,11,37445160,3642,1175700,114,10295
1546,12,0,15,10,37478040,3641,1175700,114,10307
1547,11,0,16,9,37507860,3640,1175700,113,10318
1548,7,0,16,9,37529700,3640,1175700,113,10325
1549,11,0,16,9,37558980,3639,1175700,113,10336
1550,10,0,17,8,37588500,3639,1175700,113,10346
1551,8,0,14,11,37621260,3638,1175700,113,10354
1552,6,0,15,10,37632540,3637,1175700,113,10360
1553,10,6,14,11,37664760,3639,1178700,113,10370
1554,10,4,24,1,37672800,3639,1199040,115,10380
1555,8,0,17,8,37743540,3639,1220820,117,10388
1556,5,0,12,13,37786560,3639,1220820,117,10393
1557,4,0,10,15,37813380,3640,1220820,117,10397
1558,9,0,15,10,37821000,3639,1220820,117,10406
1559,5,0,11,14,37842900,3638,1220820,117,10411
1560,4,0,9,16,37858440,3638,1220820,117,10415
1561,5,0,13,12,37860720,3638,1220820,117,10420
1562,7,0,14,11,37876560,3637,1220820,117,10427
1563,6,0,18,7,37880640,3637,1220820,117,10433
1564,8,0,17,8,37932180,3638,1221360,116,10441
1565,3,0,15,10,37952580,3639,1221360,116,10444
1566,7,0,16,9,37973940,3639,1221360,116,10451
1567,4,0,12,13,38007180,3639,1221360,116,10455
1568,11,2,16,9,38029140,3639,1221600,116,10466
1569,6,7,13,12,38054820,3640,1224300,116,10472
1570,10,4,22,3,38085780,3642,1247820,119,10482
1571,7,1,18,7,38119380,3640,1268400,120,10489
1572,11,7,17,8,38158560,3642,1276320,121,10500
1573,5,7,19,6,38173860,3642,1284120,122,10505
1574,16,2,20,5,38237040,3641,1330980,126,10521
1575,11,0,21,4,38286060,3642,1338660,127,10532
1576,10,0,18,7,38327880,3641,1338660,126,10542
1577,7,0,12,13,38381220,3642,1338660,126,10549
1578,7,0,15,10,38392500,3642,1338660,126,10556
1579,14,0,19,6,38413440,3640,1338660,126,10570
1580,6,0,18,7,38447160,3641,1338660,126,10576
1581,4,0,11,14,38494800,3642,1338660,126,10580
1582,8,0,16,9,38506620,3642,1338660,126,10588
1583,6,0,14,11,38537220,3642,1338660,126,10594
1584,5,0,16,9,38542920,3641,1338660,126,10599
1585,5,0,15,10,38576820,3643,1338660,126,10604
1586,4,0,14,11,38599020,3643,1338660,126,10608
1587,6,0,13,12,38620860,3643,1338660,126,10614
1588,5,0,12,13,38643360,3643,1338660,126,10619
1589,7,0,12,13,38669580,3643,1338660,125,10626
1590,5,0,13,12,38683140,3643,1338660,125,10631
1591,7,0,15,10,38708760,3643,1338660,125,10638
1592,5,0,13,12,38728140,3643,1338660,125,10643
1593,5,0,15,10,38735520,3642,1338660,125,10648
1594,6,0,14,11,38757780,3642,1338660,125,10654
1595,9,0,17,8,38776500,3642,1338660,125,10663
1596,15,0,17,8,38816100,3640,1338660,125,10678
1597,12,4,18,7,38835300,3640,1338840,125,10690
1598,8,6,17,8,38867700,3641,1344300,125,10698
1599,8,7,17,8,38901120,3641,1352520,126,10706
1600,4,0,20,5,38938200,3642,1393380,130,10710
1601,7,0,14,11,38975460,3641,1393380,130,10717
1602,9,0,16,9,38996640,3641,1393380,129,10726
1603,5,0,15,10,39025500,3641,1393380,129,10731
1604,5,0,12,13,39047700,3641,1393380,129,10736
1605,6,0,15,10,39059400,3641,1393380,129,10742
1606,8,0,17,8,39082320,3641,1393380,129,10750
1607,3,0,13,12,39110520,3641,1393380,129,10753
1608,2,0,9,16,39138720,3642,1393380,129,10755
1609,4,0,12,13,39141300,3642,1393380,129,10759
1610,7,0,10,15,39163080,3641,1393380,129,10766
1611,3,0,9,16,39170940,3640,1393380,129,10769
1612,11,0,16,9,39180300,3639,1393380,129,10780
1613,7,0,15,10,39200880,3639,1393380,129,10787
1614,4,0,14,11,39221100,3639,1393380,129,10791
1615,10,0,14,11,39248100,3638,1393380,129,10801
1616,5,0,13,12,39271260,3638,1393380,128,10806
1617,0,0,8,17,39300360,3639,1393380,128,10806
1618,9,0,16,9,39301140,3639,1393380,128,10815
1619,12,0,20,5,39323880,3638,1393380,128,10827
1620,14,0,22,3,39364380,3638,1393380,128,10841
1621,16,0,23,2,39410340,3637,1393620,128,10857
1622,15,0,21,4,39462900,3636,1393620,128,10872
1623,12,0,19,6,39516660,3637,1393620,128,10884
1624,10,0,18,7,39551760,3636,1393620,127,10894
1625,10,0,12,13,39602340,3635,1393620,127,10904
1626,2,0,11,14,39614340,3636,1393620,127,10906
1627,1,0,9,16,39626040,3636,1393620,127,10907
1628,4,0,10,15,39632280,3635,1393620,127,10911
1629,7,0,13,12,39640320,3635,1393620,127,10918
1630,5,0,12,13,39655500,3634,1393620,127,10923
1632,5,0,10,15,39687120,3635,1393620,127,10928
1631,0,0,10,15,39687120,3635,1393620,127,10928
1633,2,0,10,15,39701280,3635,1393620,127,10930
1634,3,0,8,17,39712620,3635,1393620,127,10933
1635,3,0,10,15,39713460,3634,1393620,127,10936
1636,5,0,11,14,39720960,3634,1393620,127,10941
1637,9,0,14,11,39735540,3633,1393620,127,10950
1638,6,0,14,11,39752640,3633,1393620,127,10956
1639,6,0,11,14,39783660,3632,1393620,127,10962
1640,7,0,16,9,39789720,3632,1393620,127,10969
1641,10,0,15,10,39819180,3631,1393620,126,10979
1642,6,0,11,14,39853200,3631,1393620,126,10985
1643,5,0,11,14,39859500,3630,1393620,126,10990
1644,12,0,16,9,39877860,3629,1393620,126,11002
1645,7,0,15,10,39898980,3629,1393620,126,11009
1646,10,0,16,9,39930180,3629,1393620,126,11019
1647,9,0,18,7,39948720,3628,1393620,126,11028
1648,12,0,16,9,39996060,3628,1393620,126,11040
1649,5,0,13,12,40020780,3627,1393620,126,11045
1650,9,0,16,9,40043760,3627,1393620,126,11054
1651,3,0,11,14,40064940,3627,1393620,126,11057
1652,5,0,12,13,40076100,3626,1393620,125,11062
1653,8,0,16,9,40086840,3626,1393620,125,11070
1654,8,3,16,9,40100700,3626,1395060,125,11078
1655,8,0,14,11,40147440,3626,1401120,126,11086
1656,3,0,14,11,40166040,3626,1401120,126,11089
1657,10,0,12,13,40208280,3626,1401120,126,11099
1658,5,0,12,13,40219440,3625,1401120,126,11104
1659,3,0,11,14,40234800,3626,1401120,126,11107
1660,7,0,16,9,40241580,3626,1401120,126,11114
1661,11,0,19,6,40270440,3626,1401120,125,11125
1662,4,0,12,13,40308060,3625,1401120,125,11129
1663,4,0,12,13,40325040,3626,1401120,125,11133
1664,16,0,22,3,40339020,3625,1401120,125,11149
1665,10,0,18,7,40384860,3624,1401120,125,11159
1666,7,1,17,8,40407840,3624,1401120,125,11166
1667,12,0,21,4,40446000,3625,1403760,125,11178
1668,6,0,15,10,40489680,3625,1404480,125,11184
1669,11,0,16,9,40518060,3624,1404480,125,11195
1670,7,1,18,7,40524780,3623,1404600,125,11202
1671,7,6,14,11,40560000,3624,1408320,125,11209
1672,7,11,12,13,40588320,3626,1414440,126,11216
1673,8,19,12,13,40588320,3626,1414440,126,11224
1674,13,29,13,12,40609500,3627,1423320,126,11237
1675,7,34,12,13,40625700,3627,1446120,128,11244
1676,11,40,13,12,40641060,3628,1462740,129,11255
1677,6,38,17,8,40669680,3630,1498560,133,11261
1678,6,33,23,2,40697580,3631,1615080,143,11267
1679,5,23,25,0,40754160,3631,1813860,160,11272
1680,1,0,19,6,40834260,3629,2243280,199,11273
1681,7,0,17,8,40854600,3628,2243280,198,11280
1682,5,0,12,13,40893960,3628,2243280,198,11285
1683,3,0,12,13,40903980,3628,2243280,198,11288
1684,6,0,13,12,40921320,3628,2243280,198,11294
1685,4,0,10,15,40942200,3628,2243280,198,11298
1686,4,0,12,13,40946040,3627,2243280,198,11302
1687,4,0,13,12,40951740,3627,2243280,198,11306
1688,7,0,12,13,40982400,3627,2243280,198,11313
1689,2,0,12,13,40994880,3627,2243280,198,11315
1690,8,0,15,10,41013720,3627,2243280,198,11323
1691,3,0,15,10,41023980,3627,2243280,198,11326
1692,5,0,12,13,41063520,3628,2243280,198,11331
1693,15,1,19,6,41079660,3627,2243340,197,11346
1694,10,10,14,11,41105940,3628,2244840,197,11356
1695,10,18,13,12,41126820,3629,2253300,198,11366
1696,5,19,14,11,41149860,3630,2257140,198,11371
1697,7,25,12,13,41166240,3630,2260920,198,11378
1698,6,27,13,12,41193780,3632,2268720,199,11384
1699,5,31,13,12,41200200,3632,2271480,199,11389
1700,7,35,13,12,41218740,3633,2286360,200,11396
1701,5,34,16,9,41244660,3634,2334120,204,11401
1702,7,28,23,2,41269920,3634,2433960,213,11408
1703,9,22,23,2,41335920,3635,2653260,232,11417
1704,4,4,25,0,41369580,3632,3092700,270,11421
1705,7,0,17,8,41421600,3630,3148800,275,11428
1706,3,0,13,12,41459700,3632,3148800,275,11431
1707,4,0,14,11,41473200,3632,3148800,275,11435
1708,7,0,13,12,41506920,3632,3148800,275,11442
1709,5,0,15,10,41516460,3632,3148800,275,11447
1710,5,0,13,12,41541480,3632,3149100,275,11452
1711,9,0,19,6,41548380,3632,3149100,274,11461
1712,7,1,14,11,41593500,3632,3149100,274,11468
1713,3,0,14,11,41611740,3632,3149520,274,11471
1714,6,0,14,11,41639220,3633,3149520,274,11477
1715,9,0,19,6,41659260,3633,3149520,274,11486
1716,6,0,14,11,41699220,3633,3149520,274,11492
1717,3,0,11,14,41730540,3634,3149520,274,11495
1718,3,0,10,15,41744760,3634,3149520,273,11498
1719,14,0,19,6,41751600,3633,3149520,273,11512
1720,10,0,19,6,41785320,3633,3149520,273,11522
1721,9,0,18,7,41815860,3633,3149520,273,11531
1722,6,0,14,11,41852640,3633,3149520,273,11537
1723,11,0,15,10,41887440,3632,3149520,272,11548
1724,11,5,14,11,41911440,3632,3149820,272,11559
1725,4,7,13,12,41932140,3633,3154560,272,11563
1726,5,2,18,7,41961900,3634,3183540,275,11568
1727,1,0,9,16,41997840,3633,3194760,276,11569
1728,6,0,13,12,42007020,3634,3194760,276,11575
1729,6,0,17,8,42011700,3633,3194760,275,11581
1730,6,3,15,10,42038340,3634,3195900,275,11587
1731,2,0,11,14,42076440,3635,3200700,276,11589
1732,5,0,13,12,42086340,3635,3200700,276,11594
1733,3,0,12,13,42096660,3634,3200700,276,11597
1734,4,0,12,13,42115800,3635,3200700,275,11601
1735,7,0,15,10,42131100,3635,3200700,275,11608
1736,12,6,17,8,42146040,3635,3200760,275,11620
1737,2,7,15,10,42167520,3636,3202680,275,11622
1738,3,0,15,10,42211320,3636,3240360,278,11625
1739,7,0,14,11,42245220,3637,3240360,278,11632
1740,10,0,18,7,42254220,3636,3240360,278,11642
1741,6,0,14,11,42292500,3636,3240360,278,11648
1742,4,0,14,11,42306480,3636,3240360,278,11652
1743,11,0,18,7,42342420,3637,3240360,277,11663
1744,15,0,25,0,42358740,3635,3240360,277,11678
1745,4,0,16,9,42411720,3636,3240780,277,11682
1746,10,0,18,7,42449940,3637,3240780,277,11692
1747,9,0,20,5,42484140,3637,3243540,277,11701
1748,5,0,14,11,42531060,3638,3243540,277,11706
1749,6,0,15,10,42548040,3638,3243540,277,11712
1750,9,0,14,11,42580680,3638,3243540,276,11721
1751,4,0,13,12,42599640,3638,3243540,276,11725
1752,3,0,12,13,42615180,3638,3243540,276,11728
1753,4,0,10,15,42633060,3637,3243540,276,11732
1754,1,0,10,15,42640680,3638,3243540,276,11733
1755,3,0,11,14,42648240,3638,3243540,276,11736
1756,3,0,13,12,42654060,3638,3243540,276,11739
1757,8,0,13,12,42675720,3637,3243540,276,11747
1758,4,0,14,11,42682680,3637,3243540,276,11751
1759,2,0,12,13,42709620,3638,3243540,276,11753
1760,9,0,16,9,42727140,3638,3243540,275,11762
1761,8,0,17,8,42744960,3637,3243540,275,11770
1762,11,0,18,7,42781740,3637,3243540,275,11781
1763,7,0,12,13,42823920,3637,3243540,275,11788
1764,12,0,19,6,42833640,3636,3243540,274,11800
1765,7,0,15,10,42874620,3636,3243540,274,11807
1766,15,0,21,4,42899520,3636,3243540,274,11822
1767,12,0,21,4,42935100,3635,3243540,274,11834
1768,3,0,13,12,42984660,3636,3243540,274,11837
1769,9,0,13,12,43013880,3636,3243540,273,11846
1770,3,0,12,13,43025880,3635,3243540,273,11849
1771,5,0,12,13,43049040,3636,3243540,273,11854
1772,9,0,16,9,43065420,3636,3243540,273,11863
1773,7,0,16,9,43082340,3635,3243540,273,11870
1774,4,0,12,13,43114800,3635,3243540,273,11874
1775,7,0,13,12,43131900,3635,3243540,273,11881
1776,2,0,11,14,43145220,3635,3243540,273,11883
1777,3,0,10,15,43156620,3634,3243540,272,11886
1778,2,0,12,13,43156620,3634,3243540,272,11888
1779,3,0,10,15,43172880,3634,3243540,272,11891
1780,1,0,9,16,43184100,3635,3243540,272,11892
1781,9,0,15,10,43186680,3634,3243540,272,11901
1782,6,0,14,11,43196520,3633,3243540,272,11907
1783,6,0,14,11,43219560,3633,3243540,272,11913
1784,7,0,14,11,43242840,3632,3243540,272,11920
1785,10,0,17,8,43264080,3632,3243540,271,11930
1786,9,0,18,7,43294740,3632,3243540,271,11939
1787,8,5,17,8,43312020,3632,3244080,271,11947
1788,9,12,13,12,43357140,3634,3246840,271,11956
1789,10,6,23,2,43389720,3635,3287640,274,11966
1790,5,6,18,7,43424040,3635,3302220,275,11971
1791,11,14,15,10,43462620,3637,3309420,276,11982
1792,6,12,18,7,43491600,3637,3331800,277,11988
1793,7,0,25,0,43525020,3637,3456480,288,11995
1794,8,0,14,11,43575840,3635,3456480,288,12003
1795,5,0,13,12,43601880,3635,3456480,287,12008
1796,7,0,15,10,43626060,3636,3456480,287,12015
1797,2,0,11,14,43652700,3636,3456480,287,12017
1798,8,0,16,9,43668120,3637,3456480,287,12025
1799,7,0,15,10,43686360,3636,3456480,287,12032
1800,3,0,14,11,43700160,3636,3456480,287,12035
1801,4,0,12,13,43722900,3636,3456480,287,12039
1802,5,0,12,13,43746480,3636,3456480,287,12044
1803,7,0,14,11,43757100,3636,3456480,286,12051
1804,3,0,14,11,43772940,3636,3456480,286,12054
1805,9,0,14,11,43793340,3635,3456480,286,12063
1806,4,0,14,11,43809360,3635,3456480,286,12067
1807,4,0,11,14,43844400,3636,3456480,286,12071
1808,8,0,16,9,43848840,3635,3456480,286,12079
1809,1,0,9,16,43884780,3636,3456480,286,12080
1810,9,0,16,9,43886640,3636,3456480,285,12089
1811,6,0,14,11,43914840,3635,3456480,285,12095
1812,10,0,17,8,43935660,3635,3456480,285,12105
1813,10,0,18,7,43965780,3635,3456480,285,12115
1814,9,0,21,4,43993140,3635,3456480,285,12124
1815,7,3,15,10,44028000,3635,3457020,285,12131
1816,9,9,14,11,44056500,3636,3461820,285,12140
1817,5,5,19,6,44085420,3638,3479160,286,12145
1818,6,0,16,9,44120760,3636,3518880,289,12151
1819,9,0,15,10,44163960,3637,3518880,289,12160
1820,4,0,11,14,44195100,3637,3518880,289,12164
1821,3,0,11,14,44209380,3637,3518880,289,12167
1822,7,0,15,10,44215920,3637,3518880,289,12174
1823,7,0,15,10,44241660,3637,3518880,288,12181
1824,5,0,13,12,44269560,3637,3518880,288,12186
1825,1,0,9,16,44287800,3637,3518880,288,12187
1826,6,0,12,13,44292180,3637,3518880,288,12193
1827,4,0,13,12,44298360,3636,3518880,288,12197
1828,5,0,10,15,44329680,3636,3518880,288,12202
1829,6,0,13,12,44334060,3636,3518880,288,12208
1830,4,0,13,12,44351340,3636,3518880,288,12212
1831,9,0,16,9,44362980,3635,3518880,288,12221
1832,9,5,13,12,44393520,3636,3520020,287,12230
1833,4,8,12,13,44407320,3636,3524820,288,12234
1834,11,18,12,13,44416320,3637,3527160,288,12245
1835,9,19,18,7,44438700,3638,3559140,290,12254
1836,3,17,21,4,44457600,3639,3602460,293,12257
1837,11,0,17,8,44541060,3636,3757800,306,12268
1838,9,0,16,9,44567760,3635,3757800,306,12277
1839,6,0,15,10,44591580,3635,3757800,306,12283
1840,8,2,15,10,44613660,3635,3758520,305,12291
1841,10,9,14,11,44643660,3636,3761280,305,12301
1842,9,9,20,5,44662080,3637,3775260,306,12310
1843,8,10,19,6,44694240,3637,3797880,308,12318
1844,11,17,15,10,44739360,3639,3801480,308,12329
1845,7,16,19,6,44765880,3640,3833880,310,12336
1846,2,0,21,4,44819820,3639,4004340,324,12338
1847,7,0,13,12,44852400,3637,4004340,324,12345
1848,4,0,14,11,44866380,3638,4004340,324,12349
1849,5,0,11,14,44898960,3638,4004340,324,12354
1850,2,0,10,15,44916120,3638,4004340,324,12356
1851,9,0,17,8,44922300,3638,4004340,323,12365
1852,4,0,14,11,44943240,3638,4004340,323,12369
1853,7,0,14,11,44969700,3638,4004340,323,12376
1854,0,0,10,15,44993040,3639,4004340,323,12376
1855,8,0,14,11,45007080,3639,4004340,323,12384
1856,9,0,19,6,45016680,3638,4004340,323,12393
1857,8,0,16,9,45050400,3638,4004340,322,12401
1858,9,0,17,8,45090480,3639,4004340,322,12410
1859,11,0,17,8,45119940,3638,4004340,322,12421
1860,12,0,17,8,45154860,3637,4004340,322,12433
1861,13,0,17,8,45177480,3635,4004340,321,12446
1862,9,0,17,8,45217620,3636,4004340,321,12455
1863,15,9,17,8,45231720,3635,4004460,321,12470
1864,7,12,16,9,45269100,3637,4015980,321,12477
1865,9,18,15,10,45294660,3638,4020180,322,12486
1866,7,16,21,4,45317640,3639,4040280,323,12493
1867,8,4,25,0,45374220,3638,4167180,333,12501
1868,3,0,12,13,45424500,3637,4203060,336,12504
1869,3,0,11,14,45451320,3638,4203060,336,12507
1870,4,0,12,13,45454740,3637,4203060,336,12511
1871,6,0,13,12,45465900,3636,4203060,335,12517
1872,6,0,14,11,45481560,3636,4203060,335,12523
1873,6,0,15,10,45498180,3636,4203060,335,12529
1874,8,0,15,10,45523860,3636,4203060,335,12537
1875,4,0,13,12,45551400,3636,4203060,335,12541
1876,4,0,13,12,45568860,3637,4203060,335,12545
1877,6,0,16,9,45585780,3637,4203060,334,12551
1878,4,0,15,10,45606540,3637,4203060,334,12555
1879,3,0,11,14,45638040,3638,4203060,334,12558
1880,13,0,19,6,45656880,3638,4203060,334,12571
1881,11,1,21,4,45678660,3637,4203120,334,12582
1882,6,5,16,9,45716940,3638,4206240,334,12588
1883,12,7,19,6,45759780,3640,4211580,334,12600
1884,8,13,16,9,45783420,3640,4212480,334,12608
1885,4,13,14,11,45829860,3642,4228980,335,12612
1886,7,10,21,4,45844740,3642,4264080,337,12619
1887,4,0,12,13,45912600,3641,4379580,347,12623
1888,9,0,14,11,45931440,3641,4379580,346,12632
1889,9,0,14,11,45957180,3640,4379580,346,12641
1890,5,0,14,11,45974040,3640,4379580,346,12646
1891,5,0,13,12,45995820,3640,4379580,346,12651
1892,7,0,12,13,46019820,3639,4379580,346,12658
1893,12,0,16,9,46030260,3638,4379580,345,12670
1894,5,0,16,9,46052700,3638,4379580,345,12675
1895,5,0,17,8,46079580,3639,4379580,345,12680
1896,4,0,12,13,46117380,3640,4379580,345,12684
1897,3,0,10,15,46137360,3640,4379580,345,12687
1898,5,0,12,13,46144080,3639,4379580,345,12692
1899,5,0,13,12,46151340,3639,4379580,345,12697
1900,4,0,14,11,46162020,3639,4379580,344,12701
1901,10,0,18,7,46188720,3639,4379580,344,12711
1902,8,0,19,6,46212960,3639,4379580,344,12719
1903,6,0,14,11,46262340,3640,4379580,344,12725
1904,7,0,15,10,46283940,3640,4379580,344,12732
1905,11,0,17,8,46307040,3639,4379580,343,12743
1906,7,0,16,9,46342860,3640,4379580,343,12750
1907,8,1,16,9,46370400,3640,4381200,343,12758
1908,8,0,16,9,46405800,3640,4382400,343,12766
1909,9,1,20,5,46419540,3640,4384620,343,12775
1910,3,0,11,14,46478220,3641,4384920,343,12778
1911,8,0,15,10,46491660,3641,4384920,343,12786
1912,12,0,20,5,46507260,3640,4384920,342,12798
1913,8,0,16,9,46553520,3640,4384920,342,12806
1914,8,0,16,9,46573920,3640,4384920,342,12814
1915,8,4,14,11,46603140,3640,4388040,342,12822
1916,7,4,17,8,46624500,3641,4400040,343,12829
1917,9,8,19,6,46641960,3641,4404060,343,12838
1918,7,8,18,7,46688580,3642,4421880,344,12845
1919,3,0,18,7,46726560,3642,4480320,348,12848
1920,4,0,10,15,46772580,3643,4480320,348,12852
1921,3,0,8,17,46781160,3642,4480320,348,12855
1922,4,0,11,14,46783860,3642,4480320,348,12859
1923,1,0,9,16,46791900,3641,4480320,348,12860
1924,6,0,13,12,46799820,3642,4480320,348,12866
1925,9,0,17,8,46810140,3641,4480320,348,12875
1926,4,0,12,13,46838820,3641,4480320,347,12879
1927,7,0,13,12,46863660,3641,4480320,347,12886
1928,7,0,15,10,46876320,3640,4480320,347,12893
1929,6,0,14,11,46905780,3641,4480320,347,12899
1930,11,2,18,7,46916280,3640,4480620,347,12910
1931,10,0,17,8,46968180,3640,4485840,347,12920
1932,8,0,15,10,47014560,3641,4485840,347,12928
1933,8,0,16,9,47027100,3640,4485840,346,12936
1934,5,0,12,13,47067000,3641,4487160,346,12941
1935,7,0,14,11,47082540,3641,4487160,346,12948
1936,6,0,13,12,47106900,3640,4487160,346,12954
1937,7,0,16,9,47115420,3640,4487160,346,12961
1938,6,0,14,11,47147940,3640,4487160,346,12967
1939,6,0,14,11,47162520,3640,4487160,345,12973
1940,8,0,13,12,47195400,3640,4487160,345,12981
1941,8,0,15,10,47212020,3639,4487160,345,12989
1942,7,0,14,11,47228700,3638,4487160,345,12996
1943,6,0,15,10,47247780,3638,4487160,345,13002
1944,6,0,17,8,47270640,3639,4487160,345,13008
1945,4,0,12,13,47304780,3639,4487160,344,13012
1946,1,0,10,15,47317920,3639,4487160,344,13013
1947,6,0,13,12,47323140,3639,4487160,344,13019
1948,4,0,14,11,47346480,3640,4487160,344,13023
1949,7,0,14,11,47377200,3640,4487160,344,13030
1950,2,0,11,14,47390580,3640,4487160,344,13032
1951,6,0,13,12,47411700,3640,4487160,344,13038
1952,4,0,16,9,47416860,3641,4487160,344,13042
1953,12,0,21,4,47448540,3641,4487160,343,13054
1954,5,0,15,10,47480700,3640,4487160,343,13059
1955,15,0,19,6,47525520,3641,4487160,343,13074
1956,10,0,23,2,47547480,3641,4487160,343,13084
1957,8,0,16,9,47606400,3641,4487160,342,13092
1958,10,0,19,6,47626080,3641,4487160,342,13102
1959,6,0,14,11,47669460,3641,4487160,342,13108
1960,7,0,14,11,47702700,3641,4487160,342,13115
1961,10,0,17,8,47720220,3641,4487160,341,13125
1962,10,0,19,6,47739240,3640,4487160,341,13135
1963,8,3,15,10,47785140,3641,4487160,341,13143
1964,8,9,14,11,47799720,3641,4489080,341,13151
1965,11,19,11,14,47829240,3643,4489440,341,13162
1966,8,24,12,13,47848800,3643,4515360,342,13170
1967,4,27,13,12,47848800,3643,4529580,343,13174
1968,1,24,14,11,47866380,3644,4550820,345,13175
1969,7,21,21,4,47889840,3645,4624080,350,13182
1970,1,0,21,4,47952300,3644,4946340,375,13183
1971,5,0,12,13,47985780,3642,4946340,375,13188
1972,7,0,15,10,47993580,3642,4946340,374,13195
1973,6,0,14,11,48020160,3642,4946340,374,13201
1974,8,0,15,10,48034620,3641,4946340,374,13209
1975,6,0,17,8,48057300,3642,4946340,374,13215
1976,8,0,16,9,48089400,3642,4946340,374,13223
1977,11,0,18,7,48127740,3642,4946340,373,13234
1978,13,0,22,3,48154980,3642,4946340,373,13247
1979,12,2,17,8,48209460,3642,4946880,373,13259
1980,9,9,14,11,48234840,3642,4949400,373,13268
1981,7,12,14,11,48267300,3643,4958820,373,13275
1982,15,25,14,11,48280440,3644,4962120,373,13290
1983,5,29,12,13,48309420,3645,4965660,373,13295
1984,6,31,13,12,48331560,3646,4985220,374,13301
1985,4,35,12,13,48338880,3646,4985220,374,13305
1986,5,34,15,10,48364560,3647,5059980,380,13310
1987,6,33,21,4,48376800,3648,5139120,386,13316
1988,7,28,25,0,48422400,3649,5256720,394,13323
1989,5,10,25,0,48503340,3649,5643120,423,13328
1990,12,0,15,10,48560400,3645,5823060,436,13340
1991,6,0,13,12,48580440,3644,5823060,436,13346
1992,3,0,10,15,48601380,3644,5823060,436,13349
1993,8,0,14,11,48613080,3644,5823060,436,13357
1994,8,0,16,9,48623580,3643,5823060,435,13365
1995,4,0,12,13,48648420,3642,5823060,435,13369
1996,5,0,12,13,48667200,3643,5823060,435,13374
1997,5,0,13,12,48673740,3642,5823060,435,13379
1998,5,0,12,13,48700140,3642,5823060,435,13384
1999,3,0,13,12,48707220,3642,5823060,435,13387
2000,5,0,10,15,48726960,3642,5823060,434,13392
2001,6,0,11,14,48741960,3641,5823060,434,13398
2002,6,0,15,10,48743940,3641,5823060,434,13404
2003,13,0,20,5,48762840,3640,5823060,434,13417
2004,9,0,18,7,48807000,3640,5823060,433,13426
2005,7,0,18,7,48836640,3641,5823060,433,13433
2006,11,0,17,8,48877980,3641,5823060,433,13444
2007,14,1,19,6,48905940,3640,5823060,432,13458
2008,4,0,14,11,48954000,3641,5826600,432,13462
2009,11,5,14,11,48972600,3640,5828880,432,13473
2010,8,12,11,14,48997260,3641,5832540,432,13481
2011,2,14,11,14,48997260,3641,5832540,432,13483
2012,7,18,12,13,49020960,3642,5844660,433,13490
2013,7,21,15,10,49033020,3643,5870640,435,13497
2014,5,20,19,6,49045440,3643,5883960,435,13502
2015,5,12,24,1,49090620,3644,6011760,445,13507
2016,4,0,13,12,49160160,3642,6178200,457,13511
2017,6,0,18,7,49161240,3642,6178200,457,13517
2018,4,0,17,8,49174800,3642,6178200,457,13521
2019,1,0,14,11,49187340,3642,6178200,457,13522
2020,4,0,14,11,49208460,3642,6178200,456,13526
2021,4,0,16,9,49212240,3642,6178200,456,13530
2022,8,0,17,8,49223880,3641,6178200,456,13538
2023,4,0,15,10,49247760,3641,6178200,456,13542
2024,4,0,17,8,49255800,3641,6178200,456,13546
2025,9,1,18,7,49273740,3641,6178200,455,13555
2026,10,5,21,4,49288980,3641,6181200,455,13565
2027,5,1,20,5,49317780,3640,6197880,456,13570
2028,9,8,16,9,49343220,3641,6200520,456,13579
2029,4,11,16,9,49356660,3641,6204420,456,13583
2030,10,14,20,5,49377660,3642,6229560,458,13593
2031,14,28,19,6,49382040,3642,6229560,458,13607
2032,5,30,16,9,49425420,3644,6241680,458,13612
2033,4,33,16,9,49433040,3644,6248460,459,13616
2034,11,35,22,3,49453500,3645,6303060,462,13627
2035,3,38,20,5,49461600,3645,6303060,462,13630
2036,5,35,22,3,49501380,3646,6344520,465,13635
2037,8,30,25,0,49545540,3647,6552900,480,13643
2038,4,16,25,0,49602960,3646,6868740,503,13647
2039,2,0,14,11,49648800,3642,7157580,524,13649
2040,6,0,16,9,49654200,3641,7157580,524,13655
2041,3,0,15,10,49674360,3641,7157580,524,13658
2042,6,0,16,9,49689420,3641,7157580,523,13664
2043,7,0,18,7,49703340,3641,7157580,523,13671
2044,3,0,16,9,49721460,3641,7157580,523,13674
2045,3,0,16,9,49734240,3641,7157580,523,13677
2046,7,0,20,5,49743540,3641,7157580,523,13684
2047,7,0,16,9,49778580,3640,7157580,522,13691
2048,10,0,17,8,49800960,3640,7157580,522,13701
2049,7,0,18,7,49818840,3639,7157580,522,13708
2050,7,0,19,6,49831020,3639,7157580,521,13715
2051,7,0,22,3,49845960,3639,7157580,521,13722
2052,9,0,20,5,49886220,3639,7157580,521,13731
2053,12,0,23,2,49907160,3638,7157580,520,13743
2054,13,5,22,3,49936260,3638,7159440,520,13756
2055,6,9,18,7,49968120,3638,7162440,520,13762
2056,8,7,23,2,49999560,3639,7184100,521,13770
2057,10,4,25,0,50049480,3640,7232820,524,13780
2058,9,0,20,5,50090460,3638,7237020,524,13789
2059,5,0,18,7,50108400,3638,7237020,524,13794
2060,6,1,16,9,50132700,3638,7237380,524,13800
2061,8,7,17,8,50139960,3638,7237920,524,13808
2062,2,5,17,8,50169480,3639,7251540,525,13810
2063,4,5,19,6,50179080,3639,7256220,525,13814
2064,4,0,16,9,50209200,3638,7295160,528,13818
2065,3,0,16,9,50227500,3639,7295700,527,13821
2066,3,0,15,10,50239920,3638,7295700,527,13824
2067,1,0,13,12,50251080,3639,7295700,527,13825
2068,6,0,18,7,50253060,3638,7295700,527,13831
2069,2,0,16,9,50276340,3639,7295700,527,13833
2070,3,0,13,12,50303100,3639,7295700,527,13836
2071,3,0,16,9,50303100,3639,7295700,527,13839
2072,5,0,17,8,50319240,3639,7295700,527,13844
2073,7,0,17,8,50330580,3638,7295700,526,13851
2074,7,0,18,7,50352480,3638,7295700,526,13858
2075,13,4,21,4,50360640,3637,7295820,526,13871
2076,7,10,16,9,50395560,3638,7297500,526,13878
2077,9,16,16,9,50417580,3639,7309260,526,13887
2078,4,19,15,10,50430480,3640,7316040,526,13891
2079,10,28,16,9,50430480,3640,7320540,527,13901
2080,8,33,16,9,50459820,3641,7336560,527,13909
2081,5,32,20,5,50473500,3641,7353480,528,13914
2082,12,36,24,1,50490480,3642,7388340,530,13926
2083,7,36,23,2,50539680,3643,7402500,531,13933
2084,8,40,22,3,50568480,3644,7405860,531,13941
2085,3,34,21,4,50622300,3646,7494480,537,13944
2086,3,21,24,1,50668560,3646,7855560,563,13947
2087,3,0,22,3,50717460,3642,8425020,604,13950
2088,8,0,16,9,50739420,3640,8425020,603,13958
2089,4,0,18,7,50744520,3640,8425020,603,13962
2090,3,0,16,9,50767680,3640,8425020,603,13965
2091,5,0,16,9,50786460,3640,8425020,603,13970
2092,4,0,16,9,50803200,3641,8425020,603,13974
2093,13,0,24,1,50815800,3640,8425020,602,13987
2094,7,0,22,3,50851560,3640,8425020,602,13994
2095,7,1,18,7,50886180,3640,8425020,602,14001
2096,4,0,17,8,50918460,3641,8428080,602,14005
2097,8,0,19,6,50935260,3641,8429220,601,14013
2098,3,1,17,8,50947620,3640,8431260,601,14016
2099,10,6,18,7,50978100,3642,8438040,601,14026
2100,5,11,18,7,50978100,3642,8438040,601,14031
2101,8,9,22,3,51015000,3643,8482620,604,14039
2102,12,0,25,0,51046380,3640,8529780,607,14051
2103,6,0,21,4,51086940,3641,8529900,607,14057
2104,9,0,21,4,51120720,3641,8529900,606,14066
2105,7,0,17,8,51164640,3641,8529900,606,14073
2106,7,0,18,7,51176760,3640,8529900,606,14080
2107,10,5,18,7,51194700,3640,8530440,605,14090
2108,8,12,17,8,51207240,3641,8533140,605,14098
2109,7,7,24,1,51239940,3642,8561820,607,14105
2110,9,1,25,0,51279300,3641,8607300,610,14114
2111,3,0,13,12,51336120,3641,8617800,610,14117
2112,6,0,16,9,51345420,3641,8617800,610,14123
2113,6,0,17,8,51356580,3640,8617800,610,14129
2114,3,0,16,9,51378960,3641,8617800,610,14132
2115,3,0,12,13,51402300,3640,8617800,609,14135
2116,2,0,14,11,51402300,3640,8617800,609,14137
2117,6,0,14,11,51413100,3640,8617800,609,14143
2118,5,0,16,9,51419820,3639,8617800,609,14148
2119,4,0,16,9,51430020,3639,8617800,609,14152
2120,6,0,15,10,51455940,3639,8617800,608,14158
2121,16,0,23,2,51468720,3638,8617800,608,14174
2122,9,4,19,6,51492120,3637,8617860,607,14183
2123,8,11,16,9,51512940,3638,8618580,607,14191
2124,8,17,15,10,51539220,3639,8627940,607,14199
2125,7,19,18,7,51554820,3639,8649660,609,14206
2126,4,22,17,8,51563940,3639,8651760,609,14210
2127,11,20,25,0,51589140,3640,8722620,613,14221
2128,8,20,19,6,51631680,3639,8731260,613,14229
2129,13,31,16,9,51667560,3641,8734800,613,14242
2130,5,28,21,4,51682260,3641,8767320,615,14247
2131,9,14,25,0,51718320,3639,9052860,635,14256
2132,7,2,17,8,51763140,3635,9292080,651,14263
2133,3,2,15,10,51791880,3636,9297300,651,14266
2134,2,1,17,8,51799860,3636,9309360,652,14268
2135,2,0,14,11,51828060,3636,9310140,652,14270
2136,5,0,18,7,51830880,3636,9310140,652,14275
2137,6,0,19,6,51849120,3636,9310140,652,14281
2138,3,0,16,9,51873960,3636,9310140,652,14284
2139,3,0,14,11,51894120,3637,9310140,651,14287
2140,2,0,13,12,51904140,3637,9310140,651,14289
2141,6,0,16,9,51908220,3636,9310140,651,14295
2142,7,0,16,9,51926100,3636,9310140,651,14302
2143,7,0,20,5,51932100,3635,9310140,650,14309
2144,10,0,22,3,51963840,3635,9310140,650,14319
2145,7,0,21,4,51998400,3636,9310140,650,14326
2146,13,0,22,3,52037040,3635,9310140,649,14339
2147,6,0,21,4,52055940,3635,9310140,649,14345
2148,7,1,20,5,52078200,3635,9311460,649,14352
2149,4,0,18,7,52120080,3636,9313320,648,14356
2150,10,9,15,10,52138140,3636,9313380,648,14366
2151,9,15,16,9,52154520,3637,9318900,648,14375
2152,15,30,16,9,52154520,3637,9318900,648,14390
2153,7,33,16,9,52185960,3638,9333720,648,14397
2154,6,39,16,9,52185960,3638,9333720,648,14403
2155,6,40,17,8,52192560,3638,9350220,649,14409
2156,12,39,25,0,52227060,3640,9498780,659,14421
2157,8,36,25,0,52270620,3640,9630780,668,14429
2158,3,22,25,0,52333020,3640,9825120,681,14432
2159,3,0,18,7,52392840,3636,10246920,710,14435
2160,6,1,17,8,52401960,3635,10246980,710,14441
2161,4,5,15,10,52414080,3636,10246980,710,14445
2162,5,8,16,9,52422060,3636,10248360,709,14450
2163,4,9,16,9,52451940,3637,10257960,710,14454
2164,2,7,18,7,52462320,3637,10285380,711,14456
2165,6,0,17,8,52493640,3636,10355880,716,14462
2166,11,0,19,6,52513020,3635,10355880,716,14473
2167,7,0,18,7,52543740,3635,10355880,715,14480
2168,11,6,19,6,52562040,3636,10361040,715,14491
2169,3,7,19,6,52576440,3636,10362720,715,14494
2170,13,4,25,0,52616160,3636,10397460,717,14507
2171,11,11,19,6,52642260,3636,10399680,716,14518
2172,8,15,17,8,52685220,3637,10415220,717,14526
2173,6,12,23,2,52699200,3637,10442460,719,14532
2174,11,18,23,2,52722420,3638,10453620,719,14543
2175,6,11,25,0,52780740,3639,10516200,723,14549
2176,6,0,18,7,52821240,3636,10664100,733,14555
2177,7,0,17,8,52844640,3635,10664100,732,14562
2178,8,0,20,5,52863000,3635,10664100,732,14570
2179,9,0,20,5,52892100,3635,10664100,731,14579
2180,10,7,17,8,52912320,3635,10668300,731,14589
2181,5,6,20,5,52940280,3636,10684620,732,14594
2182,7,5,25,0,52953900,3636,10705080,733,14601
2183,4,0,17,8,53005140,3635,10720860,734,14605
2184,6,0,17,8,53026260,3635,10720860,734,14611
2185,1,0,16,9,53034840,3636,10720860,734,14612
2186,3,0,14,11,53062260,3636,10720860,734,14615
2187,7,0,19,6,53065620,3636,10720860,733,14622
2188,2,0,13,12,53087520,3635,10720860,733,14624
2189,6,0,17,8,53090580,3635,10720860,733,14630
2190,4,0,15,10,53117340,3635,10720860,733,14634
2191,9,0,19,6,53124900,3635,10720860,732,14643
2192,8,0,23,2,53141880,3635,10720860,732,14651
2193,12,6,19,6,53182860,3635,10722540,731,14663
2194,8,5,21,4,53204640,3635,10737360,732,14671
2195,13,15,18,7,53234580,3635,10739280,732,14684
2196,3,15,17,8,53257920,3636,10748880,732,14687
2197,7,20,17,8,53274660,3637,10763760,733,14694
2198,10,27,17,8,53297220,3638,10775400,733,14704
2199,7,33,17,8,53305800,3638,10776840,733,14711
2200,15,40,17,8,53319360,3638,10781760,733,14726
2201,7,36,22,3,53353200,3639,10854000,737,14733
2202,4,33,25,0,53369460,3639,10906380,740,14737
2203,5,19,25,0,53437380,3639,11252460,764,14742
2204,9,1,25,0,53481720,3636,11610120,788,14751
2205,5,1,21,4,53506200,3635,11610180,787,14756
2206,11,9,17,8,53544060,3636,11615160,787,14767
2207,4,7,21,4,53563320,3637,11632620,788,14771
2208,6,0,21,4,53601780,3636,11674080,790,14777
2209,2,0,15,10,53631900,3636,11674080,790,14779
2210,3,0,16,9,53646240,3637,11674080,790,14782
2211,4,0,14,11,53666340,3637,11674080,790,14786
2212,5,0,16,9,53672460,3636,11674080,790,14791
2213,7,0,19,6,53682540,3636,11674080,789,14798
2214,5,0,20,5,53695140,3636,11675400,789,14803
2215,10,4,18,7,53712900,3635,11675640,789,14813
2216,5,2,20,5,53745060,3636,11685720,789,14818
2217,5,0,22,3,53766420,3636,11694960,789,14823
2218,10,0,20,5,53817960,3637,11696880,789,14833
2219,14,2,25,0,53839920,3637,11697060,788,14847
2220,15,8,23,2,53877900,3636,11698380,788,14862
2221,9,15,17,8,53922780,3638,11705820,788,14871
2222,6,20,16,9,53935560,3638,11710920,788,14877
2223,7,25,16,9,53953380,3639,11723280,788,14884
2224,7,28,17,8,53973240,3639,11746680,789,14891
2225,2,27,18,7,53982780,3639,11779920,791,14893
2226,8,26,25,0,53998020,3640,11802960,793,14901
2227,7,31,19,6,54034800,3640,11805000,792,14908
2228,3,26,21,4,54078000,3642,11874840,797,14911
2229,6,20,25,0,54108780,3642,12056280,809,14917
2230,6,1,25,0,54166500,3640,12508320,839,14923
2231,6,1,18,7,54191940,3638,12519960,839,14929
2232,1,0,16,9,54215820,3639,12522960,839,14930
2233,2,0,14,11,54236520,3639,12522960,839,14932
2234,1,0,14,11,54241320,3639,12522960,839,14933
2235,5,0,15,10,54253920,3639,12522960,839,14938
2236,4,0,15,10,54266040,3639,12522960,839,14942
2237,6,0,16,9,54284760,3639,12522960,838,14948
2238,9,0,21,4,54293340,3639,12522960,838,14957
2239,8,0,19,6,54325440,3638,12522960,837,14965
2240,3,0,18,7,54340140,3638,12522960,837,14968
2241,6,0,17,8,54371340,3639,12522960,837,14974
2242,5,0,20,5,54375420,3639,12522960,836,14979
2243,7,0,19,6,54406860,3639,12522960,836,14986
2244,11,0,20,5,54431940,3638,12522960,835,14997
2245,12,0,18,7,54465240,3637,12522960,835,15009
2246,7,0,19,6,54478560,3636,12522960,834,15016
2247,7,0,20,5,54496020,3636,12522960,834,15023
2248,8,0,21,4,54526320,3636,12524160,834,15031
2249,15,0,22,3,54565620,3636,12524160,833,15046
2250,4,0,15,10,54596340,3635,12524160,833,15050
2251,5,0,17,8,54605220,3635,12524160,832,15055
2252,10,0,16,9,54633420,3634,12524160,832,15065
2253,8,0,19,6,54648300,3634,12524160,831,15073
2254,3,0,17,8,54659040,3633,12524160,831,15076
2255,3,0,14,11,54687600,3634,12524160,831,15079
2256,7,0,18,7,54689940,3633,12524160,831,15086
2257,1,0,14,11,54714960,3634,12524160,831,15087
2258,2,0,15,10,54724080,3634,12524160,830,15089
2259,7,0,17,8,54735960,3634,12524160,830,15096
2260,6,0,20,5,54746460,3634,12524160,830,15102
2261,8,0,18,7,54778320,3633,12524160,829,15110
2262,14,0,23,2,54796980,3632,12524160,829,15124
2263,2,0,16,9,54828300,3632,12524160,828,15126
2264,7,0,15,10,54859560,3632,12524160,828,15133
2265,3,0,13,12,54869820,3632,12524160,828,15136
2266,5,0,16,9,54877140,3632,12524160,828,15141
2267,9,0,17,8,54892140,3631,12524160,827,15150
2268,11,0,24,1,54902100,3631,12524160,827,15161
2269,5,0,19,6,54936420,3630,12524160,826,15166
2270,15,0,25,0,54973200,3631,12524280,825,15181
2271,12,5,22,3,55003200,3630,12527220,825,15193
2272,8,11,18,7,55039140,3631,12529020,825,15201
2273,4,8,20,5,55066740,3632,12558000,826,15205
2274,10,5,25,0,55097520,3632,12584280,828,15215
2275,6,0,21,4,55140780,3631,12625860,830,15221
2276,6,0,19,6,55172220,3631,12625860,830,15227
2277,8,0,20,5,55194960,3631,12625860,829,15235
2278,2,0,16,9,55214040,3631,12625860,829,15237
2279,6,0,16,9,55243200,3632,12625860,829,15243
2280,3,0,16,9,55249380,3631,12625860,829,15246
2281,2,0,14,11,55273860,3632,12625860,828,15248
2282,4,0,15,10,55277220,3631,12625860,828,15252
2283,2,0,13,12,55288560,3631,12625860,828,15254
2284,3,0,15,10,55291740,3631,12625860,828,15257
2285,4,0,16,9,55297440,3631,12625860,828,15261
2286,2,0,15,10,55312260,3631,12625860,828,15263
2287,6,0,17,8,55318200,3630,12625860,827,15269
2288,6,0,19,6,55342140,3631,12626220,827,15275
2289,3,0,15,10,55363980,3631,12626220,827,15278
2290,5,0,16,9,55378020,3631,12626220,827,15283
2291,7,0,17,8,55394220,3630,12626220,826,15290
2292,7,0,18,7,55414500,3630,12626220,826,15297
2293,7,0,17,8,55436400,3630,12626220,825,15304
2294,8,0,21,4,55449600,3630,12626220,825,15312
2295,10,0,25,0,55468680,3630,12628080,825,15322
2296,7,0,20,5,55514160,3630,12628080,824,15329
2297,11,4,20,5,55534320,3629,12628380,824,15340
2298,7,4,21,4,55566300,3630,12635400,824,15347
2299,7,0,22,3,55597620,3630,12656640,825,15354
2300,8,0,22,3,55638360,3631,12656640,824,15362
2301,8,5,18,7,55663140,3630,12657600,824,15370
2302,5,6,19,6,55682520,3631,12665040,824,15375
2303,3,7,15,10,55718280,3632,12667020,824,15378
2304,2,6,16,9,55731660,3632,12678480,825,15380
2305,5,4,21,4,55741260,3633,12719820,827,15385
2306,0,0,15,10,55774680,3632,12752760,829,15385
2307,9,0,18,7,55793640,3632,12752760,829,15394
2308,11,0,20,5,55823520,3632,12752760,828,15405
2309,3,0,16,9,55849620,3632,12752760,828,15408
2310,5,0,16,9,55867080,3632,12752760,828,15413
2311,3,0,14,11,55888440,3632,12752760,828,15416
2312,7,0,18,7,55893120,3632,12752760,827,15423
2313,11,0,23,2,55911780,3632,12752760,827,15434
2314,10,0,23,2,55944600,3631,12752760,826,15444
2315,5,0,17,8,55985760,3631,12752760,826,15449
2316,10,0,21,4,56009820,3632,12752760,825,15459
2317,14,10,17,8,56031540,3631,12755100,825,15473
2318,14,23,16,9,56040720,3631,12758100,825,15487
2319,5,25,16,9,56058480,3632,12770220,825,15492
2320,5,26,17,8,56083020,3633,12787380,826,15497
2321,8,33,15,10,56099580,3633,12789780,826,15505
2322,6,34,18,7,56110680,3633,12826800,827,15511
2323,5,39,18,7,56110680,3633,12826800,827,15516
2324,11,40,14,11,56139120,3634,12826800,827,15527
2325,3,38,16,9,56159580,3635,12871560,830,15530
2326,4,38,18,7,56170980,3635,12940980,834,15534
2327,3,35,21,4,56182620,3635,13055160,841,15537
2328,2,35,18,7,56202540,3635,13112700,845,15539
2329,5,34,19,6,56248320,3637,13177200,849,15544
2330,8,31,25,0,56266500,3637,13342260,859,15552
2331,9,23,25,0,56325240,3637,13701360,882,15561
2332,3,0,16,9,56382720,3632,14408760,927,15564
2333,8,0,16,9,56404020,3632,14408760,926,15572
2334,3,0,18,7,56404860,3632,14408760,926,15575
2335,4,0,15,10,56443860,3633,14408760,926,15579
2336,7,0,19,6,56452200,3632,14408760,926,15586
2337,12,5,17,8,56478060,3632,14409000,925,15598
2338,9,14,15,10,56488320,3632,14409000,925,15607
2339,7,20,15,10,56494320,3632,14414820,925,15614
2340,6,24,16,9,56503920,3633,14426520,925,15620
2341,10,32,16,9,56520360,3633,14433240,925,15630
2342,4,30,19,6,56544300,3634,14480580,927,15634
2343,6,25,25,0,56570640,3635,14569320,933,15640
2344,5,16,25,0,56627100,3635,14730060,943,15645
2345,9,1,25,0,56669820,3632,14998740,959,15654
2346,9,0,19,6,56705700,3631,15015000,960,15663
2347,3,0,14,11,56734440,3631,15015000,960,15666
2348,6,0,16,9,56749260,3631,15015000,959,15672
2349,9,0,20,5,56762520,3630,15015000,959,15681
2350,5,0,17,8,56789940,3630,15015000,958,15686
2351,5,0,19,6,56801280,3630,15015000,958,15691
2352,5,4,17,8,56819880,3631,15015720,958,15696
2353,4,2,19,6,56851800,3632,15029520,959,15700
2354,1,0,17,8,56871960,3632,15038280,959,15701
2355,5,0,15,10,56901240,3632,15038280,959,15706
2356,5,0,20,5,56901240,3632,15038280,958,15711
2357,10,3,20,5,56926560,3632,15039540,958,15721
2358,5,6,17,8,56951880,3633,15043860,958,15726
2359,1,2,17,8,56982420,3634,15065700,959,15727
2360,4,0,17,8,57003120,3634,15084720,960,15731
2361,9,6,18,7,57018000,3634,15087300,960,15740
2362,10,16,17,8,57021060,3634,15087300,960,15750
2363,16,28,17,8,57053400,3635,15108060,960,15766
2364,9,36,17,8,57061440,3635,15109860,959,15775
2365,11,40,14,11,57084360,3636,15109860,959,15786
2366,8,40,14,11,57092640,3636,15115500,959,15794
2367,9,40,16,9,57104100,3637,15154800,961,15803
2368,11,40,17,8,57113760,3637,15168660,962,15814
2369,7,40,17,8,57132780,3638,15193020,964,15821
2370,5,39,16,9,57143460,3638,15223320,965,15826
2371,1,37,16,9,57166140,3639,15319200,972,15827
2372,4,39,17,8,57171600,3639,15348960,973,15831
2373,8,35,25,0,57198960,3640,15643620,991,15839
2374,7,31,25,0,57242100,3640,15874860,1006,15846
2375,7,23,25,0,57297180,3640,16290240,1031,15853
2376,3,0,16,9,57348600,3635,16859160,1067,15856
2377,2,0,14,11,57365460,3635,16859160,1067,15858
2378,7,0,16,9,57371160,3634,16859160,1067,15865
2379,9,0,18,7,57391080,3634,16859160,1066,15874
2380,3,0,18,7,57399780,3634,16859160,1066,15877
2381,8,0,19,6,57425400,3634,16859160,1065,15885
2382,5,0,17,8,57454560,3634,16859160,1065,15890
2383,3,0,16,9,57466860,3634,16859160,1065,15893
2384,11,0,22,3,57482820,3634,16859160,1064,15904
2385,11,8,18,7,57509400,3634,16859820,1063,15915
2386,14,20,16,9,57535140,3635,16865220,1063,15929
2387,7,26,15,10,57549960,3635,16866900,1063,15936
2388,8,32,16,9,57562740,3636,16874160,1062,15944
2389,13,34,25,0,57579000,3636,16942920,1066,15957
2390,6,38,22,3,57605400,3637,16946160,1066,15963
2391,7,36,22,3,57664860,3639,16982340,1067,15970
2392,8,30,25,0,57702480,3638,17156700,1078,15978
2393,5,20,25,0,57752040,3638,17422500,1094,15983
2394,13,13,25,0,57808140,3637,17560080,1102,15996
2395,7,0,20,5,57842580,3634,17772420,1115,16003
2396,3,0,16,9,57872400,3634,17773200,1115,16006
2397,4,0,16,9,57881520,3633,17773200,1114,16010
2398,6,0,17,8,57895260,3633,17773200,1114,16016
2399,3,0,13,12,57926280,3634,17773200,1114,16019
2400,5,0,15,10,57938760,3634,17773200,1113,16024
2401,2,0,15,10,57947820,3634,17773200,1113,16026
2402,4,0,17,8,57950100,3633,17773200,1113,16030
2403,4,0,17,8,57970860,3634,17773200,1113,16034
2404,7,4,17,8,57978960,3634,17774760,1112,16041
2405,4,6,16,9,57994440,3634,17782380,1112,16045
2406,8,6,21,4,58019400,3635,17788800,1112,16053
2407,7,5,24,1,58042260,3635,17813820,1113,16060
2408,4,0,22,3,58085520,3635,17854560,1116,16064
2409,9,1,20,5,58122600,3635,17854680,1115,16073
2410,5,0,20,5,58158420,3636,17860920,1115,16078
2411,10,0,23,2,58185000,3636,17860920,1114,16088
2412,10,2,25,0,58203720,3636,17861580,1114,16098
2413,6,0,17,8,58272720,3637,17862780,1113,16104
2414,6,0,18,7,58283880,3636,17862780,1113,16110
2415,7,2,18,7,58310940,3637,17863740,1113,16117
2416,4,3,18,7,58319460,3637,17871540,1113,16121
2417,16,7,24,1,58347840,3637,17874960,1112,16137
2418,6,0,22,3,58385280,3636,17900700,1113,16143
2419,10,0,23,2,58420140,3636,17900700,1112,16153
2420,4,0,18,7,58456920,3636,17900700,1112,16157
2421,1,0,12,13,58482300,3636,17900700,1112,16158
2422,4,0,16,9,58482300,3636,17900700,1112,16162
2423,4,0,15,10,58491360,3636,17900700,1111,16166
2424,4,0,16,9,58510380,3636,17900700,1111,16170
2425,1,0,13,12,58526160,3636,17900700,1111,16171
2426,6,0,15,10,58535160,3636,17900700,1111,16177
2427,8,0,17,8,58545840,3635,17900700,1110,16185
2428,6,0,17,8,58561440,3635,17900700,1110,16191
2429,7,5,17,8,58572060,3635,17901000,1109,16198
2430,3,5,17,8,58595880,3636,17910120,1110,16201
2431,7,0,23,2,58617240,3636,17937000,1111,16208
2432,7,0,18,7,58654980,3636,17937000,1110,16215
2433,7,0,18,7,58673220,3635,17937000,1110,16222
2434,11,0,23,2,58689900,3635,17937000,1109,16233
2435,10,0,22,3,58730400,3635,17938380,1108,16243
2436,12,0,23,2,58777200,3635,17938380,1108,16255
2437,8,1,21,4,58805640,3635,17939700,1107,16263
2438,4,2,18,7,58839480,3636,17944320,1107,16267
2439,10,0,22,3,58855260,3635,17948700,1107,16277
2440,7,0,19,6,58893960,3635,17948700,1106,16284
2441,8,0,20,5,58918320,3635,17948700,1106,16292
2442,5,0,17,8,58950660,3635,17948700,1105,16297
2443,6,0,16,9,58972380,3635,17948700,1105,16303
2444,5,0,16,9,58984080,3635,17948700,1105,16308
2445,4,0,17,8,59006760,3635,17948700,1104,16312
2446,6,0,19,6,59016780,3635,17948700,1104,16318
2447,7,0,17,8,59056440,3636,17949720,1103,16325
2448,6,0,21,4,59059680,3635,17949720,1103,16331
2449,5,0,17,8,59104380,3636,17949960,1103,16336
2450,3,0,15,10,59123580,3636,17949960,1103,16339
2451,6,0,19,6,59127840,3636,17949960,1102,16345
2452,6,4,17,8,59143320,3636,17952120,1102,16351
2453,7,6,20,5,59159160,3636,17959920,1102,16358
2454,8,2,25,0,59188500,3637,17991840,1103,16366
2455,7,0,17,8,59249040,3637,17997720,1103,16373
2456,8,0,19,6,59263620,3636,17997720,1103,16381
2457,4,0,18,7,59289480,3637,17997720,1102,16385
2458,13,0,22,3,59308200,3636,17998440,1102,16398
2459,13,0,21,4,59348580,3635,17998440,1101,16411
2460,8,0,18,7,59374860,3634,17998440,1100,16419
2461,7,0,18,7,59396940,3634,17998440,1100,16426
2462,10,0,22,3,59411280,3634,17998440,1099,16436
2463,9,5,18,7,59438760,3634,17998560,1099,16445
2464,6,9,15,10,59478660,3635,18008040,1099,16451
2465,6,15,15,10,59478660,3635,18008040,1099,16457
2466,1,14,15,10,59498940,3636,18028080,1099,16458
2467,7,14,22,3,59498940,3636,18054360,1100,16465
2468,7,9,25,0,59543820,3636,18150300,1106,16472
2469,10,6,19,6,59596020,3635,18202380,1108,16482
2470,8,13,16,9,59614260,3636,18206520,1108,16490
2471,2,10,18,7,59637720,3636,18226080,1109,16492
2472,7,12,20,5,59652000,3637,18230100,1109,16499
2473,6,16,17,8,59681040,3637,18234780,1109,16505
2474,5,15,20,5,59699760,3638,18241740,1109,16510
2475,5,17,18,7,59729220,3638,18248700,1109,16515
2476,6,12,24,1,59752140,3639,18323460,1113,16521
2477,4,1,25,0,59781480,3637,18592080,1129,16525
2478,4,0,19,6,59819040,3637,18624720,1131,16529
2479,9,1,21,4,59854860,3638,18625140,1130,16538
2480,9,7,17,8,59880180,3638,18625680,1130,16547
2481,12,17,17,8,59892420,3638,18629160,1129,16559
2482,14,28,17,8,59918100,3639,18634320,1129,16573
2483,6,31,18,7,59933220,3640,18644280,1129,16579
2484,11,32,25,0,59954340,3640,18701880,1131,16590
2485,10,40,21,4,59988900,3641,18704760,1131,16600
2486,8,38,19,6,60037200,3643,18749040,1133,16608
2487,6,34,25,0,60061020,3643,18831900,1138,16614
2488,9,33,25,0,60095460,3643,18958380,1145,16623
2489,7,33,22,3,60140820,3644,18987300,1146,16630
2490,5,20,25,0,60180840,3643,19314960,1166,16635
2491,12,6,25,0,60227520,3640,19594260,1182,16647
2492,3,0,18,7,60266340,3639,19758300,1191,16650
2493,5,0,18,7,60293280,3639,19758780,1191,16655
2494,5,0,17,8,60318720,3639,19758780,1191,16660
2495,4,3,18,7,60318720,3639,19760100,1190,16664
2496,3,5,18,7,60328620,3640,19763880,1190,16667
2497,3,0,17,8,60373140,3640,19777680,1191,16670
2498,3,0,15,10,60394800,3641,19777680,1191,16673
2499,4,0,15,10,60405480,3640,19777680,1190,16677
2500,11,1,19,6,60413760,3640,19778040,1190,16688
2501,7,7,16,9,60427020,3639,19780740,1190,16695
2502,10,16,15,10,60441900,3640,19781760,1189,16705
2503,7,20,16,9,60459000,3641,19796220,1189,16712
2504,6,26,15,10,60463320,3641,19796220,1189,16718
2505,5,28,17,8,60474240,3641,19812780,1189,16723
2506,10,35,17,8,60496380,3642,19821900,1190,16733
2507,3,37,17,8,60504240,3642,19828020,1189,16736
2508,5,39,16,9,60540120,3643,19844340,1190,16741
2509,12,40,16,9,60545040,3643,19855140,1190,16753
2510,12,40,17,8,60559740,3644,19869300,1191,16765
2511,6,40,16,9,60581220,3644,19874580,1191,16771
2512,4,38,17,8,60592800,3645,19892460,1192,16775
2513,11,40,20,5,60592800,3645,19912500,1193,16786
2514,6,34,25,0,60638460,3646,20158740,1207,16792
2515,8,34,25,0,60677040,3646,20271540,1214,16800
2516,7,27,25,0,60730860,3647,20649600,1236,16807
2517,4,10,25,0,60789960,3646,21211620,1269,16811
2518,4,0,19,6,60817680,3643,21598740,1292,16815
2519,4,0,18,7,60846780,3643,21598740,1292,16819
2520,3,0,16,9,60870240,3644,21598740,1291,16822
2521,6,0,19,6,60885420,3644,21598740,1291,16828
2522,4,0,15,10,60919680,3644,21598740,1291,16832
2523,2,0,16,9,60924540,3644,21598740,1290,16834
2524,6,0,18,7,60936840,3644,21598740,1290,16840
2525,2,0,15,10,60960600,3645,21598740,1290,16842
2526,4,0,14,11,60972720,3644,21598740,1290,16846
2527,10,0,21,4,60982680,3644,21598740,1289,16856
2528,6,0,20,5,61006860,3644,21598740,1288,16862
2529,7,0,16,9,61044060,3644,21598740,1288,16869
2530,3,0,15,10,61061760,3644,21598740,1288,16872
2531,7,0,19,6,61067580,3644,21598740,1287,16879
2532,9,4,19,6,61079820,3643,21599100,1287,16888
2533,3,0,19,6,61115640,3644,21612480,1287,16891
2534,9,0,17,8,61140240,3643,21612480,1286,16900
2535,7,0,20,5,61146300,3643,21612480,1286,16907
2536,11,0,22,3,61180380,3643,21612480,1285,16918
2537,9,0,22,3,61213080,3643,21612480,1284,16927
2538,13,1,25,0,61245780,3643,21612840,1283,16940
2539,6,0,16,9,61306980,3643,21612840,1283,16946
2540,6,0,18,7,61320240,3643,21612840,1282,16952
2541,5,1,19,6,61333440,3643,21612840,1282,16957
2542,4,1,18,7,61356480,3643,21617220,1282,16961
2543,7,5,18,7,61374120,3644,21621120,1282,16968
2544,4,3,19,6,61403940,3644,21638940,1282,16972
2545,5,0,14,11,61436280,3643,21653520,1283,16977
2546,4,0,16,9,61444020,3643,21653520,1282,16981
2547,4,0,14,11,61464600,3643,21653520,1282,16985
2548,4,0,17,8,61466760,3643,21653520,1282,16989
2549,7,0,18,7,61478520,3643,21653520,1281,16996
2550,6,0,19,6,61502580,3643,21653520,1281,17002
2551,10,0,22,3,61529340,3643,21653520,1280,17012
2552,2,0,16,9,61558800,3643,21653520,1280,17014
2553,6,1,18,7,61572120,3643,21653520,1280,17020
2554,8,0,24,1,61587840,3644,21655320,1279,17028
2555,8,0,22,3,61629960,3644,21655320,1278,17036
2556,14,0,22,3,61683240,3644,21655440,1277,17050
2557,12,0,19,6,61717560,3643,21655440,1276,17062
2558,11,0,22,3,61735020,3642,21656760,1276,17073
2559,8,6,16,9,61766640,3642,21658380,1275,17081
2560,5,1,21,4,61789440,3643,21678960,1276,17086
2561,10,0,19,6,61821900,3642,21683820,1276,17096
2562,3,0,14,11,61845000,3641,21683820,1275,17099
2563,3,0,16,9,61845960,3641,21683820,1275,17102
2564,4,0,16,9,61862580,3641,21683820,1275,17106
2565,3,0,14,11,61870500,3641,21683820,1275,17109
2566,2,0,14,11,61878660,3641,21683820,1274,17111
2567,2,0,14,11,61880700,3640,21683820,1274,17113
2568,3,0,16,9,61883820,3640,21683820,1274,17116
2569,5,0,18,7,61906620,3641,21683820,1274,17121
2570,3,0,15,10,61922280,3641,21683820,1273,17124
2571,8,0,17,8,61933980,3640,21683820,1273,17132
2572,10,0,23,2,61945560,3640,21683820,1272,17142
2573,4,0,18,7,61981020,3640,21683820,1272,17146
2574,4,0,19,6,61996680,3640,21683820,1272,17150
2575,5,0,19,6,62014020,3640,21683820,1271,17155
2576,5,1,18,7,62045760,3641,21683820,1271,17160
2577,7,0,23,2,62062740,3641,21686220,1270,17167
2578,16,11,18,7,62102460,3642,21688920,1270,17183
2579,7,14,18,7,62128620,3642,21692460,1269,17190
2580,9,19,18,7,62154480,3643,21708240,1270,17199
2581,7,24,17,8,62168460,3643,21712500,1269,17206
2582,10,31,18,7,62185140,3644,21722160,1269,17216
2583,4,27,20,5,62220240,3645,21761040,1271,17220
2584,10,30,20,5,62244720,3644,21786240,1272,17230
2585,7,30,22,3,62275200,3645,21830400,1274,17237
2586,10,27,25,0,62322180,3646,21893700,1277,17247
2587,9,22,25,0,62368740,3646,22026120,1284,17256
2588,1,0,17,8,62423880,3642,22515180,1312,17257
2589,6,0,14,11,62449740,3642,22515180,1312,17263
2590,5,0,16,9,62454720,3641,22515180,1311,17268
2591,4,0,14,11,62476860,3641,22515180,1311,17272
2592,3,0,15,10,62483520,3641,22515180,1311,17275
2593,5,0,16,9,62499000,3641,22515180,1310,17280
2594,1,0,15,10,62506380,3641,22515180,1310,17281
2595,9,0,20,5,62520540,3641,22515180,1310,17290
2596,4,0,16,9,62551800,3642,22515180,1309,17294
2597,5,0,17,8,62558940,3641,22515180,1309,17299
2598,10,8,16,9,62579940,3642,22515720,1309,17309
2599,6,13,15,10,62591340,3642,22519440,1308,17315
2600,2,15,15,10,62591340,3642,22519440,1308,17317
2601,7,16,18,7,62623800,3643,22541340,1308,17324
2602,6,21,18,7,62626980,3643,22542840,1308,17330
2603,9,26,17,8,62658540,3644,22561020,1308,17339
2604,6,22,23,2,62677380,3644,22632120,1312,17345
2605,9,21,25,0,62716980,3645,22680180,1314,17354
2606,9,20,25,0,62754180,3645,22784640,1320,17363
2607,9,9,25,0,62820480,3644,22967640,1330,17372
2608,7,0,21,4,62850840,3642,23127840,1338,17379
2609,7,0,19,6,62877180,3642,23127840,1338,17386
2610,10,0,21,4,62908740,3642,23127840,1337,17396
2611,3,0,19,6,62926140,3642,23127840,1337,17399
2612,9,0,22,3,62951940,3642,23127840,1336,17408
2613,5,0,18,7,62996940,3643,23127840,1336,17413
2614,4,0,16,9,63027360,3643,23127840,1335,17417
2615,6,0,15,10,63041580,3642,23127840,1335,17423
2616,3,0,16,9,63046320,3642,23127840,1335,17426
2617,5,0,17,8,63058620,3642,23127840,1334,17431
2618,5,0,16,9,63078240,3642,23127840,1334,17436
2619,7,0,16,9,63093240,3641,23127840,1333,17443
2620,4,0,16,9,63105000,3641,23127840,1333,17447
2621,4,0,18,7,63110220,3641,23127840,1333,17451
2622,6,0,18,7,63127320,3641,23127840,1332,17457
2623,7,0,17,8,63159660,3641,23127840,1332,17464
2624,11,0,20,5,63176520,3640,23127840,1331,17475
2625,7,0,19,6,63207060,3640,23127840,1330,17482
2626,6,0,16,9,63231720,3640,23127840,1330,17488
2627,12,1,20,5,63248820,3640,23127900,1329,17500
2628,10,10,17,8,63265620,3640,23130060,1328,17510
2629,11,18,16,9,63295080,3640,23138880,1328,17521
2630,4,20,17,8,63303000,3641,23144340,1328,17525
2631,4,21,17,8,63325080,3641,23163300,1329,17529
2632,4,22,19,6,63335760,3642,23173080,1329,17533
2633,9,28,18,7,63363000,3643,23174760,1328,17542
2634,4,29,17,8,63387660,3643,23180640,1329,17546
2635,5,29,18,7,63414060,3644,23216880,1330,17551
2636,7,26,25,0,63428340,3644,23350200,1337,17558
2637,8,27,25,0,63461400,3644,23407620,1340,17566
2638,2,11,25,0,63534660,3645,23746860,1359,17568
2639,11,0,19,6,63571440,3641,23994540,1372,17579
2640,3,0,17,8,63592380,3641,23994540,1372,17582
2641,4,0,14,11,63618060,3641,23994540,1372,17586
2642,3,0,14,11,63628620,3641,23994540,1372,17589
2643,5,0,16,9,63639840,3641,23994540,1371,17594
2644,7,0,21,4,63643260,3641,23994540,1371,17601
2645,5,0,21,4,63660720,3641,23994540,1370,17606
2646,8,0,21,4,63691380,3641,23994540,1370,17614
2647,5,0,15,10,63742680,3642,23994540,1369,17619
2648,8,0,17,8,63753720,3641,23994540,1369,17627
2649,10,0,23,2,63763560,3641,23994540,1368,17637
2650,14,0,23,2,63806760,3640,23994780,1367,17651
2651,8,0,19,6,63843480,3640,23994780,1366,17659
2652,6,0,17,8,63874380,3640,23994780,1366,17665
2653,10,0,20,5,63891780,3640,23994780,1365,17675
2654,6,0,19,6,63925260,3640,23994780,1365,17681
2655,10,0,20,5,63949320,3640,23994780,1364,17691
2656,7,0,20,5,63979980,3640,23994780,1363,17698
2657,10,0,21,4,64005960,3640,23994780,1362,17708
2658,7,0,19,6,64037520,3639,23994780,1362,17715
2659,5,0,15,10,64069440,3639,23994780,1362,17720
2660,3,0,16,9,64079400,3640,23994780,1361,17723
2661,6,0,17,8,64093500,3639,23994780,1361,17729
2662,3,0,18,7,64104540,3640,23994780,1361,17732
2663,5,0,15,10,64132020,3639,23994780,1360,17737
2664,5,0,16,9,64142400,3639,23994780,1360,17742
2665,4,0,15,10,64158900,3639,23994780,1360,17746
2666,5,0,17,8,64173840,3639,23994780,1359,17751
2667,9,0,22,3,64180680,3639,23994780,1358,17760
2668,3,0,17,8,64198620,3638,23994780,1358,17763
2669,7,0,16,9,64236060,3639,23994780,1358,17770
2670,7,0,18,7,64250640,3639,23994780,1357,17777
2671,7,0,19,6,64264320,3638,23994780,1357,17784
2672,10,2,21,4,64293660,3638,23995500,1356,17794
2673,8,10,19,6,64303920,3639,23995500,1356,17802
2674,6,13,16,9,64349820,3640,24004680,1355,17808
2675,9,21,16,9,64357140,3640,24009840,1356,17817
2676,7,26,15,10,64376520,3641,24019620,1355,17824
2677,10,35,16,9,64376520,3641,24024780,1355,17834
2678,7,39,16,9,64391040,3641,24037140,1355,17841
2679,9,40,17,8,64415160,3642,24050820,1355,17850
2680,8,40,16,9,64421280,3642,24050820,1355,17858
2681,7,37,21,4,64446840,3643,24188460,1363,17865
2682,5,30,25,0,64480320,3643,24409920,1375,17870
2683,10,22,25,0,64533840,3643,24662160,1388,17880
2684,10,29,17,8,64561740,3642,24665760,1388,17890
2685,6,32,17,8,64587300,3643,24674640,1388,17896
2686,8,38,17,8,64602600,3643,24681060,1387,17904
2687,4,40,16,9,64609200,3643,24681060,1387,17908

