Hour,Arrivals,Waiting,Treating,Available Rooms,Total Treatment Time,Average Treatment Time,Total Wait Time,Average Wait Time,Total Arrivals
1,5,0,4,21,780,780,0,0,5
2,1,0,3,22,7440,2480,0,0,6
3,4,0,2,23,24660,3082,0,0,10
4,5,0,4,21,29820,2710,0,0,15
5,7,0,9,16,34380,2644,0,0,22
6,6,0,6,19,62220,2828,0,0,28
7,13,0,16,9,69000,2760,0,0,41
8,5,0,9,16,119520,3230,0,0,46
9,8,0,7,18,158940,3381,0,0,54
10,5,0,5,20,184980,3425,0,0,59
11,11,0,10,15,202740,3379,0,0,70
12,11,0,8,17,243900,3341,0,0,81
13,5,0,5,20,274440,3388,0,0,86
14,6,0,6,19,292440,3400,0,0,92
15,8,0,7,18,310680,3340,0,0,100
16,15,0,12,13,337320,3274,0,0,115
17,8,0,10,15,382020,3380,0,0,123
18,9,0,11,14,412500,3409,0,0,132
19,6,0,12,13,423900,3364,0,0,138
20,9,0,11,14,479400,3525,0,0,147
21,8,0,13,12,510000,3591,0,0,155
22,3,0,1,24,580140,3695,0,0,158
23,2,0,1,24,584100,3673,0,0,160
24,6,0,5,20,587760,3650,0,0,166
25,5,0,8,17,596040,3656,0,0,171
26,7,0,9,16,623940,3691,0,0,178
27,2,0,4,21,658560,3741,0,0,180
28,4,0,3,22,679800,3755,0,0,184
29,5,0,5,20,689940,3749,0,0,189
30,4,0,4,21,699060,3698,0,0,193
31,5,0,5,20,704460,3650,0,0,198
32,7,0,10,15,722520,3705,0,0,205
33,5,0,5,20,765240,3732,0,0,210
34,11,0,8,17,787080,3695,0,0,221
35,5,0,10,15,804600,3725,0,0,226
36,9,0,10,15,846960,3764,0,0,235
37,4,0,5,20,880620,3763,0,0,239
38,12,0,12,13,898860,3760,0,0,251
39,9,0,12,13,937920,3781,0,0,260
40,5,0,7,18,974520,3777,0,0,265
41,4,0,4,21,1012800,3821,0,0,269
42,10,0,8,17,1022880,3774,0,0,279
43,3,0,7,18,1036920,3770,0,0,282
44,3,0,3,22,1078860,3825,0,0,285
45,2,0,3,22,1087320,3828,0,0,287
46,10,0,7,18,1107300,3818,0,0,297
47,5,0,7,18,1123620,3808,0,0,302
48,7,0,5,20,1159080,3812,0,0,309
49,4,0,3,22,1175700,3792,0,0,313
50,2,0,3,22,1182780,3790,0,0,315
51,1,0,1,24,1202400,3817,0,0,316
52,6,0,2,23,1208100,3775,0,0,322
53,4,0,3,22,1213860,3758,0,0,326
54,6,0,5,20,1224960,3746,0,0,332
55,7,0,6,19,1236120,3712,0,0,339
56,9,0,10,15,1250520,3699,0,0,348
57,9,0,6,19,1299300,3701,0,0,357
58,6,0,7,18,1316700,3698,0,0,363
59,6,0,7,18,1343220,3710,0,0,369
60,8,0,8,17,1360620,3687,0,0,377
61,6,0,6,19,1392240,3692,0,0,383
62,8,0,7,18,1414080,3682,0,0,391
63,13,0,13,12,1441440,3686,0,0,404
64,9,0,11,14,1470300,3657,0,0,413
65,7,0,5,20,1528860,3684,0,0,420
66,7,0,9,16,1542660,3690,0,0,427
67,8,0,9,16,1583880,3718,0,0,435
68,11,0,11,14,1606620,3693,0,0,446
69,5,0,6,19,1651680,3711,0,0,451
70,2,0,3,22,1686000,3746,0,0,453
71,8,0,8,17,1695840,3743,0,0,461
72,3,0,3,22,1726860,3745,0,0,464
73,7,0,7,18,1741260,3752,0,0,471
74,0,0,3,22,1756620,3753,0,0,471
75,4,0,3,22,1770540,3751,0,0,475
76,6,0,6,19,1786800,3761,0,0,481
77,6,0,6,19,1807560,3757,0,0,487
78,5,0,4,21,1832640,3755,0,0,492
79,8,0,8,17,1846440,3752,0,0,500
80,5,0,3,22,1875900,3736,0,0,505
81,6,0,4,21,1893600,3734,0,0,511
82,4,0,4,21,1904400,3726,0,0,515
83,4,0,6,19,1910820,3724,0,0,519
84,7,0,7,18,1931460,3721,0,0,526
85,13,0,9,16,1963440,3704,0,0,539
86,8,0,5,20,1991940,3675,0,0,547
87,6,0,4,21,2014260,3668,0,0,553
88,13,0,12,13,2025000,3655,0,0,566
89,11,0,13,12,2062620,3657,0,0,577
90,9,0,11,14,2107920,3665,0,0,586
91,10,0,8,17,2171940,3693,0,0,596
92,2,0,4,21,2194020,3693,0,0,598
93,10,0,9,16,2211840,3692,0,0,608
94,5,0,7,18,2236200,3690,0,0,613
95,3,0,4,21,2267460,3705,0,0,616
96,8,0,6,19,2281380,3691,0,0,624
97,5,0,4,21,2306700,3690,0,0,629
98,4,0,4,21,2314320,3679,0,0,633
99,5,0,6,19,2335020,3694,0,0,638
100,5,0,7,18,2342580,3683,0,0,643
101,5,0,1,24,2387820,3690,0,0,648
102,7,0,5,20,2395560,3685,0,0,655
103,6,0,6,19,2406000,3673,0,0,661
104,8,0,7,18,2433780,3676,0,0,669
105,5,0,4,21,2464260,3678,0,0,674
106,8,0,8,17,2472000,3667,0,0,682
107,6,0,7,18,2492220,3659,0,0,688
108,15,0,11,14,2525520,3649,0,0,703
109,9,0,7,18,2561580,3633,0,0,712
110,10,0,10,15,2593260,3642,0,0,722
111,14,0,14,11,2616060,3623,0,0,736
112,5,0,9,16,2661600,3636,0,0,741
113,7,0,8,17,2693460,3639,0,0,748
114,4,0,4,21,2722680,3639,0,0,752
115,11,0,11,14,2733240,3634,0,0,763
116,3,0,5,20,2774580,3645,0,0,766
117,5,0,4,21,2800380,3651,0,0,771
118,8,0,6,19,2822160,3650,0,0,779
119,5,0,5,20,2840340,3646,0,0,784
120,3,0,2,23,2860740,3644,0,0,787
121,8,0,7,18,2863620,3634,0,0,795
122,7,0,9,16,2877360,3628,0,0,802
123,1,0,5,20,2901600,3636,0,0,803
124,6,0,6,19,2929020,3647,0,0,809
125,8,0,6,19,2958900,3648,0,0,817
126,7,0,7,18,2982780,3650,0,0,824
127,5,0,5,20,3001560,3642,0,0,829
128,5,0,4,21,3019620,3638,0,0,834
129,7,0,7,18,3026520,3628,0,0,841
130,7,0,8,17,3045060,3625,0,0,848
131,11,0,9,16,3076680,3619,0,0,859
132,11,0,14,11,3097020,3618,0,0,870
133,9,0,12,13,3149340,3632,0,0,879
134,10,0,8,17,3202140,3634,0,0,889
135,4,0,3,22,3236880,3636,0,0,893
136,7,0,4,21,3251280,3628,0,0,900
137,7,0,8,17,3259440,3625,0,0,907
138,6,0,6,19,3279900,3616,0,0,913
139,8,0,9,16,3298320,3616,0,0,921
140,5,0,7,18,3330360,3623,0,0,926
141,7,0,7,18,3347460,3614,0,0,933
142,6,0,4,21,3380340,3615,0,0,939
143,6,0,6,19,3393660,3614,0,0,945
144,2,0,7,18,3394440,3611,0,0,947
145,7,0,5,20,3442140,3627,0,0,954
146,3,0,3,22,3456180,3622,0,0,957
147,7,0,6,19,3467940,3619,0,0,964
148,3,0,4,21,3489480,3623,0,0,967
149,5,0,6,19,3502800,3626,0,0,972
150,6,0,8,17,3514920,3623,0,0,978
151,6,0,8,17,3543660,3630,0,0,984
152,9,0,11,14,3556920,3622,0,0,993
153,2,0,6,19,3592020,3631,0,0,995
154,10,0,10,15,3621000,3639,0,0,1005
155,9,0,8,17,3659880,3638,0,0,1014
156,12,0,10,15,3693240,3635,0,0,1026
157,8,0,10,15,3714600,3627,0,0,1034
158,9,0,9,16,3747780,3624,0,0,1043
159,9,0,10,15,3768900,3616,0,0,1052
160,4,0,7,18,3808800,3630,0,0,1056
161,6,0,6,19,3838020,3634,0,0,1062
162,3,0,5,20,3853800,3635,0,0,1065
163,8,0,8,17,3873480,3637,0,0,1073
164,3,0,4,21,3898620,3636,0,0,1076
165,5,0,4,21,3915420,3635,0,0,1081
166,6,0,5,20,3934500,3636,0,0,1087
167,6,0,6,19,3947340,3631,0,0,1093
168,5,0,8,17,3954240,3627,0,0,1098
169,5,0,6,19,3986700,3634,0,0,1103
170,5,0,5,20,4010400,3635,0,0,1108
171,5,0,5,20,4026600,3634,0,0,1113
172,4,0,5,20,4040940,3633,0,0,1117
173,5,0,3,22,4067520,3634,0,0,1122
174,5,0,8,17,4067520,3634,0,0,1127
175,4,0,5,20,4101960,3642,0,0,1131
176,9,0,7,18,4120320,3636,0,0,1140
177,6,0,7,18,4140600,3635,0,0,1146
178,13,0,12,13,4158480,3625,0,0,1159
179,12,0,14,11,4191720,3622,0,0,1171
180,12,0,11,14,4253760,3629,0,0,1183
181,2,0,5,20,4294620,3639,0,0,1185
182,10,0,7,18,4331940,3646,0,0,1195
183,11,0,10,15,4353000,3639,0,0,1206
184,10,0,9,16,4378020,3627,0,0,1216
185,7,0,6,19,4429020,3639,0,0,1223
186,6,0,5,20,4449180,3634,0,0,1229
187,4,0,5,20,4462920,3634,0,0,1233
188,8,0,7,18,4489740,3638,0,0,1241
189,7,0,11,14,4497360,3635,0,0,1248
190,7,0,7,18,4540560,3638,0,0,1255
191,4,0,6,19,4563480,3642,0,0,1259
192,9,0,8,17,4598280,3649,0,0,1268
193,10,0,9,16,4619400,3640,0,0,1278
194,2,0,5,20,4643280,3641,0,0,1280
195,5,0,4,21,4670280,3645,0,0,1285
196,5,0,7,18,4680300,3647,0,0,1290
197,6,0,8,17,4709520,3656,0,0,1296
198,7,0,5,20,4740420,3652,0,0,1303
199,9,0,4,21,4768680,3645,0,0,1312
200,3,0,1,24,4782600,3639,0,0,1315
201,9,0,6,19,4791960,3635,0,0,1324
202,9,0,4,21,4821360,3627,0,0,1333
203,13,0,11,14,4827660,3616,0,0,1346
204,11,0,13,12,4855560,3612,0,0,1357
205,14,0,17,8,4889460,3611,0,0,1371
206,13,0,14,11,4949880,3613,0,0,1384
207,8,0,9,16,5009220,3621,0,0,1392
208,3,0,4,21,5045520,3627,0,0,1395
209,16,0,14,11,5068080,3627,0,0,1411
210,7,0,7,18,5114580,3624,0,0,1418
211,5,0,7,18,5129100,3622,0,0,1423
212,6,0,9,16,5150400,3627,0,0,1429
213,3,0,5,20,5195580,3640,0,0,1432
214,5,0,5,20,5218020,3643,0,0,1437
215,10,0,11,14,5231040,3642,0,0,1447
216,2,0,6,19,5255040,3641,0,0,1449
217,3,0,2,23,5299560,3654,0,0,1452
218,5,0,4,21,5309340,3654,0,0,1457
219,3,0,6,19,5310180,3652,0,0,1460
220,8,0,10,15,5329740,3655,0,0,1468
221,5,0,7,18,5365860,3660,0,0,1473
222,8,0,7,18,5402160,3664,0,0,1481
223,4,0,4,21,5423940,3662,0,0,1485
224,5,0,3,22,5444580,3661,0,0,1490
225,9,0,7,18,5451720,3653,0,0,1499
226,11,0,11,14,5470380,3649,0,0,1510
227,9,0,13,12,5498880,3651,0,0,1519
228,12,0,11,14,5547900,3649,0,0,1531
229,10,0,10,15,5586660,3649,0,0,1541
230,13,0,12,13,5637000,3655,0,0,1554
231,6,0,6,19,5669400,3648,0,0,1560
232,7,0,8,17,5696700,3654,0,0,1567
233,5,0,4,21,5733840,3656,0,0,1572
234,9,0,8,17,5748840,3654,0,0,1581
235,11,0,11,14,5780040,3655,0,0,1592
236,9,0,8,17,5820900,3654,0,0,1601
237,5,0,5,20,5845740,3651,0,0,1606
238,9,0,7,18,5870700,3650,0,0,1615
239,9,0,11,14,5889180,3651,0,0,1624
240,3,0,3,22,5925000,3648,0,0,1627
241,6,0,2,23,5949060,3647,0,0,1633
242,2,0,3,22,5952960,3647,0,0,1635
243,5,0,4,21,5966700,3647,0,0,1640
244,6,0,6,19,5980620,3646,0,0,1646
245,7,0,6,19,5998380,3642,0,0,1653
246,4,0,5,20,6027060,3648,0,0,1657
247,9,0,7,18,6047940,3645,0,0,1666
248,6,0,4,21,6076020,3642,0,0,1672
249,14,0,12,13,6088020,3636,0,0,1686
250,13,0,13,12,6116820,3628,0,0,1699
251,9,0,12,13,6167760,3636,0,0,1708
252,6,0,11,14,6210600,3646,0,0,1714
253,6,0,5,20,6259740,3649,0,0,1720
254,9,0,7,18,6283140,3648,0,0,1729
255,9,0,11,14,6303660,3650,0,0,1738
256,8,0,11,14,6327900,3647,0,0,1746
257,7,0,7,18,6374520,3650,0,0,1753
258,2,0,3,22,6402300,3654,0,0,1755
259,8,0,8,17,6419220,3657,0,0,1763
260,3,0,4,21,6437880,3653,0,0,1766
261,7,0,8,17,6451560,3655,0,0,1773
262,10,0,7,18,6472320,3644,0,0,1783
263,7,0,6,19,6502800,3645,0,0,1790
264,2,0,2,23,6526920,3646,0,0,1792
265,7,0,5,20,6537960,3644,0,0,1799
266,9,0,6,19,6560700,3640,0,0,1808
267,2,0,2,23,6575700,3637,0,0,1810
268,1,0,1,24,6584160,3637,0,0,1811
269,9,0,5,20,6598680,3635,0,0,1820
270,4,0,8,17,6603240,3636,0,0,1824
271,6,0,8,17,6634680,3641,0,0,1830
272,10,0,11,14,6662640,3642,0,0,1840
273,7,0,8,17,6691080,3638,0,0,1847
274,10,0,7,18,6738600,3642,0,0,1857
275,7,0,7,18,6760200,3640,0,0,1864
276,5,0,8,17,6771540,3638,0,0,1869
277,14,0,13,12,6805980,3639,0,0,1883
278,16,0,18,7,6849720,3641,0,0,1899
279,7,0,12,13,6902820,3644,0,0,1906
280,7,0,10,15,6948960,3651,0,0,1913
281,10,0,11,14,6993240,3657,0,0,1923
282,5,0,9,16,7020660,3658,0,0,1928
283,2,0,5,20,7053900,3664,0,0,1930
284,4,0,4,21,7066500,3661,0,0,1934
285,7,0,5,20,7090080,3662,0,0,1941
286,4,0,7,18,7097100,3662,0,0,1945
287,5,0,4,21,7124580,3661,0,0,1950
288,7,0,7,18,7141320,3662,0,0,1957
289,5,0,7,18,7159260,3662,0,0,1962
290,5,0,2,23,7194240,3661,0,0,1967
291,3,0,5,20,7194240,3661,0,0,1970
292,3,0,6,19,7204500,3662,0,0,1973
293,2,0,6,19,7211820,3662,0,0,1975
294,9,0,7,18,7240140,3662,0,0,1984
295,4,0,4,21,7272900,3665,0,0,1988
296,8,0,6,19,7288740,3662,0,0,1996
297,7,0,5,20,7316640,3661,0,0,2003
298,9,0,10,15,7324380,3658,0,0,2012
299,7,0,9,16,7349880,3656,0,0,2019
300,11,0,7,18,7390620,3653,0,0,2030
301,7,0,6,19,7409700,3648,0,0,2037
302,12,0,6,19,7440060,3641,0,0,2049
303,5,0,5,20,7453860,3637,0,0,2054
304,9,0,8,17,7476120,3638,0,0,2063
305,5,0,6,19,7496700,3635,0,0,2068
306,5,0,5,20,7524240,3638,0,0,2073
307,10,0,10,15,7537620,3636,0,0,2083
308,7,0,11,14,7554240,3633,0,0,2090
309,6,0,6,19,7597980,3635,0,0,2096
310,4,0,5,20,7620480,3637,0,0,2100
311,4,0,5,20,7642980,3641,0,0,2104
312,2,0,2,23,7662600,3641,0,0,2106
313,6,0,7,18,7670940,3644,0,0,2112
314,5,0,5,20,7694220,3643,0,0,2117
315,4,0,5,20,7710420,3643,0,0,2121
316,3,0,3,22,7737780,3648,0,0,2124
317,5,0,6,19,7743180,3647,0,0,2129
318,8,0,7,18,7766280,3646,0,0,2137
319,9,0,7,18,7788060,3640,0,0,2146
320,9,0,8,17,7810980,3638,0,0,2155
321,9,0,8,17,7838460,3635,0,0,2164
322,6,0,9,16,7866540,3640,0,0,2170
323,5,0,8,17,7890120,3641,0,0,2175
324,9,0,6,19,7932600,3642,0,0,2184
325,8,0,9,16,7949400,3641,0,0,2192
326,12,0,12,13,7972020,3636,0,0,2204
327,7,0,7,18,8007720,3633,0,0,2211
328,7,0,7,18,8039220,3636,0,0,2218
329,3,0,4,21,8061600,3636,0,0,2221
330,10,0,9,16,8083980,3638,0,0,2231
331,3,0,5,20,8099340,3633,0,0,2234
332,9,0,8,17,8126940,3636,0,0,2243
333,7,0,6,19,8157780,3635,0,0,2250
334,5,0,5,20,8179800,3635,0,0,2255
335,7,0,8,17,8199840,3637,0,0,2262
336,7,0,7,18,8228700,3637,0,0,2269
337,4,0,6,19,8247960,3638,0,0,2273
338,5,0,6,19,8263200,3636,0,0,2278
339,2,0,4,21,8289540,3642,0,0,2280
340,7,0,5,20,8310180,3641,0,0,2287
341,6,0,4,21,8332560,3640,0,0,2293
342,5,0,6,19,8343840,3640,0,0,2298
343,9,0,6,19,8365440,3635,0,0,2307
344,4,0,3,22,8387820,3634,0,0,2311
345,10,0,8,17,8402760,3632,0,0,2321
346,12,0,15,10,8418360,3631,0,0,2333
347,11,0,14,11,8462820,3632,0,0,2344
348,9,0,11,14,8519940,3637,0,0,2353
349,13,0,9,16,8560920,3632,0,0,2366
350,10,0,12,13,8586300,3632,0,0,2376
351,5,0,6,19,8637780,3636,0,0,2381
352,8,0,7,18,8666040,3638,0,0,2389
353,2,0,4,21,8688180,3639,0,0,2391
354,9,0,7,18,8706720,3638,0,0,2400
355,5,0,3,22,8732340,3635,0,0,2405
356,5,0,2,23,8749920,3633,0,0,2410
357,8,0,7,18,8759280,3633,0,0,2418
358,5,0,7,18,8779320,3633,0,0,2423
359,5,0,7,18,8803980,3636,0,0,2428
360,5,0,5,20,8831040,3637,0,0,2433
361,4,0,6,19,8850060,3640,0,0,2437
362,5,0,6,19,8868300,3640,0,0,2442
363,5,0,6,19,8891160,3642,0,0,2447
364,4,0,6,19,8905980,3642,0,0,2451
365,8,0,7,18,8930580,3642,0,0,2459
366,3,0,5,20,8958240,3646,0,0,2462
367,7,0,8,17,8973900,3646,0,0,2469
368,6,0,6,19,9011100,3649,0,0,2475
369,12,0,11,14,9034860,3648,0,0,2487
370,8,0,7,18,9064560,3643,0,0,2495
371,6,0,6,19,9095160,3645,0,0,2501
372,11,0,8,17,9120840,3642,0,0,2512
373,9,0,9,16,9144720,3640,0,0,2521
374,16,0,14,11,9177660,3637,0,0,2537
375,9,0,13,12,9206940,3634,0,0,2546
376,12,0,12,13,9264720,3638,0,0,2558
377,7,0,6,19,9313680,3639,0,0,2565
378,2,0,4,21,9331500,3640,0,0,2567
379,4,0,5,20,9348780,3643,0,0,2571
380,3,0,3,22,9372660,3645,0,0,2574
381,2,0,4,21,9380640,3647,0,0,2576
382,9,0,10,15,9397740,3649,0,0,2585
383,11,0,11,14,9422460,3645,0,0,2596
384,3,0,4,21,9461760,3646,0,0,2599
385,3,0,2,23,9483900,3647,0,0,2602
386,2,0,1,24,9489660,3645,0,0,2604
387,3,0,4,21,9489660,3645,0,0,2607
388,4,0,5,20,9499620,3645,0,0,2611
389,5,0,6,19,9509340,3643,0,0,2616
390,4,0,4,21,9541380,3647,0,0,2620
391,13,0,10,15,9550440,3641,0,0,2633
392,7,0,9,16,9579480,3641,0,0,2640
393,9,0,9,16,9620400,3644,0,0,2649
394,8,0,9,16,9658860,3647,0,0,2657
395,8,0,6,19,9692700,3645,0,0,2665
396,8,0,6,19,9720060,3644,0,0,2673
397,8,0,6,19,9750360,3644,0,0,2681
398,11,0,8,17,9774420,3641,0,0,2692
399,7,0,4,21,9809700,3639,0,0,2699
400,10,0,9,16,9825300,3639,0,0,2709
401,11,0,9,16,9852240,3634,0,0,2720
402,2,0,3,22,9888780,3636,0,0,2722
403,10,0,9,16,9900900,3636,0,0,2732
404,4,0,2,23,9929820,3631,0,0,2736
405,14,0,8,17,9951540,3629,0,0,2750
406,4,0,6,19,9966540,3626,0,0,2754
407,7,0,8,17,9984900,3626,0,0,2761
408,8,0,7,18,10022760,3628,0,0,2769
409,2,0,3,22,10045440,3629,0,0,2771
410,5,0,5,20,10064340,3632,0,0,2776
411,6,0,7,18,10073760,3630,0,0,2782
412,6,0,7,18,10101240,3632,0,0,2788
413,6,0,8,17,10125420,3634,0,0,2794
414,5,0,4,21,10159260,3634,0,0,2799
415,8,0,9,16,10168380,3634,0,0,2807
416,6,0,6,19,10210200,3637,0,0,2813
417,6,0,6,19,10231440,3637,0,0,2819
418,12,0,10,15,10260240,3637,0,0,2831
419,10,0,9,16,10288380,3632,0,0,2841
420,6,0,4,21,10331160,3633,0,0,2847
421,13,0,13,12,10349100,3635,0,0,2860
422,6,0,7,18,10390020,3634,0,0,2866
423,5,0,7,18,10402020,3631,0,0,2871
424,8,0,8,17,10438860,3635,0,0,2879
425,4,0,3,22,10469520,3635,0,0,2883
426,8,0,6,19,10490640,3636,0,0,2891
427,3,0,4,21,10502280,3634,0,0,2894
428,5,0,7,18,10504560,3632,0,0,2899
429,5,0,3,22,10537440,3632,0,0,2904
430,8,0,7,18,10547760,3630,0,0,2912
431,6,0,5,20,10567200,3627,0,0,2918
432,7,0,8,17,10582380,3627,0,0,2925
433,4,0,5,20,10607040,3627,0,0,2929
434,2,0,5,20,10615560,3628,0,0,2931
435,6,0,5,20,10644960,3630,0,0,2937
436,4,0,4,21,10660980,3629,0,0,2941
437,3,0,3,22,10677180,3630,0,0,2944
438,6,0,4,21,10685160,3627,0,0,2950
439,6,0,5,20,10703520,3627,0,0,2956
440,6,0,5,20,10723080,3626,0,0,2962
441,4,0,7,18,10727760,3625,0,0,2966
442,11,0,9,16,10762500,3626,0,0,2977
443,7,0,8,17,10786740,3624,0,0,2984
444,15,0,14,11,10812840,3622,0,0,2999
445,12,0,11,14,10861440,3620,0,0,3011
446,4,0,4,21,10899960,3620,0,0,3015
447,8,0,8,17,10908840,3618,0,0,3023
448,12,0,11,14,10944960,3619,0,0,3035
449,7,0,11,14,10966500,3618,0,0,3042
450,10,0,11,14,11006640,3619,0,0,3052
451,11,0,12,13,11052120,3622,0,0,3063
452,9,0,12,13,11082960,3621,0,0,3072
453,7,0,8,17,11124540,3622,0,0,3079
454,3,0,4,21,11160600,3625,0,0,3082
455,5,0,8,17,11167560,3627,0,0,3087
456,6,0,6,19,11196180,3626,0,0,3093
457,5,0,3,22,11223480,3626,0,0,3098
458,3,0,4,21,11227680,3625,0,0,3101
459,0,0,1,24,11242800,3626,0,0,3101
460,6,0,4,21,11253540,3626,0,0,3107
461,6,0,8,17,11256480,3625,0,0,3113
462,6,0,6,19,11283780,3624,0,0,3119
463,7,0,4,21,11309580,3622,0,0,3126
464,5,0,4,21,11327760,3622,0,0,3131
465,6,0,3,22,11348520,3621,0,0,3137
466,7,0,6,19,11357460,3619,0,0,3144
467,7,0,8,17,11373300,3618,0,0,3151
468,10,0,13,12,11390340,3618,0,0,3161
469,7,0,6,19,11447700,3620,0,0,3168
470,13,0,10,15,11477460,3619,0,0,3181
471,9,0,12,13,11492100,3616,0,0,3190
472,7,0,11,14,11528100,3618,0,0,3197
473,4,0,4,21,11588880,3624,0,0,3201
474,7,0,7,18,11607060,3626,0,0,3208
475,8,0,8,17,11622840,3623,0,0,3216
476,4,0,6,19,11646360,3623,0,0,3220
477,8,0,5,20,11680440,3624,0,0,3228
478,5,0,6,19,11691660,3623,0,0,3233
479,4,0,6,19,11704740,3622,0,0,3237
480,4,0,7,18,11726460,3625,0,0,3241
481,5,0,6,19,11756220,3628,0,0,3246
482,9,0,9,16,11780100,3629,0,0,3255
483,4,0,7,18,11799480,3628,0,0,3259
484,5,0,6,19,11841360,3634,0,0,3264
485,8,0,7,18,11855520,3631,0,0,3272
486,9,0,8,17,11886240,3631,0,0,3281
487,5,0,6,19,11904900,3629,0,0,3286
488,5,0,8,17,11919180,3630,0,0,3291
489,12,0,12,13,11947080,3630,0,0,3303
490,8,0,13,12,11981100,3632,0,0,3311
491,8,0,11,14,12027000,3635,0,0,3319
492,8,0,12,13,12067140,3640,0,0,3327
493,9,0,12,13,12105360,3641,0,0,3336
494,17,0,17,8,12150000,3642,0,0,3353
495,11,0,14,11,12198300,3641,0,0,3364
496,6,0,8,17,12255840,3645,0,0,3370
497,5,0,7,18,12278220,3645,0,0,3375
498,8,0,7,18,12306420,3645,0,0,3383
499,7,0,6,19,12340620,3646,0,0,3390
500,5,0,7,18,12360900,3648,0,0,3395
501,6,0,3,22,12397200,3648,0,0,3401
502,3,0,2,23,12407700,3647,0,0,3404
503,3,0,3,22,12411480,3646,0,0,3407
504,4,0,4,21,12417660,3644,0,0,3411
505,2,0,3,22,12424620,3643,0,0,3413
506,6,0,6,19,12442680,3645,0,0,3419
507,5,0,6,19,12458340,3644,0,0,3424
508,6,0,4,21,12487260,3644,0,0,3430
509,9,0,6,19,12509760,3643,0,0,3439
510,8,0,7,18,12533160,3643,0,0,3447
511,8,0,9,16,12555300,3643,0,0,3455
512,7,0,11,14,12568620,3642,0,0,3462
513,10,0,8,17,12626700,3645,0,0,3472
514,4,0,5,20,12646500,3643,0,0,3476
515,11,0,11,14,12665760,3643,0,0,3487
516,11,0,11,14,12708240,3644,0,0,3498
517,4,0,5,20,12749040,3645,0,0,3502
518,9,0,7,18,12773520,3645,0,0,3511
519,8,0,5,20,12796440,3641,0,0,3519
520,7,0,4,21,12815640,3638,0,0,3526
521,7,0,6,19,12837900,3639,0,0,3533
522,5,0,8,17,12851940,3640,0,0,3538
523,6,0,6,19,12873000,3638,0,0,3544
524,7,0,6,19,12895200,3637,0,0,3551
525,3,0,5,20,12916680,3639,0,0,3554
526,4,0,5,20,12931020,3639,0,0,3558
527,7,0,7,18,12955200,3641,0,0,3565
528,4,0,7,18,12972780,3641,0,0,3569
529,5,0,6,19,13009380,3646,0,0,3574
530,4,0,3,22,13030620,3644,0,0,3578
531,6,0,3,22,13047960,3643,0,0,3584
532,4,0,3,22,13062840,3643,0,0,3588
533,5,0,4,21,13074900,3643,0,0,3593
534,3,0,4,21,13080300,3641,0,0,3596
535,13,0,8,17,13097640,3637,0,0,3609
536,5,0,7,18,13122600,3638,0,0,3614
537,9,0,11,14,13149240,3640,0,0,3623
538,7,0,8,17,13184100,3640,0,0,3630
539,10,0,10,15,13227060,3643,0,0,3640
540,12,0,15,10,13247280,3642,0,0,3652
541,11,0,11,14,13306020,3643,0,0,3663
542,10,0,11,14,13341420,3643,0,0,3673
543,7,0,6,19,13382880,3642,0,0,3680
544,9,0,5,20,13414920,3641,0,0,3689
545,8,0,10,15,13420020,3639,0,0,3697
546,6,0,9,16,13450740,3641,0,0,3703
547,10,0,8,17,13492260,3641,0,0,3713
548,6,0,11,14,13508280,3643,0,0,3719
549,8,0,11,14,13551780,3646,0,0,3727
550,6,0,9,16,13598880,3651,0,0,3733
551,7,0,5,20,13639620,3651,0,0,3740
552,7,0,6,19,13663980,3652,0,0,3747
553,6,0,4,21,13679940,3648,0,0,3753
554,7,0,6,19,13703400,3650,0,0,3760
555,7,0,6,19,13728780,3650,0,0,3767
556,1,0,1,24,13752180,3650,0,0,3768
557,5,0,5,20,13752960,3649,0,0,3773
558,7,0,7,18,13764240,3648,0,0,3780
559,8,0,6,19,13794060,3647,0,0,3788
560,7,0,4,21,13824240,3646,0,0,3795
561,7,0,5,20,13837440,3644,0,0,3802
562,8,0,6,19,13851420,3641,0,0,3810
563,7,0,7,18,13874820,3641,0,0,3817
564,10,0,8,17,13903680,3640,0,0,3827
565,11,0,15,10,13919580,3641,0,0,3838
566,8,0,10,15,13968120,3641,0,0,3846
567,11,0,12,13,14003340,3641,0,0,3857
568,8,0,8,17,14055300,3644,0,0,3865
569,10,0,9,16,14089320,3644,0,0,3875
570,10,0,9,16,14119020,3642,0,0,3885
571,11,0,9,16,14155200,3641,0,0,3896
572,7,0,10,15,14177100,3641,0,0,3903
573,7,0,9,16,14205360,3641,0,0,3910
574,4,0,5,20,14249640,3645,0,0,3914
575,3,0,4,21,14272980,3647,0,0,3917
576,2,0,1,24,14286540,3646,0,0,3919
577,3,0,3,22,14287680,3645,0,0,3922
578,4,0,5,20,14295180,3645,0,0,3926
579,3,0,3,22,14314380,3646,0,0,3929
580,5,0,3,22,14327700,3644,0,0,3934
581,9,0,6,19,14339100,3642,0,0,3943
582,11,0,9,16,14355840,3638,0,0,3954
583,5,0,7,18,14384400,3639,0,0,3959
584,11,0,11,14,14426640,3644,0,0,3970
585,5,0,7,18,14442900,3639,0,0,3975
586,4,0,2,23,14486640,3642,0,0,3979
587,6,0,5,20,14493420,3641,0,0,3985
588,5,0,4,21,14509560,3640,0,0,3990
589,8,0,9,16,14518680,3639,0,0,3998
590,14,0,14,11,14559120,3641,0,0,4012
591,9,0,11,14,14599200,3640,0,0,4021
592,10,0,9,16,14650860,3642,0,0,4031
593,13,0,13,12,14672280,3639,0,0,4044
594,4,0,7,18,14710920,3640,0,0,4048
595,7,0,8,17,14738940,3641,0,0,4055
596,2,0,2,23,14772600,3643,0,0,4057
597,8,0,6,19,14793540,3644,0,0,4065
598,3,0,6,19,14800440,3643,0,0,4068
599,6,0,9,16,14816460,3644,0,0,4074
600,5,0,5,20,14854080,3646,0,0,4079
601,8,0,8,17,14875200,3646,0,0,4087
602,4,0,6,19,14892180,3645,0,0,4091
603,6,0,6,19,14905080,3643,0,0,4097
604,7,0,6,19,14928960,3642,0,0,4104
605,4,0,6,19,14939160,3641,0,0,4108
606,7,0,6,19,14972040,3643,0,0,4115
607,7,0,6,19,14989020,3641,0,0,4122
608,4,0,4,21,15005940,3640,0,0,4126
609,5,0,7,18,15020880,3642,0,0,4131
610,10,0,10,15,15044880,3641,0,0,4141
611,9,0,7,18,15082860,3640,0,0,4150
612,16,0,11,14,15114360,3637,0,0,4166
613,10,0,14,11,15151200,3640,0,0,4176
614,8,0,11,14,15207000,3644,0,0,4184
615,7,0,5,20,15246720,3642,0,0,4191
616,11,0,10,15,15267540,3642,0,0,4202
617,12,0,15,10,15287280,3640,0,0,4214
618,8,0,9,16,15353340,3644,0,0,4222
619,7,0,8,17,15369660,3641,0,0,4229
620,7,0,7,18,15414480,3644,0,0,4236
621,3,0,3,22,15440280,3645,0,0,4239
622,8,0,8,17,15452760,3645,0,0,4247
623,7,0,4,21,15474720,3641,0,0,4254
624,1,0,1,24,15491040,3641,0,0,4255
625,5,0,5,20,15502740,3643,0,0,4260
626,5,0,5,20,15514740,3641,0,0,4265
627,5,0,6,19,15532320,3642,0,0,4270
628,4,0,5,20,15557820,3644,0,0,4274
629,3,0,2,23,15582780,3645,0,0,4277
630,1,0,1,24,15591420,3645,0,0,4278
631,4,0,3,22,15594480,3644,0,0,4282
632,10,0,9,16,15599460,3642,0,0,4292
633,10,0,8,17,15617880,3637,0,0,4302
634,5,0,7,18,15652800,3640,0,0,4307
635,4,0,4,21,15678600,3640,0,0,4311
636,14,0,6,19,15696720,3634,0,0,4325
637,7,0,2,23,15723660,3631,0,0,4332
638,10,0,10,15,15733980,3632,0,0,4342
639,5,0,5,20,15756600,3628,0,0,4347
640,10,0,12,13,15769380,3629,0,0,4357
641,11,0,9,16,15820860,3629,0,0,4368
642,9,0,12,13,15836100,3627,0,0,4377
643,12,0,15,10,15867300,3627,0,0,4389
644,12,0,12,13,15920580,3627,0,0,4401
645,2,0,3,22,15968400,3629,0,0,4403
646,6,0,6,19,15990240,3631,0,0,4409
647,4,0,5,20,16006020,3631,0,0,4413
648,3,0,4,21,16021140,3631,0,0,4416
649,9,0,6,19,16045500,3631,0,0,4425
650,4,0,5,20,16057080,3629,0,0,4429
651,4,0,3,22,16080840,3629,0,0,4433
652,9,0,7,18,16090920,3628,0,0,4442
653,5,0,8,17,16104420,3627,0,0,4447
654,9,0,8,17,16146420,3630,0,0,4456
655,11,0,10,15,16164840,3626,0,0,4467
656,7,0,10,15,16186980,3626,0,0,4474
657,2,0,3,22,16230180,3628,0,0,4476
658,10,0,6,19,16254360,3628,0,0,4486
659,7,0,7,18,16274700,3627,0,0,4493
660,12,0,11,14,16297860,3626,0,0,4505
661,5,0,8,17,16330380,3627,0,0,4510
662,12,0,11,14,16357560,3626,0,0,4522
663,8,0,11,14,16394280,3627,0,0,4530
664,10,0,13,12,16422000,3627,0,0,4540
665,5,0,9,16,16469940,3630,0,0,4545
666,8,0,12,13,16493160,3632,0,0,4553
667,6,0,6,19,16550340,3635,0,0,4559
668,6,0,7,18,16572120,3635,0,0,4565
669,7,0,9,16,16591800,3636,0,0,4572
670,6,0,6,19,16625040,3636,0,0,4578
671,9,0,6,19,16651380,3634,0,0,4587
672,9,0,8,17,16669320,3633,0,0,4596
673,3,0,10,15,16669860,3632,0,0,4599
674,6,0,14,11,16673880,3631,0,0,4605
675,5,0,14,11,16686180,3630,0,0,4610
676,4,0,11,14,16723860,3633,0,0,4614
677,5,0,12,13,16737180,3632,0,0,4619
678,4,0,9,16,16764600,3633,0,0,4623
679,6,0,12,13,16771200,3632,0,0,4629
680,10,0,12,13,16795800,3629,0,0,4639
681,7,0,13,12,16809240,3628,0,0,4646
682,9,0,14,11,16829460,3626,0,0,4655
683,7,0,16,9,16839000,3624,0,0,4662
684,3,0,10,15,16882080,3626,0,0,4665
685,7,0,14,11,16899360,3628,0,0,4672
686,12,0,20,5,16917180,3627,0,0,4684
687,8,0,20,5,16952280,3628,0,0,4692
688,5,0,14,11,17006400,3631,0,0,4697
689,8,0,14,11,17035620,3631,0,0,4705
690,6,0,14,11,17054580,3630,0,0,4711
691,8,0,15,10,17081940,3631,0,0,4719
692,6,0,16,9,17093520,3629,0,0,4725
693,5,0,11,14,17142780,3632,0,0,4730
694,5,0,11,14,17159460,3632,0,0,4735
695,4,0,13,12,17162280,3631,0,0,4739
696,3,0,11,14,17180400,3631,0,0,4742
697,6,0,11,14,17206260,3632,0,0,4748
698,4,0,12,13,17215740,3632,0,0,4752
699,7,0,13,12,17241540,3632,0,0,4759
700,2,0,9,16,17263500,3632,0,0,4761
701,4,0,10,15,17268180,3631,0,0,4765
702,6,0,11,14,17280780,3630,0,0,4771
703,13,0,18,7,17302020,3630,0,0,4784
704,10,0,15,10,17338200,3627,0,0,4794
705,5,0,16,9,17350800,3627,0,0,4799
706,13,0,21,4,17388240,3629,0,0,4812
707,11,0,17,8,17442300,3629,0,0,4823
708,9,0,13,12,17487240,3628,0,0,4832
709,8,0,12,13,17518320,3628,0,0,4840
710,13,0,19,6,17532660,3626,0,0,4853
711,10,0,18,7,17568600,3626,0,0,4863
712,6,0,16,9,17607120,3628,0,0,4869
713,12,0,19,6,17649780,3630,0,0,4881
714,6,0,13,12,17684280,3628,0,0,4887
715,8,0,15,10,17708160,3628,0,0,4895
716,10,0,17,8,17731200,3627,0,0,4905
717,6,0,13,12,17772060,3628,0,0,4911
718,5,0,17,8,17779500,3629,0,0,4916
719,6,0,14,11,17825700,3631,0,0,4922
720,3,0,12,13,17851320,3633,0,0,4925
721,4,0,10,15,17870880,3633,0,0,4929
722,5,0,15,10,17870880,3633,0,0,4934
723,9,0,15,10,17903040,3632,0,0,4943
724,11,0,18,7,17931300,3632,0,0,4954
725,6,0,11,14,17974920,3632,0,0,4960
726,6,0,12,13,17990040,3631,0,0,4966
727,6,0,13,12,17998980,3629,0,0,4972
728,9,0,15,10,18018180,3628,0,0,4981
729,11,0,18,7,18049980,3628,0,0,4992
730,9,0,18,7,18081720,3628,0,0,5001
731,11,0,20,5,18121620,3630,0,0,5012
732,5,0,16,9,18160980,3631,0,0,5017
733,5,0,14,11,18196800,3633,0,0,5022
734,11,0,17,8,18222900,3632,0,0,5033
735,14,0,19,6,18266340,3632,0,0,5047
736,9,0,18,7,18306180,3633,0,0,5056
737,5,0,14,11,18340980,3634,0,0,5061
738,5,0,9,16,18384180,3635,0,0,5066
739,10,0,12,13,18393360,3632,0,0,5076
740,1,0,10,15,18407100,3632,0,0,5077
741,7,0,12,13,18422040,3632,0,0,5084
742,6,0,15,10,18433200,3632,0,0,5090
743,7,0,13,12,18460020,3631,0,0,5097
744,4,0,14,11,18481020,3632,0,0,5101
745,5,0,14,11,18505320,3634,0,0,5106
746,4,0,9,16,18533280,3633,0,0,5110
747,1,0,10,15,18533280,3633,0,0,5111
748,5,0,11,14,18550680,3633,0,0,5116
749,3,0,10,15,18559800,3632,0,0,5119
750,6,0,13,12,18565920,3631,0,0,5125
751,6,0,15,10,18578820,3631,0,0,5131
752,7,0,16,9,18602400,3631,0,0,5138
753,11,0,16,9,18639060,3631,0,0,5149
754,7,0,17,8,18664980,3632,0,0,5156
755,8,0,17,8,18702900,3633,0,0,5164
756,10,0,19,6,18731040,3633,0,0,5174
757,8,0,13,12,18778920,3632,0,0,5182
758,13,0,22,3,18790920,3632,0,0,5195
759,11,0,23,2,18832260,3633,0,0,5206
760,6,0,16,9,18880620,3633,0,0,5212
761,15,0,22,3,18935880,3638,0,0,5227
762,7,0,18,7,18960420,3635,0,0,5234
763,11,0,16,9,19030620,3639,0,0,5245
764,5,0,12,13,19062000,3639,0,0,5250
765,7,0,10,15,19077480,3635,0,0,5257
766,8,0,15,10,19080840,3634,0,0,5265
767,6,0,14,11,19111740,3635,0,0,5271
768,6,0,11,14,19143240,3635,0,0,5277
769,6,0,12,13,19148100,3632,0,0,5283
770,9,0,14,11,19171620,3632,0,0,5292
771,7,0,16,9,19185360,3631,0,0,5299
772,5,0,12,13,19218720,3631,0,0,5304
773,2,0,11,14,19227420,3631,0,0,5306
774,2,0,8,17,19256220,3633,0,0,5308
775,3,0,10,15,19257240,3632,0,0,5311
776,8,0,12,13,19272540,3631,0,0,5319
777,10,0,16,9,19289040,3630,0,0,5329
778,2,0,11,14,19311600,3630,0,0,5331
779,6,0,11,14,19336980,3630,0,0,5337
780,6,0,11,14,19350300,3629,0,0,5343
781,9,0,16,9,19359480,3628,0,0,5352
782,7,0,15,10,19389300,3628,0,0,5359
783,7,0,13,12,19426860,3629,0,0,5366
784,9,0,14,11,19448880,3627,0,0,5375
785,9,0,16,9,19471800,3627,0,0,5384
786,4,0,14,11,19499820,3628,0,0,5388
787,5,0,12,13,19523520,3628,0,0,5393
788,11,0,17,8,19546440,3628,0,0,5404
789,2,0,11,14,19565640,3626,0,0,5406
790,7,0,14,11,19585440,3627,0,0,5413
791,6,0,16,9,19604580,3628,0,0,5419
792,6,0,15,10,19635120,3629,0,0,5425
793,5,0,13,12,19677780,3632,0,0,5430
794,5,0,15,10,19691940,3633,0,0,5435
795,3,0,12,13,19714140,3633,0,0,5438
796,5,0,12,13,19733760,3633,0,0,5443
797,5,0,9,16,19760280,3633,0,0,5448
798,5,0,11,14,19768260,3632,0,0,5453
799,6,0,14,11,19778640,3632,0,0,5459
800,5,0,13,12,19797360,3631,0,0,5464
801,7,0,14,11,19810920,3630,0,0,5471
802,7,0,16,9,19824540,3629,0,0,5478
803,11,0,17,8,19877040,3632,0,0,5489
804,13,0,23,2,19904040,3632,0,0,5502
805,9,0,16,9,19958760,3632,0,0,5511
806,12,0,18,7,19990620,3631,0,0,5523
807,11,0,19,6,20034960,3632,0,0,5534
808,4,0,11,14,20078100,3632,0,0,5538
809,5,0,12,13,20087580,3631,0,0,5543
810,16,0,19,6,20112720,3630,0,0,5559
811,2,0,14,11,20144580,3631,0,0,5561
812,1,0,9,16,20182800,3634,0,0,5562
813,5,0,10,15,20196060,3634,0,0,5567
814,5,0,11,14,20206560,3633,0,0,5572
815,7,0,14,11,20223180,3633,0,0,5579
816,6,0,16,9,20228520,3632,0,0,5585
817,6,0,17,8,20258700,3634,0,0,5591
818,6,0,13,12,20305800,3636,0,0,5597
819,5,0,10,15,20334720,3636,0,0,5602
820,3,0,9,16,20347440,3636,0,0,5605
821,10,0,13,12,20363820,3635,0,0,5615
822,11,0,18,7,20385660,3635,0,0,5626
823,8,0,21,4,20404320,3635,0,0,5634
824,10,0,15,10,20455740,3633,0,0,5644
825,9,0,16,9,20491380,3635,0,0,5653
826,9,0,16,9,20509620,3632,0,0,5662
827,8,0,16,9,20539320,3632,0,0,5670
828,6,0,10,15,20588040,3633,0,0,5676
829,7,0,10,15,20613360,3633,0,0,5683
830,9,0,16,9,20622360,3633,0,0,5692
831,8,0,15,10,20637600,3630,0,0,5700
832,12,0,19,6,20660100,3629,0,0,5712
833,9,0,19,6,20693940,3629,0,0,5721
834,3,0,10,15,20755560,3632,0,0,5724
835,7,0,12,13,20767560,3631,0,0,5731
836,9,0,13,12,20788680,3629,0,0,5740
837,3,0,9,16,20812920,3629,0,0,5743
838,9,0,14,11,20824980,3629,0,0,5752
839,5,0,12,13,20846880,3628,0,0,5757
840,3,0,11,14,20861940,3628,0,0,5760
841,4,0,10,15,20885700,3629,0,0,5764
842,3,0,10,15,20890380,3628,0,0,5767
843,5,0,12,13,20901900,3628,0,0,5772
844,7,0,13,12,20917080,3627,0,0,5779
845,2,0,10,15,20934420,3627,0,0,5781
846,3,0,12,13,20937060,3627,0,0,5784
847,6,0,13,12,20957220,3627,0,0,5790
848,13,0,19,6,20980380,3627,0,0,5803
849,8,0,14,11,21030360,3627,0,0,5811
850,7,0,16,9,21047880,3627,0,0,5818
851,10,0,17,8,21078480,3627,0,0,5828
852,14,0,24,1,21106080,3627,0,0,5842
853,6,0,16,9,21164160,3628,0,0,5848
854,8,0,19,6,21186960,3629,0,0,5856
855,7,0,14,11,21231420,3629,0,0,5863
856,10,0,14,11,21258060,3628,0,0,5873
857,15,0,22,3,21273360,3626,0,0,5888
858,8,0,16,9,21321840,3626,0,0,5896
859,8,0,15,10,21370020,3628,0,0,5904
860,11,0,20,5,21393480,3629,0,0,5915
861,8,0,21,4,21427440,3630,0,0,5923
862,2,0,15,10,21470100,3632,0,0,5925
863,7,0,13,12,21514200,3634,0,0,5932
864,9,0,13,12,21545760,3634,0,0,5941
865,5,0,10,15,21563880,3632,0,0,5946
866,3,0,11,14,21573120,3633,0,0,5949
867,8,0,15,10,21590160,3633,0,0,5957
868,5,0,11,14,21616200,3632,0,0,5962
869,5,0,13,12,21635820,3633,0,0,5967
870,9,0,16,9,21652080,3632,0,0,5976
871,7,0,15,10,21664620,3630,0,0,5983
872,11,0,18,7,21692460,3629,0,0,5994
873,10,0,22,3,21724440,3631,0,0,6004
874,9,0,19,6,21772080,3632,0,0,6013
875,7,0,18,7,21819360,3635,0,0,6020
876,11,0,15,10,21876780,3636,0,0,6031
877,15,0,21,4,21897840,3634,0,0,6046
878,12,0,18,7,21951840,3634,0,0,6058
879,5,0,15,10,21977400,3633,0,0,6063
880,9,0,16,9,22016160,3635,0,0,6072
881,3,0,13,12,22036440,3635,0,0,6075
882,9,0,16,9,22065780,3636,0,0,6084
883,8,0,17,8,22096440,3637,0,0,6092
884,10,0,16,9,22143780,3638,0,0,6102
885,4,0,13,12,22174800,3639,0,0,6106
886,3,0,9,16,22198380,3639,0,0,6109
887,3,0,10,15,22205520,3639,0,0,6112
888,3,0,10,15,22215660,3638,0,0,6115
889,7,0,13,12,22222020,3637,0,0,6122
890,5,0,14,11,22233300,3637,0,0,6127
891,4,0,12,13,22248900,3636,0,0,6131
892,2,0,11,14,22272960,3638,0,0,6133
893,5,0,12,13,22290660,3638,0,0,6138
894,3,0,12,13,22298940,3638,0,0,6141
895,2,0,11,14,22316760,3639,0,0,6143
896,11,0,14,11,22342140,3638,0,0,6154
897,5,0,15,10,22363080,3639,0,0,6159
898,6,0,14,11,22386720,3639,0,0,6165
899,7,0,14,11,22410900,3639,0,0,6172
900,9,0,15,10,22436580,3638,0,0,6181
901,7,0,15,10,22455600,3637,0,0,6188
902,13,0,19,6,22491240,3638,0,0,6201
903,13,0,23,2,22517880,3637,0,0,6214
904,7,0,19,6,22568460,3638,0,0,6221
905,12,0,21,4,22610820,3639,0,0,6233
906,9,0,18,7,22666560,3641,0,0,6242
907,6,0,15,10,22711260,3643,0,0,6248
908,4,0,13,12,22736460,3644,0,0,6252
909,6,0,10,15,22779240,3645,0,0,6258
910,8,0,14,11,22783920,3644,0,0,6266
911,4,0,11,14,22812660,3644,0,0,6270
912,5,0,11,14,22822260,3643,0,0,6275
913,8,0,13,12,22845000,3643,0,0,6283
914,1,0,10,15,22858140,3643,0,0,6284
915,3,0,9,16,22880880,3644,0,0,6287
916,6,0,14,11,22881780,3644,0,0,6293
917,6,0,13,12,22902540,3643,0,0,6299
918,6,0,12,13,22925820,3643,0,0,6305
919,8,0,16,9,22937100,3642,0,0,6313
920,6,0,16,9,22951800,3641,0,0,6319
921,13,0,20,5,22997880,3643,0,0,6332
922,8,0,15,10,23038800,3642,0,0,6340
923,10,0,19,6,23054880,3641,0,0,6350
924,5,0,13,12,23113320,3644,0,0,6355
925,8,0,12,13,23145420,3644,0,0,6363
926,16,0,18,7,23165580,3641,0,0,6379
927,3,0,13,12,23196420,3642,0,0,6382
928,9,0,16,9,23229720,3643,0,0,6391
929,8,0,16,9,23250540,3642,0,0,6399
930,13,0,20,5,23278740,3641,0,0,6412
931,6,0,14,11,23325180,3642,0,0,6418
932,10,0,14,11,23361000,3642,0,0,6428
933,6,0,12,13,23386140,3641,0,0,6434
934,5,0,15,10,23391600,3641,0,0,6439
935,6,0,11,14,23438880,3642,0,0,6445
936,6,0,14,11,23447220,3642,0,0,6451
937,6,0,14,11,23465520,3642,0,0,6457
938,3,0,10,15,23490480,3641,0,0,6460
939,1,0,8,17,23503560,3642,0,0,6461
940,7,0,13,12,23507400,3641,0,0,6468
941,6,0,15,10,23517240,3641,0,0,6474
942,4,0,14,11,23538000,3641,0,0,6478
943,6,0,14,11,23569560,3642,0,0,6484
944,9,0,14,11,23596080,3641,0,0,6493
945,4,0,12,13,23621160,3642,0,0,6497
946,7,0,12,13,23643540,3641,0,0,6504
947,7,0,16,9,23654340,3641,0,0,6511
948,9,0,16,9,23691300,3642,0,0,6520
949,5,0,18,7,23705760,3643,0,0,6525
950,6,0,15,10,23747700,3644,0,0,6531
951,11,0,17,8,23779500,3644,0,0,6542
952,15,0,21,4,23806560,3642,0,0,6557
953,7,0,15,10,23859420,3643,0,0,6564
954,17,0,22,3,23891820,3642,0,0,6581
955,8,0,19,6,23936100,3643,0,0,6589
956,6,0,13,12,23981160,3643,0,0,6595
957,8,0,13,12,24011820,3643,0,0,6603
958,5,0,11,14,24035280,3643,0,0,6608
959,11,0,17,8,24045600,3642,0,0,6619
960,2,0,12,13,24073380,3642,0,0,6621
961,5,0,13,12,24088800,3642,0,0,6626
962,7,0,14,11,24111300,3642,0,0,6633
963,4,0,12,13,24142200,3644,0,0,6637
964,8,0,14,11,24159840,3643,0,0,6645
965,6,0,12,13,24185280,3642,0,0,6651
966,8,0,13,12,24204120,3641,0,0,6659
967,9,0,18,7,24210240,3640,0,0,6668
968,8,0,14,11,24249420,3639,0,0,6676
969,12,0,18,7,24271140,3638,0,0,6688
970,11,0,19,6,24297060,3637,0,0,6699
971,12,0,21,4,24347100,3639,0,0,6711
972,6,0,14,11,24398400,3639,0,0,6717
973,9,0,13,12,24429360,3639,0,0,6726
974,4,0,10,15,24455400,3639,0,0,6730
975,7,0,13,12,24461340,3637,0,0,6737
976,7,0,16,9,24475920,3637,0,0,6744
977,6,0,16,9,24509040,3639,0,0,6750
978,6,0,15,10,24537000,3639,0,0,6756
979,10,0,15,10,24573240,3639,0,0,6766
980,7,0,15,10,24608940,3641,0,0,6773
981,5,0,17,8,24623760,3642,0,0,6778
982,3,0,13,12,24653220,3642,0,0,6781
983,4,0,11,14,24676860,3642,0,0,6785
984,4,0,11,14,24697080,3643,0,0,6789
985,6,0,13,12,24708600,3643,0,0,6795
986,1,0,11,14,24725160,3644,0,0,6796
987,6,0,13,12,24742860,3644,0,0,6802
988,4,0,10,15,24767340,3644,0,0,6806
989,8,0,16,9,24773640,3644,0,0,6814
990,4,0,15,10,24798660,3645,0,0,6818
991,4,0,12,13,24831780,3646,0,0,6822
992,7,0,11,14,24851340,3644,0,0,6829
993,7,0,13,12,24871380,3645,0,0,6836
994,7,0,14,11,24891180,3644,0,0,6843
995,8,0,14,11,24916620,3644,0,0,6851
996,9,0,16,9,24940080,3644,0,0,6860
997,9,0,13,12,24967920,3641,0,0,6869
998,10,0,12,13,24996840,3640,0,0,6879
999,8,0,10,15,25009620,3636,0,0,6887
1000,16,0,19,6,25036800,3636,0,0,6903
1001,12,0,22,3,25063920,3636,0,0,6915
1002,10,0,18,7,25122780,3637,0,0,6925
1003,7,0,18,7,25163640,3639,0,0,6932
1004,7,0,15,10,25200720,3639,0,0,6939
1005,6,0,15,10,25229400,3640,0,0,6945
1006,4,0,12,13,25251360,3640,0,0,6949
1007,2,0,11,14,25276380,3642,0,0,6951
1008,5,0,10,15,25302300,3642,0,0,6956
1009,5,0,11,14,25311240,3641,0,0,6961
1010,5,0,10,15,25331580,3641,0,0,6966
1011,1,0,8,17,25338720,3641,0,0,6967
1012,6,0,11,14,25341300,3639,0,0,6973
1013,8,0,15,10,25349100,3638,0,0,6981
1014,4,0,11,14,25390560,3640,0,0,6985
1015,6,0,12,13,25398660,3639,0,0,6991
1016,9,0,12,13,25430520,3639,0,0,7000
1017,11,0,16,9,25446180,3637,0,0,7011
1018,8,0,19,6,25458300,3636,0,0,7019
1019,13,0,17,8,25504680,3635,0,0,7032
1020,10,0,17,8,25547940,3636,0,0,7042
1021,8,0,17,8,25585800,3637,0,0,7050
1022,7,0,16,9,25615320,3638,0,0,7057
1023,8,0,13,12,25647960,3636,0,0,7065
1024,10,0,17,8,25670940,3637,0,0,7075
1025,7,0,14,11,25706100,3636,0,0,7082
1026,9,0,14,11,25733040,3636,0,0,7091
1027,6,0,18,7,25739820,3636,0,0,7097
1028,7,0,15,10,25779060,3636,0,0,7104
1029,7,0,13,12,25822680,3638,0,0,7111
1030,7,0,14,11,25832460,3636,0,0,7118
1031,7,0,13,12,25861920,3636,0,0,7125
1032,5,0,10,15,25887240,3635,0,0,7130
1033,3,0,12,13,25888200,3635,0,0,7133
1034,9,0,15,10,25911540,3635,0,0,7142
1035,8,0,16,9,25930080,3634,0,0,7150
1036,5,0,14,11,25959840,3635,0,0,7155
1037,5,0,13,12,25987140,3636,0,0,7160
1038,5,0,12,13,26008320,3636,0,0,7165
1039,5,0,14,11,26014920,3635,0,0,7170
1040,11,0,21,4,26027940,3635,0,0,7181
1041,6,0,19,6,26054820,3634,0,0,7187
1042,6,0,12,13,26126040,3638,0,0,7193
1043,6,0,15,10,26130960,3637,0,0,7199
1044,10,0,18,7,26157420,3637,0,0,7209
1045,10,0,17,8,26193240,3636,0,0,7219
1046,4,0,10,15,26229240,3636,0,0,7223
1047,8,0,13,12,26235960,3634,0,0,7231
1048,9,0,14,11,26263800,3634,0,0,7240
1049,12,0,16,9,26291580,3633,0,0,7252
1050,6,0,14,11,26324220,3633,0,0,7258
1051,10,0,14,11,26348520,3632,0,0,7268
1052,7,0,17,8,26361300,3632,0,0,7275
1053,5,0,15,10,26391180,3632,0,0,7280
1054,6,0,13,12,26433120,3634,0,0,7286
1055,5,0,12,13,26459040,3634,0,0,7291
1056,3,0,13,12,26470860,3635,0,0,7294
1057,3,0,10,15,26503800,3637,0,0,7297
1058,7,0,14,11,26511600,3636,0,0,7304
1059,5,0,14,11,26528460,3636,0,0,7309
1060,2,0,11,14,26552760,3637,0,0,7311
1061,7,0,13,12,26567220,3636,0,0,7318
1062,3,0,14,11,26579820,3637,0,0,7321
1063,5,0,14,11,26601600,3638,0,0,7326
1064,7,0,11,14,26642100,3638,0,0,7333
1065,4,0,11,14,26653080,3638,0,0,7337
1066,9,0,12,13,26675220,3637,0,0,7346
1067,6,0,14,11,26683140,3636,0,0,7352
1068,8,0,19,6,26696160,3636,0,0,7360
1069,6,0,15,10,26736840,3637,0,0,7366
1070,8,0,15,10,26778900,3638,0,0,7374
1071,15,0,19,6,26807100,3637,0,0,7389
1072,16,0,21,4,26847480,3635,0,0,7405
1073,6,0,16,9,26898780,3637,0,0,7411
1074,4,0,13,12,26933700,3638,0,0,7415
1075,3,0,11,14,26965560,3640,0,0,7418
1076,8,0,16,9,26983560,3641,0,0,7426
1077,1,0,9,16,27016920,3642,0,0,7427
1078,4,0,10,15,27035640,3643,0,0,7431
1079,7,0,12,13,27046080,3642,0,0,7438
1080,8,0,17,8,27052620,3641,0,0,7446
1081,4,0,13,12,27093360,3643,0,0,7450
1082,3,0,9,16,27125760,3643,0,0,7453
1083,6,0,11,14,27137040,3643,0,0,7459
1084,5,0,8,17,27166560,3643,0,0,7464
1085,3,0,11,14,27166560,3643,0,0,7467
1086,12,0,15,10,27188160,3642,0,0,7479
1087,3,0,15,10,27198960,3642,0,0,7482
1088,7,0,15,10,27243360,3645,0,0,7489
1089,7,0,13,12,27271800,3644,0,0,7496
1090,10,0,13,12,27304800,3644,0,0,7506
1091,7,0,15,10,27314520,3642,0,0,7513
1092,9,0,13,12,27355320,3643,0,0,7522
1093,2,0,9,16,27379320,3643,0,0,7524
1094,8,0,15,10,27387540,3643,0,0,7532
1095,6,0,16,9,27406560,3643,0,0,7538
1096,9,0,15,10,27443100,3643,0,0,7547
1097,6,0,13,12,27476460,3644,0,0,7553
1098,6,0,14,11,27489240,3643,0,0,7559
1099,5,0,10,15,27529020,3644,0,0,7564
1100,8,0,14,11,27535020,3643,0,0,7572
1101,6,0,17,8,27550800,3643,0,0,7578
1102,5,0,11,14,27579960,3642,0,0,7583
1103,6,0,11,14,27607740,3643,0,0,7589
1104,6,0,9,16,27625860,3641,0,0,7595
1105,1,0,10,15,27625860,3641,0,0,7596
1106,5,0,13,12,27635160,3641,0,0,7601
1107,4,0,13,12,27653400,3642,0,0,7605
1108,7,0,14,11,27677220,3642,0,0,7612
1109,2,0,10,15,27694200,3642,0,0,7614
1110,7,0,13,12,27715560,3642,0,0,7621
1111,11,0,18,7,27730500,3642,0,0,7632
1112,8,0,15,10,27774180,3642,0,0,7640
1113,5,0,13,12,27792360,3641,0,0,7645
1114,5,0,12,13,27817320,3641,0,0,7650
1115,11,0,16,9,27837000,3641,0,0,7661
1116,11,0,20,5,27852900,3639,0,0,7672
1117,9,0,14,11,27909000,3640,0,0,7681
1118,7,0,11,14,27938760,3639,0,0,7688
1119,5,0,11,14,27962700,3640,0,0,7693
1120,8,0,16,9,27971580,3639,0,0,7701
1121,11,0,16,9,28006980,3639,0,0,7712
1122,5,0,12,13,28042800,3639,0,0,7717
1123,10,0,18,7,28051260,3638,0,0,7727
1124,8,0,16,9,28087020,3638,0,0,7735
1125,4,0,14,11,28117200,3639,0,0,7739
1126,6,0,13,12,28148820,3640,0,0,7745
1127,4,0,11,14,28168200,3640,0,0,7749
1128,2,0,8,17,28197240,3641,0,0,7751
1129,2,0,8,17,28200960,3641,0,0,7753
1130,1,0,8,17,28203480,3641,0,0,7754
1131,3,0,9,16,28206900,3640,0,0,7757
1132,5,0,12,13,28214400,3640,0,0,7762
1133,3,0,13,12,28225560,3641,0,0,7765
1134,10,0,16,9,28256160,3641,0,0,7775
1135,3,0,11,14,28288140,3642,0,0,7778
1136,7,0,15,10,28295820,3641,0,0,7785
1137,8,0,16,9,28316520,3641,0,0,7793
1138,8,0,17,8,28356240,3642,0,0,7801
1139,6,0,13,12,28392660,3642,0,0,7807
1140,9,0,15,10,28420620,3643,0,0,7816
1141,6,0,14,11,28432680,3641,0,0,7822
1142,5,0,12,13,28467300,3642,0,0,7827
1143,9,0,16,9,28476960,3641,0,0,7836
1144,9,0,16,9,28504020,3640,0,0,7845
1145,9,0,16,9,28527960,3639,0,0,7854
1146,7,0,15,10,28561620,3640,0,0,7861
1147,3,0,9,16,28604340,3641,0,0,7864
1148,5,0,11,14,28617900,3641,0,0,7869
1149,7,0,14,11,28632180,3641,0,0,7876
1150,4,0,15,10,28649040,3642,0,0,7880
1151,1,0,12,13,28670160,3643,0,0,7881
1152,7,0,14,11,28701300,3645,0,0,7888
1153,11,0,17,8,28731780,3645,0,0,7899
1154,6,0,14,11,28758000,3644,0,0,7905
1155,2,0,9,16,28784100,3644,0,0,7907
1156,4,0,9,16,28790880,3643,0,0,7911
1157,3,0,11,14,28792140,3643,0,0,7914
1158,3,0,10,15,28804500,3642,0,0,7917
1159,9,0,17,8,28812480,3642,0,0,7926
1160,7,0,14,11,28837920,3641,0,0,7933
1161,5,0,12,13,28864980,3641,0,0,7938
1162,8,0,16,9,28879920,3641,0,0,7946
1163,9,0,19,6,28903380,3642,0,0,7955
1164,11,0,15,10,28969500,3643,0,0,7966
1165,7,0,19,6,28973640,3642,0,0,7973
1166,18,0,21,4,29037480,3643,0,0,7991
1167,9,0,19,6,29068200,3642,0,0,8000
1168,11,0,17,8,29127540,3643,0,0,8011
1169,10,0,19,6,29146200,3642,0,0,8021
1170,7,0,14,11,29197980,3643,0,0,8028
1171,4,0,12,13,29211840,3642,0,0,8032
1172,3,0,12,13,29230980,3643,0,0,8035
1173,7,0,14,11,29260800,3644,0,0,8042
1174,8,0,20,5,29267040,3644,0,0,8050
1175,6,0,14,11,29320560,3645,0,0,8056
1176,4,0,11,14,29350380,3646,0,0,8060
1177,4,0,12,13,29369940,3647,0,0,8064
1178,12,0,20,5,29388000,3647,0,0,8076
1179,2,0,11,14,29421900,3647,0,0,8078
1180,5,0,12,13,29443860,3648,0,0,8083
1181,5,0,11,14,29461620,3647,0,0,8088
1182,7,0,12,13,29479440,3647,0,0,8095
1183,9,0,14,11,29501460,3646,0,0,8104
1184,7,0,12,13,29525580,3645,0,0,8111
1185,11,0,15,10,29541840,3643,0,0,8122
1186,9,0,16,9,29559720,3642,0,0,8131
1187,7,0,16,9,29584380,3642,0,0,8138
1188,11,0,18,7,29623560,3643,0,0,8149
1189,4,0,13,12,29655840,3643,0,0,8153
1190,6,0,13,12,29684520,3644,0,0,8159
1191,8,0,18,7,29693940,3643,0,0,8167
1192,6,0,18,7,29723280,3644,0,0,8173
1193,12,0,21,4,29748960,3643,0,0,8185
1194,4,0,11,14,29814660,3645,0,0,8189
1195,5,0,13,12,29822820,3645,0,0,8194
1196,2,0,11,14,29836140,3645,0,0,8196
1197,2,0,10,15,29859060,3646,0,0,8198
1198,5,0,13,12,29868840,3646,0,0,8203
1199,6,0,11,14,29891280,3646,0,0,8209
1200,3,0,13,12,29899320,3646,0,0,8212
1201,5,0,13,12,29928540,3648,0,0,8217
1202,4,0,12,13,29936700,3646,0,0,8221
1203,7,0,13,12,29970000,3648,0,0,8228
1204,5,0,14,11,29986020,3648,0,0,8233
1205,4,0,14,11,29998080,3648,0,0,8237
1206,5,0,11,14,30040740,3649,0,0,8242
1207,4,0,10,15,30050880,3648,0,0,8246
1208,5,0,12,13,30055200,3647,0,0,8251
1209,13,0,20,5,30070920,3647,0,0,8264
1210,6,0,16,9,30107340,3647,0,0,8270
1211,15,0,18,7,30153600,3647,0,0,8285
1212,9,0,16,9,30186960,3646,0,0,8294
1213,9,0,14,11,30223920,3646,0,0,8303
1214,8,0,16,9,30235740,3645,0,0,8311
1215,16,0,19,6,30273900,3643,0,0,8327
1216,5,0,16,9,30307980,3644,0,0,8332
1217,5,0,13,12,30347100,3645,0,0,8337
1218,11,0,19,6,30367380,3645,0,0,8348
1219,6,0,19,6,30391560,3646,0,0,8354
1220,9,0,17,8,30447360,3648,0,0,8363
1221,3,0,11,14,30481380,3648,0,0,8366
1222,6,0,14,11,30492180,3648,0,0,8372
1223,3,0,10,15,30516480,3648,0,0,8375
1224,5,0,10,15,30535260,3648,0,0,8380
1225,6,0,14,11,30539160,3647,0,0,8386
1226,6,0,14,11,30564660,3648,0,0,8392
1227,3,0,12,13,30589800,3649,0,0,8395
1228,9,0,16,9,30613440,3649,0,0,8404
1229,10,0,19,6,30633000,3648,0,0,8414
1230,12,0,19,6,30679440,3649,0,0,8426
1231,7,0,16,9,30719940,3649,0,0,8433
1232,5,0,13,12,30747000,3649,0,0,8438
1233,7,0,14,11,30768840,3649,0,0,8445
1234,9,0,13,12,30803760,3649,0,0,8454
1235,13,0,21,4,30823020,3649,0,0,8467
1236,6,0,14,11,30859440,3648,0,0,8473
1237,8,0,12,13,30898200,3648,0,0,8481
1238,5,0,13,12,30909180,3647,0,0,8486
1239,14,0,17,8,30950040,3648,0,0,8500
1240,7,0,13,12,30989640,3648,0,0,8507
1241,9,0,16,9,31008180,3648,0,0,8516
1242,5,0,14,11,31044000,3649,0,0,8521
1243,3,0,11,14,31077540,3650,0,0,8524
1244,7,0,13,12,31095600,3650,0,0,8531
1245,2,0,11,14,31109040,3650,0,0,8533
1246,6,0,13,12,31124160,3650,0,0,8539
1247,4,0,13,12,31139760,3650,0,0,8543
1248,2,0,11,14,31154100,3650,0,0,8545
1249,7,0,10,15,31177920,3649,0,0,8552
1250,10,0,14,11,31185960,3648,0,0,8562
1251,5,0,13,12,31209360,3648,0,0,8567
1252,6,0,13,12,31228860,3648,0,0,8573
1253,6,0,12,13,31250100,3647,0,0,8579
1254,1,0,10,15,31259640,3647,0,0,8580
1255,7,0,11,14,31291740,3648,0,0,8587
1256,9,0,16,9,31302660,3648,0,0,8596
1257,8,0,19,6,31318560,3648,0,0,8604
1258,7,0,14,11,31372020,3649,0,0,8611
1259,8,0,12,13,31411560,3649,0,0,8619
1260,6,0,11,14,31438380,3649,0,0,8625
1261,13,0,17,8,31446420,3647,0,0,8638
1262,3,0,12,13,31471260,3647,0,0,8641
1263,9,0,15,10,31504500,3648,0,0,8650
1264,11,0,19,6,31519020,3647,0,0,8661
1265,5,0,17,8,31543560,3647,0,0,8666
1266,7,0,16,9,31587720,3648,0,0,8673
1267,4,0,11,14,31632360,3650,0,0,8677
1268,3,0,10,15,31650780,3650,0,0,8680
1269,7,0,12,13,31665000,3650,0,0,8687
1270,2,0,9,16,31685460,3650,0,0,8689
1271,3,0,11,14,31687920,3650,0,0,8692
1272,7,0,14,11,31693980,3649,0,0,8699
1273,1,0,11,14,31716900,3650,0,0,8700
1274,4,0,11,14,31736160,3650,0,0,8704
1275,4,0,12,13,31748760,3650,0,0,8708
1276,7,0,15,10,31763160,3650,0,0,8715
1277,9,0,14,11,31788480,3649,0,0,8724
1278,5,0,13,12,31818900,3650,0,0,8729
1279,11,0,21,4,31826400,3650,0,0,8740
1280,4,0,14,11,31871400,3650,0,0,8744
1281,3,0,11,14,31907640,3652,0,0,8747
1282,3,0,9,16,31922640,3652,0,0,8750
1283,8,0,14,11,31935300,3652,0,0,8758
1284,6,0,14,11,31952880,3651,0,0,8764
1285,11,0,19,6,31980240,3652,0,0,8775
1286,9,0,16,9,32013780,3651,0,0,8784
1287,7,0,14,11,32041560,3650,0,0,8791
1288,4,0,10,15,32072280,3650,0,0,8795
1289,4,0,11,14,32085600,3651,0,0,8799
1290,6,0,11,14,32099460,3650,0,0,8805
1291,8,0,11,14,32120400,3649,0,0,8813
1292,1,0,10,15,32125140,3648,0,0,8814
1293,10,0,14,11,32148840,3649,0,0,8824
1294,2,0,13,12,32157420,3648,0,0,8826
1295,12,0,13,12,32196420,3648,0,0,8838
1296,5,0,11,14,32219220,3648,0,0,8843
1297,3,0,10,15,32235840,3648,0,0,8846
1298,3,0,9,16,32256600,3648,0,0,8849
1299,6,0,12,13,32259660,3648,0,0,8855
1300,1,0,10,15,32273220,3648,0,0,8856
1301,10,0,11,14,32290140,3646,0,0,8866
1302,6,0,10,15,32307180,3645,0,0,8872
1303,5,0,11,14,32314620,3644,0,0,8877
1304,6,0,14,11,32320680,3644,0,0,8883
1305,7,0,16,9,32345160,3644,0,0,8890
1306,5,0,13,12,32362740,3643,0,0,8895
1307,8,0,15,10,32380200,3643,0,0,8903
1308,5,0,14,11,32392560,3642,0,0,8908
1309,11,0,19,6,32441400,3645,0,0,8919
1310,7,0,16,9,32479740,3645,0,0,8926
1311,9,0,14,11,32518320,3645,0,0,8935
1312,8,0,16,9,32533200,3644,0,0,8943
1313,7,0,15,10,32558400,3643,0,0,8950
1314,11,0,21,4,32578620,3644,0,0,8961
1315,9,0,17,8,32634000,3645,0,0,8970
1316,2,0,12,13,32660280,3645,0,0,8972
1317,4,0,10,15,32686920,3645,0,0,8976
1318,2,0,10,15,32695320,3645,0,0,8978
1319,4,0,10,15,32713860,3646,0,0,8982
1320,5,0,12,13,32723400,3646,0,0,8987
1321,3,0,14,11,32726340,3645,0,0,8990
1322,2,0,8,17,32762880,3646,0,0,8992
1323,8,0,13,12,32765640,3645,0,0,9000
1324,5,0,14,11,32780040,3645,0,0,9005
1325,4,0,13,12,32808900,3647,0,0,9009
1326,12,0,16,9,32836560,3646,0,0,9021
1327,8,0,14,11,32867520,3645,0,0,9029
1328,5,0,11,14,32888580,3644,0,0,9034
1329,4,0,11,14,32901900,3644,0,0,9038
1330,4,0,12,13,32921220,3645,0,0,9042
1331,13,0,18,7,32935140,3644,0,0,9055
1332,8,0,17,8,32960760,3643,0,0,9063
1333,8,0,15,10,33005280,3644,0,0,9071
1334,5,0,13,12,33037980,3645,0,0,9076
1335,6,0,14,11,33057600,3645,0,0,9082
1336,5,0,10,15,33086460,3645,0,0,9087
1337,6,0,13,12,33100620,3645,0,0,9093
1338,8,0,12,13,33122640,3644,0,0,9101
1339,3,0,10,15,33131940,3643,0,0,9104
1340,7,0,12,13,33157140,3644,0,0,9111
1341,4,0,14,11,33160920,3643,0,0,9115
1342,5,0,13,12,33192420,3644,0,0,9120
1343,5,0,16,9,33202440,3645,0,0,9125
1344,7,0,16,9,33241260,3646,0,0,9132
1345,2,0,16,9,33242820,3645,0,0,9134
1346,3,0,16,9,33246720,3645,0,0,9137
1347,4,0,19,6,33249660,3644,0,0,9141
1348,4,0,19,6,33259440,3644,0,0,9145
1349,4,0,20,5,33272160,3644,0,0,9149
1350,9,0,22,3,33288360,3643,0,0,9158
1351,5,0,24,1,33304320,3644,0,0,9163
1352,6,0,22,3,33338880,3644,420,0,9169
1353,4,0,21,4,33371040,3646,420,0,9173
1354,7,0,23,2,33390720,3646,420,0,9180
1355,14,2,25,0,33422520,3645,3720,0,9194
1356,12,6,25,0,33451800,3645,9780,1,9206
1357,9,3,25,0,33499740,3646,35700,3,9215
1358,3,0,19,6,33528060,3644,44160,4,9218
1359,11,0,23,2,33547260,3644,44160,4,9229
1360,8,0,23,2,33580380,3644,44160,4,9237
1361,6,0,23,2,33599700,3644,44160,4,9243
1362,4,0,19,6,33634200,3644,44160,4,9247
1363,8,0,22,3,33655320,3645,44160,4,9255
1364,6,0,22,3,33675720,3644,44160,4,9261
1365,3,0,18,7,33703020,3645,44160,4,9264
1366,7,0,20,5,33713460,3644,44160,4,9271
1367,2,0,18,7,33727560,3644,44160,4,9273
1368,5,0,20,5,33736680,3644,44160,4,9278
1369,6,0,19,6,33762420,3644,44160,4,9284
1370,4,0,19,6,33777540,3644,44160,4,9288
1371,6,0,20,5,33791640,3643,44160,4,9294
1372,7,0,20,5,33803700,3642,44160,4,9301
1373,5,0,20,5,33828600,3642,44160,4,9306
1374,8,2,25,0,33830760,3642,46200,4,9314
1375,4,0,23,2,33870000,3643,52020,5,9318
1376,8,0,24,1,33892680,3643,52020,5,9326
1377,8,2,25,0,33912660,3643,52380,5,9334
1378,7,0,25,0,33953040,3644,55800,5,9341
1379,9,0,24,1,33998520,3645,55800,5,9350
1380,8,2,25,0,34019880,3645,60420,6,9358
1381,9,0,24,1,34063980,3645,67080,7,9367
1382,10,0,25,0,34096800,3645,70620,7,9377
1383,11,2,25,0,34122060,3645,71220,7,9388
1384,11,3,25,0,34159800,3645,75600,8,9399
1385,7,0,22,3,34200360,3644,79200,8,9406
1386,8,0,23,2,34223580,3644,79200,8,9414
1387,1,0,18,7,34253040,3645,79200,8,9415
1388,5,0,21,4,34267200,3645,79200,8,9420
1389,3,0,19,6,34284000,3645,79200,8,9423
1390,7,0,22,3,34302600,3646,79200,8,9430
1391,7,0,23,2,34321980,3645,79200,8,9437
1392,6,0,20,5,34344180,3644,79200,8,9443
1393,3,0,17,8,34368900,3645,79200,8,9446
1394,5,0,20,5,34374540,3644,79200,8,9451
1395,5,0,21,4,34387800,3644,79200,8,9456
1396,4,0,19,6,34415100,3645,79200,8,9460
1397,10,0,21,4,34427640,3643,79200,8,9470
1398,4,0,21,4,34446900,3644,79200,8,9474
1399,4,0,20,5,34469520,3644,79200,8,9478
1400,8,0,25,0,34482180,3644,79200,8,9486
1401,6,0,23,2,34512840,3644,79200,8,9492
1402,10,0,21,4,34556520,3644,79200,8,9502
1403,3,0,21,4,34567680,3644,79200,8,9505
1404,7,0,21,4,34598700,3645,79200,8,9512
1405,6,0,22,3,34616220,3645,79200,8,9518
1406,14,2,25,0,34639020,3644,80220,8,9532
1407,4,0,23,2,34664460,3643,82380,8,9536
1408,9,0,23,2,34703880,3644,82620,8,9545
1409,10,0,25,0,34735740,3644,82620,8,9555
1410,9,2,25,0,34755240,3644,87300,9,9564
1411,7,0,22,3,34792080,3643,88620,9,9571
1412,4,0,19,6,34827360,3644,88620,9,9575
1413,3,0,17,8,34840740,3644,88620,9,9578
1414,3,0,18,7,34850280,3644,88620,9,9581
1415,4,0,20,5,34857720,3644,88620,9,9585
1416,9,1,25,0,34861680,3643,88620,9,9594
1417,7,0,22,3,34894500,3642,88680,9,9601
1418,2,0,19,6,34918440,3643,88680,9,9603
1419,2,0,20,5,34927380,3643,88680,9,9605
1420,6,0,21,4,34958160,3645,88680,9,9611
1421,6,0,21,4,34974120,3644,88680,9,9617
1422,9,0,22,3,35002500,3644,88680,9,9626
1423,4,0,20,5,35018460,3643,88680,9,9630
1424,10,0,22,3,35043960,3643,88680,9,9640
1425,11,0,25,0,35056920,3641,90120,9,9651
1426,10,4,25,0,35089740,3643,93180,9,9661
1427,18,15,25,0,35123640,3643,99720,10,9679
1428,9,20,25,0,35152980,3645,106380,10,9688
1429,8,23,25,0,35191560,3647,126120,13,9696
1430,6,24,25,0,35224500,3649,135180,13,9702
1431,5,19,25,0,35277120,3650,203940,21,9707
1432,8,19,25,0,35307540,3650,227280,23,9715
1433,6,11,25,0,35351460,3650,394080,40,9721
1434,7,3,25,0,35380380,3647,542400,55,9728
1435,10,0,22,3,35420280,3645,599520,61,9738
1436,4,0,22,3,35429640,3645,599520,61,9742
1437,10,0,23,2,35459160,3644,599520,61,9752
1438,4,0,20,5,35478120,3644,599520,61,9756
1439,2,0,18,7,35488140,3643,599520,61,9758
1440,7,0,22,3,35500620,3643,599520,61,9765
1441,1,0,18,7,35517780,3643,599520,61,9766
1442,3,0,18,7,35531700,3643,599520,61,9769
1443,2,0,19,6,35534700,3643,599520,61,9771
1444,5,0,20,5,35548920,3643,599520,61,9776
1445,15,6,25,0,35567580,3644,601320,61,9791
1446,7,6,25,0,35598960,3644,605400,61,9798
1447,9,5,25,0,35634540,3644,631620,64,9807
1448,8,0,20,5,35685420,3643,662700,67,9815
1449,9,1,25,0,35697420,3643,662700,67,9824
1450,4,0,22,3,35722020,3642,663060,67,9828
1451,9,0,23,2,35762820,3644,663060,67,9837
1452,15,6,25,0,35783340,3643,666600,67,9852
1453,7,2,25,0,35827320,3643,682320,69,9859
1454,14,1,25,0,35860920,3641,693780,70,9873
1455,9,3,25,0,35887680,3641,696420,70,9882
1456,8,3,25,0,35924760,3642,701340,70,9890
1457,7,0,25,0,35956560,3642,716460,72,9897
1458,4,0,19,6,35998920,3642,716460,72,9901
1459,3,0,17,8,36019920,3643,716460,72,9904
1460,3,0,19,6,36026400,3643,716460,72,9907
1461,3,0,18,7,36042900,3643,716460,72,9910
1462,6,0,24,1,36042900,3643,716460,72,9916
1463,3,0,20,5,36067800,3643,716460,72,9919
1464,2,0,17,8,36091620,3644,716460,72,9921
1465,5,0,19,6,36096120,3643,716460,72,9926
1466,5,0,18,7,36113220,3643,716460,72,9931
1467,7,0,21,4,36132720,3643,716460,72,9938
1468,5,0,20,5,36149700,3643,716460,72,9943
1469,6,0,24,1,36163440,3643,716460,72,9949
1470,7,0,23,2,36198780,3644,716700,71,9956
1471,9,1,25,0,36223860,3644,722340,72,9965
1472,8,0,24,1,36259260,3644,726840,72,9973
1473,6,0,19,6,36297960,3644,726840,72,9979
1474,6,0,19,6,36316260,3644,726840,72,9985
1475,8,0,22,3,36323880,3642,726840,72,9993
1476,7,0,22,3,36357000,3643,726840,72,10000
1477,7,0,21,4,36376980,3642,726840,72,10007
1478,10,1,25,0,36396960,3642,726840,72,10017
1479,2,0,19,6,36425760,3642,727020,72,10019
1480,4,0,21,4,36435240,3642,727020,72,10023
1481,7,0,22,3,36456300,3642,727020,72,10030
1482,8,0,21,4,36488400,3642,727020,72,10038
1483,12,1,25,0,36510900,3642,727020,72,10050
1484,2,0,18,7,36542820,3641,727440,72,10052
1485,3,0,15,10,36566160,3642,727440,72,10055
1486,4,0,17,8,36568080,3641,727440,72,10059
1487,6,0,20,5,36573600,3640,727440,72,10065
1488,3,0,20,5,36588360,3641,727440,72,10068
1489,4,0,18,7,36612540,3641,727440,72,10072
1490,8,0,23,2,36624240,3641,727440,72,10080
1491,5,0,21,4,36653400,3642,727560,72,10085
1492,5,0,21,4,36673620,3642,727560,72,10090
1493,6,0,23,2,36698580,3643,727560,72,10096
1494,7,0,22,3,36727740,3643,727560,72,10103
1495,4,0,18,7,36760020,3643,727560,71,10107
1496,3,0,18,7,36771480,3643,727560,71,10110
1497,3,0,19,6,36776400,3643,727560,71,10113
1498,9,0,22,3,36789720,3642,727560,71,10122
1499,14,4,25,0,36817740,3642,730380,72,10136
1500,10,8,25,0,36839280,3642,737160,72,10146
1501,12,13,25,0,36878280,3644,746700,73,10158
1502,7,14,25,0,36918660,3645,762240,74,10165
1503,9,19,25,0,36944040,3646,766140,75,10174
1504,9,17,25,0,37000680,3648,781620,76,10183
1505,10,17,25,0,37036680,3648,834300,81,10193
1506,5,0,21,4,37085760,3644,1054380,103,10198
1507,7,0,21,4,37099500,3642,1054380,103,10205
1508,5,0,18,7,37127880,3642,1054440,103,10210
1509,10,0,23,2,37146480,3642,1054440,103,10220
1510,5,0,18,7,37176180,3642,1054440,103,10225
1511,4,0,18,7,37188000,3641,1054440,103,10229
1512,4,0,17,8,37199160,3641,1054440,103,10233
1513,5,0,18,7,37209420,3640,1054440,102,10238
1514,7,0,22,3,37214460,3640,1054440,102,10245
1515,2,0,21,4,37225740,3640,1054440,102,10247
1516,4,0,20,5,37248480,3640,1054440,102,10251
1517,6,0,20,5,37275780,3641,1054440,102,10257
1518,5,0,21,4,37291080,3641,1054440,102,10262
1519,6,0,22,3,37305180,3640,1054440,102,10268
1520,8,0,22,3,37335060,3641,1054440,102,10276
1521,8,1,25,0,37339740,3640,1054440,102,10284
1522,8,0,24,1,37379640,3640,1055100,102,10292
1523,7,0,19,6,37410660,3639,1055100,102,10299
1524,9,0,23,2,37426140,3638,1055100,102,10308
1525,10,0,25,0,37447920,3638,1055400,102,10318
1526,9,0,25,0,37477860,3637,1061040,102,10327
1527,11,4,25,0,37509900,3638,1063380,102,10338
1528,4,0,22,3,37547520,3638,1072080,103,10342
1529,8,0,19,6,37586580,3638,1072080,103,10350
1530,7,0,21,4,37594740,3637,1072080,103,10357
1531,3,0,22,3,37605300,3637,1072080,103,10360
1532,5,0,20,5,37634640,3637,1072080,103,10365
1533,4,0,21,4,37655460,3638,1072080,103,10369
1534,3,0,20,5,37669920,3638,1072080,103,10372
1535,2,0,18,7,37701180,3640,1072080,103,10374
1536,4,0,21,4,37703940,3640,1072080,103,10378
1537,2,0,15,10,37741140,3641,1072080,103,10380
1538,7,0,18,7,37745760,3640,1072080,103,10387
1539,7,0,23,2,37748460,3639,1072080,103,10394
1540,5,0,21,4,37779420,3640,1072080,103,10399
1541,10,0,23,2,37796880,3639,1072380,103,10409
1542,8,0,21,4,37833840,3639,1072380,102,10417
1543,5,0,19,6,37856820,3639,1072380,102,10422
1544,6,0,20,5,37876020,3639,1072380,102,10428
1545,6,0,21,4,37887240,3638,1072380,102,10434
1546,7,0,22,3,37903140,3637,1072380,102,10441
1547,9,0,21,4,37943940,3638,1072380,102,10450
1548,10,0,25,0,37957740,3637,1072380,102,10460
1549,7,0,23,2,37989120,3637,1073700,102,10467
1550,8,0,21,4,38022120,3637,1073700,102,10475
1551,11,0,22,3,38048700,3636,1073700,102,10486
1552,8,0,24,1,38070180,3636,1073700,102,10494
1553,6,0,20,5,38104440,3635,1073700,102,10500
1554,4,0,20,5,38119200,3635,1073700,102,10504
1555,7,0,17,8,38138820,3634,1073700,102,10511
1556,12,0,25,0,38146680,3633,1074540,102,10523
1557,4,0,22,3,38176260,3634,1074960,102,10527
1558,3,0,21,4,38196240,3634,1074960,102,10530
1559,6,0,22,3,38227560,3635,1074960,102,10536
1560,8,0,23,2,38243340,3634,1074960,101,10544
1561,5,0,19,6,38280960,3635,1074960,101,10549
1562,2,0,19,6,38287980,3635,1074960,101,10551
1563,5,0,19,6,38304720,3635,1074960,101,10556
1564,4,0,19,6,38319480,3635,1074960,101,10560
1565,12,0,22,3,38336580,3633,1075020,101,10572
1566,12,3,25,0,38354220,3633,1075020,101,10584
1567,5,1,25,0,38385180,3633,1085520,102,10589
1568,3,0,20,5,38421120,3634,1088520,102,10592
1569,3,0,17,8,38443440,3634,1088520,102,10595
1570,7,0,21,4,38452980,3634,1088520,102,10602
1571,13,0,24,1,38473020,3632,1088520,102,10615
1572,4,0,19,6,38501400,3632,1088520,102,10619
1573,8,0,23,2,38521080,3632,1088520,102,10627
1574,9,0,25,0,38539080,3631,1088520,102,10636
1575,13,7,25,0,38559720,3631,1089780,102,10649
1576,13,13,25,0,38598900,3633,1096320,102,10662
1577,11,18,24,1,38641740,3634,1106880,103,10673
1578,7,17,25,0,38671920,3635,1127460,105,10680
1579,7,8,25,0,38712180,3633,1223640,114,10687
1580,7,0,20,5,38757780,3631,1318020,123,10694
1581,10,0,23,2,38773740,3630,1318020,123,10704
1582,4,0,21,4,38800560,3630,1318020,123,10708
1583,4,0,20,5,38827320,3631,1318020,123,10712
1584,2,0,17,8,38843820,3631,1318020,123,10714
1585,3,0,17,8,38856060,3631,1318020,122,10717
1586,3,0,18,7,38862600,3631,1318020,122,10720
1587,6,0,20,5,38875680,3631,1318020,122,10726
1588,4,0,17,8,38892840,3630,1318020,122,10730
1589,1,0,17,8,38894460,3630,1318020,122,10731
1590,5,0,20,5,38898120,3629,1318020,122,10736
1591,10,0,25,0,38909580,3629,1318020,122,10746
1592,8,0,25,0,38943180,3629,1319340,122,10754
1593,5,0,23,2,38967360,3629,1319340,122,10759
1594,8,0,21,4,39001980,3629,1319340,122,10767
1595,6,0,19,6,39032100,3629,1319340,122,10773
1596,9,0,25,0,39039600,3629,1319340,122,10782
1597,10,4,25,0,39057060,3628,1320180,122,10792
1598,4,1,22,3,39106860,3630,1329480,123,10796
1599,6,0,24,1,39129900,3630,1334040,123,10802
1600,6,0,18,7,39176940,3630,1334040,123,10808
1601,8,0,23,2,39182160,3630,1334040,123,10816
1602,8,0,22,3,39212760,3630,1334040,123,10824
1603,3,0,20,5,39235200,3630,1334040,123,10827
1604,8,0,23,2,39257220,3630,1334040,123,10835
1605,5,0,20,5,39285360,3630,1334040,123,10840
1606,6,0,21,4,39297300,3630,1334040,122,10846
1607,6,0,24,1,39314280,3630,1334040,122,10852
1608,5,0,21,4,39354360,3631,1334040,122,10857
1609,3,0,19,6,39381960,3632,1334040,122,10860
1610,4,0,20,5,39395400,3632,1334040,122,10864
1611,6,0,21,4,39417480,3633,1334040,122,10870
1612,5,0,21,4,39439140,3633,1334040,122,10875
1613,13,1,25,0,39458220,3632,1335480,122,10888
1614,5,0,25,0,39482160,3632,1338960,122,10893
1615,12,1,25,0,39528000,3633,1341720,123,10905
1616,2,0,20,5,39558240,3633,1342140,123,10907
1617,3,0,18,7,39583380,3634,1342140,123,10910
1618,6,0,21,4,39597480,3634,1342140,122,10916
1619,11,0,25,0,39613740,3633,1342140,122,10927
1620,16,8,25,0,39641340,3633,1349100,123,10943
1621,3,3,25,0,39683460,3634,1371420,125,10946
1622,10,7,25,0,39708720,3634,1375980,125,10956
1623,6,2,25,0,39744480,3634,1401900,127,10962
1624,14,0,24,1,39791100,3633,1420500,129,10976
1625,11,1,25,0,39811560,3632,1420980,129,10987
1626,12,2,25,0,39845700,3631,1421880,129,10999
1627,8,4,25,0,39872220,3632,1428180,129,11007
1628,7,3,25,0,39899640,3631,1439580,130,11014
1629,5,0,18,7,39955860,3632,1441620,130,11019
1630,10,0,25,0,39965160,3631,1441620,130,11029
1631,6,0,24,1,39995220,3632,1441740,130,11035
1632,4,0,20,5,40028820,3632,1441740,130,11039
1633,1,0,18,7,40044420,3633,1441740,130,11040
1634,4,0,19,6,40065420,3634,1441740,130,11044
1635,5,0,21,4,40075260,3633,1441740,130,11049
1636,2,0,22,3,40082100,3634,1441740,130,11051
1637,4,0,19,6,40115460,3634,1441740,130,11055
1638,2,0,18,7,40139460,3636,1441740,130,11057
1639,8,0,21,4,40150860,3635,1441740,130,11065
1640,6,0,21,4,40176180,3635,1441740,130,11071
1641,10,0,24,1,40201380,3635,1442400,130,11081
1642,11,3,25,0,40224780,3635,1450080,130,11092
1643,8,0,23,2,40271160,3635,1455540,131,11100
1644,10,1,25,0,40290660,3635,1461360,131,11110
1645,5,0,23,2,40321380,3635,1465680,131,11115
1646,8,0,22,3,40356540,3635,1467300,131,11123
1647,12,4,25,0,40374060,3635,1468380,131,11135
1648,5,3,25,0,40407420,3636,1474320,132,11140
1649,10,0,24,1,40466220,3637,1486560,133,11150
1650,11,0,24,1,40490640,3635,1486980,133,11161
1651,7,0,22,3,40525320,3635,1487700,133,11168
1652,4,0,20,5,40555020,3636,1487700,133,11172
1653,8,0,24,1,40562820,3635,1487700,133,11180
1654,7,3,25,0,40577460,3636,1490400,133,11187
1655,5,0,23,2,40634940,3638,1497600,133,11192
1656,2,0,17,8,40660140,3637,1497600,133,11194
1657,4,0,19,6,40679760,3638,1497600,133,11198
1658,5,0,18,7,40697700,3638,1497600,133,11203
1659,4,0,20,5,40703160,3638,1497600,133,11207
1660,4,0,21,4,40713840,3638,1497600,133,11211
1661,6,0,22,3,40740000,3639,1497600,133,11217
1662,6,0,23,2,40758480,3639,1497600,133,11223
1663,6,0,21,4,40781160,3638,1497600,133,11229
1664,8,0,21,4,40813080,3638,1498020,133,11237
1665,14,5,25,0,40825500,3638,1498140,133,11251
1666,5,2,25,0,40869600,3639,1506840,133,11256
1667,5,0,22,3,40904760,3639,1508580,133,11261
1668,8,0,21,4,40935180,3639,1508580,133,11269
1669,14,2,25,0,40959060,3638,1511220,133,11283
1670,9,1,25,0,40996440,3638,1519620,134,11292
1671,6,0,22,3,41036220,3639,1521240,134,11298
1672,6,0,18,7,41065020,3638,1521240,134,11304
1673,11,0,25,0,41070780,3637,1521540,134,11315
1674,9,2,25,0,41097780,3637,1528260,134,11324
1675,4,0,19,6,41141580,3637,1538880,135,11328
1676,7,0,20,5,41167560,3638,1538880,135,11335
1677,6,0,22,3,41185260,3638,1538880,135,11341
1678,6,0,19,6,41209740,3637,1538880,135,11347
1679,2,0,20,5,41215260,3638,1538880,135,11349
1680,3,0,18,7,41236500,3638,1538880,135,11352
1681,1,0,17,8,41251620,3638,1538880,135,11353
1682,5,0,21,4,41256660,3639,1538880,135,11358
1683,2,0,18,7,41275500,3639,1538880,135,11360
1684,3,0,20,5,41283060,3639,1538880,135,11363
1685,2,0,18,7,41306100,3640,1538880,135,11365
1686,10,0,24,1,41317500,3639,1538880,135,11375
1687,7,2,25,0,41331900,3639,1544940,135,11382
1688,4,0,19,6,41382660,3640,1553880,136,11386
1689,3,0,19,6,41398260,3641,1553880,136,11389
1690,12,0,25,0,41414340,3640,1553880,136,11401
1691,4,0,22,3,41431620,3639,1554240,136,11405
1692,8,0,24,1,41467140,3640,1554240,136,11413
1693,9,0,23,2,41498100,3640,1554240,136,11422
1694,9,0,22,3,41540700,3641,1554240,135,11431
1695,4,0,20,5,41553540,3640,1554240,135,11435
1696,5,0,20,5,41579940,3640,1554240,135,11440
1697,9,0,23,2,41599920,3640,1554240,135,11449
1698,4,0,21,4,41621460,3640,1554240,135,11453
1699,7,0,22,3,41638200,3640,1554240,135,11460
1700,2,0,20,5,41655060,3640,1554240,135,11462
1701,9,0,23,2,41681220,3640,1554240,135,11471
1702,6,0,21,4,41709300,3640,1554240,135,11477
1703,10,0,23,2,41724360,3639,1554480,135,11487
1704,4,0,19,6,41756820,3639,1554480,135,11491
1705,2,0,17,8,41783580,3640,1554480,135,11493
1706,1,0,18,7,41783580,3640,1554480,135,11494
1707,4,0,21,4,41791380,3641,1554480,135,11498
1708,14,0,25,0,41813820,3640,1554600,135,11512
1709,3,0,19,6,41839020,3639,1554600,135,11515
1710,6,0,21,4,41859960,3639,1554600,134,11521
1711,2,0,19,6,41874960,3640,1554600,134,11523
1712,10,0,21,4,41896380,3639,1554600,134,11533
1713,9,2,25,0,41907000,3639,1554600,134,11542
1714,7,4,23,2,41941260,3640,1561560,135,11549
1715,8,5,25,0,41971140,3641,1570800,135,11557
1716,6,5,25,0,41997240,3641,1574700,136,11563
1717,8,1,25,0,42046680,3641,1602780,138,11571
1718,6,0,20,5,42085140,3641,1602900,138,11577
1719,12,0,22,3,42117360,3641,1604220,138,11589
1720,8,0,25,0,42131940,3640,1604220,138,11597
1721,11,4,25,0,42153240,3640,1606080,138,11608
1722,7,0,20,5,42208860,3640,1612920,138,11615
1723,6,0,21,4,42220920,3639,1612920,138,11621
1724,10,1,25,0,42235920,3639,1612920,138,11631
1725,8,1,25,0,42269940,3639,1618380,139,11639
1726,5,0,20,5,42309000,3639,1619040,139,11644
1727,7,0,21,4,42333780,3640,1619040,138,11651
1728,4,0,20,5,42357540,3640,1619040,138,11655
1729,9,0,21,4,42377400,3639,1619040,138,11664
1730,2,0,20,5,42395640,3640,1619040,138,11666
1731,5,0,19,6,42408180,3639,1619040,138,11671
1732,3,0,20,5,42421560,3640,1619040,138,11674
1733,5,0,21,4,42447480,3641,1619040,138,11679
1734,5,0,22,3,42459480,3640,1619040,138,11684
1735,7,0,22,3,42492360,3641,1619040,138,11691
1736,2,0,19,6,42506520,3641,1619040,138,11693
1737,4,0,20,5,42530580,3642,1619040,138,11697
1738,5,0,18,7,42547380,3641,1619040,138,11702
1739,7,0,20,5,42559800,3641,1619040,138,11709
1740,5,0,21,4,42569460,3640,1619040,138,11714
1741,8,0,22,3,42600900,3641,1619040,138,11722
1742,6,0,23,2,42611400,3640,1619040,138,11728
1743,8,0,19,6,42658080,3640,1619160,137,11736
1744,5,0,21,4,42671160,3640,1619160,137,11741
1745,6,0,22,3,42690420,3640,1619160,137,11747
1746,7,0,23,2,42716520,3641,1619160,137,11754
1747,8,2,25,0,42727320,3641,1619820,137,11762
1748,10,4,25,0,42782280,3643,1622340,137,11772
1749,3,1,25,0,42810120,3643,1638000,139,11775
1750,5,0,22,3,42853320,3644,1638120,139,11780
1751,2,0,18,7,42879660,3644,1638120,139,11782
1752,3,0,16,9,42900720,3645,1638120,139,11785
1753,1,0,16,9,42901620,3644,1638120,138,11786
1754,2,0,18,7,42901620,3644,1638120,138,11788
1755,4,0,19,6,42908700,3644,1638120,138,11792
1756,8,0,22,3,42921900,3644,1638120,138,11800
1757,5,0,21,4,42937500,3643,1638120,138,11805
1758,1,0,16,9,42969120,3644,1638120,138,11806
1759,3,0,19,6,42969120,3644,1638120,138,11809
1760,5,0,20,5,42986340,3644,1638120,138,11814
1761,7,0,23,2,43001100,3644,1638120,138,11821
1762,8,0,25,0,43025880,3645,1638720,138,11829
1763,9,1,25,0,43055220,3645,1639080,138,11838
1764,10,0,24,1,43089360,3644,1645680,138,11848
1765,8,0,25,0,43118760,3644,1645860,138,11856
1766,11,2,25,0,43153140,3644,1646640,138,11867
1767,14,9,25,0,43184700,3645,1653060,139,11881
1768,14,7,25,0,43228260,3643,1672800,140,11895
1769,9,8,25,0,43253760,3643,1678320,140,11904
1770,9,6,25,0,43309680,3644,1694640,142,11913
1771,5,0,19,6,43340100,3642,1753260,147,11918
1772,7,0,24,1,43353840,3642,1753260,147,11925
1773,9,1,25,0,43375860,3642,1753260,146,11934
1774,6,0,24,1,43416840,3643,1754700,146,11940
1775,4,0,24,1,43437960,3644,1754700,146,11944
1776,3,0,21,4,43470360,3645,1754700,146,11947
1777,4,0,19,6,43494780,3645,1754700,146,11951
1778,2,0,17,8,43502040,3644,1754700,146,11953
1779,3,0,17,8,43522800,3645,1754700,146,11956
1780,7,0,21,4,43532940,3645,1754700,146,11963
1781,3,0,19,6,43546980,3645,1754700,146,11966
1782,5,0,20,5,43559040,3644,1754700,146,11971
1783,7,0,20,5,43575540,3644,1754700,146,11978
1784,6,0,21,4,43590600,3643,1754700,146,11984
1785,8,0,20,5,43619520,3643,1754760,146,11992
1786,6,0,21,4,43638780,3643,1754760,146,11998
1787,9,0,23,2,43660980,3643,1754760,146,12007
1788,6,0,25,0,43682460,3643,1754760,146,12013
1789,9,0,25,0,43708920,3643,1755180,145,12022
1790,9,2,25,0,43740720,3643,1756620,146,12031
1791,6,0,24,1,43780740,3644,1757520,146,12037
1792,6,0,21,4,43815840,3644,1757520,145,12043
1793,3,0,19,6,43832460,3644,1757520,145,12046
1794,9,0,21,4,43855020,3644,1757520,145,12055
1795,6,0,21,4,43872540,3643,1757520,145,12061
1796,6,0,21,4,43902000,3644,1757520,145,12067
1797,6,0,24,1,43909740,3644,1757520,145,12073
1798,0,0,16,9,43951260,3645,1757520,145,12073
1799,5,0,17,8,43963560,3645,1757520,145,12078
1800,0,0,15,10,43973820,3645,1757520,145,12078
1801,2,0,17,8,43973820,3645,1757520,145,12080
1802,2,0,16,9,43979820,3644,1757520,145,12082
1803,3,0,19,6,43979820,3644,1757520,145,12085
1804,3,0,19,6,43993620,3645,1757520,145,12088
1805,2,0,17,8,44004900,3644,1757520,145,12090
1806,5,0,20,5,44008620,3644,1757520,145,12095
1807,1,0,17,8,44034540,3645,1757520,145,12096
1808,7,0,22,3,44039880,3645,1757520,145,12103
1809,2,0,19,6,44060520,3645,1757520,145,12105
1810,6,0,22,3,44076480,3645,1757520,145,12111
1811,8,0,24,1,44094480,3645,1757520,145,12119
1812,7,0,23,2,44122260,3645,1757520,144,12126
1813,9,0,24,1,44144520,3644,1757520,144,12135
1814,4,0,21,4,44161620,3644,1757520,144,12139
1815,7,0,20,5,44204520,3645,1757520,144,12146
1816,12,0,25,0,44221260,3644,1758240,144,12158
1817,9,0,24,1,44245740,3643,1758480,144,12167
1818,4,0,19,6,44274420,3643,1758480,144,12171
1819,7,0,19,6,44298360,3643,1758480,144,12178
1820,2,0,20,5,44301120,3643,1758480,144,12180
1821,9,0,23,2,44327100,3643,1758480,144,12189
1822,2,0,21,4,44340660,3643,1758480,144,12191
1823,7,0,21,4,44374320,3644,1758480,144,12198
1824,2,0,18,7,44394960,3644,1758480,144,12200
1825,2,0,15,10,44411400,3644,1758480,144,12202
1826,5,0,19,6,44412240,3643,1758480,144,12207
1827,6,0,21,4,44417580,3643,1758480,143,12213
1828,6,0,22,3,44440860,3643,1758480,143,12219
1829,9,0,24,1,44464260,3643,1758480,143,12228
1830,4,0,21,4,44484960,3643,1758480,143,12232
1831,10,0,22,3,44507280,3642,1758480,143,12242
1832,4,0,19,6,44537940,3642,1758480,143,12246
1833,8,0,22,3,44546700,3641,1758480,143,12254
1834,4,0,17,8,44578860,3641,1758480,143,12258
1835,8,0,18,7,44596440,3641,1758480,143,12266
1836,8,0,20,5,44609580,3640,1758480,143,12274
1837,5,0,20,5,44623200,3640,1758480,143,12279
1838,6,0,24,1,44633520,3640,1758480,143,12285
1839,12,0,25,0,44667000,3639,1759680,143,12297
1840,7,0,25,0,44687460,3639,1759680,143,12304
1841,9,0,25,0,44721600,3639,1759920,142,12313
1842,11,3,25,0,44762460,3640,1766040,143,12324
1843,8,0,23,2,44802240,3639,1771680,143,12332
1844,2,0,18,7,44827200,3639,1771680,143,12334
1845,8,0,21,4,44844480,3639,1771680,143,12342
1846,9,2,25,0,44858520,3639,1773300,143,12351
1847,3,0,19,6,44901720,3640,1778220,143,12354
1848,5,0,19,6,44922660,3640,1778220,143,12359
1849,2,0,17,8,44940360,3640,1778220,143,12361
1850,5,0,17,8,44955540,3640,1778220,143,12366
1851,6,0,21,4,44958360,3640,1778220,143,12372
1852,5,0,19,6,44978220,3639,1778220,143,12377
1853,7,0,22,3,44988900,3639,1778220,143,12384
1854,9,1,25,0,45016440,3640,1778640,143,12393
1855,5,0,20,5,45057120,3640,1778760,143,12398
1856,9,0,23,2,45076860,3639,1778760,143,12407
1857,4,0,20,5,45099840,3639,1778760,143,12411
1858,13,1,25,0,45125520,3639,1779060,143,12424
1859,10,2,25,0,45152220,3639,1783080,143,12434
1860,7,0,25,0,45182940,3639,1787820,143,12441
1861,12,0,24,1,45228720,3638,1789800,143,12453
1862,13,3,25,0,45250980,3638,1790820,143,12466
1863,5,0,23,2,45285540,3637,1796040,144,12471
1864,11,0,24,1,45312780,3637,1796040,143,12482
1865,10,0,22,3,45353760,3637,1798200,143,12492
1866,7,0,22,3,45374640,3636,1798200,143,12499
1867,3,0,20,5,45398640,3637,1798200,143,12502
1868,4,0,17,8,45421980,3636,1798200,143,12506
1869,5,0,18,7,45425940,3636,1798200,143,12511
1870,7,0,20,5,45446040,3636,1798200,143,12518
1871,4,0,19,6,45461340,3636,1798200,143,12522
1872,6,0,20,5,45478320,3635,1798200,143,12528
1873,5,0,19,6,45498480,3635,1798200,143,12533
1874,7,0,20,5,45510420,3635,1798200,143,12540
1875,5,0,21,4,45521820,3634,1798200,143,12545
1876,5,0,22,3,45531300,3634,1798200,143,12550
1877,9,2,25,0,45552060,3634,1798200,143,12559
1878,5,0,24,1,45582960,3635,1799220,143,12564
1879,8,0,22,3,45626100,3635,1799520,143,12572
1880,6,0,21,4,45652680,3635,1799520,143,12578
1881,12,0,23,2,45671340,3634,1799520,142,12590
1882,6,0,21,4,45697320,3633,1799520,142,12596
1883,8,3,25,0,45698940,3633,1799520,142,12604
1884,14,9,25,0,45750240,3635,1805940,143,12618
1885,11,16,23,2,45782100,3636,1809600,143,12629
1886,8,19,24,1,45805860,3637,1824480,144,12637
1887,4,19,25,0,45829320,3638,1831020,144,12641
1888,4,12,25,0,45885600,3639,1916100,151,12645
1889,7,2,25,0,45929220,3637,2065260,163,12652
1890,7,0,21,4,45951840,3636,2094960,165,12659
1891,6,0,21,4,45978960,3636,2094960,165,12665
1892,6,0,21,4,46005120,3636,2094960,165,12671
1893,3,0,15,10,46031940,3636,2094960,165,12674
1894,7,0,20,5,46033920,3635,2094960,165,12681
1895,2,0,19,6,46039920,3635,2094960,165,12683
1896,4,0,17,8,46063260,3635,2094960,165,12687
1897,2,0,18,7,46068420,3635,2094960,165,12689
1898,7,0,22,3,46079400,3635,2094960,165,12696
1899,2,0,18,7,46097640,3635,2094960,164,12698
1900,8,0,21,4,46120200,3635,2094960,164,12706
1901,7,0,22,3,46141620,3635,2094960,164,12713
1902,5,0,24,1,46149540,3635,2094960,164,12718
1903,8,0,23,2,46182600,3635,2094960,164,12726
1904,6,0,20,5,46209060,3635,2094960,164,12732
1905,7,0,22,3,46226940,3635,2094960,164,12739
1906,10,0,20,5,46262220,3634,2094960,164,12749
1907,8,0,22,3,46275240,3633,2094960,164,12757
1908,10,2,25,0,46295580,3633,2097720,164,12767
1909,8,2,25,0,46324320,3633,2102340,164,12775
1910,11,5,25,0,46363740,3634,2105700,164,12786
1911,13,11,25,0,46395000,3635,2113020,165,12799
1912,8,12,25,0,46435920,3636,2124480,165,12807
1913,5,0,23,2,46489620,3635,2203440,171,12812
1914,9,0,20,5,46514700,3633,2203440,171,12821
1915,3,0,18,7,46525740,3633,2203440,171,12824
1916,8,0,21,4,46543980,3633,2203440,171,12832
1917,4,0,21,4,46556700,3632,2203440,171,12836
1918,4,0,20,5,46579980,3633,2203440,171,12840
1919,4,0,17,8,46598040,3632,2203440,171,12844
1920,3,0,19,6,46605540,3633,2203440,171,12847
1921,3,0,15,10,46627500,3632,2203440,171,12850
1922,2,0,17,8,46627500,3632,2203440,171,12852
1923,2,0,15,10,46634820,3632,2203440,171,12854
1924,7,0,20,5,46636980,3631,2203440,171,12861
1925,4,0,21,4,46653000,3632,2203440,171,12865
1926,9,0,22,3,46676040,3631,2203680,171,12874
1927,6,0,20,5,46703940,3631,2203680,171,12880
1928,6,0,22,3,46715880,3631,2203680,171,12886
1929,10,0,22,3,46751340,3631,2203680,170,12896
1930,7,0,23,2,46759440,3630,2203680,170,12903
1931,10,0,24,1,46787940,3630,2205180,170,12913
1932,10,0,22,3,46819200,3629,2205180,170,12923
1933,13,0,25,0,46849860,3628,2205780,170,12936
1934,9,0,24,1,46874700,3627,2205840,170,12945
1935,7,0,23,2,46899480,3627,2205840,170,12952
1936,9,0,23,2,46936620,3627,2206200,170,12961
1937,10,0,25,0,46964700,3627,2208960,170,12971
1938,4,0,19,6,47000760,3627,2208960,170,12975
1939,9,0,19,6,47019960,3626,2208960,170,12984
1940,5,0,21,4,47028240,3626,2208960,170,12989
1941,5,0,20,5,47051160,3626,2208960,169,12994
1942,10,1,25,0,47059620,3626,2209980,169,13004
1943,5,0,25,0,47090880,3626,2211660,170,13009
1944,5,0,21,4,47131740,3627,2211660,169,13014
1945,6,0,21,4,47152740,3627,2211660,169,13020
1946,4,0,19,6,47184780,3628,2211660,169,13024
1947,3,0,19,6,47199420,3628,2211660,169,13027
1948,6,0,22,3,47211120,3628,2211660,169,13033
1949,3,0,20,5,47226540,3628,2211660,169,13036
1950,4,0,18,7,47264520,3629,2211660,169,13040
1951,7,0,18,7,47279520,3628,2211660,169,13047
1952,5,0,21,4,47286960,3628,2211660,169,13052
1953,9,0,21,4,47310660,3628,2211660,169,13061
1954,6,0,20,5,47338380,3628,2211660,169,13067
1955,7,0,20,5,47358720,3627,2211660,169,13074
1956,10,0,19,6,47383920,3626,2211660,169,13084
1957,7,0,22,3,47392200,3626,2211660,168,13091
1958,7,0,21,4,47409180,3625,2211660,168,13098
1959,16,5,25,0,47436840,3625,2211840,168,13114
1960,8,8,25,0,47459640,3625,2217960,169,13122
1961,9,13,25,0,47484180,3626,2225400,169,13131
1962,7,13,25,0,47527860,3628,2255160,171,13138
1963,8,13,25,0,47572740,3629,2267700,172,13146
1964,8,17,25,0,47594280,3629,2270340,172,13154
1965,7,17,25,0,47645280,3631,2288460,173,13161
1966,4,10,25,0,47688360,3632,2388900,181,13165
1967,9,0,24,1,47732040,3629,2556780,194,13174
1968,8,1,25,0,47747580,3629,2556780,193,13182
1969,3,0,25,0,47761500,3629,2558040,194,13185
1970,1,0,17,8,47815500,3630,2558040,193,13186
1971,2,0,19,6,47815500,3630,2558040,193,13188
1972,4,0,18,7,47842320,3631,2558040,193,13192
1973,6,0,19,6,47855940,3631,2558040,193,13198
1974,9,0,23,2,47870340,3630,2558040,193,13207
1975,4,0,24,1,47878140,3630,2558040,193,13211
1976,5,0,21,4,47900820,3630,2558040,193,13216
1977,9,0,23,2,47933220,3630,2558040,193,13225
1978,9,2,25,0,47958780,3631,2562480,193,13234
1979,10,3,25,0,48004020,3632,2568960,193,13244
1980,8,0,23,2,48032520,3630,2576640,194,13252
1981,8,0,20,5,48073500,3630,2577180,194,13260
1982,7,0,20,5,48101940,3631,2577180,194,13267
1983,8,0,22,3,48116160,3630,2577180,194,13275
1984,15,2,25,0,48140760,3629,2578620,194,13290
1985,9,2,25,0,48178620,3630,2585340,194,13299
1986,5,0,22,3,48209340,3629,2589120,194,13304
1987,8,0,22,3,48247740,3630,2589120,194,13312
1988,4,0,17,8,48271080,3629,2589120,194,13316
1989,5,0,20,5,48272760,3629,2589120,194,13321
1990,6,0,24,1,48283740,3629,2589120,194,13327
1991,2,0,17,8,48324060,3630,2589120,194,13329
1992,5,0,22,3,48324060,3630,2589120,194,13334
1993,5,0,22,3,48351600,3630,2589120,194,13339
1994,4,0,20,5,48366420,3630,2589120,194,13343
1995,6,0,20,5,48385500,3630,2589120,193,13349
1996,5,0,20,5,48403020,3630,2589120,193,13354
1997,7,0,21,4,48418920,3629,2589120,193,13361
1998,11,0,22,3,48445080,3628,2589120,193,13372
1999,6,0,21,4,48465240,3628,2589120,193,13378
2000,6,0,21,4,48482940,3628,2589120,193,13384
2001,6,0,23,2,48505320,3628,2589120,193,13390
2002,7,0,24,1,48519180,3628,2589120,193,13397
2003,10,0,25,0,48563700,3629,2589120,193,13407
2004,8,4,23,2,48587100,3629,2590800,193,13415
2005,7,5,25,0,48606960,3629,2599620,193,13422
2006,7,5,25,0,48634080,3629,2619600,195,13429
2007,6,5,25,0,48677760,3631,2627340,195,13435
2008,9,0,22,3,48733680,3630,2659860,197,13444
2009,12,0,24,1,48768060,3630,2660400,197,13456
2010,5,0,22,3,48789120,3630,2660400,197,13461
2011,6,0,20,5,48815340,3630,2660400,197,13467
2012,6,0,20,5,48835440,3630,2660400,197,13473
2013,4,0,20,5,48854940,3630,2660400,197,13477
2014,7,0,22,3,48870720,3630,2660400,197,13484
2015,4,0,21,4,48892260,3630,2660400,197,13488
2016,6,0,24,1,48903840,3630,2660400,197,13494
2017,4,3,25,0,48903840,3630,2660400,197,13498
2018,2,0,25,0,48912000,3629,2666700,197,13500
2019,7,6,25,0,48914460,3629,2667660,197,13507
2020,5,10,25,0,48918960,3629,2670180,197,13512
2021,5,13,25,0,48928260,3629,2672160,197,13517
2022,7,19,25,0,48934440,3630,2677020,197,13524
2023,6,24,25,0,48942060,3630,2679660,198,13530
2024,5,28,25,0,48947880,3630,2691240,198,13535
2025,12,39,25,0,48956520,3630,2702160,199,13547
2026,9,40,25,0,48956520,3630,2702160,199,13556
2027,6,40,25,0,48972480,3631,2740800,202,13562
2028,7,40,25,0,48975600,3631,2760900,203,13569
2029,6,40,25,0,48987600,3631,2808180,207,13575
2030,10,40,25,0,48991320,3631,2847840,210,13585
2031,12,40,25,0,48997860,3632,2865060,211,13597
2032,7,40,25,0,49010040,3632,2915220,215,13604
2033,1,39,25,0,49016400,3632,2921520,215,13605
2034,9,40,25,0,49023240,3632,2960280,218,13614
2035,5,40,25,0,49028460,3633,2962920,218,13619
2036,6,40,25,0,49034280,3633,3014220,222,13625
2037,4,40,25,0,49038000,3633,3068280,226,13629
2038,5,40,25,0,49052280,3633,3178740,234,13634
2039,2,37,25,0,49062420,3633,3278760,241,13636
2040,4,39,25,0,49065300,3633,3333720,245,13640
2041,5,40,25,0,49074240,3633,3393540,250,13645
2042,8,40,25,0,49077540,3633,3396600,250,13653
2043,7,40,25,0,49083540,3633,3397740,250,13660
2044,2,39,25,0,49097640,3634,3510360,258,13662
2045,4,39,25,0,49105620,3634,3609000,265,13666
2046,4,40,24,1,49107240,3634,3609000,265,13670
2047,1,39,24,1,49114920,3634,3615180,266,13671
2048,13,40,25,0,49116180,3634,3694980,272,13684
2049,3,39,25,0,49128540,3634,3708300,273,13687
2050,4,40,25,0,49128540,3634,3708300,273,13691
2051,7,40,25,0,49136100,3634,3713940,273,13698
2052,13,40,25,0,49145400,3634,3742500,275,13711
2053,6,40,25,0,49152660,3635,3858120,283,13717
2054,6,39,25,0,49164480,3634,4014600,295,13723
2055,8,40,25,0,49167780,3634,4017840,295,13731
2056,9,40,25,0,49167780,3634,4017840,295,13740
2057,3,40,25,0,49181280,3635,4034580,296,13743
2058,12,40,25,0,49184760,3635,4036500,296,13755
2059,6,40,25,0,49191900,3635,4038240,297,13761
2060,5,40,25,0,49206300,3636,4176480,307,13766
2061,4,40,25,0,49212360,3635,4268760,313,13770
2062,9,39,25,0,49222080,3635,4670520,343,13779
2063,9,39,25,0,49228140,3635,4775160,351,13788
2064,6,39,25,0,49234800,3635,4921320,361,13794
2065,3,40,25,0,49242000,3635,4923960,361,13797
2066,2,40,25,0,49245240,3635,5072340,372,13799
2067,5,40,25,0,49255680,3635,5082720,373,13804
2068,4,40,25,0,49258620,3635,5087580,373,13808
2069,14,40,25,0,49270500,3635,5094120,374,13822
2070,6,40,25,0,49272960,3635,5094120,374,13828
2071,6,40,25,0,49279380,3635,5100000,374,13834
2072,10,40,25,0,49289220,3635,5114700,375,13844
2073,5,40,25,0,49292400,3635,5173680,379,13849
2074,12,40,25,0,49306620,3635,5177580,379,13861
2075,9,40,25,0,49306620,3635,5177580,379,13870
2076,5,40,25,0,49320300,3635,5193720,381,13875
2077,6,40,25,0,49322940,3635,5194020,381,13881
2078,8,40,25,0,49332420,3635,5198640,381,13889
2079,10,40,25,0,49332420,3635,5198640,381,13899
2080,7,40,25,0,49348800,3635,5278620,387,13906
2081,8,40,25,0,49353780,3635,5282400,387,13914
2082,10,40,25,0,49362180,3635,5291460,387,13924
2083,6,40,25,0,49364940,3635,5293680,388,13930
2084,8,40,25,0,49370460,3635,5304300,388,13938
2085,5,40,25,0,49384440,3636,5415360,396,13943
2086,3,37,25,0,49394760,3635,5616120,411,13946
2087,10,40,25,0,49395600,3635,5616300,411,13956
2088,4,40,25,0,49406280,3635,5625240,412,13960
2089,2,40,25,0,49406280,3635,5625240,412,13962
2090,5,40,25,0,49413300,3636,5632020,412,13967
2091,1,40,25,0,49413300,3636,5632020,412,13968
2092,5,38,25,0,49438080,3636,5682600,416,13973
2093,4,39,25,0,49443540,3636,5687340,416,13977
2094,5,40,25,0,49450020,3636,5690340,416,13982
2095,7,39,25,0,49458180,3635,5944200,434,13989
2096,7,40,25,0,49462020,3635,5947200,435,13996
2097,9,39,25,0,49473420,3635,5950980,435,14005
2098,9,40,25,0,49476900,3635,5952180,435,14014
2099,13,40,25,0,49481280,3635,6019800,440,14027
2100,8,40,25,0,49493460,3635,6038100,441,14035
2101,5,40,25,0,49493460,3635,6038100,441,14040
2102,13,40,25,0,49500780,3635,6093240,445,14053
2103,16,40,25,0,49513680,3635,6112680,446,14069
2104,6,38,25,0,49524360,3635,6583440,481,14075
2105,8,40,25,0,49526820,3635,6584160,481,14083
2106,6,40,25,0,49526820,3635,6584160,481,14089
2107,4,40,25,0,49534560,3635,6590820,481,14093
2108,8,40,25,0,49545840,3636,6793680,496,14101
2109,4,40,25,0,49545840,3636,6793680,496,14105
2110,7,39,25,0,49564980,3636,6801480,496,14112
2111,4,40,25,0,49570620,3636,6802980,496,14116
2112,4,37,25,0,49583400,3636,6866340,501,14120
2113,1,37,25,0,49586640,3636,6936120,506,14121
2114,7,40,25,0,49593840,3635,7214580,526,14128
2115,1,39,25,0,49600980,3635,7219920,526,14129
2116,4,40,25,0,49600980,3635,7219920,526,14133
2117,5,40,25,0,49608540,3636,7221360,526,14138
2118,3,40,25,0,49618140,3636,7235640,527,14141
2119,7,40,25,0,49625880,3636,7236240,527,14148
2120,5,40,25,0,49638120,3637,7262040,529,14153
2121,0,35,25,0,49643880,3636,7701180,561,14153
2122,8,40,25,0,49650060,3636,7703280,561,14161
2123,11,40,25,0,49650060,3636,7703280,561,14172
2124,10,40,25,0,49662900,3636,7710120,561,14182
2125,10,40,25,0,49667880,3636,7719720,562,14192
2126,12,40,25,0,49674780,3637,7726500,563,14204
2127,13,40,25,0,49689180,3637,7750980,564,14217
2128,11,40,25,0,49692240,3637,7759500,565,14228
2129,6,40,25,0,49701540,3637,7771380,566,14234
2130,7,40,25,0,49708080,3637,7776420,566,14241
2131,8,40,25,0,49711380,3637,7779300,566,14249
2132,9,40,25,0,49723560,3637,7897980,575,14258
2133,4,40,25,0,49729740,3637,7900260,575,14262
2134,5,40,25,0,49729740,3637,7900260,575,14267
2135,4,39,25,0,49745220,3637,8084880,588,14271
2136,6,40,25,0,49750620,3637,8089260,588,14277
2137,2,40,25,0,49753500,3637,8091540,588,14279
2138,6,40,25,0,49760640,3637,8093040,588,14285
2139,6,39,25,0,49776000,3638,8111040,590,14291
2140,2,38,25,0,49781760,3637,8159520,593,14293
2141,7,40,25,0,49786320,3637,8160960,593,14300
2142,2,40,25,0,49791360,3637,8165460,593,14302
2143,7,40,25,0,49799100,3637,8172840,594,14309
2144,10,40,25,0,49810440,3637,8617140,626,14319
2145,11,40,25,0,49810440,3637,8617140,626,14330
2146,4,40,25,0,49815300,3637,8621760,626,14334
2147,8,40,25,0,49827300,3638,8687820,631,14342
2148,9,40,25,0,49836420,3637,8691540,631,14351
2149,11,40,25,0,49845900,3638,8695380,631,14362
2150,11,40,25,0,49849080,3637,8729160,634,14373
2151,13,40,25,0,49849080,3637,8729160,634,14386
2152,8,40,25,0,49865700,3638,8735220,634,14394
2153,5,40,25,0,49873800,3638,8738520,634,14399
2154,6,39,25,0,49884960,3638,8767380,636,14405
2155,15,40,25,0,49885440,3638,8767380,636,14420
2156,5,40,25,0,49891680,3638,8813820,639,14425
2157,5,39,25,0,49901580,3638,8817000,639,14430
2158,2,39,25,0,49908240,3638,9000120,653,14432
2159,3,39,25,0,49920780,3639,9006360,653,14435
2160,0,38,25,0,49927440,3639,9012720,653,14435
2161,0,32,25,0,49934400,3638,10711800,777,14435
2162,2,27,25,0,49942200,3637,13163460,955,14437
2163,1,22,25,0,49946640,3635,15531420,1126,14438
2164,7,27,25,0,49953300,3635,15532260,1126,14445
2165,7,34,25,0,49953300,3635,15532260,1126,14452
2166,5,38,25,0,49959120,3636,15534600,1125,14457
2167,2,39,25,0,49969080,3636,15538620,1125,14459
2168,7,40,25,0,49977840,3636,15548640,1126,14466
2169,8,40,25,0,49990020,3637,15571440,1127,14474
2170,7,40,25,0,49995420,3637,15584940,1128,14481
2171,17,40,25,0,50002800,3637,15595680,1129,14498
2172,8,40,25,0,50002800,3637,15595680,1129,14506
2173,11,40,25,0,50014500,3637,15630180,1131,14517
2174,8,40,25,0,50027640,3638,15665460,1134,14525
2175,12,39,25,0,50033700,3638,15704520,1136,14537
2176,9,40,25,0,50036940,3638,15709740,1136,14546
2177,8,40,25,0,50046300,3638,15724620,1137,14554
2178,10,40,25,0,50056080,3638,15776400,1141,14564
2179,10,40,25,0,50058120,3638,15777840,1141,14574
2180,1,40,25,0,50066040,3638,15785580,1141,14575
2181,9,39,25,0,50078100,3638,15849000,1146,14584
2182,3,39,25,0,50085900,3638,15921300,1151,14587
2183,6,40,25,0,50091300,3637,15953880,1153,14593
2184,8,40,25,0,50091300,3637,15953880,1153,14601
2185,6,40,25,0,50105280,3638,15989880,1155,14607
2186,5,40,25,0,50105280,3638,15989880,1155,14612
2187,5,38,25,0,50120640,3638,16830060,1216,14617
2188,4,37,25,0,50127300,3637,17105160,1235,14621
2189,7,40,25,0,50132640,3637,17109480,1235,14628
2190,9,40,25,0,50138460,3637,17111580,1235,14637
2191,9,40,25,0,50141760,3637,17121180,1236,14646
2192,5,40,25,0,50155920,3637,17138700,1237,14651
2193,6,40,25,0,50162880,3637,17148720,1237,14657
2194,7,40,25,0,50165460,3637,17150640,1237,14664
2195,13,40,25,0,50173800,3637,17158200,1238,14677
2196,10,40,25,0,50184180,3637,17269680,1246,14687
2197,13,40,25,0,50189940,3637,17273340,1246,14700
2198,13,40,25,0,50200140,3637,17330340,1250,14713
2199,9,40,25,0,50204640,3637,17333040,1250,14722
2200,11,39,25,0,50214840,3637,17344200,1250,14733
2201,6,39,25,0,50218800,3636,17362860,1251,14739
2202,8,40,25,0,50226300,3636,17535480,1263,14747
2203,8,40,25,0,50234160,3636,17541120,1264,14755
2204,10,40,25,0,50237400,3636,17544240,1264,14765
2205,7,40,25,0,50241360,3636,17551200,1264,14772
2206,5,40,25,0,50256660,3637,17555160,1264,14777
2207,8,40,25,0,50256660,3637,17555160,1264,14785
2208,4,40,25,0,50270640,3637,17560260,1264,14789
2209,4,39,25,0,50278500,3637,17565000,1264,14793
2210,3,39,25,0,50287320,3637,17668560,1272,14796
2211,5,39,25,0,50291880,3636,18032280,1297,14801
2212,5,40,25,0,50298480,3636,18033900,1297,14806
2213,14,40,25,0,50302920,3636,18036060,1297,14820
2214,8,40,25,0,50312940,3636,18048900,1298,14828
2215,8,40,25,0,50320800,3636,18116880,1303,14836
2216,10,40,25,0,50328060,3636,18231660,1311,14846
2217,7,40,25,0,50333880,3636,18335700,1318,14853
2218,13,40,25,0,50342100,3636,18338040,1318,14866
2219,17,40,25,0,50344500,3636,18340320,1318,14883
2220,9,40,25,0,50353980,3636,18402960,1322,14892
2221,13,40,25,0,50364780,3635,18479580,1327,14905
2222,6,40,25,0,50372940,3635,18483060,1327,14911
2223,11,40,25,0,50379720,3634,18519240,1329,14922
2224,8,38,25,0,50384280,3634,18553620,1332,14930
2225,10,40,25,0,50393160,3634,18569880,1333,14940
2226,7,40,25,0,50399100,3633,18602580,1335,14947
2227,8,39,25,0,50409000,3633,18607920,1335,14955
2228,9,40,25,0,50412120,3633,18613740,1335,14964
2229,5,40,25,0,50415360,3633,18616440,1335,14969
2230,8,38,25,0,50430180,3634,18647340,1337,14977
2231,2,33,25,0,50438340,3632,19955520,1431,14979
2232,7,38,25,0,50442900,3632,19958760,1430,14986
2233,3,40,24,1,50448960,3632,19958760,1430,14989
2234,2,40,25,0,50457840,3633,19973580,1431,14991
2235,5,40,25,0,50457840,3633,19973580,1431,14996
2236,5,40,25,0,50470140,3633,20000700,1433,15001
2237,8,40,25,0,50477640,3633,20022120,1434,15009
2238,2,39,25,0,50485680,3633,20051460,1436,15011
2239,5,40,25,0,50492640,3633,20058600,1436,15016
2240,7,40,25,0,50495940,3633,20061000,1436,15023
2241,7,40,25,0,50502960,3633,20062980,1436,15030
2242,9,40,25,0,50502960,3633,20062980,1436,15039
2243,7,36,25,0,50520960,3633,20152140,1443,15046
2244,10,40,25,0,50527080,3633,20153280,1442,15056
2245,10,40,25,0,50533980,3633,20163240,1443,15066
2246,12,40,25,0,50542860,3633,20170140,1443,15078
2247,8,40,25,0,50549340,3632,20373780,1457,15086
2248,14,40,25,0,50554440,3632,20379000,1457,15100
2249,14,40,24,1,50565360,3632,20386140,1457,15114
2250,8,40,24,1,50565360,3632,20386140,1457,15122
2251,10,40,25,0,50571420,3632,20399700,1458,15132
2252,2,40,25,0,50574720,3632,20403000,1458,15134
2253,5,40,24,1,50577000,3632,20403000,1458,15139
2254,5,40,24,1,50577000,3632,20403000,1458,15144
2255,9,40,25,0,50591340,3633,20424720,1460,15153
2256,6,39,25,0,50597160,3633,20434140,1460,15159
2257,8,40,25,0,50609340,3633,21259140,1519,15167
2258,5,40,25,0,50610360,3632,21259560,1519,15172
2259,4,40,25,0,50619060,3633,21263460,1519,15176
2260,1,36,25,0,50631300,3632,21516780,1537,15177
2261,1,28,25,0,50638440,3630,24665520,1761,15178
2262,4,28,25,0,50641860,3629,25364700,1811,15182
2263,5,31,25,0,50650800,3630,25368060,1811,15187
2264,8,39,25,0,50650800,3630,25368060,1811,15195
2265,4,40,25,0,50663520,3630,25377120,1810,15199
2266,10,40,25,0,50669340,3630,25385220,1810,15209
2267,9,40,25,0,50676900,3630,25395360,1811,15218
2268,11,40,25,0,50676900,3630,25395360,1811,15229
2269,17,40,25,0,50693820,3631,25426020,1813,15246
2270,5,40,25,0,50702100,3631,25443480,1813,15251
2271,13,39,25,0,50710560,3631,25468980,1815,15264
2272,10,40,25,0,50716920,3631,25474740,1815,15274
2273,7,40,25,0,50721720,3631,25513800,1818,15281
2274,9,40,25,0,50725860,3630,25552500,1820,15290
2275,4,39,25,0,50737620,3630,25585860,1822,15294
2276,7,40,24,1,50739780,3630,25588380,1822,15301
2277,5,40,24,1,50739780,3630,25588380,1822,15306
2278,5,40,25,0,50750100,3630,25594800,1822,15311
2279,3,40,25,0,50750100,3630,25594800,1822,15314
2280,5,39,25,0,50767560,3631,25637340,1825,15319
2281,8,40,25,0,50767560,3631,25637340,1825,15327
2282,5,40,25,0,50777700,3631,25702860,1829,15332
2283,4,40,25,0,50782980,3631,25706040,1829,15336
2284,11,40,25,0,50794680,3631,25709040,1829,15347
2285,5,39,25,0,50803140,3631,25730580,1830,15352
2286,8,40,25,0,50803140,3631,25730580,1830,15360
2287,6,40,25,0,50809320,3631,25733340,1830,15366
2288,12,40,25,0,50817960,3631,25742460,1831,15378
2289,11,40,25,0,50830920,3631,25755180,1831,15389
2290,8,40,25,0,50831520,3631,25755180,1831,15397
2291,5,39,25,0,50847600,3631,25909620,1842,15402
2292,14,40,25,0,50851620,3631,25993920,1847,15416
2293,9,40,25,0,50858160,3631,25996500,1847,15425
2294,12,40,25,0,50862720,3631,26007900,1848,15437
2295,6,40,25,0,50875020,3630,26015280,1848,15443
2296,6,40,25,0,50875020,3630,26015280,1848,15449
2297,8,40,25,0,50890020,3631,26029260,1848,15457
2298,7,39,25,0,50896560,3630,26213640,1861,15464
2299,7,40,25,0,50899620,3630,26214480,1861,15471
2300,8,40,25,0,50911020,3630,26225160,1861,15479
2301,2,37,25,0,50919540,3630,26463120,1878,15481
2302,8,40,25,0,50923680,3630,26464620,1877,15489
2303,6,39,25,0,50930160,3630,26471460,1878,15495
2304,3,40,25,0,50930160,3630,26471460,1878,15498
2305,3,40,25,0,50935440,3630,26481720,1878,15501
2306,3,39,25,0,50952540,3631,26485740,1878,15504
2307,6,39,25,0,50956740,3630,26488920,1878,15510
2308,6,40,25,0,50956740,3630,26488920,1878,15516
2309,3,40,25,0,50968260,3631,26494980,1879,15519
2310,8,38,25,0,50981700,3631,26650860,1889,15527
2311,7,40,25,0,50982240,3631,26651340,1889,15534
2312,7,40,25,0,50994900,3631,26661660,1890,15541
2313,11,40,25,0,50997660,3631,26664060,1890,15552
2314,6,38,25,0,51010980,3631,26749800,1896,15558
2315,6,40,25,0,51011760,3631,26750100,1895,15564
2316,7,40,25,0,51014880,3631,26752080,1895,15571
2317,13,40,25,0,51024600,3632,26758980,1896,15584
2318,12,38,25,0,51039660,3631,26988120,1911,15596
2319,5,40,25,0,51040260,3631,26988120,1911,15601
2320,6,39,25,0,51053100,3631,27036060,1914,15607
2321,8,40,25,0,51054060,3631,27036780,1914,15615
2322,12,40,25,0,51061200,3631,27042960,1914,15627
2323,9,40,25,0,51070020,3631,27051780,1915,15636
2324,8,40,25,0,51081300,3631,27058620,1915,15644
2325,7,39,25,0,51085140,3631,27341880,1935,15651
2326,4,40,24,1,51086100,3631,27341880,1935,15655
2327,4,40,25,0,51096840,3631,27453240,1942,15659
2328,2,40,25,0,51096840,3631,27453240,1942,15661
2329,3,40,25,0,51105300,3631,27503040,1945,15664
2330,4,38,25,0,51120780,3631,27551940,1948,15668
2331,3,40,25,0,51121560,3631,27552240,1948,15671
2332,9,39,25,0,51135480,3631,27652200,1955,15680
2333,10,40,25,0,51142200,3631,27657060,1955,15690
2334,4,40,25,0,51142200,3631,27657060,1955,15694
2335,8,40,25,0,51154500,3631,27662280,1954,15702
2336,12,40,25,0,51154500,3631,27662280,1954,15714
2337,7,40,25,0,51166980,3631,27667860,1955,15721
2338,6,40,25,0,51166980,3631,27667860,1955,15727
2339,3,38,25,0,51185640,3631,27694500,1956,15730
2340,10,40,25,0,51191220,3631,27727500,1958,15740
2341,7,40,25,0,51194340,3631,27733020,1958,15747
2342,11,40,25,0,51206640,3631,27781440,1961,15758
2343,4,38,25,0,51214620,3631,27981540,1975,15762
2344,4,38,25,0,51219300,3630,28505760,2011,15766
2345,9,39,25,0,51225840,3630,28509600,2011,15775
2346,7,40,25,0,51227760,3630,28515180,2011,15782
2347,6,40,25,0,51239040,3631,28525680,2012,15788
2348,5,39,25,0,51248520,3631,28538760,2013,15793
2349,4,40,25,0,51251220,3631,28547640,2013,15797
2350,4,40,25,0,51254160,3631,28552680,2013,15801
2351,7,40,25,0,51267600,3631,28557600,2013,15808
2352,4,36,25,0,51280620,3631,28636980,2018,15812
2353,2,36,25,0,51282300,3630,29133900,2053,15814
2354,5,40,25,0,51286380,3630,29133900,2053,15819
2355,5,40,25,0,51299280,3631,29140080,2053,15824
2356,3,40,25,0,51302400,3631,29142360,2053,15827
2357,5,40,25,0,51309960,3631,29155380,2054,15832
2358,5,40,25,0,51309960,3631,29155380,2054,15837
2359,8,40,25,0,51318900,3631,29163840,2054,15845
2360,5,40,25,0,51334200,3631,29185740,2055,15850
2361,4,39,25,0,51340680,3631,29200200,2056,15854
2362,5,40,25,0,51340680,3631,29200200,2056,15859
2363,16,40,25,0,51349500,3632,29202840,2056,15875
2364,10,40,25,0,51362460,3632,29219400,2057,15885
2365,3,39,25,0,51370920,3632,29222400,2057,15888
2366,5,40,25,0,51379800,3632,29223720,2056,15893
2367,6,40,25,0,51382800,3632,29225700,2056,15899
2368,8,39,25,0,51390240,3632,29230620,2057,15907
2369,6,40,25,0,51397020,3632,29642820,2085,15913
2370,10,40,25,0,51404880,3632,29812440,2097,15923
2371,8,40,25,0,51415860,3632,29929860,2105,15931
2372,4,40,25,0,51419340,3632,29931960,2104,15935
2373,4,38,25,0,51431340,3632,29942340,2105,15939
2374,5,40,25,0,51433320,3632,29942880,2105,15944
2375,3,40,25,0,51439320,3632,29946780,2105,15947
2376,5,40,25,0,51445800,3632,29949540,2105,15952
2377,9,40,25,0,51458160,3633,29960520,2105,15961
2378,3,40,25,0,51462480,3632,30168480,2120,15964
2379,2,35,25,0,51474600,3632,30576900,2148,15966
2380,5,35,25,0,51479220,3631,32572800,2288,15971
2381,6,39,25,0,51486540,3631,32578380,2287,15977
2382,4,40,25,0,51486540,3631,32578380,2287,15981
2383,3,40,25,0,51499200,3631,32591460,2288,15984
2384,6,39,25,0,51509580,3632,32605320,2288,15990
2385,11,39,25,0,51516780,3632,32622420,2289,16001
2386,6,39,25,0,51524460,3632,32635260,2290,16007
2387,6,40,25,0,51528480,3632,32646480,2290,16013
2388,11,40,25,0,51536940,3631,32663880,2291,16024
2389,12,39,25,0,51543660,3631,32666940,2291,16036
2390,7,40,25,0,51543660,3631,32666940,2291,16043
2391,7,39,25,0,51560280,3632,32685480,2292,16050
2392,13,40,25,0,51564780,3632,33208320,2328,16063
2393,13,40,25,0,51571980,3631,33270780,2332,16076
2394,5,40,25,0,51577500,3631,33275700,2332,16081
2395,5,39,25,0,51587580,3631,33353760,2337,16086
2396,7,40,25,0,51589440,3631,33357420,2337,16093
2397,4,36,25,0,51604200,3631,33618000,2355,16097
2398,4,32,25,0,51610200,3629,35541480,2489,16101
2399,7,35,25,0,51616080,3628,36887820,2582,16108
2400,4,38,25,0,51621120,3628,36891900,2582,16112
2401,5,40,25,0,51627180,3629,36897660,2582,16117
2402,2,39,25,0,51636000,3629,36906840,2582,16119
2403,4,39,25,0,51644520,3629,36921420,2583,16123
2404,8,40,25,0,51644520,3629,36921420,2583,16131
2405,9,40,25,0,51651720,3630,36934440,2584,16140
2406,7,40,25,0,51666720,3630,36964860,2585,16147
2407,9,40,25,0,51669300,3630,36966420,2585,16156
2408,7,39,25,0,51674340,3630,36971100,2585,16163
2409,1,38,25,0,51686280,3630,37020180,2589,16164
2410,8,40,25,0,51693540,3630,37053780,2591,16172
2411,7,40,25,0,51701580,3630,37060380,2591,16179
2412,2,39,25,0,51707940,3631,37104660,2594,16181
2413,15,40,25,0,51711240,3631,37107780,2594,16196
2414,17,40,25,0,51719460,3631,37108080,2593,16213
2415,16,40,25,0,51724920,3631,37113060,2594,16229
2416,13,40,25,0,51731880,3631,37114860,2593,16242
2417,6,40,25,0,51737760,3631,37173180,2597,16248
2418,9,40,25,0,51749400,3632,37174080,2597,16257
2419,9,40,25,0,51759960,3632,37186560,2597,16266
2420,8,40,25,0,51762300,3632,37188180,2597,16274
2421,5,39,25,0,51769020,3632,37193640,2598,16279
2422,5,40,25,0,51781980,3632,37249440,2601,16284
2423,3,40,25,0,51783120,3632,37250100,2601,16287
2424,0,37,25,0,51796200,3632,37518300,2619,16287
2425,2,35,25,0,51805860,3632,37798320,2638,16289
2426,7,38,25,0,51809400,3631,38205060,2666,16296
2427,6,40,25,0,51813360,3631,38208720,2665,16302
2428,9,40,25,0,51819900,3631,38212620,2666,16311
2429,4,40,25,0,51819900,3631,38212620,2666,16315
2430,12,40,25,0,51837960,3632,38239440,2667,16327
2431,10,40,25,0,51843480,3632,38242680,2667,16337
2432,6,40,25,0,51850380,3632,38262960,2668,16343
2433,5,40,25,0,51856740,3632,38265240,2668,16348
2434,5,39,25,0,51868020,3632,38315160,2671,16353
2435,7,40,25,0,51872880,3632,38353920,2673,16360
2436,12,39,25,0,51878160,3632,38370660,2674,16372
2437,7,40,25,0,51879840,3632,38372280,2674,16379
2438,11,40,25,0,51895740,3632,38375280,2674,16390
2439,11,40,25,0,51895740,3632,38375280,2674,16401
2440,8,40,24,1,51905040,3633,38375280,2674,16409
2441,13,40,24,1,51905040,3633,38375280,2674,16422
2442,4,37,25,0,51919860,3633,38550780,2686,16426
2443,6,40,25,0,51920640,3633,38551500,2685,16432
2444,4,40,25,0,51930660,3633,38557080,2685,16436
2445,5,40,25,0,51941160,3633,38559060,2685,16441
2446,5,39,25,0,51949500,3633,38573580,2686,16446
2447,11,40,25,0,51953940,3633,38575200,2685,16457
2448,1,39,25,0,51959100,3633,38582220,2686,16458
2449,10,39,25,0,51972480,3633,38655240,2690,16468
2450,8,40,25,0,51975720,3633,38658360,2690,16476
2451,5,40,25,0,51985800,3632,38663940,2689,16481
2452,6,40,25,0,51990300,3632,38666340,2689,16487
2453,5,40,25,0,51998040,3632,38667960,2689,16492
2454,6,39,25,0,52006980,3632,38739360,2693,16498
2455,5,40,25,0,52010160,3632,38742060,2693,16503
2456,12,40,25,0,52022460,3631,38791200,2696,16515
2457,4,40,25,0,52025280,3631,38793960,2696,16519
2458,6,40,25,0,52032120,3631,38800200,2696,16525
2459,12,38,25,0,52045620,3631,38925060,2704,16537
2460,6,40,25,0,52046880,3631,38925780,2704,16543
2461,10,40,25,0,52053900,3632,38929320,2704,16553
2462,9,40,25,0,52064400,3631,38961060,2705,16562
2463,10,40,25,0,52066320,3631,38979660,2706,16572
2464,12,40,25,0,52077840,3631,38985480,2706,16584
2465,7,40,25,0,52084740,3631,38987460,2706,16591
2466,5,39,25,0,52094400,3631,39106800,2714,16596
2467,12,40,25,0,52094400,3631,39106800,2714,16608
2468,7,40,25,0,52094400,3631,39106800,2714,16615
2469,8,40,25,0,52115700,3632,39148860,2716,16623
2470,5,40,25,0,52119360,3631,39152520,2715,16628
2471,3,40,25,0,52119360,3631,39152520,2715,16631
2472,3,39,25,0,52134240,3631,39261240,2722,16634
2473,5,40,25,0,52138860,3631,39262920,2722,16639
2474,4,40,25,0,52147740,3631,39265140,2722,16643
2475,3,37,25,0,52159440,3631,39423600,2733,16646
2476,7,40,25,0,52162020,3630,39619080,2745,16653
2477,7,38,25,0,52173420,3630,39630660,2746,16660
2478,5,40,25,0,52176540,3630,39638160,2746,16665
2479,10,40,25,0,52184520,3630,39640500,2745,16675
2480,8,39,25,0,52190160,3631,39645480,2746,16683
2481,5,40,25,0,52196880,3631,39656220,2746,16688
2482,11,38,25,0,52208460,3631,39895020,2762,16699
2483,10,39,25,0,52215780,3630,39899040,2761,16709
2484,9,40,25,0,52215780,3630,39899040,2761,16718
2485,13,40,25,0,52230540,3630,39914580,2762,16731
2486,10,40,24,1,52231440,3630,39914580,2762,16741
2487,8,40,25,0,52237860,3630,39926640,2762,16749
2488,11,40,24,1,52240800,3630,39926640,2762,16760
2489,4,40,24,1,52240800,3630,39926640,2762,16764
2490,5,40,24,1,52240800,3630,39926640,2762,16769
2491,4,40,25,0,52255620,3631,39954660,2764,16773
2492,3,40,25,0,52258140,3631,39957060,2764,16776
2493,4,40,25,0,52267560,3631,39962820,2764,16780
2494,3,40,25,0,52274760,3631,39971040,2764,16783
2495,5,40,25,0,52277880,3631,39973320,2764,16788
2496,4,40,25,0,52285560,3631,39975120,2764,16792
2497,5,40,25,0,52292820,3632,39983880,2764,16797
2498,4,39,25,0,52306320,3632,39988200,2764,16801
2499,7,40,25,0,52310880,3632,39990060,2764,16808
2500,5,40,25,0,52310880,3632,39990060,2764,16813
2501,7,40,25,0,52324980,3633,40011360,2765,16820
2502,6,40,25,0,52328340,3633,40014660,2765,16826
2503,9,40,25,0,52341720,3633,40134240,2773,16835
2504,4,39,25,0,52349820,3633,40288680,2783,16839
2505,5,39,25,0,52355220,3633,40290840,2783,16844
2506,9,40,25,0,52362180,3632,40305420,2783,16853
2507,7,40,25,0,52369200,3632,40311060,2783,16860
2508,7,40,25,0,52372080,3632,40311780,2783,16867
2509,18,40,25,0,52377300,3632,40319580,2783,16885
2510,15,38,25,0,52392960,3632,40432140,2791,16900
2511,11,40,25,0,52397880,3632,40435980,2790,16911
2512,7,40,25,0,52397880,3632,40435980,2790,16918
2513,10,40,25,0,52411560,3632,40448400,2790,16928
2514,6,40,25,0,52421580,3632,40453920,2790,16934
2515,5,40,25,0,52424280,3632,40454040,2790,16939
2516,10,40,25,0,52424280,3632,40454040,2790,16949
2517,6,40,25,0,52441080,3632,40634100,2802,16955
2518,4,40,25,0,52444140,3632,40638060,2802,16959
2519,4,40,25,0,52452360,3632,40642320,2802,16963
2520,4,37,25,0,52464660,3632,40918380,2820,16967
2521,4,38,25,0,52467540,3631,41373180,2851,16971
2522,6,40,25,0,52474980,3631,41373780,2850,16977
2523,5,40,25,0,52474980,3631,41373780,2850,16982
2524,5,40,25,0,52493640,3632,41392320,2851,16987
2525,3,40,25,0,52493640,3632,41392320,2851,16990
2526,10,40,25,0,52493640,3632,41392320,2851,17000
2527,5,40,25,0,52510200,3633,41400540,2851,17005
2528,13,40,25,0,52515540,3633,41424060,2853,17018
2529,9,40,25,0,52525200,3633,41426280,2853,17027
2530,15,40,25,0,52530900,3633,41444580,2854,17042
2531,7,40,25,0,52542120,3633,41467380,2855,17049
2532,10,40,25,0,52548660,3633,41469180,2855,17059
2533,8,40,25,0,52553700,3633,41471820,2854,17067
2534,13,40,25,0,52562160,3633,41475180,2854,17080
2535,10,38,25,0,52573680,3633,41694120,2869,17090
2536,6,39,25,0,52579320,3633,41696520,2868,17096
2537,9,40,25,0,52587000,3633,41699820,2868,17105
2538,7,40,25,0,52592820,3633,41961840,2886,17112
2539,11,40,25,0,52599120,3633,41963280,2885,17123
2540,5,40,25,0,52599120,3633,41963280,2885,17128
2541,8,39,25,0,52616820,3633,41982120,2886,17136
2542,11,40,25,0,52617540,3633,41982780,2886,17147
2543,15,40,25,0,52628160,3633,41988480,2886,17162
2544,6,39,25,0,52635060,3633,41991960,2886,17168
2545,4,39,25,0,52642620,3633,42117180,2894,17172
2546,5,40,25,0,52648560,3633,42118980,2894,17177
2547,2,40,25,0,52657980,3634,42121440,2894,17179
2548,5,40,25,0,52665480,3634,42123720,2893,17184
2549,8,39,25,0,52672680,3634,42154380,2895,17192
2550,5,39,25,0,52681560,3634,42233460,2900,17197
2551,8,40,25,0,52687920,3633,42238260,2900,17205
2552,4,40,25,0,52691340,3633,42241980,2900,17209
2553,6,37,25,0,52703760,3633,42393060,2910,17215
2554,8,39,25,0,52708620,3633,42395820,2909,17223
2555,6,40,25,0,52712280,3633,42396960,2909,17229
2556,11,40,25,0,52715220,3633,42399600,2909,17240
2557,15,40,25,0,52721280,3633,42405360,2909,17255
2558,4,40,25,0,52737360,3634,42406620,2909,17259
2559,6,40,25,0,52737360,3634,42406620,2909,17265
2560,8,40,25,0,52749840,3634,42494280,2914,17273
2561,12,39,25,0,52758600,3634,42499020,2914,17285
2562,5,40,25,0,52761600,3633,42611520,2921,17290
2563,2,38,25,0,52765980,3633,43032960,2950,17292
2564,10,40,25,0,52776540,3633,43036260,2950,17302
2565,6,39,25,0,52785540,3633,43088400,2953,17308
2566,5,40,25,0,52785540,3633,43088400,2953,17313
2567,5,40,25,0,52797420,3633,43099320,2953,17318
2568,5,40,25,0,52803780,3633,43103040,2953,17323
2569,4,40,25,0,52810740,3633,43135800,2954,17327
2570,4,40,25,0,52816500,3633,43138140,2954,17331
2571,6,39,25,0,52827900,3633,43215780,2959,17337
2572,7,40,25,0,52831380,3633,43217400,2959,17344
2573,5,39,25,0,52839000,3633,43224600,2959,17349
2574,6,40,25,0,52845180,3633,43224600,2959,17355
2575,5,40,25,0,52848960,3633,43233960,2959,17360
2576,10,40,25,0,52863840,3634,43242060,2959,17370
2577,6,40,25,0,52866000,3633,43243500,2959,17376
2578,9,40,25,0,52877280,3633,43862940,3001,17385
2579,7,40,25,0,52884960,3633,43955520,3006,17392
2580,8,40,25,0,52884960,3633,43955520,3006,17400
2581,13,40,25,0,52898640,3634,43967880,3007,17413
2582,8,40,25,0,52902300,3634,43971600,3007,17421
2583,11,40,25,0,52913820,3634,43974120,3007,17432
2584,14,40,25,0,52922040,3634,43984980,3007,17446
2585,6,40,25,0,52927920,3634,43993320,3007,17452
2586,10,39,25,0,52936920,3634,43996440,3007,17462
2587,4,40,25,0,52936920,3634,43996440,3007,17466
2588,5,40,25,0,52944840,3634,44010000,3007,17471
2589,4,40,25,0,52956420,3634,44011080,3007,17475
2590,4,39,25,0,52964460,3634,44268540,3024,17479
2591,9,40,25,0,52968720,3634,44270160,3024,17488
2592,5,40,25,0,52968720,3634,44270160,3024,17493
2593,5,40,24,1,52974540,3634,44270160,3024,17498
2594,3,40,25,0,52987680,3635,44293980,3025,17501
2595,13,40,25,0,52987680,3635,44293980,3025,17514
2596,4,40,25,0,52994220,3635,44299620,3025,17518
2597,4,40,25,0,53008620,3635,44301780,3025,17522
2598,4,39,25,0,53016240,3635,44304780,3025,17526
2599,7,40,25,0,53016240,3635,44304780,3025,17533
2600,7,40,25,0,53023260,3635,44468340,3035,17540
2601,9,39,25,0,53033880,3635,44637240,3046,17549
2602,8,40,25,0,53043420,3635,44738580,3052,17557
2603,10,40,25,0,53049000,3635,44744160,3052,17567
2604,7,39,25,0,53061180,3635,44749260,3052,17574
2605,8,40,25,0,53061180,3635,44749260,3052,17582
2606,12,40,25,0,53065860,3635,44757180,3052,17594
2607,5,40,25,0,53079360,3635,44766780,3052,17599
2608,13,40,25,0,53086020,3635,44880060,3059,17612
2609,9,40,25,0,53093280,3635,44882460,3059,17621
2610,11,40,25,0,53099520,3635,44884860,3059,17632
2611,4,40,25,0,53105520,3635,45055380,3070,17636
2612,8,39,25,0,53118540,3634,45232920,3081,17644
2613,8,39,25,0,53122800,3634,45236400,3081,17652
2614,4,40,25,0,53128320,3634,45237420,3081,17656
2615,1,39,25,0,53135040,3634,45246960,3081,17657
2616,2,35,25,0,53147820,3634,46781220,3185,17659
2617,1,30,25,0,53154540,3633,51165000,3483,17660
2618,3,31,25,0,53157660,3632,51165120,3483,17663
2619,5,34,25,0,53168460,3632,51167760,3482,17668
2620,7,40,25,0,53173260,3633,51169800,3480,17675
2621,3,39,25,0,53183700,3633,51187560,3481,17678
2622,5,40,25,0,53183700,3633,51187560,3481,17683
2623,10,40,25,0,53194560,3633,51203940,3482,17693
2624,5,40,25,0,53200080,3633,51218220,3482,17698
2625,9,40,25,0,53207160,3633,51246480,3484,17707
2626,14,40,25,0,53213760,3633,51259740,3484,17721
2627,8,40,25,0,53224020,3633,51271920,3484,17729
2628,8,40,25,0,53226600,3633,51278880,3485,17737
2629,10,40,25,0,53236260,3633,51281580,3484,17747
2630,8,40,25,0,53242440,3633,51286440,3484,17755
2631,12,40,25,0,53252760,3633,51303480,3485,17767
2632,11,40,25,0,53259060,3633,51306480,3485,17778
2633,8,38,25,0,53268480,3633,51439800,3494,17786
2634,9,40,25,0,53270820,3633,51439860,3493,17795
2635,6,40,25,0,53283540,3633,51452280,3493,17801
2636,7,39,25,0,53288940,3633,51463800,3494,17808
2637,1,39,25,0,53295300,3633,51470400,3494,17809
2638,0,35,25,0,53305380,3633,51789600,3515,17809
2639,6,36,25,0,53310360,3632,52156260,3539,17815
2640,5,40,25,0,53315760,3632,52160100,3538,17820
2641,4,40,25,0,53325720,3633,52161360,3538,17824
2642,5,40,25,0,53325720,3633,52161360,3538,17829
2643,7,39,25,0,53342400,3633,52182900,3539,17836
2644,4,40,25,0,53342400,3633,52182900,3539,17840
2645,3,40,25,0,53349180,3633,52185600,3538,17843
2646,2,39,25,0,53355300,3633,52208040,3540,17845
2647,6,40,25,0,53367960,3634,52226100,3540,17851
2648,4,40,25,0,53374260,3634,52231800,3540,17855
2649,9,40,25,0,53378460,3633,52241460,3541,17864
2650,8,40,25,0,53388660,3634,52243260,3540,17872
2651,12,38,25,0,53400420,3633,52256940,3540,17884
2652,5,40,25,0,53401260,3633,52257480,3540,17889
2653,8,40,25,0,53412780,3633,52265040,3540,17897
2654,5,39,25,0,53420100,3633,52349460,3545,17902
2655,6,40,25,0,53424240,3633,52553220,3558,17908
2656,6,40,25,0,53434800,3633,52610880,3561,17914
2657,3,39,25,0,53441520,3632,52620960,3561,17917
2658,13,40,25,0,53446980,3632,52624020,3561,17930
2659,12,40,25,0,53451000,3632,52629420,3561,17942
2660,6,39,25,0,53455020,3631,52639620,3561,17948
2661,7,40,25,0,53467320,3632,52666740,3562,17955
2662,9,40,25,0,53473380,3632,52670100,3562,17964
2663,7,40,25,0,53482080,3632,52679640,3562,17971
2664,9,40,25,0,53489280,3632,52686780,3562,17980
2665,5,40,25,0,53499900,3632,52787640,3569,17985
2666,5,40,25,0,53500620,3632,52788000,3568,17990
2667,5,38,25,0,53515500,3632,52799760,3568,17995
2668,5,40,25,0,53519280,3632,52801020,3568,18000
2669,6,40,25,0,53519280,3632,52801020,3568,18006
2670,2,38,25,0,53533920,3632,53845800,3638,18008
2671,5,39,25,0,53541120,3632,53849400,3637,18013
2672,7,40,25,0,53546040,3632,53849880,3637,18020
2673,5,40,25,0,53551080,3632,53858580,3637,18025
2674,8,40,25,0,53562480,3632,53956680,3643,18033
2675,8,40,25,0,53564520,3632,53958600,3643,18041
2676,12,40,25,0,53574480,3632,54145260,3655,18053
2677,3,40,25,0,53579280,3632,54148380,3655,18056
2678,13,37,25,0,53594520,3632,54269400,3663,18069
2679,8,40,25,0,53598120,3632,54298560,3664,18077
2680,13,40,25,0,53598120,3632,54298560,3664,18090
2681,7,40,25,0,53610300,3632,54310140,3664,18097
2682,5,40,25,0,53614980,3632,54314880,3664,18102
2683,8,39,25,0,53627940,3632,54325260,3664,18110
2684,8,40,25,0,53631960,3632,54481380,3674,18118
2685,5,39,25,0,53644260,3632,54521280,3676,18123
2686,4,36,25,0,53651880,3631,54800880,3694,18127
2687,7,39,25,0,53655120,3631,54803160,3693,18134

