Hour,Arrivals,Waiting,Treating,Available Rooms,Total Treatment Time,Average Treatment Time,Total Wait Time,Average Wait Time,Total Arrivals
1,7,0,4,21,4620,1540,0,0,7
2,4,0,5,20,9780,1630,0,0,11
3,6,0,5,20,23520,1960,0,0,17
4,9,0,7,18,45780,2409,0,0,26
5,4,0,7,18,60780,2642,0,0,30
6,5,0,7,18,83520,2982,0,0,35
7,5,0,7,18,106920,3240,0,0,40
8,7,0,6,19,141240,3444,0,0,47
9,9,0,9,16,154680,3291,0,0,56
10,11,0,11,14,178500,3187,0,0,67
11,7,0,6,19,211800,3114,0,0,74
12,7,0,5,20,248400,3268,0,0,81
13,11,0,11,14,265680,3280,0,0,92
14,12,0,13,12,301440,3312,0,0,104
15,8,0,11,14,336540,3332,0,0,112
16,6,0,3,22,396960,3451,0,0,118
17,15,0,10,15,416760,3388,0,0,133
18,9,0,8,17,440700,3288,0,0,142
19,7,0,6,19,471300,3295,0,0,149
20,6,0,4,21,495600,3282,0,0,155
21,7,0,7,18,506700,3269,0,0,162
22,9,0,6,19,535020,3242,0,0,171
23,5,0,6,19,546900,3217,0,0,176
24,4,0,4,21,572700,3253,0,0,180
25,5,0,7,18,576780,3240,0,0,185
26,7,0,4,21,609540,3242,0,0,192
27,3,0,4,21,618180,3236,0,0,195
28,6,0,7,18,630000,3247,0,0,201
29,6,0,7,18,652500,3262,0,0,207
30,9,0,6,19,691920,3294,0,0,216
31,11,0,13,12,704460,3291,0,0,227
32,7,0,11,14,743040,3332,0,0,234
33,8,0,6,19,795420,3370,0,0,242
34,8,0,8,17,836280,3455,0,0,250
35,6,0,6,19,859140,3436,0,0,256
36,10,0,10,15,878100,3430,0,0,266
37,10,0,9,16,917640,3436,0,0,276
38,7,0,7,18,950700,3444,0,0,283
39,6,0,7,18,970980,3443,0,0,289
40,8,0,9,16,993120,3448,0,0,297
41,11,0,10,15,1022220,3430,0,0,308
42,9,0,11,14,1059060,3460,0,0,317
43,3,0,7,18,1087260,3473,0,0,320
44,5,0,4,21,1122240,3496,0,0,325
45,6,0,7,18,1143360,3528,0,0,331
46,4,0,4,21,1167960,3528,0,0,335
47,5,0,4,21,1181340,3515,0,0,340
48,4,0,2,23,1204620,3522,0,0,344
49,2,0,3,22,1205340,3514,0,0,346
50,2,0,2,23,1214820,3511,0,0,348
51,5,0,5,20,1219260,3503,0,0,353
52,2,0,2,23,1238940,3509,0,0,355
53,8,0,8,17,1247340,3513,0,0,363
54,6,0,8,17,1264380,3502,0,0,369
55,8,0,8,17,1300260,3523,0,0,377
56,5,0,9,16,1315500,3526,0,0,382
57,10,0,4,21,1368900,3528,0,0,392
58,8,0,7,18,1388460,3532,0,0,400
59,12,0,10,15,1409880,3507,0,0,412
60,1,0,6,19,1427760,3508,0,0,413
61,14,0,14,11,1457220,3528,0,0,427
62,8,0,8,17,1501380,3516,0,0,435
63,10,0,9,16,1528920,3506,0,0,445
64,8,0,10,15,1567800,3539,0,0,453
65,12,0,12,13,1596960,3525,0,0,465
66,13,0,13,12,1626960,3498,0,0,478
67,10,0,10,15,1674720,3503,0,0,488
68,8,0,9,16,1709520,3510,0,0,496
69,6,0,6,19,1748160,3524,0,0,502
70,6,0,9,16,1760040,3527,0,0,508
71,3,0,2,23,1799340,3535,0,0,511
72,7,0,6,19,1802880,3521,0,0,518
73,2,0,4,21,1822740,3532,0,0,520
74,7,0,5,20,1846500,3537,0,0,527
75,7,0,6,19,1865940,3533,0,0,534
76,7,0,9,16,1878240,3530,0,0,541
77,6,0,8,17,1904400,3533,0,0,547
78,5,0,7,18,1927320,3536,0,0,552
79,5,0,7,18,1953900,3552,0,0,557
80,6,0,4,21,1976160,3535,0,0,563
81,11,0,7,18,2002080,3531,0,0,574
82,10,0,9,16,2016420,3506,0,0,584
83,11,0,10,15,2046240,3497,0,0,595
84,6,0,11,14,2066940,3503,0,0,601
85,14,0,11,14,2128380,3523,0,0,615
86,8,0,14,11,2142780,3518,0,0,623
87,6,0,7,18,2205600,3545,0,0,629
88,4,0,6,19,2232480,3560,0,0,633
89,5,0,6,19,2253300,3565,0,0,638
90,7,0,7,18,2277000,3568,0,0,645
91,13,0,15,10,2295540,3570,0,0,658
92,8,0,8,17,2350800,3572,0,0,666
93,8,0,9,16,2373480,3569,0,0,674
94,5,0,6,19,2401200,3567,0,0,679
95,4,0,3,22,2433840,3579,0,0,683
96,5,0,2,23,2453580,3576,0,0,688
97,5,0,4,21,2465820,3578,0,0,693
98,9,0,6,19,2480220,3563,0,0,702
99,6,0,7,18,2498220,3563,0,0,708
100,9,0,9,16,2514720,3551,0,0,717
101,5,0,8,17,2543640,3562,0,0,722
102,7,0,8,17,2576580,3573,0,0,729
103,6,0,8,17,2602560,3579,0,0,735
104,9,0,8,17,2630580,3574,0,0,744
105,13,0,12,13,2647200,3553,0,0,757
106,13,0,10,15,2688660,3537,0,0,770
107,11,0,9,16,2737260,3545,0,0,781
108,12,0,14,11,2748600,3528,0,0,793
109,8,0,12,13,2807340,3558,0,0,801
110,8,0,11,14,2846040,3566,0,0,809
111,8,0,11,14,2891820,3587,0,0,817
112,9,0,10,15,2932860,3594,0,0,826
113,6,0,6,19,2972160,3598,0,0,832
114,8,0,10,15,2995800,3609,0,0,840
115,5,0,7,18,3017220,3600,0,0,845
116,8,0,8,17,3050340,3609,0,0,853
117,4,0,8,17,3064380,3609,0,0,857
118,6,0,6,19,3097860,3614,0,0,863
119,7,0,7,18,3116880,3611,0,0,870
120,6,0,9,16,3129900,3610,0,0,876
121,2,0,2,23,3168660,3617,0,0,878
122,5,0,4,21,3185640,3624,0,0,883
123,7,0,6,19,3199620,3619,0,0,890
124,12,0,10,15,3223860,3614,0,0,902
125,6,0,10,15,3248760,3617,0,0,908
126,5,0,9,16,3286440,3635,0,0,913
127,4,0,8,17,3310920,3642,0,0,917
128,10,0,9,16,3350760,3650,0,0,927
129,11,0,12,13,3378540,3648,0,0,938
130,13,0,17,8,3408420,3649,0,0,951
131,12,0,13,12,3471300,3654,0,0,963
132,11,0,13,12,3514020,3656,0,0,974
133,10,0,15,10,3545940,3659,0,0,984
134,12,0,11,14,3612360,3667,0,0,996
135,9,0,7,18,3655380,3662,0,0,1005
136,9,0,8,17,3674400,3652,0,0,1014
137,7,0,8,17,3695760,3648,0,0,1021
138,14,0,13,12,3723720,3643,0,0,1035
139,7,0,11,14,3757320,3644,0,0,1042
140,10,0,9,16,3809340,3652,0,0,1052
141,7,0,11,14,3829740,3654,0,0,1059
142,5,0,8,17,3865500,3660,0,0,1064
143,7,0,8,17,3896220,3665,0,0,1071
144,4,0,6,19,3917880,3664,0,0,1075
145,8,0,10,15,3941640,3673,0,0,1083
146,6,0,4,21,3991680,3678,0,0,1089
147,5,0,6,19,4000560,3676,0,0,1094
148,5,0,7,18,4013340,3675,0,0,1099
149,8,0,9,16,4045680,3684,0,0,1107
150,8,0,8,17,4069920,3676,0,0,1115
151,6,0,6,19,4099260,3676,0,0,1121
152,10,0,9,16,4114980,3667,0,0,1131
153,9,0,10,15,4153200,3675,0,0,1140
154,8,0,9,16,4176840,3667,0,0,1148
155,16,0,14,11,4209960,3660,0,0,1164
156,12,0,16,9,4239960,3655,0,0,1176
157,6,0,10,15,4284000,3655,0,0,1182
158,14,0,13,12,4340220,3668,0,0,1196
159,16,0,14,11,4384020,3659,0,0,1212
160,9,0,11,14,4427940,3659,0,0,1221
161,6,0,8,17,4475640,3671,0,0,1227
162,5,0,3,22,4512660,3671,0,0,1232
163,5,0,5,20,4520280,3669,0,0,1237
164,8,0,7,18,4532820,3661,0,0,1245
165,7,0,7,18,4563720,3665,0,0,1252
166,7,0,5,20,4586160,3657,0,0,1259
167,4,0,5,20,4600680,3657,0,0,1263
168,3,0,3,22,4624800,3661,0,0,1266
169,4,0,3,22,4639320,3661,0,0,1270
170,4,0,4,21,4651080,3662,0,0,1274
171,5,0,5,20,4663620,3660,0,0,1279
172,4,0,5,20,4679520,3661,0,0,1283
173,10,0,7,18,4711080,3663,0,0,1293
174,5,0,7,18,4729560,3663,0,0,1298
175,11,0,8,17,4771680,3667,0,0,1309
176,8,0,10,15,4786860,3662,0,0,1317
177,7,0,8,17,4817640,3660,0,0,1324
178,8,0,8,17,4848660,3662,0,0,1332
179,14,0,19,6,4862160,3664,0,0,1346
180,12,0,16,9,4914240,3661,0,0,1358
181,13,0,15,10,4950420,3650,0,0,1371
182,10,0,16,9,4985700,3652,0,0,1381
183,11,0,9,16,5084880,3676,0,0,1392
184,10,0,10,15,5113680,3673,0,0,1402
185,6,0,7,18,5148780,3675,0,0,1408
186,19,0,14,11,5184780,3669,0,0,1427
187,5,0,6,19,5220120,3660,0,0,1432
188,9,0,9,16,5246580,3663,0,0,1441
189,7,0,11,14,5264520,3663,0,0,1448
190,8,0,7,18,5326620,3676,0,0,1456
191,6,0,6,19,5358360,3680,0,0,1462
192,7,0,8,17,5371200,3676,0,0,1469
193,7,0,6,19,5396820,3671,0,0,1476
194,4,0,3,22,5413020,3664,0,0,1480
195,3,0,3,22,5424900,3665,0,0,1483
196,3,0,3,22,5432400,3663,0,0,1486
197,11,0,10,15,5435580,3655,0,0,1497
198,7,0,8,17,5463720,3652,0,0,1504
199,9,0,8,17,5494320,3650,0,0,1513
200,11,0,11,14,5518740,3647,0,0,1524
201,15,0,11,14,5554800,3635,0,0,1539
202,11,0,8,17,5616360,3642,0,0,1550
203,13,0,9,16,5634840,3626,0,0,1563
204,13,0,13,12,5665140,3624,0,0,1576
205,10,0,12,13,5706360,3625,0,0,1586
206,17,0,17,8,5738940,3618,0,0,1603
207,5,0,8,17,5805900,3628,0,0,1608
208,15,0,12,13,5847420,3629,0,0,1623
209,8,0,12,13,5882160,3633,0,0,1631
210,6,0,6,19,5941200,3642,0,0,1637
211,6,0,8,17,5955960,3642,0,0,1643
212,13,0,12,13,5989260,3643,0,0,1656
213,6,0,7,18,6026040,3641,0,0,1662
214,5,0,5,20,6049260,3639,0,0,1667
215,4,0,4,21,6070740,3641,0,0,1671
216,4,0,2,23,6086040,3637,0,0,1675
217,4,0,3,22,6089820,3633,0,0,1679
218,5,0,6,19,6095820,3632,0,0,1684
219,8,0,3,22,6130440,3629,0,0,1692
220,8,0,6,19,6143220,3626,0,0,1700
221,16,0,11,14,6161100,3613,0,0,1716
222,5,0,6,19,6198420,3614,0,0,1721
223,6,0,5,20,6230700,3618,0,0,1727
224,6,0,4,21,6253320,3616,0,0,1733
225,13,0,12,13,6264000,3612,0,0,1746
226,14,0,14,11,6293820,3604,0,0,1760
227,5,0,8,17,6343740,3610,0,0,1765
228,11,0,11,14,6382680,3616,0,0,1776
229,6,0,10,15,6408240,3616,0,0,1782
230,5,0,8,17,6438900,3619,0,0,1787
231,6,0,5,20,6475800,3621,0,0,1793
232,10,0,5,20,6515580,3623,0,0,1803
233,6,0,8,17,6527220,3624,0,0,1809
234,4,0,6,19,6557640,3629,0,0,1813
235,6,0,7,18,6580380,3631,0,0,1819
236,9,0,8,17,6609360,3631,0,0,1828
237,8,0,10,15,6630600,3631,0,0,1836
238,3,0,6,19,6671760,3639,0,0,1839
239,6,0,3,22,6700860,3637,0,0,1845
240,8,0,8,17,6720420,3642,0,0,1853
241,1,0,4,21,6734340,3640,0,0,1854
242,5,0,3,22,6764400,3644,0,0,1859
243,6,0,6,19,6772740,3643,0,0,1865
244,5,0,9,16,6778200,3642,0,0,1870
245,11,0,11,14,6811800,3642,0,0,1881
246,7,0,7,18,6851220,3642,0,0,1888
247,2,0,6,19,6868740,3645,0,0,1890
248,6,0,6,19,6900180,3650,0,0,1896
249,9,0,5,20,6937440,3651,0,0,1905
250,11,0,10,15,6955260,3649,0,0,1916
251,7,0,6,19,6990840,3646,0,0,1923
252,11,0,10,15,7013640,3645,0,0,1934
253,12,0,14,11,7038060,3642,0,0,1946
254,11,0,16,9,7077600,3646,0,0,1957
255,7,0,10,15,7143000,3655,0,0,1964
256,8,0,8,17,7174440,3652,0,0,1972
257,11,0,10,15,7216260,3657,0,0,1983
258,14,0,14,11,7242000,3652,0,0,1997
259,4,0,3,22,7301820,3654,0,0,2001
260,8,0,7,18,7317480,3655,0,0,2009
261,5,0,8,17,7329060,3653,0,0,2014
262,7,0,10,15,7358160,3658,0,0,2021
263,5,0,6,19,7392240,3659,0,0,2026
264,10,0,8,17,7413000,3655,0,0,2036
265,1,0,5,20,7438020,3660,0,0,2037
266,7,0,4,21,7482120,3667,0,0,2044
267,3,0,5,20,7489140,3667,0,0,2047
268,5,0,4,21,7513980,3668,0,0,2052
269,7,0,8,17,7527360,3670,0,0,2059
270,12,0,8,17,7555200,3662,0,0,2071
271,6,0,8,17,7587300,3667,0,0,2077
272,8,0,7,18,7626720,3670,0,0,2085
273,8,0,7,18,7643280,3664,0,0,2093
274,5,0,5,20,7673700,3666,0,0,2098
275,9,0,8,17,7693680,3665,0,0,2107
276,13,0,12,13,7718760,3661,0,0,2120
277,22,0,20,5,7754220,3654,0,0,2142
278,4,0,7,18,7815240,3653,0,0,2146
279,9,0,6,19,7863060,3658,0,0,2155
280,9,0,7,18,7884540,3655,0,0,2164
281,9,0,9,16,7905420,3653,0,0,2173
282,7,0,11,14,7929000,3655,0,0,2180
283,4,0,6,19,7973820,3661,0,0,2184
284,6,0,4,21,8003880,3661,0,0,2190
285,5,0,4,21,8016420,3658,0,0,2195
286,8,0,7,18,8027400,3655,0,0,2203
287,4,0,5,20,8047260,3654,0,0,2207
288,5,0,3,22,8068260,3652,0,0,2212
289,7,0,5,20,8077080,3648,0,0,2219
290,7,0,10,15,8086500,3649,0,0,2226
291,5,0,7,18,8120940,3651,0,0,2231
292,9,0,5,20,8154420,3648,0,0,2240
293,6,0,8,17,8164620,3648,0,0,2246
294,11,0,14,11,8184660,3648,0,0,2257
295,7,0,7,18,8227680,3645,0,0,2264
296,5,0,5,20,8266380,3651,0,0,2269
297,8,0,5,20,8292660,3649,0,0,2277
298,4,0,5,20,8301360,3647,0,0,2281
299,11,0,7,18,8331060,3645,0,0,2292
300,10,0,8,17,8356980,3642,0,0,2302
301,21,0,19,6,8399820,3645,0,0,2323
302,13,0,16,9,8458620,3645,0,0,2336
303,7,0,10,15,8496360,3641,0,0,2343
304,12,0,14,11,8542860,3649,0,0,2355
305,8,0,11,14,8577180,3646,0,0,2363
306,7,0,6,19,8618940,3645,0,0,2370
307,4,0,6,19,8633580,3645,0,0,2374
308,8,0,7,18,8653140,3643,0,0,2382
309,4,0,5,20,8682240,3646,0,0,2386
310,5,0,4,21,8705220,3646,0,0,2391
311,11,0,11,14,8715360,3645,0,0,2402
312,4,0,6,19,8749020,3645,0,0,2406
313,6,0,6,19,8778900,3648,0,0,2412
314,5,0,7,18,8785860,3645,0,0,2417
315,7,0,8,17,8810160,3646,0,0,2424
316,13,0,10,15,8848200,3645,0,0,2437
317,6,0,6,19,8875080,3641,0,0,2443
318,8,0,5,20,8895000,3636,0,0,2451
319,10,0,10,15,8915580,3637,0,0,2461
320,9,0,9,16,8949900,3636,0,0,2470
321,6,0,7,18,8975580,3635,0,0,2476
322,10,0,11,14,9002520,3637,0,0,2486
323,11,0,11,14,9037320,3635,0,0,2497
324,4,0,8,17,9063240,3635,0,0,2501
325,14,0,11,14,9097800,3633,0,0,2515
326,6,0,5,20,9144840,3634,0,0,2521
327,15,0,11,14,9175380,3633,0,0,2536
328,11,0,9,16,9212040,3629,0,0,2547
329,11,0,12,13,9249960,3633,0,0,2558
330,11,0,8,17,9290100,3627,0,0,2569
331,7,0,7,18,9320880,3628,0,0,2576
332,8,0,7,18,9343320,3625,0,0,2584
333,8,0,5,20,9379740,3625,0,0,2592
334,9,0,7,18,9400200,3623,0,0,2601
335,6,0,9,16,9411840,3622,0,0,2607
336,5,0,7,18,9444660,3625,0,0,2612
337,4,0,6,19,9473160,3629,0,0,2616
338,3,0,5,20,9497820,3633,0,0,2619
339,4,0,6,19,9512160,3634,0,0,2623
340,7,0,8,17,9528480,3634,0,0,2630
341,7,0,7,18,9562320,3635,0,0,2637
342,9,0,7,18,9586380,3632,0,0,2646
343,4,0,3,22,9604920,3628,0,0,2650
344,13,0,10,15,9626940,3628,0,0,2663
345,10,0,12,13,9644160,3624,0,0,2673
346,9,0,12,13,9679500,3625,0,0,2682
347,5,0,4,21,9739680,3630,0,0,2687
348,5,0,3,22,9760620,3629,0,0,2692
349,16,0,11,14,9772080,3623,0,0,2708
350,9,0,10,15,9801900,3620,0,0,2717
351,12,0,15,10,9826200,3620,0,0,2729
352,15,0,16,9,9898500,3628,0,0,2744
353,9,0,10,15,9952680,3628,0,0,2753
354,13,0,14,11,9996960,3632,0,0,2766
355,11,0,11,14,10043760,3631,0,0,2777
356,6,0,8,17,10069680,3628,0,0,2783
357,7,0,6,19,10119300,3634,0,0,2790
358,7,0,8,17,10141620,3636,0,0,2797
359,9,0,10,15,10164000,3635,0,0,2806
360,7,0,9,16,10189260,3633,0,0,2813
361,7,0,5,20,10238040,3636,0,0,2820
362,5,0,1,24,10268220,3636,0,0,2825
363,4,0,3,22,10274520,3635,0,0,2829
364,6,0,7,18,10282020,3635,0,0,2835
365,9,0,7,18,10294740,3628,0,0,2844
366,8,0,5,20,10341960,3632,0,0,2852
367,7,0,9,16,10346640,3630,0,0,2859
368,5,0,6,19,10369500,3628,0,0,2864
369,7,0,7,18,10401300,3631,0,0,2871
370,13,0,13,12,10420260,3629,0,0,2884
371,4,0,9,16,10456320,3631,0,0,2888
372,13,0,14,11,10491960,3634,0,0,2901
373,7,0,11,14,10530420,3634,0,0,2908
374,14,0,10,15,10590300,3636,0,0,2922
375,11,0,12,13,10630620,3639,0,0,2933
376,12,0,13,12,10672080,3639,0,0,2945
377,7,0,12,13,10710060,3642,0,0,2952
378,10,0,14,11,10742940,3644,0,0,2962
379,17,0,17,8,10810200,3649,0,0,2979
380,6,0,10,15,10861380,3650,0,0,2985
381,8,0,9,16,10888920,3649,0,0,2993
382,1,0,1,24,10940220,3655,0,0,2994
383,6,0,2,23,10948800,3652,0,0,3000
384,4,0,3,22,10958160,3651,0,0,3004
385,2,0,3,22,10967400,3652,0,0,3006
386,8,0,6,19,10982400,3651,0,0,3014
387,10,0,10,15,11001540,3650,0,0,3024
388,8,0,8,17,11026440,3646,0,0,3032
389,7,0,11,14,11039880,3645,0,0,3039
390,8,0,8,17,11085060,3647,0,0,3047
391,7,0,7,18,11121360,3649,0,0,3054
392,7,0,5,20,11146800,3647,0,0,3061
393,8,0,9,16,11154180,3645,0,0,3069
394,8,0,8,17,11182620,3643,0,0,3077
395,6,0,7,18,11210700,3644,0,0,3083
396,5,0,8,17,11220960,3643,0,0,3088
397,16,0,10,15,11261880,3639,0,0,3104
398,9,0,10,15,11287980,3637,0,0,3113
399,16,0,16,9,11325300,3638,0,0,3129
400,12,0,14,11,11377560,3638,0,0,3141
401,4,0,7,18,11438640,3645,0,0,3145
402,6,0,9,16,11458980,3647,0,0,3151
403,13,0,10,15,11505180,3647,0,0,3164
404,5,0,7,18,11536560,3648,0,0,3169
405,3,0,4,21,11567520,3651,0,0,3172
406,5,0,4,21,11580300,3649,0,0,3177
407,3,0,5,20,11592420,3651,0,0,3180
408,5,0,7,18,11609520,3653,0,0,3185
409,6,0,9,16,11623800,3652,0,0,3191
410,5,0,7,18,11648520,3652,0,0,3196
411,4,0,5,20,11683320,3656,0,0,3200
412,10,0,11,14,11701020,3657,0,0,3210
413,11,0,13,12,11737020,3658,0,0,3221
414,9,0,9,16,11781480,3657,0,0,3230
415,9,0,5,20,11827080,3657,0,0,3239
416,6,0,5,20,11840940,3654,0,0,3245
417,12,0,7,18,11866560,3651,0,0,3257
418,13,0,15,10,11876160,3648,0,0,3270
419,11,0,12,13,11924400,3647,0,0,3281
420,12,0,14,11,11958360,3646,0,0,3293
421,11,0,12,13,12002340,3645,0,0,3304
422,11,0,12,13,12052860,3649,0,0,3315
423,11,0,10,15,12097560,3648,0,0,3326
424,6,0,5,20,12135360,3647,0,0,3332
425,13,0,10,15,12158040,3645,0,0,3345
426,6,0,8,17,12178800,3643,0,0,3351
427,11,0,9,16,12213540,3642,0,0,3362
428,10,0,7,18,12239040,3637,0,0,3372
429,9,0,4,21,12280500,3636,0,0,3381
430,4,0,3,22,12292860,3634,0,0,3385
431,4,0,2,23,12312540,3635,0,0,3389
432,9,0,5,20,12323280,3631,0,0,3398
433,4,0,6,19,12328200,3630,0,0,3402
434,4,0,7,18,12344700,3631,0,0,3406
435,4,0,9,16,12353400,3632,0,0,3410
436,5,0,4,21,12401820,3635,0,0,3415
437,5,0,5,20,12414420,3635,0,0,3420
438,9,0,9,16,12427440,3633,0,0,3429
439,8,0,13,12,12443280,3634,0,0,3437
440,9,0,8,17,12502260,3636,0,0,3446
441,10,0,9,16,12540720,3638,0,0,3456
442,8,0,7,18,12571620,3636,0,0,3464
443,17,0,16,9,12610740,3639,0,0,3481
444,9,0,12,13,12645180,3635,0,0,3490
445,8,0,10,15,12686040,3637,0,0,3498
446,9,0,9,16,12722760,3637,0,0,3507
447,5,0,7,18,12752100,3638,0,0,3512
448,6,0,8,17,12782700,3641,0,0,3518
449,11,0,9,16,12821460,3642,0,0,3529
450,9,0,8,17,12848520,3639,0,0,3538
451,11,0,5,20,12890700,3637,0,0,3549
452,4,0,3,22,12910260,3636,0,0,3553
453,8,0,5,20,12926940,3635,0,0,3561
454,4,0,6,19,12937380,3635,0,0,3565
455,9,0,10,15,12960000,3636,0,0,3574
456,5,0,7,18,12979560,3633,0,0,3579
457,7,0,6,19,13012620,3634,0,0,3586
458,5,0,5,20,13029960,3633,0,0,3591
459,5,0,5,20,13047000,3633,0,0,3596
460,7,0,7,18,13077000,3636,0,0,3603
461,6,0,5,20,13097760,3634,0,0,3609
462,9,0,7,18,13120800,3633,0,0,3618
463,5,0,6,19,13141980,3633,0,0,3623
464,8,0,6,19,13165440,3631,0,0,3631
465,9,0,10,15,13176300,3629,0,0,3640
466,10,0,9,16,13213200,3629,0,0,3650
467,13,0,12,13,13248720,3628,0,0,3663
468,10,0,8,17,13292580,3626,0,0,3673
469,10,0,10,15,13322280,3627,0,0,3683
470,15,0,15,10,13357740,3626,0,0,3698
471,7,0,12,13,13391160,3626,0,0,3705
472,13,0,14,11,13450620,3631,0,0,3718
473,10,0,10,15,13499160,3630,0,0,3728
474,9,0,7,18,13541820,3630,0,0,3737
475,7,0,7,18,13565100,3629,0,0,3744
476,10,0,10,15,13589040,3629,0,0,3754
477,5,0,9,16,13617420,3631,0,0,3759
478,9,0,7,18,13661460,3632,0,0,3768
479,6,0,6,19,13697520,3635,0,0,3774
480,6,0,8,17,13708680,3634,0,0,3780
481,3,0,1,24,13747320,3634,0,0,3783
482,6,0,4,21,13750860,3632,0,0,3789
483,10,0,11,14,13758660,3632,0,0,3799
484,6,0,11,14,13790520,3634,0,0,3805
485,9,0,8,17,13839060,3636,0,0,3814
486,11,0,10,15,13882200,3638,0,0,3825
487,7,0,8,17,13917360,3639,0,0,3832
488,6,0,6,19,13944960,3639,0,0,3838
489,9,0,8,17,13972200,3639,0,0,3847
490,13,0,13,12,13992600,3637,0,0,3860
491,6,0,7,18,14034540,3636,0,0,3866
492,9,0,10,15,14073840,3641,0,0,3875
493,12,0,12,13,14104080,3639,0,0,3887
494,13,0,14,11,14151960,3641,0,0,3900
495,9,0,9,16,14201700,3641,0,0,3909
496,9,0,9,16,14227020,3639,0,0,3918
497,8,0,8,17,14260080,3639,0,0,3926
498,5,0,8,17,14282880,3640,0,0,3931
499,5,0,4,21,14320980,3642,0,0,3936
500,7,0,5,20,14344260,3642,0,0,3943
501,5,0,7,18,14350440,3641,0,0,3948
502,2,0,3,22,14375760,3642,0,0,3950
503,8,0,5,20,14395800,3641,0,0,3958
504,5,0,2,23,14418000,3639,0,0,3963
505,5,0,4,21,14420400,3637,0,0,3968
506,4,0,4,21,14433660,3637,0,0,3972
507,9,0,7,18,14447100,3635,0,0,3981
508,6,0,8,17,14467380,3635,0,0,3987
509,6,0,7,18,14495340,3636,0,0,3993
510,5,0,4,21,14524080,3636,0,0,3998
511,12,0,8,17,14543280,3634,0,0,4010
512,5,0,7,18,14561460,3633,0,0,4015
513,4,0,8,17,14576100,3634,0,0,4019
514,11,0,10,15,14609340,3634,0,0,4030
515,16,0,15,10,14657640,3636,0,0,4046
516,13,0,18,7,14703480,3638,0,0,4059
517,11,0,12,13,14765760,3638,0,0,4070
518,8,0,8,17,14806200,3637,0,0,4078
519,11,0,6,19,14847060,3636,0,0,4089
520,9,0,9,16,14866320,3635,0,0,4098
521,10,0,10,15,14898360,3635,0,0,4108
522,8,0,11,14,14916960,3633,0,0,4116
523,9,0,8,17,14965320,3635,0,0,4125
524,10,0,9,16,14981100,3630,0,0,4135
525,8,0,8,17,15021960,3632,0,0,4143
526,7,0,6,19,15060420,3634,0,0,4150
527,4,0,4,21,15082680,3634,0,0,4154
528,6,0,7,18,15099360,3635,0,0,4160
529,4,0,6,19,15116220,3635,0,0,4164
530,2,0,5,20,15131880,3636,0,0,4166
531,6,0,5,20,15167520,3639,0,0,4172
532,5,0,4,21,15180480,3637,0,0,4177
533,13,0,11,14,15199500,3637,0,0,4190
534,6,0,7,18,15227160,3635,0,0,4196
535,14,0,10,15,15269880,3635,0,0,4210
536,9,0,6,19,15308400,3633,0,0,4219
537,7,0,8,17,15320700,3632,0,0,4226
538,7,0,8,17,15338760,3630,0,0,4233
539,4,0,8,17,15361320,3632,0,0,4237
540,11,0,12,13,15393240,3633,0,0,4248
541,3,0,8,17,15436320,3638,0,0,4251
542,10,0,6,19,15476520,3637,0,0,4261
543,9,0,9,16,15502560,3638,0,0,4270
544,14,0,16,9,15522660,3636,0,0,4284
545,16,0,13,12,15590280,3636,0,0,4300
546,6,0,6,19,15642480,3637,0,0,4306
547,9,0,8,17,15669240,3638,0,0,4315
548,9,0,7,18,15693420,3635,0,0,4324
549,6,0,8,17,15713640,3635,0,0,4330
550,3,0,6,19,15732720,3635,0,0,4333
551,9,0,10,15,15758940,3637,0,0,4342
552,5,0,5,20,15807420,3640,0,0,4347
553,3,0,5,20,15819900,3640,0,0,4350
554,6,0,8,17,15836940,3642,0,0,4356
555,5,0,9,16,15861420,3644,0,0,4361
556,9,0,12,13,15889260,3645,0,0,4370
557,5,0,8,17,15936900,3649,0,0,4375
558,6,0,4,21,15966480,3647,0,0,4381
559,5,0,7,18,15970980,3647,0,0,4386
560,6,0,7,18,15998640,3648,0,0,4392
561,7,0,8,17,16012620,3646,0,0,4399
562,14,0,14,11,16048020,3648,0,0,4413
563,14,0,14,11,16084560,3644,0,0,4427
564,9,0,10,15,16127940,3643,0,0,4436
565,11,0,10,15,16177680,3646,0,0,4447
566,13,0,15,10,16212240,3647,0,0,4460
567,8,0,15,10,16247040,3648,0,0,4468
568,8,0,11,14,16309920,3652,0,0,4476
569,5,0,6,19,16363620,3656,0,0,4481
570,9,0,8,17,16390140,3656,0,0,4490
571,9,0,6,19,16425420,3655,0,0,4499
572,8,0,8,17,16448880,3656,0,0,4507
573,8,0,6,19,16478880,3654,0,0,4515
574,7,0,8,17,16495740,3654,0,0,4522
575,8,0,7,18,16517400,3651,0,0,4530
576,4,0,8,17,16527480,3651,0,0,4534
577,5,0,6,19,16561740,3653,0,0,4539
578,5,0,6,19,16585980,3654,0,0,4544
579,6,0,6,19,16612380,3655,0,0,4550
580,4,0,3,22,16631700,3654,0,0,4554
581,5,0,3,22,16646940,3653,0,0,4559
582,5,0,5,20,16657320,3653,0,0,4564
583,5,0,7,18,16662660,3652,0,0,4569
584,9,0,11,14,16679040,3652,0,0,4578
585,10,0,11,14,16713300,3651,0,0,4588
586,6,0,7,18,16765440,3654,0,0,4594
587,11,0,14,11,16790400,3657,0,0,4605
588,14,0,14,11,16833900,3655,0,0,4619
589,12,0,13,12,16888380,3657,0,0,4631
590,14,0,13,12,16927080,3654,0,0,4645
591,10,0,11,14,16982520,3656,0,0,4655
592,13,0,10,15,17027340,3655,0,0,4668
593,11,0,9,16,17061840,3653,0,0,4679
594,4,0,8,17,17089440,3655,0,0,4683
595,9,0,11,14,17117400,3656,0,0,4692
596,9,0,11,14,17165280,3659,0,0,4701
597,6,0,7,18,17210040,3661,0,0,4707
598,7,0,6,19,17249220,3663,0,0,4714
599,5,0,5,20,17271420,3663,0,0,4719
600,2,0,3,22,17288820,3664,0,0,4721
601,2,0,2,23,17304600,3665,0,0,4723
602,4,0,2,23,17315940,3664,0,0,4727
603,3,0,1,24,17321160,3662,0,0,4730
604,5,0,4,21,17329080,3662,0,0,4735
605,3,0,3,22,17341860,3662,0,0,4738
606,5,0,5,20,17361060,3664,0,0,4743
607,8,0,9,16,17367720,3662,0,0,4751
608,9,0,10,15,17396520,3662,0,0,4760
609,12,0,11,14,17440980,3663,0,0,4772
610,10,0,10,15,17477280,3662,0,0,4782
611,12,0,11,14,17503380,3659,0,0,4794
612,9,0,8,17,17543100,3658,0,0,4803
613,11,0,12,13,17571060,3659,0,0,4814
614,9,0,12,13,17611800,3660,0,0,4823
615,11,0,11,14,17656560,3660,0,0,4834
616,13,0,11,14,17702940,3660,0,0,4847
617,10,0,11,14,17742600,3661,0,0,4857
618,11,0,10,15,17770140,3657,0,0,4868
619,5,0,5,20,17828220,3662,0,0,4873
620,7,0,7,18,17843340,3661,0,0,4880
621,4,0,3,22,17874960,3662,0,0,4884
622,3,0,5,20,17875800,3661,0,0,4887
623,8,0,6,19,17907000,3662,0,0,4895
624,5,0,6,19,17922840,3662,0,0,4900
625,10,0,8,17,17958540,3663,0,0,4910
626,5,0,8,17,17974560,3663,0,0,4915
627,7,0,4,21,18014220,3662,0,0,4922
628,10,0,8,17,18033480,3662,0,0,4932
629,5,0,7,18,18050040,3661,0,0,4937
630,9,0,8,17,18075240,3660,0,0,4946
631,7,0,7,18,18114240,3662,0,0,4953
632,9,0,9,16,18134580,3661,0,0,4962
633,15,0,14,11,18165120,3660,0,0,4977
634,13,0,17,8,18196080,3658,0,0,4990
635,9,0,9,16,18269640,3661,0,0,4999
636,17,0,16,9,18304500,3660,0,0,5016
637,11,0,18,7,18326520,3658,0,0,5027
638,10,0,10,15,18414000,3663,0,0,5037
639,13,0,14,11,18438120,3661,0,0,5050
640,13,0,8,17,18518160,3663,0,0,5063
641,11,0,9,16,18531720,3658,0,0,5074
642,13,0,13,12,18579900,3661,0,0,5087
643,7,0,11,14,18604140,3660,0,0,5094
644,10,0,7,18,18660900,3661,0,0,5104
645,6,0,6,19,18683400,3660,0,0,5110
646,3,0,4,21,18702780,3660,0,0,5113
647,3,0,3,22,18714420,3660,0,0,5116
648,9,0,7,18,18728640,3659,0,0,5125
649,4,0,4,21,18753240,3659,0,0,5129
650,3,0,2,23,18776160,3660,0,0,5132
651,9,0,7,18,18784560,3658,0,0,5141
652,8,0,10,15,18799380,3658,0,0,5149
653,6,0,9,16,18833040,3659,0,0,5155
654,5,0,4,21,18877140,3661,0,0,5160
655,7,0,7,18,18885240,3659,0,0,5167
656,6,0,2,23,18913200,3657,0,0,5173
657,11,0,10,15,18918420,3656,0,0,5184
658,14,0,11,14,18949680,3653,0,0,5198
659,12,0,12,13,18980940,3651,0,0,5210
660,8,0,9,16,19030500,3653,0,0,5218
661,10,0,11,14,19058700,3653,0,0,5228
662,14,0,15,10,19087200,3651,0,0,5242
663,7,0,8,17,19153020,3654,0,0,5249
664,7,0,4,21,19184640,3652,0,0,5256
665,10,0,8,17,19207980,3653,0,0,5266
666,9,0,9,16,19239960,3653,0,0,5275
667,5,0,2,23,19279680,3652,0,0,5280
668,4,0,3,22,19285860,3651,0,0,5284
669,5,0,5,20,19302780,3653,0,0,5289
670,2,0,3,22,19318320,3653,0,0,5291
671,9,0,7,18,19332300,3652,0,0,5300
672,5,0,1,24,19361520,3650,0,0,5305
673,3,0,0,25,19365300,3648,0,0,5308
674,5,0,3,22,19369200,3647,0,0,5313
675,2,0,2,23,19378140,3647,0,0,5315
676,6,0,5,20,19386000,3646,0,0,5321
677,6,0,6,19,19393920,3644,0,0,5327
678,8,0,10,15,19409880,3645,0,0,5335
679,8,0,10,15,19435260,3644,0,0,5343
680,12,0,14,11,19459200,3643,0,0,5355
681,13,0,10,15,19515480,3642,0,0,5368
682,10,0,11,14,19554660,3643,0,0,5378
683,11,0,12,13,19585440,3642,0,0,5389
684,13,0,14,11,19619460,3641,0,0,5402
685,12,0,12,13,19677660,3642,0,0,5414
686,8,0,11,14,19718880,3644,0,0,5422
687,8,0,7,18,19752840,3642,0,0,5430
688,8,0,8,17,19771440,3641,0,0,5438
689,11,0,7,18,19811400,3640,0,0,5449
690,17,0,14,11,19831500,3637,0,0,5466
691,11,0,14,11,19865040,3636,0,0,5477
692,4,0,8,17,19911060,3638,0,0,5481
693,14,0,11,14,19952820,3638,0,0,5495
694,6,0,8,17,19990440,3639,0,0,5501
695,9,0,9,16,20019660,3639,0,0,5510
696,4,0,5,20,20056500,3640,0,0,5514
697,3,0,6,19,20067960,3641,0,0,5517
698,6,0,4,21,20101200,3642,0,0,5523
699,5,0,7,18,20109420,3642,0,0,5528
700,7,0,7,18,20128260,3641,0,0,5535
701,2,0,2,23,20152020,3640,0,0,5537
702,4,0,4,21,20161260,3641,0,0,5541
703,8,0,4,21,20179020,3639,0,0,5549
704,5,0,5,20,20189100,3638,0,0,5554
705,6,0,3,22,20206140,3636,0,0,5560
706,5,0,4,21,20217720,3635,0,0,5565
707,11,0,10,15,20228760,3634,0,0,5576
708,12,0,15,10,20245140,3632,0,0,5588
709,9,0,12,13,20304000,3635,0,0,5597
710,9,0,13,12,20341920,3637,0,0,5606
711,9,0,11,14,20385540,3637,0,0,5615
712,8,0,9,16,20433540,3639,0,0,5623
713,9,0,9,16,20461260,3638,0,0,5632
714,9,0,12,13,20482320,3638,0,0,5641
715,5,0,6,19,20526060,3639,0,0,5646
716,1,0,2,23,20547780,3639,0,0,5647
717,8,0,6,19,20563320,3640,0,0,5655
718,3,0,5,20,20577000,3640,0,0,5658
719,2,0,4,21,20596020,3641,0,0,5660
720,8,0,5,20,20613180,3639,0,0,5668
721,8,0,5,20,20632740,3638,0,0,5676
722,6,0,4,21,20656800,3638,0,0,5682
723,5,0,5,20,20663160,3636,0,0,5687
724,11,0,8,17,20691840,3636,0,0,5698
725,5,0,9,16,20712840,3637,0,0,5703
726,10,0,11,14,20748780,3638,0,0,5713
727,11,0,13,12,20783700,3639,0,0,5724
728,5,0,4,21,20834580,3639,0,0,5729
729,3,0,5,20,20843520,3639,0,0,5732
730,14,0,10,15,20867220,3637,0,0,5746
731,11,0,11,14,20910000,3639,0,0,5757
732,8,0,12,13,20939760,3639,0,0,5765
733,8,0,11,14,20978640,3640,0,0,5773
734,4,0,5,20,21022800,3642,0,0,5777
735,6,0,6,19,21040380,3642,0,0,5783
736,13,0,13,12,21055980,3641,0,0,5796
737,4,0,8,17,21086400,3640,0,0,5800
738,8,0,7,18,21131040,3642,0,0,5808
739,11,0,11,14,21156120,3642,0,0,5819
740,8,0,11,14,21184980,3642,0,0,5827
741,5,0,9,16,21226800,3645,0,0,5832
742,14,0,13,12,21256500,3644,0,0,5846
743,2,0,5,20,21300600,3645,0,0,5848
744,5,0,1,24,21337920,3646,0,0,5853
745,2,0,2,23,21341040,3646,0,0,5855
746,1,0,2,23,21344640,3646,0,0,5856
747,8,0,6,19,21350640,3644,0,0,5864
748,4,0,5,20,21374340,3645,0,0,5868
749,3,0,4,21,21393600,3646,0,0,5871
750,6,0,5,20,21410580,3646,0,0,5877
751,6,0,6,19,21419340,3644,0,0,5883
752,9,0,6,19,21452880,3644,0,0,5892
753,19,0,12,13,21481740,3641,0,0,5911
754,5,0,9,16,21515760,3642,0,0,5916
755,10,0,7,18,21554040,3641,0,0,5926
756,13,0,11,14,21589920,3642,0,0,5939
757,8,0,12,13,21604680,3640,0,0,5947
758,11,0,15,10,21635400,3640,0,0,5958
759,13,0,14,11,21691860,3641,0,0,5971
760,6,0,7,18,21749760,3643,0,0,5977
761,14,0,13,12,21778680,3643,0,0,5991
762,6,0,10,15,21817740,3644,0,0,5997
763,11,0,7,18,21870720,3644,0,0,6008
764,10,0,12,13,21893400,3645,0,0,6018
765,7,0,12,13,21925620,3646,0,0,6025
766,5,0,5,20,21996360,3650,0,0,6030
767,8,0,10,15,22005720,3650,0,0,6038
768,6,0,4,21,22045320,3649,0,0,6044
769,9,0,7,18,22063980,3649,0,0,6053
770,5,0,5,20,22093380,3649,0,0,6058
771,4,0,1,24,22113060,3648,0,0,6062
772,5,0,3,22,22117320,3647,0,0,6067
773,4,0,3,22,22125600,3646,0,0,6071
774,8,0,8,17,22136940,3646,0,0,6079
775,3,0,6,19,22156020,3646,0,0,6082
776,8,0,11,14,22165860,3646,0,0,6090
777,7,0,5,20,22224720,3648,0,0,6097
778,11,0,12,13,22239780,3648,0,0,6108
779,10,0,12,13,22272960,3647,0,0,6118
780,16,0,18,7,22320900,3649,0,0,6134
781,6,0,13,12,22357920,3649,0,0,6140
782,4,0,5,20,22419480,3651,0,0,6144
783,12,0,8,17,22450500,3651,0,0,6156
784,13,0,9,16,22483740,3649,0,0,6169
785,6,0,8,17,22508400,3649,0,0,6175
786,3,0,5,20,22536780,3650,0,0,6178
787,9,0,8,17,22553160,3649,0,0,6187
788,10,0,11,14,22579260,3650,0,0,6197
789,5,0,9,16,22594260,3648,0,0,6202
790,4,0,4,21,22652280,3652,0,0,6206
791,9,0,6,19,22664760,3650,0,0,6215
792,5,0,8,17,22674900,3650,0,0,6220
793,4,0,3,22,22708320,3650,0,0,6224
794,3,0,2,23,22719540,3649,0,0,6227
795,4,0,4,21,22727220,3649,0,0,6231
796,5,0,5,20,22738860,3649,0,0,6236
797,12,0,8,17,22757880,3647,0,0,6248
798,9,0,12,13,22769220,3645,0,0,6257
799,3,0,7,18,22809900,3647,0,0,6260
800,9,0,7,18,22845120,3648,0,0,6269
801,9,0,11,14,22867080,3648,0,0,6278
802,9,0,10,15,22898940,3648,0,0,6287
803,11,0,10,15,22930020,3646,0,0,6298
804,7,0,5,20,22962360,3644,0,0,6305
805,10,0,10,15,22991820,3646,0,0,6315
806,8,0,7,18,23026800,3645,0,0,6323
807,12,0,11,14,23047320,3644,0,0,6335
808,8,0,9,16,23096340,3646,0,0,6343
809,5,0,5,20,23125980,3645,0,0,6348
810,10,0,10,15,23141280,3645,0,0,6358
811,8,0,12,13,23157120,3644,0,0,6366
812,9,0,11,14,23208360,3646,0,0,6375
813,7,0,9,16,23246160,3647,0,0,6382
814,7,0,7,18,23287800,3648,0,0,6389
815,7,0,7,18,23326260,3651,0,0,6396
816,5,0,7,18,23338200,3650,0,0,6401
817,6,0,7,18,23364360,3650,0,0,6407
818,6,0,6,19,23389200,3650,0,0,6413
819,9,0,11,14,23399880,3649,0,0,6422
820,10,0,11,14,23445960,3651,0,0,6432
821,9,0,7,18,23489640,3650,0,0,6441
822,9,0,9,16,23506200,3649,0,0,6450
823,7,0,7,18,23531100,3648,0,0,6457
824,4,0,6,19,23552220,3648,0,0,6461
825,9,0,10,15,23586900,3651,0,0,6470
826,11,0,13,12,23603580,3649,0,0,6481
827,10,0,13,12,23639700,3649,0,0,6491
828,9,0,10,15,23696400,3651,0,0,6500
829,18,0,14,11,23735280,3649,0,0,6518
830,7,0,7,18,23786700,3649,0,0,6525
831,7,0,5,20,23813760,3648,0,0,6532
832,7,0,7,18,23830320,3648,0,0,6539
833,9,0,9,16,23849400,3647,0,0,6548
834,7,0,6,19,23881740,3646,0,0,6555
835,8,0,7,18,23901120,3645,0,0,6563
836,7,0,7,18,23932020,3646,0,0,6570
837,10,0,11,14,23947500,3645,0,0,6580
838,5,0,7,18,23982480,3645,0,0,6585
839,2,0,1,24,24015360,3646,0,0,6587
840,6,0,4,21,24017760,3645,0,0,6593
841,2,0,2,23,24029160,3644,0,0,6595
842,2,0,3,22,24036120,3645,0,0,6597
843,2,0,3,22,24041460,3644,0,0,6599
844,7,0,7,18,24049860,3644,0,0,6606
845,7,0,9,16,24058560,3643,0,0,6613
846,9,0,12,13,24087060,3644,0,0,6622
847,6,0,8,17,24126120,3644,0,0,6628
848,12,0,9,16,24160440,3643,0,0,6640
849,8,0,7,18,24192780,3642,0,0,6648
850,5,0,7,18,24208200,3642,0,0,6653
851,8,0,6,19,24246180,3643,0,0,6661
852,11,0,10,15,24263100,3642,0,0,6672
853,7,0,7,18,24301260,3642,0,0,6679
854,11,0,10,15,24321180,3640,0,0,6690
855,11,0,13,12,24355500,3641,0,0,6701
856,11,0,13,12,24398340,3642,0,0,6712
857,6,0,9,16,24445380,3643,0,0,6718
858,13,0,17,8,24464820,3643,0,0,6731
859,8,0,12,13,24527280,3646,0,0,6739
860,7,0,12,13,24567480,3648,0,0,6746
861,7,0,8,17,24617760,3649,0,0,6753
862,6,0,6,19,24645240,3649,0,0,6759
863,8,0,9,16,24661800,3649,0,0,6767
864,4,0,7,18,24695520,3651,0,0,6771
865,3,0,2,23,24732120,3652,0,0,6774
866,7,0,7,18,24741060,3652,0,0,6781
867,4,0,3,22,24762720,3651,0,0,6785
868,2,0,3,22,24766620,3650,0,0,6787
869,6,0,6,19,24780180,3651,0,0,6793
870,6,0,6,19,24794640,3650,0,0,6799
871,7,0,7,18,24818760,3650,0,0,6806
872,6,0,7,18,24836460,3649,0,0,6812
873,6,0,7,18,24853320,3648,0,0,6818
874,15,0,11,14,24897900,3649,0,0,6833
875,8,0,13,12,24911820,3648,0,0,6841
876,11,0,11,14,24972480,3650,0,0,6852
877,9,0,8,17,25008900,3649,0,0,6861
878,10,0,11,14,25032180,3649,0,0,6871
879,14,0,13,12,25062840,3647,0,0,6885
880,7,0,8,17,25109400,3647,0,0,6892
881,5,0,10,15,25132440,3649,0,0,6897
882,6,0,9,16,25163520,3650,0,0,6903
883,6,0,11,14,25191780,3652,0,0,6909
884,6,0,11,14,25220400,3653,0,0,6915
885,7,0,8,17,25271640,3655,0,0,6922
886,6,0,5,20,25308360,3655,0,0,6928
887,4,0,6,19,25319220,3655,0,0,6932
888,4,0,3,22,25346520,3655,0,0,6936
889,6,0,2,23,25366860,3655,0,0,6942
890,11,0,9,16,25378860,3654,0,0,6953
891,8,0,8,17,25395540,3652,0,0,6961
892,9,0,8,17,25434960,3653,0,0,6970
893,6,0,7,18,25470360,3654,0,0,6976
894,5,0,6,19,25484640,3653,0,0,6981
895,12,0,10,15,25521360,3654,0,0,6993
896,11,0,14,11,25541160,3653,0,0,7004
897,7,0,5,20,25608900,3655,0,0,7011
898,7,0,7,18,25627740,3655,0,0,7018
899,17,0,14,11,25657440,3654,0,0,7035
900,10,0,11,14,25704060,3654,0,0,7045
901,17,0,13,12,25747500,3652,0,0,7062
902,15,0,13,12,25797060,3651,0,0,7077
903,14,0,12,13,25842360,3650,0,0,7091
904,9,0,10,15,25889100,3651,0,0,7100
905,10,0,10,15,25923960,3651,0,0,7110
906,11,0,8,17,25968540,3650,0,0,7121
907,7,0,8,17,25992660,3650,0,0,7128
908,7,0,7,18,26026140,3651,0,0,7135
909,3,0,6,19,26051220,3652,0,0,7138
910,5,0,6,19,26065980,3652,0,0,7143
911,4,0,4,21,26091420,3652,0,0,7147
912,9,0,10,15,26097960,3652,0,0,7156
913,4,0,5,20,26136060,3652,0,0,7160
914,11,0,12,13,26156700,3653,0,0,7171
915,8,0,13,12,26183520,3653,0,0,7179
916,6,0,8,17,26238240,3655,0,0,7185
917,4,0,7,18,26264760,3657,0,0,7189
918,5,0,7,18,26292060,3658,0,0,7194
919,11,0,12,13,26308500,3657,0,0,7205
920,6,0,8,17,26357820,3659,0,0,7211
921,10,0,6,19,26393640,3658,0,0,7221
922,3,0,7,18,26404260,3658,0,0,7224
923,6,0,4,21,26443800,3659,0,0,7230
924,14,0,15,10,26447760,3658,0,0,7244
925,13,0,17,8,26478180,3657,0,0,7257
926,16,0,18,7,26531460,3656,0,0,7273
927,9,0,14,11,26584380,3657,0,0,7282
928,10,0,9,16,26662980,3660,0,0,7292
929,5,0,4,21,26703060,3661,0,0,7297
930,7,0,6,19,26715720,3660,0,0,7304
931,8,0,9,16,26729340,3660,0,0,7312
932,11,0,11,14,26766660,3660,0,0,7323
933,11,0,10,15,26801700,3659,0,0,7334
934,11,0,14,11,26840880,3661,0,0,7345
935,8,0,9,16,26902140,3663,0,0,7353
936,6,0,7,18,26934120,3663,0,0,7359
937,3,0,5,20,26956260,3664,0,0,7362
938,3,0,3,22,26984640,3665,0,0,7365
939,4,0,5,20,26994300,3665,0,0,7369
940,6,0,8,17,27006360,3665,0,0,7375
941,7,0,11,14,27023340,3666,0,0,7382
942,9,0,12,13,27050040,3665,0,0,7391
943,8,0,8,17,27099060,3666,0,0,7399
944,9,0,6,19,27130740,3665,0,0,7408
945,11,0,15,10,27149100,3666,0,0,7419
946,13,0,14,11,27194280,3665,0,0,7432
947,15,0,13,12,27250080,3665,0,0,7447
948,9,0,13,12,27285060,3665,0,0,7456
949,7,0,7,18,27345780,3667,0,0,7463
950,12,0,11,14,27379860,3668,0,0,7475
951,9,0,14,11,27395160,3667,0,0,7484
952,9,0,9,16,27453060,3668,0,0,7493
953,12,0,15,10,27483300,3669,0,0,7505
954,13,0,13,12,27553260,3671,0,0,7518
955,7,0,9,16,27590160,3670,0,0,7525
956,10,0,7,18,27638220,3671,0,0,7535
957,8,0,8,17,27658920,3670,0,0,7543
958,5,0,7,18,27684540,3671,0,0,7548
959,6,0,6,19,27716280,3672,0,0,7554
960,4,0,5,20,27732060,3671,0,0,7558
961,1,0,2,23,27749820,3672,0,0,7559
962,3,0,2,23,27763560,3672,0,0,7562
963,8,0,4,21,27777300,3671,0,0,7570
964,6,0,5,20,27791520,3670,0,0,7576
965,9,0,7,18,27812100,3670,0,0,7585
966,6,0,5,20,27831960,3668,0,0,7591
967,7,0,6,19,27853440,3668,0,0,7598
968,10,0,6,19,27885960,3668,0,0,7608
969,5,0,8,17,27890160,3667,0,0,7613
970,11,0,9,16,27926820,3667,0,0,7624
971,7,0,10,15,27948480,3667,0,0,7631
972,8,0,10,15,27988080,3668,0,0,7639
973,8,0,10,15,28018320,3668,0,0,7647
974,9,0,8,17,28060260,3668,0,0,7656
975,11,0,9,16,28097940,3669,0,0,7667
976,7,0,9,16,28131360,3670,0,0,7674
977,9,0,9,16,28153560,3668,0,0,7683
978,11,0,11,14,28196160,3669,0,0,7694
979,6,0,8,17,28223940,3669,0,0,7700
980,10,0,9,16,28265700,3670,0,0,7710
981,4,0,8,17,28287840,3670,0,0,7714
982,9,0,11,14,28314300,3671,0,0,7723
983,7,0,8,17,28357560,3672,0,0,7730
984,7,0,8,17,28372080,3670,0,0,7737
985,7,0,10,15,28395840,3671,0,0,7744
986,4,0,5,20,28427520,3671,0,0,7748
987,3,0,3,22,28451220,3672,0,0,7751
988,6,0,6,19,28456920,3671,0,0,7757
989,3,0,2,23,28481100,3671,0,0,7760
990,6,0,6,19,28493340,3671,0,0,7766
991,9,0,9,16,28503840,3670,0,0,7775
992,5,0,6,19,28537920,3670,0,0,7780
993,17,0,11,14,28561740,3668,0,0,7797
994,10,0,9,16,28596360,3667,0,0,7807
995,11,0,10,15,28627380,3666,0,0,7818
996,5,0,6,19,28668900,3667,0,0,7823
997,8,0,8,17,28701960,3668,0,0,7831
998,10,0,8,17,28732020,3668,0,0,7841
999,12,0,9,16,28782120,3669,0,0,7853
1000,11,0,10,15,28807980,3667,0,0,7864
1001,9,0,9,16,28843200,3667,0,0,7873
1002,10,0,11,14,28874460,3667,0,0,7883
1003,7,0,9,16,28909920,3668,0,0,7890
1004,11,0,8,17,28945800,3667,0,0,7901
1005,6,0,7,18,28962720,3666,0,0,7907
1006,7,0,6,19,29009880,3668,0,0,7914
1007,3,0,3,22,29025600,3667,0,0,7917
1008,7,0,6,19,29040660,3667,0,0,7924
1009,6,0,9,16,29054640,3668,0,0,7930
1010,8,0,10,15,29080020,3668,0,0,7938
1011,7,0,5,20,29131380,3668,0,0,7945
1012,4,0,5,20,29144700,3668,0,0,7949
1013,7,0,5,20,29168940,3668,0,0,7956
1014,6,0,7,18,29179740,3668,0,0,7962
1015,10,0,8,17,29205660,3667,0,0,7972
1016,10,0,9,16,29231040,3666,0,0,7982
1017,7,0,8,17,29253960,3665,0,0,7989
1018,16,0,15,10,29291040,3665,0,0,8005
1019,9,0,10,15,29320620,3663,0,0,8014
1020,9,0,6,19,29376660,3664,0,0,8023
1021,18,0,12,13,29401800,3661,0,0,8041
1022,14,0,15,10,29432340,3660,0,0,8055
1023,11,0,17,8,29468400,3661,0,0,8066
1024,7,0,9,16,29537160,3662,0,0,8073
1025,7,0,10,15,29563800,3663,0,0,8080
1026,12,0,12,13,29616240,3665,0,0,8092
1027,9,0,9,16,29659800,3665,0,0,8101
1028,7,0,8,17,29684820,3664,0,0,8108
1029,7,0,7,18,29726700,3666,0,0,8115
1030,8,0,8,17,29749680,3666,0,0,8123
1031,4,0,5,20,29780760,3666,0,0,8127
1032,3,0,5,20,29790480,3666,0,0,8130
1033,6,0,3,22,29819820,3666,0,0,8136
1034,4,0,5,20,29821320,3665,0,0,8140
1035,11,0,11,14,29843100,3666,0,0,8151
1036,6,0,8,17,29862000,3664,0,0,8157
1037,5,0,6,19,29893740,3665,0,0,8162
1038,7,0,7,18,29913720,3664,0,0,8169
1039,5,0,8,17,29930160,3665,0,0,8174
1040,8,0,10,15,29959860,3666,0,0,8182
1041,8,0,8,17,29995440,3666,0,0,8190
1042,6,0,9,16,30011160,3665,0,0,8196
1043,4,0,6,19,30047580,3667,0,0,8200
1044,19,0,17,8,30071880,3666,0,0,8219
1045,14,0,14,11,30120180,3664,0,0,8233
1046,19,0,16,9,30165360,3662,0,0,8252
1047,7,0,11,14,30221760,3664,0,0,8259
1048,7,0,9,16,30252240,3663,0,0,8266
1049,7,0,9,16,30288120,3665,0,0,8273
1050,14,0,10,15,30341820,3665,0,0,8287
1051,5,0,7,18,30366960,3665,0,0,8292
1052,6,0,7,18,30390720,3665,0,0,8298
1053,2,0,3,22,30425760,3667,0,0,8300
1054,10,0,7,18,30445560,3666,0,0,8310
1055,9,0,9,16,30465600,3666,0,0,8319
1056,4,0,4,21,30496560,3665,0,0,8323
1057,3,0,2,23,30516900,3666,0,0,8326
1058,1,0,1,24,30527820,3666,0,0,8327
1059,5,0,4,21,30534120,3666,0,0,8332
1060,6,0,5,20,30544320,3665,0,0,8338
1061,5,0,3,22,30565500,3664,0,0,8343
1062,6,0,6,19,30577500,3665,0,0,8349
1063,9,0,7,18,30601140,3664,0,0,8358
1064,14,0,16,9,30618420,3664,0,0,8372
1065,13,0,16,9,30662100,3663,0,0,8385
1066,12,0,10,15,30735000,3664,0,0,8397
1067,11,0,15,10,30758160,3664,0,0,8408
1068,6,0,12,13,30794880,3665,0,0,8414
1069,11,0,11,14,30859620,3667,0,0,8425
1070,13,0,12,13,30897780,3666,0,0,8438
1071,14,0,17,8,30943380,3668,0,0,8452
1072,9,0,11,14,30996120,3668,0,0,8461
1073,6,0,11,14,31031460,3669,0,0,8467
1074,7,0,8,17,31084920,3671,0,0,8474
1075,11,0,8,17,31114680,3670,0,0,8485
1076,5,0,6,19,31135020,3669,0,0,8490
1077,3,0,5,20,31153080,3670,0,0,8493
1078,8,0,9,16,31175280,3671,0,0,8501
1079,6,0,5,20,31204680,3670,0,0,8507
1080,7,0,10,15,31209300,3669,0,0,8514
1081,3,0,6,19,31249200,3671,0,0,8517
1082,1,0,1,24,31286760,3673,0,0,8518
1083,6,0,6,19,31290000,3673,0,0,8524
1084,9,0,10,15,31296240,3671,0,0,8533
1085,7,0,6,19,31334820,3671,0,0,8540
1086,9,0,8,17,31355640,3671,0,0,8549
1087,6,0,9,16,31375980,3671,0,0,8555
1088,14,0,10,15,31426140,3671,0,0,8569
1089,7,0,9,16,31448520,3670,0,0,8576
1090,8,0,8,17,31493520,3672,0,0,8584
1091,8,0,7,18,31516440,3671,0,0,8592
1092,18,0,13,12,31544940,3669,0,0,8610
1093,14,0,11,14,31586460,3667,0,0,8624
1094,11,0,13,12,31632240,3668,0,0,8635
1095,5,0,8,17,31669020,3668,0,0,8640
1096,6,0,7,18,31710000,3670,0,0,8646
1097,9,0,7,18,31736460,3669,0,0,8655
1098,8,0,5,20,31760700,3668,0,0,8663
1099,9,0,8,17,31769820,3666,0,0,8672
1100,1,0,2,23,31802340,3667,0,0,8673
1101,3,0,2,23,31815900,3667,0,0,8676
1102,8,0,9,16,31816800,3667,0,0,8684
1103,6,0,5,20,31843980,3666,0,0,8690
1104,6,0,9,16,31857480,3667,0,0,8696
1105,9,0,8,17,31892280,3667,0,0,8705
1106,7,0,8,17,31909860,3666,0,0,8712
1107,8,0,9,16,31932480,3665,0,0,8720
1108,8,0,6,19,31974240,3665,0,0,8728
1109,7,0,8,17,31987740,3665,0,0,8735
1110,4,0,6,19,32011020,3665,0,0,8739
1111,15,0,13,12,32040180,3665,0,0,8754
1112,13,0,13,12,32067300,3663,0,0,8767
1113,11,0,11,14,32121180,3663,0,0,8778
1114,4,0,4,21,32168220,3664,0,0,8782
1115,6,0,3,22,32187780,3663,0,0,8788
1116,14,0,10,15,32202180,3662,0,0,8802
1117,16,0,19,6,32219880,3661,0,0,8818
1118,14,0,17,8,32269380,3660,0,0,8832
1119,12,0,12,13,32350080,3662,0,0,8844
1120,9,0,12,13,32390100,3663,0,0,8853
1121,9,0,11,14,32434860,3664,0,0,8862
1122,7,0,7,18,32477580,3664,0,0,8869
1123,6,0,7,18,32510400,3666,0,0,8875
1124,5,0,6,19,32530500,3665,0,0,8880
1125,8,0,11,14,32541900,3665,0,0,8888
1126,5,0,5,20,32591700,3666,0,0,8893
1127,4,0,3,22,32617920,3667,0,0,8897
1128,11,0,4,21,32638920,3665,0,0,8908
1129,4,0,3,22,32652600,3665,0,0,8912
1130,7,0,7,18,32660880,3664,0,0,8919
1131,7,0,5,20,32693460,3664,0,0,8926
1132,2,0,4,21,32704740,3664,0,0,8928
1133,9,0,6,19,32728800,3664,0,0,8937
1134,6,0,6,19,32746620,3664,0,0,8943
1135,9,0,8,17,32768880,3663,0,0,8952
1136,8,0,10,15,32784120,3663,0,0,8960
1137,8,0,9,16,32824500,3663,0,0,8968
1138,3,0,3,22,32870160,3665,0,0,8971
1139,10,0,8,17,32878260,3664,0,0,8981
1140,10,0,7,18,32910360,3663,0,0,8991
1141,11,0,10,15,32924220,3661,0,0,9002
1142,6,0,7,18,32959980,3661,0,0,9008
1143,10,0,9,16,32997660,3662,0,0,9018
1144,9,0,13,12,33011760,3662,0,0,9027
1145,9,0,9,16,33064740,3662,0,0,9036
1146,3,0,3,22,33094860,3662,0,0,9039
1147,4,0,5,20,33104100,3662,0,0,9043
1148,5,0,5,20,33119340,3662,0,0,9048
1149,7,0,8,17,33136860,3662,0,0,9055
1150,7,0,9,16,33159720,3662,0,0,9062
1151,3,0,6,19,33183300,3663,0,0,9065
1152,5,0,6,19,33207660,3663,0,0,9070
1153,4,0,4,21,33239520,3664,0,0,9074
1154,3,0,3,22,33256680,3665,0,0,9077
1155,7,0,5,20,33269880,3664,0,0,9084
1156,10,0,7,18,33289800,3663,0,0,9094
1157,7,0,7,18,33313440,3663,0,0,9101
1158,9,0,7,18,33342120,3662,0,0,9110
1159,8,0,7,18,33374280,3663,0,0,9118
1160,8,0,6,19,33403560,3662,0,0,9126
1161,11,0,13,12,33410640,3661,0,0,9137
1162,8,0,9,16,33464580,3662,0,0,9145
1163,19,0,22,3,33491280,3663,0,0,9164
1164,7,0,12,13,33553500,3663,0,0,9171
1165,7,0,7,18,33618480,3665,0,0,9178
1166,13,0,10,15,33655260,3665,0,0,9191
1167,7,0,9,16,33678840,3665,0,0,9198
1168,8,0,9,16,33711960,3665,0,0,9206
1169,6,0,8,17,33750960,3666,0,0,9212
1170,8,0,6,19,33788400,3667,0,0,9220
1171,7,0,6,19,33820080,3667,0,0,9227
1172,3,0,5,20,33831600,3667,0,0,9230
1173,5,0,3,22,33861900,3667,0,0,9235
1174,5,0,5,20,33870960,3667,0,0,9240
1175,3,0,5,20,33883440,3667,0,0,9243
1176,8,0,5,20,33910980,3667,0,0,9251
1177,2,0,3,22,33928440,3667,0,0,9253
1178,3,0,3,22,33945540,3668,0,0,9256
1179,6,0,7,18,33952320,3668,0,0,9262
1180,6,0,8,17,33970980,3668,0,0,9268
1181,12,0,8,17,34010940,3668,0,0,9280
1182,8,0,10,15,34026960,3667,0,0,9288
1183,11,0,7,18,34064580,3666,0,0,9299
1184,10,0,11,14,34088280,3666,0,0,9309
1185,15,0,11,14,34140780,3665,0,0,9324
1186,12,0,12,13,34185960,3666,0,0,9336
1187,12,0,11,14,34228800,3665,0,0,9348
1188,10,0,12,13,34254600,3665,0,0,9358
1189,11,0,12,13,34298760,3665,0,0,9369
1190,7,0,10,15,34332480,3665,0,0,9376
1191,10,0,7,18,34387980,3666,0,0,9386
1192,8,0,11,14,34403700,3666,0,0,9394
1193,12,0,13,12,34441620,3666,0,0,9406
1194,9,0,11,14,34486620,3667,0,0,9415
1195,6,0,6,19,34523700,3666,0,0,9421
1196,3,0,6,19,34538040,3667,0,0,9424
1197,7,0,5,20,34564920,3666,0,0,9431
1198,6,0,7,18,34583940,3667,0,0,9437
1199,4,0,5,20,34597440,3666,0,0,9441
1200,5,0,5,20,34620780,3667,0,0,9446
1201,2,0,2,23,34647300,3667,0,0,9448
1202,5,0,2,23,34652880,3666,0,0,9453
1203,5,0,4,21,34662960,3666,0,0,9458
1204,8,0,9,16,34668720,3665,0,0,9466
1205,5,0,5,20,34709280,3666,0,0,9471
1206,10,0,9,16,34729740,3666,0,0,9481
1207,12,0,19,6,34738800,3666,0,0,9493
1208,11,0,15,10,34802940,3667,0,0,9504
1209,11,0,10,15,34866720,3668,0,0,9515
1210,5,0,8,17,34898640,3668,0,0,9520
1211,7,0,6,19,34948680,3670,0,0,9527
1212,16,0,16,9,34958280,3669,0,0,9543
1213,11,0,12,13,35003340,3668,0,0,9554
1214,10,0,12,13,35036340,3667,0,0,9564
1215,11,0,12,13,35081940,3668,0,0,9575
1216,13,0,14,11,35132280,3669,0,0,9588
1217,6,0,9,16,35181360,3670,0,0,9594
1218,7,0,6,19,35229420,3671,0,0,9601
1219,6,0,7,18,35247480,3671,0,0,9607
1220,9,0,6,19,35285460,3671,0,0,9616
1221,9,0,11,14,35291460,3670,0,0,9625
1222,7,0,7,18,35331660,3670,0,0,9632
1223,7,0,8,17,35355420,3671,0,0,9639
1224,5,0,6,19,35386560,3671,0,0,9644
1225,7,0,7,18,35419020,3672,0,0,9651
1226,2,0,3,22,35445600,3673,0,0,9653
1227,8,0,8,17,35454240,3672,0,0,9661
1228,8,0,11,14,35468340,3672,0,0,9669
1229,11,0,10,15,35515260,3672,0,0,9680
1230,5,0,8,17,35535060,3672,0,0,9685
1231,10,0,11,14,35561820,3672,0,0,9695
1232,10,0,10,15,35614260,3673,0,0,9705
1233,15,0,13,12,35659500,3673,0,0,9720
1234,10,0,6,19,35705040,3671,0,0,9730
1235,6,0,6,19,35721600,3671,0,0,9736
1236,10,0,6,19,35757720,3671,0,0,9746
1237,10,0,9,16,35782260,3671,0,0,9756
1238,9,0,10,15,35809620,3670,0,0,9765
1239,16,0,14,11,35844780,3669,0,0,9781
1240,13,0,18,7,35874480,3669,0,0,9794
1241,7,0,7,18,35936280,3669,0,0,9801
1242,7,0,6,19,35965200,3669,0,0,9808
1243,9,0,9,16,35993220,3669,0,0,9817
1244,11,0,13,12,36012960,3669,0,0,9828
1245,8,0,11,14,36045900,3668,0,0,9836
1246,6,0,5,20,36095040,3669,0,0,9842
1247,2,0,2,23,36124680,3670,0,0,9844
1248,3,0,2,23,36133740,3670,0,0,9847
1249,1,0,3,22,36133740,3670,0,0,9848
1250,4,0,3,22,36144840,3669,0,0,9852
1251,6,0,6,19,36153780,3669,0,0,9858
1252,7,0,9,16,36178860,3670,0,0,9865
1253,7,0,9,16,36201480,3670,0,0,9872
1254,5,0,5,20,36232680,3670,0,0,9877
1255,8,0,5,20,36268980,3670,0,0,9885
1256,4,0,4,21,36284580,3670,0,0,9889
1257,6,0,4,21,36301620,3670,0,0,9895
1258,15,0,15,10,36311340,3669,0,0,9910
1259,9,0,8,17,36352500,3667,0,0,9919
1260,10,0,8,17,36395280,3668,0,0,9929
1261,16,0,13,12,36420060,3666,0,0,9945
1262,7,0,7,18,36476340,3667,0,0,9952
1263,6,0,6,19,36501780,3667,0,0,9958
1264,9,0,9,16,36522120,3667,0,0,9967
1265,14,0,16,9,36543780,3667,0,0,9981
1266,6,0,8,17,36593820,3667,0,0,9987
1267,8,0,8,17,36637620,3668,0,0,9995
1268,10,0,11,14,36659280,3668,0,0,10005
1269,8,0,12,13,36690360,3668,0,0,10013
1270,3,0,8,17,36723780,3669,0,0,10016
1271,9,0,9,16,36775680,3671,0,0,10025
1272,5,0,8,17,36800520,3671,0,0,10030
1273,2,0,7,18,36820380,3672,0,0,10032
1274,9,0,10,15,36852420,3673,0,0,10041
1275,3,0,5,20,36898800,3675,0,0,10044
1276,6,0,2,23,36924480,3674,0,0,10050
1277,5,0,4,21,36932220,3674,0,0,10055
1278,9,0,5,20,36947160,3673,0,0,10064
1279,8,0,9,16,36964320,3673,0,0,10072
1280,10,0,11,14,36990060,3672,0,0,10082
1281,15,0,15,10,37041000,3673,0,0,10097
1282,10,0,10,15,37088580,3673,0,0,10107
1283,7,0,10,15,37117740,3673,0,0,10114
1284,7,0,7,18,37158900,3674,0,0,10121
1285,9,0,9,16,37196220,3675,0,0,10130
1286,5,0,7,18,37222560,3675,0,0,10135
1287,10,0,11,14,37247640,3675,0,0,10145
1288,13,0,12,13,37286400,3674,0,0,10158
1289,9,0,14,11,37306620,3674,0,0,10167
1290,12,0,9,16,37374600,3674,0,0,10179
1291,6,0,7,18,37402380,3674,0,0,10185
1292,10,0,6,19,37436160,3674,0,0,10195
1293,10,0,6,19,37450440,3671,0,0,10205
1294,5,0,6,19,37463640,3671,0,0,10210
1295,5,0,6,19,37486320,3671,0,0,10215
1296,7,0,7,18,37517640,3672,0,0,10222
1297,3,0,6,19,37533240,3672,0,0,10225
1298,5,0,8,17,37551240,3673,0,0,10230
1299,10,0,9,16,37587420,3673,0,0,10240
1300,7,0,6,19,37613580,3672,0,0,10247
1301,7,0,8,17,37642680,3673,0,0,10254
1302,9,0,11,14,37651320,3672,0,0,10263
1303,13,0,14,11,37696140,3673,0,0,10276
1304,5,0,6,19,37744980,3673,0,0,10281
1305,7,0,6,19,37772880,3673,0,0,10288
1306,7,0,7,18,37788600,3673,0,0,10295
1307,7,0,7,18,37825380,3674,0,0,10302
1308,10,0,12,13,37839540,3673,0,0,10312
1309,11,0,13,12,37883160,3674,0,0,10323
1310,9,0,8,17,37928760,3673,0,0,10332
1311,9,0,6,19,37952520,3672,0,0,10341
1312,11,0,7,18,37982280,3671,0,0,10352
1313,12,0,9,16,38012220,3670,0,0,10364
1314,10,0,8,17,38045220,3670,0,0,10374
1315,5,0,3,22,38074380,3669,0,0,10379
1316,5,0,5,20,38086980,3669,0,0,10384
1317,7,0,6,19,38097900,3668,0,0,10391
1318,5,0,2,23,38120040,3667,0,0,10396
1319,6,0,5,20,38131860,3667,0,0,10402
1320,4,0,3,22,38141640,3666,0,0,10406
1321,6,0,5,20,38164320,3667,0,0,10412
1322,5,0,9,16,38166900,3667,0,0,10417
1323,5,0,8,17,38195520,3667,0,0,10422
1324,6,0,5,20,38232960,3668,0,0,10428
1325,2,0,3,22,38245680,3667,0,0,10430
1326,9,0,9,16,38262000,3668,0,0,10439
1327,9,0,11,14,38279760,3667,0,0,10448
1328,11,0,10,15,38331420,3668,0,0,10459
1329,9,0,11,14,38353320,3667,0,0,10468
1330,9,0,12,13,38386680,3668,0,0,10477
1331,14,0,12,13,38454360,3669,0,0,10491
1332,12,0,20,5,38464320,3669,0,0,10503
1333,17,0,14,11,38550840,3669,0,0,10520
1334,10,0,13,12,38595300,3669,0,0,10530
1335,11,0,13,12,38644020,3670,0,0,10541
1336,8,0,12,13,38690520,3671,0,0,10549
1337,7,0,8,17,38744940,3673,0,0,10556
1338,6,0,6,19,38779140,3673,0,0,10562
1339,6,0,8,17,38796660,3673,0,0,10568
1340,8,0,7,18,38826000,3673,0,0,10576
1341,10,0,8,17,38858640,3673,0,0,10586
1342,5,0,6,19,38890800,3674,0,0,10591
1343,7,0,7,18,38913360,3674,0,0,10598
1344,3,0,4,21,38940660,3674,0,0,10601
1345,4,0,7,18,38941140,3674,0,0,10605
1346,7,0,9,16,38952900,3673,0,0,10612
1347,5,0,8,17,38975400,3673,0,0,10617
1348,2,0,8,17,38983380,3673,0,0,10619
1349,7,0,10,15,39006900,3674,0,0,10626
1350,9,0,11,14,39033900,3674,0,0,10635
1351,10,0,13,12,39061980,3674,0,0,10645
1352,14,0,14,11,39097140,3672,0,0,10659
1353,6,0,9,16,39122880,3671,0,0,10665
1354,12,0,11,14,39168180,3672,0,0,10677
1355,12,0,16,9,39184200,3671,0,0,10689
1356,19,0,21,4,39233460,3671,0,0,10708
1357,9,0,15,10,39283800,3670,0,0,10717
1358,15,0,19,6,39334560,3671,0,0,10732
1359,10,0,15,10,39378720,3670,0,0,10742
1360,5,0,10,15,39442740,3673,0,0,10747
1361,11,0,11,14,39477960,3673,0,0,10758
1362,7,0,8,17,39503700,3672,0,0,10765
1363,6,0,7,18,39526680,3672,0,0,10771
1364,3,0,5,20,39545520,3672,0,0,10774
1365,11,0,13,12,39556380,3672,0,0,10785
1366,3,0,10,15,39577320,3672,0,0,10788
1367,5,0,6,19,39628860,3673,0,0,10793
1368,5,0,9,16,39633540,3673,0,0,10798
1369,6,0,9,16,39650040,3673,0,0,10804
1370,2,0,6,19,39670500,3673,0,0,10806
1371,4,0,7,18,39675600,3672,0,0,10810
1372,2,0,6,19,39694200,3673,0,0,10812
1373,5,0,8,17,39703440,3673,0,0,10817
1374,4,0,9,16,39711180,3672,0,0,10821
1375,5,0,9,16,39737580,3673,0,0,10826
1376,10,0,11,14,39755340,3672,0,0,10836
1377,8,0,9,16,39796020,3672,0,0,10844
1378,11,0,13,12,39826620,3673,0,0,10855
1379,14,1,20,5,39834660,3672,0,0,10869
1380,12,10,16,9,39871500,3673,4740,0,10881
1381,9,5,22,3,39934800,3676,26940,2,10890
1382,10,0,11,14,40006020,3673,47400,4,10900
1383,10,0,12,13,40048740,3674,47400,4,10910
1384,8,0,13,12,40069620,3674,47400,4,10918
1385,10,0,13,12,40096440,3673,47400,4,10928
1386,6,0,9,16,40133940,3673,47400,4,10934
1387,5,0,6,19,40154340,3672,47400,4,10939
1388,6,0,8,17,40170060,3672,47400,4,10945
1389,4,0,9,16,40179780,3672,47400,4,10949
1390,5,0,10,15,40199460,3673,47400,4,10954
1391,5,0,7,18,40229400,3673,47400,4,10959
1392,3,0,6,19,40240140,3672,47400,4,10962
1393,4,0,6,19,40251060,3672,47400,4,10966
1394,4,0,9,16,40252980,3672,47400,4,10970
1395,4,0,10,15,40261440,3672,47400,4,10974
1396,6,0,8,17,40293360,3672,47400,4,10980
1397,4,0,6,19,40316700,3672,47400,4,10984
1398,11,0,11,14,40332900,3671,47400,4,10995
1399,10,0,12,13,40350840,3670,47400,4,11005
1400,10,0,12,13,40389300,3670,47400,4,11015
1401,10,0,15,10,40412340,3670,47400,4,11025
1402,9,0,12,13,40453500,3670,47400,4,11034
1403,9,0,12,13,40488300,3670,47400,4,11043
1404,7,0,9,16,40526640,3670,47400,4,11050
1405,9,0,13,12,40553880,3671,47400,4,11059
1406,7,0,12,13,40576560,3670,47400,4,11066
1407,15,0,16,9,40608120,3669,47400,4,11081
1408,8,0,14,11,40641240,3669,47400,4,11089
1409,14,0,19,6,40710180,3672,47400,4,11103
1410,10,0,16,9,40754280,3672,47400,4,11113
1411,4,0,12,13,40783800,3672,47400,4,11117
1412,2,0,5,20,40842300,3674,47400,4,11119
1413,8,0,12,13,40843440,3674,47400,4,11127
1414,6,0,10,15,40872600,3674,47400,4,11133
1415,6,0,9,16,40896540,3674,47400,4,11139
1416,7,0,7,18,40923000,3673,47400,4,11146
1417,5,0,9,16,40929840,3673,47400,4,11151
1418,8,0,11,14,40943340,3672,47400,4,11159
1419,4,0,7,18,40978140,3673,47400,4,11163
1420,5,0,9,16,40992840,3673,47400,4,11168
1421,8,0,13,12,41011860,3673,47400,4,11176
1422,4,0,9,16,41031900,3673,47400,4,11180
1423,5,0,7,18,41067000,3673,47400,4,11185
1424,7,0,9,16,41075700,3673,47400,4,11192
1425,8,0,10,15,41104320,3673,47400,4,11200
1426,12,0,13,12,41127540,3672,47400,4,11212
1427,9,0,10,15,41165820,3671,47400,4,11221
1428,5,0,11,14,41178480,3671,47400,4,11226
1429,14,0,17,8,41208480,3671,47400,4,11240
1430,16,0,16,9,41269680,3671,47400,4,11256
1431,14,0,14,11,41321520,3671,47400,4,11270
1432,11,0,13,12,41356620,3670,47400,4,11281
1433,8,0,11,14,41400300,3670,47400,4,11289
1434,8,0,9,16,41438580,3671,47400,4,11297
1435,8,0,13,12,41453340,3671,47400,4,11305
1436,7,0,12,13,41483640,3671,47400,4,11312
1437,6,0,9,16,41525580,3671,47400,4,11318
1438,10,0,12,13,41552340,3671,47400,4,11328
1439,8,0,13,12,41571180,3671,47400,4,11336
1440,7,0,9,16,41602860,3670,47400,4,11343
1441,3,0,8,17,41618340,3670,47400,4,11346
1442,8,0,10,15,41643060,3670,47400,4,11354
1443,4,0,6,19,41671560,3670,47400,4,11358
1444,4,0,7,18,41679540,3670,47400,4,11362
1445,8,0,9,16,41701320,3670,47400,4,11370
1446,10,0,12,13,41716680,3669,47400,4,11380
1447,9,0,11,14,41749980,3669,47400,4,11389
1448,13,0,14,11,41790780,3669,47400,4,11402
1449,10,0,15,10,41815260,3668,47400,4,11412
1450,5,0,13,12,41849040,3669,47400,4,11417
1451,10,0,14,11,41902140,3671,47400,4,11427
1452,3,0,7,18,41946420,3672,47400,4,11430
1453,5,0,6,19,41967060,3671,47400,4,11435
1454,8,0,11,14,41975340,3671,47400,4,11443
1455,9,0,13,12,41998260,3671,47400,4,11452
1456,6,0,8,17,42039060,3671,47400,4,11458
1457,7,0,10,15,42058920,3671,47400,4,11465
1458,8,0,9,16,42094140,3671,47400,4,11473
1459,6,0,8,17,42121680,3672,47400,4,11479
1460,10,0,15,10,42128940,3671,47400,4,11489
1461,5,0,10,15,42174180,3672,47400,4,11494
1462,3,0,7,18,42208260,3673,47400,4,11497
1463,5,0,6,19,42228060,3673,47400,4,11502
1464,6,0,9,16,42232440,3672,47400,4,11508
1465,6,0,10,15,42251040,3672,47400,4,11514
1466,5,0,11,14,42263520,3672,47400,4,11519
1467,2,0,6,19,42302640,3673,47400,4,11521
1468,10,0,12,13,42313920,3673,47400,4,11531
1469,4,0,12,13,42333300,3673,47400,4,11535
1470,9,0,8,17,42378180,3673,47400,4,11544
1471,4,0,9,16,42397920,3674,47400,4,11548
1472,9,0,12,13,42421320,3674,47400,4,11557
1473,7,0,14,11,42444000,3674,47400,4,11564
1474,13,0,17,8,42483240,3675,47400,4,11577
1475,11,0,16,9,42528060,3675,47400,4,11588
1476,11,0,14,11,42574440,3674,47400,4,11599
1477,9,0,12,13,42629040,3676,47400,4,11608
1478,9,0,14,11,42650100,3675,47400,4,11617
1479,17,0,17,8,42699060,3675,47400,4,11634
1480,7,0,11,14,42744000,3675,47400,4,11641
1481,9,0,13,12,42769320,3675,47400,4,11650
1482,12,0,15,10,42818760,3676,47400,4,11662
1483,3,0,8,17,42855240,3676,47400,4,11665
1484,4,0,7,18,42881940,3677,47400,4,11669
1485,7,0,10,15,42895680,3676,47400,4,11676
1486,4,0,9,16,42917520,3677,47400,4,11680
1487,4,0,9,16,42939420,3677,47400,4,11684
1488,8,0,11,14,42966300,3678,47400,4,11692
1489,14,0,16,9,42988320,3677,47400,4,11706
1490,6,0,11,14,43021980,3676,47400,4,11712
1491,9,0,10,15,43073460,3678,47400,4,11721
1492,5,0,6,19,43102560,3677,47400,4,11726
1493,9,0,10,15,43114980,3677,47400,4,11735
1494,9,0,12,13,43134060,3676,47400,4,11744
1495,9,0,14,11,43154940,3676,47400,4,11753
1496,10,0,13,12,43198380,3676,47400,4,11763
1497,10,0,13,12,43237560,3676,47400,4,11773
1498,11,0,12,13,43285020,3676,47400,4,11784
1499,14,0,12,13,43326960,3676,47400,4,11798
1500,15,0,18,7,43345800,3674,47400,4,11813
1501,13,0,16,9,43392780,3674,47400,4,11826
1502,9,0,10,15,43461300,3675,47400,4,11835
1503,12,0,15,10,43486380,3675,47400,4,11847
1504,7,0,13,12,43521900,3675,47400,3,11854
1505,9,0,12,13,43560600,3675,47400,3,11863
1506,7,0,12,13,43583160,3675,47400,3,11870
1507,4,0,10,15,43607640,3675,47400,3,11874
1508,7,0,8,17,43644960,3675,47400,3,11881
1509,6,0,9,16,43654800,3675,47400,3,11887
1510,6,0,11,14,43673280,3675,47400,3,11893
1511,2,0,8,17,43698240,3676,47400,3,11895
1512,8,0,11,14,43711920,3675,47400,3,11903
1513,2,0,9,16,43736340,3676,47400,3,11905
1514,14,0,16,9,43757700,3676,47400,3,11919
1515,5,0,5,20,43822920,3676,47400,3,11924
1516,4,0,5,20,43833840,3676,47400,3,11928
1517,5,0,7,18,43843980,3676,47400,3,11933
1518,9,0,9,16,43857720,3675,47400,3,11942
1519,7,0,11,14,43868880,3674,47400,3,11949
1520,10,0,14,11,43898640,3675,47400,3,11959
1521,12,0,12,13,43946580,3674,47400,3,11971
1522,7,0,12,13,43966500,3674,47400,3,11978
1523,13,0,13,12,44004660,3673,47400,3,11991
1524,10,0,14,11,44036220,3673,47400,3,12001
1525,9,0,13,12,44067840,3673,47400,3,12010
1526,10,0,15,10,44091720,3672,47400,3,12020
1527,11,0,16,9,44135580,3673,47400,3,12031
1528,10,0,10,15,44187540,3672,47400,3,12041
1529,6,0,9,16,44212500,3672,47400,3,12047
1530,9,0,13,12,44225280,3672,47400,3,12056
1531,8,0,11,14,44251860,3671,47400,3,12064
1532,5,0,10,15,44278860,3671,47400,3,12069
1533,7,0,11,14,44303040,3672,47400,3,12076
1534,5,0,11,14,44329680,3672,47400,3,12081
1535,6,0,9,16,44362380,3672,47400,3,12087
1536,5,0,10,15,44380860,3673,47400,3,12092
1537,3,0,7,18,44402280,3673,47400,3,12095
1538,2,0,3,22,44427780,3673,47400,3,12097
1539,8,0,9,16,44430120,3673,47400,3,12105
1540,6,0,10,15,44440440,3672,47400,3,12111
1541,4,0,8,17,44468400,3672,47400,3,12115
1542,8,0,10,15,44485860,3672,47400,3,12123
1543,11,0,15,10,44507160,3672,47400,3,12134
1544,9,0,17,8,44535420,3672,47400,3,12143
1545,12,0,17,8,44582280,3672,47400,3,12155
1546,8,0,11,14,44644260,3673,47400,3,12163
1547,9,0,11,14,44671740,3673,47400,3,12172
1548,14,0,17,8,44694840,3672,47400,3,12186
1549,10,0,13,12,44740680,3672,47400,3,12196
1550,8,0,8,17,44774940,3671,47400,3,12204
1551,10,0,9,16,44804220,3670,47400,3,12214
1552,8,0,13,12,44811420,3670,47400,3,12222
1553,7,0,10,15,44851860,3670,47400,3,12229
1554,12,0,13,12,44886240,3670,47400,3,12241
1555,10,0,16,9,44909940,3670,47400,3,12251
1556,7,0,9,16,44968620,3671,47400,3,12258
1557,11,0,15,10,44993400,3671,47400,3,12269
1558,6,0,10,15,45023760,3670,47400,3,12275
1559,4,0,9,16,45048960,3671,47400,3,12279
1560,6,0,6,19,45088740,3672,47400,3,12285
1561,8,0,11,14,45105780,3672,47400,3,12293
1562,8,0,12,13,45123420,3671,47400,3,12301
1563,3,0,6,19,45169500,3672,47400,3,12304
1564,5,0,6,19,45180180,3672,47400,3,12309
1565,9,0,12,13,45188820,3672,47400,3,12318
1566,8,0,12,13,45208920,3671,47400,3,12326
1567,11,0,12,13,45250140,3671,47400,3,12337
1568,13,0,17,8,45281040,3671,47400,3,12350
1569,8,0,11,14,45331860,3671,47400,3,12358
1570,5,0,9,16,45362280,3671,47400,3,12363
1571,5,0,7,18,45383340,3671,47400,3,12368
1572,7,0,10,15,45402780,3671,47400,3,12375
1573,5,0,9,16,45424800,3671,47400,3,12380
1574,9,0,13,12,45449520,3672,47400,3,12389
1575,9,0,12,13,45477960,3671,47400,3,12398
1576,9,0,12,13,45517380,3672,47400,3,12407
1577,9,0,12,13,45551460,3672,47400,3,12416
1578,8,0,13,12,45571320,3671,47400,3,12424
1579,8,0,14,11,45602220,3672,47400,3,12432
1580,5,0,12,13,45630540,3672,47400,3,12437
1581,4,0,8,17,45669180,3673,47400,3,12441
1582,7,0,9,16,45690840,3673,47400,3,12448
1583,10,0,12,13,45728760,3674,47400,3,12458
1584,13,0,17,8,45746220,3673,47400,3,12471
1585,4,0,8,17,45793680,3673,47400,3,12475
1586,5,0,10,15,45810600,3673,47400,3,12480
1587,4,0,8,17,45849120,3674,47400,3,12484
1588,3,0,5,20,45870060,3674,47400,3,12487
1589,6,0,7,18,45882300,3674,47400,3,12493
1590,9,0,14,11,45883620,3674,47400,3,12502
1591,4,0,12,13,45912900,3674,47400,3,12506
1592,3,0,9,16,45951900,3676,47400,3,12509
1593,7,0,9,16,45977880,3676,47400,3,12516
1594,10,0,15,10,45998280,3676,47400,3,12526
1595,3,0,10,15,46038000,3677,47400,3,12529
1596,9,0,11,14,46071780,3677,47400,3,12538
1597,7,0,9,16,46096500,3677,47400,3,12545
1598,6,0,10,15,46114440,3677,47400,3,12551
1599,12,0,18,7,46130700,3677,47400,3,12563
1600,4,0,14,11,46164420,3677,47400,3,12567
1601,12,0,16,9,46221180,3679,47400,3,12579
1602,10,0,15,10,46257120,3678,47400,3,12589
1603,13,0,11,14,46307400,3677,47400,3,12602
1604,9,0,11,14,46344420,3678,47400,3,12611
1605,5,0,7,18,46371420,3677,47400,3,12616
1606,7,0,10,15,46385520,3677,47400,3,12623
1607,13,0,17,8,46411380,3677,47400,3,12636
1608,6,0,11,14,46449300,3677,47400,3,12642
1609,4,0,7,18,46489500,3678,47400,3,12646
1610,3,0,6,19,46508700,3678,47400,3,12649
1611,6,0,8,17,46516980,3678,47400,3,12655
1612,12,0,14,11,46524600,3676,47400,3,12667
1613,6,0,11,14,46557780,3676,47400,3,12673
1614,3,0,7,18,46587180,3677,47400,3,12676
1615,5,0,6,19,46608780,3677,47400,3,12681
1616,15,0,13,12,46625520,3676,47400,3,12696
1617,6,0,13,12,46641000,3675,47400,3,12702
1618,9,0,11,14,46680180,3675,47400,3,12711
1619,10,0,14,11,46705200,3675,47400,3,12721
1620,10,0,12,13,46755540,3676,47400,3,12731
1621,18,0,14,11,46794360,3674,47400,3,12749
1622,4,0,11,14,46821360,3674,47400,3,12753
1623,6,0,8,17,46851720,3674,47400,3,12759
1624,11,0,14,11,46867080,3674,47400,3,12770
1625,11,0,14,11,46914360,3674,47400,3,12781
1626,8,0,9,16,46957740,3674,47400,3,12789
1627,7,0,12,13,46977480,3674,47400,3,12796
1628,6,0,9,16,47015280,3675,47400,3,12802
1629,5,0,7,18,47028660,3674,47400,3,12807
1630,5,0,6,19,47053020,3674,47400,3,12812
1631,4,0,6,19,47063280,3673,47400,3,12816
1632,2,0,6,19,47072340,3674,47400,3,12818
1633,2,0,7,18,47073360,3673,47400,3,12820
1634,8,0,9,16,47087520,3673,47400,3,12828
1635,5,0,6,19,47120160,3673,47400,3,12833
1636,3,0,6,19,47130180,3673,47400,3,12836
1637,7,0,7,18,47148540,3673,47400,3,12843
1638,5,0,10,15,47154420,3673,47400,3,12848
1639,8,0,8,17,47184240,3672,47400,3,12856
1640,4,0,8,17,47195460,3672,47400,3,12860
1641,6,0,10,15,47216340,3672,47400,3,12866
1642,14,0,15,10,47240220,3671,47400,3,12880
1643,3,0,7,18,47273580,3671,47400,3,12883
1644,14,0,14,11,47291940,3670,47400,3,12897
1645,13,0,17,8,47324220,3670,47400,3,12910
1646,14,0,16,9,47371080,3669,47400,3,12924
1647,10,0,18,7,47398680,3669,47400,3,12934
1648,17,0,16,9,47471340,3669,47400,3,12951
1649,11,0,17,8,47501160,3669,47400,3,12962
1650,7,0,12,13,47549340,3669,47400,3,12969
1651,14,0,12,13,47598180,3669,47400,3,12983
1652,11,0,16,9,47623980,3669,47400,3,12994
1653,3,0,7,18,47666340,3669,47400,3,12997
1654,3,0,6,19,47687160,3669,47400,3,13000
1655,7,0,9,16,47701860,3669,47400,3,13007
1656,6,0,7,18,47723760,3669,47400,3,13013
1657,4,0,8,17,47728380,3668,47400,3,13017
1658,3,0,6,19,47747880,3668,47400,3,13020
1659,5,0,8,17,47754540,3668,47400,3,13025
1660,3,0,8,17,47769960,3668,47400,3,13028
1661,9,0,10,15,47788020,3668,47400,3,13037
1662,9,0,12,13,47811540,3668,47400,3,13046
1663,9,0,10,15,47853480,3668,47400,3,13055
1664,10,0,15,10,47868900,3668,47400,3,13065
1665,10,0,11,14,47908200,3667,47400,3,13075
1666,11,0,15,10,47942040,3667,47400,3,13086
1667,11,0,16,9,47969100,3667,47400,3,13097
1668,11,0,13,12,48023940,3667,47400,3,13108
1669,15,0,14,11,48048420,3665,47400,3,13123
1670,6,0,8,17,48103200,3666,47400,3,13129
1671,10,0,12,13,48129180,3666,47400,3,13139
1672,5,0,12,13,48139920,3665,47400,3,13144
1673,10,0,8,17,48182340,3665,47400,3,13154
1674,11,0,13,12,48204000,3665,47400,3,13165
1675,6,0,8,17,48241800,3664,47400,3,13171
1676,10,0,9,16,48273000,3664,47400,3,13181
1677,11,0,12,13,48286680,3663,47400,3,13192
1678,7,0,11,14,48326880,3664,47400,3,13199
1679,2,0,11,14,48338340,3664,47400,3,13201
1680,5,0,9,16,48373920,3665,47400,3,13206
1681,8,0,8,17,48395880,3664,47400,3,13214
1682,0,0,5,20,48409200,3664,47400,3,13214
1683,5,0,9,16,48414540,3664,47400,3,13219
1684,7,0,13,12,48430620,3665,47400,3,13226
1685,9,0,11,14,48463800,3664,47400,3,13235
1686,7,0,8,17,48494940,3664,47400,3,13242
1687,5,0,6,19,48515040,3664,47400,3,13247
1688,9,0,12,13,48522900,3663,47400,3,13256
1689,9,0,13,12,48549780,3663,47400,3,13265
1690,12,0,12,13,48594720,3663,47400,3,13277
1691,6,0,9,16,48625200,3663,47400,3,13283
1692,14,5,15,10,48629640,3662,47640,3,13297
1693,13,2,23,2,48673860,3663,66420,4,13310
1694,5,0,13,12,48738240,3663,71340,5,13315
1695,10,0,11,14,48789180,3664,71340,5,13325
1696,6,0,8,17,48827160,3664,71340,5,13331
1697,11,0,13,12,48849060,3664,71340,5,13342
1698,9,0,15,10,48869160,3664,71340,5,13351
1699,14,0,17,8,48913920,3664,71340,5,13365
1700,5,0,13,12,48948120,3664,71340,5,13370
1701,6,0,10,15,48985800,3664,71340,5,13376
1702,4,0,8,17,49015860,3665,71340,5,13380
1703,5,0,7,18,49044600,3666,71340,5,13385
1704,1,0,4,21,49054980,3665,71340,5,13386
1705,6,0,6,19,49066560,3665,71340,5,13392
1706,1,0,6,19,49067400,3665,71340,5,13393
1707,7,0,7,18,49091340,3665,71340,5,13400
1708,3,0,7,18,49100460,3665,71340,5,13403
1709,5,0,6,19,49121280,3665,71340,5,13408
1710,4,0,8,17,49124160,3664,71340,5,13412
1711,9,0,12,13,49131720,3664,71340,5,13421
1712,12,0,12,13,49171500,3663,71340,5,13433
1713,8,0,11,14,49201080,3663,71340,5,13441
1714,8,0,12,13,49235400,3664,71340,5,13449
1715,7,0,9,16,49268940,3663,71340,5,13456
1716,11,0,12,13,49292280,3663,71340,5,13467
1717,10,0,13,12,49320060,3663,71340,5,13477
1718,14,0,16,9,49358760,3662,71340,5,13491
1719,6,0,13,12,49383360,3662,71340,5,13497
1720,8,0,15,10,49423680,3663,71340,5,13505
1721,12,0,16,9,49476900,3664,71340,5,13517
1722,11,0,15,10,49518900,3664,71340,5,13528
1723,4,0,10,15,49563540,3665,71340,5,13532
1724,5,0,7,18,49603080,3666,71340,5,13537
1725,4,0,7,18,49621500,3666,71340,5,13541
1726,6,0,9,16,49633440,3666,71340,5,13547
1727,5,0,5,20,49658040,3665,71340,5,13552
1728,5,0,7,18,49669800,3665,71340,5,13557
1729,2,0,5,20,49679400,3665,71340,5,13559
1730,4,0,6,19,49684800,3664,71340,5,13563
1731,8,0,9,16,49702140,3664,71340,5,13571
1732,5,0,6,19,49724280,3664,71340,5,13576
1733,7,0,9,16,49734780,3663,71340,5,13583
1734,6,0,9,16,49753500,3663,71340,5,13589
1735,13,0,17,8,49774500,3663,71340,5,13602
1736,13,0,15,10,49812360,3662,71340,5,13615
1737,5,0,12,13,49856760,3663,71340,5,13620
1738,10,0,15,10,49890840,3664,71340,5,13630
1739,8,0,14,11,49920660,3664,71340,5,13638
1740,10,0,12,13,49960440,3663,71340,5,13648
1741,9,0,11,14,49997580,3663,71340,5,13657
1742,13,0,15,10,50023800,3663,71340,5,13670
1743,9,0,12,13,50060880,3662,71340,5,13679
1744,12,0,13,12,50100600,3662,71340,5,13691
1745,13,0,16,9,50142720,3663,71340,5,13704
1746,13,0,16,9,50181720,3662,71340,5,13717
1747,6,0,11,14,50216880,3662,71340,5,13723
1748,4,0,8,17,50245440,3662,71340,5,13727
1749,7,0,10,15,50263620,3662,71340,5,13734
1750,4,0,8,17,50281920,3662,71340,5,13738
1751,8,0,11,14,50295360,3661,71340,5,13746
1752,3,0,10,15,50312220,3662,71340,5,13749
1753,2,0,6,19,50347560,3662,71340,5,13751
1754,4,0,7,18,50358840,3662,71340,5,13755
1755,4,0,6,19,50375640,3662,71340,5,13759
1756,11,0,14,11,50393040,3663,71340,5,13770
1757,7,0,12,13,50425260,3663,71340,5,13777
1758,14,0,16,9,50475180,3664,71340,5,13791
1759,4,0,10,15,50506560,3663,71340,5,13795
1760,8,0,9,16,50547600,3664,71340,5,13803
1761,2,0,7,18,50560140,3664,71340,5,13805
1762,10,0,14,11,50569740,3664,71340,5,13815
1763,11,0,16,9,50597220,3663,71340,5,13826
1764,12,1,18,7,50628000,3663,72180,5,13838
1765,16,5,20,5,50684520,3665,81600,5,13854
1766,13,0,21,4,50739780,3664,98280,7,13867
1767,10,0,17,8,50800500,3665,98280,7,13877
1768,9,0,16,9,50850540,3666,98280,7,13886
1769,9,0,16,9,50895600,3667,98280,7,13895
1770,7,0,14,11,50942280,3668,98280,7,13902
1771,4,0,11,14,50974140,3668,98280,7,13906
1772,12,0,11,14,51022620,3668,98280,7,13918
1773,6,0,8,17,51051240,3668,98280,7,13924
1774,5,0,7,18,51078120,3668,98280,7,13929
1775,2,0,6,19,51093180,3669,98280,7,13931
1776,6,0,8,17,51107280,3669,98280,7,13937
1777,5,0,8,17,51122220,3668,98280,7,13942
1778,1,0,4,21,51134520,3668,98280,7,13943
1779,2,0,5,20,51143400,3668,98280,7,13945
1780,1,0,3,22,51148800,3668,98280,7,13946
1781,5,0,6,19,51150420,3668,98280,7,13951
1782,10,0,11,14,51157680,3667,98280,7,13961
1783,5,0,7,18,51188940,3667,98280,7,13966
1784,7,0,8,17,51202140,3666,98280,7,13973
1785,7,0,12,13,51215640,3666,98280,7,13980
1786,14,0,12,13,51258960,3666,98280,7,13994
1787,13,0,15,10,51279180,3664,98280,7,14007
1788,11,0,15,10,51322680,3665,98280,7,14018
1789,7,0,15,10,51354540,3665,98280,7,14025
1790,9,0,13,12,51405600,3666,98280,7,14034
1791,6,0,9,16,51439380,3666,98280,7,14040
1792,6,0,9,16,51455400,3665,98280,6,14046
1793,6,0,5,20,51489660,3665,98280,6,14052
1794,7,0,10,15,51491220,3665,98280,6,14059
1795,7,0,12,13,51505260,3664,98280,6,14066
1796,10,0,13,12,51542400,3665,98280,6,14076
1797,4,0,9,16,51582660,3665,98280,6,14080
1798,8,0,12,13,51593940,3665,98280,6,14088
1799,7,0,9,16,51632040,3665,98280,6,14095
1800,5,0,9,16,51649440,3665,98280,6,14100
1801,4,0,8,17,51675720,3665,98280,6,14104
1802,3,0,4,21,51698340,3665,98280,6,14107
1803,2,0,4,21,51704940,3665,98280,6,14109
1804,7,0,6,19,51714660,3665,98280,6,14116
1805,7,0,7,18,51726600,3664,98280,6,14123
1806,8,0,13,12,51731760,3664,98280,6,14131
1807,12,0,11,14,51770160,3663,98280,6,14143
1808,11,0,11,14,51802560,3662,98280,6,14154
1809,6,0,8,17,51833520,3662,98280,6,14160
1810,7,0,10,15,51850800,3662,98280,6,14167
1811,12,0,13,12,51880920,3662,98280,6,14179
1812,15,0,15,10,51915960,3661,98280,6,14194
1813,7,0,9,16,51965520,3661,98280,6,14201
1814,11,0,14,11,51983760,3661,98280,6,14212
1815,24,0,25,0,52019700,3660,100680,7,14236
1816,12,0,20,5,52079640,3660,100740,7,14248
1817,10,0,12,13,52154520,3660,100740,7,14258
1818,7,0,9,16,52202100,3661,100740,7,14265
1819,5,0,10,15,52215120,3661,100740,7,14270
1820,2,0,7,18,52237560,3661,100740,7,14272
1821,5,0,9,16,52247100,3661,100740,7,14277
1822,2,0,7,18,52263180,3661,100740,7,14279
1823,4,0,8,17,52273740,3661,100740,7,14283
1824,5,0,7,18,52295520,3661,100740,7,14288
1825,7,0,9,16,52313100,3661,100740,7,14295
1826,2,0,6,19,52334640,3662,100740,7,14297
1827,9,0,10,15,52349640,3661,100740,7,14306
1828,8,0,12,13,52357680,3660,100740,7,14314
1829,7,0,12,13,52395120,3661,100740,7,14321
1830,8,0,11,14,52432380,3661,100740,7,14329
1831,9,0,13,12,52450020,3661,100740,7,14338
1832,12,0,16,9,52480680,3661,100740,7,14350
1833,12,0,16,9,52535400,3662,100740,7,14362
1834,10,0,12,13,52578240,3661,100740,7,14372
1835,12,0,15,10,52617720,3661,100740,7,14384
1836,7,0,13,12,52641480,3661,100740,7,14391
1837,5,0,7,18,52698180,3662,100740,6,14396
1838,14,0,16,9,52710120,3661,100740,6,14410
1839,12,0,17,8,52743540,3661,100740,6,14422
1840,10,0,14,11,52795860,3661,100740,6,14432
1841,10,0,18,7,52827480,3662,100740,6,14442
1842,6,0,10,15,52881000,3662,100740,6,14448
1843,11,0,11,14,52915020,3662,100740,6,14459
1844,7,0,11,14,52940820,3662,100740,6,14466
1845,8,0,11,14,52967340,3662,100740,6,14474
1846,8,0,10,15,53006040,3662,100740,6,14482
1847,7,0,11,14,53037900,3663,100740,6,14489
1848,4,0,9,16,53065140,3663,100740,6,14493
1849,10,0,14,11,53084160,3663,100740,6,14503
1850,4,0,9,16,53113740,3663,100740,6,14507
1851,7,0,9,16,53137200,3663,100740,6,14514
1852,4,0,9,16,53152920,3663,100740,6,14518
1853,6,0,9,16,53181780,3663,100740,6,14524
1854,6,0,7,18,53207160,3663,100740,6,14530
1855,9,0,11,14,53218800,3663,100740,6,14539
1856,11,0,12,13,53240220,3662,100740,6,14550
1857,10,0,17,8,53258880,3662,100740,6,14560
1858,10,0,14,11,53311800,3662,100740,6,14570
1859,12,0,15,10,53353140,3662,100740,6,14582
1860,10,0,12,13,53391420,3661,100740,6,14592
1861,11,0,14,11,53415420,3661,100740,6,14603
1862,8,0,11,14,53459940,3661,100740,6,14611
1863,9,0,14,11,53490600,3662,100740,6,14620
1864,5,0,9,16,53544000,3663,100740,6,14625
1865,17,0,16,9,53568120,3662,100740,6,14642
1866,7,0,14,11,53597640,3662,100740,6,14649
1867,12,0,10,15,53670840,3663,100740,6,14661
1868,13,0,12,13,53691000,3661,100740,6,14674
1869,10,0,15,10,53719140,3662,100740,6,14684
1870,3,0,13,12,53743800,3662,100740,6,14687
1871,4,0,8,17,53786880,3663,100740,6,14691
1872,5,0,9,16,53815500,3664,100740,6,14696
1873,7,0,10,15,53833980,3663,100740,6,14703
1874,2,0,6,19,53848800,3663,100740,6,14705
1875,4,0,8,17,53854320,3663,100740,6,14709
1876,4,0,8,17,53866260,3663,100740,6,14713
1877,11,0,15,10,53877840,3662,100740,6,14724
1878,3,0,11,14,53912040,3663,100740,6,14727
1879,5,0,9,16,53947440,3664,100740,6,14732
1880,11,0,11,14,53988540,3664,100740,6,14743
1881,15,0,14,11,54019860,3663,100740,6,14758
1882,7,0,12,13,54043980,3663,100740,6,14765
1883,14,0,16,9,54090600,3663,100740,6,14779
1884,8,0,13,12,54125040,3663,100740,6,14787
1885,8,0,17,8,54148500,3664,100740,6,14795
1886,10,0,17,8,54207660,3665,100740,6,14805
1887,6,0,11,14,54260100,3666,100740,6,14811
1888,5,0,7,18,54292980,3666,100740,6,14816
1889,8,0,9,16,54316680,3666,100740,6,14824
1890,9,0,13,12,54332520,3666,100740,6,14833
1891,4,0,8,17,54375360,3666,100740,6,14837
1892,10,0,10,15,54395160,3666,100740,6,14847
1893,5,0,10,15,54418740,3666,100740,6,14852
1894,10,0,13,12,54452580,3667,100740,6,14862
1895,4,0,9,16,54487920,3667,100740,6,14866
1896,2,0,5,20,54518820,3668,100740,6,14868
1897,3,0,5,20,54528780,3668,100740,6,14871
1898,3,0,4,21,54540000,3667,100740,6,14874
1899,3,0,5,20,54546060,3667,100740,6,14877
1900,7,0,10,15,54548700,3667,100740,6,14884
1901,8,0,13,12,54563820,3667,100740,6,14892
1902,5,0,8,17,54598620,3667,100740,6,14897
1903,6,0,9,16,54613740,3666,100740,6,14903
1904,6,0,10,15,54640920,3667,100740,6,14909
1905,4,0,6,19,54661020,3666,100740,6,14913
1906,10,0,9,16,54687840,3666,100740,6,14923
1907,15,0,18,7,54701640,3666,100740,6,14938
1908,14,0,15,10,54744780,3665,100740,6,14952
1909,9,0,15,10,54783000,3665,100740,6,14961
1910,10,0,16,9,54817200,3665,100740,6,14971
1911,12,0,16,9,54859680,3665,100740,6,14983
1912,17,0,20,5,54913740,3665,100740,6,15000
1913,13,3,21,4,54947100,3665,101940,6,15013
1914,8,5,13,12,55034640,3668,110100,7,15021
1915,5,0,16,9,55066920,3668,139860,9,15026
1916,5,0,6,19,55111980,3668,139860,9,15031
1917,4,0,8,17,55124580,3668,139860,9,15035
1918,8,0,12,13,55138140,3668,139860,9,15043
1919,7,0,9,16,55172880,3668,139860,9,15050
1920,4,0,7,18,55190520,3667,139860,9,15054
1921,2,0,5,20,55202940,3667,139860,9,15056
1922,6,0,9,16,55208820,3667,139860,9,15062
1923,7,0,8,17,55224060,3666,139860,9,15069
1924,4,0,9,16,55233360,3666,139860,9,15073
1925,7,0,12,13,55249740,3666,139860,9,15080
1926,6,0,11,14,55267980,3666,139860,9,15086
1927,3,0,7,18,55293600,3666,139860,9,15089
1928,13,0,13,12,55323720,3666,139860,9,15102
1929,9,0,10,15,55357500,3665,139860,9,15111
1930,5,0,8,17,55385040,3665,139860,9,15116
1931,9,0,14,11,55393680,3665,139860,9,15125
1932,6,0,11,14,55429860,3665,139860,9,15131
1933,10,0,9,16,55467360,3665,139860,9,15141
1934,11,0,11,14,55494600,3665,139860,9,15152
1935,13,0,14,11,55521540,3664,139860,9,15165
1936,8,0,12,13,55550760,3664,139860,9,15173
1937,7,0,13,12,55585800,3664,139860,9,15180
1938,12,0,13,12,55617600,3664,139860,9,15192
1939,10,0,11,14,55657560,3663,139860,9,15202
1940,8,0,10,15,55693680,3664,139860,9,15210
1941,2,0,8,17,55713000,3664,139860,9,15212
1942,8,0,9,16,55744140,3664,139860,9,15220
1943,6,0,8,17,55758780,3664,139860,9,15226
1944,8,0,9,16,55787160,3664,139860,9,15234
1945,6,0,8,17,55805820,3663,139860,9,15240
1946,4,0,7,18,55820280,3663,139860,9,15244
1947,6,0,10,15,55824180,3663,139860,9,15250
1948,5,0,11,14,55850700,3663,139860,9,15255
1949,5,0,11,14,55866540,3663,139860,9,15260
1950,4,0,8,17,55904100,3664,139860,9,15264
1951,4,0,5,20,55932120,3664,139860,9,15268
1952,8,0,11,14,55934460,3664,139860,9,15276
1953,8,0,9,16,55968900,3664,139860,9,15284
1954,6,0,7,18,56001600,3664,139860,9,15290
1955,3,0,8,17,56007840,3664,139860,9,15293
1956,11,0,13,12,56031180,3664,139860,9,15304
1957,5,0,9,16,56058960,3663,139860,9,15309
1958,11,0,14,11,56076960,3663,139860,9,15320
1959,11,0,11,14,56124540,3663,139860,9,15331
1960,10,0,14,11,56148240,3663,139860,9,15341
1961,19,0,19,6,56197320,3663,139860,9,15360
1962,9,0,10,15,56249760,3662,139860,9,15369
1963,5,0,9,16,56269980,3662,139860,9,15374
1964,8,0,11,14,56295600,3662,139860,9,15382
1965,9,0,13,12,56319000,3662,139860,9,15391
1966,7,0,9,16,56361480,3662,139860,9,15398
1967,6,0,9,16,56389320,3662,139860,9,15404
1968,2,0,8,17,56404260,3663,139860,9,15406
1969,4,0,7,18,56434560,3663,139860,9,15410
1970,5,0,6,19,56447340,3663,139860,9,15415
1971,7,0,9,16,56461440,3663,139860,9,15422
1972,4,0,6,19,56486940,3663,139860,9,15426
1973,6,0,8,17,56496060,3662,139860,9,15432
1974,10,0,9,16,56521980,3662,139860,9,15442
1975,4,0,10,15,56540040,3662,139860,9,15446
1976,9,0,10,15,56568060,3662,139860,9,15455
1977,9,0,10,15,56593440,3662,139860,9,15464
1978,12,0,13,12,56619480,3661,139860,9,15476
1979,10,0,12,13,56654940,3661,139860,9,15486
1980,8,0,10,15,56685240,3660,139860,9,15494
1981,12,0,12,13,56721720,3660,139860,9,15506
1982,18,0,20,5,56751660,3660,139860,9,15524
1983,16,2,19,6,56791860,3659,140160,9,15540
1984,9,8,14,11,56845320,3661,144360,9,15549
1985,16,3,25,0,56908140,3662,167460,10,15565
1986,7,0,10,15,56988060,3662,180180,11,15572
1987,10,0,16,9,56998740,3661,180180,11,15582
1988,6,0,9,16,57067320,3663,180180,11,15588
1989,6,0,8,17,57086400,3662,180180,11,15594
1990,3,0,9,16,57096300,3662,180180,11,15597
1991,7,0,10,15,57121080,3663,180180,11,15604
1992,6,0,12,13,57139860,3663,180180,11,15610
1993,3,0,6,19,57178440,3663,180180,11,15613
1994,7,0,7,18,57197460,3663,180180,11,15620
1995,7,0,9,16,57209580,3663,180180,11,15627
1996,4,0,8,17,57227940,3663,180180,11,15631
1997,8,0,8,17,57244980,3662,180180,11,15639
1998,9,0,8,17,57268320,3661,180180,11,15648
1999,7,0,7,18,57299700,3661,180180,11,15655
2000,8,0,10,15,57307800,3661,180180,11,15663
2001,10,0,13,12,57333720,3661,180180,11,15673
2002,7,0,9,16,57376200,3661,180180,11,15680
2003,11,0,15,10,57394260,3661,180180,11,15691
2004,16,0,15,10,57449940,3661,180180,11,15707
2005,7,0,14,11,57474900,3660,180180,11,15714
2006,9,0,6,19,57544740,3661,180180,11,15723
2007,7,0,8,17,57556860,3660,180180,11,15730
2008,14,0,15,10,57573300,3660,180180,11,15744
2009,7,0,14,11,57601380,3660,180180,11,15751
2010,19,0,19,6,57657540,3660,180180,11,15770
2011,4,0,9,16,57712860,3660,180180,11,15774
2012,3,0,6,19,57739200,3661,180180,11,15777
2013,7,0,10,15,57754800,3661,180180,11,15784
2014,5,0,6,19,57782760,3661,180180,11,15789
2015,10,0,14,11,57787680,3660,180180,11,15799
2016,8,0,15,10,57804780,3660,180180,11,15807
2017,7,0,22,3,57804780,3660,180180,11,15814
2018,3,0,21,4,57814800,3660,180180,11,15817
2019,4,1,18,7,57843240,3660,180180,11,15821
2020,2,0,16,9,57868440,3660,181380,11,15823
2021,12,1,21,4,57876300,3660,182460,11,15835
2022,7,8,18,7,57884820,3659,182460,11,15842
2023,7,9,21,4,57911220,3660,199560,12,15849
2024,7,10,25,0,57923580,3661,211140,13,15856
2025,9,17,20,5,57957480,3661,213720,13,15865
2026,10,19,23,2,57993480,3662,236940,14,15875
2027,8,21,25,0,58003440,3662,282660,17,15883
2028,12,25,23,2,58054740,3663,299460,18,15895
2029,17,36,22,3,58082880,3663,331860,20,15912
2030,17,39,19,6,58117320,3664,336240,21,15929
2031,6,39,20,5,58132380,3665,350040,21,15935
2032,9,37,25,0,58164900,3666,421920,26,15944
2033,13,39,25,0,58203780,3666,467100,29,15957
2034,8,39,21,4,58233000,3666,480540,30,15965
2035,11,40,20,5,58261260,3666,494640,31,15976
2036,7,35,25,0,58298940,3667,616440,38,15983
2037,4,27,25,0,58333740,3666,869100,54,15987
2038,2,13,25,0,58377720,3666,1373700,86,15989
2039,7,0,18,7,58417020,3662,1813500,113,15996
2040,4,0,19,6,58422780,3661,1813500,113,16000
2041,5,0,19,6,58442340,3662,1813500,113,16005
2042,8,0,22,3,58453620,3661,1813500,113,16013
2043,4,0,21,4,58477980,3661,1814460,113,16017
2044,5,0,20,5,58497060,3661,1814460,113,16022
2045,9,0,23,2,58528440,3662,1815360,113,16031
2046,4,0,18,7,58554180,3661,1815360,113,16035
2047,7,0,21,4,58579680,3662,1815360,113,16042
2048,9,0,23,2,58597620,3662,1815360,113,16051
2049,10,0,25,0,58625640,3662,1816020,113,16061
2050,7,4,23,2,58644660,3662,1816500,113,16068
2051,2,5,18,7,58683960,3663,1816920,113,16070
2052,10,5,24,1,58716420,3664,1846320,115,16080
2053,6,0,19,6,58750140,3662,1869540,116,16086
2054,7,0,21,4,58767480,3662,1869540,116,16093
2055,8,1,23,2,58783560,3662,1871880,116,16101
2056,9,6,21,4,58810620,3662,1873320,116,16110
2057,14,18,19,6,58835880,3663,1879020,116,16124
2058,9,24,19,6,58859100,3664,1886160,117,16133
2059,7,30,18,7,58875360,3664,1891500,117,16140
2060,9,31,23,2,58894080,3665,1959360,121,16149
2061,12,39,25,0,58905000,3665,1969080,122,16161
2062,10,40,19,6,58957200,3666,1973340,122,16171
2063,7,39,23,2,58979880,3667,2018460,125,16178
2064,6,40,21,4,58998720,3668,2018520,125,16184
2065,4,32,23,2,59049660,3669,2161140,133,16188
2066,6,29,25,0,59073060,3669,2329020,144,16194
2067,4,15,25,0,59127840,3668,2723700,168,16198
2068,9,2,22,3,59160960,3664,3100200,191,16207
2069,3,0,21,4,59185620,3664,3110100,192,16210
2070,7,3,20,5,59201100,3664,3111960,192,16217
2071,12,0,25,0,59232000,3664,3120120,192,16229
2072,9,1,24,1,59262360,3664,3120480,192,16238
2073,8,7,21,4,59286240,3664,3122280,192,16246
2074,17,21,19,6,59324580,3665,3127620,192,16263
2075,6,23,20,5,59340900,3666,3133080,193,16269
2076,7,23,25,0,59354460,3666,3163680,194,16276
2077,8,24,25,0,59390640,3667,3233160,199,16284
2078,7,24,25,0,59429040,3668,3273780,201,16291
2079,10,21,25,0,59480340,3668,3398820,209,16301
2080,12,29,19,6,59516100,3668,3401940,209,16313
2081,5,33,19,6,59524320,3668,3406500,209,16318
2082,9,39,19,6,59547180,3669,3415560,209,16327
2083,6,38,21,4,59566980,3669,3432600,210,16333
2084,5,36,25,0,59583780,3670,3474000,213,16338
2085,6,33,25,0,59624760,3670,3534060,216,16344
2086,2,24,25,0,59664360,3670,3794820,232,16346
2087,8,10,25,0,59710020,3668,4226460,259,16354
2088,7,0,17,8,59751780,3665,4504140,276,16361
2089,8,0,21,4,59770020,3665,4504140,275,16369
2090,6,0,21,4,59783820,3665,4504140,275,16375
2091,3,0,18,7,59808180,3665,4504140,275,16378
2092,4,0,17,8,59828580,3665,4504140,275,16382
2093,11,0,20,5,59845560,3664,4504140,275,16393
2094,6,0,22,3,59856720,3664,4504140,275,16399
2095,5,0,19,6,59887440,3664,4504140,275,16404
2096,5,0,17,8,59919480,3664,4504140,275,16409
2097,10,5,19,6,59931180,3664,4504440,275,16419
2098,14,17,18,7,59948580,3665,4507380,275,16433
2099,3,19,17,8,59962020,3665,4511820,275,16436
2100,5,21,19,6,59973000,3666,4525980,275,16441
2101,10,24,25,0,59982540,3666,4579920,279,16451
2102,11,28,25,0,60026880,3667,4601520,280,16462
2103,9,30,25,0,60058440,3667,4610700,280,16471
2104,10,35,22,3,60098640,3668,4631280,281,16481
2105,9,40,20,5,60115920,3668,4633800,281,16490
2106,10,37,25,0,60153900,3669,4670820,283,16500
2107,7,39,21,4,60194580,3670,4675800,284,16507
2108,6,40,18,7,60212340,3670,4675800,284,16513
2109,4,38,18,7,60236160,3671,4725360,287,16517
2110,7,35,25,0,60250020,3671,4847220,294,16524
2111,1,27,25,0,60287820,3672,5145240,312,16525
2112,3,19,25,0,60326640,3671,5425200,329,16528
2113,6,0,19,6,60378000,3668,6137760,372,16534
2114,7,0,21,4,60394740,3668,6137760,372,16541
2115,7,0,20,5,60414720,3667,6137760,372,16548
2116,4,0,18,7,60430800,3667,6137760,372,16552
2117,6,0,19,6,60457620,3667,6137760,371,16558
2118,5,0,21,4,60469500,3667,6137760,371,16563
2119,11,2,23,2,60487380,3667,6138120,371,16574
2120,9,0,25,0,60521460,3667,6149820,372,16583
2121,8,0,21,4,60576480,3667,6149820,371,16591
2122,8,0,21,4,60593880,3667,6149820,371,16599
2123,10,4,21,4,60613980,3667,6150120,371,16609
2124,13,14,20,5,60637740,3667,6151860,371,16622
2125,17,28,18,7,60670380,3668,6155820,371,16639
2126,18,40,19,6,60677040,3668,6158280,371,16657
2127,13,39,23,2,60695820,3669,6196260,373,16670
2128,15,40,25,0,60720060,3669,6239040,375,16685
2129,9,38,25,0,60751440,3670,6265380,377,16694
2130,10,40,19,6,60808800,3671,6284040,378,16704
2131,3,40,18,7,60824760,3671,6292200,378,16707
2132,8,40,19,6,60841980,3672,6306660,379,16715
2133,4,36,23,2,60865320,3672,6408060,385,16719
2134,13,38,25,0,60892500,3672,6539580,392,16732
2135,4,31,25,0,60937980,3672,6724140,403,16736
2136,17,35,25,0,60985740,3672,6884640,413,16753
2137,4,30,25,0,61015620,3672,7025460,421,16757
2138,3,17,25,0,61054200,3671,7483860,448,16760
2139,5,0,18,7,61104960,3668,7978860,478,16765
2140,5,0,17,8,61120200,3667,7978860,478,16770
2141,4,0,20,5,61123980,3667,7978860,478,16774
2142,11,0,23,2,61138260,3666,7978860,477,16785
2143,11,0,22,3,61176000,3666,7980480,477,16796
2144,9,0,22,3,61205280,3666,7980480,477,16805
2145,6,0,19,6,61231200,3665,7980480,477,16811
2146,6,0,16,9,61259460,3665,7980480,477,16817
2147,7,0,20,5,61267860,3665,7980480,476,16824
2148,8,0,21,4,61284540,3664,7980480,476,16832
2149,14,0,24,1,61309500,3663,7981440,476,16846
2150,12,10,20,5,61330680,3663,7982700,476,16858
2151,14,18,22,3,61359900,3664,7988280,476,16872
2152,12,29,18,7,61386180,3665,7990620,476,16884
2153,9,34,19,6,61411740,3666,8005920,476,16893
2154,10,40,18,7,61417320,3666,8005920,476,16903
2155,11,38,20,5,61450200,3667,8038380,478,16914
2156,3,39,22,3,61450200,3667,8044860,478,16917
2157,4,30,25,0,61488120,3667,8230440,489,16921
2158,8,28,25,0,61528680,3667,8376660,497,16929
2159,6,19,25,0,61569180,3666,8624340,512,16935
2160,6,2,25,0,61618620,3664,8973480,532,16941
2161,3,0,18,7,61640940,3663,9021360,535,16944
2162,4,0,17,8,61655220,3663,9021360,535,16948
2163,2,0,17,8,61659060,3662,9021360,535,16950
2164,3,0,17,8,61676280,3663,9021360,535,16953
2165,8,0,20,5,61687560,3662,9021360,535,16961
2166,6,3,18,7,61703820,3662,9021900,534,16967
2167,8,10,17,8,61714380,3663,9023700,534,16975
2168,8,16,17,8,61729320,3663,9029040,534,16983
2169,3,17,18,7,61739760,3663,9036840,535,16986
2170,10,25,18,7,61753320,3664,9052800,535,16996
2171,10,34,18,7,61759260,3664,9054240,535,17006
2172,10,39,19,6,61771860,3664,9064200,535,17016
2173,12,40,19,6,61792500,3665,9081000,536,17028
2174,8,38,22,3,61809540,3666,9134820,539,17036
2175,10,39,25,0,61841280,3666,9289200,548,17046
2176,12,37,25,0,61886940,3667,9420060,556,17058
2177,9,40,21,4,61919640,3667,9447960,557,17067
2178,9,37,22,3,61959060,3668,9477840,559,17076
2179,10,36,25,0,61983540,3668,9553740,563,17086
2180,7,35,25,0,62006040,3667,9715920,572,17093
2181,4,22,25,0,62071140,3668,10223340,602,17097
2182,6,0,18,7,62115360,3663,10704060,630,17103
2183,7,0,18,7,62135460,3662,10704060,630,17110
2184,4,0,19,6,62145120,3662,10704060,630,17114
2185,6,0,17,8,62167440,3662,10704060,629,17120
2186,5,0,16,9,62178120,3661,10704060,629,17125
2187,4,0,19,6,62180640,3661,10704060,629,17129
2188,13,0,24,1,62204940,3661,10706340,629,17142
2189,8,2,24,1,62215560,3660,10706520,629,17150
2190,2,0,20,5,62266740,3661,10711200,629,17152
2191,9,0,21,4,62299320,3662,10711200,628,17161
2192,9,0,22,3,62324820,3661,10711200,628,17170
2193,11,2,25,0,62348700,3661,10715220,628,17181
2194,12,3,25,0,62400360,3662,10724340,628,17193
2195,12,0,23,2,62436480,3661,10735920,628,17205
2196,15,13,19,6,62454540,3660,10736340,628,17220
2197,6,10,24,1,62485320,3661,10761180,629,17226
2198,16,21,23,2,62504700,3661,10776600,629,17242
2199,8,20,25,0,62546460,3662,10797600,630,17250
2200,5,13,25,0,62585880,3662,10888320,635,17255
2201,7,0,24,1,62627280,3660,11015460,642,17262
2202,13,9,22,3,62644800,3660,11017200,642,17275
2203,11,16,20,5,62687340,3661,11023260,642,17286
2204,5,19,19,6,62706840,3661,11028180,642,17291
2205,8,19,24,1,62726640,3662,11061240,644,17299
2206,7,16,25,0,62762820,3662,11120880,647,17306
2207,6,8,25,0,62806140,3661,11250120,654,17312
2208,7,0,21,4,62841180,3659,11335200,659,17319
2209,8,6,20,5,62854680,3660,11335980,659,17327
2210,4,3,23,2,62887200,3661,11351760,659,17331
2211,7,0,22,3,62916720,3660,11361960,660,17338
2212,4,0,18,7,62944020,3660,11361960,660,17342
2213,4,0,19,6,62958180,3660,11361960,659,17346
2214,6,0,20,5,62976240,3660,11361960,659,17352
2215,5,0,19,6,62996280,3660,11361960,659,17357
2216,13,3,23,2,63012360,3660,11362380,659,17370
2217,8,10,18,7,63038460,3660,11364600,659,17378
2218,7,13,18,7,63066060,3661,11374320,659,17385
2219,12,16,25,0,63070200,3660,11420940,661,17397
2220,10,25,22,3,63089160,3661,11422860,661,17407
2221,11,29,22,3,63138360,3662,11433660,661,17418
2222,10,33,22,3,63169980,3663,11463420,662,17428
2223,8,30,25,0,63197880,3663,11552400,667,17436
2224,8,33,21,4,63232200,3663,11560380,667,17444
2225,9,36,23,2,63254640,3663,11563680,667,17453
2226,9,36,25,0,63291960,3664,11576520,667,17462
2227,4,32,25,0,63321420,3664,11702460,674,17466
2228,5,19,25,0,63375000,3663,12064200,695,17471
2229,4,0,20,5,63418620,3660,12502080,720,17475
2230,11,0,18,7,63447480,3659,12502080,720,17486
2231,6,0,20,5,63461940,3659,12502080,720,17492
2232,5,0,19,6,63480600,3658,12502080,719,17497
2233,4,0,18,7,63501600,3658,12502080,719,17501
2234,8,0,20,5,63518460,3658,12502080,719,17509
2235,3,0,17,8,63544980,3658,12502080,719,17512
2236,6,0,21,4,63552720,3658,12502080,718,17518
2237,4,0,20,5,63572640,3659,12502080,718,17522
2238,7,0,23,2,63591300,3659,12502080,718,17529
2239,8,0,22,3,63629520,3659,12502080,718,17537
2240,3,0,16,9,63666180,3659,12502080,718,17540
2241,5,0,17,8,63674160,3659,12502080,717,17545
2242,10,0,23,2,63685020,3659,12502080,717,17555
2243,5,0,19,6,63714000,3658,12502080,717,17560
2244,11,0,22,3,63729300,3658,12502080,716,17571
2245,9,0,22,3,63763080,3658,12502980,716,17580
2246,8,1,22,3,63784440,3657,12503160,716,17588
2247,6,3,20,5,63807000,3658,12503580,715,17594
2248,6,0,19,6,63844200,3658,12518400,716,17600
2249,6,0,22,3,63858840,3658,12518400,716,17606
2250,6,0,19,6,63888360,3658,12518400,715,17612
2251,12,3,23,2,63906960,3658,12519360,715,17624
2252,9,11,19,6,63933240,3658,12522600,715,17633
2253,13,23,18,7,63947940,3658,12524160,714,17646
2254,6,25,19,6,63974100,3659,12538980,715,17652
2255,6,23,25,0,63982740,3659,12599820,718,17658
2256,3,15,25,0,64026780,3660,12695520,724,17661
2257,4,0,22,3,64072620,3658,12883260,734,17665
2258,9,0,23,2,64090740,3657,12883260,734,17674
2259,3,0,18,7,64119060,3657,12883260,734,17677
2260,5,0,17,8,64132560,3656,12883260,733,17682
2261,5,0,17,8,64148100,3656,12883260,733,17687
2262,7,0,19,6,64157400,3656,12883260,733,17694
2263,4,0,19,6,64172340,3656,12883260,733,17698
2264,5,0,21,4,64181700,3656,12883260,733,17703
2265,11,0,24,1,64208760,3656,12883260,732,17714
2266,9,0,23,2,64244940,3656,12883260,732,17723
2267,5,0,21,4,64270920,3656,12883260,732,17728
2268,12,1,25,0,64295220,3656,12883260,731,17740
2269,7,0,20,5,64346160,3656,12886500,731,17747
2270,10,0,21,4,64374180,3655,12886500,730,17757
2271,12,5,22,3,64385460,3655,12887100,730,17769
2272,11,16,18,7,64412100,3656,12887100,730,17780
2273,9,18,22,3,64435860,3656,12904980,730,17789
2274,7,19,25,0,64457520,3657,12931380,731,17796
2275,4,13,25,0,64495200,3657,12988560,734,17800
2276,2,0,18,7,64543800,3655,13129380,742,17802
2277,5,0,20,5,64562400,3656,13129380,742,17807
2278,7,0,22,3,64576380,3655,13129380,742,17814
2279,8,4,21,4,64592160,3655,13129920,742,17822
2280,5,6,18,7,64627200,3656,13136640,742,17827
2281,5,9,17,8,64647840,3656,13137420,742,17832
2282,5,13,18,7,64647840,3656,13138200,742,17837
2283,6,13,21,4,64674660,3657,13154040,742,17843
2284,6,10,25,0,64697100,3658,13175160,743,17849
2285,5,9,25,0,64727520,3658,13213680,745,17854
2286,3,0,20,5,64777620,3657,13352520,753,17857
2287,13,0,23,2,64813260,3657,13352880,752,17870
2288,11,0,24,1,64843320,3657,13354320,752,17881
2289,17,5,25,0,64882020,3657,13359420,751,17898
2290,16,13,25,0,64919340,3657,13371480,751,17914
2291,10,18,20,5,64955280,3657,13377300,751,17924
2292,9,25,18,7,64980840,3658,13381740,751,17933
2293,13,33,21,4,64996440,3658,13393080,751,17946
2294,8,39,18,7,65028840,3659,13401240,751,17954
2295,6,40,18,7,65042520,3660,13408980,752,17960
2296,9,39,18,7,65050680,3660,13416660,752,17969
2297,3,36,21,4,65074200,3660,13517160,758,17972
2298,7,33,25,0,65088600,3660,13600680,762,17979
2299,7,28,25,0,65145240,3661,13722960,768,17986
2300,10,29,25,0,65171040,3660,13881300,777,17996
2301,6,28,24,1,65197920,3660,13891380,777,18002
2302,5,6,25,0,65257980,3658,14505780,811,18007
2303,3,0,18,7,65279400,3656,14701620,822,18010
2304,5,0,18,7,65291940,3656,14701620,822,18015
2305,5,0,21,4,65301000,3656,14701620,822,18020
2306,7,0,24,1,65323680,3656,14701740,821,18027
2307,7,0,20,5,65364300,3656,14701740,821,18034
2308,7,0,21,4,65385900,3656,14701740,821,18041
2309,4,1,20,5,65405640,3657,14702220,821,18045
2310,9,7,20,5,65422500,3657,14703240,820,18054
2311,7,6,23,2,65455020,3658,14719260,821,18061
2312,10,6,24,1,65487300,3658,14727600,821,18071
2313,6,10,19,6,65514120,3658,14728020,821,18077
2314,12,19,19,6,65531820,3658,14733840,820,18089
2315,8,18,25,0,65554080,3659,14756340,821,18097
2316,14,21,25,0,65608080,3660,14764260,821,18111
2317,6,25,24,1,65618760,3660,14766540,821,18117
2318,7,26,24,1,65656740,3661,14776620,821,18124
2319,9,31,24,1,65682960,3661,14779140,821,18133
2320,4,29,20,5,65747160,3663,14792580,821,18137
2321,4,29,23,2,65754300,3663,14802060,822,18141
2322,11,30,25,0,65800380,3664,14893620,826,18152
2323,13,40,19,6,65823360,3664,14894160,826,18165
2324,7,40,19,6,65835660,3664,14902440,826,18172
2325,7,40,20,5,65867940,3665,14922180,827,18179
2326,6,40,17,8,65885520,3665,14922180,827,18185
2327,4,37,21,4,65908860,3666,14985780,830,18189
2328,5,34,25,0,65926080,3666,15021840,832,18194
2329,5,30,25,0,65961060,3666,15286140,847,18199
2330,6,5,25,0,66022440,3663,16460520,911,18205
2331,3,0,18,7,66040740,3661,16613040,920,18208
2332,9,0,22,3,66058320,3661,16613040,919,18217
2333,5,0,20,5,66084660,3661,16613040,919,18222
2334,9,0,21,4,66103080,3661,16613040,919,18231
2335,8,0,20,5,66138120,3661,16613040,918,18239
2336,8,0,22,3,66151080,3660,16613040,918,18247
2337,2,0,19,6,66179880,3661,16613040,918,18249
2338,13,0,24,1,66200040,3660,16613040,917,18262
2339,7,0,23,2,66223740,3660,16613040,917,18269
2340,5,0,19,6,66259500,3660,16613040,916,18274
2341,7,0,20,5,66289260,3661,16613040,916,18281
2342,10,1,24,1,66301020,3660,16613040,916,18291
2343,14,13,19,6,66335700,3661,16614600,915,18305
2344,15,25,19,6,66359100,3661,16620000,915,18320
2345,10,32,19,6,66376260,3662,16636320,915,18330
2346,15,40,18,7,66393060,3662,16637460,915,18345
2347,5,38,17,8,66414900,3663,16651200,915,18350
2348,11,40,18,7,66414900,3663,16657680,916,18361
2349,8,37,20,5,66442320,3664,16739220,920,18369
2350,5,36,25,0,66451020,3664,16776420,922,18374
2351,7,39,25,0,66473520,3665,16805100,923,18381
2352,8,39,25,0,66520380,3666,16862760,926,18389
2353,11,40,23,2,66566160,3666,16982880,932,18400
2354,8,38,18,7,66599100,3666,16990260,932,18408
2355,4,36,22,3,66608940,3666,17120160,939,18412
2356,3,26,25,0,66638220,3666,17522220,961,18415
2357,3,0,20,5,66679620,3661,18361200,1007,18418
2358,8,0,20,5,66709740,3661,18361200,1006,18426
2359,4,0,17,8,66732120,3661,18361200,1006,18430
2360,9,1,22,3,66745740,3661,18361740,1006,18439
2361,9,10,18,7,66762180,3662,18361740,1006,18448
2362,13,21,17,8,66785160,3662,18365100,1005,18461
2363,14,34,17,8,66795540,3663,18365160,1005,18475
2364,13,40,17,8,66802500,3663,18372540,1004,18488
2365,14,40,18,7,66821160,3663,18393900,1005,18502
2366,8,40,17,8,66829140,3664,18393900,1005,18510
2367,11,39,21,4,66843840,3664,18489780,1010,18521
2368,8,40,25,0,66856860,3664,18576480,1014,18529
2369,8,36,25,0,66901920,3665,18668880,1019,18537
2370,8,33,25,0,66944700,3665,18801540,1026,18545
2371,10,34,24,1,66977280,3665,18869940,1029,18555
2372,2,29,25,0,67008720,3665,18950940,1033,18557
2373,13,14,25,0,67073460,3663,19450260,1060,18570
2374,9,5,25,0,67097940,3661,19635840,1069,18579
2375,9,0,21,4,67132200,3659,19836960,1080,18588
2376,4,0,17,8,67160220,3659,19836960,1079,18592
2377,5,0,16,9,67175700,3659,19836960,1079,18597
2378,8,0,19,6,67190280,3659,19836960,1079,18605
2379,3,0,19,6,67196880,3658,19836960,1078,18608
2380,5,0,18,7,67226040,3659,19836960,1078,18613
2381,10,5,22,3,67227780,3659,19837080,1078,18623
2382,4,5,22,3,67253340,3659,19842660,1078,18627
2383,9,4,25,0,67293840,3660,19864440,1078,18636
2384,8,1,22,3,67342380,3660,19874160,1078,18644
2385,9,4,25,0,67355640,3660,19877820,1078,18653
2386,10,6,25,0,67400640,3661,19885200,1078,18663
2387,12,11,24,1,67437900,3661,19892940,1078,18675
2388,6,15,18,7,67476960,3662,19897980,1078,18681
2389,14,27,18,7,67492620,3662,19905420,1078,18695
2390,6,33,17,8,67500060,3662,19905420,1078,18701
2391,12,40,18,7,67509660,3663,19909860,1077,18713
2392,12,40,18,7,67531920,3664,19926840,1077,18725
2393,9,40,18,7,67543680,3664,19943700,1078,18734
2394,9,40,19,6,67562280,3664,19970220,1079,18743
2395,7,38,19,6,67582380,3665,20043660,1083,18750
2396,9,38,25,0,67603320,3665,20184180,1090,18759
2397,6,38,25,0,67629540,3666,20229600,1092,18765
2398,8,34,25,0,67678800,3666,20352300,1099,18773
2399,5,35,21,4,67716300,3666,20356740,1098,18778

