Hour,Arrivals,Waiting,Treating,Available Rooms,Total Treatment Time,Average Treatment Time,Total Wait Time,Average Wait Time,Total Arrivals
1,4,0,4,21,0,0,0,0,4
2,4,0,6,19,3840,1920,0,0,8
3,3,0,2,23,31320,3480,0,0,11
4,6,0,4,21,42960,3304,0,0,17
5,4,0,3,22,54360,3020,0,0,21
6,7,0,8,17,64620,3231,0,0,28
7,2,0,3,22,91740,3397,0,0,30
8,8,0,6,19,105720,3303,0,0,38
9,5,0,6,19,118080,3191,0,0,43
10,6,0,6,19,133920,3114,0,0,49
11,12,0,10,15,156840,3075,0,0,61
12,10,0,8,17,214440,3403,0,0,71
13,9,0,8,17,247500,3437,0,0,80
14,12,0,11,14,270240,3336,0,0,92
15,4,0,4,21,319380,3471,0,0,96
16,7,0,3,22,344820,3448,0,0,103
17,6,0,6,19,349920,3397,0,0,109
18,6,0,7,18,370620,3431,0,0,115
19,2,0,5,20,386520,3451,0,0,117
20,5,0,4,21,407940,3457,0,0,122
21,9,0,11,14,417060,3475,0,0,131
22,9,0,7,18,464340,3491,0,0,140
23,11,0,9,16,479700,3378,0,0,151
24,1,0,0,25,521700,3432,0,0,152
25,6,0,4,21,524760,3407,0,0,158
26,4,0,3,22,534720,3363,0,0,162
27,4,0,2,23,549480,3350,0,0,166
28,7,0,6,19,560520,3356,0,0,173
29,5,0,5,20,577860,3340,0,0,178
30,3,0,4,21,595380,3363,0,0,181
31,8,0,8,17,610620,3373,0,0,189
32,6,0,8,17,632580,3382,0,0,195
33,8,0,6,19,665880,3380,0,0,203
34,9,0,9,16,692880,3413,0,0,212
35,10,0,13,12,716220,3426,0,0,222
36,8,0,6,19,756120,3375,0,0,230
37,12,0,10,15,786360,3389,0,0,242
38,7,0,6,19,824580,3393,0,0,249
39,6,0,6,19,846120,3398,0,0,255
40,8,0,10,15,869100,3435,0,0,263
41,8,0,7,18,900660,3411,0,0,271
42,9,0,11,14,914400,3399,0,0,280
43,11,0,8,17,970560,3429,0,0,291
44,2,0,2,23,1001400,3441,0,0,293
45,1,0,1,24,1011360,3451,0,0,294
46,8,0,5,20,1022820,3443,0,0,302
47,6,0,6,19,1033680,3422,0,0,308
48,8,0,10,15,1051080,3434,0,0,316
49,2,0,4,21,1076640,3428,0,0,318
50,5,0,3,22,1106460,3457,0,0,323
51,7,0,6,19,1112400,3433,0,0,330
52,8,0,5,20,1142700,3431,0,0,338
53,6,0,7,18,1159320,3440,0,0,344
54,1,0,2,23,1182480,3447,0,0,345
55,7,0,6,19,1191300,3443,0,0,352
56,4,0,5,20,1211160,3450,0,0,356
57,8,0,7,18,1226640,3435,0,0,364
58,4,0,7,18,1244580,3447,0,0,368
59,3,0,5,20,1267980,3464,0,0,371
60,12,0,10,15,1288620,3454,0,0,383
61,10,0,10,15,1312980,3428,0,0,393
62,9,0,11,14,1342020,3432,0,0,402
63,8,0,8,17,1390140,3458,0,0,410
64,7,0,6,19,1430040,3479,0,0,417
65,9,0,11,14,1442340,3475,0,0,426
66,3,0,6,19,1482660,3505,0,0,429
67,13,0,14,11,1498740,3501,0,0,442
68,3,0,6,19,1550640,3532,0,0,445
69,4,0,4,21,1579500,3549,0,0,449
70,8,0,8,17,1599840,3563,0,0,457
71,4,0,5,20,1622460,3558,0,0,461
72,5,0,5,20,1651440,3582,0,0,466
73,6,0,8,17,1657620,3572,0,0,472
74,7,0,6,19,1684140,3560,0,0,479
75,6,0,5,20,1698600,3538,0,0,485
76,6,0,6,19,1712760,3531,0,0,491
77,5,0,4,21,1739940,3536,0,0,496
78,4,0,3,22,1757940,3537,0,0,500
79,8,0,5,20,1770000,3518,0,0,508
80,7,0,7,18,1784460,3512,0,0,515
81,9,0,9,16,1807860,3510,0,0,524
82,5,0,6,19,1843140,3524,0,0,529
83,6,0,9,16,1852560,3521,0,0,535
84,7,0,4,21,1891920,3516,0,0,542
85,7,0,8,17,1907520,3525,0,0,549
86,11,0,8,17,1944420,3522,0,0,560
87,12,0,8,17,1975920,3503,0,0,572
88,9,0,7,18,2004300,3491,0,0,581
89,13,0,13,12,2022480,3481,0,0,594
90,8,0,13,12,2049720,3480,0,0,602
91,6,0,10,15,2102760,3516,0,0,608
92,7,0,8,17,2140020,3525,0,0,615
93,4,0,5,20,2180280,3550,0,0,619
94,4,0,5,20,2196780,3554,0,0,623
95,3,0,1,24,2222400,3555,0,0,626
96,8,0,7,18,2225040,3548,0,0,634
97,4,0,2,23,2247120,3533,0,0,638
98,1,0,1,24,2258400,3539,0,0,639
99,4,0,2,23,2261340,3527,0,0,643
100,4,0,4,21,2265540,3523,0,0,647
101,4,0,6,19,2271960,3522,0,0,651
102,5,0,4,21,2294340,3518,0,0,656
103,5,0,5,20,2316240,3530,0,0,661
104,8,0,8,17,2335080,3532,0,0,669
105,7,0,7,18,2360400,3528,0,0,676
106,8,0,9,16,2384880,3533,0,0,684
107,11,0,8,17,2425320,3530,0,0,695
108,11,0,13,12,2441820,3523,0,0,706
109,8,0,10,15,2492340,3540,0,0,714
110,9,0,9,16,2533620,3548,0,0,723
111,4,0,9,16,2550060,3551,0,0,727
112,8,0,7,18,2593260,3562,0,0,735
113,10,0,10,15,2615340,3558,0,0,745
114,3,0,3,22,2644260,3549,0,0,748
115,7,0,6,19,2655540,3545,0,0,755
116,5,0,8,17,2667060,3546,0,0,760
117,10,0,6,19,2703300,3538,0,0,770
118,2,0,1,24,2736540,3549,0,0,772
119,1,0,1,24,2737380,3545,0,0,773
120,2,0,2,23,2738220,3542,0,0,775
121,3,0,5,20,2738220,3542,0,0,778
122,2,0,5,20,2745960,3543,0,0,780
123,6,0,5,20,2764020,3539,0,0,786
124,9,0,5,20,2787960,3529,0,0,795
125,10,0,9,16,2807520,3527,0,0,805
126,9,0,11,14,2828880,3522,0,0,814
127,5,0,4,21,2875320,3528,0,0,819
128,4,0,3,22,2903760,3541,0,0,823
129,10,0,8,17,2915280,3533,0,0,833
130,9,0,8,17,2950620,3537,0,0,842
131,10,0,9,16,2973420,3527,0,0,852
132,14,0,12,13,3009480,3523,0,0,866
133,11,0,12,13,3039720,3514,0,0,877
134,2,0,9,16,3064980,3522,0,0,879
135,9,0,9,16,3114720,3543,0,0,888
136,9,0,8,17,3146280,3539,0,0,897
137,7,0,11,14,3168780,3548,0,0,904
138,10,0,13,12,3205560,3557,0,0,914
139,4,0,7,18,3260400,3578,0,0,918
140,9,0,8,17,3298800,3589,0,0,927
141,5,0,7,18,3321240,3590,0,0,932
142,6,0,5,20,3344100,3584,0,0,938
143,2,0,1,24,3370560,3589,0,0,940
144,3,0,3,22,3371580,3586,0,0,943
145,1,0,2,23,3381360,3589,0,0,944
146,5,0,4,21,3389100,3586,0,0,949
147,4,0,2,23,3408780,3584,0,0,953
148,4,0,4,21,3410880,3579,0,0,957
149,5,0,4,21,3423060,3573,0,0,962
150,5,0,5,20,3437040,3572,0,0,967
151,5,0,3,22,3461940,3572,0,0,972
152,7,0,7,18,3475080,3575,0,0,979
153,9,0,8,17,3501060,3572,0,0,988
154,8,0,8,17,3523380,3566,0,0,996
155,12,0,7,18,3558660,3555,0,0,1008
156,11,0,12,13,3587340,3562,0,0,1019
157,17,0,17,8,3613140,3545,0,0,1036
158,7,0,15,10,3644460,3545,0,0,1043
159,13,0,12,13,3703620,3547,0,0,1056
160,11,0,12,13,3765240,3568,0,0,1067
161,9,0,6,19,3824820,3574,0,0,1076
162,5,0,8,17,3831120,3570,0,0,1081
163,10,0,11,14,3859620,3573,0,0,1091
164,6,0,9,16,3904500,3588,0,0,1097
165,5,0,6,19,3941280,3596,0,0,1102
166,2,0,4,21,3965820,3605,0,0,1104
167,10,0,9,16,3982680,3604,0,0,1114
168,6,0,6,19,4006860,3596,0,0,1120
169,3,0,5,20,4029780,3604,0,0,1123
170,7,0,3,22,4058640,3601,0,0,1130
171,3,0,3,22,4074180,3605,0,0,1133
172,3,0,4,21,4079100,3603,0,0,1136
173,4,0,2,23,4091640,3595,0,0,1140
174,8,0,6,19,4100220,3590,0,0,1148
175,6,0,6,19,4110780,3580,0,0,1154
176,7,0,12,13,4118700,3584,0,0,1161
177,9,0,9,16,4165140,3587,0,0,1170
178,12,0,14,11,4195680,3592,0,0,1182
179,15,0,12,13,4256280,3591,0,0,1197
180,12,0,8,17,4305840,3585,0,0,1209
181,11,0,13,12,4328820,3586,0,0,1220
182,10,0,13,12,4355280,3578,0,0,1230
183,9,0,11,14,4401000,3583,0,0,1239
184,10,0,11,14,4440780,3587,0,0,1249
185,6,0,7,18,4480920,3590,0,0,1255
186,6,0,4,21,4524480,3599,0,0,1261
187,5,0,5,20,4537140,3598,0,0,1266
188,6,0,9,16,4545600,3599,0,0,1272
189,6,0,8,17,4581600,3607,0,0,1278
190,5,0,8,17,4605120,3611,0,0,1283
191,6,0,8,17,4636680,3619,0,0,1289
192,5,0,6,19,4672380,3627,0,0,1294
193,3,0,2,23,4700820,3629,0,0,1297
194,5,0,6,19,4706580,3631,0,0,1302
195,3,0,5,20,4723620,3633,0,0,1305
196,5,0,2,23,4748280,3630,0,0,1310
197,4,0,6,19,4748280,3630,0,0,1314
198,1,0,3,22,4767000,3633,0,0,1315
199,11,0,9,16,4785780,3633,0,0,1326
200,9,0,9,16,4805880,3624,0,0,1335
201,11,0,9,16,4838460,3618,0,0,1346
202,5,0,8,17,4868340,3624,0,0,1351
203,8,0,9,16,4897740,3627,0,0,1359
204,11,0,15,10,4917000,3628,0,0,1370
205,6,0,8,17,4970400,3633,0,0,1376
206,5,0,6,19,5012460,3645,0,0,1381
207,10,0,12,13,5026800,3645,0,0,1391
208,6,0,11,14,5052660,3645,0,0,1397
209,6,0,4,21,5099760,3645,0,0,1403
210,2,0,3,22,5115180,3648,0,0,1405
211,5,0,3,22,5131980,3647,0,0,1410
212,8,0,5,20,5144880,3641,0,0,1418
213,6,0,6,19,5154360,3634,0,0,1424
214,3,0,6,19,5161620,3632,0,0,1427
215,3,0,7,18,5176620,3637,0,0,1430
216,6,0,11,14,5185320,3638,0,0,1436
217,4,0,5,20,5238960,3650,0,0,1440
218,7,0,4,21,5269080,3651,0,0,1447
219,7,0,7,18,5276340,3646,0,0,1454
220,2,0,4,21,5290920,3643,0,0,1456
221,10,0,9,16,5314260,3647,0,0,1466
222,7,0,10,15,5336880,3647,0,0,1473
223,9,0,11,14,5384640,3660,0,0,1482
224,6,0,5,20,5428440,3660,0,0,1488
225,7,0,9,16,5438820,3660,0,0,1495
226,5,0,10,15,5453640,3660,0,0,1500
227,8,0,8,17,5496120,3664,0,0,1508
228,13,0,11,14,5524200,3658,0,0,1521
229,6,0,8,17,5567880,3665,0,0,1527
230,8,0,8,17,5596200,3664,0,0,1535
231,8,0,7,18,5626920,3663,0,0,1543
232,6,0,6,19,5660460,3668,0,0,1549
233,13,0,12,13,5684580,3667,0,0,1562
234,6,0,9,16,5724420,3671,0,0,1568
235,7,0,8,17,5762160,3677,0,0,1575
236,6,0,4,21,5789520,3671,0,0,1581
237,2,0,4,21,5800680,3673,0,0,1583
238,8,0,5,20,5824560,3672,0,0,1591
239,4,0,3,22,5838060,3667,0,0,1595
240,3,0,1,24,5863560,3671,0,0,1598
241,5,0,3,22,5867100,3666,0,0,1603
242,6,0,4,21,5878140,3662,0,0,1609
243,5,0,6,19,5887860,3661,0,0,1614
244,5,0,7,18,5902800,3661,0,0,1619
245,4,0,5,20,5935500,3668,0,0,1623
246,6,0,7,18,5947620,3666,0,0,1629
247,6,0,8,17,5967720,3667,0,0,1635
248,7,0,7,18,5991540,3664,0,0,1642
249,12,0,9,16,6030300,3665,0,0,1654
250,10,0,11,14,6047700,3658,0,0,1664
251,6,0,9,16,6079440,3660,0,0,1670
252,7,0,8,17,6126600,3670,0,0,1677
253,6,0,5,20,6166920,3675,0,0,1683
254,7,0,9,16,6173520,3672,0,0,1690
255,6,0,7,18,6203460,3672,0,0,1696
256,16,0,16,9,6228840,3672,0,0,1712
257,6,0,12,13,6259080,3668,0,0,1718
258,8,0,10,15,6304920,3674,0,0,1726
259,4,0,10,15,6334320,3682,0,0,1730
260,2,0,4,21,6381240,3692,0,0,1732
261,8,0,6,19,6394440,3687,0,0,1740
262,1,0,1,24,6422220,3690,0,0,1741
263,3,0,3,22,6423360,3689,0,0,1744
264,4,0,6,19,6433260,3693,0,0,1748
265,3,0,3,22,6446340,3687,0,0,1751
266,3,0,2,23,6466140,3690,0,0,1754
267,5,0,6,19,6466740,3688,0,0,1759
268,5,0,6,19,6483360,3687,0,0,1764
269,4,0,4,21,6506520,3688,0,0,1768
270,6,0,4,21,6524940,3686,0,0,1774
271,6,0,5,20,6540060,3684,0,0,1780
272,8,0,8,17,6549600,3679,0,0,1788
273,5,0,8,17,6564900,3677,0,0,1793
274,5,0,6,19,6595380,3680,0,0,1798
275,8,0,6,19,6627240,3681,0,0,1806
276,7,0,3,22,6653400,3675,0,0,1813
277,8,0,5,20,6671640,3673,0,0,1821
278,3,0,3,22,6683940,3670,0,0,1824
279,4,0,2,23,6705060,3671,0,0,1828
280,8,0,7,18,6711180,3669,0,0,1836
281,5,0,8,17,6718260,3665,0,0,1841
282,7,0,7,18,6755460,3669,0,0,1848
283,8,0,6,19,6783420,3666,0,0,1856
284,10,0,5,20,6809040,3658,0,0,1866
285,0,0,3,22,6826920,3664,0,0,1866
286,2,0,2,23,6840540,3665,0,0,1868
287,5,0,4,21,6845400,3662,0,0,1873
288,4,0,5,20,6851760,3660,0,0,1877
289,5,0,1,24,6875880,3655,0,0,1882
290,4,0,4,21,6878760,3655,0,0,1886
291,10,0,10,15,6894360,3655,0,0,1896
292,6,0,7,18,6921540,3652,0,0,1902
293,11,0,9,16,6955380,3653,0,0,1913
294,6,0,6,19,6980040,3648,0,0,1919
295,13,0,9,16,7019820,3650,0,0,1932
296,6,0,7,18,7048440,3650,0,0,1938
297,12,0,9,16,7083660,3649,0,0,1950
298,8,0,7,18,7118400,3648,0,0,1958
299,8,0,8,17,7138260,3645,0,0,1966
300,5,0,9,16,7161420,3650,0,0,1971
301,8,0,8,17,7186920,3646,0,0,1979
302,13,0,13,12,7224120,3650,0,0,1992
303,13,0,12,13,7271160,3648,0,0,2005
304,14,0,16,9,7299840,3644,0,0,2019
305,7,0,13,12,7336140,3644,0,0,2026
306,5,0,5,20,7407660,3656,0,0,2031
307,7,0,6,19,7435440,3659,0,0,2038
308,2,0,4,21,7451640,3659,0,0,2040
309,4,0,3,22,7468080,3659,0,0,2044
310,3,0,5,20,7471200,3658,0,0,2047
311,12,0,4,21,7510560,3654,0,0,2059
312,3,0,1,24,7532160,3654,0,0,2062
313,3,0,2,23,7534020,3651,0,0,2065
314,4,0,5,20,7534440,3650,0,0,2069
315,5,0,2,23,7561800,3649,0,0,2074
316,5,0,5,20,7567860,3648,0,0,2079
317,6,0,5,20,7578900,3643,0,0,2085
318,11,0,11,14,7587660,3639,0,0,2096
319,12,0,11,14,7624560,3635,0,0,2108
320,9,0,10,15,7653300,3632,0,0,2117
321,11,0,8,17,7704480,3634,0,0,2128
322,7,0,8,17,7726320,3632,0,0,2135
323,6,0,3,22,7766820,3632,0,0,2141
324,11,0,9,16,7780380,3630,0,0,2152
325,9,0,13,12,7794900,3628,0,0,2161
326,11,0,10,15,7841760,3627,0,0,2172
327,15,0,15,10,7876500,3626,0,0,2187
328,12,0,14,11,7926900,3627,0,0,2199
329,9,0,12,13,7977180,3632,0,0,2208
330,8,0,7,18,8033640,3636,0,0,2216
331,5,0,8,17,8052780,3638,0,0,2221
332,4,0,5,20,8084760,3641,0,0,2225
333,6,0,5,20,8114760,3645,0,0,2231
334,2,0,4,21,8130060,3647,0,0,2233
335,5,0,4,21,8147220,3646,0,0,2238
336,6,0,5,20,8164980,3646,0,0,2244
337,4,0,5,20,8183100,3648,0,0,2248
338,5,0,5,20,8202180,3648,0,0,2253
339,6,0,8,17,8214900,3649,0,0,2259
340,6,0,7,18,8241360,3649,0,0,2265
341,2,0,4,21,8267100,3653,0,0,2267
342,4,0,5,20,8276040,3652,0,0,2271
343,6,0,5,20,8305080,3655,0,0,2277
344,5,0,7,18,8320260,3657,0,0,2282
345,13,0,12,13,8345280,3655,0,0,2295
346,9,0,16,9,8364600,3655,0,0,2304
347,7,0,7,18,8419440,3654,0,0,2311
348,9,0,6,19,8452080,3652,0,0,2320
349,12,0,10,15,8477100,3650,0,0,2332
350,11,0,10,15,8513280,3649,0,0,2343
351,4,0,7,18,8544360,3651,0,0,2347
352,11,0,6,19,8580300,3648,0,0,2358
353,6,0,8,17,8599500,3650,0,0,2364
354,6,0,7,18,8634240,3653,0,0,2370
355,7,0,7,18,8661900,3654,0,0,2377
356,6,0,7,18,8679120,3652,0,0,2383
357,6,0,10,15,8682060,3649,0,0,2389
358,2,0,3,22,8733000,3657,0,0,2391
359,9,0,5,20,8752680,3654,0,0,2400
360,5,0,5,20,8771100,3654,0,0,2405
361,2,0,3,22,8796540,3659,0,0,2407
362,2,0,3,22,8807520,3660,0,0,2409
363,7,0,4,21,8819460,3656,0,0,2416
364,2,0,2,23,8833500,3656,0,0,2418
365,9,0,7,18,8842680,3654,0,0,2427
366,6,0,9,16,8861040,3655,0,0,2433
367,9,0,8,17,8901600,3657,0,0,2442
368,6,0,10,15,8920320,3658,0,0,2448
369,9,0,6,19,8966640,3658,0,0,2457
370,6,0,5,20,8995200,3659,0,0,2463
371,14,0,12,13,9017220,3658,0,0,2477
372,13,0,17,8,9050520,3659,0,0,2490
373,13,0,13,12,9110040,3658,0,0,2503
374,7,0,10,15,9144120,3657,0,0,2510
375,12,0,8,17,9192240,3656,0,0,2522
376,5,0,7,18,9210180,3654,0,0,2527
377,6,0,4,21,9244200,3655,0,0,2533
378,6,0,4,21,9256980,3651,0,0,2539
379,4,0,3,22,9277260,3652,0,0,2543
380,6,0,3,22,9297300,3651,0,0,2549
381,6,0,4,21,9306960,3648,0,0,2555
382,4,0,3,22,9328740,3649,0,0,2559
383,3,0,5,20,9331140,3649,0,0,2562
384,7,0,7,18,9353640,3650,0,0,2569
385,3,0,4,21,9381300,3653,0,0,2572
386,6,0,6,19,9398880,3654,0,0,2578
387,3,0,4,21,9415200,3653,0,0,2581
388,5,0,6,19,9437460,3657,0,0,2586
389,8,0,6,19,9462420,3656,0,0,2594
390,6,0,3,22,9485880,3652,0,0,2600
391,3,0,4,21,9495780,3653,0,0,2603
392,12,0,8,17,9519900,3651,0,0,2615
393,9,0,11,14,9543000,3652,0,0,2624
394,15,0,15,10,9579300,3650,0,0,2639
395,8,0,9,16,9630600,3650,0,0,2647
396,9,0,9,16,9666360,3651,0,0,2656
397,5,0,6,19,9695520,3651,0,0,2661
398,10,0,7,18,9734400,3654,0,0,2671
399,8,0,8,17,9762420,3654,0,0,2679
400,8,0,9,16,9777900,3651,0,0,2687
401,4,0,5,20,9807720,3651,0,0,2691
402,9,0,5,20,9839400,3650,0,0,2700
403,5,0,5,20,9849000,3647,0,0,2705
404,7,0,5,20,9874620,3647,0,0,2712
405,6,0,8,17,9882900,3646,0,0,2718
406,9,0,5,20,9931260,3648,0,0,2727
407,6,0,6,19,9942840,3646,0,0,2733
408,5,0,5,20,9959580,3644,0,0,2738
409,8,0,6,19,9979380,3642,0,0,2746
410,5,0,6,19,9992280,3640,0,0,2751
411,2,0,4,21,10005240,3639,0,0,2753
412,5,0,3,22,10031520,3641,0,0,2758
413,8,0,4,21,10057380,3641,0,0,2766
414,7,0,7,18,10072380,3641,0,0,2773
415,5,0,6,19,10100700,3643,0,0,2778
416,7,0,7,18,10128180,3645,0,0,2785
417,6,0,9,16,10143600,3646,0,0,2791
418,9,0,5,20,10185420,3644,0,0,2800
419,12,0,14,11,10196760,3644,0,0,2812
420,6,0,4,21,10243980,3640,0,0,2818
421,7,0,4,21,10263840,3638,0,0,2825
422,11,0,10,15,10276980,3636,0,0,2836
423,14,0,10,15,10315980,3632,0,0,2850
424,10,0,11,14,10346460,3631,0,0,2860
425,11,0,7,18,10389840,3627,0,0,2871
426,5,0,4,21,10425840,3630,0,0,2876
427,8,0,3,22,10443840,3625,0,0,2884
428,7,0,5,20,10461240,3624,0,0,2891
429,8,0,6,19,10485660,3624,0,0,2899
430,1,0,3,22,10506420,3626,0,0,2900
431,7,0,5,20,10523880,3626,0,0,2907
432,4,0,4,21,10539420,3625,0,0,2911
433,3,0,3,22,10560180,3627,0,0,2914
434,7,0,7,18,10569420,3627,0,0,2921
435,8,0,10,15,10587780,3627,0,0,2929
436,4,0,6,19,10625580,3630,0,0,2933
437,7,0,9,16,10641060,3630,0,0,2940
438,6,0,8,17,10673460,3632,0,0,2946
439,3,0,4,21,10700400,3633,0,0,2949
440,5,0,4,21,10723980,3635,0,0,2954
441,7,0,8,17,10736100,3635,0,0,2961
442,13,0,8,17,10772160,3631,0,0,2974
443,13,0,14,11,10795020,3631,0,0,2987
444,6,0,9,16,10840080,3632,0,0,2993
445,8,0,12,13,10870440,3636,0,0,3001
446,3,0,6,19,10902060,3636,0,0,3004
447,4,0,5,20,10948020,3645,0,0,3008
448,6,0,7,18,10966380,3646,0,0,3014
449,2,0,4,21,10987800,3648,0,0,3016
450,5,0,4,21,11002440,3646,0,0,3021
451,3,0,4,21,11014140,3647,0,0,3024
452,6,0,5,20,11033820,3647,0,0,3030
453,6,0,8,17,11039220,3645,0,0,3036
454,4,0,6,19,11065500,3647,0,0,3040
455,4,0,4,21,11091840,3648,0,0,3044
456,2,0,2,23,11112660,3650,0,0,3046
457,5,0,3,22,11126460,3650,0,0,3051
458,4,0,4,21,11132100,3648,0,0,3055
459,6,0,8,17,11136060,3647,0,0,3061
460,1,0,5,20,11154900,3648,0,0,3062
461,4,0,4,21,11179920,3651,0,0,3066
462,6,0,5,20,11202960,3652,0,0,3072
463,10,0,5,20,11230080,3649,0,0,3082
464,8,0,8,17,11245020,3648,0,0,3090
465,12,0,11,14,11273760,3647,0,0,3102
466,5,0,5,20,11315160,3647,0,0,3107
467,7,0,8,17,11332620,3648,0,0,3114
468,10,0,7,18,11362500,3645,0,0,3124
469,12,0,13,12,11384640,3645,0,0,3136
470,8,0,8,17,11436480,3646,0,0,3144
471,2,0,4,21,11461440,3647,0,0,3146
472,15,0,7,18,11492100,3643,0,0,3161
473,5,0,7,18,11504340,3641,0,0,3166
474,8,0,6,19,11526300,3638,0,0,3174
475,3,0,4,21,11544960,3638,0,0,3177
476,3,0,3,22,11561160,3639,0,0,3180
477,8,0,5,20,11590440,3641,0,0,3188
478,6,0,5,20,11608680,3640,0,0,3194
479,3,0,5,20,11630220,3643,0,0,3197
480,5,0,4,21,11651220,3643,0,0,3202
481,7,0,8,17,11665320,3644,0,0,3209
482,6,0,8,17,11677440,3641,0,0,3215
483,4,0,3,22,11724360,3645,0,0,3219
484,7,0,5,20,11733660,3642,0,0,3226
485,5,0,5,20,11749860,3642,0,0,3231
486,4,0,4,21,11766840,3641,0,0,3235
487,5,0,4,21,11790540,3643,0,0,3240
488,4,0,5,20,11796120,3641,0,0,3244
489,14,0,15,10,11807220,3640,0,0,3258
490,9,0,12,13,11840280,3637,0,0,3267
491,11,0,12,13,11883660,3638,0,0,3278
492,15,0,16,9,11921760,3638,120,0,3293
493,11,0,12,13,11997600,3644,120,0,3304
494,8,0,11,14,12035700,3646,120,0,3312
495,11,0,12,13,12080100,3648,120,0,3323
496,8,0,8,17,12131820,3650,120,0,3331
497,10,0,9,16,12174120,3653,120,0,3341
498,4,0,4,21,12211080,3654,120,0,3345
499,8,0,6,19,12228180,3653,120,0,3353
500,7,0,6,19,12244860,3650,120,0,3360
501,7,0,6,19,12265740,3649,120,0,3367
502,7,0,6,19,12294960,3650,120,0,3374
503,5,0,4,21,12317220,3649,120,0,3379
504,1,0,3,22,12324420,3649,120,0,3380
505,5,0,3,22,12343380,3649,120,0,3385
506,3,0,4,21,12350880,3649,120,0,3388
507,7,0,7,18,12363360,3649,120,0,3395
508,9,0,8,17,12390060,3648,120,0,3404
509,6,0,7,18,12406740,3645,120,0,3410
510,5,0,6,19,12431220,3646,120,0,3415
511,4,0,7,18,12448680,3648,120,0,3419
512,13,0,13,12,12465120,3645,120,0,3432
513,6,0,11,14,12504360,3648,120,0,3438
514,5,0,5,20,12551460,3650,120,0,3443
515,10,0,10,15,12571980,3651,120,0,3453
516,8,0,9,16,12609420,3652,120,0,3461
517,6,0,6,19,12655260,3656,120,0,3467
518,12,0,13,12,12680400,3658,120,0,3479
519,11,0,12,13,12716880,3656,120,0,3490
520,8,0,10,15,12756300,3657,120,0,3498
521,8,0,12,13,12789660,3660,120,0,3506
522,9,0,9,16,12829020,3659,120,0,3515
523,4,0,6,19,12865080,3662,120,0,3519
524,6,0,5,20,12892560,3662,120,0,3525
525,5,0,10,15,12892560,3662,120,0,3530
526,4,0,7,18,12925380,3664,120,0,3534
527,5,0,3,22,12957060,3664,120,0,3539
528,1,0,2,23,12966540,3664,120,0,3540
529,2,0,2,23,12977580,3665,120,0,3542
530,4,0,2,23,12985320,3664,120,0,3546
531,6,0,4,21,12988560,3660,120,0,3552
532,6,0,7,18,12997440,3660,120,0,3558
533,6,0,7,18,13023000,3661,120,0,3564
534,11,0,12,13,13034400,3658,120,0,3575
535,7,0,11,14,13068180,3659,120,0,3582
536,5,0,5,20,13121760,3663,120,0,3587
537,9,0,9,16,13130220,3660,120,0,3596
538,7,0,5,20,13162440,3658,120,0,3603
539,10,0,9,16,13181760,3657,120,0,3613
540,8,0,9,16,13214220,3658,120,0,3621
541,11,0,8,17,13259460,3658,120,0,3632
542,9,0,8,17,13293420,3659,120,0,3641
543,13,0,11,14,13325760,3657,120,0,3654
544,9,0,11,14,13358220,3657,120,0,3663
545,12,0,11,14,13398000,3656,120,0,3675
546,7,0,10,15,13436340,3659,120,0,3682
547,8,0,6,19,13480800,3659,120,0,3690
548,5,0,4,21,13498440,3657,120,0,3695
549,9,0,9,16,13514820,3657,120,0,3704
550,4,0,5,20,13553040,3660,120,0,3708
551,4,0,4,21,13572840,3660,120,0,3712
552,3,0,4,21,13582500,3660,120,0,3715
553,5,0,5,20,13603260,3661,120,0,3720
554,6,0,2,23,13631160,3660,120,0,3726
555,2,0,3,22,13634340,3660,120,0,3728
556,3,0,4,21,13638660,3659,120,0,3731
557,10,0,7,18,13663020,3659,120,0,3741
558,7,0,7,18,13683000,3657,120,0,3748
559,7,0,4,21,13710360,3655,120,0,3755
560,11,0,7,18,13733760,3653,120,0,3766
561,4,0,6,19,13751940,3653,120,0,3770
562,17,0,14,11,13778640,3651,120,0,3787
563,10,0,17,8,13795680,3649,120,0,3797
564,15,0,14,11,13896960,3659,900,0,3812
565,7,0,11,14,13935840,3659,900,0,3819
566,10,0,8,17,13988640,3660,900,0,3829
567,10,0,8,17,14020920,3659,900,0,3839
568,7,0,8,17,14048100,3660,900,0,3846
569,13,0,11,14,14078580,3658,900,0,3859
570,5,0,9,16,14100420,3657,900,0,3864
571,6,0,6,19,14148960,3661,900,0,3870
572,5,0,7,18,14163360,3661,900,0,3875
573,3,0,4,21,14191500,3663,900,0,3878
574,3,0,5,20,14201400,3663,900,0,3881
575,5,0,6,19,14215140,3663,900,0,3886
576,6,0,6,19,14238420,3664,900,0,3892
577,2,0,4,21,14260140,3665,900,0,3894
578,2,0,1,24,14277600,3665,900,0,3896
579,5,0,2,23,14284740,3663,900,0,3901
580,7,0,4,21,14295360,3661,900,0,3908
581,3,0,7,18,14295360,3661,900,0,3911
582,7,0,6,19,14325420,3661,900,0,3918
583,6,0,7,18,14352600,3664,900,0,3924
584,11,0,10,15,14381100,3663,900,0,3935
585,6,0,5,20,14421060,3663,900,0,3941
586,8,0,6,19,14452380,3665,900,0,3949
587,8,0,10,15,14462700,3664,900,0,3957
588,10,0,11,14,14487900,3662,900,0,3967
589,9,0,11,14,14527560,3663,900,0,3976
590,9,0,11,14,14561520,3664,900,0,3985
591,12,0,8,17,14612820,3663,900,0,3997
592,8,0,10,15,14636280,3663,900,0,4005
593,11,0,12,13,14666940,3663,900,0,4016
594,4,0,5,20,14710560,3663,900,0,4020
595,13,0,9,16,14744100,3664,900,0,4033
596,5,0,4,21,14768700,3661,900,0,4038
598,1,0,2,23,14776380,3660,900,0,4039
597,0,0,2,23,14776380,3660,900,0,4039
599,2,0,1,24,14787240,3660,900,0,4041
600,8,0,5,20,14792460,3657,900,0,4049
601,3,0,2,23,14812800,3657,900,0,4052
602,2,0,2,23,14816220,3656,900,0,4054
603,3,0,2,23,14828520,3656,900,0,4057
604,4,0,4,21,14833800,3656,900,0,4061
605,1,0,2,23,14844180,3656,900,0,4062
606,2,0,2,23,14850060,3655,900,0,4064
607,7,0,5,20,14860200,3654,900,0,4071
608,6,0,7,18,14871420,3653,900,0,4077
609,9,0,5,20,14900640,3651,900,0,4086
610,8,0,3,22,14931600,3649,900,0,4094
611,7,0,9,16,14932380,3649,900,0,4101
612,4,0,4,21,14967840,3649,900,0,4105
613,6,0,6,19,14988840,3651,900,0,4111
614,7,0,9,16,14994480,3649,900,0,4118
615,15,0,12,13,15027540,3646,900,0,4133
616,10,0,12,13,15073140,3648,900,0,4143
617,14,0,14,11,15128280,3651,900,0,4157
618,11,0,17,8,15171000,3654,900,0,4168
619,5,0,12,13,15220200,3657,900,0,4173
620,4,0,7,18,15263820,3660,900,0,4177
621,4,0,5,20,15302100,3664,900,0,4181
622,6,0,8,17,15322320,3666,900,0,4187
623,4,0,5,20,15346140,3666,900,0,4191
624,2,0,4,21,15363420,3667,900,0,4193
625,2,0,4,21,15375540,3668,900,0,4195
626,3,0,3,22,15392520,3669,900,0,4198
627,1,0,1,24,15405420,3669,900,0,4199
628,8,0,4,21,15416040,3667,900,0,4207
629,5,0,7,18,15423120,3667,900,0,4212
630,7,0,4,21,15452640,3666,900,0,4219
631,5,0,6,19,15460860,3665,900,0,4224
632,8,0,8,17,15489780,3667,900,0,4232
633,5,0,5,20,15516360,3666,900,0,4237
634,8,0,9,16,15524640,3664,900,0,4245
635,9,0,11,14,15565140,3668,900,0,4254
636,10,0,9,16,15613560,3669,900,0,4264
637,10,0,13,12,15635940,3669,900,0,4274
638,9,0,10,15,15675420,3668,900,0,4283
639,8,0,11,14,15707520,3669,900,0,4291
640,16,0,15,10,15748440,3669,900,0,4307
641,7,0,8,17,15791040,3667,900,0,4314
642,5,0,5,20,15831180,3669,900,0,4319
643,9,0,10,15,15844500,3669,900,0,4328
644,2,0,5,20,15873120,3670,900,0,4330
645,4,0,2,23,15895140,3669,900,0,4334
646,12,0,9,16,15913020,3669,900,0,4346
647,4,0,6,19,15935640,3668,900,0,4350
648,0,0,1,24,15959220,3669,900,0,4350
649,5,0,5,20,15963660,3669,900,0,4355
650,5,0,6,19,15979500,3670,900,0,4360
651,6,0,2,23,16008960,3668,900,0,4366
652,6,0,4,21,16019580,3667,900,0,4372
653,7,0,5,20,16035840,3666,900,0,4379
654,7,0,8,17,16041120,3664,900,0,4386
655,10,0,9,16,16072260,3663,900,0,4396
656,9,0,9,16,16102020,3662,900,0,4405
657,4,0,6,19,16136940,3664,900,0,4409
658,12,0,13,12,16153680,3664,900,0,4421
659,10,0,12,13,16202100,3666,900,0,4431
660,2,0,5,20,16240680,3667,900,0,4433
661,12,0,13,12,16261800,3669,900,0,4445
662,11,0,9,16,16318440,3669,900,0,4456
663,10,0,12,13,16339680,3668,900,0,4466
664,4,0,6,19,16388100,3671,900,0,4470
665,9,0,7,18,16408080,3669,900,0,4479
666,7,0,7,18,16444680,3671,900,0,4486
667,5,0,6,19,16465140,3671,900,0,4491
668,17,0,13,12,16493520,3669,900,0,4508
669,3,0,6,19,16531560,3669,900,0,4511
670,7,0,7,18,16554240,3669,900,0,4518
671,10,0,8,17,16586640,3669,900,0,4528
672,5,0,7,18,16597140,3667,900,0,4533
673,4,0,8,17,16603380,3666,900,0,4537
674,8,0,13,12,16608840,3664,900,0,4545
675,4,0,11,14,16623840,3663,900,0,4549
676,10,0,14,11,16646820,3662,900,0,4559
677,6,0,11,14,16668960,3660,900,0,4565
678,9,0,14,11,16688220,3659,900,0,4574
679,7,0,13,12,16712100,3658,900,0,4581
680,5,0,12,13,16731600,3657,900,0,4586
681,12,0,18,7,16755420,3658,900,0,4598
682,7,0,17,8,16768800,3654,900,0,4605
683,12,0,19,6,16814700,3656,900,0,4617
684,11,0,20,5,16860120,3658,900,0,4628
685,3,0,10,15,16915380,3660,900,0,4631
686,12,0,16,9,16942380,3661,900,0,4643
687,8,0,17,8,16966080,3661,900,0,4651
688,6,0,12,13,17001360,3660,900,0,4657
689,9,0,15,10,17022120,3659,900,0,4666
690,6,0,11,14,17063280,3660,900,0,4672
691,6,0,13,12,17090340,3663,900,0,4678
692,9,0,16,9,17107800,3662,900,0,4687
693,7,0,17,8,17131140,3662,900,0,4694
694,4,0,12,13,17180040,3666,900,0,4698
695,5,0,15,10,17185440,3665,900,0,4703
696,4,0,12,13,17227860,3669,900,0,4707
697,6,0,11,14,17255460,3669,900,0,4713
698,6,0,13,12,17266980,3669,900,0,4719
699,9,0,15,10,17288760,3668,900,0,4728
700,2,0,10,15,17322720,3670,900,0,4730
701,5,0,11,14,17339880,3670,900,0,4735
702,11,0,13,12,17361060,3668,900,0,4746
703,5,0,12,13,17375640,3666,900,0,4751
704,8,0,16,9,17393460,3667,900,0,4759
705,7,0,15,10,17424780,3667,900,0,4766
706,9,0,17,8,17451240,3667,900,0,4775
707,9,0,16,9,17498700,3670,900,0,4784
708,7,0,14,11,17538420,3671,900,0,4791
709,11,0,15,10,17573580,3671,900,0,4802
710,10,0,17,8,17601240,3670,900,0,4812
711,9,0,14,11,17638680,3669,900,0,4821
712,9,0,12,13,17673660,3668,900,0,4830
713,9,0,17,8,17688480,3668,900,0,4839
714,6,0,13,12,17723220,3667,900,0,4845
715,4,0,11,14,17753760,3669,900,0,4849
716,6,0,14,11,17766180,3669,900,0,4855
717,6,0,12,13,17806200,3672,900,0,4861
718,5,0,9,16,17832240,3671,900,0,4866
719,5,0,11,14,17846160,3672,900,0,4871
720,6,0,13,12,17864220,3672,900,0,4877
721,4,0,15,10,17876280,3673,900,0,4881
722,4,0,11,14,17917080,3676,900,0,4885
723,4,0,10,15,17935020,3675,900,0,4889
724,6,0,11,14,17953980,3676,900,0,4895
725,3,0,8,17,17974920,3675,900,0,4898
726,3,0,11,14,17974920,3675,900,0,4901
727,6,0,9,16,17999340,3674,900,0,4907
728,8,0,13,12,18007920,3673,900,0,4915
729,7,0,12,13,18030480,3672,900,0,4922
730,5,0,11,14,18049920,3671,900,0,4927
731,10,0,13,12,18069420,3669,900,0,4937
732,8,0,12,13,18101640,3669,900,0,4945
733,9,0,14,11,18116700,3667,900,0,4954
734,13,0,18,7,18152340,3667,900,0,4967
735,15,2,21,4,18172440,3664,1020,0,4982
736,6,0,13,12,18248220,3667,5940,1,4988
737,8,0,13,12,18287340,3669,5940,1,4996
738,6,0,11,14,18307380,3668,5940,1,5002
739,9,0,17,8,18313200,3667,5940,1,5011
740,2,0,15,10,18331980,3667,5940,1,5013
741,4,0,10,15,18391920,3673,5940,1,5017
742,5,0,9,16,18412620,3672,5940,1,5022
743,6,0,13,12,18416400,3672,5940,1,5028
744,5,0,12,13,18437700,3672,5940,1,5033
745,7,0,13,12,18468660,3673,5940,1,5040
746,4,0,13,12,18485160,3674,5940,1,5044
747,2,0,8,17,18509880,3674,5940,1,5046
748,5,0,9,16,18526680,3674,5940,1,5051
749,10,0,14,11,18535980,3672,5940,1,5061
750,6,0,15,10,18546540,3671,5940,1,5067
751,6,0,12,13,18587340,3672,5940,1,5073
752,8,0,14,11,18603300,3671,5940,1,5081
753,10,0,15,10,18628920,3670,5940,1,5091
754,5,0,13,12,18664320,3671,5940,1,5096
755,10,0,17,8,18687120,3672,5940,1,5106
756,8,0,17,8,18719460,3672,5940,1,5114
757,6,0,11,14,18758280,3671,5940,1,5120
758,9,0,11,14,18778380,3669,5940,1,5129
759,5,0,10,15,18799140,3668,5940,1,5134
760,9,0,14,11,18818640,3669,5940,1,5143
761,8,0,17,8,18837600,3669,5940,1,5151
762,9,0,18,7,18873960,3670,5940,1,5160
763,10,0,13,12,18919500,3668,5940,1,5170
764,7,0,15,10,18940200,3669,5940,1,5177
765,2,0,11,14,18972900,3671,5940,1,5179
766,7,0,13,12,18993000,3671,5940,1,5186
767,4,0,13,12,19013280,3672,5940,1,5190
768,7,0,12,13,19049820,3674,5940,1,5197
769,4,0,10,15,19075260,3674,5940,1,5201
770,5,0,11,14,19093320,3675,5940,1,5206
771,7,0,12,13,19117560,3675,5940,1,5213
772,5,0,14,11,19124640,3674,5940,1,5218
773,4,0,10,15,19150260,3674,5940,1,5222
774,4,0,11,14,19155540,3673,5940,1,5226
775,11,0,15,10,19181760,3673,5940,1,5237
776,10,0,18,7,19210980,3673,5940,1,5247
777,9,0,18,7,19234980,3672,5940,1,5256
778,7,0,15,10,19289760,3675,5940,1,5263
779,11,0,18,7,19331340,3677,5940,1,5274
780,2,0,10,15,19363200,3677,5940,1,5276
781,9,0,14,11,19387500,3678,5940,1,5285
782,6,0,13,12,19412400,3677,5940,1,5291
783,13,0,16,9,19438500,3675,5940,1,5304
784,9,0,15,10,19466580,3674,5940,1,5313
785,7,0,13,12,19496460,3673,5940,1,5320
786,12,0,15,10,19528380,3672,5940,1,5332
787,9,0,15,10,19559640,3672,5940,1,5341
788,9,0,14,11,19589340,3671,5940,1,5350
789,4,0,12,13,19616160,3672,5940,1,5354
790,7,0,13,12,19631940,3670,5940,1,5361
791,9,0,14,11,19658220,3670,5940,1,5370
792,4,0,9,16,19695960,3671,5940,1,5374
793,6,0,12,13,19702680,3670,5940,1,5380
794,7,0,13,12,19733280,3671,5940,1,5387
795,4,0,12,13,19747440,3671,5940,1,5391
796,3,0,8,17,19783620,3673,5940,1,5394
797,3,0,9,16,19788840,3672,5940,1,5397
798,10,0,13,12,19799460,3670,5940,1,5407
799,4,0,11,14,19817820,3669,5940,1,5411
800,11,0,14,11,19848240,3670,5940,1,5422
801,12,0,18,7,19879500,3670,5940,1,5434
802,10,0,17,8,19907400,3668,5940,1,5444
803,8,0,12,13,19958160,3668,5940,1,5452
804,7,0,11,14,19992780,3669,5940,1,5459
805,11,0,18,7,20009580,3670,5940,1,5470
806,13,0,14,11,20061300,3668,5940,1,5483
807,2,0,10,15,20084700,3668,5940,1,5485
808,10,0,12,13,20110020,3667,5940,1,5495
809,6,0,13,12,20131320,3668,5940,1,5501
810,6,0,13,12,20155980,3668,5940,1,5507
811,7,0,9,16,20186340,3666,5940,1,5514
812,6,0,12,13,20199420,3667,5940,1,5520
813,10,0,14,11,20221560,3665,5940,1,5530
814,6,0,13,12,20247180,3665,5940,1,5536
815,4,0,13,12,20266200,3666,5940,1,5540
816,1,0,8,17,20295900,3668,5940,1,5541
817,2,0,7,18,20307540,3668,5940,1,5543
818,2,0,7,18,20310060,3667,5940,1,5545
819,3,0,8,17,20313180,3666,5940,1,5548
820,7,0,12,13,20323680,3666,5940,1,5555
821,5,0,12,13,20337000,3665,5940,1,5560
822,9,0,15,10,20351760,3664,5940,1,5569
823,4,0,10,15,20381040,3663,5940,1,5573
824,3,0,8,17,20411100,3665,5940,1,5576
825,7,0,12,13,20414520,3664,5940,1,5583
826,7,0,12,13,20434260,3663,5940,1,5590
827,12,0,17,8,20448240,3661,5940,1,5602
828,12,0,17,8,20484540,3659,5940,1,5614
829,4,0,8,17,20536260,3660,5940,1,5618
830,4,0,8,17,20550000,3660,5940,1,5622
831,5,0,11,14,20557860,3660,5940,1,5627
832,8,0,17,8,20563200,3660,5940,1,5635
833,10,0,15,10,20599440,3658,5940,1,5645
834,10,0,16,9,20640660,3660,5940,1,5655
835,6,0,14,11,20658840,3658,5940,1,5661
836,10,0,12,13,20703120,3658,5940,1,5671
837,7,0,12,13,20731980,3659,5940,1,5678
838,5,0,10,15,20752560,3658,5940,1,5683
839,6,0,10,15,20768820,3657,5940,1,5689
840,2,0,9,16,20778660,3656,5940,1,5691
841,6,0,10,15,20798940,3657,5940,1,5697
842,5,0,9,16,20811720,3655,5940,1,5702
843,7,0,13,12,20815500,3654,5940,1,5709
844,5,0,13,12,20844840,3656,5940,1,5714
845,11,0,11,14,20876580,3653,5940,1,5725
846,6,0,12,13,20889660,3652,5940,1,5731
847,8,0,14,11,20909940,3652,5940,1,5739
848,5,0,11,14,20933400,3651,5940,1,5744
849,6,0,12,13,20946420,3650,5940,1,5750
850,4,0,10,15,20963220,3649,5940,1,5754
851,9,0,13,12,20991600,3650,5940,1,5763
852,16,0,20,5,21007740,3647,5940,1,5779
853,12,0,19,6,21058680,3648,5940,1,5791
854,10,0,14,11,21112800,3648,5940,1,5801
855,15,0,17,8,21153300,3647,5940,1,5816
856,12,0,20,5,21176700,3646,5940,1,5828
857,9,0,17,8,21226620,3647,5940,1,5837
858,10,0,11,14,21277320,3645,5940,1,5847
859,8,0,14,11,21294600,3645,5940,1,5855
860,5,0,13,12,21318120,3645,5940,1,5860
861,6,0,13,12,21350460,3647,5940,1,5866
862,8,0,17,8,21369180,3648,5940,1,5874
863,6,0,14,11,21398640,3647,5940,1,5880
864,4,0,9,16,21448140,3650,5940,1,5884
865,4,0,10,15,21458220,3650,5940,1,5888
866,4,0,11,14,21472740,3651,5940,1,5892
867,7,0,13,12,21493200,3651,5940,1,5899
868,4,0,11,14,21511680,3650,5940,1,5903
869,4,0,10,15,21524880,3650,5940,1,5907
870,6,0,13,12,21536220,3650,5940,1,5913
871,5,0,12,13,21567780,3651,5940,1,5918
872,4,0,10,15,21589320,3651,5940,1,5922
873,5,0,11,14,21602340,3651,5940,1,5927
874,8,0,11,14,21616320,3648,5940,1,5935
875,8,0,13,12,21635400,3648,5940,0,5943
876,8,0,15,10,21658800,3648,5940,0,5951
877,12,0,16,9,21702360,3649,5940,0,5963
878,5,0,12,13,21735360,3649,5940,0,5968
879,7,0,14,11,21754860,3649,5940,0,5975
880,5,0,11,14,21785880,3649,5940,0,5980
881,5,0,12,13,21801420,3649,5940,0,5985
882,5,0,15,10,21810600,3650,5940,0,5990
883,7,0,14,11,21849180,3651,5940,0,5997
884,7,0,12,13,21884340,3652,5940,0,6004
885,4,0,10,15,21905520,3652,5940,0,6008
886,7,0,12,13,21916140,3650,5940,0,6015
887,3,0,12,13,21931080,3651,5940,0,6018
888,4,0,10,15,21960000,3652,5940,0,6022
889,4,0,11,14,21973680,3653,5940,0,6026
890,1,0,9,16,21989220,3653,5940,0,6027
891,7,0,10,15,22009020,3653,5940,0,6034
892,7,0,12,13,22017900,3651,5940,0,6041
893,3,0,10,15,22044060,3653,5940,0,6044
894,6,0,13,12,22058520,3653,5940,0,6050
895,8,0,12,13,22089480,3653,5940,0,6058
896,14,0,17,8,22106760,3650,5940,0,6072
897,12,0,20,5,22137420,3650,5940,0,6084
898,15,0,25,0,22173000,3650,7020,1,6099
899,6,0,12,13,22249740,3651,7020,1,6105
900,10,0,11,14,22291260,3651,7020,1,6115
901,7,0,13,12,22307220,3651,7020,1,6122
902,8,0,12,13,22339860,3651,7020,1,6130
903,11,0,15,10,22358640,3649,7020,1,6141
904,12,0,16,9,22385340,3647,7020,1,6153
905,5,0,12,13,22408260,3645,7020,1,6158
906,8,0,11,14,22445460,3646,7020,1,6166
907,7,0,14,11,22452780,3645,7020,1,6173
908,6,0,10,15,22490520,3645,7020,1,6179
909,10,0,14,11,22508280,3645,7020,1,6189
910,2,0,9,16,22525740,3643,7020,1,6191
911,2,0,6,19,22541400,3643,7020,1,6193
912,6,0,9,16,22547040,3642,7020,1,6199
913,4,0,11,14,22552980,3642,7020,1,6203
914,3,0,8,17,22574940,3642,7020,1,6206
915,6,0,13,12,22576620,3641,7020,1,6212
916,6,0,13,12,22598160,3641,7020,1,6218
917,2,0,10,15,22614420,3641,7020,1,6220
918,6,0,11,14,22636560,3642,7020,1,6226
919,5,0,10,15,22648800,3640,7020,1,6231
920,7,0,11,14,22666140,3639,7020,1,6238
921,6,0,11,14,22690440,3640,7020,1,6244
922,9,0,13,12,22703700,3638,7020,1,6253
923,13,0,19,6,22733160,3639,7020,1,6266
924,10,0,18,7,22780860,3640,7020,1,6276
925,5,0,14,11,22812720,3640,7020,1,6281
926,13,0,18,7,22861440,3642,7020,1,6294
927,12,0,15,10,22887660,3638,7020,1,6306
928,9,0,16,9,22920540,3638,7020,1,6315
929,9,0,16,9,22953780,3638,7020,1,6324
930,8,0,12,13,23012820,3641,7020,1,6332
931,7,0,16,9,23024280,3641,7020,1,6339
932,6,0,12,13,23061360,3641,7020,1,6345
933,8,0,13,12,23092920,3642,7020,1,6353
934,7,0,12,13,23111280,3640,7020,1,6360
935,4,0,10,15,23129280,3640,7020,1,6364
936,6,0,12,13,23150820,3641,7020,1,6370
937,1,0,10,15,23160180,3640,7020,1,6371
938,4,0,8,17,23191500,3642,7020,1,6375
939,2,0,7,18,23198520,3641,7020,1,6377
940,8,0,12,13,23201700,3640,7020,1,6385
941,9,0,14,11,23216220,3638,7020,1,6394
942,7,0,13,12,23239980,3638,7020,1,6401
943,7,0,12,13,23271960,3638,7020,1,6408
944,10,0,15,10,23286780,3636,7020,1,6418
945,7,0,12,13,23324880,3637,7020,1,6425
946,16,0,19,6,23360640,3637,7020,1,6441
947,5,0,12,13,23408280,3638,7020,1,6446
948,6,0,12,13,23425200,3637,7020,1,6452
949,4,0,12,13,23448720,3638,7020,1,6456
950,7,0,13,12,23471400,3638,7020,1,6463
951,14,0,16,9,23495940,3636,7020,1,6477
952,8,0,15,10,23524500,3635,7020,1,6485
953,12,0,15,10,23563620,3635,7020,1,6497
954,2,0,12,13,23592900,3636,7020,1,6499
955,4,0,8,17,23621760,3636,7020,1,6503
956,4,0,8,17,23640000,3637,7020,1,6507
957,5,0,11,14,23641920,3636,7020,1,6512
958,2,0,9,16,23663640,3637,7020,1,6514
959,2,0,8,17,23674200,3637,7020,1,6516
960,4,0,9,16,23687400,3638,7020,1,6520
961,1,0,9,16,23691780,3638,7020,1,6521
962,4,0,8,17,23708460,3637,7020,1,6525
963,3,0,8,17,23720580,3638,7020,1,6528
964,4,0,9,16,23728560,3637,7020,1,6532
965,1,0,7,18,23739180,3637,7020,1,6533
966,9,0,15,10,23740260,3637,7020,1,6542
967,9,0,13,12,23768760,3635,7020,1,6551
968,9,0,16,9,23783760,3634,7020,1,6560
969,8,0,14,11,23814120,3633,7020,1,6568
970,5,0,12,13,23850240,3635,7020,1,6573
971,5,0,11,14,23877300,3635,7020,1,6578
972,11,0,16,9,23892840,3634,7020,1,6589
973,9,0,13,12,23919480,3632,7020,1,6598
974,5,0,11,14,23952660,3633,7020,1,6603
975,9,0,15,10,23966700,3632,7020,1,6612
976,7,0,16,9,23984220,3632,7020,1,6619
977,7,0,14,11,24024960,3633,7020,1,6626
978,10,0,12,13,24061440,3632,7020,1,6636
979,6,0,11,14,24079740,3631,7020,1,6642
980,6,0,9,16,24101940,3630,7020,1,6648
981,4,0,9,16,24111000,3629,7020,1,6652
982,4,0,9,16,24121080,3628,7020,1,6656
983,5,0,11,14,24130020,3628,7020,1,6661
984,8,0,13,12,24149520,3628,7020,1,6669
985,6,0,14,11,24160260,3627,7020,1,6675
986,2,0,10,15,24183120,3627,7020,1,6677
987,5,0,10,15,24202560,3627,7020,1,6682
988,0,0,6,19,24225000,3628,7020,1,6682
989,5,0,10,15,24225780,3628,7020,1,6687
990,8,0,15,10,24231720,3627,7020,1,6695
991,12,0,18,7,24252540,3625,7020,1,6707
992,5,0,11,14,24300180,3626,7020,1,6712
993,7,0,12,13,24324960,3626,7020,1,6719
994,6,0,10,15,24340920,3624,7020,1,6725
995,10,0,14,11,24366840,3625,7020,1,6735
996,6,0,12,13,24389760,3624,7020,1,6741
997,11,0,20,5,24403680,3625,7020,1,6752
998,6,0,14,11,24452400,3625,7020,1,6758
999,6,0,12,13,24487320,3626,7020,1,6764
1000,8,0,16,9,24504540,3627,7020,1,6772
1001,9,0,18,7,24531660,3627,7020,1,6781
1002,1,0,8,17,24592620,3630,7020,1,6782
1003,5,0,7,18,24610680,3629,7020,1,6787
1004,5,0,10,15,24618300,3629,7020,1,6792
1005,5,0,10,15,24629880,3628,7020,1,6797
1006,6,0,11,14,24650640,3629,7020,1,6803
1007,5,0,11,14,24661380,3628,7020,1,6808
1008,6,0,12,13,24673140,3627,7020,1,6814
1009,6,0,11,14,24698460,3627,7020,1,6820
1010,3,0,8,17,24719340,3627,7020,1,6823
1011,2,0,10,15,24719340,3627,7020,1,6825
1012,7,0,14,11,24722820,3626,7020,1,6832
1013,3,0,11,14,24758280,3628,7020,1,6835
1014,5,0,11,14,24776700,3628,7020,1,6840
1015,2,0,10,15,24790860,3628,7020,1,6842
1016,4,0,9,16,24813300,3629,7020,1,6846
1017,9,0,13,12,24826140,3628,7020,1,6855
1018,7,0,12,13,24852060,3628,7020,1,6862
1019,7,0,12,13,24873300,3627,7020,1,6869
1020,6,0,12,13,24894480,3627,7020,1,6875
1021,8,0,13,12,24920880,3627,7020,1,6883
1022,9,0,13,12,24942480,3625,7020,1,6892
1023,10,0,15,10,24967140,3625,7020,1,6902
1024,8,0,13,12,25000980,3624,7020,1,6910
1025,6,0,13,12,25017720,3624,7020,1,6916
1026,7,0,15,10,25044300,3625,7020,1,6923
1027,8,0,14,11,25070700,3624,7020,1,6931
1028,6,0,10,15,25100880,3623,7020,1,6937
1029,8,0,12,13,25113480,3622,7020,1,6945
1030,6,0,12,13,25138140,3622,7020,1,6951
1031,2,0,11,14,25158060,3624,7020,1,6953
1032,4,0,10,15,25180260,3624,7020,1,6957
1033,7,0,9,16,25203900,3623,7020,1,6964
1034,4,0,10,15,25206540,3622,7020,1,6968
1035,6,0,8,17,25233060,3622,7020,1,6974
1036,5,0,10,15,25239420,3621,7020,1,6979
1037,7,0,13,12,25244760,3620,7020,1,6986
1038,5,0,9,16,25272000,3619,7020,1,6991
1039,15,0,18,7,25286760,3618,7020,1,7006
1040,8,0,20,5,25304040,3617,7020,1,7014
1041,6,0,14,11,25352340,3618,7020,1,7020
1042,7,0,13,12,25403220,3621,7020,0,7027
1043,11,0,19,6,25412460,3620,7020,0,7038
1044,4,0,16,9,25446120,3621,7020,0,7042
1045,11,0,17,8,25491060,3622,7020,0,7053
1046,11,0,18,7,25525560,3622,7020,0,7064
1047,8,0,13,12,25572480,3622,7020,0,7072
1048,3,0,9,16,25607400,3624,7020,0,7075
1049,9,0,15,10,25613340,3623,7020,0,7084
1050,9,0,14,11,25648380,3623,7020,0,7093
1051,7,0,13,12,25684320,3624,7020,0,7100
1052,9,0,16,9,25704960,3623,7020,0,7109
1053,8,0,17,8,25730640,3624,7020,0,7117
1054,7,0,13,12,25777800,3625,7020,0,7124
1055,3,0,9,16,25809960,3626,7020,0,7127
1056,8,0,14,11,25824300,3626,7020,0,7135
1057,4,0,12,13,25850700,3627,7020,0,7139
1058,1,0,9,16,25874700,3628,7020,0,7140
1059,4,0,10,15,25887480,3628,7020,0,7144
1060,6,0,13,12,25890300,3627,7020,0,7150
1061,4,0,12,13,25914540,3628,7020,0,7154
1062,7,0,13,12,25934220,3628,7020,0,7161
1063,9,0,12,13,25963680,3627,7020,0,7170
1064,7,0,12,13,25991040,3627,7020,0,7177
1065,8,0,17,8,25998540,3627,7020,0,7185
1066,8,0,14,11,26048640,3628,7020,0,7193
1067,10,0,15,10,26067960,3626,7020,0,7203
1068,8,0,15,10,26098920,3626,7020,0,7211
1069,12,0,17,8,26123580,3625,7020,0,7223
1070,8,0,20,5,26153340,3626,7020,0,7231
1071,14,0,22,3,26205240,3628,7020,0,7245
1072,8,0,17,8,26257860,3628,7020,0,7253
1073,8,0,13,12,26317920,3631,7020,0,7261
1074,12,0,15,10,26346480,3629,7020,0,7273
1075,8,0,13,12,26375340,3628,7020,0,7281
1076,6,0,13,12,26403120,3629,7020,0,7287
1077,5,0,10,15,26439300,3630,7020,0,7292
1078,6,0,13,12,26450520,3630,7020,0,7298
1079,4,0,10,15,26481480,3631,7020,0,7302
1080,4,0,12,13,26489640,3631,7020,0,7306
1081,8,0,10,15,26515500,3630,7020,0,7314
1083,1,0,7,18,26525580,3629,7020,0,7315
1082,0,0,7,18,26525580,3629,7020,0,7315
1084,5,0,11,14,26527920,3629,7020,0,7320
1085,5,0,11,14,26537520,3628,7020,0,7325
1086,6,0,10,15,26556960,3627,7020,0,7331
1087,6,0,13,12,26560980,3626,7020,0,7337
1088,6,0,11,14,26586300,3626,7020,0,7343
1089,15,0,17,8,26602440,3623,7020,0,7358
1090,6,0,14,11,26631780,3623,7020,0,7364
1091,7,0,14,11,26671560,3625,7020,0,7371
1092,9,0,12,13,26705340,3624,7020,0,7380
1093,17,0,18,7,26729100,3622,7020,0,7397
1094,11,0,17,8,26763900,3621,7020,0,7408
1095,6,0,13,12,26811120,3622,7020,0,7414
1096,8,0,13,12,26834820,3621,7020,0,7422
1097,7,0,12,13,26864640,3622,7020,0,7429
1098,9,0,14,11,26889720,3621,7020,0,7438
1099,5,0,12,13,26922600,3623,7020,0,7443
1100,5,0,11,14,26943480,3622,7020,0,7448
1101,9,0,14,11,26961540,3622,7020,0,7457
1102,4,0,11,14,26992320,3623,7020,0,7461
1103,7,0,12,13,27012300,3622,7020,0,7468
1104,3,0,9,16,27031680,3622,7020,0,7471
1105,4,0,10,15,27040260,3622,7020,0,7475
1106,3,0,8,17,27056520,3622,7020,0,7478
1107,3,0,8,17,27066240,3621,7020,0,7481
1108,6,0,11,14,27069720,3620,7020,0,7487
1109,5,0,13,12,27081720,3621,7020,0,7492
1110,7,0,14,11,27105900,3621,7020,0,7499
1111,6,1,13,12,27132540,3622,9480,1,7505
1112,8,0,18,7,27155700,3623,9540,1,7513
1113,5,0,15,10,27185940,3623,9540,1,7518
1114,12,0,18,7,27233760,3625,9540,1,7530
1115,8,0,12,13,27275580,3624,9540,1,7538
1116,14,0,18,7,27298980,3623,9540,1,7552
1117,10,0,15,10,27330900,3621,9540,1,7562
1118,13,0,19,6,27371460,3622,9540,1,7575
1119,9,0,15,10,27417600,3622,9540,1,7584
1120,7,0,13,12,27463380,3624,9540,1,7591
1121,11,0,18,7,27478800,3623,9540,1,7602
1122,9,0,17,8,27525540,3624,9540,1,7611
1123,7,0,13,12,27567600,3624,9540,1,7618
1124,2,0,9,16,27593820,3625,9540,1,7620
1125,2,0,10,15,27595320,3625,9540,1,7622
1126,7,0,14,11,27616740,3626,9540,1,7629
1127,4,0,10,15,27645540,3626,9540,1,7633
1128,4,0,10,15,27666180,3627,9540,1,7637
1129,5,0,12,13,27671580,3626,9540,1,7642
1130,3,0,12,13,27686760,3627,9540,1,7645
1131,7,0,11,14,27718920,3627,9540,1,7652
1132,3,0,9,16,27738960,3627,9540,1,7655
1133,11,0,17,8,27743040,3627,9540,1,7666
1134,7,0,15,10,27776100,3627,9540,1,7673
1135,6,0,14,11,27808560,3627,9540,1,7679
1136,10,0,15,10,27834120,3627,9540,1,7689
1137,10,0,17,8,27862260,3626,9540,1,7699
1138,8,0,13,12,27886980,3624,9540,1,7707
1139,10,0,17,8,27918300,3625,9540,1,7717
1140,14,0,22,3,27960000,3626,9540,1,7731
1141,14,0,23,2,28000140,3626,9540,1,7745
1142,6,0,13,12,28065720,3626,9540,1,7751
1143,8,0,14,11,28099680,3628,9540,1,7759
1144,3,0,11,14,28129080,3629,9540,1,7762
1145,9,0,16,9,28146060,3629,9540,1,7771
1146,7,0,12,13,28193400,3630,9540,1,7778
1147,11,0,13,12,28228140,3630,9540,1,7789
1148,6,0,15,10,28240560,3629,9540,1,7795
1149,4,0,13,12,28262040,3629,9540,1,7799
1150,11,0,14,11,28304160,3630,9540,1,7810
1151,2,0,7,18,28328580,3629,9540,1,7812
1152,4,0,10,15,28332120,3629,9540,1,7816
1153,5,0,12,13,28341720,3629,9540,1,7821
1154,3,0,9,16,28362780,3629,9540,1,7824
1155,3,0,10,15,28368120,3629,9540,1,7827
1156,5,0,9,16,28388820,3628,9540,1,7832
1157,3,0,11,14,28391520,3628,9540,1,7835
1158,4,0,9,16,28416600,3629,9540,1,7839
1159,5,0,11,14,28426620,3629,9540,1,7844
1160,8,0,14,11,28442880,3628,9540,1,7852
1161,11,0,14,11,28471680,3627,9540,1,7863
1162,9,0,15,10,28488240,3625,9540,1,7872
1163,12,0,16,9,28532760,3626,9540,1,7884
1164,13,0,20,5,28560060,3625,9540,1,7897
1165,7,0,16,9,28599900,3625,9540,1,7904
1166,14,6,16,9,28635060,3626,12240,1,7918
1167,10,0,24,1,28661820,3626,27420,3,7928
1168,8,0,15,10,28748160,3629,27420,3,7936
1169,12,0,19,6,28776900,3629,27420,3,7948
1170,3,0,12,13,28815600,3629,27420,3,7951
1171,7,0,9,16,28854660,3629,27420,3,7958
1172,5,0,8,17,28865520,3628,27420,3,7963
1173,5,0,9,16,28874100,3627,27420,3,7968
1174,3,0,9,16,28886280,3628,27420,3,7971
1175,6,0,13,12,28891980,3627,27420,3,7977
1176,2,0,10,15,28918680,3628,27420,3,7979
1177,3,0,10,15,28939020,3630,27420,3,7982
1178,4,0,12,13,28948260,3630,27420,3,7986
1179,6,0,13,12,28970580,3630,27420,3,7992
1180,5,0,9,16,28999260,3630,27420,3,7997
1181,5,0,12,13,29007540,3630,27420,3,8002
1182,4,0,15,10,29014680,3630,27420,3,8006
1183,5,0,12,13,29050800,3631,27420,3,8011
1184,6,0,14,11,29075040,3633,27420,3,8017
1185,6,0,11,14,29099040,3631,27420,3,8023
1186,5,0,10,15,29122200,3632,27420,3,8028
1187,7,0,10,15,29136780,3630,27420,3,8035
1188,5,0,8,17,29157420,3630,27420,3,8040
1189,5,0,11,14,29161200,3629,27420,3,8045
1190,4,0,10,15,29168700,3628,27420,3,8049
1191,4,0,8,17,29189880,3628,27420,3,8053
1192,4,0,9,16,29193780,3627,27420,3,8057
1193,7,0,10,15,29207760,3626,27420,3,8064
1194,7,0,15,10,29213100,3626,27420,3,8071
1195,4,0,12,13,29244960,3627,27420,3,8075
1196,3,0,12,13,29262300,3627,27420,3,8078
1197,7,0,11,14,29288040,3627,27420,3,8085
1198,0,0,9,16,29303460,3628,27420,3,8085
1199,6,0,10,15,29327820,3629,27420,3,8091
1200,4,0,9,16,29334900,3627,27420,3,8095
1201,5,0,12,13,29343180,3627,27420,3,8100
1202,4,0,9,16,29367180,3627,27420,3,8104
1203,8,0,12,13,29384340,3627,27420,3,8112
1204,4,0,11,14,29401260,3627,27420,3,8116
1205,7,0,13,12,29412300,3626,27420,3,8123
1206,7,0,14,11,29438640,3627,27420,3,8130
1207,5,0,12,13,29462220,3627,27420,3,8135
1208,9,0,14,11,29496660,3628,27420,3,8144
1209,6,0,13,12,29514720,3627,27420,3,8150
1210,6,0,14,11,29530380,3626,27420,3,8156
1211,6,0,12,13,29574480,3628,27420,3,8162
1212,7,0,13,12,29589240,3627,27420,3,8169
1213,7,0,15,10,29610120,3628,27420,3,8176
1214,10,0,13,12,29646360,3627,27420,3,8186
1215,11,0,15,10,29667960,3626,27420,3,8197
1216,12,0,17,8,29700840,3625,27420,3,8209
1217,11,0,18,7,29739360,3625,27420,3,8220
1218,5,0,12,13,29781840,3626,27420,3,8225
1219,7,0,11,14,29810160,3626,27420,3,8232
1220,10,0,15,10,29832360,3626,27420,3,8242
1221,11,0,16,9,29856780,3624,27420,3,8253
1222,3,0,12,13,29895180,3626,27420,3,8256
1223,4,0,10,15,29921280,3626,27420,3,8260
1224,9,0,17,8,29932620,3627,27420,3,8269
1225,7,0,12,13,29975580,3627,27420,3,8276
1226,5,0,12,13,29997060,3627,27420,3,8281
1227,4,0,12,13,30010680,3627,27420,3,8285
1228,7,0,16,9,30027060,3628,27420,3,8292
1229,8,0,14,11,30053460,3627,27420,3,8300
1230,3,0,10,15,30084300,3627,27420,3,8303
1231,5,0,12,13,30102360,3628,27420,3,8308
1232,9,0,13,12,30127440,3628,27420,3,8317
1233,6,0,11,14,30158040,3628,27420,3,8323
1234,10,0,15,10,30166980,3626,27420,3,8333
1235,7,0,14,11,30207900,3628,27420,3,8340
1236,7,0,13,12,30234360,3627,27420,3,8347
1237,9,0,16,9,30265500,3628,27420,3,8356
1238,9,0,17,8,30285900,3627,27420,3,8365
1239,9,0,14,11,30329040,3627,27420,3,8374
1240,8,0,17,8,30339000,3626,27420,3,8382
1241,4,0,12,13,30367500,3626,27420,3,8386
1242,7,0,9,16,30407640,3626,27420,3,8393
1243,5,0,11,14,30414240,3626,27420,3,8398
1244,6,0,13,12,30423840,3625,27420,3,8404
1245,4,0,10,15,30446160,3625,27420,3,8408
1246,1,0,8,17,30455820,3625,27420,3,8409
1247,4,0,9,16,30470100,3625,27420,3,8413
1248,8,0,10,15,30483180,3624,27420,3,8421
1249,4,0,8,17,30500820,3623,27420,3,8425
1250,2,0,8,17,30512820,3624,27420,3,8427
1251,9,0,14,11,30517200,3623,27420,3,8436
1252,7,0,13,12,30535440,3622,27420,3,8443
1253,7,0,10,15,30567420,3621,27420,3,8450
1254,2,0,8,17,30582000,3621,27420,3,8452
1255,5,0,8,17,30594720,3621,27420,3,8457
1256,4,0,9,16,30606300,3621,27420,3,8461
1257,12,0,17,8,30621120,3621,27420,3,8473
1258,7,0,16,9,30646800,3620,27420,3,8480
1259,12,0,17,8,30682980,3620,27420,3,8492
1260,9,0,14,11,30714300,3618,27420,3,8501
1261,7,0,15,10,30740760,3619,27420,3,8508
1262,15,0,18,7,30785160,3619,27420,3,8523
1263,6,0,16,9,30818100,3620,27420,3,8529
1264,7,0,11,14,30866580,3620,27420,3,8536
1265,9,0,10,15,30894000,3619,27420,3,8545
1266,14,0,17,8,30910740,3618,27420,3,8559
1267,4,0,18,7,30918540,3618,27420,3,8563
1268,8,0,13,12,30982140,3620,27420,3,8571
1269,13,0,17,8,31012200,3619,27420,3,8584
1270,5,0,15,10,31048920,3621,27420,3,8589
1271,1,0,9,16,31087140,3622,27420,3,8590
1272,4,0,12,13,31092600,3623,27420,3,8594
1273,4,0,11,14,31120800,3624,27420,3,8598
1274,4,0,10,15,31136640,3623,27420,3,8602
1275,2,0,10,15,31140360,3623,27420,3,8604
1276,5,0,12,13,31154640,3623,27420,3,8609
1277,6,0,11,14,31174980,3623,27420,3,8615
1278,5,0,10,15,31187340,3622,27420,3,8620
1279,8,0,12,13,31207020,3621,27420,3,8628
1280,7,0,12,13,31230660,3621,27420,3,8635
1281,11,0,15,10,31253580,3621,27420,3,8646
1282,7,0,15,10,31274580,3620,27420,3,8653
1283,12,0,20,5,31304760,3621,27420,3,8665
1284,4,0,12,13,31340520,3620,27420,3,8669
1285,3,0,10,15,31371360,3621,27420,3,8672
1286,4,0,11,14,31384440,3621,27420,3,8676
1287,15,0,15,10,31415220,3620,27420,3,8691
1288,12,0,16,9,31440240,3619,27420,3,8703
1289,12,0,17,8,31475700,3618,27420,3,8715
1290,5,0,13,12,31511940,3619,27420,3,8720
1291,6,0,12,13,31539300,3619,27420,3,8726
1292,1,0,8,17,31563060,3620,27420,3,8727
1293,5,0,10,15,31578900,3620,27420,3,8732
1294,1,0,8,17,31591320,3620,27420,3,8733
1295,3,0,9,16,31597620,3620,27420,3,8736
1296,6,0,12,13,31608660,3620,27420,3,8742
1297,4,0,12,13,31616520,3619,27420,3,8746
1298,8,0,12,13,31643340,3619,27420,3,8754
1299,3,0,12,13,31657260,3620,27420,3,8757
1300,8,0,15,10,31678560,3620,27420,3,8765
1301,5,0,11,14,31715340,3620,27420,3,8770
1302,5,0,12,13,31736460,3621,27420,3,8775
1303,7,0,14,11,31749240,3621,27420,3,8782
1304,6,0,13,12,31777860,3621,27420,3,8788
1305,10,0,14,11,31806120,3620,27420,3,8798
1306,12,0,17,8,31822260,3619,27420,3,8810
1307,9,0,14,11,31860840,3618,27420,3,8819
1308,1,0,8,17,31896660,3619,27420,3,8820
1309,13,0,15,10,31912440,3619,27420,3,8833
1310,5,0,13,12,31939740,3619,27420,3,8838
1311,9,0,12,13,31968300,3618,27420,3,8847
1312,4,0,10,15,31987740,3618,27420,3,8851
1313,11,0,17,8,32004000,3618,27420,3,8862
1314,9,0,16,9,32028960,3617,27420,3,8871
1315,8,0,14,11,32065860,3617,27420,3,8879
1316,4,0,9,16,32091600,3616,27420,3,8883
1317,7,0,11,14,32108100,3616,27420,3,8890
1318,2,0,11,14,32116620,3616,27420,3,8892
1319,8,0,14,11,32142240,3617,27420,3,8900
1320,3,0,9,16,32169660,3617,27420,3,8903
1321,1,0,6,19,32189760,3617,27420,3,8904
1322,3,0,9,16,32189760,3617,27420,3,8907
1323,4,0,10,15,32197680,3617,27420,3,8911
1324,5,0,10,15,32215740,3617,27420,3,8916
1325,3,0,8,17,32228280,3616,27420,3,8919
1326,5,0,9,16,32231820,3615,27420,3,8924
1327,9,0,15,10,32244780,3615,27420,3,8933
1328,5,0,11,14,32269920,3614,27420,3,8938
1329,7,0,12,13,32287800,3614,27420,3,8945
1330,6,0,11,14,32320800,3615,27420,3,8951
1331,13,0,18,7,32328480,3613,27420,3,8964
1332,7,0,16,9,32364000,3614,27420,3,8971
1333,11,0,12,13,32407140,3612,27420,3,8982
1334,5,0,12,13,32426580,3612,27420,3,8987
1335,13,0,14,11,32458260,3612,27420,3,9000
1336,7,0,16,9,32481480,3612,27420,3,9007
1337,6,0,15,10,32507580,3612,27420,3,9013
1338,4,0,10,15,32555580,3614,27420,3,9017
1339,4,0,9,16,32577120,3614,27420,3,9021
1340,4,0,8,17,32591580,3614,27420,3,9025
1341,2,0,8,17,32593320,3613,27420,3,9027
1342,5,0,11,14,32601840,3613,27420,3,9032
1343,4,0,8,17,32618400,3613,27420,3,9036
1344,5,0,10,15,32621460,3612,27420,3,9041
1345,5,0,15,10,32621460,3612,27420,3,9046
1346,7,0,15,10,32639820,3611,27420,3,9053
1347,5,0,19,6,32645520,3611,27420,3,9058
1348,6,0,17,8,32684520,3612,27420,3,9064
1349,6,0,13,12,32730720,3613,27420,3,9070
1350,6,0,16,9,32742060,3613,27420,3,9076
1351,15,0,21,4,32757240,3611,27420,3,9091
1352,10,0,22,3,32793240,3611,27420,3,9101
1353,7,0,17,8,32841360,3612,27420,3,9108
1354,6,0,15,10,32869080,3612,27420,3,9114
1355,11,0,19,6,32894100,3612,27420,3,9125
1356,4,0,15,10,32918460,3611,27420,3,9129
1357,14,0,19,6,32952180,3611,27420,2,9143
1358,6,0,15,10,32974260,3610,27420,2,9149
1359,12,0,20,5,33006780,3610,27420,2,9161
1360,12,0,20,5,33031140,3608,27420,2,9173
1361,7,0,13,12,33085260,3609,27420,2,9180
1362,10,0,19,6,33093600,3608,27420,2,9190
1363,4,0,15,10,33118500,3608,27420,2,9194
1364,9,0,18,7,33149040,3609,27420,2,9203
1365,3,0,13,12,33175680,3608,27420,2,9206
1366,6,0,13,12,33200340,3609,27420,2,9212
1367,5,0,16,9,33209580,3609,27420,2,9217
1368,9,0,16,9,33234120,3608,27420,2,9226
1369,1,0,12,13,33255960,3608,27420,2,9227
1370,1,0,10,15,33269220,3609,27420,2,9228
1371,5,0,14,11,33271200,3608,27420,2,9233
1372,9,0,14,11,33292980,3607,27420,2,9242
1373,4,0,14,11,33305820,3607,27420,2,9246
1374,8,0,13,12,33342420,3608,27420,2,9254
1375,8,0,19,6,33352680,3608,27420,2,9262
1376,8,0,20,5,33379500,3608,27420,2,9270
1377,7,0,12,13,33438240,3609,27420,2,9277
1378,8,0,16,9,33448980,3608,27420,2,9285
1379,9,0,19,6,33470340,3608,27420,2,9294
1380,9,0,16,9,33510120,3608,27420,2,9303
1381,7,0,15,10,33536940,3608,27420,2,9310
1382,11,0,17,8,33560340,3607,27420,2,9321
1383,5,0,15,10,33591840,3607,27420,2,9326
1384,15,0,24,1,33608640,3607,27960,2,9341
1385,4,0,17,8,33665100,3609,27960,2,9345
1386,10,0,19,6,33700200,3609,27960,2,9355
1387,7,0,14,11,33737280,3609,27960,2,9362
1388,5,0,14,11,33751440,3608,27960,2,9367
1389,6,0,15,10,33769920,3608,27960,2,9373
1390,2,0,12,13,33793080,3609,27960,2,9375
1391,5,0,16,9,33801420,3609,27960,2,9380
1392,6,0,11,14,33832500,3608,27960,2,9386
1393,6,0,15,10,33837000,3608,27960,2,9392
1394,3,0,14,11,33843060,3607,27960,2,9395
1395,4,0,11,14,33880200,3608,27960,2,9399
1396,6,0,14,11,33890100,3608,27960,2,9405
1397,4,0,13,12,33902940,3608,27960,2,9409
1398,7,0,15,10,33914400,3607,27960,2,9416
1399,6,0,14,11,33934740,3607,27960,2,9422
1400,2,0,13,12,33948660,3607,27960,2,9424
1401,8,0,17,8,33971340,3608,27960,2,9432
1402,6,0,15,10,33992760,3607,27960,2,9438
1403,9,0,16,9,34019520,3607,27960,2,9447
1404,8,0,16,9,34048920,3607,27960,2,9455
1405,9,0,16,9,34073460,3606,27960,2,9464
1406,7,0,17,8,34083900,3605,27960,2,9471
1407,15,0,25,0,34104360,3604,28020,2,9486
1408,7,1,16,9,34147140,3603,28440,2,9493
1409,5,0,17,8,34184280,3605,28680,3,9498
1410,10,0,13,12,34220700,3604,28680,3,9508
1411,7,0,17,8,34240320,3605,28680,3,9515
1412,6,0,17,8,34261860,3604,28680,3,9521
1413,2,0,12,13,34298460,3606,28680,3,9523
1414,4,0,12,13,34317660,3606,28680,3,9527
1415,8,0,15,10,34326660,3605,28680,3,9535
1416,2,0,11,14,34347660,3605,28680,3,9537
1417,7,0,14,11,34357020,3605,28680,3,9544
1418,2,0,14,11,34364040,3605,28680,3,9546
1419,4,0,15,10,34378920,3605,28680,3,9550
1420,2,0,11,14,34405320,3606,28680,3,9552
1421,11,0,19,6,34412160,3605,28680,2,9563
1422,7,0,15,10,34437120,3604,28680,2,9570
1423,6,0,13,12,34466340,3604,28680,2,9576
1424,3,0,13,12,34483140,3604,28680,2,9579
1425,3,0,14,11,34491900,3604,28680,2,9582
1426,2,0,13,12,34509240,3605,28680,2,9584
1427,5,0,12,13,34531740,3605,28680,2,9589
1428,7,0,16,9,34536780,3605,28680,2,9596
1429,10,0,22,3,34551060,3605,28680,2,9606
1430,10,0,23,2,34591680,3605,28680,2,9616
1431,6,0,17,8,34635720,3606,28680,2,9622
1432,13,0,20,5,34673160,3606,28680,2,9635
1433,8,0,16,9,34722660,3606,28680,2,9643
1434,7,0,17,8,34739640,3606,28680,2,9650
1435,7,0,19,6,34766940,3607,28680,2,9657
1436,5,0,17,8,34789260,3606,28680,2,9662
1437,6,0,13,12,34836240,3608,28680,2,9668
1438,3,0,15,10,34840320,3608,28680,2,9671
1439,4,0,14,11,34858680,3608,28680,2,9675
1440,3,0,15,10,34874220,3609,28680,2,9678
1441,9,0,15,10,34899540,3608,28680,2,9687
1442,2,0,12,13,34918200,3608,28680,2,9689
1443,4,0,12,13,34939620,3609,28680,2,9693
1444,6,0,16,9,34949340,3609,28680,2,9699
1445,10,0,19,6,34968000,3608,28680,2,9709
1446,7,0,15,10,34994760,3607,28680,2,9716
1447,5,0,15,10,35028300,3608,28680,2,9721
1448,8,0,18,7,35042760,3608,28680,2,9729
1449,9,0,19,6,35058300,3607,28680,2,9738
1450,8,2,16,9,35093460,3607,30780,3,9746
1451,7,0,20,5,35112360,3607,37320,3,9753
1452,5,0,17,8,35133720,3606,37320,3,9758
1453,8,0,14,11,35196660,3609,37320,3,9766
1454,11,0,16,9,35212140,3607,37320,3,9777
1455,4,0,14,11,35234280,3607,37320,3,9781
1456,7,0,11,14,35253780,3605,37320,3,9788
1457,12,0,18,7,35266020,3605,37320,3,9800
1458,9,0,18,7,35289780,3604,37320,3,9809
1459,6,0,15,10,35321220,3604,37320,3,9815
1460,6,0,15,10,35349900,3604,37320,3,9821
1461,7,0,16,9,35369580,3604,37320,3,9828
1462,6,0,14,11,35393760,3604,37320,3,9834
1463,3,0,13,12,35404440,3603,37320,3,9837
1464,4,0,11,14,35420580,3603,37320,3,9841
1465,5,0,12,13,35425980,3602,37320,3,9846
1466,2,0,11,14,35440560,3602,37320,3,9848
1467,3,0,13,12,35446740,3603,37320,3,9851
1468,3,0,14,11,35456340,3603,37320,3,9854
1469,7,0,13,12,35475600,3602,37320,3,9861
1470,7,0,15,10,35488680,3601,37320,3,9868
1471,12,0,18,7,35510580,3600,37320,3,9880
1472,11,0,16,9,35561160,3601,37320,3,9891
1473,12,0,17,8,35582520,3599,37320,3,9903
1474,6,0,16,9,35604300,3598,37320,3,9909
1475,6,0,14,11,35641620,3599,37320,3,9915
1476,8,0,17,8,35654820,3599,37320,3,9923
1477,5,0,14,11,35694240,3600,37320,3,9928
1478,7,0,17,8,35706660,3600,37320,3,9935
1479,9,0,20,5,35722440,3599,37320,3,9944
1480,10,4,19,6,35763960,3601,38400,3,9954
1481,15,2,25,0,35807880,3601,44760,4,9969
1482,11,0,21,4,35867400,3601,47700,4,9980
1483,7,0,18,7,35901480,3601,47700,4,9987
1484,3,0,15,10,35929080,3601,47700,4,9990
1485,7,0,18,7,35956020,3603,47700,4,9997
1486,4,0,15,10,35985480,3603,47700,4,10001
1487,6,0,15,10,36015720,3604,47700,4,10007
1488,3,0,12,13,36039120,3604,47700,4,10010
1489,9,0,18,7,36048180,3604,47700,4,10019
1490,8,0,17,8,36082320,3604,47700,4,10027
1491,4,0,14,11,36104160,3604,47700,4,10031
1492,5,0,13,12,36130260,3604,47700,4,10036
1493,4,0,15,10,36136380,3604,47700,4,10040
1494,3,0,11,14,36158340,3604,47700,4,10043
1495,2,0,10,15,36168720,3604,47700,4,10045
1496,9,0,14,11,36175740,3603,47700,4,10054
1497,10,0,14,11,36196140,3601,47700,4,10064
1498,10,0,18,7,36213240,3601,47700,4,10074
1499,9,0,16,9,36240420,3599,47700,4,10083
1500,8,0,16,9,36264540,3599,47700,4,10091
1501,12,0,19,6,36294600,3599,47700,4,10103
1502,12,0,23,2,36317640,3598,47700,4,10115
1503,7,0,21,4,36352620,3598,47760,4,10122
1504,15,0,25,0,36399780,3599,48000,4,10137
1505,3,0,18,7,36452820,3601,48000,4,10140
1506,7,0,17,8,36490560,3602,48000,4,10147
1507,4,0,15,10,36513240,3602,48000,4,10151
1508,7,0,17,8,36539940,3603,48000,4,10158
1509,7,0,17,8,36563940,3603,48000,4,10165
1510,5,0,16,9,36596700,3604,48000,4,10170
1511,3,0,12,13,36622560,3604,48000,4,10173
1512,3,0,12,13,36631920,3604,48000,4,10176
1513,3,0,12,13,36642120,3604,48000,4,10179
1514,5,0,12,13,36658800,3603,48000,4,10184
1515,4,0,13,12,36664620,3603,48000,4,10188
1516,5,0,12,13,36682140,3602,48000,4,10193
1517,6,0,13,12,36693780,3602,48000,4,10199
1518,1,0,13,12,36699480,3602,48000,4,10200
1519,6,0,15,10,36716580,3602,48000,4,10206
1520,10,0,18,7,36736800,3602,48000,4,10216
1521,9,0,20,5,36767460,3602,48000,4,10225
1522,5,0,14,11,36810660,3603,48000,4,10230
1523,6,0,16,9,36819960,3602,48000,4,10236
1524,8,0,19,6,36846780,3603,48000,4,10244
1525,11,0,21,4,36874980,3603,48000,4,10255
1526,10,0,22,3,36924960,3604,48000,4,10265
1527,6,0,19,6,36950700,3604,48000,4,10271
1528,11,0,19,6,36998880,3605,48000,4,10282
1529,9,0,20,5,37024500,3604,48000,4,10291
1530,6,0,17,8,37070700,3606,48000,4,10297
1531,7,0,19,6,37085880,3605,48000,4,10304
1532,6,0,15,10,37118160,3605,48000,4,10310
1533,7,0,18,7,37143420,3606,48000,4,10317
1534,8,0,16,9,37175160,3606,48000,4,10325
1535,6,0,16,9,37196520,3606,48000,4,10331
1536,5,0,16,9,37228080,3607,48000,4,10336
1537,2,0,11,14,37252200,3607,48000,4,10338
1538,2,0,12,13,37260900,3607,48000,4,10340
1539,6,0,15,10,37266480,3607,48000,4,10346
1540,7,0,17,8,37292520,3608,48000,4,10353
1541,8,0,16,9,37321500,3607,48000,4,10361
1542,7,0,12,13,37354800,3607,48000,4,10368
1543,7,0,14,11,37361220,3605,48000,4,10375
1544,8,0,14,11,37382640,3605,48000,4,10383
1545,10,0,19,6,37389180,3604,48000,4,10393
1546,18,0,24,1,37432860,3603,48000,4,10411
1547,11,0,21,4,37481700,3603,52920,5,10422
1548,5,0,15,10,37529700,3604,52920,5,10427
1549,17,0,22,3,37555380,3603,53880,5,10444
1550,12,0,19,6,37595280,3602,53880,5,10456
1551,12,0,17,8,37635240,3601,53880,5,10468
1552,5,0,14,11,37662000,3600,53880,5,10473
1553,7,0,14,11,37683180,3600,53880,5,10480
1554,4,0,14,11,37699020,3600,53880,5,10484
1555,6,0,12,13,37723920,3600,53880,5,10490
1556,5,0,13,12,37735920,3600,53880,5,10495
1557,7,0,13,12,37753980,3599,53880,5,10502
1558,3,0,11,14,37773540,3599,53880,5,10505
1559,3,0,11,14,37779360,3599,53880,5,10508
1560,4,0,14,11,37779960,3598,53880,5,10512
1561,1,0,10,15,37804920,3599,53880,5,10513
1562,8,0,12,13,37811760,3598,53880,5,10521
1563,2,0,12,13,37824720,3598,53880,5,10523
1564,3,0,10,15,37837140,3598,53880,5,10526
1565,6,0,12,13,37842000,3597,53880,5,10532
1566,5,0,13,12,37856220,3597,53880,5,10537
1567,4,0,12,13,37866120,3596,53880,5,10541
1568,10,0,15,10,37886280,3595,53880,5,10551
1569,8,0,16,9,37898580,3594,53880,5,10559
1570,6,0,16,9,37916820,3594,53880,5,10565
1571,7,0,16,9,37936260,3593,53880,5,10572
1572,7,0,15,10,37967760,3594,53880,5,10579
1573,9,0,19,6,37977360,3593,53880,5,10588
1574,11,0,22,3,38001180,3592,53880,5,10599
1575,9,2,20,5,38041200,3593,60960,5,10608
1576,7,0,18,7,38079900,3593,67740,6,10615
1577,6,0,14,11,38119500,3593,67740,6,10621
1578,7,0,13,12,38142420,3593,67740,6,10628
1579,1,0,9,16,38172420,3594,67740,6,10629
1580,8,0,15,10,38173860,3593,67740,6,10637
1581,4,0,15,10,38186640,3593,67740,6,10641
1582,2,0,12,13,38210880,3594,67740,6,10643
1583,5,0,13,12,38232180,3594,67740,6,10648
1584,0,0,9,16,38243100,3594,67740,6,10648
1585,5,0,12,13,38247060,3594,67740,6,10653
1586,3,0,12,13,38253960,3593,67740,6,10656
1587,8,0,19,6,38259900,3594,67740,6,10664
1588,7,0,17,8,38289360,3593,67740,6,10671
1589,6,0,13,12,38325660,3593,67740,6,10677
1590,4,0,12,13,38350440,3594,67740,6,10681
1591,5,0,14,11,38354940,3593,67740,6,10686
1592,8,0,16,9,38376180,3593,67740,6,10694
1593,11,0,15,10,38415000,3593,67740,6,10705
1594,9,0,17,8,38438760,3593,67740,6,10714
1595,5,0,14,11,38466300,3593,67740,6,10719
1596,10,0,20,5,38479560,3593,67740,6,10729
1597,6,0,17,8,38514120,3593,67740,6,10735
1598,13,0,21,4,38547420,3593,67740,6,10748
1599,7,0,18,7,38578800,3593,67740,6,10755
1600,8,0,17,8,38608440,3592,67740,6,10763
1601,6,0,17,8,38627940,3592,67740,6,10769
1602,7,0,18,7,38650560,3592,67740,6,10776
1603,13,2,22,3,38679060,3593,71100,6,10789
1604,6,7,20,5,38693760,3593,73020,6,10795
1605,2,0,14,11,38775720,3596,97320,9,10797
1606,5,0,14,11,38792400,3595,97320,9,10802
1607,3,0,13,12,38812500,3596,97320,9,10805
1608,4,0,14,11,38828760,3596,97320,9,10809
1609,1,0,11,14,38849880,3597,97320,9,10810
1610,3,0,12,13,38860920,3597,97320,9,10813
1611,4,0,15,10,38865780,3598,97320,8,10817
1612,7,0,13,12,38884740,3596,97320,8,10824
1613,4,0,13,12,38897400,3596,97320,8,10828
1614,4,0,14,11,38909580,3596,97320,8,10832
1615,3,0,11,14,38928780,3596,97320,8,10835
1616,8,0,16,9,38938200,3596,97320,8,10843
1617,5,0,11,14,38963580,3595,97320,8,10848
1618,7,0,15,10,38972340,3595,97320,8,10855
1619,7,0,14,11,38989620,3594,97320,8,10862
1620,8,0,16,9,38998320,3592,97320,8,10870
1621,7,0,17,8,39030180,3593,97320,8,10877
1622,7,0,18,7,39050400,3593,97320,8,10884
1623,5,0,16,9,39085080,3594,97320,8,10889
1624,7,0,15,10,39114780,3594,97320,8,10896
1625,8,0,17,8,39129720,3594,97320,8,10904
1626,6,0,16,9,39167400,3595,97320,8,10910
1627,5,0,14,11,39193380,3595,97320,8,10915
1628,4,0,13,12,39211320,3595,97320,8,10919
1629,9,0,19,6,39225780,3595,97320,8,10928
1630,4,0,16,9,39248040,3595,97320,8,10932
1631,6,0,16,9,39276000,3596,97320,8,10938
1632,5,0,14,11,39297300,3595,97320,8,10943
1633,6,0,16,9,39317040,3596,97320,8,10949
1634,4,0,14,11,39336600,3595,97320,8,10953
1635,7,0,16,9,39359580,3596,97320,8,10960
1636,6,0,17,8,39378420,3596,97320,8,10966
1637,14,0,22,3,39416700,3597,97320,8,10980
1638,4,0,16,9,39446100,3596,97320,8,10984
1639,4,0,13,12,39480660,3597,97320,8,10988
1640,6,0,16,9,39492600,3597,97320,8,10994
1641,8,0,16,9,39510000,3596,97320,8,11002
1642,11,0,17,8,39539940,3595,97320,8,11013
1643,14,0,21,4,39570540,3595,97320,8,11027
1644,6,0,17,8,39607560,3595,97320,8,11033
1645,8,0,19,6,39630540,3595,97320,8,11041
1646,11,3,20,5,39665640,3596,101160,9,11052
1647,10,12,16,9,39697980,3597,102000,9,11062
1648,9,15,17,8,39740040,3599,115620,10,11071
1649,8,15,23,2,39760560,3601,132360,11,11079
1650,6,10,25,0,39804180,3602,172380,15,11085
1651,4,0,13,12,39897480,3602,289500,26,11089
1652,4,0,13,12,39911640,3602,289500,26,11093
1653,9,0,17,8,39920640,3601,289500,26,11102
1654,4,0,15,10,39942360,3601,289500,26,11106
1655,3,0,13,12,39966060,3601,289500,26,11109
1656,2,0,11,14,39981000,3601,289500,26,11111
1657,9,0,15,10,39990780,3601,289500,26,11120
1658,9,0,18,7,40003740,3600,289500,26,11129
1659,7,0,16,9,40036500,3600,289500,25,11136
1660,2,0,12,13,40069920,3601,289500,25,11138
1661,7,0,15,10,40076700,3600,289500,25,11145
1662,4,0,13,12,40097460,3600,289500,25,11149
1663,7,0,16,9,40110000,3600,289500,25,11156
1664,9,0,16,9,40137060,3600,289500,25,11165
1665,7,0,14,11,40165020,3599,289500,25,11172
1666,6,0,14,11,40182180,3599,289500,25,11178
1667,8,0,16,9,40200600,3598,289500,25,11186
1668,11,0,19,6,40224420,3598,289500,25,11197
1669,11,0,21,4,40251660,3598,289500,25,11208
1670,10,0,21,4,40294200,3598,289500,25,11218
1671,7,0,20,5,40325580,3598,289500,25,11225
1672,7,0,17,8,40365660,3599,289500,25,11232
1673,5,0,13,12,40408020,3600,289500,25,11237
1674,7,0,14,11,40424820,3599,289500,25,11244
1675,8,0,17,8,40433820,3598,289500,25,11252
1676,6,0,13,12,40463640,3598,289500,25,11258
1677,7,0,16,9,40482060,3598,289500,25,11265
1678,5,0,15,10,40504980,3598,289500,25,11270
1679,2,0,13,12,40520640,3598,289500,25,11272
1680,4,0,12,13,40550100,3599,289500,25,11276
1681,4,0,14,11,40553700,3599,289500,25,11280
1682,6,0,17,8,40564560,3599,289500,25,11286
1683,4,0,13,12,40605480,3600,289500,25,11290
1684,3,0,12,13,40619160,3600,289500,25,11293
1685,8,0,16,9,40629000,3600,289500,25,11301
1686,5,0,13,12,40654920,3600,289500,25,11306
1687,9,0,17,8,40672980,3600,289500,25,11315
1688,13,0,23,2,40696500,3599,289500,25,11328
1689,13,0,25,0,40740000,3600,289500,25,11341
1690,4,0,18,7,40787700,3600,289500,25,11345
1691,5,0,14,11,40833420,3602,289500,25,11350
1692,7,0,15,10,40847100,3601,289500,25,11357
1693,8,0,16,9,40866840,3600,289500,25,11365
1694,7,0,15,10,40903200,3601,289500,25,11372
1695,13,0,23,2,40921800,3601,289500,25,11385
1696,4,0,15,10,40971780,3602,289500,25,11389
1697,8,0,16,9,41004360,3602,289500,25,11397
1698,9,0,18,7,41024040,3602,289500,25,11406
1699,7,0,19,6,41048520,3602,289500,25,11413
1700,10,0,20,5,41090760,3603,289500,25,11423
1701,1,0,14,11,41125020,3604,289500,25,11424
1702,5,0,12,13,41150820,3604,289500,25,11429
1703,9,0,18,7,41163060,3604,289500,25,11438
1704,3,0,15,10,41179080,3603,289500,25,11441
1705,3,0,13,12,41200560,3604,289500,25,11444
1706,5,0,13,12,41224320,3604,289500,25,11449
1707,2,0,13,12,41236680,3605,289500,25,11451
1708,12,0,16,9,41259600,3604,289500,25,11463
1709,4,0,15,10,41279460,3604,289500,25,11467
1710,5,0,14,11,41304120,3604,289500,25,11472
1711,11,0,17,8,41329380,3604,289500,25,11483
1712,6,0,17,8,41348520,3604,289500,25,11489
1713,7,0,18,7,41373840,3604,289500,25,11496
1714,8,0,17,8,41396640,3603,289500,25,11504
1715,9,0,19,6,41438880,3605,290520,25,11513
1716,6,0,19,6,41460480,3605,290520,25,11519
1717,13,0,17,8,41500200,3604,290520,25,11532
1718,10,0,21,4,41524380,3604,290520,25,11542
1719,5,0,16,9,41576460,3605,290520,25,11547
1720,9,0,15,10,41606460,3605,290520,25,11556
1721,10,0,18,7,41623680,3604,290520,25,11566
1722,13,0,22,3,41651880,3604,290520,25,11579
1723,8,0,18,7,41700780,3604,290520,25,11587
1724,7,0,14,11,41737260,3604,290520,25,11594
1725,6,0,14,11,41759700,3604,290520,25,11600
1726,6,0,13,12,41778480,3603,290520,25,11606
1727,3,0,11,14,41797200,3603,290520,25,11609
1728,7,0,15,10,41801100,3603,290520,25,11616
1729,5,0,14,11,41818140,3602,290520,24,11621
1730,4,0,12,13,41849940,3603,290520,24,11625
1731,3,0,12,13,41857080,3603,290520,24,11628
1732,6,0,14,11,41870580,3603,290520,24,11634
1733,6,0,15,10,41887860,3603,290520,24,11640
1734,6,0,16,9,41910300,3603,290520,24,11646
1735,5,0,17,8,41923500,3603,290520,24,11651
1736,5,0,13,12,41956380,3603,290520,24,11656
1737,14,0,21,4,41978160,3603,290520,24,11670
1738,11,3,19,6,42012300,3603,291360,24,11681
1739,13,15,15,10,42041040,3604,292500,25,11694
1740,7,20,14,11,42064320,3605,303120,25,11701
1741,7,21,17,8,42093720,3607,320760,27,11708
1742,6,19,23,2,42107280,3607,358080,30,11714
1743,14,17,25,0,42173460,3608,434700,37,11728
1744,8,4,25,0,42233160,3607,585540,49,11736
1745,11,0,15,10,42301680,3605,634080,53,11747
1746,8,0,16,9,42319320,3605,634080,53,11755
1747,9,0,19,6,42343140,3605,634080,53,11764
1748,3,0,16,9,42367560,3605,634080,53,11767
1749,7,0,16,9,42406680,3606,634080,53,11774
1750,7,0,17,8,42423360,3606,634080,53,11781
1751,7,0,17,8,42450360,3606,634080,53,11788
1752,5,0,16,9,42479700,3607,634080,53,11793
1753,4,0,14,11,42510000,3607,634080,53,11797
1754,5,0,13,12,42532380,3607,634080,53,11802
1755,5,0,14,11,42544200,3607,634080,53,11807
1756,2,0,10,15,42564120,3607,634080,53,11809
1757,8,0,15,10,42567300,3606,634080,53,11817
1758,6,0,16,9,42582780,3606,634080,53,11823
1759,6,0,18,7,42594480,3606,634080,53,11829
1760,5,0,16,9,42630480,3607,634080,53,11834
1761,15,0,24,1,42655140,3607,634080,53,11849
1762,15,0,22,3,42708060,3606,637200,53,11864
1763,9,0,16,9,42764640,3606,637200,53,11873
1764,3,0,13,12,42789360,3606,637200,53,11876
1765,8,0,14,11,42806940,3606,637200,53,11884
1766,12,0,18,7,42825600,3605,637200,53,11896
1767,5,0,15,10,42847620,3604,637200,53,11901
1768,8,0,14,11,42882660,3605,637200,53,11909
1769,12,0,18,7,42903000,3604,637200,53,11921
1770,2,0,11,14,42939360,3604,637200,53,11923
1771,6,0,13,12,42949980,3604,637200,53,11929
1772,7,0,19,6,42950940,3604,637200,53,11936
1773,5,0,17,8,42981180,3604,637200,53,11941
1774,9,0,20,5,43019640,3606,637200,53,11950
1775,5,0,20,5,43038060,3606,637200,53,11955
1776,3,0,13,12,43093680,3607,637200,53,11958
1777,4,0,14,11,43109760,3608,637200,53,11962
1778,2,0,14,11,43125600,3608,637200,53,11964
1779,9,0,19,6,43146240,3609,637200,53,11973
1780,6,0,15,10,43171860,3608,637200,53,11979
1781,4,0,15,10,43184340,3608,637200,53,11983
1782,6,0,16,9,43209120,3608,637200,53,11989
1783,4,0,16,9,43225320,3609,637200,53,11993
1784,7,0,16,9,43250340,3609,637200,53,12000
1785,5,0,16,9,43279440,3609,637200,53,12005
1786,12,0,21,4,43299420,3609,637200,53,12017
1787,5,0,12,13,43348680,3609,637200,53,12022
1788,10,0,15,10,43362720,3608,637200,52,12032
1789,13,0,15,10,43394220,3607,637200,52,12045
1790,11,0,21,4,43410480,3607,637200,52,12056
1791,4,0,17,8,43444860,3607,637200,52,12060
1792,6,0,18,7,43463220,3607,637200,52,12066
1793,5,0,15,10,43504380,3608,637200,52,12071
1794,4,0,17,8,43520160,3609,637200,52,12075
1795,4,0,13,12,43553640,3609,637200,52,12079
1796,5,0,13,12,43563180,3608,637200,52,12084
1797,8,0,14,11,43580040,3608,637200,52,12092
1798,4,0,12,13,43604340,3608,637200,52,12096
1799,6,0,15,10,43612680,3608,637200,52,12102
1800,4,0,15,10,43633320,3608,637200,52,12106
1801,5,0,15,10,43650180,3608,637200,52,12111
1802,2,0,11,14,43680180,3609,637200,52,12113
1803,5,0,14,11,43687800,3609,637200,52,12118
1804,6,0,16,9,43700820,3609,637200,52,12124
1805,7,0,16,9,43728420,3609,637200,52,12131
1806,5,0,14,11,43761000,3610,637200,52,12136
1807,7,0,15,10,43776240,3609,637200,52,12143
1808,6,0,14,11,43795020,3608,637200,52,12149
1809,3,0,13,12,43816080,3609,637200,52,12152
1810,14,0,19,6,43836900,3608,637200,52,12166
1811,9,0,18,7,43866000,3608,637200,52,12175
1812,7,0,15,10,43898400,3607,637200,52,12182
1813,6,0,16,9,43916700,3608,637200,52,12188
1814,9,0,20,5,43942440,3608,637200,52,12197
1815,11,0,20,5,43973340,3607,637620,52,12208
1816,14,2,22,3,44005080,3607,637980,52,12222
1817,8,9,17,8,44038200,3608,640680,52,12230
1818,12,11,20,5,44089980,3610,660240,53,12242
1819,3,4,23,2,44113740,3610,718800,58,12245
1820,7,0,17,8,44178540,3610,741060,60,12252
1821,5,0,15,10,44217780,3611,741060,60,12257
1822,4,0,11,14,44241000,3611,741060,60,12261
1823,2,0,10,15,44246520,3611,741060,60,12263
1824,5,0,13,12,44252040,3610,741060,60,12268
1825,6,0,13,12,44264220,3610,741060,60,12274
1826,6,0,12,13,44277360,3609,741060,60,12280
1827,2,0,10,15,44292720,3609,741060,60,12282
1828,8,0,17,8,44298900,3609,741060,60,12290
1829,8,0,20,5,44310960,3608,741060,60,12298
1830,9,0,17,8,44348340,3608,741060,60,12307
1831,10,0,23,2,44366040,3608,741060,60,12317
1832,7,0,15,10,44417700,3608,741060,60,12324
1833,16,0,20,5,44443920,3607,741060,60,12340
1834,8,0,20,5,44478900,3607,741060,60,12348
1835,12,0,22,3,44521920,3608,741060,59,12360
1836,11,0,22,3,44558220,3608,741060,59,12371
1837,13,0,24,1,44598780,3608,741300,59,12384
1838,13,0,22,3,44649600,3608,741300,59,12397
1839,10,0,22,3,44691420,3608,741300,59,12407
1840,10,0,17,8,44752560,3609,741300,59,12417
1841,12,0,19,6,44780760,3608,741300,59,12429
1842,8,0,17,8,44820240,3608,741300,59,12437
1843,11,0,16,9,44862540,3608,741300,59,12448
1844,9,0,16,9,44887320,3608,741300,59,12457
1845,3,0,14,11,44903280,3607,741300,59,12460
1846,6,0,13,12,44925120,3607,741300,59,12466
1847,5,0,14,11,44944920,3608,741300,59,12471
1848,8,0,16,9,44960700,3607,741300,59,12479
1849,4,0,16,9,44978100,3607,741300,59,12483
1850,4,0,11,14,45016500,3608,741300,59,12487
1851,5,0,12,13,45026220,3607,741300,59,12492
1852,5,0,14,11,45030120,3607,741300,59,12497
1853,2,0,11,14,45046380,3607,741300,59,12499
1854,6,0,11,14,45062100,3606,741300,59,12505
1855,5,0,13,12,45065820,3606,741300,59,12510
1856,8,0,15,10,45090420,3606,741300,59,12518
1857,10,0,18,7,45105300,3605,741300,59,12528
1858,4,0,14,11,45135060,3605,741300,59,12532
1859,6,0,15,10,45158160,3606,741300,59,12538
1860,12,0,17,8,45186060,3605,741300,59,12550
1861,6,0,17,8,45207780,3605,741300,59,12556
1862,6,0,14,11,45242700,3605,741300,59,12562
1863,2,0,13,12,45254940,3605,741300,59,12564
1864,7,0,15,10,45269340,3605,741300,58,12571
1865,9,0,15,10,45304980,3605,741300,58,12580
1866,10,0,15,10,45323040,3604,741300,58,12590
1867,1,0,10,15,45353880,3604,741300,58,12591
1868,6,0,14,11,45357360,3604,741300,58,12597
1869,4,0,11,14,45376260,3604,741300,58,12601
1870,3,0,11,14,45381720,3603,741300,58,12604
1871,7,0,16,9,45384060,3603,741300,58,12611
1872,3,0,15,10,45392280,3602,741300,58,12614
1873,5,0,13,12,45419280,3602,741300,58,12619
1874,4,0,12,13,45435780,3602,741300,58,12623
1875,5,0,14,11,45447480,3602,741300,58,12628
1876,5,0,13,12,45464940,3602,741300,58,12633
1877,5,0,14,11,45476100,3602,741300,58,12638
1878,8,0,16,9,45499800,3602,741300,58,12646
1879,4,0,13,12,45529500,3602,741300,58,12650
1880,4,0,14,11,45542340,3603,741300,58,12654
1881,5,0,13,12,45558300,3602,741300,58,12659
1882,14,0,22,3,45571620,3602,741300,58,12673
1883,14,0,21,4,45617880,3601,741360,58,12687
1884,11,0,24,1,45642300,3601,742920,58,12698
1885,6,0,16,9,45709320,3602,742920,58,12704
1886,7,0,21,4,45720660,3602,742920,58,12711
1887,9,0,15,10,45783660,3603,742920,58,12720
1888,9,0,19,6,45804300,3603,742920,58,12729
1889,9,0,14,11,45847020,3603,742920,58,12738
1890,7,0,15,10,45871260,3603,742920,58,12745
1891,7,0,15,10,45896460,3603,742920,58,12752
1892,8,0,13,12,45924420,3602,742920,58,12760
1893,11,0,20,5,45931980,3602,742920,58,12771
1894,2,0,14,11,45957480,3601,742920,58,12773
1895,7,0,15,10,45989640,3602,742920,58,12780
1896,3,0,15,10,46000080,3602,742920,58,12783
1897,3,0,13,12,46025520,3603,742920,58,12786
1898,3,0,11,14,46043100,3603,742920,58,12789
1899,2,0,11,14,46054200,3603,742920,58,12791
1900,6,0,16,9,46057740,3603,742920,58,12797
1901,7,0,22,3,46063620,3603,742920,58,12804
1902,12,0,22,3,46109700,3604,743160,57,12816
1903,8,0,21,4,46151400,3604,743880,58,12824
1904,7,0,17,8,46204080,3605,743880,57,12831
1905,8,0,17,8,46232040,3605,743880,57,12839
1906,11,0,18,7,46277700,3606,743880,57,12850
1907,9,0,19,6,46308180,3606,743880,57,12859
1908,14,0,22,3,46342380,3606,743880,57,12873
1909,8,0,20,5,46379160,3606,743880,57,12881
1910,8,1,21,4,46398360,3605,744480,57,12889
1911,12,0,22,3,46462140,3607,745920,57,12901
1912,10,0,20,5,46507620,3607,746880,57,12911
1913,11,0,17,8,46544580,3606,746880,57,12922
1914,9,0,18,7,46579140,3607,746880,57,12931
1915,7,0,17,8,46606140,3607,746880,57,12938
1916,7,0,16,9,46643280,3607,746880,57,12945
1917,8,0,16,9,46669500,3607,746880,57,12953
1918,3,0,12,13,46699980,3607,746880,57,12956
1919,4,0,14,11,46701900,3607,746880,57,12960
1920,10,0,16,9,46726440,3607,746880,57,12970
1921,3,0,13,12,46743420,3606,746880,57,12973
1922,9,0,15,10,46765020,3606,746880,57,12982
1923,1,0,11,14,46778280,3606,746880,57,12983
1924,4,0,13,12,46790820,3606,746880,57,12987
1925,6,0,15,10,46800600,3606,746880,57,12993
1926,8,0,15,10,46813500,3604,746880,57,13001
1927,7,0,15,10,46842060,3605,746880,57,13008
1928,9,0,22,3,46846020,3604,746880,57,13017
1929,4,0,19,6,46885200,3605,746880,57,13021
1930,8,0,17,8,46938660,3607,746880,57,13029
1931,13,0,20,5,46966620,3606,746880,57,13042
1932,14,0,19,6,47006160,3605,747060,57,13056
1933,6,0,16,9,47030520,3604,747060,57,13062
1934,7,0,18,7,47046300,3604,747060,57,13069
1935,8,0,18,7,47071020,3604,747060,57,13077
1936,9,0,22,3,47098860,3605,747060,57,13086
1937,9,0,16,9,47159940,3605,747060,57,13095
1938,10,0,16,9,47198940,3606,747060,57,13105
1939,6,0,16,9,47217600,3605,747060,56,13111
1940,11,0,16,9,47247240,3605,747060,56,13122
1941,5,0,16,9,47258760,3604,747060,56,13127
1942,3,0,13,12,47286720,3604,747060,56,13130
1943,10,0,19,6,47298000,3604,747060,56,13140
1944,11,1,19,6,47322240,3603,747660,56,13151
1945,7,0,20,5,47363100,3605,751140,57,13158
1946,7,1,20,5,47388720,3605,754200,57,13165
1947,7,2,19,6,47433480,3606,762360,57,13172
1948,3,0,16,9,47475600,3607,768780,58,13175
1949,3,0,13,12,47507640,3608,768780,58,13178
1950,4,0,14,11,47513880,3608,768780,58,13182
1951,8,0,15,10,47536680,3608,768780,58,13190
1952,9,0,22,3,47546340,3608,768780,58,13199
1953,10,0,20,5,47584560,3607,768780,58,13209
1954,11,0,19,6,47631780,3608,768780,58,13220
1955,11,0,17,8,47671440,3607,768780,58,13231
1956,4,0,12,13,47703480,3607,768780,58,13235
1957,8,0,16,9,47715360,3607,768780,58,13243
1958,12,0,18,7,47745720,3606,768780,57,13255
1959,9,0,17,8,47786280,3607,768780,57,13264
1960,5,0,17,8,47805120,3607,768780,57,13269
1961,15,0,23,2,47838900,3607,768780,57,13284
1962,4,0,16,9,47876880,3607,768780,57,13288
1963,4,0,14,11,47908680,3608,768780,57,13292
1964,4,0,15,10,47919960,3608,768780,57,13296
1965,3,0,13,12,47936940,3608,768780,57,13299
1966,6,0,17,8,47946360,3608,768780,57,13305
1967,6,0,13,12,47976060,3607,768780,57,13311
1968,4,0,11,14,48004380,3608,768780,57,13315
1969,4,0,13,12,48007860,3607,768780,57,13319
1970,3,0,13,12,48013440,3607,768780,57,13322
1971,2,0,11,14,48032040,3607,768780,57,13324
1972,9,0,16,9,48043620,3607,768780,57,13333
1973,6,0,17,8,48057960,3607,768780,57,13339
1974,2,0,14,11,48075840,3607,768780,57,13341
1975,6,0,15,10,48108660,3608,768780,57,13347
1976,9,0,18,7,48122940,3607,768780,57,13356
1977,8,0,17,8,48153960,3607,768780,57,13364
1978,6,0,17,8,48175440,3607,768780,57,13370
1979,12,0,20,5,48206040,3607,768780,57,13382
1980,6,0,15,10,48248100,3607,768780,57,13388
1981,12,0,18,7,48272520,3607,768780,57,13400
1982,6,0,17,8,48299520,3607,768780,57,13406
1983,11,0,20,5,48337500,3608,768780,57,13417
1984,11,0,16,9,48384660,3607,768780,57,13428
1985,12,0,23,2,48401940,3607,768780,57,13440
1986,7,0,17,8,48443040,3607,768780,57,13447
1987,7,0,17,8,48468840,3607,768780,57,13454
1988,9,0,16,9,48505320,3607,768780,57,13463
1989,5,0,16,9,48530340,3607,768780,57,13468
1990,6,0,14,11,48563460,3607,768780,57,13474
1991,8,0,17,8,48582660,3608,768780,57,13482
1992,8,0,18,7,48603000,3607,768780,56,13490
1993,3,0,13,12,48631080,3607,768780,56,13493
1994,2,0,12,13,48648300,3608,768780,56,13495
1995,2,0,12,13,48656760,3608,768780,56,13497
1996,2,0,11,14,48671520,3608,768780,56,13499
1997,3,0,14,11,48671520,3608,768780,56,13502
1998,8,0,17,8,48685560,3608,768780,56,13510
1999,5,0,12,13,48716220,3607,768780,56,13515
2000,9,0,15,10,48730560,3607,768780,56,13524
2001,7,0,15,10,48745560,3606,768780,56,13531
2002,6,0,15,10,48762900,3606,768780,56,13537
2003,7,0,14,11,48794460,3606,768780,56,13544
2004,9,0,19,6,48810360,3606,768780,56,13553
2005,7,0,16,9,48848340,3606,768780,56,13560
2006,4,0,13,12,48877200,3606,768780,56,13564
2007,11,0,20,5,48887880,3606,768780,56,13575
2008,8,0,18,7,48914100,3605,768780,56,13583
2009,5,4,17,8,48925440,3606,769740,56,13588
2010,3,0,14,11,48983280,3607,780180,57,13591
2011,3,0,12,13,48999780,3607,780180,57,13594
2012,4,0,11,14,49024440,3608,780180,57,13598
2013,5,0,13,12,49027320,3607,780180,57,13603
2014,8,0,16,9,49037580,3607,780180,57,13611
2015,1,0,12,13,49068720,3607,780180,57,13612
2016,5,0,12,13,49086660,3607,780180,57,13617
2017,8,0,20,5,49086660,3607,780180,57,13625
2018,5,0,16,9,49104060,3606,780180,57,13630
2019,4,0,13,12,49130820,3606,780180,57,13634
2020,7,0,16,9,49139700,3606,780180,57,13641
2021,4,0,16,9,49150440,3606,780180,57,13645
2022,5,0,16,9,49180320,3607,780180,57,13650
2023,6,0,16,9,49198200,3606,780180,57,13656
2024,5,0,17,8,49212480,3606,780180,57,13661
2025,7,0,15,10,49238820,3606,780180,57,13668
2026,5,0,18,7,49253880,3607,780180,57,13673
2027,7,0,23,2,49263480,3607,780180,57,13680
2028,10,0,23,2,49308840,3607,783120,57,13690
2029,5,0,17,8,49360140,3608,783120,57,13695
2030,10,0,20,5,49384200,3608,783120,57,13705
2031,7,0,19,6,49409700,3608,783120,57,13712
2032,7,0,19,6,49449120,3609,783120,57,13719
2033,6,0,18,7,49478580,3609,783120,57,13725
2034,2,0,13,12,49503360,3609,783120,57,13727
2035,6,0,16,9,49512480,3609,783120,57,13733
2036,9,0,19,6,49530540,3609,783120,56,13742
2037,3,0,17,8,49552620,3609,783120,56,13745
2038,3,0,13,12,49584180,3610,783120,56,13748
2039,5,0,16,9,49596900,3610,783120,56,13753
2040,4,0,17,8,49610760,3610,783120,56,13757
2041,3,0,13,12,49632420,3610,783120,56,13760
2042,6,0,18,7,49642140,3610,783120,56,13766
2043,6,0,18,7,49658820,3610,783120,56,13772
2044,5,0,16,9,49684980,3610,783120,56,13777
2045,3,0,15,10,49699440,3610,783120,56,13780
2046,3,0,15,10,49716360,3611,783120,56,13783
2047,12,0,23,2,49721880,3610,783120,56,13795
2048,4,0,18,7,49757580,3610,783120,56,13799
2049,8,0,17,8,49785240,3610,783120,56,13807
2050,13,0,24,1,49806600,3610,783120,56,13820
2051,5,0,20,5,49846200,3610,783120,56,13825
2052,10,0,20,5,49882920,3610,783120,56,13835
2053,8,0,20,5,49917180,3611,783120,56,13843
2054,9,0,22,3,49949220,3611,783120,56,13852
2055,9,0,25,0,49977600,3612,783120,56,13861
2056,8,0,21,4,50031900,3612,783360,56,13869
2057,7,0,19,6,50079660,3614,783360,56,13876
2058,5,0,17,8,50100120,3613,783360,56,13881
2059,5,0,14,11,50134080,3614,783360,56,13886
2060,7,0,16,9,50151420,3613,783360,56,13893
2061,7,0,15,10,50172180,3613,783360,56,13900
2062,3,0,15,10,50177940,3613,783360,56,13903
2063,2,0,12,13,50196060,3613,783360,56,13905
2064,4,0,14,11,50202180,3612,783360,56,13909
2065,4,0,14,11,50208120,3612,783360,56,13913
2066,4,0,15,10,50223120,3612,783360,56,13917
2067,2,0,16,9,50224260,3612,783360,56,13919
2068,6,0,17,8,50257140,3613,783360,56,13925
2069,2,0,12,13,50275140,3613,783360,56,13927
2070,10,0,18,7,50280540,3612,783360,56,13937
2071,4,0,16,9,50297820,3612,783360,56,13941
2072,9,0,23,2,50299860,3611,783360,56,13950
2073,4,0,19,6,50333760,3612,783360,56,13954
2074,5,0,14,11,50382600,3612,783360,56,13959
2075,10,0,18,7,50396160,3612,783360,56,13969
2076,5,0,19,6,50409300,3612,783360,56,13974
2077,9,0,18,7,50438640,3611,783360,56,13983
2078,7,0,18,7,50459580,3611,783360,55,13990
2079,10,0,19,6,50492400,3611,783360,55,14000
2080,12,6,20,5,50514060,3611,784920,56,14012
2081,6,9,19,6,50541480,3612,798420,56,14018
2082,12,9,25,0,50581920,3614,818040,58,14030
2083,8,6,25,0,50626740,3614,838680,59,14038
2084,5,0,17,8,50688000,3613,891180,63,14043
2085,7,0,19,6,50710920,3614,891180,63,14050
2086,3,0,18,7,50728140,3614,891180,63,14053
2087,2,0,13,12,50764140,3615,891180,63,14055
2088,6,0,15,10,50782440,3615,891180,63,14061
2089,2,0,13,12,50796960,3615,891180,63,14063
2090,2,0,12,13,50812920,3615,891180,63,14065
2091,4,0,13,12,50815920,3615,891180,63,14069
2092,5,0,15,10,50827740,3615,891180,63,14074
2093,4,0,15,10,50841300,3615,891180,63,14078
2094,4,0,14,11,50856300,3615,891180,63,14082
2095,4,0,12,13,50875440,3614,891180,63,14086
2096,13,0,20,5,50882580,3614,891180,63,14099
2097,5,0,16,9,50903340,3613,891180,63,14104
2098,8,0,17,8,50926380,3613,891180,63,14112
2099,10,0,21,4,50951940,3613,891180,63,14122
2100,9,0,18,7,50986200,3612,891180,63,14131
2101,7,0,17,8,51015840,3612,891180,63,14138
2102,12,0,18,7,51043260,3611,891180,62,14150
2103,8,0,19,6,51066120,3611,891180,62,14158
2104,6,0,15,10,51100260,3611,891180,62,14164
2105,6,0,15,10,51123360,3611,891180,62,14170
2106,10,0,18,7,51135060,3610,891180,62,14180
2107,8,0,20,5,51151800,3610,891180,62,14188
2108,3,0,16,9,51180240,3610,891180,62,14191
2109,5,0,18,7,51197280,3611,891180,62,14196
2110,4,0,15,10,51222780,3611,891180,62,14200
2111,6,0,15,10,51242640,3610,891180,62,14206
2112,2,0,14,11,51254640,3611,891180,62,14208
2113,6,0,17,8,51271200,3611,891180,62,14214
2114,6,0,20,5,51283200,3611,891180,62,14220
2115,6,0,16,9,51324540,3611,891180,62,14226
2116,4,0,17,8,51342900,3612,891180,62,14230
2117,5,0,15,10,51376140,3612,891180,62,14235
2118,4,0,18,7,51380040,3612,891180,62,14239
2119,4,0,17,8,51406260,3613,891180,62,14243
2120,7,0,18,7,51430620,3613,891180,62,14250
2121,6,0,17,8,51473640,3614,891180,62,14256
2122,11,0,22,3,51489840,3614,891180,62,14267
2123,10,0,20,5,51528780,3614,891180,62,14277
2124,11,6,21,4,51542700,3614,891240,62,14288
2125,14,8,25,0,51591420,3615,902640,63,14302
2126,9,0,21,4,51647220,3614,946920,66,14311
2127,13,0,19,6,51693300,3613,946920,66,14324
2128,12,0,19,6,51733500,3613,946920,66,14336
2129,9,0,21,4,51766500,3613,946920,66,14345
2130,9,0,21,4,51791280,3613,946920,65,14354
2131,2,0,19,6,51815340,3614,946920,65,14356
2132,5,0,18,7,51849000,3614,946920,65,14361
2133,6,0,15,10,51885540,3615,946920,65,14367
2134,8,0,17,8,51901020,3614,946920,65,14375
2135,4,0,16,9,51924720,3615,946920,65,14379
2136,3,0,17,8,51931680,3615,946920,65,14382
2137,1,0,14,11,51956160,3615,946920,65,14383
2138,5,0,14,11,51977100,3616,946920,65,14388
2139,3,0,14,11,51989280,3616,946920,65,14391
2140,3,0,15,10,51996300,3616,946920,65,14394
2141,7,0,21,4,51998940,3616,946920,65,14401
2142,7,0,22,3,52026780,3616,946920,65,14408
2143,7,0,20,5,52071900,3617,946920,65,14415
2144,7,0,18,7,52101060,3617,946920,65,14422
2145,6,0,17,8,52128660,3617,946920,65,14428
2146,10,0,19,6,52152180,3616,946920,65,14438
2147,6,0,17,8,52170720,3616,946920,65,14444
2148,8,0,20,5,52184640,3615,946920,65,14452
2149,13,0,21,4,52217460,3615,946920,65,14465
2150,13,2,25,0,52257180,3616,948180,65,14478
2151,12,0,22,3,52320060,3616,953580,65,14490
2152,8,0,19,6,52353600,3615,953580,65,14498
2153,8,0,16,9,52392660,3615,953580,65,14506
2154,6,0,17,8,52407360,3615,953580,65,14512
2155,10,0,20,5,52436160,3615,953580,65,14522
2156,4,0,16,9,52462140,3615,953580,65,14526
2157,3,0,13,12,52497660,3616,953580,65,14529
2158,5,0,15,10,52502760,3616,953580,65,14534
2159,1,0,12,13,52519860,3616,953580,65,14535
2160,4,0,16,9,52519860,3616,953580,65,14539
2161,9,0,22,3,52526940,3616,953580,65,14548
2162,4,0,19,6,52560060,3616,954120,65,14552
2163,7,0,21,4,52584600,3617,954120,65,14559
2164,6,0,19,6,52624440,3617,954120,65,14565
2165,3,0,13,12,52662240,3618,954120,65,14568
2166,3,0,13,12,52672140,3618,954120,65,14571
2167,9,0,22,3,52672140,3618,954120,65,14580
2168,6,0,17,8,52697700,3617,954120,65,14586
2169,4,0,14,11,52729440,3617,954120,65,14590
2170,5,0,14,11,52752900,3617,954120,65,14595
2171,3,0,15,10,52756440,3617,954120,65,14598
2172,17,0,22,3,52768140,3615,954120,65,14615
2173,13,1,25,0,52794120,3615,956340,65,14628
2174,3,0,15,10,52849320,3615,957720,65,14631
2175,9,0,19,6,52863840,3615,957720,65,14640
2176,5,0,19,6,52881600,3615,957720,65,14645
2177,10,0,21,4,52909200,3615,957720,65,14655
2178,10,0,20,5,52953300,3615,957720,65,14665
2179,6,0,17,8,52990080,3616,957720,65,14671
2180,4,0,15,10,53012580,3616,957720,65,14675
2181,6,0,15,10,53034720,3616,957720,65,14681
2182,7,0,18,7,53038680,3615,957720,65,14688
2183,3,0,15,10,53063100,3615,957720,65,14691
2184,3,0,14,11,53083080,3616,957720,65,14694
2185,2,0,14,11,53090460,3616,957720,65,14696
2186,1,0,14,11,53094660,3616,957720,65,14697
2187,2,0,12,13,53114520,3616,957720,65,14699
2188,8,0,18,7,53116260,3616,957720,65,14707
2189,5,0,15,10,53130600,3615,957720,65,14712
2190,8,0,14,11,53148900,3614,957720,65,14720
2191,7,0,16,9,53160120,3613,957720,65,14727
2192,10,0,19,6,53177940,3613,957720,64,14737
2193,4,0,14,11,53207460,3612,957720,64,14741
2194,7,0,17,8,53222580,3612,957720,64,14748
2195,16,0,24,1,53241060,3612,957720,64,14764
2196,9,0,19,6,53284800,3611,957840,64,14773
2197,7,0,20,5,53315580,3612,957840,64,14780
2198,5,0,18,7,53341980,3612,957840,64,14785
2199,8,0,15,10,53386080,3612,957840,64,14793
2200,5,0,17,8,53394360,3612,957840,64,14798
2201,4,0,15,10,53411220,3612,957840,64,14802
2202,9,0,21,4,53414160,3611,957840,64,14811
2203,6,0,17,8,53464980,3612,957840,64,14817
2204,9,0,20,5,53483820,3612,957840,64,14826
2205,11,0,18,7,53525760,3611,957840,64,14837
2206,6,0,18,7,53549820,3612,957840,64,14843
2207,6,0,19,6,53572980,3612,957840,64,14849
2208,6,0,17,8,53601240,3612,957840,64,14855
2209,2,0,14,11,53620320,3612,957840,64,14857
2210,9,0,22,3,53628000,3612,957840,64,14866
2211,3,0,16,9,53664660,3613,957840,64,14869
2212,9,0,20,5,53688660,3613,957840,64,14878
2213,5,0,15,10,53717640,3612,957840,64,14883
2214,7,0,16,9,53729100,3612,957840,64,14890
2215,6,0,16,9,53747700,3612,957840,64,14896
2216,9,0,16,9,53761200,3610,957840,64,14905
2217,6,0,17,8,53784600,3611,957840,64,14911
2218,5,0,15,10,53809080,3611,957840,64,14916
2219,7,0,15,10,53831160,3610,957840,64,14923
2220,9,0,21,4,53835720,3610,957840,64,14932
2221,4,0,18,7,53865660,3610,957840,64,14936
2222,6,0,17,8,53898660,3611,957840,64,14942
2223,8,0,17,8,53929380,3611,957840,64,14950
2224,10,0,19,6,53949720,3610,957840,64,14960
2225,8,0,19,6,53969040,3610,957840,63,14968
2226,5,0,17,8,53987100,3609,957840,63,14973
2227,3,0,13,12,54024060,3610,957840,63,14976
2228,3,0,13,12,54034140,3610,957840,63,14979
2229,6,0,15,10,54041520,3609,957840,63,14985
2230,6,0,18,7,54046500,3609,957840,63,14991
2231,7,0,20,5,54062100,3609,957840,63,14998
2232,8,0,19,6,54093060,3609,957840,63,15006
2233,3,0,14,11,54117300,3609,957840,63,15009
2234,3,0,12,13,54135120,3609,957840,63,15012
2235,6,0,15,10,54140220,3608,957840,63,15018
2236,4,0,15,10,54155460,3608,957840,63,15022
2237,5,0,18,7,54159300,3608,957840,63,15027
2238,6,0,17,8,54189120,3608,957840,63,15033
2239,4,0,15,10,54210480,3608,957840,63,15037
2240,7,0,17,8,54224040,3608,957840,63,15044
2241,6,0,19,6,54239040,3608,957840,63,15050
2242,9,0,22,3,54264300,3608,957840,63,15059
2243,6,0,19,6,54298620,3608,957840,63,15065
2244,7,0,20,5,54316740,3608,957840,63,15072
2245,15,3,25,0,54347340,3608,958200,63,15087
2246,10,5,25,0,54380760,3609,966360,64,15097
2247,7,0,25,0,54440580,3610,984780,65,15104
2248,7,0,19,6,54501360,3611,984780,65,15111
2249,11,0,18,7,54546840,3611,984780,65,15122
2250,10,0,22,3,54564000,3611,984780,65,15132
2251,5,0,19,6,54595920,3611,984780,65,15137
2252,4,0,13,12,54631920,3611,984780,65,15141
2253,7,0,15,10,54638580,3610,984780,65,15148
2254,11,0,18,7,54650520,3609,984780,64,15159
2255,6,0,16,9,54684480,3609,984780,64,15165
2256,5,0,18,7,54699720,3610,984780,64,15170
2257,4,0,17,8,54716940,3610,984780,64,15174
2258,4,0,17,8,54733860,3610,984780,64,15178
2259,7,0,17,8,54756660,3610,984780,64,15185
2260,3,0,16,9,54770880,3609,984780,64,15188
2261,12,0,20,5,54798840,3609,984780,64,15200
2262,3,0,16,9,54827040,3610,984780,64,15203
2263,8,0,17,8,54853800,3610,984780,64,15211
2264,8,0,18,7,54872880,3609,984780,64,15219
2265,5,0,16,9,54896400,3609,984780,64,15224
2266,13,0,21,4,54916920,3609,984780,64,15237
2267,9,0,22,3,54946980,3609,984780,64,15246
2268,4,0,19,6,54984480,3610,984780,64,15250
2269,18,0,23,2,55029120,3609,984780,64,15268
2270,8,0,21,4,55065360,3609,985740,64,15276
2271,10,4,19,6,55092720,3609,988140,64,15286
2272,9,3,25,0,55122600,3610,996300,65,15295
2273,9,4,25,0,55162620,3611,999480,65,15304
2274,9,0,18,7,55224000,3610,1009320,65,15313
2275,6,0,17,8,55257000,3611,1009320,65,15319
2276,7,0,20,5,55272300,3611,1009320,65,15326
2277,8,0,23,2,55281300,3610,1009320,65,15334
2278,7,0,18,7,55346700,3612,1009320,65,15341
2279,7,0,19,6,55371960,3612,1009320,65,15348
2280,4,0,19,6,55397040,3612,1009320,65,15352
2281,8,0,18,7,55424700,3612,1009320,65,15360
2282,7,0,20,5,55443720,3612,1009320,65,15367
2283,8,0,20,5,55480620,3613,1009320,65,15375
2284,5,0,16,9,55513740,3613,1009320,65,15380
2285,6,0,16,9,55540800,3613,1009320,65,15386
2286,6,0,16,9,55562760,3613,1009320,65,15392
2287,10,0,23,2,55574760,3613,1009320,65,15402
2288,3,0,18,7,55611180,3614,1009320,65,15405
2289,4,0,16,9,55638960,3614,1009320,65,15409
2290,5,0,17,8,55653660,3614,1009320,65,15414
2291,13,0,25,0,55663920,3614,1009320,65,15427
2292,12,7,21,4,55702620,3614,1011120,65,15439
2293,12,11,22,3,55747800,3615,1023180,66,15451
2294,6,4,25,0,55791780,3616,1064580,68,15457
2295,6,0,12,13,55847340,3614,1088940,70,15463
2296,4,0,13,12,55854840,3614,1088940,70,15467
2297,7,0,18,7,55856760,3613,1088940,70,15474
2298,10,0,23,2,55866840,3613,1088940,70,15484
2299,8,0,19,6,55910760,3613,1088940,70,15492
2300,6,0,15,10,55934580,3612,1088940,70,15498
2301,10,0,19,6,55962480,3613,1088940,70,15508
2302,4,0,16,9,55974540,3612,1088940,70,15512
2303,6,0,19,6,55993140,3612,1088940,70,15518
2304,6,0,19,6,56004720,3612,1088940,70,15524
2305,4,0,13,12,56051520,3612,1088940,70,15528
2306,2,0,13,12,56058300,3612,1088940,70,15530
2307,6,0,17,8,56064180,3612,1088940,70,15536
2308,4,0,14,11,56078880,3611,1088940,70,15540
2309,3,0,12,13,56092800,3611,1088940,70,15543
2310,6,0,16,9,56096640,3611,1088940,70,15549
2311,7,0,16,9,56113440,3610,1088940,70,15556
2312,4,0,15,10,56129820,3610,1088940,69,15560
2313,8,0,18,7,56155020,3611,1088940,69,15568
2314,10,0,20,5,56179260,3610,1088940,69,15578
2315,11,0,24,1,56199900,3610,1088940,69,15589
2316,14,8,25,0,56224620,3611,1092660,70,15603
2317,3,0,22,3,56294760,3612,1111500,71,15606
2318,8,0,17,8,56346660,3612,1111500,71,15614
2319,5,0,18,7,56359560,3612,1111500,71,15619
2320,10,0,20,5,56383560,3612,1111500,71,15629
2321,7,0,19,6,56404560,3611,1111500,71,15636
2322,3,0,16,9,56434620,3612,1111500,71,15639
2323,7,0,18,7,56456760,3612,1111500,71,15646
2324,6,0,16,9,56479800,3612,1111500,71,15652
2325,3,0,14,11,56494740,3611,1111500,70,15655
2326,6,0,17,8,56507040,3612,1111500,70,15661
2327,4,0,14,11,56532540,3612,1111500,70,15665
2328,4,0,15,10,56546820,3612,1111500,70,15669
2329,3,0,16,9,56555040,3612,1111500,70,15672
2330,2,0,15,10,56567520,3612,1111500,70,15674
2331,4,0,14,11,56597160,3613,1111500,70,15678
2332,4,0,15,10,56606640,3613,1111500,70,15682
2333,3,0,14,11,56616780,3612,1111500,70,15685
2334,5,0,16,9,56627160,3612,1111500,70,15690
2335,13,0,23,2,56643960,3612,1111500,70,15703
2336,9,0,21,4,56677020,3612,1111500,70,15712
2337,8,0,19,6,56717220,3612,1111500,70,15720
2338,10,0,19,6,56751900,3612,1111500,70,15730
2339,12,0,19,6,56792640,3612,1111500,70,15742
2340,12,0,20,5,56822460,3611,1111500,70,15754
2341,7,0,18,7,56851920,3611,1111500,70,15761
2342,7,0,18,7,56874780,3611,1111500,70,15768
2343,4,0,14,11,56913180,3611,1111500,70,15772
2344,11,0,18,7,56928240,3611,1111500,70,15783
2345,4,0,17,8,56953680,3611,1111500,70,15787
2346,7,0,18,7,56977320,3611,1111500,70,15794
2347,7,0,19,6,56993400,3611,1111500,70,15801
2348,8,0,24,1,57009780,3611,1111500,70,15809
2349,3,0,15,10,57066720,3612,1111500,70,15812
2350,6,0,17,8,57080580,3612,1111500,70,15818
2351,3,0,14,11,57099120,3612,1111500,70,15821
2352,3,0,14,11,57109620,3612,1111500,70,15824
2353,5,0,15,10,57117480,3611,1111500,70,15829
2354,5,0,18,7,57129720,3612,1111500,70,15834
2355,7,0,17,8,57156000,3611,1111500,70,15841
2356,10,0,16,9,57191220,3611,1111500,70,15851
2357,5,0,18,7,57199980,3611,1111500,70,15856
2358,4,0,17,8,57224580,3611,1111500,70,15860
2359,2,0,14,11,57241740,3611,1111500,70,15862
2360,9,0,19,6,57255000,3611,1111500,70,15871
2361,12,0,21,4,57291720,3611,1111500,69,15883
2362,6,0,22,3,57304680,3611,1111500,69,15889
2363,14,0,24,1,57348660,3611,1111500,69,15903
2364,18,12,20,5,57384660,3611,1112580,69,15921
2365,10,18,18,7,57424140,3612,1124160,70,15931
2366,9,22,19,6,57453600,3613,1145520,71,15940
2367,10,24,25,0,57464460,3613,1160760,72,15950
2368,13,31,23,2,57504060,3614,1169400,73,15963
2369,12,32,25,0,57568980,3616,1196100,74,15975
2370,9,28,25,0,57618360,3616,1291680,80,15984
2371,6,19,25,0,57686820,3617,1468500,91,15990
2372,8,0,17,8,57745920,3613,1767900,110,15998
2373,7,0,19,6,57758100,3613,1767900,110,16005
2374,6,0,16,9,57789480,3612,1767900,110,16011
2375,5,0,17,8,57799980,3612,1767900,110,16016
2376,6,0,19,6,57812820,3612,1767900,110,16022
2377,7,0,19,6,57840240,3612,1767900,110,16029
2378,4,0,16,9,57885840,3614,1767900,110,16033
2379,5,0,14,11,57910680,3613,1767900,110,16038
2380,5,0,17,8,57917040,3613,1767900,110,16043
2381,3,0,18,7,57920760,3613,1767900,110,16046
2382,7,0,18,7,57963900,3614,1767900,110,16053
2383,3,0,18,7,57969360,3614,1767900,110,16056
2384,4,0,15,10,57999840,3614,1767900,110,16060
2385,8,0,19,6,58011780,3614,1767900,110,16068
2386,5,0,17,8,58035660,3614,1767900,109,16073
2387,8,0,16,9,58071240,3614,1767900,109,16081
2388,8,0,17,8,58083120,3613,1767900,109,16089
2389,11,0,19,6,58108380,3613,1767900,109,16100
2390,10,0,23,2,58133280,3613,1767900,109,16110
2391,9,0,20,5,58174800,3613,1767900,109,16119
2392,6,0,17,8,58200660,3613,1767900,109,16125
2393,4,0,18,7,58227480,3614,1767900,109,16129
2394,8,0,17,8,58268520,3614,1767900,109,16137
2395,6,0,14,11,58297140,3614,1767900,109,16143
2396,5,0,16,9,58301340,3614,1767900,109,16148
2397,4,0,15,10,58327620,3614,1767900,109,16152
2398,8,0,18,7,58339680,3614,1767900,109,16160
2399,1,0,12,13,58355700,3613,1767900,109,16161

