Hour,Arrivals,Waiting,Treating,Available Rooms,Total Treatment Time,Average Treatment Time,Total Wait Time,Average Wait Time,Total Arrivals
1,5,0,5,20,0,0,0,0,5
2,4,0,2,23,23940,3420,0,0,9
3,6,0,5,20,26400,2640,0,0,15
4,4,0,7,18,29880,2490,0,0,19
5,6,0,5,20,62280,3114,0,0,25
6,5,0,3,22,91020,3371,0,0,30
7,7,0,8,17,96780,3337,0,0,37
8,7,0,10,15,106860,3142,0,0,44
9,8,0,7,18,153840,3418,0,0,52
10,9,0,10,15,168180,3297,0,0,61
11,12,0,7,18,230880,3498,0,0,73
12,10,0,10,15,246900,3382,0,0,83
13,8,0,9,16,277260,3381,0,0,91
14,13,0,11,14,320820,3449,0,0,104
15,13,0,12,13,351600,3348,0,0,117
16,4,0,10,15,374100,3370,0,0,121
17,8,0,9,16,423540,3529,0,0,129
18,11,0,11,14,463800,3595,0,0,140
19,11,0,7,18,502320,3488,0,0,151
20,2,0,5,20,517020,3493,0,0,153
21,9,0,6,19,552600,3542,0,0,162
22,4,0,6,19,572040,3575,0,0,166
23,3,0,4,21,599700,3634,0,0,169
24,4,0,5,20,610200,3632,0,0,173
25,4,0,5,20,627420,3647,0,0,177
26,9,0,7,18,641280,3582,0,0,186
27,5,0,5,20,667200,3587,0,0,191
28,4,0,5,20,690420,3633,0,0,195
29,4,0,4,21,712620,3654,0,0,199
30,5,0,5,20,727200,3654,0,0,204
31,8,0,7,18,738840,3604,0,0,212
32,8,0,11,14,754680,3610,0,0,220
33,2,0,6,19,782400,3622,0,0,222
34,10,0,9,16,819420,3674,0,0,232
35,15,0,13,12,841080,3594,0,0,247
36,8,0,12,13,886260,3647,0,0,255
37,8,0,7,18,929700,3631,0,0,263
38,12,0,14,11,945900,3624,0,0,275
39,8,0,12,13,981540,3621,0,0,283
40,6,0,6,19,1037640,3666,0,0,289
41,11,0,12,13,1057860,3673,0,0,300
42,7,0,10,15,1093380,3681,0,0,307
43,8,0,8,17,1137780,3706,0,0,315
44,9,0,11,14,1157340,3697,0,0,324
45,9,0,13,12,1185420,3704,0,0,333
46,4,0,9,16,1230300,3750,0,0,337
47,5,0,7,18,1267560,3783,0,0,342
48,2,0,4,21,1295280,3809,0,0,344
49,4,0,5,20,1313100,3828,0,0,348
50,5,0,3,22,1333920,3811,0,0,353
51,9,0,7,18,1347840,3796,0,0,362
52,2,0,5,20,1368300,3811,0,0,364
53,5,0,6,19,1393800,3839,0,0,369
54,5,0,6,19,1410480,3832,0,0,374
55,11,0,12,13,1431720,3838,0,0,385
56,7,0,11,14,1459320,3830,0,0,392
57,9,0,10,15,1508160,3857,0,0,401
58,9,0,9,16,1535100,3828,0,0,410
59,13,0,13,12,1566780,3821,0,0,423
60,13,0,12,13,1608600,3793,0,0,436
61,15,0,18,7,1653840,3819,0,0,451
62,12,0,14,11,1716720,3823,0,0,463
63,13,0,9,16,1784100,3820,0,0,476
64,14,0,14,11,1819380,3822,0,0,490
65,9,0,10,15,1864080,3812,0,0,499
66,11,0,12,13,1888380,3791,0,0,510
67,6,0,7,18,1936020,3803,0,0,516
68,9,0,7,18,1966800,3796,0,0,525
69,8,0,8,17,1983000,3777,0,0,533
70,8,0,8,17,2005860,3763,0,0,541
71,8,0,8,17,2032980,3757,0,0,549
72,6,0,6,19,2069220,3769,0,0,555
73,3,0,7,18,2079000,3773,0,0,558
74,5,0,3,22,2117160,3780,0,0,563
75,6,0,5,20,2127180,3771,0,0,569
76,6,0,4,21,2153460,3771,0,0,575
77,10,0,6,19,2169900,3747,0,0,585
78,9,0,9,16,2194500,3751,0,0,594
79,10,0,16,9,2205660,3751,0,0,604
80,8,0,11,14,2254560,3751,0,0,612
81,14,0,13,12,2310120,3768,0,0,626
82,10,0,11,14,2351760,3762,0,0,636
83,6,0,3,22,2406300,3765,0,0,642
84,15,0,10,15,2416800,3735,0,0,657
85,10,0,8,17,2447340,3713,0,0,667
86,16,0,16,9,2471640,3705,0,0,683
87,11,0,13,12,2513220,3690,0,0,694
88,7,0,5,20,2573460,3697,0,0,701
89,4,0,7,18,2583480,3701,0,0,705
90,6,0,8,17,2617980,3724,0,0,711
91,11,0,10,15,2647920,3718,0,0,722
92,8,0,6,19,2697780,3726,0,0,730
93,9,0,10,15,2710980,3718,0,0,739
94,3,0,6,19,2734440,3715,0,0,742
95,4,0,7,18,2758860,3733,0,0,746
96,6,0,7,18,2797320,3754,0,0,752
97,5,0,5,20,2823540,3754,0,0,757
98,1,0,2,23,2842140,3759,0,0,758
99,6,0,5,20,2853420,3759,0,0,764
100,2,0,4,21,2863440,3757,0,0,766
101,10,0,8,17,2879640,3749,0,0,776
102,4,0,5,20,2904900,3748,0,0,780
103,10,0,10,15,2921640,3745,0,0,790
104,10,0,10,15,2956500,3742,0,0,800
105,10,0,7,18,2990580,3724,0,0,810
106,14,0,14,11,3032460,3743,0,0,824
107,11,0,9,16,3076440,3724,0,0,835
108,12,0,13,12,3109080,3727,0,0,847
109,11,0,9,16,3157020,3718,0,0,858
110,11,0,8,17,3197040,3713,0,0,869
111,9,0,8,17,3217680,3698,0,0,878
112,10,0,11,14,3251520,3707,0,0,888
113,4,0,4,21,3290580,3705,0,0,892
114,11,0,7,18,3322080,3707,0,0,903
115,7,0,6,19,3347460,3702,0,0,910
116,8,0,8,17,3376920,3710,0,0,918
117,5,0,5,20,3394800,3698,0,0,923
118,8,0,6,19,3409080,3685,0,0,931
119,6,0,5,20,3436320,3687,0,0,937
120,3,0,3,22,3449940,3681,0,0,940
121,6,0,5,20,3462120,3679,0,0,946
122,1,0,2,23,3477360,3679,0,0,947
123,13,0,10,15,3497280,3681,0,0,960
124,5,0,9,16,3510900,3672,0,0,965
125,9,0,10,15,3554760,3687,0,0,974
126,7,0,10,15,3586800,3693,0,0,981
127,8,0,9,16,3631560,3705,0,0,989
128,6,0,6,19,3661620,3702,0,0,995
129,15,0,13,12,3693180,3704,0,0,1010
130,9,0,10,15,3730620,3697,0,0,1019
131,15,0,12,13,3782340,3700,0,0,1034
132,13,0,13,12,3826200,3700,0,0,1047
133,6,0,8,17,3878880,3711,0,0,1053
134,5,0,5,20,3907860,3711,0,0,1058
135,7,0,9,16,3929520,3721,0,0,1065
136,5,0,6,19,3959880,3721,0,0,1070
137,8,0,9,16,3982080,3725,0,0,1078
138,8,0,8,17,4022340,3731,0,0,1086
139,5,0,6,19,4048800,3731,0,0,1091
140,8,0,8,17,4080720,3740,0,0,1099
141,6,0,8,17,4108440,3745,0,0,1105
142,10,0,6,19,4146120,3738,0,0,1115
143,3,0,6,19,4156320,3737,0,0,1118
144,6,0,8,17,4184040,3749,0,0,1124
145,7,0,9,16,4206000,3748,0,0,1131
146,8,0,11,14,4228620,3748,0,0,1139
147,6,0,5,20,4276680,3751,0,0,1145
148,3,0,4,21,4294380,3753,0,0,1148
149,3,0,4,21,4305420,3753,0,0,1151
150,12,0,13,12,4319700,3756,0,0,1163
151,12,0,11,14,4359960,3745,0,0,1175
152,7,0,11,14,4386360,3745,0,0,1182
153,12,0,9,16,4449540,3754,0,0,1194
154,9,0,9,16,4487400,3758,0,0,1203
155,14,0,14,11,4507500,3746,0,0,1217
156,9,0,9,16,4573440,3757,0,0,1226
157,8,0,7,18,4608720,3756,0,0,1234
158,7,0,5,20,4638660,3752,0,0,1241
159,10,0,6,19,4660320,3743,0,0,1251
160,10,0,9,16,4678440,3736,0,0,1261
161,9,0,11,14,4701660,3734,0,0,1270
162,14,0,15,10,4729140,3726,0,0,1284
163,10,0,13,12,4774500,3727,0,0,1294
164,5,0,5,20,4830420,3732,0,0,1299
165,7,0,7,18,4849380,3733,0,0,1306
166,8,0,9,16,4872360,3733,0,0,1314
167,12,0,12,13,4908840,3735,0,0,1326
168,8,0,11,14,4931760,3727,0,0,1334
169,3,0,5,20,4965180,3727,0,0,1337
170,12,0,6,19,5001540,3724,0,0,1349
171,8,0,9,16,5019300,3723,0,0,1357
172,12,0,8,17,5055780,3714,0,0,1369
173,7,0,8,17,5079120,3712,0,0,1376
174,4,0,5,20,5095260,3705,0,0,1380
175,9,0,8,17,5119620,3707,0,0,1389
176,7,0,7,18,5149080,3707,0,0,1396
177,9,0,9,16,5173920,3706,0,0,1405
178,18,0,14,11,5207940,3696,0,0,1423
179,10,0,10,15,5250180,3689,0,0,1433
180,10,0,9,16,5281020,3682,0,0,1443
181,12,0,15,10,5312220,3689,0,0,1455
182,13,0,14,11,5361420,3687,0,0,1468
183,10,0,12,13,5409360,3689,0,0,1478
184,11,0,11,14,5443500,3683,0,0,1489
185,8,0,8,17,5505900,3697,0,0,1497
186,4,0,7,18,5531880,3702,0,0,1501
187,5,0,6,19,5552640,3701,0,0,1506
188,8,0,6,19,5585760,3704,0,0,1514
189,5,0,6,19,5609340,3707,0,0,1519
190,9,0,5,20,5643660,3705,0,0,1528
191,4,0,6,19,5658360,3707,0,0,1532
192,5,0,7,18,5676780,3710,0,0,1537
193,8,0,7,18,5700300,3706,0,0,1545
194,8,0,10,15,5718660,3706,0,0,1553
195,10,0,10,15,5764740,3712,0,0,1563
196,10,0,9,16,5803380,3710,0,0,1573
197,6,0,10,15,5827440,3714,0,0,1579
198,8,0,6,19,5877060,3717,0,0,1587
199,7,0,7,18,5904060,3720,0,0,1594
200,3,0,5,20,5920860,3719,0,0,1597
201,10,0,9,16,5938620,3716,0,0,1607
202,5,0,8,17,5961960,3716,0,0,1612
203,15,0,11,14,6000900,3713,0,0,1627
204,16,0,13,12,6036660,3703,0,0,1643
205,15,0,17,8,6072900,3700,0,0,1658
206,11,0,16,9,6126180,3706,0,0,1669
207,8,0,7,18,6204840,3715,0,0,1677
208,7,0,9,16,6228120,3718,0,0,1684
209,15,0,8,17,6266640,3705,0,0,1699
210,6,0,4,21,6300900,3704,0,0,1705
211,10,0,4,21,6330960,3700,0,0,1715
212,4,0,4,21,6343440,3698,0,0,1719
213,4,0,4,21,6362040,3701,0,0,1723
214,8,0,7,18,6375720,3698,0,0,1731
215,4,0,6,19,6390600,3696,0,0,1735
216,6,0,7,18,6408480,3695,0,0,1741
217,6,0,8,17,6432000,3698,0,0,1747
218,9,0,9,16,6465180,3700,0,0,1756
219,4,0,4,21,6507360,3705,0,0,1760
220,5,0,3,22,6521220,3701,0,0,1765
221,7,0,8,17,6531840,3702,0,0,1772
222,9,0,9,16,6552240,3697,0,0,1781
223,7,0,9,16,6585660,3701,0,0,1788
224,8,0,6,19,6637560,3708,0,0,1796
225,6,0,6,19,6658260,3707,0,0,1802
226,11,0,9,16,6675480,3700,0,0,1813
227,16,0,12,13,6705300,3690,0,0,1829
228,16,0,15,10,6735360,3680,0,0,1845
229,16,0,16,9,6782100,3675,0,0,1861
230,7,0,11,14,6831120,3678,0,0,1868
231,8,0,9,16,6872820,3681,0,0,1876
232,8,0,11,14,6890460,3678,0,0,1884
233,11,0,12,13,6923220,3676,0,0,1895
234,9,0,10,15,6969240,3679,0,0,1904
235,11,0,13,12,6999120,3679,0,0,1915
236,4,0,7,18,7037040,3680,0,0,1919
237,4,0,6,19,7075500,3690,0,0,1923
238,6,0,5,20,7097220,3688,0,0,1929
239,11,0,9,16,7122240,3688,0,0,1940
240,3,0,9,16,7133580,3688,0,0,1943
241,6,0,7,18,7181160,3697,0,0,1949
242,2,0,5,20,7205940,3702,0,0,1951
243,5,0,6,19,7226580,3705,0,0,1956
244,3,0,4,21,7237440,3702,0,0,1959
245,6,0,5,20,7251240,3699,0,0,1965
246,5,0,6,19,7278480,3705,0,0,1970
247,5,0,7,18,7288500,3703,0,0,1975
248,6,0,5,20,7313400,3701,0,0,1981
249,7,0,7,18,7336260,3703,0,0,1988
250,11,0,8,17,7372740,3703,0,0,1999
251,11,0,10,15,7401240,3700,0,0,2010
252,8,0,6,19,7439880,3697,0,0,2018
253,13,0,13,12,7454100,3693,0,0,2031
254,8,0,9,16,7503720,3696,0,0,2039
255,6,0,6,19,7527000,3691,0,0,2045
256,10,0,10,15,7553160,3693,0,0,2055
257,10,0,7,18,7603620,3694,0,0,2065
258,10,0,9,16,7627020,3691,0,0,2075
259,5,0,6,19,7657380,3692,0,0,2080
260,11,0,10,15,7678260,3689,0,0,2091
261,9,0,7,18,7725300,3691,0,0,2100
262,8,0,7,18,7746360,3686,0,0,2108
263,4,0,3,22,7780680,3689,0,0,2112
264,7,0,7,18,7789560,3688,0,0,2119
265,6,0,4,21,7813500,3683,0,0,2125
266,6,0,4,21,7829280,3680,0,0,2131
267,4,0,4,21,7843800,3680,0,0,2135
268,9,0,7,18,7862520,3679,0,0,2144
269,8,0,10,15,7878900,3678,0,0,2152
270,7,0,8,17,7915860,3680,0,0,2159
271,6,0,5,20,7946460,3678,0,0,2165
272,10,0,6,19,7963500,3671,0,0,2175
273,16,0,17,8,7974900,3668,0,0,2191
274,12,0,13,12,8024340,3664,0,0,2203
275,14,0,14,11,8082060,3668,0,0,2217
276,8,0,9,16,8141520,3673,0,0,2225
277,10,0,6,19,8187360,3673,0,0,2235
278,6,0,8,17,8204700,3674,0,0,2241
279,14,0,11,14,8244060,3673,0,0,2255
280,13,0,13,12,8281260,3672,0,0,2268
281,10,0,12,13,8309940,3667,0,0,2278
282,8,0,9,16,8354700,3669,0,0,2286
283,8,0,5,20,8412840,3675,0,0,2294
284,6,0,5,20,8432700,3674,0,0,2300
285,10,0,6,19,8448420,3666,0,0,2310
286,5,0,6,19,8460180,3664,0,0,2315
287,4,0,6,19,8485920,3668,0,0,2319
288,6,0,6,19,8505420,3667,0,0,2325
289,3,0,6,19,8521320,3669,0,0,2328
290,3,0,5,20,8545500,3673,0,0,2331
291,6,0,7,18,8567640,3677,0,0,2337
292,8,0,6,19,8593440,3673,0,0,2345
293,6,0,4,21,8622900,3674,0,0,2351
294,6,0,6,19,8636820,3673,0,0,2357
295,13,0,15,10,8646840,3671,0,0,2370
296,4,0,6,19,8698260,3673,0,0,2374
297,7,0,5,20,8725620,3672,0,0,2381
298,9,0,10,15,8752980,3677,0,0,2390
299,12,0,14,11,8772300,3673,0,0,2402
300,11,0,11,14,8823240,3673,0,0,2413
301,16,2,19,6,8851560,3675,8280,3,2429
302,11,0,14,11,8922600,3677,15360,6,2440
303,8,0,12,13,8982720,3687,15360,6,2448
304,6,0,6,19,9029880,3688,15360,6,2454
305,15,0,12,13,9052140,3684,15360,6,2469
306,8,0,13,12,9082320,3686,15360,6,2477
307,9,0,7,18,9145380,3689,15360,6,2486
308,5,0,4,21,9169860,3687,15360,6,2491
309,8,0,8,17,9191820,3690,15360,6,2499
310,7,0,7,18,9214680,3687,15360,6,2506
311,3,0,8,17,9223140,3687,15360,6,2509
312,4,0,6,19,9250920,3690,15360,6,2513
313,5,0,3,22,9284820,3691,15360,6,2518
314,8,0,8,17,9297420,3692,15360,6,2526
315,6,0,9,16,9323100,3695,15360,6,2532
316,0,0,2,23,9361260,3700,15360,6,2532
317,7,0,6,19,9376740,3701,15360,6,2539
318,11,0,11,14,9386700,3697,15360,6,2550
319,9,0,7,18,9419280,3690,15360,6,2559
320,12,0,11,14,9453180,3692,15360,5,2571
321,14,0,14,11,9488280,3690,15360,5,2585
322,10,0,10,15,9538620,3689,15360,5,2595
323,11,0,9,16,9571920,3685,15360,5,2606
324,10,0,12,13,9598740,3686,15360,5,2616
325,10,0,13,12,9635100,3687,15360,5,2626
326,6,0,10,15,9667380,3687,15360,5,2632
327,8,0,7,18,9723780,3693,15360,5,2640
328,10,0,8,17,9749640,3690,15360,5,2650
329,11,0,11,14,9771900,3687,15360,5,2661
330,12,0,8,17,9838200,3691,15360,5,2673
331,7,0,7,18,9866940,3691,15360,5,2680
332,4,0,6,19,9884220,3690,15360,5,2684
333,2,0,4,21,9908760,3694,15360,5,2686
334,9,0,6,19,9922620,3690,15360,5,2695
335,9,0,7,18,9947820,3688,15360,5,2704
336,5,0,5,20,9969240,3686,15360,5,2709
337,3,0,4,21,9982080,3686,15360,5,2712
338,4,0,3,22,10003620,3687,15360,5,2716
339,5,0,4,21,10013100,3685,15360,5,2721
340,6,0,6,19,10026540,3684,15360,5,2727
341,4,0,7,18,10033620,3683,15360,5,2731
342,6,0,4,21,10067040,3683,15360,5,2737
343,4,0,2,23,10093200,3684,15360,5,2741
344,9,0,6,19,10101000,3681,15360,5,2750
345,11,0,11,14,10110180,3676,15360,5,2761
346,6,0,10,15,10140240,3677,15360,5,2767
347,5,0,10,15,10170180,3682,15360,5,2772
348,5,0,7,18,10211760,3686,15360,5,2777
349,12,0,8,17,10246440,3684,15360,5,2789
350,10,0,9,16,10275180,3682,15360,5,2799
351,8,0,9,16,10301460,3681,15360,5,2807
352,8,0,7,18,10337160,3681,15360,5,2815
353,10,0,7,18,10363140,3677,15360,5,2825
354,9,0,7,18,10383480,3672,15360,5,2834
355,5,0,5,20,10405080,3671,15360,5,2839
356,10,0,7,18,10431300,3670,15360,5,2849
357,8,0,8,17,10455180,3669,15360,5,2857
358,5,0,9,16,10484880,3675,15360,5,2862
359,9,0,12,13,10512480,3676,15360,5,2871
360,4,0,6,19,10554060,3678,15360,5,2875
361,2,0,3,22,10584540,3682,15360,5,2877
362,8,0,6,19,10599360,3681,15360,5,2885
363,2,0,4,21,10612500,3681,15360,5,2887
364,9,0,11,14,10623240,3682,15360,5,2896
365,2,0,4,21,10663920,3684,15360,5,2898
366,7,0,5,20,10683960,3684,15360,5,2905
367,9,0,7,18,10701540,3681,15360,5,2914
368,8,0,12,13,10705620,3678,15360,5,2922
369,6,0,5,20,10756980,3680,15360,5,2928
370,9,0,9,16,10783140,3682,15360,5,2937
371,11,0,14,11,10803960,3682,15360,5,2948
372,14,0,14,11,10856460,3682,15360,5,2962
373,10,0,8,17,10923120,3685,15360,5,2972
374,12,0,10,15,10960140,3685,15360,5,2984
375,13,0,9,16,10992060,3678,15360,5,2997
376,13,0,13,12,11027700,3679,15360,5,3010
377,7,0,10,15,11065680,3679,15360,5,3017
378,8,0,9,16,11103660,3681,15360,5,3025
379,6,0,4,21,11149200,3683,15360,5,3031
380,5,0,5,20,11173620,3686,15360,5,3036
381,5,0,5,20,11184240,3683,15360,5,3041
382,5,0,3,22,11209500,3683,15360,5,3046
383,6,0,2,23,11223480,3679,15360,5,3052
384,6,0,5,20,11233080,3679,15360,5,3058
385,4,0,6,19,11246040,3679,15360,5,3062
386,5,0,4,21,11273400,3680,15360,5,3067
387,2,0,2,23,11288340,3680,15360,5,3069
388,6,0,5,20,11294220,3678,15360,4,3075
389,9,0,6,19,11312580,3675,15360,4,3084
390,5,0,3,22,11334300,3672,15360,4,3089
391,11,0,10,15,11340900,3670,15360,4,3100
392,11,0,11,14,11366040,3666,15360,4,3111
393,8,0,10,15,11397180,3665,15360,4,3119
394,14,0,12,13,11437200,3664,15360,4,3133
395,15,0,12,13,11466120,3656,15360,4,3148
396,16,0,15,10,11528340,3660,15360,4,3164
397,7,0,9,16,11582280,3662,15360,4,3171
398,6,0,3,22,11629800,3664,15360,4,3177
399,12,0,6,19,11651700,3660,15360,4,3189
400,17,0,14,11,11667960,3655,15360,4,3206
401,11,0,10,15,11700420,3648,15360,4,3217
402,6,0,8,17,11750040,3654,15360,4,3223
403,9,0,9,16,11781060,3655,15360,4,3232
404,9,0,9,16,11813160,3655,15360,4,3241
405,9,0,8,17,11848980,3654,15360,4,3250
406,6,0,6,19,11889240,3658,15360,4,3256
407,4,0,6,19,11908920,3659,15360,4,3260
408,4,0,7,18,11924700,3661,15360,4,3264
409,1,0,2,23,11960460,3665,15360,4,3265
410,2,0,3,22,11967240,3666,15360,4,3267
411,3,0,3,22,11984220,3668,15360,4,3270
412,6,0,3,22,11995380,3664,15360,4,3276
413,5,0,4,21,12006660,3663,15360,4,3281
414,4,0,4,21,12022080,3664,15360,4,3285
415,7,0,4,21,12039540,3661,15360,4,3292
416,8,0,6,19,12052680,3658,15360,4,3300
417,16,0,9,16,12084540,3654,15360,4,3316
418,10,0,6,19,12121380,3651,15360,4,3326
419,8,0,6,19,12137700,3647,15360,4,3334
420,10,0,9,16,12166680,3648,15360,4,3344
421,8,0,6,19,12200880,3646,15360,4,3352
422,11,0,11,14,12219180,3645,15360,4,3363
423,15,0,15,10,12251760,3643,15360,4,3378
424,5,0,12,13,12280620,3643,15360,4,3383
425,10,0,5,20,12352260,3645,15360,4,3393
426,10,0,13,12,12353700,3644,15360,4,3403
427,3,0,6,19,12404280,3648,15360,4,3406
428,3,0,3,22,12428220,3648,15360,4,3409
429,8,0,9,16,12436380,3649,15360,4,3417
430,4,0,6,19,12455880,3647,15360,4,3421
431,3,0,3,22,12491340,3651,15360,4,3424
432,1,0,1,24,12508800,3653,15360,4,3425
433,6,0,5,20,12511200,3651,15360,4,3431
434,2,0,4,21,12519420,3651,15360,4,3433
435,7,0,5,20,12548760,3653,15360,4,3440
436,11,0,8,17,12568980,3650,15360,4,3451
437,5,0,6,19,12583320,3647,15360,4,3456
438,9,0,8,17,12610920,3647,15360,4,3465
439,14,0,15,10,12641340,3649,15360,4,3479
440,16,0,16,9,12690360,3647,15360,4,3495
441,9,0,13,12,12730800,3646,15360,4,3504
442,7,0,6,19,12786960,3648,15360,4,3511
443,16,0,15,10,12820260,3650,15360,4,3527
444,8,0,6,19,12873060,3647,15360,4,3535
445,11,0,11,14,12893580,3647,15360,4,3546
446,9,0,11,14,12930780,3648,15360,4,3555
447,13,0,12,13,12968100,3646,15360,4,3568
448,5,0,8,17,13017060,3651,15360,4,3573
449,8,0,8,17,13044480,3650,15360,4,3581
450,8,0,7,18,13068720,3648,15360,4,3589
451,6,0,7,18,13106160,3652,15360,4,3595
452,7,0,6,19,13130040,3651,15360,4,3602
453,7,0,9,16,13148640,3652,15360,4,3609
454,6,0,10,15,13163160,3651,15360,4,3615
455,1,0,4,21,13201560,3654,15360,4,3616
456,5,0,4,21,13219740,3654,15360,4,3621
457,6,0,2,23,13236360,3651,15360,4,3627
458,3,0,4,21,13240500,3651,15360,4,3630
459,4,0,6,19,13247460,3651,15360,4,3634
460,1,0,2,23,13273440,3653,15360,4,3635
461,4,0,4,21,13278960,3653,15360,4,3639
462,4,0,4,21,13299060,3654,15360,4,3643
463,10,0,7,18,13309440,3650,15360,4,3653
464,7,0,5,20,13331340,3647,15360,4,3660
465,4,0,5,20,13350300,3648,15360,4,3664
466,14,0,8,17,13370040,3643,15360,4,3678
467,12,0,13,12,13392660,3642,15360,4,3690
468,10,0,10,15,13445880,3643,15360,4,3700
469,8,0,9,16,13479420,3644,15360,4,3708
470,11,0,9,16,13519200,3643,15360,4,3719
471,14,0,13,12,13545240,3641,15360,4,3733
472,8,0,12,13,13576620,3640,15360,4,3741
473,1,0,2,23,13635300,3645,15360,4,3742
474,7,0,3,22,13646580,3642,15360,4,3749
475,13,0,11,14,13654620,3640,15360,4,3762
476,9,0,9,16,13696440,3640,15360,4,3771
477,7,0,9,16,13719420,3640,15360,4,3778
478,5,0,7,18,13744140,3639,15360,4,3783
479,6,0,7,18,13767060,3640,15360,4,3789
480,5,0,5,20,13797780,3641,15360,4,3794
481,5,0,5,20,13816140,3641,15360,4,3799
482,3,0,4,21,13824840,3640,15360,4,3802
483,2,0,2,23,13844940,3641,15360,4,3804
484,6,0,5,20,13854300,3641,15360,4,3810
485,4,0,5,20,13863420,3639,15360,4,3814
486,8,0,8,17,13886280,3640,15360,4,3822
487,9,0,11,14,13907040,3640,15360,4,3831
488,5,0,8,17,13943940,3642,15360,4,3836
489,8,0,10,15,13983720,3647,15360,3,3844
490,6,0,9,16,14008020,3646,15360,3,3850
491,14,0,16,9,14037300,3647,15360,3,3864
492,9,0,12,13,14091540,3649,15360,3,3873
493,11,0,13,12,14141940,3653,15360,3,3884
494,15,0,16,9,14181840,3652,15360,3,3899
495,8,0,11,14,14232960,3653,15360,3,3907
496,11,0,12,13,14281800,3656,15360,3,3918
497,6,0,9,16,14318100,3657,15360,3,3924
498,8,0,10,15,14348160,3658,15360,3,3932
499,10,0,7,18,14394300,3658,15360,3,3942
500,6,0,4,21,14425260,3657,15360,3,3948
501,6,0,6,19,14448300,3659,15360,3,3954
502,7,0,9,16,14462520,3659,15360,3,3961
503,5,0,4,21,14493180,3658,15360,3,3966
504,9,0,7,18,14508720,3656,15360,3,3975
505,8,0,7,18,14536080,3655,15360,3,3983
506,7,0,9,16,14554080,3655,15360,3,3990
507,6,0,10,15,14569380,3655,15360,3,3996
508,10,0,14,11,14601240,3657,15360,3,4006
509,7,0,9,16,14659740,3661,15360,3,4013
510,6,0,4,21,14711580,3664,15360,3,4019
511,7,0,5,20,14720580,3660,15360,3,4026
512,5,0,8,17,14733180,3662,15360,3,4031
513,6,0,6,19,14766420,3663,15360,3,4037
514,10,0,8,17,14800080,3664,15360,3,4047
515,14,0,12,13,14824560,3661,15360,3,4061
516,12,0,14,11,14860740,3661,15360,3,4073
517,18,0,16,9,14927760,3663,15360,3,4091
518,14,0,16,9,14994240,3666,15360,3,4105
519,11,0,13,12,15039360,3665,15360,3,4116
520,13,0,12,13,15096420,3666,15360,3,4129
521,11,0,10,15,15147360,3667,15360,3,4140
522,9,0,10,15,15189900,3669,15360,3,4149
523,6,0,5,20,15230700,3670,15360,3,4155
524,5,0,5,20,15242100,3668,15360,3,4160
525,8,0,7,18,15264300,3668,15360,3,4168
526,9,0,9,16,15286440,3667,15360,3,4177
527,6,0,4,21,15320400,3666,15360,3,4183
528,8,0,6,19,15335880,3664,15360,3,4191
529,9,0,9,16,15352320,3663,15360,3,4200
530,5,0,8,17,15376380,3663,15360,3,4205
531,7,0,7,18,15413040,3665,15360,3,4212
532,4,0,8,17,15422580,3665,15360,3,4216
533,10,0,11,14,15458040,3667,15360,3,4226
534,7,0,11,14,15492600,3669,15360,3,4233
535,7,0,9,16,15534960,3671,15360,3,4240
536,13,0,9,16,15568920,3668,15360,3,4253
537,7,0,4,21,15603480,3666,15360,3,4260
538,8,0,5,20,15623160,3664,15360,3,4268
539,8,0,6,19,15643920,3663,15360,3,4276
540,8,0,8,17,15653400,3660,15360,3,4284
541,16,0,12,13,15691740,3659,15360,3,4300
542,13,0,13,12,15740940,3660,15360,3,4313
543,12,0,15,10,15768360,3658,15360,3,4325
544,6,0,10,15,15811440,3659,15360,3,4331
545,9,0,8,17,15855780,3660,15360,3,4340
546,10,0,6,19,15892860,3658,15360,3,4350
547,12,0,9,16,15916020,3656,15360,3,4362
548,7,0,5,20,15952800,3655,15360,3,4369
549,10,0,12,13,15959520,3654,15360,3,4379
550,3,0,5,20,16011840,3658,15360,3,4382
551,10,0,8,17,16038360,3658,15360,3,4392
552,3,0,6,19,16055940,3658,15360,3,4395
553,1,0,0,25,16098720,3662,15360,3,4396
554,4,0,3,22,16100820,3661,15360,3,4400
555,4,0,5,20,16102680,3660,15360,3,4404
556,7,0,7,18,16124160,3661,15360,3,4411
557,8,0,8,17,16143120,3659,15360,3,4419
558,8,0,7,18,16179240,3660,15360,3,4427
559,10,0,7,18,16208520,3658,15360,3,4437
560,8,0,5,20,16240320,3657,15360,3,4445
561,9,0,8,17,16258620,3656,15360,3,4454
562,8,0,9,16,16276980,3655,15360,3,4462
563,14,0,14,11,16301040,3653,15360,3,4476
564,12,0,13,12,16350240,3653,15360,3,4488
565,9,0,10,15,16407300,3656,15360,3,4497
566,15,0,15,10,16435440,3654,15360,3,4512
567,11,0,10,15,16496520,3655,15360,3,4523
568,12,0,11,14,16542720,3656,15360,3,4535
569,7,0,7,18,16572300,3654,15360,3,4542
570,8,0,6,19,16604280,3654,15360,3,4550
571,14,0,11,14,16628820,3652,15360,3,4564
572,4,0,7,18,16654560,3651,15360,3,4568
573,4,0,1,24,16686960,3650,15360,3,4572
574,5,0,4,21,16688640,3649,15360,3,4577
575,7,0,9,16,16690740,3648,15360,3,4584
576,2,0,5,20,16713480,3648,15360,3,4586
577,3,0,4,21,16737000,3650,15360,3,4589
578,5,0,5,20,16754160,3650,15360,3,4594
579,5,0,5,20,16770180,3650,15360,3,4599
580,8,0,10,15,16777260,3649,15360,3,4607
581,8,0,9,16,16817520,3651,15360,3,4615
582,10,0,11,14,16842180,3650,15360,3,4625
583,8,0,6,19,16881300,3648,15360,3,4633
584,12,0,11,14,16904880,3648,15360,3,4645
585,10,0,7,18,16941360,3644,15360,3,4655
586,17,0,14,11,16977960,3644,15360,3,4672
587,11,0,17,8,17007300,3644,15360,3,4683
588,12,0,16,9,17073300,3648,15360,3,4695
589,10,0,13,12,17126760,3650,15360,3,4705
590,15,0,22,3,17166060,3653,18540,3,4720
591,16,0,18,7,17248200,3655,18540,3,4736
592,7,0,15,10,17296980,3658,18540,3,4743
593,15,0,12,13,17371800,3660,18540,3,4758
594,8,0,9,16,17415840,3661,18540,3,4766
595,11,0,7,18,17463360,3661,18540,3,4777
596,3,0,5,20,17484600,3661,18540,3,4780
597,9,0,6,19,17509260,3660,18540,3,4789
598,2,0,3,22,17530320,3661,18540,3,4791
599,1,0,3,22,17531280,3660,18540,3,4792
600,5,0,5,20,17548380,3662,18540,3,4797
601,8,0,8,17,17560320,3660,18540,3,4805
602,3,0,8,17,17574660,3661,18540,3,4808
603,6,0,10,15,17596620,3662,18540,3,4814
604,7,0,8,17,17640480,3665,18540,3,4821
605,10,0,11,14,17671260,3666,18540,3,4831
606,11,0,11,14,17707740,3665,18540,3,4842
607,9,0,15,10,17728380,3665,18540,3,4851
608,9,0,7,18,17790420,3665,18540,3,4860
609,9,0,11,14,17810340,3666,18540,3,4869
610,13,0,12,13,17844300,3664,18540,3,4882
611,5,0,8,17,17883960,3665,18540,3,4887
612,9,0,10,15,17916660,3666,18540,3,4896
613,10,0,8,17,17952240,3665,18540,3,4906
614,8,0,8,17,17991180,3667,18540,3,4914
615,13,0,12,13,18025800,3667,18540,3,4927
616,7,0,8,17,18053820,3665,18540,3,4934
617,9,0,4,21,18106500,3666,18540,3,4943
618,10,0,8,17,18122460,3664,18540,3,4953
619,9,0,13,12,18134220,3664,18540,3,4962
620,6,0,7,18,18185640,3665,18540,3,4968
621,7,0,7,18,18213960,3666,18540,3,4975
622,7,0,10,15,18232320,3666,18540,3,4982
623,7,0,7,18,18271560,3667,18540,3,4989
624,4,0,5,20,18296220,3668,18540,3,4993
625,5,0,3,22,18322020,3668,18540,3,4998
626,3,0,3,22,18330540,3667,18540,3,5001
627,4,0,6,19,18334380,3667,18540,3,5005
628,6,0,5,20,18356400,3666,18540,3,5011
629,8,0,7,18,18367920,3664,18540,3,5019
630,8,0,9,16,18389340,3664,18540,3,5027
631,4,0,8,17,18413820,3665,18540,3,5031
632,9,0,8,17,18450900,3666,18540,3,5040
633,5,0,6,19,18480000,3667,18540,3,5045
634,13,0,10,15,18509400,3666,18540,3,5058
635,7,0,12,13,18524760,3666,18540,3,5065
636,8,0,9,16,18571380,3667,18540,3,5073
637,9,0,9,16,18608700,3668,18540,3,5082
638,5,0,7,18,18638700,3669,18540,3,5087
639,9,0,8,17,18679860,3671,18540,3,5096
640,7,0,11,14,18688020,3670,18540,3,5103
641,13,0,13,12,18732660,3670,18540,3,5116
642,6,0,8,17,18779520,3672,18540,3,5122
643,4,0,5,20,18814020,3673,18540,3,5126
644,5,0,5,20,18833760,3674,18540,3,5131
645,10,0,7,18,18851580,3671,18540,3,5141
646,5,0,4,21,18882000,3672,18540,3,5146
647,6,0,4,21,18898080,3670,18540,3,5152
648,4,0,4,21,18907560,3669,18540,3,5156
649,6,0,6,19,18924600,3670,18540,3,5162
650,5,0,5,20,18949440,3670,18540,3,5167
651,6,0,5,20,18971400,3670,18540,3,5173
652,3,0,1,24,18996360,3670,18540,3,5176
653,6,0,3,22,19004400,3669,18540,3,5182
654,8,0,7,18,19011600,3668,18540,3,5190
655,13,0,9,16,19037160,3665,18540,3,5203
656,10,0,10,15,19066620,3664,18540,3,5213
657,10,0,9,16,19109760,3665,18540,3,5223
658,15,0,12,13,19134480,3661,18540,3,5238
659,10,0,11,14,19181460,3662,18540,3,5248
660,7,0,8,17,19221360,3663,18540,3,5255
661,13,0,9,16,19260600,3662,18540,3,5268
662,12,0,13,12,19293660,3663,18540,3,5280
663,10,0,17,8,19314540,3662,18540,3,5290
664,11,0,11,14,19380060,3663,18540,3,5301
665,20,0,19,6,19422780,3663,18540,3,5321
666,12,0,14,11,19482840,3662,18540,3,5333
667,8,0,9,16,19532340,3663,18540,3,5341
668,6,0,9,16,19568280,3665,18540,3,5347
669,7,0,7,18,19608060,3667,18540,3,5354
670,11,0,13,12,19623300,3666,18540,3,5365
671,6,0,9,16,19661520,3666,18540,3,5371
672,3,0,4,21,19700340,3668,18540,3,5374
673,2,0,5,20,19700940,3668,18540,3,5376
674,4,0,5,20,19708080,3666,18540,3,5380
675,5,0,8,17,19715040,3666,18540,3,5385
676,5,0,7,18,19729980,3665,18540,3,5390
677,4,0,6,19,19746780,3664,18540,3,5394
678,5,0,8,17,19753380,3664,18540,3,5399
679,11,0,11,14,19776900,3663,18540,3,5410
680,5,0,8,17,19811160,3663,18540,3,5415
681,8,0,12,13,19819560,3662,18540,3,5423
682,8,0,11,14,19843260,3661,18540,3,5431
683,8,0,13,12,19885020,3664,18540,3,5439
684,6,0,9,16,19928340,3665,18540,3,5445
685,11,0,13,12,19950960,3665,18540,3,5456
686,13,0,17,8,19980480,3664,18540,3,5469
687,9,0,17,8,20010000,3664,18540,3,5478
688,7,0,10,15,20071260,3665,18540,3,5485
689,11,0,13,12,20098620,3665,18540,3,5496
690,8,0,11,14,20137920,3666,18540,3,5504
691,9,0,10,15,20162280,3663,18540,3,5513
692,11,0,13,12,20193720,3664,18540,3,5524
693,6,0,8,17,20227260,3663,18540,3,5530
694,7,0,12,13,20240220,3663,18540,3,5537
695,5,0,8,17,20268900,3662,18540,3,5542
696,3,0,6,19,20288220,3662,18540,3,5545
697,8,0,8,17,20302680,3661,18540,3,5553
698,7,0,11,14,20312880,3660,18540,3,5560
699,5,0,7,18,20346960,3660,18540,3,5565
700,4,0,7,18,20359500,3660,18540,3,5569
701,5,0,5,20,20378760,3659,18540,3,5574
702,11,0,12,13,20386500,3658,18540,3,5585
703,4,0,12,13,20403120,3658,18540,3,5589
704,4,0,8,17,20436300,3659,18540,3,5593
705,9,0,13,12,20447400,3658,18540,3,5602
706,11,0,16,9,20477820,3658,18540,3,5613
707,16,0,18,7,20530320,3658,18540,3,5629
708,7,0,14,11,20577120,3660,18540,3,5636
709,20,0,21,4,20614740,3658,18540,3,5656
710,12,0,17,8,20674080,3658,18540,3,5668
711,12,0,18,7,20719560,3659,18540,3,5680
712,10,0,15,10,20769720,3659,18540,3,5690
713,6,0,9,16,20820360,3661,18540,3,5696
714,10,0,9,16,20855580,3660,18540,3,5706
715,11,0,10,15,20877120,3658,18540,3,5717
716,5,0,9,16,20885280,3655,18540,3,5722
717,5,0,8,17,20914260,3656,18540,3,5727
718,7,0,11,14,20930460,3657,18540,3,5734
719,6,0,11,14,20946060,3656,18540,3,5740
720,1,0,7,18,20981880,3659,18540,3,5741
721,5,0,11,14,20990700,3660,18540,3,5746
722,7,0,11,14,21023340,3661,18540,3,5753
723,13,0,13,12,21064920,3661,18540,3,5766
724,8,0,11,14,21097080,3660,18540,3,5774
725,3,0,8,17,21122880,3661,18540,3,5777
726,7,0,12,13,21132600,3661,18540,3,5784
727,5,0,11,14,21169260,3663,18540,3,5789
728,9,0,11,14,21204780,3664,18540,3,5798
729,11,0,13,12,21228540,3662,18540,3,5809
730,9,0,12,13,21274140,3664,18540,3,5818
731,14,0,14,11,21313020,3663,18540,3,5832
732,11,0,16,9,21343800,3662,18540,3,5843
733,10,0,15,10,21394320,3664,18540,3,5853
734,7,0,9,16,21446340,3665,18540,3,5860
735,10,0,12,13,21469080,3664,18540,3,5870
736,8,0,11,14,21504720,3665,18540,3,5878
737,10,0,13,12,21533820,3665,18540,3,5888
738,11,0,11,14,21572040,3663,18540,3,5899
739,3,0,10,15,21592440,3664,18540,3,5902
740,3,0,8,17,21621780,3666,18540,3,5905
741,7,0,8,17,21645780,3666,18540,3,5912
742,5,0,6,19,21669480,3665,18540,3,5917
743,8,0,11,14,21677160,3665,18540,3,5925
744,7,0,9,16,21707520,3664,18540,3,5932
745,2,0,7,18,21731520,3666,18540,3,5934
746,2,0,7,18,21743760,3667,18540,3,5936
747,6,0,7,18,21770280,3668,18540,3,5942
748,9,0,11,14,21781680,3666,18540,3,5951
749,4,0,9,16,21806760,3667,18540,3,5955
750,3,0,7,18,21836220,3669,18540,3,5958
751,8,0,7,18,21852240,3667,18540,3,5966
752,7,0,11,14,21865380,3667,18540,3,5973
753,6,0,10,15,21881700,3665,18540,3,5979
754,15,0,16,9,21905160,3664,18540,3,5994
755,15,0,17,8,21951060,3663,18540,3,6009
756,8,0,14,11,22012260,3666,18540,3,6017
757,11,0,12,13,22047420,3664,18540,3,6028
758,7,0,11,14,22067520,3663,18540,3,6035
759,11,0,14,11,22110120,3665,18540,3,6046
760,12,0,12,13,22138860,3661,18540,3,6058
761,10,0,8,17,22181880,3660,18540,3,6068
762,9,0,12,13,22196340,3659,18540,3,6077
763,4,0,8,17,22220520,3658,18540,3,6081
764,7,0,9,16,22251120,3660,18540,3,6088
765,5,0,10,15,22263420,3659,18540,3,6093
766,2,0,6,19,22291260,3660,18540,3,6095
767,4,0,7,18,22311480,3662,18540,3,6099
768,2,0,5,20,22332360,3663,18540,3,6101
769,5,0,7,18,22341420,3663,18540,3,6106
770,4,0,6,19,22355220,3662,18540,3,6110
771,5,0,7,18,22366620,3661,18540,3,6115
772,7,0,10,15,22380000,3661,18540,3,6122
773,5,0,8,17,22411800,3662,18540,3,6127
774,11,0,11,14,22434240,3661,18540,3,6138
775,6,0,9,16,22452060,3659,18540,3,6144
776,3,0,5,20,22469280,3658,18540,3,6147
777,5,0,8,17,22486140,3659,18540,3,6152
778,14,0,14,11,22498980,3657,18540,3,6166
779,14,0,20,5,22524420,3656,18540,3,6180
780,6,0,13,12,22581720,3658,18540,2,6186
781,12,0,16,9,22628880,3660,18540,2,6198
782,12,0,11,14,22679520,3658,18540,2,6210
783,10,0,14,11,22710060,3659,18540,2,6220
784,5,0,8,17,22750920,3659,18540,2,6225
785,8,0,11,14,22763220,3658,18540,2,6233
786,11,0,9,16,22806900,3657,18540,2,6244
787,7,0,12,13,22814880,3656,18540,2,6251
788,6,0,10,15,22848180,3657,18540,2,6257
789,0,0,7,18,22870860,3659,18540,2,6257
790,5,0,7,18,22894440,3660,18540,2,6262
791,5,0,6,19,22911900,3659,18540,2,6267
792,4,0,8,17,22919340,3659,18540,2,6271
793,8,0,9,16,22943220,3659,18540,2,6279
794,4,0,4,21,22971540,3658,18540,2,6283
795,3,0,6,19,22972680,3658,18540,2,6286
796,8,0,9,16,22983180,3656,18540,2,6294
797,11,0,13,12,23001120,3655,18540,2,6305
798,7,0,16,9,23012760,3655,18540,2,6312
799,6,0,13,12,23068380,3658,18720,2,6318
800,9,0,13,12,23103960,3659,18720,2,6327
801,7,0,11,14,23150340,3661,18720,2,6334
802,11,0,12,13,23171760,3658,18720,2,6345
803,13,0,15,10,23208900,3658,18720,2,6358
804,19,0,19,6,23247840,3656,18720,2,6377
805,8,0,14,11,23305260,3658,18720,2,6385
806,5,0,11,14,23339100,3658,18720,2,6390
807,9,0,12,13,23385420,3661,18720,2,6399
808,17,0,15,10,23422860,3659,18720,2,6416
809,10,0,18,7,23443980,3658,18720,2,6426
810,18,0,17,8,23503920,3657,18720,2,6444
811,4,0,8,17,23554440,3657,18720,2,6448
812,6,0,9,16,23574240,3657,18720,2,6454
813,8,0,11,14,23600400,3658,18720,2,6462
814,0,0,6,19,23623440,3659,18720,2,6462
815,3,0,5,20,23649540,3660,18720,2,6465
816,4,0,8,17,23652780,3660,18720,2,6469
817,4,0,7,18,23666340,3660,18720,2,6473
818,2,0,8,17,23676660,3661,18720,2,6475
819,11,0,13,12,23707020,3662,18720,2,6486
820,5,0,11,14,23729820,3662,18720,2,6491
821,7,0,12,13,23764800,3664,18720,2,6498
822,4,0,8,17,23800620,3665,18720,2,6502
823,13,0,13,12,23826420,3664,18720,2,6515
824,8,0,12,13,23855700,3663,18720,2,6523
825,8,0,11,14,23888340,3663,18720,2,6531
826,15,0,14,11,23925420,3662,18720,2,6546
827,14,0,17,8,23956320,3661,18720,2,6560
828,15,0,21,4,24001140,3662,18720,2,6575
829,10,0,12,13,24071520,3662,18720,2,6585
830,8,0,10,15,24107400,3662,18720,2,6593
831,4,0,6,19,24137880,3662,18720,2,6597
832,8,0,12,13,24141120,3661,18720,2,6605
833,9,0,12,13,24172080,3661,18720,2,6614
834,6,0,12,13,24187860,3660,18720,2,6620
835,8,0,11,14,24230760,3661,18720,2,6628
836,3,0,9,16,24248040,3661,18720,2,6631
837,5,0,9,16,24278760,3663,18720,2,6636
838,8,0,12,13,24302160,3664,18720,2,6644
839,7,0,10,15,24328500,3663,18720,2,6651
840,10,0,11,14,24348000,3661,18720,2,6661
841,6,0,9,16,24373620,3660,18720,2,6667
842,9,0,11,14,24396600,3660,18720,2,6676
843,9,0,14,11,24420360,3660,18720,2,6685
844,6,0,11,14,24457440,3661,18720,2,6691
845,4,0,10,15,24482880,3662,18720,2,6695
846,9,0,11,14,24513900,3662,18720,2,6704
847,11,0,15,10,24541680,3662,18720,2,6715
848,9,0,15,10,24571020,3662,18720,2,6724
849,7,0,13,12,24608880,3663,18720,2,6731
850,10,0,9,16,24668100,3664,18720,2,6741
851,8,0,8,17,24702600,3664,18720,2,6749
852,10,0,8,17,24727560,3662,18720,2,6759
853,11,0,13,12,24741480,3661,18720,2,6770
854,16,0,20,5,24765840,3660,18720,2,6786
855,11,0,13,12,24816960,3658,18720,2,6797
856,8,0,11,14,24854940,3658,18720,2,6805
857,17,0,24,1,24866700,3657,18720,2,6822
858,10,0,18,7,24932340,3658,18720,2,6832
859,7,0,13,12,24988860,3660,18720,2,6839
860,6,0,12,13,25033680,3663,18720,2,6845
861,13,0,16,9,25075020,3664,18720,2,6858
862,4,0,8,17,25123920,3665,18720,2,6862
863,8,0,10,15,25153620,3666,18720,2,6870
864,7,0,12,13,25177140,3667,18720,2,6877
865,4,0,10,15,25194180,3666,18720,2,6881
866,6,0,11,14,25223580,3668,18720,2,6887
867,11,0,14,11,25250820,3668,18720,2,6898
868,6,0,13,12,25280400,3668,18720,2,6904
869,4,0,7,18,25327260,3670,18720,2,6908
870,9,0,11,14,25343100,3669,18720,2,6917
871,7,0,11,14,25359840,3668,18720,2,6924
872,8,0,13,12,25389900,3669,18720,2,6932
873,8,0,9,16,25440540,3670,18720,2,6940
874,2,0,9,16,25450920,3670,18720,2,6942
875,12,0,13,12,25488900,3672,18720,2,6954
876,10,0,15,10,25504140,3670,18720,2,6964
877,10,0,15,10,25538040,3669,18720,2,6974
878,9,0,11,14,25592700,3670,18720,2,6983
879,11,0,15,10,25611300,3669,18720,2,6994
880,6,0,10,15,25660500,3671,18720,2,7000
881,9,0,13,12,25688760,3671,18720,2,7009
882,9,0,14,11,25724040,3672,18720,2,7018
883,7,0,10,15,25769460,3673,18720,2,7025
884,9,0,12,13,25787760,3672,18720,2,7034
885,7,0,8,17,25827480,3672,18720,2,7041
886,7,0,13,12,25833660,3672,18720,2,7048
887,3,0,7,18,25872180,3672,18720,2,7051
888,4,0,7,18,25891440,3673,18720,2,7055
889,7,0,6,19,25912020,3672,18720,2,7062
890,4,0,7,18,25920240,3671,18720,2,7066
891,5,0,7,18,25929180,3670,18720,2,7071
892,6,0,12,13,25936320,3671,18720,2,7077
893,4,0,8,17,25960860,3670,18720,2,7081
894,7,0,9,16,25987620,3671,18720,2,7088
895,7,0,9,16,26005800,3670,18720,2,7095
896,8,0,10,15,26026860,3669,18720,2,7103
897,5,0,9,16,26038020,3667,18720,2,7108
898,11,0,13,12,26062620,3667,18720,2,7119
899,14,0,15,10,26100900,3666,18720,2,7133
900,7,0,12,13,26131800,3666,18720,2,7140
901,6,0,10,15,26155200,3665,18720,2,7146
902,9,0,14,11,26176800,3665,18720,2,7155
903,7,0,11,14,26224680,3667,18720,2,7162
904,7,0,8,17,26264160,3667,18720,2,7169
905,3,0,5,20,26285220,3667,18720,2,7172
906,13,0,12,13,26292840,3665,18720,2,7185
907,8,0,16,9,26313300,3666,18720,2,7193
908,5,0,9,16,26374560,3668,18720,2,7198
909,8,0,11,14,26394360,3668,18720,2,7206
910,6,0,8,17,26430840,3668,18720,2,7212
911,3,0,9,16,26438700,3668,18720,2,7215
912,6,0,11,14,26447820,3668,18720,2,7221
913,8,0,11,14,26480880,3668,18720,2,7229
914,8,0,12,13,26508060,3668,18720,2,7237
915,3,0,6,19,26550720,3670,18720,2,7240
916,5,0,9,16,26565480,3671,18720,2,7245
917,2,0,7,18,26583000,3671,18720,2,7247
918,12,0,13,12,26607300,3671,18720,2,7259
919,7,0,8,17,26638080,3670,18720,2,7266
920,3,0,5,20,26659020,3670,18720,2,7269
921,8,0,7,18,26676960,3669,18720,2,7277
922,4,0,8,17,26684820,3669,18720,2,7281
923,13,0,13,12,26707980,3668,18720,2,7294
924,6,0,11,14,26730480,3667,18720,2,7300
925,21,0,21,4,26769480,3667,18720,2,7321
926,14,4,18,7,26815020,3666,24600,3,7335
927,11,0,13,12,26880540,3665,32520,4,7346
928,11,0,15,10,26918280,3666,32520,4,7357
929,4,0,8,17,26958060,3666,32520,4,7361
930,10,0,11,14,26981700,3665,32520,4,7371
931,4,0,7,18,27009000,3665,32520,4,7375
932,8,0,10,15,27020280,3664,32520,4,7383
933,2,0,8,17,27042300,3665,32520,4,7385
934,4,0,8,17,27060900,3666,32520,4,7389
935,8,0,12,13,27082500,3667,32520,4,7397
936,4,0,8,17,27111960,3667,32520,4,7401
937,4,0,6,19,27126000,3666,32520,4,7405
938,3,0,6,19,27141420,3666,32520,4,7408
939,9,0,13,12,27146520,3666,32520,4,7417
940,7,0,13,12,27172140,3666,32520,4,7424
941,12,0,16,9,27208920,3666,32520,4,7436
942,5,0,11,14,27248280,3667,32520,4,7441
943,12,0,14,11,27285180,3667,32520,4,7453
944,14,0,19,6,27323880,3668,32520,4,7467
945,9,0,16,9,27369360,3668,32520,4,7476
946,7,0,12,13,27416160,3669,32520,4,7483
947,3,0,6,19,27457440,3670,32520,4,7486
948,7,0,6,19,27471360,3669,32520,4,7493
949,11,0,11,14,27489000,3668,32520,4,7504
950,13,0,14,11,27516420,3667,32520,4,7517
951,9,0,16,9,27549000,3668,32520,4,7526
952,11,0,15,10,27589860,3667,32520,4,7537
953,9,0,12,13,27642420,3669,32520,4,7546
954,13,0,17,8,27669720,3668,32520,4,7559
955,2,0,7,18,27720120,3669,32520,4,7561
956,8,0,10,15,27742500,3670,32520,4,7569
957,6,0,9,16,27764160,3669,32520,4,7575
958,6,0,12,13,27775980,3669,32520,4,7581
959,5,0,8,17,27817320,3670,32520,4,7586
960,11,0,10,15,27830400,3668,32520,4,7597
961,6,0,9,16,27860700,3668,32520,4,7603
962,4,0,9,16,27874620,3668,32520,4,7607
963,8,0,10,15,27898380,3668,32520,4,7615
964,4,0,8,17,27919080,3668,32520,4,7619
965,2,0,7,18,27931920,3668,32520,4,7621
966,8,0,11,14,27950280,3668,32520,4,7629
967,7,0,14,11,27966180,3669,32520,4,7636
968,17,0,22,3,28003980,3669,32520,4,7653
969,12,0,17,8,28063980,3669,32520,4,7665
970,16,0,21,4,28098420,3668,32700,4,7681
971,7,0,12,13,28182300,3671,32700,4,7688
972,9,0,12,13,28223940,3672,32700,4,7697
973,11,1,16,9,28249440,3673,32700,4,7708
974,6,0,15,10,28296480,3675,40680,5,7714
975,14,0,17,8,28328760,3673,40680,5,7728
976,11,0,16,9,28381620,3674,40680,5,7739
977,9,0,15,10,28424220,3675,40680,5,7748
978,8,0,11,14,28469220,3675,40680,5,7756
979,3,0,8,17,28502040,3677,40680,5,7759
980,10,0,12,13,28521000,3676,40680,5,7769
981,6,0,9,16,28560780,3677,40680,5,7775
982,9,0,12,13,28582020,3677,40680,5,7784
983,7,0,10,15,28606440,3676,40680,5,7791
984,6,0,11,14,28634460,3677,40680,5,7797
985,4,0,8,17,28659540,3677,40680,5,7801
986,8,0,8,17,28688100,3677,40680,5,7809
987,4,0,9,16,28704120,3678,40680,5,7813
988,6,0,9,16,28726200,3678,40680,5,7819
989,8,0,9,16,28751820,3677,40680,5,7827
990,7,0,10,15,28770720,3677,40680,5,7834
991,9,0,14,11,28794900,3677,40680,5,7843
992,6,0,8,17,28828140,3676,40680,5,7849
993,8,0,11,14,28852920,3677,40680,5,7857
994,9,0,11,14,28888500,3677,40680,5,7866
995,13,0,18,7,28903680,3676,40680,5,7879
996,7,0,12,13,28951680,3676,40680,5,7886
997,16,0,16,9,28985820,3675,40680,5,7902
998,8,0,9,16,29045940,3676,40680,5,7910
999,7,0,13,12,29066880,3677,40680,5,7917
1000,8,0,10,15,29106720,3677,40680,5,7925
1001,8,0,11,14,29134020,3677,40680,5,7933
1002,10,0,9,16,29168580,3676,40680,5,7943
1003,5,0,11,14,29181420,3676,40680,5,7948
1004,5,0,6,19,29215320,3676,40680,5,7953
1005,7,0,10,15,29230440,3676,40680,5,7960
1006,1,0,7,18,29244360,3676,40680,5,7961
1007,1,0,4,21,29272980,3678,40680,5,7962
1008,5,0,8,17,29275740,3678,40680,5,7967
1009,8,0,14,11,29277420,3677,40680,5,7975
1010,3,0,7,18,29321340,3678,40680,5,7978
1011,3,0,6,19,29349840,3680,40680,5,7981
1012,2,0,6,19,29359380,3680,40680,5,7983
1013,12,0,12,13,29366940,3678,40680,5,7995
1014,6,0,13,12,29377140,3677,40680,5,8001
1015,4,0,11,14,29408400,3678,40680,5,8005
1016,9,0,7,18,29466180,3680,40680,5,8014
1017,8,0,10,15,29474220,3678,40680,5,8022
1018,10,0,12,13,29493180,3677,40680,5,8032
1019,7,0,10,15,29535840,3678,40680,5,8039
1020,9,0,13,12,29556000,3678,40680,5,8048
1021,13,0,13,12,29588940,3676,40680,5,8061
1022,11,0,12,13,29635920,3676,40680,5,8072
1023,15,0,19,6,29650200,3675,40680,5,8087
1024,9,0,14,11,29698140,3674,40680,5,8096
1025,11,0,15,10,29733120,3674,40680,5,8107
1026,10,0,15,10,29783220,3676,40680,5,8117
1027,4,0,9,16,29827800,3676,40680,5,8121
1028,6,0,8,17,29853960,3677,40680,5,8127
1029,5,0,9,16,29864700,3676,40680,5,8132
1030,9,0,13,12,29883060,3676,40680,4,8141
1031,5,0,8,17,29917440,3676,40680,4,8146
1032,8,0,8,17,29939460,3675,40680,4,8154
1033,6,0,9,16,29957580,3675,40680,4,8160
1034,5,0,8,17,29973480,3674,40680,4,8165
1035,4,0,9,16,29983200,3674,40680,4,8169
1036,10,0,11,14,30015960,3674,40680,4,8179
1037,8,0,10,15,30047400,3674,40680,4,8187
1038,6,0,11,14,30063960,3674,40680,4,8193
1039,4,0,8,17,30093180,3674,40680,4,8197
1040,4,0,7,18,30117000,3675,40680,4,8201
1041,9,0,11,14,30129540,3674,40680,4,8210
1042,15,0,19,6,30148320,3673,40680,4,8225
1043,5,0,11,14,30191040,3673,40680,4,8230
1044,4,0,9,16,30222960,3674,40680,4,8234
1045,15,0,13,12,30257640,3673,40680,4,8249
1046,10,0,13,12,30289740,3673,40680,4,8259
1047,16,0,18,7,30318780,3671,40680,4,8275
1048,6,0,14,11,30365940,3673,40680,4,8281
1049,15,0,17,8,30408420,3672,40680,4,8296
1050,5,0,12,13,30464820,3675,40680,4,8301
1051,5,0,12,13,30493200,3676,40680,4,8306
1052,14,0,18,7,30527160,3677,40680,4,8320
1053,6,0,11,14,30575160,3677,40680,4,8326
1054,7,0,9,16,30615780,3678,40680,4,8333
1055,5,0,9,16,30631260,3677,40680,4,8338
1056,5,0,10,15,30642900,3677,40680,4,8343
1057,5,0,6,19,30673320,3676,40680,4,8348
1058,5,0,7,18,30690060,3677,40680,4,8353
1059,2,0,5,20,30711300,3678,40680,4,8355
1060,7,0,12,13,30711300,3678,40680,4,8362
1061,13,0,15,10,30734220,3676,40680,4,8375
1062,8,0,10,15,30775920,3675,40680,4,8383
1063,7,0,9,16,30801000,3675,40680,4,8390
1064,7,0,7,18,30825780,3674,40680,4,8397
1065,7,0,9,16,30836220,3673,40680,4,8404
1066,4,0,6,19,30858420,3672,40680,4,8408
1067,10,0,11,14,30869820,3671,40680,4,8418
1068,15,0,15,10,30897540,3670,40680,4,8433
1069,11,0,16,9,30922980,3669,40680,4,8444
1070,10,0,10,15,30981840,3669,40680,4,8454
1071,11,0,12,13,31008900,3668,40680,4,8465
1072,7,0,12,13,31037040,3668,40680,4,8472
1073,12,0,14,11,31074840,3668,40680,4,8484
1074,9,0,11,14,31122960,3669,40680,4,8493
1075,5,0,10,15,31157160,3670,40680,4,8498
1076,9,0,11,14,31186140,3670,40680,4,8507
1077,5,0,12,13,31193760,3669,40680,4,8512
1078,8,0,13,12,31223940,3670,40680,4,8520
1079,5,0,9,16,31272360,3672,40680,4,8525
1080,6,0,7,18,31294920,3671,40680,4,8531
1081,8,0,11,14,31298880,3670,40680,4,8539
1082,9,0,10,15,31342680,3670,40680,4,8548
1083,3,0,8,17,31366020,3671,40680,4,8551
1084,8,0,13,12,31386120,3672,40680,4,8559
1085,9,0,13,12,31416660,3672,40680,4,8568
1086,7,0,11,14,31453920,3672,40680,4,8575
1087,6,0,11,14,31472700,3672,40680,4,8581
1088,9,0,12,13,31491240,3671,40680,4,8590
1089,11,0,11,14,31548840,3672,40680,4,8601
1090,10,0,15,10,31576440,3673,40680,4,8611
1091,3,0,12,13,31602600,3673,40680,4,8614
1092,13,0,14,11,31647300,3674,40680,4,8627
1093,11,0,17,8,31672980,3673,40680,4,8638
1094,5,0,8,17,31728300,3674,40680,4,8643
1095,15,0,17,8,31748700,3674,40680,4,8658
1096,3,0,9,16,31783560,3673,40680,4,8661
1097,6,0,9,16,31806960,3673,40680,4,8667
1098,6,0,10,15,31824660,3673,40680,4,8673
1099,8,0,11,14,31849200,3673,40680,4,8681
1100,11,0,13,12,31883580,3673,40680,4,8692
1101,9,0,11,14,31925220,3673,40680,4,8701
1102,6,0,8,17,31955700,3673,40680,4,8707
1103,4,0,7,18,31976520,3673,40680,4,8711
1104,4,0,6,19,31994040,3673,40680,4,8715
1105,3,0,6,19,32005920,3673,40680,4,8718
1106,6,0,9,16,32012580,3673,40680,4,8724
1107,3,0,9,16,32031420,3674,40680,4,8727
1108,12,0,14,11,32048100,3673,40680,4,8739
1109,1,0,8,17,32084880,3674,40680,4,8740
1110,6,0,9,16,32107860,3674,40680,4,8746
1111,9,0,10,15,32128320,3673,40680,4,8755
1112,9,0,11,14,32148900,3672,40680,4,8764
1113,9,0,8,17,32185260,3672,40680,4,8773
1114,12,0,13,12,32206740,3671,40680,4,8785
1115,13,5,14,11,32221140,3670,40800,4,8798
1116,4,5,11,14,32256780,3671,50340,5,8802
1117,12,0,21,4,32291820,3672,76920,8,8814
1118,8,0,10,15,32357340,3671,76920,8,8822
1119,10,0,11,14,32391720,3672,76920,8,8832
1120,8,0,13,12,32423700,3673,76920,8,8840
1121,12,0,14,11,32459880,3672,76920,8,8852
1122,6,0,10,15,32508180,3674,76920,8,8858
1123,12,0,12,13,32539920,3673,76920,8,8870
1124,3,0,8,17,32573400,3674,76920,8,8873
1125,4,0,7,18,32593380,3674,76920,8,8877
1126,4,0,6,19,32606040,3673,76920,8,8881
1127,5,0,7,18,32614860,3673,76920,8,8886
1128,3,0,7,18,32625900,3673,76920,8,8889
1129,3,0,7,18,32637060,3673,76920,8,8892
1130,8,0,9,16,32661780,3673,76920,8,8900
1131,4,0,8,17,32680080,3673,76920,8,8904
1132,3,0,8,17,32700600,3674,76920,8,8907
1133,5,0,7,18,32726880,3675,76920,8,8912
1134,9,0,10,15,32746500,3674,76920,8,8921
1135,7,0,8,17,32766000,3673,76920,8,8928
1136,7,0,8,17,32777820,3671,76920,8,8935
1137,11,0,15,10,32788140,3671,76920,8,8946
1138,11,0,16,9,32822940,3671,76920,8,8957
1139,11,0,16,9,32871120,3671,76920,8,8968
1140,8,0,12,13,32911020,3671,76920,8,8976
1141,7,0,11,14,32953080,3672,76920,8,8983
1142,13,0,12,13,32993040,3672,76920,8,8996
1143,10,0,13,12,33015000,3671,76920,8,9006
1144,9,0,14,11,33041880,3670,76920,8,9015
1145,14,0,12,13,33104580,3671,76920,8,9029
1146,5,0,10,15,33134040,3671,76920,8,9034
1147,5,0,8,17,33164580,3672,76920,8,9039
1148,5,0,10,15,33178500,3672,76920,8,9044
1149,6,0,9,16,33208500,3673,76920,8,9050
1150,6,0,11,14,33218820,3672,76920,8,9056
1151,6,0,9,16,33253140,3673,76920,8,9062
1152,9,0,8,17,33277800,3671,76920,8,9071
1153,7,0,11,14,33292980,3671,76920,8,9078
1154,2,0,7,18,33311040,3671,76920,8,9080
1155,10,0,9,16,33342240,3671,76920,8,9090
1156,7,0,10,15,33356220,3670,76920,8,9097
1157,8,0,9,16,33391200,3670,76920,8,9105
1158,6,0,10,15,33402840,3670,76920,8,9111
1159,11,0,13,12,33431160,3670,76920,8,9122
1160,9,0,12,13,33452760,3668,76920,8,9131
1161,9,0,10,15,33494580,3668,76920,8,9140
1162,5,0,9,16,33515460,3668,76920,8,9145
1163,12,0,15,10,33534480,3668,76920,8,9157
1164,8,0,13,12,33573120,3668,76920,8,9165
1165,8,0,14,11,33603720,3668,76920,8,9173
1166,9,0,12,13,33643500,3668,76920,8,9182
1167,9,0,11,14,33677940,3668,76920,8,9191
1168,10,0,10,15,33712860,3668,76920,8,9201
1169,12,0,12,13,33740940,3667,76920,8,9213
1170,7,0,9,16,33784440,3667,76920,8,9220
1171,8,0,8,17,33812520,3667,76920,8,9228
1172,3,0,5,20,33831120,3666,76920,8,9231
1173,6,0,7,18,33844680,3666,76920,8,9237
1174,8,0,12,13,33849540,3666,76920,8,9245
1175,9,0,14,11,33881580,3666,76920,8,9254
1176,6,0,13,12,33912480,3667,76920,8,9260
1177,4,0,10,15,33953160,3669,76920,8,9264
1178,7,0,9,16,33984840,3669,76920,8,9271
1179,9,0,11,14,33996000,3667,76920,8,9280
1180,3,0,7,18,34024380,3668,76920,8,9283
1181,5,0,8,17,34036860,3667,76920,8,9288
1182,4,0,7,18,34057920,3668,76920,8,9292
1183,8,0,10,15,34074720,3667,76920,8,9300
1184,7,0,10,15,34095180,3667,76920,8,9307
1185,14,0,15,10,34115940,3666,76920,8,9321
1186,9,0,15,10,34137480,3664,76920,8,9330
1187,11,0,15,10,34178100,3664,76920,8,9341
1188,11,0,15,10,34229220,3665,76920,8,9352
1189,8,0,17,8,34251840,3666,76920,8,9360
1190,11,0,11,14,34323180,3667,76920,8,9371
1191,8,0,13,12,34341660,3666,76920,8,9379
1192,8,0,10,15,34386120,3667,76920,8,9387
1193,8,0,10,15,34407600,3666,76920,8,9395
1194,11,0,13,12,34424940,3664,76920,8,9406
1195,10,0,13,12,34462380,3665,76920,8,9416
1196,2,0,6,19,34497420,3665,76920,8,9418
1197,10,0,11,14,34518720,3665,76920,8,9428
1198,5,0,12,13,34527540,3664,76920,8,9433
1199,8,0,11,14,34573440,3666,76920,8,9441
1200,5,0,7,18,34603260,3665,76920,8,9446
1201,6,0,9,16,34621860,3666,76920,8,9452
1202,6,0,9,16,34639200,3665,76920,8,9458
1203,8,0,11,14,34658760,3665,76920,8,9466
1204,4,0,9,16,34680060,3665,76920,8,9470
1205,5,0,7,18,34716480,3666,76920,8,9475
1206,3,0,8,17,34721580,3666,76920,8,9478
1207,9,0,11,14,34747020,3666,76920,8,9487
1208,4,0,9,16,34768260,3666,76920,8,9491
1209,8,0,14,11,34787460,3667,76920,8,9499
1210,12,0,15,10,34818780,3666,76920,8,9511
1211,15,0,21,4,34854540,3666,76920,8,9526
1212,5,0,10,15,34924260,3668,76920,8,9531
1213,4,0,7,18,34958400,3669,76920,8,9535
1214,9,0,11,14,34976220,3668,76920,8,9544
1215,7,0,11,14,34996020,3668,76920,8,9551
1216,10,0,11,14,35022300,3667,76920,8,9561
1217,12,0,12,13,35055240,3666,76920,8,9573
1218,7,0,12,13,35081100,3666,76920,8,9580
1219,7,0,12,13,35110860,3666,76920,8,9587
1220,5,0,11,14,35140680,3667,76920,8,9592
1221,9,0,8,17,35177580,3667,76920,8,9601
1222,8,0,13,12,35187000,3666,76920,8,9609
1223,4,0,13,12,35207520,3667,76920,8,9613
1224,3,0,8,17,35259060,3669,76920,7,9616
1225,6,0,10,15,35281080,3670,76920,7,9622
1226,6,0,10,15,35307600,3670,76920,7,9628
1227,4,0,10,15,35318760,3670,76920,7,9632
1228,2,0,4,21,35345640,3670,76920,7,9634
1229,7,0,8,17,35353800,3670,76920,7,9641
1230,13,0,12,13,35372880,3668,76920,7,9654
1231,8,0,12,13,35389560,3667,76920,7,9662
1232,18,0,18,7,35430240,3666,76920,7,9680
1233,6,0,12,13,35475660,3667,76920,7,9686
1234,7,0,8,17,35529360,3668,76920,7,9693
1235,8,0,10,15,35543760,3667,76920,7,9701
1236,13,0,17,8,35560260,3667,76920,7,9714
1237,8,0,14,11,35594280,3666,76920,7,9722
1238,11,0,15,10,35638500,3667,76920,7,9733
1239,8,0,11,14,35695260,3668,76920,7,9741
1240,12,0,15,10,35717820,3667,76920,7,9753
1241,12,0,17,8,35766780,3669,76920,7,9765
1242,6,0,15,10,35805840,3670,76920,7,9771
1243,9,0,12,13,35860200,3671,76920,7,9780
1244,5,0,10,15,35891640,3671,76920,7,9785
1245,10,0,10,15,35929140,3671,76920,7,9795
1246,9,0,12,13,35949240,3671,76920,7,9804
1247,5,0,11,14,35976840,3671,76920,7,9809
1248,14,0,12,13,36017340,3671,76920,7,9823
1249,3,0,6,19,36041100,3670,76920,7,9826
1250,8,0,8,17,36060360,3669,76920,7,9834
1251,3,0,7,18,36070260,3669,76920,7,9837
1252,7,0,8,17,36094560,3669,76920,7,9844
1253,6,0,11,14,36101280,3669,76920,7,9850
1254,5,0,11,14,36122700,3669,76920,7,9855
1255,2,0,7,18,36147600,3669,76920,7,9857
1256,6,0,8,17,36167820,3669,76920,7,9863
1257,13,0,12,13,36193320,3669,76920,7,9876
1258,10,0,12,13,36236760,3669,76920,7,9886
1259,10,0,11,14,36268560,3669,76920,7,9896
1260,10,0,12,13,36304560,3669,76920,7,9906
1261,9,0,14,11,36329340,3669,76920,7,9915
1262,12,0,17,8,36355200,3668,76920,7,9927
1263,12,0,16,9,36412620,3669,76920,7,9939
1264,8,0,17,8,36446760,3670,76920,7,9947
1265,13,0,12,13,36528660,3671,76920,7,9960
1266,7,0,10,15,36546480,3670,76920,7,9967
1267,1,0,5,20,36573000,3670,76920,7,9968
1268,7,0,6,19,36591240,3670,76920,7,9975
1269,7,0,7,18,36608700,3670,76920,7,9982
1270,3,0,6,19,36620580,3669,76920,7,9985
1271,5,0,7,18,36632040,3669,76920,7,9990
1272,13,0,14,11,36645720,3668,76920,7,10003
1273,1,0,8,17,36670860,3668,76920,7,10004
1274,5,0,7,18,36705780,3669,76920,7,10009
1275,8,0,9,16,36719760,3669,76920,7,10017
1276,3,0,7,18,36732480,3668,76920,7,10020
1277,4,0,9,16,36740100,3668,76920,7,10024
1278,4,0,8,17,36773340,3669,76920,7,10028
1279,7,0,11,14,36784680,3669,76920,7,10035
1280,10,0,13,12,36814440,3669,76920,7,10045
1281,6,0,12,13,36839040,3669,76920,7,10051
1282,9,0,13,12,36873540,3670,76920,7,10060
1283,17,0,17,8,36916140,3669,76920,7,10077
1284,9,0,14,11,36960420,3669,76920,7,10086
1285,11,0,11,14,36999000,3668,76920,7,10097
1286,10,0,12,13,37047300,3669,76920,7,10107
1287,13,0,14,11,37077000,3668,76920,7,10120
1288,12,0,17,8,37110840,3668,76920,7,10132
1289,10,0,12,13,37164720,3668,76920,7,10142
1290,5,0,9,16,37192440,3668,76920,7,10147
1291,8,0,6,19,37230240,3668,76920,7,10155
1292,2,0,5,20,37244520,3668,76920,7,10157
1293,4,0,9,16,37244520,3668,76920,7,10161
1294,6,0,10,15,37259340,3668,76920,7,10167
1295,5,0,10,15,37284540,3669,76920,7,10172
1296,6,0,8,17,37317960,3669,76920,7,10178
1297,2,0,5,20,37336800,3669,76920,7,10180
1298,8,0,10,15,37343340,3669,76920,7,10188
1299,4,0,8,17,37363320,3668,76920,7,10192
1300,4,0,6,19,37383540,3668,76920,7,10196
1301,8,0,9,16,37402260,3668,76920,7,10204
1302,6,0,9,16,37418460,3668,76920,7,10210
1303,9,0,13,12,37429620,3667,76920,7,10219
1304,7,0,12,13,37454580,3666,76920,7,10226
1305,16,0,19,6,37486980,3666,76920,7,10242
1306,9,0,16,9,37534560,3667,76920,7,10251
1307,9,0,14,11,37590960,3668,76920,7,10260
1308,9,0,11,14,37623420,3667,76920,7,10269
1309,10,0,12,13,37654860,3667,76920,7,10279
1310,8,0,9,16,37682160,3666,76920,7,10287
1311,8,0,10,15,37702860,3665,76920,7,10295
1312,15,0,12,13,37730280,3663,76920,7,10310
1313,8,0,12,13,37758600,3663,76920,7,10318
1314,5,0,10,15,37785420,3663,76920,7,10323
1315,5,0,6,19,37819260,3663,76920,7,10328
1316,8,0,12,13,37824060,3663,76920,7,10336
1317,7,0,10,15,37850400,3663,76920,7,10343
1318,8,0,9,16,37883520,3663,76920,7,10351
1319,9,0,12,13,37904460,3662,76920,7,10360
1320,8,0,15,10,37914660,3662,76920,7,10368
1321,3,0,10,15,37942740,3662,76920,7,10371
1322,4,0,8,17,37974720,3663,76920,7,10375
1323,3,0,5,20,38001600,3663,76920,7,10378
1324,8,0,8,17,38012820,3662,76920,7,10386
1325,8,0,13,12,38018700,3662,76920,7,10394
1326,9,0,11,14,38047740,3661,76920,7,10403
1327,8,0,8,17,38088180,3661,76920,7,10411
1328,8,0,12,13,38102520,3661,76920,7,10419
1329,8,0,11,14,38132880,3660,76920,7,10427
1330,6,0,9,16,38167740,3661,76920,7,10433
1331,8,0,13,12,38176620,3660,76920,7,10441
1332,15,0,19,6,38204760,3660,76920,7,10456
1333,18,9,16,9,38257320,3661,82740,7,10474
1334,7,1,22,3,38292180,3661,112200,10,10481
1335,14,0,15,10,38364180,3660,118440,11,10495
1336,14,0,17,8,38411340,3661,118440,11,10509
1337,6,0,11,14,38458980,3661,118440,11,10515
1338,8,0,11,14,38498280,3662,118440,11,10523
1339,9,0,11,14,38518560,3661,118440,11,10532
1340,5,0,10,15,38550060,3662,118440,11,10537
1341,10,0,11,14,38582100,3661,118440,11,10547
1342,7,0,13,12,38603700,3662,118440,11,10554
1343,4,0,8,17,38644800,3663,118440,11,10558
1344,4,0,8,17,38671380,3664,118440,11,10562
1345,1,0,8,17,38671980,3663,118440,11,10563
1346,2,0,9,16,38672760,3663,118440,11,10565
1347,2,0,10,15,38673780,3663,118440,11,10567
1348,5,0,13,12,38682600,3663,118440,11,10572
1349,1,0,10,15,38692800,3663,118440,11,10573
1350,5,0,10,15,38721420,3664,118440,11,10578
1351,6,0,14,11,38725680,3663,118440,11,10584
1352,10,0,15,10,38748900,3662,118440,11,10594
1353,13,0,20,5,38776680,3662,120180,11,10607
1354,12,0,22,3,38805180,3661,120180,11,10619
1355,6,0,15,10,38856720,3662,120180,11,10625
1356,5,0,12,13,38894760,3663,120180,11,10630
1357,10,0,15,10,38918460,3662,120180,11,10640
1358,10,0,17,8,38947860,3662,120180,11,10650
1359,13,0,23,2,38968740,3662,120180,11,10663
1360,9,0,20,5,39027900,3663,120180,11,10672
1361,7,0,17,8,39070380,3664,120180,11,10679
1362,8,0,14,11,39119280,3665,120180,11,10687
1363,5,0,13,12,39138180,3664,120180,11,10692
1364,9,0,14,11,39167040,3664,120180,11,10701
1365,4,0,13,12,39178680,3664,120180,11,10705
1366,5,0,12,13,39210780,3665,120180,11,10710
1367,7,0,13,12,39228660,3664,120180,11,10717
1368,2,0,10,15,39249600,3665,120180,11,10719
1369,6,0,15,10,39255600,3665,120180,11,10725
1370,3,0,11,14,39283380,3665,120180,11,10728
1371,10,0,18,7,39289860,3665,120180,11,10738
1372,5,0,8,17,39344280,3665,120180,11,10743
1373,9,0,14,11,39350280,3664,120180,11,10752
1374,7,0,15,10,39359760,3663,120180,11,10759
1375,5,0,14,11,39396180,3664,120180,11,10764
1376,6,0,13,12,39413100,3663,120180,11,10770
1377,3,0,13,12,39435780,3665,120180,11,10773
1378,10,0,15,10,39471060,3665,120180,11,10783
1379,12,0,17,8,39490440,3663,120180,11,10795
1380,13,0,20,5,39517380,3663,120180,11,10808
1381,17,0,24,1,39561180,3662,120180,11,10825
1382,9,0,19,6,39619080,3663,120240,11,10834
1383,11,0,19,6,39660960,3663,120240,11,10845
1384,12,3,18,7,39710640,3664,122160,11,10857
1385,11,0,23,2,39755520,3665,129540,11,10868
1386,4,0,12,13,39820920,3666,129540,11,10872
1387,9,0,14,11,39844260,3666,129540,11,10881
1388,6,0,15,10,39858180,3666,129540,11,10887
1389,7,0,13,12,39891900,3666,129540,11,10894
1390,4,0,10,15,39915660,3666,129540,11,10898
1391,5,0,12,13,39923220,3665,129540,11,10903
1392,6,0,15,10,39932520,3665,129540,11,10909
1393,7,0,14,11,39962940,3665,129540,11,10916
1394,3,0,12,13,39988500,3666,129540,11,10919
1395,4,0,9,16,40021800,3667,129540,11,10923
1396,5,0,13,12,40024440,3666,129540,11,10928
1397,8,0,12,13,40044780,3665,129540,11,10936
1398,4,0,9,16,40071180,3665,129540,11,10940
1399,10,0,16,9,40081500,3665,129540,11,10950
1400,9,0,14,11,40106520,3664,129540,11,10959
1401,11,0,17,8,40135320,3664,129540,11,10970
1402,14,0,17,8,40184880,3664,129540,11,10984
1403,15,0,22,3,40210200,3663,129540,11,10999
1404,13,5,22,3,40245180,3663,132600,12,11012
1405,11,9,21,4,40295220,3665,149880,13,11023
1406,11,0,23,2,40358280,3665,189180,17,11034
1407,11,0,18,7,40408860,3664,189180,17,11045
1408,13,0,18,7,40460640,3664,189180,17,11058
1409,10,0,20,5,40486560,3664,189180,17,11068
1410,6,0,17,8,40523640,3664,189180,17,11074
1411,9,0,15,10,40582680,3666,189180,17,11083
1412,8,0,14,11,40610520,3666,189180,17,11091
1413,2,0,10,15,40635240,3666,189180,17,11093
1414,9,0,12,13,40661880,3666,189180,17,11102
1415,5,0,12,13,40677540,3666,189180,17,11107
1416,6,0,13,12,40688700,3665,189180,17,11113
1417,5,0,11,14,40716060,3665,189180,17,11118
1418,4,0,11,14,40727460,3665,189180,17,11122
1419,3,0,11,14,40741740,3665,189180,17,11125
1420,5,0,14,11,40751700,3666,189180,16,11130
1421,1,0,11,14,40770360,3666,189180,16,11131
1422,9,0,11,14,40797660,3665,189180,16,11140
1423,6,0,14,11,40801140,3665,189180,16,11146
1424,8,0,13,12,40832100,3665,189180,16,11154
1425,9,0,14,11,40858440,3664,189180,16,11163
1426,3,0,14,11,40864200,3664,189180,16,11166
1427,5,0,11,14,40890480,3664,189180,16,11171
1428,10,0,14,11,40914840,3663,189180,16,11181
1429,10,0,19,6,40935060,3664,189180,16,11191
1430,9,0,19,6,40956120,3663,189180,16,11200
1431,10,0,19,6,41001660,3663,189180,16,11210
1432,9,0,19,6,41047080,3664,189180,16,11219
1433,12,0,19,6,41094660,3665,189180,16,11231
1434,14,0,22,3,41133300,3665,189180,16,11245
1435,9,0,14,11,41179020,3663,189180,16,11254
1436,10,0,17,8,41207040,3663,189180,16,11264
1437,6,0,16,9,41233080,3663,189180,16,11270
1438,7,0,16,9,41256240,3663,189180,16,11277
1439,6,0,15,10,41284020,3663,189180,16,11283
1440,3,0,12,13,41316780,3664,189180,16,11286
1441,3,0,9,16,41344740,3665,189180,16,11289
1442,9,0,14,11,41352120,3664,189180,16,11298
1443,8,0,14,11,41370780,3663,189180,16,11306
1444,6,0,12,13,41388660,3662,189180,16,11312
1445,6,0,12,13,41402820,3662,189180,16,11318
1446,14,0,21,4,41428740,3662,189180,16,11332
1447,8,0,18,7,41470800,3662,189420,16,11340
1448,4,0,14,11,41508840,3663,189420,16,11344
1449,11,0,15,10,41542440,3663,189420,16,11355
1450,7,0,14,11,41567460,3662,189420,16,11362
1451,12,0,17,8,41597760,3662,189420,16,11374
1452,9,0,15,10,41640540,3662,189420,16,11383
1453,8,0,15,10,41663880,3662,189420,16,11391
1454,9,0,15,10,41700120,3662,189420,16,11400
1455,12,0,17,8,41736240,3662,189420,16,11412
1456,3,0,12,13,41762040,3662,189420,16,11415
1457,11,0,18,7,41776380,3662,189420,16,11426
1458,14,0,21,4,41824560,3662,189420,16,11440
1459,11,0,19,6,41864400,3662,189420,16,11451
1460,9,0,17,8,41898840,3661,189420,16,11460
1461,8,0,15,10,41937780,3661,189420,16,11468
1462,7,0,16,9,41965500,3662,189420,16,11475
1463,4,0,14,11,41987100,3662,189420,16,11479
1464,4,0,11,14,42021480,3662,189420,16,11483
1465,5,0,9,16,42045360,3662,189420,16,11488
1466,6,0,12,13,42055800,3662,189420,16,11494
1467,9,0,15,10,42070800,3662,189420,16,11503
1468,5,0,14,11,42088200,3661,189420,16,11508
1469,5,0,12,13,42116580,3661,189420,16,11513
1470,9,0,17,8,42136080,3662,189420,16,11522
1471,7,0,13,12,42182700,3662,189420,16,11529
1472,11,0,17,8,42211560,3663,189420,16,11540
1473,8,0,17,8,42237840,3662,189420,16,11548
1474,8,0,13,12,42279060,3662,189420,16,11556
1475,13,0,14,11,42311940,3661,189420,16,11569
1476,7,0,12,13,42331080,3660,189420,16,11576
1477,11,0,17,8,42366300,3661,189420,16,11587
1478,11,0,19,6,42390060,3660,189420,16,11598
1479,15,0,16,9,42439320,3659,189420,16,11613
1480,11,0,14,11,42485400,3659,189420,16,11624
1481,7,0,14,11,42505620,3658,189420,16,11631
1482,9,0,16,9,42534660,3659,189420,16,11640
1483,10,0,14,11,42576780,3659,189420,16,11650
1484,7,0,17,8,42588600,3658,189420,16,11657
1485,6,0,14,11,42627000,3659,189420,16,11663
1486,7,0,13,12,42660120,3659,189420,16,11670
1487,3,0,13,12,42673980,3659,189420,16,11673
1488,6,0,14,11,42690060,3659,189420,16,11679
1489,3,0,10,15,42715860,3659,189420,16,11682
1490,5,0,12,13,42728340,3659,189420,16,11687
1491,5,0,13,12,42738060,3659,189420,16,11692
1492,6,0,11,14,42761340,3658,189420,16,11698
1493,4,0,12,13,42770340,3658,189420,16,11702
1494,12,0,19,6,42788880,3658,189420,16,11714
1495,7,0,13,12,42835200,3658,189420,16,11721
1496,10,0,18,7,42853920,3658,189420,16,11731
1497,9,2,16,9,42886440,3658,191760,16,11740
1498,7,0,18,7,42906720,3658,198780,16,11747
1499,8,0,14,11,42960420,3659,198780,16,11755
1500,9,0,15,10,42994620,3659,198780,16,11764
1501,17,0,18,7,43025220,3657,198780,16,11781
1502,3,0,13,12,43061100,3658,198780,16,11784
1503,12,0,18,7,43081080,3657,198780,16,11796
1504,18,0,25,0,43123740,3657,198780,16,11814
1505,11,0,19,6,43184940,3657,198780,16,11825
1506,5,0,14,11,43217640,3657,198780,16,11830
1507,6,0,15,10,43233120,3657,198780,16,11836
1508,9,0,17,8,43270680,3658,198780,16,11845
1509,6,0,15,10,43306020,3658,198780,16,11851
1510,8,0,14,11,43347300,3659,198780,16,11859
1511,4,0,14,11,43354080,3658,198780,16,11863
1512,8,0,15,10,43381500,3659,198780,16,11871
1513,3,0,11,14,43412700,3659,198780,16,11874
1514,4,0,12,13,43427280,3659,198780,16,11878
1515,6,0,15,10,43449960,3660,198780,16,11884
1516,8,0,16,9,43480560,3661,198780,16,11892
1517,6,0,12,13,43514460,3660,198780,16,11898
1518,6,0,11,14,43527780,3659,198780,16,11904
1519,6,0,14,11,43543080,3660,198780,16,11910
1520,14,0,21,4,43566420,3660,198780,16,11924
1521,8,0,19,6,43599240,3659,198780,16,11932
1522,11,0,20,5,43625760,3658,198780,16,11943
1523,5,0,17,8,43668540,3660,198780,16,11948
1524,7,0,13,12,43714260,3660,198780,16,11955
1525,12,0,18,7,43731480,3659,198780,16,11967
1526,12,0,17,8,43779300,3659,198780,16,11979
1527,9,0,20,5,43803060,3660,198780,16,11988
1528,10,2,16,9,43852080,3660,200760,16,11998
1529,9,7,17,8,43872060,3661,205680,17,12007
1530,11,15,14,11,43913400,3662,209400,17,12018
1531,6,9,20,5,43948920,3663,245100,20,12024
1532,11,0,20,5,44011260,3663,324180,26,12035
1533,11,0,18,7,44052120,3662,324180,26,12046
1534,5,0,13,12,44098260,3663,324180,26,12051
1535,3,0,9,16,44135760,3664,324180,26,12054
1536,1,0,9,16,44145360,3664,324180,26,12055
1537,3,0,11,14,44149260,3664,324180,26,12058
1538,5,0,9,16,44161560,3663,324180,26,12063
1539,4,0,9,16,44172360,3663,324180,26,12067
1540,5,0,11,14,44181660,3663,324180,26,12072
1541,8,0,15,10,44189280,3662,324180,26,12080
1542,7,0,12,13,44226540,3662,324180,26,12087
1543,4,0,11,14,44241540,3662,324180,26,12091
1544,6,0,13,12,44247000,3661,324180,26,12097
1545,7,0,13,12,44279760,3662,324180,26,12104
1546,11,0,17,8,44302680,3661,324180,26,12115
1547,9,0,19,6,44329020,3662,324180,26,12124
1548,12,0,19,6,44399400,3664,324180,26,12136
1549,7,0,16,9,44432820,3663,324180,26,12143
1550,9,0,19,6,44463360,3664,324180,26,12152
1551,9,0,17,8,44502000,3664,324180,26,12161
1552,11,0,18,7,44541900,3664,324180,26,12172
1553,8,0,15,10,44579280,3664,324180,26,12180
1554,13,2,17,8,44607780,3664,324240,26,12193
1555,7,0,19,6,44636520,3664,328560,26,12200
1556,4,0,15,10,44668860,3664,328560,26,12204
1557,6,0,12,13,44715180,3665,328560,26,12210
1558,4,0,10,15,44737740,3665,328560,26,12214
1559,11,0,14,11,44753100,3664,328560,26,12225
1560,1,0,9,16,44769540,3664,328560,26,12226
1561,8,0,14,11,44780640,3664,328560,26,12234
1562,3,0,11,14,44802180,3664,328560,26,12237
1563,10,0,13,12,44826720,3664,328560,26,12247
1564,6,0,10,15,44848980,3663,328560,26,12253
1565,4,0,11,14,44863320,3663,328560,26,12257
1566,3,0,11,14,44871300,3663,328560,26,12260
1567,7,0,14,11,44881380,3662,328560,26,12267
1568,7,0,15,10,44905080,3663,328560,26,12274
1569,9,0,15,10,44933460,3662,328560,26,12283
1570,8,0,16,9,44956620,3662,328560,26,12291
1571,13,0,20,5,44979300,3661,328560,26,12304
1572,9,0,18,7,45023100,3661,328560,26,12313
1573,10,0,19,6,45053040,3661,328560,26,12323
1574,9,0,18,7,45093060,3661,328560,26,12332
1575,10,0,20,5,45118140,3661,328560,26,12342
1576,10,0,15,10,45175440,3661,328560,26,12352
1577,9,0,20,5,45196500,3662,328560,26,12361
1578,5,0,13,12,45248580,3662,328560,26,12366
1579,7,0,15,10,45267240,3662,328560,26,12373
1580,6,0,15,10,45291960,3663,328560,26,12379
1581,7,0,18,7,45309060,3663,328560,26,12386
1582,8,1,19,6,45338100,3663,332040,26,12394
1583,8,0,15,10,45393120,3664,332520,26,12402
1584,7,0,13,12,45442260,3665,332520,26,12409
1585,8,0,12,13,45459660,3664,332520,26,12417
1586,6,0,11,14,45485820,3664,332520,26,12423
1587,4,0,12,13,45503100,3665,332520,26,12427
1588,10,0,15,10,45514140,3663,332520,26,12437
1589,3,0,10,15,45551760,3664,332520,26,12440
1590,8,0,13,12,45566820,3664,332520,26,12448
1591,7,0,12,13,45576300,3662,332520,26,12455
1592,9,0,15,10,45592140,3662,332520,26,12464
1593,7,0,17,8,45609240,3662,332520,26,12471
1594,8,0,14,11,45656940,3662,332520,26,12479
1595,14,0,20,5,45676140,3662,332520,26,12493
1596,5,0,17,8,45718440,3663,332520,26,12498
1597,11,0,18,7,45748560,3662,332520,26,12509
1598,16,0,24,1,45790140,3662,333780,26,12525
1599,4,0,13,12,45861060,3664,333780,26,12529
1600,7,0,14,11,45892980,3664,333780,26,12536
1601,6,0,13,12,45920100,3665,333780,26,12542
1602,7,0,15,10,45937500,3665,333780,26,12549
1603,8,0,13,12,45967800,3664,333780,26,12557
1604,5,0,15,10,45982020,3664,333780,26,12562
1605,4,0,9,16,46016280,3664,333780,26,12566
1606,8,0,15,10,46032780,3665,333780,26,12574
1607,7,0,17,8,46051620,3665,333780,26,12581
1608,7,0,16,9,46087500,3665,333780,26,12588
1609,4,0,12,13,46122120,3666,333780,26,12592
1610,2,0,9,16,46145820,3666,333780,26,12594
1611,11,0,17,8,46150680,3666,333780,26,12605
1612,3,0,12,13,46175040,3665,333780,26,12608
1613,8,0,14,11,46193760,3665,333780,26,12616
1614,3,0,14,11,46209360,3665,333780,26,12619
1615,6,0,11,14,46251180,3666,333780,26,12625
1616,3,0,9,16,46266960,3666,333780,26,12628
1617,12,0,16,9,46281960,3666,333780,26,12640
1618,7,0,16,9,46297680,3665,333780,26,12647
1619,5,0,13,12,46333500,3665,333780,26,12652
1620,13,0,19,6,46360860,3666,333780,26,12665
1621,10,0,16,9,46401240,3665,333780,26,12675
1622,5,0,13,12,46422240,3664,333780,26,12680
1623,9,0,14,11,46458480,3665,333780,26,12689
1624,9,0,13,12,46491420,3665,333780,26,12698
1625,12,0,20,5,46505460,3664,333780,26,12710
1626,5,0,16,9,46541400,3664,333780,26,12715
1627,15,0,22,3,46578960,3665,333780,26,12730
1628,14,9,15,10,46633800,3666,335760,26,12744
1629,10,13,15,10,46674600,3667,350940,27,12754
1630,4,15,14,11,46692540,3668,357240,28,12758
1631,6,11,20,5,46715040,3668,433500,33,12764
1632,4,0,16,9,46787460,3669,514140,40,12768
1633,6,0,12,13,46816800,3668,514140,40,12774
1634,7,0,15,10,46827900,3668,514140,40,12781
1635,3,0,10,15,46861620,3668,514140,40,12784
1636,5,0,11,14,46875180,3668,514140,40,12789
1637,7,0,12,13,46889400,3667,514140,40,12796
1638,5,0,11,14,46908720,3667,514140,40,12801
1639,6,0,11,14,46928340,3667,514140,40,12807
1640,7,0,10,15,46952340,3667,514140,40,12814
1641,10,0,17,8,46955040,3666,514140,40,12824
1642,14,0,21,4,46991040,3666,514140,40,12838
1643,11,0,18,7,47041920,3666,514140,40,12849
1644,10,0,17,8,47076840,3665,514140,39,12859
1645,6,0,16,9,47119200,3667,514140,39,12865
1646,13,0,18,7,47152680,3666,514140,39,12878
1647,8,0,15,10,47193060,3666,514140,39,12886
1648,14,0,19,6,47233140,3666,514140,39,12900
1649,10,0,16,9,47264340,3665,514140,39,12910
1650,9,0,14,11,47299320,3665,514140,39,12919
1651,11,0,17,8,47330820,3665,514140,39,12930
1652,14,0,19,6,47356620,3663,514140,39,12944
1653,5,0,15,10,47388720,3663,514140,39,12949
1654,8,0,14,11,47434320,3664,514140,39,12957
1655,7,0,14,11,47452020,3664,514140,39,12964
1656,6,0,11,14,47476920,3663,514140,39,12970
1657,4,0,11,14,47494440,3663,514140,39,12974
1658,2,0,9,16,47511360,3664,514140,39,12976
1659,4,0,11,14,47524500,3664,514140,39,12980
1660,8,0,13,12,47535360,3663,514140,39,12988
1661,5,0,9,16,47558220,3662,514140,39,12993
1662,6,0,10,15,47567940,3662,514140,39,12999
1663,13,0,14,11,47582760,3660,514140,39,13012
1664,11,0,15,10,47606580,3659,514140,39,13023
1665,9,0,15,10,47640900,3659,514140,39,13032
1666,4,0,12,13,47664840,3659,514140,39,13036
1667,15,0,20,5,47677800,3658,514140,39,13051
1668,15,0,23,2,47721660,3658,514440,39,13066
1669,10,0,21,4,47761740,3658,514440,39,13076
1670,10,0,15,10,47829300,3659,514440,39,13086
1671,7,0,14,11,47863440,3659,514440,39,13093
1672,14,0,20,5,47877720,3658,514440,39,13107
1673,10,0,20,5,47905800,3657,514440,39,13117
1674,5,0,12,13,47964300,3658,514440,39,13122
1675,10,0,15,10,47979300,3657,514440,39,13132
1676,5,0,12,13,48008940,3657,514440,39,13137
1677,2,0,9,16,48023100,3657,514440,39,13139
1678,5,0,11,14,48033300,3657,514440,39,13144
1679,2,0,10,15,48044700,3657,514440,39,13146
1680,3,0,11,14,48053280,3657,514440,39,13149
1681,3,0,11,14,48069420,3657,514440,39,13152
1682,9,0,12,13,48091260,3657,514440,39,13161
1683,5,0,13,12,48107460,3657,514440,39,13166
1684,5,0,11,14,48128640,3657,514440,39,13171
1685,1,0,8,17,48142380,3657,514440,39,13172
1686,4,0,11,14,48143520,3656,514440,39,13176
1687,9,0,15,10,48160560,3656,514440,39,13185
1688,9,0,16,9,48178920,3656,514440,38,13194
1689,13,0,18,7,48219480,3656,514440,38,13207
1690,9,0,15,10,48260040,3655,514440,38,13216
1691,9,0,13,12,48291300,3655,514440,38,13225
1692,14,0,17,8,48316560,3654,514440,38,13239
1693,16,0,21,4,48343740,3652,514440,38,13255
1694,6,0,17,8,48375480,3652,514440,38,13261
1695,11,0,17,8,48415920,3652,514440,38,13272
1696,12,0,20,5,48455940,3653,514440,38,13284
1697,9,0,19,6,48482940,3652,514440,38,13293
1698,9,0,18,7,48529380,3653,514440,38,13302
1699,6,0,16,9,48569700,3654,514440,38,13308
1700,13,0,15,10,48614700,3653,514440,38,13321
1701,9,0,18,7,48633120,3653,514440,38,13330
1702,6,0,14,11,48662220,3652,514440,38,13336
1703,5,0,15,10,48681960,3653,514440,38,13341
1704,4,0,11,14,48719520,3653,514440,38,13345
1705,9,0,14,11,48746340,3654,514440,38,13354
1706,7,0,13,12,48764460,3653,514440,38,13361
1707,7,0,13,12,48780480,3652,514440,38,13368
1708,7,0,14,11,48804660,3652,514440,38,13375
1709,3,0,11,14,48833220,3653,514440,38,13378
1710,10,0,13,12,48856440,3652,514440,38,13388
1711,6,0,13,12,48879720,3652,514440,38,13394
1712,10,0,15,10,48910080,3653,514440,38,13404
1713,9,0,19,6,48924000,3652,514440,38,13413
1714,4,0,10,15,48965520,3652,514440,38,13417
1715,9,0,15,10,48973560,3651,514440,38,13426
1716,18,0,24,1,49005360,3651,514440,38,13444
1717,13,1,25,0,49039200,3651,518400,38,13457
1718,12,0,21,4,49108680,3651,521040,38,13469
1719,8,0,18,7,49159500,3652,521040,38,13477
1720,12,0,21,4,49190040,3652,521040,38,13489
1721,10,0,16,9,49229820,3651,521040,38,13499
1722,16,0,16,9,49284180,3650,521040,38,13515
1723,19,0,24,1,49305360,3649,521400,38,13534
1724,5,0,15,10,49360800,3649,522120,38,13539
1725,8,0,15,10,49389180,3649,522120,38,13547
1726,3,0,11,14,49419180,3650,522120,38,13550
1727,7,0,13,12,49438860,3650,522120,38,13557
1728,5,0,11,14,49460400,3649,522120,38,13562
1729,8,0,14,11,49474320,3649,522120,38,13570
1730,5,0,11,14,49505940,3649,522120,38,13575
1731,3,0,12,13,49519680,3650,522120,38,13578
1732,2,0,10,15,49536240,3650,522120,38,13580
1733,5,0,13,12,49540680,3650,522120,38,13585
1734,7,0,16,9,49547880,3649,522120,38,13592
1735,7,0,15,10,49586880,3650,522120,38,13599
1736,9,0,19,6,49609260,3650,522120,38,13608
1737,6,0,16,9,49653900,3651,522120,38,13614
1738,9,0,19,6,49679340,3651,522120,38,13623
1739,10,0,15,10,49721520,3651,522120,38,13633
1740,15,0,19,6,49750620,3650,522180,38,13648
1741,7,3,16,9,49765680,3649,522960,38,13655
1742,11,10,14,11,49811220,3651,530280,38,13666
1743,7,11,17,8,49837740,3652,544980,39,13673
1744,10,9,25,0,49854420,3652,575100,42,13683
1745,5,0,13,12,49946340,3652,633780,46,13688
1746,15,0,19,6,49984080,3652,633780,46,13703
1747,7,0,15,10,50023500,3652,633780,46,13710
1748,6,0,14,11,50036040,3651,633780,46,13716
1749,2,0,9,16,50071500,3652,633780,46,13718
1750,5,0,9,16,50085900,3652,633780,46,13723
1751,5,0,12,13,50089860,3651,633780,46,13728
1752,7,0,12,13,50104200,3651,633780,46,13735
1753,3,0,12,13,50114700,3651,633780,46,13738
1754,1,0,8,17,50141100,3651,633780,46,13739
1755,4,0,10,15,50143020,3651,633780,46,13743
1756,8,0,16,9,50151480,3651,633780,46,13751
1757,6,0,12,13,50178360,3650,633780,46,13757
1758,7,0,11,14,50203500,3650,633780,46,13764
1759,4,0,13,12,50205600,3649,633780,46,13768
1760,9,0,16,9,50224380,3649,633780,46,13777
1761,18,6,18,7,50251560,3649,633840,45,13795
1762,10,10,18,7,50284200,3649,646500,46,13805
1763,12,8,25,0,50320020,3650,665760,48,13817
1764,9,4,25,0,50371020,3650,708120,51,13826
1765,11,0,19,6,50433360,3649,744480,53,13837
1766,10,0,20,5,50478480,3650,744480,53,13847
1767,11,0,18,7,50531460,3651,744480,53,13858
1768,9,0,15,10,50561220,3650,744480,53,13867
1769,8,0,13,12,50601540,3650,744480,53,13875
1770,6,0,15,10,50613420,3650,744480,53,13881
1771,18,9,19,6,50635800,3650,746880,53,13899
1772,10,3,25,0,50684760,3651,771900,55,13909
1773,4,0,13,12,50740620,3650,784860,56,13913
1774,7,0,14,11,50775420,3651,784860,56,13920
1775,4,0,12,13,50798280,3651,784860,56,13924
1776,3,0,13,12,50806800,3651,784860,56,13927
1777,2,0,11,14,50833560,3652,784860,56,13929
1778,4,0,12,13,50848680,3652,784860,56,13933
1779,5,0,14,11,50866140,3653,784860,56,13938
1780,2,0,10,15,50894880,3653,784860,56,13940
1781,6,0,9,16,50911140,3652,784860,56,13946
1782,2,0,11,14,50911140,3652,784860,56,13948
1783,11,0,18,7,50919900,3652,784860,56,13959
1784,11,0,20,5,50949780,3652,784860,56,13970
1785,15,0,25,0,50992320,3652,785700,56,13985
1786,6,0,21,4,51030840,3652,785700,56,13991
1787,13,0,20,5,51094800,3653,785700,56,14004
1788,11,0,20,5,51132420,3653,785700,56,14015
1789,17,0,21,4,51175260,3652,785700,55,14032
1790,10,0,17,8,51227280,3652,785700,55,14042
1791,7,0,14,11,51264120,3652,785700,55,14049
1792,11,0,17,8,51295260,3652,785700,55,14060
1793,11,2,15,10,51328320,3652,786660,55,14071
1794,9,9,14,11,51345420,3652,790440,56,14080
1795,9,14,14,11,51374400,3653,805860,57,14089
1796,4,11,17,8,51405780,3654,836940,59,14093
1797,5,4,22,3,51432000,3654,895200,63,14098
1798,5,0,12,13,51496980,3654,929280,65,14103
1799,6,0,14,11,51510420,3654,929280,65,14109
1800,6,0,11,14,51539340,3654,929280,65,14115
1801,7,0,14,11,51551940,3654,929280,65,14122
1802,6,0,17,8,51563280,3654,929280,65,14128
1803,7,0,14,11,51608520,3654,929280,65,14135
1804,6,0,17,8,51618780,3654,929280,65,14141
1805,6,0,15,10,51660480,3655,929280,65,14147
1806,6,0,12,13,51685980,3655,929280,65,14153
1807,10,0,15,10,51717780,3655,929280,65,14163
1808,8,0,14,11,51737520,3654,929280,65,14171
1809,10,0,14,11,51758460,3653,929280,65,14181
1810,12,0,16,9,51780420,3652,929280,65,14193
1811,8,0,12,13,51811440,3651,929280,65,14201
1812,1,0,9,16,51825180,3651,929280,65,14202
1813,7,0,10,15,51852180,3651,929280,65,14209
1814,12,0,18,7,51861660,3651,929280,65,14221
1815,11,0,14,11,51900480,3650,929280,65,14232
1816,6,0,13,12,51919560,3649,929280,65,14238
1817,9,0,16,9,51951660,3650,929280,65,14247
1818,7,0,15,10,51974340,3650,929280,65,14254
1819,7,0,12,13,52007700,3649,929280,65,14261
1820,5,0,15,10,52021860,3650,929280,65,14266
1821,7,0,13,12,52046280,3649,929280,65,14273
1822,5,0,13,12,52069440,3650,929280,65,14278
1823,5,0,10,15,52100760,3650,929280,65,14283
1824,5,0,13,12,52106340,3650,929280,65,14288
1825,3,0,8,17,52130640,3649,929280,65,14291
1826,5,0,9,16,52134840,3649,929280,65,14296
1827,5,0,13,12,52135680,3648,929280,64,14301
1828,7,0,17,8,52149900,3649,929280,64,14308
1829,6,0,17,8,52183500,3649,929280,64,14314
1830,6,0,10,15,52224900,3649,929280,64,14320
1831,8,0,13,12,52247760,3649,929280,64,14328
1832,6,0,11,14,52270260,3649,929280,64,14334
1833,11,0,13,12,52285500,3648,929280,64,14345
1834,13,0,20,5,52305540,3648,929280,64,14358
1835,15,0,25,0,52340580,3647,929580,64,14373
1836,10,0,19,6,52382880,3646,929880,64,14383
1837,6,0,15,10,52448640,3648,929880,64,14389
1838,14,0,21,4,52478760,3648,929880,64,14403
1839,12,2,22,3,52504560,3648,930240,64,14415
1840,12,3,21,4,52556580,3649,938340,65,14427
1841,11,1,20,5,52598640,3648,947040,65,14438
1842,11,0,19,6,52648140,3648,952740,65,14449
1843,8,0,17,8,52693620,3649,952740,65,14457
1844,8,0,14,11,52738440,3649,952740,65,14465
1845,7,0,13,12,52764300,3649,952740,65,14472
1846,8,0,16,9,52779240,3649,952740,65,14480
1847,6,0,14,11,52805280,3648,952740,65,14486
1848,3,0,11,14,52836840,3649,952740,65,14489
1849,6,0,13,12,52850700,3649,952740,65,14495
1850,10,0,17,8,52866420,3648,952740,65,14505
1851,6,0,15,10,52885260,3648,952740,65,14511
1852,6,0,12,13,52912620,3647,952740,65,14517
1853,3,0,11,14,52929180,3648,952740,65,14520
1854,7,0,12,13,52957860,3648,952740,65,14527
1855,10,0,16,9,52975200,3648,952740,65,14537
1856,14,0,16,9,53001600,3646,952740,65,14551
1857,4,0,12,13,53033040,3646,952740,65,14555
1858,11,0,15,10,53055060,3646,952740,65,14566
1859,10,0,16,9,53079600,3645,952740,65,14576
1860,8,0,16,9,53111340,3645,952740,65,14584
1861,13,0,19,6,53133060,3644,952740,65,14597
1862,14,0,18,7,53182560,3644,952740,65,14611
1863,10,0,23,2,53206140,3644,953580,65,14621
1864,10,0,20,5,53274240,3646,953580,65,14631
1865,7,0,16,9,53322840,3646,953580,65,14638
1866,13,0,21,4,53359020,3647,953580,65,14651
1867,11,0,22,3,53400900,3647,954120,65,14662
1868,10,0,22,3,53453580,3648,956280,65,14672
1869,6,0,17,8,53498640,3649,956280,65,14678
1870,4,0,13,12,53544060,3650,956280,65,14682
1871,6,0,12,13,53570640,3650,956280,65,14688
1872,5,0,10,15,53589480,3649,956280,65,14693
1873,7,0,11,14,53603340,3649,956280,65,14700
1874,4,0,10,15,53613600,3648,956280,65,14704
1875,6,0,12,13,53629800,3648,956280,65,14710
1876,7,0,15,10,53637480,3648,956280,64,14717
1877,4,0,13,12,53662140,3648,956280,64,14721
1878,9,0,15,10,53691300,3648,956280,64,14730
1879,13,0,19,6,53716680,3648,956280,64,14743
1880,4,0,15,10,53763240,3649,956280,64,14747
1881,8,0,12,13,53803440,3649,956280,64,14755
1882,7,0,16,9,53812620,3649,956280,64,14762
1883,14,0,19,6,53838900,3648,956280,64,14776
1884,12,0,17,8,53891400,3648,956280,64,14788
1885,14,0,22,3,53922120,3648,956280,64,14802
1886,8,0,16,9,53971560,3648,956280,64,14810
1887,8,0,19,6,53997000,3648,956280,64,14818
1888,14,0,19,6,54054420,3649,956280,64,14832
1889,8,0,15,10,54095040,3648,956280,64,14840
1890,9,0,16,9,54118800,3648,956280,64,14849
1891,5,0,13,12,54149700,3648,956280,64,14854
1892,13,0,19,6,54179880,3648,956280,64,14867
1893,9,0,18,7,54203700,3648,956280,64,14876
1894,5,0,18,7,54228960,3648,956280,64,14881
1895,6,0,14,11,54282240,3649,956280,64,14887
1896,2,0,10,15,54314760,3650,956280,64,14889
1897,7,0,12,13,54330420,3650,956280,64,14896
1898,5,0,13,12,54353580,3650,956280,64,14901
1899,8,0,14,11,54372480,3650,956280,64,14909
1900,6,0,12,13,54388920,3649,956280,64,14915
1901,11,0,14,11,54416820,3649,956280,64,14926
1902,3,0,14,11,54432120,3649,956280,64,14929
1903,9,0,14,11,54461760,3649,956280,64,14938
1904,9,0,16,9,54486360,3649,956280,63,14947
1905,11,0,18,7,54519240,3649,956280,63,14958
1906,9,0,20,5,54546780,3649,956280,63,14967
1907,14,0,18,7,54593820,3648,956280,63,14981
1908,12,1,19,6,54623040,3648,956280,63,14993
1909,8,0,21,4,54655740,3648,957840,63,15001
1910,9,0,16,9,54706080,3648,957840,63,15010
1911,9,0,17,8,54739080,3648,957840,63,15019
1912,6,0,14,11,54788520,3649,957840,63,15025
1913,7,0,15,10,54811500,3649,957840,63,15032
1914,4,0,9,16,54860760,3650,957840,63,15036
1915,8,0,14,11,54870960,3650,957840,63,15044
1916,8,0,15,10,54882540,3649,957840,63,15052
1917,8,0,16,9,54913200,3650,957840,63,15060
1918,3,0,10,15,54940740,3649,957840,63,15063
1919,6,0,13,12,54955980,3650,957840,63,15069
1920,8,0,16,9,54972180,3649,957840,63,15077
1921,10,0,15,10,55005240,3649,957840,63,15087
1922,4,0,15,10,55017420,3649,957840,63,15091
1923,7,0,10,15,55077300,3650,957840,63,15098
1924,7,0,13,12,55088940,3650,957840,63,15105
1925,4,0,11,14,55107960,3650,957840,63,15109
1926,4,0,11,14,55125720,3650,957840,63,15113
1927,8,0,13,12,55134720,3649,957840,63,15121
1928,13,0,21,4,55149240,3649,957840,63,15134
1929,8,0,16,9,55200120,3649,957840,63,15142
1930,8,0,16,9,55234980,3649,957840,63,15150
1931,10,0,17,8,55264980,3649,957840,63,15160
1932,10,0,18,7,55297380,3649,957840,63,15170
1933,22,1,25,0,55351920,3649,958800,63,15192
1934,8,0,22,3,55395240,3649,960360,63,15200
1935,16,0,25,0,55450920,3650,960360,63,15216
1936,17,0,24,1,55507320,3649,960780,63,15233
1937,14,0,21,4,55550760,3648,960900,63,15247
1938,11,0,16,9,55615920,3648,960900,62,15258
1939,7,0,16,9,55642860,3648,960900,62,15265
1940,5,0,13,12,55681320,3649,960900,62,15270
1941,7,0,11,14,55707240,3649,960900,62,15277
1942,5,0,13,12,55717920,3649,960900,62,15282
1943,9,0,14,11,55741800,3648,960900,62,15291
1944,4,0,14,11,55754760,3648,960900,62,15295
1945,2,0,9,16,55786260,3649,960900,62,15297
1946,1,0,8,17,55801920,3649,960900,62,15298
1947,8,0,12,13,55807440,3648,960900,62,15306
1948,4,0,13,12,55811460,3648,960900,62,15310
1949,7,0,14,11,55840980,3649,960900,62,15317
1950,8,0,15,10,55861080,3648,960900,62,15325
1951,7,0,15,10,55887180,3648,960900,62,15332
1952,9,0,19,6,55909920,3648,960900,62,15341
1953,10,0,16,9,55956240,3648,960900,62,15351
1954,14,0,21,4,55985400,3648,960900,62,15365
1955,10,0,21,4,56024700,3648,960900,62,15375
1956,14,0,24,1,56068140,3649,960900,62,15389
1957,8,0,17,8,56130300,3649,960900,62,15397
1958,14,0,21,4,56163000,3649,960900,62,15411
1959,13,0,16,9,56239800,3650,960900,62,15424
1960,7,0,13,12,56266680,3649,960900,62,15431
1961,11,0,17,8,56295240,3649,960900,62,15442
1962,7,0,16,9,56320020,3649,960900,62,15449
1963,10,0,16,9,56361300,3649,960900,62,15459
1964,10,0,14,11,56391660,3648,960900,62,15469
1965,9,0,12,13,56422620,3648,960900,62,15478
1966,8,0,13,12,56440260,3647,960900,62,15486
1967,7,0,13,12,56463840,3647,960900,62,15493
1968,6,0,12,13,56484120,3647,960900,61,15499
1969,3,0,10,15,56495940,3646,960900,61,15502
1970,8,0,14,11,56514960,3647,960900,61,15510
1971,8,0,19,6,56522520,3646,960900,61,15518
1972,6,0,15,10,56575680,3647,960900,61,15524
1973,5,0,13,12,56611440,3648,960900,61,15529
1974,7,0,14,11,56630760,3648,960900,61,15536
1975,10,0,19,6,56646600,3648,960900,61,15546
1976,11,0,21,4,56678100,3648,960900,61,15557
1977,14,0,21,4,56732820,3648,960900,61,15571
1978,10,0,15,10,56787540,3648,960900,61,15581
1979,5,0,10,15,56823600,3648,960900,61,15586
1980,10,0,18,7,56838960,3648,960900,61,15596
1981,6,0,16,9,56858460,3648,960900,61,15602
1982,10,0,18,7,56899620,3648,960900,61,15612
1983,13,0,21,4,56931900,3648,960900,61,15625
1984,18,0,24,1,56985000,3648,960900,61,15643
1985,4,0,16,9,57033780,3648,960900,61,15647
1986,6,0,11,14,57084360,3649,960900,61,15653
1987,9,0,13,12,57097380,3648,960900,61,15662
1988,6,0,14,11,57112500,3648,960900,61,15668
1989,4,0,10,15,57140040,3648,960900,61,15672
1990,3,0,11,14,57146880,3648,960900,61,15675
1991,6,0,12,13,57158340,3647,960900,61,15681
1992,2,0,9,16,57178980,3648,960900,61,15683
1993,2,0,9,16,57183240,3647,960900,61,15685
1994,10,0,15,10,57195420,3647,960900,61,15695
1995,9,0,18,7,57212040,3647,960900,61,15704
1996,1,0,10,15,57254700,3647,960900,61,15705
1997,6,0,14,11,57270600,3648,960900,61,15711
1998,4,0,11,14,57299400,3648,960900,61,15715
1999,4,0,10,15,57312900,3648,960900,61,15719
2000,7,0,14,11,57327060,3648,960900,61,15726
2001,7,0,13,12,57351240,3648,960900,61,15733
2002,6,0,14,11,57365700,3648,960900,61,15739
2003,11,0,18,7,57392400,3648,960900,61,15750
2004,12,0,17,8,57437520,3647,960900,60,15762
2005,14,0,20,5,57462120,3646,960900,60,15776
2006,7,0,18,7,57500460,3647,960900,60,15783
2007,12,0,17,8,57531660,3646,960900,60,15795
2008,9,0,16,9,57576420,3646,960900,60,15804
2009,4,0,14,11,57590460,3646,960900,60,15808
2010,9,0,15,10,57619260,3646,960900,60,15817
2011,9,0,20,5,57640080,3646,960900,60,15826
2012,7,0,15,10,57693960,3647,960900,60,15833
2013,8,0,13,12,57727680,3647,960900,60,15841
2014,11,0,18,7,57744720,3646,960900,60,15852
2015,10,0,17,8,57784800,3646,960900,60,15862
2016,10,0,20,5,57814320,3647,960900,60,15872
2017,4,0,22,3,57818040,3646,960900,60,15876
2018,3,0,20,5,57830280,3646,960900,60,15879
2019,4,0,23,2,57832980,3646,960900,60,15883
2020,5,0,25,0,57845280,3646,960900,60,15888
2021,8,5,25,0,57856020,3646,964320,60,15896
2022,6,6,25,0,57880020,3646,967860,60,15902
2023,8,10,25,0,57906720,3647,986460,62,15910
2024,9,14,25,0,57927060,3647,991740,62,15919
2025,6,16,25,0,57944820,3647,1017600,63,15925
2026,7,19,25,0,57958740,3647,1037160,65,15932
2027,13,26,23,2,57997260,3648,1041120,65,15945
2028,10,36,23,2,57997260,3648,1041120,65,15955
2029,9,40,23,2,58012620,3649,1054140,66,15964
2030,10,40,22,3,58033320,3649,1058640,66,15974
2031,6,40,21,4,58039140,3650,1058640,66,15980
2032,9,40,22,3,58049160,3650,1084440,67,15989
2033,11,39,21,4,58059780,3650,1095480,68,16000
2034,6,40,23,2,58071960,3651,1144680,71,16006
2035,13,40,23,2,58082340,3651,1152480,72,16019
2036,5,40,24,1,58091100,3651,1162140,72,16024
2037,4,38,25,0,58119240,3652,1276920,79,16028
2038,2,38,25,0,58126680,3652,1318200,82,16030
2039,6,39,25,0,58152420,3653,1360800,85,16036
2040,5,37,25,0,58183740,3653,1422720,88,16041
2041,5,36,25,0,58200600,3653,1477440,92,16046
2042,5,35,25,0,58220340,3653,1566540,97,16051
2043,3,35,25,0,58239780,3653,1693140,105,16054
2044,2,30,25,0,58271880,3654,2017200,126,16056
2045,6,29,25,0,58289820,3653,2188080,136,16062
2046,8,30,25,0,58308840,3653,2264820,141,16070
2047,5,29,25,0,58327980,3653,2278920,142,16075
2048,8,29,25,0,58348080,3652,2385000,148,16083
2049,5,17,25,0,58381260,3650,3117480,194,16088
2050,4,3,25,0,58401540,3648,4000020,249,16092
2051,6,3,25,0,58414260,3647,4095480,255,16098
2052,13,14,25,0,58425960,3647,4099800,255,16111
2053,17,29,23,2,58449960,3648,4111800,255,16128
2054,10,36,24,1,58469700,3649,4125480,256,16138
2055,10,40,24,1,58475700,3649,4134060,256,16148
2056,8,40,23,2,58494600,3649,4144560,257,16156
2057,9,40,23,2,58511340,3650,4168620,259,16165
2058,6,40,24,1,58524600,3650,4208040,261,16171
2059,1,36,25,0,58551240,3651,4289880,266,16172
2060,8,40,25,0,58563660,3651,4319580,268,16180
2061,3,38,24,1,58590120,3652,4368840,271,16183
2062,5,38,25,0,58611300,3652,4409880,273,16188
2063,3,39,25,0,58626480,3653,4484160,278,16191
2064,4,37,25,0,58654980,3653,4599000,285,16195
2065,4,36,25,0,58684200,3654,4647720,288,16199
2066,7,40,24,1,58689600,3654,4649220,288,16206
2067,4,38,23,2,58721280,3655,4657500,288,16210
2068,6,39,25,0,58726800,3655,4719120,292,16216
2069,6,39,24,1,58750740,3655,4721700,292,16222
2070,9,40,22,3,58767600,3656,4721700,292,16231
2071,11,40,25,0,58790520,3656,4810740,298,16242
2072,14,40,24,1,58803000,3656,4851060,300,16256
2073,9,39,24,1,58818420,3656,4955160,306,16265
2074,9,39,22,3,58833540,3656,4958400,307,16274
2075,8,40,25,0,58857180,3657,4986540,308,16282
2076,5,39,25,0,58879620,3658,5240220,324,16287
2077,12,40,25,0,58901340,3658,5245500,324,16299
2078,12,40,25,0,58913040,3658,5252220,324,16311
2079,14,39,25,0,58942800,3658,5409180,334,16325
2080,12,39,25,0,58963080,3658,5418660,334,16337
2081,7,38,25,0,58988400,3658,5522700,341,16344
2082,9,37,25,0,59007960,3658,5659740,349,16353
2083,7,38,25,0,59025060,3657,5731200,353,16360
2084,6,39,25,0,59051940,3658,5736060,353,16366
2085,5,38,25,0,59072100,3658,5792100,357,16371
2086,3,25,25,0,59099160,3656,6941700,428,16374
2087,5,21,25,0,59119320,3655,7358040,453,16379
2088,6,14,25,0,59139840,3653,8057880,496,16385
2089,8,17,25,0,59151780,3653,8280780,510,16393
2090,8,21,25,0,59178780,3654,8287380,510,16401
2091,5,23,25,0,59196540,3654,8294460,510,16406
2092,3,20,25,0,59227860,3655,8315940,511,16409
2093,7,24,25,0,59235780,3655,8318520,511,16416
2094,6,26,25,0,59262000,3655,8322060,511,16422
2095,10,33,24,1,59287740,3656,8327520,511,16432
2096,3,35,23,2,59304900,3657,8331420,512,16435
2097,10,40,25,0,59311320,3657,8346660,512,16445
2098,2,37,24,1,59352180,3658,8377800,514,16447
2099,6,39,25,0,59355780,3658,8380200,514,16453
2100,10,40,25,0,59378220,3658,8408820,516,16463
2101,6,39,25,0,59396580,3659,8455080,518,16469
2102,10,40,25,0,59427000,3659,8510880,522,16479
2103,9,38,25,0,59458800,3659,8675820,531,16488
2104,13,39,25,0,59471460,3659,8711160,533,16501
2105,9,40,25,0,59489400,3659,8725800,534,16510
2106,9,39,25,0,59520300,3660,8777760,537,16519
2107,9,39,25,0,59537940,3660,8782800,537,16528
2108,6,38,25,0,59557620,3660,8791680,538,16534
2109,8,38,25,0,59573520,3659,8863980,542,16542
2110,8,36,25,0,59599140,3659,9098400,556,16550
2111,2,35,25,0,59618340,3659,9105240,556,16552
2112,4,33,25,0,59650680,3660,9166500,560,16556
2113,5,31,25,0,59673660,3660,9293220,568,16561
2114,3,28,25,0,59682480,3659,9904020,605,16564
2115,3,16,25,0,59721480,3658,11005320,672,16567
2116,9,8,25,0,59736600,3655,11931420,728,16576
2117,5,11,25,0,59747760,3655,11934660,728,16581
2118,10,17,24,1,59773020,3656,11939100,728,16591
2119,3,17,25,0,59788620,3656,11949960,729,16594
2120,5,17,25,0,59817060,3657,11956920,729,16599
2121,9,24,24,1,59834820,3657,11962980,729,16608
2122,12,36,23,2,59843160,3658,11962980,729,16620
2123,8,39,24,1,59863560,3658,11976000,729,16628
2124,8,39,23,2,59878800,3659,11985840,729,16636
2125,7,40,25,0,59895540,3659,12022620,731,16643
2126,12,40,25,0,59906700,3660,12055080,733,16655
2127,9,40,25,0,59946360,3661,12093720,735,16664
2128,8,39,25,0,59955900,3661,12111180,736,16672
2129,9,40,25,0,59985120,3662,12190260,741,16681
2130,9,40,24,1,60003180,3662,12196560,741,16690
2131,6,38,25,0,60023520,3662,12245100,744,16696
2132,5,37,25,0,60048360,3662,12373380,751,16701
2133,7,38,25,0,60067680,3662,12402300,753,16708
2134,10,37,25,0,60094980,3662,12517620,760,16718
2135,4,36,25,0,60112440,3662,12614700,765,16722
2136,1,32,25,0,60130080,3662,12847560,779,16723
2137,2,18,25,0,60166140,3661,13901280,843,16725
2138,4,9,25,0,60180000,3659,14161140,859,16729
2139,4,5,25,0,60195240,3658,14401020,873,16733
2140,10,2,25,0,60226680,3657,14671500,889,16743
2141,4,5,25,0,60229380,3657,14673600,889,16747
2142,6,3,25,0,60268860,3657,14687100,889,16753
2143,9,7,25,0,60284640,3657,14690400,889,16762
2144,12,16,25,0,60301200,3658,14692800,889,16774
2145,8,22,25,0,60314700,3658,14702520,889,16782
2146,9,27,24,1,60343440,3659,14707020,889,16791
2147,15,40,23,2,60357660,3659,14707320,888,16806
2148,10,39,25,0,60373200,3660,14726580,889,16816
2149,5,39,25,0,60396600,3660,14741880,890,16821
2150,10,40,25,0,60421860,3661,14775480,891,16831
2151,15,39,25,0,60452400,3661,14841300,895,16846
2152,10,40,25,0,60461040,3661,14847120,895,16856
2153,11,40,25,0,60479700,3661,14901780,898,16867
2154,11,40,25,0,60511500,3661,15013380,905,16878
2155,8,40,25,0,60529140,3661,15024420,905,16886
2156,8,39,25,0,60552000,3661,15036000,905,16894
2157,13,40,25,0,60570720,3661,15042060,905,16907
2158,4,39,25,0,60585960,3661,15099660,909,16911
2159,6,38,25,0,60615480,3662,15150360,911,16917
2160,3,35,25,0,60640140,3662,15376020,925,16920
2161,2,27,25,0,60670020,3662,15836160,952,16922
2162,6,13,25,0,60690360,3658,16479660,991,16928
2163,4,6,25,0,60706020,3657,16758900,1007,16932
2164,4,0,24,1,60727980,3656,17087340,1027,16936
2165,5,2,25,0,60734400,3656,17089260,1027,16941
2166,10,9,24,1,60762420,3657,17090760,1026,16951
2167,5,12,24,1,60778860,3657,17095020,1026,16956
2168,6,15,24,1,60795780,3657,17102700,1026,16962
2169,8,19,25,0,60816780,3658,17130000,1027,16970
2170,13,27,25,0,60847620,3659,17136480,1027,16983
2171,3,25,25,0,60867660,3659,17172420,1029,16986
2172,7,29,25,0,60880920,3659,17196540,1030,16993
2173,12,37,25,0,60904140,3660,17209080,1030,17005
2174,9,40,25,0,60917700,3660,17210160,1030,17014
2175,8,39,25,0,60946500,3660,17228580,1030,17022
2176,5,37,25,0,60976380,3661,17279700,1033,17027
2177,8,38,25,0,60994020,3661,17323260,1035,17035
2178,2,35,25,0,61012560,3661,17350140,1037,17037
2179,8,39,25,0,61038300,3662,17417340,1041,17045
2180,7,39,25,0,61061640,3661,17513880,1046,17052
2181,10,40,25,0,61078380,3661,17564400,1049,17062
2182,7,37,25,0,61103700,3661,17697720,1056,17069
2183,3,32,25,0,61127580,3661,17966700,1072,17072
2184,5,28,25,0,61142040,3660,18196500,1085,17077
2185,6,27,25,0,61167720,3660,18244920,1088,17083
2186,4,27,25,0,61180080,3660,18298680,1091,17087
2187,4,26,25,0,61210440,3660,18320220,1092,17091
2188,5,14,25,0,61240260,3658,18866160,1124,17096
2189,6,3,25,0,61258980,3656,19534320,1164,17102
2190,6,0,25,0,61272960,3655,19535400,1163,17108
2191,7,0,24,1,61300200,3655,19537980,1163,17115
2192,6,1,25,0,61309920,3654,19537980,1162,17121
2193,13,8,25,0,61331400,3654,19540440,1162,17134
2194,9,14,25,0,61344540,3654,19551060,1162,17143
2195,11,20,25,0,61372920,3655,19556760,1161,17154
2196,12,27,25,0,61396020,3655,19564620,1161,17166
2197,17,40,23,2,61415700,3656,19567020,1161,17183
2198,9,40,22,3,61423080,3656,19567020,1161,17192
2199,13,40,23,2,61432080,3656,19582800,1161,17205
2200,7,40,25,0,61453020,3657,19608720,1162,17212
2201,6,39,25,0,61472640,3657,19645020,1164,17218
2202,9,40,25,0,61504380,3658,19692180,1166,17227
2203,5,40,25,0,61517580,3658,19727220,1168,17232
2204,8,39,25,0,61540080,3658,19748220,1169,17240
2205,4,35,25,0,61563600,3658,19881300,1177,17244
2206,8,36,25,0,61591200,3658,20000520,1183,17252
2207,8,39,25,0,61610220,3658,20091960,1188,17260
2208,6,40,25,0,61622760,3658,20145420,1191,17266
2209,9,38,25,0,61652520,3659,20294700,1200,17275
2210,3,32,25,0,61679820,3659,20579880,1216,17278
2211,2,9,25,0,61704240,3655,21442740,1267,17280
2212,6,0,24,1,61719060,3652,21751080,1285,17286
2213,12,5,25,0,61735620,3652,21753480,1284,17298
2214,7,10,25,0,61748400,3652,21755340,1284,17305
2215,4,9,25,0,61776480,3653,21764820,1284,17309
2216,10,14,25,0,61800900,3653,21773040,1284,17319
2217,11,20,25,0,61827840,3653,21786000,1284,17330
2218,13,30,25,0,61841760,3654,21799260,1284,17343
2219,19,40,25,0,61867500,3654,21807060,1283,17362
2220,10,40,25,0,61879440,3654,21815820,1283,17372
2221,13,40,25,0,61910040,3655,21833400,1284,17385
2222,8,39,25,0,61929480,3655,21858840,1285,17393
2223,6,37,25,0,61956900,3655,21904200,1287,17399
2224,11,38,25,0,61976880,3655,21977580,1291,17410
2225,5,35,25,0,62000940,3655,22106220,1298,17415
2226,7,35,25,0,62021700,3655,22247160,1306,17422
2227,7,39,25,0,62030700,3654,22329360,1311,17429
2228,4,37,25,0,62054520,3655,22378800,1313,17433
2229,4,31,25,0,62091240,3655,22629840,1327,17437
2230,6,29,25,0,62104860,3654,22722180,1332,17443
2231,9,34,25,0,62123280,3654,22726200,1332,17452
2232,9,39,25,0,62142300,3654,22733220,1332,17461
2233,4,35,25,0,62170500,3655,22765680,1333,17465
2234,4,31,25,0,62196540,3654,22841100,1338,17469
2235,6,30,25,0,62213400,3654,22897800,1340,17475
2236,2,17,25,0,62241600,3652,23489460,1375,17477
2237,8,14,25,0,62258040,3651,23703660,1387,17485
2238,10,20,24,1,62274840,3651,23706900,1386,17495
2239,9,27,24,1,62288340,3651,23711520,1386,17504
2240,10,34,25,0,62304540,3652,23725980,1386,17514
2241,7,38,25,0,62324340,3652,23751780,1387,17521
2242,14,40,25,0,62357580,3653,23779560,1388,17535
2243,11,40,25,0,62369700,3653,23786100,1388,17546
2244,7,38,25,0,62391840,3654,23798220,1388,17553
2245,11,39,25,0,62421180,3655,23834940,1390,17564
2246,12,38,25,0,62445300,3654,23911800,1394,17576
2247,4,38,25,0,62460480,3655,23943060,1395,17580
2248,11,39,25,0,62482740,3655,23977380,1397,17591
2249,6,39,25,0,62503920,3655,24049200,1401,17597
2250,5,40,25,0,62522520,3656,24055680,1401,17602
2251,8,39,25,0,62544900,3656,24173640,1407,17610
2252,10,39,25,0,62572920,3656,24178560,1407,17620
2253,6,37,25,0,62591280,3656,24191640,1408,17626
2254,11,39,25,0,62601300,3656,24194340,1407,17637
2255,8,37,25,0,62640600,3656,24273420,1411,17645
2256,4,33,25,0,62645520,3655,24485580,1423,17649
2257,9,37,25,0,62671860,3655,24488580,1423,17658
2258,4,37,25,0,62698140,3656,24495840,1423,17662
2259,8,39,25,0,62720100,3656,24508560,1423,17670
2260,5,39,25,0,62744880,3657,24565500,1426,17675
2261,6,39,25,0,62752020,3657,24568200,1426,17681
2262,1,32,25,0,62787300,3657,24940860,1448,17682
2263,14,30,25,0,62817240,3655,25674000,1489,17696
2264,7,34,25,0,62828760,3656,25679040,1489,17703
2265,6,35,25,0,62856720,3656,25684680,1488,17709
2266,7,39,25,0,62865900,3656,25686840,1488,17716
2267,8,39,25,0,62884800,3656,25701900,1489,17724
2268,15,39,25,0,62915760,3657,25713240,1489,17739
2269,6,39,25,0,62935320,3657,25801140,1493,17745
2270,16,39,25,0,62953980,3657,25805940,1493,17761
2271,6,37,25,0,62979360,3657,25875540,1497,17767
2272,3,29,25,0,63004200,3656,26171220,1514,17770
2273,11,31,25,0,63020280,3655,26563080,1536,17781
2274,8,33,25,0,63044700,3655,26571960,1535,17789
2275,7,38,23,2,63066120,3656,26573640,1535,17796
2276,11,40,22,3,63074160,3656,26573640,1535,17807
2277,5,40,25,0,63087360,3656,26604840,1536,17812
2278,4,40,25,0,63093060,3656,26607780,1536,17816
2279,5,38,25,0,63136740,3658,26659740,1539,17821
2280,4,35,25,0,63158700,3657,26711880,1541,17825
2281,4,31,25,0,63179400,3657,27132480,1565,17829
2282,7,27,25,0,63198000,3656,27447840,1583,17836
2283,7,29,25,0,63220320,3656,27484620,1584,17843
2284,5,30,25,0,63236700,3656,27559740,1588,17848
2285,6,30,25,0,63267780,3657,27566760,1588,17854
2286,6,35,24,1,63274260,3657,27567000,1588,17860
2287,10,40,25,0,63295020,3657,27584880,1588,17870
2288,10,39,25,0,63318360,3658,27591180,1588,17880
2289,9,40,25,0,63339300,3658,27610440,1588,17889
2290,8,38,25,0,63372420,3659,27664740,1591,17897
2291,8,39,25,0,63390960,3658,27703320,1593,17905
2292,7,38,25,0,63408480,3659,27713760,1593,17912
2293,7,37,25,0,63437040,3659,27732480,1594,17919
2294,12,40,25,0,63454080,3659,27802560,1597,17931
2295,8,40,25,0,63471480,3658,27835020,1598,17939
2296,6,34,25,0,63501240,3658,28057920,1611,17945
2297,9,37,25,0,63516600,3658,28143540,1615,17954
2298,12,40,25,0,63529860,3658,28149360,1615,17966
2299,12,38,25,0,63557040,3659,28175820,1616,17978
2300,7,39,25,0,63582360,3659,28193880,1616,17985
2301,8,38,25,0,63598440,3659,28202940,1616,17993
2302,6,36,25,0,63623100,3659,28283520,1621,17999
2303,5,29,25,0,63645480,3657,28786620,1649,18004
2304,7,34,25,0,63651660,3657,28787940,1648,18011
2305,2,26,25,0,63692940,3657,29639400,1697,18013
2306,4,13,25,0,63712020,3655,31421520,1798,18017
2307,5,5,25,0,63733080,3654,32364600,1852,18022
2308,9,7,25,0,63751500,3653,32380680,1852,18031
2309,4,9,25,0,63758640,3653,32382240,1852,18035
2310,9,14,25,0,63790800,3654,32392200,1851,18044
2311,5,17,24,1,63811380,3655,32394720,1851,18049
2312,6,19,25,0,63833520,3655,32419860,1852,18055
2313,8,23,25,0,63851700,3655,32424000,1851,18063
2314,11,29,25,0,63873420,3656,32453580,1851,18074
2315,8,33,24,1,63892680,3656,32454720,1851,18082
2316,9,37,25,0,63917880,3656,32494800,1852,18091
2317,15,39,25,0,63939000,3657,32507280,1852,18106
2318,16,40,25,0,63957240,3657,32517480,1852,18122
2319,5,39,25,0,63979140,3657,32538780,1853,18127
2320,11,39,25,0,64006620,3657,32567100,1854,18138
2321,9,40,25,0,64017180,3657,32572380,1854,18147
2322,11,40,25,0,64042980,3657,32675520,1859,18158
2323,10,40,25,0,64068960,3658,32752080,1863,18168
2324,3,38,25,0,64086960,3658,32815680,1866,18171
2325,6,37,25,0,64113840,3658,32948700,1873,18177
2326,1,30,25,0,64138320,3658,33281640,1892,18178
2327,2,10,25,0,64164780,3655,34758360,1976,18180
2328,5,8,25,0,64171860,3654,34904880,1983,18185
2329,7,4,25,0,64199460,3653,35035680,1990,18192
2330,9,2,25,0,64216380,3651,35455260,2013,18201
2331,4,0,24,1,64243920,3652,35460600,2013,18205
2332,7,0,25,0,64259040,3651,35461200,2012,18212
2333,7,1,25,0,64276140,3651,35463120,2011,18219
2334,8,3,25,0,64301040,3651,35467860,2011,18227
2335,7,9,24,1,64313640,3651,35470080,2010,18234
2336,8,16,23,2,64330860,3652,35470200,2009,18242
2337,8,22,23,2,64349640,3653,35478300,2009,18250
2338,12,31,24,1,64367880,3653,35496840,2008,18262
2339,7,37,24,1,64374900,3653,35502600,2008,18269
2340,4,39,23,2,64400940,3654,35518920,2008,18273
2341,9,40,25,0,64407720,3654,35560140,2010,18282
2342,7,40,25,0,64433040,3655,35578140,2011,18289
2343,6,39,25,0,64467960,3656,35639400,2014,18295
2344,6,38,25,0,64486080,3657,35736720,2019,18301
2345,8,40,25,0,64494180,3657,35739360,2019,18309
2346,10,40,25,0,64527240,3658,35790840,2021,18319
2347,10,40,25,0,64544700,3658,35798400,2021,18329
2348,9,39,25,0,64574520,3658,35867580,2024,18338
2349,8,39,25,0,64597740,3658,35982000,2030,18346
2350,9,39,25,0,64614780,3658,36073200,2035,18355
2351,3,35,25,0,64644120,3658,36261360,2045,18358
2352,2,31,25,0,64663140,3658,36335700,2049,18360
2353,8,32,25,0,64687080,3658,36511500,2058,18368
2354,7,34,25,0,64702920,3658,36640500,2064,18375
2355,1,30,25,0,64720920,3658,36755280,2071,18376
2356,5,28,25,0,64746240,3658,36904680,2079,18381
2357,11,34,25,0,64768320,3658,36972660,2081,18392
2358,7,37,25,0,64785840,3658,37049700,2085,18399
2359,5,37,25,0,64805640,3659,37071060,2085,18404
2360,8,39,25,0,64830240,3659,37079640,2085,18412
2361,8,39,25,0,64854840,3659,37096620,2085,18420
2362,15,40,25,0,64875900,3659,37105320,2085,18435
2363,6,37,25,0,64895940,3659,37142520,2087,18441
2364,7,40,24,1,64911000,3659,37145520,2086,18448
2365,14,40,25,0,64930260,3659,37247880,2091,18462
2366,12,40,25,0,64960620,3660,37367700,2098,18474
2367,13,40,25,0,64980900,3660,37416480,2100,18487
2368,8,36,25,0,65005140,3660,37486560,2103,18495
2369,11,36,25,0,65021700,3658,37729800,2116,18506
2370,8,40,25,0,65025840,3658,37731240,2115,18514
2371,9,40,25,0,65058480,3659,37744320,2115,18523
2372,10,40,25,0,65084940,3660,37757220,2115,18533
2373,2,33,25,0,65109480,3659,38009280,2129,18535
2374,4,16,25,0,65139180,3657,39563700,2216,18539
2375,10,12,25,0,65151840,3655,40052760,2242,18549
2376,6,17,24,1,65159100,3655,40055160,2242,18555
2377,8,21,25,0,65179140,3655,40059600,2241,18563
2378,3,20,25,0,65207280,3656,40067580,2241,18566
2379,5,22,24,1,65224800,3656,40077780,2240,18571
2380,4,25,22,3,65247840,3657,40078920,2240,18575
2381,5,25,25,0,65257500,3657,40131720,2243,18580
2382,4,24,25,0,65274060,3657,40146060,2243,18584
2383,6,18,25,0,65296620,3656,40355940,2254,18590
2384,12,25,24,1,65325420,3656,40357920,2252,18602
2385,5,26,25,0,65339580,3656,40367400,2252,18607
2386,8,32,23,2,65356320,3656,40369920,2252,18615
2387,13,40,23,2,65373660,3657,40376580,2251,18628
2388,6,40,25,0,65384640,3657,40389480,2251,18634
2389,4,37,25,0,65415180,3658,40424760,2253,18638
2390,14,39,25,0,65439480,3658,40449720,2253,18652
2391,11,40,25,0,65460900,3658,40459140,2253,18663
2392,5,39,25,0,65469480,3658,40493160,2254,18668
2393,11,38,25,0,65505240,3658,40534560,2256,18679
2394,10,40,25,0,65515380,3658,40546560,2256,18689
2395,2,34,25,0,65536560,3657,40705260,2264,18691
2396,10,34,25,0,65571120,3657,40720920,2264,18701
2397,5,32,25,0,65585580,3657,40962420,2276,18706
2398,5,23,25,0,65613300,3655,41440920,2302,18711
2399,8,22,25,0,65630520,3655,41733720,2318,18719

