Hour,Arrivals,Waiting,Treating,Available Rooms,Total Treatment Time,Average Treatment Time,Total Wait Time,Average Wait Time,Total Arrivals
1,5,0,4,21,1740,1740,0,0,5
2,5,0,5,20,19500,3900,0,0,10
3,3,0,2,23,41700,3790,0,0,13
4,4,0,4,21,48000,3692,0,0,17
5,4,0,5,20,55440,3465,0,0,21
6,8,0,5,20,74100,3087,0,0,29
7,7,0,9,16,77520,2871,0,0,36
8,7,0,9,16,116640,3430,0,0,43
9,15,0,13,12,154020,3422,0,0,58
10,12,0,12,13,196620,3390,0,0,70
11,14,0,11,14,243000,3328,0,0,84
12,14,0,16,9,269760,3289,0,0,98
13,9,0,12,13,327780,3450,0,0,107
14,6,0,10,15,373260,3623,0,0,113
15,10,0,12,13,408300,3678,0,0,123
16,16,0,13,12,456120,3620,0,0,139
17,8,0,7,18,507600,3625,0,0,147
18,6,0,6,19,529380,3601,0,0,153
19,8,0,7,18,552540,3587,0,0,161
20,8,0,9,16,573960,3587,0,0,169
21,9,0,7,18,602580,3523,0,0,178
22,7,0,7,18,633540,3559,0,0,185
23,6,0,6,19,661020,3573,0,0,191
24,9,0,6,19,686880,3540,0,0,200
25,8,0,8,17,696900,3484,0,0,208
26,8,0,5,20,737460,3495,0,0,216
27,3,0,4,21,757320,3522,0,0,219
28,2,0,3,22,770640,3535,0,0,221
29,10,0,10,15,774360,3503,0,0,231
30,6,0,9,16,802020,3517,0,0,237
31,9,0,11,14,839520,3572,0,0,246
32,10,0,9,16,882660,3573,0,0,256
33,14,0,10,15,913080,3511,0,0,270
34,7,0,9,16,955800,3566,0,0,277
35,7,0,11,14,969660,3551,0,0,284
36,13,0,14,11,1008120,3562,0,0,297
37,13,0,13,12,1056840,3558,0,0,310
38,13,0,12,13,1101420,3541,0,0,323
39,11,0,12,13,1158240,3597,0,0,334
40,8,0,12,13,1174200,3558,0,0,342
41,12,0,12,13,1226940,3587,0,0,354
42,8,0,9,16,1272240,3604,0,0,362
43,6,0,7,18,1308060,3623,0,0,368
44,6,0,4,21,1338660,3618,0,0,374
45,2,0,3,22,1352580,3626,0,0,376
46,5,0,6,19,1370760,3655,0,0,381
47,6,0,9,16,1378500,3646,0,0,387
48,1,0,3,22,1405140,3649,0,0,388
49,7,0,8,17,1415820,3658,0,0,395
50,4,0,7,18,1429320,3646,0,0,399
51,4,0,5,20,1456860,3660,0,0,403
52,5,0,3,22,1480860,3656,0,0,408
53,8,0,5,20,1492320,3630,0,0,416
54,6,0,5,20,1512480,3627,0,0,422
55,6,0,8,17,1525080,3631,0,0,428
56,7,0,7,18,1553040,3628,0,0,435
57,13,0,17,8,1567860,3637,0,0,448
58,13,0,14,11,1619040,3622,0,0,461
59,5,0,9,16,1669920,3654,0,0,466
60,10,0,11,14,1703280,3662,0,0,476
61,6,0,8,17,1740480,3671,0,0,482
62,13,0,9,16,1772100,3646,0,0,495
63,9,0,5,20,1807680,3622,0,0,504
64,6,0,5,20,1823220,3610,0,0,510
65,7,0,8,17,1840680,3616,0,0,517
66,8,0,11,14,1858560,3615,0,0,525
67,10,0,9,16,1896060,3604,0,0,535
68,5,0,6,19,1927440,3609,0,0,540
69,6,0,6,19,1954380,3619,0,0,546
70,4,0,8,17,1957560,3611,0,0,550
71,9,0,8,17,2000160,3630,0,0,559
72,8,0,10,15,2018340,3623,0,0,567
73,3,0,3,22,2062260,3637,0,0,570
74,5,0,6,19,2068920,3636,0,0,575
75,3,0,5,20,2076600,3624,0,0,578
76,4,0,3,22,2114400,3651,0,0,582
77,8,0,4,21,2127780,3631,0,0,590
78,9,0,6,19,2140860,3610,0,0,599
79,7,0,6,19,2155500,3592,0,0,606
80,4,0,5,20,2171820,3589,0,0,610
81,11,0,8,17,2200320,3589,0,0,621
82,13,0,11,14,2233320,3584,0,0,634
83,11,0,15,10,2253480,3576,0,0,645
84,15,0,16,9,2305560,3580,0,0,660
85,15,0,13,12,2373720,3585,0,0,675
86,6,0,13,12,2396280,3587,0,0,681
87,9,0,12,13,2439120,3597,0,0,690
88,11,0,13,12,2488680,3617,0,0,701
89,9,0,12,13,2527980,3621,0,0,710
90,4,0,6,19,2579460,3643,0,0,714
91,8,0,6,19,2614020,3650,0,0,722
92,3,0,3,22,2633820,3647,0,0,725
93,6,0,6,19,2638320,3639,0,0,731
94,5,0,5,20,2664720,3645,0,0,736
95,8,0,9,16,2671740,3635,0,0,744
96,8,0,8,17,2716200,3650,0,0,752
97,1,0,2,23,2740740,3649,0,0,753
98,5,0,5,20,2754540,3658,0,0,758
99,6,0,6,19,2765340,3648,0,0,764
100,4,0,2,23,2794320,3647,0,0,768
101,1,0,2,23,2797680,3647,0,0,769
102,2,0,2,23,2809380,3653,0,0,771
103,9,0,10,15,2814600,3655,0,0,780
104,11,0,12,13,2836020,3640,0,0,791
105,9,0,8,17,2886960,3645,0,0,800
106,12,0,12,13,2907780,3634,0,0,812
107,14,0,12,13,2947260,3620,0,0,826
108,14,0,17,8,2985420,3627,0,0,840
109,13,0,16,9,3051300,3645,0,0,853
110,9,0,11,14,3111540,3656,0,0,862
111,9,0,13,12,3151860,3673,0,0,871
112,8,0,10,15,3196740,3678,0,0,879
113,12,0,9,16,3244380,3678,0,0,891
114,6,0,8,17,3263820,3671,0,0,897
115,9,0,12,13,3292860,3683,0,0,906
116,12,0,12,13,3331260,3676,0,0,918
117,8,0,10,15,3380820,3690,0,0,926
118,4,0,6,19,3420480,3701,0,0,930
119,4,0,3,22,3462000,3718,0,0,934
120,3,0,4,21,3474480,3723,0,0,937
121,6,0,7,18,3482880,3721,0,0,943
122,7,0,7,18,3509520,3721,0,0,950
123,10,0,8,17,3527040,3704,0,0,960
124,9,0,6,19,3563280,3700,0,0,969
125,6,0,5,20,3602160,3713,0,0,975
126,4,0,5,20,3613740,3710,0,0,979
127,9,0,8,17,3632520,3706,0,0,988
128,13,0,12,13,3660180,3700,0,0,1001
129,9,0,12,13,3682260,3689,0,0,1010
130,15,0,16,9,3729300,3696,0,0,1025
131,10,0,12,13,3772200,3687,0,0,1035
132,8,0,8,17,3825540,3696,0,0,1043
133,11,0,11,14,3866160,3706,0,0,1054
134,3,0,5,20,3896640,3704,0,0,1057
135,6,0,6,19,3920220,3708,0,0,1063
136,8,0,8,17,3942240,3708,0,0,1071
137,16,0,12,13,3975120,3697,0,0,1087
138,7,0,7,18,4020720,3698,0,0,1094
139,3,0,4,21,4040160,3696,0,0,1097
140,5,0,6,19,4059720,3704,0,0,1102
141,2,0,1,24,4087320,3705,0,0,1104
142,6,0,5,20,4095780,3706,0,0,1110
143,8,0,6,19,4108440,3694,0,0,1118
144,3,0,4,21,4125000,3692,0,0,1121
145,10,0,8,17,4139220,3685,0,0,1131
146,3,0,8,17,4152360,3687,0,0,1134
147,3,0,4,21,4182960,3691,0,0,1137
148,6,0,5,20,4207620,3697,0,0,1143
149,5,0,4,21,4221060,3689,0,0,1148
150,4,0,3,22,4230600,3681,0,0,1152
151,6,0,6,19,4237020,3677,0,0,1158
152,9,0,6,19,4267320,3675,0,0,1167
153,9,0,5,20,4292460,3665,0,0,1176
154,6,0,4,21,4311060,3659,0,0,1182
155,4,0,5,20,4317660,3655,0,0,1186
156,7,0,5,20,4338240,3651,0,0,1193
157,10,0,7,18,4356540,3642,0,0,1203
158,17,0,15,10,4384080,3638,0,0,1220
159,12,0,13,12,4424760,3629,0,0,1232
160,11,0,12,13,4456200,3619,0,0,1243
161,8,0,7,18,4511520,3626,0,0,1251
162,13,0,8,17,4550160,3622,0,0,1264
163,11,0,12,13,4559040,3609,0,0,1275
164,7,0,4,21,4617300,3612,0,0,1282
165,4,0,4,21,4632780,3613,0,0,1286
166,5,0,7,18,4644240,3617,0,0,1291
167,3,0,5,20,4656720,3612,0,0,1294
168,3,0,1,24,4689000,3618,0,0,1297
169,9,0,6,19,4695900,3612,0,0,1306
170,7,0,7,18,4710840,3607,0,0,1313
171,7,0,8,17,4731600,3606,0,0,1320
172,4,0,5,20,4756140,3605,0,0,1324
173,10,0,8,17,4787820,3610,0,0,1334
174,8,0,7,18,4811940,3604,0,0,1342
175,10,0,9,16,4843320,3606,0,0,1352
176,5,0,7,18,4868100,3606,0,0,1357
177,7,0,10,15,4886460,3608,0,0,1364
178,9,0,11,14,4916280,3609,0,0,1373
179,9,0,10,15,4962120,3616,0,0,1382
180,7,0,5,20,5002020,3614,0,0,1389
181,14,0,11,14,5026620,3611,0,0,1403
182,8,0,13,12,5050080,3612,0,0,1411
183,10,0,11,14,5103300,3619,0,0,1421
184,6,0,7,18,5140800,3620,0,0,1427
185,13,0,9,16,5166420,3610,0,0,1440
186,8,0,10,15,5191320,3610,0,0,1448
187,4,0,3,22,5240100,3616,0,0,1452
188,6,0,4,21,5256720,3615,0,0,1458
189,8,0,5,20,5265960,3604,0,0,1466
190,6,0,5,20,5286780,3603,0,0,1472
191,4,0,3,22,5305020,3601,0,0,1476
192,4,0,5,20,5311200,3600,0,0,1480
193,6,0,3,22,5338980,3600,0,0,1486
194,6,0,8,17,5341020,3599,0,0,1492
195,5,0,5,20,5375460,3602,0,0,1497
196,5,0,7,18,5389500,3605,0,0,1502
197,8,0,6,19,5425080,3607,0,0,1510
198,4,0,8,17,5430780,3606,0,0,1514
199,10,0,7,18,5472120,3607,0,0,1524
200,4,0,4,21,5495220,3605,0,0,1528
201,5,0,5,20,5508060,3604,0,0,1533
202,6,0,6,19,5529780,3607,0,0,1539
203,11,0,11,14,5541420,3600,0,0,1550
204,8,0,8,17,5589000,3605,0,0,1558
205,10,0,8,17,5633340,3611,0,0,1568
206,16,0,11,14,5659320,3597,0,0,1584
207,13,0,12,13,5698320,3595,0,0,1597
208,7,0,9,16,5731380,3593,0,0,1604
209,11,0,9,16,5765520,3589,0,0,1615
210,10,0,11,14,5799240,3593,0,0,1625
211,7,0,9,16,5825940,3589,0,0,1632
212,5,0,5,20,5868720,3596,0,0,1637
213,4,0,2,23,5894640,3596,0,0,1641
214,4,0,3,22,5902140,3594,0,0,1645
215,5,0,4,21,5913120,3592,0,0,1650
216,1,0,2,23,5929920,3596,0,0,1651
217,3,0,4,21,5936700,3598,0,0,1654
218,4,0,4,21,5952540,3598,0,0,1658
219,6,0,5,20,5967180,3596,0,0,1664
220,8,0,8,17,5981160,3594,0,0,1672
221,6,0,8,17,5997540,3591,0,0,1678
222,19,0,14,11,6031980,3584,0,0,1697
223,8,0,12,13,6071580,3586,0,0,1705
224,9,0,10,15,6122100,3592,0,0,1714
225,5,0,8,17,6152280,3595,0,0,1719
226,11,0,10,15,6180120,3593,0,0,1730
227,11,0,13,12,6200220,3588,0,0,1741
228,12,0,12,13,6258720,3594,0,0,1753
229,13,0,13,12,6304920,3596,0,0,1766
230,3,0,6,19,6348000,3600,0,0,1769
231,6,0,7,18,6368880,3602,0,0,1775
232,10,0,6,19,6404100,3599,0,0,1785
233,12,0,11,14,6424680,3597,0,0,1797
234,10,0,7,18,6462000,3590,0,0,1807
235,9,0,10,15,6490800,3594,0,0,1816
236,2,0,4,21,6527040,3598,0,0,1818
237,11,0,12,13,6537240,3597,0,0,1829
238,6,0,5,20,6588900,3600,0,0,1835
239,8,0,8,17,6612000,3603,0,0,1843
240,6,0,6,19,6634500,3599,0,0,1849
241,9,0,10,15,6663420,3605,0,0,1858
242,2,0,1,24,6695340,3601,0,0,1860
243,7,0,2,23,6706740,3596,0,0,1867
244,7,0,8,17,6707820,3594,0,0,1874
245,10,0,7,18,6740880,3591,0,0,1884
246,11,0,14,11,6757440,3592,0,0,1895
247,11,0,14,11,6793980,3590,0,0,1906
248,7,0,13,12,6822000,3590,0,0,1913
249,5,0,7,18,6875100,3597,0,0,1918
250,8,0,10,15,6897840,3600,0,0,1926
251,14,0,12,13,6942900,3601,0,0,1940
252,8,0,8,17,6985980,3601,0,0,1948
253,12,0,12,13,7008480,3597,0,0,1960
254,6,0,6,19,7041420,3592,0,0,1966
255,10,0,6,19,7073220,3590,0,0,1976
256,14,0,10,15,7093140,3582,0,0,1990
257,8,0,13,12,7113660,3583,0,0,1998
258,8,0,10,15,7160580,3587,0,0,2006
259,5,0,6,19,7206720,3594,0,0,2011
260,10,0,11,14,7230300,3597,0,0,2021
261,4,0,7,18,7256940,3596,0,0,2025
262,7,0,10,15,7280760,3600,0,0,2032
263,5,0,11,14,7312020,3609,0,0,2037
264,7,0,7,18,7359600,3612,0,0,2044
265,3,0,6,19,7381140,3616,0,0,2047
266,6,0,7,18,7411800,3622,0,0,2053
267,11,0,10,15,7444980,3624,0,0,2064
268,5,0,10,15,7462380,3624,0,0,2069
269,8,0,6,19,7520100,3631,0,0,2077
270,6,0,7,18,7547580,3635,0,0,2083
271,8,0,6,19,7576500,3633,0,0,2091
272,7,0,7,18,7595040,3632,0,0,2098
273,11,0,11,14,7602780,3623,0,0,2109
274,9,0,9,16,7639980,3622,0,0,2118
275,10,0,11,14,7671420,3623,0,0,2128
276,16,0,10,15,7735440,3624,0,0,2144
277,7,0,9,16,7760580,3623,0,0,2151
278,13,0,13,12,7795560,3624,0,0,2164
279,9,0,7,18,7858500,3628,0,0,2173
280,10,0,8,17,7892340,3628,0,0,2183
281,12,0,10,15,7909740,3620,0,0,2195
282,10,0,14,11,7926300,3617,0,0,2205
283,6,0,9,16,7984260,3625,0,0,2211
284,8,0,14,11,8001180,3628,0,0,2219
285,5,0,7,18,8057400,3634,0,0,2224
286,7,0,6,19,8089680,3635,0,0,2231
287,6,0,6,19,8115180,3637,0,0,2237
288,5,0,5,20,8141760,3639,0,0,2242
289,7,0,7,18,8163840,3641,0,0,2249
290,1,0,3,22,8178960,3639,0,0,2250
291,4,0,3,22,8202180,3643,0,0,2254
292,8,0,7,18,8213640,3642,0,0,2262
293,6,0,7,18,8232300,3640,0,0,2268
294,11,0,8,17,8259720,3637,0,0,2279
295,7,0,8,17,8283600,3636,0,0,2286
296,3,0,6,19,8304780,3637,0,0,2289
297,6,0,5,20,8341560,3642,0,0,2295
298,13,0,14,11,8356380,3642,0,0,2308
299,15,0,18,7,8388720,3639,0,0,2323
300,15,0,16,9,8463420,3644,0,0,2338
301,5,0,6,19,8536980,3652,0,0,2343
302,7,0,6,19,8556420,3650,0,0,2350
303,10,0,8,17,8588220,3651,0,0,2360
304,12,0,10,15,8611260,3645,0,0,2372
305,11,0,12,13,8643780,3645,0,0,2383
306,7,0,9,16,8683920,3647,0,0,2390
307,3,0,6,19,8705160,3646,0,0,2393
308,6,0,5,20,8736060,3649,0,0,2399
309,4,0,3,22,8761920,3650,0,0,2403
310,6,0,7,18,8776680,3653,0,0,2409
311,6,0,5,20,8793780,3648,0,0,2415
312,7,0,5,20,8817600,3648,0,0,2422
313,5,0,7,18,8822400,3645,0,0,2427
314,4,0,7,18,8842800,3648,0,0,2431
315,8,0,5,20,8888160,3651,0,0,2439
316,4,0,3,22,8900460,3647,0,0,2443
317,5,0,3,22,8919960,3648,0,0,2448
318,8,0,4,21,8934120,3643,0,0,2456
319,3,0,5,20,8942940,3644,0,0,2459
320,4,0,5,20,8959740,3645,0,0,2463
321,9,0,9,16,8975700,3644,0,0,2472
322,4,0,6,19,9004200,3645,0,0,2476
323,14,0,9,16,9038040,3642,0,0,2490
324,10,0,10,15,9054840,3636,0,0,2500
325,11,0,12,13,9090240,3637,0,0,2511
326,14,0,11,14,9133440,3633,0,0,2525
327,3,0,7,18,9157620,3632,0,0,2528
328,5,0,6,19,9193020,3637,0,0,2533
329,11,0,13,12,9201960,3635,0,0,2544
330,11,0,14,11,9234720,3634,0,0,2555
331,7,0,6,19,9301440,3639,0,0,2562
332,5,0,4,21,9317760,3635,0,0,2567
333,7,0,7,18,9331200,3635,0,0,2574
334,4,0,4,21,9349320,3632,0,0,2578
335,4,0,5,20,9362760,3633,0,0,2582
336,11,0,14,11,9368820,3632,0,0,2593
337,8,0,13,12,9410820,3636,0,0,2601
338,9,0,12,13,9464100,3642,0,0,2610
339,9,0,7,18,9513600,3642,0,0,2619
340,1,0,2,23,9552420,3648,0,0,2620
341,4,0,0,25,9568800,3646,0,0,2624
342,4,0,3,22,9571500,3646,0,0,2628
343,12,0,6,19,9588900,3640,0,0,2640
344,6,0,4,21,9607140,3636,0,0,2646
345,14,0,13,12,9620580,3634,0,0,2660
346,10,0,10,15,9653700,3629,0,0,2670
347,9,0,7,18,9697680,3629,0,0,2679
348,9,0,7,18,9723000,3626,0,0,2688
349,8,0,8,17,9744180,3625,0,0,2696
350,9,0,11,14,9763800,3624,0,0,2705
351,12,0,9,16,9802680,3619,0,0,2717
352,14,0,10,15,9856320,3622,0,0,2731
353,11,0,9,16,9889800,3618,0,0,2742
354,9,0,12,13,9918660,3621,0,0,2751
355,6,0,6,19,9961740,3621,0,0,2757
356,7,0,7,18,9978840,3619,0,0,2764
357,6,0,8,17,10017300,3626,0,0,2770
358,4,0,4,21,10041660,3625,0,0,2774
359,6,0,4,21,10063560,3625,0,0,2780
360,1,0,1,24,10076220,3624,0,0,2781
361,3,0,1,24,10087320,3624,0,0,2784
362,2,0,3,22,10087320,3624,0,0,2786
363,7,0,6,19,10096320,3622,0,0,2793
364,6,0,6,19,10106220,3618,0,0,2799
365,7,0,6,19,10133460,3619,0,0,2806
366,9,0,8,17,10152420,3616,0,0,2815
367,7,0,9,16,10170840,3615,0,0,2822
368,8,0,11,14,10205160,3620,0,0,2830
369,11,0,13,12,10233420,3618,0,0,2841
370,12,0,9,16,10294860,3619,0,0,2853
371,10,0,13,12,10323060,3622,0,0,2863
372,8,0,8,17,10367940,3621,0,0,2871
373,10,0,8,17,10414860,3625,0,0,2881
374,11,0,8,17,10455780,3625,0,0,2892
375,11,0,13,12,10472220,3623,0,0,2903
376,9,0,12,13,10507920,3623,0,0,2912
377,10,0,11,14,10554900,3625,0,0,2922
378,16,0,14,11,10599660,3625,0,0,2938
379,10,0,12,13,10636800,3622,0,0,2948
380,8,0,11,14,10672860,3624,0,0,2956
381,6,0,10,15,10716600,3630,0,0,2962
382,7,0,7,18,10760460,3632,0,0,2969
383,2,0,3,22,10793160,3636,0,0,2971
384,8,0,8,17,10805460,3636,0,0,2979
385,7,0,5,20,10826700,3631,0,0,2986
386,4,0,7,18,10838460,3633,0,0,2990
387,4,0,6,19,10858020,3633,0,0,2994
388,3,0,4,21,10878240,3634,0,0,2997
389,13,0,14,11,10887960,3634,0,0,3010
390,7,0,11,14,10925880,3634,0,0,3017
391,8,0,6,19,10981440,3637,0,0,3025
392,7,0,8,17,10987080,3633,0,0,3032
393,8,0,9,16,11014080,3633,0,0,3040
394,11,0,10,15,11041560,3630,0,0,3051
395,11,0,10,15,11071380,3627,0,0,3062
396,11,0,11,14,11115900,3630,0,0,3073
397,13,0,11,14,11159820,3629,0,0,3086
398,11,0,11,14,11195520,3627,0,0,3097
399,9,0,7,18,11247000,3629,0,0,3106
400,9,0,7,18,11294820,3634,0,0,3115
401,10,0,9,16,11315820,3631,0,0,3125
402,7,0,11,14,11341860,3634,0,0,3132
403,7,0,11,14,11361600,3632,0,0,3139
404,7,0,8,17,11422680,3640,0,0,3146
405,12,0,11,14,11452800,3639,0,0,3158
406,14,0,12,13,11483160,3633,0,0,3172
407,5,0,11,14,11511000,3635,0,0,3177
408,12,0,10,15,11560740,3636,0,0,3189
409,3,0,6,19,11598720,3640,0,0,3192
410,3,0,3,22,11624040,3641,0,0,3195
411,4,0,4,21,11639400,3643,0,0,3199
412,8,0,4,21,11658480,3639,0,0,3207
413,3,0,2,23,11669460,3637,0,0,3210
414,8,0,6,19,11676960,3635,0,0,3218
415,9,0,10,15,11692140,3634,0,0,3227
416,11,0,10,15,11722560,3631,0,0,3238
417,9,0,8,17,11767080,3632,0,0,3247
418,9,0,10,15,11795400,3633,0,0,3256
419,12,0,13,12,11832360,3635,0,0,3268
420,12,0,18,7,11859600,3635,0,0,3280
421,7,0,15,10,11915460,3641,0,0,3287
422,7,0,9,16,11969520,3643,0,0,3294
423,13,0,9,16,12021420,3645,0,0,3307
424,8,0,8,17,12042360,3641,0,0,3315
425,8,0,8,17,12067380,3640,0,0,3323
426,4,0,4,21,12111360,3644,0,0,3327
427,12,0,13,12,12123660,3645,0,0,3339
428,4,0,6,19,12161640,3644,0,0,3343
429,5,0,3,22,12192120,3644,0,0,3348
430,6,0,6,19,12203820,3645,0,0,3354
431,7,0,8,17,12217440,3643,0,0,3361
432,5,0,7,18,12256080,3648,0,0,3366
433,4,0,2,23,12292560,3649,0,0,3370
434,3,0,3,22,12298800,3649,0,0,3373
435,4,0,7,18,12298800,3649,0,0,3377
436,4,0,7,18,12313740,3649,0,0,3381
437,6,0,4,21,12356580,3652,0,0,3387
438,9,0,9,16,12373920,3653,0,0,3396
439,5,0,5,20,12402300,3652,0,0,3401
440,9,0,5,20,12425700,3649,0,0,3410
441,4,0,5,20,12443040,3650,0,0,3414
442,7,0,5,20,12474060,3651,0,0,3421
443,11,0,11,14,12489180,3650,0,0,3432
444,9,0,7,18,12538320,3651,0,0,3441
445,10,0,9,16,12565800,3650,0,0,3451
446,20,0,18,7,12597060,3648,0,0,3471
447,16,0,21,4,12645060,3648,0,0,3487
448,7,0,12,13,12708300,3649,0,0,3494
449,9,0,6,19,12776220,3653,0,0,3503
450,13,0,10,15,12809400,3653,0,0,3516
451,10,0,12,13,12829200,3650,0,0,3526
452,7,0,10,15,12880920,3656,0,0,3533
453,3,0,4,21,12917820,3657,0,0,3536
454,9,0,9,16,12933240,3657,0,0,3545
455,7,0,9,16,12964800,3659,0,0,3552
456,5,0,8,17,12994680,3661,0,0,3557
457,6,0,7,18,13025880,3663,0,0,3563
458,7,0,4,21,13061820,3662,0,0,3570
459,4,0,1,24,13090260,3663,0,0,3574
460,6,0,5,20,13093680,3662,0,0,3580
461,3,0,5,20,13104240,3662,0,0,3583
462,5,0,6,19,13119060,3662,0,0,3588
463,5,0,4,21,13148700,3663,0,0,3593
464,8,0,7,18,13161360,3662,0,0,3601
465,9,0,8,17,13183740,3660,0,0,3610
466,11,0,10,15,13206660,3657,0,0,3621
467,13,0,11,14,13244820,3655,0,0,3634
468,15,0,12,13,13290540,3654,0,0,3649
469,8,0,12,13,13326360,3656,0,0,3657
470,13,0,17,8,13351320,3654,0,0,3670
471,15,0,14,11,13433040,3659,0,0,3685
472,9,0,9,16,13470720,3655,0,0,3694
473,12,0,13,12,13500600,3655,0,0,3706
474,14,0,16,9,13535460,3654,0,0,3720
475,12,0,13,12,13603080,3657,0,0,3732
476,5,0,8,17,13646940,3659,0,0,3737
477,4,0,6,19,13686960,3664,0,0,3741
478,3,0,2,23,13721160,3666,0,0,3744
479,3,0,1,24,13735020,3666,0,0,3747
480,7,0,5,20,13744020,3666,0,0,3754
481,2,0,2,23,13757520,3664,0,0,3756
482,7,0,5,20,13770060,3664,0,0,3763
483,4,0,3,22,13795800,3665,0,0,3767
484,9,0,5,20,13809480,3662,0,0,3776
485,4,0,3,22,13826160,3660,0,0,3780
486,5,0,5,20,13836540,3660,0,0,3785
487,8,0,6,19,13861740,3660,0,0,3793
488,5,0,8,17,13871820,3660,0,0,3798
489,13,0,9,16,13917600,3660,0,0,3811
490,7,0,8,17,13936560,3657,0,0,3818
491,6,0,7,18,13966620,3659,0,0,3824
492,7,0,6,19,14000100,3660,0,0,3831
493,12,0,13,12,14019180,3660,0,0,3843
494,11,0,13,12,14068020,3662,0,0,3854
495,9,0,15,10,14108760,3666,0,0,3863
496,13,0,15,10,14161020,3667,0,0,3876
497,10,0,9,16,14222160,3668,0,0,3886
498,6,0,4,21,14256660,3666,0,0,3892
499,3,0,4,21,14269920,3667,0,0,3895
500,6,0,6,19,14289600,3668,0,0,3901
501,7,0,9,16,14303400,3668,0,0,3908
502,6,0,10,15,14316780,3667,0,0,3914
503,6,0,5,20,14364060,3668,0,0,3920
504,7,0,5,20,14382660,3667,0,0,3927
505,6,0,4,21,14404080,3666,0,0,3933
506,6,0,6,19,14412600,3664,0,0,3939
507,4,0,4,21,14431620,3663,0,0,3943
508,6,0,6,19,14440920,3662,0,0,3949
509,6,0,3,22,14473500,3662,0,0,3955
510,8,0,5,20,14490120,3660,0,0,3963
511,7,0,5,20,14508000,3659,0,0,3970
512,8,0,9,16,14515020,3657,0,0,3978
513,7,0,9,16,14539080,3656,0,0,3985
514,6,0,9,16,14562660,3657,0,0,3991
515,12,0,12,13,14596680,3657,0,0,4003
516,10,0,12,13,14629440,3656,0,0,4013
517,7,0,8,17,14672940,3657,0,0,4020
518,6,0,6,19,14711460,3659,0,0,4026
519,15,0,13,12,14737320,3658,0,0,4041
520,8,0,10,15,14779140,3659,0,0,4049
521,7,0,10,15,14815860,3661,0,0,4056
522,6,0,6,19,14851440,3661,0,0,4062
523,3,0,2,23,14875560,3661,0,0,4065
524,8,0,6,19,14889540,3661,0,0,4073
525,10,0,8,17,14904060,3657,0,0,4083
526,3,0,7,18,14916660,3656,0,0,4086
527,6,0,5,20,14957640,3659,0,0,4092
528,4,0,3,22,14974200,3658,0,0,4096
529,7,0,8,17,14984580,3659,0,0,4103
530,7,0,10,15,14998080,3658,0,0,4110
531,6,0,6,19,15044760,3660,0,0,4116
532,9,0,6,19,15070920,3658,0,0,4125
533,6,0,4,21,15098040,3658,0,0,4131
534,6,0,6,19,15111180,3657,0,0,4137
535,7,0,6,19,15129180,3656,0,0,4144
536,13,0,11,14,15152760,3654,0,0,4157
537,8,0,9,16,15180240,3652,0,0,4165
538,17,0,14,11,15218520,3651,0,0,4182
539,17,0,17,8,15261420,3649,0,0,4199
540,17,0,15,10,15328680,3648,0,0,4216
541,8,0,13,12,15368760,3649,0,0,4224
542,7,0,10,15,15418320,3652,0,0,4231
543,8,0,6,19,15466980,3653,0,0,4239
544,10,0,8,17,15494220,3653,0,0,4249
545,12,0,11,14,15505680,3648,0,0,4261
546,10,0,11,14,15554820,3651,0,0,4271
547,9,0,8,17,15592140,3649,0,0,4280
548,7,0,5,20,15629580,3650,0,0,4287
549,6,0,6,19,15656580,3652,0,0,4293
550,7,0,11,14,15663120,3651,0,0,4300
551,3,0,6,19,15707400,3655,0,0,4303
552,5,0,5,20,15736440,3657,0,0,4308
553,7,0,5,20,15754020,3655,0,0,4315
554,6,0,7,18,15770940,3655,0,0,4321
555,10,0,9,16,15797340,3655,0,0,4331
556,5,0,6,19,15822120,3654,0,0,4336
557,9,0,10,15,15839220,3653,0,0,4345
558,5,0,7,18,15880140,3656,0,0,4350
559,11,0,7,18,15914400,3655,0,0,4361
560,8,0,6,19,15948720,3655,0,0,4369
561,9,0,12,13,15956280,3654,0,0,4378
562,8,0,10,15,15995400,3655,0,0,4386
563,9,0,15,10,16015920,3656,0,0,4395
564,9,0,11,14,16087380,3662,0,0,4404
565,17,0,15,10,16136220,3662,0,0,4421
566,15,0,18,7,16185780,3663,0,0,4436
567,18,0,18,7,16245060,3662,0,0,4454
568,1,0,2,23,16333380,3667,0,0,4455
569,6,0,6,19,16344960,3668,0,0,4461
570,9,0,11,14,16357680,3668,0,0,4470
571,11,0,10,15,16388160,3665,0,0,4481
572,8,0,8,17,16422420,3664,0,0,4489
573,4,0,6,19,16459380,3668,0,0,4493
574,6,0,5,20,16479660,3667,0,0,4499
575,7,0,7,18,16499880,3667,0,0,4506
576,7,0,9,16,16514520,3666,0,0,4513
577,3,0,2,23,16552620,3666,0,0,4516
578,8,0,4,21,16571580,3666,0,0,4524
579,6,0,6,19,16584780,3665,0,0,4530
580,11,0,12,13,16605840,3666,0,0,4541
581,2,0,2,23,16648620,3666,0,0,4543
582,4,0,1,24,16660920,3664,0,0,4547
583,13,0,7,18,16673820,3662,0,0,4560
584,6,0,6,19,16684020,3658,0,0,4566
585,9,0,8,17,16708200,3658,0,0,4575
586,5,0,6,19,16732860,3658,0,0,4580
587,13,0,10,15,16766040,3658,0,0,4593
588,10,0,6,19,16803240,3655,0,0,4603
589,13,0,11,14,16827240,3654,0,0,4616
590,9,0,8,17,16870980,3654,0,0,4625
591,13,0,11,14,16893300,3651,0,0,4638
592,9,0,10,15,16933260,3651,0,0,4647
593,3,0,4,21,16961040,3650,0,0,4650
594,7,0,6,19,16988580,3652,0,0,4657
595,4,0,4,21,17004240,3651,0,0,4661
596,5,0,6,19,17020320,3652,0,0,4666
597,10,0,11,14,17035740,3651,0,0,4676
598,6,0,12,13,17048460,3650,0,0,4682
599,5,0,9,16,17092500,3653,0,0,4687
600,4,0,5,20,17137020,3657,0,0,4691
601,5,0,3,22,17160420,3656,0,0,4696
602,5,0,4,21,17174820,3656,0,0,4701
603,9,0,9,16,17185440,3655,0,0,4710
604,5,0,6,19,17210820,3654,0,0,4715
605,8,0,9,16,17237940,3656,0,0,4723
606,5,0,4,21,17266800,3655,0,0,4728
607,3,0,6,19,17273400,3655,0,0,4731
608,9,0,9,16,17285040,3653,0,0,4740
609,11,0,9,16,17314680,3651,0,0,4751
610,11,0,10,15,17348100,3650,0,0,4762
611,11,0,12,13,17379540,3650,0,0,4773
612,5,0,5,20,17421240,3649,0,0,4778
613,12,0,9,16,17449860,3649,0,0,4790
614,9,0,10,15,17491560,3652,0,0,4799
615,9,0,9,16,17516220,3649,0,0,4808
616,12,0,9,16,17555040,3648,0,0,4820
617,11,0,9,16,17590860,3648,0,0,4831
618,8,0,10,15,17614380,3647,0,0,4839
619,9,0,7,18,17660280,3648,0,0,4848
620,4,0,8,17,17670120,3647,0,0,4852
621,7,0,5,20,17716680,3649,0,0,4859
622,3,0,5,20,17731080,3650,0,0,4862
623,5,0,6,19,17749800,3651,0,0,4867
624,7,0,6,19,17764260,3649,0,0,4874
625,5,0,4,21,17798880,3651,0,0,4879
626,9,0,8,17,17807940,3649,0,0,4888
627,3,0,7,18,17829540,3650,0,0,4891
628,8,0,10,15,17853780,3651,0,0,4899
629,3,0,5,20,17897820,3654,0,0,4902
630,6,0,6,19,17917080,3655,0,0,4908
631,5,0,4,21,17934720,3653,0,0,4913
632,5,0,5,20,17943300,3652,0,0,4918
633,10,0,7,18,17956020,3648,0,0,4928
634,4,0,5,20,17967000,3646,0,0,4932
635,5,0,3,22,17999040,3647,0,0,4937
636,7,0,8,17,18003480,3647,0,0,4944
637,14,0,13,12,18029820,3646,0,0,4958
638,9,0,12,13,18063060,3645,0,0,4967
639,7,0,12,13,18090060,3645,0,0,4974
640,10,0,6,19,18156480,3647,0,0,4984
641,9,0,7,18,18181020,3646,0,0,4993
642,7,0,8,17,18203400,3646,0,0,5000
643,8,0,11,14,18226320,3647,0,0,5008
644,4,0,6,19,18260460,3647,0,0,5012
645,10,0,8,17,18290820,3647,0,0,5022
646,7,0,9,16,18308280,3647,0,0,5029
647,8,0,8,17,18346920,3648,0,0,5037
648,8,0,10,15,18363120,3647,0,0,5045
649,9,0,9,16,18399240,3647,0,0,5054
650,5,0,7,18,18429720,3648,0,0,5059
651,3,0,4,21,18462360,3650,0,0,5062
652,9,0,9,16,18472860,3649,0,0,5071
653,8,0,6,19,18505260,3647,0,0,5079
654,3,0,6,19,18514200,3647,0,0,5082
655,11,0,9,16,18547260,3648,0,0,5093
656,9,0,8,17,18571680,3645,0,0,5102
657,9,0,11,14,18588180,3644,0,0,5111
658,5,0,6,19,18643200,3648,0,0,5116
659,8,0,8,17,18654660,3646,0,0,5124
660,15,0,14,11,18678180,3644,0,0,5139
661,8,0,6,19,18729300,3643,0,0,5147
662,14,0,11,14,18766560,3643,0,0,5161
663,12,0,16,9,18782940,3642,0,0,5173
664,9,0,10,15,18842040,3643,0,0,5182
665,9,0,8,17,18886140,3643,0,0,5191
666,11,0,10,15,18917580,3643,0,0,5202
667,8,0,4,21,18962940,3642,0,0,5210
668,7,0,6,19,18979140,3642,0,0,5217
669,8,0,5,20,19000560,3639,0,0,5225
670,6,0,5,20,19014480,3638,0,0,5231
671,4,0,2,23,19038180,3638,0,0,5235
672,4,0,4,21,19040040,3637,0,0,5239
673,6,0,9,16,19042140,3636,0,0,5245
674,4,0,5,20,19054080,3633,0,0,5249
675,4,0,4,21,19063380,3631,0,0,5253
676,2,0,6,19,19063380,3631,0,0,5255
677,10,0,9,16,19079520,3630,0,0,5265
678,3,0,6,19,19100280,3629,0,0,5268
679,7,0,10,15,19116240,3630,0,0,5275
680,10,0,11,14,19134480,3628,0,0,5285
681,9,0,11,14,19164000,3627,0,0,5294
682,14,0,14,11,19192500,3625,0,0,5308
683,13,0,21,4,19211940,3624,0,0,5321
684,8,0,13,12,19284780,3627,0,0,5329
685,8,0,13,12,19316340,3628,0,0,5337
686,16,0,15,10,19365000,3627,0,0,5353
687,4,0,8,17,19396980,3626,0,0,5357
688,11,0,11,14,19432200,3627,0,0,5368
689,11,0,15,10,19443600,3624,0,0,5379
690,6,0,12,13,19478760,3625,0,0,5385
691,7,0,8,17,19522980,3626,0,0,5392
692,5,0,7,18,19542840,3625,0,0,5397
693,4,0,7,18,19563180,3626,0,0,5401
694,8,0,7,18,19576860,3624,0,0,5409
695,5,0,7,18,19595520,3624,0,0,5414
696,5,0,8,17,19609440,3623,0,0,5419
697,5,0,10,15,19626480,3625,0,0,5424
698,5,0,8,17,19652460,3625,0,0,5429
699,6,0,9,16,19669980,3625,0,0,5435
700,8,0,8,17,19691760,3623,0,0,5443
701,5,0,9,16,19704240,3622,0,0,5448
702,10,0,13,12,19717320,3621,0,0,5458
703,9,0,12,13,19743420,3619,0,0,5467
704,15,0,17,8,19778460,3619,0,0,5482
705,10,0,18,7,19809780,3618,0,0,5492
706,6,0,7,18,19873980,3619,0,0,5498
707,9,0,10,15,19899000,3619,0,0,5507
708,15,0,18,7,19918020,3618,0,0,5522
709,12,0,17,8,19958400,3617,0,0,5534
710,12,0,12,13,20019780,3617,0,0,5546
711,11,0,17,8,20044860,3618,0,0,5557
712,9,0,15,10,20091420,3619,0,0,5566
713,9,0,8,17,20146320,3618,0,0,5575
714,10,0,11,14,20169960,3618,0,0,5585
715,11,0,14,11,20196480,3618,0,0,5596
716,8,0,11,14,20243700,3619,0,0,5604
717,9,0,14,11,20277780,3621,0,0,5613
718,7,0,10,15,20309880,3620,0,0,5620
719,5,0,7,18,20342940,3621,0,0,5625
720,6,0,7,18,20367000,3621,0,0,5631
721,3,0,9,16,20371620,3621,0,0,5634
722,2,0,8,17,20388540,3622,0,0,5636
723,4,0,6,19,20410260,3622,0,0,5640
724,2,0,7,18,20413980,3622,0,0,5642
725,11,0,10,15,20433360,3621,0,0,5653
726,6,0,7,18,20469360,3621,0,0,5659
727,11,0,12,13,20489760,3621,0,0,5670
728,11,0,13,12,20514300,3619,0,0,5681
729,16,0,18,7,20548020,3618,0,0,5697
730,10,0,17,8,20587140,3618,0,0,5707
731,8,0,13,12,20645040,3620,0,0,5715
732,14,0,12,13,20708280,3622,0,0,5729
733,6,0,11,14,20728140,3621,0,0,5735
734,10,0,10,15,20768520,3621,0,0,5745
735,7,0,11,14,20789640,3621,0,0,5752
736,13,0,15,10,20818680,3620,0,0,5765
737,7,0,12,13,20855220,3620,0,0,5772
738,6,0,11,14,20885100,3621,0,0,5778
739,5,0,8,17,20913660,3621,0,0,5783
740,7,0,10,15,20937720,3622,0,0,5790
741,4,0,5,20,20965500,3621,0,0,5794
742,5,0,6,19,20975040,3620,0,0,5799
743,6,0,7,18,20984520,3619,0,0,5805
744,5,0,9,16,20999760,3620,0,0,5810
745,5,0,8,17,21029100,3621,0,0,5815
746,2,0,6,19,21040980,3620,0,0,5817
747,9,0,11,14,21051000,3620,0,0,5826
748,3,0,11,14,21061680,3620,0,0,5829
749,4,0,7,18,21100380,3621,0,0,5833
750,4,0,7,18,21119040,3622,0,0,5837
751,8,0,13,12,21121680,3621,0,0,5845
752,10,0,17,8,21147780,3622,1020,0,5855
753,10,0,16,9,21205920,3625,1020,0,5865
754,9,0,15,10,21257580,3628,1020,0,5874
755,15,0,12,13,21325020,3628,1020,0,5889
756,10,0,14,11,21348480,3627,1020,0,5899
757,10,0,9,16,21395100,3626,1020,0,5909
758,10,0,9,16,21431520,3626,1020,0,5919
759,5,0,11,14,21443760,3626,1020,0,5924
760,15,0,17,8,21468480,3625,1020,0,5939
761,7,0,14,11,21511740,3626,1020,0,5946
762,13,0,10,15,21571260,3626,1020,0,5959
763,9,0,8,17,21594360,3623,1020,0,5968
764,6,0,9,16,21609180,3622,1020,0,5974
765,7,0,10,15,21624780,3621,1020,0,5981
766,5,0,7,18,21657780,3622,1020,0,5986
767,4,0,7,18,21665400,3621,1020,0,5990
768,5,0,7,18,21685680,3621,1020,0,5995
769,6,0,7,18,21708000,3621,1020,0,6001
770,4,0,7,18,21727320,3622,1020,0,6005
771,7,0,10,15,21741000,3622,1020,0,6012
772,2,0,9,16,21747960,3621,1020,0,6014
773,11,0,12,13,21779220,3622,1020,0,6025
774,6,0,8,17,21817740,3622,1020,0,6031
775,4,0,5,20,21835320,3621,1020,0,6035
776,13,0,13,12,21844440,3619,1020,0,6048
777,7,0,10,15,21865020,3617,1020,0,6055
778,12,0,12,13,21907200,3618,1020,0,6067
779,9,0,14,11,21925680,3616,1020,0,6076
780,14,0,14,11,21976800,3616,1020,0,6090
781,7,0,12,13,22008960,3616,1020,0,6097
782,8,0,11,14,22047360,3617,1020,0,6105
783,13,0,15,10,22076760,3617,1020,0,6118
784,4,0,8,17,22123860,3618,1020,0,6122
785,10,0,9,16,22144800,3616,1020,0,6132
786,7,0,11,14,22170000,3617,1020,0,6139
787,5,0,9,16,22197480,3618,1020,0,6144
788,7,0,7,18,22221240,3616,1020,0,6151
789,7,0,11,14,22236960,3617,1020,0,6158
790,2,0,6,19,22261620,3617,1020,0,6160
791,3,0,7,18,22275780,3618,1020,0,6163
792,8,0,9,16,22298640,3618,1020,0,6171
793,5,0,11,14,22307160,3618,1020,0,6176
794,6,0,9,16,22333500,3617,1020,0,6182
795,4,0,7,18,22362720,3619,1020,0,6186
796,6,0,8,17,22382040,3619,1020,0,6192
797,5,0,10,15,22390200,3618,1020,0,6197
798,5,0,9,16,22415760,3619,1020,0,6202
799,10,0,12,13,22440120,3619,1020,0,6212
800,11,0,11,14,22478820,3618,1020,0,6223
801,9,0,16,9,22493220,3618,1020,0,6232
802,9,0,14,11,22529280,3617,1020,0,6241
803,13,0,14,11,22588740,3619,1020,0,6254
804,9,0,11,14,22632240,3620,1020,0,6263
805,9,0,12,13,22654740,3618,1020,0,6272
806,9,0,13,12,22687200,3619,1020,0,6281
807,7,0,12,13,22730160,3621,1020,0,6288
808,15,0,15,10,22765260,3620,1020,0,6303
809,9,0,12,13,22822980,3622,1020,0,6312
810,10,0,16,9,22843980,3622,1020,0,6322
811,10,0,12,13,22898760,3623,1020,0,6332
812,7,0,11,14,22929600,3623,1020,0,6339
813,5,0,8,17,22966740,3624,1020,0,6344
814,8,0,10,15,22988940,3624,1020,0,6352
815,6,0,9,16,23010120,3624,1020,0,6358
816,7,0,9,16,23026500,3622,1020,0,6365
817,4,0,8,17,23055180,3624,1020,0,6369
818,9,0,13,12,23070660,3624,1020,0,6378
819,4,0,8,17,23108940,3625,1020,0,6382
820,0,0,3,22,23141280,3627,1020,0,6382
821,3,0,6,19,23141280,3627,1020,0,6385
822,11,0,9,16,23157900,3625,1020,0,6396
823,5,0,9,16,23177280,3625,1020,0,6401
824,8,0,12,13,23197980,3626,1020,0,6409
825,11,0,11,14,23228280,3624,1020,0,6420
826,13,0,18,7,23245140,3623,1020,0,6433
827,10,0,15,10,23298600,3624,1020,0,6443
828,12,0,13,12,23345220,3623,1020,0,6455
829,15,0,22,3,23377260,3625,1020,0,6470
830,9,0,19,6,23414760,3624,1020,0,6479
831,11,0,13,12,23501220,3628,1020,0,6490
832,5,0,11,14,23529900,3628,1020,0,6495
833,15,0,15,10,23567460,3628,1020,0,6510
834,8,0,12,13,23596440,3626,1020,0,6518
835,8,0,11,14,23629260,3626,1020,0,6526
836,7,0,11,14,23653020,3626,1020,0,6533
837,3,0,7,18,23681820,3627,1020,0,6536
838,10,0,10,15,23710920,3627,1020,0,6546
839,8,0,10,15,23739000,3627,1020,0,6554
840,4,0,9,16,23759460,3627,1020,0,6558
841,3,0,7,18,23779200,3628,1020,0,6561
842,6,0,7,18,23806440,3629,1020,0,6567
843,5,0,9,16,23813760,3628,1020,0,6572
844,6,0,11,14,23833320,3629,1020,0,6578
845,6,0,12,13,23858220,3630,1020,0,6584
846,5,0,11,14,23897580,3632,1020,0,6589
847,5,0,7,18,23938740,3634,1020,0,6594
848,7,0,8,17,23952660,3633,1020,0,6601
849,10,0,10,15,23966820,3630,1020,0,6611
850,7,0,10,15,23986500,3629,1020,0,6618
851,13,0,13,12,24020160,3629,1020,0,6631
852,9,0,12,13,24048660,3628,1020,0,6640
853,14,0,14,11,24090060,3628,1020,0,6654
854,12,0,13,12,24131460,3627,1020,0,6666
855,6,0,9,16,24167700,3627,1020,0,6672
856,8,0,11,14,24194160,3627,1020,0,6680
857,10,0,9,16,24230160,3626,1020,0,6690
858,6,0,7,18,24252300,3625,1020,0,6696
859,7,0,9,16,24272100,3625,1020,0,6703
860,8,0,14,11,24276420,3624,1020,0,6711
861,7,0,16,9,24305040,3626,1020,0,6718
862,9,0,9,16,24371340,3627,1020,0,6727
863,2,0,8,17,24377760,3627,1020,0,6729
864,4,0,8,17,24407460,3629,1020,0,6733
865,4,0,8,17,24423900,3629,1020,0,6737
866,2,0,6,19,24445260,3630,1020,0,6739
867,8,0,9,16,24454020,3629,1020,0,6747
868,7,0,12,13,24464520,3628,1020,0,6754
869,6,0,12,13,24487560,3628,1020,0,6760
870,7,0,11,14,24521040,3629,1020,0,6767
871,6,0,11,14,24554940,3631,1020,0,6773
872,8,0,11,14,24590940,3632,1020,0,6781
873,15,0,17,8,24622440,3632,1020,0,6796
874,7,0,12,13,24663540,3631,1020,0,6803
875,11,0,10,15,24721860,3633,1020,0,6814
876,9,0,13,12,24738000,3632,1020,0,6823
877,12,0,12,13,24777720,3631,1020,0,6835
878,9,0,11,14,24812820,3631,1020,0,6844
879,8,0,13,12,24834060,3631,1020,0,6852
880,15,0,18,7,24872880,3631,1020,0,6867
881,13,0,20,5,24903540,3630,1020,0,6880
882,7,0,11,14,24976620,3632,1020,0,6887
883,5,0,9,16,25006980,3633,1020,0,6892
884,3,0,7,18,25033380,3634,1020,0,6895
885,16,0,19,6,25044180,3633,1020,0,6911
886,6,0,11,14,25085880,3632,1020,0,6917
887,4,0,9,16,25115220,3633,1020,0,6921
888,2,0,4,21,25148400,3634,1020,0,6923
889,2,0,6,19,25148400,3634,1020,0,6925
890,7,0,10,15,25158540,3634,1020,0,6932
891,7,0,9,16,25175640,3632,1020,0,6939
892,5,0,7,18,25197660,3632,1020,0,6944
893,8,0,10,15,25216140,3632,1020,0,6952
894,15,0,12,13,25254840,3631,1020,0,6967
895,12,0,18,7,25270800,3630,1020,0,6979
896,9,0,13,12,25314000,3629,1020,0,6988
897,9,0,13,12,25344840,3628,1020,0,6997
898,13,0,12,13,25383120,3627,1020,0,7010
899,13,0,14,11,25421880,3627,1020,0,7023
900,12,0,17,8,25457160,3627,1020,0,7035
901,20,0,17,8,25510920,3624,1020,0,7055
902,6,0,10,15,25558980,3624,1020,0,7061
903,8,0,11,14,25578840,3624,1020,0,7069
904,10,0,11,14,25603260,3622,1020,0,7079
905,11,0,13,12,25642740,3623,1020,0,7090
906,5,0,12,13,25665060,3623,1020,0,7095
907,14,0,17,8,25707060,3624,1020,0,7109
908,11,0,14,11,25739160,3622,1020,0,7120
909,6,0,11,14,25773780,3622,1020,0,7126
910,9,0,11,14,25811220,3623,1020,0,7135
911,8,0,12,13,25831680,3622,1020,0,7143
912,6,0,12,13,25856580,3622,1020,0,7149
913,6,0,10,15,25889460,3623,1020,0,7155
914,10,0,12,13,25920660,3623,1020,0,7165
915,9,0,17,8,25928520,3622,1020,0,7174
916,8,0,15,10,25983300,3625,1020,0,7182
917,4,0,8,17,26031360,3626,1020,0,7186
918,10,0,14,11,26047200,3626,1020,0,7196
919,10,0,19,6,26073540,3627,1020,0,7206
920,11,0,15,10,26138580,3629,1440,0,7217
921,8,0,10,15,26177520,3628,1440,0,7225
922,14,0,16,9,26217060,3629,1440,0,7239
923,18,0,21,4,26270820,3630,1440,0,7257
924,10,0,15,10,26323860,3629,1440,0,7267
925,11,0,15,10,26367480,3630,1440,0,7278
926,6,0,12,13,26409300,3631,1440,0,7284
927,14,0,13,12,26457240,3631,1440,0,7298
928,7,0,12,13,26491020,3632,1440,0,7305
929,8,0,8,17,26529240,3631,1440,0,7313
930,8,0,10,15,26541780,3630,1440,0,7321
931,6,0,7,18,26574960,3630,1440,0,7327
932,7,0,7,18,26584260,3628,1440,0,7334
933,3,0,5,20,26604480,3628,1440,0,7337
934,8,0,8,17,26614860,3627,1440,0,7345
935,4,0,8,17,26624280,3626,1440,0,7349
936,4,0,8,17,26645760,3627,1440,0,7353
937,8,0,9,16,26660100,3626,1440,0,7361
938,3,0,9,16,26677980,3627,1440,0,7364
939,3,0,7,18,26707740,3628,1440,0,7367
940,3,0,8,17,26713200,3628,1440,0,7370
941,4,0,6,19,26730300,3627,1440,0,7374
942,4,0,8,17,26741940,3628,1440,0,7378
943,6,0,10,15,26764260,3629,1440,0,7384
944,8,0,9,16,26789040,3628,1440,0,7392
945,10,0,13,12,26803080,3627,1440,0,7402
946,9,0,15,10,26828940,3627,1440,0,7411
947,11,0,16,9,26873520,3628,1440,0,7422
948,13,0,15,10,26918520,3627,1440,0,7435
949,6,0,10,15,26957580,3627,1440,0,7441
950,15,0,10,15,27002280,3626,1440,0,7456
951,8,0,13,12,27020100,3626,1440,0,7464
952,11,0,12,13,27053160,3624,1440,0,7475
953,10,0,13,12,27077220,3623,1440,0,7485
954,11,0,17,8,27097500,3623,1440,0,7496
955,4,0,8,17,27156180,3624,1440,0,7500
956,8,0,9,16,27168840,3622,1440,0,7508
957,7,0,9,16,27195420,3623,1440,0,7515
958,8,0,11,14,27218820,3623,1440,0,7523
959,4,0,10,15,27237300,3623,1440,0,7527
960,2,0,6,19,27274380,3625,1440,0,7529
961,5,0,9,16,27276960,3624,1440,0,7534
962,5,0,9,16,27297840,3625,1440,0,7539
963,4,0,6,19,27332700,3626,1440,0,7543
964,5,0,9,16,27336300,3625,1440,0,7548
965,10,0,12,13,27353640,3624,1440,0,7558
966,9,0,14,11,27370740,3623,1440,0,7567
967,8,0,12,13,27408300,3623,1440,0,7575
968,11,1,17,8,27435240,3625,1440,0,7586
969,9,0,20,5,27474540,3627,6240,0,7595
970,15,0,15,10,27550140,3627,6240,0,7610
971,3,0,9,16,27584760,3627,6240,0,7613
972,12,0,13,12,27610620,3627,6240,0,7625
973,12,0,13,12,27646500,3626,6240,0,7637
974,18,0,16,9,27695100,3625,6240,0,7655
975,12,0,18,7,27722640,3624,6240,0,7667
976,10,0,10,15,27788880,3624,6240,0,7677
977,8,0,12,13,27808440,3624,6240,0,7685
978,4,0,8,17,27858000,3626,6240,0,7689
979,4,0,7,18,27875760,3626,6240,0,7693
980,8,0,9,16,27885360,3625,6240,0,7701
981,6,0,9,16,27896640,3623,6240,0,7707
982,6,0,7,18,27921180,3623,6240,0,7713
983,7,0,7,18,27937020,3622,6240,0,7720
984,5,0,6,19,27961020,3622,6240,0,7725
985,5,0,7,18,27972960,3622,6240,0,7730
986,7,0,8,17,27990120,3621,6240,0,7737
987,8,0,13,12,28005660,3622,6240,0,7745
988,3,0,12,13,28029960,3623,6240,0,7748
989,4,0,9,16,28059840,3623,6240,0,7752
990,9,0,12,13,28088520,3624,6240,0,7761
991,6,0,11,14,28105440,3623,6240,0,7767
992,11,0,13,12,28145580,3624,6240,0,7778
993,5,0,8,17,28181820,3624,6240,0,7783
994,12,0,11,14,28209120,3623,6240,0,7795
995,10,0,12,13,28233420,3622,6240,0,7805
996,12,0,14,11,28256940,3621,6240,0,7817
997,8,0,15,10,28292880,3622,6240,0,7825
998,13,0,19,6,28328580,3623,6240,0,7838
999,10,0,15,10,28390200,3624,6240,0,7848
1000,12,0,16,9,28426440,3623,6240,0,7860
1001,7,0,9,16,28488900,3625,6240,0,7867
1002,10,0,12,13,28508880,3624,6240,0,7877
1003,7,0,11,14,28537680,3624,6240,0,7884
1004,7,0,7,18,28571280,3623,6240,0,7891
1005,12,0,15,10,28587120,3624,6240,0,7903
1006,8,0,14,11,28613460,3623,6240,0,7911
1007,4,0,9,16,28648980,3623,6240,0,7915
1008,3,0,7,18,28670520,3624,6240,0,7918
1009,6,0,8,17,28691880,3624,6240,0,7924
1010,4,0,9,16,28711320,3625,6240,0,7928
1011,4,0,5,20,28739220,3625,6240,0,7932
1012,2,0,5,20,28744380,3625,6240,0,7934
1013,6,0,10,15,28751940,3625,6240,0,7940
1014,8,0,13,12,28759920,3624,6240,0,7948
1015,9,0,12,13,28805220,3625,6240,0,7957
1016,10,0,14,11,28837020,3625,6240,0,7967
1017,8,0,13,12,28876980,3626,6240,0,7975
1018,6,0,10,15,28909140,3626,6240,0,7981
1019,12,0,15,10,28932300,3626,6240,0,7993
1020,14,0,17,8,28977420,3626,6240,0,8007
1021,10,0,15,10,29025900,3627,6240,0,8017
1022,10,0,14,11,29078520,3628,6240,0,8027
1023,13,0,15,10,29129160,3629,6240,0,8040
1024,14,0,19,6,29174520,3630,6240,0,8054
1025,11,0,18,7,29227920,3632,6240,0,8065
1026,6,0,12,13,29278080,3632,6240,0,8071
1027,9,0,10,15,29313180,3632,6240,0,8080
1028,10,0,14,11,29346000,3633,6240,0,8090
1029,4,0,9,16,29382000,3634,6240,0,8094
1030,2,0,5,20,29401860,3633,6240,0,8096
1031,5,0,7,18,29419740,3634,6240,0,8101
1032,3,0,7,18,29426760,3634,6240,0,8104
1033,3,0,7,18,29437800,3634,6240,0,8107
1034,7,0,10,15,29457840,3634,6240,0,8114
1035,13,0,13,12,29481480,3633,6240,0,8127
1036,9,0,10,15,29521080,3632,6240,0,8136
1037,8,0,12,13,29546220,3633,6240,0,8144
1038,3,0,8,17,29573640,3633,6240,0,8147
1039,6,0,11,14,29586000,3633,6240,0,8153
1040,7,0,12,13,29622180,3635,6240,0,8160
1041,6,0,11,14,29647800,3635,6240,0,8166
1042,11,0,12,13,29695680,3636,6240,0,8177
1043,7,0,11,14,29722020,3636,6240,0,8184
1044,9,0,12,13,29757660,3637,6240,0,8193
1045,11,0,12,13,29788260,3636,6240,0,8204
1046,14,0,17,8,29810520,3634,6240,0,8218
1047,12,0,15,10,29856120,3634,6240,0,8230
1048,16,0,20,5,29890620,3633,6240,0,8246
1049,15,0,21,4,29948700,3634,6240,0,8261
1050,8,0,13,12,30009780,3634,6300,0,8269
1051,12,0,17,8,30042600,3635,6300,0,8281
1052,10,0,11,14,30114840,3637,6300,0,8291
1053,7,0,12,13,30150360,3638,6300,0,8298
1054,8,0,11,14,30180540,3638,6300,0,8306
1055,3,0,6,19,30213600,3638,6300,0,8309
1056,4,0,6,19,30231300,3639,6300,0,8313
1057,10,0,8,17,30251940,3638,6300,0,8323
1058,5,0,9,16,30262440,3637,6300,0,8328
1059,4,0,12,13,30268320,3638,6300,0,8332
1060,6,0,9,16,30315360,3639,6300,0,8338
1061,11,0,11,14,30347580,3639,6300,0,8349
1062,9,0,11,14,30372780,3638,6300,0,8358
1063,5,0,8,17,30402960,3638,6300,0,8363
1064,12,0,11,14,30423960,3637,6300,0,8375
1065,6,0,8,17,30454260,3637,6300,0,8381
1066,11,0,13,12,30467700,3636,6300,0,8392
1067,14,0,14,11,30513180,3635,6300,0,8406
1068,8,0,10,15,30556740,3635,6300,0,8414
1069,12,0,13,12,30584220,3635,6300,0,8426
1070,9,0,16,9,30608640,3635,6300,0,8435
1071,7,0,12,13,30656700,3636,6300,0,8442
1072,13,0,13,12,30696360,3636,6300,0,8455
1073,8,0,12,13,30730860,3636,6300,0,8463
1074,8,0,10,15,30764880,3636,6300,0,8471
1075,7,0,11,14,30781380,3635,6300,0,8478
1076,8,0,10,15,30816000,3635,6300,0,8486
1077,9,0,15,10,30827460,3635,6300,0,8495
1078,2,0,11,14,30856500,3636,6300,0,8497
1079,8,0,7,18,30915540,3637,6300,0,8505
1080,6,0,8,17,30934980,3638,6300,0,8511
1081,4,0,10,15,30939000,3637,6300,0,8515
1082,1,0,6,19,30971400,3639,6300,0,8516
1083,8,0,10,15,30983160,3639,6300,0,8524
1084,4,0,9,16,31011420,3640,6300,0,8528
1085,5,0,8,17,31032480,3640,6300,0,8533
1086,5,0,8,17,31046400,3639,6300,0,8538
1087,14,0,15,10,31057860,3638,6300,0,8552
1088,7,0,14,11,31089540,3638,6300,0,8559
1089,5,0,8,17,31151460,3640,6300,0,8564
1090,11,0,11,14,31168080,3639,6300,0,8575
1091,7,0,12,13,31191240,3639,6300,0,8582
1092,10,0,10,15,31239120,3640,6300,0,8592
1093,14,0,18,7,31260660,3640,6300,0,8606
1094,11,0,20,5,31294620,3640,6300,0,8617
1095,11,0,13,12,31380240,3642,6300,0,8628
1096,7,0,10,15,31422780,3643,6300,0,8635
1097,9,0,14,11,31450380,3644,6300,0,8644
1098,5,0,13,12,31479180,3645,6300,0,8649
1099,8,0,9,16,31523220,3645,6300,0,8657
1100,6,0,9,16,31549320,3645,6300,0,8663
1101,8,0,9,16,31575780,3645,6300,0,8671
1102,6,0,10,15,31590720,3644,6300,0,8677
1103,4,0,9,16,31609080,3644,6300,0,8681
1104,3,0,9,16,31617240,3644,6300,0,8684
1105,4,0,8,17,31643160,3645,6300,0,8688
1106,7,0,8,17,31664700,3645,6300,0,8695
1107,2,0,6,19,31672800,3644,6300,0,8697
1108,5,0,7,18,31688460,3644,6300,0,8702
1109,3,0,6,19,31694100,3643,6300,0,8705
1110,9,0,10,15,31718280,3644,6300,0,8714
1111,4,0,10,15,31728120,3643,6300,0,8718
1112,9,0,12,13,31750980,3643,6300,0,8727
1113,5,0,9,16,31786260,3643,6300,0,8732
1114,13,0,13,12,31815240,3643,6300,0,8745
1115,6,0,11,14,31839720,3642,6300,0,8751
1116,13,0,16,9,31870860,3643,6300,0,8764
1117,15,0,19,6,31901700,3641,6300,0,8779
1118,15,0,13,12,31973100,3641,6300,0,8794
1119,12,0,13,12,32005260,3639,6300,0,8806
1120,7,0,10,15,32034180,3639,6300,0,8813
1121,11,0,13,12,32056080,3638,6300,0,8824
1122,7,0,7,18,32101020,3637,6300,0,8831
1123,14,0,13,12,32126040,3637,6300,0,8845
1124,9,0,14,11,32140860,3635,6300,0,8854
1125,6,0,12,13,32179440,3636,6300,0,8860
1126,6,0,8,17,32223120,3637,6300,0,8866
1127,8,0,12,13,32230080,3636,6300,0,8874
1128,6,0,11,14,32262060,3637,6300,0,8880
1129,4,0,8,17,32288220,3637,6300,0,8884
1130,4,0,6,19,32316780,3638,6300,0,8888
1131,5,0,7,18,32331300,3638,6300,0,8893
1132,7,0,9,16,32340240,3637,6300,0,8900
1133,7,0,7,18,32368980,3636,6300,0,8907
1134,9,0,14,11,32372040,3636,6300,0,8916
1135,12,0,19,6,32392320,3635,6300,0,8928
1136,11,0,16,9,32444880,3636,6300,0,8939
1137,21,0,18,7,32508840,3635,6300,0,8960
1138,13,0,17,8,32553360,3634,6300,0,8973
1139,8,0,12,13,32596620,3634,6300,0,8981
1140,10,0,10,15,32631600,3633,6300,0,8991
1141,10,0,12,13,32654160,3632,6300,0,9001
1142,11,0,17,8,32678580,3632,6300,0,9012
1143,11,0,11,14,32741640,3633,6300,0,9023
1144,9,0,13,12,32762700,3632,6300,0,9032
1145,12,0,19,6,32786160,3632,6300,0,9044
1146,8,0,13,12,32850900,3634,6300,0,9052
1147,7,0,11,14,32892000,3635,6300,0,9059
1148,7,0,14,11,32909580,3635,6300,0,9066
1149,6,0,11,14,32946000,3636,6300,0,9072
1150,4,0,8,17,32982360,3637,6300,0,9076
1151,5,0,7,18,33011400,3638,6300,0,9081
1152,2,0,8,17,33012300,3637,6300,0,9083
1153,8,0,10,15,33035100,3637,6300,0,9091
1154,7,0,7,18,33071580,3637,6300,0,9098
1155,5,0,8,17,33087240,3637,6300,0,9103
1156,5,0,10,15,33095940,3637,6300,0,9108
1157,5,0,6,19,33130500,3637,6300,0,9113
1158,12,0,13,12,33143700,3637,6300,0,9125
1159,4,0,11,14,33161520,3636,6300,0,9129
1160,13,0,13,12,33207360,3637,6300,0,9142
1161,8,0,10,15,33241020,3636,6300,0,9150
1162,13,0,12,13,33271980,3635,6300,0,9163
1163,4,0,11,14,33291780,3636,6300,0,9167
1164,11,0,13,12,33330660,3636,6300,0,9178
1165,7,0,14,11,33351780,3636,6300,0,9185
1166,14,0,13,12,33403980,3636,6300,0,9199
1167,13,0,16,9,33431880,3635,6300,0,9212
1168,9,0,11,14,33482340,3635,6300,0,9221
1169,7,0,10,15,33517320,3636,6300,0,9228
1170,8,0,11,14,33541380,3635,6300,0,9236
1171,7,0,11,14,33565500,3635,6300,0,9243
1172,6,0,10,15,33586440,3635,6300,0,9249
1173,9,0,11,14,33616620,3635,6300,0,9258
1174,8,0,11,14,33637200,3634,6300,0,9266
1175,5,0,8,17,33670560,3634,6300,0,9271
1176,4,0,7,18,33694980,3635,6300,0,9275
1177,8,0,11,14,33708480,3635,6300,0,9283
1178,6,0,11,14,33725220,3634,6300,0,9289
1179,5,0,11,14,33741000,3634,6300,0,9294
1180,2,0,8,17,33761940,3635,6300,0,9296
1181,1,0,5,20,33790440,3636,6300,0,9297
1182,8,0,10,15,33805740,3636,6300,0,9305
1183,9,0,11,14,33828660,3636,6300,0,9314
1184,12,0,15,10,33853140,3635,6300,0,9326
1185,7,0,11,14,33899400,3636,6300,0,9333
1186,13,0,17,8,33925380,3636,6300,0,9346
1187,10,0,15,10,33964080,3636,6300,0,9356
1188,7,0,12,13,33995820,3635,6300,0,9363
1189,11,0,12,13,34048080,3636,6300,0,9374
1190,10,0,12,13,34083840,3636,6300,0,9384
1191,9,0,14,11,34116780,3637,6300,0,9393
1192,11,0,16,9,34157220,3638,6300,0,9404
1193,11,0,15,10,34192860,3637,6300,0,9415
1194,10,0,16,9,34240860,3639,6300,0,9425
1195,9,0,8,17,34300320,3638,6300,0,9434
1196,8,0,11,14,34312980,3638,6300,0,9442
1197,5,0,10,15,34342620,3639,6300,0,9447
1198,5,0,10,15,34357500,3638,6300,0,9452
1199,6,0,8,17,34389720,3639,6300,0,9458
1200,7,0,8,17,34409400,3638,6300,0,9465
1201,4,0,6,19,34438080,3639,6300,0,9469
1202,3,0,5,20,34455900,3639,6300,0,9472
1203,6,0,9,16,34459380,3639,6300,0,9478
1204,4,0,7,18,34478580,3638,6300,0,9482
1205,8,0,8,17,34501680,3638,6300,0,9490
1206,10,0,12,13,34514520,3637,6300,0,9500
1207,7,0,10,15,34533360,3636,6300,0,9507
1208,13,0,12,13,34567800,3635,6300,0,9520
1209,10,0,13,12,34592940,3634,6300,0,9530
1210,7,0,7,18,34638360,3634,6300,0,9537
1211,13,0,13,12,34659840,3634,6300,0,9550
1212,16,0,21,4,34678440,3633,6300,0,9566
1213,11,0,16,9,34742880,3633,6300,0,9577
1214,4,0,12,13,34784220,3635,6300,0,9581
1215,13,0,18,7,34811280,3635,6300,0,9594
1216,17,0,21,4,34851420,3634,6300,0,9611
1217,10,0,18,7,34904460,3634,6300,0,9621
1218,5,0,13,12,34967820,3637,6300,0,9626
1219,7,0,11,14,35017860,3639,6300,0,9633
1220,10,0,13,12,35042940,3638,6300,0,9643
1221,4,0,8,17,35074140,3638,6300,0,9647
1222,7,0,7,18,35091480,3637,6300,0,9654
1223,5,0,8,17,35109180,3637,6300,0,9659
1224,7,0,8,17,35131860,3637,6300,0,9666
1225,10,0,12,13,35145900,3636,6300,0,9676
1226,5,0,8,17,35178960,3636,6300,0,9681
1227,6,0,8,17,35199300,3636,6300,0,9687
1228,3,0,4,21,35221800,3636,6300,0,9690
1229,8,0,6,19,35233200,3635,6300,0,9698
1230,8,0,14,11,35233200,3635,6300,0,9706
1231,7,0,13,12,35260260,3635,6300,0,9713
1232,10,0,13,12,35296440,3635,6300,0,9723
1233,8,0,14,11,35328840,3635,6300,0,9731
1234,9,0,10,15,35381700,3636,6300,0,9740
1235,9,0,10,15,35401800,3635,6300,0,9749
1236,9,0,11,14,35438640,3635,6300,0,9758
1237,14,0,13,12,35471640,3634,6300,0,9772
1238,10,0,11,14,35502180,3633,6300,0,9782
1239,13,0,15,10,35543220,3634,6300,0,9795
1240,9,0,14,11,35571720,3633,6300,0,9804
1241,9,0,12,13,35613420,3633,6300,0,9813
1242,13,0,15,10,35644560,3633,6300,0,9826
1243,10,0,14,11,35692800,3633,6300,0,9836
1244,6,0,14,11,35718660,3634,6300,0,9842
1245,11,0,15,10,35761500,3635,6300,0,9853
1246,5,0,9,16,35820780,3636,6300,0,9858
1247,6,0,11,14,35838000,3637,6300,0,9864
1248,4,0,8,17,35866260,3637,6300,0,9868
1249,5,0,10,15,35877420,3637,6300,0,9873
1250,3,0,7,18,35910120,3638,6300,0,9876
1251,4,0,7,18,35916180,3637,6300,0,9880
1252,7,0,9,16,35940360,3638,6300,0,9887
1253,6,0,10,15,35956080,3638,6300,0,9893
1254,12,0,12,13,35989440,3637,6300,0,9905
1255,5,0,9,16,36016440,3637,6300,0,9910
1256,18,0,17,8,36046140,3636,6300,0,9928
1257,7,0,11,14,36080760,3635,6300,0,9935
1258,10,0,12,13,36115560,3635,6300,0,9945
1259,16,0,14,11,36149280,3634,6300,0,9961
1260,13,0,15,10,36185460,3633,6300,0,9974
1261,16,0,21,4,36206220,3631,6300,0,9990
1262,8,0,9,16,36279720,3631,6360,0,9998
1263,12,0,14,11,36305220,3631,6360,0,10010
1264,9,0,12,13,36346440,3632,6360,0,10019
1265,12,0,16,9,36379320,3632,6360,0,10031
1266,9,0,13,12,36422400,3632,6360,0,10040
1267,8,0,13,12,36456480,3632,6360,0,10048
1268,17,0,16,9,36503100,3632,6360,0,10065
1269,10,0,15,10,36544020,3632,6360,0,10075
1270,12,0,15,10,36586920,3632,6360,0,10087
1271,10,0,13,12,36637440,3633,6360,0,10097
1272,2,0,8,17,36671700,3634,6360,0,10099
1273,7,0,9,16,36703920,3635,6360,0,10106
1274,7,0,8,17,36719820,3633,6360,0,10113
1275,3,0,6,19,36738960,3633,6360,0,10116
1276,12,0,9,16,36760920,3632,6360,0,10128
1277,7,0,10,15,36775620,3632,6360,0,10135
1278,5,0,9,16,36794280,3631,6360,0,10140
1279,3,0,9,16,36809700,3632,6360,0,10143
1280,12,0,11,14,36834360,3631,6360,0,10155
1281,6,0,10,15,36855600,3630,6360,0,10161
1282,10,0,11,14,36881460,3630,6360,0,10171
1283,9,0,11,14,36902700,3628,6360,0,10180
1284,19,0,21,4,36926400,3628,6360,0,10199
1285,10,0,17,8,36978600,3628,6360,0,10209
1286,12,0,14,11,37032000,3628,6360,0,10221
1287,9,0,16,9,37070820,3629,6360,0,10230
1288,9,0,12,13,37122660,3629,6360,0,10239
1289,11,0,15,10,37153020,3629,6360,0,10250
1290,8,0,11,14,37185120,3628,6360,0,10258
1291,11,0,16,9,37222500,3630,6360,0,10269
1292,3,0,8,17,37263360,3630,6360,0,10272
1293,7,0,10,15,37282920,3630,6360,0,10279
1294,5,0,10,15,37312560,3631,6360,0,10284
1295,7,0,10,15,37335480,3631,6360,0,10291
1296,9,0,10,15,37368240,3631,6360,0,10300
1297,9,0,11,14,37391040,3630,6360,0,10309
1298,3,0,8,17,37418940,3631,6360,0,10312
1299,8,0,12,13,37444740,3632,6360,0,10320
1300,5,0,10,15,37472040,3632,6360,0,10325
1301,10,0,12,13,37504800,3633,6360,0,10335
1302,6,0,10,15,37533480,3633,6360,0,10341
1303,13,0,18,7,37560540,3633,6360,0,10354
1304,9,0,12,13,37612680,3633,6360,0,10363
1305,13,0,16,9,37648980,3634,6360,0,10376
1306,8,0,13,12,37688100,3633,6360,0,10384
1307,11,0,16,9,37719480,3634,6360,0,10395
1308,6,0,12,13,37762380,3634,6360,0,10401
1309,17,0,21,4,37797420,3635,6360,0,10418
1310,15,0,16,9,37869000,3635,6360,0,10433
1311,10,0,14,11,37909440,3635,6360,0,10443
1312,13,0,15,10,37956900,3635,6360,0,10456
1313,6,0,10,15,37997820,3635,6360,0,10462
1314,7,0,12,13,38017500,3635,6360,0,10469
1315,12,0,14,11,38044680,3634,6360,0,10481
1316,8,0,14,11,38080740,3635,6360,0,10489
1317,4,0,7,18,38130480,3636,6360,0,10493
1318,8,0,11,14,38134680,3635,6360,0,10501
1319,7,0,8,17,38180460,3636,6360,0,10508
1320,8,0,8,17,38196180,3634,6360,0,10516
1321,6,0,8,17,38210940,3634,6360,0,10522
1322,11,0,14,11,38230320,3634,6360,0,10533
1323,9,0,12,13,38266800,3634,6360,0,10542
1324,4,0,9,16,38296980,3634,6360,0,10546
1325,11,0,11,14,38336940,3635,6360,0,10557
1326,7,0,12,13,38352480,3634,6360,0,10564
1327,12,0,13,12,38391900,3634,6360,0,10576
1328,8,0,11,14,38435100,3635,6360,0,10584
1329,9,0,11,14,38463900,3634,6360,0,10593
1330,10,0,14,11,38493240,3635,6360,0,10603
1331,10,0,18,7,38524860,3636,6360,0,10613
1332,9,0,11,14,38595180,3637,6360,0,10622
1333,5,0,9,16,38611740,3636,6360,0,10627
1334,17,0,16,9,38651520,3636,6360,0,10644
1335,14,0,16,9,38690160,3635,6360,0,10658
1336,5,0,14,11,38724060,3636,6360,0,10663
1337,6,0,7,18,38775840,3636,6360,0,10669
1338,8,0,9,16,38790540,3636,6360,0,10677
1339,7,0,13,12,38798580,3635,6360,0,10684
1340,5,0,10,15,38824620,3635,6360,0,10689
1341,6,0,8,17,38872200,3637,6360,0,10695
1342,11,0,11,14,38897820,3637,6360,0,10706
1343,3,0,10,15,38917140,3637,6360,0,10709
1344,10,0,9,16,38958900,3637,6360,0,10719
1345,6,0,12,13,38963520,3637,6360,0,10725
1346,5,0,11,14,38977740,3636,6360,0,10730
1347,2,0,11,14,38979600,3635,6360,0,10732
1348,6,0,14,11,38998980,3636,6360,0,10738
1349,8,0,17,8,39019560,3636,6360,0,10746
1350,8,0,16,9,39041040,3635,6360,0,10754
1351,4,0,14,11,39073380,3636,6360,0,10758
1352,10,0,21,4,39081360,3636,6360,0,10768
1353,10,0,17,8,39131040,3636,6360,0,10778
1354,11,0,17,8,39163620,3635,6360,0,10789
1355,13,0,18,7,39202380,3635,6360,0,10802
1356,15,0,20,5,39231120,3633,6360,0,10817
1357,16,0,24,1,39279000,3633,6360,0,10833
1358,16,2,25,0,39317160,3633,7680,0,10849
1359,8,0,18,7,39386520,3633,9780,0,10857
1360,8,0,17,8,39430920,3634,9780,0,10865
1361,11,0,17,8,39470400,3634,9780,0,10876
1362,5,0,11,14,39504240,3634,9780,0,10881
1363,11,0,16,9,39515280,3633,9780,0,10892
1364,5,0,14,11,39535140,3632,9780,0,10897
1365,5,0,16,9,39556680,3633,9780,0,10902
1366,8,0,16,9,39585480,3633,9780,0,10910
1367,2,0,10,15,39623820,3634,9780,0,10912
1368,3,0,10,15,39640860,3635,9780,0,10915
1369,6,0,12,13,39646800,3634,9780,0,10921
1370,2,0,9,16,39666060,3634,9780,0,10923
1371,3,0,11,14,39670320,3634,9780,0,10926
1372,6,0,13,12,39681540,3634,9780,0,10932
1373,10,0,14,11,39700080,3632,9780,0,10942
1374,5,0,13,12,39721800,3632,9780,0,10947
1375,10,0,15,10,39739140,3631,9780,0,10957
1376,5,0,15,10,39753660,3631,9780,0,10962
1377,10,0,17,8,39787020,3631,9780,0,10972
1378,10,0,19,6,39813840,3631,9780,0,10982
1379,10,0,16,9,39849780,3630,9780,0,10992
1380,13,0,19,6,39869040,3629,9780,0,11005
1381,10,0,15,10,39909660,3628,9780,0,11015
1382,11,0,17,8,39940980,3628,9780,0,11026
1383,15,0,22,3,39966900,3627,9780,0,11041
1384,4,0,16,9,40025760,3629,9780,0,11045
1385,19,0,24,1,40055580,3628,9780,0,11064
1386,4,0,18,7,40093320,3628,9780,0,11068
1387,9,0,15,10,40142640,3628,9780,0,11077
1388,7,0,14,11,40173840,3629,9780,0,11084
1389,6,0,15,10,40182180,3628,9780,0,11090
1390,10,0,17,8,40204560,3627,9780,0,11100
1391,4,0,11,14,40248120,3628,9780,0,11104
1392,6,0,12,13,40265280,3628,9780,0,11110
1393,3,0,12,13,40270020,3627,9780,0,11113
1394,3,0,12,13,40284780,3627,9780,0,11116
1395,5,0,12,13,40298460,3627,9780,0,11121
1396,4,0,13,12,40309980,3627,9780,0,11125
1397,8,0,16,9,40329900,3627,9780,0,11133
1398,4,0,15,10,40347540,3627,9780,0,11137
1399,8,0,16,9,40383600,3628,9780,0,11145
1400,7,0,16,9,40403880,3628,9780,0,11152
1401,8,0,15,10,40439280,3628,9780,0,11160
1402,8,0,13,12,40467120,3627,9780,0,11168
1403,9,0,17,8,40484040,3627,9780,0,11177
1404,9,0,18,7,40510860,3627,9780,0,11186
1405,12,0,18,7,40548300,3626,9780,0,11198
1406,10,0,15,10,40590300,3626,9780,0,11208
1407,13,0,17,8,40613100,3624,9780,0,11221
1408,14,0,23,2,40640520,3624,10620,0,11235
1409,12,0,20,5,40708560,3625,10620,0,11247
1410,9,0,19,6,40742280,3625,10620,0,11256
1411,12,0,17,8,40790040,3625,10620,0,11268
1412,5,0,15,10,40823880,3626,10620,0,11273
1413,6,0,13,12,40853820,3626,10620,0,11279
1414,4,0,13,12,40865580,3626,10620,0,11283
1415,5,0,13,12,40881720,3625,10620,0,11288
1416,7,0,12,13,40908660,3625,10620,0,11295
1417,5,0,13,12,40920720,3625,10620,0,11300
1418,6,0,11,14,40947060,3625,10620,0,11306
1419,6,0,13,12,40956660,3624,10620,0,11312
1420,4,0,10,15,40973700,3624,10620,0,11316
1421,7,0,14,11,40976520,3623,10620,0,11323
1422,5,0,12,13,41003520,3623,10620,0,11328
1423,6,0,11,14,41022300,3622,10620,0,11334
1424,10,0,20,5,41023440,3622,10620,0,11344
1425,3,0,16,9,41048760,3622,10620,0,11347
1426,12,0,15,10,41099280,3622,10620,0,11359
1427,5,0,15,10,41124960,3623,10620,0,11364
1428,10,0,17,8,41155560,3623,10620,0,11374
1429,5,0,14,11,41180700,3623,10620,0,11379
1430,10,0,19,6,41196900,3623,10620,0,11389
1431,23,4,25,0,41241300,3623,10620,0,11412
1432,10,0,22,3,41307900,3623,18120,1,11422
1433,4,0,14,11,41354940,3623,18120,1,11426
1434,10,0,19,6,41371500,3623,18120,1,11436
1435,10,0,23,2,41396760,3623,18120,1,11446
1436,5,0,15,10,41472600,3626,18120,1,11451
1437,7,0,16,9,41502780,3627,18120,1,11458
1438,11,0,17,8,41532480,3626,18120,1,11469
1439,4,0,15,10,41554500,3626,18120,1,11473
1440,4,0,13,12,41589840,3627,18120,1,11477
1441,8,0,16,9,41611860,3628,18120,1,11485
1442,10,0,19,6,41635440,3628,18120,1,11495
1443,6,0,16,9,41680740,3629,18120,1,11501
1444,3,0,12,13,41715240,3629,18120,1,11504
1445,11,0,21,4,41723160,3629,18120,1,11515
1446,0,0,11,14,41772780,3631,18120,1,11515
1447,7,0,15,10,41787960,3631,18120,1,11522
1448,13,0,19,6,41817780,3631,18120,1,11535
1449,5,0,16,9,41851320,3631,18120,1,11540
1450,13,0,20,5,41876400,3631,18120,1,11553
1451,6,0,18,7,41911980,3631,18120,1,11559
1452,13,0,18,7,41966100,3632,18120,1,11572
1453,9,0,15,10,42008100,3632,18120,1,11581
1454,8,0,15,10,42020700,3630,18120,1,11589
1455,9,0,17,8,42045240,3630,18120,1,11598
1456,8,0,20,5,42067380,3630,18120,1,11606
1457,8,0,16,9,42122160,3631,18120,1,11614
1458,10,0,19,6,42154440,3632,18120,1,11624
1459,12,5,15,10,42188880,3631,19380,1,11636
1460,3,4,15,10,42215400,3632,26520,2,11639
1461,7,3,20,5,42226740,3633,44640,3,11646
1462,11,0,18,7,42286140,3633,57780,4,11657
1463,2,0,12,13,42333720,3634,57780,4,11659
1464,5,0,13,12,42344160,3634,57780,4,11664
1465,8,0,16,9,42358740,3634,57780,4,11672
1466,6,0,18,7,42372840,3634,57780,4,11678
1467,3,0,14,11,42398940,3634,57780,4,11681
1468,7,0,14,11,42435180,3635,57780,4,11688
1469,2,0,11,14,42458460,3635,57780,4,11690
1470,7,0,12,13,42471660,3634,57780,4,11697
1471,5,0,12,13,42490620,3634,57780,4,11702
1472,7,0,16,9,42505080,3635,57780,4,11709
1473,5,0,17,8,42525660,3635,57780,4,11714
1474,10,0,19,6,42558840,3635,57780,4,11724
1475,8,0,13,12,42613860,3636,57780,4,11732
1476,11,0,18,7,42629220,3635,57780,4,11743
1477,3,0,13,12,42657540,3635,57780,4,11746
1478,5,0,13,12,42681360,3636,57780,4,11751
1479,13,0,18,7,42705480,3635,57780,4,11764
1480,9,0,19,6,42729420,3635,57780,4,11773
1481,13,0,24,1,42761700,3635,57780,4,11786
1482,11,0,21,4,42816840,3635,59400,5,11797
1483,7,0,13,12,42884820,3637,59400,5,11804
1484,8,0,16,9,42901020,3636,59400,5,11812
1485,3,0,15,10,42919620,3637,59400,5,11815
1486,7,0,13,12,42951960,3637,59400,5,11822
1487,9,0,19,6,42963240,3637,59400,5,11831
1488,5,0,14,11,42995520,3636,59400,5,11836
1489,5,0,16,9,43014600,3637,59400,5,11841
1490,7,0,15,10,43048980,3638,59400,5,11848
1491,5,0,15,10,43071840,3638,59400,5,11853
1492,5,0,14,11,43094160,3638,59400,5,11858
1493,4,0,12,13,43118340,3638,59400,5,11862
1494,7,0,16,9,43132500,3638,59400,5,11869
1495,11,0,19,6,43155600,3638,59400,5,11880
1496,11,0,18,7,43200240,3638,59400,4,11891
1497,11,0,18,7,43231200,3637,59400,4,11902
1498,9,0,19,6,43269060,3638,59400,4,11911
1499,11,0,17,8,43305240,3637,59400,4,11922
1500,9,0,16,9,43331280,3636,59400,4,11931
1501,10,0,17,8,43351440,3635,59400,4,11941
1502,13,0,20,5,43396020,3636,59400,4,11954
1503,7,0,16,9,43432380,3636,59400,4,11961
1504,8,0,17,8,43458900,3636,59400,4,11969
1505,7,0,15,10,43493520,3636,59400,4,11976
1506,9,0,12,13,43530480,3635,59400,4,11985
1507,6,0,15,10,43542600,3635,59400,4,11991
1508,10,0,22,3,43551960,3635,59400,4,12001
1509,5,0,12,13,43611660,3636,59400,4,12006
1510,8,0,15,10,43635300,3636,59400,4,12014
1511,7,0,15,10,43662360,3636,59400,4,12021
1512,6,0,17,8,43672860,3636,59400,4,12027
1513,5,0,13,12,43715100,3637,59400,4,12032
1514,7,0,16,9,43731540,3637,59400,4,12039
1515,7,0,17,8,43751640,3637,59400,4,12046
1516,11,0,16,9,43799340,3637,59400,4,12057
1517,5,0,16,9,43821120,3637,59400,4,12062
1518,4,0,13,12,43846620,3637,59400,4,12066
1519,7,0,15,10,43863600,3637,59400,4,12073
1520,7,0,16,9,43894020,3638,59400,4,12080
1521,14,0,22,3,43914840,3637,59400,4,12094
1522,4,0,19,6,43944180,3638,59400,4,12098
1523,11,0,20,5,43994520,3639,59400,4,12109
1524,5,0,16,9,44031660,3639,59400,4,12114
1525,14,0,18,7,44073960,3639,59400,4,12128
1526,13,0,22,3,44100840,3638,59400,4,12141
1527,13,0,20,5,44146500,3638,59700,4,12154
1528,17,3,25,0,44181060,3638,59760,4,12171
1529,7,0,17,8,44245500,3638,60780,4,12178
1530,8,0,16,9,44278260,3638,60780,4,12186
1531,9,0,16,9,44300820,3637,60780,4,12195
1532,8,0,14,11,44326260,3636,60780,4,12203
1533,7,0,15,10,44351520,3636,60780,4,12210
1534,7,0,19,6,44363880,3636,60780,4,12217
1535,6,0,16,9,44407980,3637,60780,4,12223
1536,6,0,15,10,44436060,3638,60780,4,12229
1537,5,0,14,11,44464860,3638,60780,4,12234
1538,6,0,13,12,44482020,3638,60780,4,12240
1539,11,0,16,9,44507400,3637,60780,4,12251
1540,10,0,18,7,44524260,3636,60780,4,12261
1541,9,0,20,5,44540640,3635,60780,4,12270
1542,4,0,12,13,44613420,3638,60780,4,12274
1543,8,0,12,13,44635140,3637,60780,4,12282
1544,8,0,14,11,44652240,3637,60780,4,12290
1545,8,0,18,7,44659380,3636,60780,4,12298
1546,10,0,16,9,44702400,3636,60780,4,12308
1547,10,0,16,9,44731380,3636,60780,4,12318
1548,17,0,23,2,44766780,3636,60780,4,12335
1549,17,6,25,0,44786940,3635,66300,5,12352
1550,11,0,21,4,44880720,3636,84300,6,12363
1551,10,0,20,5,44920860,3636,84300,6,12373
1552,12,0,24,1,44955420,3636,84300,6,12385
1553,10,1,23,2,44987280,3636,84300,6,12395
1554,10,0,17,8,45059580,3637,87240,7,12405
1555,7,0,18,7,45094260,3638,87240,7,12412
1556,5,0,14,11,45128400,3638,87240,7,12417
1557,3,0,12,13,45157080,3639,87240,7,12420
1558,5,0,12,13,45171960,3639,87240,7,12425
1559,4,0,12,13,45181680,3638,87240,7,12429
1560,7,0,11,14,45205140,3638,87240,7,12436
1561,1,0,9,16,45215940,3638,87240,7,12437
1562,3,0,11,14,45219840,3638,87240,7,12440
1563,6,0,16,9,45224820,3638,87240,7,12446
1564,5,0,14,11,45245280,3637,87240,7,12451
1565,5,0,14,11,45271500,3638,87240,7,12456
1566,9,0,19,6,45292320,3639,87240,6,12465
1567,5,0,15,10,45324540,3639,87240,6,12470
1568,7,0,18,7,45341400,3639,87240,6,12477
1569,8,0,17,8,45377760,3639,87240,6,12485
1570,10,0,17,8,45412800,3639,87240,6,12495
1571,11,0,15,10,45444720,3638,87240,6,12506
1572,11,4,20,5,45449100,3637,87300,6,12517
1573,9,0,22,3,45502200,3639,97920,7,12526
1574,13,6,17,8,45565260,3640,103080,8,12539
1575,15,8,25,0,45583080,3640,120600,9,12554
1576,13,0,21,4,45661200,3639,144840,11,12567
1577,10,0,16,9,45707220,3638,144840,11,12577
1578,10,0,18,7,45730680,3638,144840,11,12587
1579,7,0,16,9,45767700,3638,144840,11,12594
1580,4,0,12,13,45804120,3639,144840,11,12598
1581,6,0,14,11,45813120,3638,144840,11,12604
1582,5,0,13,12,45835620,3638,144840,11,12609
1583,6,0,13,12,45857820,3638,144840,11,12615
1584,6,0,14,11,45873360,3638,144840,11,12621
1585,2,0,10,15,45894780,3638,144840,11,12623
1586,4,0,11,14,45903060,3638,144840,11,12627
1587,6,0,15,10,45912900,3638,144840,11,12633
1588,8,0,19,6,45923160,3638,144840,11,12641
1589,6,0,17,8,45962280,3639,144840,11,12647
1590,6,0,17,8,45993060,3639,144840,11,12653
1591,12,0,20,5,46030140,3640,144840,11,12665
1592,5,0,17,8,46060380,3640,144840,11,12670
1593,11,0,18,7,46102620,3640,144840,11,12681
1594,8,0,17,8,46143060,3641,144840,11,12689
1595,8,0,17,8,46174800,3641,144840,11,12697
1596,11,0,20,5,46205280,3641,144840,11,12708
1597,9,0,18,7,46251420,3642,144840,11,12717
1598,8,0,18,7,46283460,3642,144840,11,12725
1599,10,0,17,8,46317060,3641,144840,11,12735
1600,16,0,23,2,46349820,3641,144840,11,12751
1601,14,3,25,0,46377180,3641,146280,11,12765
1602,8,6,18,7,46440600,3642,155040,12,12773
1603,8,2,22,3,46478280,3643,173700,13,12781
1604,4,0,14,11,46531860,3643,183240,14,12785
1605,10,0,15,10,46565940,3643,183240,14,12795
1606,4,0,12,13,46585200,3643,183240,14,12799
1607,3,0,12,13,46596360,3643,183240,14,12802
1608,5,0,13,12,46608240,3642,183240,14,12807
1609,5,0,14,11,46618860,3642,183240,14,12812
1610,5,0,14,11,46636560,3642,183240,14,12817
1611,6,0,14,11,46657440,3642,183240,14,12823
1612,5,0,13,12,46689480,3643,183240,14,12828
1613,8,0,16,9,46699140,3642,183240,14,12836
1614,8,0,18,7,46725540,3643,183240,14,12844
1615,5,0,11,14,46773900,3643,183240,14,12849
1616,10,0,16,9,46786620,3642,183240,14,12859
1617,7,0,14,11,46812780,3642,183240,14,12866
1618,9,0,18,7,46830060,3642,183240,14,12875
1619,10,0,18,7,46863300,3642,183240,14,12885
1620,10,0,17,8,46889400,3641,183240,14,12895
1621,13,0,21,4,46920180,3640,183240,14,12908
1622,10,0,17,8,46965480,3640,183240,14,12918
1623,16,0,21,4,47000640,3639,183240,14,12934
1624,9,0,20,5,47046660,3640,183240,14,12943
1625,10,0,18,7,47083920,3640,183240,14,12953
1626,8,0,14,11,47136180,3640,183240,14,12961
1627,6,0,13,12,47149380,3639,183240,14,12967
1628,6,0,13,12,47173860,3639,183240,14,12973
1629,10,0,17,8,47185380,3639,183240,14,12983
1630,6,0,17,8,47220360,3640,183240,14,12989
1631,6,0,14,11,47250660,3639,183240,14,12995
1632,4,0,14,11,47274480,3640,183240,14,12999
1633,9,0,17,8,47297760,3640,183240,14,13008
1634,10,0,21,4,47308980,3639,183240,14,13018
1635,4,0,13,12,47367960,3641,183240,14,13022
1636,1,0,11,14,47387280,3641,183240,14,13023
1637,6,0,12,13,47415000,3642,183240,14,13029
1638,3,0,10,15,47440440,3643,183240,14,13032
1639,10,0,15,10,47448540,3642,183240,14,13042
1640,9,0,14,11,47471460,3641,183240,14,13051
1641,14,0,20,5,47482800,3639,183240,14,13065
1642,7,0,21,4,47498520,3639,183240,14,13072
1643,9,0,17,8,47569200,3641,183420,14,13081
1644,8,0,19,6,47605920,3642,183420,14,13089
1645,14,0,20,5,47643780,3641,183420,13,13103
1646,10,0,21,4,47678220,3641,183420,13,13113
1647,8,0,18,7,47728320,3642,183420,13,13121
1648,11,0,19,6,47765520,3642,183420,13,13132
1649,16,0,21,4,47821920,3643,183420,13,13148
1650,8,0,20,5,47857380,3643,183420,13,13156
1651,12,0,22,3,47906940,3644,183420,13,13168
1652,7,0,15,10,47961060,3644,183420,13,13175
1653,7,0,15,10,47983380,3644,183420,13,13182
1654,9,0,19,6,48015360,3645,183420,13,13191
1655,6,0,15,10,48047640,3644,183420,13,13197
1656,2,0,13,12,48072780,3645,183420,13,13199
1657,7,0,14,11,48102420,3646,183420,13,13206
1658,5,0,14,11,48124680,3646,183420,13,13211
1659,9,0,20,5,48137640,3646,183420,13,13220
1660,8,0,17,8,48182880,3647,183420,13,13228
1661,2,0,13,12,48212040,3647,183420,13,13230
1662,10,0,16,9,48234600,3647,183420,13,13240
1663,7,0,15,10,48267000,3647,183420,13,13247
1664,9,0,19,6,48283980,3647,183420,13,13256
1665,12,0,24,1,48324840,3648,184380,13,13268
1666,13,0,24,1,48371040,3648,185820,13,13281
1667,11,0,20,5,48423300,3648,185820,13,13292
1668,11,0,18,7,48472200,3648,185820,13,13303
1669,14,0,21,4,48505140,3648,185820,13,13317
1670,16,5,22,3,48538560,3647,186960,14,13333
1671,8,0,19,6,48613260,3649,201900,15,13341
1672,13,0,18,7,48646920,3647,201900,15,13354
1673,6,0,14,11,48679620,3647,201900,15,13360
1674,7,0,15,10,48709260,3648,201900,15,13367
1675,4,0,13,12,48726360,3647,201900,15,13371
1676,5,0,9,16,48758520,3647,201900,15,13376
1677,8,0,15,10,48761040,3647,201900,15,13384
1678,4,0,13,12,48780540,3647,201900,15,13388
1679,5,0,12,13,48804180,3647,201900,15,13393
1680,5,0,13,12,48816360,3647,201900,15,13398
1681,6,0,12,13,48832680,3646,201900,15,13404
1682,4,0,10,15,48848400,3645,201900,15,13408
1683,7,0,12,13,48860340,3645,201900,15,13415
1684,6,0,12,13,48876900,3645,201900,15,13421
1685,7,0,14,11,48892140,3644,201900,15,13428
1686,7,0,13,12,48905640,3643,201900,15,13435
1687,5,0,11,14,48940020,3644,201900,15,13440
1688,7,0,14,11,48948120,3643,201900,15,13447
1689,8,0,17,8,48964980,3643,201900,15,13455
1690,7,0,17,8,48984120,3643,201900,14,13462
1691,11,0,22,3,49026660,3644,201900,14,13473
1692,14,0,22,3,49069860,3644,201900,14,13487
1693,10,0,17,8,49132080,3644,201900,14,13497
1694,8,0,18,7,49151940,3644,201900,14,13505
1695,9,0,17,8,49192740,3644,201900,14,13514
1696,15,0,19,6,49235040,3644,201900,14,13529
1697,13,0,17,8,49277220,3643,201900,14,13542
1698,6,0,17,8,49298640,3643,201900,14,13548
1699,11,0,18,7,49341480,3643,201900,14,13559
1700,10,0,18,7,49376460,3643,201900,14,13569
1701,5,0,17,8,49406760,3644,201900,14,13574
1702,7,0,14,11,49449300,3644,201900,14,13581
1703,5,0,14,11,49470360,3645,201900,14,13586
1704,4,0,13,12,49488480,3645,201900,14,13590
1705,6,0,15,10,49509600,3645,201900,14,13596
1706,4,0,13,12,49528740,3645,201900,14,13600
1707,5,0,11,14,49550580,3645,201900,14,13605
1708,10,0,16,9,49562640,3644,201900,14,13615
1709,3,0,14,11,49580700,3644,201900,14,13618
1710,9,0,16,9,49608060,3644,201900,14,13627
1711,5,0,16,9,49628340,3644,201900,14,13632
1712,10,0,17,8,49664520,3645,201900,14,13642
1713,9,0,18,7,49689360,3644,201900,14,13651
1714,10,0,22,3,49706100,3644,201900,14,13661
1715,7,0,17,8,49757220,3644,201900,14,13668
1716,13,0,16,9,49808580,3644,201900,14,13681
1717,9,0,19,6,49830840,3645,201900,14,13690
1718,12,0,19,6,49867020,3644,201900,14,13702
1719,14,0,19,6,49907820,3643,201900,14,13716
1720,6,0,12,13,49947780,3643,201900,14,13722
1721,18,0,17,8,49974420,3641,201900,14,13740
1722,8,0,16,9,50003760,3641,201900,14,13748
1723,10,0,16,9,50038200,3641,201900,14,13758
1724,6,0,14,11,50061180,3640,201900,14,13764
1725,7,0,14,11,50088840,3640,201900,14,13771
1726,2,0,12,13,50108700,3641,201900,14,13773
1727,7,0,14,11,50124480,3641,201900,14,13780
1728,6,0,12,13,50149380,3640,201900,14,13786
1729,8,0,11,14,50173620,3640,201900,14,13794
1730,6,0,12,13,50181060,3639,201900,14,13800
1731,3,0,12,13,50188620,3639,201900,14,13803
1732,7,0,17,8,50201640,3639,201900,14,13810
1733,7,0,14,11,50236980,3639,201900,14,13817
1734,13,0,19,6,50254680,3638,201900,14,13830
1735,4,0,14,11,50291100,3639,201900,14,13834
1736,9,0,15,10,50319540,3638,201900,14,13843
1737,8,0,16,9,50345640,3639,201900,14,13851
1738,8,0,13,12,50374140,3638,201900,14,13859
1739,8,0,17,8,50382840,3637,201900,14,13867
1740,7,0,16,9,50409540,3637,201900,14,13874
1741,10,0,15,10,50458380,3638,201900,14,13884
1742,12,0,18,7,50486940,3637,201900,14,13896
1743,12,0,17,8,50525820,3637,201900,14,13908
1744,11,0,20,5,50554440,3637,201900,14,13919
1745,7,0,16,9,50602800,3637,201900,14,13926
1746,5,0,12,13,50634180,3637,201900,14,13931
1747,9,0,16,9,50645280,3637,201900,14,13940
1748,4,0,16,9,50662920,3637,201900,14,13944
1749,8,0,18,7,50685180,3637,201900,14,13952
1750,9,0,14,11,50744520,3638,201900,14,13961
1751,11,0,17,8,50766660,3637,201900,14,13972
1752,3,0,13,12,50795160,3638,201900,14,13975
1753,8,0,14,11,50816220,3637,201900,14,13983
1754,4,0,12,13,50843340,3638,201900,14,13987
1755,4,0,14,11,50850060,3638,201900,14,13991
1756,5,0,16,9,50857140,3637,201900,14,13996
1757,8,0,14,11,50913120,3639,201900,14,14004
1758,5,0,13,12,50932320,3639,201900,14,14009
1759,4,0,11,14,50958000,3639,201900,14,14013
1760,2,0,12,13,50960280,3639,201900,14,14015
1761,14,0,18,7,50987700,3639,201900,14,14029
1762,5,0,12,13,51022800,3638,201900,14,14034
1763,15,0,20,5,51034920,3637,201900,14,14049
1764,14,0,23,2,51065880,3637,201900,14,14063
1765,14,0,20,5,51127740,3637,201900,14,14077
1766,9,0,24,1,51149700,3637,201900,14,14086
1767,7,0,19,6,51214860,3638,201900,14,14093
1768,10,0,18,7,51252660,3638,201900,14,14103
1769,9,0,16,9,51289620,3638,201900,14,14112
1770,10,0,16,9,51318000,3638,201900,14,14122
1771,11,0,17,8,51342600,3637,201900,14,14133
1772,9,0,17,8,51378120,3637,201900,14,14142
1773,7,0,18,7,51407580,3637,201900,14,14149
1774,7,0,13,12,51443880,3637,201900,14,14156
1775,5,0,13,12,51464580,3637,201900,14,14161
1776,8,0,11,14,51492780,3637,201900,14,14169
1777,2,0,10,15,51499980,3636,201900,14,14171
1778,1,0,9,16,51509340,3636,201900,14,14172
1779,6,0,12,13,51516120,3636,201900,14,14178
1780,5,0,13,12,51526140,3636,201900,14,14183
1781,7,0,14,11,51550620,3636,201900,14,14190
1782,4,0,10,15,51586080,3636,201900,14,14194
1783,10,0,14,11,51595020,3636,201900,14,14204
1784,13,0,22,3,51610680,3635,201900,14,14217
1785,10,0,22,3,51638640,3635,201900,14,14227
1786,8,0,20,5,51682800,3635,201900,14,14235
1787,4,0,14,11,51729480,3636,201900,14,14239
1788,8,0,13,12,51761760,3636,201900,14,14247
1789,15,0,21,4,51778260,3635,201900,14,14262
1790,10,0,15,10,51835200,3635,201900,14,14272
1791,9,0,14,11,51859920,3634,201900,14,14281
1792,9,0,14,11,51884580,3634,201900,14,14290
1793,16,0,23,2,51895980,3633,201900,14,14306
1794,10,0,19,6,51941400,3633,201900,14,14316
1795,7,0,16,9,51973500,3632,201900,14,14323
1796,8,0,12,13,52015080,3632,201900,14,14331
1797,7,0,12,13,52038960,3632,201900,14,14338
1798,3,0,14,11,52042800,3632,201900,14,14341
1799,4,0,11,14,52068660,3632,201900,14,14345
1800,4,0,11,14,52082460,3632,201900,14,14349
1801,7,0,15,10,52091940,3632,201900,14,14356
1802,8,0,17,8,52110060,3632,201900,14,14364
1803,4,0,14,11,52140840,3632,201900,14,14368
1804,8,0,14,11,52161120,3631,201900,14,14376
1805,10,0,20,5,52182780,3632,201900,14,14386
1806,9,0,20,5,52216920,3632,201900,14,14395
1807,7,0,19,6,52250880,3632,201900,14,14402
1808,5,0,14,11,52297440,3633,201900,14,14407
1809,12,0,19,6,52325280,3633,201900,14,14419
1810,4,0,12,13,52367100,3633,201900,13,14423
1811,13,0,19,6,52381380,3633,201900,13,14436
1812,10,0,19,6,52412460,3632,201900,13,14446
1813,9,0,19,6,52449240,3633,201900,13,14455
1814,8,0,15,10,52495560,3633,201900,13,14463
1815,9,0,13,12,52533180,3633,201900,13,14472
1816,14,0,22,3,52544460,3632,201900,13,14486
1817,12,0,20,5,52591080,3632,201900,13,14498
1818,6,0,17,8,52623900,3632,201900,13,14504
1819,11,0,16,9,52666920,3632,201900,13,14515
1820,5,0,14,11,52680600,3631,201900,13,14520
1821,9,0,15,10,52717800,3632,201900,13,14529
1822,4,0,11,14,52742580,3631,201900,13,14533
1823,7,0,17,8,52743720,3631,201900,13,14540
1824,2,0,12,13,52772640,3631,201900,13,14542
1825,7,0,16,9,52789740,3632,201900,13,14549
1826,2,0,12,13,52815720,3632,201900,13,14551
1827,7,0,11,14,52827300,3631,201900,13,14558
1828,6,0,12,13,52853160,3632,201900,13,14564
1829,8,0,14,11,52871280,3631,201900,13,14572
1830,9,0,16,9,52884480,3630,201900,13,14581
1831,7,0,15,10,52916460,3631,201900,13,14588
1832,7,0,15,10,52937700,3630,201900,13,14595
1833,8,0,15,10,52962000,3630,201900,13,14603
1834,4,0,12,13,52989000,3630,201900,13,14607
1835,13,0,23,2,52992540,3630,201900,13,14620
1836,11,0,22,3,53038680,3630,201900,13,14631
1837,11,0,19,6,53097660,3631,201900,13,14642
1838,11,0,15,10,53147460,3630,201900,13,14653
1839,10,0,18,7,53176920,3631,201900,13,14663
1840,9,0,17,8,53214900,3631,201900,13,14672
1841,10,0,19,6,53241720,3631,201900,13,14682
1842,9,0,16,9,53294820,3631,201900,13,14691
1843,16,0,17,8,53323200,3629,201900,13,14707
1844,3,0,13,12,53360340,3630,201900,13,14710
1845,5,0,14,11,53371680,3630,201900,13,14715
1846,5,0,13,12,53400600,3630,201900,13,14720
1847,7,0,15,10,53418720,3630,201900,13,14727
1848,13,0,22,3,53440260,3630,201900,13,14740
1849,2,0,13,12,53476020,3630,201900,13,14742
1850,5,0,13,12,53502540,3631,201900,13,14747
1851,4,0,13,12,53516820,3631,201900,13,14751
1852,5,0,13,12,53543100,3631,201900,13,14756
1853,8,0,14,11,53560260,3631,201900,13,14764
1854,11,0,19,6,53574300,3630,201900,13,14775
1855,10,0,18,7,53621160,3631,201900,13,14785
1856,9,0,17,8,53653020,3630,201900,13,14794
1857,9,0,15,10,53688420,3630,201900,13,14803
1858,14,0,20,5,53708040,3629,201900,13,14817
1859,20,11,17,8,53741280,3628,202800,13,14837
1860,9,17,15,10,53775780,3630,206100,13,14846
1861,10,16,22,3,53806020,3631,237900,16,14856
1862,11,14,25,0,53851380,3631,288720,19,14867
1863,8,0,19,6,53935200,3630,395940,26,14875
1864,3,0,14,11,53957340,3630,395940,26,14878
1865,6,0,11,14,53995140,3630,395940,26,14884
1866,9,0,15,10,54004260,3629,395940,26,14893
1867,4,0,13,12,54029280,3630,395940,26,14897
1868,3,0,15,10,54039000,3630,395940,26,14900
1869,7,0,14,11,54075840,3630,395940,26,14907
1870,4,0,12,13,54097680,3630,395940,26,14911
1871,7,0,15,10,54112680,3630,395940,26,14918
1872,8,0,15,10,54132480,3630,395940,26,14926
1873,6,0,15,10,54151560,3630,395940,26,14932
1874,4,0,13,12,54200940,3632,395940,26,14936
1875,6,0,16,9,54214140,3632,395940,26,14942
1876,5,0,15,10,54234120,3632,395940,26,14947
1877,6,0,13,12,54265380,3632,395940,26,14953
1878,8,0,16,9,54286260,3632,395940,26,14961
1879,6,0,14,11,54316860,3632,395940,26,14967
1880,6,0,12,13,54345480,3632,395940,26,14973
1881,6,0,12,13,54364620,3632,395940,26,14979
1882,11,0,19,6,54373080,3631,395940,26,14990
1883,17,0,23,2,54415860,3631,395940,26,15007
1884,11,0,21,4,54459000,3631,395940,26,15018
1885,12,0,20,5,54516540,3632,395940,26,15030
1886,8,0,13,12,54572280,3632,395940,26,15038
1887,11,0,18,7,54589680,3631,395940,26,15049
1888,5,0,18,7,54612840,3632,395940,26,15054
1889,9,0,16,9,54652260,3632,395940,26,15063
1890,5,0,16,9,54676080,3632,395940,26,15068
1891,11,0,18,7,54712020,3632,395940,26,15079
1892,8,0,21,4,54724500,3632,395940,26,15087
1893,6,0,18,7,54769500,3633,395940,26,15093
1894,8,0,19,6,54799620,3633,395940,26,15101
1895,9,0,18,7,54841260,3633,395940,26,15110
1896,6,0,17,8,54870120,3634,395940,26,15116
1897,5,0,14,11,54913740,3634,395940,26,15121
1898,6,0,11,14,54943140,3634,395940,26,15127
1899,3,0,9,16,54955980,3634,395940,26,15130
1900,6,0,14,11,54956940,3634,395940,26,15136
1901,6,0,14,11,54975840,3634,395940,26,15142
1902,6,0,18,7,54988500,3634,395940,26,15148
1903,5,0,18,7,55008360,3634,395940,26,15153
1904,13,0,21,4,55057020,3635,395940,26,15166
1905,10,0,19,6,55105800,3635,395940,26,15176
1906,11,0,17,8,55153020,3635,395940,26,15187
1907,8,0,18,7,55179120,3635,395940,26,15195
1908,9,0,20,5,55207740,3635,395940,26,15204
1909,7,0,15,10,55261980,3636,395940,26,15211
1910,8,0,14,11,55286040,3636,395940,26,15219
1911,11,0,16,9,55306200,3635,395940,25,15230
1912,9,0,18,7,55329360,3635,395940,25,15239
1913,3,0,12,13,55372020,3635,395940,25,15242
1914,7,0,13,12,55396320,3635,395940,25,15249
1915,10,0,16,9,55417800,3635,395940,25,15259
1916,4,0,15,10,55428720,3635,395940,25,15263
1917,6,0,16,9,55459200,3635,395940,25,15269
1918,7,0,18,7,55482480,3636,395940,25,15276
1919,6,0,15,10,55511160,3636,395940,25,15282
1920,6,0,15,10,55545720,3636,395940,25,15288
1921,3,0,14,11,55571280,3637,395940,25,15291
1922,5,0,13,12,55594620,3637,395940,25,15296
1923,5,0,11,14,55616160,3637,395940,25,15301
1924,2,0,11,14,55621980,3637,395940,25,15303
1925,8,0,15,10,55638540,3637,395940,25,15311
1926,8,0,21,4,55641240,3637,395940,25,15319
1927,8,0,17,8,55686540,3637,395940,25,15327
1928,10,0,17,8,55720440,3637,395940,25,15337
1929,13,0,19,6,55758720,3636,395940,25,15350
1930,13,0,21,4,55801320,3637,395940,25,15363
1931,9,0,18,7,55850100,3637,395940,25,15372
1932,7,0,18,7,55876440,3637,395940,25,15379
1933,14,0,22,3,55905900,3637,395940,25,15393
1934,6,0,17,8,55946580,3637,395940,25,15399
1935,10,0,18,7,56000220,3638,395940,25,15409
1936,13,0,20,5,56032800,3638,395940,25,15422
1937,18,1,24,1,56081160,3638,396120,25,15440
1938,5,0,18,7,56125440,3638,396960,25,15445
1939,9,0,17,8,56169480,3638,397080,25,15454
1940,5,0,16,9,56208120,3639,397080,25,15459
1941,6,0,15,10,56239680,3640,397080,25,15465
1942,8,0,16,9,56268240,3640,397080,25,15473
1943,6,0,14,11,56293080,3640,397080,25,15479
1944,7,0,15,10,56319180,3640,397080,25,15486
1945,5,0,13,12,56341680,3640,397080,25,15491
1946,5,0,15,10,56354820,3640,397080,25,15496
1947,6,0,15,10,56379480,3640,397080,25,15502
1948,7,0,18,7,56401440,3640,397080,25,15509
1949,5,0,15,10,56434440,3641,397080,25,15514
1950,7,0,13,12,56463720,3640,397080,25,15521
1951,8,0,18,7,56479920,3641,397080,25,15529
1952,8,0,19,6,56508540,3641,397080,25,15537
1953,18,1,25,0,56538960,3640,397080,25,15555
1954,11,0,20,5,56589660,3640,397200,25,15566
1955,7,0,17,8,56632740,3640,397200,25,15573
1956,11,0,17,8,56670900,3640,397200,25,15584
1957,16,0,20,5,56701260,3639,397200,25,15600
1958,8,0,17,8,56742120,3639,397200,25,15608
1959,14,0,22,3,56774400,3639,397200,25,15622
1960,9,0,13,12,56835660,3639,397200,25,15631
1961,9,0,14,11,56861280,3638,397200,25,15640
1962,9,0,16,9,56875020,3638,397200,25,15649
1963,8,0,12,13,56912640,3637,397200,25,15657
1964,6,0,12,13,56938740,3638,397200,25,15663
1965,5,0,12,13,56955120,3637,397200,25,15668
1966,8,0,17,8,56962140,3637,397200,25,15676
1967,5,0,16,9,56982480,3637,397200,25,15681
1968,3,0,12,13,57019740,3638,397200,25,15684
1969,4,0,14,11,57024420,3638,397200,25,15688
1970,5,0,14,11,57047100,3638,397200,25,15693
1971,8,0,16,9,57064560,3638,397200,25,15701
1972,3,0,12,13,57086520,3637,397200,25,15704
1973,3,0,11,14,57111720,3638,397200,25,15707
1974,5,0,10,15,57121320,3637,397200,25,15712
1975,4,0,11,14,57123240,3637,397200,25,15716
1976,4,0,10,15,57139440,3637,397200,25,15720
1977,10,0,15,10,57146400,3636,397200,25,15730
1978,14,0,18,7,57176340,3635,397200,25,15744
1979,8,0,17,8,57198540,3635,397200,25,15752
1980,13,0,19,6,57236700,3634,397200,25,15765
1981,8,0,19,6,57264540,3634,397200,25,15773
1982,8,0,17,8,57317280,3635,397200,25,15781
1983,6,0,16,9,57335700,3635,397200,25,15787
1984,10,0,16,9,57394440,3636,397200,25,15797
1985,10,0,17,8,57414540,3636,397200,25,15807
1986,7,0,14,11,57450480,3636,397200,25,15814
1987,4,0,14,11,57475140,3636,397200,25,15818
1988,10,0,18,7,57486960,3636,397200,25,15828
1989,7,0,16,9,57520860,3636,397200,25,15835
1990,7,0,16,9,57557820,3636,397200,25,15842
1991,3,0,13,12,57575340,3636,397200,25,15845
1992,6,0,12,13,57607440,3637,397200,25,15851
1993,6,0,16,9,57617100,3637,397200,25,15857
1994,3,0,12,13,57650400,3637,397200,25,15860
1995,4,0,13,12,57666780,3638,397200,25,15864
1996,3,0,13,12,57681420,3638,397200,25,15867
1997,3,0,10,15,57701280,3638,397200,25,15870
1998,5,0,12,13,57715260,3638,397200,25,15875
1999,9,0,19,6,57723720,3638,397200,25,15884
2000,6,0,19,6,57751740,3638,397200,24,15890
2001,17,0,25,0,57777360,3637,397200,24,15907
2002,21,8,25,0,57829080,3638,400260,25,15928
2003,10,13,19,6,57897660,3639,403920,25,15938
2004,10,13,20,5,57956280,3641,428040,26,15948
2005,8,6,25,0,57978600,3640,505380,31,15956
2006,8,0,18,7,58037760,3639,539940,33,15964
2007,8,0,21,4,58062060,3640,539940,33,15972
2008,6,0,17,8,58109700,3640,539940,33,15978
2009,13,0,19,6,58161540,3641,539940,33,15991
2010,9,0,18,7,58194540,3641,539940,33,16000
2011,11,0,17,8,58228380,3640,539940,33,16011
2012,2,0,12,13,58259700,3641,539940,33,16013
2013,13,0,19,6,58276860,3640,539940,33,16026
2014,7,0,15,10,58317480,3640,539940,33,16033
2015,6,0,15,10,58345380,3641,539940,33,16039
2016,4,0,15,10,58358700,3641,539940,33,16043
2017,5,0,19,6,58360740,3640,539940,33,16048
2018,2,0,19,6,58365720,3640,539940,33,16050
2019,9,0,23,2,58380480,3640,541200,33,16059
2020,4,0,18,7,58422000,3641,541200,33,16063
2021,7,0,18,7,58433100,3640,541200,33,16070
2022,8,0,20,5,58445280,3639,541200,33,16078
2023,5,0,17,8,58453740,3638,541200,33,16083
2024,6,0,17,8,58475460,3638,541200,33,16089
2025,9,0,21,4,58486920,3637,541200,33,16098
2026,7,0,20,5,58501920,3637,541200,33,16105
2027,10,2,20,5,58526880,3636,541260,33,16115
2028,7,7,18,7,58548420,3637,543600,33,16122
2029,14,19,18,7,58560240,3637,546120,33,16136
2030,7,17,24,1,58581120,3638,573060,35,16143
2031,8,12,25,0,58623960,3638,633000,39,16151
2032,16,19,25,0,58651620,3637,652320,40,16167
2033,9,19,24,1,58691160,3637,679140,41,16176
2034,6,9,25,0,58734720,3637,778620,48,16182
2035,8,0,19,6,58782420,3635,909660,56,16190
2036,10,0,20,5,58801380,3634,909660,56,16200
2037,4,0,20,5,58820820,3634,909660,56,16204
2038,4,0,16,9,58852620,3634,909660,56,16208
2039,11,0,25,0,58855680,3634,909660,56,16219
2040,5,0,21,4,58886580,3634,910380,56,16224
2041,3,0,17,8,58919940,3634,910380,56,16227
2042,7,0,20,5,58932420,3634,910380,56,16234
2043,8,0,21,4,58954920,3634,910380,56,16242
2044,6,1,20,5,58969320,3634,910500,56,16248
2045,1,0,16,9,58999800,3634,912000,56,16249
2046,9,0,20,5,59008260,3633,912000,56,16258
2047,9,0,23,2,59027820,3633,912060,56,16267
2048,10,6,20,5,59043660,3633,912300,56,16277
2049,5,4,23,2,59072760,3634,924180,56,16282
2050,7,0,20,5,59111100,3633,938160,57,16289
2051,13,2,21,4,59135640,3632,938160,57,16302
2052,12,12,19,6,59159880,3633,942060,57,16314
2053,8,17,19,6,59180280,3633,956280,58,16322
2054,13,22,25,0,59186220,3633,974640,59,16335
2055,19,29,25,0,59240880,3634,996420,60,16354
2056,5,26,25,0,59270580,3634,1050300,64,16359
2057,9,34,18,7,59304660,3634,1053600,64,16368
2058,8,40,18,7,59321580,3635,1060380,64,16376
2059,8,39,17,8,59338740,3635,1065480,65,16384
2060,9,38,23,2,59353260,3636,1098180,67,16393
2061,6,37,25,0,59369940,3636,1133220,69,16399
2062,7,34,25,0,59423220,3637,1277580,77,16406
2063,7,23,25,0,59466720,3636,1590420,96,16413
2064,3,5,25,0,59504220,3633,2059080,125,16416
2065,7,0,18,7,59538420,3631,2220360,135,16423
2066,7,1,19,6,59554680,3631,2220720,135,16430
2067,6,7,18,7,59555940,3631,2220720,135,16436
2068,5,8,19,6,59576640,3632,2234880,136,16441
2069,6,7,25,0,59585700,3632,2254980,137,16447
2070,7,4,25,0,59635980,3633,2287800,139,16454
2071,12,4,24,1,59664900,3632,2320740,141,16466
2072,7,10,18,7,59699640,3632,2321880,141,16473
2073,6,15,17,8,59714280,3633,2324100,141,16479
2074,8,16,22,3,59732580,3633,2356980,143,16487
2075,16,29,23,2,59744760,3634,2366460,143,16503
2076,8,32,21,4,59785620,3635,2385360,144,16511
2077,16,40,25,0,59803020,3635,2398500,145,16527
2078,12,40,21,4,59839560,3635,2420160,146,16539
2079,9,32,25,0,59895840,3636,2545320,154,16548
2080,13,40,22,3,59917800,3636,2561700,154,16561
2081,7,40,18,7,59936340,3636,2561700,154,16568
2082,11,39,25,0,59969760,3638,2607540,157,16579
2083,13,40,22,3,59998200,3637,2613000,157,16592
2084,6,37,22,3,60030240,3638,2688600,162,16598
2085,6,24,25,0,60074460,3637,3208080,193,16604
2086,6,0,23,2,60111480,3632,3873840,233,16610
2087,5,0,20,5,60130560,3632,3874200,233,16615
2088,7,0,20,5,60147840,3631,3874200,233,16622
2089,4,0,16,9,60177240,3631,3874200,233,16626
2090,7,0,21,4,60185760,3631,3874200,233,16633
2091,7,0,18,7,60211440,3631,3874200,233,16640
2092,5,0,18,7,60225780,3630,3874200,233,16645
2093,6,0,20,5,60235800,3630,3874200,233,16651
2094,10,0,24,1,60264960,3631,3874380,233,16661
2095,4,0,18,7,60296940,3630,3874380,233,16665
2096,7,0,20,5,60306120,3630,3874380,232,16672
2097,11,0,20,5,60339180,3629,3874800,232,16683
2098,8,0,22,3,60359460,3629,3874800,232,16691
2099,13,8,22,3,60388320,3630,3881760,232,16704
2100,11,15,21,4,60416220,3631,3886320,233,16715
2101,10,23,19,6,60442200,3631,3891060,233,16725
2102,10,31,19,6,60458700,3632,3899280,233,16735
2103,12,39,18,7,60488940,3633,3913080,234,16747
2104,4,40,18,7,60495360,3633,3915180,234,16751
2105,10,40,19,6,60510360,3633,3940320,235,16761
2106,10,39,25,0,60523200,3634,4020540,240,16771
2107,13,40,25,0,60558540,3634,4061460,242,16784
2108,7,36,25,0,60609720,3636,4168320,249,16791
2109,7,32,25,0,60649560,3636,4316160,257,16798
2110,1,24,25,0,60692160,3636,4571100,273,16799
2111,11,11,25,0,60741660,3634,4950960,295,16810
2112,5,0,25,0,60765480,3632,5241240,312,16815
2113,5,0,21,4,60799320,3632,5241240,312,16820
2114,4,0,20,5,60821040,3632,5242020,312,16824
2115,4,0,19,6,60849600,3633,5242020,312,16828
2116,3,0,19,6,60863040,3633,5242020,312,16831
2117,2,0,15,10,60888840,3633,5242020,312,16833
2118,6,0,20,5,60889380,3633,5242020,312,16839
2119,11,0,21,4,60912180,3632,5242020,312,16850
2120,6,0,21,4,60920760,3632,5242020,312,16856
2121,9,0,21,4,60955560,3632,5242020,311,16865
2122,12,0,24,1,60976620,3631,5242080,311,16877
2123,13,3,23,2,61017000,3631,5243580,311,16890
2124,12,10,21,4,61046760,3631,5250120,311,16902
2125,6,8,25,0,61074480,3632,5265300,312,16908
2126,12,16,22,3,61104600,3632,5271480,312,16920
2127,16,28,20,5,61136820,3633,5278320,312,16936
2128,10,37,19,6,61154400,3634,5280840,312,16946
2129,9,40,19,6,61191960,3635,5303280,313,16955
2130,12,40,19,6,61191960,3635,5303280,313,16967
2131,8,37,25,0,61227660,3636,5406960,319,16975
2132,10,38,25,0,61255020,3636,5436360,321,16985
2133,9,39,24,1,61289760,3636,5461620,322,16994
2134,8,40,19,6,61325400,3637,5462520,322,17002
2135,10,38,25,0,61352460,3638,5601540,330,17012
2136,4,33,24,1,61384500,3638,5711880,337,17016
2137,6,27,25,0,61428000,3638,5982720,353,17022
2138,8,10,25,0,61468200,3635,6477120,382,17030
2139,6,0,19,6,61503300,3632,6832680,403,17036
2140,9,0,22,3,61530900,3632,6832680,402,17045
2141,5,0,21,4,61547760,3632,6832680,402,17050
2142,7,0,19,6,61584120,3632,6832680,402,17057
2143,9,0,23,2,61594620,3632,6832680,402,17066
2144,9,0,22,3,61631100,3632,6832680,402,17075
2145,19,11,20,5,61656000,3631,6833520,401,17094
2146,8,14,20,5,61685940,3632,6845520,402,17102
2147,7,14,23,2,61703220,3632,6868980,403,17109
2148,8,20,17,8,61735440,3632,6870960,403,17117
2149,9,26,19,6,61740840,3632,6877440,403,17126
2150,6,30,18,7,61755900,3633,6883860,403,17132
2151,4,30,20,5,61777740,3633,6910920,405,17136
2152,11,34,24,1,61795860,3634,6934260,406,17147
2153,9,40,19,6,61836120,3635,6942840,406,17156
2154,9,38,22,3,61855740,3635,6969960,408,17165
2155,6,36,25,0,61884840,3636,6996960,409,17171
2156,9,35,24,1,61926300,3636,7084920,414,17180
2157,4,32,25,0,61945920,3636,7218780,422,17184
2158,6,32,22,3,61992420,3636,7227840,422,17190
2159,5,28,25,0,62023020,3637,7373520,431,17195
2160,8,24,25,0,62069280,3637,7612320,444,17203
2161,8,17,25,0,62109120,3636,7976100,465,17211
2162,5,0,21,4,62149680,3633,8480100,495,17216
2163,4,0,18,7,62170440,3633,8480100,495,17220
2164,11,1,22,3,62188920,3633,8481000,494,17231
2165,3,0,20,5,62212740,3633,8483340,494,17234
2166,5,0,19,6,62232840,3633,8483340,494,17239
2167,7,0,20,5,62254800,3633,8483340,494,17246
2168,9,0,22,3,62286660,3633,8483400,494,17255
2169,8,2,21,4,62307720,3633,8483460,494,17263
2170,3,3,18,7,62336940,3633,8487720,494,17266
2171,8,7,21,4,62346300,3634,8491440,494,17274
2172,5,3,25,0,62376900,3635,8523780,495,17279
2173,8,1,25,0,62411760,3634,8547000,497,17287
2174,10,0,22,3,62460180,3634,8550360,496,17297
2175,13,4,23,2,62483340,3634,8550420,496,17310
2176,11,5,22,3,62523360,3634,8556900,496,17321
2177,8,12,21,4,62536860,3634,8559600,496,17329
2178,7,12,22,3,62574900,3635,8589660,498,17336
2179,12,23,21,4,62587080,3636,8592120,497,17348
2180,6,27,19,6,62610720,3636,8598120,498,17354
2181,8,34,18,7,62628720,3637,8600340,498,17362
2182,10,40,16,9,62657460,3638,8602380,497,17372
2183,3,39,17,8,62664600,3638,8629380,499,17375
2184,7,39,19,6,62673120,3638,8652480,500,17382
2185,2,40,18,7,62682000,3639,8652480,500,17384
2186,1,38,18,7,62698860,3639,8667720,501,17385
2187,2,35,20,5,62726220,3640,8746080,505,17387
2188,7,33,25,0,62746020,3640,9017100,521,17394
2189,12,38,25,0,62774340,3640,9046860,522,17406
2190,8,40,22,3,62809980,3641,9081000,524,17414
2191,9,39,25,0,62835000,3641,9207900,531,17423
2192,8,37,25,0,62873640,3642,9333960,538,17431
2193,12,39,24,1,62917920,3642,9388740,541,17443
2194,13,40,18,7,62951280,3642,9389700,541,17456
2195,12,40,18,7,62957220,3642,9395640,541,17468
2196,15,40,25,0,62998140,3644,9724920,560,17483
2197,9,25,25,0,63046980,3642,10348380,596,17492
2198,5,0,20,5,63078780,3636,11109960,639,17497
2199,10,1,22,3,63102120,3636,11110080,639,17507
2200,14,15,18,7,63114660,3636,11110080,639,17521
2201,12,25,18,7,63132900,3637,11116740,638,17533
2202,14,38,18,7,63141960,3637,11118300,638,17547
2203,6,38,18,7,63169140,3638,11137920,639,17553
2204,9,40,18,7,63178260,3638,11138220,639,17562
2205,5,39,19,6,63190020,3638,11165940,640,17567
2206,5,37,24,1,63200220,3639,11229780,644,17572
2207,3,32,25,0,63229680,3639,11366040,652,17575
2208,4,23,25,0,63283920,3639,11596140,665,17579
2209,7,3,25,0,63333060,3636,12135420,695,17586
2210,6,0,21,4,63355620,3635,12152580,696,17592
2211,5,0,20,5,63380280,3635,12152580,696,17597
2212,4,0,18,7,63405420,3635,12152580,696,17601
2213,13,6,19,6,63427260,3635,12155400,695,17614
2214,11,16,18,7,63440640,3636,12157800,695,17625
2215,6,19,18,7,63462660,3636,12173700,696,17631
2216,7,25,18,7,63467700,3636,12179760,696,17638
2217,16,38,19,6,63483240,3637,12206160,697,17654
2218,6,40,19,6,63490920,3637,12212880,697,17660
2219,12,40,18,7,63514500,3638,12224700,697,17672
2220,11,40,18,7,63536640,3638,12268080,700,17683
2221,14,39,22,3,63548940,3639,12336660,704,17697
2222,13,40,25,0,63565080,3639,12374820,706,17710
2223,9,38,25,0,63607980,3640,12495300,712,17719
2224,9,37,25,0,63650820,3641,12629040,720,17728
2225,8,36,25,0,63693780,3642,12726540,725,17736
2226,13,37,25,0,63736200,3642,12847800,731,17749
2227,9,35,25,0,63771660,3642,12956340,737,17758
2228,12,40,22,3,63813120,3642,12973080,738,17770
2229,5,36,22,3,63843420,3643,13030140,741,17775
2230,6,23,25,0,63879540,3642,13597020,773,17781
2231,3,0,17,8,63926820,3637,14251620,810,17784
2232,4,0,17,8,63937440,3637,14251620,810,17788
2233,6,0,21,4,63939000,3637,14251620,809,17794
2234,6,0,19,6,63966840,3637,14251620,809,17800
2235,3,0,18,7,63979620,3637,14251620,809,17803
2236,8,0,21,4,64003800,3637,14251740,808,17811
2237,3,0,19,6,64017120,3637,14251740,808,17814
2238,4,0,17,8,64039860,3637,14251740,808,17818
2239,10,0,23,2,64054440,3637,14251740,808,17828
2240,15,4,25,0,64085100,3637,14258880,807,17843
2241,10,11,18,7,64123920,3637,14260800,807,17853
2242,5,16,17,8,64129560,3637,14260800,807,17858
2243,11,25,17,8,64146660,3637,14269440,807,17869
2244,9,32,18,7,64158600,3638,14279520,807,17878
2245,8,39,18,7,64168320,3638,14282280,807,17886
2246,10,40,17,8,64191720,3639,14289480,807,17896
2247,10,40,17,8,64191720,3639,14289480,807,17906
2248,7,38,19,6,64207740,3639,14357340,811,17913
2249,9,38,25,0,64227480,3640,14507520,819,17922
2250,5,33,25,0,64271940,3641,14564700,822,17927
2251,6,31,25,0,64308480,3641,14651760,827,17933
2252,10,26,25,0,64358280,3641,14868540,838,17943
2253,4,18,25,0,64383780,3640,15143700,854,17947
2254,7,7,25,0,64420980,3638,15471600,872,17954
2255,6,0,23,2,64458120,3637,15694260,884,17960
2256,9,3,19,6,64498980,3638,15694560,884,17969
2257,1,3,18,7,64508160,3638,15700200,884,17970
2258,6,0,23,2,64529220,3638,15715800,884,17976
2259,5,0,23,2,64541940,3638,15716520,884,17981
2260,3,0,19,6,64576560,3638,15716520,884,17984
2261,7,1,22,3,64592160,3638,15717000,884,17991
2262,5,0,21,4,64614720,3638,15717720,884,17996
2263,10,0,21,4,64646280,3638,15717720,883,18006
2264,11,0,24,1,64664040,3637,15718740,883,18017
2265,8,2,24,1,64687320,3638,15719640,882,18025
2266,10,4,25,0,64727940,3638,15728400,882,18035
2267,8,1,25,0,64763940,3638,15749280,883,18043
2268,13,4,25,0,64787340,3637,15750780,883,18056
2269,8,1,25,0,64846920,3638,15766740,883,18064
2270,9,0,24,1,64877040,3638,15773520,883,18073
2271,8,0,20,5,64915860,3638,15773520,883,18081
2272,6,0,22,3,64928820,3638,15773520,882,18087
2273,8,0,20,5,64966920,3638,15774780,882,18095
2274,8,0,22,3,64989360,3638,15774780,882,18103
2275,5,0,20,5,65019600,3638,15774780,881,18108
2276,5,0,20,5,65042640,3638,15774780,881,18113
2277,7,0,20,5,65064300,3638,15774780,881,18120
2278,3,0,18,7,65081460,3638,15774780,881,18123
2279,7,4,19,6,65089800,3638,15775140,880,18130
2280,6,3,24,1,65105040,3638,15785400,880,18136
2281,3,0,21,4,65136000,3638,15794640,881,18139
2282,3,0,18,7,65165460,3639,15794640,881,18142
2283,5,0,19,6,65184180,3639,15794640,880,18147
2284,5,0,19,6,65199000,3639,15794640,880,18152
2285,7,0,19,6,65222820,3639,15794640,880,18159
2286,7,0,22,3,65236680,3639,15794640,880,18166
2287,9,0,23,2,65265540,3639,15794640,879,18175
2288,12,8,21,4,65283660,3639,15795420,879,18187
2289,11,15,19,6,65318520,3639,15807600,879,18198
2290,5,20,18,7,65327520,3640,15807600,879,18203
2291,8,24,18,7,65355480,3640,15822000,879,18211
2292,6,30,18,7,65355480,3640,15822000,879,18217
2293,11,36,19,6,65383620,3641,15867660,881,18228
2294,6,40,19,6,65387280,3641,15868260,881,18234
2295,6,39,21,4,65401320,3641,15908040,882,18240
2296,11,40,24,1,65428440,3642,15950880,884,18251
2297,12,40,23,2,65458020,3643,15955140,885,18263
2298,7,35,25,0,65507820,3644,16115760,893,18270
2299,7,32,25,0,65540940,3643,16178160,896,18277
2300,3,25,25,0,65587740,3644,16482000,913,18280
2301,9,17,25,0,65636400,3643,16761000,928,18289
2302,4,0,24,1,65674440,3641,17229360,954,18293
2303,5,0,17,8,65704020,3640,17229360,953,18298
2304,4,0,17,8,65714340,3640,17229360,953,18302
2305,2,0,17,8,65724780,3640,17229360,953,18304
2306,4,0,18,7,65730720,3640,17229360,953,18308
2307,4,0,14,11,65755980,3640,17229360,953,18312
2308,4,0,15,10,65761440,3639,17229360,952,18316
2309,8,0,19,6,65765040,3639,17229360,952,18324
2310,9,0,20,5,65780100,3638,17229360,951,18333
2311,11,5,23,2,65796660,3638,17231520,951,18344
2312,8,12,18,7,65826000,3639,17232300,951,18352
2313,12,22,18,7,65839860,3639,17240580,951,18364
2314,10,29,19,6,65861880,3640,17253420,951,18374
2315,13,34,25,0,65875740,3640,17281680,952,18387
2316,18,39,25,0,65919240,3641,17308920,952,18405
2317,11,39,25,0,65955840,3641,17367780,955,18416
2318,11,39,21,4,65990820,3642,17374980,955,18427
2319,8,38,25,0,66015540,3642,17420520,957,18435
2320,13,39,23,2,66047760,3643,17448300,959,18448
2321,7,32,25,0,66100740,3643,17597880,966,18455
2322,12,34,25,0,66132300,3643,17638500,968,18467
2323,6,32,22,3,66177300,3643,17679120,970,18473
2324,10,31,25,0,66199560,3643,17827920,978,18483
2325,10,38,21,4,66235680,3643,17831400,977,18493
2326,10,36,25,0,66269940,3644,17865120,979,18503
2327,3,24,25,0,66314700,3643,18240540,999,18506
2328,5,0,21,4,66361920,3639,19127760,1047,18511
2329,5,0,18,7,66373140,3638,19127760,1047,18516
2330,8,0,20,5,66392220,3638,19127760,1047,18524
2331,5,0,20,5,66401940,3638,19127760,1046,18529
2332,9,0,16,9,66438300,3637,19127760,1046,18538
2333,7,0,20,5,66445800,3637,19127760,1045,18545
2334,9,0,23,2,66460200,3637,19127760,1045,18554
2335,7,0,21,4,66496500,3637,19127880,1045,18561
2336,9,0,21,4,66527400,3637,19127880,1044,18570
2337,11,0,22,3,66555420,3636,19127880,1043,18581
2338,8,0,21,4,66585960,3636,19127880,1043,18589
2339,4,0,16,9,66613920,3636,19127880,1043,18593
2340,5,0,17,8,66626640,3636,19127880,1042,18598
2341,9,0,22,3,66637140,3636,19127880,1042,18607
2342,9,5,18,7,66659160,3635,19128720,1042,18616
2343,11,15,17,8,66669300,3635,19133640,1041,18627
2344,5,18,18,7,66677100,3636,19144800,1042,18632
2345,9,22,21,4,66696300,3636,19157760,1042,18641
2346,5,25,21,4,66709380,3636,19165680,1042,18646
2347,9,25,24,1,66750660,3638,19213860,1044,18655
2348,10,28,25,0,66775080,3638,19217760,1044,18665
2349,4,25,25,0,66809040,3638,19315680,1049,18669
2350,9,24,25,0,66856140,3639,19371180,1051,18678
2351,4,5,25,0,66908940,3637,19727640,1070,18682
2352,3,0,16,9,66930780,3635,19828200,1076,18685
2353,3,0,15,10,66939420,3635,19828200,1075,18688
2354,7,0,20,5,66943140,3634,19828200,1075,18695
2355,7,5,19,6,66955020,3634,19831200,1075,18702
2356,5,8,18,7,66976680,3635,19833840,1075,18707
2357,9,10,25,0,66976680,3635,19858980,1076,18716
2358,7,10,25,0,67013700,3636,19874580,1076,18723
2359,10,11,22,3,67054620,3635,19896840,1076,18733
2360,16,20,23,2,67090200,3636,19906140,1076,18749
2361,9,28,22,3,67102620,3636,19907760,1076,18758
2362,8,30,21,4,67144980,3637,19922100,1076,18766
2363,11,36,24,1,67157400,3638,19931340,1076,18777
2364,11,37,25,0,67204560,3638,19950300,1076,18788
2365,6,39,25,0,67219560,3638,19998360,1078,18794
2366,8,35,25,0,67280040,3640,20086320,1083,18802
2367,8,33,24,1,67317360,3640,20191440,1088,18810
2368,6,38,18,7,67349280,3640,20192460,1088,18816
2369,12,38,20,5,67369980,3641,20226900,1089,18828
2370,11,39,25,0,67392960,3641,20253420,1090,18839
2371,9,37,25,0,67419180,3640,20360580,1095,18848
2372,9,38,25,0,67463640,3641,20371620,1095,18857
2373,6,40,19,6,67495020,3641,20373540,1095,18863
2374,5,37,22,3,67521780,3642,20395740,1096,18868
2375,5,38,17,8,67550460,3642,20445180,1099,18873
2376,4,40,17,8,67550460,3642,20445180,1099,18877
2377,7,39,18,7,67571340,3642,20458620,1099,18884
2378,3,38,19,6,67585680,3643,20479200,1100,18887
2379,3,33,22,3,67600620,3643,20671620,1110,18890
2380,5,17,25,0,67632900,3641,21748980,1168,18895
2381,11,5,24,1,67671540,3638,22449660,1205,18906
2382,3,8,18,7,67693380,3638,22449660,1205,18909
2383,9,14,19,6,67704840,3638,22455240,1205,18918
2384,8,19,19,6,67731540,3639,22457640,1204,18926
2385,8,24,19,6,67748700,3640,22466340,1204,18934
2386,7,22,25,0,67771920,3640,22514700,1206,18941
2387,5,17,25,0,67811640,3640,22594800,1210,18946
2388,11,10,25,0,67849020,3639,22849620,1223,18957
2389,8,8,25,0,67883760,3639,22907400,1225,18965
2390,14,4,25,0,67930740,3638,22974120,1228,18979
2391,11,2,25,0,67962060,3637,23010000,1229,18990
2392,10,9,20,5,67991040,3637,23012520,1229,19000
2393,6,13,18,7,68011800,3637,23020440,1229,19006
2394,11,23,18,7,68021520,3638,23026020,1229,19017
2395,5,25,18,7,68050860,3639,23049600,1229,19022
2396,6,24,23,2,68062020,3639,23096580,1231,19028
2397,5,22,25,0,68083980,3639,23177040,1235,19033
2398,6,17,25,0,68128140,3639,23267940,1240,19039
2399,9,6,25,0,68182140,3638,23392440,1246,19048

