Hour,Arrivals,Waiting,Treating,Available Rooms,Total Treatment Time,Average Treatment Time,Total Wait Time,Average Wait Time,Total Arrivals
1,5,0,2,23,3120,1040,0,0,5
2,3,0,4,21,6540,1635,0,0,8
3,4,0,5,20,19020,2717,0,0,12
4,6,0,7,18,30240,2749,0,0,18
5,7,0,7,18,55560,3086,0,0,25
6,6,0,4,21,95880,3551,0,0,31
7,9,0,6,19,112140,3298,0,0,40
8,4,0,3,22,137340,3349,0,0,44
9,13,0,13,12,144780,3290,0,0,57
10,10,0,11,14,168300,3005,0,0,67
11,9,0,7,18,219720,3184,0,0,76
12,6,0,4,21,255600,3276,0,0,82
13,6,0,4,21,271560,3232,0,0,88
14,12,0,12,13,286620,3257,0,0,100
15,7,0,8,17,331080,3344,0,0,107
16,13,0,11,14,365640,3354,0,0,120
17,9,0,12,13,389580,3329,0,0,129
18,7,0,8,17,436080,3406,0,0,136
19,4,0,2,23,476160,3450,0,0,140
20,4,0,2,23,496200,3494,0,0,144
21,2,0,3,22,498120,3483,0,0,146
22,9,0,11,14,504120,3500,0,0,155
23,5,0,10,15,524220,3494,0,0,160
24,5,0,6,19,566280,3561,0,0,165
25,6,0,5,20,589440,3550,0,0,171
26,2,0,5,20,601680,3581,0,0,173
27,5,0,4,21,622680,3578,0,0,178
28,6,0,4,21,635580,3531,0,0,184
29,4,0,7,18,644220,3559,0,0,188
30,4,0,6,19,663060,3564,0,0,192
31,8,0,7,18,683700,3542,0,0,200
32,4,0,4,21,715380,3576,0,0,204
33,10,0,9,16,726000,3541,0,0,214
34,16,0,17,8,747240,3508,0,0,230
35,9,0,11,14,815580,3577,0,0,239
36,11,0,10,15,861180,3588,0,0,250
37,5,0,9,16,880380,3578,0,0,255
38,8,0,5,20,930420,3606,0,0,263
39,5,0,6,19,940740,3590,0,0,268
40,6,0,7,18,968280,3626,0,0,274
41,10,0,9,16,994200,3615,0,0,284
42,3,0,5,20,1011540,3587,0,0,287
43,11,0,10,15,1030320,3577,0,0,298
44,12,0,9,16,1087800,3613,0,0,310
45,10,0,12,13,1103040,3581,0,0,320
46,3,0,5,20,1149720,3615,0,0,323
47,3,0,4,21,1165500,3619,0,0,326
48,6,0,5,20,1180800,3611,0,0,332
49,3,0,4,21,1198620,3621,0,0,335
50,2,0,2,23,1216260,3630,0,0,337
51,2,0,3,22,1219620,3629,0,0,339
52,2,0,3,22,1231440,3643,0,0,341
53,7,0,7,18,1238340,3631,0,0,348
54,3,0,6,19,1262520,3659,0,0,351
55,10,0,12,13,1281420,3671,0,0,361
56,6,0,9,16,1322640,3694,0,0,367
57,9,0,10,15,1349880,3688,0,0,376
58,6,0,7,18,1390200,3707,0,0,382
59,10,0,15,10,1405980,3729,0,0,392
60,12,0,11,14,1466340,3731,0,0,404
61,8,0,6,19,1523460,3752,0,0,412
62,3,0,7,18,1533540,3758,0,0,415
63,7,0,4,21,1573260,3763,0,0,422
64,8,0,10,15,1579500,3760,0,0,430
65,9,0,8,17,1621560,3762,0,0,439
66,11,0,12,13,1649820,3766,0,0,450
67,8,0,9,16,1687140,3757,0,0,458
68,9,0,8,17,1726620,3761,0,0,467
69,8,0,6,19,1766160,3765,0,0,475
70,8,0,7,18,1788600,3757,0,0,483
71,4,0,8,17,1798080,3753,0,0,487
72,3,0,6,19,1830120,3781,0,0,490
73,6,0,7,18,1857180,3797,0,0,496
74,11,0,9,16,1880460,3776,0,0,507
75,4,0,4,21,1922640,3792,0,0,511
76,4,0,4,21,1940280,3797,0,0,515
77,3,0,2,23,1954800,3788,0,0,518
78,9,0,8,17,1962480,3781,0,0,527
79,12,0,14,11,1980960,3773,0,0,539
80,4,0,9,16,2016960,3777,0,0,543
81,5,0,5,20,2065380,3803,0,0,548
82,11,0,12,13,2073120,3789,0,0,559
83,7,0,8,17,2107740,3777,0,0,566
84,8,0,8,17,2142660,3785,0,0,574
85,10,0,9,16,2167200,3769,0,0,584
86,18,0,13,12,2208600,3749,0,0,602
87,12,0,14,11,2240820,3734,0,0,614
88,11,0,15,10,2278740,3735,0,0,625
89,5,0,11,14,2337420,3776,0,0,630
90,5,0,5,20,2393400,3799,0,0,635
91,10,0,9,16,2416440,3799,0,0,645
92,3,0,6,19,2432700,3789,0,0,648
93,6,0,5,20,2461200,3792,0,0,654
94,6,0,4,21,2477460,3776,0,0,660
95,3,0,2,23,2498400,3779,0,0,663
96,4,0,5,20,2504520,3783,0,0,667
97,9,0,10,15,2515140,3776,0,0,676
98,3,0,8,17,2541420,3787,0,0,679
99,5,0,6,19,2569080,3789,0,0,684
100,3,0,4,21,2598300,3804,0,0,687
101,11,0,7,18,2619000,3790,0,0,698
102,7,0,8,17,2634660,3780,0,0,705
103,8,0,9,16,2660100,3778,0,0,713
104,2,0,3,22,2696940,3787,0,0,715
105,8,0,9,16,2711100,3797,0,0,723
106,9,0,9,16,2731440,3777,0,0,732
107,12,0,9,16,2770740,3769,0,0,744
108,13,0,14,11,2793060,3759,0,0,757
109,8,0,6,19,2844600,3747,0,0,765
110,13,0,12,13,2879280,3758,0,0,778
111,11,0,10,15,2908980,3734,0,0,789
112,9,0,8,17,2945880,3728,0,0,798
113,12,0,12,13,2982900,3737,0,0,810
114,6,0,14,11,2994240,3733,0,0,816
115,3,0,8,17,3043320,3752,0,0,819
116,6,0,6,19,3089160,3771,0,0,825
117,5,0,4,21,3115200,3771,0,0,830
118,4,0,4,21,3132720,3774,0,0,834
119,3,0,3,22,3147840,3774,0,0,837
120,3,0,3,22,3155100,3769,0,0,840
121,5,0,5,20,3168180,3771,0,0,845
122,7,0,5,20,3193140,3769,0,0,852
123,5,0,6,19,3204060,3765,0,0,857
124,6,0,3,22,3236760,3763,0,0,863
125,1,0,2,23,3244200,3763,0,0,864
126,7,0,4,21,3255240,3754,0,0,871
127,8,0,6,19,3269700,3745,0,0,879
128,5,0,8,17,3278340,3742,0,0,884
129,5,0,5,20,3324960,3761,0,0,889
130,8,0,7,18,3350400,3764,0,0,897
131,12,0,14,11,3362520,3757,0,0,909
132,7,0,4,21,3436560,3768,0,0,916
133,5,0,6,19,3449100,3769,0,0,921
134,10,0,9,16,3475440,3769,0,0,931
135,9,0,8,17,3502740,3758,0,0,940
136,7,0,9,16,3530340,3763,0,0,947
137,10,0,11,14,3551940,3754,0,0,957
138,5,0,9,16,3591540,3768,0,0,962
139,13,0,11,14,3623940,3759,0,0,975
140,4,0,4,21,3661560,3755,0,0,979
141,6,0,5,20,3686640,3761,0,0,985
142,4,0,5,20,3694740,3754,0,0,989
143,4,0,4,21,3711300,3752,0,0,993
144,11,0,9,16,3725880,3744,0,0,1004
145,4,0,6,19,3756900,3749,0,0,1008
146,4,0,4,21,3790920,3760,0,0,1012
147,7,0,8,17,3798000,3756,0,0,1019
148,11,0,12,13,3831180,3763,0,0,1030
149,4,0,5,20,3868020,3759,0,0,1034
150,8,0,8,17,3890160,3762,0,0,1042
151,5,0,6,19,3920040,3765,0,0,1047
152,3,0,4,21,3938220,3765,0,0,1050
153,8,0,9,16,3952140,3767,0,0,1058
154,6,0,7,18,3989400,3774,0,0,1064
155,14,0,13,12,4014540,3769,0,0,1078
156,13,0,11,14,4054740,3754,0,0,1091
157,8,0,11,14,4086000,3755,0,0,1099
158,10,0,10,15,4125540,3753,0,0,1109
159,11,0,11,14,4157940,3749,0,0,1120
160,11,0,11,14,4196280,3746,0,0,1131
161,14,0,14,11,4219620,3730,0,0,1145
162,7,0,8,17,4268520,3731,0,0,1152
163,8,0,9,16,4305900,3741,0,0,1160
164,9,0,10,15,4341000,3745,0,0,1169
165,7,0,5,20,4388700,3747,0,0,1176
166,1,0,4,21,4396620,3748,0,0,1177
167,5,0,4,21,4423980,3755,0,0,1182
168,4,0,4,21,4442640,3758,0,0,1186
169,3,0,2,23,4459500,3756,0,0,1189
170,2,0,2,23,4465980,3756,0,0,1191
171,2,0,3,22,4466580,3753,0,0,1193
172,6,0,5,20,4482420,3754,0,0,1199
173,4,0,3,22,4492620,3743,0,0,1203
174,7,0,6,19,4506960,3743,0,0,1210
175,7,0,7,18,4533000,3746,0,0,1217
176,7,0,6,19,4562100,3745,0,0,1224
177,11,0,9,16,4588920,3743,0,0,1235
178,9,0,14,11,4605840,3744,0,0,1244
179,10,0,14,11,4644060,3745,0,0,1254
180,9,0,14,11,4683780,3750,0,0,1263
181,10,0,11,14,4739580,3755,0,0,1273
182,8,0,10,15,4772580,3754,0,0,1281
183,9,0,11,14,4800960,3753,0,0,1290
184,10,0,10,15,4848840,3758,0,0,1300
185,8,0,10,15,4877460,3757,0,0,1308
186,8,0,5,20,4924260,3756,0,0,1316
187,1,0,1,24,4943880,3756,0,0,1317
188,5,0,4,21,4946220,3752,0,0,1322
189,6,0,6,19,4958580,3750,0,0,1328
190,5,0,7,18,4975740,3752,0,0,1333
191,3,0,4,21,4996380,3751,0,0,1336
192,5,0,8,17,5005500,3755,0,0,1341
193,5,0,6,19,5041200,3762,0,0,1346
194,5,0,8,17,5049000,3759,0,0,1351
195,4,0,4,21,5084460,3763,0,0,1355
196,1,0,2,23,5099340,3766,0,0,1356
197,2,0,1,24,5113080,3767,0,0,1358
198,7,0,4,21,5121780,3763,0,0,1365
199,3,0,2,23,5150280,3770,0,0,1368
200,7,0,5,20,5160060,3766,0,0,1375
201,10,0,9,16,5180940,3765,0,0,1385
202,8,0,12,13,5191500,3759,0,0,1393
203,8,0,14,11,5216640,3761,0,0,1401
204,11,0,9,16,5285700,3767,0,0,1412
205,12,0,14,11,5321280,3773,0,0,1424
206,5,0,9,16,5367480,3779,0,0,1429
207,6,0,5,20,5408880,3782,0,0,1435
208,9,0,7,18,5424960,3775,0,0,1444
209,5,0,9,16,5431860,3772,0,0,1449
210,10,0,6,19,5485260,3775,0,0,1459
211,4,0,6,19,5499900,3774,0,0,1463
212,4,0,2,23,5525580,3771,0,0,1467
213,6,0,6,19,5529780,3769,0,0,1473
214,3,0,2,23,5551320,3766,0,0,1476
215,2,0,2,23,5566560,3771,0,0,1478
216,2,0,0,25,5575860,3767,0,0,1480
217,5,0,3,22,5578500,3764,0,0,1485
218,6,0,5,20,5589480,3761,0,0,1491
219,5,0,4,21,5604000,3756,0,0,1496
220,4,0,5,20,5618700,3758,0,0,1500
221,8,0,6,19,5636160,3752,0,0,1508
222,6,0,5,20,5660580,3751,0,0,1514
223,9,0,10,15,5671440,3748,0,0,1523
224,6,0,9,16,5703540,3752,0,0,1529
225,12,0,12,13,5736240,3751,0,0,1541
226,11,0,11,14,5781300,3751,0,0,1552
227,9,0,9,16,5831220,3757,0,0,1561
228,9,0,12,13,5846700,3752,0,0,1570
229,12,0,11,14,5900040,3755,0,0,1582
230,5,0,5,20,5950260,3761,0,0,1587
231,7,0,6,19,5966880,3757,0,0,1594
232,8,0,6,19,5998080,3758,0,0,1602
233,5,0,5,20,6012060,3752,0,0,1607
234,7,0,7,18,6033240,3754,0,0,1614
235,9,0,9,16,6048720,3747,0,0,1623
236,5,0,5,20,6079740,3745,0,0,1628
237,4,0,5,20,6095400,3746,0,0,1632
238,7,0,5,20,6122400,3746,0,0,1639
239,4,0,6,19,6128700,3743,0,0,1643
241,6,0,3,22,6152040,3737,0,0,1649
240,0,0,3,22,6152040,3737,0,0,1649
242,9,0,7,18,6166860,3735,0,0,1658
243,5,0,5,20,6180660,3727,0,0,1663
244,6,0,5,20,6196620,3723,0,0,1669
245,7,0,5,20,6221520,3723,0,0,1676
246,3,0,5,20,6236400,3725,0,0,1679
247,4,0,7,18,6245760,3726,0,0,1683
248,8,0,9,16,6276720,3731,0,0,1691
249,9,0,11,14,6305940,3733,0,0,1700
250,12,0,11,14,6349920,3733,0,0,1712
251,8,0,13,12,6362940,3727,0,0,1720
252,11,0,11,14,6397860,3719,0,0,1731
253,8,0,12,13,6448200,3733,0,0,1739
254,11,0,12,13,6510300,3745,0,0,1750
255,8,0,10,15,6553140,3748,0,0,1758
256,10,0,9,16,6591720,3747,0,0,1768
257,5,0,9,16,6609480,3746,0,0,1773
258,9,0,13,12,6643140,3755,0,0,1782
259,7,0,8,17,6694500,3758,0,0,1789
260,5,0,5,20,6719220,3755,0,0,1794
261,2,0,4,21,6740160,3761,0,0,1796
262,12,0,9,16,6761760,3758,0,0,1808
263,6,0,8,17,6788520,3758,0,0,1814
264,6,0,6,19,6818580,3758,0,0,1820
265,6,0,5,20,6851340,3762,0,0,1826
266,0,0,2,23,6866880,3764,0,0,1826
267,4,0,4,21,6875880,3765,0,0,1830
268,5,0,4,21,6890280,3763,0,0,1835
269,9,0,9,16,6896100,3758,0,0,1844
270,7,0,7,18,6923100,3754,0,0,1851
271,12,0,9,16,6947280,3747,0,0,1863
272,6,0,6,19,6986760,3750,0,0,1869
273,11,0,13,12,6996840,3747,0,0,1880
274,9,0,12,13,7042260,3751,0,0,1889
275,9,0,10,15,7093320,3757,0,0,1898
276,10,0,11,14,7132560,3759,0,0,1908
277,14,0,16,9,7169220,3761,0,0,1922
278,10,0,8,17,7234320,3760,0,0,1932
279,5,0,9,16,7248300,3759,0,0,1937
280,6,0,9,16,7277880,3763,0,0,1943
281,3,0,5,20,7318680,3770,0,0,1946
282,5,0,4,21,7343040,3771,0,0,1951
283,8,0,6,19,7361880,3769,0,0,1959
284,6,0,6,19,7375980,3765,0,0,1965
285,10,0,8,17,7398540,3761,0,0,1975
286,5,0,6,19,7420500,3759,0,0,1980
287,4,0,1,24,7452000,3757,0,0,1984
288,6,0,5,20,7454760,3755,0,0,1990
289,6,0,6,19,7475400,3756,0,0,1996
290,4,0,7,18,7489440,3757,0,0,2000
291,7,0,6,19,7515900,3756,0,0,2007
292,6,0,7,18,7537140,3757,0,0,2013
293,7,0,7,18,7574820,3762,0,0,2020
294,6,0,5,20,7599780,3760,0,0,2026
295,8,0,7,18,7615200,3756,0,0,2034
296,4,0,6,19,7637100,3758,0,0,2038
297,9,0,4,21,7666020,3752,0,0,2047
298,6,0,4,21,7686240,3751,0,0,2053
299,14,0,10,15,7709580,3747,0,0,2067
300,6,0,9,16,7730940,3745,0,0,2073
301,7,0,7,18,7755300,3741,0,0,2080
302,4,0,5,20,7784100,3744,0,0,2084
303,7,0,5,20,7811940,3744,0,0,2091
304,6,0,5,20,7832940,3744,0,0,2097
305,6,0,6,19,7849080,3743,0,0,2103
306,10,0,5,20,7887780,3741,0,0,2113
307,8,0,9,16,7899780,3740,0,0,2121
308,4,0,6,19,7922940,3738,0,0,2125
309,7,0,8,17,7939920,3738,0,0,2132
310,3,0,5,20,7972260,3742,0,0,2135
311,4,0,4,21,7995960,3745,0,0,2139
312,2,0,4,21,8009280,3747,0,0,2141
313,3,0,6,19,8012460,3747,0,0,2144
314,3,0,2,23,8043120,3749,0,0,2147
315,6,0,6,19,8045760,3747,0,0,2153
316,6,0,6,19,8072460,3749,0,0,2159
317,5,0,7,18,8090580,3750,0,0,2164
318,9,0,6,19,8122200,3748,0,0,2173
319,2,0,2,23,8140860,3746,0,0,2175
320,9,0,8,17,8154180,3747,0,0,2184
321,4,0,7,18,8166120,3744,0,0,2188
322,7,0,6,19,8199960,3745,0,0,2195
323,4,0,7,18,8206320,3743,0,0,2199
324,10,0,7,18,8247360,3745,0,0,2209
325,7,0,4,21,8274900,3740,0,0,2216
326,12,0,10,15,8290680,3737,0,0,2228
327,12,0,11,14,8324640,3734,0,0,2240
328,7,0,7,18,8358120,3731,0,0,2247
329,6,0,7,18,8385540,3733,0,0,2253
330,11,0,9,16,8426820,3736,0,0,2264
331,4,0,3,22,8457000,3733,0,0,2268
332,6,0,5,20,8472360,3733,0,0,2274
333,10,0,8,17,8493000,3731,0,0,2284
334,1,0,8,17,8500080,3733,0,0,2285
335,1,0,0,25,8553720,3741,0,0,2286
336,5,0,2,23,8559240,3739,0,0,2291
337,1,0,1,24,8567940,3739,0,0,2292
338,4,0,1,24,8578020,3737,0,0,2296
339,4,0,5,20,8578020,3737,0,0,2300
340,5,0,7,18,8592600,3739,0,0,2305
341,2,0,4,21,8613000,3739,0,0,2307
342,2,0,2,23,8640420,3745,0,0,2309
343,5,0,1,24,8656140,3742,0,0,2314
344,4,0,5,20,8656140,3742,0,0,2318
345,4,0,3,22,8670600,3738,0,0,2322
346,9,0,5,20,8685480,3734,0,0,2331
347,9,0,6,19,8700360,3727,0,0,2340
348,5,0,7,18,8718060,3728,0,0,2345
349,7,0,4,21,8764860,3732,0,0,2352
350,9,0,9,16,8775900,3731,0,0,2361
351,10,0,10,15,8792940,3724,0,0,2371
352,14,0,14,11,8827200,3722,0,0,2385
353,3,0,8,17,8869680,3726,0,0,2388
354,9,0,5,20,8914020,3726,0,0,2397
355,7,0,7,18,8937540,3728,0,0,2404
356,6,0,5,20,8955960,3723,0,0,2410
357,7,0,8,17,8975520,3725,0,0,2417
358,5,0,6,19,8999040,3724,0,0,2422
359,9,0,8,17,9021240,3723,0,0,2431
360,4,0,6,19,9040320,3721,0,0,2435
361,2,0,4,21,9065280,3725,0,0,2437
362,3,0,3,22,9079920,3725,0,0,2440
363,5,0,3,22,9098220,3725,0,0,2445
364,4,0,6,19,9098940,3724,0,0,2449
365,7,0,9,16,9116880,3725,0,0,2456
366,6,0,7,18,9148680,3726,0,0,2462
367,10,0,9,16,9171600,3723,0,0,2472
368,13,0,11,14,9215280,3724,0,0,2485
369,7,0,9,16,9238440,3720,0,0,2492
370,8,0,10,15,9274980,3724,0,0,2500
371,9,0,8,17,9318780,3726,0,0,2509
372,9,0,8,17,9351240,3725,0,0,2518
373,10,0,9,16,9377220,3722,0,0,2528
374,6,0,6,19,9403920,3719,0,0,2534
375,11,0,6,19,9435180,3716,0,0,2545
376,11,0,8,17,9457440,3711,0,0,2556
377,16,0,14,11,9481800,3706,0,0,2572
378,10,0,15,10,9523440,3709,0,0,2582
379,5,0,6,19,9584520,3713,0,0,2587
380,6,0,7,18,9605460,3714,0,0,2593
381,2,0,2,23,9643860,3719,0,0,2595
382,1,0,1,24,9653280,3719,0,0,2596
383,3,0,2,23,9659400,3719,0,0,2599
384,4,0,5,20,9659940,3718,0,0,2603
385,6,0,6,19,9680400,3718,0,0,2609
386,2,0,3,22,9702060,3720,0,0,2611
387,4,0,3,22,9717780,3720,0,0,2615
388,4,0,6,19,9725820,3722,0,0,2619
389,9,0,8,17,9747180,3720,0,0,2628
390,7,0,8,17,9767460,3718,0,0,2635
391,9,0,8,17,9799860,3717,0,0,2644
392,7,0,6,19,9833700,3717,0,0,2651
393,10,0,8,17,9860400,3716,0,0,2661
394,9,0,9,16,9880800,3713,0,0,2670
395,11,0,11,14,9906060,3710,0,0,2681
396,9,0,11,14,9930180,3706,0,0,2690
397,10,0,7,18,9987360,3708,0,0,2700
398,9,0,13,12,9997320,3708,0,0,2709
399,6,0,6,19,10052940,3710,0,0,2715
400,11,0,12,13,10072740,3711,0,0,2726
401,12,0,12,13,10114380,3710,0,0,2738
402,5,0,8,17,10144740,3709,0,0,2743
403,8,0,10,15,10175460,3712,0,0,2751
404,6,0,7,18,10198380,3708,0,0,2757
405,6,0,6,19,10234620,3712,0,0,2763
406,7,0,7,18,10255140,3711,0,0,2770
407,1,0,1,24,10290000,3714,0,0,2771
408,4,0,3,22,10291260,3712,0,0,2775
409,6,0,7,18,10299180,3712,0,0,2781
410,5,0,4,21,10332240,3713,0,0,2786
411,7,0,6,19,10351140,3714,0,0,2793
412,4,0,3,22,10369440,3711,0,0,2797
413,5,0,4,21,10388100,3712,0,0,2802
414,6,0,8,17,10393860,3712,0,0,2808
415,15,0,13,12,10411320,3705,0,0,2823
416,12,0,11,14,10457340,3703,0,0,2835
417,12,0,9,16,10503480,3701,0,0,2847
418,10,0,11,14,10531920,3700,0,0,2857
419,9,0,12,13,10556280,3698,0,0,2866
420,11,0,13,12,10598400,3700,0,0,2877
421,8,0,10,15,10628880,3697,0,0,2885
422,6,0,6,19,10680660,3702,0,0,2891
423,12,0,12,13,10700100,3701,0,0,2903
424,10,0,8,17,10739820,3697,0,0,2913
425,8,0,10,15,10766460,3698,0,0,2921
426,11,0,12,13,10803540,3699,0,0,2932
427,8,0,11,14,10831500,3698,0,0,2940
428,3,0,7,18,10869540,3702,0,0,2943
429,8,0,8,17,10894860,3701,0,0,2951
430,5,0,4,21,10935000,3704,0,0,2956
431,5,0,5,20,10945200,3702,0,0,2961
432,5,0,6,19,10955820,3701,0,0,2966
433,5,0,5,20,10976460,3700,0,0,2971
434,5,0,5,20,10995420,3700,0,0,2976
435,4,0,4,21,11019480,3702,0,0,2980
436,2,0,3,22,11026380,3701,0,0,2982
437,3,0,4,21,11037300,3702,0,0,2985
438,3,0,2,23,11050680,3700,0,0,2988
439,7,0,7,18,11052780,3699,0,0,2995
440,3,0,6,19,11065140,3698,0,0,2998
441,9,0,7,18,11093040,3697,0,0,3007
442,6,0,8,17,11115660,3699,0,0,3013
443,6,0,9,16,11138220,3700,0,0,3019
444,12,0,13,12,11172840,3702,0,0,3031
445,9,0,13,12,11216460,3705,0,0,3040
446,12,0,13,12,11263920,3706,0,0,3052
447,10,0,10,15,11323980,3710,0,0,3062
448,9,0,11,14,11343720,3707,0,0,3071
449,6,0,8,17,11385120,3709,0,0,3077
450,7,0,6,19,11425560,3712,0,0,3084
451,9,0,7,18,11456580,3712,0,0,3093
452,3,0,3,22,11477280,3710,0,0,3096
453,6,0,4,21,11489820,3708,0,0,3102
454,3,0,2,23,11504160,3707,0,0,3105
455,7,0,3,22,11518680,3704,0,0,3112
456,6,0,2,23,11532840,3701,0,0,3118
457,4,0,1,24,11542680,3698,0,0,3122
458,3,0,2,23,11544300,3696,0,0,3125
459,4,0,3,22,11552100,3695,0,0,3129
460,5,0,6,19,11558760,3695,0,0,3134
461,7,0,6,19,11582460,3694,0,0,3141
462,4,0,5,20,11601300,3694,0,0,3145
463,7,0,8,17,11610660,3692,0,0,3152
464,4,0,5,20,11638200,3693,0,0,3156
465,6,0,4,21,11654700,3690,0,0,3162
466,3,0,2,23,11674980,3691,0,0,3165
467,8,0,5,20,11683740,3688,0,0,3173
468,8,0,7,18,11694720,3684,0,0,3181
469,8,0,9,16,11708760,3682,0,0,3189
470,4,0,8,17,11742840,3686,0,0,3193
471,11,0,10,15,11775240,3686,0,0,3204
472,11,0,10,15,11812140,3685,0,0,3215
473,6,0,6,19,11843580,3683,0,0,3221
474,10,0,10,15,11858460,3681,0,0,3231
475,11,0,10,15,11896200,3680,0,0,3242
476,6,0,5,20,11944500,3683,0,0,3248
477,7,0,5,20,11968200,3682,0,0,3255
478,1,0,3,22,11980860,3683,0,0,3256
479,7,0,5,20,12000300,3683,0,0,3263
480,7,0,9,16,12011400,3683,0,0,3270
481,2,0,3,22,12043380,3684,0,0,3272
482,5,0,4,21,12057960,3684,0,0,3277
483,3,0,5,20,12071700,3686,0,0,3280
484,2,0,2,23,12092940,3686,0,0,3282
485,7,0,6,19,12100260,3685,0,0,3289
486,3,0,3,22,12119760,3684,0,0,3292
487,5,0,6,19,12131400,3686,0,0,3297
488,4,0,6,19,12143700,3685,0,0,3301
489,6,0,5,20,12170340,3685,0,0,3307
490,9,0,8,17,12194040,3686,0,0,3316
491,6,0,8,17,12211200,3684,0,0,3322
492,12,0,9,16,12256500,3686,0,0,3334
493,8,0,9,16,12279600,3684,0,0,3342
494,7,0,4,21,12318900,3682,0,0,3349
495,12,0,8,17,12347700,3682,0,0,3361
496,8,0,6,19,12365460,3676,0,0,3369
497,8,0,7,18,12387240,3675,0,0,3377
498,4,0,5,20,12406620,3674,0,0,3381
499,4,0,5,20,12422700,3675,0,0,3385
500,5,0,2,23,12458520,3677,0,0,3390
501,6,0,7,18,12462240,3677,0,0,3396
502,6,0,8,17,12474840,3675,0,0,3402
503,2,0,4,21,12505200,3678,0,0,3404
504,7,0,6,19,12531660,3680,0,0,3411
505,10,0,6,19,12555840,3676,0,0,3421
506,4,0,6,19,12571260,3676,0,0,3425
507,3,0,4,21,12595020,3678,0,0,3428
508,4,0,3,22,12616920,3679,0,0,3432
509,1,0,1,24,12629460,3679,0,0,3433
510,1,0,1,24,12635280,3680,0,0,3434
511,7,0,5,20,12638940,3678,0,0,3441
512,7,0,6,19,12652380,3675,0,0,3448
513,9,0,10,15,12670260,3675,0,0,3457
514,7,0,6,19,12699360,3672,0,0,3464
515,15,0,11,14,12724620,3669,0,0,3479
516,10,0,11,14,12758580,3668,0,0,3489
517,4,0,5,20,12796860,3668,0,0,3493
518,11,0,6,19,12821280,3665,0,0,3504
519,13,0,14,11,12832740,3663,0,0,3517
520,4,0,8,17,12871080,3663,0,0,3521
521,6,0,8,17,12903060,3666,0,0,3527
522,6,0,8,17,12924540,3666,0,0,3533
523,6,0,7,18,12952260,3667,0,0,3539
524,6,0,9,16,12971580,3668,0,0,3545
525,5,0,6,19,12996000,3667,0,0,3550
526,6,0,5,20,13038060,3671,0,0,3556
527,2,0,4,21,13046700,3670,0,0,3558
528,9,0,10,15,13063080,3672,0,0,3567
529,1,0,2,23,13092180,3671,0,0,3568
530,5,0,3,22,13110840,3672,0,0,3573
531,2,0,3,22,13117260,3672,0,0,3575
532,3,0,3,22,13129320,3672,0,0,3578
533,7,0,6,19,13137240,3670,0,0,3585
534,8,0,5,20,13165080,3669,0,0,3593
535,8,0,9,16,13178040,3668,0,0,3601
536,4,0,10,15,13194000,3670,0,0,3605
537,9,0,11,14,13235400,3673,0,0,3614
538,6,0,7,18,13268460,3672,0,0,3620
539,8,0,5,20,13296120,3669,0,0,3628
540,11,0,7,18,13324380,3668,0,0,3639
541,8,0,6,19,13341960,3664,0,0,3647
542,15,0,15,10,13359420,3663,0,0,3662
543,11,0,12,13,13403940,3661,0,0,3673
544,9,0,10,15,13457280,3664,0,0,3682
545,5,0,7,18,13495260,3667,0,0,3687
546,4,0,5,20,13515180,3666,0,0,3691
547,5,0,6,19,13536600,3668,0,0,3696
548,7,0,8,17,13551120,3667,0,0,3703
549,4,0,5,20,13585260,3669,0,0,3707
550,3,0,3,22,13601280,3669,0,0,3710
551,2,0,3,22,13616220,3671,0,0,3712
552,4,0,5,20,13619760,3670,0,0,3716
553,9,0,4,21,13649340,3668,0,0,3725
554,5,0,5,20,13667100,3669,0,0,3730
555,3,0,5,20,13682040,3670,0,0,3733
556,5,0,6,19,13687020,3667,0,0,3738
557,6,0,7,18,13725120,3672,0,0,3744
558,5,0,7,18,13741200,3672,0,0,3749
559,6,0,7,18,13765800,3672,0,0,3755
560,5,0,5,20,13791960,3672,0,0,3760
561,9,0,7,18,13811040,3671,0,0,3769
562,10,0,12,13,13830960,3671,0,0,3779
563,10,0,11,14,13860180,3668,0,0,3789
564,9,0,11,14,13904760,3671,0,0,3798
565,10,0,10,15,13950960,3673,0,0,3808
566,11,0,15,10,13973160,3673,0,0,3819
567,7,0,7,18,14031600,3674,0,0,3826
568,5,0,3,22,14065260,3674,0,0,3831
569,8,0,7,18,14076720,3673,0,0,3839
570,8,0,12,13,14088300,3673,0,0,3847
571,5,0,8,17,14126400,3674,0,0,3852
572,5,0,6,19,14164800,3678,0,0,3857
573,8,0,10,15,14175720,3677,0,0,3865
574,4,0,5,20,14216580,3679,0,0,3869
575,3,0,2,23,14239080,3679,0,0,3872
576,5,0,5,20,14240700,3677,0,0,3877
577,6,0,6,19,14260080,3678,0,0,3883
578,3,0,6,19,14273280,3678,0,0,3886
579,7,0,8,17,14296260,3679,0,0,3893
580,5,0,6,19,14322240,3679,0,0,3898
581,5,0,4,21,14347560,3679,0,0,3903
582,7,0,5,20,14365260,3678,0,0,3910
583,4,0,5,20,14380740,3678,0,0,3914
584,10,0,10,15,14394660,3677,0,0,3924
585,7,0,10,15,14426280,3679,0,0,3931
586,7,0,6,19,14464620,3678,0,0,3938
587,10,0,9,16,14494860,3679,0,0,3948
588,9,0,10,15,14520840,3678,0,0,3957
589,11,0,14,11,14554380,3680,0,0,3968
590,9,0,10,15,14602260,3680,0,0,3977
591,6,0,5,20,14652120,3683,0,0,3983
592,8,0,6,19,14676960,3683,0,0,3991
593,6,0,5,20,14691780,3680,0,0,3997
594,5,0,4,21,14721060,3682,0,0,4002
595,6,0,6,19,14728440,3680,0,0,4008
596,4,0,3,22,14756220,3680,0,0,4012
597,5,0,3,22,14774820,3680,0,0,4017
598,3,0,2,23,14786460,3680,0,0,4020
599,4,0,4,21,14792340,3679,0,0,4024
600,7,0,7,18,14806620,3679,0,0,4031
601,3,0,3,22,14830260,3679,0,0,4034
602,4,0,4,21,14843100,3679,0,0,4038
603,2,0,1,24,14858460,3678,0,0,4040
604,5,0,3,22,14869260,3678,0,0,4045
605,5,0,8,17,14869260,3678,0,0,4050
606,7,0,8,17,14894820,3678,0,0,4057
607,6,0,7,18,14925300,3679,0,0,4063
608,15,0,10,15,14946660,3674,0,0,4078
609,12,0,15,10,14970600,3673,0,0,4090
610,5,0,5,20,15022680,3673,0,0,4095
611,10,0,8,17,15063300,3676,0,0,4105
612,17,0,13,12,15092160,3672,0,0,4122
613,10,0,12,13,15133920,3673,0,0,4132
614,11,0,11,14,15184860,3674,0,0,4143
615,11,0,12,13,15212220,3672,0,0,4154
616,12,0,12,13,15254040,3672,0,0,4166
617,4,0,8,17,15298200,3675,0,0,4170
618,10,0,12,13,15329460,3677,0,0,4180
619,2,0,6,19,15377760,3682,0,0,4182
620,7,0,10,15,15395820,3684,0,0,4189
621,7,0,6,19,15445560,3686,0,0,4196
622,2,0,3,22,15461040,3685,0,0,4198
623,5,0,5,20,15476820,3686,0,0,4203
624,12,0,9,16,15504240,3686,0,0,4215
625,0,0,2,23,15530100,3686,0,0,4215
626,4,0,4,21,15542640,3687,0,0,4219
627,3,0,1,24,15552360,3684,0,0,4222
628,8,0,5,20,15563220,3683,0,0,4230
629,6,0,6,19,15570780,3681,0,0,4236
630,6,0,5,20,15596700,3681,0,0,4242
631,9,0,8,17,15615180,3680,0,0,4251
632,5,0,7,18,15633360,3679,0,0,4256
633,7,0,9,16,15661680,3681,0,0,4263
634,6,0,9,16,15689340,3682,0,0,4269
635,10,0,10,15,15726000,3683,0,0,4279
636,6,0,5,20,15776340,3686,0,0,4285
637,14,0,15,10,15790260,3685,0,0,4299
638,6,0,7,18,15839880,3685,0,0,4305
639,12,0,13,12,15862680,3685,0,0,4317
640,9,0,10,15,15905940,3685,0,0,4326
641,4,0,4,21,15944700,3685,0,0,4330
642,6,0,5,20,15966480,3686,0,0,4336
643,4,0,4,21,15979020,3685,0,0,4340
644,5,0,5,20,15992100,3684,0,0,4345
645,6,0,4,21,16018620,3684,0,0,4351
646,3,0,4,21,16027680,3684,0,0,4354
647,5,0,6,19,16043100,3685,0,0,4359
648,6,0,7,18,16069140,3687,0,0,4365
649,6,0,9,16,16083900,3687,0,0,4371
650,3,0,6,19,16120320,3690,0,0,4374
651,4,0,4,21,16140540,3690,0,0,4378
652,6,0,7,18,16153740,3690,0,0,4384
653,2,0,4,21,16177200,3691,0,0,4386
654,8,0,5,20,16195920,3690,0,0,4394
655,3,0,1,24,16218240,3689,0,0,4397
656,6,0,4,21,16225500,3688,0,0,4403
657,6,0,6,19,16231920,3686,0,0,4409
658,9,0,12,13,16236060,3684,0,0,4418
659,7,0,8,17,16295520,3689,0,0,4425
660,8,0,7,18,16330020,3689,0,0,4433
661,8,0,8,17,16352280,3688,0,0,4441
662,13,0,11,14,16385460,3687,0,0,4454
663,12,0,15,10,16420500,3689,0,0,4466
664,3,0,9,16,16460640,3690,0,0,4469
665,8,0,10,15,16504560,3694,0,0,4477
666,12,0,13,12,16539000,3695,0,0,4489
667,6,0,8,17,16574700,3693,0,0,4495
668,5,0,6,19,16615980,3697,0,0,4500
669,5,0,5,20,16637160,3697,0,0,4505
670,4,0,3,22,16655340,3696,0,0,4509
671,8,0,7,18,16670700,3696,0,0,4517
672,3,0,6,19,16681980,3695,0,0,4520
673,4,0,9,16,16682880,3694,0,0,4524
674,4,0,8,17,16692600,3693,0,0,4528
675,6,0,10,15,16700820,3691,0,0,4534
676,5,0,9,16,16720680,3691,0,0,4539
677,2,0,9,16,16737060,3693,0,0,4541
678,3,0,9,16,16749720,3693,0,0,4544
679,9,0,11,14,16772400,3692,0,0,4553
680,10,0,16,9,16788180,3692,0,0,4563
681,4,0,12,13,16810320,3690,0,0,4567
682,8,0,11,14,16851900,3692,0,0,4575
683,4,0,10,15,16867800,3691,0,0,4579
684,4,0,10,15,16881180,3691,0,0,4583
685,7,0,11,14,16899900,3690,0,0,4590
686,5,0,8,17,16928400,3690,0,0,4595
687,12,0,13,12,16939860,3687,0,0,4607
688,12,0,20,5,16957200,3687,0,0,4619
689,8,0,14,11,17012760,3688,0,0,4627
690,7,0,16,9,17030460,3687,0,0,4634
691,3,0,9,16,17073180,3689,0,0,4637
692,10,0,13,12,17102100,3690,0,0,4647
693,2,0,10,15,17115600,3689,0,0,4649
694,7,0,12,13,17138460,3690,0,0,4656
695,3,0,7,18,17166900,3690,0,0,4659
696,4,0,7,18,17176260,3689,0,0,4663
697,5,0,9,16,17190120,3689,0,0,4668
698,8,0,12,13,17206800,3689,0,0,4676
699,7,0,11,14,17224080,3686,0,0,4683
700,5,0,9,16,17253300,3687,0,0,4688
701,3,0,9,16,17274780,3689,0,0,4691
702,2,0,9,16,17285640,3690,0,0,4693
703,10,0,14,11,17302740,3690,0,0,4703
704,10,0,13,12,17343720,3690,0,0,4713
705,8,0,14,11,17363880,3688,0,0,4721
706,8,0,14,11,17406000,3691,0,0,4729
707,7,0,16,9,17430180,3692,0,0,4736
708,8,0,13,12,17473260,3693,0,0,4744
709,6,0,13,12,17499240,3694,0,0,4750
710,9,0,14,11,17525040,3693,0,0,4759
711,7,0,11,14,17559840,3692,0,0,4766
712,2,0,6,19,17589360,3693,0,0,4768
713,4,0,7,18,17598480,3693,0,0,4772
714,4,0,9,16,17604960,3693,0,0,4776
715,7,0,11,14,17613480,3691,0,0,4783
716,5,0,10,15,17634480,3690,0,0,4788
717,9,0,12,13,17655540,3689,0,0,4797
718,10,0,14,11,17674620,3687,0,0,4807
719,4,0,9,16,17706300,3687,0,0,4811
720,3,0,8,17,17729100,3688,0,0,4814
721,4,0,7,18,17745600,3688,0,0,4818
722,8,0,10,15,17756580,3686,0,0,4826
723,6,0,10,15,17768220,3684,0,0,4832
724,2,0,6,19,17788560,3684,0,0,4834
725,6,0,9,16,17794740,3683,0,0,4840
726,4,0,9,16,17806140,3682,0,0,4844
727,9,0,16,9,17808960,3681,0,0,4853
728,4,0,12,13,17837040,3681,0,0,4857
729,10,0,18,7,17870340,3685,0,0,4867
730,11,0,16,9,17916900,3685,0,0,4878
731,8,0,15,10,17940240,3683,0,0,4886
732,11,0,18,7,17983020,3685,0,0,4897
733,8,0,11,14,18034140,3684,0,0,4905
734,10,0,15,10,18049740,3683,0,0,4915
735,7,0,13,12,18073680,3681,0,0,4922
736,7,0,12,13,18107880,3682,0,0,4929
737,5,0,10,15,18137220,3683,0,0,4934
738,8,0,8,17,18167520,3682,0,0,4942
739,3,0,9,16,18179340,3683,0,0,4945
740,7,0,12,13,18188520,3681,0,0,4952
741,7,0,9,16,18211800,3679,0,0,4959
742,8,0,11,14,18229920,3678,0,0,4967
743,1,0,6,19,18251760,3678,0,0,4968
744,5,0,10,15,18257880,3678,0,0,4973
745,8,0,12,13,18269640,3676,0,0,4981
746,5,0,9,16,18298380,3676,0,0,4986
747,4,0,9,16,18314880,3676,0,0,4990
748,8,0,11,14,18331200,3675,0,0,4998
749,13,0,21,4,18339360,3675,0,0,5011
750,5,0,12,13,18405900,3678,0,0,5016
751,1,0,8,17,18423060,3677,0,0,5017
752,9,0,12,13,18435780,3676,0,0,5026
753,6,0,10,15,18465840,3676,0,0,5032
754,4,0,10,15,18480120,3676,0,0,5036
755,8,0,12,13,18503280,3677,0,0,5044
756,8,0,12,13,18526560,3675,0,0,5052
757,11,0,14,11,18551460,3674,0,0,5063
758,13,0,17,8,18581220,3672,0,0,5076
759,11,0,15,10,18627660,3672,0,0,5087
760,12,0,16,9,18664320,3671,0,0,5099
761,11,0,13,12,18707760,3670,0,0,5110
762,6,0,11,14,18736860,3670,0,0,5116
763,8,0,13,12,18748140,3668,0,0,5124
764,6,0,9,16,18786060,3668,0,0,5130
765,6,0,10,15,18814860,3670,0,0,5136
766,7,0,13,12,18827340,3670,0,0,5143
767,4,0,9,16,18853800,3669,0,0,5147
768,2,0,7,18,18865320,3668,0,0,5149
769,2,0,6,19,18882960,3670,0,0,5151
770,6,0,9,16,18887160,3668,0,0,5157
771,13,0,14,11,18906780,3666,0,0,5170
772,6,0,10,15,18948240,3667,0,0,5176
773,9,0,11,14,18958980,3664,0,0,5185
774,8,0,15,10,18968040,3663,0,0,5193
775,8,0,15,10,19005900,3664,0,0,5201
776,7,0,11,14,19040760,3663,0,0,5208
777,6,0,9,16,19069080,3663,0,0,5214
778,6,0,14,11,19072440,3663,0,0,5220
779,10,0,14,11,19103820,3662,0,0,5230
780,13,0,13,12,19138020,3659,0,0,5243
781,10,0,15,10,19161900,3658,0,0,5253
782,12,0,13,12,19209540,3657,0,0,5265
783,8,0,12,13,19230660,3655,0,0,5273
784,6,0,13,12,19246980,3654,0,0,5279
785,15,0,13,12,19270200,3648,0,0,5294
786,7,0,12,13,19297440,3648,0,0,5301
787,5,0,9,16,19332000,3649,0,0,5306
788,8,0,10,15,19349760,3648,0,0,5314
789,2,0,8,17,19363320,3647,0,0,5316
790,6,0,11,14,19377720,3648,0,0,5322
791,5,0,13,12,19385640,3648,0,0,5327
792,5,0,11,14,19423500,3650,0,0,5332
793,2,0,9,16,19446600,3651,0,0,5334
794,4,0,8,17,19469220,3652,0,0,5338
795,4,0,9,16,19471920,3651,0,0,5342
796,6,0,8,17,19494660,3650,0,0,5348
797,7,0,9,16,19509660,3649,0,0,5355
798,8,0,15,10,19518840,3649,0,0,5363
799,2,0,10,15,19551420,3651,0,0,5365
800,6,0,11,14,19574580,3651,0,0,5371
801,9,0,15,10,19589820,3651,0,0,5380
802,7,0,16,9,19619040,3652,0,0,5387
803,12,0,15,10,19659540,3651,0,0,5399
804,10,0,14,11,19694580,3650,0,0,5409
805,8,0,11,14,19730220,3649,0,0,5417
806,8,0,13,12,19750800,3649,0,0,5425
807,4,0,10,15,19773120,3648,0,0,5429
808,8,0,10,15,19801440,3648,0,0,5437
809,8,0,13,12,19813380,3647,0,0,5445
810,4,0,12,13,19832640,3647,0,0,5449
811,8,0,13,12,19856700,3647,0,0,5457
812,6,0,12,13,19885800,3648,0,0,5463
813,10,0,16,9,19907520,3648,0,0,5473
814,6,0,14,11,19937400,3648,0,0,5479
815,5,0,10,15,19982160,3650,0,0,5484
816,3,0,9,16,19999440,3650,0,0,5487
817,6,0,9,16,20014200,3649,0,0,5493
818,5,0,12,13,20015760,3648,0,0,5498
819,3,0,8,17,20045220,3649,0,0,5501
820,2,0,7,18,20049840,3648,0,0,5503
821,9,0,13,12,20061540,3648,0,0,5512
822,5,0,11,14,20078400,3646,0,0,5517
823,4,0,9,16,20107080,3647,0,0,5521
824,8,0,15,10,20115840,3648,0,0,5529
825,5,0,13,12,20138820,3647,0,0,5534
826,12,0,14,11,20184600,3648,0,0,5546
827,5,0,15,10,20197980,3648,0,0,5551
828,10,0,17,8,20229480,3648,0,0,5561
829,11,0,19,6,20267040,3649,0,0,5572
830,6,0,14,11,20316720,3651,0,0,5578
831,9,0,14,11,20356800,3652,0,0,5587
832,13,0,18,7,20384160,3651,0,0,5600
833,8,0,13,12,20428080,3651,0,0,5608
834,4,0,7,18,20467260,3651,0,0,5612
835,6,0,13,12,20467260,3651,0,0,5618
836,6,0,14,11,20490660,3652,0,0,5624
837,5,0,9,16,20518140,3650,0,0,5629
838,8,0,10,15,20556540,3653,0,0,5637
839,3,0,8,17,20571000,3652,0,0,5640
840,3,0,8,17,20576280,3651,0,0,5643
841,3,0,8,17,20590560,3652,0,0,5646
842,1,0,7,18,20597760,3652,0,0,5647
843,3,0,7,18,20613060,3652,0,0,5650
844,8,0,10,15,20620500,3650,0,0,5658
845,8,0,13,12,20635500,3650,0,0,5666
846,6,0,13,12,20661480,3651,0,0,5672
847,12,0,18,7,20695560,3652,0,0,5684
848,7,0,11,14,20736600,3650,0,0,5691
849,4,0,9,16,20768280,3652,0,0,5695
850,7,0,10,15,20790780,3652,0,0,5702
851,8,0,8,17,20816160,3650,0,0,5710
852,14,0,18,7,20819340,3648,0,0,5724
853,7,0,13,12,20874300,3650,0,0,5731
854,8,0,11,14,20916300,3651,0,0,5739
855,10,0,13,12,20938440,3650,0,0,5749
856,9,0,19,6,20949120,3650,0,0,5758
857,8,0,15,10,21009960,3653,0,0,5766
858,8,0,15,10,21034980,3652,0,0,5774
859,4,0,12,13,21068820,3653,0,0,5778
860,4,0,8,17,21117720,3657,0,0,5782
861,9,0,13,12,21122280,3655,0,0,5791
862,3,0,10,15,21146400,3656,0,0,5794
863,3,0,10,15,21154980,3655,0,0,5797
864,3,0,9,16,21181980,3657,0,0,5800
865,4,0,9,16,21195300,3657,0,0,5804
866,9,0,13,12,21205740,3656,0,0,5813
867,4,0,12,13,21228420,3656,0,0,5817
868,10,0,14,11,21263760,3657,0,0,5827
869,6,0,15,10,21281820,3657,0,0,5833
870,7,0,11,14,21329640,3659,0,0,5840
871,6,0,12,13,21340080,3657,0,0,5846
872,6,0,9,16,21375840,3658,0,0,5852
873,4,0,9,16,21390480,3658,0,0,5856
874,7,0,10,15,21402540,3656,0,0,5863
875,5,0,11,14,21415800,3656,0,0,5868
876,11,0,15,10,21443160,3656,0,0,5879
877,6,0,12,13,21480960,3657,0,0,5885
878,14,0,15,10,21511740,3655,0,0,5899
879,9,0,17,8,21541620,3656,0,0,5908
880,10,0,13,12,21583200,3655,0,0,5918
881,11,0,17,8,21622980,3657,0,0,5929
882,7,0,12,13,21669360,3657,0,0,5936
883,16,0,22,3,21677460,3655,0,0,5952
884,6,0,14,11,21750840,3659,0,0,5958
885,12,0,15,10,21786360,3658,0,0,5970
886,2,0,9,16,21824520,3659,0,0,5972
887,6,0,8,17,21853740,3660,0,0,5978
888,4,0,10,15,21861240,3660,0,0,5982
889,4,0,8,17,21878580,3659,0,0,5986
890,4,0,10,15,21888360,3660,0,0,5990
891,3,0,8,17,21911100,3661,0,0,5993
892,8,0,14,11,21925140,3662,0,0,6001
893,9,0,16,9,21951180,3662,0,0,6010
894,9,0,14,11,21995340,3662,0,0,6019
895,3,0,10,15,22031760,3664,0,0,6022
896,9,0,10,15,22060800,3663,0,0,6031
897,12,0,14,11,22078260,3662,0,0,6043
898,13,0,23,2,22098180,3662,0,0,6056
899,10,0,15,10,22166940,3663,420,0,6066
900,12,0,12,13,22213620,3661,420,0,6078
901,7,0,12,13,22237680,3661,420,0,6085
902,10,0,14,11,22266960,3661,420,0,6095
903,11,0,18,7,22289220,3661,420,0,6106
904,10,0,17,8,22329360,3661,420,0,6116
905,9,0,16,9,22366800,3661,420,0,6125
906,1,0,7,18,22411680,3662,420,0,6126
907,3,0,6,19,22419420,3661,420,0,6129
908,7,0,10,15,22425180,3660,420,0,6136
909,3,0,10,15,22434900,3660,420,0,6139
910,8,0,11,14,22465200,3661,420,0,6147
911,3,0,10,15,22470120,3659,420,0,6150
912,5,0,11,14,22485540,3659,420,0,6155
913,3,0,8,17,22516260,3661,420,0,6158
914,5,0,9,16,22537380,3662,420,0,6163
915,4,0,10,15,22541160,3661,420,0,6167
916,6,0,13,12,22554060,3661,420,0,6173
917,3,0,12,13,22571880,3661,420,0,6176
918,3,0,6,19,22615260,3663,420,0,6179
919,6,0,12,13,22615260,3663,420,0,6185
920,7,0,12,13,22634520,3662,420,0,6192
921,9,0,13,12,22653960,3660,420,0,6201
922,5,0,12,13,22671660,3660,420,0,6206
923,15,0,15,10,22721640,3661,420,0,6221
924,10,0,16,9,22744680,3659,420,0,6231
925,11,0,17,8,22789920,3661,420,0,6242
926,11,0,15,10,22842540,3661,420,0,6253
927,9,0,13,12,22878900,3661,420,0,6262
928,4,0,12,13,22896960,3661,420,0,6266
929,9,0,13,12,22928340,3661,420,0,6275
930,8,0,15,10,22953720,3662,420,0,6283
931,8,0,9,16,23004480,3661,420,0,6291
932,10,0,14,11,23015220,3660,420,0,6301
933,4,0,11,14,23043660,3661,420,0,6305
934,7,0,12,13,23071920,3662,420,0,6312
935,4,0,10,15,23097540,3662,420,0,6316
936,7,0,10,15,23114940,3661,420,0,6323
937,4,0,10,15,23127300,3661,420,0,6327
938,8,0,11,14,23149140,3660,420,0,6335
939,12,0,16,9,23173440,3660,420,0,6347
940,6,0,13,12,23207160,3660,420,0,6353
941,10,0,15,10,23247720,3662,420,0,6363
942,7,0,11,14,23276400,3660,420,0,6370
943,9,0,13,12,23301600,3660,420,0,6379
944,8,0,13,12,23327940,3659,420,0,6387
945,8,0,16,9,23350860,3660,420,0,6395
946,7,0,13,12,23390940,3661,420,0,6402
947,6,0,10,15,23430540,3662,420,0,6408
948,14,0,18,7,23441520,3660,420,0,6422
949,9,0,13,12,23491260,3660,420,0,6431
950,14,0,16,9,23527140,3659,420,0,6445
951,6,0,11,14,23570160,3659,420,0,6451
952,14,0,14,11,23606520,3659,420,0,6465
953,3,0,9,16,23640420,3660,420,0,6468
954,9,0,11,14,23667900,3660,420,0,6477
955,2,0,7,18,23696460,3661,420,0,6479
956,9,0,13,12,23700540,3660,420,0,6488
957,5,0,7,18,23746440,3661,420,0,6493
958,5,0,8,17,23761080,3661,420,0,6498
959,4,0,10,15,23765100,3660,420,0,6502
960,5,0,8,17,23789100,3660,420,0,6507
961,4,0,11,14,23789880,3659,420,0,6511
962,5,0,10,15,23818560,3661,420,0,6516
963,4,0,7,18,23838840,3660,420,0,6520
964,5,0,8,17,23847360,3659,420,0,6525
965,3,0,8,17,23855700,3658,420,0,6528
966,7,0,9,16,23866260,3657,420,0,6535
967,9,0,13,12,23877000,3655,420,0,6544
968,10,0,17,8,23896260,3655,420,0,6554
969,10,0,13,12,23938920,3654,420,0,6564
970,10,0,14,11,23976480,3654,420,0,6574
971,7,0,10,15,24014340,3654,420,0,6581
972,16,0,17,8,24038700,3653,420,0,6597
973,11,0,18,7,24078120,3653,420,0,6608
974,9,0,15,10,24121260,3653,420,0,6617
975,8,1,15,10,24150180,3654,1260,0,6625
976,7,0,13,12,24198900,3655,5580,0,6632
977,8,0,9,16,24247140,3656,5580,0,6640
978,9,0,11,14,24269880,3656,5580,0,6649
979,5,0,11,14,24282360,3655,5580,0,6654
980,5,0,12,13,24300840,3655,5580,0,6659
981,4,0,10,15,24324780,3656,5580,0,6663
982,3,0,9,16,24349080,3657,5580,0,6666
983,2,0,7,18,24363180,3657,5580,0,6668
984,3,0,9,16,24367680,3657,5580,0,6671
985,2,0,5,20,24383100,3656,5580,0,6673
986,1,0,5,20,24384060,3656,5580,0,6674
987,8,0,11,14,24386340,3655,5580,0,6682
988,4,0,11,14,24395100,3654,5580,0,6686
989,4,0,12,13,24410760,3655,5580,0,6690
990,2,0,8,17,24447060,3657,5580,0,6692
991,10,0,11,14,24472140,3657,5580,0,6702
992,11,0,11,14,24494700,3654,5580,0,6713
993,5,0,12,13,24504720,3654,5580,0,6718
994,4,0,8,17,24546840,3656,5580,0,6722
995,8,0,13,12,24557340,3655,5580,0,6730
996,8,0,13,12,24585120,3655,5580,0,6738
997,16,4,19,6,24600660,3654,5760,0,6754
998,9,9,13,12,24653220,3657,13560,2,6763
999,8,5,21,4,24687780,3660,42960,6,6771
1000,7,0,14,11,24746880,3658,60720,8,6778
1001,8,0,9,16,24806940,3660,60720,8,6786
1002,8,0,13,12,24815940,3659,60720,8,6794
1003,10,0,14,11,24840720,3658,60720,8,6804
1004,8,0,12,13,24865740,3656,60720,8,6812
1005,5,0,13,12,24901380,3659,60720,8,6817
1006,4,0,10,15,24934380,3660,60720,8,6821
1007,7,0,11,14,24946980,3659,60720,8,6828
1008,5,0,10,15,24965160,3658,60720,8,6833
1009,3,0,9,16,24991620,3660,60720,8,6836
1010,4,0,12,13,24998700,3661,60720,8,6840
1011,8,0,13,12,25036740,3663,60720,8,6848
1012,5,0,13,12,25048980,3662,60720,8,6853
1013,3,0,8,17,25090980,3663,60720,8,6856
1014,7,0,10,15,25108800,3663,60720,8,6863
1015,5,0,10,15,25125000,3663,60720,8,6868
1016,12,0,10,15,25143540,3659,60720,8,6880
1017,11,0,13,12,25155240,3657,60720,8,6891
1018,5,0,10,15,25181100,3656,60720,8,6896
1019,7,0,12,13,25207200,3657,60720,8,6903
1020,9,0,14,11,25219320,3656,60720,8,6912
1021,13,0,15,10,25253880,3654,60720,8,6925
1022,6,0,15,10,25275900,3654,60720,8,6931
1023,8,0,12,13,25313700,3654,60720,8,6939
1024,6,0,13,12,25329180,3653,60720,8,6945
1025,7,0,15,10,25364100,3656,60720,8,6952
1026,10,0,16,9,25404180,3657,60720,8,6962
1027,6,0,15,10,25435740,3658,60720,8,6968
1028,9,0,13,12,25465440,3656,60720,8,6977
1029,6,0,10,15,25500900,3657,60720,8,6983
1030,1,0,7,18,25517160,3657,60720,8,6984
1031,5,0,10,15,25523820,3657,60720,8,6989
1032,9,0,13,12,25538760,3656,60720,8,6998
1033,5,0,12,13,25557240,3655,60720,8,7003
1034,5,0,10,15,25584000,3655,60720,8,7008
1035,7,0,15,10,25599660,3657,60720,8,7015
1036,6,0,11,14,25637820,3657,60720,8,7021
1037,2,0,11,14,25645440,3657,60720,8,7023
1038,11,0,17,8,25667280,3657,60720,8,7034
1039,6,0,15,10,25700640,3658,60720,8,7040
1040,9,0,11,14,25753080,3659,60720,8,7049
1041,6,0,14,11,25766880,3659,60720,8,7055
1042,7,0,14,11,25798980,3660,60720,8,7062
1043,9,0,12,13,25830540,3659,60720,8,7071
1044,11,0,14,11,25858920,3658,60720,8,7082
1045,11,0,18,7,25879680,3657,60720,8,7093
1046,11,0,17,8,25920120,3657,60720,8,7104
1047,8,0,13,12,25968360,3658,60720,8,7112
1048,8,0,11,14,26000340,3657,60720,8,7120
1049,7,0,14,11,26009340,3656,60720,8,7127
1050,6,0,10,15,26060580,3658,60720,8,7133
1051,11,0,15,10,26078940,3658,60720,8,7144
1052,6,0,11,14,26114040,3657,60720,8,7150
1053,6,0,11,14,26140920,3658,60720,8,7156
1054,8,0,11,14,26162280,3657,60720,8,7164
1055,5,0,11,14,26173260,3656,60720,8,7169
1056,4,0,12,13,26187540,3656,60720,8,7173
1057,7,0,10,15,26214060,3656,60720,8,7180
1058,6,0,9,16,26229540,3654,60720,8,7186
1059,2,0,7,18,26245800,3654,60720,8,7188
1060,3,0,7,18,26257980,3655,60720,8,7191
1061,11,0,15,10,26262240,3654,60720,8,7202
1062,4,0,13,12,26283180,3653,60720,8,7206
1063,6,0,13,12,26318700,3655,60720,8,7212
1064,5,0,11,14,26334480,3654,60720,8,7217
1065,10,0,12,13,26368380,3654,60720,8,7227
1066,8,0,12,13,26403540,3655,60720,8,7235
1067,4,0,9,16,26422980,3654,60720,8,7239
1068,10,0,11,14,26452620,3654,60720,8,7249
1069,10,0,13,12,26476560,3653,60720,8,7259
1070,6,0,10,15,26501580,3652,60720,8,7265
1071,9,0,14,11,26519820,3652,60720,8,7274
1072,7,0,15,10,26543400,3653,60720,8,7281
1073,10,0,18,7,26567880,3652,60720,8,7291
1074,7,0,14,11,26607900,3652,60720,8,7298
1075,7,0,13,12,26650740,3654,60720,8,7305
1076,7,0,8,17,26698980,3655,60720,8,7312
1077,3,0,7,18,26708040,3654,60720,8,7315
1078,6,0,10,15,26720280,3654,60720,8,7321
1079,2,0,9,16,26733060,3655,60720,8,7323
1080,5,0,8,17,26755500,3655,60720,8,7328
1081,2,0,8,17,26758860,3654,60720,8,7330
1082,2,0,8,17,26768820,3654,60720,8,7332
1083,4,0,11,14,26777100,3655,60720,8,7336
1084,5,0,8,17,26805660,3655,60720,8,7341
1085,2,0,7,18,26817000,3655,60720,8,7343
1086,4,0,9,16,26824140,3655,60720,8,7347
1087,7,0,11,14,26839680,3655,60720,8,7354
1088,11,0,16,9,26851320,3653,60720,8,7365
1089,5,0,11,14,26879580,3652,60720,8,7370
1090,4,0,9,16,26898660,3652,60720,8,7374
1091,9,0,12,13,26922240,3652,60720,8,7383
1092,11,0,17,8,26938380,3651,60720,8,7394
1093,11,0,12,13,26988360,3650,60720,8,7405
1094,6,0,11,14,27012300,3650,60720,8,7411
1095,7,0,15,10,27025560,3650,60720,8,7418
1096,8,0,10,15,27070140,3650,60720,8,7426
1097,9,0,12,13,27101880,3651,60720,8,7435
1098,7,0,13,12,27118440,3650,60720,8,7442
1099,6,0,12,13,27145140,3650,60720,8,7448
1100,9,0,12,13,27176520,3650,60720,8,7457
1101,5,0,10,15,27206400,3650,60720,8,7462
1102,6,0,11,14,27220560,3650,60720,8,7468
1103,9,0,14,11,27236400,3649,60720,8,7477
1104,2,0,10,15,27261480,3649,60720,8,7479
1105,5,0,7,18,27291600,3650,60720,8,7484
1106,3,0,7,18,27295440,3649,60720,8,7487
1107,3,0,8,17,27298980,3648,60720,8,7490
1108,3,0,7,18,27315180,3648,60720,8,7493
1109,6,0,11,14,27317580,3648,60720,8,7499
1110,5,0,11,14,27334380,3647,60720,8,7504
1111,2,0,7,18,27354600,3647,60720,8,7506
1112,7,0,12,13,27356100,3646,60720,8,7513
1113,11,0,14,11,27379140,3645,60720,8,7524
1114,5,0,13,12,27408240,3646,60720,8,7529
1115,9,0,12,13,27455580,3648,60720,8,7538
1116,4,0,8,17,27480360,3647,60720,8,7542
1117,12,0,14,11,27495120,3646,60720,8,7554
1118,6,0,10,15,27523860,3645,60720,8,7560
1119,14,0,16,9,27543600,3644,60720,8,7574
1120,9,0,14,11,27572700,3642,60720,8,7583
1121,10,0,13,12,27612540,3642,60720,7,7593
1122,6,0,16,9,27623400,3642,60720,7,7599
1123,2,0,12,13,27656880,3644,60720,7,7601
1124,6,0,8,17,27701460,3645,60720,7,7607
1125,3,0,6,19,27711780,3644,60720,7,7610
1126,6,0,8,17,27718800,3643,60720,7,7616
1127,4,0,8,17,27728520,3642,60720,7,7620
1128,2,0,8,17,27735420,3642,60720,7,7622
1129,6,0,10,15,27747780,3642,60720,7,7628
1130,3,0,8,17,27762240,3641,60720,7,7631
1131,6,0,8,17,27781980,3641,60720,7,7637
1132,3,0,8,17,27791040,3641,60720,7,7640
1133,5,0,9,16,27804180,3641,60720,7,7645
1134,5,0,8,17,27822840,3640,60720,7,7650
1135,5,0,11,14,27827880,3640,60720,7,7655
1136,12,0,17,8,27835920,3638,60720,7,7667
1137,6,0,12,13,27878460,3639,60720,7,7673
1138,16,0,14,11,27927180,3638,60720,7,7689
1139,4,0,11,14,27949620,3638,60720,7,7693
1140,7,0,11,14,27980940,3639,60720,7,7700
1141,14,0,14,11,28010700,3637,60720,7,7714
1142,9,0,15,10,28034940,3637,60720,7,7723
1143,6,0,10,15,28077900,3637,60720,7,7729
1144,6,0,10,15,28095660,3636,60720,7,7735
1145,6,0,13,12,28113060,3637,60720,7,7741
1146,8,0,10,15,28142880,3636,60720,7,7749
1147,2,0,7,18,28161060,3636,60720,7,7751
1148,4,0,8,17,28169820,3636,60720,7,7755
1149,8,0,12,13,28183500,3636,60720,7,7763
1150,5,0,11,14,28198260,3635,60720,7,7768
1151,6,0,8,17,28221780,3634,60720,7,7774
1152,8,0,13,12,28229460,3633,60720,7,7782
1153,5,0,10,15,28254900,3633,60720,7,7787
1154,9,0,13,12,28271820,3632,60720,7,7796
1155,4,0,13,12,28285260,3632,60720,7,7800
1156,3,0,10,15,28317120,3633,60720,7,7803
1157,1,0,7,18,28339200,3634,60720,7,7804
1158,5,0,9,16,28352280,3634,60720,7,7809
1159,7,0,12,13,28362480,3634,60720,7,7816
1160,4,0,10,15,28383060,3634,60720,7,7820
1161,9,0,14,11,28401960,3634,60720,7,7829
1162,11,0,17,8,28427760,3633,60720,7,7840
1163,10,0,14,11,28465140,3632,60720,7,7850
1164,7,0,14,11,28495560,3633,60720,7,7857
1165,8,0,16,9,28522800,3633,60720,7,7865
1166,13,0,18,7,28557780,3633,60720,7,7878
1167,14,0,18,7,28612440,3633,60720,7,7892
1168,9,0,14,11,28673040,3635,60720,7,7901
1169,8,0,16,9,28698180,3635,60720,7,7909
1170,10,0,14,11,28744200,3636,61800,7,7919
1171,7,0,12,13,28785480,3637,61800,7,7926
1172,11,0,17,8,28797780,3636,61800,7,7937
1173,4,0,10,15,28842240,3636,61800,7,7941
1174,2,0,9,16,28856220,3637,61800,7,7943
1175,2,0,8,17,28878300,3638,61800,7,7945
1176,7,0,12,13,28887960,3638,61800,7,7952
1177,1,0,6,19,28908720,3637,61800,7,7953
1178,3,0,9,16,28908720,3637,61800,7,7956
1179,1,0,7,18,28922340,3638,61800,7,7957
1180,3,0,7,18,28934460,3638,61800,7,7960
1181,5,0,11,14,28939740,3638,61800,7,7965
1182,3,0,8,17,28955940,3637,61800,7,7968
1183,9,0,13,12,28965480,3637,61800,7,7977
1184,6,0,13,12,28978980,3636,61800,7,7983
1185,10,0,15,10,28997820,3634,61800,7,7993
1186,6,0,12,13,29047560,3636,61800,7,7999
1187,11,0,17,8,29073540,3637,61800,7,8010
1188,11,0,14,11,29113740,3636,61800,7,8021
1189,15,0,21,4,29136600,3635,61800,7,8036
1190,13,0,14,11,29216460,3636,61800,7,8049
1191,9,0,11,14,29250540,3634,61800,7,8058
1192,4,0,8,17,29277120,3635,61800,7,8062
1193,4,0,10,15,29281980,3634,61800,7,8066
1194,5,0,10,15,29304120,3635,61800,7,8071
1195,6,0,14,11,29312760,3635,61800,7,8077
1196,8,0,13,12,29346900,3635,61800,7,8085
1197,6,0,12,13,29380620,3636,61800,7,8091
1198,4,0,7,18,29407380,3635,61800,7,8095
1199,3,0,6,19,29419260,3635,61800,7,8098
1200,2,0,7,18,29419440,3635,61800,7,8100
1201,5,0,9,16,29421420,3634,61800,7,8105
1202,6,0,9,16,29437980,3633,61800,7,8111
1203,2,0,7,18,29458560,3634,61800,7,8113
1204,3,0,8,17,29469600,3634,61800,7,8116
1205,5,0,7,18,29484840,3633,61800,7,8121
1206,6,0,12,13,29485500,3633,61800,7,8127
1207,9,0,13,12,29512380,3633,61800,7,8136
1208,8,0,10,15,29540880,3631,61800,7,8144
1209,10,0,19,6,29547960,3632,61800,7,8154
1210,9,0,12,13,29603340,3631,61800,7,8163
1211,7,0,11,14,29626260,3631,61800,7,8170
1212,9,0,15,10,29659980,3633,61800,7,8179
1213,14,0,16,9,29690220,3630,61800,7,8193
1214,12,0,15,10,29733960,3630,61800,7,8205
1215,8,0,14,11,29771880,3631,61800,7,8213
1216,7,0,11,14,29799960,3630,61800,7,8220
1217,8,0,12,13,29818980,3629,61800,7,8228
1218,11,0,17,8,29829840,3628,61800,7,8239
1219,8,0,15,10,29865420,3627,61920,7,8247
1220,9,1,14,11,29907420,3629,62400,7,8256
1221,6,5,13,12,29917980,3629,64320,7,8262
1222,4,0,15,10,29967720,3632,74400,9,8266
1223,3,0,9,16,30012720,3633,74400,8,8269
1224,4,0,11,14,30026400,3634,74400,8,8273
1225,5,0,10,15,30050100,3634,74400,8,8278
1226,4,0,6,19,30078780,3634,74400,8,8282
1227,0,0,5,20,30081240,3634,74400,8,8282
1228,4,0,9,16,30081240,3634,74400,8,8286
1229,7,0,12,13,30088080,3633,74400,8,8293
1230,8,0,12,13,30104880,3631,74400,8,8301
1231,7,0,13,12,30119220,3631,74400,8,8308
1232,7,0,13,12,30148800,3631,74700,8,8315
1233,3,0,11,14,30173820,3632,74700,8,8318
1234,6,0,14,11,30192600,3633,74700,8,8324
1235,10,0,15,10,30229980,3633,74700,8,8334
1236,9,0,16,9,30257100,3633,74700,8,8343
1237,10,0,14,11,30304620,3634,74700,8,8353
1238,9,0,14,11,30333180,3633,74700,8,8362
1239,10,0,17,8,30372000,3635,74700,8,8372
1240,5,0,11,14,30422100,3636,74700,8,8377
1241,7,0,9,16,30444180,3635,74700,8,8384
1242,12,0,17,8,30460740,3635,74700,8,8396
1243,9,0,17,8,30485460,3634,74700,8,8405
1244,6,0,15,10,30519420,3634,74700,8,8411
1245,5,0,11,14,30564960,3636,74700,8,8416
1246,10,0,14,11,30594300,3636,74700,8,8426
1247,7,0,15,10,30617820,3637,74700,8,8433
1248,3,0,12,13,30648540,3638,74700,8,8436
1249,5,0,11,14,30672780,3638,74700,8,8441
1250,6,0,11,14,30705720,3639,74700,8,8447
1251,6,0,8,17,30737400,3639,74700,8,8453
1252,6,0,10,15,30749580,3639,74700,8,8459
1253,3,0,10,15,30759060,3639,74700,8,8462
1254,8,0,13,12,30783240,3639,74700,8,8470
1255,7,0,11,14,30816180,3639,74700,8,8477
1256,4,0,12,13,30828000,3640,74700,8,8481
1257,9,0,18,7,30837180,3639,74700,8,8490
1258,12,0,18,7,30895500,3641,74700,8,8502
1259,7,0,16,9,30933180,3642,74700,8,8509
1260,10,0,12,13,30993300,3643,74700,8,8519
1261,9,0,13,12,31014120,3642,74700,8,8528
1262,12,0,13,12,31035780,3639,74700,8,8540
1263,11,0,18,7,31064220,3640,74700,8,8551
1264,12,0,18,7,31095180,3638,74700,8,8563
1265,8,0,15,10,31154040,3641,74700,8,8571
1266,5,0,14,11,31171740,3640,74700,8,8576
1267,9,0,11,14,31221840,3641,74700,8,8585
1268,1,0,7,18,31233060,3640,74700,8,8586
1269,3,0,8,17,31242300,3640,74700,8,8589
1270,3,0,9,16,31245180,3640,74700,8,8592
1271,3,0,9,16,31258380,3640,74700,8,8595
1272,3,0,10,15,31268520,3640,74700,8,8598
1273,2,0,6,19,31290060,3640,74700,8,8600
1274,4,0,7,18,31298280,3640,74700,8,8604
1275,3,0,9,16,31301640,3640,74700,8,8607
1276,6,0,12,13,31306500,3639,74700,8,8613
1277,4,0,13,12,31326840,3640,74700,8,8617
1278,11,0,17,8,31368840,3642,74700,8,8628
1279,5,0,10,15,31401720,3641,74700,8,8633
1280,5,0,9,16,31431720,3642,74700,8,8638
1281,11,0,16,9,31442760,3642,74700,8,8649
1282,7,0,16,9,31460700,3641,74700,8,8656
1283,8,0,14,11,31505580,3642,74700,8,8664
1284,6,0,14,11,31534020,3643,74700,8,8670
1285,8,0,14,11,31568520,3643,74700,8,8678
1286,7,0,12,13,31606260,3644,74700,8,8685
1287,10,0,16,9,31630920,3644,74700,8,8695
1288,6,0,13,12,31661040,3644,74700,8,8701
1289,7,0,13,12,31708440,3646,74700,8,8708
1290,7,0,14,11,31735380,3647,74700,8,8715
1291,5,0,11,14,31773420,3648,74700,8,8720
1292,6,0,11,14,31786800,3647,74700,8,8726
1293,8,0,12,13,31819920,3648,74700,8,8734
1294,4,0,9,16,31840260,3647,74700,8,8738
1295,6,0,10,15,31856820,3647,74700,8,8744
1296,9,0,13,12,31871220,3646,74700,8,8753
1297,6,0,10,15,31898340,3645,74700,8,8759
1298,4,0,7,18,31932720,3646,74700,8,8763
1299,2,0,6,19,31937760,3646,74700,8,8765
1300,9,0,11,14,31940580,3644,74700,8,8774
1301,2,0,6,19,31965480,3644,74700,8,8776
1302,6,0,8,17,31977660,3644,74700,8,8782
1303,3,0,9,16,31985340,3644,74700,8,8785
1304,9,0,15,10,31996500,3644,74700,8,8794
1305,6,0,14,11,32015280,3643,74700,8,8800
1306,6,0,13,12,32051880,3645,74700,8,8806
1307,13,0,14,11,32096520,3645,74700,8,8819
1308,9,0,11,14,32125140,3643,74700,8,8828
1309,13,0,18,7,32133240,3641,74700,8,8841
1310,12,0,18,7,32178120,3642,74700,8,8853
1311,7,0,14,11,32230980,3643,74700,8,8860
1312,12,0,18,7,32263320,3643,74700,8,8872
1313,6,0,13,12,32293440,3642,74700,8,8878
1314,3,0,6,19,32330700,3642,74700,8,8881
1315,5,0,10,15,32341560,3643,74700,8,8886
1316,3,0,8,17,32350860,3642,74700,8,8889
1317,5,0,10,15,32363040,3642,74700,8,8894
1318,5,0,11,14,32384100,3643,74700,8,8899
1319,3,0,7,18,32408160,3643,74700,8,8902
1320,6,0,9,16,32415420,3642,74700,8,8908
1321,2,0,6,19,32429940,3642,74700,8,8910
1322,2,0,6,19,32436600,3642,74700,8,8912
1323,3,0,6,19,32440560,3641,74700,8,8915
1324,4,0,8,17,32446020,3641,74700,8,8919
1325,8,0,12,13,32452800,3640,74700,8,8927
1326,7,0,14,11,32478720,3641,74700,8,8934
1327,14,0,17,8,32506140,3639,74700,8,8948
1328,8,0,12,13,32556000,3639,74700,8,8956
1329,7,0,11,14,32580300,3639,74700,8,8963
1330,12,0,16,9,32605620,3639,74700,8,8975
1331,5,0,10,15,32646960,3639,74700,8,8980
1332,6,0,12,13,32670120,3640,74700,8,8986
1333,7,0,13,12,32691900,3640,74700,8,8993
1334,3,0,7,18,32726040,3640,74700,8,8996
1335,6,0,10,15,32736540,3640,74700,8,9002
1336,10,0,12,13,32761440,3640,74700,8,9012
1337,7,0,14,11,32783100,3640,74700,8,9019
1338,8,0,10,15,32816100,3639,74700,8,9027
1339,8,0,11,14,32840940,3639,74700,8,9035
1340,3,0,8,17,32861040,3639,74700,8,9038
1341,6,0,11,14,32874360,3639,74700,8,9044
1342,6,0,10,15,32890860,3638,74700,8,9050
1343,5,0,11,14,32912760,3639,74700,8,9055
1344,4,0,11,14,32927700,3639,74700,8,9059
1345,2,0,13,12,32927700,3639,74700,8,9061
1346,7,0,14,11,32936340,3637,74700,8,9068
1347,4,0,15,10,32947560,3637,74700,8,9072
1348,7,0,13,12,32969460,3636,74700,8,9079
1349,1,0,13,12,32977260,3637,74700,8,9080
1350,5,0,16,9,32986440,3637,74700,8,9085
1351,7,0,15,10,33016680,3637,74700,8,9092
1352,7,0,18,7,33033540,3637,74700,8,9099
1353,11,0,19,6,33054720,3635,74700,8,9110
1354,7,0,18,7,33075000,3635,74700,8,9117
1355,9,0,18,7,33107820,3635,74700,8,9126
1356,9,0,19,6,33141120,3635,74700,8,9135
1357,10,0,19,6,33167700,3634,74700,8,9145
1358,7,0,18,7,33196920,3634,74700,8,9152
1359,11,0,18,7,33231420,3633,74700,8,9163
1360,7,0,18,7,33255840,3633,74700,8,9170
1361,11,0,21,4,33284640,3633,74700,8,9181
1362,9,2,19,6,33313200,3633,74700,8,9190
1363,9,0,21,4,33350940,3633,76800,8,9199
1364,6,0,16,9,33388260,3633,76800,8,9205
1365,8,0,18,7,33418200,3634,76800,8,9213
1366,4,0,17,8,33437520,3634,76800,8,9217
1367,3,0,13,12,33465060,3634,76800,8,9220
1368,6,0,15,10,33490560,3635,76800,8,9226
1369,4,0,13,12,33514080,3636,76800,8,9230
1370,6,0,15,10,33521640,3635,76800,8,9236
1371,3,0,13,12,33540300,3635,76800,8,9239
1372,7,0,16,9,33550020,3634,76800,8,9246
1373,7,0,17,8,33576480,3635,76800,8,9253
1374,6,0,16,9,33601740,3635,77100,8,9259
1375,7,0,16,9,33630720,3635,79260,8,9266
1376,8,0,15,10,33648300,3634,79260,8,9274
1377,4,0,13,12,33677640,3634,79260,8,9278
1378,11,0,19,6,33690600,3634,79260,8,9289
1379,14,10,17,8,33704460,3633,79860,8,9303
1380,9,17,15,10,33726480,3634,84480,9,9312
1381,13,28,15,10,33744660,3635,88080,9,9325
1382,14,40,15,10,33760800,3636,96840,10,9339
1383,7,40,15,10,33784620,3637,114960,12,9346
1384,9,39,15,10,33799200,3638,135660,14,9355
1385,8,40,14,11,33804780,3638,135660,14,9363
1386,7,36,18,7,33835380,3640,261360,27,9370
1387,7,32,25,0,33855720,3641,498120,53,9377
1388,3,22,25,0,33912900,3642,720120,76,9380
1389,7,9,25,0,33974580,3641,1038120,110,9387
1390,9,0,19,6,34018740,3636,1198380,127,9396
1391,9,2,21,4,34033920,3636,1198860,127,9405
1392,2,0,15,10,34080420,3637,1204260,128,9407
1393,3,0,14,11,34098660,3637,1204260,128,9410
1394,2,0,12,13,34116840,3637,1204260,128,9412
1395,5,0,15,10,34121340,3637,1204260,128,9417
1396,4,0,16,9,34131420,3637,1204260,128,9421
1397,4,0,14,11,34153740,3637,1204260,128,9425
1398,10,0,17,8,34177260,3637,1204260,127,9435
1399,8,0,16,9,34201260,3636,1204260,127,9443
1400,6,0,15,10,34222620,3636,1204260,127,9449
1401,9,3,16,9,34241940,3636,1207320,127,9458
1402,9,1,19,6,34254900,3634,1215360,128,9467
1403,8,0,18,7,34297860,3635,1215960,128,9475
1404,9,0,18,7,34320720,3634,1215960,128,9484
1405,6,1,18,7,34342440,3634,1216860,128,9490
1406,9,0,18,7,34380480,3634,1216980,128,9499
1407,11,0,21,4,34411440,3634,1216980,128,9510
1408,6,0,18,7,34446300,3635,1216980,128,9516
1409,7,4,16,9,34476960,3636,1220160,128,9523
1410,9,12,14,11,34490820,3636,1220280,128,9532
1411,7,16,14,11,34512900,3637,1231920,129,9539
1412,6,22,14,11,34512900,3637,1231920,129,9545
1413,10,27,15,10,34546920,3639,1251300,131,9555
1414,7,32,15,10,34556640,3640,1257840,131,9562
1415,4,30,19,6,34568700,3640,1348380,141,9566
1416,8,26,25,0,34601760,3641,1437480,150,9574
1417,3,3,25,0,34678800,3640,1778640,186,9577
1418,11,1,20,5,34707060,3636,1848360,193,9588
1419,4,2,16,9,34741020,3637,1851060,193,9592
1420,2,0,17,8,34754880,3637,1857360,194,9594
1421,8,0,17,8,34789320,3637,1857360,193,9602
1422,9,0,18,7,34814340,3637,1857360,193,9611
1423,12,8,16,9,34837200,3637,1858800,193,9623
1424,8,8,20,5,34860540,3638,1871040,194,9631
1425,12,18,16,9,34882260,3638,1872900,194,9643
1426,9,25,15,10,34906380,3639,1880100,195,9652
1427,9,32,14,11,34932900,3641,1886220,195,9661
1428,7,38,14,11,34938900,3641,1893420,196,9668
1429,12,40,14,11,34955940,3642,1904700,197,9680
1430,6,39,16,9,34974240,3643,1965120,203,9686
1431,9,38,19,6,34987380,3644,2011260,208,9695
1432,7,32,25,0,35029080,3646,2167260,224,9702
1433,9,24,25,0,35091420,3646,2394660,247,9711
1434,7,1,25,0,35145960,3640,2958480,305,9718
1435,8,0,21,4,35173800,3638,2965320,306,9726
1436,6,0,16,9,35203860,3637,2965320,305,9732
1437,5,0,14,11,35228820,3637,2966760,305,9737
1438,3,0,14,11,35237100,3637,2966760,305,9740
1439,7,0,16,9,35250300,3636,2966760,305,9747
1440,2,0,12,13,35279940,3637,2968140,305,9749
1441,6,0,16,9,35283840,3637,2968140,305,9755
1442,3,0,15,10,35307660,3638,2968140,305,9758
1443,4,0,14,11,35339280,3639,2968140,305,9762
1444,7,0,17,8,35346360,3638,2968140,305,9769
1445,3,0,14,11,35372640,3639,2968140,304,9772
1446,7,0,16,9,35387880,3638,2968140,304,9779
1447,7,0,18,7,35406720,3638,2968140,304,9786
1448,9,2,20,5,35429040,3639,2968200,304,9795
1449,7,0,18,7,35462760,3638,2969400,304,9802
1450,11,0,21,4,35492700,3638,2969400,303,9813
1451,9,0,19,6,35547660,3640,2972460,303,9822
1452,9,4,20,5,35560680,3640,2972940,303,9831
1453,9,6,19,6,35603100,3641,2982900,304,9840
1454,13,1,25,0,35639460,3640,3012300,306,9853
1455,13,2,22,3,35686020,3639,3025680,307,9866
1456,9,0,18,7,35716860,3637,3029040,307,9875
1457,9,0,16,9,35750040,3636,3029040,307,9884
1458,4,0,14,11,35770620,3636,3029040,307,9888
1459,3,0,14,11,35791500,3637,3029040,307,9891
1460,4,0,13,12,35800320,3636,3029040,307,9895
1461,8,0,15,10,35813880,3635,3029040,307,9903
1462,8,0,14,11,35829600,3634,3029040,306,9911
1463,5,0,17,8,35835600,3634,3029040,306,9916
1464,5,2,17,8,35851740,3634,3030720,306,9921
1465,7,5,14,11,35880240,3634,3035880,307,9928
1466,2,3,16,9,35892660,3635,3047040,308,9930
1467,5,0,17,8,35910960,3634,3061680,309,9935
1468,11,1,20,5,35950860,3636,3062940,309,9946
1469,5,0,18,7,35978880,3636,3065640,309,9951
1470,4,0,15,10,36010380,3636,3065640,309,9955
1471,8,0,15,10,36033600,3636,3065640,308,9963
1472,8,0,16,9,36053400,3635,3065640,308,9971
1473,4,0,16,9,36072240,3635,3065640,308,9975
1474,9,0,17,8,36099420,3635,3065640,308,9984
1475,8,0,17,8,36130500,3635,3065640,307,9992
1476,10,4,19,6,36137220,3635,3065760,307,10002
1477,10,4,23,2,36175020,3636,3074880,308,10012
1478,10,4,23,2,36217680,3637,3084180,308,10022
1479,12,13,15,10,36252600,3636,3086040,308,10034
1480,10,22,14,11,36268440,3637,3090660,308,10044
1481,5,19,18,7,36299160,3639,3131640,312,10049
1482,5,17,23,2,36304260,3639,3162000,315,10054
1483,5,2,25,0,36378900,3640,3368580,336,10059
1484,7,1,18,7,36415200,3638,3386580,337,10066
1485,4,0,16,9,36437220,3637,3388920,337,10070
1486,4,0,14,11,36466920,3638,3388920,337,10074
1487,6,0,16,9,36478380,3638,3388920,337,10080
1488,2,0,12,13,36501840,3638,3388920,337,10082
1489,3,0,13,12,36506340,3638,3388920,337,10085
1490,3,0,11,14,36520320,3637,3388920,337,10088
1491,2,0,12,13,36521220,3637,3388920,337,10090
1492,3,0,12,13,36527580,3637,3388920,337,10093
1493,6,0,16,9,36538080,3637,3388920,336,10099
1494,2,0,14,11,36551160,3637,3388920,336,10101
1495,6,0,17,8,36563040,3637,3388920,336,10107
1496,6,0,15,10,36595020,3637,3388920,336,10113
1497,6,0,17,8,36608940,3637,3388920,336,10119
1498,8,2,15,10,36634020,3637,3389220,335,10127
1499,7,5,17,8,36647640,3637,3396600,336,10134
1500,2,0,18,7,36669240,3637,3413160,338,10136
1501,7,4,15,10,36689640,3637,3413460,337,10143
1502,10,11,15,10,36710100,3638,3424380,338,10153
1503,6,9,21,4,36730260,3639,3433740,339,10159
1504,9,0,20,5,36778020,3637,3502800,345,10168
1505,9,0,16,9,36813300,3636,3502800,345,10177
1506,9,3,16,9,36837180,3636,3503340,345,10186
1507,3,5,15,10,36847080,3637,3507300,345,10189
1508,7,8,15,10,36878520,3638,3518880,346,10196
1509,10,15,16,9,36888180,3638,3527400,346,10206
1510,6,20,13,12,36915780,3640,3532320,347,10212
1511,3,18,16,9,36928200,3640,3556560,349,10215
1512,7,16,22,3,36945120,3641,3628200,356,10222
1513,1,0,13,12,37006140,3638,3811860,374,10223
1514,5,0,14,11,37019100,3637,3811860,374,10228
1515,3,0,16,9,37024680,3638,3811860,373,10231
1516,2,0,12,13,37046400,3638,3811860,373,10233
1517,6,0,14,11,37060560,3638,3811860,373,10239
1518,6,0,17,8,37065180,3637,3811860,373,10245
1519,8,0,16,9,37096680,3637,3811860,373,10253
1520,6,0,17,8,37113240,3637,3811860,372,10259
1521,12,0,20,5,37145040,3637,3812400,372,10271
1522,5,0,18,7,37169580,3636,3813120,372,10276
1523,8,0,16,9,37217100,3638,3813120,372,10284
1524,8,0,19,6,37233900,3637,3813120,371,10292
1525,11,5,18,7,37250520,3637,3813300,371,10303
1526,6,9,15,10,37281960,3638,3817560,371,10309
1527,8,15,15,10,37299060,3639,3824520,372,10317
1528,9,20,15,10,37327020,3640,3830280,372,10326
1529,7,26,15,10,37329720,3640,3830340,372,10333
1530,7,28,16,9,37361640,3642,3855300,374,10340
1531,6,27,22,3,37369440,3642,3917940,380,10346
1532,4,20,25,0,37412580,3643,4010040,388,10350
1533,9,15,25,0,37476000,3645,4114800,398,10359
1534,4,0,25,0,37536900,3644,4424880,428,10363
1535,4,0,15,10,37568940,3642,4424880,428,10367
1536,5,0,14,11,37586040,3642,4424880,428,10372
1537,4,0,14,11,37596180,3641,4424880,428,10376
1538,4,1,14,11,37609440,3641,4425120,427,10380
1539,1,0,14,11,37621380,3642,4425540,427,10381
1540,3,0,13,12,37640760,3642,4425540,427,10384
1541,5,0,14,11,37653960,3642,4425540,427,10389
1542,5,0,12,13,37670520,3641,4425540,427,10394
1543,6,0,13,12,37684020,3641,4425540,427,10400
1544,12,2,18,7,37693980,3640,4425600,426,10412
1545,14,14,14,11,37726680,3641,4429740,426,10426
1546,11,12,25,0,37740420,3642,4460880,428,10437
1547,6,0,16,9,37793760,3637,4518600,434,10443
1548,7,0,17,8,37815840,3637,4518600,433,10450
1549,10,2,19,6,37836960,3637,4518660,433,10460
1550,6,6,15,10,37868040,3638,4524540,433,10466
1551,10,13,16,9,37885920,3639,4528680,433,10476
1552,12,18,21,4,37904220,3640,4536600,434,10488
1553,9,23,18,7,37945380,3642,4549740,435,10497
1554,7,13,25,0,37982280,3642,4668060,446,10504
1555,6,0,16,9,38040600,3638,4786500,457,10510
1556,2,0,13,12,38061720,3638,4786500,456,10512
1557,4,0,12,13,38077200,3638,4786500,456,10516
1558,10,0,18,7,38086500,3637,4786500,456,10526
1559,6,0,13,12,38112780,3636,4786500,456,10532
1560,2,0,13,12,38122860,3636,4786500,456,10534
1561,7,0,15,10,38145720,3637,4786500,455,10541
1562,5,0,16,9,38155260,3636,4786500,455,10546
1563,2,0,14,11,38172780,3636,4786500,455,10548
1564,5,0,15,10,38194440,3637,4786500,455,10553
1565,7,0,16,9,38205420,3636,4786500,454,10560
1566,7,0,19,6,38219820,3636,4786500,454,10567
1567,11,0,18,7,38257980,3635,4786500,454,10578
1568,9,0,19,6,38292420,3636,4789440,454,10587
1569,5,0,15,10,38316420,3635,4789440,453,10592
1570,6,0,14,11,38346300,3636,4789440,453,10598
1571,6,0,16,9,38360040,3636,4789440,453,10604
1572,6,0,15,10,38377860,3635,4789440,453,10610
1573,4,0,16,9,38391540,3635,4789440,452,10614
1574,15,5,19,6,38422860,3636,4789740,452,10629
1575,12,17,16,9,38434500,3636,4789740,452,10641
1576,11,26,14,11,38461080,3637,4799940,452,10652
1577,5,26,16,9,38488140,3638,4834440,455,10657
1578,2,25,18,7,38493300,3638,4850460,456,10659
1579,11,18,25,0,38536200,3639,4966260,467,10670
1580,8,1,25,0,38605620,3637,5225340,491,10678
1581,7,1,16,9,38637900,3634,5232420,491,10685
1582,4,4,15,10,38643060,3634,5232900,491,10689
1583,3,0,17,8,38675880,3635,5247300,492,10692
1584,2,0,14,11,38701380,3636,5247300,492,10694
1585,5,0,12,13,38721240,3636,5247300,492,10699
1586,7,0,17,8,38723280,3635,5247300,491,10706
1587,3,0,14,11,38741760,3635,5247300,491,10709
1588,2,0,12,13,38760600,3635,5247300,491,10711
1589,5,0,13,12,38767020,3634,5247300,491,10716
1590,4,0,13,12,38778840,3634,5247300,491,10720
1591,2,0,14,11,38781660,3634,5247300,491,10722
1592,7,0,17,8,38798520,3634,5247300,490,10729
1593,9,0,19,6,38817120,3634,5247300,490,10738
1594,8,0,15,10,38846760,3632,5247300,490,10746
1595,11,0,20,5,38868360,3632,5247300,489,10757
1596,15,11,17,8,38887860,3632,5248500,489,10772
1597,12,21,15,10,38915940,3633,5256720,489,10784
1598,6,24,15,10,38941920,3635,5267220,490,10790
1599,5,26,14,11,38968560,3636,5287380,491,10795
1600,4,27,15,10,38981280,3636,5320620,494,10799
1601,6,31,15,10,38995200,3637,5338320,495,10805
1602,8,31,19,6,39020460,3638,5397120,500,10813
1603,6,27,25,0,39041580,3638,5472120,507,10819
1604,2,17,25,0,39097380,3640,5667480,525,10821
1605,4,0,12,13,39171240,3635,6015060,557,10825
1606,4,0,11,14,39183480,3634,6015060,557,10829
1607,3,0,12,13,39185460,3634,6015060,557,10832
1608,5,0,13,12,39195900,3633,6015060,557,10837
1609,7,0,15,10,39205500,3633,6015060,556,10844
1610,2,0,14,11,39218100,3633,6015060,556,10846
1611,4,0,13,12,39239280,3633,6015060,556,10850
1612,5,0,14,11,39247740,3633,6015060,556,10855
1613,4,0,13,12,39262500,3632,6015060,555,10859
1614,7,0,15,10,39275160,3632,6015060,555,10866
1615,9,0,15,10,39301320,3631,6015060,555,10875
1616,4,0,13,12,39324960,3631,6015060,554,10879
1617,11,0,15,10,39335940,3629,6015060,554,10890
1618,7,0,16,9,39350640,3629,6015060,553,10897
1619,13,5,18,7,39373800,3629,6019680,553,10910
1620,4,0,21,4,39397860,3629,6037740,555,10914
1621,12,0,18,7,39443820,3628,6037740,554,10926
1622,10,0,19,6,39459420,3627,6037740,554,10936
1623,11,0,18,7,39498300,3626,6037740,553,10947
1624,4,0,14,11,39528840,3626,6037740,553,10951
1625,8,0,16,9,39541740,3626,6037740,552,10959
1626,7,1,20,5,39545340,3625,6037800,552,10966
1627,2,3,14,11,39583080,3627,6037800,552,10968
1628,5,7,14,11,39589740,3627,6040920,552,10973
1629,4,7,14,11,39624180,3629,6056580,553,10977
1630,4,7,16,9,39635220,3629,6077280,555,10981
1631,5,10,18,7,39635220,3629,6084360,555,10986
1632,5,7,20,5,39675960,3631,6116940,558,10991
1633,2,0,13,12,39716640,3629,6188940,564,10993
1634,4,0,14,11,39737280,3630,6188940,564,10997
1635,5,0,13,12,39751440,3629,6188940,564,11002
1636,2,0,13,12,39758400,3629,6188940,564,11004
1637,4,0,15,10,39765300,3629,6188940,564,11008
1638,8,0,18,7,39780600,3629,6188940,563,11016
1639,4,0,16,9,39804240,3629,6188940,563,11020
1640,5,0,17,8,39815640,3629,6190800,563,11025
1641,8,0,19,6,39834540,3629,6192840,563,11033
1642,8,0,16,9,39890760,3630,6192840,562,11041
1643,14,0,18,7,39921840,3629,6192840,562,11055
1644,14,0,22,3,39947400,3628,6192840,561,11069
1645,7,0,17,8,39986460,3628,6192840,561,11076
1646,15,9,19,6,40009740,3629,6193020,560,11091
1647,9,15,16,9,40041480,3629,6199800,560,11100
1648,11,24,14,11,40071480,3631,6206880,560,11111
1649,10,32,14,11,40082880,3631,6212760,560,11121
1650,7,39,14,11,40082880,3631,6212760,560,11128
1651,5,40,14,11,40119000,3633,6235800,562,11133
1652,6,40,14,11,40119000,3633,6235800,562,11139
1653,3,39,13,12,40131960,3634,6245520,562,11142
1654,8,37,21,4,40153620,3635,6440280,580,11150
1655,3,29,24,1,40192380,3636,6669720,600,11153
1656,2,19,25,0,40232400,3636,6932640,624,11155
1657,1,0,11,14,40306800,3631,7338300,660,11156
1658,3,0,12,13,40314360,3631,7338300,660,11159
1659,8,0,14,11,40327560,3631,7338300,659,11167
1660,1,0,12,13,40341780,3631,7338300,659,11168
1661,9,0,18,7,40358460,3631,7338300,659,11177
1662,5,0,15,10,40381800,3631,7338300,659,11182
1663,5,0,16,9,40394400,3631,7338300,658,11187
1664,8,0,16,9,40426380,3631,7338300,658,11195
1665,9,1,16,9,40447080,3630,7338360,657,11204
1666,7,8,14,11,40454640,3630,7338360,657,11211
1667,14,18,14,11,40481280,3631,7343640,657,11225
1668,9,26,14,11,40484700,3631,7347000,657,11234
1669,8,27,17,8,40519800,3633,7367340,658,11242
1670,9,26,25,0,40524600,3633,7428660,663,11251
1671,13,33,19,6,40587540,3635,7451100,664,11264
1672,6,38,14,11,40616220,3635,7452300,664,11270
1673,10,40,13,12,40624080,3636,7452300,664,11280
1674,6,40,13,12,40652700,3637,7470180,665,11286
1675,8,40,13,12,40652700,3637,7470180,665,11294
1676,2,38,14,11,40670460,3638,7501800,668,11296
1677,8,36,22,3,40685100,3639,7620840,678,11304
1678,5,24,25,0,40726680,3638,8037300,714,11309
1679,5,0,17,8,40795800,3632,8760780,778,11314
1680,4,0,15,10,40814700,3632,8760780,778,11318
1681,4,0,15,10,40829520,3632,8760780,778,11322
1682,5,0,14,11,40853880,3632,8760780,778,11327
1683,3,0,11,14,40870920,3632,8760780,777,11330
1684,7,0,12,13,40884000,3631,8760780,777,11337
1685,7,0,14,11,40890360,3630,8760780,776,11344
1686,6,0,15,10,40901940,3629,8760780,776,11350
1687,3,0,16,9,40914420,3630,8760780,776,11353
1688,8,0,16,9,40943760,3630,8760780,775,11361
1689,11,0,19,6,40968720,3630,8760780,774,11372
1690,14,6,18,7,40993980,3629,8760840,774,11386
1691,12,14,16,9,41024460,3630,8766900,773,11398
1692,11,23,14,11,41043480,3630,8768520,773,11409
1693,12,32,14,11,41059680,3631,8782740,773,11421
1694,13,39,17,8,41075400,3631,8801340,774,11434
1695,9,36,20,5,41099940,3632,8850300,778,11443
1696,7,32,25,0,41133720,3633,8962320,787,11450
1697,7,24,25,0,41185020,3633,9093060,798,11457
1698,4,0,21,4,41253480,3629,9520440,836,11461
1699,8,0,15,10,41279100,3627,9520440,835,11469
1700,6,0,15,10,41303820,3627,9520440,834,11475
1701,5,0,14,11,41320020,3626,9520440,834,11480
1702,10,0,16,9,41343540,3626,9520440,833,11490
1703,5,0,15,10,41358120,3625,9520440,833,11495
1704,3,0,12,13,41376240,3625,9520440,833,11498
1705,4,0,13,12,41382960,3624,9520440,833,11502
1706,3,0,12,13,41391600,3624,9520440,832,11505
1707,3,0,12,13,41401020,3624,9520440,832,11508
1708,5,0,14,11,41408940,3624,9520440,832,11513
1709,2,0,14,11,41415060,3623,9520440,832,11515
1710,13,0,20,5,41435580,3623,9526020,831,11528
1711,7,5,15,10,41455680,3623,9526080,831,11535
1712,4,5,16,9,41480820,3624,9533040,831,11539
1713,11,8,17,8,41505780,3624,9538440,831,11550
1714,5,4,21,4,41526900,3624,9558960,832,11555
1715,8,0,19,6,41568120,3623,9600000,835,11563
1716,7,3,15,10,41603400,3624,9603180,835,11570
1717,11,12,15,10,41616780,3624,9607020,834,11581
1718,10,20,15,10,41632500,3625,9613260,834,11591
1719,11,30,15,10,41639880,3625,9617520,834,11602
1720,4,29,18,7,41657940,3626,9645060,836,11606
1721,7,25,25,0,41689500,3628,9716400,841,11613
1722,5,6,25,0,41767140,3627,9989160,865,11618
1723,4,0,15,10,41800920,3624,10042080,869,11622
1724,7,0,15,10,41827080,3624,10042080,868,11629
1725,7,0,15,10,41845680,3623,10042080,868,11636
1726,8,0,16,9,41857080,3622,10042080,867,11644
1727,3,0,15,10,41875500,3622,10042080,867,11647
1728,3,0,12,13,41901720,3623,10042080,867,11650
1729,7,0,15,10,41917020,3623,10042080,866,11657
1730,5,0,16,9,41928000,3622,10042080,866,11662
1731,1,0,14,11,41943840,3623,10042080,866,11663
1732,5,0,15,10,41958540,3623,10042080,866,11668
1733,4,0,15,10,41972700,3623,10042080,865,11672
1734,7,0,15,10,41997900,3623,10042080,865,11679
1735,9,0,19,6,42008520,3622,10042080,864,11688
1736,5,0,14,11,42044940,3622,10042080,864,11693
1737,4,0,14,11,42069360,3623,10042080,863,11697
1738,10,0,17,8,42079200,3622,10042080,863,11707
1739,12,6,14,11,42100320,3621,10042200,862,11719
1740,4,9,13,12,42111660,3621,10044600,862,11723
1741,5,11,15,10,42122520,3622,10053840,862,11728
1742,9,8,22,3,42153300,3623,10094940,865,11737
1743,9,0,15,10,42200280,3619,10155660,870,11746
1744,6,0,17,8,42219600,3620,10155660,869,11752
1745,9,0,19,6,42247800,3620,10155660,868,11761
1746,6,0,18,7,42275880,3620,10155660,868,11767
1747,5,0,17,8,42299880,3620,10155660,868,11772
1748,8,0,18,7,42318960,3620,10155660,867,11780
1749,5,0,18,7,42331440,3619,10155660,867,11785
1750,3,0,14,11,42378900,3621,10155660,866,11788
1751,2,0,13,12,42400980,3622,10155660,866,11790
1752,2,0,12,13,42412680,3622,10155660,866,11792
1753,3,0,14,11,42418140,3623,10155660,866,11795
1754,2,0,12,13,42423900,3622,10155660,866,11797
1755,8,0,16,9,42434820,3621,10155660,865,11805
1756,4,0,12,13,42451920,3620,10155660,865,11809
1757,7,0,15,10,42468120,3621,10155660,864,11816
1758,7,0,14,11,42487320,3620,10155660,864,11823
1759,8,0,17,8,42501660,3619,10155660,863,11831
1760,3,0,13,12,42528660,3620,10155660,863,11834
1761,5,0,13,12,42550620,3620,10155660,863,11839
1762,9,0,18,7,42557460,3619,10155660,862,11848
1763,8,0,16,9,42579780,3618,10155660,861,11856
1764,7,0,14,11,42606480,3618,10155660,861,11863
1765,11,7,15,10,42611460,3617,10155960,861,11874
1766,12,12,19,6,42634860,3618,10162500,860,11886
1767,6,2,25,0,42666780,3618,10224420,865,11892
1768,5,0,13,12,42705960,3615,10236240,865,11897
1769,9,0,14,11,42726540,3615,10236240,865,11906
1770,5,0,16,9,42731520,3614,10236240,864,11911
1771,9,7,15,10,42742140,3614,10236300,864,11920
1772,8,8,20,5,42759960,3615,10255020,865,11928
1773,8,2,25,0,42803400,3616,10291080,867,11936
1774,4,0,14,11,42856380,3615,10298160,867,11940
1775,4,0,14,11,42866700,3615,10298160,867,11944
1776,3,0,12,13,42882600,3615,10298160,867,11947
1777,6,0,14,11,42894000,3614,10298160,866,11953
1778,1,0,14,11,42894720,3614,10298160,866,11954
1779,2,0,12,13,42915240,3615,10298160,866,11956
1780,9,0,16,9,42927000,3614,10298160,865,11965
1781,6,0,19,6,42937380,3614,10298160,865,11971
1782,4,0,13,12,42975900,3614,10298280,865,11975
1783,6,0,17,8,42984300,3614,10298280,864,11981
1784,8,2,17,8,43012020,3615,10299120,864,11989
1785,4,0,17,8,43032360,3615,10306380,864,11993
1786,8,0,18,7,43048980,3614,10306380,864,12001
1787,6,0,17,8,43078200,3614,10306380,863,12007
1788,9,3,16,9,43098300,3614,10307520,863,12016
1789,13,16,13,12,43114620,3614,10307520,863,12029
1790,6,20,13,12,43129860,3615,10309560,861,12035
1791,6,19,18,7,43143840,3616,10342560,864,12041
1792,4,17,22,3,43152840,3616,10384080,867,12045
1793,4,5,25,0,43208280,3616,10525200,878,12049
1794,6,0,17,8,43254240,3615,10592460,884,12055
1795,4,0,15,10,43282440,3615,10592460,883,12059
1796,4,0,15,10,43300680,3615,10592460,883,12063
1797,3,0,13,12,43321200,3616,10592460,883,12066
1798,7,0,16,9,43334580,3616,10592460,882,12073
1799,5,0,14,11,43352520,3615,10592460,882,12078
1800,6,0,16,9,43361760,3614,10592460,881,12084
1801,5,0,12,13,43391520,3614,10592460,881,12089
1802,6,0,17,8,43392420,3614,10592460,881,12095
1803,6,1,19,6,43401000,3614,10592460,880,12101
1804,4,3,15,10,43438560,3615,10593900,880,12105
1805,11,1,24,1,43454580,3615,10609320,880,12116
1806,6,0,16,9,43510080,3615,10612740,880,12122
1807,7,0,16,9,43530720,3615,10612740,880,12129
1808,5,0,16,9,43554720,3616,10613280,879,12134
1809,7,0,16,9,43580640,3616,10613280,879,12141
1810,11,0,19,6,43590060,3614,10613280,878,12152
1811,13,0,21,4,43628760,3614,10615200,877,12165
1812,17,6,25,0,43650600,3614,10619340,877,12182
1813,11,0,20,5,43730220,3614,10638900,877,12193
1814,14,0,23,2,43763520,3613,10638900,876,12207
1815,8,0,18,7,43792020,3612,10638900,876,12215
1816,12,2,19,6,43830120,3612,10639860,875,12227
1817,12,13,15,10,43848960,3612,10640220,875,12239
1818,9,22,13,12,43862220,3613,10640220,875,12248
1819,4,24,13,12,43881720,3614,10657740,875,12252
1820,5,24,17,8,43893780,3614,10694700,877,12257
1821,7,25,20,5,43914600,3615,10732620,880,12264
1822,6,22,23,2,43948740,3616,10774200,883,12270
1823,5,26,15,10,43989060,3617,10775040,883,12275
1824,6,30,14,11,44008980,3617,10784220,883,12281
1825,3,30,15,10,44028900,3619,10801800,884,12284
1826,1,28,15,10,44046000,3619,10822560,886,12285
1827,10,37,15,10,44051400,3619,10824060,885,12295
1828,11,40,14,11,44072220,3620,10842840,886,12306
1829,3,38,16,9,44088120,3621,10870020,888,12309
1830,5,34,21,4,44110920,3621,10986540,898,12314
1831,4,23,25,0,44142780,3621,11464980,936,12318
1832,6,0,15,10,44214300,3615,12129660,990,12324
1833,5,0,17,8,44221560,3615,12129660,990,12329
1834,12,2,19,6,44246940,3614,12130620,989,12341
1835,9,5,19,6,44274120,3615,12135060,989,12350
1836,9,8,20,5,44296620,3615,12143100,989,12359
1837,10,1,23,2,44337600,3614,12183420,991,12369
1838,7,0,18,7,44386380,3615,12185340,991,12376
1839,11,0,22,3,44413320,3615,12185340,990,12387
1840,10,0,21,4,44449740,3614,12185340,989,12397
1841,7,0,19,6,44486640,3615,12185340,988,12404
1842,6,0,16,9,44530560,3616,12185340,988,12410
1843,11,0,20,5,44552100,3615,12185340,987,12421
1844,6,0,14,11,44583060,3614,12185340,986,12427
1845,5,0,11,14,44604600,3614,12185340,986,12432
1846,3,0,13,12,44605200,3614,12185340,986,12435
1847,1,0,12,13,44614080,3614,12185340,986,12436
1848,3,0,12,13,44621220,3613,12185340,985,12439
1849,4,0,12,13,44635380,3613,12185340,985,12443
1850,4,0,12,13,44646000,3613,12185340,985,12447
1851,2,0,11,14,44655120,3613,12185340,985,12449
1852,4,0,13,12,44657280,3613,12185340,984,12453
1853,9,0,18,7,44669700,3612,12185340,984,12462
1854,8,0,20,5,44681820,3612,12185340,983,12470
1855,5,0,18,7,44714820,3612,12185520,983,12475
1856,7,0,16,9,44749740,3612,12185520,982,12482
1857,8,0,20,5,44759040,3612,12185520,981,12490
1858,6,0,14,11,44810220,3613,12185520,981,12496
1859,5,0,17,8,44818560,3613,12185520,981,12501
1860,7,0,15,10,44849700,3613,12185520,980,12508
1861,9,0,16,9,44879760,3613,12185520,979,12517
1862,10,0,18,7,44896980,3612,12185520,978,12527
1863,7,0,19,6,44910900,3611,12185520,978,12534
1864,9,0,16,9,44952600,3611,12185520,977,12543
1865,5,0,15,10,44966880,3610,12185520,977,12548
1866,4,0,15,10,44973360,3610,12185520,977,12552
1867,5,0,15,10,44994540,3610,12185520,976,12557
1868,6,0,15,10,45001740,3609,12185520,976,12563
1869,7,2,16,9,45023040,3609,12189120,975,12570
1870,6,3,19,6,45038160,3610,12197280,976,12576
1871,10,10,14,11,45069840,3610,12197700,975,12586
1872,3,10,15,10,45086160,3611,12202560,975,12589
1873,1,10,15,10,45101100,3612,12203100,975,12590
1874,3,7,17,8,45127680,3613,12230640,977,12593
1875,3,0,15,10,45157200,3612,12343140,986,12596
1876,5,0,14,11,45175680,3612,12343140,985,12601
1877,6,0,15,10,45191100,3611,12343140,985,12607
1878,5,0,15,10,45203700,3611,12343140,984,12612
1879,11,0,16,9,45227940,3610,12343140,984,12623
1880,5,0,17,8,45249180,3610,12343140,983,12628
1881,10,0,19,6,45281040,3611,12343140,982,12638
1882,14,0,23,2,45309060,3610,12343140,981,12652
1883,9,0,20,5,45352800,3610,12343800,981,12661
1884,11,5,16,9,45389700,3610,12344220,980,12672
1885,9,13,13,12,45409080,3611,12345660,980,12681
1886,11,23,14,11,45409080,3611,12346080,979,12692
1887,5,24,15,10,45436260,3612,12359400,979,12697
1888,14,37,14,11,45451500,3612,12360840,979,12711
1889,6,39,15,10,45464520,3613,12370080,978,12717
1890,7,40,14,11,45482940,3614,12372540,979,12724
1891,7,40,14,11,45489360,3614,12378480,979,12731
1892,9,37,22,3,45518400,3616,12511800,989,12740
1893,11,38,25,0,45540780,3616,12603720,995,12751
1894,9,37,18,7,45621060,3617,12748620,1006,12760
1895,6,40,13,12,45645480,3617,12751260,1006,12766
1896,2,38,15,10,45658620,3618,12766020,1007,12768
1897,5,35,20,5,45673380,3618,12848700,1013,12773
1898,4,21,24,1,45716220,3617,13392240,1056,12777
1899,5,0,16,9,45763080,3611,14013840,1104,12782
1900,4,0,15,10,45778140,3611,14013840,1104,12786
1901,5,0,15,10,45796980,3611,14013840,1103,12791
1902,10,0,17,8,45817620,3611,14013840,1103,12801
1903,9,0,17,8,45846420,3610,14013840,1102,12810
1904,9,0,17,8,45867900,3609,14013840,1101,12819
1905,8,0,14,11,45912300,3610,14013840,1100,12827
1906,12,4,18,7,45919980,3609,14014200,1100,12839
1907,7,6,16,9,45963660,3611,14022120,1099,12846
1908,5,4,21,4,45969060,3611,14035920,1100,12851
1909,9,0,15,10,46029600,3610,14065320,1101,12860
1910,9,0,17,8,46043880,3609,14065320,1101,12869
1911,12,1,23,2,46057980,3609,14065380,1100,12881
1912,13,3,20,5,46107720,3609,14067060,1099,12894
1913,9,2,22,3,46145520,3609,14074740,1098,12903
1914,3,0,16,9,46175640,3609,14081640,1099,12906
1915,11,0,21,4,46199400,3609,14081640,1098,12917
1916,5,0,16,9,46239540,3609,14081640,1097,12922
1917,5,0,13,12,46265700,3609,14081640,1097,12927
1918,11,0,19,6,46273140,3608,14081640,1096,12938
1919,6,0,16,9,46295100,3607,14081640,1096,12944
1920,4,0,14,11,46318380,3607,14081640,1095,12948
1921,2,0,13,12,46329240,3607,14081640,1095,12950
1922,3,0,11,14,46343340,3607,14081640,1095,12953
1923,4,0,12,13,46350120,3607,14081640,1094,12957
1924,5,0,13,12,46356240,3606,14081640,1094,12962
1925,7,0,16,9,46364460,3606,14081640,1093,12969
1926,4,0,15,10,46379280,3605,14081640,1093,12973
1927,6,0,15,10,46391460,3605,14081640,1093,12979
1928,6,0,17,8,46411500,3605,14081640,1092,12985
1929,6,0,14,11,46432680,3604,14081640,1092,12991
1930,6,3,15,10,46441200,3604,14082060,1091,12997
1931,11,12,13,12,46464780,3605,14084640,1091,13008
1932,7,16,14,11,46475640,3605,14095680,1091,13015
1933,12,26,15,10,46485060,3606,14105520,1091,13027
1934,8,33,14,11,46499580,3606,14107140,1090,13035
1935,11,40,13,12,46515540,3607,14109960,1089,13046
1936,4,39,13,12,46533540,3608,14128500,1091,13050
1937,5,40,14,11,46533540,3608,14137200,1091,13055
1938,7,40,13,12,46538640,3608,14137200,1091,13062
1939,4,38,15,10,46571040,3610,14252940,1100,13066
1940,4,40,14,11,46574880,3610,14252940,1100,13070
1941,7,37,16,9,46603320,3611,14376840,1109,13077
1942,2,35,18,7,46611060,3611,14520720,1120,13079
1943,4,28,22,3,46652700,3612,14781300,1140,13083
1944,4,14,25,0,46696620,3611,15218160,1173,13087
1945,4,0,12,13,46752660,3607,15659400,1207,13091
1946,5,0,16,9,46753680,3607,15659400,1206,13096
1947,3,0,13,12,46774320,3607,15659400,1206,13099
1948,4,0,13,12,46788900,3607,15659400,1206,13103
1949,4,0,15,10,46794960,3607,15659400,1205,13107
1950,7,0,19,6,46809840,3607,15659400,1205,13114
1951,7,0,19,6,46838700,3607,15659400,1204,13121
1952,3,0,16,9,46864560,3608,15659400,1204,13124
1953,4,0,13,12,46902720,3609,15659400,1203,13128
1954,4,0,15,10,46906140,3608,15659400,1203,13132
1955,3,0,15,10,46915800,3608,15659400,1203,13135
1956,9,0,17,8,46933560,3608,15659400,1202,13144
1957,11,0,18,7,46955280,3606,15659400,1201,13155
1958,9,0,17,8,46987080,3606,15659640,1200,13164
1959,7,1,15,10,47014380,3606,15662340,1199,13171
1960,5,0,16,9,47039760,3607,15667020,1199,13176
1961,8,0,18,7,47050320,3606,15667320,1199,13184
1962,5,0,17,8,47083260,3607,15669360,1198,13189
1963,4,0,12,13,47110620,3606,15669360,1198,13193
1964,9,0,18,7,47113500,3606,15669360,1197,13202
1965,6,0,17,8,47139000,3606,15669360,1197,13208
1966,5,0,16,9,47165340,3606,15669360,1196,13213
1967,5,0,14,11,47189340,3606,15669360,1196,13218
1968,5,0,16,9,47200260,3606,15669360,1195,13223
1969,4,0,14,11,47218320,3606,15669360,1195,13227
1970,3,0,13,12,47235240,3606,15669360,1195,13230
1971,3,0,13,12,47246220,3606,15669360,1194,13233
1972,2,0,12,13,47256780,3606,15669360,1194,13235
1973,7,0,17,8,47264880,3606,15669360,1194,13242
1974,6,0,17,8,47290140,3606,15669360,1193,13248
1975,10,0,19,6,47306820,3605,15669360,1192,13258
1976,11,0,18,7,47340960,3605,15669360,1191,13269
1977,7,0,19,6,47361480,3604,15669360,1190,13276
1978,9,0,18,7,47393940,3604,15669360,1190,13285
1979,7,0,16,9,47430900,3604,15669360,1189,13292
1980,9,0,20,5,47444640,3604,15669360,1188,13301
1981,8,0,19,6,47476920,3604,15669360,1187,13309
1982,10,0,21,4,47508660,3604,15669360,1187,13319
1983,4,0,14,11,47541540,3604,15669360,1186,13323
1984,12,7,15,10,47558940,3604,15669480,1186,13335
1985,10,16,14,11,47574840,3605,15671040,1185,13345
1986,5,14,19,6,47587140,3605,15692760,1186,13350
1987,5,9,24,1,47614380,3606,15737700,1189,13355
1988,10,0,20,5,47671020,3604,15810720,1193,13365
1989,1,0,13,12,47705400,3604,15811020,1193,13366
1990,3,0,13,12,47720280,3605,15811020,1193,13369
1991,4,0,16,9,47729100,3605,15812160,1193,13373
1992,1,0,14,11,47744580,3605,15812160,1192,13374
1993,5,0,15,10,47754960,3605,15812160,1192,13379
1994,3,0,13,12,47778420,3605,15812160,1192,13382
1995,4,0,14,11,47792460,3606,15812160,1191,13386
1996,6,2,15,10,47803740,3606,15812160,1191,13392
1997,9,10,15,10,47805900,3606,15813360,1191,13401
1998,13,20,14,11,47834880,3607,15827160,1190,13414
1999,8,25,15,10,47854560,3608,15842220,1190,13422
2000,9,34,14,11,47862900,3608,15842220,1190,13431
2001,5,35,15,10,47887800,3609,15865200,1191,13436
2002,6,34,21,4,47897700,3610,15919800,1194,13442
2003,7,29,25,0,47934360,3610,16015500,1201,13449
2004,13,27,25,0,47996100,3611,16172640,1212,13462
2005,9,17,25,0,48054420,3610,16397040,1228,13471
2006,6,0,14,11,48118200,3605,16656480,1246,13477
2007,4,0,15,10,48131220,3606,16656480,1246,13481
2008,10,0,18,7,48143640,3605,16656480,1245,13491
2009,5,0,13,12,48166920,3604,16656480,1245,13496
2010,6,0,15,10,48176340,3603,16656480,1244,13502
2011,7,2,17,8,48182760,3603,16657020,1244,13509
2012,2,4,13,12,48208800,3604,16657020,1244,13511
2013,4,2,16,9,48231240,3605,16671900,1244,13515
2014,5,0,18,7,48248880,3605,16685820,1245,13520
2015,4,0,14,11,48277740,3605,16685820,1244,13524
2016,4,0,15,10,48290100,3605,16685820,1244,13528
2017,4,0,18,7,48290940,3605,16685820,1244,13532
2018,1,0,17,8,48296580,3605,16685820,1243,13533
2019,8,0,18,7,48320040,3604,16685820,1243,13541
2020,5,0,19,6,48328440,3604,16685820,1242,13546
2021,6,0,18,7,48352740,3604,16685820,1242,13552
2022,4,1,17,8,48366900,3604,16685820,1241,13556
2023,9,9,17,8,48373500,3604,16686180,1241,13565
2024,3,11,16,9,48384720,3604,16690140,1240,13568
2025,11,21,16,9,48395040,3605,16695120,1240,13579
2026,9,28,17,8,48401040,3605,16704120,1240,13588
2027,6,34,17,8,48401040,3605,16704120,1240,13594
2028,11,40,17,8,48411060,3606,16712880,1239,13605
2029,11,40,16,9,48432000,3607,16721460,1240,13616
2030,9,39,17,8,48439380,3607,16734660,1241,13625
2031,4,40,16,9,48446640,3607,16734660,1241,13629
2032,6,40,16,9,48446640,3607,16734660,1241,13635
2033,6,39,22,3,48456480,3608,16899000,1252,13641
2034,6,40,21,4,48474540,3608,16928220,1254,13647
2035,6,40,17,8,48508380,3609,16939620,1255,13653
2036,7,40,19,6,48516240,3609,16973880,1257,13660
2037,11,40,18,7,48535980,3610,16988400,1258,13671
2038,3,39,17,8,48556380,3610,17041200,1262,13674
2039,5,34,22,3,48572700,3610,17432220,1290,13679
2040,4,29,23,2,48595380,3610,17764260,1314,13683
2041,3,17,25,0,48632580,3609,18339360,1356,13686
2042,3,0,18,7,48667620,3605,18912960,1399,13689
2043,5,0,19,6,48678120,3604,18912960,1398,13694
2044,9,0,23,2,48701880,3605,18912960,1397,13703
2045,7,4,18,7,48732180,3605,18913920,1397,13710
2046,8,11,17,8,48744060,3605,18914640,1396,13718
2047,3,14,15,10,48761220,3606,18914640,1396,13721
2048,6,14,20,5,48767220,3606,18966780,1399,13727
2049,3,13,23,2,48770820,3606,18984660,1400,13730
2050,9,8,25,0,48817800,3606,19073280,1405,13739
2051,12,4,25,0,48854100,3605,19146480,1410,13751
2052,12,0,23,2,48894660,3603,19154220,1409,13763
2053,8,1,21,4,48924300,3603,19155360,1408,13771
2054,15,9,22,3,48938760,3602,19156740,1407,13786
2055,7,14,18,7,48969960,3603,19159860,1407,13793
2056,4,15,18,7,48991500,3604,19173060,1407,13797
2057,12,24,18,7,49006800,3604,19179240,1406,13809
2058,6,29,17,8,49021380,3605,19184220,1406,13815
2059,5,34,16,9,49031760,3605,19184220,1406,13820
2060,7,39,17,8,49040580,3605,19205460,1406,13827
2061,5,40,16,9,49056600,3606,19210560,1406,13832
2062,3,40,17,8,49059840,3606,19224600,1407,13835
2063,7,40,16,9,49068660,3606,19224600,1407,13842
2064,2,40,16,9,49077240,3607,19243800,1408,13844
2065,6,39,18,7,49088760,3607,19307880,1413,13850
2066,2,35,20,5,49103760,3607,19428540,1421,13852
2067,1,32,21,4,49115700,3607,19532220,1429,13853
2068,4,34,16,9,49143900,3608,19559100,1431,13857
2069,6,40,15,10,49149720,3608,19559100,1431,13863
2070,3,40,15,10,49149720,3608,19559100,1431,13866
2071,3,40,15,10,49149720,3608,19559100,1431,13869
2072,4,40,17,8,49164300,3609,19592700,1432,13873
2073,9,39,16,9,49175520,3609,19597020,1432,13882
2074,10,39,21,4,49183380,3609,19694940,1439,13892
2075,13,39,25,0,49205400,3609,19863180,1450,13905
2076,7,36,25,0,49243020,3609,19980180,1458,13912
2077,9,32,25,0,49291620,3610,20549220,1498,13921
2078,9,25,25,0,49329540,3608,21081960,1536,13930
2079,6,24,17,8,49358940,3606,21494340,1566,13936
2080,7,30,17,8,49366560,3607,21494700,1565,13943
2081,10,34,21,4,49377300,3607,21504180,1565,13953
2082,10,40,16,9,49404960,3608,21504180,1565,13963
2083,7,39,16,9,49419540,3608,21514740,1564,13970
2084,1,39,16,9,49426380,3608,21523560,1565,13971
2085,7,40,16,9,49426380,3608,21523560,1565,13978
2086,6,40,17,8,49434780,3609,21548700,1566,13984
2087,5,39,16,9,49451940,3609,21559440,1567,13989
2088,4,38,20,5,49459080,3610,21673200,1575,13993
2089,4,36,24,1,49466280,3610,21728760,1578,13997
2090,3,28,25,0,49515960,3611,21962760,1595,14000
2091,6,6,25,0,49564560,3607,23312400,1692,14006
2092,3,0,16,9,49591980,3604,23712600,1721,14009
2093,1,0,15,10,49598340,3604,23712600,1721,14010
2094,10,4,19,6,49599900,3604,23712780,1720,14020
2095,4,8,17,8,49609920,3604,23712780,1720,14024
2096,5,12,16,9,49626360,3604,23719320,1719,14029
2097,8,17,17,8,49640100,3605,23735100,1719,14037
2098,6,21,17,8,49651680,3605,23746320,1719,14043
2099,6,27,17,8,49651680,3605,23746320,1719,14049
2100,12,37,17,8,49665420,3606,23760360,1719,14061
2101,9,40,16,9,49676340,3606,23760360,1719,14070
2102,8,39,18,7,49692180,3607,23809200,1721,14078
2103,13,40,25,0,49697580,3607,23904060,1727,14091
2104,6,34,25,0,49750980,3608,24046800,1736,14097
2105,14,36,25,0,49791120,3608,24119820,1740,14111
2106,6,39,21,4,49817280,3608,24123180,1739,14117
2107,6,40,16,9,49852260,3609,24126180,1739,14123
2108,3,39,18,7,49857360,3609,24172680,1742,14126
2109,5,37,22,3,49868460,3609,24262080,1748,14131
2110,4,30,25,0,49903080,3610,24458700,1762,14135
2111,1,19,25,0,49936020,3609,24868500,1791,14136
2112,6,0,20,5,49989780,3605,25574280,1841,14142
2113,8,0,20,5,50002320,3604,25574280,1840,14150
2114,12,5,19,6,50023920,3603,25574460,1839,14162
2115,2,6,16,9,50042940,3604,25578660,1839,14164
2116,7,6,22,3,50050200,3604,25586640,1838,14171
2117,5,1,25,0,50073060,3604,25634700,1841,14176
2118,10,9,17,8,50108280,3604,25636140,1841,14186
2119,6,13,16,9,50125320,3604,25643700,1840,14192
2120,13,25,17,8,50125320,3604,25644960,1840,14205
2121,4,28,17,8,50131680,3604,25650660,1838,14209
2122,6,32,17,8,50148720,3605,25665720,1839,14215
2123,9,40,17,8,50148720,3605,25665720,1839,14224
2124,9,40,16,9,50172420,3606,25693380,1839,14233
2125,5,40,16,9,50172420,3606,25693380,1839,14238
2126,11,40,16,9,50186520,3606,25705020,1840,14249
2127,7,40,16,9,50194380,3606,25710300,1840,14256
2128,10,40,16,9,50200380,3607,25734960,1841,14266
2129,8,40,16,9,50208180,3607,25761780,1843,14274
2130,7,40,16,9,50208180,3607,25761780,1843,14281
2131,9,40,16,9,50219160,3607,25772640,1844,14290
2132,9,40,15,10,50228160,3608,25772640,1844,14299
2133,5,39,16,9,50235420,3608,25794720,1845,14304
2134,9,40,16,9,50235420,3608,25794720,1845,14313
2135,4,40,16,9,50235420,3608,25794720,1845,14317
2136,5,40,15,10,50244180,3608,25794720,1845,14322
2137,2,39,17,8,50256000,3609,25882500,1851,14324
2138,4,36,21,4,50269920,3609,26105100,1866,14328
2139,5,36,25,0,50273640,3609,26276880,1878,14333
2140,3,32,23,2,50320320,3610,26558640,1898,14336
2141,10,31,25,0,50359080,3611,26870820,1919,14346
2142,6,28,25,0,50388900,3611,27103260,1935,14352
2143,6,22,25,0,50441100,3611,27722460,1978,14358
2144,6,12,25,0,50477460,3610,28285320,2017,14364
2145,7,0,20,5,50519340,3606,28883340,2059,14371
2146,9,2,21,4,50533200,3606,28883340,2058,14380
2147,4,4,17,8,50563560,3607,28885680,2057,14384
2148,11,15,16,9,50570280,3607,28885680,2057,14395
2149,11,25,16,9,50577000,3607,28894920,2055,14406
2150,11,34,17,8,50587800,3608,28899420,2054,14417
2151,10,40,17,8,50598420,3608,28911840,2053,14427
2152,12,40,16,9,50603040,3608,28911840,2053,14439
2153,10,40,16,9,50621820,3609,28931280,2054,14449
2154,9,40,16,9,50621820,3609,28931280,2054,14458
2155,7,38,21,4,50636160,3609,29025180,2060,14465
2156,5,37,25,0,50645100,3609,29147400,2068,14470
2157,9,38,25,0,50687220,3610,29243760,2074,14479
2158,2,39,17,8,50728680,3611,29245620,2073,14481
2159,6,31,23,2,50755020,3611,29499720,2090,14487
2160,5,27,25,0,50772960,3610,29732520,2106,14492
2161,3,11,25,0,50833260,3610,30103260,2132,14495
2162,3,0,17,8,50863500,3606,30527640,2162,14498
2163,5,0,19,6,50868960,3606,30527640,2161,14503
2164,5,0,16,9,50900040,3606,30527640,2160,14508
2165,5,0,19,6,50910240,3606,30527640,2159,14513
2166,11,9,17,8,50918340,3606,30527880,2159,14524
2167,9,17,16,9,50932980,3606,30530220,2157,14533
2168,4,20,16,9,50941740,3607,30537420,2156,14537
2169,9,27,17,8,50951040,3607,30547140,2156,14546
2170,13,39,17,8,50958480,3607,30558960,2155,14559
2171,3,40,16,9,50965740,3607,30558960,2155,14562
2172,13,40,16,9,50980680,3608,30569700,2155,14575
2173,11,40,16,9,50980680,3608,30569700,2155,14586
2174,8,40,16,9,50989200,3608,30595140,2157,14594
2175,8,40,16,9,50998860,3609,30603960,2157,14602
2176,7,40,16,9,51010260,3609,30612900,2157,14609
2177,7,40,17,8,51013560,3609,30664260,2161,14616
2178,8,37,25,0,51032940,3610,30907320,2176,14624
2179,3,33,25,0,51060840,3610,31090980,2189,14627
2180,2,24,25,0,51102480,3610,31353960,2207,14629
2181,3,18,25,0,51138120,3610,31699920,2231,14632
2182,3,0,19,6,51189000,3607,32343840,2276,14635
2183,6,3,17,8,51207300,3607,32345220,2275,14641
2184,3,4,17,8,51220260,3607,32354040,2275,14644
2185,2,5,17,8,51226860,3608,32360220,2275,14646
2186,3,7,17,8,51234600,3608,32364840,2275,14649
2187,4,9,18,7,51243060,3608,32370360,2275,14653
2188,5,10,19,6,51254700,3608,32390160,2276,14658
2189,5,13,17,8,51278940,3609,32393760,2275,14663
2190,6,13,22,3,51285060,3609,32419980,2276,14669
2191,7,17,19,6,51311160,3609,32438160,2276,14676
2192,10,19,24,1,51326160,3610,32445660,2275,14686
2193,5,16,25,0,51350220,3610,32481780,2277,14691
2194,11,17,25,0,51399180,3611,32535540,2279,14702
2195,8,19,21,4,51436560,3611,32542860,2278,14710
2196,12,31,18,7,51452940,3611,32542860,2278,14722
2197,12,40,16,9,51485460,3612,32554440,2275,14734
2198,7,40,16,9,51485460,3612,32554440,2275,14741
2199,8,40,17,8,51490620,3612,32569140,2276,14749
2200,15,39,16,9,51507120,3613,32585340,2277,14764
2201,7,40,16,9,51513780,3613,32601240,2278,14771
2202,7,39,17,8,51520260,3613,32612400,2278,14778
2203,6,40,16,9,51528000,3613,32612400,2278,14784
2204,7,40,22,3,51533280,3614,32773560,2288,14791
2205,6,38,21,4,51552420,3614,32788080,2289,14797
2206,2,29,23,2,51592560,3615,33061200,2308,14799
2207,3,8,25,0,51623460,3611,34075500,2378,14802
2208,5,0,17,8,51660240,3609,34420080,2401,14807
2209,6,3,16,9,51672420,3608,34421700,2400,14813
2210,1,4,16,9,51672420,3608,34421700,2400,14814
2211,2,5,16,9,51678840,3609,34422180,2400,14816
2212,7,10,17,8,51689880,3609,34425240,2399,14823
2213,4,12,18,7,51698280,3609,34433940,2399,14827
2214,10,21,17,8,51709800,3610,34435080,2398,14837
2215,5,25,17,8,51718380,3610,34440000,2397,14842
2216,14,37,17,8,51731820,3611,34447740,2397,14856
2217,10,40,16,9,51738000,3611,34447740,2397,14866
2218,12,40,16,9,51753480,3611,34462860,2395,14878
2219,14,40,16,9,51753480,3611,34462860,2395,14892
2220,16,40,21,4,51759900,3611,34548240,2400,14908
2221,10,39,23,2,51788220,3612,34615020,2404,14918
2222,7,40,18,7,51808260,3612,34615020,2404,14925
2223,8,39,18,7,51828960,3613,34621800,2404,14933
2224,11,40,17,8,51845040,3613,34648620,2405,14944
2225,10,40,17,8,51845040,3613,34648620,2405,14954
2226,10,36,23,2,51869040,3614,34818420,2416,14964
2227,7,32,25,0,51900000,3614,35097540,2434,14971
2228,6,30,23,2,51932400,3614,35332560,2450,14977
2229,7,34,17,8,51974340,3614,35338920,2449,14984
2230,4,38,17,8,51974340,3614,35338920,2449,14988
2231,7,40,16,9,51982740,3615,35338920,2449,14995
2232,5,39,19,6,52000500,3615,35387460,2450,15000
2233,6,40,23,2,52000500,3615,35426940,2452,15006
2234,2,35,22,3,52043700,3617,35469840,2455,15008
2235,4,27,25,0,52068240,3616,35834520,2480,15012
2236,5,5,25,0,52122480,3613,37166280,2571,15017
2237,7,0,21,4,52144080,3611,37403400,2586,15024
2238,3,1,17,8,52160640,3610,37403400,2586,15027
2239,4,0,18,7,52179000,3611,37404180,2585,15031
2240,11,9,17,8,52195080,3611,37407180,2584,15042
2241,9,18,17,8,52195080,3611,37407180,2584,15051
2242,11,28,16,9,52210860,3611,37408440,2581,15062
2243,8,35,16,9,52219560,3612,37419600,2580,15070
2244,8,40,16,9,52219560,3612,37419600,2580,15078
2245,11,39,17,8,52239540,3613,37455840,2580,15089
2246,8,40,17,8,52239540,3613,37455840,2580,15097
2247,6,40,16,9,52258260,3613,37478880,2581,15103
2248,8,40,16,9,52258260,3613,37478880,2581,15111
2249,9,40,16,9,52271460,3614,37516140,2584,15120
2250,3,38,17,8,52284240,3614,37557540,2586,15123
2251,11,40,24,1,52284240,3614,37705800,2595,15134
2252,3,39,17,8,52328220,3615,37709220,2595,15137
2253,7,37,24,1,52336500,3615,37873440,2605,15144
2254,4,33,25,0,52376460,3616,38076120,2618,15148
2255,2,24,25,0,52418940,3616,38489460,2646,15150
2256,4,2,25,0,52466220,3613,39299100,2701,15154
2257,4,0,17,8,52482480,3611,39370620,2705,15158
2258,10,3,20,5,52485600,3610,39370680,2704,15168
2259,1,3,18,7,52500000,3610,39373560,2704,15169
2260,5,2,19,6,52527300,3611,39390300,2704,15174
2261,4,0,20,5,52534680,3610,39397380,2704,15178
2262,6,0,18,7,52561860,3610,39397380,2702,15184
2263,5,0,18,7,52579140,3610,39397380,2701,15189
2264,8,0,21,4,52588140,3609,39397380,2700,15197
2265,6,0,21,4,52607760,3609,39397380,2699,15203
2266,17,5,22,3,52639560,3609,39398040,2696,15220
2267,11,15,18,7,52655700,3609,39401220,2695,15231
2268,9,23,16,9,52679880,3609,39404520,2694,15240
2269,9,30,17,8,52686960,3610,39408600,2692,15249
2270,6,34,18,7,52695480,3610,39429360,2691,15255
2271,6,31,24,1,52713360,3610,39512220,2696,15261
2272,12,38,24,1,52742340,3611,39541440,2696,15273
2273,8,40,17,8,52782420,3612,39545340,2696,15281
2274,8,38,17,8,52796460,3612,39562440,2696,15289
2275,14,40,19,6,52796460,3612,39571020,2696,15303
2276,5,38,21,4,52818000,3612,39645900,2701,15308
2277,6,34,25,0,52835880,3612,39805800,2711,15314
2278,2,33,17,8,52881900,3613,39847860,2713,15316
2279,4,29,21,4,52889940,3612,40028040,2724,15320
2280,4,11,25,0,52922040,3610,40641060,2765,15324
2281,4,0,19,6,52950240,3607,40968180,2787,15328
2282,6,0,15,10,52977660,3606,40968180,2786,15334
2283,5,0,16,9,52990200,3606,40968180,2785,15339
2284,8,0,22,3,52996140,3606,40968180,2783,15347
2285,10,1,21,4,53023380,3605,40968180,2782,15357
2286,8,7,17,8,53040480,3605,40969740,2781,15365
2287,2,7,17,8,53054100,3605,40976940,2780,15367
2288,10,16,17,8,53063940,3606,40979640,2779,15377
2289,6,22,17,8,53063940,3606,40979640,2779,15383
2290,12,32,17,8,53080260,3606,40988520,2777,15395
2291,11,40,17,8,53091480,3607,40994160,2775,15406
2292,8,40,16,9,53098680,3607,40994160,2775,15414
2293,4,39,17,8,53112360,3607,41027820,2776,15418
2294,3,40,16,9,53118900,3608,41027820,2776,15421
2295,6,40,16,9,53133900,3608,41053680,2777,15427
2296,12,40,16,9,53133900,3608,41053680,2777,15439
2297,9,38,20,5,53152140,3609,41181180,2785,15448
2298,12,40,25,0,53152140,3609,41328840,2794,15460
2299,5,37,23,2,53197740,3610,41515320,2806,15465
2300,4,32,25,0,53233620,3611,41733240,2820,15469
2301,3,23,25,0,53278320,3611,41967360,2835,15472
2302,3,14,18,7,53320080,3609,42310080,2858,15475
2304,3,15,16,9,53345280,3610,42312540,2857,15478
2303,0,15,16,9,53345280,3610,42312540,2857,15478
2305,0,13,16,9,53363400,3611,42358020,2860,15478
2306,6,6,22,3,53372160,3609,42697200,2882,15484
2307,7,2,19,6,53398560,3608,42947220,2898,15491
2308,5,7,18,7,53402880,3608,42947220,2898,15496
2309,9,14,16,9,53435100,3609,42955020,2896,15505
2310,2,15,17,8,53435100,3609,42960780,2895,15507
2311,13,27,17,8,53442420,3609,42970080,2894,15520
2312,4,29,17,8,53460780,3610,42980640,2893,15524
2313,4,32,17,8,53465280,3610,42989160,2893,15528
2314,8,38,17,8,53482200,3611,43003140,2893,15536
2315,4,40,16,9,53489220,3611,43003140,2893,15540
2316,6,40,16,9,53489220,3611,43003140,2893,15546
2317,9,40,17,8,53505360,3612,43018620,2893,15555
2318,12,40,17,8,53505360,3612,43018620,2893,15567
2319,11,40,17,8,53520360,3612,43081080,2896,15578
2320,19,40,16,9,53532240,3613,43081080,2896,15597
2321,7,39,20,5,53539500,3613,43213680,2904,15604
2322,9,40,22,3,53553120,3613,43312080,2910,15613
2323,6,40,17,8,53579220,3614,43312080,2910,15619
2324,6,40,20,5,53603700,3615,43403160,2915,15625
2325,8,40,18,7,53615700,3615,43403160,2915,15633
2326,3,37,19,6,53643420,3616,43591380,2927,15636
2327,3,35,22,3,53652660,3616,43765440,2938,15639
2328,1,30,23,2,53677440,3617,44006040,2954,15640
2329,5,28,20,5,53715540,3617,44257380,2971,15645
2330,9,30,19,6,53750220,3617,44325180,2974,15654
2331,3,33,16,9,53763900,3617,44325180,2974,15657
2332,3,32,18,7,53779860,3618,44335920,2972,15660
2333,4,32,22,3,53779860,3618,44347620,2972,15664
2334,10,40,17,8,53817960,3619,44349120,2971,15674
2335,6,40,16,9,53821980,3619,44349120,2971,15680
2336,8,38,21,4,53837100,3619,44397300,2973,15688
2337,8,40,18,7,53847360,3619,44397900,2972,15696
2338,6,40,17,8,53863380,3619,44405040,2973,15702
2339,9,36,24,1,53888820,3620,44574300,2982,15711
2340,12,40,19,6,53919540,3619,44731620,2992,15723
2341,11,40,20,5,53944860,3620,44742360,2991,15734
2342,9,40,19,6,53947620,3620,44742360,2991,15743
2343,8,39,19,6,53976060,3621,44805240,2994,15751
2344,15,40,23,2,53995260,3621,44883540,2998,15766
2345,10,37,19,6,54033900,3622,44946540,3001,15776
2346,9,40,17,8,54049500,3622,45080460,3009,15785
2347,9,40,22,3,54060060,3622,45098100,3009,15794
2348,7,39,19,6,54079440,3622,45102120,3009,15801
2349,3,36,22,3,54091620,3622,45167580,3013,15804
2350,5,13,25,0,54137580,3619,47143980,3143,15809
2351,4,0,18,7,54172620,3616,48310920,3220,15813
2352,3,0,17,8,54185820,3616,48310920,3220,15816
2353,7,4,18,7,54193380,3616,48311940,3219,15823
2354,1,3,18,7,54205740,3616,48318660,3219,15824
2355,4,0,17,8,54228300,3615,48328680,3218,15828
2356,6,0,19,6,54238320,3615,48328680,3217,15834
2357,5,0,20,5,54248940,3615,48328680,3216,15839
2358,6,0,19,6,54280560,3615,48328680,3215,15845
2359,6,4,16,9,54296280,3615,48328740,3214,15851
2360,7,10,17,8,54296280,3615,48331320,3213,15858
2361,8,16,16,9,54320340,3616,48340800,3211,15866
2362,8,22,17,8,54324720,3616,48343740,3211,15874
2363,7,29,16,9,54331680,3616,48343740,3211,15881
2364,13,40,16,9,54338460,3617,48350460,3207,15894
2365,7,40,16,9,54348900,3617,48358440,3207,15901
2366,5,40,16,9,54348900,3617,48358440,3207,15906
2367,11,39,19,6,54367200,3618,48406080,3209,15917
2368,7,37,25,0,54381900,3618,48515760,3215,15924
2369,7,40,17,8,54410460,3618,48515760,3215,15931
2370,9,40,16,9,54423480,3618,48521460,3214,15940
2371,7,40,17,8,54432960,3619,48532320,3214,15947
2372,4,39,17,8,54442140,3619,48536460,3214,15951
2373,2,36,19,6,54459180,3619,48662940,3222,15953
2374,3,29,22,3,54479280,3619,49034040,3246,15956
2375,4,22,25,0,54501720,3619,49372500,3268,15960
2376,5,24,19,6,54527520,3618,49376820,3267,15965
2377,1,19,20,5,54549960,3619,49585380,3281,15966
2378,3,6,23,2,54573180,3617,50122320,3316,15969
2379,8,2,20,5,54600720,3615,50392200,3332,15977
2380,6,0,22,3,54619980,3615,50401560,3331,15983
2381,6,0,17,8,54645720,3614,50401560,3330,15989
2382,9,0,21,4,54661800,3614,50401560,3328,15998
2383,2,0,18,7,54679200,3614,50403420,3327,16000
2384,4,0,17,8,54697680,3614,50403420,3326,16004
2385,10,0,23,2,54702300,3613,50403420,3324,16014
2386,6,1,19,6,54735420,3613,50403600,3323,16020
2387,11,11,17,8,54745560,3613,50404200,3322,16031
2388,10,20,17,8,54751320,3613,50406360,3320,16041
2389,9,27,16,9,54775980,3614,50411040,3317,16050
2390,12,38,17,8,54775980,3614,50412900,3317,16062
2391,9,38,17,8,54797820,3615,50448660,3316,16071
2392,9,39,25,0,54797820,3615,50501520,3318,16080
2393,6,35,25,0,54828180,3616,50576760,3322,16086
2394,10,40,21,4,54864060,3617,50578140,3321,16096
2395,6,37,21,4,54903000,3618,50668980,3326,16102
2396,10,40,19,6,54923460,3618,50688660,3327,16112
2397,6,40,17,8,54937320,3618,50688660,3327,16118
2398,7,37,21,4,54966000,3619,50765640,3330,16125
2399,5,33,25,0,54981840,3619,50942580,3340,16130
2400,8,30,22,3,55026120,3619,51072060,3347,16138
2401,4,32,20,5,55046340,3619,51073740,3347,16142
2402,2,30,19,6,55077180,3620,51094800,3347,16144
2403,5,24,24,1,55100520,3620,51418560,3367,16149
2404,9,16,17,8,55133760,3616,51952740,3401,16158
2405,3,17,16,9,55147260,3617,51960900,3400,16161
2406,4,19,18,7,55147260,3617,51967800,3400,16165
2407,6,25,17,8,55151880,3617,51967800,3400,16171
2408,6,29,17,8,55170000,3617,51973260,3398,16177
2409,6,34,16,9,55185540,3618,51977580,3397,16183
2410,10,40,17,8,55190940,3618,51983880,3396,16193
2411,10,40,16,9,55204380,3619,51989040,3395,16203
2412,15,40,16,9,55213380,3619,51991920,3395,16218
2413,10,38,20,5,55225020,3619,52078020,3400,16228
2414,6,40,23,2,55230300,3619,52114140,3401,16234
2415,10,39,21,4,55269180,3620,52181640,3405,16244
2416,13,38,22,3,55290720,3621,52278180,3410,16257
2417,10,37,25,0,55324200,3621,52419420,3417,16267
2418,18,40,17,8,55359240,3621,52452420,3418,16285
2419,2,40,16,9,55365960,3621,52452420,3418,16287
2420,12,40,15,10,55373940,3621,52452420,3418,16299
2421,5,36,19,6,55391280,3622,52655880,3430,16304
2422,5,25,24,1,55402980,3620,53589180,3490,16309
2423,3,0,23,2,55449660,3616,54690960,3561,16312
2424,7,2,18,7,55465560,3615,54691320,3560,16319
2425,4,2,18,7,55492260,3615,54702300,3559,16323
2426,3,1,18,7,55497840,3615,54709560,3559,16326
2427,9,1,21,4,55515540,3614,54711660,3557,16335
2428,10,7,19,6,55539720,3615,54717060,3555,16345
2429,5,10,18,7,55552800,3615,54721140,3554,16350
2430,14,23,16,9,55573440,3615,54721380,3554,16364
2431,11,32,17,8,55582020,3616,54727980,3550,16375
2432,12,39,16,9,55598700,3616,54737880,3548,16387
2433,4,40,16,9,55605720,3617,54743220,3548,16391
2434,9,40,16,9,55605720,3617,54743220,3548,16400
2435,7,39,17,8,55623660,3617,54781140,3550,16407
2436,14,40,21,4,55626120,3617,54841080,3552,16421
2437,13,40,17,8,55641540,3617,54841080,3552,16434
2438,9,38,22,3,55668240,3618,54975960,3559,16443
2439,6,39,18,7,55690200,3618,54980400,3559,16449
2440,7,33,25,0,55718880,3619,55253280,3575,16456
2441,14,34,25,0,55754160,3618,55405320,3582,16470
2442,10,40,20,5,55781940,3618,55408500,3580,16480
2443,5,38,16,9,55819500,3619,55418400,3580,16485
2444,4,37,20,5,55823820,3619,55437060,3581,16489
2445,4,33,22,3,55848240,3619,55491120,3583,16493
2446,5,37,17,8,55868700,3619,55491720,3583,16498
2447,3,39,17,8,55876860,3619,55493460,3582,16501
2448,3,35,20,5,55896480,3620,55601640,3588,16504
2449,4,27,24,1,55920540,3619,56005740,3613,16508
2450,3,0,20,5,55954320,3614,57402360,3702,16511
2451,5,0,18,7,55972200,3613,57402360,3701,16516
2452,7,1,22,3,55984800,3614,57402480,3700,16523
2453,7,5,19,6,56004720,3613,57403920,3698,16530
2454,5,10,17,8,56014740,3614,57403920,3698,16535
2455,9,6,25,0,56042880,3614,57447300,3697,16544
2456,9,10,20,5,56065560,3613,57449820,3696,16553
2457,9,17,17,8,56093220,3614,57453960,3694,16562
2458,6,22,17,8,56101320,3614,57455640,3692,16568
2459,8,28,17,8,56114880,3615,57461280,3691,16576
2460,6,34,17,8,56114880,3615,57461280,3691,16582
2461,12,40,17,8,56136360,3615,57479760,3689,16594
2462,11,40,16,9,56141040,3615,57479760,3689,16605
2463,8,39,20,5,56148780,3616,57520080,3690,16613
2464,5,37,25,0,56159880,3616,57594480,3694,16618
2465,10,30,25,0,56217420,3616,57865440,3709,16628
2466,8,33,17,8,56252580,3615,57890700,3709,16636
2467,5,36,17,8,56261400,3616,57893580,3708,16641
2468,5,40,16,9,56275740,3616,57895260,3708,16646
2469,8,40,17,8,56283840,3616,57903360,3707,16654
2470,7,39,17,8,56297400,3617,57912000,3707,16661
2471,6,38,22,3,56304720,3617,57976920,3710,16667
2472,4,37,22,3,56327700,3617,58034520,3713,16671
2473,2,33,20,5,56366220,3618,58183980,3722,16673
2474,2,32,20,5,56383140,3618,58217400,3723,16675
2475,5,19,25,0,56415720,3617,58980480,3771,16680
2476,4,0,20,5,56455740,3613,59826840,3824,16684
2477,4,0,18,7,56469840,3613,59827380,3823,16688
2478,5,0,20,5,56477160,3612,59827380,3822,16693
2479,8,0,21,4,56488020,3611,59827380,3820,16701
2480,7,6,16,9,56523660,3612,59828100,3819,16708
2481,3,8,16,9,56530500,3613,59830680,3818,16711
2482,12,17,17,8,56544120,3613,59840400,3816,16723
2483,4,20,16,9,56552940,3613,59843400,3815,16727
2484,15,34,16,9,56558400,3613,59849700,3815,16742
2485,4,38,16,9,56558400,3613,59849700,3815,16746
2486,6,40,17,8,56574360,3614,59873760,3811,16752
2487,7,40,16,9,56579280,3614,59873760,3811,16759
2488,8,40,16,9,56593680,3614,59890860,3812,16767
2489,7,40,15,10,56597820,3614,59890860,3812,16774
2490,12,40,15,10,56597820,3614,59890860,3812,16786
2491,7,40,18,7,56606820,3615,59953560,3815,16793
2492,9,40,16,9,56616720,3615,59953560,3815,16802
2493,7,40,16,9,56632500,3615,59959500,3814,16809
2494,6,40,15,10,56638800,3616,59959500,3814,16815
2495,4,40,15,10,56638800,3616,59959500,3814,16819
2496,8,39,22,3,56649660,3616,60193920,3827,16827
2497,7,40,23,2,56653740,3616,60315360,3835,16834
2498,5,40,15,10,56700360,3617,60315360,3835,16839
2499,11,40,15,10,56700360,3617,60315360,3835,16850
2500,9,39,18,7,56715840,3618,60400620,3839,16859
2501,7,40,17,8,56724780,3618,60400620,3839,16866
2502,9,40,19,6,56737140,3618,60544680,3847,16875
2503,7,40,18,7,56744940,3619,60544680,3847,16882
2504,9,40,15,10,56763480,3619,60544680,3847,16891
2505,9,40,15,10,56763480,3619,60544680,3847,16900
2506,12,40,19,6,56776260,3620,60793980,3862,16912
2507,2,40,16,9,56788140,3620,60793980,3862,16914
2508,4,40,15,10,56796060,3620,60793980,3862,16918
2509,9,40,18,7,56806860,3621,60836100,3863,16927
2510,4,40,17,8,56810460,3621,60836100,3863,16931
2511,9,38,17,8,56834940,3621,60980040,3872,16940
2512,9,36,25,0,56842680,3621,61474980,3901,16949
2513,11,36,25,0,56878500,3621,61828320,3921,16960
2514,9,36,23,2,56917740,3621,62072100,3934,16969
2515,9,40,18,7,56938020,3621,62072100,3934,16978
2516,1,39,15,10,56967720,3622,62078880,3933,16979
2517,6,40,16,9,56967720,3622,62086560,3934,16985
2518,11,40,16,9,56967720,3622,62086560,3934,16996
2519,3,39,15,10,56987400,3623,62102640,3934,16999
2520,7,40,17,8,56987400,3623,62122020,3935,17006
2521,2,40,16,9,56991240,3623,62122020,3935,17008
2522,6,40,18,7,56998620,3623,62212140,3940,17014
2523,5,40,19,6,57014340,3623,62292660,3944,17019
2524,8,40,17,8,57034320,3623,62298960,3944,17027
2525,9,38,18,7,57048420,3624,62455320,3953,17036
2526,8,35,25,0,57061020,3624,63172320,3997,17044
2527,9,36,24,1,57087600,3623,63490860,4015,17053
2528,9,40,17,8,57123840,3624,63491580,4014,17062
2529,7,40,17,8,57136680,3624,63502740,4014,17069
2530,4,39,20,5,57145200,3625,63520440,4014,17073
2531,12,39,25,0,57173400,3625,63563040,4014,17085
2532,11,40,19,6,57211680,3625,63568740,4013,17096
2533,5,28,23,2,57239460,3623,64510260,4071,17101
2534,11,36,18,7,57261720,3623,64511940,4068,17112
2535,6,40,16,9,57275340,3623,64511940,4068,17118
2536,14,40,16,9,57281220,3624,64515780,4067,17132
2537,8,40,20,5,57294120,3624,64546320,4067,17140
2538,8,40,18,7,57300540,3624,64546320,4067,17148
2539,4,35,20,5,57329040,3624,64603680,4070,17152
2540,4,29,24,1,57348660,3624,64795980,4081,17156
2541,3,1,25,0,57388380,3620,67915800,4277,17159
2542,7,1,19,6,57407760,3618,67954200,4278,17166
2543,4,0,21,4,57425280,3619,67956240,4277,17170
2544,2,0,17,8,57452040,3619,67956240,4276,17172
2545,3,2,16,9,57465300,3619,67956720,4276,17175
2546,8,9,16,9,57471900,3620,67962060,4274,17183
2547,2,8,18,7,57478080,3620,67970520,4274,17185
2548,2,6,20,5,57489240,3620,67987980,4274,17187
2549,4,0,17,8,57516660,3619,68034780,4276,17191
2550,5,0,19,6,57529140,3619,68034780,4275,17196
2551,7,1,22,3,57534300,3618,68034780,4273,17203
2552,9,8,18,7,57558660,3619,68038140,4271,17212
2553,7,13,17,8,57581220,3619,68045520,4270,17219
2554,8,21,17,8,57581220,3619,68045520,4270,17227
2555,6,26,17,8,57588060,3620,68058180,4267,17233
2556,14,38,17,8,57608280,3620,68071260,4266,17247
2557,9,40,16,9,57615420,3621,68071260,4266,17256
2558,6,39,17,8,57624840,3621,68092440,4264,17262
2559,5,39,17,8,57638220,3621,68116380,4265,17267
2560,3,35,20,5,57653400,3621,68246220,4272,17270
2561,5,34,25,0,57659340,3622,68346120,4277,17275
2562,5,29,25,0,57705300,3622,68530260,4287,17280
2563,8,24,24,1,57748980,3622,68755140,4299,17288
2564,7,24,23,2,57777660,3622,68800080,4300,17295
2565,9,32,19,6,57799740,3622,68801460,4298,17304
2566,6,34,19,6,57825120,3623,68809320,4297,17310
2567,3,33,22,3,57828120,3623,68876580,4300,17313
2568,4,20,25,0,57872580,3622,69204900,4319,17317
2569,6,0,18,7,57919500,3618,69774840,4353,17323
2570,4,3,16,9,57924540,3617,69775680,4353,17327
2571,4,7,16,9,57924540,3617,69775680,4353,17331
2572,1,6,17,8,57930540,3617,69787920,4352,17332
2573,4,6,19,6,57952200,3618,69800400,4351,17336
2574,2,4,21,4,57962700,3619,69821340,4352,17338
2575,7,0,22,3,57985680,3618,69863820,4353,17345
2576,4,0,17,8,58020900,3618,69863820,4352,17349
2577,8,3,19,6,58035840,3618,69865560,4350,17357
2578,9,11,17,8,58053240,3619,69865680,4348,17366
2579,7,18,16,9,58059300,3619,69865680,4348,17373
2580,9,26,16,9,58069560,3619,69867120,4344,17382
2581,6,32,16,9,58069560,3619,69867120,4344,17388
2582,6,37,16,9,58084440,3620,69884220,4341,17394
2583,12,40,17,8,58094040,3620,69900300,4341,17406
2584,6,39,16,9,58104900,3620,69921960,4342,17412
2585,13,40,17,8,58111740,3621,69947160,4343,17425
2586,7,40,17,8,58124220,3621,69993120,4345,17432
2587,6,40,16,9,58131780,3621,69993120,4345,17438
2588,7,40,17,8,58136400,3621,70028700,4347,17445
2589,8,39,18,7,58149840,3622,70065840,4348,17453
2590,4,38,22,3,58158480,3622,70218000,4357,17457
2591,6,31,25,0,58202880,3622,70564020,4377,17463
2592,2,22,25,0,58238160,3622,70966320,4401,17465
2593,3,11,23,2,58281300,3621,71285340,4420,17468
2594,7,0,21,4,58304880,3618,71694420,4443,17475
2595,5,0,21,4,58327860,3619,71694420,4442,17480
2596,7,0,23,2,58344120,3618,71694420,4440,17487
2597,5,0,16,9,58384860,3618,71694420,4439,17492
2598,0,0,14,11,58397100,3619,71694420,4439,17492
2599,4,0,17,8,58397760,3618,71694420,4438,17496
2600,12,2,23,2,58402800,3618,71694420,4435,17508
2601,8,9,19,6,58415280,3617,71695260,4434,17516
2602,9,17,16,9,58445820,3618,71699940,4432,17525
2603,8,23,17,8,58453680,3619,71710740,4430,17533
2604,13,34,17,8,58467240,3619,71722200,4427,17546
2605,10,40,16,9,58476060,3619,71722200,4427,17556
2606,12,40,16,9,58476060,3619,71722200,4427,17568
2607,6,40,16,9,58494960,3620,71738520,4425,17574
2608,8,40,16,9,58500240,3620,71760540,4426,17582
2609,8,40,15,10,58508280,3621,71760540,4426,17590
2610,9,40,15,10,58508280,3621,71760540,4426,17599
2611,5,40,16,9,58518000,3621,71795400,4427,17604
2612,3,40,16,9,58518000,3621,71795400,4427,17607
2613,5,39,16,9,58527120,3621,71803920,4428,17612
2614,7,38,23,2,58535700,3622,72078960,4443,17619
2615,5,35,25,0,58563900,3622,72287760,4454,17624
2616,5,32,25,0,58596420,3622,72544200,4469,17629
2617,6,25,25,0,58648680,3622,72942240,4492,17635
2618,5,14,25,0,58676040,3621,73423620,4520,17640
2619,6,9,18,7,58715040,3619,73700460,4536,17646
2620,8,10,21,4,58738200,3620,73714680,4534,17654
2621,5,12,19,6,58753500,3619,73716720,4533,17659
2622,0,12,15,10,58779240,3620,73716720,4533,17659
2623,3,14,16,9,58779240,3620,73722420,4533,17662
2624,5,18,16,9,58788960,3620,73724760,4532,17667
2625,7,25,16,9,58788960,3620,73724760,4532,17674
2626,1,26,15,10,58797480,3621,73724760,4532,17675
2627,10,35,16,9,58797480,3621,73726500,4528,17685
2628,5,39,16,9,58813800,3621,73730340,4526,17690
2629,8,40,15,10,58821660,3622,73730340,4526,17698
2630,5,40,15,10,58821660,3622,73730340,4526,17703
2631,11,40,16,9,58833120,3622,73761420,4526,17714
2632,9,40,16,9,58833120,3622,73761420,4526,17723
2633,9,40,16,9,58849680,3623,73791360,4527,17732
2634,5,40,16,9,58849680,3623,73791360,4527,17737
2635,3,40,16,9,58849680,3623,73791360,4527,17740
2636,6,40,17,8,58869060,3624,73891320,4533,17746
2637,3,40,17,8,58869060,3624,73891320,4533,17749
2638,10,39,17,8,58887480,3624,73990740,4538,17759
2639,3,40,17,8,58887480,3624,73990740,4538,17762
2640,3,38,17,8,58905780,3624,74089500,4543,17765
2641,6,40,20,5,58911960,3625,74204340,4549,17771
2642,5,39,18,7,58932600,3625,74264640,4552,17776
2643,4,36,22,3,58952040,3626,74580660,4571,17780
2644,4,29,25,0,58979340,3625,74983320,4594,17784
2645,5,10,25,0,59027760,3623,76132800,4663,17789
2646,8,0,22,3,59058120,3620,76772700,4700,17797
2647,6,2,18,7,59084220,3620,76773600,4699,17803
2648,2,2,17,8,59101500,3620,76777800,4698,17805
2649,9,10,17,8,59109240,3621,76780020,4696,17814
2650,9,19,17,8,59109240,3621,76780020,4696,17823
2651,3,19,17,8,59132040,3621,76797420,4693,17826
2652,11,30,17,8,59132040,3621,76797420,4693,17837
2653,6,33,17,8,59156160,3622,76829400,4690,17843
2654,13,40,17,8,59156160,3622,76829400,4690,17856
2655,9,39,17,8,59171160,3623,76858080,4690,17865
2656,4,40,16,9,59181600,3623,76858080,4690,17869
2657,12,40,16,9,59181600,3623,76858080,4690,17881
2658,5,38,19,6,59197740,3624,76943820,4694,17886
2659,5,37,24,1,59201820,3624,77090880,4701,17891
2660,4,38,22,3,59227080,3624,77156700,4705,17895
2661,5,40,17,8,59282640,3626,77161980,4703,17900
2662,9,40,17,8,59282640,3626,77161980,4703,17909
2663,5,38,22,3,59295960,3626,77248980,4707,17914
2664,4,30,25,0,59331900,3626,77519580,4722,17918
2665,3,25,19,6,59376420,3626,77784480,4738,17921
2666,4,12,23,2,59408040,3625,78333120,4770,17925
2667,2,0,14,11,59436540,3622,78815460,4799,17927
2668,5,0,17,8,59440560,3621,78815460,4797,17932
2669,3,0,16,9,59449740,3621,78815460,4796,17935
2670,1,0,16,9,59453880,3621,78815460,4796,17936
2671,4,0,17,8,59460240,3621,78815460,4795,17940
2672,6,0,20,5,59471640,3621,78815700,4793,17946
2673,11,7,18,7,59485260,3620,78815940,4792,17957
2674,8,14,16,9,59499360,3621,78817800,4789,17965
2675,9,22,16,9,59505240,3621,78824820,4785,17974
2676,7,27,17,8,59516160,3621,78833760,4785,17981
2677,15,40,17,8,59516160,3621,78833760,4785,17996
2678,5,39,16,9,59534040,3622,78842220,4781,18001
2679,9,40,16,9,59544900,3622,78850860,4781,18010
2680,9,39,17,8,59551140,3622,78877140,4782,18019
2681,9,40,24,1,59559120,3623,78991920,4787,18028
2682,12,37,25,0,59594280,3623,79040040,4787,18040
2683,12,39,25,0,59632680,3623,79104600,4788,18052
2684,8,40,20,5,59672520,3624,79117320,4788,18060
2685,5,39,15,10,59701920,3624,79124760,4788,18065
2686,2,40,16,9,59701920,3624,79131840,4788,18067
2687,4,39,16,9,59707920,3624,79137840,4788,18071

