Hour,Arrivals,Waiting,Treating,Available Rooms,Total Treatment Time,Average Treatment Time,Total Wait Time,Average Wait Time,Total Arrivals
1,5,0,4,21,900,900,0,0,5
2,7,0,5,20,14280,2040,0,0,12
3,5,0,7,18,30420,3042,0,0,17
4,12,0,13,12,42120,2632,0,0,29
5,10,0,14,11,74400,2976,0,0,39
6,7,0,7,18,135900,3484,0,0,46
7,7,0,6,19,177360,3773,0,0,53
8,8,0,7,18,206040,3815,0,0,61
9,12,0,12,13,234000,3836,0,0,73
10,10,0,11,14,261600,3633,0,0,83
11,8,0,8,17,316380,3811,0,0,91
12,6,0,6,19,348300,3827,0,0,97
13,9,0,8,17,374220,3818,0,0,106
14,11,0,10,15,404760,3782,0,0,117
15,14,0,18,7,429300,3799,0,0,131
16,12,0,18,7,479880,3839,0,0,143
17,9,0,10,15,562200,3959,0,0,152
18,5,0,8,17,583980,3919,0,0,157
19,11,0,11,14,616380,3925,0,0,168
20,6,0,5,20,669900,3963,0,0,174
21,6,0,7,18,688680,3980,0,0,180
22,6,0,6,19,707280,3929,0,0,186
23,0,0,5,20,712980,3939,0,0,186
24,5,0,6,19,733680,3965,0,0,191
25,4,0,5,20,752040,3958,0,0,195
26,3,0,4,21,774480,3992,0,0,198
27,0,0,0,25,796080,4020,0,0,198
28,1,0,1,24,796080,4020,0,0,199
29,5,0,4,21,798120,3990,0,0,204
30,6,0,5,20,817020,3985,0,0,210
31,6,0,6,19,833760,3970,0,0,216
32,12,0,10,15,846780,3884,0,0,228
33,11,0,15,10,864420,3859,0,0,239
34,11,0,15,10,921360,3920,4320,17,250
35,9,0,12,13,981600,3974,4320,16,259
36,12,0,12,13,1021980,3945,4320,15,271
37,16,0,11,14,1075020,3895,4320,15,287
38,13,0,17,8,1111680,3928,4320,14,300
39,12,0,15,10,1148160,3865,5100,16,312
40,10,0,14,11,1206480,3917,5100,15,322
41,6,0,8,17,1261440,3942,5100,15,328
42,9,0,9,16,1292280,3939,5100,15,337
43,11,0,11,14,1315560,3903,5100,14,348
44,10,0,9,16,1358760,3893,5100,14,358
45,5,0,5,20,1401420,3914,5100,14,363
46,8,0,7,18,1419120,3898,5100,13,371
47,3,0,3,22,1446540,3899,5100,13,374
48,11,0,11,14,1456380,3894,5100,13,385
49,5,0,8,17,1482000,3879,5100,13,390
50,7,0,6,19,1525440,3901,5100,12,397
51,2,0,2,23,1547700,3898,5100,12,399
52,1,0,2,23,1554120,3904,5100,12,400
53,8,0,4,21,1573560,3894,5100,12,408
54,11,0,8,17,1584180,3854,5100,12,419
55,8,0,6,19,1612080,3829,5100,11,427
56,10,0,10,15,1630500,3818,5100,11,437
57,15,0,15,10,1657620,3793,5100,11,452
58,13,0,12,13,1714980,3785,5100,10,465
59,13,0,13,12,1758180,3781,5100,10,478
60,14,0,13,12,1796160,3749,5100,10,492
61,8,0,9,16,1842840,3753,5100,10,500
62,10,0,6,19,1897620,3765,5100,10,510
63,11,0,9,16,1920600,3751,5100,9,521
64,11,0,10,15,1956240,3747,5100,9,532
65,7,0,10,15,1980840,3744,5100,9,539
66,8,0,8,17,2027820,3762,5100,9,547
67,8,0,10,15,2058000,3776,5100,9,555
68,15,0,12,13,2100240,3763,5100,8,570
69,12,0,16,9,2121300,3747,5100,8,582
70,3,0,6,19,2167500,3743,5100,8,585
71,7,0,6,19,2193480,3743,5100,8,592
72,12,0,10,15,2221500,3739,5100,8,604
73,1,0,2,23,2256540,3742,5100,8,605
74,5,0,5,20,2259840,3735,5100,8,610
75,6,0,6,19,2284080,3744,5100,8,616
76,5,0,5,20,2307180,3745,5100,8,621
77,2,0,3,22,2325420,3750,5100,8,623
78,18,0,14,11,2345400,3740,5100,7,641
79,11,0,9,16,2379540,3700,5100,7,652
80,3,0,5,20,2406120,3701,5100,7,655
81,10,0,10,15,2418120,3691,5100,7,665
82,11,0,10,15,2455080,3686,5100,7,676
83,12,0,9,16,2493960,3672,5100,7,688
84,7,0,9,16,2520480,3674,5100,7,695
85,8,0,11,14,2540460,3671,5100,7,703
86,17,0,16,9,2583240,3669,5100,7,720
87,13,0,19,6,2640780,3698,5100,6,733
88,11,0,15,10,2712000,3720,5100,6,744
89,2,0,6,19,2752440,3719,5100,6,746
90,10,0,9,16,2796720,3743,5100,6,756
91,7,0,10,15,2811840,3734,5100,6,763
92,9,0,7,18,2854260,3731,5100,6,772
93,5,0,3,22,2891520,3735,5100,6,777
94,8,0,8,17,2900220,3732,5100,6,785
95,9,0,9,16,2920920,3720,5100,6,794
96,3,0,3,22,2963220,3732,5100,6,797
97,4,0,2,23,2975760,3724,5100,6,801
98,6,0,6,19,2981520,3722,5100,6,807
99,9,0,11,14,2990760,3715,5100,6,816
100,11,0,12,13,3028800,3716,5100,6,827
101,6,0,6,19,3083940,3729,5100,6,833
102,15,0,11,14,3105180,3709,5100,6,848
103,13,0,14,11,3139500,3706,5100,5,861
104,7,0,7,18,3192000,3707,5100,5,868
105,6,0,11,14,3202200,3710,5100,5,874
106,11,0,11,14,3238980,3705,5100,5,885
107,9,0,12,13,3286920,3726,5100,5,894
108,11,0,11,14,3337380,3733,5100,5,905
109,11,0,13,12,3363480,3724,5100,5,916
110,9,0,8,17,3412200,3721,5100,5,925
111,13,0,12,13,3439980,3714,5100,5,938
112,10,0,6,19,3494820,3710,5100,5,948
113,10,0,11,14,3514140,3710,5100,5,958
114,8,0,14,11,3536040,3714,5100,5,966
115,11,0,10,15,3600240,3723,5100,5,977
116,7,0,9,16,3628860,3721,5100,5,984
117,5,0,8,17,3657960,3728,5100,5,989
118,5,0,4,21,3704880,3742,5100,5,994
119,7,0,5,20,3719460,3734,5100,5,1001
120,6,0,2,23,3738420,3719,5100,5,1007
121,6,0,5,20,3743040,3713,5100,5,1013
122,5,0,3,22,3761640,3706,5100,5,1018
123,8,0,6,19,3772440,3698,5100,4,1026
124,3,0,4,21,3793740,3701,5100,4,1029
125,8,0,6,19,3814140,3699,5100,4,1037
126,4,0,6,19,3830040,3700,5100,4,1041
127,8,0,8,17,3847320,3695,5100,4,1049
128,7,0,7,18,3877080,3695,5100,4,1056
129,6,0,5,20,3910020,3699,5100,4,1062
130,7,0,8,17,3927120,3701,5100,4,1069
131,12,0,15,10,3943200,3699,5100,4,1081
132,14,0,14,11,3999240,3699,5100,4,1095
133,15,0,19,6,4030560,3694,5100,4,1110
134,16,0,13,12,4132140,3712,5100,4,1126
135,9,0,6,19,4185900,3707,5100,4,1135
136,9,0,8,17,4209240,3705,5100,4,1144
137,14,0,13,12,4243980,3706,5100,4,1158
138,6,0,7,18,4286580,3704,5100,4,1164
139,7,0,8,17,4309920,3705,5100,4,1171
140,7,0,8,17,4341420,3710,5100,4,1178
141,5,0,7,18,4364940,3711,5100,4,1183
142,3,0,5,20,4390320,3717,5100,4,1186
143,2,0,2,23,4413360,3721,5100,4,1188
144,5,0,7,18,4413360,3721,5100,4,1193
145,6,0,7,18,4437180,3722,5100,4,1199
146,7,0,7,18,4463520,3722,5100,4,1206
147,6,0,6,19,4486020,3719,5100,4,1212
148,8,0,7,18,4511220,3719,5100,4,1220
149,2,0,2,23,4543860,3724,5100,4,1222
150,3,0,3,22,4552140,3725,5100,4,1225
151,10,0,11,14,4553520,3720,5100,4,1235
152,10,0,10,15,4584360,3712,5100,4,1245
153,9,0,9,16,4629060,3718,5100,4,1254
154,9,0,13,12,4647120,3717,5100,4,1263
155,10,0,13,12,4684560,3717,5100,4,1273
156,12,0,12,13,4748880,3730,5100,3,1285
157,11,0,11,14,4790880,3728,5100,3,1296
158,9,0,11,14,4827180,3730,5100,3,1305
159,17,0,18,7,4864800,3730,5100,3,1322
160,16,0,20,5,4906980,3723,5100,3,1338
161,16,0,13,12,4984740,3717,5100,3,1354
162,14,0,15,10,5034240,3720,5100,3,1368
163,11,0,11,14,5093340,3723,5100,3,1379
164,5,0,7,18,5129580,3725,5100,3,1384
165,6,0,4,21,5162520,3724,5100,3,1390
166,7,0,6,19,5168760,3715,5100,3,1397
167,7,0,6,19,5194800,3715,5100,3,1404
168,4,0,3,22,5213100,3710,5100,3,1408
169,5,0,4,21,5234880,3715,5100,3,1413
170,7,0,6,19,5242440,3707,5100,3,1420
171,11,0,7,18,5268600,3699,5100,3,1431
172,6,0,7,18,5294700,3702,5100,3,1437
173,4,0,4,21,5325120,3705,5100,3,1441
174,6,0,6,19,5340600,3706,5100,3,1447
175,7,0,5,20,5358720,3698,5100,3,1454
176,8,0,8,17,5372520,3694,5100,3,1462
177,12,0,11,14,5399820,3690,5100,3,1474
178,5,0,7,18,5440920,3696,5100,3,1479
179,5,0,5,20,5465700,3695,5100,3,1484
180,11,0,11,14,5479080,3692,5100,3,1495
181,8,0,7,18,5511480,3684,5100,3,1503
182,19,0,16,9,5536860,3676,5100,3,1522
183,8,0,2,23,5606940,3669,5100,3,1530
184,6,0,4,21,5614500,3664,5100,3,1536
185,10,0,6,19,5640300,3662,5100,3,1546
186,11,0,6,19,5658600,3648,5100,3,1557
187,7,0,8,17,5682060,3651,5100,3,1564
188,3,0,3,22,5708880,3650,5100,3,1567
189,8,0,6,19,5722620,3647,5100,3,1575
190,6,0,10,15,5728980,3646,5100,3,1581
191,8,0,5,20,5772480,3644,5100,3,1589
192,5,0,8,17,5779200,3643,5100,3,1594
193,5,0,4,21,5827620,3653,5100,3,1599
194,6,0,4,21,5838180,3646,5100,3,1605
195,9,0,3,22,5862000,3638,5100,3,1614
196,6,0,4,21,5874960,3635,5100,3,1620
197,9,0,4,21,5892000,3625,5100,3,1629
198,6,0,3,22,5908920,3620,5100,3,1635
199,10,0,7,18,5930820,3620,5100,3,1645
200,5,0,7,18,5941620,3616,5100,3,1650
201,6,0,8,17,5962740,3618,5100,3,1656
202,9,0,6,19,5997120,3614,5100,3,1665
203,6,0,5,20,6017760,3612,5100,3,1671
204,7,0,7,18,6032520,3610,5100,3,1678
205,5,0,7,18,6043860,3606,5100,3,1683
206,8,0,7,18,6082020,3611,5100,3,1691
207,10,0,10,15,6106860,3611,5100,2,1701
208,17,0,16,9,6144360,3610,5100,2,1718
209,7,0,13,12,6180840,3610,5100,2,1725
210,12,0,13,12,6244080,3621,5100,2,1737
211,8,0,14,11,6280140,3628,5100,2,1745
212,9,0,12,13,6331980,3634,5100,2,1754
213,4,0,4,21,6375960,3635,5100,2,1758
214,7,0,5,20,6398700,3635,5100,2,1765
215,7,0,5,20,6422040,3634,5100,2,1772
216,7,0,9,16,6431580,3633,5100,2,1779
217,5,0,4,21,6468060,3633,5100,2,1784
218,7,0,8,17,6478440,3633,5100,2,1791
219,4,0,8,17,6498840,3636,5100,2,1795
220,7,0,6,19,6529920,3635,5100,2,1802
221,6,0,7,18,6546120,3634,5100,2,1808
222,9,0,7,18,6586020,3638,5100,2,1817
223,7,0,7,18,6595020,3629,5100,2,1824
224,13,0,13,12,6613140,3625,5100,2,1837
225,10,0,13,12,6646740,3624,5100,2,1847
226,7,0,8,17,6702600,3630,5100,2,1854
227,10,0,10,15,6726000,3627,5100,2,1864
228,6,0,7,18,6761940,3629,5100,2,1870
229,10,0,10,15,6787980,3629,5100,2,1880
230,11,0,11,14,6824100,3629,5100,2,1891
231,11,0,13,12,6853860,3628,5100,2,1902
232,9,0,15,10,6893700,3635,5100,2,1911
233,14,0,13,12,6953580,3636,5100,2,1925
234,9,0,11,14,6997920,3639,5100,2,1934
235,7,0,8,17,7041660,3642,5100,2,1941
236,10,0,8,17,7069920,3638,5100,2,1951
237,7,0,6,19,7104960,3639,5100,2,1958
238,4,0,5,20,7127640,3642,5100,2,1962
239,3,0,5,20,7141500,3643,5100,2,1965
240,5,0,4,21,7161240,3642,5100,2,1970
241,2,0,3,22,7168260,3640,5100,2,1972
242,7,0,5,20,7182540,3638,5100,2,1979
243,6,0,6,19,7199580,3637,5100,2,1985
244,6,0,3,22,7226400,3635,5100,2,1991
245,8,0,5,20,7240500,3631,5100,2,1999
246,6,0,4,21,7258140,3627,5100,2,2005
247,3,0,3,22,7269660,3625,5100,2,2008
248,11,0,9,16,7281660,3622,5100,2,2019
249,9,0,9,16,7306020,3618,5100,2,2028
250,8,0,10,15,7335900,3620,5100,2,2036
251,10,0,10,15,7377000,3623,5100,2,2046
252,12,0,14,11,7404540,3622,5100,2,2058
253,12,0,9,16,7457580,3618,5100,2,2070
254,10,0,11,14,7504140,3626,5100,2,2080
255,6,0,9,16,7533600,3627,5100,2,2086
256,9,0,10,15,7562820,3627,5100,2,2095
257,4,0,6,19,7606860,3634,5100,2,2099
258,7,0,7,18,7641660,3640,5100,2,2106
259,14,0,12,13,7661280,3634,5100,2,2120
260,6,0,10,15,7691880,3635,5100,2,2126
261,9,0,8,17,7745340,3641,5100,2,2135
262,5,0,5,20,7777320,3642,5100,2,2140
263,4,0,3,22,7801500,3643,5100,2,2144
264,5,0,3,22,7805160,3637,5100,2,2149
265,3,0,2,23,7819740,3637,5100,2,2152
266,11,0,9,16,7823220,3631,5100,2,2163
267,4,0,6,19,7852920,3633,5100,2,2167
268,8,0,8,17,7879620,3636,5100,2,2175
269,8,0,9,16,7913700,3640,5100,2,2183
270,7,0,8,17,7942740,3640,5100,2,2190
271,9,0,10,15,7962780,3637,5100,2,2199
272,2,0,5,20,7994700,3640,5100,2,2201
273,10,0,11,14,8016540,3643,5100,2,2211
274,4,0,6,19,8047140,3642,5100,2,2215
275,10,0,8,17,8081640,3645,5100,2,2225
276,7,0,11,14,8097240,3645,5100,2,2232
277,14,0,15,10,8127000,3642,5100,2,2246
278,20,0,23,2,8182320,3647,5100,2,2266
279,6,0,8,17,8280900,3657,5100,2,2272
280,9,0,8,17,8300160,3651,5100,2,2281
281,10,0,8,17,8338440,3652,5100,2,2291
282,7,0,7,18,8362980,3650,5100,2,2298
283,7,0,7,18,8400060,3655,5100,2,2305
284,11,0,11,14,8426820,3655,5100,2,2316
285,6,0,6,19,8469540,3656,5100,2,2322
286,5,0,3,22,8513280,3663,5100,2,2327
287,6,0,6,19,8525160,3663,5100,2,2333
288,3,0,3,22,8542380,3661,5100,2,2336
289,3,0,2,23,8559900,3662,5100,2,2339
290,2,0,3,22,8562780,3662,5100,2,2341
291,8,0,4,21,8580180,3658,5100,2,2349
292,7,0,7,18,8587980,3656,5100,2,2356
293,5,0,6,19,8607720,3655,5100,2,2361
294,4,0,5,20,8626680,3655,5100,2,2365
295,12,0,7,18,8661480,3654,5100,2,2377
296,11,0,15,10,8666880,3652,5100,2,2388
297,9,0,14,11,8699160,3650,5100,2,2397
298,13,0,11,14,8770500,3655,5100,2,2410
299,11,0,8,17,8811780,3651,5100,2,2421
300,15,0,10,15,8847780,3647,5100,2,2436
301,13,0,13,12,8876220,3643,5100,2,2449
302,14,0,17,8,8912700,3643,5100,2,2463
303,9,0,11,14,8985240,3651,5100,2,2472
304,7,0,9,16,9026520,3654,5100,2,2479
305,13,0,7,18,9069600,3649,5100,2,2492
306,6,0,7,18,9092520,3650,5100,2,2498
307,9,0,8,17,9114300,3647,5100,2,2507
308,13,0,9,16,9150060,3643,5100,2,2520
309,10,0,10,15,9164700,3636,5100,2,2530
310,7,0,13,12,9180540,3637,5100,2,2537
311,13,0,9,16,9247320,3639,5100,2,2550
312,8,0,13,12,9262500,3639,5100,1,2558
313,3,0,5,20,9323940,3647,5100,1,2561
314,9,0,6,19,9355920,3648,5100,1,2570
315,5,0,7,18,9367140,3647,5100,1,2575
316,10,0,11,14,9402720,3652,5100,1,2585
317,8,0,9,16,9432600,3650,5100,1,2593
318,7,0,5,20,9471000,3649,5100,1,2600
319,9,0,9,16,9487020,3648,5100,1,2609
320,9,0,8,17,9520620,3647,5100,1,2618
321,3,0,5,20,9535860,3645,5100,1,2621
322,13,0,7,18,9577260,3645,5100,1,2634
323,12,0,10,15,9597600,3640,5100,1,2646
324,13,0,11,14,9628500,3636,5100,1,2659
325,10,0,9,16,9670320,3635,5100,1,2669
326,11,0,12,13,9701100,3636,5100,1,2680
327,9,0,10,15,9748140,3638,5100,1,2689
328,15,0,15,10,9791640,3641,5100,1,2704
329,11,0,11,14,9860880,3646,5100,1,2715
330,3,0,7,18,9890100,3648,5100,1,2718
331,10,0,9,16,9926700,3650,5100,1,2728
332,9,0,10,15,9951420,3649,5100,1,2737
333,6,0,7,18,9987240,3650,5100,1,2743
334,2,0,4,21,10011780,3652,5100,1,2745
335,5,0,3,22,10035480,3653,5100,1,2750
336,4,0,4,21,10046700,3653,5100,1,2754
337,1,0,3,22,10058580,3655,5100,1,2755
338,6,0,6,19,10072380,3656,5100,1,2761
339,5,0,4,21,10095660,3655,5100,1,2766
340,4,0,5,20,10110360,3656,5100,1,2770
341,7,0,7,18,10127460,3656,5100,1,2777
342,2,0,4,21,10148280,3657,5100,1,2779
343,9,0,9,16,10163220,3657,5100,1,2788
344,7,0,8,17,10183020,3653,5100,1,2795
345,7,0,10,15,10211160,3657,5100,1,2802
346,6,0,6,19,10257960,3660,5100,1,2808
347,8,0,6,19,10294560,3663,5100,1,2816
348,12,0,10,15,10317660,3661,5100,1,2828
349,12,0,15,10,10344900,3661,5100,1,2840
350,8,0,11,14,10385640,3660,5100,1,2848
351,12,0,10,15,10429800,3659,5100,1,2860
352,5,0,9,16,10450860,3659,5100,1,2865
353,10,0,7,18,10500780,3661,5100,1,2875
354,10,0,11,14,10512840,3657,5100,1,2885
355,11,0,13,12,10537260,3654,5100,1,2896
356,10,0,7,18,10600560,3656,5100,1,2906
357,10,0,14,11,10619760,3659,5100,1,2916
358,6,0,9,16,10660680,3659,5100,1,2922
359,2,0,5,20,10695600,3664,5100,1,2924
360,3,0,3,22,10719360,3665,5100,1,2927
361,13,0,12,13,10722000,3661,5100,1,2940
362,4,0,5,20,10770600,3664,5100,1,2944
363,2,0,1,24,10792020,3664,5100,1,2946
364,7,0,5,20,10797960,3662,5100,1,2953
365,6,0,6,19,10806420,3659,5100,1,2959
366,3,0,3,22,10832460,3660,5100,1,2962
367,5,0,5,20,10850580,3663,5100,1,2967
368,8,0,6,19,10867860,3660,5100,1,2975
369,13,0,12,13,10883940,3657,5100,1,2988
370,14,0,16,9,10911300,3654,5100,1,3002
371,9,0,10,15,10962360,3652,5100,1,3011
372,13,0,14,11,11006940,3656,5100,1,3024
373,7,0,7,18,11053320,3655,5100,1,3031
374,8,0,10,15,11074560,3656,5100,1,3039
375,14,0,16,9,11117520,3660,5100,1,3053
376,10,0,15,10,11161080,3661,5100,1,3063
377,8,0,10,15,11208180,3661,5100,1,3071
378,3,0,3,22,11257200,3665,5100,1,3074
379,6,0,6,19,11269500,3666,5100,1,3080
380,7,0,6,19,11287200,3663,5100,1,3087
381,7,0,7,18,11304300,3661,5100,1,3094
382,8,0,6,19,11335500,3661,5100,1,3102
383,4,0,4,21,11350560,3659,5100,1,3106
384,1,0,2,23,11361660,3659,5100,1,3107
385,8,0,5,20,11375100,3657,5100,1,3115
386,7,0,7,18,11386020,3655,5100,1,3122
387,8,0,9,16,11409060,3655,5100,1,3130
388,4,0,6,19,11439000,3656,5100,1,3134
389,5,0,6,19,11462880,3658,5100,1,3139
390,11,0,7,18,11501280,3659,5100,1,3150
391,9,0,9,16,11521920,3657,5100,1,3159
392,7,0,8,17,11546640,3656,5100,1,3166
393,11,0,7,18,11583300,3654,5100,1,3177
394,6,0,9,16,11596560,3653,5100,1,3183
395,13,0,11,14,11638620,3654,5100,1,3196
396,7,0,8,17,11674500,3653,5100,1,3203
397,12,0,10,15,11711640,3654,5100,1,3215
398,16,0,8,17,11751660,3646,5100,1,3231
399,9,0,8,17,11784720,3646,5100,1,3240
400,13,0,14,11,11798040,3642,5100,1,3253
401,8,0,11,14,11838180,3642,5100,1,3261
402,9,0,8,17,11868660,3638,5100,1,3270
403,9,0,9,16,11904300,3640,5100,1,3279
404,11,0,9,16,11939520,3638,5100,1,3290
405,6,0,6,19,11980080,3641,5100,1,3296
406,4,0,8,17,11984460,3640,5100,1,3300
407,7,0,7,18,12019440,3642,5100,1,3307
408,5,0,5,20,12048000,3643,5100,1,3312
409,5,0,5,20,12061380,3641,5100,1,3317
410,5,0,4,21,12078060,3640,5100,1,3322
411,4,0,4,21,12091380,3639,5100,1,3326
412,5,0,5,20,12105480,3639,5100,1,3331
413,5,0,7,18,12114060,3638,5100,1,3336
414,3,0,5,20,12144480,3642,5100,1,3339
415,6,0,5,20,12162300,3641,5100,1,3345
416,8,0,6,19,12188580,3641,5100,1,3353
417,8,0,9,16,12206160,3641,5100,1,3361
418,12,0,12,13,12230160,3638,5100,1,3373
419,6,0,7,18,12268140,3638,5100,1,3379
420,7,0,6,19,12294420,3637,5100,1,3386
421,15,0,13,12,12318780,3636,5100,1,3401
422,8,0,10,15,12350460,3633,5100,1,3409
423,8,0,11,14,12382140,3635,5100,1,3417
424,9,0,10,15,12422280,3636,5100,1,3426
425,8,0,9,16,12466440,3639,5100,1,3434
426,3,0,4,21,12500580,3641,5100,1,3437
427,8,0,8,17,12512100,3640,5100,1,3445
428,13,0,11,14,12544740,3639,5100,1,3458
429,4,0,8,17,12574800,3640,5100,1,3462
430,10,0,10,15,12604440,3640,5100,1,3472
431,6,0,7,18,12642180,3642,5100,1,3478
432,3,0,4,21,12670920,3644,5100,1,3481
433,5,0,6,19,12677880,3643,5100,1,3486
434,7,0,5,20,12715860,3645,5100,1,3493
435,5,0,4,21,12735480,3644,5100,1,3498
436,4,0,5,20,12743700,3644,5100,1,3502
437,12,0,9,16,12769140,3643,5100,1,3514
438,5,0,6,19,12790140,3640,5100,1,3519
439,7,0,6,19,12818820,3641,5100,1,3526
440,6,0,7,18,12836040,3641,5100,1,3532
441,5,0,7,18,12854700,3641,5100,1,3537
442,8,0,7,18,12883200,3641,5100,1,3545
443,8,0,9,16,12914040,3643,5100,1,3553
444,18,0,20,5,12931320,3641,5100,1,3571
445,14,0,14,11,12998940,3640,5100,1,3585
446,7,0,10,15,13042860,3641,5100,1,3592
447,12,0,10,15,13076580,3638,5100,1,3604
448,13,0,11,14,13136580,3642,5100,1,3617
449,17,0,18,7,13170960,3642,5100,1,3634
450,6,0,10,15,13223100,3642,5100,1,3640
451,6,0,7,18,13267200,3645,5100,1,3646
452,9,0,8,17,13302780,3647,5100,1,3655
453,7,0,7,18,13326600,3646,5100,1,3662
454,5,0,4,21,13352640,3645,5100,1,3667
455,9,0,10,15,13366500,3646,5100,1,3676
456,7,0,5,20,13401120,3643,5100,1,3683
457,6,0,6,19,13412880,3641,5100,1,3689
458,6,0,6,19,13428540,3640,5100,1,3695
459,7,0,6,19,13456680,3640,5100,1,3702
460,10,0,10,15,13478700,3640,5100,1,3712
461,9,0,12,13,13496880,3638,5100,1,3721
462,7,0,9,16,13535940,3639,5100,1,3728
463,0,0,4,21,13572540,3644,5100,1,3728
464,7,0,6,19,13600740,3647,5100,1,3735
465,10,0,10,15,13620060,3646,5100,1,3745
466,5,0,7,18,13643700,3645,5100,1,3750
467,9,0,8,17,13681800,3647,5100,1,3759
468,12,0,9,16,13708860,3644,5100,1,3771
469,7,0,7,18,13742640,3644,5100,1,3778
470,11,0,9,16,13770780,3643,5100,1,3789
471,9,0,11,14,13792980,3642,5100,1,3798
472,10,0,7,18,13842840,3641,5100,1,3808
473,8,0,4,21,13877280,3640,5100,1,3816
474,10,0,10,15,13886100,3638,5100,1,3826
475,6,0,8,17,13913280,3638,5100,1,3832
476,5,0,7,18,13938240,3639,5100,1,3837
477,2,0,1,24,13975320,3641,5100,1,3839
478,4,0,3,22,13984440,3641,5100,1,3843
479,3,0,1,24,13997220,3640,5100,1,3846
480,4,0,4,21,13998180,3639,5100,1,3850
481,3,0,2,23,14011740,3638,5100,1,3853
482,6,0,6,19,14021340,3639,5100,1,3859
483,9,0,8,17,14037540,3636,5100,1,3868
484,6,0,9,16,14059980,3637,5100,1,3874
485,8,0,12,13,14073660,3636,5100,1,3882
486,4,0,6,19,14133060,3642,5100,1,3886
487,13,0,9,16,14166720,3641,5100,1,3899
488,11,0,9,16,14188260,3637,5100,1,3910
489,9,0,9,16,14230620,3639,5100,1,3919
490,7,0,5,20,14275740,3640,5100,1,3926
491,7,0,6,19,14288400,3638,5100,1,3933
492,10,0,13,12,14297220,3637,5100,1,3943
493,9,0,12,13,14322720,3635,5100,1,3952
494,7,0,8,17,14370840,3637,5100,1,3959
495,7,0,8,17,14405040,3639,5100,1,3966
496,10,0,12,13,14433420,3641,5100,1,3976
497,9,0,12,13,14468520,3641,5100,1,3985
498,3,0,3,22,14517480,3643,5100,1,3988
499,5,0,5,20,14537520,3645,5100,1,3993
500,1,0,3,22,14545740,3644,5100,1,3994
501,5,0,3,22,14567700,3645,5100,1,3999
502,7,0,5,20,14577180,3643,5100,1,4006
503,3,0,4,21,14581920,3640,5100,1,4009
504,4,0,4,21,14611620,3644,5100,1,4013
505,8,0,7,18,14630280,3644,5100,1,4021
506,7,0,8,17,14648100,3643,5100,1,4028
507,6,0,5,20,14688720,3645,5100,1,4034
508,1,0,1,24,14712600,3647,5100,1,4035
509,7,0,7,18,14715540,3646,5100,1,4042
510,11,0,11,14,14736600,3645,5100,1,4053
511,4,0,2,23,14775660,3643,5100,1,4057
512,5,0,4,21,14788680,3644,5100,1,4062
513,6,0,6,19,14793840,3642,5100,1,4068
514,8,0,10,15,14815020,3643,5100,1,4076
515,8,0,7,18,14853120,3643,5100,1,4084
516,15,0,16,9,14887920,3646,5100,1,4099
517,15,0,11,14,14945400,3642,5100,1,4114
518,4,0,7,18,14978460,3643,5100,1,4118
519,15,0,13,12,15019860,3645,5100,1,4133
520,4,0,6,19,15053820,3644,5100,1,4137
521,9,0,6,19,15083880,3643,5100,1,4146
522,6,0,9,16,15095760,3643,5100,1,4152
523,10,0,11,14,15132720,3645,5100,1,4162
524,8,0,8,17,15170040,3644,5100,1,4170
525,4,0,6,19,15199380,3646,5100,1,4174
526,7,0,8,17,15225900,3648,5100,1,4181
527,3,0,2,23,15253200,3647,5100,1,4184
528,5,0,5,20,15261540,3647,5100,1,4189
529,7,0,9,16,15271260,3647,5100,1,4196
530,5,0,6,19,15303120,3647,5100,1,4201
531,10,0,9,16,15329100,3648,5100,1,4211
532,9,0,12,13,15347340,3647,5100,1,4220
533,5,0,6,19,15391260,3648,5100,1,4225
534,8,0,6,19,15423540,3648,5100,1,4233
535,9,0,8,17,15444420,3647,5100,1,4242
536,4,0,5,20,15470220,3647,5100,1,4246
537,7,0,7,18,15495840,3649,5100,1,4253
538,11,0,10,15,15525840,3649,5100,1,4264
539,7,0,7,18,15557640,3648,5100,1,4271
540,13,0,12,13,15581220,3647,5100,1,4284
541,5,0,7,18,15634980,3651,5100,1,4289
542,12,0,11,14,15659340,3650,5100,1,4301
543,8,0,12,13,15693360,3652,5100,1,4309
544,9,0,7,18,15749160,3653,5100,1,4318
545,7,0,7,18,15775740,3653,5100,1,4325
546,14,0,14,11,15798840,3652,5100,1,4339
547,5,0,9,16,15841680,3654,5100,1,4344
548,9,0,11,14,15866700,3654,5100,1,4353
549,3,0,4,21,15910740,3655,5100,1,4356
550,5,0,5,20,15930960,3657,5100,1,4361
551,3,0,2,23,15946980,3655,5100,1,4364
552,8,0,7,18,15954120,3655,5100,1,4372
553,4,0,6,19,15961920,3652,5100,1,4376
554,3,0,2,23,15990000,3653,5100,1,4379
555,7,0,5,20,16000380,3652,5100,1,4386
556,7,0,8,17,16011120,3651,5100,1,4393
557,6,0,8,17,16043280,3653,5100,1,4399
558,8,0,7,18,16076520,3653,5100,1,4407
559,7,0,7,18,16110660,3655,5100,1,4414
560,12,0,9,16,16132740,3652,5100,1,4426
561,10,0,10,15,16158240,3650,5100,1,4436
562,12,0,15,10,16188840,3651,5100,1,4448
563,16,0,7,18,16256640,3647,5100,1,4464
564,8,0,10,15,16274700,3647,5100,1,4472
565,9,0,10,15,16302960,3646,5100,1,4481
566,10,0,10,15,16333800,3645,5100,1,4491
567,11,0,9,16,16370640,3643,5100,1,4502
568,14,0,12,13,16408380,3643,5100,1,4516
569,8,0,11,14,16453860,3645,5100,1,4524
570,6,0,7,18,16493220,3646,5100,1,4530
571,7,0,8,17,16534380,3650,5100,1,4537
572,4,0,8,17,16552320,3651,5100,1,4541
573,7,0,7,18,16577160,3650,5100,1,4548
574,3,0,5,20,16607280,3653,5100,1,4551
575,3,0,2,23,16630680,3653,5100,1,4554
576,4,0,3,22,16649280,3655,5100,1,4558
577,8,0,7,18,16656960,3653,5100,1,4566
578,13,0,11,14,16676460,3650,5100,1,4579
579,6,0,9,16,16712040,3652,5100,1,4585
580,7,0,10,15,16738020,3652,5100,1,4592
581,8,0,8,17,16799880,3658,5100,1,4600
582,6,0,6,19,16818420,3656,5100,1,4606
583,9,0,10,15,16843620,3657,5100,1,4615
584,12,0,10,15,16880460,3656,5100,1,4627
585,11,0,13,12,16913880,3657,5100,1,4638
586,9,0,12,13,16948980,3656,5100,1,4647
587,15,0,13,12,16999200,3656,5100,1,4662
588,10,0,11,14,17036100,3655,5100,1,4672
589,6,0,6,19,17088600,3657,5100,1,4678
590,15,0,13,12,17103900,3654,5100,1,4693
591,18,0,19,6,17143500,3653,5100,1,4711
592,5,0,12,13,17198400,3656,5100,1,4716
593,6,0,4,21,17268060,3660,5100,1,4722
594,6,0,6,19,17282820,3660,5100,1,4728
595,7,0,7,18,17301480,3659,5100,1,4735
596,8,0,7,18,17330100,3659,5100,1,4743
597,11,0,11,14,17355900,3659,5100,1,4754
598,8,0,9,16,17387820,3658,5100,1,4762
599,5,0,6,19,17419080,3658,5100,1,4767
600,4,0,5,20,17448960,3661,5100,1,4771
601,2,0,5,20,17459340,3661,5100,1,4773
602,7,0,6,19,17484900,3662,5100,1,4780
603,7,0,8,17,17496540,3661,5100,1,4787
604,9,0,10,15,17523480,3661,5100,1,4796
605,3,0,6,19,17548620,3661,5100,1,4799
606,4,0,4,21,17573040,3661,5100,1,4803
607,8,0,4,21,17604300,3662,5100,1,4811
608,5,0,2,23,17621640,3660,5100,1,4816
609,6,0,5,20,17634240,3660,5100,1,4822
610,10,0,12,13,17642280,3660,5100,1,4832
611,8,0,9,16,17683080,3660,5100,1,4840
612,7,0,8,17,17708040,3659,5100,1,4847
613,11,0,11,14,17736060,3659,5100,1,4858
614,10,0,10,15,17777520,3659,5100,1,4868
615,10,0,10,15,17807100,3657,5100,1,4878
616,10,0,10,15,17852160,3659,5100,1,4888
617,16,0,13,12,17891160,3657,5100,1,4904
618,5,0,10,15,17919360,3657,5100,1,4909
619,8,0,9,16,17962860,3659,5100,1,4917
620,9,0,10,15,17990940,3659,5100,1,4926
621,8,0,6,19,18036780,3660,5100,1,4934
622,8,0,5,20,18064020,3658,5100,1,4942
623,9,0,6,19,18081960,3656,5100,1,4951
624,8,0,7,18,18101160,3655,5100,1,4959
625,3,0,5,20,18122580,3655,5100,1,4962
626,3,0,4,21,18137340,3655,5100,1,4965
627,8,0,9,16,18155340,3657,5100,1,4973
628,4,0,6,19,18177180,3656,5100,1,4977
629,6,0,4,21,18209580,3657,5100,1,4983
630,10,0,8,17,18224640,3655,5100,1,4993
631,12,0,9,16,18255780,3654,5100,1,5005
632,17,0,10,15,18293040,3649,5100,1,5022
633,10,0,6,19,18340740,3649,5100,1,5032
634,4,0,6,19,18363900,3650,5100,1,5036
635,8,0,6,19,18391260,3650,5100,1,5044
636,17,0,13,12,18408540,3646,5100,1,5061
637,9,0,10,15,18448740,3645,5100,1,5070
638,5,0,3,22,18491460,3645,5100,1,5075
639,10,0,9,16,18501660,3644,5100,1,5085
640,17,0,16,9,18520080,3641,5100,0,5102
641,16,0,17,8,18583980,3643,5100,0,5118
642,3,0,12,13,18626580,3645,5100,0,5121
643,8,0,10,15,18684180,3649,5100,0,5129
644,7,0,9,16,18727140,3652,5100,0,5136
645,4,0,8,17,18752460,3654,5100,0,5140
646,8,0,6,19,18795000,3655,5100,0,5148
647,5,0,7,18,18799920,3653,5100,0,5153
648,3,0,5,20,18818220,3653,5100,0,5156
649,5,0,5,20,18833220,3652,5100,0,5161
650,1,0,2,23,18850560,3653,5100,0,5162
651,11,0,7,18,18863940,3651,5100,0,5173
652,9,0,8,17,18880200,3649,5100,0,5182
653,8,0,10,15,18900900,3648,5100,0,5190
654,5,0,8,17,18936660,3650,5100,0,5195
655,9,0,10,15,18971700,3652,5100,0,5204
656,8,0,6,19,19006080,3650,5100,0,5212
657,10,0,10,15,19018680,3649,5100,0,5222
658,6,0,7,18,19048560,3648,5100,0,5228
659,5,0,6,19,19075560,3649,5100,0,5233
660,16,0,12,13,19097760,3646,5100,0,5249
661,8,0,8,17,19149720,3648,5100,0,5257
662,10,0,10,15,19185300,3649,5100,0,5267
663,10,0,9,16,19217880,3648,5100,0,5277
664,10,0,13,12,19234200,3646,5100,0,5287
665,6,0,6,19,19292160,3648,5100,0,5293
666,13,0,10,15,19319520,3647,5100,0,5306
667,8,0,6,19,19358100,3646,5100,0,5314
668,1,0,2,23,19384500,3648,5100,0,5315
669,6,0,5,20,19394820,3648,5100,0,5321
670,4,0,4,21,19409760,3647,5100,0,5325
671,4,0,6,19,19419900,3648,5100,0,5329
672,3,0,6,19,19437120,3649,5100,0,5332
673,7,0,11,14,19440960,3648,5100,0,5339
674,3,0,10,15,19453800,3648,5100,0,5342
675,2,0,7,18,19480500,3650,5100,0,5344
676,8,0,11,14,19486500,3648,5100,0,5352
677,5,0,9,16,19509300,3647,5100,0,5357
678,10,0,12,13,19533000,3647,5100,0,5367
679,5,0,12,13,19539180,3645,5100,0,5372
680,6,0,10,15,19568640,3645,5100,0,5378
681,12,0,15,10,19583700,3643,5100,0,5390
682,8,0,13,12,19614840,3642,5100,0,5398
683,12,0,16,9,19642380,3641,5100,0,5410
684,7,0,15,10,19673460,3641,5100,0,5417
685,6,0,10,15,19711560,3641,5100,0,5423
686,17,0,22,3,19725240,3640,5100,0,5440
687,11,0,16,9,19786320,3640,5100,0,5451
688,4,0,12,13,19816320,3640,5100,0,5455
689,13,0,14,11,19851300,3639,5100,0,5468
690,8,0,13,12,19872540,3637,5100,0,5476
691,4,0,13,12,19897980,3639,5100,0,5480
692,5,0,12,13,19934160,3642,5100,0,5485
693,6,0,13,12,19948380,3641,5100,0,5491
694,8,0,14,11,19981740,3642,5100,0,5499
695,6,0,11,14,20012340,3642,5100,0,5505
696,5,0,12,13,20030520,3643,5100,0,5510
697,9,0,16,9,20056200,3644,5100,0,5519
698,4,0,10,15,20086140,3643,5100,0,5523
699,7,0,14,11,20097000,3643,5100,0,5530
700,4,0,10,15,20128680,3643,5100,0,5534
701,6,0,7,18,20158500,3643,5100,0,5540
702,9,0,9,16,20170560,3640,5100,0,5549
703,5,0,10,15,20189160,3641,5100,0,5554
704,2,0,8,17,20209620,3642,5100,0,5556
705,11,0,15,10,20221860,3642,5100,0,5567
706,14,0,22,3,20239800,3640,5100,0,5581
707,6,0,14,11,20287860,3640,5100,0,5587
708,11,0,15,10,20340660,3643,5100,0,5598
709,8,0,10,15,20380740,3642,5100,0,5606
710,13,0,15,10,20403060,3640,5100,0,5619
711,6,0,12,13,20435580,3640,5100,0,5625
712,5,0,10,15,20463900,3641,5100,0,5630
713,13,0,15,10,20486940,3640,5100,0,5643
714,4,0,12,13,20516100,3640,5100,0,5647
715,7,0,14,11,20544000,3642,5100,0,5654
716,8,0,18,7,20559480,3642,5100,0,5662
717,3,0,10,15,20617740,3645,5100,0,5665
718,9,0,16,9,20628660,3645,5100,0,5674
719,4,0,12,13,20659320,3646,5100,0,5678
720,2,0,6,19,20688960,3646,5100,0,5680
721,5,0,9,16,20699580,3646,5100,0,5685
722,4,0,7,18,20718360,3646,5100,0,5689
723,3,0,8,17,20725860,3646,5100,0,5692
724,8,0,12,13,20734320,3645,5100,0,5700
725,5,0,10,15,20755440,3644,5100,0,5705
726,11,0,12,13,20780460,3643,5100,0,5716
727,12,0,14,11,20799300,3640,5100,0,5728
728,10,0,15,10,20834340,3640,5100,0,5738
729,7,0,13,12,20863200,3639,5100,0,5745
730,10,0,11,14,20912160,3640,5100,0,5755
731,9,0,13,12,20929380,3639,5100,0,5764
732,7,0,11,14,20968440,3640,5100,0,5771
733,12,0,18,7,20982780,3639,5100,0,5783
734,13,0,19,6,21008040,3636,5100,0,5796
735,5,0,15,10,21051360,3638,5100,0,5801
736,11,0,17,8,21097860,3640,5100,0,5812
737,13,0,19,6,21137100,3640,5100,0,5825
738,8,0,16,9,21176880,3640,5100,0,5833
739,7,0,9,16,21236580,3642,5100,0,5840
740,6,0,12,13,21251160,3642,5100,0,5846
741,8,0,15,10,21273720,3643,5100,0,5854
742,9,0,14,11,21308820,3643,5100,0,5863
743,6,0,13,12,21334380,3643,5100,0,5869
744,8,0,13,12,21358860,3642,5100,0,5877
745,4,0,10,15,21377760,3641,5100,0,5881
746,3,0,9,16,21402360,3642,5100,0,5884
747,7,0,9,16,21429360,3643,5100,0,5891
748,7,0,11,14,21448260,3643,5100,0,5898
749,4,0,9,16,21463860,3642,5100,0,5902
750,7,0,11,14,21487380,3643,5100,0,5909
751,8,0,11,14,21508860,3641,5100,0,5917
752,6,0,9,16,21533700,3641,5100,0,5923
753,13,0,16,9,21546120,3639,5100,0,5936
754,11,0,18,7,21574920,3638,5100,0,5947
755,9,0,17,8,21609120,3638,5100,0,5956
756,12,0,12,13,21669060,3638,5100,0,5968
757,9,0,13,12,21694080,3637,5100,0,5977
758,8,0,14,11,21723360,3638,5100,0,5985
759,10,0,13,12,21749640,3635,5100,0,5995
760,10,0,15,10,21768120,3634,5100,0,6005
761,11,0,13,12,21818400,3634,5100,0,6016
762,5,0,11,14,21840660,3634,5100,0,6021
763,7,0,10,15,21877380,3635,5100,0,6028
764,7,0,15,10,21887520,3635,5100,0,6035
765,4,0,9,16,21937500,3638,5100,0,6039
766,8,0,12,13,21950340,3637,5100,0,6047
767,3,0,7,18,21983460,3637,5100,0,6050
768,1,0,7,18,21987900,3637,5100,0,6051
769,8,0,11,14,21998760,3637,5100,0,6059
770,6,0,14,11,22012560,3637,5100,0,6065
771,4,0,9,16,22045620,3637,5100,0,6069
772,10,0,14,11,22063680,3637,5100,0,6079
773,10,0,16,9,22088520,3637,5100,0,6089
774,7,0,11,14,22141560,3638,5100,0,6096
775,5,0,9,16,22159920,3637,5100,0,6101
776,9,0,12,13,22177440,3636,5100,0,6110
777,6,0,12,13,22203960,3637,5100,0,6116
778,12,0,15,10,22224420,3635,5100,0,6128
779,10,0,15,10,22264620,3636,5100,0,6138
780,14,0,16,9,22305180,3635,5100,0,6152
781,8,0,15,10,22345740,3636,5100,0,6160
782,9,0,17,8,22376880,3637,5100,0,6169
783,12,0,17,8,22432500,3639,5100,0,6181
784,6,0,13,12,22472700,3639,5100,0,6187
785,11,0,16,9,22501500,3639,5100,0,6198
786,4,0,9,16,22554900,3641,5100,0,6202
787,14,0,16,9,22567920,3639,5100,0,6216
788,4,0,14,11,22590660,3640,5100,0,6220
789,5,0,11,14,22633560,3642,5100,0,6225
790,4,0,9,16,22658400,3642,5100,0,6229
791,6,0,12,13,22669080,3642,5100,0,6235
792,5,0,9,16,22698900,3642,5100,0,6240
793,5,0,10,15,22710180,3642,5100,0,6245
794,3,0,8,17,22733280,3643,5100,0,6248
795,6,0,10,15,22740060,3641,5100,0,6254
796,6,0,11,14,22757400,3641,5100,0,6260
797,8,0,11,14,22781880,3641,5100,0,6268
798,10,0,13,12,22801140,3639,5100,0,6278
799,5,0,9,16,22828560,3638,5100,0,6283
800,5,0,9,16,22841040,3637,5100,0,6288
801,12,0,14,11,22854540,3635,5100,0,6300
802,10,0,17,8,22872540,3634,5100,0,6310
803,13,0,21,4,22909320,3635,5100,0,6323
804,13,0,20,5,22970340,3636,5100,0,6336
805,13,0,21,4,23013120,3636,5100,0,6349
806,11,0,16,9,23081520,3638,5100,0,6360
807,12,0,17,8,23119500,3638,5100,0,6372
808,7,0,14,11,23162460,3639,5100,0,6379
809,4,0,13,12,23196900,3641,5100,0,6383
810,11,0,13,12,23238720,3641,5100,0,6394
811,8,0,14,11,23254080,3640,5100,0,6402
812,3,0,9,16,23301540,3643,5100,0,6405
813,8,0,13,12,23321220,3643,5100,0,6413
814,5,0,12,13,23344380,3644,5100,0,6418
815,7,0,13,12,23373240,3645,5100,0,6425
816,8,0,12,13,23401320,3644,5100,0,6433
817,2,0,8,17,23433240,3646,5100,0,6435
818,2,0,7,18,23448600,3646,5100,0,6437
819,6,0,11,14,23453820,3646,5100,0,6443
820,2,0,9,16,23464560,3645,5100,0,6445
821,5,0,9,16,23487540,3646,5100,0,6450
822,5,0,10,15,23500560,3646,5100,0,6455
823,2,0,6,19,23518800,3645,5100,0,6457
824,5,0,11,14,23518800,3645,5100,0,6462
825,5,0,10,15,23536260,3645,5100,0,6467
826,8,0,12,13,23554920,3644,5100,0,6475
827,13,0,19,6,23578320,3644,5100,0,6488
828,9,0,12,13,23631240,3643,5100,0,6497
829,9,0,15,10,23654520,3644,5100,0,6506
830,6,0,13,12,23676420,3643,5100,0,6512
831,11,0,16,9,23725740,3646,5100,0,6523
832,14,0,19,6,23763060,3645,5100,0,6537
833,10,0,21,4,23805000,3647,5100,0,6547
834,10,0,17,8,23864220,3648,5100,0,6557
835,6,0,12,13,23918760,3651,5100,0,6563
836,5,0,11,14,23935380,3650,5100,0,6568
837,4,0,9,16,23976240,3653,5100,0,6572
838,3,0,8,17,23984340,3652,5100,0,6575
839,9,0,14,11,23992920,3651,5100,0,6584
840,6,0,12,13,24019020,3651,5100,0,6590
841,3,0,5,20,24056400,3651,5100,0,6593
842,5,0,9,16,24057480,3651,5100,0,6598
843,5,0,11,14,24065640,3650,5100,0,6603
844,9,0,13,12,24085800,3649,5100,0,6612
845,7,0,16,9,24100560,3649,5100,0,6619
846,2,0,6,19,24152580,3651,5100,0,6621
847,10,0,14,11,24156360,3650,5100,0,6631
848,6,0,12,13,24170640,3648,5100,0,6637
849,8,0,15,10,24192240,3648,5100,0,6645
850,11,0,14,11,24227520,3647,5100,0,6656
851,11,0,15,10,24255600,3646,5100,0,6667
852,6,0,13,12,24296100,3648,5100,0,6673
853,15,0,14,11,24338100,3646,5100,0,6688
854,8,0,15,10,24357420,3645,5100,0,6696
855,14,0,18,7,24387420,3644,5100,0,6710
856,13,0,17,8,24435060,3643,5100,0,6723
857,7,0,17,8,24468000,3644,5100,0,6730
858,15,0,17,8,24529140,3645,5100,0,6745
859,4,0,13,12,24558660,3645,5100,0,6749
860,10,0,16,9,24595140,3647,5100,0,6759
861,9,0,15,10,24639840,3648,5100,0,6768
862,4,0,12,13,24671640,3649,5100,0,6772
863,9,0,12,13,24705120,3649,5100,0,6781
864,6,0,12,13,24722040,3649,5100,0,6787
865,1,0,11,14,24725460,3648,5100,0,6788
866,4,0,7,18,24772320,3651,5100,0,6792
867,5,0,9,16,24778080,3650,5100,0,6797
868,8,0,12,13,24788880,3649,5100,0,6805
869,7,0,16,9,24798900,3649,5100,0,6812
870,7,0,14,11,24828600,3648,5100,0,6819
871,7,0,12,13,24873360,3650,5100,0,6826
872,14,0,21,4,24885900,3649,5100,0,6840
873,8,0,17,8,24936120,3650,5100,0,6848
874,11,0,18,7,24984240,3652,5100,0,6859
875,10,0,13,12,25034940,3651,5100,0,6869
876,7,0,15,10,25050960,3651,5100,0,6876
877,7,0,12,13,25083180,3650,5100,0,6883
878,12,0,16,9,25116060,3651,5100,0,6895
879,7,0,12,13,25150380,3650,5100,0,6902
880,5,0,13,12,25170540,3651,5100,0,6907
881,10,0,14,11,25196520,3650,5100,0,6917
882,11,0,12,13,25240860,3649,5100,0,6928
883,5,0,11,14,25259700,3649,5100,0,6933
884,13,0,14,11,25287000,3647,5100,0,6946
885,7,0,11,14,25320360,3647,5100,0,6953
886,3,0,11,14,25330980,3647,5100,0,6956
887,6,0,9,16,25365780,3648,5100,0,6962
888,3,0,11,14,25376100,3649,5100,0,6965
889,4,0,8,17,25408320,3650,5100,0,6969
890,2,0,8,17,25412100,3649,5100,0,6971
891,6,0,11,14,25423020,3649,5100,0,6977
892,7,0,9,16,25442220,3647,5100,0,6984
893,10,0,11,14,25464360,3646,5100,0,6994
894,6,0,11,14,25486260,3646,5100,0,7000
895,5,0,9,16,25519980,3647,5100,0,7005
896,12,0,15,10,25531320,3646,5100,0,7017
897,11,0,20,5,25553040,3646,5100,0,7028
898,11,0,19,6,25601100,3646,5100,0,7039
899,5,0,14,11,25650360,3648,5100,0,7044
900,11,0,14,11,25690200,3648,5100,0,7055
901,14,0,14,11,25738020,3648,5100,0,7069
902,8,0,16,9,25758240,3647,5100,0,7077
903,7,0,12,13,25801560,3648,5100,0,7084
904,11,0,13,12,25830720,3647,5100,0,7095
905,7,0,12,13,25856940,3646,5100,0,7102
906,8,0,10,15,25882980,3645,5100,0,7110
907,11,0,14,11,25908180,3645,5100,0,7121
908,6,0,14,11,25930500,3645,5100,0,7127
909,6,0,13,12,25956540,3645,5100,0,7133
910,3,0,9,16,25983780,3645,5100,0,7136
911,5,0,10,15,25993620,3645,5100,0,7141
912,8,0,12,13,26022480,3646,5100,0,7149
913,6,0,10,15,26049180,3645,5100,0,7155
914,4,0,12,13,26056620,3645,5100,0,7159
915,2,0,9,16,26087700,3647,5100,0,7161
916,9,0,14,11,26109240,3648,5100,0,7170
917,8,0,13,12,26130840,3647,5100,0,7178
918,4,0,12,13,26157180,3648,5100,0,7182
919,8,0,14,11,26188140,3649,5100,0,7190
920,11,0,15,10,26220660,3648,5100,0,7201
921,9,0,14,11,26246820,3647,5100,0,7210
922,13,0,18,7,26293500,3649,5100,0,7223
923,10,0,20,5,26319180,3648,5100,0,7233
924,8,0,17,8,26364840,3649,5100,0,7241
925,13,0,14,11,26433120,3650,5100,0,7254
926,12,0,16,9,26458440,3649,5100,0,7266
927,9,0,19,6,26486880,3650,5100,0,7275
928,5,0,12,13,26548080,3652,5100,0,7280
929,12,0,15,10,26576820,3652,5100,0,7292
930,13,0,18,7,26612340,3652,5100,0,7305
931,2,0,10,15,26655360,3652,5100,0,7307
932,5,0,10,15,26681760,3654,5100,0,7312
933,6,0,11,14,26703180,3654,5100,0,7318
934,7,0,10,15,26732940,3654,5100,0,7325
935,4,0,12,13,26737860,3654,5100,0,7329
936,6,0,13,12,26767860,3655,5100,0,7335
937,4,0,8,17,26800680,3655,5100,0,7339
938,4,0,8,17,26810340,3655,5100,0,7343
939,10,0,16,9,26812440,3654,5100,0,7353
940,5,0,15,10,26836500,3654,5100,0,7358
941,11,0,16,9,26870940,3654,5100,0,7369
942,3,0,10,15,26899740,3653,5100,0,7372
943,6,0,10,15,26930220,3655,5100,0,7378
944,9,0,12,13,26949420,3654,5100,0,7387
945,11,0,14,11,26974140,3653,5100,0,7398
946,11,0,12,13,27014880,3652,5100,0,7409
947,6,0,10,15,27039720,3651,5100,0,7415
948,11,0,16,9,27055980,3651,5100,0,7426
949,12,0,17,8,27094200,3651,5100,0,7438
950,9,0,16,9,27131760,3651,5100,0,7447
951,9,0,13,12,27169800,3650,5100,0,7456
952,6,0,13,12,27192060,3650,5100,0,7462
953,12,0,20,5,27208740,3650,5100,0,7474
954,10,0,17,8,27253500,3649,5100,0,7484
955,8,0,17,8,27296100,3651,5100,0,7492
956,7,0,15,10,27343080,3653,5100,0,7499
957,4,0,11,14,27372480,3653,5100,0,7503
958,6,0,10,15,27409380,3655,5100,0,7509
959,9,0,13,12,27424500,3654,5100,0,7518
960,6,0,11,14,27448560,3653,5100,0,7524
961,1,0,9,16,27462480,3653,5100,0,7525
962,8,0,12,13,27475020,3653,5100,0,7533
963,7,0,11,14,27511680,3654,5100,0,7540
964,4,0,11,14,27531540,3654,5100,0,7544
965,7,0,10,15,27556800,3654,5100,0,7551
966,3,0,10,15,27565740,3653,5100,0,7554
967,7,0,10,15,27595680,3654,5100,0,7561
968,4,0,10,15,27608580,3654,5100,0,7565
969,12,0,16,9,27637560,3655,5100,0,7577
970,13,0,21,4,27660120,3654,5100,0,7590
971,8,0,15,10,27710820,3654,5100,0,7598
972,11,0,15,10,27751380,3654,5100,0,7609
973,9,0,18,7,27772680,3654,5100,0,7618
974,7,0,13,12,27833460,3656,5100,0,7625
975,7,0,15,10,27855720,3657,5100,0,7632
976,5,0,13,12,27892560,3658,5100,0,7637
977,10,0,12,13,27918480,3656,5100,0,7647
978,4,0,11,14,27939780,3657,5100,0,7651
979,11,0,16,9,27969960,3658,5100,0,7662
980,6,0,17,8,27995160,3659,5100,0,7668
981,12,0,18,7,28039920,3659,5100,0,7680
982,8,0,14,11,28088760,3660,5100,0,7688
983,5,0,12,13,28120680,3661,5100,0,7693
984,4,0,7,18,28157280,3661,5100,0,7697
985,6,0,11,14,28159140,3660,5100,0,7703
986,4,0,10,15,28182000,3661,5100,0,7707
987,3,0,8,17,28199940,3661,5100,0,7710
988,6,0,11,14,28203360,3660,5100,0,7716
989,7,0,12,13,28223880,3660,5100,0,7723
990,4,0,9,16,28247820,3659,5100,0,7727
991,13,0,19,6,28263000,3660,5100,0,7740
992,3,0,11,14,28301040,3660,5100,0,7743
993,9,0,12,13,28344780,3662,5100,0,7752
994,6,0,7,18,28373460,3660,5100,0,7758
995,10,0,9,16,28392300,3659,5100,0,7768
996,9,0,11,14,28401780,3657,5100,0,7777
997,11,0,16,9,28417440,3656,5100,0,7788
998,11,0,15,10,28459860,3656,5100,0,7799
999,11,0,18,7,28497000,3657,5100,0,7810
1000,4,0,12,13,28539120,3657,5100,0,7814
1001,12,0,15,10,28584780,3659,5100,0,7826
1002,13,0,13,12,28625460,3657,5100,0,7839
1003,5,0,12,13,28645920,3657,5100,0,7844
1004,6,0,9,16,28675020,3657,5100,0,7850
1005,6,0,9,16,28687800,3655,5100,0,7856
1006,5,0,9,16,28707000,3656,5100,0,7861
1007,6,0,9,16,28721940,3655,5100,0,7867
1008,5,0,11,14,28731180,3654,5100,0,7872
1009,8,0,13,12,28753620,3654,5100,0,7880
1010,7,0,12,13,28776180,3654,5100,0,7887
1011,5,0,10,15,28798440,3653,5100,0,7892
1012,9,0,11,14,28832160,3654,5100,0,7901
1013,6,0,13,12,28846320,3654,5100,0,7907
1014,5,0,12,13,28867020,3654,5100,0,7912
1015,9,0,14,11,28904340,3655,5100,0,7921
1016,5,0,9,16,28941900,3655,5100,0,7926
1017,9,0,16,9,28947180,3655,5100,0,7935
1018,8,0,12,13,28984800,3654,5100,0,7943
1019,12,0,10,15,29010960,3651,5100,0,7955
1020,13,0,16,9,29032380,3650,5100,0,7968
1021,10,0,13,12,29068740,3649,5100,0,7978
1022,18,0,23,2,29097120,3649,5100,0,7996
1023,8,0,15,10,29156700,3649,5100,0,8004
1024,7,0,13,12,29207460,3651,5100,0,8011
1025,10,0,17,8,29236260,3652,5100,0,8021
1026,8,0,15,10,29274960,3652,5100,0,8029
1027,9,0,18,7,29302920,3653,5100,0,8038
1028,5,0,13,12,29347500,3654,5100,0,8043
1029,9,0,11,14,29388540,3654,5100,0,8052
1030,7,0,11,14,29414820,3654,5100,0,8059
1031,8,0,12,13,29440380,3654,5100,0,8067
1032,2,0,8,17,29462880,3654,5100,0,8069
1033,5,0,9,16,29481000,3655,5100,0,8074
1034,11,0,14,11,29498700,3654,5100,0,8085
1035,4,0,10,15,29519520,3653,5100,0,8089
1036,7,0,11,14,29543940,3654,5100,0,8096
1037,7,0,13,12,29566260,3654,5100,0,8103
1038,8,0,13,12,29586660,3653,5100,0,8111
1039,13,0,20,5,29613900,3654,5100,0,8124
1040,8,0,15,10,29664900,3654,5100,0,8132
1041,11,0,16,9,29697780,3654,5100,0,8143
1042,13,0,20,5,29739060,3655,5100,0,8156
1043,6,0,14,11,29781300,3655,5100,0,8162
1044,11,0,17,8,29804520,3654,5100,0,8173
1045,14,0,19,6,29856060,3655,5100,0,8187
1046,11,0,18,7,29893440,3654,5100,0,8198
1047,7,0,15,10,29932080,3654,5100,0,8205
1048,14,0,18,7,29985480,3656,5100,0,8219
1049,7,0,12,13,30028380,3655,5100,0,8226
1050,16,0,16,9,30060720,3654,5100,0,8242
1051,8,0,15,10,30086220,3653,5100,0,8250
1052,3,0,11,14,30117360,3654,5100,0,8253
1053,9,0,14,11,30141480,3654,5100,0,8262
1054,7,0,14,11,30167880,3654,5100,0,8269
1055,6,0,10,15,30214200,3655,5100,0,8275
1056,2,0,8,17,30231180,3655,5100,0,8277
1057,6,0,11,14,30238800,3655,5100,0,8283
1058,5,0,10,15,30261060,3655,5100,0,8288
1059,3,0,7,18,30274080,3654,5100,0,8291
1060,4,0,9,16,30281760,3654,5100,0,8295
1061,5,0,8,17,30295860,3653,5100,0,8300
1062,7,0,12,13,30307020,3653,5100,0,8307
1063,7,0,14,11,30327420,3653,5100,0,8314
1064,4,0,8,17,30370380,3654,5100,0,8318
1065,10,0,14,11,30381900,3654,5100,0,8328
1066,10,0,15,10,30410880,3653,5100,0,8338
1067,11,0,18,7,30439440,3653,5100,0,8349
1068,12,0,14,11,30501240,3654,5100,0,8361
1069,16,0,19,6,30531360,3652,5100,0,8377
1070,8,0,12,13,30575520,3651,5100,0,8385
1071,10,0,15,10,30601260,3651,5100,0,8395
1072,8,0,13,12,30634380,3651,5100,0,8403
1073,8,0,12,13,30654000,3649,5100,0,8411
1074,5,0,11,14,30675540,3649,5100,0,8416
1075,11,0,14,11,30701940,3649,5100,0,8427
1076,13,0,16,9,30731160,3648,5100,0,8440
1077,4,0,12,13,30757980,3647,5100,0,8444
1078,7,0,12,13,30783780,3647,5100,0,8451
1079,5,0,11,14,30812700,3648,5100,0,8456
1080,7,0,13,12,30838800,3649,5100,0,8463
1081,4,0,10,15,30866400,3649,5100,0,8467
1082,4,0,11,14,30879900,3650,5100,0,8471
1083,3,0,7,18,30912420,3650,5100,0,8474
1084,6,0,9,16,30923160,3650,5100,0,8480
1085,3,0,8,17,30937200,3650,5100,0,8483
1086,9,0,13,12,30947340,3649,5100,0,8492
1087,6,0,11,14,30975660,3649,5100,0,8498
1088,7,0,12,13,31000980,3650,5100,0,8505
1089,7,0,14,11,31016280,3649,5100,0,8512
1090,9,0,14,11,31052700,3650,5100,0,8521
1091,16,0,17,8,31092900,3649,5100,0,8537
1092,17,0,22,3,31123560,3647,5100,0,8554
1093,11,0,15,10,31177800,3646,5100,0,8565
1094,7,0,12,13,31220760,3647,5100,0,8572
1095,12,0,19,6,31235040,3646,5100,0,8584
1096,3,0,14,11,31270560,3647,5100,0,8587
1097,17,0,17,8,31333320,3648,5100,0,8604
1098,8,0,18,7,31357020,3648,5100,0,8612
1099,7,0,12,13,31410900,3649,5100,0,8619
1100,6,0,9,16,31447980,3649,5100,0,8625
1101,5,0,11,14,31457640,3649,5100,0,8630
1102,4,0,11,14,31477080,3650,5100,0,8634
1103,5,0,11,14,31492620,3650,5100,0,8639
1104,3,0,6,19,31527000,3650,5100,0,8642
1105,3,0,8,17,31527960,3650,5100,0,8645
1106,4,0,7,18,31538280,3649,5100,0,8649
1107,5,0,10,15,31550100,3649,5100,0,8654
1108,6,0,13,12,31561980,3650,5100,0,8660
1109,5,0,13,12,31581000,3650,5100,0,8665
1110,4,0,9,16,31631400,3652,5100,0,8669
1111,8,0,14,11,31635540,3651,5100,0,8677
1112,4,0,11,14,31663620,3652,5100,0,8681
1113,4,0,10,15,31685040,3652,5100,0,8685
1114,9,0,15,10,31700460,3652,5100,0,8694
1115,12,0,18,7,31736940,3652,5100,0,8706
1116,7,0,17,8,31781160,3654,5100,0,8713
1117,15,0,15,10,31831800,3653,5100,0,8728
1118,8,0,13,12,31872300,3653,5100,0,8736
1119,10,0,15,10,31900260,3653,5100,0,8746
1120,7,0,12,13,31944480,3654,5100,0,8753
1121,5,0,9,16,31970880,3654,5100,0,8758
1122,7,0,11,14,31992660,3654,5100,0,8765
1123,5,0,13,12,32005080,3654,5100,0,8770
1124,8,0,12,13,32044380,3655,5100,0,8778
1125,7,0,13,12,32059800,3654,5100,0,8785
1126,5,0,12,13,32100000,3656,5100,0,8790
1127,9,0,15,10,32120820,3656,5100,0,8799
1128,8,0,15,10,32147580,3656,5100,0,8807
1129,5,0,11,14,32190480,3657,5100,0,8812
1130,4,0,8,17,32214720,3657,5100,0,8816
1131,4,0,8,17,32232000,3657,5100,0,8820
1132,10,0,13,12,32253840,3658,5100,0,8830
1133,5,0,11,14,32274720,3657,5100,0,8835
1134,12,0,16,9,32297820,3657,5100,0,8847
1135,8,0,15,10,32337600,3658,5100,0,8855
1136,7,0,10,15,32382420,3658,5100,0,8862
1137,12,0,10,15,32420580,3657,5100,0,8874
1138,8,0,13,12,32432460,3656,5100,0,8882
1139,11,0,16,9,32456760,3656,5100,0,8893
1140,10,0,17,8,32487840,3656,5100,0,8903
1141,8,0,17,8,32525400,3657,5100,0,8911
1142,12,0,16,9,32561040,3655,5100,0,8923
1143,15,0,16,9,32613600,3655,5100,0,8938
1144,10,0,16,9,32646960,3655,5100,0,8948
1145,9,0,17,8,32684220,3655,5100,0,8957
1146,6,0,13,12,32728380,3656,5100,0,8963
1147,8,0,14,11,32760240,3657,5100,0,8971
1148,6,0,13,12,32788740,3657,5100,0,8977
1149,5,0,9,16,32824140,3658,5100,0,8982
1150,7,0,12,13,32840820,3658,5100,0,8989
1151,6,0,9,16,32866920,3657,5100,0,8995
1152,10,0,14,11,32874900,3656,5100,0,9005
1153,8,0,11,14,32918160,3656,5100,0,9013
1154,5,0,10,15,32941140,3656,5100,0,9018
1155,2,0,7,18,32963940,3657,5100,0,9020
1156,8,0,10,15,32979420,3657,5100,0,9028
1157,11,0,16,9,32989320,3656,5100,0,9039
1158,7,0,13,12,33022320,3655,5100,0,9046
1159,6,0,12,13,33059580,3657,5100,0,9052
1160,9,0,15,10,33088860,3657,5100,0,9061
1161,7,0,12,13,33122880,3657,5100,0,9068
1162,10,0,16,9,33147900,3657,5100,0,9078
1163,9,0,13,12,33189660,3657,5100,0,9087
1164,13,0,17,8,33213240,3656,5100,0,9100
1165,13,0,19,6,33250080,3656,5100,0,9113
1166,9,0,17,8,33295920,3656,5100,0,9122
1167,10,0,18,7,33331620,3657,5100,0,9132
1168,16,0,16,9,33399120,3657,5100,0,9148
1169,14,0,15,10,33439140,3655,5100,0,9162
1170,8,0,12,13,33474240,3655,5100,0,9170
1171,11,0,12,13,33506640,3654,5100,0,9181
1172,9,0,17,8,33521640,3654,5100,0,9190
1173,7,0,12,13,33561300,3653,5100,0,9197
1174,8,0,10,15,33601140,3654,5100,0,9205
1175,8,0,14,11,33616680,3654,5100,0,9213
1176,6,0,9,16,33657240,3654,5100,0,9219
1177,8,0,13,12,33664020,3653,5100,0,9227
1178,3,0,9,16,33686280,3653,5100,0,9230
1179,8,0,10,15,33714300,3653,5100,0,9238
1180,5,0,12,13,33722940,3653,5100,0,9243
1181,3,0,9,16,33755100,3654,5100,0,9246
1182,8,0,13,12,33767700,3654,5100,0,9254
1183,6,0,13,12,33797220,3654,5100,0,9260
1184,9,0,14,11,33825180,3654,5100,0,9269
1185,13,0,18,7,33857880,3654,5100,0,9282
1186,12,0,21,4,33888540,3654,5100,0,9294
1187,14,0,20,5,33957060,3656,5100,0,9308
1188,11,0,22,3,33999480,3657,5100,0,9319
1189,14,0,18,7,34067460,3657,5100,0,9333
1190,16,0,20,5,34115760,3656,5100,0,9349
1191,8,0,14,11,34163640,3656,5100,0,9357
1192,8,0,11,14,34200240,3656,5100,0,9365
1193,10,0,14,11,34224900,3656,5100,0,9375
1194,12,0,20,5,34239720,3655,5100,0,9387
1195,14,0,19,6,34295160,3655,5100,0,9401
1196,9,0,15,10,34344840,3655,5100,0,9410
1197,5,0,11,14,34375560,3655,5100,0,9415
1198,6,0,8,17,34414200,3656,5100,0,9421
1199,4,0,9,16,34418280,3655,5100,0,9425
1200,8,0,10,15,34445640,3655,5100,0,9433
1201,6,0,12,13,34460280,3655,5100,0,9439
1202,5,0,13,12,34471860,3655,5100,0,9444
1203,7,0,14,11,34491900,3654,5100,0,9451
1204,2,0,9,16,34533120,3656,5100,0,9453
1205,5,0,9,16,34556940,3657,5100,0,9458
1206,9,0,14,11,34568340,3656,5100,0,9467
1207,5,0,11,14,34594440,3656,5100,0,9472
1208,6,0,12,13,34608720,3656,5100,0,9478
1209,6,0,11,14,34632600,3655,5100,0,9484
1210,12,0,15,10,34660500,3655,5100,0,9496
1211,11,0,19,6,34681200,3655,5100,0,9507
1212,6,0,14,11,34731060,3656,5100,0,9513
1213,9,0,15,10,34762560,3656,5100,0,9522
1214,9,0,12,13,34818720,3657,5100,0,9531
1215,5,0,9,16,34850280,3658,5100,0,9536
1216,10,0,15,10,34857600,3657,5100,0,9546
1217,8,0,14,11,34886100,3656,5100,0,9554
1218,8,0,12,13,34913820,3655,5100,0,9562
1219,9,0,12,13,34945800,3655,5100,0,9571
1220,7,0,12,13,34965420,3655,5100,0,9578
1221,8,0,10,15,35000340,3655,5100,0,9586
1222,12,0,15,10,35015340,3653,5100,0,9598
1223,2,0,8,17,35052240,3654,5100,0,9600
1224,11,0,12,13,35076900,3654,5100,0,9611
1225,5,0,11,14,35090220,3653,5100,0,9616
1226,9,0,12,13,35112960,3652,5100,0,9625
1227,3,0,10,15,35140260,3653,5100,0,9628
1228,3,0,10,15,35157420,3654,5100,0,9631
1229,8,0,15,10,35166060,3653,5100,0,9639
1230,10,0,14,11,35209260,3654,5100,0,9649
1231,4,0,11,14,35246280,3655,5100,0,9653
1232,6,0,11,14,35259900,3654,5100,0,9659
1233,10,0,14,11,35295600,3655,5100,0,9669
1234,11,0,16,9,35326980,3655,5100,0,9680
1235,12,0,16,9,35366220,3655,5100,0,9692
1236,13,0,18,7,35405400,3654,5100,0,9705
1237,21,0,18,7,35455440,3652,5100,0,9726
1238,10,0,17,8,35486940,3651,5100,0,9736
1239,14,0,19,6,35527380,3650,5100,0,9750
1240,6,0,14,11,35578140,3652,5100,0,9756
1241,5,0,11,14,35619720,3653,5100,0,9761
1242,8,0,9,16,35640600,3651,5100,0,9769
1243,13,0,14,11,35654340,3650,5100,0,9782
1244,11,0,14,11,35687580,3649,5100,0,9793
1245,9,0,13,12,35723280,3649,5100,0,9802
1246,7,0,14,11,35737800,3648,5100,0,9809
1247,14,0,15,10,35773740,3647,5100,0,9823
1248,6,0,11,14,35808480,3647,5100,0,9829
1249,7,0,13,12,35827560,3647,5100,0,9836
1250,7,0,11,14,35856660,3646,5100,0,9843
1251,7,0,13,12,35872500,3646,5100,0,9850
1252,5,0,9,16,35899800,3646,5100,0,9855
1253,11,0,13,12,35926800,3646,5100,0,9866
1254,5,0,12,13,35952000,3646,5100,0,9871
1255,8,0,16,9,35965920,3646,5100,0,9879
1256,6,0,10,15,36009120,3646,5100,0,9885
1257,18,0,18,7,36039660,3645,5100,0,9903
1258,9,0,18,7,36073440,3645,5100,0,9912
1259,9,0,15,10,36124620,3646,5100,0,9921
1260,12,0,14,11,36175500,3647,5100,0,9933
1261,9,0,13,12,36211320,3647,5100,0,9942
1262,6,0,12,13,36248460,3648,5100,0,9948
1263,9,0,15,10,36271920,3648,5100,0,9957
1264,9,0,13,12,36311640,3648,5100,0,9966
1265,15,0,19,6,36332220,3647,5100,0,9981
1266,4,0,11,14,36385980,3648,5100,0,9985
1267,11,0,12,13,36418320,3647,5100,0,9996
1268,8,0,11,14,36441600,3646,5100,0,10004
1269,3,0,8,17,36465000,3646,5100,0,10007
1270,11,0,15,10,36475500,3646,5100,0,10018
1271,8,0,14,11,36500700,3645,5100,0,10026
1272,4,0,11,14,36533400,3646,5100,0,10030
1273,2,0,7,18,36571020,3647,5100,0,10032
1274,4,0,8,17,36574440,3647,5100,0,10036
1275,4,0,9,16,36580680,3646,5100,0,10040
1276,5,0,9,16,36602640,3647,5100,0,10045
1277,5,0,9,16,36610920,3646,5100,0,10050
1278,7,0,7,18,36631260,3644,5100,0,10057
1279,5,0,10,15,36639240,3644,5100,0,10062
1280,6,0,11,14,36654000,3644,5100,0,10068
1281,9,0,12,13,36677280,3644,5100,0,10077
1282,15,0,16,9,36706980,3643,5100,0,10092
1283,12,0,17,8,36736020,3641,5100,0,10104
1284,11,0,16,9,36778620,3641,5100,0,10115
1285,7,0,13,12,36814680,3641,5100,0,10122
1286,6,0,10,15,36861600,3643,5100,0,10128
1287,10,0,14,11,36881820,3643,5100,0,10138
1288,10,0,16,9,36903360,3642,5100,0,10148
1289,3,0,11,14,36934500,3642,5100,0,10151
1290,8,0,12,13,36967980,3643,5100,0,10159
1291,11,0,14,11,36994080,3642,5100,0,10170
1292,8,0,14,11,37012260,3641,5100,0,10178
1293,15,0,23,2,37031280,3641,5100,0,10193
1294,4,0,14,11,37082880,3641,5100,0,10197
1295,3,0,11,14,37117800,3642,5100,0,10200
1296,3,0,7,18,37152720,3643,5100,0,10203
1297,9,0,13,12,37160460,3643,5100,0,10212
1298,5,0,12,13,37180260,3643,5100,0,10217
1299,5,0,9,16,37216080,3643,5100,0,10222
1300,5,0,10,15,37231980,3644,5100,0,10227
1301,6,0,11,14,37246260,3643,5100,0,10233
1302,5,0,11,14,37277220,3644,5100,0,10238
1303,11,0,14,11,37303380,3644,5100,0,10249
1304,13,0,20,5,37325220,3644,5100,0,10262
1305,9,0,19,6,37370400,3645,5100,0,10271
1306,7,0,11,14,37441800,3646,5100,0,10278
1307,13,0,16,9,37465440,3646,5100,0,10291
1308,13,0,17,8,37502340,3645,5100,0,10304
1309,8,0,14,11,37541280,3645,5100,0,10312
1310,13,0,16,9,37590480,3646,5100,0,10325
1311,12,0,18,7,37618560,3645,5100,0,10337
1312,16,0,20,5,37674960,3646,5100,0,10353
1313,10,0,17,8,37720080,3645,5100,0,10363
1314,1,0,6,19,37772160,3646,5100,0,10364
1315,9,0,11,14,37784280,3646,5100,0,10373
1316,8,0,14,11,37796700,3645,5100,0,10381
1317,4,0,11,14,37827720,3646,5100,0,10385
1318,3,0,9,16,37851120,3646,5100,0,10388
1319,3,0,9,16,37860360,3646,5100,0,10391
1320,4,0,9,16,37882500,3647,5100,0,10395
1321,2,0,9,16,37890720,3647,5100,0,10397
1322,6,0,10,15,37904880,3647,5100,0,10403
1323,7,0,13,12,37916940,3646,5100,0,10410
1324,9,0,16,9,37941540,3647,5100,0,10419
1325,11,0,17,8,37965720,3645,5100,0,10430
1326,8,0,14,11,38019720,3647,5100,0,10438
1327,8,0,11,14,38060700,3647,5100,0,10446
1328,3,0,6,19,38079540,3646,5100,0,10449
1329,15,0,14,11,38093760,3645,5100,0,10464
1330,8,0,15,10,38107380,3644,5100,0,10472
1331,9,0,14,11,38140920,3643,5100,0,10481
1332,13,0,17,8,38172600,3643,5100,0,10494
1333,6,0,12,13,38221500,3644,5100,0,10500
1334,16,0,20,5,38252880,3644,5100,0,10516
1335,7,0,14,11,38297940,3644,5100,0,10523
1336,16,0,20,5,38331840,3644,5100,0,10539
1337,9,0,15,10,38388000,3644,5100,0,10548
1338,11,0,19,6,38421420,3645,5100,0,10559
1339,10,0,15,10,38467620,3644,5100,0,10569
1340,2,0,8,17,38523780,3647,5100,0,10571
1341,2,0,8,17,38537820,3647,5100,0,10573
1342,9,0,11,14,38553240,3647,5100,0,10582
1343,4,0,9,16,38574720,3647,5100,0,10586
1344,3,0,8,17,38586480,3646,5100,0,10589
1345,6,0,11,14,38588280,3645,5100,0,10595
1346,3,0,11,14,38598480,3645,5100,0,10598
1347,4,0,12,13,38605680,3645,5100,0,10602
1348,5,0,12,13,38620320,3645,5100,0,10607
1349,4,0,11,14,38638860,3645,5100,0,10611
1350,7,0,14,11,38656680,3645,5100,0,10618
1351,5,0,13,12,38684280,3646,5100,0,10623
1352,4,0,12,13,38704560,3646,5100,0,10627
1353,6,0,14,11,38716920,3646,5100,0,10633
1354,6,0,13,12,38748480,3646,5100,0,10639
1355,14,0,18,7,38764620,3645,5100,0,10653
1356,13,0,20,5,38816220,3646,5100,0,10666
1357,15,2,25,0,38846700,3646,6180,0,10681
1358,11,0,21,4,38902620,3645,8100,0,10692
1359,8,0,16,9,38968440,3647,8100,0,10700
1360,5,0,14,11,38999580,3647,8100,0,10705
1361,5,0,13,12,39027540,3648,8100,0,10710
1362,14,0,22,3,39049200,3648,8100,0,10724
1363,11,0,22,3,39082200,3648,8100,0,10735
1364,6,0,12,13,39137940,3647,8100,0,10741
1365,8,0,14,11,39153180,3647,8100,0,10749
1366,5,0,14,11,39177960,3647,8100,0,10754
1367,3,0,12,13,39197940,3648,8100,0,10757
1368,3,0,11,14,39227160,3649,8100,0,10760
1369,5,0,9,16,39248700,3649,8100,0,10765
1370,5,0,10,15,39258360,3648,8100,0,10770
1371,8,0,12,13,39279060,3648,8100,0,10778
1372,5,0,13,12,39288420,3647,8100,0,10783
1373,10,0,10,15,39323940,3646,8100,0,10793
1374,4,0,12,13,39331680,3646,8100,0,10797
1375,12,0,15,10,39353040,3645,8100,0,10809
1376,5,0,15,10,39368400,3645,8100,0,10814
1377,13,0,16,9,39406440,3645,8100,0,10827
1378,10,0,15,10,39441720,3644,8100,0,10837
1379,8,0,15,10,39465780,3644,8100,0,10845
1380,15,0,22,3,39495720,3644,8100,0,10860
1381,15,0,21,4,39535920,3642,8100,0,10875
1382,15,0,25,0,39570900,3642,8580,0,10890
1383,6,0,15,10,39641820,3643,8580,0,10896
1384,9,0,12,13,39681720,3642,8580,0,10905
1385,12,0,20,5,39699120,3643,8580,0,10917
1386,11,0,21,4,39735300,3643,8580,0,10928
1387,14,0,24,1,39775200,3643,9180,0,10942
1388,8,0,19,6,39834600,3644,9180,0,10950
1389,3,0,13,12,39882300,3645,9180,0,10953
1390,6,0,14,11,39909420,3646,9180,0,10959
1391,5,0,15,10,39924060,3646,9180,0,10964
1392,5,0,13,12,39955500,3646,9180,0,10969
1393,2,0,9,16,39982020,3647,9180,0,10971
1394,7,0,14,11,39985020,3646,9180,0,10978
1395,8,0,16,9,39995460,3645,9180,0,10986
1396,7,0,15,10,40029180,3646,9180,0,10993
1397,8,0,14,11,40071240,3647,9180,0,11001
1398,11,0,16,9,40092420,3646,9180,0,11012
1399,10,0,17,8,40135680,3647,9180,0,11022
1400,10,0,14,11,40171080,3645,9180,0,11032
1401,13,0,16,9,40206120,3645,9180,0,11045
1402,13,0,22,3,40229280,3645,9180,0,11058
1403,10,0,20,5,40268940,3644,9180,0,11068
1404,11,0,19,6,40333680,3646,9180,0,11079
1405,9,0,16,9,40373160,3646,9180,0,11088
1406,9,0,15,10,40414560,3646,9180,0,11097
1407,8,0,16,9,40441620,3647,9180,0,11105
1408,8,0,15,10,40476120,3647,9180,0,11113
1409,9,0,16,9,40504920,3647,9180,0,11122
1410,8,0,12,13,40539120,3646,9180,0,11130
1411,10,0,14,11,40561320,3645,9180,0,11140
1412,6,0,14,11,40587480,3646,9180,0,11146
1413,7,0,11,14,40624740,3646,9180,0,11153
1414,8,0,13,12,40642080,3645,9180,0,11161
1415,2,0,10,15,40656600,3645,9180,0,11163
1416,6,0,11,14,40671180,3645,9180,0,11169
1417,9,0,16,9,40682940,3644,9180,0,11178
1418,4,0,15,10,40702260,3644,9180,0,11182
1419,7,0,15,10,40730760,3645,9180,0,11189
1420,6,0,15,10,40754640,3645,9180,0,11195
1421,10,0,15,10,40799040,3646,9180,0,11205
1422,6,0,16,9,40818720,3646,9180,0,11211
1423,13,0,19,6,40857240,3646,9180,0,11224
1424,8,0,20,5,40887300,3646,9180,0,11232
1425,8,0,16,9,40947060,3648,9180,0,11240
1426,13,0,19,6,40975260,3647,9180,0,11253
1427,7,0,16,9,41025360,3648,9180,0,11260
1428,11,0,14,11,41075220,3648,9180,0,11271
1429,11,0,17,8,41095620,3648,9180,0,11282
1430,11,0,19,6,41125860,3647,9180,0,11293
1431,13,0,19,6,41166720,3647,9180,0,11306
1432,6,0,15,10,41218140,3648,9180,0,11312
1433,5,0,16,9,41235540,3648,9180,0,11317
1434,17,0,18,7,41288220,3648,9180,0,11334
1435,10,0,18,7,41310300,3647,9180,0,11344
1436,9,0,20,5,41344680,3648,9180,0,11353
1437,10,0,14,11,41404800,3648,9180,0,11363
1438,4,0,10,15,41450220,3649,9180,0,11367
1439,2,0,9,16,41464080,3650,9180,0,11369
1440,4,0,10,15,41475300,3650,9180,0,11373
1441,3,0,13,12,41475300,3650,9180,0,11376
1442,4,0,10,15,41499420,3649,9180,0,11380
1443,5,0,11,14,41512620,3649,9180,0,11385
1444,7,0,11,14,41535900,3649,9180,0,11392
1445,7,0,13,12,41547360,3648,9180,0,11399
1446,7,0,15,10,41562660,3648,9180,0,11406
1447,5,0,12,13,41591760,3648,9180,0,11411
1448,7,0,11,14,41611080,3647,9180,0,11418
1449,7,0,12,13,41632140,3647,9180,0,11425
1450,8,0,16,9,41643000,3647,9180,0,11433
1451,8,0,16,9,41668560,3647,9180,0,11441
1452,14,0,18,7,41705940,3646,9180,0,11455
1453,13,0,16,9,41750580,3645,9180,0,11468
1454,11,0,15,10,41797740,3645,9180,0,11479
1455,16,0,18,7,41829720,3644,9180,0,11495
1456,4,0,15,10,41850660,3644,9180,0,11499
1457,11,0,17,8,41894040,3645,9180,0,11510
1458,11,0,14,11,41931540,3644,9180,0,11521
1459,9,0,15,10,41952060,3643,9180,0,11530
1460,5,0,10,15,41985060,3642,9180,0,11535
1461,7,0,14,11,41996880,3643,9180,0,11542
1462,6,0,11,14,42027420,3642,9180,0,11548
1463,6,0,12,13,42044520,3642,9180,0,11554
1464,6,0,10,15,42079200,3643,9180,0,11560
1465,5,0,13,12,42084720,3643,9180,0,11565
1466,7,0,14,11,42105060,3642,9180,0,11572
1467,4,0,16,9,42107040,3642,9180,0,11576
1468,13,0,17,8,42161040,3643,9180,0,11589
1469,7,0,13,12,42196020,3642,9180,0,11596
1470,7,0,15,10,42220740,3643,9180,0,11603
1471,11,0,22,3,42243480,3644,9180,0,11614
1472,7,0,16,9,42288180,3643,9180,0,11621
1473,9,0,18,7,42318660,3644,9180,0,11630
1474,9,0,17,8,42353340,3644,9180,0,11639
1475,12,0,20,5,42400800,3645,9180,0,11651
1476,9,0,17,8,42435180,3644,9180,0,11660
1477,10,0,16,9,42486540,3645,9180,0,11670
1478,14,0,21,4,42515520,3645,9180,0,11684
1479,8,0,18,7,42557760,3645,9180,0,11692
1480,10,0,17,8,42604440,3646,9180,0,11702
1481,10,0,15,10,42646980,3645,9180,0,11712
1482,6,0,12,13,42684180,3646,9180,0,11718
1483,5,0,11,14,42701880,3645,9180,0,11723
1484,9,0,17,8,42710760,3645,9180,0,11732
1485,3,0,14,11,42735540,3646,9180,0,11735
1486,5,0,13,12,42762420,3646,9180,0,11740
1487,4,0,13,12,42783720,3647,9180,0,11744
1488,8,0,15,10,42805020,3647,9180,0,11752
1489,6,0,13,12,42836400,3647,9180,0,11758
1490,7,0,15,10,42854940,3647,9180,0,11765
1491,5,0,15,10,42873600,3647,9180,0,11770
1492,6,0,14,11,42902400,3647,9180,0,11776
1493,6,0,16,9,42923640,3648,9180,0,11782
1494,5,0,15,10,42953880,3648,9180,0,11787
1495,11,0,16,9,42988800,3648,9180,0,11798
1496,7,0,14,11,43029300,3649,9180,0,11805
1497,11,0,18,7,43051560,3649,9180,0,11816
1498,12,0,21,4,43078380,3648,9180,0,11828
1499,10,0,21,4,43128120,3649,9180,0,11838
1500,8,0,15,10,43185420,3650,9180,0,11846
1501,14,0,18,7,43224720,3650,9180,0,11860
1502,8,0,13,12,43268580,3649,9180,0,11868
1503,12,0,18,7,43292760,3649,9180,0,11880
1504,13,0,20,5,43317780,3648,9180,0,11893
1505,7,0,18,7,43351380,3648,9180,0,11900
1506,5,0,12,13,43409940,3650,9180,0,11905
1507,11,0,14,11,43444920,3650,9180,0,11916
1508,9,0,16,9,43461360,3649,9180,0,11925
1509,8,0,19,6,43479420,3649,9180,0,11933
1510,6,0,13,12,43530960,3650,9180,0,11939
1511,9,0,12,13,43568160,3650,9180,0,11948
1512,4,0,15,10,43572840,3650,9180,0,11952
1513,6,0,15,10,43603680,3650,9180,0,11958
1514,4,0,11,14,43637520,3651,9180,0,11962
1515,6,0,13,12,43654200,3651,9180,0,11968
1516,7,0,13,12,43677540,3651,9180,0,11975
1517,6,0,11,14,43698300,3650,9180,0,11981
1518,8,0,16,9,43713120,3650,9180,0,11989
1519,6,0,13,12,43740240,3650,9180,0,11995
1520,7,0,17,8,43748940,3650,9180,0,12002
1521,8,0,17,8,43783020,3650,9180,0,12010
1522,10,0,19,6,43820880,3651,9180,0,12020
1523,11,0,19,6,43853280,3650,9180,0,12031
1524,8,0,14,11,43887960,3649,9180,0,12039
1525,8,0,14,11,43924920,3650,9180,0,12047
1526,13,0,18,7,43942800,3649,9180,0,12060
1527,16,0,21,4,43980300,3648,9180,0,12076
1528,3,0,17,8,44010120,3648,9180,0,12079
1529,9,0,16,9,44062380,3649,9180,0,12088
1530,7,0,14,11,44100300,3650,9180,0,12095
1531,10,0,18,7,44125920,3650,9180,0,12105
1532,12,0,18,7,44161860,3650,9180,0,12117
1533,6,0,14,11,44192580,3649,9180,0,12123
1534,7,0,11,14,44223960,3649,9180,0,12130
1535,6,0,13,12,44236740,3648,9180,0,12136
1536,3,0,11,14,44252280,3648,9180,0,12139
1537,6,0,10,15,44277300,3648,9180,0,12145
1538,4,0,11,14,44281200,3648,9180,0,12149
1539,9,0,13,12,44294760,3647,9180,0,12158
1540,4,0,13,12,44310000,3647,9180,0,12162
1541,9,0,10,15,44347500,3646,9180,0,12171
1542,6,0,13,12,44354520,3646,9180,0,12177
1543,6,0,13,12,44371980,3646,9180,0,12183
1544,10,0,15,10,44395320,3645,9180,0,12193
1545,6,0,11,14,44421660,3644,9180,0,12199
1546,13,0,18,7,44439240,3644,9180,0,12212
1547,5,0,16,9,44461140,3644,9180,0,12217
1548,13,0,19,6,44495460,3643,9180,0,12230
1549,4,0,16,9,44525160,3644,9180,0,12234
1550,12,0,19,6,44562660,3644,9180,0,12246
1551,8,0,22,3,44580360,3644,9180,0,12254
1552,12,0,20,5,44641860,3645,9180,0,12266
1553,11,0,13,12,44692020,3644,9180,0,12277
1554,3,0,9,16,44719080,3644,9180,0,12280
1555,9,0,13,12,44733480,3643,9180,0,12289
1556,6,0,13,12,44749800,3643,9180,0,12295
1557,3,0,12,13,44767500,3643,9180,0,12298
1558,3,0,10,15,44791380,3644,9180,0,12301
1559,8,0,12,13,44806500,3643,9180,0,12309
1560,7,0,15,10,44814000,3643,9180,0,12316
1561,7,0,13,12,44842620,3642,9180,0,12323
1562,4,0,11,14,44866500,3642,9180,0,12327
1563,4,0,11,14,44881980,3643,9180,0,12331
1564,7,0,12,13,44908020,3643,9180,0,12338
1565,9,0,16,9,44923380,3643,9180,0,12347
1566,8,0,18,7,44936280,3642,9180,0,12355
1567,4,0,11,14,44979120,3642,9180,0,12359
1568,5,0,11,14,45008940,3643,9180,0,12364
1569,8,0,13,12,45025860,3643,9180,0,12372
1570,9,0,18,7,45037740,3642,9180,0,12381
1571,4,0,13,12,45077460,3643,9180,0,12385
1572,9,0,14,11,45106260,3643,9180,0,12394
1573,9,0,18,7,45129660,3643,9180,0,12403
1574,10,0,19,6,45160860,3643,9180,0,12413
1575,12,0,17,8,45201480,3642,9180,0,12425
1576,9,0,19,6,45224460,3642,9180,0,12434
1577,11,0,17,8,45282060,3643,9180,0,12445
1578,7,0,15,10,45315420,3643,9180,0,12452
1579,8,0,14,11,45356760,3644,9180,0,12460
1580,7,0,14,11,45381060,3644,9180,0,12467
1581,8,0,15,10,45397260,3643,9180,0,12475
1582,6,0,14,11,45440640,3644,9180,0,12481
1583,4,0,11,14,45462900,3644,9180,0,12485
1584,8,0,14,11,45477240,3644,9180,0,12493
1585,8,0,16,9,45485640,3643,9180,0,12501
1586,4,0,13,12,45519120,3643,9180,0,12505
1587,5,0,11,14,45550080,3644,9180,0,12510
1588,5,0,10,15,45566700,3643,9180,0,12515
1589,8,0,16,9,45572040,3643,9180,0,12523
1590,5,0,10,15,45605100,3643,9180,0,12528
1591,11,0,12,13,45628320,3642,9180,0,12539
1592,7,0,13,12,45637140,3641,9180,0,12546
1593,9,0,13,12,45664800,3640,9180,0,12555
1594,18,0,23,2,45688980,3640,9180,0,12573
1595,5,0,14,11,45731340,3639,9180,0,12578
1596,10,0,17,8,45765840,3640,9180,0,12588
1597,12,0,21,4,45783540,3639,9180,0,12600
1598,7,0,17,8,45819180,3639,9180,0,12607
1599,3,0,10,15,45876840,3641,9180,0,12610
1600,7,0,13,12,45897000,3641,9180,0,12617
1601,8,0,12,13,45921420,3640,9180,0,12625
1602,3,0,10,15,45940080,3640,9180,0,12628
1603,13,0,16,9,45963960,3640,9180,0,12641
1604,11,0,18,7,45985380,3639,9180,0,12652
1605,7,0,19,6,46009800,3640,9180,0,12659
1606,2,0,12,13,46049280,3640,9180,0,12661
1607,4,0,10,15,46085220,3641,9180,0,12665
1608,7,0,14,11,46096680,3641,9180,0,12672
1609,4,0,12,13,46115100,3641,9180,0,12676
1610,5,0,12,13,46143420,3642,9180,0,12681
1611,3,0,10,15,46161120,3642,9180,0,12684
1612,9,0,14,11,46168860,3641,9180,0,12693
1613,6,0,13,12,46185660,3640,9180,0,12699
1614,5,0,10,15,46217760,3640,9180,0,12704
1615,5,0,13,12,46225020,3640,9180,0,12709
1616,11,0,13,12,46260360,3640,9180,0,12720
1617,4,0,11,14,46282200,3640,9180,0,12724
1618,9,0,15,10,46295940,3640,9180,0,12733
1619,11,0,20,5,46316160,3640,9180,0,12744
1620,15,0,21,4,46353120,3638,9180,0,12759
1621,17,0,23,2,46411260,3639,9180,0,12776
1622,6,0,18,7,46458660,3639,9180,0,12782
1623,8,0,14,11,46507200,3640,9180,0,12790
1624,9,0,17,8,46528500,3640,9180,0,12799
1625,4,0,13,12,46566300,3640,9180,0,12803
1626,7,0,13,12,46588200,3640,9180,0,12810
1627,10,0,14,11,46607820,3639,9180,0,12820
1628,7,0,13,12,46641360,3639,9180,0,12827
1629,12,0,16,9,46665060,3639,9180,0,12839
1630,6,0,15,10,46688640,3639,9180,0,12845
1631,5,0,13,12,46725960,3639,9180,0,12850
1632,1,0,10,15,46746360,3640,9180,0,12851
1633,7,0,9,16,46765500,3639,9180,0,12858
1634,2,0,9,16,46774380,3639,9180,0,12860
1635,4,0,12,13,46777500,3639,9180,0,12864
1636,3,0,12,13,46785540,3639,9180,0,12867
1637,2,0,10,15,46806000,3639,9180,0,12869
1638,7,0,11,14,46819980,3639,9180,0,12876
1639,9,0,12,13,46834440,3638,9180,0,12885
1640,5,0,12,13,46858020,3638,9180,0,12890
1641,12,0,18,7,46873980,3638,9180,0,12902
1642,9,0,20,5,46893300,3637,9180,0,12911
1643,10,0,18,7,46950120,3638,9180,0,12921
1644,14,0,21,4,46987140,3638,9180,0,12935
1645,9,0,16,9,47036700,3638,9180,0,12944
1646,12,0,18,7,47079720,3638,9180,0,12956
1647,6,0,15,10,47108460,3638,9180,0,12962
1648,5,0,13,12,47146560,3639,9180,0,12967
1649,9,0,16,9,47164980,3639,9180,0,12976
1650,9,0,17,8,47194860,3639,9180,0,12985
1651,11,0,17,8,47227440,3638,9180,0,12996
1652,6,0,13,12,47261580,3638,9180,0,13002
1653,11,0,18,7,47277780,3638,9180,0,13013
1654,5,0,14,11,47322540,3639,9180,0,13018
1655,8,0,16,9,47354760,3639,9180,0,13026
1656,4,0,15,10,47367180,3639,9180,0,13030
1657,3,0,11,14,47412180,3640,9180,0,13033
1658,4,0,11,14,47428920,3641,9180,0,13037
1659,4,0,13,12,47439780,3641,9180,0,13041
1660,4,0,14,11,47457900,3641,9180,0,13045
1661,12,0,21,4,47478300,3642,9180,0,13057
1662,7,0,17,8,47536980,3643,9300,0,13064
1663,4,0,14,11,47574780,3644,9300,0,13068
1664,8,0,15,10,47605740,3644,9300,0,13076
1665,13,0,18,7,47641980,3644,9300,0,13089
1666,3,0,15,10,47657460,3644,9300,0,13092
1667,13,0,20,5,47692500,3644,9300,0,13105
1668,8,0,12,13,47751180,3644,9300,0,13113
1669,15,0,23,2,47759220,3644,9300,0,13128
1670,13,0,19,6,47806380,3643,9600,0,13141
1671,7,0,15,10,47852220,3643,9600,0,13148
1672,4,0,12,13,47893260,3644,9600,0,13152
1673,10,0,16,9,47908320,3644,9600,0,13162
1674,6,0,14,11,47927460,3643,9600,0,13168
1675,6,0,13,12,47966340,3644,9600,0,13174
1676,7,0,15,10,47982540,3644,9600,0,13181
1677,4,0,15,10,48002340,3644,9600,0,13185
1678,5,0,14,11,48029940,3645,9600,0,13190
1679,1,0,10,15,48064500,3646,9600,0,13191
1680,6,0,14,11,48084240,3647,9600,0,13197
1681,10,0,14,11,48114900,3647,9600,0,13207
1682,4,0,13,12,48136200,3647,9600,0,13211
1683,2,0,10,15,48160140,3647,9600,0,13213
1684,5,0,12,13,48174540,3647,9600,0,13218
1685,9,0,13,12,48195780,3647,9600,0,13227
1686,5,0,15,10,48211200,3647,9600,0,13232
1687,8,0,15,10,48243600,3647,9600,0,13240
1688,5,0,13,12,48281700,3648,9600,0,13245
1689,5,0,11,14,48318540,3649,9600,0,13250
1690,12,0,20,5,48321720,3649,9600,0,13262
1691,9,0,17,8,48360480,3648,9600,0,13271
1692,12,0,19,6,48406740,3649,9600,0,13283
1693,15,0,19,6,48463320,3649,9600,0,13298
1694,7,0,15,10,48502380,3649,9600,0,13305
1695,4,0,12,13,48535800,3650,9600,0,13309
1696,10,0,18,7,48540900,3649,9600,0,13319
1697,11,0,17,8,48575760,3648,9600,0,13330
1698,11,0,15,10,48620160,3648,9600,0,13341
1699,11,0,21,4,48633180,3648,9600,0,13352
1700,12,0,16,9,48681720,3647,9600,0,13364
1701,8,0,15,10,48715200,3647,9600,0,13372
1702,6,0,14,11,48748740,3647,9600,0,13378
1703,6,0,14,11,48780780,3648,9600,0,13384
1704,4,0,10,15,48821340,3649,9600,0,13388
1705,5,0,11,14,48827640,3648,9600,0,13393
1706,6,0,14,11,48844980,3649,9600,0,13399
1707,7,0,14,11,48866460,3648,9600,0,13406
1708,11,0,15,10,48894240,3648,9600,0,13417
1709,8,0,16,9,48911940,3647,9600,0,13425
1710,8,0,17,8,48947760,3648,9600,0,13433
1711,7,0,13,12,48990360,3648,9600,0,13440
1712,10,0,16,9,49022640,3649,9600,0,13450
1713,8,0,18,7,49049340,3649,9600,0,13458
1714,10,0,15,10,49095900,3649,9600,0,13468
1715,7,0,12,13,49133520,3649,9600,0,13475
1716,10,0,16,9,49154580,3649,9600,0,13485
1717,13,0,16,9,49191660,3648,9600,0,13498
1718,8,0,15,10,49223580,3648,9600,0,13506
1719,5,0,15,10,49249740,3649,9600,0,13511
1720,15,0,21,4,49280940,3649,9600,0,13526
1721,3,0,14,11,49316880,3649,9600,0,13529
1722,5,0,13,12,49356780,3650,9600,0,13534
1723,5,0,12,13,49373160,3649,9600,0,13539
1724,6,0,10,15,49400220,3649,9600,0,13545
1725,11,0,14,11,49414380,3648,9600,0,13556
1726,6,0,14,11,49437360,3649,9600,0,13562
1727,8,0,16,9,49457940,3648,9600,0,13570
1728,6,0,14,11,49490640,3649,9600,0,13576
1729,7,0,13,12,49516800,3648,9600,0,13583
1730,4,0,10,15,49540380,3648,9600,0,13587
1731,5,0,9,16,49552560,3648,9600,0,13592
1732,5,0,11,14,49568700,3648,9600,0,13597
1733,9,0,14,11,49579920,3647,9600,0,13606
1734,5,0,12,13,49602780,3647,9600,0,13611
1735,6,0,13,12,49626420,3647,9600,0,13617
1736,14,0,22,3,49638600,3647,9600,0,13631
1737,8,0,14,11,49696560,3647,9600,0,13639
1738,9,0,18,7,49720800,3647,9600,0,13648
1739,11,0,19,6,49752540,3647,9600,0,13659
1740,8,0,15,10,49803660,3648,9600,0,13667
1741,8,0,16,9,49835340,3648,9600,0,13675
1742,9,0,19,6,49857300,3648,9600,0,13684
1743,12,0,21,4,49904340,3649,9600,0,13696
1744,13,0,24,1,49940520,3649,9600,0,13709
1745,14,0,19,6,50010240,3649,9600,0,13723
1746,6,0,15,10,50039340,3648,9600,0,13729
1747,4,0,15,10,50055540,3648,9600,0,13733
1748,8,0,15,10,50087520,3649,9600,0,13741
1749,8,0,15,10,50126460,3649,9600,0,13749
1750,7,0,13,12,50156520,3649,9600,0,13756
1751,3,0,12,13,50174940,3649,9600,0,13759
1752,4,0,12,13,50198340,3650,9600,0,13763
1753,3,0,12,13,50207580,3650,9600,0,13766
1754,5,0,12,13,50231280,3650,9600,0,13771
1755,6,0,13,12,50240160,3650,9600,0,13777
1756,3,0,13,12,50255580,3650,9600,0,13780
1757,5,0,12,13,50285700,3651,9600,0,13785
1758,5,0,11,14,50305440,3650,9600,0,13790
1759,16,0,16,9,50335020,3650,9600,0,13806
1760,9,0,18,7,50350140,3649,9600,0,13815
1761,10,0,18,7,50383320,3649,9600,0,13825
1762,13,0,16,9,50428980,3648,9600,0,13838
1763,13,0,21,4,50454360,3648,9600,0,13851
1764,9,0,21,4,50497920,3648,9600,0,13860
1765,10,0,18,7,50550600,3649,9600,0,13870
1766,7,0,18,7,50575620,3649,10080,0,13877
1767,11,0,21,4,50624700,3650,10080,0,13888
1768,13,0,19,6,50676600,3650,10080,0,13901
1769,19,0,25,0,50729640,3650,11700,0,13920
1770,12,0,21,4,50787480,3650,11700,0,13932
1771,10,0,20,5,50820780,3650,11700,0,13942
1772,4,0,9,16,50892240,3651,11700,0,13946
1773,7,0,13,12,50905860,3651,11700,0,13953
1774,6,0,13,12,50918460,3651,11700,0,13959
1775,6,0,17,8,50929020,3651,11700,0,13965
1776,5,0,14,11,50959500,3651,11700,0,13970
1777,9,0,12,13,50992560,3650,11700,0,13979
1778,4,0,12,13,51006660,3650,11700,0,13983
1779,6,0,15,10,51017220,3650,11700,0,13989
1780,5,0,14,11,51040620,3650,11700,0,13994
1781,3,0,13,12,51066780,3651,11700,0,13997
1782,5,0,10,15,51096480,3651,11700,0,14002
1783,8,0,11,14,51113280,3651,11700,0,14010
1784,9,0,14,11,51130140,3650,11700,0,14019
1785,9,0,17,8,51139620,3649,11700,0,14028
1786,12,0,22,3,51172260,3650,11700,0,14040
1787,7,0,19,6,51204900,3650,11700,0,14047
1788,12,0,17,8,51268320,3651,11700,0,14059
1789,12,0,18,7,51297960,3650,11700,0,14071
1790,8,0,17,8,51334380,3650,11700,0,14079
1791,7,0,14,11,51372600,3650,11700,0,14086
1792,11,0,17,8,51386640,3649,11700,0,14097
1793,10,0,15,10,51425520,3649,11700,0,14107
1794,8,0,14,11,51454260,3648,11700,0,14115
1795,5,0,13,12,51473580,3648,11700,0,14120
1796,8,0,14,11,51502020,3649,11700,0,14128
1797,4,0,11,14,51527580,3649,11700,0,14132
1798,5,0,12,13,51537180,3648,11700,0,14137
1799,5,0,10,15,51560220,3648,11700,0,14142
1800,2,0,7,18,51585060,3648,11700,0,14144
1801,5,0,10,15,51588120,3648,11700,0,14149
1802,6,0,13,12,51595740,3648,11700,0,14155
1803,6,0,14,11,51607860,3647,11700,0,14161
1804,4,0,12,13,51636960,3648,11700,0,14165
1805,3,0,11,14,51662760,3649,11700,0,14168
1806,5,0,10,15,51684360,3649,11700,0,14173
1807,5,0,12,13,51695940,3649,11700,0,14178
1808,9,0,13,12,51718800,3648,11700,0,14187
1809,9,0,19,6,51728580,3648,11700,0,14196
1810,18,0,19,6,51779220,3647,11700,0,14214
1811,13,0,23,2,51808080,3647,11700,0,14227
1812,9,0,18,7,51860460,3647,11700,0,14236
1813,10,0,18,7,51897360,3647,11700,0,14246
1814,14,0,20,5,51944400,3647,11700,0,14260
1815,11,0,19,6,51975120,3646,11700,0,14271
1816,10,0,16,9,52023180,3646,11700,0,14281
1817,12,0,21,4,52061880,3647,11700,0,14293
1818,6,0,12,13,52129800,3648,11700,0,14299
1819,5,0,10,15,52146900,3648,11700,0,14304
1820,5,0,12,13,52153620,3647,11700,0,14309
1821,9,0,18,7,52167900,3648,11700,0,14318
1822,9,0,16,9,52216800,3648,11700,0,14327
1823,6,0,15,10,52238040,3648,11700,0,14333
1824,10,0,16,9,52271580,3648,11700,0,14343
1825,5,0,13,12,52296420,3648,11700,0,14348
1826,4,0,12,13,52317660,3648,11700,0,14352
1827,9,0,16,9,52332300,3648,11700,0,14361
1828,5,0,14,11,52357080,3648,11700,0,14366
1829,3,0,8,17,52399740,3648,11700,0,14369
1830,3,0,11,14,52399740,3648,11700,0,14372
1831,6,0,10,15,52417380,3648,11700,0,14378
1832,12,0,17,8,52424880,3647,11700,0,14390
1833,10,0,17,8,52460760,3647,11700,0,14400
1834,14,0,19,6,52500060,3647,11700,0,14414
1835,11,0,16,9,52549320,3646,11700,0,14425
1836,13,0,20,5,52584660,3647,11700,0,14438
1837,16,0,22,3,52628700,3646,11940,0,14454
1838,11,0,18,7,52675860,3646,11940,0,14465
1839,9,0,21,4,52703940,3646,11940,0,14474
1840,14,0,22,3,52763820,3647,12960,0,14488
1841,12,0,21,4,52801140,3646,12960,0,14500
1842,8,0,17,8,52871640,3648,12960,0,14508
1843,11,0,17,8,52915260,3648,12960,0,14519
1844,7,0,17,8,52940520,3648,12960,0,14526
1845,6,0,16,9,52957560,3648,12960,0,14532
1846,8,0,15,10,53010000,3649,12960,0,14540
1847,3,0,14,11,53041680,3650,12960,0,14543
1848,1,0,9,16,53079180,3651,12960,0,14544
1849,7,0,13,12,53092440,3651,12960,0,14551
1850,14,0,20,5,53106120,3651,12960,0,14565
1851,5,0,16,9,53139600,3651,12960,0,14570
1852,10,0,16,9,53178900,3651,12960,0,14580
1853,8,0,13,12,53203860,3650,12960,0,14588
1854,3,0,13,12,53216460,3650,12960,0,14591
1855,11,0,15,10,53241060,3649,12960,0,14602
1856,15,0,21,4,53263860,3649,12960,0,14617
1857,7,0,16,9,53309640,3649,12960,0,14624
1858,6,0,15,10,53339760,3649,12960,0,14630
1859,10,0,16,9,53379840,3650,12960,0,14640
1860,7,0,15,10,53406840,3650,12960,0,14647
1861,10,0,18,7,53442120,3650,12960,0,14657
1862,7,0,16,9,53472120,3650,12960,0,14664
1863,9,0,16,9,53499540,3650,12960,0,14673
1864,12,0,19,6,53518680,3649,12960,0,14685
1865,6,0,20,5,53554620,3650,12960,0,14691
1866,6,0,12,13,53623920,3651,12960,0,14697
1867,4,0,13,12,53634720,3651,12960,0,14701
1868,10,0,15,10,53660100,3651,12960,0,14711
1869,4,0,13,12,53692020,3652,12960,0,14715
1870,5,0,11,14,53727780,3652,12960,0,14720
1871,4,0,13,12,53732040,3652,12960,0,14724
1872,8,0,15,10,53751360,3652,12960,0,14732
1873,9,0,12,13,53790900,3652,12960,0,14741
1874,4,0,12,13,53812560,3652,12960,0,14745
1875,3,0,10,15,53827560,3652,12960,0,14748
1876,5,0,12,13,53839380,3652,12960,0,14753
1877,6,0,14,11,53851380,3652,12960,0,14759
1878,7,0,15,10,53873460,3652,12960,0,14766
1879,9,0,16,9,53911680,3652,12960,0,14775
1880,7,0,19,6,53925540,3652,12960,0,14782
1881,15,0,23,2,53964780,3652,12960,0,14797
1882,17,0,23,2,54026100,3652,12960,0,14814
1883,19,0,25,0,54072840,3651,13080,0,14833
1884,9,0,18,7,54123660,3651,13080,0,14842
1885,11,0,16,9,54168840,3650,13080,0,14853
1886,15,0,21,4,54208080,3651,13080,0,14868
1887,9,0,21,4,54244140,3651,13080,0,14877
1888,9,0,14,11,54305880,3651,13080,0,14886
1889,5,0,13,12,54330000,3651,13080,0,14891
1890,6,0,14,11,54349920,3651,13080,0,14897
1891,6,0,11,14,54372000,3651,13080,0,14903
1892,1,0,10,15,54383880,3651,13080,0,14904
1893,8,0,15,10,54405540,3652,13080,0,14912
1894,8,0,14,11,54426420,3651,13080,0,14920
1895,5,0,11,14,54452400,3651,13080,0,14925
1896,4,0,12,13,54464880,3651,13080,0,14929
1897,6,0,12,13,54491820,3651,13080,0,14935
1898,6,0,13,12,54509400,3651,13080,0,14941
1899,7,0,15,10,54526020,3651,13080,0,14948
1900,2,0,10,15,54550260,3651,13080,0,14950
1901,7,0,10,15,54571440,3650,13080,0,14957
1902,9,0,14,11,54581520,3650,13080,0,14966
1903,8,0,16,9,54593100,3649,13080,0,14974
1904,7,0,14,11,54623580,3649,13080,0,14981
1905,11,0,18,7,54646860,3649,13080,0,14992
1906,8,0,19,6,54670320,3649,13080,0,15000
1907,7,0,12,13,54728160,3649,13080,0,15007
1908,12,0,16,9,54747900,3649,13080,0,15019
1909,13,0,20,5,54773760,3648,13080,0,15032
1910,5,0,19,6,54800340,3648,13080,0,15037
1911,15,0,22,3,54866700,3650,13080,0,15052
1912,8,0,17,8,54914880,3650,13080,0,15060
1913,9,0,14,11,54955320,3650,13080,0,15069
1914,9,0,15,10,54977820,3649,13080,0,15078
1915,10,0,18,7,55001820,3649,13080,0,15088
1916,10,0,18,7,55036680,3649,13080,0,15098
1917,8,0,16,9,55076580,3649,13080,0,15106
1918,8,0,15,10,55108080,3649,13080,0,15114
1919,2,0,14,11,55122780,3650,13080,0,15116
1920,7,0,16,9,55142580,3650,13080,0,15123
1921,6,0,12,13,55195920,3651,13080,0,15129
1922,4,0,8,17,55216680,3650,13080,0,15133
1923,6,0,13,12,55217400,3650,13080,0,15139
1924,7,0,12,13,55245000,3650,13080,0,15146
1925,6,0,15,10,55253100,3650,13080,0,15152
1926,6,0,15,10,55277280,3650,13080,0,15158
1927,9,0,13,12,55317120,3650,13080,0,15167
1928,6,0,14,11,55327980,3649,13080,0,15173
1929,10,0,14,11,55364640,3649,13080,0,15183
1930,10,0,16,9,55387620,3649,13080,0,15193
1931,11,0,19,6,55410120,3649,13080,0,15204
1932,8,0,15,10,55457580,3649,13080,0,15212
1933,9,0,16,9,55482960,3648,13080,0,15221
1934,10,0,16,9,55515240,3648,13080,0,15231
1935,13,0,19,6,55545540,3648,13080,0,15244
1936,12,0,21,4,55579440,3648,13080,0,15256
1937,8,0,21,4,55615920,3648,13080,0,15264
1938,4,0,15,10,55658640,3649,13080,0,15268
1939,6,0,12,13,55702560,3649,13080,0,15274
1940,11,0,11,14,55733880,3648,13080,0,15285
1941,6,0,10,15,55754580,3648,13080,0,15291
1942,8,0,13,12,55766160,3648,13080,0,15299
1943,4,0,15,10,55767840,3647,13080,0,15303
1944,5,0,14,11,55793160,3648,13080,0,15308
1945,7,0,15,10,55825140,3648,13080,0,15315
1946,2,0,11,14,55847520,3648,13080,0,15317
1947,9,0,13,12,55880160,3649,13080,0,15326
1948,8,0,15,10,55903740,3649,13080,0,15334
1949,8,0,13,12,55940940,3649,13080,0,15342
1950,2,0,11,14,55963620,3649,13080,0,15344
1951,10,0,12,13,55985460,3649,13080,0,15354
1952,8,0,18,7,55989480,3648,13080,0,15362
1953,13,0,17,8,56029980,3648,13080,0,15375
1954,12,0,18,7,56056620,3647,13080,0,15387
1955,7,0,14,11,56089080,3646,13080,0,15394
1956,10,0,17,8,56108460,3646,13080,0,15404
1957,14,0,20,5,56144760,3646,13080,0,15418
1958,10,4,17,8,56175240,3646,14340,0,15428
1959,13,3,25,0,56218740,3647,21600,1,15441
1960,12,0,21,4,56289840,3647,30300,1,15453
1961,9,0,19,6,56332560,3647,30300,1,15462
1962,14,0,24,1,56369760,3648,31140,2,15476
1963,7,0,15,10,56442060,3648,31140,2,15483
1964,8,0,14,11,56479800,3649,31140,2,15491
1965,11,0,17,8,56505300,3649,31140,2,15502
1966,4,0,12,13,56544660,3649,31140,2,15506
1967,5,0,13,12,56558820,3649,31140,2,15511
1968,2,0,10,15,56577480,3649,31140,2,15513
1969,8,0,13,12,56590800,3649,31140,2,15521
1970,1,0,9,16,56618880,3649,31140,2,15522
1971,4,0,10,15,56627700,3649,31140,2,15526
1972,9,0,14,11,56635140,3648,31140,2,15535
1973,7,0,17,8,56641920,3648,31140,2,15542
1974,12,0,16,9,56698980,3649,31140,2,15554
1975,8,0,16,9,56733840,3649,31140,2,15562
1976,9,0,16,9,56768040,3649,31140,1,15571
1977,5,0,13,12,56797020,3649,31140,1,15576
1978,11,0,15,10,56843280,3650,31140,1,15587
1979,9,0,18,7,56853360,3649,31140,1,15596
1980,11,0,16,9,56896020,3649,31140,1,15607
1981,13,0,22,3,56921760,3649,31140,1,15620
1982,13,0,20,5,56971680,3648,33060,2,15633
1983,14,0,20,5,57010080,3648,33060,2,15647
1984,6,0,16,9,57070980,3649,33060,2,15653
1985,14,0,17,8,57113760,3649,33060,2,15667
1986,8,0,17,8,57140100,3649,33060,2,15675
1987,6,0,14,11,57177180,3649,33060,2,15681
1988,4,0,11,14,57201180,3649,33060,2,15685
1989,3,0,10,15,57226140,3650,33060,2,15688
1990,5,0,11,14,57238440,3649,33060,2,15693
1991,8,0,15,10,57255780,3650,33060,2,15701
1992,5,0,12,13,57279240,3649,33060,2,15706
1993,4,0,13,12,57294840,3650,33060,2,15710
1994,9,0,14,11,57316080,3649,33060,2,15719
1995,5,0,13,12,57337860,3649,33060,2,15724
1996,6,0,13,12,57365280,3649,33060,2,15730
1997,3,0,13,12,57379680,3650,33060,2,15733
1998,11,0,15,10,57414060,3650,33060,2,15744
1999,5,0,13,12,57430500,3649,33060,2,15749
2000,12,0,20,5,57448080,3649,33060,2,15761
2001,7,0,20,5,57490680,3650,33060,2,15768
2002,6,0,16,9,57533160,3651,33060,2,15774
2003,11,0,19,6,57575040,3651,33060,2,15785
2004,10,0,20,5,57612660,3652,33060,2,15795
2005,16,0,22,3,57652440,3651,33240,2,15811
2006,7,0,14,11,57718500,3652,33240,2,15818
2007,9,0,15,10,57746400,3652,33240,2,15827
2008,11,0,20,5,57768900,3652,33240,2,15838
2009,6,0,18,7,57793140,3651,33240,2,15844
2010,10,0,13,12,57860700,3652,33240,2,15854
2011,10,0,19,6,57880440,3652,33240,2,15864
2012,8,0,14,11,57920400,3652,33240,2,15872
2013,3,0,13,12,57935100,3652,33240,2,15875
2014,5,0,12,13,57969480,3653,33240,2,15880
2015,2,0,10,15,57990540,3653,33240,2,15882
2016,9,0,14,11,58004820,3653,33240,2,15891
2017,9,0,19,6,58008060,3652,33240,2,15900
2018,10,0,22,3,58022220,3651,33240,2,15910
2019,8,0,22,3,58045020,3651,33240,2,15918
2020,5,0,19,6,58074840,3651,33240,2,15923
2021,13,0,22,3,58100100,3650,33240,2,15936
2022,6,0,16,9,58133580,3650,33240,2,15942
2023,5,0,18,7,58141560,3650,33240,2,15947
2024,5,0,15,10,58176360,3650,33240,2,15952
2025,8,0,20,5,58182300,3650,33240,2,15960
2026,14,5,23,2,58195140,3649,35160,2,15974
2027,7,11,21,4,58214160,3650,39780,2,15981
2028,9,11,25,0,58247460,3650,63600,3,15990
2029,2,0,24,1,58310460,3651,136800,8,15992
2030,12,0,21,4,58345260,3650,136800,8,16004
2031,9,1,25,0,58360920,3650,138300,8,16013
2032,9,0,23,2,58409100,3650,138840,8,16022
2033,12,0,24,1,58436760,3650,138840,8,16034
2034,8,0,21,4,58473540,3649,138840,8,16042
2035,8,0,21,4,58502280,3649,138840,8,16050
2036,7,0,20,5,58531380,3649,138840,8,16057
2037,7,0,20,5,58558320,3649,138840,8,16064
2038,6,0,19,6,58586700,3650,138840,8,16070
2039,3,0,18,7,58603200,3650,138840,8,16073
2040,7,0,22,3,58616580,3650,138840,8,16080
2041,3,0,18,7,58649460,3650,138840,8,16083
2042,5,0,18,7,58667280,3650,138840,8,16088
2043,4,0,18,7,58685460,3650,138840,8,16092
2044,3,0,17,8,58703220,3651,138840,8,16095
2045,6,0,20,5,58712640,3651,138840,8,16101
2046,2,0,16,9,58732980,3650,138840,8,16103
2047,7,0,21,4,58738140,3650,138840,8,16110
2048,8,0,20,5,58764120,3650,138840,8,16118
2049,5,0,20,5,58783980,3650,138840,8,16123
2050,10,0,21,4,58817580,3650,138840,8,16133
2051,11,0,25,0,58845180,3650,138840,8,16144
2052,14,2,25,0,58872780,3649,142500,8,16158
2053,9,0,21,4,58922640,3649,145680,9,16167
2054,6,0,21,4,58955340,3650,145680,9,16173
2055,8,0,22,3,58977540,3649,145680,9,16181
2056,15,2,25,0,59015520,3649,147300,9,16196
2057,10,0,24,1,59055420,3649,150780,9,16206
2058,8,4,20,5,59089680,3649,151500,9,16214
2059,8,0,19,6,59122680,3648,161580,9,16222
2060,3,0,19,6,59146560,3649,161580,9,16225
2061,4,0,19,6,59178300,3650,161580,9,16229
2062,8,0,19,6,59203320,3650,161580,9,16237
2063,7,0,18,7,59225100,3650,161580,9,16244
2064,3,0,18,7,59241180,3650,161580,9,16247
2065,5,0,18,7,59264640,3650,161580,9,16252
2066,2,0,16,9,59276640,3650,161580,9,16254
2067,5,0,17,8,59288700,3650,161580,9,16259
2068,4,0,19,6,59289900,3649,161580,9,16263
2069,8,0,20,5,59324400,3650,161580,9,16271
2070,6,0,20,5,59342880,3650,161580,9,16277
2071,12,0,19,6,59371980,3649,161580,9,16289
2072,10,0,22,3,59397600,3649,161580,9,16299
2073,9,0,24,1,59421420,3649,161580,9,16308
2074,13,6,25,0,59450760,3649,164820,10,16321
2075,12,13,25,0,59477700,3650,172260,10,16333
2076,15,17,25,0,59549400,3651,183900,11,16348
2077,10,19,25,0,59588100,3652,202620,12,16358
2078,12,23,25,0,59625060,3653,214920,13,16370
2079,13,26,25,0,59669520,3653,248100,15,16383
2080,12,30,25,0,59710020,3654,254280,15,16395
2081,11,34,25,0,59746620,3654,266340,16,16406
2082,11,39,25,0,59790660,3656,275520,16,16417
2083,8,36,25,0,59844660,3657,315240,19,16425
2084,9,33,25,0,59892180,3657,403860,24,16434
2085,6,27,25,0,59926320,3656,618540,37,16440
2086,8,15,25,0,59987940,3656,960480,58,16448
2087,11,3,25,0,60018720,3652,1231500,74,16459
2088,9,5,23,2,60038040,3651,1307640,79,16468
2089,6,5,22,3,60082980,3653,1316640,79,16474
2090,8,2,25,0,60122280,3653,1338840,81,16482
2091,5,0,16,9,60185640,3654,1351560,81,16487
2092,7,0,20,5,60202500,3654,1351560,81,16494
2093,6,0,20,5,60214560,3653,1351560,81,16500
2094,10,0,20,5,60246900,3653,1351560,81,16510
2095,9,0,24,1,60255660,3652,1351920,81,16519
2096,9,0,25,0,60295680,3653,1355880,82,16528
2097,11,0,25,0,60341820,3653,1356660,82,16539
2098,9,1,25,0,60371880,3654,1356840,81,16548
2099,7,0,21,4,60424860,3654,1358220,82,16555
2100,17,0,25,0,60469740,3654,1358220,81,16572
2101,9,0,23,2,60498780,3653,1359480,81,16581
2102,8,0,21,4,60540360,3654,1359480,81,16589
2103,10,0,21,4,60570000,3653,1359480,81,16599
2104,7,0,23,2,60592320,3653,1359480,81,16606
2105,9,0,21,4,60631800,3653,1359480,81,16615
2106,9,0,23,2,60656040,3653,1359480,81,16624
2107,4,0,22,3,60676200,3653,1360080,81,16628
2108,8,0,22,3,60716040,3654,1360080,81,16636
2109,3,0,20,5,60737640,3654,1360080,81,16639
2110,10,0,22,3,60777960,3655,1360080,81,16649
2111,4,0,18,7,60810960,3655,1360080,81,16653
2112,5,0,18,7,60831180,3655,1360080,81,16658
2113,6,0,19,6,60851880,3655,1360080,81,16664
2114,8,0,20,5,60869820,3655,1360080,81,16672
2115,10,0,20,5,60898080,3654,1360080,81,16682
2116,9,0,24,1,60919260,3655,1360140,81,16691
2117,4,0,18,7,60962340,3655,1360140,81,16695
2118,10,0,23,2,60975540,3655,1360140,81,16705
2119,9,0,24,1,61005000,3655,1360140,81,16714
2120,12,0,25,0,61041180,3654,1361160,81,16726
2121,7,0,20,5,61093920,3655,1361760,81,16733
2122,13,0,25,0,61118940,3655,1361820,81,16746
2123,9,1,25,0,61146960,3655,1364820,81,16755
2124,6,0,21,4,61189800,3655,1366260,81,16761
2125,9,0,22,3,61231560,3656,1366260,81,16770
2126,6,0,22,3,61258020,3656,1366260,81,16776
2127,13,0,23,2,61299780,3656,1367760,81,16789
2128,9,0,21,4,61340700,3656,1367760,81,16798
2129,12,4,25,0,61358040,3656,1368900,81,16810
2130,5,6,22,3,61388820,3656,1371960,81,16815
2131,4,2,24,1,61428120,3657,1395540,82,16819
2132,8,0,21,4,61482060,3658,1406820,83,16827
2133,3,0,19,6,61495260,3658,1406820,83,16830
2134,6,0,21,4,61520520,3658,1406820,83,16836
2135,7,0,22,3,61538520,3658,1406820,83,16843
2136,6,0,21,4,61566420,3658,1406820,83,16849
2137,6,0,19,6,61601940,3658,1406820,83,16855
2138,4,0,19,6,61615500,3658,1406820,83,16859
2139,7,0,18,7,61638840,3658,1406820,83,16866
2140,2,0,17,8,61652400,3658,1406820,83,16868
2141,9,0,22,3,61677660,3659,1406820,83,16877
2142,8,0,24,1,61687080,3658,1406820,83,16885
2143,10,0,24,1,61726500,3658,1406820,83,16895
2144,10,1,25,0,61758840,3658,1408080,83,16905
2145,10,3,25,0,61797720,3659,1411560,83,16915
2146,15,8,25,0,61846800,3660,1418700,83,16930
2147,15,18,25,0,61877100,3660,1422780,83,16945
2148,4,13,25,0,61932540,3662,1452960,85,16949
2149,12,9,25,0,61991460,3662,1507860,88,16961
2150,11,4,25,0,62020380,3660,1582440,93,16972
2151,13,13,22,3,62049360,3660,1587060,93,16985
2152,10,20,20,5,62084820,3661,1590000,93,16995
2153,9,26,20,5,62111580,3662,1604880,94,17004
2154,14,37,21,4,62132640,3663,1619820,95,17018
2155,2,34,22,3,62167080,3664,1662600,97,17020
2156,9,33,25,0,62209380,3665,1762560,103,17029
2157,8,35,25,0,62242500,3666,1823820,107,17037
2158,8,35,25,0,62289780,3667,1840560,107,17045
2159,9,37,25,0,62323740,3667,1880520,110,17054
2160,3,29,25,0,62378580,3668,1991640,116,17057
2161,3,19,25,0,62415480,3668,2323920,136,17060
2162,6,0,16,9,62481060,3664,2764080,161,17066
2163,2,0,15,10,62490780,3664,2764080,161,17068
2164,4,0,15,10,62509020,3664,2764080,161,17072
2165,6,0,17,8,62513640,3664,2764080,161,17078
2166,9,0,20,5,62522040,3663,2764080,161,17087
2167,8,0,22,3,62541420,3663,2764080,161,17095
2168,4,0,19,6,62573100,3663,2764080,161,17099
2169,4,0,18,7,62598540,3663,2764080,161,17103
2170,8,0,19,6,62622660,3663,2764080,161,17111
2171,12,0,23,2,62645700,3663,2764080,161,17123
2172,8,0,20,5,62679720,3663,2765160,161,17131
2173,8,0,20,5,62704740,3662,2765160,161,17139
2174,13,0,21,4,62736840,3662,2765160,161,17152
2175,5,0,19,6,62762880,3662,2765160,161,17157
2176,9,0,24,1,62778420,3662,2765160,161,17166
2177,13,0,24,1,62830080,3662,2765640,160,17179
2178,14,2,25,0,62851620,3661,2767620,160,17193
2179,6,0,21,4,62904120,3661,2771760,161,17199
2180,7,0,17,8,62943780,3661,2771760,161,17206
2181,2,0,17,8,62957760,3662,2771760,161,17208
2182,3,0,13,12,62977560,3661,2771760,161,17211
2183,6,0,17,8,62979720,3661,2771760,160,17217
2184,7,0,21,4,62990640,3661,2771760,160,17224
2185,7,0,20,5,63027000,3662,2771760,160,17231
2186,10,0,23,2,63044700,3661,2771760,160,17241
2187,5,0,21,4,63073200,3661,2771760,160,17246
2188,5,0,16,9,63107820,3661,2771760,160,17251
2189,13,0,23,2,63125640,3661,2771760,160,17264
2190,5,0,20,5,63143640,3660,2771760,160,17269
2191,7,0,21,4,63170700,3661,2771760,160,17276
2192,5,0,19,6,63199440,3661,2771760,160,17281
2193,5,0,18,7,63222000,3661,2771760,160,17286
2194,15,3,25,0,63227460,3660,2771760,160,17301
2195,8,0,18,7,63282000,3659,2777100,160,17309
2196,7,0,19,6,63305160,3659,2777100,160,17316
2197,14,0,22,3,63335040,3659,2778360,160,17330
2198,6,0,20,5,63362760,3659,2778360,160,17336
2199,17,2,25,0,63389820,3658,2778360,160,17353
2200,11,0,25,0,63432360,3658,2781540,160,17364
2201,12,0,24,1,63470640,3657,2781840,160,17376
2202,5,0,18,7,63517140,3658,2781840,160,17381
2203,7,0,21,4,63530040,3658,2781840,159,17388
2204,8,0,22,3,63549780,3657,2781840,159,17396
2205,4,0,15,10,63586320,3657,2781840,159,17400
2206,3,0,15,10,63603540,3657,2781840,159,17403
2207,4,0,14,11,63611100,3657,2781840,159,17407
2208,4,0,14,11,63617280,3656,2781840,159,17411
2209,5,0,15,10,63626580,3656,2781840,159,17416
2210,6,0,20,5,63627540,3656,2781840,159,17422
2211,5,0,21,4,63640320,3656,2781840,159,17427
2212,6,0,18,7,63672420,3656,2781840,159,17433
2213,12,0,22,3,63701220,3656,2781840,159,17445
2214,10,0,23,2,63722580,3655,2781840,159,17455
2215,6,0,18,7,63760140,3655,2781840,159,17461
2216,6,0,18,7,63779340,3655,2781840,159,17467
2217,7,0,19,6,63795180,3654,2781840,159,17474
2218,15,1,25,0,63813360,3654,2781840,159,17489
2219,8,0,23,2,63849180,3653,2781900,158,17497
2220,9,0,20,5,63900840,3654,2781900,158,17506
2221,11,1,25,0,63918840,3654,2782920,158,17517
2222,13,0,25,0,63964260,3654,2783640,158,17530
2223,11,2,25,0,63999780,3654,2786820,158,17541
2224,6,0,21,4,64048080,3654,2792220,159,17547
2225,5,0,19,6,64085340,3655,2792220,159,17552
2226,0,0,16,9,64104240,3655,2792220,159,17552
2227,7,0,19,6,64121640,3655,2792220,159,17559
2228,5,0,18,7,64141800,3655,2792220,158,17564
2229,7,0,18,7,64166400,3655,2792220,158,17571
2230,4,0,16,9,64182420,3655,2792220,158,17575
2231,7,0,20,5,64193880,3655,2792220,158,17582
2232,5,0,20,5,64212540,3655,2792220,158,17587
2233,2,0,17,8,64234920,3655,2792220,158,17589
2234,6,0,18,7,64255200,3655,2792220,158,17595
2235,8,0,18,7,64274760,3655,2792220,158,17603
2236,6,0,17,8,64296960,3654,2792220,158,17609
2237,8,0,19,6,64313640,3654,2792220,158,17617
2238,6,0,20,5,64322880,3654,2792220,158,17623
2239,10,0,25,0,64341840,3654,2792220,158,17633
2240,8,0,24,1,64384500,3654,2794260,158,17641
2241,9,0,24,1,64419780,3654,2794260,158,17650
2242,15,7,25,0,64448040,3654,2794500,158,17665
2243,11,6,25,0,64497660,3655,2802300,158,17676
2244,10,2,25,0,64548240,3655,2837340,160,17686
2245,6,0,19,6,64584480,3654,2846280,160,17692
2246,5,0,22,3,64594680,3654,2846280,160,17697
2247,9,0,21,4,64633800,3654,2846400,160,17706
2248,8,0,20,5,64668180,3654,2846400,160,17714
2249,2,0,16,9,64686420,3654,2846400,160,17716
2250,13,0,22,3,64699080,3653,2846400,160,17729
2251,3,0,19,6,64738740,3654,2846400,160,17732
2252,5,0,17,8,64769880,3655,2846400,160,17737
2253,3,0,18,7,64782300,3655,2846400,160,17740
2254,6,0,21,4,64796760,3655,2846400,160,17746
2255,11,0,22,3,64827480,3655,2846400,160,17757
2256,6,0,18,7,64855260,3654,2846400,160,17763
2257,6,0,17,8,64883520,3654,2846400,160,17769
2258,8,0,21,4,64894080,3654,2846400,160,17777
2259,1,0,18,7,64912440,3654,2846400,160,17778
2260,7,0,19,6,64932600,3654,2846400,160,17785
2261,5,0,17,8,64959600,3654,2846400,160,17790
2262,8,0,22,3,64971900,3655,2846400,159,17798
2263,6,0,20,5,65002680,3655,2846400,159,17804
2264,8,0,20,5,65034840,3655,2846520,159,17812
2265,5,0,18,7,65068620,3655,2846520,159,17817
2266,10,0,23,2,65086800,3655,2846520,159,17827
2267,8,0,20,5,65125440,3655,2846520,159,17835
2268,15,6,25,0,65145540,3655,2846580,159,17850
2269,9,1,25,0,65188020,3655,2862840,160,17859
2270,5,0,22,3,65224680,3655,2864040,160,17864
2271,10,0,24,1,65259120,3655,2864040,160,17874
2272,7,0,18,7,65304360,3655,2864040,160,17881
2273,11,0,25,0,65316720,3655,2864040,160,17892
2274,8,2,25,0,65337540,3655,2866980,160,17900
2275,7,0,24,1,65391840,3656,2868900,160,17907
2276,3,0,19,6,65427480,3657,2868900,160,17910
2277,9,0,21,4,65453880,3657,2868900,160,17919
2278,7,0,23,2,65477220,3657,2868900,160,17926
2279,8,0,24,1,65507700,3657,2869020,159,17934
2280,6,0,22,3,65548620,3658,2869020,159,17940
2281,10,0,23,2,65583420,3658,2869980,159,17950
2282,2,0,18,7,65606520,3658,2869980,159,17952
2283,6,0,19,6,65628540,3658,2869980,159,17958
2284,7,0,17,8,65661300,3658,2869980,159,17965
2285,6,0,19,6,65667960,3657,2869980,159,17971
2286,8,0,21,4,65690700,3658,2869980,159,17979
2287,4,0,17,8,65718180,3657,2869980,159,17983
2288,12,0,21,4,65734980,3657,2869980,159,17995
2289,9,1,25,0,65752560,3657,2869980,159,18004
2290,9,0,20,5,65801640,3657,2870520,159,18013
2291,8,0,24,1,65824080,3657,2870520,159,18021
2292,9,0,22,3,65869620,3657,2870520,159,18030
2293,13,0,24,1,65895720,3657,2870520,159,18043
2294,7,0,19,6,65929560,3656,2870520,159,18050
2295,11,0,23,2,65953800,3656,2870520,158,18061
2296,6,0,16,9,65991960,3655,2870520,158,18067
2297,16,0,25,0,66006540,3655,2870520,158,18083
2298,6,0,24,1,66034800,3655,2873040,158,18089
2299,6,0,19,6,66073080,3655,2873040,158,18095
2300,7,0,21,4,66097800,3655,2873040,158,18102
2301,8,0,17,8,66129240,3654,2873040,158,18110
2302,4,0,16,9,66148800,3655,2873040,158,18114
2303,8,0,19,6,66159720,3654,2873040,158,18122
2304,7,0,19,6,66189900,3654,2873040,158,18129
2305,6,0,20,5,66202320,3654,2873040,158,18135
2306,5,0,15,10,66246420,3654,2873040,158,18140
2307,4,0,18,7,66247440,3654,2873040,158,18144
2308,1,0,16,9,66260160,3654,2873040,158,18145
2309,6,0,19,6,66277620,3655,2873040,158,18151
2310,10,0,23,2,66293580,3654,2873040,158,18161
2311,10,0,23,2,66321540,3654,2873040,158,18171
2312,10,0,22,3,66358200,3654,2873040,158,18181
2313,12,0,25,0,66387900,3654,2873040,157,18193
2314,10,0,20,5,66435660,3653,2873040,157,18203
2315,6,0,16,9,66462840,3653,2873040,157,18209
2316,12,0,23,2,66475020,3652,2873040,157,18221
2317,14,0,25,0,66497280,3651,2873100,157,18235
2318,11,0,24,1,66546120,3651,2879160,157,18246
2319,7,0,19,6,66575820,3651,2879160,157,18253
2320,8,0,20,5,66593520,3650,2879160,157,18261
2321,11,0,20,5,66628440,3650,2879160,157,18272
2322,8,0,20,5,66655440,3650,2879160,157,18280
2323,1,0,16,9,66684000,3650,2879160,157,18281
2324,3,0,15,10,66702720,3651,2879160,157,18284
2325,8,0,21,4,66704520,3650,2879160,157,18292
2326,7,0,21,4,66727080,3650,2879160,157,18299
2327,6,0,21,4,66751980,3650,2879160,157,18305
2328,8,0,22,3,66778200,3650,2879160,157,18313
2329,10,0,20,5,66820980,3650,2879160,157,18323
2330,7,0,20,5,66842520,3650,2879160,157,18330
2331,10,0,24,1,66867540,3650,2879160,156,18340
2332,2,0,19,6,66902880,3651,2879160,156,18342
2333,11,0,22,3,66938400,3651,2879160,156,18353
2334,9,0,19,6,66977400,3651,2879160,156,18362
2335,9,0,22,3,67002900,3651,2879160,156,18371
2336,8,0,22,3,67023000,3651,2879460,156,18379
2337,9,0,23,2,67059000,3651,2879460,156,18388
2338,7,0,24,1,67085340,3651,2879460,156,18395
2339,16,0,25,0,67129200,3651,2880960,156,18411
2340,8,0,24,1,67169640,3651,2880960,156,18419
2341,8,0,21,4,67207080,3651,2880960,156,18427
2342,16,1,25,0,67236060,3650,2881260,156,18443
2343,7,0,20,5,67271640,3650,2881560,156,18450
2344,9,0,18,7,67309860,3650,2881560,156,18459
2345,11,0,25,0,67318260,3649,2881560,156,18470
2346,8,0,23,2,67347420,3649,2881920,155,18478
2347,10,0,20,5,67392180,3649,2881920,155,18488
2348,14,0,20,5,67425180,3648,2882040,155,18502
2349,3,0,17,8,67445160,3648,2882040,155,18505
2350,7,0,20,5,67460760,3648,2882040,155,18512
2351,2,0,18,7,67482300,3648,2882040,155,18514
2352,5,0,18,7,67505820,3648,2882040,155,18519
2353,4,0,18,7,67520100,3648,2882040,155,18523
2354,4,0,17,8,67534980,3648,2882040,155,18527
2355,4,0,16,9,67551180,3648,2882040,155,18531
2356,4,0,16,9,67561200,3648,2882040,155,18535
2357,3,0,17,8,67569540,3648,2882040,155,18538
2358,7,0,19,6,67585620,3648,2882040,155,18545
2359,6,0,21,4,67596120,3647,2882040,155,18551
2360,10,0,22,3,67623180,3647,2882040,155,18561
2361,11,4,23,2,67648620,3647,2882700,155,18572
2362,15,17,21,4,67671120,3648,2884980,155,18587
2363,6,21,18,7,67710900,3649,2893560,155,18593
2364,10,27,20,5,67734420,3650,2904180,156,18603
2365,8,27,25,0,67753620,3650,2946600,158,18611
2366,16,38,25,0,67786140,3651,2994840,160,18627
2367,16,38,25,0,67851480,3652,3042720,163,18643
2368,10,36,25,0,67894440,3652,3101220,166,18653
2369,4,32,25,0,67930980,3653,3184680,170,18657
2370,9,28,25,0,67985760,3653,3377160,180,18666
2371,13,27,25,0,68024940,3653,3402060,182,18679
2372,9,22,25,0,68069100,3652,3552900,190,18688
2373,8,8,25,0,68106480,3650,3864060,206,18696
2374,7,0,22,3,68151240,3649,4036500,215,18703
2375,4,0,18,7,68183520,3649,4036500,215,18707
2376,6,0,22,3,68194560,3649,4036500,215,18713
2377,6,0,21,4,68236680,3650,4036500,215,18719
2378,8,0,22,3,68258820,3650,4036500,215,18727
2379,4,0,18,7,68292060,3650,4036500,215,18731
2380,7,0,18,7,68314740,3650,4036500,215,18738
2381,8,0,20,5,68322060,3649,4036500,215,18746
2382,7,0,21,4,68333940,3649,4036500,215,18753
2383,10,0,20,5,68380200,3649,4036500,215,18763
2384,6,0,18,7,68387820,3648,4036500,215,18769
2385,9,0,21,4,68417820,3648,4036500,215,18778
2386,6,0,21,4,68438520,3648,4036500,214,18784
2387,13,0,23,2,68471100,3648,4036500,214,18797
2388,10,0,21,4,68507460,3647,4036500,214,18807
2389,9,0,24,1,68532480,3648,4036500,214,18816
2390,9,1,24,1,68563800,3648,4041840,214,18825
2391,17,7,25,0,68603040,3648,4047060,214,18842
2392,15,16,24,1,68632260,3648,4053120,215,18857
2393,7,15,23,2,68688960,3649,4067160,215,18864
2394,12,22,25,0,68710500,3650,4076640,216,18876
2395,7,23,25,0,68749380,3651,4097280,217,18883
2396,10,22,25,0,68810760,3652,4146660,219,18893
2397,3,0,25,0,68870700,3650,4426200,234,18896
2398,5,0,17,8,68900760,3649,4426200,234,18901
2399,3,0,16,9,68924760,3650,4426200,234,18904

