Hour,Arrivals,Waiting,Treating,Available Rooms,Total Treatment Time,Average Treatment Time,Total Wait Time,Average Wait Time,Total Arrivals
1,3,0,2,23,1860,1860,0,0,3
2,3,0,1,24,13920,2784,0,0,6
3,3,0,3,22,14580,2430,0,0,9
4,2,0,3,22,25140,3142,0,0,11
5,9,0,7,18,35760,2750,0,0,20
6,6,0,6,19,53640,2682,0,0,26
7,6,0,6,19,79260,3048,0,0,32
8,12,0,9,16,109440,3126,0,0,44
9,6,0,4,21,132840,2887,0,0,50
10,14,0,15,10,145680,2973,0,0,64
11,8,0,12,13,182460,3041,0,0,72
12,16,0,16,9,228780,3177,0,0,88
13,13,0,17,8,270480,3220,0,0,101
14,13,0,15,10,336720,3401,0,0,114
15,11,0,13,12,397440,3548,0,0,125
16,11,0,14,11,435540,3570,0,0,136
17,12,0,10,15,488400,3539,0,0,148
18,6,0,7,18,522780,3556,0,0,154
19,10,0,9,16,554820,3579,0,0,164
20,3,0,4,21,591000,3625,0,0,167
21,8,0,10,15,601920,3648,0,0,175
22,10,0,11,14,637740,3665,0,0,185
23,2,0,4,21,678240,3706,0,0,187
24,4,0,3,22,708000,3765,0,0,191
25,4,0,4,21,714120,3738,0,0,195
26,6,0,6,19,725460,3720,0,0,201
27,4,0,6,19,743220,3734,0,0,205
28,6,0,4,21,772260,3730,0,0,211
29,6,0,7,18,785820,3742,0,0,217
30,7,0,8,17,800160,3704,0,0,224
31,9,0,9,16,826080,3687,0,0,233
32,6,0,7,18,859200,3703,0,0,239
33,9,0,7,18,891660,3699,0,0,248
34,8,0,9,16,907080,3672,0,0,256
35,14,0,12,13,944040,3659,0,0,270
36,12,0,13,12,981060,3647,0,0,282
37,7,0,10,15,1031040,3695,0,0,289
38,8,0,8,17,1067820,3694,0,0,297
39,16,0,14,11,1099620,3677,0,0,313
40,10,0,12,13,1138620,3661,0,0,323
41,6,0,6,19,1190820,3686,0,0,329
42,12,0,11,14,1216440,3686,0,0,341
43,10,0,12,13,1238100,3652,0,0,351
44,9,0,10,15,1284540,3670,0,0,360
45,3,0,4,21,1316340,3666,0,0,363
46,11,0,11,14,1339860,3691,0,0,374
47,9,0,9,16,1372260,3669,0,0,383
48,2,0,7,18,1387200,3669,0,0,385
49,5,0,7,18,1411260,3684,0,0,390
50,5,0,3,22,1447140,3691,0,0,395
51,5,0,5,20,1466760,3713,0,0,400
52,3,0,2,23,1485180,3703,0,0,403
53,3,0,2,23,1495500,3701,0,0,406
54,6,0,5,20,1499820,3685,0,0,412
55,7,0,8,17,1509060,3671,0,0,419
56,6,0,5,20,1533720,3651,0,0,425
57,4,0,2,23,1558140,3649,0,0,429
58,10,0,9,16,1562520,3633,0,0,439
59,12,0,14,11,1584780,3626,0,0,451
60,11,0,12,13,1633260,3629,0,0,462
61,9,0,9,16,1684560,3646,0,0,471
62,11,0,11,14,1720320,3652,0,0,482
63,11,0,12,13,1758780,3656,0,0,493
64,6,0,7,18,1806420,3671,0,0,499
65,8,0,8,17,1838880,3685,0,0,507
66,16,0,15,10,1867920,3677,0,0,523
67,16,0,18,7,1912380,3670,0,0,539
68,7,0,6,19,1989540,3684,0,0,546
69,9,0,11,14,1999500,3675,0,0,555
70,9,0,9,16,2047800,3689,0,0,564
71,3,0,3,22,2080320,3688,0,0,567
72,6,0,5,20,2097240,3692,0,0,573
73,2,0,3,22,2107260,3684,0,0,575
74,4,0,4,21,2121120,3688,0,0,579
75,3,0,2,23,2136060,3682,0,0,582
76,8,0,7,18,2140140,3670,0,0,590
77,8,0,8,17,2160720,3662,0,0,598
78,9,0,8,17,2191860,3659,0,0,607
79,8,0,7,18,2216760,3645,0,0,615
80,7,0,8,17,2242800,3652,0,0,622
81,6,0,5,20,2275380,3652,0,0,628
82,9,0,7,18,2290080,3635,0,0,637
83,5,0,7,18,2311380,3639,0,0,642
84,7,0,8,17,2334900,3642,0,0,649
85,13,0,12,13,2371680,3648,0,0,662
86,15,0,19,6,2392380,3635,0,0,677
87,7,0,8,17,2470320,3654,0,0,684
88,9,0,9,16,2510880,3670,0,0,693
89,9,0,10,15,2542140,3673,0,0,702
90,7,0,6,19,2564040,3647,0,0,709
91,5,0,6,19,2585820,3652,0,0,714
92,9,0,6,19,2610720,3641,0,0,723
93,10,0,8,17,2632200,3630,0,0,733
94,3,0,7,18,2655900,3643,0,0,736
95,5,0,6,19,2680560,3647,0,0,741
96,2,0,3,22,2709540,3661,0,0,743
97,3,0,3,22,2723940,3666,0,0,746
98,6,0,8,17,2730900,3670,0,0,752
99,4,0,7,18,2749740,3671,0,0,756
100,8,0,7,18,2779560,3671,0,0,764
101,8,0,10,15,2799180,3673,0,0,772
102,7,0,9,16,2824200,3667,0,0,779
103,6,0,8,17,2855040,3674,0,0,785
104,7,0,6,19,2890560,3677,0,0,792
105,10,0,9,16,2905800,3664,0,0,802
106,5,0,9,16,2928120,3669,0,0,807
107,14,0,13,12,2961360,3665,0,0,821
108,11,0,10,15,2998020,3647,0,0,832
109,9,0,8,17,3037140,3646,0,0,841
110,4,0,8,17,3057240,3652,0,0,845
111,9,0,9,16,3094620,3662,0,0,854
112,6,0,7,18,3135120,3675,0,0,860
113,19,0,15,10,3161160,3658,0,0,879
114,7,0,5,20,3221580,3656,0,0,886
115,9,0,9,16,3242760,3660,0,0,895
116,6,0,8,17,3261060,3651,0,0,901
117,10,0,12,13,3294780,3664,0,0,911
118,17,1,17,8,3341820,3672,0,0,928
119,6,0,15,10,3378060,3675,480,0,934
120,5,0,8,17,3447900,3703,780,0,939
121,5,0,8,17,3467520,3704,780,0,944
122,3,0,4,21,3523860,3736,780,0,947
123,3,0,4,21,3532200,3733,780,0,950
124,5,0,5,20,3548580,3735,780,0,955
125,9,0,9,16,3566880,3734,780,0,964
126,6,0,11,14,3580980,3734,780,0,970
127,11,0,11,14,3642300,3754,780,0,981
128,11,0,10,15,3674700,3742,780,0,992
129,7,0,9,16,3695340,3732,780,0,999
130,6,0,7,18,3741420,3748,780,0,1005
131,10,0,8,17,3769680,3743,780,0,1015
132,4,0,4,21,3803040,3746,780,0,1019
133,9,0,9,16,3821160,3749,780,0,1028
134,10,0,12,13,3841140,3743,780,0,1038
135,6,0,9,16,3879540,3748,780,0,1044
136,12,0,10,15,3919800,3747,780,0,1056
137,9,0,12,13,3943080,3744,780,0,1065
138,6,0,9,16,3975060,3742,780,0,1071
139,16,0,14,11,4013100,3740,780,0,1087
140,4,0,10,15,4047120,3743,780,0,1091
141,4,0,3,22,4106700,3760,780,0,1095
142,4,0,4,21,4114740,3757,780,0,1099
143,4,0,5,20,4124100,3756,780,0,1103
144,10,0,5,20,4155960,3750,780,0,1113
145,7,0,5,20,4167360,3737,780,0,1120
146,4,0,5,20,4180560,3735,780,0,1124
147,8,0,4,21,4206180,3728,780,0,1132
148,6,0,6,19,4218180,3726,780,0,1138
149,4,0,4,21,4234140,3720,780,0,1142
150,11,0,10,15,4250880,3719,780,0,1153
151,7,0,6,19,4291620,3718,780,0,1160
152,4,0,7,18,4300020,3716,780,0,1164
153,10,0,8,17,4328760,3712,780,0,1174
154,10,0,10,15,4352880,3707,780,0,1184
155,10,0,9,16,4392300,3706,780,0,1194
156,14,0,10,15,4430880,3698,780,0,1208
157,13,0,16,9,4449540,3692,780,0,1221
158,15,0,20,5,4495560,3697,780,0,1236
159,15,0,14,11,4586400,3707,780,0,1251
160,6,0,7,18,4638360,3710,780,0,1257
161,8,0,10,15,4655820,3709,780,0,1265
162,9,0,9,16,4694400,3710,780,0,1274
163,7,0,7,18,4726140,3709,780,0,1281
164,6,0,4,21,4746480,3699,780,0,1287
165,8,0,4,21,4769220,3694,780,0,1295
166,7,0,8,17,4776600,3691,780,0,1302
167,4,0,5,20,4797360,3687,780,0,1306
168,2,0,4,21,4814760,3692,780,0,1308
169,5,0,5,20,4832520,3694,780,0,1313
170,3,0,3,22,4853820,3696,780,0,1316
171,7,0,8,17,4857360,3693,780,0,1323
172,3,0,5,20,4878720,3693,780,0,1326
173,14,0,11,14,4905120,3690,780,0,1340
174,5,0,7,18,4929060,3683,780,0,1345
175,8,0,8,17,4959780,3687,780,0,1353
176,13,0,14,11,4975440,3680,780,0,1366
177,15,0,14,11,5031060,3680,780,0,1381
178,6,0,10,15,5063100,3676,780,0,1387
179,12,0,9,16,5120400,3683,780,0,1399
180,7,0,6,19,5149920,3678,780,0,1406
181,8,0,6,19,5185860,3683,780,0,1414
182,11,0,10,15,5212860,3684,780,0,1425
183,9,0,8,17,5251080,3682,780,0,1434
184,9,0,12,13,5263500,3678,780,0,1443
185,4,0,6,19,5302380,3679,780,0,1447
186,14,0,9,16,5337600,3676,780,0,1461
187,11,0,13,12,5363100,3675,780,0,1472
188,13,0,14,11,5398200,3669,780,0,1485
189,8,0,9,16,5452500,3674,780,0,1493
190,4,0,5,20,5488380,3678,780,0,1497
191,7,0,2,23,5523900,3677,780,0,1504
192,7,0,7,18,5525160,3673,780,0,1511
193,9,0,8,17,5542920,3665,780,0,1520
194,4,0,8,17,5556600,3665,780,0,1524
195,6,0,4,21,5601120,3670,780,0,1530
196,7,0,6,19,5620380,3671,780,0,1537
197,6,0,8,17,5632500,3669,780,0,1543
198,6,0,7,18,5669820,3676,780,0,1549
199,9,0,4,21,5704200,3670,780,0,1558
200,7,0,7,18,5712360,3666,780,0,1565
201,6,0,3,22,5731200,3655,780,0,1571
202,10,0,8,17,5745840,3652,780,0,1581
203,13,0,12,13,5761620,3641,780,0,1594
204,8,0,10,15,5810940,3650,780,0,1602
205,10,0,6,19,5853900,3645,780,0,1612
206,9,0,9,16,5871420,3642,780,0,1621
207,14,0,12,13,5899920,3635,780,0,1635
208,10,0,11,14,5949600,3641,780,0,1645
209,6,0,7,18,5992380,3645,780,0,1651
210,10,0,9,16,6023460,3646,780,0,1661
211,5,0,6,19,6047880,3643,780,0,1666
212,6,0,6,19,6063780,3639,780,0,1672
213,9,0,10,15,6076800,3636,780,0,1681
214,5,0,6,19,6097860,3629,780,0,1686
215,5,0,6,19,6137940,3642,780,0,1691
216,9,0,9,16,6155640,3640,780,0,1700
217,7,0,10,15,6164760,3632,780,0,1707
218,5,0,3,22,6215880,3637,780,0,1712
219,8,0,6,19,6231060,3635,780,0,1720
220,3,0,2,23,6247920,3630,780,0,1723
221,7,0,8,17,6254400,3632,780,0,1730
222,9,0,9,16,6271500,3625,780,0,1739
223,7,0,12,13,6288180,3626,780,0,1746
224,9,0,9,16,6337500,3629,780,0,1755
225,8,0,7,18,6372660,3629,780,0,1763
226,5,0,6,19,6387960,3625,780,0,1768
227,12,0,10,15,6408120,3620,780,0,1780
228,12,0,10,15,6434460,3610,780,0,1792
229,11,0,11,14,6472740,3612,780,0,1803
230,10,0,9,16,6514920,3611,780,0,1813
231,6,0,6,19,6554880,3615,780,0,1819
232,10,0,6,19,6587280,3613,780,0,1829
233,10,0,9,16,6604080,3608,780,0,1839
234,8,0,10,15,6637800,3613,780,0,1847
235,5,0,7,18,6677220,3619,780,0,1852
236,4,0,4,21,6707820,3621,780,0,1856
237,9,0,5,20,6722460,3614,780,0,1865
238,6,0,7,18,6748200,3620,780,0,1871
239,9,0,9,16,6766680,3616,780,0,1880
240,4,0,5,20,6796560,3617,780,0,1884
241,7,0,5,20,6832020,3622,780,0,1891
242,6,0,7,18,6853260,3626,780,0,1897
243,11,0,11,14,6871620,3622,780,0,1908
244,8,0,11,14,6907020,3625,780,0,1916
245,7,0,9,16,6943980,3627,780,0,1923
246,5,0,5,20,6986460,3633,780,0,1928
247,9,0,11,14,6994200,3631,780,0,1937
248,8,0,14,11,7013400,3632,780,0,1945
249,8,0,11,14,7070640,3640,780,0,1953
250,9,0,11,14,7110180,3644,780,0,1962
251,13,0,12,13,7154880,3644,780,0,1975
252,9,0,11,14,7184580,3641,780,0,1984
253,14,0,16,9,7224060,3644,780,0,1998
254,18,0,15,10,7287780,3642,780,0,2016
255,9,0,13,12,7323120,3639,780,0,2025
256,16,0,14,11,7379280,3640,780,0,2041
257,8,0,10,15,7443600,3650,780,0,2049
258,5,0,7,18,7475400,3651,780,0,2054
259,8,0,5,20,7516260,3653,780,0,2062
260,5,0,3,22,7532340,3649,780,0,2067
261,10,0,10,15,7545420,3650,780,0,2077
262,9,0,11,14,7566360,3646,780,0,2086
263,6,0,9,16,7594140,3645,780,0,2092
264,5,0,5,20,7636980,3650,780,0,2097
265,5,0,6,19,7654740,3652,780,0,2102
266,9,0,12,13,7670160,3654,780,0,2111
267,2,0,5,20,7700400,3652,780,0,2113
268,1,0,2,23,7729020,3659,780,0,2114
269,2,0,1,24,7745100,3661,780,0,2116
270,8,0,6,19,7748160,3658,780,0,2124
271,7,0,7,18,7766400,3656,780,0,2131
272,4,0,7,18,7780740,3656,780,0,2135
273,9,0,8,17,7807140,3655,780,0,2144
274,14,0,12,13,7836660,3651,780,0,2158
275,19,0,13,12,7884120,3643,780,0,2177
276,12,0,16,9,7907820,3639,780,0,2189
277,7,0,8,17,7988580,3651,780,0,2196
278,14,0,16,9,8011740,3651,780,0,2210
279,9,0,7,18,8075640,3650,780,0,2219
280,7,0,8,17,8099880,3651,780,0,2226
281,11,0,8,17,8145900,3654,780,0,2237
282,11,0,10,15,8175660,3653,780,0,2248
283,9,0,5,20,8215260,3647,780,0,2257
284,7,0,5,20,8246820,3650,780,0,2264
285,6,0,6,19,8258700,3647,780,0,2270
286,8,0,10,15,8273040,3647,780,0,2278
287,10,0,9,16,8309820,3646,780,0,2288
288,6,0,7,18,8337240,3645,780,0,2294
289,5,0,5,20,8367120,3647,780,0,2299
290,4,0,4,21,8398620,3653,780,0,2303
291,2,0,4,21,8403000,3651,780,0,2305
292,2,0,5,20,8411880,3654,780,0,2307
293,4,0,4,21,8433900,3655,780,0,2311
294,8,0,8,17,8446080,3654,780,0,2319
295,6,0,5,20,8467980,3649,780,0,2325
296,10,0,7,18,8487900,3646,780,0,2335
297,12,0,8,17,8518440,3641,780,0,2347
298,8,0,9,16,8541120,3640,780,0,2355
299,8,0,12,13,8552820,3637,780,0,2363
300,5,0,7,18,8606940,3645,780,0,2368
301,9,0,11,14,8628540,3646,780,0,2377
302,9,0,9,16,8671140,3647,780,0,2386
303,9,0,6,19,8721960,3650,780,0,2395
304,16,0,19,6,8728620,3649,780,0,2411
305,7,0,11,14,8782200,3648,780,0,2418
306,9,0,9,16,8832780,3652,780,0,2427
307,13,0,11,14,8864100,3649,780,0,2440
308,7,0,6,19,8905320,3648,780,0,2447
309,7,0,5,20,8927220,3645,780,0,2454
310,5,0,6,19,8943720,3646,780,0,2459
311,10,0,6,19,8969880,3641,780,0,2469
312,7,0,7,18,8985000,3639,780,0,2476
313,4,0,6,19,9009960,3641,780,0,2480
314,4,0,4,21,9031020,3641,780,0,2484
315,6,0,6,19,9048000,3642,780,0,2490
316,4,0,4,21,9060720,3638,780,0,2494
317,8,0,6,19,9091260,3642,780,0,2502
318,7,0,6,19,9108000,3638,780,0,2509
319,5,0,5,20,9130740,3639,780,0,2514
320,2,0,2,23,9152580,3640,780,0,2516
321,12,0,7,18,9166260,3635,780,0,2528
322,16,0,17,8,9185340,3634,780,0,2544
323,7,0,11,14,9221520,3630,780,0,2551
324,9,0,8,17,9278700,3635,780,0,2560
325,8,0,9,16,9299580,3634,780,0,2568
326,8,0,9,16,9335940,3636,780,0,2576
327,9,0,8,17,9364140,3633,780,0,2585
328,9,0,8,17,9403800,3636,780,0,2594
329,12,0,10,15,9419940,3628,780,0,2606
330,10,0,11,14,9462720,3632,780,0,2616
331,7,0,8,17,9500400,3633,780,0,2623
332,13,0,13,12,9521040,3629,780,0,2636
333,7,0,12,13,9568620,3636,780,0,2643
334,6,0,8,17,9613800,3640,780,0,2649
335,7,0,8,17,9644280,3642,780,0,2656
336,2,0,5,20,9669300,3644,780,0,2658
337,3,0,3,22,9694680,3647,780,0,2661
338,10,0,8,17,9714360,3647,780,0,2671
339,10,0,10,15,9736500,3645,780,0,2681
340,4,0,5,20,9765300,3643,780,0,2685
341,9,0,8,17,9797580,3647,780,0,2694
342,11,0,7,18,9823800,3641,780,0,2705
343,7,0,9,16,9844440,3642,780,0,2712
344,13,0,8,17,9885780,3638,780,0,2725
345,8,0,9,16,9909660,3637,780,0,2733
346,8,0,7,18,9950220,3639,780,0,2741
347,12,0,15,10,9960300,3637,780,0,2753
348,12,0,18,7,9997980,3639,780,0,2765
349,9,0,10,15,10080600,3647,780,0,2774
350,9,0,4,21,10130760,3645,780,0,2783
351,12,0,11,14,10143240,3643,780,0,2795
352,11,0,15,10,10164120,3641,780,0,2806
353,7,0,9,16,10212180,3642,780,0,2813
354,10,0,12,13,10242000,3643,780,0,2823
355,5,0,7,18,10291740,3648,780,0,2828
356,7,0,7,18,10326180,3651,780,0,2835
357,7,0,6,19,10354620,3651,780,0,2842
358,9,0,6,19,10378560,3648,780,0,2851
359,6,0,3,22,10398900,3643,780,0,2857
360,6,0,4,21,10414020,3642,780,0,2863
361,2,0,3,22,10422840,3641,780,0,2865
362,7,0,7,18,10429020,3640,780,0,2872
363,3,0,3,22,10445640,3637,780,0,2875
364,3,0,2,23,10468200,3639,780,0,2878
365,3,0,3,22,10469580,3637,780,0,2881
366,2,0,2,23,10479600,3637,780,0,2883
367,6,0,7,18,10482000,3637,780,0,2889
368,5,0,5,20,10506960,3636,780,0,2894
369,9,0,6,19,10530420,3634,780,0,2903
370,10,0,7,18,10558980,3633,780,0,2913
371,11,0,9,16,10579800,3629,780,0,2924
372,11,0,12,13,10597920,3625,780,0,2935
373,10,0,9,16,10641060,3624,780,0,2945
374,11,0,9,16,10684500,3625,780,0,2956
375,9,0,5,20,10724880,3623,780,0,2965
376,8,0,8,17,10742940,3623,780,0,2973
377,9,0,8,17,10762980,3619,780,0,2982
378,4,0,8,17,10781640,3620,780,0,2986
379,7,0,6,19,10818660,3621,780,0,2993
380,4,0,5,20,10842360,3623,780,0,2997
381,7,0,10,15,10855980,3625,780,0,3004
382,6,0,7,18,10886580,3625,780,0,3010
383,6,0,6,19,10909680,3624,780,0,3016
384,7,0,8,17,10923120,3622,780,0,3023
385,2,0,5,20,10952220,3626,780,0,3025
386,2,0,5,20,10967100,3629,780,0,3027
387,5,0,5,20,10997580,3633,780,0,3032
388,4,0,3,22,11010120,3630,780,0,3036
389,11,0,7,18,11029380,3628,780,0,3047
390,8,0,5,20,11058240,3625,780,0,3055
391,7,0,7,18,11071200,3623,780,0,3062
392,4,0,6,19,11092200,3624,780,0,3066
393,10,0,6,19,11115420,3620,780,0,3076
394,5,0,5,20,11142960,3622,780,0,3081
395,8,0,9,16,11157420,3622,780,0,3089
396,10,0,11,14,11182080,3621,780,0,3099
397,7,0,11,14,11210640,3622,780,0,3106
398,8,0,11,14,11245380,3624,780,0,3114
399,9,0,6,19,11302500,3626,780,0,3123
400,13,0,9,16,11329140,3623,780,0,3136
401,10,0,11,14,11350080,3620,780,0,3146
402,11,0,9,16,11398440,3620,780,0,3157
403,9,0,8,17,11436120,3621,780,0,3166
404,3,0,5,20,11466180,3623,780,0,3169
405,4,0,4,21,11484180,3623,780,0,3173
406,2,0,4,21,11493840,3624,780,0,3175
407,5,0,5,20,11516760,3627,780,0,3180
408,2,0,4,21,11526180,3626,780,0,3182
409,5,0,5,20,11547480,3629,780,0,3187
410,3,0,4,21,11555880,3627,780,0,3190
411,4,0,5,20,11567760,3627,780,0,3194
412,3,0,5,20,11580840,3628,780,0,3197
413,8,0,6,19,11606280,3628,780,0,3205
414,11,0,10,15,11622540,3625,780,0,3216
415,6,0,10,15,11647920,3626,780,0,3222
416,11,0,11,14,11678880,3624,780,0,3233
417,10,0,11,14,11724840,3627,780,0,3243
418,11,0,15,10,11757240,3629,780,0,3254
419,10,0,6,19,11820960,3628,780,0,3264
420,12,0,12,13,11848380,3630,780,0,3276
421,4,0,7,18,11878800,3629,780,0,3280
422,14,0,10,15,11928840,3632,780,0,3294
423,5,0,10,15,11941680,3630,780,0,3299
424,22,0,15,10,11998980,3629,780,0,3321
425,8,0,15,10,12021840,3627,780,0,3329
426,7,0,7,18,12100680,3634,780,0,3336
427,6,0,5,20,12127500,3634,780,0,3342
428,5,0,7,18,12142440,3635,780,0,3347
429,6,0,9,16,12167040,3638,780,0,3353
430,8,0,12,13,12192120,3640,780,0,3361
431,4,0,3,22,12236460,3639,780,0,3365
432,5,0,4,21,12255060,3640,780,0,3370
433,3,0,2,23,12267180,3639,780,0,3373
434,6,0,3,22,12284760,3638,780,0,3379
435,9,0,8,17,12294660,3637,780,0,3388
436,5,0,4,21,12324000,3636,780,0,3393
437,5,0,4,21,12338760,3635,780,0,3398
438,9,0,9,16,12351420,3634,780,0,3407
439,4,0,9,16,12368340,3635,780,0,3411
440,10,0,13,12,12400980,3638,780,0,3421
441,11,0,12,13,12454620,3641,780,0,3432
442,7,0,10,15,12491100,3642,780,0,3439
443,10,0,5,20,12545580,3642,780,0,3449
444,17,0,13,12,12568680,3639,780,0,3466
445,12,0,13,12,12612000,3639,780,0,3478
446,12,0,17,8,12653640,3643,780,0,3490
447,9,0,10,15,12719640,3645,780,0,3499
448,8,0,9,16,12751680,3645,780,0,3507
449,7,0,9,16,12782280,3646,780,0,3514
450,6,0,8,17,12822240,3650,780,0,3520
451,12,0,6,19,12870180,3650,780,0,3532
452,9,0,7,18,12890040,3647,780,0,3541
453,5,0,9,16,12902100,3647,780,0,3546
454,12,0,8,17,12950340,3647,780,0,3558
455,7,0,12,13,12963540,3648,780,0,3565
456,7,0,7,18,13021380,3652,780,0,3572
457,2,0,5,20,13037520,3652,780,0,3574
458,10,0,6,19,13077420,3654,780,0,3584
459,5,0,6,19,13093860,3654,780,0,3589
460,5,0,7,18,13109820,3654,780,0,3594
461,9,0,11,14,13139340,3657,780,0,3603
462,9,0,10,15,13179900,3659,780,0,3612
463,8,0,12,13,13208640,3660,780,0,3620
464,11,0,10,15,13255920,3660,780,0,3631
465,5,0,9,16,13283340,3662,780,0,3636
466,8,0,4,21,13327560,3661,780,0,3644
467,9,0,9,16,13337700,3660,780,0,3653
468,13,0,13,12,13362720,3658,780,0,3666
469,13,0,14,11,13414800,3660,780,0,3679
470,11,0,12,13,13470480,3662,780,0,3690
471,7,0,11,14,13503360,3663,780,0,3697
472,7,0,13,12,13535340,3667,780,0,3704
473,6,0,7,18,13589640,3669,780,0,3710
474,11,0,10,15,13618500,3669,780,0,3721
475,7,0,9,16,13650060,3670,780,0,3728
476,6,0,6,19,13684080,3670,780,0,3734
477,5,0,5,20,13710540,3671,780,0,3739
478,6,0,7,18,13719660,3670,780,0,3745
479,4,0,5,20,13742760,3670,780,0,3749
480,2,0,3,22,13757460,3670,780,0,3751
481,4,0,5,20,13763640,3670,780,0,3755
482,5,0,5,20,13788780,3672,780,0,3760
483,6,0,7,18,13811640,3674,780,0,3766
484,5,0,8,17,13820820,3672,780,0,3771
485,7,0,8,17,13849500,3673,780,0,3778
486,6,0,4,21,13895760,3676,780,0,3784
487,6,0,4,21,13911720,3674,780,0,3790
488,11,0,13,12,13924380,3675,780,0,3801
489,11,0,14,11,13956660,3674,780,0,3812
490,3,0,5,20,13991040,3672,780,0,3815
491,2,0,3,22,14030640,3678,780,0,3817
492,12,0,9,16,14046060,3676,780,0,3829
493,16,0,15,10,14067540,3672,780,0,3845
494,4,0,10,15,14112840,3676,780,0,3849
495,10,0,8,17,14169600,3679,780,0,3859
496,14,0,15,10,14192700,3678,780,0,3873
497,5,0,14,11,14215380,3678,780,0,3878
498,7,0,10,15,14273100,3683,780,0,3885
499,9,0,8,17,14307480,3681,780,0,3894
500,8,0,10,15,14350920,3687,780,0,3902
501,9,0,15,10,14360040,3685,780,0,3911
502,2,0,7,18,14416380,3690,780,0,3913
503,1,0,0,25,14465880,3695,780,0,3914
504,6,0,6,19,14465880,3695,780,0,3920
505,9,0,7,18,14479380,3691,780,0,3929
506,2,0,7,18,14488260,3692,780,0,3931
507,6,0,7,18,14528820,3696,780,0,3937
508,7,0,9,16,14543340,3695,780,0,3944
509,5,0,9,16,14572620,3698,780,0,3949
510,5,0,5,20,14617140,3701,780,0,3954
511,13,0,9,16,14644980,3700,780,0,3967
512,8,0,5,20,14679420,3697,780,0,3975
513,8,0,8,17,14691360,3695,780,0,3983
514,13,0,13,12,14714400,3694,780,0,3996
515,13,0,14,11,14746740,3691,780,0,4009
516,11,0,12,13,14821680,3698,780,0,4020
517,9,0,9,16,14872620,3699,780,0,4029
518,10,0,12,13,14903880,3700,780,0,4039
519,8,0,5,20,14940180,3696,780,0,4047
520,3,0,3,22,14965740,3697,780,0,4050
521,7,0,7,18,14972700,3696,780,0,4057
522,11,0,13,12,14985720,3695,780,0,4068
523,10,0,9,16,15041340,3696,780,0,4078
524,5,0,4,21,15078780,3696,780,0,4083
525,5,0,5,20,15094920,3697,780,0,4088
526,4,0,4,21,15125220,3699,780,0,4092
527,7,0,8,17,15138060,3700,780,0,4099
528,6,0,7,18,15159480,3699,780,0,4105
529,5,0,7,18,15181260,3700,780,0,4110
530,9,0,5,20,15217020,3698,780,0,4119
531,5,0,2,23,15241380,3697,780,0,4124
532,5,0,2,23,15249120,3694,780,0,4129
533,6,0,6,19,15251460,3693,780,0,4135
534,3,0,6,19,15258360,3692,780,0,4138
535,6,0,7,18,15276480,3692,780,0,4144
536,6,0,9,16,15295440,3693,780,0,4150
537,7,0,8,17,15327780,3694,780,0,4157
538,11,0,8,17,15362640,3692,780,0,4168
539,8,0,10,15,15379980,3691,780,0,4176
540,13,0,12,13,15420180,3691,780,0,4189
541,7,0,8,17,15457680,3690,780,0,4196
542,14,0,12,13,15491220,3690,780,0,4210
543,5,0,6,19,15529620,3689,780,0,4215
544,9,0,9,16,15555900,3690,780,0,4224
545,8,0,7,18,15588660,3689,780,0,4232
546,10,0,12,13,15600000,3687,780,0,4242
547,8,0,8,17,15644700,3688,780,0,4250
548,7,0,7,18,15666540,3686,780,0,4257
549,6,0,7,18,15685920,3685,780,0,4263
550,3,0,3,22,15708720,3684,780,0,4266
551,7,0,8,17,15717420,3685,780,0,4273
552,4,0,3,22,15754320,3686,780,0,4277
553,1,0,2,23,15766380,3687,780,0,4278
554,8,0,3,22,15778380,3683,780,0,4286
555,5,0,6,19,15782760,3683,780,0,4291
556,3,0,3,22,15799380,3681,780,0,4294
557,9,0,7,18,15813840,3681,780,0,4303
558,6,0,6,19,15836040,3680,780,0,4309
559,9,0,9,16,15855300,3679,780,0,4318
560,8,0,10,15,15878460,3678,780,0,4326
561,10,0,10,15,15912120,3678,780,0,4336
562,8,0,7,18,15957660,3679,780,0,4344
563,12,0,9,16,15987660,3677,780,0,4356
564,7,0,4,21,16025280,3676,780,0,4363
565,10,0,9,16,16043880,3676,780,0,4373
566,9,0,13,12,16064520,3676,780,0,4382
567,7,0,11,14,16105200,3678,780,0,4389
568,8,0,10,15,16148760,3681,780,0,4397
569,13,0,14,11,16182060,3681,780,0,4410
570,13,0,15,10,16228740,3681,780,0,4423
571,11,0,13,12,16277640,3681,780,0,4434
572,6,0,9,16,16316760,3682,780,0,4440
573,4,0,3,22,16356360,3683,780,0,4444
574,5,0,4,21,16381440,3685,780,0,4449
575,5,0,5,20,16390980,3684,780,0,4454
576,11,0,10,15,16405800,3682,780,0,4465
577,6,0,10,15,16425900,3682,780,0,4471
578,7,0,9,16,16445040,3679,780,0,4478
579,5,0,5,20,16495560,3683,780,0,4483
580,7,0,5,20,16511400,3681,780,0,4490
581,6,0,5,20,16526460,3679,780,0,4496
582,8,0,7,18,16543140,3678,780,0,4504
583,9,0,6,19,16567020,3675,780,0,4513
584,4,0,3,22,16589580,3675,780,0,4517
585,8,0,7,18,16595640,3673,780,0,4525
586,10,0,12,13,16606500,3671,780,0,4535
587,2,0,3,22,16652040,3672,780,0,4537
588,10,0,8,17,16663860,3671,780,0,4547
589,6,0,7,18,16681980,3669,780,0,4553
590,13,0,7,18,16716960,3666,780,0,4566
591,15,0,13,12,16742580,3665,780,0,4581
592,14,0,16,9,16794780,3667,780,0,4595
593,5,0,6,19,16839600,3665,780,0,4600
594,10,0,6,19,16870980,3664,780,0,4610
595,6,0,5,20,16895040,3664,780,0,4616
596,4,0,5,20,16919400,3666,780,0,4620
597,7,0,7,18,16939800,3666,780,0,4627
598,4,0,6,19,16956120,3666,780,0,4631
599,7,0,6,19,16985880,3667,780,0,4638
600,5,0,4,21,17004720,3665,780,0,4643
601,5,0,6,19,17014200,3665,780,0,4648
602,4,0,2,23,17035860,3663,780,0,4652
603,6,0,5,20,17045340,3663,780,0,4658
604,7,0,7,18,17055960,3661,780,0,4665
605,2,0,3,22,17080380,3662,780,0,4667
606,6,0,3,22,17101200,3661,780,0,4673
607,3,0,3,22,17109840,3661,780,0,4676
608,8,0,6,19,17121840,3660,780,0,4684
609,3,0,3,22,17146020,3660,780,0,4687
610,7,0,7,18,17151300,3659,780,0,4694
611,3,0,2,23,17179320,3659,780,0,4697
612,10,0,6,19,17198700,3658,780,0,4707
613,6,0,10,15,17209440,3659,780,0,4713
614,10,0,12,13,17239140,3659,780,0,4723
615,11,0,10,15,17286540,3659,780,0,4734
616,6,0,11,14,17305980,3659,780,0,4740
617,7,0,10,15,17339400,3660,780,0,4747
618,5,0,6,19,17373120,3660,780,0,4752
619,5,0,6,19,17408040,3664,780,0,4757
620,7,0,7,18,17431500,3664,780,0,4764
621,5,0,7,18,17448960,3664,780,0,4769
622,6,0,6,19,17481660,3665,780,0,4775
623,8,0,6,19,17512740,3666,780,0,4783
624,7,0,9,16,17521500,3664,780,0,4790
625,0,0,2,23,17555280,3666,780,0,4790
626,4,0,3,22,17573640,3668,780,0,4794
627,9,0,7,18,17584800,3666,780,0,4803
628,7,0,10,15,17602560,3667,780,0,4810
629,8,0,10,15,17638200,3668,780,0,4818
630,9,0,9,16,17663460,3666,780,0,4827
631,6,0,9,16,17696580,3668,780,0,4833
632,11,0,11,14,17726520,3667,780,0,4844
633,8,0,10,15,17766720,3669,780,0,4852
634,6,0,9,16,17796900,3670,780,0,4858
635,9,0,13,12,17821140,3671,780,0,4867
636,9,0,6,19,17882520,3671,780,0,4876
637,11,0,7,18,17904480,3668,780,0,4887
638,7,0,6,19,17933640,3668,780,0,4894
639,10,0,9,16,17955120,3668,780,0,4904
640,7,0,5,20,17992260,3667,780,0,4911
641,6,0,4,21,18010920,3665,780,0,4917
642,6,0,6,19,18021300,3665,780,0,4923
643,8,0,9,16,18039060,3664,780,0,4931
644,9,0,11,14,18063060,3664,780,0,4940
645,9,0,10,15,18101040,3664,780,0,4949
646,1,0,6,19,18128400,3666,780,0,4950
647,4,0,2,23,18163680,3667,780,0,4954
648,1,0,2,23,18177120,3669,780,0,4955
649,4,0,4,21,18183480,3669,780,0,4959
650,3,0,4,21,18189540,3668,780,0,4962
651,10,0,8,17,18204840,3667,780,0,4972
652,4,0,6,19,18226080,3667,780,0,4976
653,8,0,4,21,18260640,3666,780,0,4984
654,9,0,9,16,18269100,3665,780,0,4993
655,12,0,9,16,18306540,3664,780,0,5005
656,8,0,6,19,18350520,3664,780,0,5013
657,19,0,11,14,18372780,3659,780,0,5032
658,10,0,13,12,18396000,3657,780,0,5042
659,12,0,15,10,18427320,3656,780,0,5054
660,11,0,15,10,18481260,3659,780,0,5065
661,11,0,11,14,18539460,3660,780,0,5076
662,14,0,14,11,18593040,3662,780,0,5090
663,12,0,14,11,18639720,3663,780,0,5102
664,8,0,10,15,18688560,3664,780,0,5110
665,7,0,7,18,18740400,3667,780,0,5117
666,8,0,8,17,18762540,3666,780,0,5125
667,7,0,7,18,18789420,3666,780,0,5132
668,6,0,8,17,18814620,3667,780,0,5138
669,7,0,8,17,18838980,3667,780,0,5145
670,10,0,10,15,18865740,3666,780,0,5155
671,6,0,6,19,18903600,3667,780,0,5161
672,5,0,3,22,18942120,3668,780,0,5166
673,7,0,8,17,18945720,3668,780,0,5173
674,11,0,15,10,18953460,3666,780,0,5184
675,5,0,10,15,18988200,3666,780,0,5189
676,8,0,8,17,19029780,3667,780,0,5197
677,9,0,12,13,19048560,3667,780,0,5206
678,11,0,13,12,19072200,3664,780,0,5217
679,9,0,12,13,19108380,3664,780,0,5226
680,14,0,19,6,19134840,3664,780,0,5240
681,11,0,14,11,19195800,3665,780,0,5251
682,8,0,11,14,19248780,3667,780,0,5259
683,13,0,12,13,19281300,3665,780,0,5272
684,9,0,12,13,19309560,3664,780,0,5281
685,7,0,11,14,19358400,3668,780,0,5288
686,14,0,16,9,19373460,3665,780,0,5302
687,7,0,13,12,19419900,3666,780,0,5309
688,15,0,15,10,19473420,3668,780,0,5324
689,13,0,15,10,19515540,3666,780,0,5337
690,4,0,8,17,19555140,3666,780,0,5341
691,8,0,11,14,19572300,3666,780,0,5349
692,4,0,7,18,19611000,3668,780,0,5353
693,8,0,7,18,19642680,3668,780,0,5361
694,9,0,9,16,19657980,3666,780,0,5370
695,4,0,5,20,19682340,3665,780,0,5374
696,5,0,7,18,19691760,3665,780,0,5379
697,1,0,4,21,19706340,3665,780,0,5380
698,4,0,5,20,19724220,3666,780,0,5384
699,2,0,6,19,19727820,3666,780,0,5386
700,10,0,12,13,19735800,3665,780,0,5396
701,3,0,6,19,19768860,3665,780,0,5399
702,7,0,8,17,19788360,3665,780,0,5406
703,7,0,12,13,19800360,3666,780,0,5413
704,11,0,14,11,19827480,3664,780,0,5424
705,5,0,7,18,19863000,3663,780,0,5429
706,7,0,8,17,19899180,3666,780,0,5436
707,10,0,11,14,19919040,3664,780,0,5446
708,7,0,9,16,19945260,3663,780,0,5453
709,11,0,14,11,19976400,3665,780,0,5464
710,10,0,11,14,20014800,3663,780,0,5474
711,12,0,11,14,20055060,3663,780,0,5486
712,13,0,13,12,20091360,3662,780,0,5499
713,9,0,15,10,20111880,3661,780,0,5508
714,5,0,10,15,20155500,3662,780,0,5513
715,11,0,12,13,20194080,3663,780,0,5524
716,7,0,15,10,20212620,3664,780,0,5531
717,7,0,10,15,20279400,3668,780,0,5538
718,6,0,9,16,20310480,3669,780,0,5544
719,6,0,8,17,20344440,3670,780,0,5550
720,4,0,9,16,20355120,3670,780,0,5554
721,2,0,6,19,20380020,3672,780,0,5556
722,11,0,13,12,20393400,3671,780,0,5567
723,2,0,8,17,20423340,3672,780,0,5569
724,7,0,10,15,20457060,3675,780,0,5576
725,8,0,13,12,20469960,3674,780,0,5584
726,7,0,10,15,20505000,3674,780,0,5591
727,13,0,6,19,20566500,3673,780,0,5604
728,5,0,6,19,20579400,3672,780,0,5609
729,8,0,8,17,20597700,3672,780,0,5617
730,12,0,9,16,20626320,3670,780,0,5629
731,7,0,10,15,20650380,3670,780,0,5636
732,9,0,7,18,20679600,3667,780,0,5645
733,9,0,10,15,20688180,3665,780,0,5654
734,10,0,9,16,20724900,3664,780,0,5664
735,6,0,9,16,20747520,3664,780,0,5670
736,5,0,7,18,20779920,3666,780,0,5675
737,15,0,15,10,20802780,3665,780,0,5690
738,12,0,16,9,20835360,3664,780,0,5702
739,11,0,14,11,20884080,3664,780,0,5713
740,7,0,11,14,20919000,3664,780,0,5720
741,10,0,9,16,20955000,3662,780,0,5730
742,4,0,8,17,20982720,3664,780,0,5734
743,4,0,8,17,20999640,3664,780,0,5738
744,5,0,7,18,21026820,3665,780,0,5743
745,7,0,10,15,21032280,3664,780,0,5750
746,5,0,7,18,21062880,3664,780,0,5755
747,4,0,4,21,21088440,3664,780,0,5759
748,8,0,7,18,21097500,3662,780,0,5767
749,10,0,12,13,21101160,3660,780,0,5777
750,4,0,6,19,21140400,3660,780,0,5781
751,5,0,8,17,21151680,3660,780,0,5786
752,7,0,11,14,21168120,3661,780,0,5793
753,8,0,13,12,21181920,3659,780,0,5801
754,4,0,7,18,21228840,3661,780,0,5805
755,13,0,14,11,21248940,3661,780,0,5818
756,13,0,17,8,21278400,3659,780,0,5831
757,17,0,18,7,21330660,3658,780,0,5848
758,11,0,14,11,21390960,3659,780,0,5859
759,9,0,15,10,21421920,3659,780,0,5868
760,11,0,13,12,21476760,3661,780,0,5879
761,8,0,10,15,21523140,3662,780,0,5887
762,7,0,8,17,21556560,3662,780,0,5894
763,10,0,10,15,21567420,3659,780,0,5904
764,8,0,11,14,21592680,3659,780,0,5912
765,6,0,9,16,21623760,3659,780,0,5918
766,7,0,8,17,21652080,3659,780,0,5925
767,6,0,9,16,21665460,3658,780,0,5931
768,1,0,3,22,21698400,3659,780,0,5932
769,4,0,5,20,21706380,3659,780,0,5936
770,7,0,7,18,21718620,3658,780,0,5943
771,4,0,6,19,21729000,3657,780,0,5947
772,3,0,3,22,21750000,3657,780,0,5950
773,6,0,8,17,21752460,3657,780,0,5956
774,3,0,8,17,21763500,3657,780,0,5959
775,7,0,7,18,21795960,3657,780,0,5966
776,12,0,11,14,21810000,3655,780,0,5978
777,5,0,7,18,21840600,3654,780,0,5983
778,10,0,11,14,21871020,3656,780,0,5993
779,7,0,10,15,21897840,3655,780,0,6000
780,18,0,20,5,21912120,3653,780,0,6018
781,3,0,7,18,21972540,3653,780,0,6021
782,8,0,7,18,22002540,3653,780,0,6029
783,9,0,10,15,22024320,3653,780,0,6038
784,10,0,11,14,22048680,3652,780,0,6048
785,6,0,9,16,22072440,3651,780,0,6054
786,14,0,9,16,22105560,3648,780,0,6068
787,7,0,12,13,22120500,3648,780,0,6075
788,4,0,8,17,22154640,3649,780,0,6079
789,4,0,5,20,22184580,3649,780,0,6083
790,6,0,7,18,22200780,3650,780,0,6089
791,5,0,7,18,22225260,3651,780,0,6094
792,3,0,6,19,22238640,3651,780,0,6097
793,2,0,4,21,22252020,3650,780,0,6099
794,4,0,7,18,22261380,3651,780,0,6103
795,6,0,9,16,22272180,3651,780,0,6109
796,7,0,9,16,22304520,3652,780,0,6116
797,3,0,7,18,22329060,3653,780,0,6119
798,10,0,12,13,22341300,3652,780,0,6129
799,5,0,10,15,22365960,3652,780,0,6134
800,8,0,8,17,22402800,3652,780,0,6142
801,5,0,6,19,22424100,3651,780,0,6147
802,12,0,15,10,22436340,3651,780,0,6159
803,7,0,12,13,22471620,3651,780,0,6166
804,11,0,10,15,22520520,3651,780,0,6177
805,10,0,9,16,22558980,3651,780,0,6187
806,9,0,11,14,22582860,3651,780,0,6196
807,9,0,12,13,22613640,3651,780,0,6205
808,12,0,13,12,22650240,3650,780,0,6217
809,8,0,10,15,22691820,3651,780,0,6225
810,7,0,7,18,22734420,3652,780,0,6232
811,4,0,9,16,22750740,3653,780,0,6236
812,3,0,8,17,22774260,3654,780,0,6239
813,7,0,5,20,22809420,3654,780,0,6246
814,4,0,6,19,22815120,3653,780,0,6250
815,7,0,9,16,22827180,3653,780,0,6257
816,8,0,9,16,22853160,3652,780,0,6265
817,8,0,12,13,22881480,3654,780,0,6273
818,3,0,5,20,22917000,3654,780,0,6276
819,0,0,3,22,22927440,3654,780,0,6276
820,6,0,8,17,22928400,3654,780,0,6282
821,13,0,13,12,22953660,3653,780,0,6295
822,8,0,12,13,22985700,3653,780,0,6303
823,4,0,12,13,23003820,3654,780,0,6307
824,4,0,5,20,23071260,3658,780,0,6311
825,8,0,11,14,23081640,3659,780,0,6319
826,12,0,14,11,23102640,3657,780,0,6331
827,7,0,8,17,23149500,3657,780,0,6338
828,7,0,10,15,23176500,3658,780,0,6345
829,12,0,14,11,23197440,3657,780,0,6357
830,9,0,12,13,23238960,3657,780,0,6366
831,15,0,13,12,23289240,3657,780,0,6381
832,16,0,10,15,23331000,3652,780,0,6397
833,9,0,11,14,23355960,3652,780,0,6406
834,9,0,7,18,23397540,3651,780,0,6415
835,8,0,10,15,23413980,3651,780,0,6423
836,3,0,9,16,23427600,3650,780,0,6426
837,9,0,10,15,23461740,3651,780,0,6435
838,9,0,10,15,23487960,3650,780,0,6444
839,3,0,9,16,23503980,3650,780,0,6447
840,6,0,7,18,23537820,3651,780,0,6453
841,6,0,8,17,23558100,3651,780,0,6459
842,5,0,10,15,23570040,3652,780,0,6464
843,6,0,9,16,23594280,3651,780,0,6470
844,6,0,6,19,23635080,3653,780,0,6476
845,6,0,10,15,23645640,3653,780,0,6482
846,10,0,12,13,23674740,3653,780,0,6492
847,3,0,8,17,23692200,3652,780,0,6495
848,4,0,5,20,23719440,3652,780,0,6499
849,7,0,8,17,23737320,3653,780,0,6506
850,16,0,16,9,23751300,3650,780,0,6522
851,13,0,15,10,23792940,3649,780,0,6535
852,11,0,16,9,23813760,3646,780,0,6546
853,10,0,13,12,23875500,3649,780,0,6556
854,5,0,11,14,23913240,3650,780,0,6561
855,11,0,11,14,23954760,3651,780,0,6572
856,12,0,11,14,23996280,3650,780,0,6584
857,8,0,11,14,24027420,3651,780,0,6592
858,7,0,11,14,24056760,3651,780,0,6599
859,13,0,14,11,24107760,3653,780,0,6612
860,13,0,19,6,24129000,3652,780,0,6625
861,10,0,13,12,24201060,3654,780,0,6635
862,3,0,4,21,24249840,3655,780,0,6638
863,4,0,6,19,24260520,3655,780,0,6642
864,8,0,11,14,24266700,3655,780,0,6650
865,6,0,9,16,24299520,3655,780,0,6656
866,7,0,9,16,24321600,3655,780,0,6663
867,3,0,7,18,24342660,3655,780,0,6666
868,8,0,10,15,24363300,3655,780,0,6674
869,7,0,10,15,24382860,3655,780,0,6681
870,9,0,10,15,24408420,3653,780,0,6690
871,11,0,11,14,24435660,3652,780,0,6701
872,11,0,12,13,24465060,3651,780,0,6712
873,3,0,6,19,24495660,3651,780,0,6715
874,10,0,6,19,24518880,3649,780,0,6725
875,8,0,6,19,24532800,3646,780,0,6733
876,13,0,10,15,24558420,3645,780,0,6746
877,6,0,9,16,24579960,3645,780,0,6752
878,11,0,11,14,24610260,3644,780,0,6763
879,18,0,19,6,24630420,3642,780,0,6781
880,9,0,14,11,24667020,3640,780,0,6790
881,10,0,10,15,24728280,3641,780,0,6800
882,4,0,7,18,24769440,3644,780,0,6804
883,12,0,12,13,24787620,3643,780,0,6816
884,13,0,13,12,24817980,3641,780,0,6829
885,7,0,12,13,24849000,3641,780,0,6836
886,7,0,12,13,24881100,3642,780,0,6843
887,4,0,5,20,24936900,3644,780,0,6847
888,8,0,10,15,24951240,3645,780,0,6855
889,8,0,11,14,24974580,3644,780,0,6863
890,3,0,10,15,24996600,3645,780,0,6866
891,5,0,8,17,25033200,3647,780,0,6871
892,5,0,8,17,25056000,3648,780,0,6876
893,7,0,11,14,25073760,3648,780,0,6883
894,4,0,9,16,25097460,3648,780,0,6887
895,11,0,14,11,25132620,3650,780,0,6898
896,9,0,13,12,25164240,3650,780,0,6907
897,8,0,12,13,25198380,3650,780,0,6915
898,8,0,9,16,25247760,3651,780,0,6923
899,11,0,11,14,25272180,3650,780,0,6934
900,9,0,12,13,25294080,3649,780,0,6943
901,11,0,10,15,25328820,3647,780,0,6954
902,13,0,12,13,25353120,3645,780,0,6967
903,7,0,8,17,25389480,3644,780,0,6974
904,12,0,11,14,25419540,3644,780,0,6986
905,10,0,10,15,25459080,3644,780,0,6996
906,6,0,10,15,25478460,3643,780,0,7002
907,6,0,7,18,25515120,3644,780,0,7008
908,4,0,9,16,25526220,3645,780,0,7012
909,4,0,5,20,25565340,3646,780,0,7016
910,8,0,6,19,25577940,3644,780,0,7024
911,3,0,6,19,25590960,3644,780,0,7027
912,2,0,4,21,25605060,3644,780,0,7029
913,3,0,2,23,25623480,3644,780,0,7032
914,5,0,5,20,25626780,3644,780,0,7037
915,11,0,11,14,25634640,3642,780,0,7048
916,4,0,9,16,25658040,3643,780,0,7052
917,8,0,9,16,25691220,3643,780,0,7060
918,10,0,10,15,25721460,3643,780,0,7070
919,7,0,10,15,25748700,3643,780,0,7077
920,10,0,12,13,25776180,3643,780,0,7087
921,7,0,10,15,25810920,3643,780,0,7094
922,15,0,17,8,25830660,3642,780,0,7109
923,8,0,18,7,25860900,3642,780,0,7117
924,10,0,13,12,25940760,3646,780,0,7127
925,12,0,12,13,25979340,3645,780,0,7139
926,7,0,13,12,26000820,3645,780,0,7146
927,13,0,12,13,26057340,3645,780,0,7159
928,8,0,13,12,26084040,3646,780,0,7167
929,12,0,8,17,26141580,3645,780,0,7179
930,8,0,10,15,26166780,3645,780,0,7187
931,4,0,5,20,26197560,3645,780,0,7191
932,6,0,8,17,26211300,3646,780,0,7197
933,3,0,8,17,26228040,3646,780,0,7200
934,11,0,12,13,26252280,3646,780,0,7211
935,4,0,6,19,26277480,3645,780,0,7215
936,4,0,6,19,26291100,3644,780,0,7219
937,5,0,7,18,26307000,3645,780,0,7224
938,2,0,4,21,26325720,3645,780,0,7226
939,3,0,6,19,26326620,3644,780,0,7229
940,8,0,7,18,26347980,3644,780,0,7237
941,8,0,13,12,26355000,3644,780,0,7245
942,9,0,14,11,26387640,3644,780,0,7254
943,10,0,13,12,26435520,3645,780,0,7264
944,7,0,11,14,26462040,3644,780,0,7271
945,8,0,10,15,26491560,3644,780,0,7279
946,11,0,17,8,26508120,3644,780,0,7290
947,17,4,18,7,26558100,3645,3360,0,7307
948,18,0,17,8,26644800,3645,11880,1,7325
949,16,0,17,8,26690100,3644,11880,1,7341
950,11,0,12,13,26751600,3644,11880,1,7352
951,11,0,10,15,26791560,3643,11880,1,7363
952,10,0,11,14,26818980,3642,11880,1,7373
953,13,0,16,9,26849760,3643,11880,1,7386
954,10,0,15,10,26888520,3642,11880,1,7396
955,7,0,12,13,26930580,3643,11880,1,7403
956,5,0,8,17,26980680,3646,11880,1,7408
957,6,0,9,16,26990940,3644,11880,1,7414
958,11,0,11,14,27023460,3644,11880,1,7425
959,8,0,11,14,27047580,3644,11880,1,7433
960,9,0,10,15,27081900,3643,11880,1,7442
961,4,0,9,16,27094260,3643,11880,1,7446
962,6,0,8,17,27125820,3643,11880,1,7452
963,2,0,4,21,27148620,3644,11880,1,7454
964,1,0,3,22,27156420,3644,11880,1,7455
965,4,0,7,18,27156420,3644,11880,1,7459
966,5,0,5,20,27168720,3642,11880,1,7464
967,11,0,11,14,27179160,3641,11880,1,7475
968,3,0,7,18,27198600,3640,11880,1,7478
969,6,0,6,19,27231480,3641,11880,1,7484
970,10,0,13,12,27239220,3641,11880,1,7494
971,9,0,16,9,27263220,3641,11880,1,7503
972,10,0,15,10,27301560,3641,11880,1,7513
973,13,0,14,11,27372600,3643,11880,1,7526
974,11,0,16,9,27394800,3642,11880,1,7537
975,8,0,10,15,27453360,3643,11880,1,7545
976,11,0,12,13,27480540,3642,11880,1,7556
977,12,0,16,9,27503580,3641,11880,1,7568
978,10,0,12,13,27562860,3642,11880,1,7578
979,7,0,7,18,27599400,3642,11880,1,7585
980,6,0,8,17,27614220,3641,11880,1,7591
981,5,0,6,19,27647820,3642,11880,1,7596
982,9,0,10,15,27664920,3642,11880,1,7605
983,4,0,7,18,27685920,3641,11880,1,7609
984,5,0,6,19,27712320,3642,11880,1,7614
985,7,0,7,18,27725520,3641,11880,1,7621
986,5,0,6,19,27740580,3640,11880,1,7626
987,7,0,10,15,27749460,3640,11880,1,7633
988,8,0,11,14,27770640,3639,11880,1,7641
989,5,0,12,13,27787440,3639,11880,1,7646
990,5,0,10,15,27825420,3641,11880,1,7651
991,1,0,5,20,27860640,3643,11880,1,7652
992,8,0,9,16,27875160,3643,11880,1,7660
993,16,0,13,12,27905700,3641,11880,1,7676
994,13,0,15,10,27937920,3640,11880,1,7689
995,7,0,11,14,27993240,3642,11880,1,7696
996,7,0,11,14,28024380,3643,11880,1,7703
997,14,0,15,10,28054920,3642,12120,1,7717
998,14,7,14,11,28095540,3644,13620,1,7731
999,6,3,16,9,28150800,3647,37740,4,7737
1000,13,0,15,10,28202520,3646,46560,6,7750
1001,7,0,13,12,28238100,3646,46560,6,7757
1002,7,0,7,18,28282860,3646,46560,5,7764
1003,9,0,12,13,28301160,3646,46560,5,7773
1004,6,0,12,13,28318680,3646,46560,5,7779
1005,9,0,13,12,28356240,3647,46560,5,7788
1006,5,0,8,17,28398420,3647,46560,5,7793
1007,5,0,7,18,28427700,3648,46560,5,7798
1008,5,0,6,19,28445340,3648,46560,5,7803
1009,3,0,6,19,28451640,3647,46560,5,7806
1010,5,0,6,19,28475700,3648,46560,5,7811
1011,8,0,7,18,28489500,3646,46560,5,7819
1012,6,0,9,16,28502400,3646,46560,5,7825
1013,5,0,9,16,28520100,3646,46560,5,7830
1014,6,0,9,16,28539900,3646,46560,5,7836
1015,14,0,13,12,28572000,3645,46560,5,7850
1016,9,0,10,15,28604160,3644,46560,5,7859
1017,6,0,5,20,28646820,3644,46560,5,7865
1018,6,0,8,17,28654140,3644,46560,5,7871
1019,4,0,6,19,28673220,3643,46560,5,7875
1020,11,0,11,14,28697460,3644,46560,5,7886
1021,13,0,14,11,28726140,3643,46560,5,7899
1022,15,0,17,8,28763700,3642,46560,5,7914
1023,13,0,11,14,28824000,3641,46560,5,7927
1024,9,0,11,14,28865700,3642,46560,5,7936
1025,13,0,14,11,28902660,3642,46560,5,7949
1026,6,0,9,16,28938360,3641,46560,5,7955
1027,9,0,10,15,28967100,3641,46560,5,7964
1028,8,0,10,15,29005920,3643,46560,5,7972
1029,7,0,11,14,29016960,3641,46560,5,7979
1030,5,0,7,18,29053080,3642,46560,5,7984
1031,5,0,8,17,29071740,3642,46560,5,7989
1032,4,0,8,17,29083260,3642,46560,5,7993
1033,1,0,3,22,29117880,3643,46560,5,7994
1034,3,0,5,20,29126520,3644,46560,5,7997
1035,4,0,4,21,29136120,3643,46560,5,8001
1036,5,0,8,17,29137080,3643,46560,5,8006
1037,7,0,9,16,29154060,3642,46560,5,8013
1038,8,0,8,17,29175000,3640,46560,5,8021
1039,6,0,9,16,29201760,3642,46560,5,8027
1040,8,0,12,13,29224140,3642,46560,5,8035
1041,13,0,16,9,29250120,3641,46560,5,8048
1042,6,0,8,17,29303220,3641,46560,5,8054
1043,7,0,11,14,29317440,3641,46560,5,8061
1044,10,0,7,18,29369640,3642,46560,5,8071
1045,8,0,9,16,29390100,3641,46560,5,8079
1046,9,0,13,12,29405160,3641,46560,5,8088
1047,9,0,12,13,29439960,3641,46560,5,8097
1048,11,0,14,11,29485200,3642,46560,5,8108
1049,10,0,13,12,29522940,3642,46560,5,8118
1050,15,0,16,9,29564160,3642,46560,5,8133
1051,7,0,13,12,29612400,3643,46560,5,8140
1052,12,0,11,14,29656440,3642,46560,5,8152
1053,8,0,8,17,29705640,3643,46560,5,8160
1054,7,0,8,17,29728080,3643,46560,5,8167
1055,6,0,8,17,29743320,3642,46560,5,8173
1056,4,0,7,18,29773560,3644,46560,5,8177
1057,6,0,10,15,29788380,3644,46560,5,8183
1058,4,0,8,17,29816340,3645,46560,5,8187
1059,3,0,7,18,29835900,3646,46560,5,8190
1060,9,0,11,14,29847600,3645,46560,5,8199
1061,3,0,7,18,29874240,3645,46560,5,8202
1062,10,0,11,14,29902260,3646,46560,5,8212
1063,7,0,11,14,29918700,3645,46560,5,8219
1064,11,0,9,16,29958780,3644,46560,5,8230
1065,8,0,7,18,29980020,3642,46560,5,8238
1066,8,0,6,19,30000720,3640,46560,5,8246
1067,12,0,15,10,30003720,3639,46560,5,8258
1068,15,0,17,8,30037620,3638,46560,5,8273
1069,13,0,15,10,30089880,3637,46560,5,8286
1070,9,0,8,17,30150480,3638,46560,5,8295
1071,13,0,12,13,30168120,3636,46560,5,8308
1072,9,0,11,14,30203100,3636,46560,5,8317
1073,15,0,14,11,30237900,3635,46560,5,8332
1074,4,0,9,16,30268860,3635,46560,5,8336
1075,8,0,11,14,30293280,3635,46560,5,8344
1076,13,0,11,14,30332100,3634,46560,5,8357
1077,7,0,12,13,30360000,3635,46560,5,8364
1078,4,0,8,17,30398820,3636,46560,5,8368
1079,8,0,8,17,30431580,3636,46560,5,8376
1080,2,0,9,16,30434520,3636,46560,5,8378
1081,5,0,5,20,30486600,3638,46560,5,8383
1082,6,0,7,18,30496800,3638,46560,5,8389
1083,6,0,6,19,30513540,3637,46560,5,8395
1084,11,0,12,13,30529020,3637,46560,5,8406
1085,6,0,12,13,30542580,3636,46560,5,8412
1086,10,0,10,15,30605640,3638,46560,5,8422
1087,8,0,10,15,30624900,3637,46560,5,8430
1088,11,0,10,15,30670920,3637,46560,5,8441
1089,8,0,10,15,30697440,3637,46560,5,8449
1090,12,0,15,10,30723420,3637,46560,5,8461
1091,10,0,13,12,30765720,3637,46560,5,8471
1092,7,0,10,15,30808860,3638,46560,5,8478
1093,10,0,11,14,30839580,3638,46560,5,8488
1094,11,0,11,14,30871020,3637,46560,5,8499
1095,13,0,14,11,30903720,3636,46560,5,8512
1096,4,0,9,16,30939300,3636,46560,5,8516
1097,8,0,12,13,30956820,3636,46560,5,8524
1098,14,0,12,13,31003320,3636,46560,5,8538
1099,13,0,14,11,31031760,3634,46560,5,8551
1100,4,0,9,16,31068960,3635,46560,5,8555
1101,9,0,11,14,31096200,3635,46560,5,8564
1102,7,0,8,17,31131120,3635,46560,5,8571
1103,3,0,9,16,31135980,3635,46560,5,8574
1104,10,0,9,16,31183800,3636,46560,5,8584
1105,6,0,10,15,31206780,3637,46560,5,8590
1106,6,0,11,14,31228860,3637,46560,5,8596
1107,7,0,10,15,31263180,3638,46560,5,8603
1108,8,0,8,17,31282020,3636,46560,5,8611
1109,7,0,6,19,31310640,3635,46560,5,8618
1110,11,0,14,11,31331460,3636,46560,5,8629
1111,7,0,7,18,31371900,3635,46560,5,8636
1112,6,0,10,15,31377600,3635,46560,5,8642
1113,9,0,9,16,31412520,3634,46560,5,8651
1114,8,0,9,16,31449900,3635,46560,5,8659
1115,9,0,8,17,31483560,3635,46560,5,8668
1116,12,0,10,15,31508280,3634,46560,5,8680
1117,11,0,10,15,31536600,3632,46560,5,8691
1118,18,0,15,10,31566060,3630,46560,5,8709
1119,8,0,14,11,31590780,3629,46560,5,8717
1120,9,0,9,16,31651980,3631,46560,5,8726
1121,14,0,15,10,31670640,3629,46560,5,8740
1122,13,0,13,12,31728000,3630,46560,5,8753
1123,10,0,14,11,31762080,3630,46560,5,8763
1124,9,0,12,13,31794900,3629,46560,5,8772
1125,7,0,9,16,31837980,3630,46560,5,8779
1126,6,0,9,16,31855020,3629,46560,5,8785
1127,5,0,6,19,31887780,3630,46560,5,8790
1128,6,0,8,17,31901340,3630,46560,5,8796
1129,3,0,5,20,31925580,3630,46560,5,8799
1130,7,0,9,16,31941480,3630,46560,5,8806
1131,7,0,9,16,31959420,3630,46560,5,8813
1132,10,0,11,14,31983660,3629,46560,5,8823
1133,8,0,12,13,32007360,3629,46560,5,8831
1134,8,0,12,13,32034600,3629,46560,5,8839
1135,6,0,9,16,32077260,3630,46560,5,8845
1136,11,0,10,15,32104320,3629,46560,5,8856
1137,9,0,12,13,32122140,3628,46560,5,8865
1138,8,0,9,16,32167140,3628,46560,5,8873
1139,12,0,13,12,32183460,3627,46560,5,8885
1140,9,0,13,12,32226480,3628,46560,5,8894
1141,12,0,16,9,32267520,3629,46560,5,8906
1142,16,11,11,14,32317080,3631,47820,5,8922
1143,12,12,16,9,32352780,3632,59580,6,8934
1144,10,18,12,13,32395920,3634,61980,6,8944
1145,7,13,18,7,32430960,3635,107700,12,8951
1146,6,0,16,9,32491800,3634,233700,26,8957
1147,5,0,7,18,32563020,3636,233700,26,8962
1148,10,0,9,16,32589300,3635,233700,26,8972
1149,9,0,8,17,32627160,3636,233700,26,8981
1150,4,0,6,19,32653140,3636,233700,26,8985
1151,5,0,5,20,32663220,3635,233700,25,8990
1152,4,0,4,21,32674320,3634,233700,25,8994
1153,8,0,8,17,32688300,3634,233700,25,9002
1154,7,0,10,15,32709120,3634,233700,25,9009
1155,8,0,10,15,32744280,3635,233700,25,9017
1156,10,0,8,17,32775240,3634,233700,25,9027
1157,5,0,7,18,32799780,3634,233700,25,9032
1158,7,0,9,16,32812560,3633,233700,25,9039
1159,9,0,12,13,32831520,3633,233700,25,9048
1160,6,0,10,15,32870280,3634,233700,25,9054
1161,9,0,13,12,32890560,3634,233700,25,9063
1162,14,0,12,13,32936100,3633,233700,25,9077
1163,12,0,16,9,32968740,3633,233700,25,9089
1164,10,0,15,10,33004560,3633,233700,25,9099
1165,17,0,17,8,33038520,3631,233700,25,9116
1166,8,0,13,12,33073620,3630,233700,25,9124
1167,10,0,10,15,33135780,3631,233700,25,9134
1168,11,0,14,11,33159900,3631,233700,25,9145
1169,8,0,12,13,33195900,3631,233700,25,9153
1170,16,0,16,9,33231720,3630,233700,25,9169
1171,12,0,17,8,33255480,3628,233700,25,9181
1172,7,0,12,13,33306720,3629,233700,25,9188
1173,8,0,10,15,33346020,3630,233700,25,9196
1174,5,0,8,17,33392100,3632,233700,25,9201
1175,5,0,8,17,33413220,3632,233700,25,9206
1176,7,0,13,12,33417300,3632,233700,25,9213
1177,4,0,10,15,33461640,3634,233700,25,9217
1178,6,0,7,18,33516780,3636,233700,25,9223
1179,6,0,9,16,33526680,3636,233700,25,9229
1180,8,0,13,12,33542220,3636,233700,25,9237
1181,3,0,9,16,33581100,3637,233700,25,9240
1182,7,0,8,17,33623100,3639,233700,25,9247
1183,6,0,8,17,33634200,3638,233700,25,9253
1184,8,0,8,17,33656460,3637,233700,25,9261
1185,5,0,8,17,33675480,3637,233700,25,9266
1186,13,0,12,13,33700260,3636,233700,25,9279
1187,7,0,10,15,33735960,3636,233700,25,9286
1188,9,0,12,13,33762660,3637,233700,25,9295
1189,10,0,9,16,33812100,3637,233700,25,9305
1190,8,0,11,14,33825240,3636,233700,25,9313
1191,10,0,11,14,33855300,3635,233700,25,9323
1192,12,0,13,12,33886680,3635,233700,25,9335
1193,9,0,11,14,33917880,3634,233700,25,9344
1194,6,0,10,15,33957840,3635,233700,24,9350
1195,7,0,10,15,33984960,3635,233700,24,9357
1196,6,0,10,15,34001640,3635,233700,24,9363
1197,2,0,5,20,34043940,3637,233700,24,9365
1198,7,0,10,15,34054440,3637,233700,24,9372
1199,6,0,10,15,34074000,3637,233700,24,9378
1200,2,0,4,21,34113840,3638,233700,24,9380
1201,6,0,7,18,34121400,3638,233700,24,9386
1202,9,0,9,16,34141920,3637,233700,24,9395
1203,4,0,9,16,34159560,3637,233700,24,9399
1204,6,0,6,19,34193820,3638,233700,24,9405
1205,5,0,6,19,34208820,3637,233700,24,9410
1206,4,0,7,18,34218360,3637,233700,24,9414
1207,8,0,8,17,34241040,3637,233700,24,9422
1208,4,0,9,16,34251480,3637,233700,24,9426
1209,8,0,11,14,34284900,3638,233700,24,9434
1210,10,0,10,15,34319160,3637,233700,24,9444
1211,9,0,11,14,34339080,3636,233700,24,9453
1212,17,0,17,8,34378800,3636,233700,24,9470
1213,8,0,12,13,34420020,3636,233700,24,9478
1214,5,0,7,18,34461420,3636,233700,24,9483
1215,8,0,8,17,34482840,3636,233700,24,9491
1216,10,0,14,11,34490220,3635,233700,24,9501
1217,8,0,13,12,34520400,3635,233700,24,9509
1218,6,0,7,18,34575660,3636,233700,24,9515
1219,8,0,10,15,34595160,3636,233700,24,9523
1220,3,0,6,19,34618500,3636,233700,24,9526
1221,8,0,9,16,34641540,3636,233700,24,9534
1222,7,0,9,16,34654680,3635,233700,24,9541
1223,9,0,7,18,34688400,3634,233700,24,9550
1224,7,0,7,18,34706820,3634,233700,24,9557
1225,2,0,5,20,34723800,3634,233700,24,9559
1226,3,0,6,19,34728240,3634,233700,24,9562
1227,4,0,5,20,34751760,3634,233700,24,9566
1228,5,0,8,17,34761540,3635,233700,24,9571
1229,3,0,7,18,34773240,3634,233700,24,9574
1230,11,0,11,14,34796220,3634,233700,24,9585
1231,10,0,7,18,34825320,3632,233700,24,9595
1232,10,0,10,15,34852560,3632,233700,24,9605
1233,7,0,9,16,34872060,3631,233700,24,9612
1234,14,0,10,15,34909620,3630,233700,24,9626
1235,10,0,11,14,34937460,3629,233700,24,9636
1236,8,0,13,12,34949400,3628,233700,24,9644
1237,12,0,16,9,34996680,3630,233700,24,9656
1238,8,0,9,16,35055720,3630,233700,24,9664
1239,12,0,15,10,35074560,3630,233700,24,9676
1240,8,0,10,15,35123220,3630,233700,24,9684
1241,5,0,6,19,35151780,3630,233700,24,9689
1242,8,0,10,15,35162940,3629,233700,24,9697
1243,13,0,14,11,35192580,3629,233700,24,9710
1244,6,0,16,9,35214000,3630,233700,24,9716
1245,2,0,6,19,35280660,3632,233700,24,9718
1246,10,0,6,19,35312640,3632,233700,24,9728
1247,7,0,6,19,35333940,3631,233700,24,9735
1248,7,0,10,15,35340360,3631,233700,23,9742
1249,10,0,15,10,35363880,3631,233700,23,9752
1250,3,0,9,16,35404260,3632,233700,23,9755
1251,3,0,6,19,35429700,3633,233700,23,9758
1252,6,0,6,19,35456520,3633,233700,23,9764
1253,7,0,9,16,35470260,3633,233700,23,9771
1254,6,0,10,15,35495340,3634,233700,23,9777
1255,9,0,6,19,35526300,3632,233700,23,9786
1256,13,0,11,14,35549580,3631,233700,23,9799
1257,12,0,16,9,35571780,3631,233700,23,9811
1258,3,0,5,20,35630760,3632,233700,23,9814
1259,9,0,10,15,35647080,3632,233700,23,9823
1260,13,0,11,14,35672400,3630,233700,23,9836
1261,10,0,12,13,35710800,3631,233700,23,9846
1262,12,0,10,15,35747340,3629,233700,23,9858
1263,14,0,15,10,35777520,3629,233700,23,9872
1264,12,0,11,14,35833080,3629,233700,23,9884
1265,7,0,8,17,35861340,3628,233700,23,9891
1266,8,0,9,16,35889060,3628,233700,23,9899
1267,9,0,11,14,35916240,3629,233700,23,9908
1268,6,0,7,18,35943900,3628,233700,23,9914
1269,13,0,13,12,35966280,3627,233700,23,9927
1270,8,0,12,13,36004920,3628,233700,23,9935
1271,10,0,14,11,36035160,3628,233700,23,9945
1272,8,0,9,16,36086940,3629,233700,23,9953
1273,6,0,7,18,36118440,3629,233700,23,9959
1274,1,0,5,20,36134460,3629,233700,23,9960
1275,5,0,5,20,36150780,3629,233700,23,9965
1276,5,0,6,19,36166140,3629,233700,23,9970
1277,8,0,9,16,36177360,3628,233700,23,9978
1278,7,0,9,16,36203760,3629,233700,23,9985
1279,3,0,6,19,36221460,3628,233700,23,9988
1280,2,0,6,19,36230220,3628,233700,23,9990
1281,8,0,10,15,36250980,3629,233700,23,9998
1282,8,0,10,15,36280500,3629,233700,23,10006
1283,10,0,10,15,36314160,3629,233700,23,10016
1284,11,0,15,10,36329400,3628,233700,23,10027
1285,11,0,17,8,36366060,3628,233700,23,10038
1286,13,0,15,10,36423660,3629,233700,23,10051
1287,8,0,9,16,36473280,3629,233700,23,10059
1288,14,0,16,9,36499560,3629,233700,23,10073
1289,12,0,19,6,36527280,3628,233700,23,10085
1290,12,0,14,11,36606540,3630,233700,23,10097
1291,9,0,12,13,36648840,3630,233700,23,10106
1292,6,0,9,16,36687180,3631,233700,23,10112
1293,9,0,12,13,36709980,3631,233700,23,10121
1294,5,0,13,12,36729000,3631,233700,23,10126
1295,4,0,8,17,36764640,3632,233700,23,10130
1296,4,0,8,17,36797400,3633,233700,23,10134
1297,9,0,9,16,36822720,3633,233700,23,10143
1298,4,0,7,18,36849240,3634,233700,23,10147
1299,3,0,5,20,36860040,3633,233700,23,10150
1300,6,0,6,19,36887820,3634,233700,23,10156
1301,7,0,10,15,36891480,3633,233700,22,10163
1302,4,0,5,20,36922440,3633,233700,22,10167
1303,7,0,6,19,36938760,3632,233700,22,10174
1304,9,0,10,15,36954480,3632,233700,22,10183
1305,8,0,10,15,36973560,3631,233700,22,10191
1306,8,0,10,15,36993780,3630,233700,22,10199
1307,11,0,14,11,37009920,3629,233700,22,10210
1308,10,0,13,12,37066680,3631,233700,22,10220
1309,14,0,17,8,37107540,3631,233700,22,10234
1310,8,0,11,14,37166880,3632,233700,22,10242
1311,16,0,14,11,37203000,3631,233700,22,10258
1312,10,0,10,15,37252920,3631,233700,22,10268
1313,14,0,13,12,37288140,3631,233700,22,10282
1314,9,0,11,14,37330680,3631,233700,22,10291
1315,6,0,7,18,37362420,3630,233700,22,10297
1316,3,0,7,18,37380840,3631,233700,22,10300
1317,3,0,7,18,37395420,3632,233700,22,10303
1318,7,0,5,20,37418940,3631,233700,22,10310
1319,7,0,9,16,37432260,3631,233700,22,10317
1320,6,0,9,16,37445040,3630,233700,22,10323
1321,5,0,8,17,37468740,3630,233700,22,10328
1322,3,0,7,18,37487220,3631,233700,22,10331
1323,4,0,7,18,37512960,3632,233700,22,10335
1324,4,0,8,17,37531380,3632,233700,22,10339
1325,8,0,12,13,37546980,3632,233700,22,10347
1326,9,0,15,10,37562760,3632,233700,22,10356
1327,9,0,11,14,37599960,3631,233700,22,10365
1328,6,0,9,16,37646760,3633,233700,22,10371
1329,8,0,10,15,37681320,3634,233700,22,10379
1330,5,0,9,16,37706280,3634,233700,22,10384
1331,14,0,14,11,37741980,3634,233700,22,10398
1332,10,0,12,13,37775700,3633,233700,22,10408
1333,14,0,17,8,37812180,3634,233700,22,10422
1334,13,0,12,13,37871400,3633,233700,22,10435
1335,9,0,14,11,37889340,3632,233700,22,10444
1336,6,0,9,16,37939560,3633,233700,22,10450
1337,10,0,12,13,37968840,3634,233700,22,10460
1338,11,0,13,12,38001540,3633,233700,22,10471
1339,8,0,14,11,38028540,3633,233700,22,10479
1340,9,0,15,10,38067720,3634,233700,22,10488
1341,5,0,8,17,38121660,3635,233700,22,10493
1342,7,0,9,16,38136480,3635,233700,22,10500
1343,3,0,6,19,38158380,3635,233700,22,10503
1344,4,0,6,19,38171940,3635,233700,22,10507
1345,3,0,8,17,38172780,3634,233700,22,10510
1346,9,0,13,12,38185440,3634,233700,22,10519
1347,3,0,8,17,38209200,3634,233700,22,10522
1348,9,0,14,11,38214180,3633,233700,22,10531
1349,6,0,13,12,38234820,3633,233700,22,10537
1350,4,0,12,13,38247600,3632,233700,22,10541
1351,9,0,11,14,38293680,3633,233700,22,10550
1352,14,0,19,6,38307000,3632,233700,22,10564
1353,16,0,22,3,38353920,3632,233700,22,10580
1354,7,0,16,9,38403060,3632,233700,22,10587
1355,4,0,8,17,38454480,3633,233700,22,10591
1356,15,0,15,10,38480220,3633,233700,22,10606
1357,18,0,24,1,38500800,3632,233700,21,10624
1358,9,0,17,8,38562600,3632,233700,21,10633
1359,11,0,17,8,38604000,3632,233700,21,10644
1360,9,0,13,12,38644620,3632,233700,21,10653
1361,13,0,17,8,38681040,3632,233700,21,10666
1362,10,0,15,10,38728020,3632,233700,21,10676
1363,10,0,15,10,38766360,3632,233700,21,10686
1364,5,0,10,15,38807520,3633,233700,21,10691
1365,5,0,10,15,38826180,3633,233700,21,10696
1366,2,0,7,18,38849340,3633,233700,21,10698
1367,7,0,11,14,38858040,3633,233700,21,10705
1368,5,0,11,14,38872440,3633,233700,21,10710
1369,10,0,11,14,38913300,3633,233700,21,10720
1370,4,0,12,13,38923860,3633,233700,21,10724
1371,9,0,13,12,38953740,3633,233700,21,10733
1372,7,0,9,16,38980920,3632,233700,21,10740
1373,8,0,14,11,38993880,3632,233700,21,10748
1374,6,0,13,12,39015840,3632,233700,21,10754
1375,8,0,13,12,39052560,3633,233700,21,10762
1376,7,0,13,12,39083040,3633,233700,21,10769
1377,13,0,21,4,39099420,3633,233700,21,10782
1378,10,0,15,10,39165960,3634,233700,21,10792
1379,5,0,9,16,39202380,3633,233700,21,10797
1380,10,0,13,12,39221640,3633,233700,21,10807
1381,3,0,12,13,39233760,3633,233700,21,10810
1382,11,0,12,13,39278400,3633,233700,21,10821
1383,11,0,14,11,39295980,3632,233700,21,10832
1384,11,0,17,8,39319860,3631,233700,21,10843
1385,9,0,13,12,39371100,3632,233700,21,10852
1386,10,0,16,9,39395220,3632,233700,21,10862
1387,9,1,17,8,39422160,3632,233700,21,10871
1388,9,0,15,10,39474600,3633,236040,21,10880
1389,8,0,16,9,39518520,3634,236040,21,10888
1390,7,0,12,13,39557520,3634,236040,21,10895
1391,4,0,9,16,39581280,3634,236040,21,10899
1392,7,0,10,15,39615660,3635,236040,21,10906
1393,4,0,12,13,39620400,3635,236040,21,10910
1394,3,0,12,13,39636720,3636,236040,21,10913
1395,4,0,9,16,39674700,3637,236040,21,10917
1396,5,0,12,13,39679380,3636,236040,21,10922
1397,8,0,13,12,39696180,3636,236040,21,10930
1398,7,0,14,11,39715920,3635,236040,21,10937
1399,3,0,11,14,39753060,3637,236040,21,10940
1400,8,0,13,12,39777600,3637,236040,21,10948
1401,6,0,10,15,39805800,3637,236040,21,10954
1402,11,0,14,11,39826140,3636,236040,21,10965
1403,17,0,19,6,39862200,3636,236040,21,10982
1404,11,0,15,10,39911520,3635,236040,21,10993
1405,11,0,15,10,39952260,3635,236040,21,11004
1406,10,0,13,12,39989880,3635,236040,21,11014
1407,9,0,10,15,40016460,3633,236040,21,11023
1408,11,0,16,9,40026900,3632,236040,21,11034
1409,9,0,14,11,40056360,3631,236040,21,11043
1410,8,0,15,10,40085340,3632,236040,21,11051
1411,5,0,14,11,40105680,3632,236040,21,11056
1412,7,0,9,16,40164480,3633,236040,21,11063
1413,5,0,10,15,40174020,3633,236040,21,11068
1414,7,0,10,15,40196580,3632,236040,21,11075
1415,7,0,10,15,40212000,3631,236040,21,11082
1416,4,0,12,13,40220160,3631,236040,21,11086
1417,2,0,7,18,40253460,3632,236040,21,11088
1418,5,0,11,14,40260660,3632,236040,21,11093
1419,8,0,13,12,40277280,3632,236040,21,11101
1420,6,0,12,13,40305000,3632,236040,21,11107
1421,3,0,10,15,40319220,3632,236040,21,11110
1422,7,0,12,13,40347360,3633,236040,21,11117
1423,7,0,13,12,40367400,3633,236040,21,11124
1424,8,0,13,12,40383480,3631,236040,21,11132
1425,12,0,17,8,40431000,3633,236520,21,11144
1426,9,1,18,7,40466040,3634,241140,21,11153
1427,9,0,16,9,40498980,3633,243660,21,11162
1428,12,0,15,10,40551900,3634,243660,21,11174
1429,9,0,14,11,40585500,3633,243660,21,11183
1430,7,0,11,14,40622340,3633,243660,21,11190
1431,5,0,11,14,40640160,3633,243660,21,11195
1432,7,0,10,15,40669860,3633,243660,21,11202
1433,10,0,15,10,40678080,3632,243660,21,11212
1434,7,0,12,13,40716420,3633,243660,21,11219
1435,9,0,10,15,40746300,3632,243660,21,11228
1436,14,0,15,10,40768140,3631,243660,21,11242
1437,9,0,14,11,40796160,3630,243660,21,11251
1438,9,0,13,12,40828680,3630,243660,21,11260
1439,5,0,11,14,40854360,3630,243660,21,11265
1440,9,0,12,13,40881240,3630,243660,21,11274
1441,6,0,10,15,40908180,3629,243660,21,11280
1442,6,0,8,17,40928700,3629,243660,21,11286
1443,3,0,10,15,40929420,3628,243660,21,11289
1444,7,0,10,15,40947840,3628,243660,21,11296
1445,3,0,8,17,40968960,3628,243660,21,11299
1446,7,0,8,17,40982160,3627,243660,21,11306
1447,7,0,10,15,40986900,3626,243660,21,11313
1448,11,0,16,9,41008080,3626,243660,21,11324
1449,7,0,16,9,41030040,3626,243660,21,11331
1450,9,0,13,12,41066640,3625,243660,21,11340
1451,7,0,15,10,41092140,3626,243660,21,11347
1452,6,0,13,12,41119560,3626,243660,21,11353
1453,7,0,14,11,41162340,3627,243660,21,11360
1454,15,3,21,4,41194260,3629,246720,21,11375
1455,11,12,17,8,41223300,3629,249600,21,11386
1456,4,0,17,8,41295480,3631,306600,26,11390
1457,7,0,15,10,41321880,3630,306600,26,11397
1458,9,0,13,12,41365440,3630,306600,26,11406
1459,12,0,15,10,41403480,3630,306600,26,11418
1460,10,0,15,10,41436480,3630,306600,26,11428
1461,5,0,9,16,41472180,3630,306600,26,11433
1462,6,0,12,13,41478300,3629,306600,26,11439
1463,7,0,12,13,41507460,3630,306600,26,11446
1464,8,0,14,11,41525400,3629,306600,26,11454
1465,3,0,9,16,41562900,3630,306600,26,11457
1466,7,0,13,12,41584500,3631,306600,26,11464
1467,3,0,11,14,41603940,3631,306600,26,11467
1468,6,0,13,12,41620680,3631,306600,26,11473
1469,8,0,11,14,41653380,3631,306600,26,11481
1470,5,0,10,15,41676180,3631,306600,26,11486
1471,8,0,8,17,41700840,3630,306600,26,11494
1472,6,0,12,13,41707080,3630,306600,26,11500
1473,4,0,14,11,41718540,3630,306600,26,11504
1474,10,0,11,14,41773680,3631,306600,26,11514
1475,16,0,17,8,41791620,3629,306600,26,11530
1476,10,0,17,8,41813100,3628,306600,26,11540
1477,13,0,18,7,41857800,3628,306600,26,11553
1478,7,0,13,12,41914980,3629,306600,26,11560
1479,20,0,21,4,41952780,3629,306600,26,11580
1480,11,0,19,6,42000780,3629,306600,26,11591
1481,14,0,19,6,42045840,3629,306600,26,11605
1482,10,0,13,12,42113880,3629,306600,26,11615
1483,12,0,14,11,42145440,3629,306600,26,11627
1484,6,0,10,15,42176640,3628,306600,26,11633
1485,6,0,8,17,42191220,3627,306600,26,11639
1486,6,0,12,13,42203760,3627,306600,26,11645
1487,10,0,15,10,42236760,3628,306600,26,11655
1488,3,0,12,13,42252480,3628,306600,26,11658
1489,7,0,12,13,42283260,3628,306600,26,11665
1490,10,0,16,9,42310860,3629,306600,26,11675
1491,9,0,16,9,42348480,3629,306600,26,11684
1492,3,0,10,15,42400320,3631,306600,26,11687
1493,7,0,14,11,42415140,3631,306600,26,11694
1494,11,0,18,7,42437160,3631,306600,26,11705
1495,9,0,16,9,42490020,3632,306600,26,11714
1496,9,0,14,11,42530940,3632,306600,26,11723
1497,17,0,15,10,42570480,3630,306600,26,11740
1498,11,0,17,8,42603240,3630,306600,26,11751
1499,6,0,14,11,42651780,3632,306600,26,11757
1500,8,0,15,10,42675480,3631,308280,26,11765
1501,12,0,18,7,42712860,3632,308280,26,11777
1502,12,0,15,10,42762900,3631,308280,26,11789
1503,7,0,14,11,42785040,3631,308280,26,11796
1504,8,0,11,14,42840840,3632,308280,26,11804
1505,9,0,12,13,42861720,3632,308280,26,11813
1506,12,0,15,10,42892620,3631,308280,26,11825
1507,7,0,14,11,42915600,3631,308280,26,11832
1508,2,0,9,16,42959880,3632,308280,26,11834
1509,6,0,9,16,42990000,3633,308280,26,11840
1510,11,0,13,12,43006560,3632,308280,26,11851
1511,6,0,13,12,43033620,3633,308280,25,11857
1512,8,0,12,13,43066020,3633,308280,25,11865
1513,6,0,13,12,43081800,3633,308280,25,11871
1514,6,0,12,13,43115820,3633,308280,25,11877
1515,4,0,11,14,43132800,3633,308280,25,11881
1516,3,0,10,15,43153440,3634,308280,25,11884
1517,2,0,8,17,43177440,3635,308280,25,11886
1518,10,0,11,14,43193460,3634,308280,25,11896
1519,11,0,16,9,43205760,3633,308280,25,11907
1520,7,0,13,12,43241340,3633,308280,25,11914
1521,11,0,17,8,43268820,3633,308280,25,11925
1522,9,0,13,12,43323600,3634,308280,25,11934
1523,12,0,15,10,43354620,3633,308280,25,11946
1524,12,0,20,5,43373460,3633,308280,25,11958
1525,11,0,14,11,43429440,3632,308280,25,11969
1526,11,0,14,11,43467960,3632,308280,25,11980
1527,13,0,17,8,43509540,3633,308280,25,11993
1528,5,0,14,11,43546980,3633,308280,25,11998
1529,15,0,18,7,43584780,3633,308280,25,12013
1530,10,0,16,9,43629900,3633,310320,25,12023
1531,12,0,19,6,43667580,3634,310320,25,12035
1532,6,0,14,11,43713420,3634,310320,25,12041
1533,10,0,11,14,43762440,3634,310320,25,12051
1534,2,0,8,17,43777800,3634,310320,25,12053
1535,5,0,9,16,43792980,3634,310320,25,12058
1536,1,0,6,19,43804740,3634,310320,25,12059
1537,9,0,11,14,43814160,3633,310320,25,12068
1538,7,0,13,12,43826580,3633,310320,25,12075
1539,3,0,12,13,43840500,3633,310320,25,12078
1540,3,0,10,15,43874940,3634,310320,25,12081
1541,2,0,10,15,43884300,3634,310320,25,12083
1542,10,0,16,9,43904340,3635,310320,25,12093
1543,12,0,14,11,43946880,3634,310320,25,12105
1544,5,0,13,12,43977360,3635,310320,25,12110
1545,12,0,14,11,44016240,3635,310320,25,12122
1546,7,0,15,10,44036880,3635,310320,25,12129
1547,8,0,11,14,44071680,3634,310320,25,12137
1548,7,0,12,13,44100420,3635,310320,25,12144
1549,4,0,13,12,44108460,3634,310320,25,12148
1550,8,0,13,12,44154720,3636,310320,25,12156
1551,10,0,13,12,44182200,3635,310320,25,12166
1552,16,0,18,7,44203920,3633,310320,25,12182
1553,7,0,13,12,44249040,3634,310320,25,12189
1554,7,0,10,15,44301900,3635,310320,25,12196
1555,13,0,16,9,44319240,3634,310320,25,12209
1556,6,0,16,9,44342820,3634,310320,25,12215
1557,3,0,7,18,44398500,3635,310320,25,12218
1558,5,0,7,18,44416980,3635,310320,25,12223
1559,4,0,7,18,44426580,3635,310320,25,12227
1560,6,0,11,14,44430060,3635,310320,25,12233
1561,5,0,11,14,44440440,3634,310320,25,12238
1562,4,0,10,15,44467320,3635,310320,25,12242
1563,7,0,12,13,44485740,3635,310320,25,12249
1564,4,0,7,18,44511420,3634,310320,25,12253
1565,11,0,14,11,44526000,3634,310320,25,12264
1566,8,0,10,15,44553600,3633,310320,25,12272
1567,10,0,16,9,44567340,3633,310320,25,12282
1568,7,0,16,9,44597940,3633,310320,25,12289
1569,11,0,17,8,44652000,3635,310320,25,12300
1570,6,0,13,12,44674800,3634,310320,25,12306
1571,8,0,14,11,44698500,3634,310320,25,12314
1572,13,0,16,9,44739840,3634,310320,25,12327
1573,13,0,16,9,44781540,3633,310320,25,12340
1574,9,0,14,11,44816220,3633,310320,25,12349
1575,10,0,14,11,44847180,3632,310320,25,12359
1576,9,0,12,13,44892120,3633,310320,25,12368
1577,10,0,16,9,44920020,3633,310320,25,12378
1578,7,0,15,10,44954400,3634,310320,25,12385
1579,7,0,13,12,44980680,3633,310320,25,12392
1580,6,0,10,15,45019560,3634,310320,25,12398
1581,13,0,14,11,45050640,3633,310320,25,12411
1582,10,0,13,12,45075540,3632,310320,24,12421
1583,3,0,7,18,45106740,3632,310320,24,12424
1584,5,0,10,15,45117480,3632,310320,24,12429
1585,5,0,8,17,45137040,3632,310320,24,12434
1586,3,0,5,20,45149700,3631,310320,24,12437
1587,3,0,8,17,45149700,3631,310320,24,12440
1588,3,0,8,17,45154200,3631,310320,24,12443
1589,11,0,17,8,45158460,3630,310320,24,12454
1590,5,0,15,10,45180660,3630,310320,24,12459
1591,5,0,11,14,45235980,3632,310320,24,12464
1592,5,0,10,15,45256860,3632,310320,24,12469
1593,9,0,11,14,45281520,3632,310320,24,12478
1594,9,0,12,13,45299520,3631,310320,24,12487
1595,14,0,18,7,45336060,3631,310320,24,12501
1596,12,0,15,10,45371220,3630,310320,24,12513
1597,10,0,14,11,45416220,3630,310320,24,12523
1598,5,0,11,14,45447060,3630,310320,24,12528
1599,7,0,13,12,45467400,3631,310320,24,12535
1600,10,0,14,11,45499320,3630,310320,24,12545
1601,10,0,15,10,45524520,3630,310320,24,12555
1602,9,0,12,13,45558720,3629,310320,24,12564
1603,12,0,15,10,45579420,3628,310320,24,12576
1604,4,0,13,12,45599100,3628,310320,24,12580
1605,8,0,14,11,45640560,3629,310320,24,12588
1606,3,0,7,18,45674160,3629,310320,24,12591
1607,8,0,10,15,45685680,3629,310320,24,12599
1608,7,0,12,13,45699600,3628,310320,24,12606
1609,5,0,11,14,45721560,3628,310320,24,12611
1610,6,0,13,12,45732600,3628,310320,24,12617
1611,8,0,14,11,45757980,3628,310320,24,12625
1612,5,0,12,13,45794280,3629,310320,24,12630
1613,6,0,15,10,45812640,3629,310320,24,12636
1614,3,0,11,14,45857580,3631,310320,24,12639
1615,4,0,8,17,45885060,3631,310320,24,12643
1616,8,0,11,14,45895680,3630,310320,24,12651
1617,15,0,14,11,45928740,3630,310320,24,12666
1618,14,0,15,10,45963060,3629,310320,24,12680
1619,10,1,18,7,45979080,3628,310860,24,12690
1620,12,9,13,12,46036560,3630,316620,24,12702
1621,19,9,25,0,46069140,3631,331320,26,12721
1622,14,9,23,2,46125000,3631,345600,27,12735
1623,11,0,14,11,46214100,3629,401340,31,12746
1624,9,0,15,10,46243920,3629,401340,31,12755
1625,4,0,13,12,46272240,3630,401340,31,12759
1626,6,0,10,15,46315440,3631,401340,31,12765
1627,11,0,15,10,46332300,3630,401340,31,12776
1628,8,0,17,8,46356120,3630,401340,31,12784
1629,5,0,11,14,46405740,3631,401340,31,12789
1630,5,0,10,15,46432860,3632,401340,31,12794
1631,7,0,10,15,46460820,3632,401340,31,12801
1632,11,0,19,6,46465860,3632,401340,31,12812
1633,3,0,8,17,46516680,3632,401340,31,12815
1634,2,0,7,18,46531260,3632,401340,31,12817
1635,9,0,10,15,46538160,3631,401340,31,12826
1636,11,0,15,10,46556160,3630,401340,31,12837
1637,7,0,14,11,46581240,3630,401340,31,12844
1638,7,0,12,13,46627440,3631,401340,31,12851
1639,12,0,20,5,46640820,3631,401340,31,12863
1640,7,0,13,12,46698360,3632,401340,31,12870
1641,10,0,16,9,46723500,3632,401340,31,12880
1642,9,0,16,9,46748460,3631,401340,31,12889
1643,9,0,14,11,46792200,3631,401340,31,12898
1644,6,0,13,12,46824000,3632,401340,31,12904
1645,14,0,20,5,46847400,3632,401340,31,12918
1646,6,0,14,11,46886700,3631,401340,31,12924
1647,11,0,14,11,46939140,3632,401340,31,12935
1648,8,0,13,12,46961520,3631,401340,31,12943
1649,16,0,23,2,46985040,3632,401340,30,12959
1650,9,0,12,13,47054640,3631,401340,30,12968
1651,8,0,12,13,47082840,3631,401340,30,12976
1652,10,0,9,16,47118540,3630,401340,30,12986
1653,4,0,7,18,47137920,3630,401340,30,12990
1654,8,0,11,14,47144700,3630,401340,30,12998
1655,6,0,9,16,47163480,3629,401340,30,13004
1656,7,0,12,13,47183760,3629,401340,30,13011
1657,15,0,16,9,47211960,3628,401340,30,13026
1658,5,0,12,13,47246340,3629,401340,30,13031
1659,7,0,12,13,47272800,3629,401340,30,13038
1660,8,0,11,14,47304240,3629,401340,30,13046
1661,4,0,8,17,47322660,3628,401340,30,13050
1662,7,0,12,13,47332020,3628,401340,30,13057
1663,10,0,16,9,47351940,3628,401340,30,13067
1664,13,0,17,8,47382300,3627,401340,30,13080
1665,8,0,18,7,47415000,3627,401340,30,13088
1666,14,0,22,3,47478000,3629,401340,30,13102
1667,9,0,14,11,47535960,3629,401340,30,13111
1668,14,0,19,6,47573160,3629,401340,30,13125
1669,13,0,19,6,47614320,3629,401340,30,13138
1670,2,0,12,13,47657160,3630,401340,30,13140
1671,6,0,10,15,47701560,3631,401340,30,13146
1672,11,0,11,14,47718840,3629,401340,30,13157
1673,5,0,9,16,47740380,3629,401340,30,13162
1674,9,0,13,12,47763720,3630,401340,30,13171
1675,7,0,12,13,47783280,3629,401340,30,13178
1676,4,0,11,14,47803500,3629,401340,30,13182
1677,6,0,10,15,47828940,3629,401340,30,13188
1678,5,0,8,17,47857560,3629,401340,30,13193
1679,3,0,7,18,47862600,3628,401340,30,13196
1680,6,0,9,16,47874180,3628,401340,30,13202
1681,6,0,10,15,47882940,3628,401340,30,13208
1682,6,0,11,14,47903580,3628,401340,30,13214
1683,2,0,7,18,47926320,3628,401340,30,13216
1684,3,0,7,18,47937660,3628,401340,30,13219
1685,2,0,6,19,47943180,3627,401340,30,13221
1686,13,0,15,10,47947980,3627,401340,30,13234
1687,5,0,14,11,47967180,3627,401340,30,13239
1688,9,0,12,13,48017220,3627,401340,30,13248
1689,7,0,12,13,48041340,3627,401340,30,13255
1690,9,0,10,15,48072060,3626,401340,30,13264
1691,10,0,10,15,48106140,3626,401340,30,13274
1692,7,0,13,12,48111000,3626,401340,30,13281
1693,6,0,10,15,48151140,3626,401340,30,13287
1694,12,0,15,10,48174540,3626,401340,30,13299
1695,11,0,16,9,48201420,3625,401340,30,13310
1696,5,0,12,13,48245040,3626,401340,30,13315
1697,5,0,11,14,48273240,3627,401340,30,13320
1698,9,0,15,10,48299820,3627,401340,30,13329
1699,6,0,15,10,48318000,3627,401340,30,13335
1700,6,0,11,14,48370380,3628,401340,30,13341
1701,5,0,9,16,48389700,3628,401340,30,13346
1702,3,0,8,17,48406320,3628,401340,30,13349
1703,7,0,13,12,48417900,3628,401340,30,13356
1704,4,0,10,15,48438000,3628,401340,30,13360
1705,2,0,7,18,48453900,3628,401340,30,13362
1706,4,0,9,16,48461640,3628,401340,30,13366
1707,7,0,13,12,48465600,3627,401340,30,13373
1708,8,0,14,11,48491640,3627,401340,29,13381
1709,6,0,14,11,48512700,3627,401340,29,13387
1710,7,0,12,13,48558960,3628,401340,29,13394
1711,3,0,13,12,48567840,3628,401340,29,13397
1712,5,0,9,16,48615780,3629,401340,29,13402
1713,12,0,13,12,48632400,3629,401340,29,13414
1714,11,0,15,10,48656220,3628,401340,29,13425
1715,5,0,12,13,48685380,3628,401340,29,13430
1716,10,0,14,11,48715620,3628,401340,29,13440
1717,15,0,21,4,48736500,3627,401340,29,13455
1718,6,0,15,10,48788820,3628,401340,29,13461
1719,10,0,14,11,48825600,3628,401340,29,13471
1720,15,0,20,5,48864360,3628,401340,29,13486
1721,6,0,11,14,48911220,3628,401340,29,13492
1722,8,0,13,12,48927300,3627,401340,29,13500
1723,13,0,16,9,48969180,3628,401340,29,13513
1724,2,0,9,16,48995640,3627,401340,29,13515
1725,8,0,10,15,49020720,3627,401340,29,13523
1726,4,0,12,13,49025280,3627,401340,29,13527
1727,5,0,9,16,49063500,3628,401340,29,13532
1728,10,0,14,11,49080240,3628,401340,29,13542
1729,4,0,10,15,49107840,3627,401340,29,13546
1730,3,0,8,17,49127820,3628,401340,29,13549
1731,6,0,8,17,49144980,3627,401340,29,13555
1732,1,0,6,19,49152540,3627,401340,29,13556
1733,6,0,9,16,49164540,3627,401340,29,13562
1734,4,0,8,17,49172040,3626,401340,29,13566
1735,9,0,11,14,49186380,3626,401340,29,13575
1736,11,0,13,12,49205160,3625,401340,29,13586
1737,10,0,15,10,49227960,3624,401340,29,13596
1738,15,0,23,2,49245780,3624,401340,29,13611
1739,11,0,20,5,49316400,3625,401340,29,13622
1740,9,0,18,7,49360380,3625,401340,29,13631
1741,16,0,18,7,49419240,3626,401340,29,13647
1742,12,0,19,6,49457460,3625,401340,29,13659
1743,8,0,13,12,49508820,3625,401340,29,13667
1744,5,0,9,16,49543320,3626,401340,29,13672
1745,8,0,10,15,49559700,3625,401340,29,13680
1746,11,0,14,11,49580820,3625,401340,29,13691
1747,9,0,13,12,49610400,3624,401340,29,13700
1748,7,0,15,10,49625040,3624,401340,29,13707
1749,6,0,13,12,49664340,3625,401340,29,13713
1750,7,0,13,12,49703280,3626,401340,29,13720
1751,6,0,12,13,49731900,3626,401340,29,13726
1752,3,0,11,14,49751820,3626,401340,29,13729
1753,5,0,10,15,49784760,3627,401340,29,13734
1754,9,0,15,10,49796640,3627,401340,29,13743
1755,3,0,11,14,49825920,3627,401340,29,13746
1756,7,0,9,16,49850820,3627,401340,29,13753
1757,5,0,12,13,49863240,3627,401340,29,13758
1758,7,0,15,10,49881300,3627,401340,29,13765
1759,12,0,20,5,49911540,3628,401340,29,13777
1760,14,0,16,9,49974120,3627,401340,29,13791
1761,12,0,18,7,50007060,3627,401340,29,13803
1762,10,0,16,9,50055540,3628,401340,29,13813
1763,9,0,12,13,50090040,3627,401340,29,13822
1764,10,0,18,7,50109360,3627,401340,29,13832
1765,13,0,20,5,50157240,3628,401340,28,13845
1766,10,0,14,11,50224080,3628,401340,28,13855
1767,13,0,17,8,50253600,3628,401340,28,13868
1768,7,0,10,15,50294220,3627,401340,28,13875
1769,10,0,14,11,50314680,3627,401340,28,13885
1770,7,0,14,11,50345580,3627,401340,28,13892
1771,6,0,11,14,50376420,3627,401340,28,13898
1772,6,0,13,12,50395740,3627,401340,28,13904
1773,10,0,14,11,50429880,3628,401340,28,13914
1774,4,0,11,14,50457900,3628,401340,28,13918
1775,6,0,11,14,50484420,3628,401340,28,13924
1776,2,0,10,15,50497380,3628,401340,28,13926
1777,2,0,7,18,50527920,3629,401340,28,13928
1778,4,0,9,16,50534160,3629,401340,28,13932
1779,11,0,15,10,50544780,3629,401340,28,13943
1780,8,0,12,13,50579580,3628,401340,28,13951
1781,7,0,13,12,50602860,3628,401340,28,13958
1782,3,0,9,16,50634180,3629,401340,28,13961
1783,8,0,11,14,50644980,3628,401340,28,13969
1784,4,0,9,16,50669340,3628,401340,28,13973
1785,15,0,17,8,50688480,3628,401340,28,13988
1786,12,0,15,10,50727060,3627,401340,28,14000
1787,15,0,15,10,50769120,3626,401340,28,14015
1788,10,0,14,11,50804100,3626,401340,28,14025
1789,13,0,15,10,50840280,3625,401340,28,14038
1790,6,0,14,11,50868540,3625,401340,28,14044
1791,11,0,15,10,50898660,3625,401340,28,14055
1792,10,0,18,7,50932920,3625,401340,28,14065
1793,12,0,17,8,50966340,3624,401340,28,14077
1794,7,0,13,12,51011700,3625,401340,28,14084
1795,7,0,10,15,51051840,3625,401340,28,14091
1796,11,0,16,9,51066420,3625,401340,28,14102
1797,4,0,12,13,51092940,3625,401340,28,14106
1798,8,0,11,14,51117900,3624,401340,28,14114
1799,8,0,10,15,51149280,3624,401340,28,14122
1800,8,0,14,11,51164580,3624,401340,28,14130
1801,2,0,8,17,51199860,3625,401340,28,14132
1802,6,0,9,16,51213360,3624,401340,28,14138
1803,4,0,8,17,51233400,3624,401340,28,14142
1804,1,0,7,18,51239340,3624,401340,28,14143
1805,12,0,13,12,51252600,3624,401340,28,14155
1806,13,0,20,5,51264420,3623,401340,28,14168
1807,7,0,15,10,51304620,3623,401340,28,14175
1808,8,0,13,12,51348720,3623,401340,28,14183
1809,10,0,16,9,51383340,3624,401340,28,14193
1810,9,0,15,10,51425700,3624,401340,28,14202
1811,5,0,11,14,51467580,3625,401340,28,14207
1812,5,0,9,16,51492840,3625,401340,28,14212
1813,19,0,19,6,51508860,3624,401340,28,14231
1814,9,0,13,12,51553260,3623,401340,28,14240
1815,10,0,13,12,51580740,3623,401340,28,14250
1816,10,0,11,14,51618480,3622,401340,28,14260
1817,12,0,13,12,51645540,3621,401340,28,14272
1818,16,0,22,3,51673800,3622,401340,28,14288
1819,6,0,13,12,51721560,3621,401340,28,14294
1820,6,0,12,13,51756420,3622,401340,28,14300
1821,6,0,11,14,51780300,3622,401340,28,14306
1822,9,0,16,9,51789420,3621,401340,28,14315
1823,4,0,9,16,51836280,3622,401340,28,14319
1824,5,0,11,14,51848400,3622,401340,28,14324
1825,1,0,9,16,51869340,3623,401340,28,14325
1826,3,0,9,16,51880440,3623,401340,28,14328
1827,4,0,7,18,51904860,3623,401340,28,14332
1828,9,0,11,14,51911040,3622,401340,27,14341
1829,9,0,16,9,51918480,3622,401340,27,14350
1830,5,0,11,14,51958560,3622,401340,27,14355
1831,6,0,11,14,51981540,3622,401340,27,14361
1832,14,0,12,13,52017480,3621,401340,27,14375
1833,4,0,10,15,52043100,3621,401340,27,14379
1834,8,0,11,14,52061460,3621,401340,27,14387
1835,7,0,9,16,52091760,3621,401340,27,14394
1836,12,0,15,10,52106280,3620,401340,27,14406
1837,10,0,17,8,52126860,3620,401340,27,14416
1838,6,0,11,14,52166040,3619,401340,27,14422
1839,7,0,11,14,52197900,3620,401340,27,14429
1840,7,0,10,15,52216980,3619,401340,27,14436
1841,9,0,14,11,52235040,3619,401340,27,14445
1842,5,0,8,17,52262160,3618,401340,27,14450
1843,7,0,12,13,52276740,3619,401340,27,14457
1844,10,0,16,9,52292160,3618,401340,27,14467
1845,11,0,19,6,52313520,3618,401340,27,14478
1846,10,0,16,9,52369380,3618,401340,27,14488
1847,6,0,11,14,52412820,3618,401340,27,14494
1848,7,0,12,13,52435380,3618,401340,27,14501
1849,7,0,10,15,52471920,3619,401340,27,14508
1850,4,0,7,18,52493100,3618,401340,27,14512
1851,5,0,10,15,52499940,3618,401340,27,14517
1852,5,0,10,15,52512060,3618,401340,27,14522
1853,12,0,14,11,52529460,3617,401340,27,14534
1854,10,0,15,10,52565640,3617,401340,27,14544
1855,5,0,14,11,52602780,3619,401340,27,14549
1856,6,0,12,13,52635360,3619,401340,27,14555
1857,6,0,12,13,52664940,3619,401340,27,14561
1858,9,0,17,8,52674120,3619,401340,27,14570
1859,15,6,16,9,52714080,3619,402840,27,14585
1860,9,4,19,6,52766340,3621,428160,29,14594
1861,7,0,15,10,52819800,3621,444600,30,14601
1862,11,0,15,10,52859880,3621,444600,30,14612
1863,13,0,18,7,52885800,3620,444600,30,14625
1864,10,0,14,11,52936380,3620,444600,30,14635
1865,11,0,20,5,52962960,3621,444600,30,14646
1866,4,0,10,15,53029140,3622,444600,30,14650
1867,12,0,16,9,53048640,3622,444600,30,14662
1868,11,0,15,10,53078700,3621,444600,30,14673
1869,10,0,16,9,53114280,3621,444600,30,14683
1870,5,0,15,10,53139180,3621,444600,30,14688
1871,4,0,9,16,53185440,3622,444600,30,14692
1872,7,0,12,13,53203980,3622,444600,30,14699
1873,4,0,13,12,53215500,3622,444600,30,14703
1874,4,0,9,16,53252760,3623,444600,30,14707
1875,3,0,9,16,53265000,3623,444600,30,14710
1876,4,0,8,17,53283840,3623,444600,30,14714
1877,5,0,9,16,53292840,3622,444600,30,14719
1878,7,0,13,12,53302140,3622,444600,30,14726
1879,9,0,18,7,53312760,3622,444600,30,14735
1880,8,0,12,13,53373420,3623,444600,30,14743
1881,5,0,8,17,53416800,3623,444600,30,14748
1882,2,0,7,18,53426400,3623,444600,30,14750
1883,12,0,12,13,53438580,3622,444600,30,14762
1884,7,0,14,11,53450100,3622,444600,30,14769
1885,16,0,19,6,53485200,3622,444600,30,14785
1886,11,0,17,8,53520120,3621,444600,30,14796
1887,9,0,14,11,53572500,3621,444600,30,14805
1888,16,0,17,8,53612580,3621,444600,29,14821
1889,6,0,14,11,53645700,3621,444600,29,14827
1890,5,0,12,13,53677320,3621,444600,29,14832
1891,9,0,14,11,53713440,3622,444600,29,14841
1892,11,0,17,8,53745300,3622,444600,29,14852
1893,14,0,16,9,53790540,3622,444600,29,14866
1894,4,0,13,12,53815500,3622,444600,29,14870
1895,11,0,11,14,53859240,3622,444600,29,14881
1896,4,0,12,13,53879580,3622,444600,29,14885
1897,5,0,9,16,53910840,3622,444600,29,14890
1898,5,0,10,15,53922720,3622,444600,29,14895
1899,4,0,9,16,53936460,3622,444600,29,14899
1900,4,0,8,17,53956380,3622,444600,29,14903
1901,1,0,6,19,53967720,3622,444600,29,14904
1902,7,0,9,16,53974020,3621,444600,29,14911
1903,8,0,13,12,53985060,3621,444600,29,14919
1904,5,0,13,12,54006900,3621,444600,29,14924
1905,4,0,11,14,54031800,3622,444600,29,14928
1906,5,0,9,16,54051780,3621,444600,29,14933
1907,11,0,13,12,54073920,3621,444600,29,14944
1908,11,0,13,12,54108720,3621,444600,29,14955
1909,6,0,13,12,54126780,3621,444600,29,14961
1910,9,0,12,13,54160260,3620,444600,29,14970
1911,11,0,16,9,54182220,3620,444600,29,14981
1912,13,8,17,8,54206700,3621,445260,29,14994
1913,8,2,22,3,54255600,3622,469560,31,15002
1914,4,0,12,13,54310080,3622,478620,31,15006
1915,8,0,13,12,54339840,3622,478620,31,15014
1916,4,0,11,14,54373860,3623,478620,31,15018
1917,4,0,10,15,54400080,3623,478620,31,15022
1918,10,0,14,11,54417960,3623,478620,31,15032
1919,1,0,6,19,54445560,3623,478620,31,15033
1920,6,0,9,16,54449760,3622,478620,31,15039
1921,5,0,6,19,54468180,3622,478620,31,15044
1922,4,0,7,18,54472560,3621,478620,31,15048
1923,3,0,7,18,54479700,3621,478620,31,15051
1924,5,0,9,16,54483600,3620,478620,31,15056
1925,8,0,13,12,54499140,3620,478620,31,15064
1926,8,0,12,13,54527760,3620,478620,31,15072
1927,4,0,8,17,54564660,3621,478620,31,15076
1928,7,0,8,17,54574380,3620,478620,31,15083
1929,10,0,12,13,54593100,3619,478620,31,15093
1930,7,0,13,12,54608400,3619,478620,31,15100
1931,8,0,9,16,54649500,3619,478620,31,15108
1932,13,0,15,10,54661020,3618,478620,31,15121
1933,9,0,14,11,54698460,3618,478620,31,15130
1934,13,0,16,9,54728760,3617,478620,31,15143
1935,7,0,14,11,54770220,3618,478620,31,15150
1936,5,0,12,13,54801780,3618,478620,31,15155
1937,7,0,12,13,54825480,3618,478620,31,15162
1938,14,0,16,9,54859440,3618,478620,31,15176
1939,7,0,13,12,54905400,3619,478620,31,15183
1940,6,0,14,11,54931920,3619,478620,31,15189
1941,5,0,12,13,54962220,3620,478620,31,15194
1942,5,0,11,14,54990540,3620,478620,31,15199
1943,3,0,7,18,55021920,3621,478620,31,15202
1944,5,0,9,16,55030380,3620,478620,31,15207
1945,2,0,7,18,55046460,3621,478620,31,15209
1946,5,0,6,19,55062240,3620,478620,31,15214
1947,2,0,7,18,55066200,3620,478620,31,15216
1948,5,0,9,16,55070940,3620,478620,31,15221
1949,4,0,9,16,55085340,3620,478620,31,15225
1950,4,0,9,16,55101000,3620,478620,31,15229
1951,7,0,10,15,55115280,3619,478620,31,15236
1952,7,0,11,14,55127160,3619,478620,31,15243
1953,5,0,11,14,55145520,3619,478620,31,15248
1954,8,0,13,12,55171200,3619,478620,31,15256
1955,12,0,15,10,55202760,3619,478620,31,15268
1956,13,0,18,7,55229160,3618,478620,31,15281
1957,13,0,17,8,55282800,3618,478620,31,15294
1958,10,0,13,12,55317600,3617,478620,31,15304
1959,9,0,16,9,55343520,3617,478620,31,15313
1960,8,0,16,9,55377420,3618,478620,31,15321
1961,7,0,14,11,55416000,3618,478620,31,15328
1962,7,0,11,14,55468800,3619,478620,31,15335
1963,7,0,14,11,55474980,3619,478620,31,15342
1964,9,0,11,14,55527780,3619,478620,31,15351
1965,9,0,19,6,55531560,3619,478620,31,15360
1966,6,0,16,9,55576440,3620,478620,31,15366
1967,2,0,8,17,55630740,3621,478620,31,15368
1968,2,0,9,16,55636500,3621,478620,31,15370
1969,3,0,10,15,55649940,3622,478620,31,15373
1970,6,0,12,13,55668540,3622,478620,31,15379
1971,6,0,11,14,55691760,3622,478620,31,15385
1972,4,0,8,17,55719480,3622,478620,31,15389
1973,8,0,13,12,55726380,3622,478620,31,15397
1974,5,0,11,14,55747320,3622,478620,31,15402
1975,10,0,10,15,55782960,3621,478620,31,15412
1976,13,0,13,12,55807080,3621,478620,31,15425
1977,13,0,16,9,55829340,3620,478620,31,15438
1978,11,0,18,7,55850580,3619,478620,30,15449
1979,13,0,20,5,55894860,3619,478620,30,15462
1980,9,0,17,8,55945800,3620,478620,30,15471
1981,14,0,16,9,56004300,3620,478620,30,15485
1982,11,0,16,9,56043480,3620,478620,30,15496
1983,16,0,23,2,56081700,3620,478620,30,15512
1984,10,0,18,7,56141460,3621,478620,30,15522
1985,12,0,16,9,56204760,3621,478620,30,15534
1986,10,0,17,8,56239620,3622,478620,30,15544
1987,5,0,12,13,56285400,3622,478620,30,15549
1988,6,0,10,15,56325300,3623,478620,30,15555
1989,5,0,11,14,56338800,3623,478620,30,15560
1990,7,0,11,14,56371200,3623,478620,30,15567
1991,8,0,13,12,56393460,3623,478620,30,15575
1992,11,0,16,9,56415900,3623,478620,30,15586
1993,1,0,10,15,56450880,3623,478620,30,15587
1994,3,0,9,16,56474400,3624,478620,30,15590
1995,9,0,11,14,56497800,3624,478620,30,15599
1996,3,0,9,16,56517120,3624,478620,30,15602
1997,4,0,10,15,56529600,3624,478620,30,15606
1998,8,0,12,13,56542980,3624,478620,30,15614
1999,2,0,8,17,56562480,3623,478620,30,15616
2000,9,0,14,11,56571480,3623,478620,30,15625
2001,14,0,21,4,56596560,3623,478620,30,15639
2002,9,0,18,7,56641140,3623,478620,30,15648
2003,11,0,15,10,56706120,3624,478620,30,15659
2004,11,0,19,6,56739780,3625,478620,30,15670
2005,11,0,19,6,56773680,3624,478620,30,15681
2006,15,0,20,5,56834400,3625,478620,30,15696
2007,9,0,16,9,56863860,3624,478620,30,15705
2008,12,0,17,8,56904900,3624,478620,30,15717
2009,5,0,10,15,56959500,3625,478620,30,15722
2010,11,0,13,12,56981820,3624,478620,30,15733
2011,6,0,12,13,57001440,3624,478620,30,15739
2012,10,0,14,11,57023100,3623,478620,30,15749
2013,7,0,10,15,57059160,3623,478620,30,15756
2014,8,0,13,12,57077460,3623,478620,30,15764
2015,7,0,14,11,57097740,3623,478620,30,15771
2016,9,0,15,10,57131700,3623,478620,30,15780
2017,4,0,17,8,57133620,3623,478620,30,15784
2018,3,0,17,8,57139320,3623,478620,30,15787
2019,8,0,21,4,57150180,3623,478620,30,15795
2020,6,0,20,5,57180060,3623,478620,30,15801
2021,13,0,24,1,57200820,3622,478620,30,15814
2022,7,0,20,5,57242460,3622,478620,30,15821
2023,9,0,20,5,57261900,3621,478620,30,15830
2024,7,0,20,5,57284520,3621,478620,30,15837
2025,13,10,19,6,57302580,3621,479100,30,15850
2026,7,11,21,4,57326760,3622,496860,31,15857
2027,10,13,25,0,57347520,3622,521340,32,15867
2028,9,19,22,3,57375960,3623,523620,32,15876
2029,13,27,20,5,57411120,3623,540300,34,15889
2030,8,33,18,7,57435420,3624,545100,34,15897
2031,13,36,24,1,57463380,3625,572340,35,15910
2032,6,35,25,0,57482400,3625,592440,37,15916
2033,11,37,25,0,57517560,3625,609180,38,15927
2034,8,35,25,0,57571980,3626,660180,41,15935
2035,10,33,25,0,57609120,3626,785880,49,15945
2036,11,36,25,0,57634140,3625,791880,49,15956
2037,11,39,25,0,57671160,3626,796920,49,15967
2038,5,22,25,0,57734220,3625,1231920,77,15972
2039,5,0,21,4,57773160,3621,1868340,116,15977
2040,5,0,19,6,57790980,3620,1868340,116,15982
2041,4,0,17,8,57819840,3621,1868340,116,15986
2042,5,0,19,6,57833340,3621,1868340,116,15991
2043,7,0,20,5,57846360,3620,1868340,116,15998
2044,5,0,20,5,57855360,3620,1868340,116,16003
2045,6,0,18,7,57888300,3620,1868340,116,16009
2046,4,0,18,7,57902280,3620,1868340,116,16013
2047,9,0,21,4,57909720,3619,1868340,116,16022
2048,9,0,22,3,57937500,3619,1868340,116,16031
2049,9,0,22,3,57967020,3619,1868340,116,16040
2050,12,0,23,2,57989400,3618,1868580,116,16052
2051,10,1,25,0,58005720,3617,1868760,116,16062
2052,16,4,25,0,58056420,3617,1870920,116,16078
2053,11,2,25,0,58094820,3617,1877160,116,16089
2054,11,7,25,0,58111020,3617,1881420,116,16100
2055,5,2,25,0,58170360,3618,1909860,118,16105
2056,10,0,23,2,58207320,3617,1913040,118,16115
2057,4,0,20,5,58237740,3617,1913040,118,16119
2058,9,1,24,1,58250460,3617,1913280,118,16128
2059,15,13,22,3,58279440,3618,1914780,118,16143
2060,11,21,19,6,58313880,3619,1921980,118,16154
2061,10,23,25,0,58327920,3619,1932780,119,16164
2062,9,28,25,0,58349520,3620,1943400,120,16173
2063,3,29,19,6,58393980,3621,1946880,120,16176
2064,4,26,23,2,58420740,3622,1973880,122,16180
2065,8,21,25,0,58460820,3622,2129040,131,16188
2066,4,10,25,0,58502640,3621,2303760,142,16192
2067,4,0,18,7,58546200,3619,2532060,156,16196
2068,6,0,23,2,58553520,3619,2532060,156,16202
2069,4,0,20,5,58584300,3619,2534160,156,16206
2070,11,0,23,2,58611720,3619,2534400,156,16217
2071,12,0,25,0,58636260,3619,2535060,156,16229
2072,4,0,19,6,58682520,3619,2535060,156,16233
2073,6,0,20,5,58700280,3619,2535060,156,16239
2074,10,1,25,0,58725360,3620,2535360,156,16249
2075,8,0,24,1,58762980,3620,2537640,156,16257
2076,19,16,20,5,58794060,3620,2539920,156,16276
2077,11,22,20,5,58824360,3621,2550720,156,16287
2078,4,22,20,5,58842180,3621,2569500,157,16291
2079,11,26,25,0,58858080,3622,2629560,161,16302
2080,8,24,25,0,58911600,3623,2682180,164,16310
2081,10,22,25,0,58955700,3623,2711580,166,16320
2082,5,15,25,0,58990800,3622,2841540,174,16325
2083,11,8,25,0,59032620,3621,2942280,180,16336
2084,9,4,25,0,59070660,3620,3013860,184,16345
2085,5,7,20,5,59098860,3621,3032400,185,16350
2086,5,0,25,0,59130120,3621,3138660,191,16355
2087,3,0,17,8,59173740,3621,3138660,191,16358
2088,7,0,21,4,59185320,3621,3138660,191,16365
2089,6,0,16,9,59218260,3621,3138660,191,16371
2090,1,0,16,9,59222100,3621,3138660,191,16372
2091,4,0,19,6,59230020,3621,3138660,191,16376
2092,5,0,19,6,59241000,3621,3138660,191,16381
2093,13,1,25,0,59257260,3620,3138660,191,16394
2094,12,3,25,0,59286120,3620,3145380,191,16406
2095,5,0,18,7,59344860,3620,3151920,192,16411
2096,8,1,21,4,59351280,3620,3151920,192,16419
2097,13,5,25,0,59380320,3620,3161400,192,16432
2098,8,0,24,1,59414340,3619,3175140,193,16440
2099,9,4,24,1,59430000,3619,3176040,193,16449
2100,6,0,22,3,59493180,3620,3185100,193,16455
2101,9,0,21,4,59515680,3619,3185100,193,16464
2102,9,0,22,3,59538960,3619,3185100,193,16473
2103,12,0,25,0,59567400,3619,3186420,193,16485
2104,9,0,22,3,59593380,3618,3187140,193,16494
2105,12,0,25,0,59626860,3618,3187800,193,16506
2106,6,0,21,4,59672280,3618,3189540,193,16512
2107,7,1,20,5,59692020,3618,3189600,193,16519
2108,7,3,22,3,59712420,3619,3190740,193,16526
2109,2,0,24,1,59737080,3619,3209400,194,16528
2110,7,0,20,5,59780340,3620,3209400,194,16535
2111,3,0,18,7,59795820,3620,3209400,194,16538
2112,7,0,21,4,59813280,3620,3209400,194,16545
2113,3,0,16,9,59842020,3620,3209400,193,16548
2114,7,0,20,5,59850840,3620,3209400,193,16555
2115,7,0,21,4,59873520,3620,3209400,193,16562
2116,8,0,22,3,59894280,3619,3209400,193,16570
2117,6,0,21,4,59910840,3619,3209520,193,16576
2118,9,1,24,1,59942940,3620,3210600,193,16585
2119,9,0,22,3,59990280,3620,3211800,193,16594
2120,10,4,22,3,60011580,3620,3214200,193,16604
2121,11,13,19,6,60039540,3620,3216960,193,16615
2122,8,18,20,5,60055440,3621,3226380,194,16623
2123,13,30,19,6,60068820,3621,3229620,194,16636
2124,11,36,20,5,60099000,3622,3242580,194,16647
2125,15,40,19,6,60110280,3623,3244800,194,16662
2126,9,40,19,6,60133740,3623,3270840,196,16671
2127,10,37,25,0,60160260,3624,3353940,201,16681
2128,8,39,25,0,60181800,3624,3377820,202,16689
2129,6,38,25,0,60222600,3625,3465780,207,16695
2130,9,33,25,0,60285000,3626,3612240,216,16704
2131,6,31,25,0,60311580,3626,3704400,221,16710
2132,4,24,25,0,60349440,3626,3955320,236,16714
2133,5,6,25,0,60396540,3624,4436580,265,16719
2134,2,0,15,10,60438000,3622,4623420,276,16721
2135,7,0,18,7,60446400,3622,4623420,276,16728
2136,2,0,19,6,60449340,3622,4623420,276,16730
2137,10,0,21,4,60470880,3621,4623420,276,16740
2138,7,0,22,3,60497160,3622,4623420,276,16747
2139,4,0,20,5,60517920,3622,4623420,276,16751
2140,4,0,19,6,60542820,3622,4623420,276,16755
2141,7,0,21,4,60562140,3622,4623420,276,16762
2142,10,6,20,5,60573660,3622,4624380,276,16772
2143,6,10,19,6,60589440,3622,4628160,276,16778
2144,10,11,25,0,60619140,3623,4638480,276,16788
2145,13,22,20,5,60647700,3623,4639920,276,16801
2146,5,24,19,6,60675060,3624,4650420,277,16806
2147,12,26,25,0,60695280,3624,4673340,278,16818
2148,5,25,25,0,60716580,3624,4688220,279,16823
2149,13,31,22,3,60769380,3625,4697520,279,16836
2150,15,40,20,5,60789300,3626,4700640,279,16851
2151,11,40,25,0,60817320,3626,4770660,283,16862
2152,13,39,25,0,60856560,3626,4808460,285,16875
2153,8,36,25,0,60904560,3626,4911900,291,16883
2154,5,26,25,0,60956940,3626,5130660,304,16888
2155,9,10,25,0,60995940,3623,5593140,331,16897
2156,11,3,25,0,61024380,3621,5826000,345,16908
2157,11,0,23,2,61064640,3620,5847960,346,16919
2158,4,0,21,4,61095360,3621,5847960,346,16923
2159,8,0,21,4,61123620,3621,5850240,346,16931
2160,6,0,20,5,61149360,3621,5850240,346,16937
2161,3,0,18,7,61182900,3622,5850240,345,16940
2162,5,0,19,6,61190640,3621,5850240,345,16945
2163,3,0,20,5,61199700,3621,5850240,345,16948
2164,2,0,20,5,61221180,3622,5850240,345,16950
2165,4,0,18,7,61248900,3622,5850240,345,16954
2166,5,0,19,6,61263900,3622,5850240,345,16959
2167,4,0,20,5,61276980,3623,5850240,345,16963
2168,10,0,25,0,61305180,3623,5850300,345,16973
2169,8,2,25,0,61330620,3623,5850360,345,16981
2170,9,7,22,3,61360560,3624,5851620,345,16990
2171,8,5,25,0,61412520,3625,5863560,345,16998
2172,12,13,25,0,61428660,3625,5866020,345,17010
2173,14,19,25,0,61471380,3626,5893620,346,17024
2174,13,30,20,5,61503720,3627,5898540,346,17037
2175,3,28,20,5,61540320,3628,5919840,348,17040
2176,6,27,25,0,61553400,3628,5969040,350,17046
2177,9,30,24,1,61590480,3629,5984820,351,17055
2178,11,39,22,3,61614180,3629,5988240,351,17066
2179,6,38,19,6,61664640,3631,5998380,352,17072
2180,13,39,25,0,61671720,3631,6033660,353,17085
2181,2,32,25,0,61721220,3632,6094140,357,17087
2182,10,32,25,0,61767300,3632,6172860,361,17097
2183,4,28,25,0,61794060,3632,6280620,368,17101
2184,4,7,25,0,61851840,3630,6900420,404,17105
2185,6,0,22,3,61870260,3628,7202400,421,17111
2186,2,0,18,7,61900260,3629,7202400,421,17113
2187,5,0,17,8,61925280,3629,7202400,421,17118
2188,4,0,18,7,61932540,3629,7202400,421,17122
2189,8,0,19,6,61953120,3628,7202400,421,17130
2190,4,0,20,5,61963260,3628,7202400,421,17134
2191,10,0,23,2,61983420,3628,7202400,421,17144
2192,7,0,23,2,62009340,3628,7202400,420,17151
2193,9,0,24,1,62031480,3627,7202400,420,17160
2194,10,1,25,0,62062920,3628,7202400,420,17170
2195,9,0,24,1,62100120,3627,7202400,420,17179
2196,10,4,21,4,62138640,3628,7204800,420,17189
2197,12,13,21,4,62155980,3628,7211520,420,17201
2198,13,23,19,6,62191140,3629,7220820,420,17214
2199,14,35,20,5,62196360,3629,7231560,420,17228
2200,13,38,25,0,62231460,3630,7279860,423,17241
2201,8,39,24,1,62254140,3631,7312140,425,17249
2202,3,37,23,2,62297340,3632,7354140,427,17252
2203,5,32,25,0,62339640,3633,7434660,431,17257
2204,7,27,25,0,62381340,3632,7561500,439,17264
2205,5,20,25,0,62426400,3633,7768620,450,17269
2206,7,9,25,0,62462280,3631,7977480,462,17276
2207,9,0,21,4,62503980,3629,8190120,474,17285
2208,4,0,20,5,62523840,3629,8190120,474,17289
2209,7,0,18,7,62551080,3628,8190120,474,17296
2210,6,0,20,5,62567760,3629,8190120,474,17302
2211,4,0,18,7,62590740,3629,8190120,474,17306
2212,5,0,18,7,62602860,3628,8190120,474,17311
2213,4,0,18,7,62618040,3628,8190120,474,17315
2214,6,0,18,7,62635020,3628,8190120,473,17321
2215,5,0,19,6,62649780,3628,8190120,473,17326
2216,7,0,21,4,62663400,3628,8190120,473,17333
2217,5,0,19,6,62683080,3627,8190120,473,17338
2218,7,0,21,4,62701380,3627,8190120,473,17345
2219,12,0,23,2,62722500,3627,8190480,473,17357
2220,10,0,23,2,62768580,3627,8193180,472,17367
2221,13,0,21,4,62803980,3626,8193180,472,17380
2222,10,2,25,0,62813460,3626,8193480,472,17390
2223,13,7,25,0,62848800,3626,8197260,472,17403
2224,12,18,21,4,62871600,3626,8197980,472,17415
2225,10,23,20,5,62927100,3628,8218260,472,17425
2226,9,31,20,5,62937300,3629,8223900,472,17434
2227,6,34,20,5,62960580,3629,8236680,473,17440
2228,10,36,25,0,62983260,3630,8272920,475,17450
2229,7,39,24,1,63012120,3631,8275380,475,17457
2230,1,37,19,6,63066240,3632,8283480,475,17458
2231,5,39,19,6,63086880,3633,8287080,475,17463
2232,5,38,20,5,63102240,3633,8308980,476,17468
2233,6,34,25,0,63123000,3633,8504580,487,17474
2234,3,27,25,0,63159120,3633,8706720,499,17477
2235,5,17,25,0,63210000,3633,9124200,523,17482
2236,5,0,17,8,63255780,3629,9569400,548,17487
2237,5,0,19,6,63265200,3629,9569400,548,17492
2238,6,0,19,6,63280680,3629,9569400,548,17498
2239,5,0,21,4,63293880,3629,9569400,548,17503
2240,9,0,19,6,63317400,3628,9569400,547,17512
2241,11,0,21,4,63341520,3628,9569400,547,17523
2242,9,0,23,2,63354660,3627,9569400,547,17532
2243,9,3,20,5,63380160,3627,9569820,547,17541
2244,9,1,25,0,63394920,3626,9582420,547,17550
2245,14,7,25,0,63431520,3627,9586980,547,17564
2246,6,4,25,0,63472080,3627,9603720,547,17570
2247,17,12,25,0,63512820,3628,9609240,547,17587
2248,5,7,25,0,63561300,3628,9647460,549,17592
2249,7,0,20,5,63606720,3627,9686760,551,17599
2250,6,0,18,7,63630180,3627,9686760,551,17605
2251,8,0,21,4,63636600,3626,9686760,551,17613
2252,5,0,20,5,63655020,3626,9686760,551,17618
2253,10,2,24,1,63668700,3626,9687960,550,17628
2254,6,0,24,1,63707280,3626,9690720,550,17634
2255,5,0,19,6,63743040,3626,9690720,550,17639
2256,9,0,19,6,63777180,3626,9690720,550,17648
2257,4,0,18,7,63791940,3626,9690720,550,17652
2258,5,0,21,4,63804540,3626,9690720,550,17657
2259,8,0,21,4,63838680,3627,9690720,549,17665
2260,6,0,21,4,63855180,3626,9690720,549,17671
2261,10,1,25,0,63869580,3626,9691620,549,17681
2262,5,3,22,3,63898380,3627,9692280,549,17686
2263,6,0,23,2,63939240,3627,9698520,549,17692
2264,5,0,21,4,63963720,3627,9698520,549,17697
2265,8,0,21,4,64001520,3628,9698520,549,17705
2266,13,1,24,1,64018080,3627,9699780,548,17718
2267,5,1,24,1,64039980,3627,9702840,548,17723
2268,4,1,21,4,64082580,3628,9710220,549,17727
2269,8,7,19,6,64107180,3629,9710400,549,17735
2270,8,4,25,0,64129020,3629,9734880,550,17743
2271,13,4,25,0,64167720,3628,9749100,550,17756
2272,4,0,22,3,64208160,3628,9764220,551,17760
2273,11,0,21,4,64251060,3628,9765660,550,17771
2274,12,5,22,3,64268160,3628,9768720,550,17783
2275,11,3,25,0,64300560,3628,9782100,551,17794
2276,4,0,23,2,64326420,3627,9795840,551,17798
2277,3,0,18,7,64372080,3628,9795840,551,17801
2278,13,0,23,2,64391880,3628,9795840,551,17814
2279,4,0,20,5,64416060,3628,9795840,551,17818
2280,3,0,17,8,64446360,3628,9795840,551,17821
2281,3,0,18,7,64454400,3628,9795840,550,17824
2282,4,0,19,6,64460520,3628,9795840,550,17828
2283,5,0,18,7,64478400,3628,9795840,550,17833
2284,4,0,19,6,64488000,3628,9795840,550,17837
2285,8,0,20,5,64504860,3627,9795840,550,17845
2286,3,0,16,9,64527540,3627,9795840,550,17848
2287,4,0,19,6,64535640,3627,9795840,550,17852
2288,7,0,22,3,64546920,3627,9795840,549,17859
2289,5,0,20,5,64571400,3627,9795840,549,17864
2290,9,1,22,3,64597140,3627,9796020,549,17873
2291,6,0,24,1,64624860,3628,9797280,549,17879
2292,17,10,20,5,64669200,3628,9801900,549,17896
2293,11,14,25,0,64681740,3628,9807720,549,17907
2294,12,17,25,0,64730340,3629,9817140,549,17919
2295,6,16,25,0,64758000,3629,9836700,550,17925
2296,14,19,25,0,64814220,3630,9864180,551,17939
2297,13,26,25,0,64834920,3630,9869220,551,17952
2298,6,31,18,7,64880340,3631,9871920,551,17958
2299,5,34,19,6,64888860,3631,9876540,551,17963
2300,10,40,19,6,64917960,3632,9881280,551,17973
2301,7,39,21,4,64939620,3633,9907320,552,17980
2302,5,35,25,0,64964100,3633,9971040,555,17985
2303,4,27,25,0,65007540,3633,10156020,566,17989
2304,7,15,25,0,65058960,3632,10464000,583,17996
2305,6,0,22,3,65086140,3629,10948320,609,18002
2306,5,0,19,6,65111640,3629,10948320,609,18007
2307,5,0,19,6,65129760,3629,10948320,609,18012
2308,6,0,19,6,65153220,3629,10948320,609,18018
2309,5,0,19,6,65181720,3630,10948320,609,18023
2310,8,0,23,2,65196180,3630,10948320,608,18031
2311,5,0,23,2,65211660,3629,10948320,608,18036
2312,7,0,22,3,65258100,3630,10948320,608,18043
2313,10,0,22,3,65280600,3630,10948620,608,18053
2314,15,1,25,0,65320380,3630,10949700,607,18068
2315,12,1,25,0,65350200,3629,10952760,607,18080
2316,11,1,25,0,65388960,3629,10952760,607,18091
2317,11,6,22,3,65422140,3629,10956420,606,18102
2318,6,6,22,3,65447220,3629,10972320,607,18108
2319,13,10,25,0,65480760,3630,10982040,607,18121
2320,9,10,25,0,65524440,3630,10995660,608,18130
2321,8,0,25,0,65570820,3629,11075940,612,18138
2322,8,0,24,1,65593440,3629,11075940,611,18146
2323,9,2,24,1,65615880,3628,11075940,611,18155
2324,3,0,18,7,65665800,3629,11076960,611,18158
2325,8,0,20,5,65686320,3629,11076960,611,18166
2326,7,0,22,3,65705280,3629,11076960,611,18173
2327,7,0,19,6,65737740,3629,11076960,610,18180
2328,4,0,21,4,65748420,3629,11076960,610,18184
2329,3,0,17,8,65779500,3629,11076960,610,18187
2330,4,0,17,8,65793240,3629,11076960,610,18191
2331,7,0,20,5,65800080,3629,11076960,610,18198
2332,7,0,21,4,65819820,3629,11076960,610,18205
2333,8,2,22,3,65832360,3628,11077980,609,18213
2334,9,10,19,6,65854500,3629,11079300,609,18222
2335,8,16,19,6,65873220,3629,11086860,609,18230
2336,8,22,19,6,65890320,3630,11090460,609,18238
2337,10,22,25,0,65918340,3631,11128320,611,18248
2338,9,21,25,0,65963520,3631,11166540,613,18257
2339,9,22,25,0,65997960,3632,11182920,613,18266
2340,10,23,25,0,66037920,3632,11214600,615,18276
2341,6,21,25,0,66072600,3632,11285580,618,18282
2342,10,21,25,0,66114360,3633,11318520,620,18292
2343,11,22,25,0,66147660,3632,11346360,621,18303
2344,7,15,25,0,66191160,3632,11525100,631,18310
2345,13,8,25,0,66240600,3631,11682600,639,18323
2346,11,4,25,0,66278820,3630,11866200,648,18334
2347,12,0,21,4,66322080,3628,11897100,650,18346
2348,6,0,24,1,66332220,3628,11897100,649,18352
2349,6,0,19,6,66372480,3628,11897520,649,18358
2350,6,0,20,5,66389100,3628,11897520,649,18364
2351,4,0,18,7,66422280,3629,11897520,649,18368
2352,5,0,17,8,66437520,3628,11897520,649,18373
2353,8,0,20,5,66447060,3628,11897520,648,18381
2354,4,0,16,9,66458580,3627,11897520,648,18385
2355,3,0,17,8,66463140,3627,11897520,648,18388
2356,3,0,16,9,66478440,3627,11897520,648,18391
2357,5,0,20,5,66481620,3627,11897520,648,18396
2358,7,0,24,1,66493560,3627,11897520,648,18403
2359,12,1,25,0,66525240,3627,11898900,647,18415
2360,12,0,23,2,66574140,3626,11900760,647,18427
2361,6,0,19,6,66608940,3626,11900760,647,18433
2362,8,0,21,4,66632280,3626,11900760,647,18441
2363,7,0,21,4,66649680,3626,11900760,646,18448
2364,10,6,20,5,66674040,3626,11903940,646,18458
2365,12,9,24,1,66705120,3627,11912700,646,18470
2366,9,17,24,1,66706680,3627,11912760,646,18479
2367,16,29,20,5,66761640,3628,11920740,646,18495
2368,6,31,21,4,66782760,3629,11925960,646,18501
2369,12,40,21,4,66804060,3629,11928840,646,18513
2370,11,40,25,0,66828780,3630,11974740,648,18524
2371,6,37,25,0,66871440,3630,12052500,652,18530
2372,8,35,25,0,66915240,3631,12118440,655,18538
2373,6,31,25,0,66955080,3631,12240660,661,18544
2374,7,24,25,0,66999360,3631,12453120,673,18551
2375,4,2,25,0,67041600,3628,12943380,699,18555
2376,9,0,22,3,67070520,3627,12983160,701,18564
2377,8,2,21,4,67091700,3626,12983340,701,18572
2378,6,0,22,3,67119780,3627,12984660,700,18578
2379,5,0,20,5,67146780,3627,12984660,700,18583
2380,5,0,20,5,67162020,3627,12984660,700,18588
2381,9,0,25,0,67179660,3627,12984660,700,18597
2382,9,6,21,4,67213200,3627,12985740,699,18606
2383,14,19,20,5,67224420,3627,12986400,699,18620
2384,3,15,21,4,67270800,3629,13023180,701,18623
2385,11,21,25,0,67277280,3629,13039260,701,18634
2386,13,27,25,0,67316640,3630,13052040,701,18647
2387,10,32,24,1,67357020,3631,13066260,702,18657
2388,14,38,25,0,67394280,3631,13084740,702,18671
2389,7,31,25,0,67448520,3631,13205280,708,18678
2390,13,33,24,1,67479540,3631,13273620,712,18691
2391,12,40,20,5,67498020,3631,13273620,712,18703
2392,9,37,23,2,67532520,3632,13306200,713,18712
2393,4,35,25,0,67551000,3632,13331340,714,18716
2394,6,30,25,0,67603560,3633,13468440,721,18722
2395,14,35,21,4,67640760,3632,13526220,724,18736
2396,9,40,21,4,67660440,3633,13530600,724,18745
2397,7,38,25,0,67687980,3633,13560660,725,18752
2398,5,24,25,0,67741800,3632,14067600,752,18757
2399,6,3,25,0,67770660,3629,14763180,789,18763

