Hour,Arrivals,Waiting,Treating,Available Rooms,Total Treatment Time,Average Treatment Time,Total Wait Time,Average Wait Time,Total Arrivals
1,7,0,3,22,6000,1500,0,0,7
2,9,0,8,17,16800,2100,0,0,16
3,6,0,5,20,40440,2378,0,0,22
4,6,0,8,17,53580,2679,0,0,28
5,12,0,11,14,76620,2642,0,0,40
6,10,0,10,15,118980,2974,0,0,50
7,13,0,16,9,138240,2941,0,0,63
8,17,1,16,9,189840,3013,0,0,80
9,10,0,17,8,239940,3286,1740,19,90
10,10,0,10,15,310680,3452,1740,17,100
11,9,0,10,15,365280,3689,1740,15,109
12,7,0,8,17,387660,3589,1740,15,116
13,11,0,13,12,420060,3684,1740,13,127
14,13,0,15,10,458580,3668,1740,12,140
15,10,0,16,9,506700,3781,1740,11,150
16,9,0,12,13,562080,3823,1740,10,159
17,11,0,12,13,620940,3930,1740,10,170
18,5,0,10,15,643260,3898,1740,9,175
19,12,0,14,11,677640,3916,1740,9,187
20,14,0,13,12,749760,3988,1740,8,201
21,10,0,12,13,788220,3960,1740,8,211
22,4,0,9,16,817740,3969,1740,8,215
23,4,0,5,20,862500,4030,1740,7,219
24,6,0,5,20,888480,4038,1740,7,225
25,6,0,3,22,906000,3973,1740,7,231
26,5,0,5,20,913380,3954,1740,7,236
27,5,0,8,17,919140,3944,1740,7,241
28,4,0,6,19,946380,3959,1740,7,245
29,8,0,9,16,969060,3971,1740,6,253
30,10,0,11,14,997140,3956,1740,6,263
31,5,0,7,18,1036380,3970,1740,6,268
32,5,0,6,19,1054920,3951,1740,6,273
33,13,0,14,11,1072620,3943,1740,6,286
34,15,0,15,10,1126020,3937,1740,5,301
35,8,0,8,17,1179900,3919,1740,5,309
36,11,0,12,13,1215060,3945,1740,5,320
37,13,0,11,14,1266540,3933,1740,5,333
38,11,0,13,12,1291500,3901,1740,5,344
39,11,0,12,13,1339980,3906,1740,4,355
40,11,0,11,14,1396260,3933,1740,4,366
41,11,0,11,14,1427580,3900,1740,4,377
42,11,0,13,12,1468560,3916,1740,4,388
43,8,0,11,14,1505640,3910,1740,4,396
44,4,0,7,18,1547820,3938,1740,4,400
45,14,0,13,12,1582740,3946,1740,4,414
46,5,0,6,19,1624020,3932,1740,4,419
47,5,0,5,20,1651500,3941,1740,4,424
48,5,0,5,20,1677060,3955,1740,4,429
49,3,0,4,21,1695840,3962,1740,4,432
50,8,0,7,18,1709400,3947,1740,3,440
51,6,0,7,18,1728240,3936,1740,3,446
52,3,0,7,18,1739520,3935,1740,3,449
53,10,0,9,16,1774020,3942,1740,3,459
54,8,0,8,17,1806900,3936,1740,3,467
55,8,0,7,18,1830120,3910,1740,3,475
56,11,0,11,14,1858620,3912,1740,3,486
57,8,0,12,13,1885440,3911,1740,3,494
58,7,0,5,20,1950720,3932,1740,3,501
59,8,0,9,16,1966380,3932,1740,3,509
60,11,0,10,15,1994460,3910,1740,3,520
61,9,0,9,16,2023860,3892,1740,3,529
62,11,0,12,13,2054280,3890,1740,3,540
63,14,0,10,15,2101740,3863,1740,3,554
64,17,0,14,11,2145840,3852,1740,3,571
65,12,0,9,16,2200860,3834,1740,2,583
66,15,0,11,14,2240580,3817,1740,2,598
67,8,0,9,16,2266140,3795,1740,2,606
68,6,0,10,15,2286780,3798,1740,2,612
69,6,0,7,18,2332140,3816,1740,2,618
70,4,0,7,18,2351400,3823,1740,2,622
71,11,0,7,18,2372460,3789,1740,2,633
72,6,0,4,21,2426520,3821,1740,2,639
73,3,0,1,24,2444100,3812,1740,2,642
74,5,0,4,21,2445900,3803,1740,2,647
75,7,0,6,19,2461140,3798,1740,2,654
76,4,0,6,19,2477340,3799,1740,2,658
77,3,0,3,22,2500860,3800,1740,2,661
78,11,0,11,14,2508120,3794,1740,2,672
79,4,0,8,17,2533320,3792,1740,2,676
80,8,0,7,18,2574540,3802,1740,2,684
81,9,0,9,16,2598360,3798,1740,2,693
82,9,0,10,15,2629680,3800,1740,2,702
83,10,0,11,14,2666640,3804,1740,2,712
84,14,0,14,11,2707200,3802,1740,2,726
85,11,0,12,13,2755920,3801,1740,2,737
86,13,0,12,13,2815500,3815,1740,2,750
87,11,0,15,10,2846580,3815,1740,2,761
88,10,0,16,9,2890620,3828,1740,2,771
89,9,0,13,12,2940000,3833,1740,2,780
90,9,0,9,16,3005520,3853,1740,2,789
91,8,0,6,19,3048960,3854,1740,2,797
92,7,0,7,18,3066840,3847,1740,2,804
93,4,0,1,24,3101400,3843,1740,2,808
94,4,0,2,23,3110160,3839,1740,2,812
95,7,0,6,19,3118080,3835,1740,2,819
96,6,0,8,17,3135960,3838,1740,2,825
97,7,0,8,17,3163140,3838,1740,2,832
98,7,0,10,15,3186240,3843,1740,2,839
99,5,0,9,16,3221160,3857,1740,2,844
100,5,0,9,16,3238980,3855,1740,2,849
101,5,0,7,18,3277740,3869,1740,2,854
102,3,0,6,19,3296340,3873,1740,2,857
103,10,0,10,15,3331980,3887,1740,2,867
104,7,0,9,16,3347760,3870,1740,1,874
105,8,0,9,16,3385920,3878,1740,1,882
106,7,0,7,18,3413880,3870,1740,1,889
107,12,0,11,14,3457080,3884,1740,1,901
108,14,0,15,10,3493320,3881,1740,1,915
109,7,0,13,12,3531480,3885,1740,1,922
110,11,0,9,16,3606900,3903,1740,1,933
111,9,0,9,16,3626640,3887,1740,1,942
112,13,0,11,14,3666660,3884,1740,1,955
113,7,0,9,16,3697140,3879,1740,1,962
114,9,0,12,13,3720360,3879,1740,1,971
115,10,0,12,13,3768660,3889,1740,1,981
116,9,0,10,15,3812400,3890,1740,1,990
117,5,0,7,18,3843120,3889,1740,1,995
118,8,0,9,16,3877380,3900,1740,1,1003
119,4,0,5,20,3901380,3893,1740,1,1007
120,7,0,6,19,3923760,3892,1740,1,1014
121,2,0,3,22,3946980,3896,1740,1,1016
122,3,0,2,23,3964500,3898,1740,1,1019
123,4,0,4,21,3969180,3895,1740,1,1023
124,8,0,6,19,3985320,3888,1740,1,1031
125,4,0,5,20,3999240,3882,1740,1,1035
126,11,0,8,17,4031460,3883,1740,1,1046
127,2,0,6,19,4043520,3880,1740,1,1048
128,7,0,7,18,4073220,3886,1740,1,1055
129,12,0,9,16,4092240,3867,1740,1,1067
130,6,0,5,20,4121940,3859,1740,1,1073
131,12,0,10,15,4142040,3853,1740,1,1085
132,8,0,7,18,4173600,3843,1740,1,1093
133,14,0,16,9,4189260,3839,1740,1,1107
134,15,0,16,9,4238700,3832,1740,1,1122
135,9,0,11,14,4308840,3847,1740,1,1131
136,16,0,16,9,4341240,3838,1740,1,1147
137,3,0,7,18,4391700,3842,1740,1,1150
138,11,0,7,18,4435260,3843,1740,1,1161
139,7,0,7,18,4465740,3846,1740,1,1168
140,6,0,6,19,4488840,3843,1740,1,1174
141,7,0,7,18,4509840,3841,1740,1,1181
142,6,0,6,19,4540440,3844,1740,1,1187
143,4,0,4,21,4554960,3837,1740,1,1191
144,3,0,1,24,4575480,3835,1740,1,1194
145,3,0,2,23,4586580,3838,1740,1,1197
146,7,0,4,21,4594920,3829,1740,1,1204
147,8,0,7,18,4606680,3822,1740,1,1212
148,1,0,4,21,4627260,3827,1740,1,1213
149,7,0,5,20,4647420,3825,1740,1,1220
150,9,0,6,19,4668000,3816,1740,1,1229
151,9,0,14,11,4671480,3816,1740,1,1238
152,7,0,8,17,4732560,3825,1740,1,1245
153,12,0,6,19,4770660,3813,1740,1,1257
154,11,0,10,15,4783380,3802,1740,1,1268
155,8,0,9,16,4823760,3807,1740,1,1276
156,11,0,12,13,4843800,3799,1740,1,1287
157,10,0,11,14,4893780,3805,1740,1,1297
158,8,0,11,14,4931940,3811,1740,1,1305
159,7,0,10,15,4974960,3821,1740,1,1312
160,10,0,11,14,5007660,3819,1740,1,1322
161,6,0,4,21,5059020,3821,1740,1,1328
162,8,0,5,20,5075760,3813,1740,1,1336
163,3,0,4,21,5090820,3813,1740,1,1339
164,6,0,6,19,5100840,3809,1740,1,1345
165,5,0,6,19,5110860,3802,1740,1,1350
166,4,0,4,21,5144280,3810,1740,1,1354
167,8,0,6,19,5160780,3805,1740,1,1362
168,2,0,4,21,5174400,3804,1740,1,1364
169,9,0,6,19,5199060,3803,1740,1,1373
170,8,0,11,14,5204880,3799,1740,1,1381
171,2,0,6,19,5241480,3806,1740,1,1383
172,7,0,8,17,5272500,3815,1740,1,1390
173,7,0,5,20,5302560,3809,1740,1,1397
174,5,0,1,24,5331180,3805,1740,1,1402
175,7,0,6,19,5341920,3807,1740,1,1409
176,14,0,14,11,5350740,3797,1740,1,1423
177,5,0,8,17,5386680,3793,1740,1,1428
178,7,0,6,19,5428140,3798,1740,1,1435
179,10,0,10,15,5450520,3798,1740,1,1445
180,13,0,10,15,5490120,3791,1740,1,1458
181,12,0,13,12,5526780,3793,1740,1,1470
182,13,0,15,10,5561100,3788,1740,1,1483
183,7,0,5,20,5635440,3794,1740,1,1490
184,14,0,11,14,5650380,3784,1740,1,1504
185,16,0,13,12,5690460,3776,1740,1,1520
186,6,0,11,14,5722740,3777,1740,1,1526
187,7,0,5,20,5772720,3777,1740,1,1533
188,11,0,8,17,5796540,3773,1740,1,1544
189,3,0,7,18,5813040,3774,1740,1,1547
190,8,0,9,16,5822520,3766,1740,1,1555
191,6,0,6,19,5870880,3775,1740,1,1561
192,7,0,7,18,5894760,3776,1740,1,1568
193,4,0,5,20,5911800,3772,1740,1,1572
194,4,0,5,20,5927160,3772,1740,1,1576
195,4,0,5,20,5938200,3770,1740,1,1580
196,4,0,4,21,5967660,3777,1740,1,1584
197,4,0,5,20,5976960,3775,1740,1,1588
198,8,0,3,22,6000960,3767,1740,1,1596
199,5,0,6,19,6007560,3766,1740,1,1601
200,9,0,7,18,6033540,3763,1740,1,1610
201,10,0,11,14,6045300,3757,1740,1,1620
202,6,0,9,16,6080460,3760,1740,1,1626
203,5,0,9,16,6102900,3762,1740,1,1631
204,13,0,10,15,6144240,3760,1740,1,1644
205,10,0,6,19,6190260,3756,1740,1,1654
206,11,0,9,16,6213360,3752,1740,1,1665
207,10,0,11,14,6239040,3749,1740,1,1675
208,8,0,10,15,6277740,3752,1740,1,1683
209,8,0,8,17,6323400,3757,1740,1,1691
210,9,0,9,16,6346860,3753,1740,1,1700
211,8,0,11,14,6363540,3749,1740,1,1708
212,13,0,12,13,6415200,3753,1740,1,1721
213,8,0,9,16,6450420,3750,1740,1,1729
214,4,0,6,19,6479880,3752,1740,1,1733
215,3,0,3,22,6504540,3753,1740,1,1736
216,4,0,5,20,6508080,3751,1740,1,1740
217,2,0,4,21,6523560,3753,1740,0,1742
218,3,0,4,21,6540900,3756,1740,0,1745
219,4,0,3,22,6556260,3755,1740,0,1749
220,3,0,5,20,6562920,3756,1740,0,1752
221,3,0,4,21,6574320,3754,1740,0,1755
222,8,0,6,19,6588360,3749,1740,0,1763
223,5,0,3,22,6618780,3750,1740,0,1768
224,10,0,9,16,6628140,3746,1740,0,1778
225,5,0,9,16,6652740,3750,1740,0,1783
226,7,0,8,17,6687240,3752,1740,0,1790
227,9,0,6,19,6718500,3747,1740,0,1799
228,7,0,4,21,6745620,3743,1740,0,1806
229,14,0,15,10,6756540,3743,1740,0,1820
230,14,0,18,7,6786240,3736,1740,0,1834
231,13,7,17,8,6837420,3750,5820,3,1847
232,12,0,15,10,6928200,3757,23460,12,1859
233,10,0,11,14,6986340,3760,23460,12,1869
234,3,0,6,19,7022760,3763,23460,12,1872
235,5,0,4,21,7051500,3764,23460,12,1877
236,7,0,6,19,7064220,3761,23460,12,1884
237,6,0,8,17,7075680,3759,23460,12,1890
238,7,0,8,17,7107540,3762,23460,12,1897
239,6,0,4,21,7143600,3761,23460,12,1903
240,5,0,5,20,7159740,3762,23460,12,1908
241,6,0,7,18,7174200,3762,23460,12,1914
242,6,0,8,17,7191180,3761,23460,12,1920
243,6,0,7,18,7212300,3758,23460,12,1926
244,5,0,8,17,7231200,3760,23460,12,1931
245,5,0,8,17,7261140,3766,23460,12,1936
246,7,0,9,16,7284720,3766,23460,12,1943
247,5,0,5,20,7317960,3766,23460,12,1948
248,9,0,8,17,7343580,3767,23460,11,1957
249,14,0,14,11,7369500,3765,23460,11,1971
250,14,0,12,13,7420140,3760,23460,11,1985
251,11,0,14,11,7448460,3758,23460,11,1996
252,13,0,15,10,7521840,3772,23460,11,2009
253,12,0,12,13,7584180,3775,23460,11,2021
254,7,0,9,16,7621740,3775,23460,11,2028
255,7,0,7,18,7660320,3777,23460,11,2035
256,7,0,11,14,7667760,3775,23460,11,2042
257,10,0,12,13,7710420,3779,23460,11,2052
258,10,0,12,13,7749840,3780,23460,11,2062
259,6,0,7,18,7789380,3779,23460,11,2068
260,6,0,3,22,7831860,3781,23460,11,2074
261,6,0,4,21,7844280,3778,23460,11,2080
262,6,0,5,20,7856220,3775,23460,11,2086
263,7,0,6,19,7883340,3777,23460,11,2093
264,4,0,7,18,7894020,3777,23460,11,2097
265,10,0,8,17,7928940,3777,23460,11,2107
266,4,0,4,21,7952400,3774,23460,11,2111
267,8,0,9,16,7957740,3771,23460,11,2119
268,6,0,9,16,7986540,3774,23460,11,2125
269,8,0,6,19,8021640,3771,23460,10,2133
270,11,0,8,17,8053800,3770,23460,10,2144
271,12,0,10,15,8091660,3770,23460,10,2156
272,9,0,13,12,8110860,3768,23460,10,2165
273,10,0,11,14,8174400,3777,23460,10,2175
274,7,0,7,18,8211960,3775,23460,10,2182
275,8,0,7,18,8250480,3779,23460,10,2190
276,10,0,9,16,8271780,3775,23460,10,2200
277,13,0,11,14,8299680,3769,23460,10,2213
278,9,0,12,13,8329920,3769,23460,10,2222
279,12,0,11,14,8378580,3769,23460,10,2234
280,12,0,9,16,8415780,3762,23460,10,2246
281,14,0,12,13,8444820,3756,23460,10,2260
282,11,0,9,16,8483100,3750,23460,10,2271
283,8,0,9,16,8517900,3752,23460,10,2279
284,10,0,12,13,8533620,3747,23460,10,2289
285,8,0,8,17,8581020,3748,23460,10,2297
286,5,0,5,20,8617980,3751,23460,10,2302
287,4,0,6,19,8628000,3751,23460,10,2306
288,5,0,6,19,8647920,3751,23460,10,2311
289,10,0,11,14,8667420,3752,23460,10,2321
290,6,0,6,19,8699400,3748,23460,10,2327
291,11,0,9,16,8728920,3747,23460,10,2338
292,8,0,10,15,8751360,3746,23460,10,2346
293,7,0,9,16,8781300,3746,23460,9,2353
294,9,0,12,13,8805960,3747,23460,9,2362
295,10,0,10,15,8858640,3750,23460,9,2372
296,6,0,8,17,8892180,3751,23460,9,2378
297,7,0,8,17,8928540,3756,23460,9,2385
298,13,0,12,13,8965980,3757,23460,9,2398
299,12,0,10,15,9001620,3750,23460,9,2410
300,9,0,3,22,9045660,3744,23460,9,2419
301,14,0,9,16,9058800,3737,23460,9,2433
302,11,0,8,17,9085560,3729,23460,9,2444
303,12,0,9,16,9113520,3724,23460,9,2456
304,11,0,10,15,9148740,3723,23460,9,2467
305,8,0,9,16,9179220,3722,23460,9,2475
306,10,0,7,18,9213480,3718,23460,9,2485
307,12,0,10,15,9242100,3716,23460,9,2497
308,9,0,9,16,9277260,3715,23460,9,2506
309,7,0,6,19,9310320,3713,23460,9,2513
310,4,0,5,20,9320700,3710,23460,9,2517
311,4,0,3,22,9346740,3711,23460,9,2521
312,7,0,6,19,9360120,3711,23460,9,2528
313,1,0,3,22,9373920,3710,23460,9,2529
314,6,0,3,22,9396060,3710,23460,9,2535
315,8,0,6,19,9407340,3708,23460,9,2543
316,6,0,8,17,9429240,3710,23460,9,2549
317,8,0,7,18,9460980,3710,23460,9,2557
318,8,0,5,20,9491220,3707,23460,9,2565
319,10,0,6,19,9513720,3703,23460,9,2575
320,14,0,12,13,9537420,3700,23460,9,2589
321,8,0,11,14,9575040,3702,23460,9,2597
322,6,0,7,18,9613560,3703,23460,9,2603
323,12,0,12,13,9645120,3705,23460,8,2615
324,14,0,17,8,9669840,3702,23460,8,2629
325,8,0,13,12,9713400,3701,23460,8,2637
326,11,0,12,13,9772860,3707,23460,8,2648
327,10,0,14,11,9811260,3710,23460,8,2658
328,11,0,13,12,9856140,3710,23460,8,2669
329,9,0,11,14,9903660,3713,23460,8,2678
330,7,0,10,15,9944940,3717,23460,8,2685
331,14,0,14,11,9980220,3717,23460,8,2699
332,12,0,15,10,10023120,3717,23460,8,2711
333,13,6,14,11,10057920,3719,24420,8,2724
334,5,0,15,10,10111680,3725,38820,14,2729
335,6,0,7,18,10186920,3734,38820,14,2735
336,9,0,8,17,10209120,3731,38820,14,2744
337,6,0,8,17,10236120,3733,38820,14,2750
338,5,0,5,20,10264320,3732,38820,14,2755
339,6,0,6,19,10277460,3730,38820,14,2761
340,11,0,8,17,10318020,3733,38820,14,2772
341,5,0,6,19,10330620,3728,38820,13,2777
342,8,0,6,19,10361040,3728,38820,13,2785
343,8,0,5,20,10382100,3723,38820,13,2793
344,9,0,9,16,10404300,3725,38820,13,2802
345,7,0,5,20,10426080,3718,38820,13,2809
346,10,0,6,19,10451040,3715,38820,13,2819
347,18,0,15,10,10470720,3710,38820,13,2837
348,14,0,14,11,10525440,3710,38820,13,2851
349,13,0,14,11,10568040,3708,38820,13,2864
350,16,0,12,13,10628280,3705,38820,13,2880
351,12,0,15,10,10655760,3703,38820,13,2892
352,13,0,16,9,10693200,3701,38820,13,2905
353,9,0,11,14,10759800,3706,38820,13,2914
354,10,0,11,14,10810860,3711,38820,13,2924
355,12,0,10,15,10862160,3712,38820,13,2936
356,11,0,11,14,10888020,3708,38820,13,2947
357,7,0,8,17,10928880,3709,38820,13,2954
358,3,0,4,21,10957560,3710,38820,13,2957
359,4,0,4,21,10966740,3708,38820,13,2961
360,4,0,5,20,10975620,3707,38820,13,2965
361,5,0,4,21,11004660,3710,38820,13,2970
362,5,0,3,22,11016480,3706,38820,13,2975
363,6,0,7,18,11024160,3706,38820,13,2981
364,10,0,11,14,11035020,3703,38820,12,2991
365,10,0,9,16,11087640,3705,38820,12,3001
366,6,0,8,17,11105820,3703,38820,12,3007
367,12,0,10,15,11153520,3706,38820,12,3019
368,10,0,12,13,11172300,3703,38820,12,3029
369,10,0,10,15,11216100,3702,38820,12,3039
370,8,0,8,17,11257140,3704,38820,12,3047
371,10,0,10,15,11285700,3703,38820,12,3057
372,14,0,14,11,11322420,3703,38820,12,3071
373,10,0,10,15,11363100,3700,38820,12,3081
374,11,0,14,11,11387640,3699,38820,12,3092
375,9,0,12,13,11432160,3700,38820,12,3101
376,7,0,10,15,11462340,3699,38820,12,3108
377,7,0,9,16,11494200,3700,38820,12,3115
378,11,0,11,14,11536680,3703,38820,12,3126
379,11,0,10,15,11573580,3701,38820,12,3137
380,5,0,4,21,11613780,3701,38820,12,3142
381,6,0,8,17,11627220,3702,38820,12,3148
382,9,0,12,13,11639700,3701,38820,12,3157
383,4,0,8,17,11681700,3704,38820,12,3161
384,2,0,2,23,11728080,3710,38820,12,3163
385,3,0,2,23,11736480,3709,38820,12,3166
386,5,0,4,21,11743740,3708,38820,12,3171
387,4,0,5,20,11754180,3707,38820,12,3175
388,3,0,4,21,11768520,3707,38820,12,3178
389,5,0,4,21,11790000,3708,38820,12,3183
390,8,0,6,19,11802900,3705,38820,12,3191
391,9,0,7,18,11819580,3701,38820,12,3200
392,11,0,10,15,11835540,3697,38820,12,3211
393,13,0,11,14,11874360,3695,38820,12,3224
394,9,0,10,15,11913300,3696,38820,12,3233
395,10,0,11,14,11952240,3698,38820,11,3243
396,11,0,11,14,11986620,3696,38820,11,3254
397,11,0,10,15,12026880,3694,38820,11,3265
398,6,0,6,19,12077340,3699,38820,11,3271
399,6,0,3,22,12097920,3695,38820,11,3277
400,8,0,5,20,12117480,3694,38820,11,3285
401,11,0,8,17,12142800,3693,38820,11,3296
402,9,0,13,12,12149280,3690,38820,11,3305
403,13,0,14,11,12194580,3690,38820,11,3318
404,3,0,2,23,12264000,3695,38820,11,3321
405,3,0,3,22,12270120,3694,38820,11,3324
406,6,0,5,20,12284520,3694,38820,11,3330
407,5,0,6,19,12302760,3695,38820,11,3335
408,6,0,5,20,12327900,3695,38820,11,3341
409,7,0,8,17,12341220,3694,38820,11,3348
410,6,0,4,21,12378600,3695,38820,11,3354
411,6,0,4,21,12390480,3692,38820,11,3360
412,3,0,4,21,12407580,3693,38820,11,3363
413,7,0,7,18,12416940,3692,38820,11,3370
414,7,0,7,18,12441120,3691,38820,11,3377
415,5,0,8,17,12455040,3691,38820,11,3382
416,6,0,8,17,12481860,3692,38820,11,3388
417,13,0,12,13,12512700,3692,38820,11,3401
418,12,0,12,13,12544080,3688,38820,11,3413
419,14,0,10,15,12592320,3685,38820,11,3427
420,7,0,11,14,12620640,3687,38820,11,3434
421,13,0,13,12,12671520,3690,38820,11,3447
422,12,0,10,15,12711240,3685,38820,11,3459
423,11,0,14,11,12741000,3686,38820,11,3470
424,10,0,8,17,12796740,3685,38820,11,3480
425,7,0,10,15,12821160,3687,38820,11,3487
426,18,0,17,8,12853620,3685,38820,11,3505
427,12,0,13,12,12915840,3686,38820,11,3517
428,3,0,6,19,12962520,3688,38820,11,3520
429,5,0,4,21,13001820,3692,38820,11,3525
430,8,0,7,18,13023600,3693,38820,10,3533
431,5,0,5,20,13041360,3691,38820,10,3538
432,6,0,2,23,13065900,3688,38820,10,3544
433,0,0,1,24,13072020,3689,38820,10,3544
434,3,0,1,24,13077720,3688,38820,10,3547
435,13,0,8,17,13082820,3683,38820,10,3560
436,11,0,12,13,13105560,3682,38820,10,3571
437,10,0,15,10,13130640,3682,38820,10,3581
438,3,0,5,20,13182660,3683,38820,10,3584
439,9,0,7,18,13213140,3684,38820,10,3593
440,9,0,9,16,13227120,3681,38820,10,3602
441,7,0,7,18,13272600,3684,38820,10,3609
442,10,0,8,17,13299180,3682,38820,10,3619
443,11,0,11,14,13323000,3681,38820,10,3630
444,14,0,13,12,13364880,3680,38820,10,3644
445,6,0,11,14,13402140,3682,38820,10,3650
446,2,0,5,20,13444980,3686,38820,10,3652
447,12,0,10,15,13468980,3686,38820,10,3664
448,8,0,9,16,13494240,3683,38820,10,3672
449,12,0,12,13,13529340,3684,38820,10,3684
450,6,0,7,18,13575900,3686,38820,10,3690
451,6,0,2,23,13600800,3681,38820,10,3696
452,8,0,6,19,13607820,3679,38820,10,3704
453,5,0,5,20,13627980,3679,38820,10,3709
454,7,0,7,18,13636860,3676,38820,10,3716
455,6,0,5,20,13677540,3679,38820,10,3722
456,4,0,6,19,13693620,3681,38820,10,3726
457,5,0,5,20,13718820,3681,38820,10,3731
458,7,0,10,15,13724220,3681,38820,10,3738
459,10,0,9,16,13770060,3682,38820,10,3748
460,2,0,4,21,13796100,3682,38820,10,3750
461,10,0,10,15,13815780,3684,38820,10,3760
462,11,0,10,15,13848000,3681,38820,10,3771
463,15,0,12,13,13893660,3681,38820,10,3786
464,6,0,11,14,13915440,3680,38820,10,3792
465,9,0,10,15,13960140,3682,38820,10,3801
466,12,0,12,13,14000520,3683,38820,10,3813
467,9,0,6,19,14042460,3679,38820,10,3822
468,12,0,10,15,14065440,3678,38820,10,3834
469,13,0,17,8,14084460,3677,38820,10,3847
470,7,0,11,14,14132940,3677,38820,10,3854
471,8,0,10,15,14185860,3682,38820,10,3862
472,9,0,9,16,14219940,3682,38820,10,3871
473,8,0,10,15,14257080,3684,38820,10,3879
474,9,0,9,16,14289120,3683,38820,9,3888
475,13,0,11,14,14342940,3687,38820,9,3901
476,7,0,10,15,14365080,3685,38820,9,3908
477,10,0,8,17,14407500,3684,38820,9,3918
478,6,0,8,17,14428620,3684,38820,9,3924
479,8,0,8,17,14465640,3686,38820,9,3932
480,8,0,7,18,14488800,3683,38820,9,3940
481,7,0,10,15,14502780,3683,38820,9,3947
482,7,0,9,16,14536980,3684,38820,9,3954
483,3,0,4,21,14580540,3688,38820,9,3957
484,2,0,2,23,14596980,3688,38820,9,3959
485,9,0,8,17,14600400,3686,38820,9,3968
486,6,0,2,23,14641920,3686,38820,9,3974
487,6,0,8,17,14641920,3686,38820,9,3980
488,5,0,5,20,14671920,3686,38820,9,3985
489,11,0,12,13,14686560,3686,38820,9,3996
490,12,0,11,14,14716080,3681,38820,9,4008
491,15,0,15,10,14765880,3684,38820,9,4023
492,10,0,10,15,14830920,3686,38820,9,4033
493,6,0,7,18,14867040,3687,38820,9,4039
494,17,0,14,11,14899740,3686,38820,9,4056
495,7,0,14,11,14924280,3685,38820,9,4063
496,15,0,9,16,14995860,3685,38820,9,4078
497,13,0,11,14,15028440,3683,38820,9,4091
498,8,0,9,16,15066000,3683,38820,9,4099
499,11,0,9,16,15116460,3686,38820,9,4110
500,3,0,5,20,15139920,3685,38820,9,4113
501,8,0,7,18,15169140,3687,38820,9,4121
502,3,0,5,20,15196200,3689,38820,9,4124
503,6,0,6,19,15216540,3689,38820,9,4130
504,5,0,4,21,15235980,3688,38820,9,4135
505,7,0,7,18,15248520,3687,38820,9,4142
506,4,0,7,18,15270660,3689,38820,9,4146
507,4,0,8,17,15274740,3687,38820,9,4150
508,10,0,5,20,15327600,3688,38820,9,4160
509,3,0,4,21,15343380,3689,38820,9,4163
510,4,0,3,22,15366600,3690,38820,9,4167
511,1,0,2,23,15376800,3691,38820,9,4168
512,7,0,4,21,15381480,3687,38820,9,4175
513,5,0,5,20,15394560,3687,38820,9,4180
514,14,0,12,13,15411480,3685,38820,9,4194
515,13,0,11,14,15458820,3684,38820,9,4207
516,12,0,12,13,15497820,3683,38820,9,4219
517,13,0,16,9,15522120,3681,38820,9,4232
518,13,0,13,12,15580140,3681,38820,9,4245
519,14,0,15,10,15621120,3680,38820,9,4259
520,13,0,12,13,15677520,3680,38820,9,4272
521,13,0,14,11,15728700,3682,38820,9,4285
522,3,0,4,21,15786180,3684,38820,9,4288
523,9,0,9,16,15806280,3686,38820,9,4297
524,4,0,9,16,15820380,3686,38820,9,4301
525,7,0,8,17,15850860,3686,38820,9,4308
526,4,0,5,20,15884940,3688,38820,9,4312
527,6,0,4,21,15914460,3689,38820,8,4318
528,5,0,8,17,15915960,3688,38820,8,4323
529,5,0,7,18,15942180,3689,38820,8,4328
530,5,0,6,19,15965040,3689,38820,8,4333
531,2,0,3,22,15990960,3691,38820,8,4335
532,4,0,3,22,16004220,3691,38820,8,4339
533,5,0,4,21,16013040,3689,38820,8,4344
534,2,0,2,23,16023840,3688,38820,8,4346
535,9,0,8,17,16026780,3686,38820,8,4355
536,7,0,7,18,16056000,3686,38820,8,4362
537,7,0,8,17,16080240,3687,38820,8,4369
538,9,0,10,15,16100700,3686,38820,8,4378
539,8,0,11,14,16142640,3689,38820,8,4386
540,5,0,8,17,16170300,3689,38820,8,4391
541,13,0,10,15,16211220,3689,38820,8,4404
542,10,0,10,15,16242420,3688,38820,8,4414
543,11,0,13,12,16283580,3690,38820,8,4425
544,6,0,9,16,16313580,3689,38820,8,4431
545,10,0,11,14,16348440,3690,38820,8,4441
546,11,0,12,13,16390860,3691,38820,8,4452
547,10,0,14,11,16414200,3690,38820,8,4462
548,9,0,7,18,16481220,3692,38820,8,4471
549,5,0,5,20,16508640,3692,38820,8,4476
550,9,0,8,17,16520340,3690,38820,8,4485
551,5,0,7,18,16554300,3692,38820,8,4490
552,7,0,6,19,16591020,3694,38820,8,4497
553,7,0,9,16,16600020,3692,38820,8,4504
554,7,0,8,17,16632420,3693,38820,8,4511
555,7,0,8,17,16653660,3692,38820,8,4518
556,10,0,14,11,16673040,3693,38820,8,4528
557,6,0,11,14,16705980,3693,38820,8,4534
558,9,0,6,19,16765500,3695,38820,8,4543
559,6,0,5,20,16781520,3693,38820,8,4549
560,15,0,16,9,16793520,3692,38820,8,4564
561,8,0,11,14,16847160,3693,38820,8,4572
562,11,0,10,15,16898280,3695,38820,8,4583
563,12,0,12,13,16936680,3695,38820,8,4595
564,13,0,17,8,16971540,3696,38820,8,4608
565,14,0,19,6,17035260,3700,38820,8,4622
566,10,0,14,11,17102640,3703,38820,8,4632
567,12,0,8,17,17160180,3701,38820,8,4644
568,8,0,10,15,17197920,3704,38820,8,4652
569,11,0,13,12,17230200,3705,38820,8,4663
570,6,0,4,21,17280060,3704,38820,8,4669
571,11,0,10,15,17295420,3703,38820,8,4680
572,6,0,6,19,17321820,3701,38820,8,4686
573,4,0,6,19,17339640,3701,38820,8,4690
574,7,0,6,19,17364540,3701,38820,8,4697
575,6,0,8,17,17376420,3701,38820,8,4703
576,4,0,4,21,17418300,3703,38820,8,4707
577,6,0,7,18,17437380,3705,38820,8,4713
578,4,0,7,18,17446440,3704,38820,8,4717
579,3,0,1,24,17486880,3705,38820,8,4720
580,3,0,2,23,17490600,3704,38820,8,4723
581,7,0,5,20,17497620,3703,38820,8,4730
582,7,0,8,17,17510520,3702,38820,8,4737
583,6,0,9,16,17521140,3701,38820,8,4743
584,9,0,11,14,17562300,3704,38820,8,4752
585,9,0,5,20,17610420,3702,38820,8,4761
586,8,0,7,18,17634300,3703,38820,8,4769
587,12,0,11,14,17654400,3701,38820,8,4781
588,8,0,10,15,17689740,3701,38820,8,4789
589,8,0,11,14,17711460,3700,38820,8,4797
590,4,0,4,21,17756760,3701,38820,8,4801
591,11,0,9,16,17785500,3702,38820,8,4812
592,2,0,5,20,17811120,3703,38820,8,4814
593,5,0,4,21,17830680,3703,38820,8,4819
594,7,0,6,19,17850900,3703,38820,8,4826
595,6,0,6,19,17875080,3703,38820,8,4832
596,7,0,3,22,17904060,3702,38820,8,4839
597,3,0,4,21,17910120,3701,38820,8,4842
598,3,0,5,20,17918940,3702,38820,8,4845
599,5,0,7,18,17936340,3703,38820,8,4850
600,5,0,3,22,17969640,3703,38820,7,4855
601,3,0,4,21,17979420,3704,38820,7,4858
602,11,0,9,16,18005100,3704,38820,7,4869
603,6,0,11,14,18013980,3703,38820,7,4875
604,7,0,6,19,18052200,3702,38820,7,4882
605,7,0,8,17,18090060,3706,38820,7,4889
606,4,0,6,19,18119100,3707,38820,7,4893
607,11,0,11,14,18142980,3707,38820,7,4904
608,11,0,10,15,18176700,3705,38820,7,4915
609,11,0,12,13,18215760,3706,38820,7,4926
610,9,0,13,12,18255360,3708,38820,7,4935
611,14,0,16,9,18298860,3709,38820,7,4949
612,12,0,11,14,18367200,3710,38820,7,4961
613,8,0,7,18,18404400,3709,38820,7,4969
614,11,0,10,15,18436680,3709,38820,7,4980
615,11,0,6,19,18479880,3707,38820,7,4991
616,14,0,14,11,18504420,3707,38820,7,5005
617,12,0,13,12,18544680,3705,38820,7,5017
618,19,0,17,8,18583800,3702,38820,7,5036
619,7,0,10,15,18658080,3707,38820,7,5043
620,4,0,3,22,18715020,3710,38820,7,5047
621,7,0,8,17,18720060,3709,38820,7,5054
622,4,0,7,18,18736320,3709,38820,7,5058
623,6,0,8,17,18775680,3713,38820,7,5064
624,1,0,6,19,18788280,3713,38820,7,5065
625,4,0,6,19,18812280,3715,38820,7,5069
626,4,0,6,19,18839340,3718,38820,7,5073
627,3,0,5,20,18859500,3719,38820,7,5076
628,5,0,4,21,18887760,3720,38820,7,5081
629,2,0,3,22,18897600,3720,38820,7,5083
630,5,0,4,21,18912600,3720,38820,7,5088
631,4,0,6,19,18920640,3720,38820,7,5092
632,6,0,6,19,18947100,3720,38820,7,5098
633,10,0,8,17,18974280,3720,38820,7,5108
634,8,0,9,16,19002420,3720,38820,7,5116
635,11,0,9,16,19048260,3721,38820,7,5127
636,12,0,12,13,19072440,3720,38820,7,5139
637,13,0,13,12,19108140,3718,38820,7,5152
638,10,0,11,14,19168680,3721,38820,7,5162
639,11,0,13,12,19204920,3721,38820,7,5173
640,14,0,11,14,19269240,3722,38820,7,5187
641,10,0,11,14,19305360,3722,38820,7,5197
642,8,0,9,16,19344720,3723,38820,7,5205
643,9,0,8,17,19388880,3724,38820,7,5214
644,7,0,7,18,19409820,3722,38820,7,5221
645,7,0,7,18,19444200,3724,38820,7,5228
646,7,0,5,20,19477260,3724,38820,7,5235
647,2,0,3,22,19496100,3724,38820,7,5237
648,4,0,5,20,19511040,3726,38820,7,5241
649,6,0,8,17,19518660,3725,38820,7,5247
650,5,0,5,20,19549080,3725,38820,7,5252
651,5,0,7,18,19560600,3725,38820,7,5257
652,1,0,2,23,19591020,3727,38820,7,5258
653,7,0,3,22,19602960,3725,38820,7,5265
654,10,0,9,16,19610880,3724,38820,7,5275
655,6,0,6,19,19638780,3722,38820,7,5281
656,5,0,6,19,19653600,3722,38820,7,5286
657,12,0,8,17,19682880,3720,38820,7,5298
658,7,0,5,20,19707000,3718,38820,7,5305
659,11,0,7,18,19731300,3716,38820,7,5316
660,14,0,11,14,19758360,3714,38820,7,5330
661,12,0,12,13,19795380,3713,38820,7,5342
662,11,0,12,13,19826400,3712,38820,7,5353
663,16,0,17,8,19870740,3712,38820,7,5369
664,9,0,16,9,19920420,3715,38820,7,5378
665,8,0,15,10,19966620,3717,38820,7,5386
666,13,0,13,12,20029680,3718,38820,7,5399
667,5,0,6,19,20084580,3720,38820,7,5404
668,6,0,4,21,20119980,3721,38820,7,5410
669,5,0,2,23,20139540,3720,38820,7,5415
670,5,0,4,21,20147700,3720,38820,7,5420
671,7,0,6,19,20157420,3718,38820,7,5427
672,5,0,6,19,20174820,3718,38820,7,5432
673,7,0,12,13,20175780,3717,38820,7,5439
674,5,0,12,13,20191620,3717,38820,7,5444
675,4,0,11,14,20213040,3717,38820,7,5448
676,10,0,13,12,20239560,3717,38820,7,5458
677,5,0,16,9,20247960,3717,38820,7,5463
678,7,0,13,12,20300640,3720,38820,7,5470
679,6,0,11,14,20328720,3719,38820,7,5476
680,9,0,11,14,20369760,3721,38820,7,5485
681,11,0,15,10,20393100,3720,38820,7,5496
682,13,0,20,5,20422560,3720,38820,7,5509
683,12,0,18,7,20461260,3718,38820,7,5521
684,11,0,18,7,20507940,3719,38820,7,5532
685,11,0,19,6,20555580,3721,38940,7,5543
686,8,0,17,8,20594100,3721,38940,7,5551
687,13,0,15,10,20658240,3722,38940,6,5564
688,16,0,18,7,20703720,3722,38940,6,5580
689,10,0,17,8,20734860,3720,38940,6,5590
690,9,0,12,13,20781420,3719,38940,6,5599
691,9,0,11,14,20812740,3718,38940,6,5608
692,9,0,17,8,20822700,3718,38940,6,5617
693,5,0,10,15,20872020,3719,38940,6,5622
694,5,0,12,13,20891400,3720,38940,6,5627
695,7,0,13,12,20919360,3721,38940,6,5634
696,6,0,10,15,20950440,3721,38940,6,5640
697,4,0,10,15,20965680,3721,38940,6,5644
698,3,0,9,16,20988960,3722,38940,6,5647
699,4,0,9,16,20997660,3721,38940,6,5651
700,8,0,11,14,21018960,3721,38940,6,5659
701,3,0,11,14,21032880,3721,38940,6,5662
702,4,0,8,17,21061620,3722,38940,6,5666
703,3,0,7,18,21079800,3723,38940,6,5669
704,10,0,11,14,21095580,3721,38940,6,5679
705,7,0,12,13,21118260,3721,38940,6,5686
706,12,0,14,11,21149640,3720,38940,6,5698
707,14,0,21,4,21170520,3720,38940,6,5712
708,8,0,18,7,21214920,3720,38940,6,5720
709,15,0,22,3,21258300,3721,38940,6,5735
710,5,0,12,13,21319980,3722,38940,6,5740
711,13,0,14,11,21357000,3721,38940,6,5753
712,10,2,16,9,21386220,3722,39000,6,5763
713,12,14,13,12,21402960,3723,39000,6,5775
714,3,10,15,10,21445020,3727,56160,9,5778
715,9,2,24,1,21495120,3731,126660,21,5787
716,11,0,15,10,21558720,3727,133020,22,5798
717,9,0,11,14,21602400,3727,133020,22,5807
718,6,0,10,15,21635220,3728,133020,22,5813
719,4,0,10,15,21646980,3727,133020,22,5817
720,6,0,11,14,21662100,3727,133020,22,5823
721,5,0,10,15,21684900,3727,133020,22,5828
722,7,0,12,13,21702300,3726,133020,22,5835
723,4,0,12,13,21711180,3725,133020,22,5839
724,7,0,13,12,21739380,3726,133020,22,5846
725,5,0,12,13,21763080,3727,133020,22,5851
726,7,0,13,12,21786360,3727,133020,22,5858
727,14,0,18,7,21808080,3725,133020,22,5872
728,7,0,12,13,21852840,3724,133020,22,5879
729,6,0,12,13,21881100,3725,133020,22,5885
730,11,0,14,11,21918360,3726,133020,22,5896
731,12,0,19,6,21936300,3724,133020,22,5908
732,10,0,21,4,21973020,3726,133020,22,5918
733,10,0,17,8,22031280,3727,133020,22,5928
734,12,0,19,6,22074360,3728,133020,22,5940
735,11,0,16,9,22126680,3728,133020,22,5951
736,11,0,15,10,22176540,3729,133020,22,5962
737,12,0,15,10,22203120,3725,133020,22,5974
738,10,0,11,14,22247940,3724,133020,22,5984
739,4,0,12,13,22261920,3725,133020,22,5988
740,8,0,13,12,22294980,3726,133020,22,5996
741,10,0,16,9,22314840,3725,133020,22,6006
742,6,0,13,12,22346400,3725,133020,22,6012
743,7,0,10,15,22397100,3727,133020,22,6019
744,3,0,10,15,22404600,3726,133020,22,6022
745,6,0,10,15,22426380,3726,133020,22,6028
746,4,0,6,19,22453740,3726,133020,22,6032
747,7,0,9,16,22465080,3725,133020,22,6039
748,5,0,10,15,22471800,3724,133020,22,6044
749,2,0,7,18,22501380,3726,133020,22,6046
750,9,0,12,13,22508580,3724,133020,21,6055
751,3,0,10,15,22522620,3723,133020,21,6058
752,7,0,13,12,22540020,3724,133020,21,6065
753,7,0,14,11,22567440,3725,133020,21,6072
754,6,0,13,12,22594260,3725,133020,21,6078
755,10,0,14,11,22627140,3725,133020,21,6088
756,12,0,15,10,22661820,3724,133020,21,6100
757,8,0,14,11,22695840,3724,133020,21,6108
758,14,0,18,7,22738140,3725,133020,21,6122
759,7,0,19,6,22760340,3725,133020,21,6129
760,11,0,13,12,22821960,3724,133020,21,6140
761,6,0,14,11,22852440,3726,133020,21,6146
762,5,0,10,15,22881660,3726,133020,21,6151
763,10,0,12,13,22906680,3725,133020,21,6161
764,7,0,12,13,22924680,3723,133020,21,6168
765,8,0,12,13,22955520,3724,133020,21,6176
766,7,0,14,11,22982880,3725,133020,21,6183
767,3,0,9,16,23013420,3725,133020,21,6186
768,6,0,10,15,23034120,3725,133020,21,6192
769,3,0,9,16,23046960,3725,133020,21,6195
770,5,0,11,14,23061240,3726,133020,21,6200
771,3,0,10,15,23086080,3727,133020,21,6203
772,3,0,9,16,23108640,3729,133020,21,6206
773,4,0,10,15,23121180,3729,133020,21,6210
774,7,0,10,15,23143800,3728,133020,21,6217
775,12,0,17,8,23156340,3727,133020,21,6229
776,8,0,16,9,23193180,3728,133560,21,6237
777,7,0,13,12,23238960,3729,134220,21,6244
778,10,0,15,10,23265360,3729,134220,21,6254
779,8,0,14,11,23295360,3728,134220,21,6262
780,14,0,15,10,23342940,3728,134220,21,6276
781,13,0,22,3,23358840,3727,134220,21,6289
782,7,0,15,10,23400840,3725,134340,21,6296
783,10,0,13,12,23442060,3725,134340,21,6306
784,9,0,14,11,23470740,3724,134340,21,6315
785,7,0,14,11,23501880,3725,134340,21,6322
786,14,0,16,9,23537880,3724,134340,21,6336
787,4,0,9,16,23577120,3724,134340,21,6340
788,5,0,8,17,23600040,3724,134340,21,6345
789,9,0,14,11,23609940,3723,134340,21,6354
790,8,1,14,11,23629680,3722,134700,21,6362
791,6,0,12,13,23665380,3723,136740,21,6368
792,6,0,11,14,23701020,3724,136740,21,6374
793,4,0,8,17,23723160,3724,136740,21,6378
794,6,0,10,15,23730840,3723,136740,21,6384
795,10,0,16,9,23745540,3723,136740,21,6394
796,9,0,17,8,23771280,3722,136740,21,6403
797,7,0,16,9,23808420,3723,136740,21,6410
798,10,0,13,12,23869620,3725,136740,21,6420
799,10,0,16,9,23889060,3724,136740,21,6430
800,12,0,15,10,23927460,3722,136740,21,6442
801,13,0,14,11,23976480,3722,136740,21,6455
802,10,0,17,8,23999160,3721,136740,21,6465
803,14,0,17,8,24040140,3720,136740,21,6479
804,7,1,14,11,24080760,3721,137640,21,6486
805,14,14,11,14,24100560,3722,139380,21,6500
806,11,23,11,14,24124980,3724,147960,22,6511
807,10,22,19,6,24150480,3726,192060,29,6521
808,13,21,25,0,24196320,3729,235200,36,6534
809,4,0,23,2,24283620,3727,425460,65,6538
810,4,0,9,16,24339960,3725,425460,65,6542
811,11,0,15,10,24353400,3724,425460,64,6553
812,11,0,12,13,24388320,3722,425460,64,6564
813,10,0,17,8,24408840,3722,425460,64,6574
814,4,0,9,16,24462600,3723,425460,64,6578
815,2,0,7,18,24480300,3724,425460,64,6580
816,3,0,9,16,24486900,3724,425460,64,6583
817,6,0,10,15,24494700,3723,425460,64,6589
818,2,0,8,17,24507120,3722,425460,64,6591
819,15,0,17,8,24531840,3723,425460,64,6606
820,10,0,15,10,24562260,3720,425460,64,6616
821,10,0,13,12,24603240,3720,425460,64,6626
822,6,0,8,17,24639780,3719,425460,64,6632
823,4,0,9,16,24652080,3719,425460,64,6636
824,10,0,15,10,24664140,3719,425460,64,6646
825,15,0,16,9,24698220,3716,425460,63,6661
826,17,0,22,3,24729240,3715,425700,63,6678
827,13,5,19,6,24767160,3714,427560,63,6691
828,12,12,15,10,24826860,3718,432000,64,6703
829,11,8,25,0,24865080,3721,480120,71,6714
830,11,0,15,10,24946140,3717,509400,75,6725
831,13,0,18,7,24975780,3716,509400,75,6738
832,12,0,19,6,25007580,3715,509400,75,6750
833,6,0,13,12,25067460,3717,509400,75,6756
834,5,0,12,13,25083240,3716,509400,75,6761
835,6,0,9,16,25115880,3716,509400,75,6767
836,3,0,10,15,25124460,3716,509400,75,6770
837,9,0,13,12,25147560,3716,509400,75,6779
838,13,0,16,9,25177080,3715,509400,75,6792
839,7,0,13,12,25216680,3715,509400,74,6799
840,7,0,14,11,25233780,3715,509400,74,6806
841,4,0,10,15,25279860,3717,509400,74,6810
842,8,0,11,14,25300620,3716,509400,74,6818
843,4,0,11,14,25310160,3716,509400,74,6822
844,9,0,14,11,25326840,3715,509400,74,6831
845,9,0,16,9,25353120,3715,509400,74,6840
846,9,0,13,12,25392840,3714,509400,74,6849
847,8,0,13,12,25419000,3714,509400,74,6857
848,8,0,12,13,25443840,3712,509400,74,6865
849,13,0,14,11,25487520,3713,509400,74,6878
850,13,0,20,5,25503600,3711,509400,73,6891
851,11,0,18,7,25547700,3711,509400,73,6902
852,11,0,13,12,25609260,3711,509400,73,6913
853,11,0,16,9,25642740,3712,509400,73,6924
854,20,0,23,2,25677120,3710,509400,73,6944
855,10,0,16,9,25749300,3711,509400,73,6954
856,11,0,11,14,25802400,3710,509400,73,6965
857,9,0,15,10,25820040,3710,509400,73,6974
858,6,1,14,11,25841100,3710,510420,73,6980
859,15,9,15,10,25880400,3712,518400,74,6995
860,3,0,18,7,25921800,3713,564540,80,6998
861,11,0,15,10,25957680,3711,564540,80,7009
862,7,0,13,12,25982340,3710,564540,80,7016
863,3,0,12,13,26000760,3710,564540,80,7019
864,5,0,12,13,26023860,3711,564540,80,7024
865,6,0,13,12,26044800,3711,564540,80,7030
866,1,0,10,15,26064780,3712,564540,80,7031
867,9,0,13,12,26093100,3713,564540,80,7040
868,6,0,12,13,26110320,3712,564540,80,7046
869,5,0,9,16,26151900,3713,564540,80,7051
870,7,0,10,15,26168160,3712,564540,79,7058
871,5,0,10,15,26181780,3712,564540,79,7063
872,6,0,12,13,26195280,3711,564540,79,7069
873,8,0,14,11,26206260,3710,564540,79,7077
874,9,0,17,8,26240700,3712,564540,79,7086
875,11,0,16,9,26278200,3711,564540,79,7097
876,10,0,13,12,26316540,3709,564540,79,7107
877,7,0,13,12,26341380,3709,564540,79,7114
878,12,0,16,9,26373840,3709,564540,79,7126
879,11,0,11,14,26420580,3707,564540,79,7137
880,14,0,17,8,26447520,3707,564540,78,7151
881,7,0,14,11,26487480,3707,564540,78,7158
882,7,0,15,10,26514540,3708,564540,78,7165
883,3,0,7,18,26564040,3709,564540,78,7168
884,8,0,11,14,26579220,3709,564540,78,7176
885,8,0,9,16,26615400,3709,564540,78,7184
886,7,0,10,15,26632140,3708,564540,78,7191
887,8,0,13,12,26643180,3707,564540,78,7199
888,9,0,16,9,26668800,3708,564540,78,7208
889,6,0,10,15,26704080,3706,564540,78,7214
890,6,0,12,13,26720220,3707,564540,78,7220
891,7,0,9,16,26751900,3706,564540,78,7227
892,5,0,11,14,26769300,3707,564540,78,7232
893,5,0,11,14,26774100,3705,564540,78,7237
894,14,0,17,8,26800980,3704,564540,77,7251
895,6,0,12,13,26843940,3705,564540,77,7257
896,11,0,15,10,26867280,3704,564540,77,7268
897,10,0,16,9,26890020,3702,564540,77,7278
898,10,0,17,8,26920200,3702,564540,77,7288
899,8,0,14,11,26961900,3702,564540,77,7296
900,11,0,15,10,27013260,3704,564540,77,7307
901,17,0,19,6,27046020,3702,564540,77,7324
902,11,0,17,8,27092700,3702,564540,76,7335
903,7,0,16,9,27129840,3703,564540,76,7342
904,12,0,14,11,27177600,3702,564540,76,7354
905,14,0,19,6,27204720,3701,564540,76,7368
906,8,0,13,12,27263640,3702,564540,76,7376
907,12,0,16,9,27297060,3702,564540,76,7388
908,8,0,16,9,27319740,3701,564540,76,7396
909,4,0,12,13,27345480,3701,564540,76,7400
910,10,0,15,10,27392220,3704,564540,76,7410
911,6,0,13,12,27411120,3702,564540,76,7416
912,5,0,10,15,27458400,3705,564540,76,7421
913,7,0,11,14,27483960,3705,564540,76,7428
914,4,0,9,16,27508140,3705,564540,75,7432
915,6,0,12,13,27519420,3705,564540,75,7438
916,9,0,12,13,27547860,3705,564540,75,7447
917,6,0,12,13,27563460,3704,564540,75,7453
918,3,0,7,18,27595560,3704,564540,75,7456
919,4,0,9,16,27599640,3704,564540,75,7460
920,11,0,16,9,27607980,3703,564540,75,7471
921,14,0,17,8,27656400,3703,564540,75,7485
922,11,0,15,10,27699360,3702,564540,75,7496
923,11,2,16,9,27735840,3703,566040,75,7507
924,14,0,17,8,27791040,3703,573660,76,7521
925,8,0,17,8,27825180,3704,573660,76,7529
926,13,0,18,7,27873660,3704,573660,76,7542
927,8,0,17,8,27906960,3704,573660,75,7550
928,7,0,12,13,27960660,3705,573660,75,7557
929,8,0,13,12,27980820,3705,573660,75,7565
930,11,0,16,9,28015500,3705,573660,75,7576
931,8,0,11,14,28058520,3705,573660,75,7584
932,8,0,11,14,28079940,3703,573660,75,7592
933,5,0,10,15,28095840,3703,573660,75,7597
934,3,0,7,18,28121100,3703,573660,75,7600
935,6,0,10,15,28126500,3702,573660,75,7606
936,7,0,11,14,28144980,3702,573660,75,7613
937,3,0,10,15,28159620,3702,573660,75,7616
938,6,0,11,14,28183200,3702,573660,75,7622
939,3,0,9,16,28194780,3702,573660,75,7625
940,3,0,9,16,28215600,3703,573660,75,7628
941,6,0,9,16,28234140,3702,573660,75,7634
942,10,0,12,13,28244520,3700,573660,75,7644
943,9,0,9,16,28273800,3698,573660,74,7653
944,6,0,10,15,28293360,3698,573660,74,7659
945,3,0,9,16,28302720,3698,573660,74,7662
946,6,0,8,17,28327500,3698,573660,74,7668
947,10,0,11,14,28340040,3696,573660,74,7678
948,20,0,21,4,28361460,3694,573660,74,7698
949,14,0,24,1,28391940,3693,573660,74,7712
950,11,0,18,7,28478100,3696,573660,74,7723
951,11,0,15,10,28512960,3693,573660,74,7734
952,5,0,10,15,28552020,3694,573660,74,7739
953,10,0,12,13,28577700,3693,573660,74,7749
954,6,0,10,15,28597680,3692,573660,73,7755
955,5,0,12,13,28618080,3693,573660,73,7760
956,6,0,13,12,28636560,3693,573660,73,7766
957,8,0,15,10,28662120,3694,573660,73,7774
958,9,0,14,11,28705620,3694,573960,73,7783
959,5,0,14,11,28732620,3695,574800,73,7788
960,11,4,13,12,28766160,3696,576540,73,7799
961,7,0,18,7,28791960,3696,588240,75,7806
962,8,0,10,15,28853160,3697,588240,75,7814
963,2,0,6,19,28881240,3697,588240,75,7816
964,7,0,8,17,28896000,3697,588240,75,7823
965,5,0,10,15,28906320,3697,588240,75,7828
966,13,0,15,10,28926840,3696,588240,75,7841
967,8,0,10,15,28960920,3694,588240,74,7849
968,7,0,14,11,28976340,3695,588240,74,7856
969,11,0,15,10,29010240,3694,588240,74,7867
970,9,2,15,10,29037480,3694,590100,74,7876
971,8,5,16,9,29063940,3696,596160,75,7884
972,7,0,14,11,29109840,3695,616980,78,7891
973,8,0,13,12,29144100,3695,616980,78,7899
974,12,0,17,8,29174280,3695,616980,77,7911
975,16,0,18,7,29221440,3694,616980,77,7927
976,7,0,15,10,29263980,3695,616980,77,7934
977,4,0,10,15,29308080,3696,616980,77,7938
978,10,0,12,13,29331480,3696,616980,77,7948
979,9,0,12,13,29353680,3694,616980,77,7957
980,9,0,14,11,29377140,3694,616980,77,7966
981,6,0,9,16,29414400,3693,616980,77,7972
982,8,0,15,10,29423520,3694,616980,77,7980
983,5,0,14,11,29439900,3693,616980,77,7985
984,3,0,10,15,29476500,3694,616980,77,7988
985,3,0,8,17,29497380,3695,616980,77,7991
986,6,0,10,15,29508660,3694,616980,77,7997
987,1,0,8,17,29519460,3694,616980,77,7998
988,8,0,12,13,29535660,3694,616980,77,8006
989,6,0,9,16,29564940,3694,616980,77,8012
990,8,0,14,11,29572800,3693,616980,76,8020
991,8,0,14,11,29601360,3693,616980,76,8028
992,9,0,15,10,29630160,3693,616980,76,8037
993,8,0,12,13,29670360,3693,616980,76,8045
994,5,0,12,13,29690220,3693,616980,76,8050
995,9,0,14,11,29708460,3692,616980,76,8059
996,12,0,17,8,29749260,3693,616980,76,8071
997,9,0,14,11,29786700,3692,616980,76,8080
998,6,0,12,13,29812380,3692,616980,76,8086
999,9,0,14,11,29830440,3691,616980,76,8095
1000,8,0,17,8,29858160,3692,616980,76,8103
1001,3,0,11,14,29900820,3693,616980,76,8106
1002,10,0,16,9,29923680,3694,616980,76,8116
1003,9,0,16,9,29958960,3694,616980,75,8125
1004,8,0,11,14,30016020,3695,616980,75,8133
1005,6,0,10,15,30043320,3695,616980,75,8139
1006,7,0,9,16,30064020,3694,616980,75,8146
1007,6,0,7,18,30080400,3693,616980,75,8152
1008,3,0,8,17,30086340,3692,616980,75,8155
1009,6,0,10,15,30096900,3692,616980,75,8161
1010,5,0,13,12,30100800,3691,616980,75,8166
1011,9,0,15,10,30127440,3692,616980,75,8175
1012,1,0,9,16,30165960,3693,616980,75,8176
1013,6,0,11,14,30184560,3694,616980,75,8182
1014,3,0,8,17,30203160,3693,616980,75,8185
1015,5,0,9,16,30224220,3694,616980,75,8190
1016,13,0,18,7,30233160,3693,616980,75,8203
1017,7,0,13,12,30280260,3694,616980,75,8210
1018,8,0,10,15,30319380,3693,616980,75,8218
1019,9,0,13,12,30335880,3693,616980,74,8227
1020,7,0,11,14,30362520,3692,616980,74,8234
1021,10,0,14,11,30388200,3692,616980,74,8244
1022,8,0,16,9,30400320,3691,616980,74,8252
1023,6,0,10,15,30457980,3692,616980,74,8258
1024,7,0,12,13,30478740,3693,616980,74,8265
1025,5,0,11,14,30494400,3692,616980,74,8270
1026,4,0,8,17,30513900,3691,616980,74,8274
1027,9,0,11,14,30536520,3691,616980,74,8283
1028,6,0,11,14,30543960,3689,616980,74,8289
1029,10,0,12,13,30570900,3689,616980,74,8299
1030,5,0,9,16,30593280,3688,616980,74,8304
1031,2,0,8,17,30604980,3688,616980,74,8306
1032,6,0,12,13,30608280,3687,616980,74,8312
1033,6,0,12,13,30637560,3688,616980,74,8318
1034,4,0,12,13,30653700,3688,616980,74,8322
1035,2,0,9,16,30681540,3689,616980,74,8324
1036,8,0,11,14,30701700,3689,616980,74,8332
1037,9,0,14,11,30717660,3688,616980,73,8341
1038,7,0,17,8,30729300,3688,616980,73,8348
1039,9,0,14,11,30787080,3690,616980,73,8357
1040,9,0,12,13,30815340,3688,616980,73,8366
1041,16,0,20,5,30842040,3688,616980,73,8382
1042,9,0,18,7,30869520,3686,616980,73,8391
1043,11,0,19,6,30931620,3689,617220,73,8402
1044,7,0,14,11,30976980,3689,617220,73,8409
1045,11,0,16,9,30995940,3688,617220,73,8420
1046,7,0,13,12,31041360,3689,617220,73,8427
1047,12,0,14,11,31074960,3688,617220,73,8439
1048,9,0,15,10,31104840,3688,617220,73,8448
1049,9,0,10,15,31151280,3687,617220,72,8457
1050,11,0,15,10,31174620,3687,617220,72,8468
1051,3,0,11,14,31212540,3689,617220,72,8471
1052,9,0,13,12,31234260,3688,617220,72,8480
1053,9,0,16,9,31262220,3689,617820,72,8489
1054,8,0,18,7,31296720,3691,617820,72,8497
1055,5,0,11,14,31354800,3692,617820,72,8502
1056,6,0,12,13,31371660,3692,617820,72,8508
1057,6,0,12,13,31394040,3692,617820,72,8514
1058,5,0,10,15,31425000,3693,617820,72,8519
1059,7,0,10,15,31456620,3693,617820,72,8526
1060,1,0,9,16,31463100,3693,617820,72,8527
1061,10,0,15,10,31480020,3693,617820,72,8537
1062,6,0,10,15,31515420,3693,617820,72,8543
1063,7,0,12,13,31535580,3693,617820,72,8550
1064,9,0,15,10,31555320,3693,617820,72,8559
1065,5,0,12,13,31584060,3693,617820,72,8564
1066,11,0,17,8,31620600,3694,617820,72,8575
1067,8,0,13,12,31651560,3693,617820,71,8583
1068,13,0,15,10,31699140,3694,617820,71,8596
1069,7,0,10,15,31734780,3693,617820,71,8603
1070,13,0,16,9,31760400,3693,617820,71,8616
1071,12,0,17,8,31798380,3692,617820,71,8628
1072,4,0,14,11,31826880,3693,617820,71,8632
1073,6,0,12,13,31870860,3694,617820,71,8638
1074,8,0,15,10,31894980,3695,617820,71,8646
1075,11,0,13,12,31922580,3693,617820,71,8657
1076,3,0,10,15,31948500,3693,617820,71,8660
1077,5,0,10,15,31973340,3694,617820,71,8665
1078,4,0,10,15,31987680,3694,617820,71,8669
1079,10,0,15,10,31995720,3692,617820,71,8679
1080,5,0,12,13,32026860,3693,617820,71,8684
1081,5,0,12,13,32054700,3694,617820,71,8689
1082,4,0,8,17,32096400,3695,617820,71,8693
1083,1,0,6,19,32113320,3696,617820,71,8694
1084,3,0,9,16,32113320,3696,617820,71,8697
1085,6,0,12,13,32119620,3695,617820,70,8703
1086,13,0,16,9,32144880,3694,617820,70,8716
1087,11,0,21,4,32168700,3695,617820,70,8727
1088,4,0,9,16,32232900,3695,617820,70,8731
1089,10,0,10,15,32256000,3694,617820,70,8741
1090,3,0,9,16,32271840,3694,617820,70,8744
1091,12,0,17,8,32278560,3693,617820,70,8756
1092,19,0,20,5,32320920,3691,617820,70,8775
1093,11,0,15,10,32376120,3691,617820,70,8786
1094,8,0,13,12,32413080,3691,617820,70,8794
1095,14,0,18,7,32449140,3691,617820,70,8808
1096,12,0,19,6,32484360,3690,617820,70,8820
1097,14,1,20,5,32521260,3690,617940,69,8834
1098,8,0,18,7,32572380,3691,618300,69,8842
1099,6,0,12,13,32633700,3693,618300,69,8848
1100,6,0,8,17,32672280,3693,618300,69,8854
1101,9,0,11,14,32690160,3692,618300,69,8863
1102,3,0,10,15,32707260,3693,618300,69,8866
1103,4,0,8,17,32724780,3692,618300,69,8870
1104,7,0,11,14,32729940,3691,618300,69,8877
1105,3,0,9,16,32754780,3692,618300,69,8880
1106,5,0,7,18,32781000,3692,618300,69,8885
1107,2,0,7,18,32788920,3692,618300,69,8887
1108,7,0,9,16,32806020,3692,618300,69,8894
1109,6,0,11,14,32812140,3691,618300,69,8900
1110,7,0,11,14,32839260,3691,618300,69,8907
1111,4,0,10,15,32855280,3691,618300,69,8911
1112,11,0,15,10,32880540,3691,618300,69,8922
1113,7,0,11,14,32911560,3690,618300,69,8929
1114,6,0,9,16,32943000,3690,618300,69,8935
1115,8,0,10,15,32959620,3689,618300,69,8943
1116,8,0,14,11,32966400,3688,618300,69,8951
1117,9,0,15,10,33002940,3689,618300,69,8960
1118,13,0,17,8,33038280,3688,618300,68,8973
1119,17,0,19,6,33078240,3687,618300,68,8990
1120,10,0,18,7,33119040,3687,618300,68,9000
1121,6,0,12,13,33166680,3687,618300,68,9006
1122,6,0,10,15,33199740,3688,618300,68,9012
1123,3,0,7,18,33217860,3687,618300,68,9015
1124,7,0,11,14,33219900,3686,618300,68,9022
1125,5,0,10,15,33247440,3687,618300,68,9027
1126,7,0,11,14,33268800,3687,618300,68,9034
1127,7,0,12,13,33290340,3687,618300,68,9041
1128,2,0,11,14,33306840,3687,618300,68,9043
1129,3,0,7,18,33337080,3688,618300,68,9046
1130,3,0,7,18,33343320,3687,618300,68,9049
1131,7,0,11,14,33354060,3687,618300,68,9056
1132,4,0,12,13,33362220,3687,618300,68,9060
1133,5,0,10,15,33399360,3688,618300,68,9065
1134,9,0,17,8,33402300,3688,618300,68,9074
1135,3,0,14,11,33427320,3688,618300,68,9077
1136,12,0,21,4,33450900,3688,618300,68,9089
1137,11,0,21,4,33498840,3689,618300,67,9100
1138,7,0,17,8,33551700,3691,618300,67,9107
1139,8,0,12,13,33618000,3693,618300,67,9115
1140,13,0,15,10,33640260,3691,618300,67,9128
1141,8,0,12,13,33670860,3690,618300,67,9136
1142,8,0,15,10,33684840,3689,618300,67,9144
1143,7,0,13,12,33721680,3690,618300,67,9151
1144,11,0,16,9,33750180,3690,618300,67,9162
1145,8,1,15,10,33783180,3690,619140,67,9170
1146,11,5,14,11,33819000,3691,621720,67,9181
1147,8,1,18,7,33857100,3692,642900,69,9189
1148,9,0,16,9,33888780,3690,644880,70,9198
1149,5,0,13,12,33933780,3692,644880,70,9203
1150,9,0,12,13,33963060,3691,644880,70,9212
1151,3,0,8,17,33995280,3692,644880,69,9215
1152,7,0,11,14,34008780,3692,644880,69,9222
1153,1,0,10,15,34016580,3692,644880,69,9223
1154,3,0,8,17,34042920,3693,644880,69,9226
1155,9,0,14,11,34046760,3692,644880,69,9235
1156,4,0,12,13,34071840,3692,644880,69,9239
1157,3,0,6,19,34113000,3693,644880,69,9242
1158,3,0,8,17,34115280,3693,644880,69,9245
1159,7,0,12,13,34124340,3693,644880,69,9252
1160,7,0,13,12,34144260,3692,644880,69,9259
1161,4,0,11,14,34169040,3693,644880,69,9263
1162,9,0,14,11,34189740,3692,644880,69,9272
1163,13,0,19,6,34214100,3692,644880,69,9285
1164,7,0,16,9,34251720,3692,644880,69,9292
1165,10,0,15,10,34309020,3694,644880,69,9302
1166,13,0,20,5,34334580,3693,644880,69,9315
1167,12,0,18,7,34384680,3693,644880,69,9327
1168,18,0,23,2,34432200,3693,644880,69,9345
1169,8,0,18,7,34486980,3694,644880,68,9353
1170,8,0,11,14,34548960,3695,644880,68,9361
1171,7,0,11,14,34575360,3695,644880,68,9368
1172,6,0,9,16,34595760,3694,644880,68,9374
1173,13,0,14,11,34619040,3693,644880,68,9387
1174,5,0,10,15,34646700,3692,644880,68,9392
1175,4,0,11,14,34653180,3692,644880,68,9396
1176,2,0,9,16,34678140,3693,644880,68,9398
1177,8,0,13,12,34696020,3693,644880,68,9406
1178,8,0,15,10,34713840,3693,644880,68,9414
1179,6,0,11,14,34742580,3692,644880,68,9420
1180,5,0,11,14,34767060,3693,644880,68,9425
1181,6,0,12,13,34793160,3693,644880,68,9431
1182,10,0,18,7,34804800,3693,644880,68,9441
1183,5,0,11,14,34850640,3693,644880,68,9446
1184,9,0,14,11,34873920,3693,644880,68,9455
1185,11,0,13,12,34911060,3693,644880,68,9466
1186,4,0,13,12,34917360,3692,644880,68,9470
1187,5,0,12,13,34962240,3694,644880,68,9475
1188,11,0,13,12,35000640,3694,644880,67,9486
1189,13,0,19,6,35019720,3694,644880,67,9499
1190,4,0,11,14,35074860,3695,644880,67,9503
1191,10,0,14,11,35106840,3695,644880,67,9513
1192,13,0,16,9,35140380,3695,644880,67,9526
1193,9,0,14,11,35179680,3694,644880,67,9535
1194,9,0,12,13,35208480,3693,644880,67,9544
1195,7,0,11,14,35230800,3692,644880,67,9551
1196,10,0,17,8,35246520,3693,644880,67,9561
1197,6,0,15,10,35284440,3693,644880,67,9567
1198,4,0,9,16,35332440,3695,644880,67,9571
1199,9,0,13,12,35354220,3695,644880,67,9580
1200,4,0,9,16,35377320,3694,644880,67,9584
1201,6,0,11,14,35398260,3695,644880,67,9590
1202,7,0,11,14,35417940,3694,644880,67,9597
1203,5,0,12,13,35434260,3694,644880,67,9602
1204,4,0,8,17,35474460,3696,644880,67,9606
1205,10,0,15,10,35477220,3695,644880,67,9616
1206,8,0,14,11,35509920,3695,644880,67,9624
1207,15,0,17,8,35562000,3695,644880,66,9639
1208,5,0,13,12,35589300,3695,644880,66,9644
1209,4,0,12,13,35615940,3696,644880,66,9648
1210,7,0,9,16,35660280,3696,644880,66,9655
1211,10,0,15,10,35667660,3696,644880,66,9665
1212,7,0,11,14,35708760,3696,644880,66,9672
1213,13,0,15,10,35736000,3695,644880,66,9685
1214,16,0,17,8,35774340,3694,644880,66,9701
1215,17,3,21,4,35804700,3693,644940,66,9718
1216,11,13,15,10,35839980,3694,646560,66,9729
1217,11,15,15,10,35908200,3698,674640,69,9740
1218,5,11,20,5,35926680,3698,715140,73,9745
1219,9,0,15,10,36000060,3696,798720,81,9754
1220,5,0,16,9,36024540,3697,798720,81,9759
1221,4,0,11,14,36077700,3699,798720,81,9763
1222,5,0,10,15,36105060,3700,798720,81,9768
1223,4,0,10,15,36118140,3699,798720,81,9772
1224,6,0,12,13,36138300,3700,798720,81,9778
1225,4,0,12,13,36155100,3700,798720,81,9782
1226,6,0,9,16,36196860,3701,798720,81,9788
1227,6,0,12,13,36209700,3701,798720,81,9794
1228,9,0,13,12,36238500,3701,798720,81,9803
1229,5,0,12,13,36254040,3700,798720,81,9808
1230,11,0,14,11,36283680,3700,798720,81,9819
1231,8,0,12,13,36315120,3699,798720,81,9827
1232,12,0,16,9,36354600,3700,798720,81,9839
1233,8,0,13,12,36403320,3701,798720,81,9847
1234,9,0,13,12,36433620,3701,798720,81,9856
1235,7,0,11,14,36455940,3700,798720,80,9863
1236,9,0,14,11,36483180,3700,798720,80,9872
1237,9,0,13,12,36523080,3701,798720,80,9881
1238,7,0,12,13,36545040,3700,798720,80,9888
1239,6,0,12,13,36554640,3699,798720,80,9894
1240,6,0,9,16,36591840,3699,798720,80,9900
1241,12,0,13,12,36606240,3697,798720,80,9912
1242,8,0,13,12,36634140,3697,798720,80,9920
1243,14,0,17,8,36662880,3696,798720,80,9934
1244,5,0,11,14,36697680,3696,798720,80,9939
1245,3,0,8,17,36733200,3697,798720,80,9942
1246,5,0,8,17,36748080,3697,798720,80,9947
1247,3,0,9,16,36754920,3697,798720,80,9950
1248,9,0,10,15,36768960,3695,798720,80,9959
1249,3,0,9,16,36785040,3695,798720,80,9962
1250,8,0,11,14,36797820,3694,798720,80,9970
1251,2,0,9,16,36814680,3695,798720,80,9972
1252,5,0,10,15,36840360,3696,798720,80,9977
1253,4,0,8,17,36853200,3695,798720,80,9981
1254,10,0,11,14,36864780,3693,798720,79,9991
1255,9,0,17,8,36873540,3693,798720,79,10000
1256,8,0,13,12,36921540,3694,798720,79,10008
1257,9,0,17,8,36939360,3693,798720,79,10017
1258,13,0,17,8,36993060,3694,798720,79,10030
1259,12,0,21,4,37020540,3694,798720,79,10042
1260,8,0,16,9,37081560,3695,798720,79,10050
1261,14,0,16,9,37133400,3695,798720,79,10064
1262,7,0,15,10,37169280,3696,798720,79,10071
1263,12,0,19,6,37207080,3697,798720,79,10083
1264,13,0,19,6,37254420,3696,798720,79,10096
1265,6,0,15,10,37296900,3697,798720,79,10102
1266,10,0,16,9,37339080,3698,798720,78,10112
1267,11,0,14,11,37379040,3697,798720,78,10123
1268,6,0,10,15,37421940,3698,798720,78,10129
1269,3,0,9,16,37435320,3698,798720,78,10132
1270,7,0,13,12,37446840,3698,798720,78,10139
1271,2,0,9,16,37469760,3698,798720,78,10141
1272,4,0,9,16,37497420,3699,798720,78,10145
1273,5,0,9,16,37510860,3698,798720,78,10150
1274,4,0,8,17,37530480,3699,798720,78,10154
1275,5,0,9,16,37539960,3698,798720,78,10159
1276,6,0,9,16,37550580,3697,798720,78,10165
1277,5,0,10,15,37566540,3697,798720,78,10170
1278,4,0,7,18,37587240,3696,798720,78,10174
1279,5,0,10,15,37591140,3696,798720,78,10179
1280,8,0,12,13,37607400,3696,798720,78,10187
1281,7,0,14,11,37625880,3696,798720,78,10194
1282,12,0,18,7,37652100,3695,798720,78,10206
1283,14,0,18,7,37710540,3696,800340,78,10220
1284,6,0,13,12,37740840,3695,800340,78,10226
1285,9,0,13,12,37787100,3696,800340,78,10235
1286,13,0,15,10,37817820,3695,800340,78,10248
1287,14,0,20,5,37832760,3693,800340,77,10262
1288,5,0,12,13,37881240,3693,800340,77,10267
1289,8,0,12,13,37913160,3694,800340,77,10275
1290,10,0,12,13,37944780,3693,800340,77,10285
1291,8,0,13,12,37975980,3694,800340,77,10293
1292,9,0,16,9,37990320,3693,800340,77,10302
1293,6,0,13,12,38024400,3693,800340,77,10308
1294,7,0,10,15,38056740,3693,800340,77,10315
1295,10,0,15,10,38076600,3693,800340,77,10325
1296,12,0,17,8,38100120,3691,800340,77,10337
1297,3,0,10,15,38137020,3691,800340,77,10340
1298,4,0,8,17,38173740,3693,800340,77,10344
1299,4,0,11,14,38176800,3693,800340,77,10348
1300,9,0,15,10,38189880,3692,800340,77,10357
1301,5,0,13,12,38227140,3693,800340,77,10362
1302,12,1,16,9,38250720,3693,801360,77,10374
1303,10,0,17,8,38294700,3693,806520,77,10384
1304,6,0,12,13,38321880,3692,806520,77,10390
1305,7,0,9,16,38364660,3693,806520,77,10397
1306,19,0,19,6,38386500,3692,806520,77,10416
1307,13,0,21,4,38424600,3691,806520,77,10429
1308,12,0,20,5,38471880,3691,806640,77,10441
1309,11,0,16,9,38529060,3691,806640,77,10452
1310,8,0,16,9,38558460,3691,806640,77,10460
1311,7,0,14,11,38588340,3691,806640,77,10467
1312,9,0,13,12,38630160,3692,806640,76,10476
1313,7,0,11,14,38667540,3692,806640,76,10483
1314,12,0,13,12,38695560,3691,806640,76,10495
1315,10,0,15,10,38721960,3691,806640,76,10505
1316,11,0,17,8,38746380,3690,806640,76,10516
1317,10,0,16,9,38785260,3690,806640,76,10526
1318,8,0,9,16,38843580,3690,806640,76,10534
1319,7,0,13,12,38848560,3690,806640,76,10541
1320,2,0,8,17,38884740,3691,806640,76,10543
1321,5,0,9,16,38898180,3690,806640,76,10548
1322,8,0,14,11,38906460,3690,806640,76,10556
1323,4,0,10,15,38940360,3691,806640,76,10560
1324,7,0,11,14,38958360,3690,806640,76,10567
1325,8,0,10,15,38989020,3690,806640,76,10575
1326,3,0,6,19,39011040,3690,806640,76,10578
1327,4,0,8,17,39014400,3689,806640,76,10582
1328,5,0,10,15,39023460,3689,806640,76,10587
1329,8,0,16,9,39027600,3689,806640,76,10595
1330,9,0,16,9,39054960,3688,806640,76,10604
1331,10,1,16,9,39100020,3689,806640,76,10614
1332,13,10,16,9,39128400,3691,814800,76,10627
1333,15,19,16,9,39171060,3692,824520,77,10642
1334,12,21,19,6,39211260,3694,856140,80,10654
1335,6,14,25,0,39243180,3694,933840,87,10660
1336,9,0,14,11,39343440,3692,1049700,98,10669
1337,16,0,12,13,39384000,3690,1049700,98,10685
1338,8,0,11,14,39413280,3689,1049700,98,10693
1339,5,0,10,15,39428160,3689,1049700,98,10698
1340,9,0,12,13,39453780,3688,1049700,98,10707
1341,3,0,12,13,39465540,3689,1049700,98,10710
1342,5,0,11,14,39484860,3688,1049700,97,10715
1343,9,0,10,15,39516180,3688,1049700,97,10724
1344,4,0,11,14,39524400,3688,1049700,97,10728
1345,4,0,12,13,39527460,3687,1049700,97,10732
1346,4,0,15,10,39528240,3686,1049700,97,10736
1347,1,0,12,13,39547800,3687,1049700,97,10737
1348,5,0,14,11,39561540,3687,1049700,97,10742
1349,5,0,13,12,39576000,3686,1049700,97,10747
1350,4,0,13,12,39589620,3686,1049700,97,10751
1351,7,0,17,8,39596100,3686,1049700,97,10758
1352,9,0,16,9,39622680,3685,1049700,97,10767
1353,8,0,17,8,39648240,3685,1049700,97,10775
1354,8,0,17,8,39669780,3684,1049700,97,10783
1355,10,0,19,6,39693000,3684,1049700,97,10793
1356,11,0,24,1,39720660,3684,1051140,97,10804
1357,9,0,20,5,39777060,3685,1052880,97,10813
1358,13,0,22,3,39817680,3685,1053060,97,10826
1359,13,0,22,3,39864960,3685,1053060,97,10839
1360,10,0,25,0,39893580,3685,1053480,97,10849
1361,7,0,16,9,39952680,3685,1053480,97,10856
1362,8,0,18,7,39983580,3686,1053480,96,10864
1363,7,0,17,8,40006620,3685,1053480,96,10871
1364,6,0,15,10,40036500,3685,1053480,96,10877
1365,5,0,16,9,40051260,3685,1053480,96,10882
1366,3,0,13,12,40078080,3686,1053480,96,10885
1367,3,0,14,11,40084440,3686,1053480,96,10888
1368,6,0,13,12,40098180,3685,1053480,96,10894
1369,5,0,16,9,40103820,3684,1053480,96,10899
1370,6,0,14,11,40139940,3685,1053480,96,10905
1371,3,0,14,11,40148640,3685,1053480,96,10908
1372,7,0,14,11,40173780,3685,1053480,96,10915
1373,6,0,13,12,40189440,3684,1053480,96,10921
1374,10,0,16,9,40209420,3683,1053480,96,10931
1375,10,0,22,3,40222620,3683,1053480,96,10941
1376,5,0,17,8,40256580,3683,1053480,96,10946
1377,6,0,15,10,40292700,3684,1053480,96,10952
1378,10,0,20,5,40304700,3683,1053480,96,10962
1379,5,0,17,8,40338960,3683,1053480,96,10967
1380,12,0,21,4,40364880,3683,1053480,95,10979
1381,7,0,18,7,40403880,3683,1053480,95,10986
1382,13,0,22,3,40430580,3683,1053480,95,10999
1383,8,0,18,7,40470960,3682,1053480,95,11007
1384,3,0,12,13,40514700,3683,1053480,95,11010
1385,14,0,21,4,40528380,3683,1053480,95,11024
1386,9,0,19,6,40566600,3683,1053480,95,11033
1387,6,0,17,8,40598760,3683,1053480,95,11039
1388,2,0,14,11,40622640,3683,1053480,95,11041
1389,5,0,15,10,40639200,3684,1053480,95,11046
1390,6,0,15,10,40662300,3684,1053480,95,11052
1391,9,0,20,5,40677660,3684,1053480,95,11061
1392,4,0,15,10,40697520,3683,1053480,95,11065
1393,4,0,15,10,40711440,3682,1053480,95,11069
1394,6,0,16,9,40731300,3683,1053480,95,11075
1395,6,0,19,6,40743600,3683,1053480,95,11081
1396,4,0,14,11,40798260,3685,1053480,95,11085
1397,14,0,23,2,40813560,3684,1053480,94,11099
1398,7,0,20,5,40841400,3684,1053480,94,11106
1399,7,0,18,7,40877280,3684,1053480,94,11113
1400,10,0,20,5,40903800,3684,1053480,94,11123
1401,15,0,22,3,40947900,3683,1053480,94,11138
1402,7,0,18,7,40987260,3683,1053480,94,11145
1403,10,0,22,3,41021700,3684,1053480,94,11155
1404,8,0,18,7,41066220,3684,1053480,94,11163
1405,8,0,18,7,41102700,3685,1053480,94,11171
1406,8,0,19,6,41119140,3684,1053480,94,11179
1407,12,0,21,4,41165040,3685,1053480,94,11191
1408,13,0,25,0,41197860,3685,1053480,94,11204
1409,8,0,18,7,41249880,3684,1053480,93,11212
1410,3,0,13,12,41284920,3685,1053480,93,11215
1411,11,0,18,7,41299260,3684,1053480,93,11226
1412,10,0,18,7,41330040,3684,1053480,93,11236
1413,7,0,17,8,41361000,3684,1053480,93,11243
1414,8,0,18,7,41383380,3684,1053480,93,11251
1415,7,0,19,6,41404080,3683,1053480,93,11258
1416,11,0,21,4,41441880,3684,1053480,93,11269
1417,6,0,18,7,41474100,3684,1053480,93,11275
1418,3,0,15,10,41509980,3685,1053480,93,11278
1419,6,0,15,10,41523060,3684,1053480,93,11284
1420,9,0,19,6,41550900,3685,1053480,93,11293
1421,8,0,19,6,41574960,3685,1053480,93,11301
1422,6,0,16,9,41611380,3685,1053480,93,11307
1423,10,0,18,7,41636160,3684,1053480,93,11317
1424,9,0,22,3,41650500,3684,1053480,93,11326
1425,9,0,20,5,41696520,3685,1053480,92,11335
1426,13,0,20,5,41742120,3684,1053480,92,11348
1427,6,0,18,7,41762520,3684,1053480,92,11354
1428,9,0,18,7,41799600,3684,1053480,92,11363
1429,12,0,21,4,41835660,3684,1053480,92,11375
1430,10,0,21,4,41862240,3683,1053480,92,11385
1431,16,0,25,0,41914200,3684,1056120,92,11401
1432,5,0,17,8,41958540,3684,1056120,92,11406
1433,4,0,14,11,41985300,3684,1056120,92,11410
1434,9,0,17,8,42003960,3683,1056120,92,11419
1435,11,0,19,6,42030660,3683,1056120,92,11430
1436,12,0,20,5,42058200,3682,1056120,92,11442
1437,6,0,16,9,42087300,3681,1056120,92,11448
1438,6,0,14,11,42109740,3680,1056120,92,11454
1439,5,0,14,11,42120240,3680,1056120,92,11459
1440,3,0,15,10,42132240,3680,1056120,92,11462
1441,3,0,16,9,42138900,3680,1056120,92,11465
1442,3,0,13,12,42172080,3681,1056120,92,11468
1443,4,0,15,10,42177720,3681,1056120,92,11472
1444,7,0,17,8,42191700,3681,1056120,92,11479
1445,8,0,17,8,42209820,3680,1056120,91,11487
1446,7,0,21,4,42224400,3680,1056120,91,11494
1447,14,4,22,3,42264900,3680,1058340,91,11508
1448,6,10,18,7,42283740,3681,1058340,91,11514
1449,7,9,20,5,42331560,3683,1079040,93,11521
1450,10,10,25,0,42367080,3685,1094160,94,11531
1451,13,10,25,0,42421920,3685,1125240,97,11544
1452,8,0,22,3,42484980,3684,1199820,103,11552
1453,10,0,18,7,42522180,3683,1199820,103,11562
1454,6,0,19,6,42545220,3683,1199820,103,11568
1455,14,0,19,6,42584340,3682,1199940,103,11582
1456,7,0,17,8,42630840,3683,1199940,103,11589
1457,7,0,15,10,42664500,3684,1199940,103,11596
1458,6,0,17,8,42677700,3683,1199940,103,11602
1459,8,0,18,7,42704100,3683,1199940,103,11610
1460,7,0,17,8,42726960,3683,1199940,103,11617
1461,11,0,19,6,42763500,3683,1199940,103,11628
1462,9,0,20,5,42789540,3683,1199940,103,11637
1463,5,0,15,10,42825960,3683,1199940,103,11642
1464,2,0,11,14,42837600,3682,1199940,103,11644
1465,5,0,14,11,42841860,3682,1199940,103,11649
1466,2,0,13,12,42854280,3682,1199940,102,11651
1467,7,0,16,9,42868920,3682,1199940,102,11658
1468,3,0,15,10,42886680,3682,1199940,102,11661
1469,6,0,15,10,42914280,3682,1199940,102,11667
1470,7,0,17,8,42932160,3682,1199940,102,11674
1471,5,0,17,8,42948840,3682,1199940,102,11679
1472,12,3,21,4,42975240,3683,1200180,102,11691
1473,6,8,17,8,42997440,3683,1202580,102,11697
1474,15,9,25,0,43035780,3685,1218180,104,11712
1475,11,11,25,0,43070400,3685,1225620,104,11723
1476,12,1,25,0,43152900,3685,1302120,110,11735
1477,10,0,20,5,43192800,3683,1302180,110,11745
1478,11,0,24,1,43206300,3682,1302180,110,11756
1479,7,0,17,8,43273380,3684,1302180,110,11763
1480,10,0,17,8,43301940,3683,1302180,110,11773
1481,10,0,17,8,43322700,3682,1302180,110,11783
1482,11,0,18,7,43363680,3682,1302180,110,11794
1483,8,0,16,9,43395540,3681,1302180,110,11802
1484,5,0,15,10,43419180,3682,1302180,110,11807
1485,5,0,16,9,43437240,3682,1302180,110,11812
1486,4,0,14,11,43449480,3681,1302180,110,11816
1487,5,0,14,11,43473540,3682,1302180,110,11821
1488,3,0,14,11,43483320,3681,1302180,110,11824
1489,1,0,12,13,43500240,3682,1302180,110,11825
1490,5,0,16,9,43500780,3682,1302180,110,11830
1491,5,0,16,9,43530240,3683,1302180,110,11835
1492,6,0,19,6,43548300,3683,1302180,109,11841
1493,5,0,15,10,43576080,3683,1302180,109,11846
1494,4,0,12,13,43598340,3682,1302180,109,11850
1495,11,0,19,6,43609560,3682,1302180,109,11861
1496,11,0,20,5,43631160,3681,1302180,109,11872
1497,14,0,25,0,43656540,3680,1302540,109,11886
1498,8,0,17,8,43717080,3680,1302540,109,11894
1499,8,0,18,7,43746480,3681,1302540,109,11902
1500,8,0,19,6,43770060,3680,1302540,109,11910
1501,14,0,25,0,43792320,3680,1302540,109,11924
1502,13,4,24,1,43827300,3680,1302840,109,11937
1503,11,12,18,7,43878480,3681,1307340,109,11948
1504,11,12,25,0,43907580,3682,1334280,111,11959
1505,8,9,25,0,43959960,3683,1359600,113,11967
1506,6,0,20,5,44018400,3682,1439880,120,11973
1507,9,0,18,7,44058120,3682,1439880,120,11982
1508,9,0,22,3,44086620,3683,1439880,120,11991
1509,9,0,17,8,44128140,3682,1439880,119,12000
1510,5,0,16,9,44150580,3682,1439880,119,12005
1511,4,0,13,12,44184060,3683,1439880,119,12009
1512,7,0,18,7,44193960,3683,1439880,119,12016
1513,4,0,15,10,44214600,3683,1439880,119,12020
1514,5,0,14,11,44236740,3683,1439880,119,12025
1515,2,0,12,13,44253960,3683,1439880,119,12027
1516,8,0,14,11,44267880,3682,1439880,119,12035
1517,7,0,16,9,44286900,3682,1439880,119,12042
1518,3,0,16,9,44297820,3682,1439880,119,12045
1519,4,0,17,8,44312400,3682,1439880,119,12049
1520,4,0,17,8,44335980,3683,1439880,119,12053
1521,10,0,17,8,44372760,3683,1439880,119,12063
1522,6,0,18,7,44387160,3683,1439880,119,12069
1523,13,0,21,4,44421000,3683,1439880,119,12082
1524,6,0,19,6,44458140,3683,1440000,119,12088
1525,11,0,22,3,44491980,3684,1440000,119,12099
1526,11,0,20,5,44548560,3684,1440000,118,12110
1527,7,0,20,5,44571900,3684,1440000,118,12117
1528,3,0,16,9,44598840,3684,1440000,118,12120
1529,11,0,19,6,44628240,3684,1440000,118,12131
1530,8,0,19,6,44649420,3683,1440000,118,12139
1531,6,0,20,5,44668380,3683,1440000,118,12145
1532,5,0,17,8,44715120,3685,1440000,118,12150
1533,7,0,16,9,44738700,3684,1440000,118,12157
1534,11,0,22,3,44758860,3685,1440000,118,12168
1535,6,0,17,8,44790900,3684,1440000,118,12174
1536,3,0,14,11,44826660,3685,1440000,118,12177
1537,1,0,10,15,44845680,3685,1440000,118,12178
1538,6,0,15,10,44846520,3685,1440000,118,12184
1539,3,0,14,11,44859000,3685,1440000,118,12187
1540,7,0,17,8,44871540,3684,1440000,118,12194
1541,5,0,14,11,44900100,3684,1440000,118,12199
1542,5,0,15,10,44913000,3684,1440000,117,12204
1543,14,0,19,6,44943480,3684,1440000,117,12218
1544,10,0,20,5,44963460,3683,1440000,117,12228
1545,13,1,25,0,44993760,3683,1440540,117,12241
1546,7,0,22,3,45039000,3683,1442220,117,12248
1547,3,0,17,8,45082200,3684,1442220,117,12251
1548,14,0,23,2,45120780,3685,1442220,117,12265
1549,7,0,18,7,45152040,3684,1442220,117,12272
1550,15,0,23,2,45194820,3685,1442220,117,12287
1551,10,0,19,6,45237960,3684,1442220,117,12297
1552,8,0,21,4,45260040,3684,1442220,117,12305
1553,13,0,19,6,45313440,3684,1442220,117,12318
1554,9,0,18,7,45339300,3683,1442220,116,12327
1555,7,0,17,8,45376980,3684,1442220,116,12334
1556,2,0,15,10,45391200,3684,1442220,116,12336
1557,4,0,18,7,45396960,3684,1442220,116,12340
1558,7,0,20,5,45424500,3684,1442220,116,12347
1559,4,0,15,10,45471600,3686,1442220,116,12351
1560,6,0,15,10,45493740,3686,1442220,116,12357
1561,4,0,14,11,45505200,3685,1442220,116,12361
1562,6,0,14,11,45520560,3684,1442220,116,12367
1563,7,0,17,8,45528660,3684,1442220,116,12374
1564,7,0,19,6,45554520,3685,1442220,116,12381
1565,5,0,15,10,45580020,3684,1442220,116,12386
1566,8,0,13,12,45611460,3683,1442220,116,12394
1567,2,0,11,14,45629100,3684,1442220,116,12396
1568,10,0,19,6,45631980,3683,1442220,116,12406
1569,6,0,17,8,45654240,3683,1442220,116,12412
1570,6,0,15,10,45680820,3683,1442220,116,12418
1571,12,0,20,5,45704040,3682,1444380,116,12430
1572,12,0,24,1,45723960,3682,1444380,116,12442
1573,8,0,19,6,45772680,3682,1444380,116,12450
1574,11,0,21,4,45804420,3682,1444380,115,12461
1575,13,0,17,8,45849660,3680,1444440,115,12474
1576,7,0,19,6,45870360,3680,1444440,115,12481
1577,10,0,15,10,45921000,3680,1444440,115,12491
1578,5,0,16,9,45932640,3680,1444440,115,12496
1579,6,0,18,7,45951420,3680,1444440,115,12502
1580,7,0,18,7,45981420,3681,1444440,115,12509
1581,9,0,21,4,46012320,3681,1444440,115,12518
1582,2,0,13,12,46043040,3681,1444440,115,12520
1583,8,0,15,10,46058880,3680,1444440,115,12528
1584,8,0,17,8,46080840,3680,1444440,115,12536
1585,5,0,20,5,46086840,3680,1444440,115,12541
1586,7,0,18,7,46130340,3681,1444440,115,12548
1587,6,0,16,9,46159860,3681,1444440,115,12554
1588,4,0,15,10,46190700,3682,1444440,115,12558
1589,7,0,17,8,46203120,3682,1444440,114,12565
1590,8,0,22,3,46219440,3682,1444440,114,12573
1591,7,0,17,8,46259160,3682,1444440,114,12580
1592,11,0,20,5,46291740,3682,1444440,114,12591
1593,8,0,18,7,46331100,3682,1444920,114,12599
1594,12,0,19,6,46358160,3681,1444920,114,12611
1595,7,0,17,8,46395540,3681,1444920,114,12618
1596,12,0,16,9,46427580,3680,1444920,114,12630
1597,6,0,17,8,46449780,3680,1444920,114,12636
1598,16,0,24,1,46467600,3679,1444920,114,12652
1599,12,0,22,3,46512600,3679,1445580,114,12664
1600,13,5,19,6,46557060,3679,1445700,114,12677
1601,10,14,17,8,46574100,3680,1447200,114,12687
1602,11,19,17,8,46621380,3681,1466280,115,12698
1603,10,24,21,4,46630920,3682,1473900,116,12708
1604,7,25,21,4,46672320,3683,1490340,117,12715
1605,7,17,25,0,46722780,3684,1626600,127,12722
1606,6,5,25,0,46776120,3683,1758240,138,12728
1607,6,0,13,12,46836060,3681,1827300,143,12734
1608,8,0,15,10,46852680,3681,1827300,143,12742
1609,5,0,17,8,46868400,3681,1827300,143,12747
1610,5,0,17,8,46886520,3681,1827300,143,12752
1611,2,0,16,9,46901580,3682,1827300,143,12754
1612,7,0,17,8,46934100,3682,1827300,143,12761
1613,5,0,18,7,46954320,3683,1827300,143,12766
1614,5,0,16,9,46982100,3683,1827300,143,12771
1615,11,0,20,5,47013720,3683,1827300,142,12782
1616,8,0,21,4,47036040,3683,1827300,142,12790
1617,5,0,18,7,47063940,3683,1827300,142,12795
1618,14,0,20,5,47114040,3683,1827300,142,12809
1619,14,0,22,3,47155440,3683,1827300,142,12823
1620,7,0,20,5,47180640,3683,1827300,142,12830
1621,18,0,23,2,47235720,3683,1827300,142,12848
1622,14,4,23,2,47270700,3682,1829400,142,12862
1623,11,9,23,2,47301960,3683,1838700,142,12873
1624,6,3,25,0,47354760,3684,1865700,144,12879
1625,10,0,22,3,47407200,3684,1873560,145,12889
1626,8,3,17,8,47452740,3685,1873860,145,12897
1627,4,0,18,7,47478900,3685,1883040,145,12901
1628,11,0,19,6,47512620,3685,1883040,145,12912
1629,7,0,18,7,47544660,3685,1883040,145,12919
1630,6,0,15,10,47582040,3685,1883040,145,12925
1631,6,0,17,8,47602500,3686,1883040,145,12931
1632,7,0,16,9,47627400,3685,1883040,145,12938
1633,1,0,13,12,47636280,3685,1883040,145,12939
1634,4,0,12,13,47654220,3685,1883040,145,12943
1635,6,0,16,9,47660100,3685,1883040,145,12949
1636,6,0,16,9,47680860,3685,1883040,145,12955
1637,9,0,16,9,47701860,3684,1883040,145,12964
1638,9,0,16,9,47725680,3683,1883040,145,12973
1639,8,0,17,8,47741520,3682,1883040,145,12981
1640,13,0,19,6,47773920,3681,1883040,144,12994
1641,13,0,22,3,47804160,3681,1883040,144,13007
1642,7,0,22,3,47824200,3681,1883040,144,13014
1643,8,0,18,7,47885400,3682,1883040,144,13022
1644,10,0,22,3,47911980,3682,1883040,144,13032
1645,9,0,21,4,47952300,3682,1883040,144,13041
1646,14,0,22,3,47994060,3682,1883040,144,13055
1647,11,0,23,2,48030060,3682,1883040,144,13066
1648,13,0,19,6,48083940,3681,1883040,143,13079
1649,11,0,19,6,48118320,3681,1883040,143,13090
1650,10,0,20,5,48143280,3680,1883040,143,13100
1651,6,0,19,6,48176580,3681,1883040,143,13106
1652,5,0,19,6,48194520,3681,1883040,143,13111
1653,4,0,11,14,48247800,3681,1883040,143,13115
1654,7,0,17,8,48250980,3681,1883040,143,13122
1655,1,0,13,12,48266160,3681,1883040,143,13123
1656,6,0,13,12,48289800,3681,1883040,143,13129
1657,3,0,14,11,48296040,3681,1883040,143,13132
1658,2,0,12,13,48307500,3681,1883040,143,13134
1659,5,0,16,9,48309780,3681,1883040,143,13139
1660,10,0,20,5,48328800,3681,1883040,143,13149
1661,6,0,13,12,48368940,3680,1883040,143,13155
1662,10,0,18,7,48373440,3679,1883040,143,13165
1663,9,0,18,7,48416940,3680,1883040,142,13174
1664,8,0,17,8,48434520,3679,1883040,142,13182
1665,5,0,14,11,48473820,3679,1883040,142,13187
1666,10,0,18,7,48480120,3678,1883040,142,13197
1667,13,0,25,0,48500160,3678,1883340,142,13210
1668,9,1,23,2,48538080,3678,1889340,142,13219
1669,13,0,25,0,48577740,3678,1889460,142,13232
1670,13,0,20,5,48642960,3678,1889460,142,13245
1671,9,0,19,6,48677100,3677,1889460,142,13254
1672,18,0,21,4,48720780,3676,1889520,142,13272
1673,11,2,18,7,48748800,3675,1889640,142,13283
1674,10,9,18,7,48772020,3676,1890720,142,13293
1675,8,9,19,6,48813120,3677,1904700,143,13301
1676,8,4,25,0,48847140,3678,1959900,147,13309
1677,10,0,16,9,48911580,3676,1980660,148,13319
1678,9,0,17,8,48935520,3676,1980660,148,13328
1679,6,0,16,9,48966420,3676,1980660,148,13334
1680,1,0,11,14,48986040,3676,1980660,148,13335
1681,6,0,14,11,48994440,3676,1980660,148,13341
1682,3,0,13,12,49002900,3675,1980660,148,13344
1683,6,0,15,10,49008060,3675,1980660,148,13350
1684,4,0,15,10,49037220,3676,1980660,148,13354
1685,7,0,16,9,49048140,3675,1980660,148,13361
1686,9,0,18,7,49076640,3675,1980660,148,13370
1687,6,0,17,8,49095840,3675,1980660,148,13376
1688,7,0,17,8,49126680,3675,1980660,147,13383
1689,7,0,17,8,49151820,3675,1980660,147,13390
1690,17,0,23,2,49182600,3674,1980660,147,13407
1691,10,0,21,4,49213320,3673,1980660,147,13417
1692,15,1,25,0,49254300,3674,1980840,147,13432
1693,12,0,20,5,49314780,3673,1980900,147,13444
1694,5,0,15,10,49357200,3674,1980900,147,13449
1695,7,0,17,8,49371240,3673,1980900,147,13456
1696,13,0,20,5,49406580,3673,1980900,147,13469
1697,7,0,19,6,49429380,3673,1980900,146,13476
1698,9,0,21,4,49463100,3673,1980900,146,13485
1699,11,0,23,2,49507500,3674,1982160,146,13496
1700,5,0,20,5,49550280,3675,1982160,146,13501
1701,5,0,17,8,49588080,3676,1982160,146,13506
1702,5,0,16,9,49616580,3676,1982160,146,13511
1703,5,0,13,12,49644900,3676,1982160,146,13516
1704,5,0,14,11,49665180,3676,1982160,146,13521
1705,6,0,19,6,49666080,3676,1982160,146,13527
1706,3,0,13,12,49696800,3676,1982160,146,13530
1707,6,0,12,13,49724220,3676,1982160,146,13536
1708,6,0,15,10,49731540,3676,1982160,146,13542
1709,6,0,15,10,49749840,3676,1982160,146,13548
1710,11,0,21,4,49762020,3675,1982160,146,13559
1711,3,0,15,10,49800060,3676,1982160,146,13562
1712,9,0,16,9,49821900,3675,1982160,146,13571
1713,13,0,20,5,49846140,3674,1982160,145,13584
1714,9,0,21,4,49884300,3675,1982160,145,13593
1715,13,0,23,2,49913760,3674,1982160,145,13606
1716,10,0,24,1,49948920,3674,1982160,145,13616
1717,9,0,20,5,49996620,3674,1982400,145,13625
1718,6,0,19,6,50036520,3675,1982400,145,13631
1719,12,0,23,2,50067540,3676,1982400,145,13643
1720,8,0,19,6,50117040,3676,1982400,145,13651
1721,12,0,21,4,50139120,3675,1982400,145,13663
1722,7,0,18,7,50181840,3675,1982400,145,13670
1723,7,0,15,10,50210220,3675,1982400,144,13677
1724,4,0,15,10,50234580,3675,1982400,144,13681
1725,4,0,16,9,50242860,3675,1982400,144,13685
1726,8,0,17,8,50271600,3675,1982400,144,13693
1727,5,0,15,10,50301780,3676,1982400,144,13698
1728,7,0,18,7,50307360,3675,1982400,144,13705
1729,6,0,15,10,50342340,3675,1982400,144,13711
1730,5,0,16,9,50347980,3675,1982400,144,13716
1731,10,0,18,7,50388480,3675,1982400,144,13726
1732,7,0,18,7,50412600,3675,1982400,144,13733
1733,8,0,19,6,50436540,3675,1982400,144,13741
1734,7,0,17,8,50469240,3675,1982400,144,13748
1735,7,0,16,9,50493960,3675,1982400,144,13755
1736,10,0,20,5,50519100,3675,1982400,144,13765
1737,8,0,22,3,50528820,3674,1982400,143,13773
1738,13,0,21,4,50579520,3674,1982400,143,13786
1739,10,0,20,5,50606940,3673,1982400,143,13796
1740,8,0,13,12,50662320,3673,1982400,143,13804
1741,14,0,19,6,50678880,3672,1982400,143,13818
1742,9,0,19,6,50698020,3671,1982400,143,13827
1743,12,0,22,3,50728140,3671,1982400,143,13839
1744,10,0,19,6,50777280,3671,1982400,143,13849
1745,9,0,19,6,50807100,3671,1982400,143,13858
1746,9,0,20,5,50831700,3670,1982400,142,13867
1747,15,0,25,0,50858760,3670,1982460,142,13882
1748,8,0,20,5,50903160,3670,1982580,142,13890
1749,9,0,20,5,50946600,3670,1982580,142,13899
1750,3,0,15,10,50980980,3671,1982580,142,13902
1751,3,0,13,12,51000660,3671,1982580,142,13905
1752,3,0,13,12,51017340,3671,1982580,142,13908
1753,2,0,14,11,51021660,3671,1982580,142,13910
1754,2,0,12,13,51042960,3672,1982580,142,13912
1755,3,0,13,12,51048480,3672,1982580,142,13915
1756,8,0,16,9,51063300,3671,1982580,142,13923
1757,9,0,19,6,51076080,3671,1982580,142,13932
1758,9,0,20,5,51107700,3671,1982580,142,13941
1759,11,0,22,3,51135660,3670,1982580,142,13952
1760,15,0,25,0,51176520,3670,1982580,141,13967
1761,6,0,21,4,51214140,3670,1982580,141,13973
1762,10,0,20,5,51254820,3670,1982580,141,13983
1763,9,0,22,3,51283800,3670,1982580,141,13992
1764,7,0,14,11,51334980,3670,1982580,141,13999
1765,14,0,20,5,51358320,3670,1982580,141,14013
1766,12,0,18,7,51387780,3668,1982580,141,14025
1767,6,0,18,7,51416760,3669,1982580,141,14031
1768,14,0,20,5,51443940,3668,1982580,141,14045
1769,8,0,18,7,51483480,3668,1982580,141,14053
1770,14,0,24,1,51502920,3667,1982580,140,14067
1771,10,0,22,3,51537540,3666,1983000,140,14077
1772,7,0,22,3,51578760,3667,1983000,140,14084
1773,7,0,16,9,51633180,3668,1983000,140,14091
1774,6,0,18,7,51649620,3668,1983000,140,14097
1775,5,0,19,6,51670260,3668,1983000,140,14102
1776,7,0,18,7,51712080,3669,1983000,140,14109
1777,4,0,13,12,51735660,3669,1983000,140,14113
1778,8,0,18,7,51738720,3668,1983000,140,14121
1779,2,0,13,12,51758520,3668,1983000,140,14123
1780,8,0,18,7,51774960,3668,1983000,140,14131
1781,4,0,15,10,51796920,3668,1983000,140,14135
1782,6,0,17,8,51815040,3668,1983000,140,14141
1783,2,0,14,11,51834780,3668,1983000,140,14143
1784,11,0,16,9,51864780,3668,1983000,140,14154
1785,9,0,18,7,51882060,3667,1983000,140,14163
1786,9,0,21,4,51907200,3668,1983000,139,14172
1787,6,0,19,6,51939060,3668,1983000,139,14178
1788,8,0,15,10,51972000,3667,1983000,139,14186
1789,6,0,15,10,51989220,3667,1983000,139,14192
1790,7,0,16,9,51997440,3666,1983000,139,14199
1791,11,0,19,6,52032360,3666,1983000,139,14210
1792,7,0,17,8,52056420,3665,1983000,139,14217
1793,11,0,20,5,52074660,3665,1983000,139,14228
1794,9,0,18,7,52114020,3665,1983000,139,14237
1795,7,0,15,10,52160100,3665,1983000,139,14244
1796,15,0,22,3,52179120,3665,1983000,139,14259
1797,8,0,19,6,52217160,3664,1983000,138,14267
1798,4,0,15,10,52251660,3665,1983000,138,14271
1799,4,0,15,10,52273140,3665,1983000,138,14275
1800,5,0,16,9,52280220,3665,1983000,138,14280
1801,5,0,17,8,52289040,3664,1983000,138,14285
1802,3,0,14,11,52327500,3665,1983000,138,14288
1803,5,0,17,8,52338900,3666,1983000,138,14293
1804,8,0,18,7,52363860,3666,1983000,138,14301
1805,10,0,20,5,52394520,3666,1983000,138,14311
1806,13,4,22,3,52419600,3666,1983060,138,14324
1807,5,3,20,5,52462080,3667,1993560,139,14329
1808,14,0,25,0,52501200,3666,2008380,140,14343
1809,6,0,18,7,52555500,3667,2008920,140,14349
1810,7,0,16,9,52582440,3666,2008920,139,14356
1811,15,3,21,4,52622400,3667,2012100,140,14371
1812,5,0,21,4,52650240,3667,2017620,140,14376
1813,17,0,25,0,52707600,3668,2019180,140,14393
1814,10,1,25,0,52738980,3668,2023080,140,14403
1815,8,0,23,2,52790040,3669,2027520,140,14411
1816,13,0,22,3,52846440,3669,2029140,140,14424
1817,14,0,21,4,52900740,3669,2029140,140,14438
1818,15,0,23,2,52932060,3668,2029140,140,14453
1819,6,0,14,11,52983600,3667,2029140,140,14459
1820,4,0,13,12,53009400,3668,2029140,140,14463
1821,6,0,15,10,53019240,3668,2029140,140,14469
1822,6,0,16,9,53030760,3667,2029140,140,14475
1823,9,0,16,9,53057160,3667,2029140,140,14484
1824,8,0,18,7,53081700,3667,2029140,140,14492
1825,3,0,18,7,53087040,3666,2029140,139,14495
1826,6,0,17,8,53120700,3667,2029140,139,14501
1827,1,0,13,12,53150640,3668,2029140,139,14502
1828,10,0,17,8,53175060,3668,2029140,139,14512
1829,6,0,16,9,53189160,3667,2029140,139,14518
1830,4,0,16,9,53202120,3667,2029140,139,14522
1831,9,0,18,7,53241060,3668,2029140,139,14531
1832,11,0,19,6,53263440,3667,2029140,139,14542
1833,4,0,13,12,53298660,3667,2029140,139,14546
1834,16,2,25,0,53307900,3667,2029140,139,14562
1835,10,0,20,5,53360520,3666,2033700,139,14572
1836,9,0,19,6,53398920,3667,2033700,139,14581
1837,14,0,23,2,53434080,3666,2034780,139,14595
1838,8,0,22,3,53479080,3667,2035500,139,14603
1839,14,1,22,3,53523600,3667,2037300,139,14617
1840,7,0,21,4,53562540,3667,2037780,139,14624
1841,5,0,17,8,53613240,3669,2037780,139,14629
1842,7,0,16,9,53641440,3669,2037780,139,14636
1843,12,0,21,4,53654400,3668,2037780,139,14648
1844,7,0,17,8,53696760,3668,2037780,139,14655
1845,5,0,13,12,53733840,3668,2037780,139,14660
1846,6,0,14,11,53742540,3667,2037780,138,14666
1847,6,0,15,10,53757300,3667,2037780,138,14672
1848,5,0,14,11,53773740,3667,2037780,138,14677
1849,6,0,17,8,53780520,3667,2037780,138,14683
1850,5,0,17,8,53800260,3667,2037780,138,14688
1851,6,0,16,9,53827440,3667,2037780,138,14694
1852,1,0,13,12,53854140,3668,2037780,138,14695
1853,8,0,16,9,53869620,3667,2037780,138,14703
1854,3,0,14,11,53889000,3667,2037780,138,14706
1855,8,0,15,10,53908080,3667,2037780,138,14714
1856,8,0,15,10,53930340,3666,2037780,138,14722
1857,7,0,17,8,53948220,3666,2037780,138,14729
1858,10,0,19,6,53970780,3666,2037780,138,14739
1859,7,0,19,6,53995620,3666,2037780,138,14746
1860,10,0,19,6,54019620,3665,2037780,138,14756
1861,6,0,16,9,54055080,3665,2037780,138,14762
1862,6,0,18,7,54079920,3666,2037780,137,14768
1863,7,0,17,8,54111420,3666,2037780,137,14775
1864,11,0,24,1,54124020,3666,2037780,137,14786
1865,10,0,24,1,54166800,3666,2038020,137,14796
1866,8,0,19,6,54223080,3667,2038020,137,14804
1867,7,0,16,9,54249780,3666,2038020,137,14811
1868,7,0,17,8,54273720,3666,2038020,137,14818
1869,5,0,18,7,54292440,3667,2038020,137,14823
1870,7,0,20,5,54317040,3667,2038020,137,14830
1871,4,0,15,10,54356040,3667,2038020,137,14834
1872,4,0,15,10,54371040,3668,2038020,137,14838
1873,12,1,20,5,54387000,3667,2040060,137,14850
1874,6,3,18,7,54415920,3668,2044440,137,14856
1875,6,0,19,6,54458040,3668,2050260,137,14862
1876,7,0,18,7,54480420,3668,2050260,137,14869
1877,3,0,14,11,54523620,3669,2050260,137,14872
1878,8,0,17,8,54533760,3669,2050260,137,14880
1879,8,0,20,5,54545940,3668,2050260,137,14888
1880,5,0,16,9,54581760,3668,2050260,137,14893
1881,11,0,21,4,54601320,3668,2050260,137,14904
1882,7,0,16,9,54642180,3668,2050260,137,14911
1883,9,0,20,5,54662520,3668,2050260,137,14920
1884,7,0,19,6,54692940,3668,2050260,137,14927
1885,11,0,24,1,54716940,3668,2050260,137,14938
1886,11,0,22,3,54771720,3669,2050440,137,14949
1887,9,0,20,5,54801180,3668,2050440,137,14958
1888,5,0,15,10,54850740,3669,2050440,137,14963
1889,12,0,21,4,54868680,3669,2050440,136,14975
1890,10,0,20,5,54905700,3668,2051760,136,14985
1891,8,0,20,5,54937140,3669,2051760,136,14993
1892,11,0,19,6,54983940,3669,2051760,136,15004
1893,6,0,16,9,55011360,3668,2051760,136,15010
1894,8,0,18,7,55041060,3669,2051760,136,15018
1895,9,0,20,5,55066860,3669,2051760,136,15027
1896,2,0,16,9,55085100,3669,2051760,136,15029
1897,6,0,15,10,55122300,3669,2051760,136,15035
1898,5,0,16,9,55133280,3669,2051760,136,15040
1899,6,0,14,11,55158000,3669,2051760,136,15046
1900,7,0,19,6,55161300,3669,2051760,136,15053
1901,7,0,17,8,55192380,3668,2051760,136,15060
1902,11,0,19,6,55226460,3669,2051760,136,15071
1903,4,0,17,8,55243920,3668,2051760,136,15075
1904,9,0,18,7,55281480,3669,2051760,136,15084
1905,9,0,18,7,55303020,3668,2051760,135,15093
1906,8,0,16,9,55338420,3668,2051760,135,15101
1907,6,0,16,9,55365540,3668,2051760,135,15107
1908,14,0,22,3,55378200,3667,2051760,135,15121
1909,13,6,19,6,55402320,3666,2052000,135,15134
1910,12,5,25,0,55427880,3666,2063820,136,15146
1911,5,0,18,7,55497480,3667,2080440,137,15151
1912,6,0,15,10,55534860,3667,2080440,137,15157
1913,7,0,16,9,55562220,3667,2080440,137,15164
1914,12,0,21,4,55575720,3667,2080440,137,15176
1915,6,0,17,8,55612380,3667,2080440,137,15182
1916,6,0,15,10,55643220,3667,2080440,136,15188
1917,7,0,16,9,55653900,3666,2080440,136,15195
1918,6,0,15,10,55670940,3665,2080440,136,15201
1919,5,0,12,13,55694220,3665,2080440,136,15206
1920,8,0,17,8,55704720,3665,2080440,136,15214
1921,8,3,18,7,55718880,3665,2081040,136,15222
1922,7,4,20,5,55744380,3666,2088780,137,15229
1923,5,0,13,12,55793040,3665,2099040,137,15234
1924,2,0,12,13,55804200,3665,2099040,137,15236
1925,5,0,15,10,55812720,3665,2099040,137,15241
1926,12,0,19,6,55827240,3664,2099040,137,15253
1927,8,0,19,6,55846980,3664,2099040,137,15261
1928,6,0,17,8,55876500,3664,2099040,137,15267
1929,11,4,18,7,55895340,3663,2100600,137,15278
1930,12,13,18,7,55917060,3664,2102760,137,15290
1931,14,23,18,7,55948080,3665,2112420,138,15304
1932,9,22,25,0,55977660,3666,2159640,141,15313
1933,9,27,25,0,56003400,3667,2179260,142,15322
1934,15,27,25,0,56088060,3669,2268540,147,15337
1935,13,26,25,0,56135820,3669,2326080,151,15350
1936,5,0,25,0,56204340,3666,2620800,170,15355
1937,11,0,19,6,56234760,3664,2621100,170,15366
1938,10,0,20,5,56275620,3664,2621100,170,15376
1939,4,0,15,10,56314860,3665,2621100,170,15380
1940,7,0,16,9,56330520,3664,2621100,170,15387
1941,4,0,15,10,56345340,3664,2621100,170,15391
1942,5,0,15,10,56359920,3664,2621100,170,15396
1943,4,0,14,11,56374200,3663,2621100,170,15400
1944,7,0,15,10,56397300,3664,2621100,170,15407
1945,5,0,14,11,56417760,3663,2621100,170,15412
1946,5,0,14,11,56431140,3663,2621100,170,15417
1947,4,0,15,10,56440740,3663,2621100,169,15421
1948,5,0,17,8,56448780,3663,2621100,169,15426
1949,4,0,16,9,56472060,3663,2621100,169,15430
1950,8,0,17,8,56487300,3663,2621100,169,15438
1951,9,0,15,10,56520060,3662,2621100,169,15447
1952,3,0,12,13,56540160,3662,2621100,169,15450
1953,14,0,20,5,56556660,3662,2621100,169,15464
1954,8,0,17,8,56592720,3661,2621100,169,15472
1955,5,0,15,10,56611500,3661,2621100,169,15477
1956,16,0,23,2,56625600,3660,2621100,169,15493
1957,14,2,25,0,56656320,3659,2622120,169,15507
1958,9,0,13,12,56726400,3659,2623620,169,15516
1959,14,0,21,4,56741580,3658,2623620,168,15530
1960,8,0,21,4,56767740,3658,2623620,168,15538
1961,9,0,23,2,56803200,3659,2623620,168,15547
1962,8,0,17,8,56866560,3659,2624100,168,15555
1963,6,0,16,9,56890200,3659,2624100,168,15561
1964,6,0,17,8,56907060,3659,2624100,168,15567
1965,6,0,16,9,56936760,3659,2624100,168,15573
1966,7,0,16,9,56954520,3659,2624100,168,15580
1967,6,0,13,12,56989560,3659,2624100,168,15586
1968,9,0,16,9,57000060,3658,2624100,168,15595
1969,5,0,15,10,57023700,3658,2624100,168,15600
1970,5,0,13,12,57042780,3658,2624100,168,15605
1971,5,0,16,9,57048360,3658,2624100,168,15610
1972,7,0,13,12,57076020,3657,2624100,168,15617
1973,3,0,14,11,57083220,3657,2624100,167,15620
1974,7,0,15,10,57104460,3657,2624100,167,15627
1975,8,0,19,6,57118500,3657,2624100,167,15635
1976,9,0,17,8,57153840,3657,2624100,167,15644
1977,15,1,25,0,57166560,3656,2624100,167,15659
1978,12,0,23,2,57201060,3655,2624940,167,15671
1979,8,0,20,5,57240660,3655,2624940,167,15679
1980,18,2,25,0,57292380,3656,2625240,167,15697
1981,13,9,21,4,57334980,3656,2629620,167,15710
1982,14,22,17,8,57368520,3657,2632260,167,15724
1983,8,20,21,4,57417900,3659,2665740,169,15732
1984,12,25,23,2,57437760,3659,2683380,170,15744
1985,4,20,22,3,57497280,3660,2721240,172,15748
1986,13,28,19,6,57526020,3660,2737140,173,15761
1987,17,31,25,0,57580800,3662,2809080,178,15778
1988,3,24,25,0,57610020,3661,2894280,183,15781
1989,5,0,16,9,57684840,3657,3289320,208,15786
1990,8,0,18,7,57709380,3658,3289320,208,15794
1991,7,0,18,7,57742560,3658,3289320,208,15801
1992,4,0,14,11,57769380,3658,3289320,208,15805
1993,7,0,19,6,57781260,3658,3289320,208,15812
1994,5,0,15,10,57806220,3658,3289320,207,15817
1995,8,0,18,7,57822480,3658,3289320,207,15825
1996,6,0,16,9,57846540,3657,3289320,207,15831
1997,3,0,15,10,57868500,3658,3289320,207,15834
1998,9,0,19,6,57885840,3658,3289320,207,15843
1999,3,0,16,9,57909300,3658,3289320,207,15846
2000,9,0,16,9,57928380,3657,3289320,207,15855
2001,11,0,18,7,57954840,3656,3289320,207,15866
2002,14,1,25,0,57977160,3656,3289380,207,15880
2003,12,10,18,7,58026240,3657,3293520,207,15892
2004,11,8,25,0,58049040,3657,3312660,208,15903
2005,10,0,23,2,58116480,3657,3353760,210,15913
2006,16,0,25,0,58161000,3657,3354000,210,15929
2007,12,1,25,0,58199580,3656,3359280,210,15941
2008,15,0,22,3,58264080,3656,3366780,211,15956
2009,5,0,19,6,58295760,3656,3366780,210,15961
2010,9,0,20,5,58328880,3656,3366780,210,15970
2011,6,0,19,6,58359780,3657,3366780,210,15976
2012,8,0,21,4,58385940,3657,3366780,210,15984
2013,7,0,16,9,58432980,3657,3366780,210,15991
2014,10,0,20,5,58457640,3657,3366780,210,16001
2015,3,0,14,11,58494180,3658,3366780,210,16004
2016,2,0,11,14,58511040,3658,3366780,210,16006
2017,5,0,14,11,58514520,3657,3366780,210,16011
2018,3,0,13,12,58528920,3657,3366780,210,16014
2019,6,0,14,11,58543800,3657,3366780,210,16020
2020,5,0,15,10,58556220,3657,3366780,210,16025
2021,3,0,16,9,58567440,3657,3366780,210,16028
2022,11,0,17,8,58604400,3657,3366780,209,16039
2023,4,0,17,8,58611180,3657,3366780,209,16043
2024,11,0,20,5,58648620,3657,3366780,209,16054
2025,11,0,21,4,58678320,3657,3369240,209,16065
2026,11,0,22,3,58731000,3658,3369240,209,16076
2027,7,0,20,5,58767300,3658,3369300,209,16083
2028,15,0,25,0,58811760,3659,3370740,209,16098
2029,7,0,22,3,58860360,3659,3371400,209,16105
2030,5,0,15,10,58911120,3660,3371400,209,16110
2031,6,0,16,9,58926120,3660,3371400,209,16116
2032,6,0,18,7,58944420,3660,3371400,209,16122
2033,9,0,22,3,58967640,3660,3371400,209,16131
2034,11,0,18,7,59021700,3660,3371400,208,16142
2035,8,0,15,10,59046840,3659,3371400,208,16150
2036,7,0,17,8,59071260,3659,3371400,208,16157
2037,7,0,17,8,59090160,3659,3371400,208,16164
2038,6,0,19,6,59109900,3659,3371400,208,16170
2039,6,0,14,11,59144160,3659,3371400,208,16176
2040,4,0,12,13,59162100,3659,3371400,208,16180
2041,4,0,11,14,59178180,3659,3371400,208,16184
2042,4,0,14,11,59179080,3658,3371400,208,16188
2043,5,0,17,8,59185560,3658,3371400,208,16193
2044,6,0,16,9,59210700,3658,3371400,208,16199
2045,9,0,15,10,59229060,3657,3371400,208,16208
2046,2,0,12,13,59257320,3658,3371400,207,16210
2047,12,0,21,4,59260440,3657,3371400,207,16222
2048,13,1,20,5,59291400,3656,3371400,207,16235
2049,11,9,19,6,59317800,3657,3376800,207,16246
2050,4,10,17,8,59347920,3658,3383520,208,16250
2051,14,18,19,6,59379480,3659,3396720,208,16264
2052,11,23,21,4,59408940,3660,3411120,209,16275
2053,17,31,25,0,59443980,3661,3427860,210,16292
2054,17,39,17,8,59517480,3663,3433920,210,16309
2055,9,40,19,6,59542920,3663,3451380,211,16318
2056,8,39,23,2,59562900,3664,3485580,213,16326
2057,8,36,25,0,59600040,3664,3607620,220,16334
2058,9,26,25,0,59671140,3664,3818640,233,16343
2059,15,29,25,0,59709660,3664,3860940,236,16358
2060,14,23,25,0,59767800,3663,4046400,247,16372
2061,7,6,25,0,59823300,3661,4449300,271,16379
2062,6,0,15,10,59887260,3660,4556760,278,16385
2063,5,0,16,9,59901840,3660,4556760,278,16390
2064,7,0,18,7,59927520,3660,4556760,278,16397
2065,3,0,16,9,59946900,3660,4556760,277,16400
2066,6,0,19,6,59956620,3660,4556760,277,16406
2067,6,0,17,8,59995380,3661,4556760,277,16412
2068,7,0,18,7,60010020,3660,4556760,277,16419
2069,7,0,18,7,60042720,3661,4556760,277,16426
2070,8,0,16,9,60080640,3661,4556760,277,16434
2071,14,0,22,3,60101520,3660,4556760,277,16448
2072,8,0,25,0,60116940,3660,4557480,277,16456
2073,16,5,25,0,60169680,3661,4569060,277,16472
2074,8,0,19,6,60228540,3660,4582080,278,16480
2075,13,0,24,1,60260640,3660,4582080,277,16493
2076,12,2,25,0,60300480,3661,4582080,277,16505
2077,8,0,19,6,60354960,3660,4582200,277,16513
2078,6,0,17,8,60386160,3661,4582200,277,16519
2079,7,0,17,8,60421800,3661,4582200,277,16526
2080,18,8,20,5,60450300,3661,4583760,277,16544
2081,15,18,21,4,60466800,3661,4594260,277,16559
2082,8,15,25,0,60510540,3663,4621560,279,16567
2083,15,22,23,2,60565380,3664,4628100,279,16582
2084,12,33,18,7,60600060,3664,4632120,279,16594
2085,9,38,18,7,60635220,3666,4641600,279,16603
2086,8,35,24,1,60673560,3667,4699380,283,16611
2087,12,40,25,0,60689760,3667,4711860,283,16623
2088,6,29,25,0,60779820,3669,4851000,291,16629
2089,6,3,25,0,60843360,3666,5360820,322,16635
2090,2,0,14,11,60871380,3664,5450460,327,16637
2091,7,0,17,8,60887940,3664,5450460,327,16644
2092,5,0,17,8,60901380,3664,5450460,327,16649
2093,6,0,17,8,60922080,3664,5450460,327,16655
2094,7,0,15,10,60957540,3664,5450460,327,16662
2095,7,0,16,9,60972420,3663,5450460,327,16669
2096,10,0,17,8,61003080,3663,5450460,327,16679
2097,11,0,20,5,61021260,3663,5450460,326,16690
2098,10,0,21,4,61048080,3662,5450460,326,16700
2099,11,0,21,4,61091160,3662,5450460,326,16711
2100,8,0,21,4,61122960,3663,5450460,326,16719
2101,13,0,24,1,61166460,3663,5450460,325,16732
2102,14,4,25,0,61203720,3663,5450460,325,16746
2103,4,0,23,2,61245420,3664,5453820,325,16750
2104,9,0,24,1,61299900,3665,5453820,325,16759
2105,9,0,19,6,61355280,3665,5453820,325,16768
2106,6,0,17,8,61389540,3666,5453820,325,16774
2107,6,0,17,8,61416780,3666,5453820,325,16780
2108,9,5,19,6,61421100,3666,5454720,325,16789
2109,9,0,21,4,61477860,3667,5466480,325,16798
2110,7,0,18,7,61509300,3666,5466480,325,16805
2111,5,0,15,10,61553460,3667,5466480,325,16810
2112,7,0,19,6,61561380,3667,5466480,325,16817
2113,6,0,16,9,61595940,3667,5466480,325,16823
2114,2,0,11,14,61618500,3667,5466480,325,16825
2115,4,0,13,12,61628640,3667,5466480,325,16829
2116,5,0,15,10,61640640,3667,5466480,324,16834
2117,5,0,18,7,61648980,3667,5466480,324,16839
2118,4,0,17,8,61670220,3667,5466480,324,16843
2119,14,2,25,0,61685580,3667,5466480,324,16857
2120,8,0,21,4,61731360,3667,5467740,324,16865
2121,16,11,19,6,61765680,3668,5470440,324,16881
2122,10,18,16,9,61809240,3669,5478060,324,16891
2123,9,21,18,7,61836480,3670,5488080,324,16900
2124,10,30,17,8,61849860,3670,5493120,325,16910
2125,8,26,25,0,61882980,3671,5594220,330,16918
2126,9,24,25,0,61943100,3672,5613600,331,16927
2127,6,13,25,0,62005140,3672,5817960,343,16933
2128,15,3,25,0,62058420,3670,5949900,351,16948
2129,8,0,21,4,62105280,3669,6002280,354,16956
2130,13,0,22,3,62152440,3670,6002340,353,16969
2131,10,0,18,7,62198580,3669,6002340,353,16979
2132,14,0,25,0,62219220,3669,6002340,353,16993
2133,5,0,16,9,62272020,3669,6002460,353,16998
2134,4,0,15,10,62297580,3669,6002460,353,17002
2135,6,0,16,9,62319780,3670,6002460,353,17008
2136,4,0,14,11,62345460,3670,6002460,353,17012
2137,6,0,15,10,62360520,3670,6002460,352,17018
2138,4,0,14,11,62379660,3670,6002460,352,17022
2139,9,0,17,8,62399760,3670,6002460,352,17031
2140,4,0,14,11,62420100,3669,6002460,352,17035
2141,6,0,12,13,62446980,3669,6002460,352,17041
2142,7,0,17,8,62448840,3669,6002460,352,17048
2143,6,0,18,7,62461200,3669,6002460,352,17054
2144,9,0,19,6,62494440,3669,6002460,352,17063
2145,8,0,15,10,62543400,3669,6002460,351,17071
2146,9,0,16,9,62567640,3669,6002460,351,17080
2147,9,0,17,8,62587020,3668,6002460,351,17089
2148,17,0,25,0,62614740,3668,6002460,351,17106
2149,10,0,23,2,62656200,3668,6002460,350,17116
2150,5,0,19,6,62692800,3668,6002460,350,17121
2151,17,3,23,2,62740800,3669,6002460,350,17138
2152,12,13,18,7,62770380,3669,6005520,350,17150
2153,7,19,15,10,62796960,3669,6010020,350,17157
2154,10,23,17,8,62834100,3671,6035640,351,17167
2155,14,36,17,8,62840100,3671,6045060,352,17181
2156,7,36,18,7,62875800,3672,6077100,353,17188
2157,11,38,25,0,62888400,3672,6107520,355,17199
2158,6,35,25,0,62947560,3674,6232560,362,17205
2159,3,20,25,0,63026700,3675,6492660,377,17208
2160,6,0,15,10,63088980,3670,6801480,395,17214
2161,1,0,13,12,63098580,3670,6801480,395,17215
2162,4,0,12,13,63114900,3670,6801480,395,17219
2163,4,0,12,13,63118860,3670,6801480,395,17223
2164,6,0,13,12,63132660,3669,6801480,395,17229
2165,8,0,17,8,63145680,3669,6801480,394,17237
2166,7,0,15,10,63169740,3669,6801480,394,17244
2167,9,0,18,7,63187680,3669,6801480,394,17253
2168,16,0,24,1,63217440,3668,6801540,394,17269
2169,9,0,20,5,63267900,3668,6807540,394,17278
2170,12,0,20,5,63315900,3668,6807540,394,17290
2171,10,0,18,7,63345360,3668,6807540,393,17300
2172,11,0,20,5,63370560,3667,6807540,393,17311
2173,11,0,21,4,63412380,3667,6807540,393,17322
2174,14,0,23,2,63449700,3667,6808140,393,17336
2175,7,0,18,7,63494940,3667,6808140,392,17343
2176,13,0,21,4,63524940,3667,6808140,392,17356
2177,12,0,25,0,63558300,3667,6808140,392,17368
2178,7,0,20,5,63601500,3667,6808380,392,17375
2179,6,0,19,6,63637860,3668,6808380,392,17381
2180,9,0,19,6,63686640,3669,6808380,391,17390
2181,4,0,16,9,63708660,3668,6808380,391,17394
2182,11,0,16,9,63749760,3668,6808380,391,17405
2183,9,0,19,6,63771600,3668,6808380,391,17414
2184,5,0,19,6,63785700,3668,6808380,391,17419
2185,5,0,17,8,63816720,3668,6808380,391,17424
2186,9,0,21,4,63847740,3669,6808440,390,17433
2187,7,0,20,5,63884220,3670,6808740,390,17440
2188,9,0,21,4,63917340,3670,6808740,390,17449
2189,4,0,14,11,63962820,3670,6808740,390,17453
2190,9,0,19,6,63973320,3670,6808740,390,17462
2191,11,0,22,3,64000740,3670,6808740,389,17473
2192,15,3,25,0,64039860,3670,6811260,389,17488
2193,12,0,24,1,64090860,3670,6814860,389,17500
2194,14,0,23,2,64145280,3670,6814980,389,17514
2195,7,0,18,7,64183380,3669,6814980,389,17521
2196,15,2,20,5,64215600,3669,6815100,388,17536
2197,6,0,20,5,64242480,3669,6818340,388,17542
2198,17,1,20,5,64288380,3668,6818580,388,17559
2199,9,5,18,7,64331460,3669,6825960,388,17568
2200,14,0,24,1,64366920,3668,6846540,389,17582
2201,7,0,14,11,64418640,3668,6846540,389,17589
2202,8,0,15,10,64439520,3667,6846540,389,17597
2203,14,0,20,5,64465320,3667,6846540,389,17611
2204,1,0,17,8,64474680,3667,6846540,389,17612
2205,9,0,19,6,64519920,3668,6846540,388,17621
2206,1,0,16,9,64542120,3668,6846540,388,17622
2207,2,0,13,12,64569960,3669,6846540,388,17624
2208,3,0,13,12,64587060,3669,6846540,388,17627
2209,2,0,11,14,64603440,3669,6846540,388,17629
2210,5,0,13,12,64611540,3669,6846540,388,17634
2211,6,0,16,9,64623180,3669,6846540,388,17640
2212,6,0,16,9,64639740,3669,6846540,388,17646
2213,5,0,16,9,64665060,3669,6846540,388,17651
2214,9,0,16,9,64693260,3669,6846540,387,17660
2215,6,0,17,8,64703760,3668,6846540,387,17666
2216,9,0,20,5,64723800,3668,6846540,387,17675
2217,10,0,21,4,64756740,3668,6846540,387,17685
2218,11,0,23,2,64789440,3668,6846540,387,17696
2219,12,0,23,2,64825320,3668,6846720,386,17708
2220,10,0,20,5,64871040,3668,6847500,386,17718
2221,10,0,23,2,64906320,3668,6847500,386,17728
2222,9,0,21,4,64951740,3668,6847680,386,17737
2223,7,0,17,8,64995240,3669,6847680,386,17744
2224,10,0,19,6,65028360,3669,6847680,385,17754
2225,8,0,18,7,65054760,3668,6847680,385,17762
2226,5,0,14,11,65080260,3668,6847680,385,17767
2227,10,0,16,9,65096760,3667,6847680,385,17777
2228,6,0,15,10,65114160,3667,6847680,385,17783
2229,4,0,16,9,65122620,3667,6847680,385,17787
2230,6,0,16,9,65147100,3667,6847680,385,17793
2231,6,0,18,7,65164200,3667,6847680,385,17799
2232,3,0,15,10,65201220,3668,6847680,384,17802
2233,10,0,16,9,65223780,3667,6847680,384,17812
2234,4,0,13,12,65247120,3667,6847680,384,17816
2235,5,0,14,11,65259120,3667,6847680,384,17821
2236,7,0,18,7,65269380,3667,6847680,384,17828
2237,4,0,19,6,65280600,3667,6847680,384,17832
2238,6,0,16,9,65320260,3667,6847680,384,17838
2239,4,0,13,12,65349540,3668,6847680,384,17842
2240,9,0,18,7,65353020,3667,6847680,383,17851
2241,8,0,19,6,65376060,3667,6847680,383,17859
2242,10,0,20,5,65410320,3667,6847680,383,17869
2243,6,0,16,9,65447460,3667,6847680,383,17875
2244,10,0,19,6,65461800,3666,6847680,383,17885
2245,9,0,16,9,65499240,3666,6847680,382,17894
2246,7,0,18,7,65514000,3666,6847680,382,17901
2247,8,0,18,7,65543040,3666,6847680,382,17909
2248,18,4,25,0,65574000,3666,6848040,382,17927
2249,4,0,22,3,65618160,3666,6854520,382,17931
2250,4,0,15,10,65671980,3667,6854520,382,17935
2251,6,0,18,7,65675940,3666,6854520,382,17941
2252,6,0,16,9,65709480,3667,6854520,382,17947
2253,4,0,16,9,65742780,3668,6854520,382,17951
2254,4,0,15,10,65759460,3668,6854520,382,17955
2255,7,0,16,9,65790420,3668,6854520,381,17962
2256,5,0,16,9,65803680,3668,6854520,381,17967
2257,6,0,15,10,65832720,3668,6854520,381,17973
2258,10,0,17,8,65862180,3668,6854520,381,17983
2259,4,0,16,9,65875500,3668,6854520,381,17987
2260,8,0,19,6,65895600,3668,6854520,381,17995
2261,6,0,16,9,65940600,3669,6854520,381,18001
2262,10,0,25,0,65942460,3668,6854520,380,18011
2263,5,0,18,7,65992380,3669,6854520,380,18016
2264,5,0,17,8,66019440,3669,6854520,380,18021
2265,6,0,13,12,66065040,3670,6854520,380,18027
2266,13,0,17,8,66075960,3668,6854520,380,18040
2267,11,0,20,5,66094800,3668,6854520,380,18051
2268,16,0,22,3,66130980,3667,6854520,379,18067
2269,12,0,22,3,66177480,3667,6854520,379,18079
2270,10,0,24,1,66212220,3667,6854520,379,18089
2271,12,0,24,1,66254520,3667,6854520,378,18101
2272,15,5,23,2,66303900,3668,6861960,379,18116
2273,7,0,21,4,66360720,3668,6875880,379,18123
2274,14,0,21,4,66408840,3668,6875880,379,18137
2275,8,0,20,5,66434040,3667,6875880,379,18145
2276,4,0,14,11,66478080,3668,6875880,379,18149
2277,11,0,23,2,66486240,3668,6875880,378,18160
2278,11,0,20,5,66529800,3667,6875880,378,18171
2279,3,0,13,12,66572280,3668,6875880,378,18174
2280,5,0,14,11,66583740,3668,6875880,378,18179
2281,5,0,16,9,66598200,3668,6875880,378,18184
2282,2,0,15,10,66616860,3668,6875880,378,18186
2283,6,0,15,10,66637260,3668,6875880,378,18192
2284,8,0,17,8,66661080,3668,6875880,378,18200
2285,7,0,18,7,66688440,3669,6875880,377,18207
2286,8,0,17,8,66724920,3669,6875880,377,18215
2287,7,0,15,10,66757260,3669,6875880,377,18222
2288,12,0,16,9,66787260,3668,6875880,377,18234
2289,13,0,23,2,66804120,3668,6875880,377,18247
2290,12,0,24,1,66828960,3667,6875880,376,18259
2291,12,8,20,5,66876180,3668,6881520,376,18271
2292,10,15,17,8,66917700,3669,6886500,376,18281
2293,11,15,24,1,66943500,3670,6923040,378,18292
2294,11,17,25,0,66977160,3670,6968940,381,18303
2295,10,4,25,0,67063800,3670,7076460,386,18313
2296,7,0,19,6,67098840,3669,7098420,387,18320
2297,5,0,15,10,67139040,3669,7098420,387,18325
2298,6,0,18,7,67150200,3669,7098420,387,18331
2299,7,0,17,8,67182540,3669,7098420,387,18338
2300,14,0,22,3,67210740,3669,7098420,387,18352
2301,7,0,19,6,67247280,3669,7098420,386,18359
2302,7,0,17,8,67286460,3669,7098420,386,18366
2303,7,0,18,7,67314480,3669,7098420,386,18373
2304,7,0,19,6,67329780,3669,7098420,386,18380
2305,2,0,11,14,67379700,3670,7098420,386,18382
2306,5,0,14,11,67383240,3670,7098420,386,18387
2307,4,0,15,10,67391220,3669,7098420,386,18391
2308,9,0,17,8,67412100,3669,7098420,386,18400
2309,8,0,16,9,67437600,3669,7098420,385,18408
2310,11,0,19,6,67461420,3668,7098420,385,18419
2311,7,0,18,7,67479840,3668,7098420,385,18426
2312,5,0,14,11,67521300,3668,7098420,385,18431
2313,7,0,14,11,67540020,3668,7098420,385,18438
2314,10,0,18,7,67557120,3668,7098420,385,18448
2315,12,3,21,4,67579500,3668,7100460,384,18460
2316,14,16,19,6,67596120,3668,7101600,384,18474
2317,7,14,22,3,67640220,3669,7133400,386,18481
2318,10,11,25,0,67693080,3670,7176240,388,18491
2319,8,0,15,10,67760940,3668,7260420,392,18499
2320,11,0,19,6,67782540,3668,7260420,392,18510
2321,11,0,19,6,67805520,3667,7260420,392,18521
2322,10,0,20,5,67828980,3666,7260420,392,18531
2323,7,0,18,7,67851720,3666,7260420,391,18538
2324,5,0,19,6,67867800,3666,7260420,391,18543
2325,6,0,16,9,67906800,3666,7260420,391,18549
2326,9,0,21,4,67925640,3666,7260420,391,18558
2327,6,0,17,8,67959240,3666,7260420,391,18564
2328,7,0,14,11,67996440,3666,7260420,391,18571
2329,4,0,15,10,68006760,3666,7260420,391,18575
2330,2,0,12,13,68029740,3666,7260420,391,18577
2331,5,0,14,11,68038920,3666,7260420,390,18582
2332,4,0,12,13,68059980,3666,7260420,390,18586
2333,3,0,11,14,68073240,3666,7260420,390,18589
2334,10,0,18,7,68079060,3666,7260420,390,18599
2335,9,0,18,7,68101140,3665,7260420,390,18608
2336,12,0,22,3,68116140,3665,7260420,390,18620
2337,7,1,18,7,68147460,3664,7261440,390,18627
2338,10,0,17,8,68201280,3665,7262220,389,18637
2339,7,0,20,5,68221140,3665,7262220,389,18644
2340,7,0,21,4,68244000,3665,7264800,389,18651
2341,13,9,18,7,68281980,3666,7267320,389,18664
2342,7,9,21,4,68312520,3667,7285500,390,18671
2343,7,1,25,0,68365800,3667,7339980,393,18678
2344,8,0,19,6,68401260,3666,7343220,393,18686
2345,9,0,21,4,68424180,3666,7343220,393,18695
2346,7,0,19,6,68459100,3666,7343220,392,18702
2347,8,0,19,6,68488380,3666,7343220,392,18710
2348,10,0,21,4,68515980,3666,7343220,392,18720
2349,8,0,22,3,68539860,3666,7343220,392,18728
2350,6,0,14,11,68593860,3666,7343220,392,18734
2351,6,0,16,9,68601060,3666,7343220,392,18740
2352,4,0,15,10,68620980,3666,7343220,392,18744
2353,5,0,16,9,68644920,3666,7343220,391,18749
2354,8,0,20,5,68656560,3666,7343220,391,18757
2355,8,0,19,6,68693880,3666,7343220,391,18765
2356,7,1,18,7,68729280,3667,7343820,391,18772
2357,5,0,16,9,68755440,3667,7345200,391,18777
2358,5,0,16,9,68778120,3667,7345200,391,18782
2359,13,0,21,4,68807220,3667,7345200,391,18795
2360,6,0,19,6,68831280,3667,7345200,390,18801
2361,6,0,16,9,68875980,3667,7345200,390,18807
2362,12,0,21,4,68903040,3667,7345200,390,18819
2363,12,0,24,1,68928180,3667,7345200,390,18831
2364,8,0,20,5,68974680,3667,7345200,390,18839
2365,10,0,19,6,69023280,3668,7345200,389,18849
2366,12,0,23,2,69043260,3667,7345200,389,18861
2367,4,0,15,10,69093420,3667,7345200,389,18865
2368,7,0,16,9,69117840,3668,7345200,389,18872
2369,11,0,20,5,69134040,3667,7345200,389,18883
2370,12,0,22,3,69161940,3667,7345200,389,18895
2371,12,0,19,6,69222240,3667,7345200,388,18907
2372,5,0,18,7,69244440,3667,7345200,388,18912
2373,11,0,21,4,69275460,3667,7345200,388,18923
2374,8,0,21,4,69307080,3667,7345200,388,18931
2375,4,0,16,9,69353280,3668,7345200,388,18935
2376,5,0,15,10,69374220,3668,7345200,388,18940
2377,3,0,12,13,69401400,3668,7345200,388,18943
2378,3,0,14,11,69402360,3668,7345200,387,18946
2379,12,0,19,6,69426000,3668,7345200,387,18958
2380,5,0,19,6,69446100,3668,7345200,387,18963
2381,9,0,20,5,69478560,3668,7345200,387,18972
2382,7,0,17,8,69519300,3668,7345200,387,18979
2383,14,0,21,4,69543540,3668,7345200,386,18993
2384,9,0,19,6,69586140,3668,7345200,386,19002
2385,5,0,18,7,69612840,3668,7345200,386,19007
2386,7,0,15,10,69648240,3668,7345200,386,19014
2387,7,0,18,7,69657840,3668,7345200,386,19021
2388,15,0,25,0,69694920,3668,7345200,386,19036
2389,12,0,21,4,69738600,3667,7348260,386,19048
2390,9,0,15,10,69799080,3668,7348260,385,19057
2391,7,0,15,10,69816300,3667,7348260,385,19064
2392,9,0,20,5,69836280,3667,7348260,385,19073
2393,8,0,19,6,69861900,3667,7348260,385,19081
2394,7,0,18,7,69896220,3667,7348260,385,19088
2395,7,0,18,7,69934500,3668,7348260,385,19095
2396,9,0,17,8,69973020,3668,7348260,384,19104
2397,6,0,17,8,69990600,3668,7348260,384,19110
2398,5,0,17,8,70004220,3668,7348260,384,19115
2399,7,0,15,10,70043340,3668,7348260,384,19122

