Hour,Arrivals,Waiting,Treating,Available Rooms,Total Treatment Time,Average Treatment Time,Total Wait Time,Average Wait Time,Total Arrivals
1,3,0,1,24,1440,720,0,0,3
2,4,0,2,23,5940,1188,0,0,7
3,5,0,4,21,10320,1290,0,0,12
4,4,0,5,20,25980,2361,0,0,16
5,6,0,5,20,43260,2544,0,0,22
6,4,0,6,19,64380,3219,0,0,26
7,7,0,6,19,83640,3097,0,0,33
8,8,0,9,16,99360,3105,0,0,41
9,12,0,8,17,139200,3093,0,0,53
10,9,0,8,17,176820,3274,0,0,62
11,13,0,12,13,201120,3192,0,0,75
12,23,0,19,6,228360,2890,0,0,98
13,9,0,9,16,303360,3095,0,0,107
14,15,0,10,15,344100,3072,0,0,122
15,11,0,12,13,366960,3032,0,0,133
16,7,0,8,17,421560,3193,0,0,140
17,9,0,5,20,446460,3100,0,0,149
18,13,0,11,14,465420,3082,0,0,162
19,7,0,7,18,512340,3162,0,0,169
20,1,0,3,22,531480,3182,0,0,170
21,7,0,4,21,546120,3156,0,0,177
22,3,0,3,22,561360,3171,0,0,180
23,12,0,4,21,589740,3136,0,0,192
24,5,0,7,18,596040,3137,0,0,197
25,6,0,5,20,617820,3120,0,0,203
26,3,0,4,21,640020,3168,0,0,206
27,5,0,5,20,657060,3189,0,0,211
28,4,0,3,22,675000,3183,0,0,215
29,4,0,3,22,692100,3204,0,0,219
30,4,0,3,22,700680,3184,0,0,223
31,8,0,10,15,706080,3194,0,0,231
32,6,0,9,16,731400,3207,0,0,237
33,11,0,9,16,774900,3242,0,0,248
34,6,0,6,19,803580,3240,0,0,254
35,8,0,6,19,829200,3239,0,0,262
36,3,0,5,20,848760,3264,0,0,265
37,8,0,7,18,863700,3246,0,0,273
38,13,0,12,13,894780,3265,0,0,286
39,7,0,9,16,928560,3269,0,0,293
40,4,0,5,20,961980,3294,0,0,297
41,8,0,6,19,975360,3262,0,0,305
42,11,0,12,13,999540,3287,0,0,316
43,10,0,10,15,1032300,3266,0,0,326
44,6,0,6,19,1074060,3294,0,0,332
45,5,0,6,19,1106100,3341,0,0,337
46,8,0,8,17,1124220,3335,0,0,345
47,8,0,7,18,1151100,3326,0,0,353
48,5,0,7,18,1174380,3345,0,0,358
49,3,0,4,21,1204200,3373,0,0,361
50,9,0,11,14,1206960,3362,0,0,370
51,7,0,9,16,1246980,3388,0,0,377
52,8,0,9,16,1280340,3405,0,0,385
53,9,0,12,13,1303620,3412,0,0,394
54,5,0,12,13,1326420,3427,0,0,399
55,10,0,10,15,1383720,3467,0,0,409
56,11,0,10,15,1426740,3479,0,0,420
57,12,0,16,9,1448940,3483,0,0,432
58,10,0,8,17,1518060,3497,0,0,442
59,12,0,11,14,1548780,3496,0,0,454
60,11,0,11,14,1585560,3492,0,0,465
61,11,0,12,13,1618860,3488,0,0,476
62,19,0,10,15,1692480,3489,0,0,495
63,6,0,8,17,1720680,3490,0,0,501
64,6,0,9,16,1747080,3508,0,0,507
65,9,0,7,18,1776480,3490,0,0,516
66,9,0,11,14,1802940,3507,0,0,525
67,10,0,9,16,1845300,3508,0,0,535
68,4,0,4,21,1882020,3517,0,0,539
69,8,0,9,16,1891140,3515,0,0,547
70,5,0,2,23,1938960,3525,0,0,552
71,5,0,5,20,1945380,3524,0,0,557
72,1,0,2,23,1966380,3536,0,0,558
73,4,0,3,22,1969380,3523,0,0,562
74,3,0,5,20,1971180,3519,0,0,565
75,3,0,4,21,1998060,3542,0,0,568
76,5,0,5,20,2016360,3549,0,0,573
77,7,0,6,19,2035260,3545,0,0,580
78,4,0,6,19,2048880,3544,0,0,584
79,10,0,11,14,2067900,3546,0,0,594
80,10,0,12,13,2100060,3547,0,0,604
81,7,0,9,16,2133540,3544,0,0,611
82,10,0,11,14,2167200,3552,0,0,621
83,14,0,14,11,2195340,3535,0,0,635
84,11,0,15,10,2234520,3541,0,0,646
85,9,0,14,11,2292180,3575,0,0,655
86,16,0,15,10,2339340,3566,0,0,671
87,8,0,9,16,2389320,3566,0,0,679
88,10,0,10,15,2421000,3565,0,0,689
89,10,0,10,15,2455980,3564,0,0,699
90,7,0,8,17,2482680,3556,0,0,706
91,10,0,10,15,2514180,3561,0,0,716
92,6,0,9,16,2549700,3576,0,0,722
93,7,0,4,21,2603040,3590,0,0,729
94,4,0,5,20,2613840,3590,0,0,733
95,8,0,9,16,2630040,3592,0,0,741
96,8,0,10,15,2663400,3604,0,0,749
97,7,0,5,20,2702820,3598,0,0,756
98,6,0,8,17,2716320,3602,0,0,762
99,9,0,13,12,2733540,3606,0,0,771
100,9,0,11,14,2788440,3626,0,0,780
101,3,0,6,19,2811720,3618,0,0,783
102,5,0,5,20,2841240,3628,0,0,788
103,7,0,6,19,2855460,3619,0,0,795
104,16,0,9,16,2886000,3598,0,0,811
105,8,0,8,17,2916780,3596,0,0,819
106,16,0,13,12,2957340,3597,0,0,835
107,16,0,19,6,2987100,3590,0,0,851
108,12,0,16,9,3044880,3594,0,0,863
109,11,0,15,10,3112620,3623,0,0,874
110,11,0,8,17,3163800,3607,0,0,885
111,16,0,12,13,3207840,3608,0,0,901
112,14,0,13,12,3243300,3595,0,0,915
113,6,0,6,19,3283620,3588,0,0,921
114,8,0,8,17,3308820,3592,0,0,929
115,7,0,7,18,3339360,3594,0,0,936
116,8,0,8,17,3373800,3604,0,0,944
117,3,0,5,20,3397800,3607,0,0,947
118,6,0,8,17,3410280,3608,0,0,953
119,3,0,3,22,3443100,3612,0,0,956
120,4,0,5,20,3444360,3606,0,0,960
121,2,0,2,23,3470100,3614,0,0,962
122,12,0,7,18,3483180,3602,0,0,974
123,4,0,2,23,3496200,3582,0,0,978
124,4,0,2,23,3511440,3583,0,0,982
125,4,0,2,23,3517920,3575,0,0,986
126,6,0,6,19,3532080,3582,0,0,992
127,5,0,8,17,3539520,3578,0,0,997
128,10,0,10,15,3567300,3578,0,0,1007
129,5,0,8,17,3594720,3580,0,0,1012
130,9,0,12,13,3621720,3589,0,0,1021
131,7,0,7,18,3675360,3599,0,0,1028
132,12,0,12,13,3694740,3594,0,0,1040
133,7,0,6,19,3749760,3602,0,0,1047
134,13,0,14,11,3767700,3602,0,0,1060
135,12,0,16,9,3800100,3598,0,0,1072
136,12,0,10,15,3864660,3598,0,0,1084
137,7,0,10,15,3890880,3599,0,0,1091
138,7,0,6,19,3932880,3601,0,0,1098
139,13,0,13,12,3947880,3595,0,0,1111
140,7,0,8,17,4001460,3604,0,0,1118
141,11,0,15,10,4028040,3615,0,0,1129
142,8,0,10,15,4069920,3611,0,0,1137
143,7,0,6,19,4120680,3620,0,0,1144
144,3,0,3,22,4134840,3614,0,0,1147
145,7,0,7,18,4149000,3617,0,0,1154
146,2,0,4,21,4168920,3618,0,0,1156
147,9,0,5,20,4180980,3604,0,0,1165
148,7,0,8,17,4204800,3612,0,0,1172
149,6,0,4,21,4236120,3608,0,0,1178
150,8,0,9,16,4244340,3606,0,0,1186
151,7,0,7,18,4276860,3606,0,0,1193
152,10,0,10,15,4302180,3606,0,0,1203
153,6,0,12,13,4315920,3605,0,0,1209
154,17,0,17,8,4369680,3614,0,0,1226
155,5,0,11,14,4416840,3620,0,0,1231
156,11,0,13,12,4446600,3618,0,0,1242
157,8,0,11,14,4503540,3634,0,0,1250
158,10,0,10,15,4543920,3635,0,0,1260
159,8,0,8,17,4584480,3638,0,0,1268
160,6,0,9,16,4602840,3638,0,0,1274
161,11,0,11,14,4633380,3636,0,0,1285
162,6,0,9,16,4664040,3638,0,0,1291
163,10,0,9,16,4705800,3642,0,0,1301
164,7,0,10,15,4727640,3642,0,0,1308
165,9,0,10,15,4765080,3645,0,0,1317
166,7,0,6,19,4817820,3655,0,0,1324
167,2,0,3,22,4845960,3662,0,0,1326
168,7,0,4,21,4862100,3658,0,0,1333
169,6,0,3,22,4883340,3655,0,0,1339
170,3,0,4,21,4889220,3654,0,0,1342
171,5,0,7,18,4898220,3655,0,0,1347
172,13,0,10,15,4924620,3647,0,0,1360
173,6,0,5,20,4962000,3645,0,0,1366
174,6,0,7,18,4977180,3646,0,0,1372
175,8,0,6,19,5003220,3641,0,0,1380
176,10,0,7,18,5038260,3642,0,0,1390
177,8,0,5,20,5072460,3641,0,0,1398
178,9,0,7,18,5090520,3636,0,0,1407
179,12,0,12,13,5107140,3629,0,0,1419
180,10,0,10,15,5153580,3631,0,0,1429
181,4,0,6,19,5183160,3632,0,0,1433
182,11,0,7,18,5206800,3623,0,0,1444
183,14,0,15,10,5220300,3617,0,0,1458
184,12,0,17,8,5266200,3624,0,0,1470
185,12,0,11,14,5341260,3631,0,0,1482
186,12,0,11,14,5386620,3632,0,0,1494
187,6,0,3,22,5432880,3629,0,0,1500
188,7,0,8,17,5439720,3628,0,0,1507
189,5,0,8,17,5460240,3630,0,0,1512
190,7,0,9,16,5482920,3631,0,0,1519
191,3,0,2,23,5524680,3634,0,0,1522
192,9,0,5,20,5538900,3629,0,0,1531
193,4,0,5,20,5551500,3628,0,0,1535
194,10,0,10,15,5560080,3622,0,0,1545
195,8,0,8,17,5591160,3618,0,0,1553
196,3,0,3,22,5631240,3626,0,0,1556
197,3,0,2,23,5662140,3636,0,0,1559
198,6,0,4,21,5667420,3630,0,0,1565
199,5,0,6,19,5674200,3628,0,0,1570
200,7,0,8,17,5685420,3623,0,0,1577
201,10,0,9,16,5715660,3622,0,0,1587
202,10,0,9,16,5755620,3624,0,0,1597
203,11,0,14,11,5771280,3620,0,0,1608
204,10,0,11,14,5815740,3619,0,0,1618
205,12,0,13,12,5861160,3624,0,0,1630
206,9,0,9,16,5909040,3625,0,0,1639
207,13,0,10,15,5943180,3619,0,0,1652
208,9,0,7,18,5989320,3621,0,0,1661
209,7,0,11,14,6002820,3622,0,0,1668
210,7,0,9,16,6040380,3625,0,0,1675
211,5,0,6,19,6086460,3635,0,0,1680
212,11,0,9,16,6111840,3633,0,0,1691
213,6,0,4,21,6146220,3630,0,0,1697
214,5,0,5,20,6161340,3630,0,0,1702
215,7,0,4,21,6185340,3627,0,0,1709
216,6,0,4,21,6205200,3626,0,0,1715
217,4,0,4,21,6216000,3624,0,0,1719
218,4,0,3,22,6228000,3620,0,0,1723
219,5,0,2,23,6244920,3618,0,0,1728
220,9,0,7,18,6253500,3614,0,0,1737
221,8,0,7,18,6277860,3612,0,0,1745
222,3,0,5,20,6294600,3611,0,0,1748
223,11,0,8,17,6329820,3614,0,0,1759
224,4,0,3,22,6356280,3611,0,0,1763
225,11,0,12,13,6370500,3615,0,0,1774
226,12,0,10,15,6416400,3612,0,0,1786
227,10,0,6,19,6459000,3608,0,0,1796
228,8,0,7,18,6478920,3605,0,0,1804
229,14,0,14,11,6499500,3602,0,0,1818
230,12,0,11,14,6541560,3596,0,0,1830
231,9,0,11,14,6576480,3597,0,0,1839
232,12,0,12,13,6622620,3601,0,0,1851
233,12,0,11,14,6659940,3596,0,0,1863
234,15,0,13,12,6715920,3601,0,0,1878
235,7,0,12,13,6741240,3599,0,0,1885
236,3,0,9,16,6765660,3600,0,0,1888
237,6,0,5,20,6819540,3610,0,0,1894
238,5,0,6,19,6838320,3612,0,0,1899
239,4,0,4,21,6863580,3614,0,0,1903
240,5,0,6,19,6878760,3616,0,0,1908
241,6,0,4,21,6905100,3615,0,0,1914
242,6,0,4,21,6913680,3608,0,0,1920
243,9,0,7,18,6929220,3605,0,0,1929
244,7,0,7,18,6954720,3605,0,0,1936
245,5,0,5,20,6967680,3599,0,0,1941
246,8,0,6,19,6994920,3600,0,0,1949
247,11,0,12,13,7014180,3600,0,0,1960
248,14,0,14,11,7051260,3597,0,0,1974
249,5,0,7,18,7097040,3598,0,0,1979
250,11,0,11,14,7127280,3601,0,0,1990
251,11,0,15,10,7148460,3599,0,0,2001
252,11,0,11,14,7208760,3602,0,0,2012
253,10,0,10,15,7247700,3602,0,0,2022
254,12,0,11,14,7286040,3601,0,0,2034
255,5,0,4,21,7355760,3614,0,0,2039
256,15,0,10,15,7372200,3606,0,0,2054
257,7,0,8,17,7395780,3602,0,0,2061
258,10,0,8,17,7437240,3605,0,0,2071
259,5,0,6,19,7451340,3599,0,0,2076
260,3,0,2,23,7478760,3600,0,0,2079
261,7,0,7,18,7482480,3599,0,0,2086
262,3,0,6,19,7495080,3598,0,0,2089
263,9,0,9,16,7517280,3598,0,0,2098
264,6,0,7,18,7557840,3604,0,0,2104
265,11,0,12,13,7571820,3600,0,0,2115
266,2,0,3,22,7621680,3605,0,0,2117
267,5,0,5,20,7635840,3606,0,0,2122
268,5,0,6,19,7648260,3605,0,0,2127
269,3,0,4,21,7667760,3606,0,0,2130
270,8,0,6,19,7688880,3606,0,0,2138
271,10,0,6,19,7713420,3601,0,0,2148
272,8,0,7,18,7737720,3600,0,0,2156
273,3,0,3,22,7757040,3597,0,0,2159
274,15,0,9,16,7772940,3590,0,0,2174
275,11,0,10,15,7802040,3587,0,0,2185
276,9,0,8,17,7839540,3586,0,0,2194
277,14,0,12,13,7871400,3584,0,0,2208
278,5,0,5,20,7909500,3582,0,0,2213
279,8,0,4,21,7938720,3580,0,0,2221
280,9,0,10,15,7944900,3578,0,0,2230
281,14,0,12,13,7976520,3573,0,0,2244
282,6,0,7,18,8012820,3572,0,0,2250
283,6,0,7,18,8045880,3577,0,0,2256
284,11,0,8,17,8072700,3573,0,0,2267
285,10,0,10,15,8103240,3574,0,0,2277
286,6,0,9,16,8126760,3573,0,0,2283
287,4,0,6,19,8159340,3577,0,0,2287
288,2,0,3,22,8171280,3574,0,0,2289
289,4,0,3,22,8198820,3580,0,0,2293
290,4,0,4,21,8208840,3579,0,0,2297
291,7,0,6,19,8221680,3577,0,0,2304
292,6,0,5,20,8237340,3573,0,0,2310
293,4,0,3,22,8270520,3578,0,0,2314
294,8,0,6,19,8281140,3575,0,0,2322
295,9,0,9,16,8309040,3578,0,0,2331
296,4,0,6,19,8331180,3577,0,0,2335
297,6,0,9,16,8343180,3577,0,0,2341
298,12,0,9,16,8389140,3578,0,0,2353
299,12,0,12,13,8407740,3573,0,0,2365
300,7,0,10,15,8438760,3572,0,0,2372
301,11,0,11,14,8490120,3579,0,0,2383
302,11,0,6,19,8534820,3574,0,0,2394
303,9,0,7,18,8566740,3575,0,0,2403
304,12,0,14,11,8580720,3573,0,0,2415
305,9,0,10,15,8625480,3573,0,0,2424
306,4,0,6,19,8674200,3581,0,0,2428
307,7,0,4,21,8721480,3587,0,0,2435
308,4,0,5,20,8729700,3586,0,0,2439
309,8,0,8,17,8747160,3586,0,0,2447
310,2,0,4,21,8767140,3585,0,0,2449
311,7,0,6,19,8786340,3586,0,0,2456
312,9,0,11,14,8798160,3585,0,0,2465
313,4,0,7,18,8829780,3586,0,0,2469
314,6,0,5,20,8862240,3587,0,0,2475
315,5,0,6,19,8876460,3587,0,0,2480
316,6,0,5,20,8904180,3588,0,0,2486
317,4,0,6,19,8918040,3590,0,0,2490
318,4,0,3,22,8938200,3588,0,0,2494
319,7,0,7,18,8951220,3589,0,0,2501
320,6,0,7,18,8976240,3590,0,0,2507
321,14,0,13,12,9001680,3589,0,0,2521
322,9,0,11,14,9039960,3588,0,0,2530
323,6,0,5,20,9083640,3588,0,0,2536
324,15,0,12,13,9096120,3582,0,0,2551
325,14,0,18,7,9121740,3581,0,0,2565
326,10,0,17,8,9170820,3585,0,0,2575
327,16,0,14,11,9257280,3592,0,0,2591
328,10,0,8,17,9303060,3587,0,0,2601
329,10,0,10,15,9326340,3585,0,0,2611
330,11,0,12,13,9367380,3589,0,0,2622
331,6,0,9,16,9396180,3587,0,0,2628
332,12,0,7,18,9451380,3589,0,0,2640
333,7,0,9,16,9464700,3587,0,0,2647
334,8,0,10,15,9488640,3587,0,0,2655
335,7,0,10,15,9528360,3592,0,0,2662
336,11,0,11,14,9562020,3592,0,0,2673
337,8,0,8,17,9613920,3596,0,0,2681
338,5,0,7,18,9643140,3599,0,0,2686
339,5,0,8,17,9670440,3604,0,0,2691
340,2,0,2,23,9712200,3609,0,0,2693
341,8,0,6,19,9721560,3607,0,0,2701
342,9,0,10,15,9731880,3604,0,0,2710
343,5,0,8,17,9756180,3604,0,0,2715
344,3,0,6,19,9780840,3606,0,0,2718
345,11,0,6,19,9825960,3608,0,0,2729
346,10,0,7,18,9849000,3605,0,0,2739
347,14,0,12,13,9873120,3602,0,0,2753
348,9,0,14,11,9903600,3603,0,0,2762
349,8,0,7,18,9959160,3604,0,0,2770
350,13,0,14,11,9969960,3600,0,0,2783
351,16,0,17,8,10016400,3600,0,0,2799
352,7,0,11,14,10060860,3599,0,0,2806
353,12,0,9,16,10122360,3603,0,0,2818
354,10,0,9,16,10154580,3602,0,0,2828
355,7,0,6,19,10179780,3598,0,0,2835
356,7,0,6,19,10209480,3599,0,0,2842
357,7,0,9,16,10227300,3601,0,0,2849
358,7,0,8,17,10259460,3602,0,0,2856
359,5,0,6,19,10293540,3605,0,0,2861
360,4,0,3,22,10322760,3606,0,0,2865
361,2,0,2,23,10336320,3607,0,0,2867
362,4,0,2,23,10350120,3607,0,0,2871
363,6,0,2,23,10361220,3603,0,0,2877
364,3,0,5,20,10361220,3603,0,0,2880
365,9,0,8,17,10376880,3601,0,0,2889
366,12,0,12,13,10398780,3599,0,0,2901
367,4,0,9,16,10432320,3602,0,0,2905
368,8,0,8,17,10474920,3605,0,0,2913
369,9,0,8,17,10501980,3603,0,0,2922
370,12,0,14,11,10520280,3602,0,0,2934
371,7,0,7,18,10585320,3607,0,0,2941
372,10,0,12,13,10608240,3609,0,0,2951
373,11,0,6,19,10667580,3608,0,0,2962
374,11,0,13,12,10676220,3606,0,0,2973
375,10,0,10,15,10724760,3607,0,0,2983
376,5,0,8,17,10745400,3605,0,0,2988
377,9,0,8,17,10784820,3608,0,0,2997
378,5,0,6,19,10808040,3607,0,0,3002
379,4,0,4,21,10834500,3609,0,0,3006
380,5,0,3,22,10854000,3608,0,0,3011
381,2,0,2,23,10864440,3608,0,0,3013
382,4,0,5,20,10870560,3609,0,0,3017
383,5,0,6,19,10884660,3608,0,0,3022
384,4,0,4,21,10904580,3608,0,0,3026
385,6,0,5,20,10926240,3609,0,0,3032
386,1,0,2,23,10945620,3611,0,0,3033
387,6,0,7,18,10950540,3611,0,0,3039
388,7,0,6,19,10973280,3609,0,0,3046
389,3,0,5,20,10991040,3610,0,0,3049
390,9,0,8,17,11014500,3611,0,0,3058
391,6,0,7,18,11037060,3610,0,0,3064
392,12,0,10,15,11064720,3608,0,0,3076
393,10,0,11,14,11090220,3606,0,0,3086
394,10,0,10,15,11133900,3607,0,0,3096
395,4,0,5,20,11164260,3607,0,0,3100
396,18,0,14,11,11184360,3603,0,0,3118
397,17,0,17,8,11222700,3599,0,0,3135
398,15,0,11,14,11296080,3598,0,0,3150
399,13,0,12,13,11336880,3597,0,0,3163
400,8,0,10,15,11371380,3597,0,0,3171
401,11,0,9,16,11422140,3599,0,0,3182
402,6,0,6,19,11451720,3598,0,0,3188
403,6,0,8,17,11477460,3602,0,0,3194
404,9,0,11,14,11501700,3603,0,0,3203
405,11,0,10,15,11540520,3601,0,0,3214
406,6,0,6,19,11574600,3601,0,0,3220
407,5,0,3,22,11607780,3602,0,0,3225
408,10,0,10,15,11620740,3603,0,0,3235
409,6,0,10,15,11640720,3602,0,0,3241
410,4,0,6,19,11681880,3606,0,0,3245
411,10,0,9,16,11704080,3605,0,0,3255
412,5,0,7,18,11729220,3605,0,0,3260
413,7,0,7,18,11751540,3604,0,0,3267
414,11,0,10,15,11783400,3605,0,0,3278
415,15,0,14,11,11816520,3603,0,0,3293
416,4,0,10,15,11842500,3602,0,0,3297
417,13,0,10,15,11899200,3605,0,0,3310
418,3,0,1,24,11938920,3604,0,0,3313
419,11,0,9,16,11947800,3604,0,0,3324
420,15,0,11,14,11974800,3598,0,0,3339
421,12,0,11,14,12020880,3599,0,0,3351
422,7,0,10,15,12047820,3598,0,0,3358
423,16,0,13,12,12097860,3599,0,0,3374
424,9,0,13,12,12126120,3598,0,0,3383
425,9,0,11,14,12159180,3596,0,0,3392
426,8,0,11,14,12203880,3601,0,0,3400
427,10,0,8,17,12257160,3602,0,0,3410
428,5,0,5,20,12281700,3601,0,0,3415
429,6,0,6,19,12293640,3599,0,0,3421
430,6,0,6,19,12308580,3597,0,0,3427
431,2,0,3,22,12329400,3598,0,0,3429
432,6,0,6,19,12342960,3599,0,0,3435
433,3,0,5,20,12354180,3598,0,0,3438
434,3,0,4,21,12369660,3598,0,0,3441
435,3,0,4,21,12388260,3601,0,0,3444
436,10,0,8,17,12399540,3598,0,0,3454
437,4,0,7,18,12419520,3598,0,0,3458
438,8,0,6,19,12461220,3601,0,0,3466
439,8,0,9,16,12474360,3600,0,0,3474
440,7,0,8,17,12507180,3601,0,0,3481
441,20,0,14,11,12546960,3598,0,0,3501
442,17,0,19,6,12576780,3594,0,0,3518
443,15,0,12,13,12664500,3596,0,0,3533
444,8,0,13,12,12694680,3598,0,0,3541
445,8,0,6,19,12767160,3603,0,0,3549
446,11,0,11,14,12784020,3602,0,0,3560
447,11,0,12,13,12814980,3600,0,0,3571
448,9,0,10,15,12864180,3603,0,0,3580
449,6,0,6,19,12908640,3605,0,0,3586
450,10,0,9,16,12935460,3606,0,0,3596
451,9,0,9,16,12963120,3604,0,0,3605
452,7,0,5,20,12994200,3602,0,0,3612
453,3,0,3,22,13014900,3603,0,0,3615
454,8,0,4,21,13032180,3601,0,0,3623
455,8,0,6,19,13045920,3598,0,0,3631
456,7,0,7,18,13059780,3596,0,0,3638
457,7,0,7,18,13089780,3598,0,0,3645
458,6,0,6,19,13116660,3598,0,0,3651
459,4,0,5,20,13124040,3595,0,0,3655
460,8,0,9,16,13147440,3598,0,0,3663
461,3,0,6,19,13162740,3596,0,0,3666
462,4,0,4,21,13191480,3598,0,0,3670
463,5,0,5,20,13202400,3597,0,0,3675
464,8,0,6,19,13225980,3596,0,0,3683
465,13,0,13,12,13240380,3594,0,0,3696
466,11,0,11,14,13275420,3591,0,0,3707
467,9,0,6,19,13331880,3593,0,0,3716
468,12,0,12,13,13346220,3591,0,0,3728
469,12,0,17,8,13370160,3591,0,0,3740
470,12,0,13,12,13444980,3595,0,0,3752
471,10,0,14,11,13478280,3596,0,0,3762
472,15,0,15,10,13530180,3596,0,0,3777
473,6,0,9,16,13585920,3599,0,0,3783
474,7,0,9,16,13619760,3602,0,0,3790
475,9,0,7,18,13656900,3601,0,0,3799
476,6,0,8,17,13672620,3600,0,0,3805
477,5,0,5,20,13701000,3600,0,0,3810
478,9,0,10,15,13717860,3601,0,0,3819
479,5,0,5,20,13758420,3602,0,0,3824
480,7,0,5,20,13784580,3602,0,0,3831
481,6,0,5,20,13810440,3603,0,0,3837
482,7,0,9,16,13822680,3604,0,0,3844
483,5,0,5,20,13858680,3605,0,0,3849
484,9,0,8,17,13881900,3605,0,0,3858
485,9,0,9,16,13898040,3602,0,0,3867
486,9,0,9,16,13931040,3602,0,0,3876
487,13,0,12,13,13963260,3601,0,0,3889
488,13,0,12,13,13994880,3597,0,0,3902
489,9,0,10,15,14036520,3598,0,0,3911
490,11,0,9,16,14088540,3600,0,0,3922
491,11,0,11,14,14128380,3602,0,0,3933
492,9,0,9,16,14161440,3600,0,0,3942
493,7,0,6,19,14192340,3599,0,0,3949
494,10,0,6,19,14219520,3597,0,0,3959
495,9,0,7,18,14244540,3596,0,0,3968
496,11,0,6,19,14279520,3594,0,0,3979
497,8,0,5,20,14307660,3593,0,0,3987
498,9,0,9,16,14327520,3593,0,0,3996
499,8,0,8,17,14362020,3594,0,0,4004
500,5,0,5,20,14388600,3593,0,0,4009
501,9,0,6,19,14420040,3594,0,0,4018
502,5,0,6,19,14439180,3594,0,0,4023
503,5,0,2,23,14468400,3593,0,0,4028
504,4,0,3,22,14478060,3593,0,0,4032
505,8,0,8,17,14481900,3591,0,0,4040
506,5,0,5,20,14515860,3593,0,0,4045
507,7,0,6,19,14540280,3593,0,0,4052
508,2,0,6,19,14554020,3595,0,0,4054
509,4,0,5,20,14566560,3594,0,0,4058
510,10,0,7,18,14592420,3593,0,0,4068
511,5,0,7,18,14609520,3593,0,0,4073
512,9,0,8,17,14646300,3595,0,0,4082
513,10,0,12,13,14671140,3595,0,0,4092
514,7,0,6,19,14715060,3595,0,0,4099
515,14,0,11,14,14739840,3593,0,0,4113
516,12,0,12,13,14773380,3591,0,0,4125
517,16,0,16,9,14811840,3590,0,0,4141
518,16,0,12,13,14885460,3591,0,0,4157
519,10,0,14,11,14915640,3591,0,0,4167
520,8,0,8,17,14969460,3592,0,0,4175
521,13,0,15,10,14986020,3591,0,0,4188
522,8,0,6,19,15044580,3590,0,0,4196
523,6,0,9,16,15051900,3589,0,0,4202
524,5,0,4,21,15103260,3593,0,0,4207
525,6,0,6,19,15115320,3592,0,0,4213
526,4,0,7,18,15125880,3592,0,0,4217
527,5,0,6,19,15151260,3593,0,0,4222
528,10,0,12,13,15172980,3595,0,0,4232
529,2,0,6,19,15197640,3594,0,0,4234
530,7,0,2,23,15240780,3595,0,0,4241
531,4,0,4,21,15246960,3595,0,0,4245
532,8,0,10,15,15256080,3595,0,0,4253
533,9,0,6,19,15281760,3590,0,0,4262
534,15,0,11,14,15307740,3588,0,0,4277
535,8,0,6,19,15359460,3589,0,0,4285
536,8,0,8,17,15376440,3588,0,0,4293
537,12,0,14,11,15398880,3588,0,0,4305
538,9,0,9,16,15450060,3588,0,0,4314
539,10,0,11,14,15488580,3591,0,0,4324
540,6,0,5,20,15527400,3590,0,0,4330
541,10,0,10,15,15552360,3591,0,0,4340
542,10,0,10,15,15577320,3589,0,0,4350
543,7,0,4,21,15616320,3587,0,0,4357
544,9,0,7,18,15638520,3587,0,0,4366
545,17,0,14,11,15661680,3584,0,0,4383
546,7,0,11,14,15697680,3584,0,0,4390
547,7,0,5,20,15758520,3588,0,0,4397
548,8,0,8,17,15774960,3587,0,0,4405
549,6,0,5,20,15797340,3585,0,0,4411
550,6,0,5,20,15820200,3585,0,0,4417
551,6,0,7,18,15834600,3585,0,0,4423
552,5,0,7,18,15856860,3586,0,0,4428
553,3,0,6,19,15876120,3587,0,0,4431
554,1,0,3,22,15903960,3590,0,0,4432
555,7,0,8,17,15907260,3589,0,0,4439
556,7,0,6,19,15945660,3591,0,0,4446
557,8,0,9,16,15959880,3590,0,0,4454
558,10,0,9,16,15993600,3590,0,0,4464
559,7,0,7,18,16014240,3587,0,0,4471
560,5,0,6,19,16029420,3586,0,0,4476
561,9,0,4,21,16071180,3586,0,0,4485
562,10,0,7,18,16087920,3584,0,0,4495
563,18,0,17,8,16103160,3581,0,0,4513
564,14,0,14,11,16153500,3579,0,0,4527
565,9,0,12,13,16185960,3577,0,0,4536
566,11,0,11,14,16248420,3582,0,0,4547
567,13,0,12,13,16288860,3581,0,0,4560
568,15,0,12,13,16330740,3578,0,0,4575
569,11,0,9,16,16389480,3580,0,0,4586
570,5,0,6,19,16408740,3578,0,0,4591
571,10,0,8,17,16438080,3578,0,0,4601
572,6,0,4,21,16474020,3578,0,0,4607
573,4,0,3,22,16492080,3579,0,0,4611
574,5,0,6,19,16502520,3579,0,0,4616
575,5,0,6,19,16521060,3579,0,0,4621
576,2,0,2,23,16545000,3580,0,0,4623
577,1,0,2,23,16548000,3580,0,0,4624
578,9,0,6,19,16561380,3579,0,0,4633
579,9,0,7,18,16571280,3575,0,0,4642
580,7,0,7,18,16592880,3574,0,0,4649
581,4,0,3,22,16628460,3576,0,0,4653
582,6,0,5,20,16640280,3575,0,0,4659
583,13,0,13,12,16654140,3574,0,0,4672
584,10,0,10,15,16691880,3572,0,0,4682
585,11,0,14,11,16712100,3571,0,0,4693
586,9,0,13,12,16755000,3573,0,0,4702
587,8,0,13,12,16794420,3575,0,0,4710
588,8,0,10,15,16844640,3577,0,0,4718
589,11,0,10,15,16876500,3576,0,0,4729
590,13,0,15,10,16920840,3579,0,0,4742
591,11,0,10,15,16965600,3576,0,0,4753
592,9,0,9,16,17023080,3581,0,0,4762
593,12,0,13,12,17041740,3579,0,0,4774
594,8,0,8,17,17084100,3578,0,0,4782
595,13,0,10,15,17122440,3578,0,0,4795
596,5,0,9,16,17145720,3578,0,0,4800
597,11,0,9,16,17195820,3580,0,0,4811
598,3,0,5,20,17220840,3580,0,0,4814
599,5,0,6,19,17236740,3581,0,0,4819
600,5,0,7,18,17251860,3581,0,0,4824
601,5,0,7,18,17276220,3582,0,0,4829
602,12,0,9,16,17314620,3583,0,0,4841
603,4,0,6,19,17331780,3581,0,0,4845
604,6,0,5,20,17373420,3585,0,0,4851
605,9,0,7,18,17390340,3583,0,0,4860
606,6,0,5,20,17414700,3582,0,0,4866
607,8,0,6,19,17437140,3581,0,0,4874
608,4,0,2,23,17456100,3580,0,0,4878
609,11,0,9,16,17462160,3578,0,0,4889
610,5,0,9,16,17475840,3577,0,0,4894
611,13,0,10,15,17518320,3577,0,0,4907
612,10,0,10,15,17554260,3577,0,0,4917
613,10,0,10,15,17593320,3578,0,0,4927
614,10,0,7,18,17641200,3578,0,0,4937
615,7,0,10,15,17665320,3580,0,0,4944
616,15,0,12,13,17709300,3579,0,0,4959
617,9,0,12,13,17737560,3579,0,0,4968
618,8,0,7,18,17791740,3580,0,0,4976
619,11,0,11,14,17822400,3581,0,0,4987
620,8,0,11,14,17845020,3580,0,0,4995
621,8,0,8,17,17902800,3584,0,0,5003
622,3,0,5,20,17923200,3583,0,0,5006
623,2,0,2,23,17948100,3585,0,0,5008
624,6,0,8,17,17948100,3585,0,0,5014
625,7,0,7,18,17978580,3585,0,0,5021
626,6,0,3,22,18001080,3583,0,0,5027
627,7,0,7,18,18013920,3583,0,0,5034
628,3,0,4,21,18030960,3582,0,0,5037
629,9,0,6,19,18060720,3583,0,0,5046
630,6,0,7,18,18078000,3583,0,0,5052
631,7,0,9,16,18096060,3583,0,0,5059
632,4,0,6,19,18122340,3583,0,0,5063
633,12,0,10,15,18145200,3582,0,0,5075
634,11,0,11,14,18181620,3582,0,0,5086
635,14,0,19,6,18207720,3583,0,0,5100
636,15,0,18,7,18275520,3585,0,0,5115
637,9,0,13,12,18329580,3586,0,0,5124
638,10,0,9,16,18385860,3587,0,0,5134
639,10,0,7,18,18424860,3586,0,0,5144
640,13,0,14,11,18448200,3587,0,0,5157
641,9,0,13,12,18489120,3588,0,0,5166
642,9,0,9,16,18553560,3591,0,0,5175
643,6,0,8,17,18587340,3593,0,0,5181
644,17,0,12,13,18616860,3589,0,0,5198
645,7,0,6,19,18683100,3593,0,0,5205
646,11,0,8,17,18711420,3592,0,0,5216
647,5,0,8,17,18729720,3592,0,0,5221
648,4,0,5,20,18763260,3594,0,0,5225
649,4,0,4,21,18782160,3594,0,0,5229
650,10,0,8,17,18807120,3595,0,0,5239
651,3,0,8,17,18818040,3595,0,0,5242
652,4,0,3,22,18862620,3597,0,0,5246
653,11,0,8,17,18877740,3596,0,0,5257
654,8,0,9,16,18889080,3593,0,0,5265
655,11,0,5,20,18940920,3593,0,0,5276
656,6,0,5,20,18957960,3592,0,0,5282
657,12,0,4,21,18990960,3589,0,0,5294
658,10,0,8,17,19005900,3588,0,0,5304
659,11,0,13,12,19018380,3587,0,0,5315
660,5,0,8,17,19064280,3588,0,0,5320
661,15,0,15,10,19092900,3588,0,0,5335
662,12,0,14,11,19136340,3588,0,0,5347
663,11,0,8,17,19190280,3586,0,0,5358
664,17,0,17,8,19199280,3583,0,0,5375
665,10,0,12,13,19267500,3585,0,0,5385
666,8,0,9,16,19305240,3585,0,0,5393
667,6,0,7,18,19346940,3588,0,0,5399
668,4,0,8,17,19365480,3589,0,0,5403
669,6,0,7,18,19402860,3591,0,0,5409
670,3,0,2,23,19436100,3592,0,0,5412
671,7,0,5,20,19442040,3591,0,0,5419
672,9,0,8,17,19461660,3590,0,0,5428
673,4,0,9,16,19464360,3589,0,0,5432
674,7,0,11,14,19472400,3587,0,0,5439
675,7,0,12,13,19488660,3586,0,0,5446
676,6,0,13,12,19496460,3584,0,0,5452
677,5,0,12,13,19525440,3585,0,0,5457
678,4,0,11,14,19541400,3585,0,0,5461
679,3,0,13,12,19547520,3586,0,0,5464
680,8,0,14,11,19571040,3585,0,0,5472
681,10,0,14,11,19597680,3584,0,0,5482
682,12,0,16,9,19620600,3581,0,0,5494
683,13,0,21,4,19642980,3580,0,0,5507
684,8,0,14,11,19695960,3580,0,0,5515
685,7,0,17,8,19717320,3581,0,0,5522
686,9,0,18,7,19750920,3582,0,0,5531
687,8,0,13,12,19811640,3585,0,0,5539
688,8,0,13,12,19840320,3585,0,0,5547
689,9,0,17,8,19856160,3584,0,0,5556
690,6,0,16,9,19883340,3585,0,0,5562
691,17,0,23,2,19910820,3583,0,0,5579
692,11,0,22,3,19964400,3585,0,0,5590
693,5,0,13,12,20026440,3587,0,0,5595
694,3,0,14,11,20042100,3589,0,0,5598
695,2,0,10,15,20071020,3590,0,0,5600
696,8,0,15,10,20084220,3590,0,0,5608
697,4,0,14,11,20104500,3591,0,0,5612
698,5,0,15,10,20122200,3591,0,0,5617
699,3,0,11,14,20156340,3593,0,0,5620
700,4,0,9,16,20183280,3594,0,0,5624
701,7,0,14,11,20185080,3593,0,0,5631
702,6,0,15,10,20200320,3593,0,0,5637
703,7,0,12,13,20242500,3594,0,0,5644
704,10,0,14,11,20264940,3593,0,0,5654
705,6,0,11,14,20297100,3593,0,0,5660
706,11,0,17,8,20304900,3591,0,0,5671
707,7,0,15,10,20335680,3590,0,0,5678
708,4,0,13,12,20365740,3592,0,0,5682
709,7,0,11,14,20399400,3592,0,0,5689
710,14,0,18,7,20414940,3591,0,0,5703
711,13,0,19,6,20448000,3589,0,0,5716
712,9,0,15,10,20495460,3589,0,0,5725
713,8,0,11,14,20528640,3587,0,0,5733
714,17,0,22,3,20543400,3586,0,0,5750
715,10,0,23,2,20576160,3586,0,0,5760
716,5,0,16,9,20640840,3590,0,0,5765
717,9,0,20,5,20664720,3591,0,0,5774
718,4,0,12,13,20720220,3593,0,0,5778
719,10,0,16,9,20751420,3595,0,0,5788
720,7,0,14,11,20775360,3593,0,0,5795
721,3,0,12,13,20802780,3595,0,0,5798
722,9,0,15,10,20826720,3595,0,0,5807
723,9,0,14,11,20861820,3595,0,0,5816
724,4,0,13,12,20880660,3595,0,0,5820
725,3,0,10,15,20903880,3596,0,0,5823
726,8,0,13,12,20914260,3594,0,0,5831
727,7,0,13,12,20935620,3594,0,0,5838
728,7,0,12,13,20959560,3593,0,0,5845
729,7,0,16,9,20972880,3593,0,0,5852
730,12,0,18,7,21000840,3592,0,0,5864
731,12,0,19,6,21033480,3591,0,0,5876
732,7,0,19,6,21064260,3592,0,0,5883
733,12,0,21,4,21112020,3594,0,0,5895
734,12,0,20,5,21155760,3593,0,0,5907
735,9,0,16,9,21196200,3592,0,0,5916
736,10,0,16,9,21235500,3593,0,0,5926
737,11,0,19,6,21261540,3592,0,0,5937
738,9,0,21,4,21289080,3593,0,0,5946
739,11,0,17,8,21354540,3595,0,0,5957
740,10,0,19,6,21377460,3594,0,0,5967
741,3,0,13,12,21434640,3598,0,0,5970
742,7,0,12,13,21462660,3598,0,0,5977
743,6,0,11,14,21490080,3598,0,0,5983
744,7,0,13,12,21509520,3598,0,0,5990
745,8,0,14,11,21527100,3597,0,0,5998
746,8,0,16,9,21547440,3597,0,0,6006
747,4,0,10,15,21585660,3597,0,0,6010
748,8,0,12,13,21601980,3596,0,0,6018
749,10,0,16,9,21609720,3594,0,0,6028
750,8,0,16,9,21642840,3595,0,0,6036
751,8,0,13,12,21679440,3594,0,0,6044
752,10,0,11,14,21716820,3593,0,0,6054
753,7,0,14,11,21729780,3593,0,0,6061
754,16,0,24,1,21742500,3592,0,0,6077
755,13,0,20,5,21808140,3592,0,0,6090
756,13,5,19,6,21839520,3592,4680,0,6103
757,8,0,19,6,21871920,3590,18060,2,6111
758,12,0,16,9,21939240,3592,18060,2,6123
759,11,0,19,6,21973140,3593,18060,2,6134
760,6,0,13,12,22012860,3592,18060,2,6140
761,7,0,13,12,22046100,3594,18060,2,6147
762,8,0,16,9,22060260,3593,18060,2,6155
763,6,0,12,13,22091940,3592,18060,2,6161
764,8,0,13,12,22106640,3591,18060,2,6169
765,6,0,10,15,22135440,3590,18060,2,6175
766,6,0,11,14,22147080,3589,18060,2,6181
767,11,0,17,8,22159860,3588,18060,2,6192
768,7,0,13,12,22201800,3589,18060,2,6199
769,8,0,14,11,22232040,3589,18060,2,6207
770,5,0,12,13,22248840,3588,18060,2,6212
771,5,0,13,12,22267500,3589,18060,2,6217
772,3,0,10,15,22285920,3588,18060,2,6220
773,6,0,10,15,22301460,3587,18060,2,6226
774,7,0,11,14,22309680,3585,18060,2,6233
775,6,0,11,14,22328340,3585,18060,2,6239
776,5,0,12,13,22340400,3584,18060,2,6244
777,8,0,13,12,22351800,3582,18060,2,6252
778,10,0,15,10,22379340,3582,18060,2,6262
779,15,0,21,4,22409640,3582,18060,2,6277
780,6,0,16,9,22441620,3580,18060,2,6283
781,10,0,16,9,22487280,3582,18060,2,6293
782,12,0,21,4,22505760,3581,18060,2,6305
783,14,0,19,6,22564500,3581,18060,2,6319
784,14,0,20,5,22616400,3582,18060,2,6333
785,10,0,17,8,22662720,3582,18060,2,6343
786,8,0,19,6,22683900,3582,18060,2,6351
787,12,0,16,9,22735620,3582,18060,2,6363
788,3,0,13,12,22764720,3583,18060,2,6366
789,9,0,14,11,22796340,3583,18060,2,6375
790,3,0,11,14,22819020,3583,18060,2,6378
791,4,0,13,12,22832520,3584,18060,2,6382
792,3,0,11,14,22854660,3585,18060,2,6385
793,3,0,9,16,22875960,3586,18060,2,6388
794,3,0,9,16,22887780,3586,18060,2,6391
795,7,0,13,12,22891860,3585,18060,2,6398
796,7,0,16,9,22906020,3585,18060,2,6405
797,6,0,15,10,22928640,3584,18060,2,6411
798,6,0,14,11,22965720,3586,18060,2,6417
799,4,0,14,11,22986900,3587,18060,2,6421
800,7,0,18,7,23005200,3588,18060,2,6428
801,13,0,20,5,23049120,3589,18060,2,6441
802,13,0,24,1,23085060,3590,18060,2,6454
803,10,0,20,5,23122440,3588,18060,2,6464
804,8,0,15,10,23179860,3589,18060,2,6472
805,11,0,18,7,23218860,3591,18060,2,6483
806,7,0,15,10,23247060,3590,18060,2,6490
807,6,0,13,12,23287260,3592,18060,2,6496
808,13,0,15,10,23320140,3591,18060,2,6509
809,8,0,16,9,23336940,3589,18060,2,6517
810,10,0,18,7,23366580,3589,18060,2,6527
811,10,0,15,10,23404740,3588,18060,2,6537
812,8,0,15,10,23437680,3589,18060,2,6545
813,7,0,12,13,23466840,3588,18060,2,6552
814,8,0,14,11,23489280,3588,18060,2,6560
815,1,0,9,16,23513100,3588,18060,2,6561
816,5,0,10,15,23527020,3588,18060,2,6566
817,6,0,15,10,23530260,3588,18060,2,6572
818,3,0,13,12,23549340,3588,18060,2,6575
819,3,0,9,16,23579580,3589,18060,2,6578
820,7,0,12,13,23590020,3588,18060,2,6585
821,7,0,11,14,23606700,3587,18060,2,6592
822,9,0,14,11,23628240,3587,18060,2,6601
823,5,0,14,11,23647620,3587,18060,2,6606
824,8,0,14,11,23682300,3588,18060,2,6614
825,4,0,12,13,23703780,3588,18060,2,6618
826,7,0,14,11,23715720,3587,18060,2,6625
827,12,0,15,10,23745780,3585,18060,2,6637
828,15,0,17,8,23785320,3584,18060,2,6652
829,11,0,18,7,23821500,3584,18060,2,6663
830,7,0,14,11,23861520,3584,18060,2,6670
831,12,0,17,8,23886060,3583,18060,2,6682
832,9,0,19,6,23914380,3584,18060,2,6691
833,13,0,23,2,23962560,3586,18060,2,6704
834,7,0,19,6,24001140,3586,18060,2,6711
835,3,0,10,15,24064260,3589,18060,2,6714
836,5,0,12,13,24074160,3589,18060,2,6719
837,11,0,13,12,24092040,3586,18060,2,6730
838,4,0,12,13,24113820,3587,18060,2,6734
839,6,0,11,14,24132660,3586,18060,2,6740
840,2,0,11,14,24140820,3586,18060,2,6742
841,4,0,11,14,24151980,3586,18060,2,6746
842,6,0,11,14,24165720,3584,18060,2,6752
843,1,0,10,15,24169920,3584,18060,2,6753
844,8,0,14,11,24191280,3585,18060,2,6761
845,6,0,13,12,24208440,3584,18060,2,6767
846,10,0,17,8,24225000,3583,18060,2,6777
847,11,0,16,9,24261900,3582,18060,2,6788
848,7,0,20,5,24279720,3583,18060,2,6795
849,8,0,17,8,24333960,3585,18120,2,6803
850,12,0,25,0,24354600,3586,18120,2,6815
851,12,0,20,5,24427620,3588,18120,2,6827
852,17,0,23,2,24479760,3588,18120,2,6844
853,8,0,16,9,24534600,3589,18120,2,6852
854,9,0,14,11,24567300,3588,18120,2,6861
855,4,0,12,13,24579840,3586,18120,2,6865
856,9,0,15,10,24604620,3587,18120,2,6874
857,8,0,18,7,24621780,3587,18120,2,6882
858,11,0,16,9,24673980,3587,18120,2,6893
859,7,0,13,12,24706380,3587,18120,2,6900
860,8,0,14,11,24731160,3587,18120,2,6908
861,5,0,10,15,24771120,3588,18120,2,6913
862,4,0,9,16,24785580,3587,18120,2,6917
863,8,0,13,12,24792540,3586,18120,2,6925
864,9,0,16,9,24813180,3586,18120,2,6934
865,5,0,11,14,24840900,3585,18120,2,6939
866,12,0,17,8,24859860,3585,18120,2,6951
867,9,0,18,7,24890580,3585,18120,2,6960
868,4,0,12,13,24930600,3586,18120,2,6964
869,4,0,11,14,24944100,3585,18120,2,6968
870,7,0,14,11,24958440,3585,18120,2,6975
871,9,0,17,8,24990900,3587,18120,2,6984
872,12,0,21,4,25017660,3586,18120,2,6996
873,8,0,15,10,25073520,3587,18120,2,7004
874,8,0,14,11,25104600,3587,18120,2,7012
875,9,0,18,7,25122900,3587,18120,2,7021
876,11,0,19,6,25151760,3586,18120,2,7032
877,5,0,12,13,25206660,3588,18120,2,7037
878,10,0,18,7,25214220,3587,18120,2,7047
879,14,0,18,7,25270320,3588,18120,2,7061
880,7,0,18,7,25292340,3587,18120,2,7068
881,6,0,15,10,25323900,3587,18120,2,7074
882,11,0,18,7,25363560,3589,18120,2,7085
883,9,0,20,5,25388400,3588,18120,2,7094
884,10,0,17,8,25451460,3591,18120,2,7104
885,8,0,13,12,25492920,3591,18120,2,7112
886,7,0,16,9,25505700,3590,18120,2,7119
887,4,0,13,12,25538460,3591,18120,2,7123
888,7,0,13,12,25554900,3590,18120,2,7130
889,7,0,14,11,25584960,3591,18120,2,7137
890,5,0,10,15,25612020,3591,18120,2,7142
891,7,0,10,15,25635540,3590,18120,2,7149
892,6,0,11,14,25650480,3590,18120,2,7155
893,4,0,11,14,25660620,3589,18120,2,7159
894,9,0,15,10,25677180,3589,18120,2,7168
895,11,0,20,5,25702560,3590,18120,2,7179
896,17,0,22,3,25747980,3589,18120,2,7196
897,10,0,21,4,25798440,3590,18120,2,7206
898,11,0,17,8,25844220,3589,18120,2,7217
899,11,0,15,10,25882380,3588,18120,2,7228
900,13,0,18,7,25905000,3586,18120,2,7241
901,6,0,16,9,25943580,3587,18120,2,7247
902,8,0,15,10,25976040,3587,18120,2,7255
903,7,0,13,12,26009760,3588,18120,2,7262
904,10,0,16,9,26039100,3588,18120,2,7272
905,11,0,19,6,26056500,3587,18120,2,7283
906,2,0,13,12,26088360,3587,18120,2,7285
907,12,0,17,8,26120880,3588,18120,2,7297
908,3,0,13,12,26137500,3586,18120,2,7300
909,4,0,11,14,26172720,3588,18120,2,7304
910,7,0,15,10,26187120,3589,18120,2,7311
911,8,0,14,11,26204460,3587,18120,2,7319
912,6,0,13,12,26223240,3586,18120,2,7325
913,6,0,14,11,26243640,3586,18120,2,7331
914,2,0,10,15,26271660,3587,18120,2,7333
915,5,0,13,12,26279820,3587,18120,2,7338
916,6,0,11,14,26301120,3586,18120,2,7344
917,5,0,15,10,26308560,3587,18120,2,7349
918,9,0,14,11,26340060,3586,18120,2,7358
919,7,0,13,12,26361120,3585,18120,2,7365
920,7,0,15,10,26384340,3586,18120,2,7372
921,10,0,14,11,26414460,3585,18120,2,7382
922,8,0,16,9,26443500,3586,18120,2,7390
923,12,0,21,4,26464380,3585,18120,2,7402
924,14,0,20,5,26522460,3586,18120,2,7416
925,9,0,20,5,26549700,3585,18240,2,7425
926,13,0,17,8,26630640,3588,18240,2,7438
927,10,0,17,8,26653440,3586,18240,2,7448
928,7,0,16,9,26686320,3587,18240,2,7455
929,11,0,22,3,26707140,3587,18240,2,7466
930,6,0,17,8,26763600,3590,18240,2,7472
931,9,0,15,10,26807460,3590,18240,2,7481
932,7,0,13,12,26840040,3590,18240,2,7488
933,6,0,13,12,26866860,3591,18240,2,7494
934,3,0,11,14,26891280,3592,18240,2,7497
935,9,0,16,9,26902740,3591,18240,2,7506
936,7,0,14,11,26931540,3591,18240,2,7513
937,3,0,11,14,26951400,3591,18240,2,7516
938,2,0,9,16,26967120,3591,18240,2,7518
939,5,0,12,13,26976240,3591,18240,2,7523
940,5,0,13,12,26986800,3591,18240,2,7528
941,9,0,14,11,27007200,3589,18240,2,7537
942,7,0,14,11,27035580,3590,18240,2,7544
943,6,0,11,14,27068220,3590,18240,2,7550
944,16,0,21,4,27083820,3589,18240,2,7566
945,7,0,17,8,27114900,3588,18240,2,7573
946,7,0,15,10,27156780,3589,18240,2,7580
947,11,0,16,9,27184740,3588,18240,2,7591
948,8,0,15,10,27220200,3589,18240,2,7599
949,5,0,15,10,27234720,3588,18240,2,7604
950,7,0,12,13,27273180,3589,18240,2,7611
951,13,0,16,9,27311400,3589,18240,2,7624
952,14,0,23,2,27328380,3588,18240,2,7638
953,12,1,25,0,27361980,3588,24780,3,7650
954,10,0,21,4,27422520,3589,25380,3,7660
955,6,0,14,11,27491580,3592,25380,3,7666
956,7,0,13,12,27520380,3592,25380,3,7673
957,4,0,13,12,27541020,3593,25380,3,7677
958,4,0,12,13,27558720,3593,25380,3,7681
959,3,0,11,14,27576780,3594,25380,3,7684
960,6,0,12,13,27591180,3593,25380,3,7690
961,3,0,9,16,27609540,3593,25380,3,7693
962,5,0,9,16,27624120,3592,25380,3,7698
963,5,0,13,12,27624720,3592,25380,3,7703
964,4,0,10,15,27642540,3591,25380,3,7707
965,4,0,11,14,27658140,3591,25380,3,7711
966,6,0,12,13,27666600,3590,25380,3,7717
967,11,0,14,11,27689040,3589,25380,3,7728
968,7,0,16,9,27705840,3589,25380,3,7735
969,7,0,15,10,27740580,3590,25380,3,7742
970,7,0,17,8,27766620,3591,25380,3,7749
971,8,0,15,10,27803760,3591,25380,3,7757
972,7,0,14,11,27831840,3591,25380,3,7764
973,10,0,16,9,27873780,3592,25380,3,7774
974,7,0,17,8,27893400,3592,25380,3,7781
975,9,0,12,13,27941220,3592,25380,3,7790
976,12,0,19,6,27951420,3591,25380,3,7802
977,9,0,19,6,27982920,3591,25380,3,7811
978,9,0,16,9,28040100,3593,25380,3,7820
979,10,0,14,11,28068780,3591,25380,3,7830
980,10,0,14,11,28106880,3591,25380,3,7840
981,6,0,12,13,28132080,3591,25380,3,7846
982,11,0,17,8,28146660,3590,25380,3,7857
983,10,0,18,7,28170780,3589,25380,3,7867
984,8,0,16,9,28210500,3589,25380,3,7875
985,5,0,13,12,28236240,3589,25380,3,7880
986,3,0,10,15,28266720,3590,25380,3,7883
987,1,0,8,17,28283280,3591,25380,3,7884
988,8,0,11,14,28290300,3589,25380,3,7892
989,13,0,17,8,28305060,3588,25380,3,7905
990,10,0,19,6,28322940,3586,25380,3,7915
991,9,0,17,8,28361460,3586,25380,3,7924
992,12,0,18,7,28400820,3586,25380,3,7936
993,8,0,18,7,28432800,3587,25380,3,7944
994,12,0,17,8,28472700,3586,25380,3,7956
995,16,0,22,3,28503720,3585,25440,3,7972
996,8,0,16,9,28557120,3585,25440,3,7980
997,11,0,16,9,28584420,3584,25440,3,7991
998,7,0,13,12,28626720,3585,25440,3,7998
999,6,0,13,12,28649400,3585,25440,3,8004
1000,7,0,10,15,28687800,3585,25440,3,8011
1001,11,0,15,10,28699380,3584,25440,3,8022
1002,8,0,13,12,28730520,3583,25440,3,8030
1003,6,0,14,11,28739100,3582,25440,3,8036
1004,7,0,14,11,28768740,3583,25440,3,8043
1005,7,0,12,13,28797120,3582,25440,3,8050
1006,5,0,10,15,28819620,3582,25440,3,8055
1007,3,0,9,16,28831980,3582,25440,3,8058
1008,3,0,11,14,28832940,3581,25440,3,8061
1009,1,0,8,17,28848300,3581,25440,3,8062
1010,5,0,10,15,28858680,3581,25440,3,8067
1011,7,0,15,10,28860960,3581,25440,3,8074
1012,7,0,12,13,28888680,3580,25440,3,8081
1013,8,0,15,10,28910220,3580,25440,3,8089
1014,6,0,14,11,28932960,3580,25440,3,8095
1015,9,0,16,9,28955040,3580,25440,3,8104
1016,9,0,16,9,28982040,3579,25440,3,8113
1017,11,0,22,3,29011020,3580,29160,3,8124
1018,8,0,17,8,29076540,3583,29160,3,8132
1019,14,0,22,3,29106600,3582,29160,3,8146
1020,8,0,19,6,29146560,3582,29160,3,8154
1021,6,0,12,13,29187240,3582,29160,3,8160
1022,13,0,16,9,29215020,3581,29160,3,8173
1023,9,0,16,9,29245260,3581,29160,3,8182
1024,13,0,21,4,29265300,3580,29160,3,8195
1025,6,0,16,9,29307660,3580,29160,3,8201
1026,13,0,19,6,29344500,3580,29160,3,8214
1027,4,0,17,8,29376420,3582,29160,3,8218
1028,10,0,18,7,29413860,3582,29160,3,8228
1029,9,0,16,9,29453640,3582,29160,3,8237
1030,8,0,12,13,29502780,3583,29160,3,8245
1031,6,0,13,12,29519520,3583,29160,3,8251
1032,8,0,14,11,29545260,3583,29160,3,8259
1033,3,0,11,14,29567460,3583,29160,3,8262
1034,2,0,8,17,29590740,3584,29160,3,8264
1035,4,0,10,15,29594460,3583,29160,3,8268
1036,2,0,10,15,29596260,3583,29160,3,8270
1037,10,0,18,7,29604000,3583,29160,3,8280
1038,8,0,17,8,29628360,3582,29160,3,8288
1039,9,0,14,11,29674200,3582,29160,3,8297
1040,8,0,13,12,29708760,3582,29160,3,8305
1041,7,0,14,11,29727420,3582,29160,3,8312
1042,8,0,13,12,29760240,3582,29160,3,8320
1043,5,0,14,11,29773800,3582,29160,3,8325
1044,17,0,23,2,29803260,3582,29160,3,8342
1045,3,0,17,8,29830740,3581,29160,3,8345
1046,15,0,24,1,29876160,3583,29160,3,8360
1047,11,0,23,2,29926320,3584,29880,3,8371
1048,12,0,21,4,29979240,3585,29880,3,8383
1049,9,0,16,9,30052980,3587,29880,3,8392
1050,6,0,13,12,30075660,3586,29880,3,8398
1051,3,0,11,14,30094320,3586,29880,3,8401
1052,11,0,18,7,30112080,3587,29880,3,8412
1053,5,0,13,12,30155700,3588,29880,3,8417
1054,2,0,9,16,30178920,3588,29880,3,8419
1055,7,0,11,14,30189000,3587,29880,3,8426
1056,5,0,12,13,30195960,3586,29880,3,8431
1057,4,0,12,13,30211020,3586,29880,3,8435
1058,5,0,11,14,30232020,3586,29880,3,8440
1059,2,0,10,15,30248460,3587,29880,3,8442
1060,6,0,14,11,30262440,3588,29880,3,8448
1061,4,0,10,15,30283380,3587,29880,3,8452
1062,5,0,11,14,30296880,3587,29880,3,8457
1063,9,0,12,13,30323880,3586,29880,3,8466
1064,7,0,14,11,30335820,3586,29880,3,8473
1065,11,0,19,6,30352680,3585,29880,3,8484
1066,17,0,18,7,30410520,3584,29880,3,8501
1067,11,0,20,5,30425160,3582,29880,3,8512
1068,5,0,16,9,30458700,3582,29880,3,8517
1069,12,0,19,6,30510840,3585,29880,3,8529
1070,7,0,15,10,30538440,3583,29880,3,8536
1071,7,0,13,12,30559680,3582,29880,3,8543
1072,10,0,16,9,30595920,3583,29880,3,8553
1073,5,0,17,8,30612900,3584,29880,3,8558
1074,12,0,22,3,30644640,3585,30420,3,8570
1075,4,0,15,10,30698700,3586,31500,3,8574
1076,7,0,15,10,30736740,3588,31500,3,8581
1077,6,0,14,11,30763680,3588,31500,3,8587
1078,3,0,12,13,30790440,3589,31500,3,8590
1079,8,0,17,8,30798660,3589,31500,3,8598
1080,2,0,12,13,30835560,3590,31500,3,8600
1081,4,0,11,14,30852900,3590,31500,3,8604
1082,4,0,10,15,30869580,3590,31500,3,8608
1083,5,0,13,12,30870720,3589,31500,3,8613
1084,4,0,12,13,30895980,3590,31500,3,8617
1085,8,0,15,10,30910560,3590,31500,3,8625
1086,8,0,16,9,30934620,3589,31500,3,8633
1087,7,0,15,10,30961740,3589,31500,3,8640
1088,14,0,21,4,30993360,3590,31500,3,8654
1089,5,0,14,11,31034220,3589,31500,3,8659
1090,12,0,19,6,31059900,3589,31500,3,8671
1091,5,0,14,11,31108080,3591,31500,3,8676
1092,9,0,13,12,31150440,3592,31500,3,8685
1093,14,0,18,7,31171680,3590,31500,3,8699
1094,17,0,25,0,31201320,3590,31800,3,8716
1095,9,0,17,8,31275540,3591,31860,3,8725
1096,7,0,16,9,31310580,3592,31860,3,8732
1097,5,0,12,13,31347300,3592,31860,3,8737
1098,4,0,11,14,31378680,3594,31860,3,8741
1099,8,0,16,9,31385400,3593,31860,3,8749
1100,9,0,16,9,31412160,3593,31860,3,8758
1101,4,0,12,13,31441140,3593,31860,3,8762
1102,7,0,12,13,31473780,3594,31860,3,8769
1103,5,0,13,12,31490580,3594,31860,3,8774
1104,4,0,11,14,31510320,3594,31860,3,8778
1105,5,0,15,10,31518900,3594,31860,3,8783
1106,5,0,13,12,31548660,3595,31860,3,8788
1107,8,0,17,8,31563180,3595,31860,3,8796
1108,3,0,12,13,31596780,3595,31860,3,8799
1109,7,0,10,15,31620240,3594,31860,3,8806
1110,4,0,11,14,31636140,3595,31860,3,8810
1111,5,0,15,10,31638840,3595,31860,3,8815
1112,12,0,20,5,31662720,3595,31860,3,8827
1113,7,0,15,10,31721580,3596,31860,3,8834
1114,8,0,14,11,31753440,3596,31860,3,8842
1115,9,0,16,9,31779960,3597,31860,3,8851
1116,7,0,14,11,31810920,3596,31860,3,8858
1117,14,0,18,7,31844940,3596,31860,3,8872
1118,6,0,14,11,31874520,3595,31860,3,8878
1119,12,0,14,11,31916400,3595,31860,3,8890
1120,8,0,15,10,31935780,3595,31860,3,8898
1121,7,0,14,11,31971600,3595,31860,3,8905
1122,7,0,16,9,31983780,3595,31860,3,8912
1123,11,0,14,11,32028180,3595,31860,3,8923
1124,8,0,14,11,32067960,3596,31860,3,8931
1125,7,0,10,15,32099760,3595,31860,3,8938
1126,7,0,12,13,32113980,3594,31860,3,8945
1127,5,0,15,10,32123460,3595,31860,3,8950
1128,5,0,13,12,32151720,3595,31860,3,8955
1129,7,0,15,10,32163720,3594,31860,3,8962
1130,6,0,16,9,32182200,3594,31860,3,8968
1131,5,0,14,11,32217780,3596,31860,3,8973
1132,7,0,15,10,32233620,3595,31860,3,8980
1133,5,0,15,10,32257260,3596,31860,3,8985
1134,4,0,12,13,32298240,3597,31860,3,8989
1135,4,0,9,16,32326860,3598,31860,3,8993
1136,13,0,18,7,32342520,3598,31860,3,9006
1137,10,0,17,8,32375280,3597,31860,3,9016
1138,17,0,20,5,32413140,3596,31860,3,9033
1139,11,0,16,9,32456640,3595,31860,3,9044
1140,9,0,14,11,32493840,3594,31860,3,9053
1141,6,0,15,10,32520720,3595,31860,3,9059
1142,17,0,22,3,32541540,3594,31860,3,9076
1143,9,0,20,5,32584140,3594,31860,3,9085
1144,12,0,21,4,32626260,3594,31860,3,9097
1145,9,0,19,6,32666880,3594,31860,3,9106
1146,8,0,16,9,32718540,3596,31860,3,9114
1147,4,0,13,12,32759940,3598,31860,3,9118
1148,12,0,18,7,32788560,3598,31860,3,9130
1149,4,0,13,12,32815260,3597,31860,3,9134
1150,7,0,14,11,32844840,3598,31860,3,9141
1151,3,0,12,13,32868840,3599,31860,3,9144
1152,7,0,14,11,32891220,3599,31860,3,9151
1153,4,0,14,11,32905860,3599,31860,3,9155
1154,4,0,16,9,32920140,3600,31860,3,9159
1155,6,0,13,12,32958420,3601,31860,3,9165
1156,4,0,13,12,32972640,3601,31860,3,9169
1157,4,0,10,15,33005820,3602,31860,3,9173
1158,9,0,18,7,33006480,3601,31860,3,9182
1159,9,0,18,7,33037320,3601,31860,3,9191
1160,6,0,14,11,33073680,3601,31860,3,9197
1161,7,0,15,10,33110520,3603,31860,3,9204
1162,10,0,14,11,33149280,3603,31860,3,9214
1163,9,0,16,9,33169740,3602,31860,3,9223
1164,5,0,13,12,33200160,3602,31860,3,9228
1165,9,0,13,12,33224940,3602,31860,3,9237
1166,8,0,15,10,33252360,3602,31860,3,9245
1167,8,0,15,10,33274740,3601,31860,3,9253
1168,9,0,16,9,33297540,3601,31860,3,9262
1169,11,0,17,8,33331500,3601,31860,3,9273
1170,8,0,18,7,33366480,3602,31860,3,9281
1171,6,0,19,6,33391500,3602,31860,3,9287
1172,14,0,23,2,33428880,3603,31860,3,9301
1173,8,0,16,9,33500340,3604,31860,3,9309
1174,5,0,13,12,33533040,3605,31860,3,9314
1175,7,0,11,14,33550560,3603,31860,3,9321
1176,4,0,11,14,33571680,3604,31860,3,9325
1177,8,0,16,9,33578760,3604,31860,3,9333
1178,7,0,12,13,33613680,3603,31860,3,9340
1179,5,0,11,14,33643380,3604,31860,3,9345
1180,7,0,12,13,33653220,3603,31860,3,9352
1181,6,0,16,9,33657540,3602,31860,3,9358
1182,8,0,17,8,33687660,3603,31860,3,9366
1183,8,0,15,10,33720480,3603,31860,3,9374
1184,9,0,12,13,33753840,3601,31860,3,9383
1185,7,0,16,9,33766800,3602,31860,3,9390
1186,6,0,15,10,33793920,3602,31860,3,9396
1187,15,0,20,5,33828480,3602,31860,3,9411
1188,12,0,20,5,33866340,3601,31860,3,9423
1189,12,0,16,9,33922440,3601,31860,3,9435
1190,10,0,18,7,33956280,3602,31860,3,9445
1191,14,0,21,4,33987660,3601,32100,3,9459
1192,10,0,18,7,34046100,3602,32100,3,9469
1193,13,0,16,9,34097580,3602,32100,3,9482
1194,9,0,16,9,34121220,3601,32100,3,9491
1195,9,0,17,8,34148460,3601,32100,3,9500
1196,6,0,15,10,34183920,3601,32100,3,9506
1197,7,0,17,8,34208940,3602,32100,3,9513
1198,3,0,11,14,34255860,3603,32100,3,9516
1199,5,0,10,15,34273740,3603,32100,3,9521
1200,3,0,11,14,34278720,3603,32100,3,9524
1201,4,0,11,14,34290660,3603,32100,3,9528
1202,7,0,15,10,34300920,3603,32100,3,9535
1203,5,0,13,12,34322280,3602,32100,3,9540
1204,4,0,12,13,34351560,3603,32100,3,9544
1205,5,0,14,11,34362780,3603,32100,3,9549
1206,9,0,16,9,34381560,3603,32100,3,9558
1207,9,0,19,6,34406700,3603,32100,3,9567
1208,6,0,17,8,34439340,3603,32100,3,9573
1209,10,0,15,10,34499160,3605,32100,3,9583
1210,12,0,18,7,34525440,3605,32100,3,9595
1211,10,0,17,8,34567680,3605,32100,3,9605
1212,14,0,20,5,34608000,3605,32100,3,9619
1213,8,0,20,5,34636860,3605,32100,3,9627
1214,10,0,17,8,34703340,3607,32100,3,9637
1215,16,0,18,7,34747740,3606,32100,3,9653
1216,9,0,15,10,34790040,3606,32100,3,9662
1217,11,0,17,8,34816740,3605,32100,3,9673
1218,4,0,14,11,34842900,3605,32100,3,9677
1219,10,0,15,10,34881600,3606,32100,3,9687
1220,9,0,16,9,34901940,3605,32100,3,9696
1221,7,0,11,14,34941540,3605,32100,3,9703
1222,3,0,12,13,34952040,3605,32100,3,9706
1223,2,0,8,17,34970940,3605,32100,3,9708
1224,1,0,9,16,34970940,3605,32100,3,9709
1225,10,0,13,12,34978320,3603,32100,3,9719
1226,4,0,12,13,34992900,3603,32100,3,9723
1227,5,0,12,13,35018400,3604,32100,3,9728
1228,5,0,16,9,35021340,3604,32100,3,9733
1229,7,0,12,13,35061420,3604,32100,3,9740
1230,6,0,12,13,35081340,3604,32100,3,9746
1231,15,0,19,6,35096040,3602,32100,3,9761
1232,8,0,16,9,35132520,3602,32100,3,9769
1233,9,0,18,7,35169240,3603,32100,3,9778
1234,6,0,12,13,35214360,3603,32100,3,9784
1235,12,0,18,7,35227560,3602,32100,3,9796
1236,12,0,20,5,35259300,3602,32100,3,9808
1237,8,0,14,11,35324100,3603,32100,3,9816
1238,13,0,15,10,35351940,3602,32100,3,9829
1239,11,0,17,8,35388000,3602,32100,3,9840
1240,8,0,14,11,35418600,3601,32100,3,9848
1241,12,0,20,5,35439060,3601,32100,3,9860
1242,8,0,20,5,35472060,3601,32100,3,9868
1243,8,0,16,9,35521380,3602,32100,3,9876
1244,10,0,17,8,35552280,3602,32100,3,9886
1245,8,0,11,14,35610480,3603,32100,3,9894
1246,5,0,11,14,35616120,3601,32100,3,9899
1247,6,0,11,14,35632500,3601,32100,3,9905
1248,8,0,10,15,35660340,3600,32100,3,9913
1249,6,0,14,11,35663940,3600,32100,3,9919
1250,5,0,14,11,35683080,3600,32100,3,9924
1251,8,0,13,12,35715060,3600,32100,3,9932
1252,5,0,14,11,35726820,3600,32100,3,9937
1253,9,0,15,10,35757360,3600,32100,3,9946
1254,11,0,15,10,35793900,3600,32100,3,9957
1255,8,0,16,9,35820840,3600,32100,3,9965
1256,4,0,13,12,35851740,3601,32100,3,9969
1257,8,0,16,9,35875620,3601,32100,3,9977
1258,7,0,16,9,35912820,3602,32100,3,9984
1259,11,0,19,6,35939580,3602,32100,3,9995
1260,6,0,13,12,35983080,3602,32100,3,10001
1261,9,0,15,10,36016620,3603,32100,3,10010
1262,8,0,16,9,36033480,3602,32100,3,10018
1263,12,0,24,1,36045060,3602,32100,3,10030
1264,9,0,19,6,36107760,3603,32400,3,10039
1265,15,0,21,4,36160260,3604,32400,3,10054
1266,6,0,19,6,36198780,3605,32400,3,10060
1267,5,0,12,13,36256440,3606,32400,3,10065
1268,11,0,18,7,36282000,3607,32400,3,10076
1269,10,0,17,8,36318000,3606,32400,3,10086
1270,5,0,12,13,36356820,3607,32400,3,10091
1271,4,0,11,14,36372360,3606,32400,3,10095
1272,6,0,12,13,36391980,3607,32400,3,10101
1273,5,0,12,13,36405360,3606,32400,3,10106
1274,6,0,14,11,36426420,3607,32400,3,10112
1275,6,0,14,11,36439080,3606,32400,3,10118
1276,7,0,15,10,36465060,3606,32400,3,10125
1277,6,0,18,7,36474780,3606,32400,3,10131
1278,4,0,14,11,36521160,3608,32400,3,10135
1279,3,0,12,13,36546120,3609,32400,3,10138
1280,11,0,18,7,36564900,3609,32400,3,10149
1281,12,0,15,10,36601560,3607,32400,3,10161
1282,13,0,17,8,36627960,3606,32400,3,10174
1283,11,0,16,9,36677460,3606,32400,3,10185
1284,11,0,17,8,36711480,3606,32400,3,10196
1285,4,0,15,10,36726540,3605,32400,3,10200
1286,7,0,14,11,36757440,3606,32400,3,10207
1287,8,0,12,13,36801120,3606,32400,3,10215
1288,7,0,15,10,36808980,3606,32400,3,10222
1289,10,0,15,10,36848340,3606,32400,3,10232
1290,7,0,17,8,36873000,3607,32400,3,10239
1291,12,0,21,4,36893580,3606,32400,3,10251
1292,6,0,14,11,36954420,3607,32400,3,10257
1293,10,0,20,5,36964560,3607,32400,3,10267
1294,3,0,15,10,37001880,3608,32400,3,10270
1295,6,0,10,15,37060860,3610,32400,3,10276
1296,7,0,12,13,37071720,3609,32400,3,10283
1297,3,0,12,13,37085460,3609,32400,3,10286
1298,3,0,11,14,37101960,3609,32400,3,10289
1299,4,0,11,14,37119240,3610,32400,3,10293
1300,8,0,14,11,37134120,3609,32400,3,10301
1301,7,0,13,12,37157520,3609,32400,3,10308
1302,5,0,13,12,37172580,3608,32400,3,10313
1303,5,0,12,13,37200660,3609,32400,3,10318
1304,13,0,13,12,37220520,3607,32400,3,10331
1305,12,0,18,7,37241100,3606,32400,3,10343
1306,11,0,20,5,37269960,3606,32400,3,10354
1307,9,0,22,3,37303620,3607,32400,3,10363
1308,11,0,20,5,37361700,3608,32400,3,10374
1309,9,0,16,9,37402380,3607,32400,3,10383
1310,17,0,22,3,37444980,3608,32400,3,10400
1311,14,0,24,1,37490160,3608,40020,3,10414
1312,6,0,15,10,37554540,3609,40020,3,10420
1313,13,0,19,6,37593420,3609,40020,3,10433
1314,5,0,15,10,37620600,3609,40020,3,10438
1315,4,0,12,13,37654800,3610,40020,3,10442
1316,4,0,14,11,37660620,3610,40020,3,10446
1317,6,0,15,10,37698000,3611,40020,3,10452
1318,2,0,11,14,37723680,3612,40020,3,10454
1319,4,0,11,14,37741020,3612,40020,3,10458
1320,4,0,11,14,37756740,3612,40020,3,10462
1321,6,0,12,13,37765620,3611,40020,3,10468
1322,5,0,13,12,37786920,3612,40020,3,10473
1323,7,0,12,13,37811400,3612,40020,3,10480
1324,5,0,11,14,37827960,3611,40020,3,10485
1325,3,0,9,16,37843500,3611,40020,3,10488
1326,4,0,10,15,37856220,3611,40020,3,10492
1327,9,0,14,11,37864800,3610,40020,3,10501
1328,6,0,16,9,37880400,3610,40020,3,10507
1329,12,0,18,7,37917120,3610,40020,3,10519
1330,6,0,17,8,37945680,3611,40020,3,10525
1331,13,0,16,9,37986720,3610,40020,3,10538
1332,8,0,14,11,38025480,3610,40020,3,10546
1333,6,0,12,13,38053800,3610,40020,3,10552
1334,13,0,20,5,38067240,3609,40020,3,10565
1335,7,0,14,11,38103180,3608,40020,3,10572
1336,12,0,20,5,38118360,3608,40020,3,10584
1337,11,0,17,8,38168280,3608,40020,3,10595
1338,4,0,9,16,38217300,3608,40020,3,10599
1339,9,0,14,11,38224020,3608,40020,3,10608
1340,13,0,18,7,38245980,3607,40020,3,10621
1341,7,0,15,10,38283540,3607,40020,3,10628
1342,7,0,18,7,38309940,3608,40020,3,10635
1343,6,0,13,12,38354340,3608,40020,3,10641
1344,6,0,12,13,38382960,3609,40020,3,10647
1345,8,0,19,6,38383620,3608,40020,3,10655
1346,5,0,17,8,38396880,3607,40020,3,10660
1347,2,0,17,8,38406000,3607,40020,3,10662
1348,4,0,15,10,38447160,3609,40020,3,10666
1349,5,0,16,9,38455860,3609,40020,3,10671
1350,10,0,19,6,38472060,3608,40020,3,10681
1351,9,0,22,3,38483340,3607,40020,3,10690
1352,11,0,22,3,38527380,3607,40020,3,10701
1353,11,0,23,2,38562360,3607,40020,3,10712
1354,9,0,14,11,38610900,3606,40020,3,10721
1355,9,0,19,6,38623740,3605,40020,3,10730
1356,11,0,22,3,38652540,3605,40500,3,10741
1357,9,0,23,2,38684520,3606,40500,3,10750
1358,11,0,24,1,38725080,3606,40860,3,10761
1359,9,0,21,4,38776440,3607,40860,3,10770
1360,9,0,20,5,38814780,3607,40860,3,10779
1361,8,0,16,9,38853240,3607,40860,3,10787
1362,11,0,22,3,38868000,3606,40860,3,10798
1363,10,0,22,3,38895060,3606,40860,3,10808
1364,5,0,16,9,38940480,3606,40860,3,10813
1365,10,0,20,5,38954700,3605,40860,3,10823
1366,6,0,17,8,38982000,3605,40860,3,10829
1367,8,0,17,8,39000900,3604,40860,3,10837
1368,7,0,16,9,39022800,3603,40860,3,10844
1369,3,0,14,11,39046740,3604,40860,3,10847
1370,2,0,14,11,39054300,3604,40860,3,10849
1371,6,0,15,10,39068460,3604,40860,3,10855
1372,5,0,16,9,39081240,3603,40860,3,10860
1373,8,0,20,5,39087660,3603,40860,3,10868
1374,9,0,22,3,39108780,3602,40860,3,10877
1375,10,0,18,7,39166320,3603,41220,3,10887
1376,8,0,18,7,39193320,3603,41220,3,10895
1377,10,0,17,8,39210120,3601,41220,3,10905
1378,12,0,18,7,39239880,3600,41220,3,10917
1379,9,0,21,4,39257460,3599,41220,3,10926
1380,8,0,18,7,39293340,3599,41220,3,10934
1381,8,0,22,3,39308460,3599,41220,3,10942
1382,12,1,25,0,39337020,3599,41220,3,10954
1383,14,4,25,0,39392280,3601,44700,4,10968
1384,9,3,25,0,39437160,3601,62580,5,10977
1385,6,0,19,6,39484620,3601,68280,6,10983
1386,9,0,23,2,39520980,3602,68460,6,10992
1387,9,0,22,3,39563280,3603,68460,6,11001
1388,8,0,19,6,39607620,3603,70020,6,11009
1389,2,0,14,11,39645720,3605,70020,6,11011
1390,8,0,18,7,39655740,3604,70020,6,11019
1391,5,0,17,8,39677040,3604,70020,6,11024
1392,5,0,14,11,39708480,3604,70020,6,11029
1393,2,0,12,13,39715260,3604,70020,6,11031
1394,4,0,14,11,39724440,3604,70020,6,11035
1395,9,0,15,10,39733320,3602,70020,6,11044
1396,4,0,12,13,39746520,3601,70020,6,11048
1397,3,0,12,13,39749640,3600,70020,6,11051
1398,11,0,20,5,39761580,3600,70020,6,11062
1399,11,0,18,7,39794520,3599,70020,6,11073
1400,7,0,16,9,39819960,3599,70020,6,11080
1401,9,0,22,3,39838140,3599,70020,6,11089
1402,8,0,23,2,39864780,3599,70020,6,11097
1403,7,0,21,4,39902460,3600,70680,6,11104
1404,10,0,20,5,39949140,3600,70680,6,11114
1405,7,0,22,3,39973920,3601,70680,6,11121
1406,8,0,20,5,40006860,3601,70980,6,11129
1407,11,0,23,2,40061700,3603,70980,6,11140
1408,8,0,20,5,40103940,3603,70980,6,11148
1409,18,7,25,0,40125120,3603,72780,6,11166
1410,13,6,25,0,40202160,3606,87360,7,11179
1411,5,0,24,1,40234080,3605,118500,10,11184
1412,10,0,20,5,40294560,3606,118500,10,11194
1413,10,0,21,4,40324620,3605,118500,10,11204
1414,2,0,13,12,40368720,3606,118500,10,11206
1415,6,0,16,9,40375860,3606,118500,10,11212
1416,6,0,14,11,40395300,3605,118500,10,11218
1417,6,0,14,11,40410780,3604,118500,10,11224
1418,4,0,18,7,40410780,3604,118500,10,11228
1419,6,0,17,8,40427700,3604,118500,10,11234
1420,9,0,17,8,40466280,3604,118500,10,11243
1421,5,0,15,10,40486440,3604,118500,10,11248
1422,5,0,17,8,40497120,3604,118500,10,11253
1423,10,0,22,3,40508700,3603,118500,10,11263
1424,9,0,20,5,40549020,3603,118500,10,11272
1425,13,0,25,0,40575060,3603,118500,10,11285
1426,6,0,20,5,40612260,3603,118800,10,11291
1427,11,0,19,6,40663320,3603,118800,10,11302
1428,13,0,24,1,40684800,3603,118800,10,11315
1429,8,0,24,1,40707840,3602,118800,10,11323
1430,9,0,23,2,40764840,3604,119820,10,11332
1431,14,4,25,0,40805520,3605,120300,10,11346
1432,4,0,20,5,40850880,3605,122880,10,11350
1433,6,0,15,10,40900380,3606,122880,10,11356
1434,4,0,16,9,40908240,3606,122880,10,11360
1435,6,0,19,6,40919880,3606,122880,10,11366
1436,8,0,20,5,40947840,3606,122880,10,11374
1437,6,0,19,6,40986420,3607,122880,10,11380
1438,3,0,17,8,41007240,3607,122880,10,11383
1439,4,0,16,9,41042700,3609,122880,10,11387
1440,2,0,16,9,41049300,3609,122880,10,11389
1441,3,0,15,10,41065560,3609,122880,10,11392
1442,8,0,19,6,41087400,3610,122880,10,11400
1443,7,0,19,6,41116500,3610,122880,10,11407
1444,8,0,20,5,41147640,3611,122880,10,11415
1445,5,0,17,8,41180880,3611,122880,10,11420
1446,8,0,20,5,41205840,3612,122880,10,11428
1447,3,0,16,9,41234880,3612,122880,10,11431
1448,9,0,20,5,41257080,3612,122880,10,11440
1449,7,0,19,6,41278860,3612,122880,10,11447
1450,10,0,19,6,41308980,3611,122880,10,11457
1451,10,0,19,6,41347920,3611,122940,10,11467
1452,9,0,21,4,41376360,3612,122940,10,11476
1453,6,0,22,3,41400600,3612,122940,10,11482
1454,8,0,19,6,41447640,3613,122940,10,11490
1455,9,0,22,3,41472660,3613,122940,10,11499
1456,9,0,21,4,41498880,3612,122940,10,11508
1457,7,0,18,7,41553960,3614,122940,10,11515
1458,4,0,17,8,41568660,3614,122940,10,11519
1459,6,0,16,9,41598960,3614,122940,10,11525
1460,12,0,24,1,41605500,3613,122940,10,11537
1461,9,0,21,4,41654460,3614,122940,10,11546
1462,3,0,16,9,41684640,3614,122940,10,11549
1463,5,0,14,11,41722860,3615,122940,10,11554
1464,6,0,16,9,41728440,3614,122940,10,11560
1465,3,0,14,11,41738580,3614,122940,10,11563
1466,4,0,15,10,41755920,3614,122940,10,11567
1467,11,0,22,3,41768220,3614,122940,10,11578
1468,8,0,19,6,41801760,3613,122940,10,11586
1469,4,0,16,9,41830800,3614,122940,10,11590
1470,10,0,20,5,41852580,3614,122940,10,11600
1471,3,0,18,7,41866980,3613,122940,10,11603
1472,6,0,19,6,41899620,3615,122940,10,11609
1473,14,0,23,2,41929020,3614,122940,10,11623
1474,11,0,24,1,41963220,3614,123060,10,11634
1475,9,2,22,3,41998860,3614,123540,10,11643
1476,9,0,21,4,42052380,3615,125400,10,11652
1477,13,0,25,0,42088020,3615,126060,10,11665
1478,14,1,25,0,42132120,3615,128100,10,11679
1479,4,0,20,5,42177180,3616,130140,11,11683
1480,9,0,21,4,42212160,3616,130140,11,11692
1481,12,1,25,0,42246540,3617,130140,11,11704
1482,12,0,25,0,42296640,3617,135420,11,11716
1483,7,0,19,6,42341700,3617,135420,11,11723
1484,7,0,16,9,42389700,3618,135420,11,11730
1485,2,0,14,11,42406440,3618,135420,11,11732
1486,4,0,13,12,42419640,3618,135420,11,11736
1487,12,0,19,6,42425820,3617,135420,11,11748
1488,5,0,19,6,42440340,3616,135420,11,11753
1489,6,0,17,8,42473220,3617,135420,11,11759
1490,7,0,16,9,42495660,3616,135420,11,11766
1491,2,0,16,9,42506280,3616,135420,11,11768
1492,7,0,18,7,42522480,3616,135420,11,11775
1493,7,0,18,7,42543660,3616,135420,11,11782
1494,9,0,20,5,42568800,3616,135420,11,11791
1495,8,0,21,4,42584880,3615,135420,11,11799
1496,4,0,17,8,42629940,3616,135420,11,11803
1497,6,0,19,6,42645000,3617,135420,11,11809
1498,5,0,18,7,42660540,3616,135420,11,11814
1499,12,0,18,7,42693000,3615,135420,11,11826
1500,9,0,20,5,42719700,3615,135420,11,11835
1501,9,0,16,9,42760320,3615,135420,11,11844
1502,9,0,20,5,42775140,3614,135420,11,11853
1503,15,0,22,3,42811200,3613,135420,11,11868
1504,9,0,23,2,42832560,3613,135420,11,11877
1505,7,0,20,5,42881160,3614,135420,11,11884
1506,13,0,22,3,42925440,3614,135420,11,11897
1507,8,0,20,5,42957720,3614,135420,11,11905
1508,10,0,19,6,42994920,3614,135420,11,11915
1509,9,0,17,8,43021020,3613,135420,11,11924
1510,7,0,16,9,43056540,3613,135420,11,11931
1511,6,0,19,6,43060860,3613,135420,11,11937
1512,6,0,15,10,43097880,3613,135420,11,11943
1513,2,0,14,11,43100880,3612,135420,11,11945
1514,1,0,12,13,43123800,3613,135420,11,11946
1515,8,0,15,10,43132620,3612,135420,11,11954
1516,7,0,19,6,43139400,3612,135420,11,11961
1517,7,0,18,7,43170300,3612,135420,11,11968
1518,7,0,17,8,43192080,3611,135420,11,11975
1519,11,0,20,5,43217040,3611,135420,11,11986
1520,1,0,15,10,43245840,3612,135420,11,11987
1521,3,0,15,10,43264020,3612,135420,11,11990
1522,12,0,21,4,43277700,3612,135420,11,12002
1523,11,0,25,0,43302840,3612,135780,11,12013
1524,9,0,20,5,43355100,3612,137640,11,12022
1525,15,0,21,4,43413960,3613,137640,11,12037
1526,6,0,19,6,43437660,3612,137640,11,12043
1527,13,0,25,0,43462740,3612,137640,11,12056
1528,11,0,25,0,43498500,3612,137700,11,12067
1529,9,0,19,6,43551780,3612,137700,11,12076
1530,3,0,15,10,43587000,3612,137700,11,12079
1531,6,0,15,10,43596000,3611,137700,11,12085
1532,4,0,14,11,43625520,3612,137700,11,12089
1533,9,0,20,5,43630740,3612,137700,11,12098
1534,5,0,18,7,43652520,3612,137700,11,12103
1535,4,0,15,10,43688160,3612,137700,11,12107
1536,6,0,18,7,43706700,3613,137700,11,12113
1537,6,0,18,7,43730520,3613,137700,11,12119
1538,4,0,15,10,43747920,3613,137700,11,12123
1539,8,0,19,6,43754460,3612,137700,11,12131
1540,8,0,16,9,43795320,3612,137700,11,12139
1541,5,0,15,10,43816440,3612,137700,11,12144
1542,5,0,14,11,43838100,3612,137700,11,12149
1543,6,0,16,9,43849140,3612,137700,11,12155
1544,8,0,17,8,43863120,3611,137700,11,12163
1545,9,0,19,6,43887660,3611,137700,11,12172
1546,6,0,18,7,43910460,3611,137700,11,12178
1547,9,0,19,6,43938060,3610,137700,11,12187
1548,10,0,20,5,43964460,3610,137700,11,12197
1549,9,0,19,6,43991280,3609,137700,11,12206
1550,10,0,23,2,44024340,3610,137700,11,12216
1551,11,1,25,0,44061180,3611,138600,11,12227
1552,8,0,20,5,44109840,3611,139080,11,12235
1553,9,0,18,7,44145660,3610,139080,11,12244
1554,7,0,17,8,44178360,3611,139080,11,12251
1555,7,0,19,6,44197920,3611,139080,11,12258
1556,14,0,25,0,44223120,3610,139080,11,12272
1557,5,0,17,8,44279760,3611,139080,11,12277
1558,8,0,20,5,44296800,3611,139080,11,12285
1559,3,0,16,9,44327400,3612,139080,11,12288
1560,3,0,17,8,44338140,3612,139080,11,12291
1561,1,0,14,11,44363040,3613,139080,11,12292
1562,6,0,17,8,44380320,3613,139080,11,12298
1563,5,0,15,10,44396700,3613,139080,11,12303
1564,11,0,20,5,44403840,3611,139080,11,12314
1565,6,0,21,4,44423160,3611,139080,11,12320
1566,12,0,22,3,44464920,3612,139080,11,12332
1567,7,0,19,6,44499540,3611,139080,11,12339
1568,10,0,18,7,44532960,3611,139080,11,12349
1569,8,0,21,4,44547900,3611,139080,11,12357
1570,6,0,19,6,44593560,3612,139080,11,12363
1571,11,0,18,7,44637960,3612,139080,11,12374
1572,14,0,23,2,44656020,3611,139080,11,12388
1573,13,0,25,0,44695560,3611,140580,11,12401
1574,7,0,22,3,44740920,3612,140760,11,12408
1575,7,0,20,5,44777940,3612,140760,11,12415
1576,8,0,20,5,44797440,3611,140760,11,12423
1577,9,0,19,6,44844720,3612,141060,11,12432
1578,8,0,20,5,44880300,3613,141060,11,12440
1579,11,0,22,3,44911140,3613,141060,11,12451
1580,5,0,18,7,44948100,3613,141060,11,12456
1581,5,0,15,10,44985720,3614,141060,11,12461
1582,7,0,18,7,45004080,3614,141060,11,12468
1583,6,0,16,9,45022500,3613,141060,11,12474
1584,3,0,14,11,45040380,3613,141060,11,12477
1585,8,0,17,8,45052980,3613,141060,11,12485
1586,6,0,18,7,45077040,3613,141060,11,12491
1587,9,0,21,4,45088380,3613,141060,11,12500
1588,7,0,20,5,45128640,3614,141060,11,12507
1589,3,0,14,11,45166320,3614,141060,11,12510
1590,7,0,16,9,45179460,3614,141060,11,12517
1591,3,0,15,10,45189180,3613,141060,11,12520
1592,7,0,18,7,45206160,3613,141060,11,12527
1593,3,0,18,7,45215880,3613,141060,11,12530
1594,16,2,25,0,45244680,3614,141060,11,12546
1595,12,5,25,0,45284280,3614,145980,11,12558
1596,11,0,24,1,45351600,3615,165240,13,12569
1597,12,0,23,2,45390540,3614,165240,13,12581
1598,7,0,19,6,45428520,3614,165240,13,12588
1599,7,0,19,6,45453420,3614,165240,13,12595
1600,9,0,20,5,45478440,3613,165240,13,12604
1601,11,0,22,3,45500100,3613,165240,13,12615
1602,12,0,24,1,45553020,3614,165240,13,12627
1603,6,0,22,3,45574020,3613,165240,13,12633
1604,6,0,18,7,45624540,3614,165240,13,12639
1605,11,0,19,6,45658260,3614,165240,13,12650
1606,3,0,18,7,45678480,3615,165240,13,12653
1607,2,0,15,10,45699900,3615,165240,13,12655
1608,6,0,18,7,45711420,3615,165240,13,12661
1609,3,0,14,11,45735060,3615,165240,13,12664
1610,5,0,14,11,45759900,3615,165240,13,12669
1611,6,0,16,9,45770940,3615,165240,13,12675
1612,6,0,14,11,45793320,3615,165240,13,12681
1613,9,0,20,5,45805020,3615,165240,13,12690
1614,6,0,20,5,45820920,3614,165240,13,12696
1615,5,0,19,6,45843180,3614,165240,13,12701
1616,8,1,17,8,45876840,3614,165300,13,12709
1617,6,3,19,6,45896340,3615,169980,13,12715
1618,18,0,25,0,45935820,3614,177780,13,12733
1619,6,0,20,5,45966480,3614,177900,13,12739
1620,9,0,21,4,46000320,3614,177900,13,12748
1621,6,0,16,9,46041900,3614,177900,13,12754
1622,9,0,21,4,46060380,3614,177900,13,12763
1623,12,0,21,4,46102680,3614,177900,13,12775
1624,15,3,25,0,46124280,3614,181740,14,12790
1625,16,8,25,0,46159380,3613,186060,14,12806
1626,12,8,25,0,46224420,3615,199080,15,12818
1627,7,2,25,0,46261920,3614,236580,18,12825
1628,7,0,20,5,46310760,3614,250620,19,12832
1629,6,0,21,4,46331520,3614,250620,19,12838
1630,8,0,16,9,46398180,3616,250620,19,12846
1631,4,0,15,10,46412700,3616,250620,19,12850
1632,3,0,15,10,46419900,3615,250620,19,12853
1633,5,0,18,7,46429620,3616,250620,19,12858
1634,5,0,18,7,46452000,3616,250620,19,12863
1635,5,0,14,11,46497780,3617,250620,19,12868
1636,6,0,15,10,46508400,3616,250620,19,12874
1637,5,0,15,10,46525560,3616,250620,19,12879
1638,7,0,16,9,46545540,3616,250620,19,12886
1639,10,0,19,6,46569900,3616,250620,19,12896
1640,11,0,18,7,46585920,3614,250620,19,12907
1641,9,0,21,4,46608240,3614,250620,19,12916
1642,7,0,16,9,46651140,3614,250620,19,12923
1643,10,0,21,4,46663140,3613,250620,19,12933
1644,5,0,18,7,46689540,3613,250620,19,12938
1645,15,0,19,6,46731060,3613,250620,19,12953
1646,7,0,22,3,46739700,3612,250620,19,12960
1647,19,4,25,0,46781640,3612,253080,19,12979
1648,8,0,21,4,46833480,3612,262320,20,12987
1649,11,0,21,4,46883580,3612,262320,20,12998
1650,13,0,22,3,46922880,3612,263700,20,13011
1651,7,2,22,3,46940700,3612,266160,20,13018
1652,7,0,21,4,47006520,3614,270120,20,13025
1653,13,4,25,0,47020920,3614,270120,20,13038
1654,5,0,23,2,47069340,3615,274860,21,13043
1655,2,0,16,9,47122560,3616,274860,21,13045
1656,8,0,15,10,47155020,3616,274860,21,13053
1657,5,0,15,10,47168700,3616,274860,21,13058
1658,3,0,14,11,47188260,3616,274860,21,13061
1659,4,0,15,10,47198460,3616,274860,21,13065
1660,8,0,20,5,47205000,3616,274860,21,13073
1661,4,0,17,8,47222640,3615,274860,21,13077
1662,7,0,18,7,47253120,3616,274860,21,13084
1663,9,0,19,6,47284020,3616,274860,20,13093
1664,9,0,22,3,47309880,3616,274860,20,13102
1665,14,0,22,3,47356020,3616,276240,21,13116
1666,11,0,20,5,47400480,3616,276240,21,13127
1667,6,0,20,5,47427720,3616,276240,21,13133
1668,8,0,21,4,47450880,3616,276240,21,13141
1669,18,7,20,5,47494380,3616,276360,21,13159
1670,10,15,19,6,47508660,3616,285120,21,13169
1671,9,14,23,2,47560860,3619,316560,24,13178
1672,8,13,25,0,47593740,3619,341280,25,13186
1673,14,6,25,0,47648340,3618,408180,30,13200
1674,4,0,19,6,47697060,3617,469380,35,13204
1675,7,0,15,10,47745360,3618,469380,35,13211
1676,12,0,18,7,47764380,3617,469380,35,13223
1677,4,0,15,10,47788500,3617,469380,35,13227
1678,5,0,15,10,47810880,3617,469380,35,13232
1679,7,0,15,10,47819340,3616,469380,35,13239
1680,4,0,14,11,47835840,3615,469380,35,13243
1681,4,0,13,12,47846880,3615,469380,35,13247
1682,12,0,22,3,47858220,3615,469380,35,13259
1683,7,0,16,9,47890740,3614,469380,35,13266
1684,4,0,13,12,47912400,3614,469380,35,13270
1685,7,0,17,8,47920500,3613,469380,35,13277
1686,10,0,18,7,47928180,3612,469380,35,13287
1687,8,0,17,8,47958660,3611,469380,35,13295
1688,3,0,16,9,47983680,3612,469380,35,13298
1689,6,0,16,9,47998500,3612,469380,35,13304
1690,11,0,20,5,48021840,3612,469380,35,13315
1691,8,0,19,6,48049920,3611,469380,35,13323
1692,13,0,22,3,48071220,3610,469380,35,13336
1693,13,0,22,3,48114180,3610,469380,35,13349
1694,11,0,21,4,48163140,3610,471540,35,13360
1695,11,0,22,3,48197640,3610,471540,35,13371
1696,6,0,20,5,48230880,3610,471540,35,13377
1697,11,0,22,3,48269820,3611,471540,35,13388
1698,14,2,25,0,48303420,3611,472080,35,13402
1699,5,0,20,5,48354840,3612,472500,35,13407
1700,7,0,18,7,48395940,3612,472500,35,13414
1701,10,0,20,5,48421680,3612,472500,35,13424
1702,5,0,18,7,48449040,3612,472500,35,13429
1703,3,0,14,11,48477660,3612,472500,35,13432
1704,8,0,19,6,48482700,3612,472500,35,13440
1705,6,0,18,7,48509400,3612,472500,35,13446
1706,4,0,15,10,48528000,3612,472500,35,13450
1707,2,0,14,11,48545460,3612,472500,35,13452
1708,8,0,16,9,48559440,3611,472500,35,13460
1709,7,0,16,9,48580260,3611,472500,35,13467
1710,12,0,22,3,48598980,3611,472500,35,13479
1711,9,0,19,6,48624420,3610,472500,35,13488
1712,10,0,22,3,48654780,3610,472500,35,13498
1713,9,0,23,2,48689820,3610,472500,34,13507
1714,12,0,21,4,48727860,3610,472500,34,13519
1715,5,0,20,5,48754200,3610,472500,34,13524
1716,15,7,20,5,48789900,3610,475380,35,13539
1717,11,10,25,0,48818460,3612,484080,35,13550
1718,13,7,25,0,48877080,3612,505920,37,13563
1719,13,6,25,0,48935700,3612,525300,38,13576
1720,4,0,15,10,48997680,3612,568080,41,13580
1721,7,0,16,9,49014900,3611,568080,41,13587
1722,13,0,24,1,49035960,3611,568080,41,13600
1723,7,0,22,3,49065180,3611,568260,41,13607
1724,13,0,21,4,49119120,3611,568260,41,13620
1725,12,0,20,5,49152480,3610,572280,41,13632
1726,9,0,20,5,49192500,3611,572280,41,13641
1727,3,0,16,9,49220100,3611,572280,41,13644
1728,4,0,13,12,49242240,3611,572280,41,13648
1729,7,0,17,8,49253580,3611,572280,41,13655
1730,9,0,21,4,49266600,3611,572280,41,13664
1731,4,0,16,9,49306980,3611,572280,41,13668
1732,8,0,18,7,49329240,3611,572280,41,13676
1733,6,0,18,7,49349880,3611,572280,41,13682
1734,6,0,18,7,49380120,3612,572280,41,13688
1735,6,0,18,7,49405380,3612,572280,41,13694
1736,12,0,24,1,49424400,3612,572520,41,13706
1737,9,0,22,3,49456020,3611,572520,41,13715
1738,6,0,17,8,49502760,3612,572520,41,13721
1739,12,0,22,3,49535820,3612,572520,41,13733
1740,14,0,25,0,49562640,3611,575160,41,13747
1741,12,0,21,4,49600020,3610,575160,41,13759
1742,14,0,24,1,49643040,3610,575160,41,13773
1743,12,0,24,1,49677720,3610,580740,42,13785
1744,13,0,23,2,49734960,3610,583560,42,13798
1745,7,0,20,5,49766340,3610,583560,42,13805
1746,9,0,20,5,49806240,3610,583560,42,13814
1747,13,0,21,4,49841760,3610,583560,42,13827
1748,3,0,15,10,49876140,3610,583560,42,13830
1749,10,0,18,7,49893900,3609,583560,42,13840
1750,3,0,16,9,49907100,3609,583560,42,13843
1751,4,0,13,12,49938300,3609,583560,42,13847
1752,12,0,16,9,49947840,3608,583560,42,13859
1753,2,0,15,10,49967280,3608,583560,42,13861
1754,4,0,16,9,49985580,3609,583560,42,13865
1755,5,0,14,11,50001600,3608,583560,42,13870
1756,7,0,19,6,50008320,3608,583560,42,13877
1757,4,0,15,10,50036160,3608,583560,42,13881
1758,7,0,14,11,50057940,3608,583560,42,13888
1759,11,0,19,6,50065680,3607,583560,41,13899
1760,7,0,19,6,50091180,3607,583560,41,13906
1761,6,0,18,7,50111580,3606,583560,41,13912
1762,4,0,16,9,50145600,3607,583560,41,13916
1763,11,0,20,5,50171160,3607,583560,41,13927
1764,10,0,24,1,50181660,3606,583560,41,13937
1765,13,0,25,0,50248260,3608,584400,41,13950
1766,8,0,21,4,50282820,3607,584400,41,13958
1767,9,0,19,6,50324340,3607,584400,41,13967
1768,6,0,18,7,50340000,3607,584400,41,13973
1769,7,0,18,7,50376240,3608,584400,41,13980
1770,9,0,20,5,50392140,3607,584400,41,13989
1771,8,0,18,7,50426100,3607,584400,41,13997
1772,8,0,20,5,50449740,3607,584400,41,14005
1773,4,0,14,11,50489220,3607,584400,41,14009
1774,4,0,13,12,50503860,3607,584400,41,14013
1775,9,0,19,6,50509920,3607,584400,41,14022
1776,3,0,18,7,50526060,3607,584400,41,14025
1777,9,0,17,8,50552280,3606,584400,41,14034
1778,2,0,17,8,50570760,3607,584400,41,14036
1779,5,0,18,7,50589600,3607,584400,41,14041
1780,10,0,20,5,50619480,3607,584400,41,14051
1781,7,0,20,5,50642160,3607,584400,41,14058
1782,7,0,18,7,50678400,3607,584400,41,14065
1783,15,0,23,2,50707560,3607,584400,41,14080
1784,10,0,22,3,50743920,3607,584400,41,14090
1785,4,0,18,7,50786940,3608,584400,41,14094
1786,7,0,17,8,50810100,3607,584400,41,14101
1787,9,0,19,6,50834880,3607,584400,41,14110
1788,8,0,22,3,50850420,3607,584400,41,14118
1789,7,0,19,6,50893560,3607,584400,41,14125
1790,11,0,21,4,50922300,3607,584400,41,14136
1791,7,0,20,5,50956320,3608,584400,41,14143
1792,15,0,24,1,50997660,3608,587400,41,14158
1793,10,0,24,1,51026280,3607,587400,41,14168
1794,9,1,21,4,51071940,3608,587400,41,14177
1795,14,5,25,0,51114600,3609,594420,41,14191
1796,6,5,25,0,51148200,3610,603720,42,14197
1797,6,0,19,6,51210360,3610,624360,43,14203
1798,7,0,17,8,51256380,3611,624360,43,14210
1799,5,0,16,9,51269760,3610,624360,43,14215
1800,8,0,17,8,51301320,3611,624360,43,14223
1801,5,0,20,5,51310440,3611,624360,43,14228
1802,3,0,18,7,51340020,3612,624360,43,14231
1803,5,0,18,7,51365760,3612,624360,43,14236
1804,7,0,18,7,51396420,3613,624360,43,14243
1805,11,0,24,1,51422040,3613,624360,43,14254
1806,6,0,15,10,51477960,3613,624360,43,14260
1807,5,0,16,9,51491760,3613,624360,43,14265
1808,8,0,19,6,51505680,3613,624360,43,14273
1809,7,0,18,7,51531840,3613,624360,43,14280
1810,13,0,22,3,51565200,3613,624360,43,14293
1811,12,1,25,0,51595260,3613,627780,43,14305
1812,8,1,25,0,51631200,3613,635400,44,14313
1813,9,0,24,1,51685140,3614,636480,44,14322
1814,11,0,19,6,51755460,3615,638760,44,14333
1815,10,0,23,2,51771180,3615,638760,44,14343
1816,7,0,17,8,51823620,3615,638760,44,14350
1817,11,0,19,6,51852420,3615,638760,44,14361
1818,9,0,23,2,51865200,3615,638760,44,14370
1819,8,0,20,5,51910740,3615,638760,44,14378
1820,6,0,20,5,51931380,3615,638760,44,14384
1821,9,0,19,6,51974280,3615,638760,44,14393
1822,4,0,19,6,52000440,3616,638760,44,14397
1823,7,0,19,6,52035300,3617,638760,44,14404
1824,2,0,16,9,52057440,3617,638760,44,14406
1825,7,0,17,8,52080000,3617,638760,44,14413
1826,7,0,19,6,52097100,3617,638760,44,14420
1827,4,0,20,5,52104060,3617,638760,44,14424
1828,6,0,17,8,52146900,3618,638760,44,14430
1829,7,0,18,7,52176600,3618,638760,44,14437
1830,6,0,20,5,52193160,3618,638760,44,14443
1831,4,0,18,7,52221000,3619,638760,44,14447
1832,8,0,22,3,52244520,3619,638760,44,14455
1833,6,0,19,6,52287180,3620,638760,44,14461
1834,7,0,17,8,52331760,3621,638760,44,14468
1835,8,0,17,8,52354140,3620,638760,44,14476
1836,8,0,19,6,52370880,3620,638760,44,14484
1837,13,0,21,4,52396260,3619,638760,44,14497
1838,8,0,19,6,52429740,3619,638760,44,14505
1839,10,0,20,5,52453440,3618,638760,44,14515
1840,12,0,25,0,52479360,3618,639300,44,14527
1841,4,0,15,10,52536720,3619,639300,43,14531
1842,12,0,23,2,52550160,3619,639300,43,14543
1843,11,0,23,2,52588860,3619,639300,43,14554
1844,12,4,24,1,52615920,3619,642180,44,14566
1845,3,1,25,0,52636980,3619,651300,44,14569
1846,12,0,21,4,52723140,3621,660720,45,14581
1847,7,0,18,7,52753380,3620,660720,45,14588
1848,5,0,17,8,52780200,3621,660720,45,14593
1849,10,0,21,4,52795980,3620,660720,45,14603
1850,4,0,13,12,52843620,3620,660720,45,14607
1851,3,0,14,11,52847820,3620,660720,45,14610
1852,4,0,15,10,52857720,3620,660720,45,14614
1853,6,0,16,9,52870320,3620,660720,45,14620
1854,14,0,24,1,52881960,3619,660720,45,14634
1855,12,0,25,0,52921500,3619,660780,45,14646
1856,9,0,18,7,52967880,3618,660840,45,14655
1857,10,0,18,7,52991400,3617,660840,45,14665
1858,10,0,22,3,53009220,3617,660840,45,14675
1859,12,0,22,3,53061240,3618,660840,44,14687
1860,3,0,20,5,53081760,3618,660840,44,14690
1861,8,0,20,5,53127000,3619,660840,44,14698
1862,14,0,20,5,53170200,3618,660840,44,14712
1863,10,0,23,2,53197920,3619,661260,44,14722
1864,8,0,19,6,53248620,3619,661260,44,14730
1865,9,0,20,5,53288100,3620,661260,44,14739
1866,11,0,21,4,53310780,3619,661260,44,14750
1867,5,0,18,7,53330340,3618,661260,44,14755
1868,7,0,17,8,53371140,3619,661260,44,14762
1869,3,0,13,12,53392500,3619,661260,44,14765
1870,6,0,17,8,53400720,3619,661260,44,14771
1871,6,0,18,7,53421240,3619,661260,44,14777
1872,7,0,19,6,53445240,3619,661260,44,14784
1873,4,0,19,6,53462040,3619,661260,44,14788
1874,8,0,16,9,53506440,3620,661260,44,14796
1875,4,0,16,9,53515380,3619,661260,44,14800
1876,7,0,19,6,53537220,3620,661260,44,14807
1877,8,0,17,8,53573520,3620,661260,44,14815
1878,3,0,13,12,53591220,3619,661260,44,14818
1879,5,0,15,10,53595300,3619,661260,44,14823
1880,9,0,18,7,53619120,3619,661260,44,14832
1881,6,0,17,8,53634660,3618,661260,44,14838
1882,5,0,15,10,53656200,3618,661260,44,14843
1883,9,0,17,8,53671200,3617,661260,44,14852
1884,8,0,19,6,53696640,3618,661260,44,14860
1885,6,0,21,4,53713980,3618,661260,44,14866
1886,11,0,20,5,53754000,3618,661260,44,14877
1887,6,0,23,2,53766540,3618,661260,44,14883
1888,9,0,21,4,53811360,3618,661260,44,14892
1889,9,0,21,4,53849220,3618,661260,44,14901
1890,15,0,23,2,53899260,3619,663360,44,14916
1891,11,0,25,0,53925180,3618,663360,44,14927
1892,12,1,25,0,53969580,3618,663660,44,14939
1893,5,0,18,7,54026940,3619,664200,44,14944
1894,7,0,11,14,54064680,3618,664200,44,14951
1895,7,0,14,11,54069120,3618,664200,44,14958
1896,8,0,16,9,54081360,3617,664200,44,14966
1897,3,0,15,10,54094620,3617,664200,44,14969
1898,4,0,15,10,54104280,3617,664200,44,14973
1899,3,0,15,10,54121680,3617,664200,44,14976
1900,6,0,19,6,54135960,3617,664200,44,14982
1901,11,0,21,4,54156660,3617,664200,44,14993
1902,10,0,21,4,54190080,3617,664200,44,15003
1903,10,0,22,3,54229020,3617,664200,44,15013
1904,12,0,20,5,54268260,3616,664380,44,15025
1905,9,0,21,4,54295560,3616,664380,44,15034
1906,11,0,23,2,54332340,3616,664380,44,15045
1907,15,7,21,4,54359400,3616,665220,44,15060
1908,7,10,18,7,54418380,3618,672540,44,15067
1909,9,11,25,0,54429600,3618,712080,47,15076
1910,11,9,25,0,54490800,3619,734400,48,15087
1911,8,6,25,0,54529560,3619,765240,50,15095
1912,10,0,21,4,54582000,3618,815640,53,15105
1913,10,0,19,6,54632340,3618,815640,53,15115
1914,10,0,20,5,54657480,3618,815640,53,15125
1915,8,0,21,4,54682140,3618,815640,53,15133
1916,6,0,20,5,54717060,3619,815640,53,15139
1917,10,0,21,4,54764520,3620,817920,53,15149
1918,9,0,22,3,54797160,3620,817920,53,15158
1919,9,0,17,8,54838500,3619,817920,53,15167
1920,5,0,16,9,54860340,3619,817920,53,15172
1921,8,0,17,8,54888480,3619,817920,53,15180
1922,10,0,17,8,54905940,3618,817920,53,15190
1923,6,0,16,9,54933360,3618,817920,53,15196
1924,8,0,18,7,54945960,3618,817920,53,15204
1925,12,0,22,3,54974280,3618,818100,53,15216
1926,4,0,17,8,55009080,3618,818100,53,15220
1927,8,0,16,9,55041720,3618,818100,53,15228
1928,6,0,17,8,55067700,3618,818100,53,15234
1929,8,0,19,6,55080720,3618,818100,53,15242
1930,9,0,15,10,55114980,3617,818100,53,15251
1931,11,0,18,7,55137960,3617,818100,53,15262
1932,8,0,19,6,55152120,3616,818100,53,15270
1933,7,0,17,8,55182900,3616,818100,53,15277
1934,12,0,22,3,55200060,3615,818100,53,15289
1935,8,0,22,3,55231200,3615,818100,53,15297
1936,15,0,23,2,55273500,3615,818100,53,15312
1937,8,0,20,5,55299240,3614,818160,53,15320
1938,10,0,22,3,55342920,3615,818160,53,15330
1939,12,0,19,6,55389960,3614,818160,53,15342
1940,7,0,18,7,55414800,3614,818160,53,15349
1941,7,0,19,6,55438800,3614,818160,53,15356
1942,10,0,22,3,55461480,3614,818160,53,15366
1943,9,0,23,2,55498020,3615,818280,53,15375
1944,14,2,25,0,55529940,3614,818280,53,15389
1945,7,0,23,2,55577100,3615,819720,53,15396
1946,5,0,15,10,55636680,3616,819720,53,15401
1947,6,0,16,9,55655040,3616,819720,53,15407
1948,8,0,18,7,55673760,3615,819720,53,15415
1949,10,0,20,5,55709580,3616,819720,53,15425
1950,8,0,19,6,55731720,3615,819720,53,15433
1951,2,0,14,11,55764060,3616,819720,53,15435
1952,13,0,19,6,55782240,3615,819720,53,15448
1953,8,0,20,5,55800240,3614,819720,53,15456
1954,12,0,22,3,55835700,3614,819720,52,15468
1955,9,0,21,4,55857600,3613,819720,52,15477
1956,10,0,18,7,55906860,3614,819720,52,15487
1957,10,0,22,3,55930080,3614,819720,52,15497
1958,10,0,21,4,55959000,3613,819720,52,15507
1959,15,1,25,0,56000700,3613,819840,52,15522
1960,14,3,25,0,56035200,3613,820320,52,15536
1961,12,0,23,2,56089260,3612,832260,53,15548
1962,9,0,19,6,56141880,3613,832260,53,15557
1963,8,0,18,7,56174340,3613,832260,53,15565
1964,8,0,21,4,56186100,3612,832260,53,15573
1965,10,0,20,5,56229420,3613,832260,53,15583
1966,4,0,14,11,56269800,3613,832260,53,15587
1967,7,0,17,8,56286900,3613,832260,53,15594
1968,2,0,13,12,56299920,3612,832260,53,15596
1969,2,0,14,11,56307480,3613,832260,53,15598
1970,7,0,16,9,56324160,3613,832260,53,15605
1971,8,0,20,5,56334300,3612,832260,53,15613
1972,8,0,18,7,56359560,3612,832260,53,15621
1973,4,0,19,6,56373300,3612,832260,53,15625
1974,14,0,17,8,56425500,3611,832260,53,15639
1975,6,0,15,10,56447820,3611,832260,53,15645
1976,8,0,18,7,56456220,3610,832260,53,15653
1977,6,0,16,9,56484600,3610,832260,53,15659
1978,11,0,18,7,56509860,3610,832260,53,15670
1979,9,0,22,3,56521620,3609,832260,53,15679
1980,8,0,22,3,56553360,3610,832260,53,15687
1981,9,0,22,3,56584260,3610,832260,53,15696
1982,6,0,17,8,56635920,3610,832260,53,15702
1983,8,0,18,7,56664480,3611,832260,52,15710
1984,9,0,19,6,56686680,3610,832260,52,15719
1985,9,0,19,6,56719800,3610,832260,52,15728
1986,13,0,24,1,56742360,3610,832260,52,15741
1987,7,0,21,4,56776980,3610,832260,52,15748
1988,6,0,16,9,56819880,3610,832260,52,15754
1989,9,0,17,8,56845020,3610,832260,52,15763
1990,5,0,18,7,56855520,3609,832260,52,15768
1991,7,0,18,7,56884980,3610,832260,52,15775
1992,8,0,19,6,56908680,3610,832260,52,15783
1993,9,0,21,4,56929800,3609,832260,52,15792
1994,7,0,15,10,56976960,3609,832260,52,15799
1995,8,0,19,6,56989080,3609,832260,52,15807
1996,2,0,14,11,57014580,3609,832260,52,15809
1997,0,0,12,13,57024300,3609,832260,52,15809
1998,11,0,18,7,57032340,3609,832260,52,15820
1999,7,0,15,10,57061920,3608,832260,52,15827
2000,9,0,18,7,57072480,3608,832260,52,15836
2001,13,0,22,3,57107340,3608,832320,52,15849
2002,8,0,19,6,57140340,3607,832320,52,15857
2003,12,0,23,2,57171780,3607,832320,52,15869
2004,13,0,25,0,57217920,3608,833880,52,15882
2005,7,0,21,4,57259680,3608,835080,52,15889
2006,4,0,17,8,57301920,3609,835080,52,15893
2007,5,0,17,8,57333840,3610,835080,52,15898
2008,8,0,19,6,57349980,3609,835080,52,15906
2009,8,0,19,6,57382860,3610,835080,52,15914
2010,8,0,19,6,57403200,3609,835080,52,15922
2011,8,0,18,7,57438240,3609,835080,52,15930
2012,8,0,18,7,57469200,3609,835080,52,15938
2013,5,0,15,10,57507180,3610,835080,52,15943
2014,12,0,19,6,57526980,3609,835080,52,15955
2015,2,0,14,11,57550800,3609,835080,52,15957
2016,3,0,14,11,57564840,3609,835080,52,15960
2017,4,0,17,8,57567120,3609,835080,52,15964
2018,3,0,15,10,57583800,3609,835080,52,15967
2019,4,0,18,7,57588540,3609,835080,52,15971
2020,6,0,20,5,57604800,3610,835080,52,15977
2021,3,0,20,5,57610560,3609,835080,52,15980
2022,6,0,18,7,57643680,3609,835080,52,15986
2023,6,0,18,7,57663060,3609,835080,52,15992
2024,7,0,20,5,57685320,3610,835080,52,15999
2025,7,0,20,5,57701580,3609,835080,52,16006
2026,8,0,20,5,57730320,3609,835080,52,16014
2027,13,1,25,0,57754320,3609,835140,52,16027
2028,11,0,24,1,57799860,3609,836100,52,16038
2029,10,0,21,4,57848880,3609,836100,52,16048
2030,17,5,25,0,57873960,3609,839280,52,16065
2031,7,6,25,0,57906600,3609,843960,52,16072
2032,6,3,25,0,57953220,3610,867000,53,16078
2033,8,0,19,6,58011000,3610,889800,55,16086
2034,3,0,20,5,58022640,3610,889800,55,16089
2035,3,0,16,9,58052280,3611,889800,55,16092
2036,6,0,20,5,58056540,3610,889800,55,16098
2037,7,0,16,9,58093980,3610,889800,55,16105
2038,5,0,17,8,58102980,3610,889800,55,16110
2039,8,0,21,4,58114560,3610,889800,55,16118
2040,7,0,24,1,58131600,3610,889800,55,16125
2041,5,0,22,3,58165740,3610,889800,55,16130
2042,7,0,20,5,58210560,3611,889800,55,16137
2043,7,0,18,7,58245480,3611,889800,55,16144
2044,5,0,17,8,58261200,3611,889800,55,16149
2045,2,0,16,9,58272420,3611,889800,55,16151
2046,6,0,19,6,58281480,3611,889800,55,16157
2047,8,0,21,4,58291800,3610,889800,55,16165
2048,8,0,24,1,58313160,3610,889980,55,16173
2049,8,0,21,4,58359060,3611,889980,55,16181
2050,6,0,21,4,58385160,3611,889980,54,16187
2051,11,0,23,2,58414140,3611,889980,54,16198
2052,20,7,25,0,58454220,3611,894840,55,16218
2053,7,5,25,0,58485780,3611,906180,55,16225
2054,13,0,24,1,58537920,3610,932400,57,16238
2055,11,1,25,0,58565220,3610,935400,57,16249
2056,7,0,25,0,58604580,3610,939240,57,16256
2057,10,0,24,1,58655640,3611,942900,57,16266
2058,6,0,23,2,58692180,3612,942900,57,16272
2059,7,0,22,3,58728780,3612,942900,57,16279
2060,10,0,24,1,58754460,3612,943500,57,16289
2061,6,0,21,4,58795020,3612,943500,57,16295
2062,5,0,19,6,58837080,3613,943500,57,16300
2063,4,0,17,8,58853340,3613,943500,57,16304
2064,6,0,18,7,58871820,3613,943500,57,16310
2065,8,0,19,6,58884600,3612,943500,57,16318
2066,4,0,18,7,58900320,3612,943500,57,16322
2067,5,0,16,9,58924200,3612,943500,57,16327
2068,2,0,15,10,58933980,3612,943500,57,16329
2069,6,0,18,7,58942500,3612,943500,57,16335
2070,6,0,21,4,58950120,3612,943500,57,16341
2071,8,0,20,5,58996020,3612,943920,57,16349
2072,16,1,25,0,59028780,3612,945120,57,16365
2073,7,0,21,4,59063340,3612,945720,57,16372
2074,11,0,24,1,59095740,3612,946140,57,16383
2075,7,0,21,4,59133060,3612,946440,57,16390
2076,13,1,25,0,59167800,3612,946440,57,16403
2077,5,0,20,5,59208120,3612,947220,57,16408
2078,11,0,20,5,59241300,3612,947220,57,16419
2079,8,0,21,4,59264700,3612,947220,57,16427
2080,7,0,16,9,59301120,3611,947220,57,16434
2081,7,0,19,6,59312760,3611,947220,57,16441
2082,16,0,23,2,59343060,3610,947220,57,16457
2083,10,0,23,2,59367780,3610,947220,57,16467
2084,4,0,19,6,59397060,3610,947220,57,16471
2085,7,0,20,5,59424720,3610,947220,57,16478
2086,9,0,19,6,59459100,3610,947220,57,16487
2087,7,0,22,3,59482500,3611,947220,57,16494
2088,4,0,20,5,59507220,3611,947220,57,16498
2089,6,0,17,8,59540520,3611,947220,57,16504
2090,3,0,17,8,59556420,3611,947220,57,16507
2091,5,0,17,8,59575320,3611,947220,57,16512
2092,4,0,17,8,59587440,3611,947220,57,16516
2093,9,0,18,7,59608680,3611,947220,57,16525
2094,8,0,21,4,59619840,3610,947220,57,16533
2095,11,0,24,1,59648520,3610,947280,57,16544
2096,5,0,20,5,59692200,3611,947280,57,16549
2097,10,0,22,3,59720220,3611,947280,57,16559
2098,8,0,20,5,59756280,3611,947280,57,16567
2099,14,1,25,0,59778180,3610,947280,57,16581
2100,12,1,25,0,59812260,3610,949380,57,16593
2101,7,6,21,4,59848680,3611,953220,57,16600
2102,16,14,25,0,59878740,3612,965280,58,16616
2103,12,19,25,0,59917800,3612,986820,59,16628
2104,8,21,24,1,59951820,3613,992520,59,16636
2105,11,19,25,0,60028080,3615,1040400,62,16647
2106,10,20,25,0,60059400,3615,1045320,62,16657
2107,4,0,24,1,60121680,3613,1325040,79,16661
2108,9,0,21,4,60147660,3612,1325040,79,16670
2109,10,0,24,1,60159660,3611,1325040,79,16680
2110,3,0,16,9,60201960,3612,1325040,79,16683
2111,2,0,15,10,60219900,3612,1325040,79,16685
2112,7,0,20,5,60225780,3612,1325040,79,16692
2113,2,0,17,8,60249420,3612,1325040,79,16694
2114,3,0,17,8,60259020,3612,1325040,79,16697
2115,8,0,17,8,60282600,3612,1325040,79,16705
2116,4,0,18,7,60292500,3612,1325040,79,16709
2117,13,0,25,0,60306960,3611,1325040,79,16722
2118,4,0,20,5,60334980,3611,1325400,79,16726
2119,10,0,24,1,60369660,3612,1325400,79,16736
2120,10,0,22,3,60400980,3611,1325400,79,16746
2121,5,0,20,5,60434100,3612,1325400,79,16751
2122,8,0,20,5,60458820,3611,1325400,79,16759
2123,7,0,19,6,60499260,3612,1325400,79,16766
2124,13,0,25,0,60524940,3612,1325400,78,16779
2125,8,0,21,4,60558060,3611,1325580,78,16787
2126,11,0,23,2,60589380,3611,1325580,78,16798
2127,13,0,22,3,60630060,3611,1325820,78,16811
2128,16,6,24,1,60653040,3610,1327620,78,16827
2129,11,6,25,0,60696780,3611,1336860,79,16838
2130,4,0,18,7,60750840,3610,1358760,80,16842
2131,12,0,20,5,60775980,3610,1358760,80,16854
2132,9,0,21,4,60802440,3610,1358760,80,16863
2133,11,0,22,3,60838620,3610,1358760,80,16874
2134,5,0,19,6,60862860,3609,1358760,80,16879
2135,6,0,19,6,60883920,3609,1358760,80,16885
2136,5,0,16,9,60911160,3609,1358760,80,16890
2137,5,0,18,7,60922020,3609,1358760,80,16895
2138,6,0,18,7,60937800,3609,1358760,80,16901
2139,4,0,19,6,60954540,3609,1358760,80,16905
2140,8,0,22,3,60975180,3609,1358760,80,16913
2141,7,0,18,7,61009680,3609,1358760,80,16920
2142,7,0,17,8,61034760,3609,1358760,80,16927
2143,9,0,21,4,61045800,3608,1358760,80,16936
2144,8,0,20,5,61083060,3609,1358760,80,16944
2145,3,0,15,10,61099440,3608,1358760,80,16947
2146,8,0,21,4,61103460,3608,1358760,80,16955
2147,13,0,24,1,61129800,3607,1358760,80,16968
2148,9,0,25,0,61150080,3607,1360440,80,16977
2149,9,0,21,4,61203720,3607,1360860,80,16986
2150,12,0,23,2,61225380,3606,1360860,80,16998
2151,12,0,25,0,61262160,3606,1361640,80,17010
2152,3,0,19,6,61299000,3607,1361640,80,17013
2153,8,0,21,4,61320660,3607,1361640,79,17021
2154,5,0,20,5,61340700,3607,1361640,79,17026
2155,11,2,25,0,61357800,3607,1361640,79,17037
2156,5,0,23,2,61398960,3607,1364280,80,17042
2157,6,0,21,4,61441500,3608,1364280,80,17048
2158,5,0,18,7,61474980,3608,1364280,80,17053
2159,6,0,17,8,61505100,3609,1364280,79,17059
2160,5,0,16,9,61525440,3608,1364280,79,17064
2161,4,0,18,7,61534920,3609,1364280,79,17068
2162,3,0,17,8,61550280,3609,1364280,79,17071
2163,2,0,15,10,61563540,3609,1364280,79,17073
2164,6,0,21,4,61563540,3609,1364280,79,17079
2165,12,0,23,2,61591320,3608,1364280,79,17091
2166,9,0,22,3,61625040,3608,1364280,79,17100
2167,6,0,22,3,61654860,3608,1365360,79,17106
2168,7,0,20,5,61695300,3609,1365360,79,17113
2169,13,0,24,1,61726080,3609,1366620,79,17126
2170,17,2,25,0,61780800,3609,1369560,79,17143
2171,12,1,25,0,61808580,3608,1374780,80,17155
2172,11,0,20,5,61857480,3607,1378260,80,17166
2173,10,0,21,4,61891200,3607,1378260,80,17176
2174,8,0,17,8,61926120,3607,1378260,80,17184
2175,11,0,21,4,61942200,3606,1378260,80,17195
2176,10,0,19,6,61974420,3606,1378260,80,17205
2177,6,0,18,7,62000520,3606,1378260,80,17211
2178,7,0,21,4,62010720,3605,1378260,80,17218
2179,12,0,23,2,62044860,3605,1378920,80,17230
2180,6,0,19,6,62073840,3605,1378920,80,17236
2181,9,0,20,5,62110080,3605,1378920,79,17245
2182,4,0,18,7,62122680,3605,1378920,79,17249
2183,8,0,20,5,62155800,3605,1378920,79,17257
2184,8,0,22,3,62176020,3605,1378920,79,17265
2185,8,0,21,4,62202240,3605,1378920,79,17273
2186,8,0,20,5,62232360,3605,1378920,79,17281
2187,4,0,18,7,62262600,3605,1378920,79,17285
2188,11,0,22,3,62286120,3605,1378920,79,17296
2189,4,0,18,7,62308980,3605,1378920,79,17300
2190,9,0,23,2,62322180,3605,1378920,79,17309
2191,12,3,25,0,62365980,3606,1380660,79,17321
2192,10,0,25,0,62408580,3606,1388160,80,17331
2193,13,2,25,0,62449260,3606,1390140,80,17344
2194,8,1,25,0,62486820,3606,1391580,80,17352
2195,10,0,23,2,62532420,3606,1392060,80,17362
2196,6,0,19,6,62570340,3606,1392060,80,17368
2197,5,0,16,9,62591400,3606,1392060,80,17373
2198,14,1,25,0,62607060,3606,1392660,80,17387
2199,6,0,23,2,62635320,3605,1394940,80,17393
2200,7,0,21,4,62679420,3606,1394940,80,17400
2201,9,0,20,5,62705760,3606,1394940,80,17409
2202,6,0,22,3,62727420,3606,1394940,80,17415
2203,6,0,19,6,62770440,3607,1394940,80,17421
2204,3,0,20,5,62779740,3607,1394940,80,17424
2205,5,0,21,4,62802120,3607,1394940,80,17429
2206,2,0,17,8,62827260,3607,1394940,80,17431
2207,7,0,19,6,62843700,3607,1394940,79,17438
2208,8,0,21,4,62872680,3608,1394940,79,17446
2209,3,0,20,5,62885940,3608,1394940,79,17449
2210,4,0,20,5,62913420,3608,1394940,79,17453
2211,2,0,18,7,62930760,3609,1394940,79,17455
2212,4,0,17,8,62955900,3609,1394940,79,17459
2213,10,0,24,1,62969220,3609,1394940,79,17469
2214,5,0,20,5,62994780,3609,1394940,79,17474
2215,8,0,20,5,63032220,3609,1394940,79,17482
2216,10,0,19,6,63062160,3609,1394940,79,17492
2217,2,0,17,8,63082320,3609,1394940,79,17494
2218,10,0,23,2,63098340,3609,1394940,79,17504
2219,7,0,18,7,63137280,3609,1394940,79,17511
2220,6,0,19,6,63162480,3609,1394940,79,17517
2221,12,0,22,3,63181200,3608,1395000,79,17529
2222,12,0,24,1,63211980,3608,1395840,79,17541
2223,11,0,25,0,63254400,3608,1395840,79,17552
2224,6,0,19,6,63297840,3608,1397040,79,17558
2225,9,0,21,4,63328860,3609,1397040,79,17567
2226,16,2,25,0,63355800,3608,1398360,79,17583
2227,11,0,24,1,63397320,3608,1407900,80,17594
2228,6,0,24,1,63427560,3608,1407900,79,17600
2229,1,0,15,10,63475380,3609,1407900,79,17601
2230,5,0,18,7,63491160,3609,1407900,79,17606
2231,8,0,24,1,63495000,3609,1407900,79,17614
2232,6,0,21,4,63530820,3609,1407900,79,17620
2233,3,0,19,6,63562920,3610,1407900,79,17623
2234,5,0,17,8,63592800,3610,1407900,79,17628
2235,4,0,17,8,63602460,3610,1407900,79,17632
2236,5,0,15,10,63616740,3610,1407900,79,17637
2237,4,0,17,8,63623100,3610,1407900,79,17641
2238,10,0,21,4,63642000,3609,1407900,79,17651
2239,5,0,18,7,63666480,3609,1407900,79,17656
2240,8,0,22,3,63682440,3609,1407900,79,17664
2241,15,0,25,0,63718200,3609,1410180,79,17679
2242,7,0,20,5,63757620,3609,1411140,79,17686
2243,11,0,24,1,63788040,3609,1411140,79,17697
2244,14,0,25,0,63830880,3609,1411140,79,17711
2245,8,0,24,1,63863040,3609,1414320,79,17719
2246,10,0,25,0,63905400,3609,1414920,79,17729
2247,10,2,25,0,63931080,3609,1416480,79,17739
2248,10,0,23,2,63993840,3610,1418520,79,17749
2249,9,0,20,5,64019700,3609,1418520,79,17758
2250,10,0,21,4,64040640,3608,1418520,79,17768
2251,6,0,20,5,64070520,3608,1418520,79,17774
2252,5,0,19,6,64098480,3609,1418520,79,17779
2253,6,0,18,7,64126080,3609,1418520,79,17785
2254,4,0,19,6,64131240,3608,1418520,79,17789
2255,7,0,23,2,64148460,3609,1418520,79,17796
2256,5,0,19,6,64183140,3609,1418520,79,17801
2257,3,0,16,9,64209480,3609,1418520,79,17804
2258,8,0,19,6,64222440,3609,1418520,79,17812
2259,6,0,19,6,64241940,3609,1418520,79,17818
2260,8,0,16,9,64269960,3608,1418520,79,17826
2261,7,0,21,4,64273680,3608,1418520,79,17833
2262,4,0,17,8,64307160,3608,1418520,79,17837
2263,9,0,24,1,64312680,3608,1418520,79,17846
2264,8,0,23,2,64342440,3608,1418580,79,17854
2265,5,0,24,1,64359960,3608,1418580,79,17859
2266,7,0,24,1,64406160,3609,1418580,79,17866
2267,15,0,24,1,64454040,3609,1419000,79,17881
2268,7,0,21,4,64481640,3608,1419000,79,17888
2269,11,0,23,2,64500900,3608,1419000,79,17899
2270,11,1,25,0,64539780,3608,1421400,79,17910
2271,10,2,25,0,64574220,3608,1427520,79,17920
2272,10,5,25,0,64616280,3609,1437300,80,17930
2273,7,0,25,0,64673940,3610,1449660,80,17937
2274,8,0,22,3,64714980,3610,1449840,80,17945
2275,8,0,21,4,64751760,3610,1449840,80,17953
2276,7,0,20,5,64774020,3610,1449840,80,17960
2277,4,0,16,9,64800360,3610,1449840,80,17964
2278,6,0,18,7,64816860,3610,1449840,80,17970
2279,6,0,18,7,64826100,3609,1449840,80,17976
2280,8,0,21,4,64843260,3609,1449840,80,17984
2281,3,0,16,9,64880040,3610,1449840,80,17987
2282,4,0,17,8,64896480,3610,1449840,80,17991
2283,3,0,16,9,64909320,3610,1449840,80,17994
2284,6,0,17,8,64918740,3610,1449840,80,18000
2285,7,0,18,7,64934280,3609,1449840,80,18007
2286,8,0,21,4,64953240,3609,1449840,80,18015
2287,13,1,25,0,64978620,3609,1450260,80,18028
2288,2,0,17,8,65024100,3609,1450680,80,18030
2289,12,0,24,1,65048220,3610,1450680,80,18042
2290,16,12,25,0,65060520,3610,1452360,80,18058
2291,8,9,25,0,65113260,3610,1467960,81,18066
2292,7,2,25,0,65158560,3610,1516020,83,18073
2293,7,0,23,2,65183880,3609,1528080,84,18080
2294,19,7,23,2,65240940,3610,1529760,84,18099
2295,6,8,23,2,65262720,3610,1538700,84,18105
2296,10,6,25,0,65306520,3611,1565040,86,18115
2297,5,0,18,7,65365620,3610,1601580,88,18120
2298,6,0,17,8,65393040,3611,1601580,88,18126
2299,11,0,25,0,65398320,3610,1601580,88,18137
2300,4,0,21,4,65438400,3611,1601580,88,18141
2301,9,0,24,1,65469240,3611,1601580,88,18150
2302,2,0,19,6,65499000,3612,1601580,88,18152
2303,7,0,21,4,65517480,3612,1601580,88,18159
2304,4,0,19,6,65540640,3612,1601580,88,18163
2305,8,0,23,2,65550660,3612,1601580,88,18171
2306,6,0,17,8,65596440,3612,1601580,88,18177
2307,2,0,16,9,65613300,3612,1601580,88,18179
2308,4,0,17,8,65624880,3612,1601580,88,18183
2309,2,0,17,8,65630520,3612,1601580,88,18185
2310,5,0,18,7,65645640,3612,1601580,88,18190
2311,11,0,23,2,65662980,3612,1601580,87,18201
2312,7,0,22,3,65685060,3611,1602120,87,18208
2313,4,0,19,6,65726700,3612,1602120,87,18212
2314,8,0,20,5,65748240,3612,1602120,87,18220
2315,7,0,20,5,65770080,3612,1602120,87,18227
2316,8,0,23,2,65793780,3612,1602120,87,18235
2317,12,2,25,0,65817480,3612,1602480,87,18247
2318,7,0,24,1,65875320,3613,1612800,88,18254
2319,12,0,23,2,65923500,3613,1616880,88,18266
2320,12,5,25,0,65943900,3613,1620000,88,18278
2321,11,5,25,0,66001200,3614,1628640,89,18289
2322,10,0,22,3,66046980,3613,1656300,90,18299
2323,7,0,22,3,66076740,3613,1656300,90,18306
2324,5,0,21,4,66109980,3614,1656300,90,18311
2325,10,0,23,2,66143700,3614,1656300,90,18321
2326,7,0,22,3,66180060,3615,1656300,90,18328
2327,2,0,15,10,66209880,3615,1656300,90,18330
2328,5,0,17,8,66220800,3615,1656300,90,18335
2329,4,0,16,9,66233160,3614,1656300,90,18339
2330,7,0,20,5,66242040,3614,1656300,90,18346
2331,5,0,16,9,66276780,3614,1656300,90,18351
2332,1,0,15,10,66289440,3615,1656300,90,18352
2333,4,0,14,11,66300000,3614,1656300,90,18356
2334,8,0,22,3,66300000,3614,1656300,90,18364
2335,4,0,16,9,66323100,3613,1656300,90,18368
2336,11,0,22,3,66334980,3613,1656300,90,18379
2337,11,0,21,4,66369420,3613,1656780,90,18390
2338,9,0,21,4,66399000,3612,1656780,90,18399
2339,9,0,22,3,66427860,3612,1656780,90,18408
2340,11,3,25,0,66455940,3613,1658400,90,18419
2341,11,1,25,0,66508440,3613,1664520,90,18430
2342,12,6,25,0,66528120,3613,1666140,90,18442
2343,10,9,24,1,66580560,3614,1672020,90,18452
2344,11,18,21,4,66611340,3615,1675080,90,18463
2345,12,25,21,4,66648660,3616,1683600,91,18475
2346,5,27,22,3,66666900,3617,1696020,91,18480
2347,11,29,25,0,66721320,3618,1752060,94,18491
2348,4,22,25,0,66770400,3619,1851060,100,18495
2349,4,11,25,0,66816720,3618,2033340,109,18499
2350,4,0,19,6,66854760,3616,2194260,118,18503
2351,3,0,17,8,66880560,3617,2194260,118,18506
2352,7,0,19,6,66890460,3616,2194260,118,18513
2353,1,0,15,10,66918840,3617,2194260,118,18514
2354,5,0,18,7,66921960,3617,2194260,118,18519
2355,4,0,15,10,66947100,3617,2194260,118,18523
2356,7,0,20,5,66953220,3617,2194260,118,18530
2357,6,0,17,8,66980040,3616,2194260,118,18536
2358,6,0,18,7,67000200,3616,2194260,118,18542
2359,7,0,22,3,67005240,3616,2194260,118,18549
2360,7,0,21,4,67035420,3616,2194260,118,18556
2361,8,0,21,4,67063380,3616,2194260,118,18564
2362,7,0,20,5,67102860,3617,2194260,118,18571
2363,10,0,22,3,67129020,3617,2194260,118,18581
2364,7,0,22,3,67147140,3616,2194260,118,18588
2365,5,0,20,5,67178520,3616,2194260,118,18593
2366,3,0,17,8,67217940,3617,2194260,117,18596
2367,8,0,19,6,67237440,3617,2194260,117,18604
2368,12,0,25,0,67261080,3617,2194260,117,18616
2369,11,5,25,0,67279860,3617,2195640,117,18627
2370,3,0,23,2,67330980,3618,2204460,118,18630
2371,9,0,22,3,67365060,3618,2204460,118,18639
2372,8,0,24,1,67395780,3618,2204460,118,18647
2373,4,0,19,6,67430580,3619,2204460,118,18651
2374,5,0,18,7,67468680,3619,2204460,118,18656
2375,1,0,15,10,67483740,3619,2204460,118,18657
2376,3,0,18,7,67483740,3619,2204460,118,18660
2377,9,0,21,4,67507200,3620,2204460,118,18669
2378,2,0,18,7,67527600,3620,2204460,118,18671
2379,11,0,23,2,67551660,3620,2204460,117,18682
2380,7,0,23,2,67574220,3620,2204460,117,18689
2381,6,0,20,5,67611120,3620,2204460,117,18695
2382,5,0,21,4,67626300,3620,2204460,117,18700
2383,6,0,21,4,67653420,3620,2204460,117,18706
2384,12,4,25,0,67680240,3621,2205900,117,18718
2385,8,7,25,0,67702200,3621,2214420,118,18726
2386,14,10,25,0,67779480,3623,2228820,118,18740
2387,10,11,25,0,67810260,3623,2244960,119,18750
2388,11,10,25,0,67853640,3623,2257200,120,18761
2389,10,5,25,0,67908060,3623,2309520,123,18771
2390,9,0,23,2,67954800,3622,2374620,126,18780
2391,6,0,19,6,67985820,3622,2374620,126,18786
2392,7,0,19,6,68005200,3622,2374620,126,18793
2393,11,0,22,3,68029620,3622,2375340,126,18804
2394,11,0,24,1,68074560,3622,2376300,126,18815
2395,8,0,23,2,68093220,3621,2376300,126,18823
2396,10,0,24,1,68138820,3622,2376360,126,18833
2397,7,1,25,0,68159700,3622,2376360,126,18840
2398,5,0,16,9,68219040,3623,2376360,126,18845
2399,9,0,22,3,68233440,3623,2376360,126,18854

