Hour,Arrivals,Waiting,Treating,Available Rooms,Total Treatment Time,Average Treatment Time,Total Wait Time,Average Wait Time,Total Arrivals
1,6,0,5,20,1020,1020,0,0,6
2,6,0,9,16,6660,2220,0,0,12
3,10,0,11,14,38460,3496,0,0,22
4,4,0,6,19,64380,3219,0,0,26
5,3,0,2,23,102060,3780,0,0,29
6,6,0,4,21,108000,3483,0,0,35
7,7,0,5,20,126360,3415,0,0,42
8,15,0,14,11,152700,3551,0,0,57
9,15,0,15,10,187080,3282,0,0,72
10,11,0,11,14,241260,3350,0,0,83
11,10,0,15,10,270000,3461,0,0,93
12,7,0,6,19,340320,3620,0,0,100
13,12,0,11,14,361440,3578,0,0,112
14,11,0,11,14,407940,3642,0,0,123
15,20,0,15,10,450600,3520,0,0,143
16,6,0,7,18,502140,3536,0,0,149
17,15,0,14,11,531780,3545,0,0,164
18,12,0,12,13,570540,3478,0,0,176
19,11,0,12,13,631860,3610,0,0,187
20,9,0,11,14,670320,3623,0,0,196
21,3,0,6,19,705180,3653,0,0,199
22,6,0,5,20,748020,3740,0,0,205
23,6,0,5,20,766440,3720,0,0,211
24,1,0,3,22,774480,3705,0,0,212
25,6,0,6,19,784140,3698,0,0,218
26,4,0,2,23,815940,3708,0,0,222
27,8,0,8,17,819900,3693,0,0,230
28,3,0,9,16,826260,3688,0,0,233
29,8,0,6,19,875340,3724,0,0,241
30,5,0,6,19,892500,3718,0,0,246
31,6,0,8,17,913140,3742,0,0,252
32,5,0,5,20,941160,3734,0,0,257
33,8,0,8,17,956460,3721,0,0,265
34,11,0,11,14,987660,3727,0,0,276
35,9,0,9,16,1022100,3703,0,0,285
36,11,0,7,18,1075140,3720,0,0,296
37,4,0,3,22,1100820,3706,0,0,300
38,10,0,9,16,1104720,3670,0,0,310
39,16,0,19,6,1122540,3656,0,0,326
40,10,0,11,14,1194780,3676,0,0,336
41,7,0,7,18,1251720,3725,0,0,343
42,10,0,7,18,1284240,3711,0,0,353
43,10,0,9,16,1311000,3703,0,0,363
44,7,0,9,16,1333800,3694,0,0,370
45,8,0,9,16,1365480,3700,0,0,378
46,10,0,10,15,1402560,3710,0,0,388
47,3,0,6,19,1438500,3736,0,0,391
48,9,0,5,20,1470300,3722,0,0,400
49,3,0,3,22,1488180,3720,0,0,403
50,5,0,5,20,1502580,3728,0,0,408
51,6,0,8,17,1519020,3741,0,0,414
52,9,0,7,18,1544700,3713,0,0,423
53,10,0,11,14,1573380,3728,0,0,433
54,3,0,4,21,1612440,3732,0,0,436
55,6,0,6,19,1630860,3740,0,0,442
56,8,0,6,19,1651080,3718,0,0,450
57,9,0,7,18,1676700,3709,0,0,459
58,13,0,10,15,1696080,3671,0,0,472
59,8,0,10,15,1733820,3688,0,0,480
60,11,0,8,17,1779180,3683,0,0,491
61,10,0,9,16,1813020,3685,0,0,501
62,13,0,15,10,1833420,3674,0,0,514
63,10,0,5,20,1898700,3658,0,0,524
64,4,0,4,21,1922760,3669,0,0,528
65,6,0,4,21,1938300,3657,0,0,534
66,5,0,4,21,1950780,3646,0,0,539
67,11,0,9,16,1965780,3633,0,0,550
68,5,0,5,20,1989600,3617,0,0,555
69,6,0,6,19,2006280,3614,0,0,561
70,7,0,8,17,2020800,3608,0,0,568
71,4,0,6,19,2038140,3600,0,0,572
72,8,0,9,16,2070420,3625,0,0,580
73,4,0,9,16,2085000,3626,0,0,584
74,4,0,4,21,2122680,3634,0,0,588
75,7,0,6,19,2135520,3625,0,0,595
76,3,0,3,22,2150280,3613,0,0,598
77,10,0,6,19,2166600,3599,0,0,608
78,4,0,6,19,2176380,3591,0,0,612
79,6,0,8,17,2192520,3594,0,0,618
80,10,0,7,18,2234160,3597,0,0,628
81,7,0,8,17,2251080,3590,0,0,635
82,7,0,6,19,2279100,3583,0,0,642
83,7,0,7,18,2306460,3592,0,0,649
84,12,0,8,17,2330580,3569,0,0,661
85,9,0,10,15,2353620,3566,0,0,670
86,14,0,9,16,2391660,3543,0,0,684
87,6,0,7,18,2427420,3554,0,0,690
88,7,0,10,15,2447100,3562,0,0,697
89,10,0,15,10,2457180,3550,0,0,707
90,9,0,9,16,2539200,3591,0,0,716
91,7,0,6,19,2572020,3587,0,0,723
92,7,0,6,19,2601000,3592,0,0,730
93,7,0,7,18,2619840,3588,0,0,737
94,5,0,6,19,2639880,3586,0,0,742
95,6,0,6,19,2661660,3587,0,0,748
96,5,0,5,20,2679840,3582,0,0,753
97,7,0,4,21,2704380,3577,0,0,760
98,3,0,3,22,2719920,3578,0,0,763
99,5,0,2,23,2732400,3567,0,0,768
100,2,0,3,22,2733420,3563,0,0,770
101,9,0,7,18,2748120,3559,0,0,779
102,6,0,11,14,2754780,3559,0,0,785
103,8,0,7,18,2804640,3568,0,0,793
104,9,0,8,17,2833020,3568,0,0,802
105,7,0,8,17,2854200,3563,0,0,809
106,7,0,7,18,2883360,3564,0,0,816
107,7,0,9,16,2899920,3562,0,0,823
108,9,0,8,17,2922420,3546,0,0,832
109,13,0,16,9,2948760,3557,0,0,845
110,13,0,15,10,3018660,3580,0,0,858
111,11,0,16,9,3065580,3593,0,0,869
112,11,0,12,13,3121140,3595,0,0,880
113,7,0,8,17,3166260,3602,0,0,887
114,6,0,6,19,3208740,3617,0,0,893
115,7,0,7,18,3231780,3619,0,0,900
116,7,0,9,16,3254940,3624,0,0,907
117,10,0,7,18,3291420,3616,0,0,917
118,9,0,9,16,3323160,3623,0,0,926
119,6,0,8,17,3336600,3611,0,0,932
120,8,0,11,14,3358200,3614,0,0,940
121,6,0,7,18,3403440,3624,0,0,946
122,6,0,5,20,3438540,3630,0,0,952
123,3,0,3,22,3455820,3630,0,0,955
124,5,0,5,20,3471900,3635,0,0,960
125,5,0,7,18,3478020,3630,0,0,965
126,9,0,9,16,3505260,3632,0,0,974
127,7,0,6,19,3538380,3629,0,0,981
128,8,0,9,16,3555480,3628,0,0,989
129,7,0,6,19,3582660,3618,0,0,996
130,11,0,6,19,3610440,3606,0,0,1007
131,6,0,6,19,3636840,3611,0,0,1013
132,8,0,8,17,3650100,3603,0,0,1021
133,8,0,8,17,3677820,3602,0,0,1029
134,7,0,8,17,3698640,3597,0,0,1036
135,8,0,11,14,3711060,3592,0,0,1044
136,7,0,11,14,3746820,3602,0,0,1051
137,9,0,6,19,3802140,3607,0,0,1060
138,7,0,8,17,3816600,3603,0,0,1067
139,5,0,4,21,3850620,3605,0,0,1072
140,5,0,5,20,3859620,3600,0,0,1077
141,8,0,4,21,3891000,3599,0,0,1085
142,10,0,9,16,3901020,3592,0,0,1095
143,6,0,3,22,3936720,3585,0,0,1101
144,10,0,7,18,3952800,3580,0,0,1111
145,2,0,5,20,3966720,3580,0,0,1113
146,5,0,4,21,3989580,3581,0,0,1118
147,7,0,4,21,4007760,3575,0,0,1125
148,1,0,1,24,4025640,3578,0,0,1126
149,6,0,6,19,4026240,3575,0,0,1132
150,10,0,10,15,4044600,3572,0,0,1142
151,4,0,6,19,4064100,3565,0,0,1146
152,15,0,13,12,4088520,3561,0,0,1161
153,9,0,9,16,4130580,3557,0,0,1170
154,8,0,8,17,4155660,3551,0,0,1178
155,9,0,10,15,4178880,3550,0,0,1187
156,10,0,8,17,4232820,3559,0,0,1197
157,10,0,12,13,4248240,3555,0,0,1207
158,13,0,15,10,4287900,3558,0,0,1220
159,15,0,15,10,4349820,3565,0,0,1235
160,10,0,11,14,4405980,3570,0,0,1245
161,7,0,7,18,4459080,3581,0,0,1252
162,8,0,7,18,4486920,3580,0,0,1260
163,5,0,5,20,4519740,3587,0,0,1265
164,8,0,9,16,4535820,3588,0,0,1273
165,4,0,6,19,4558740,3586,0,0,1277
167,2,0,2,23,4586520,3591,0,0,1279
166,0,0,2,23,4586520,3591,0,0,1279
168,3,0,2,23,4599240,3593,0,0,1282
169,2,0,3,22,4600380,3591,0,0,1284
170,6,0,7,18,4608360,3591,0,0,1290
171,3,0,7,18,4619400,3592,0,0,1293
172,8,0,12,13,4638720,3598,0,0,1301
173,10,0,10,15,4688640,3603,0,0,1311
174,7,0,9,16,4719540,3605,0,0,1318
175,7,0,4,21,4754160,3598,0,0,1325
176,7,0,5,20,4775220,3598,0,0,1332
177,12,0,12,13,4786200,3593,0,0,1344
178,5,0,11,14,4816020,3599,0,0,1349
179,13,0,13,12,4859580,3602,0,0,1362
180,14,0,14,11,4906620,3602,0,0,1376
181,6,0,10,15,4954320,3611,0,0,1382
182,3,0,5,20,4998660,3622,0,0,1385
183,7,0,9,16,5008260,3621,0,0,1392
184,10,0,8,17,5052240,3624,0,0,1402
185,5,0,7,18,5072220,3623,0,0,1407
186,9,0,8,17,5095680,3619,0,0,1416
187,8,0,9,16,5132280,3627,0,0,1424
188,6,0,8,17,5159040,3628,0,0,1430
189,10,0,7,18,5186100,3619,0,0,1440
190,6,0,10,15,5211840,3629,0,0,1446
191,8,0,9,16,5241660,3627,0,0,1454
192,5,0,7,18,5263500,3625,0,0,1459
193,7,0,7,18,5297520,3630,0,0,1466
194,5,0,6,19,5323920,3634,0,0,1471
195,5,0,5,20,5351280,3637,0,0,1476
196,3,0,4,21,5364540,3636,0,0,1479
197,7,0,8,17,5376240,3637,0,0,1486
198,8,0,8,17,5401920,3635,0,0,1494
199,6,0,5,20,5438760,3637,0,0,1500
200,4,0,8,17,5447760,3641,0,0,1504
201,10,0,10,15,5481420,3644,0,0,1514
202,6,0,6,19,5514780,3642,0,0,1520
203,9,0,4,21,5551140,3640,0,0,1529
204,13,0,10,15,5563500,3631,0,0,1542
205,7,0,8,17,5602260,3635,0,0,1549
206,8,0,9,16,5627280,3635,0,0,1557
207,12,0,11,14,5665140,3636,0,0,1569
208,8,0,9,16,5696700,3633,0,0,1577
209,7,0,8,17,5733540,3638,0,0,1584
210,9,0,9,16,5776140,3646,0,0,1593
211,4,0,8,17,5793120,3645,0,0,1597
212,16,0,11,14,5842560,3647,0,0,1613
213,5,0,5,20,5875920,3642,0,0,1618
214,6,0,4,21,5904060,3644,0,0,1624
215,7,0,4,21,5914860,3635,0,0,1631
216,7,0,4,21,5936820,3633,0,0,1638
217,5,0,6,19,5946900,3632,0,0,1643
218,4,0,7,18,5956800,3632,0,0,1647
219,5,0,7,18,5975700,3632,0,0,1652
220,4,0,5,20,6009360,3639,0,0,1656
221,5,0,6,19,6037020,3647,0,0,1661
222,7,0,5,20,6061500,3644,0,0,1668
223,6,0,8,17,6074640,3646,0,0,1674
224,7,0,7,18,6100560,3644,0,0,1681
225,17,0,14,11,6131520,3641,0,0,1698
226,5,0,10,15,6160620,3638,0,0,1703
227,8,0,8,17,6194700,3637,0,0,1711
228,4,0,5,20,6230580,3643,0,0,1715
229,7,0,5,20,6258720,3645,0,0,1722
230,9,0,7,18,6270960,3637,0,0,1731
231,16,0,13,12,6291960,3628,0,0,1747
232,7,0,9,16,6322860,3623,0,0,1754
233,7,0,7,18,6357900,3624,0,0,1761
234,4,0,4,21,6387780,3627,0,0,1765
235,8,0,7,18,6407940,3628,0,0,1773
236,7,0,7,18,6428220,3625,0,0,1780
237,7,0,6,19,6450600,3621,0,0,1787
238,7,0,8,17,6469020,3622,0,0,1794
239,1,0,2,23,6498600,3624,0,0,1795
240,6,0,4,21,6511080,3623,0,0,1801
241,2,0,3,22,6520140,3622,0,0,1803
242,3,0,3,22,6531180,3622,0,0,1806
243,6,0,7,18,6535080,3620,0,0,1812
244,5,0,6,19,6554340,3619,0,0,1817
245,2,0,2,23,6583980,3623,0,0,1819
246,8,0,6,19,6590280,3619,0,0,1827
247,11,0,8,17,6604800,3609,0,0,1838
248,9,0,12,13,6613980,3604,0,0,1847
249,5,0,6,19,6662760,3609,0,0,1852
250,13,0,10,15,6681540,3601,0,0,1865
251,4,0,5,20,6716640,3603,0,0,1869
252,13,0,9,16,6741420,3599,0,0,1882
253,7,0,8,17,6773100,3600,0,0,1889
254,8,0,10,15,6794220,3600,0,0,1897
255,6,0,8,17,6830340,3604,0,0,1903
256,10,0,9,16,6868320,3607,0,0,1913
257,10,0,13,12,6881460,3602,0,0,1923
258,8,0,6,19,6940380,3605,0,0,1931
259,9,0,10,15,6963240,3607,0,0,1940
260,6,0,7,18,6997500,3608,0,0,1946
261,6,0,9,16,7018560,3612,0,0,1952
262,4,0,7,18,7048680,3616,0,0,1956
263,8,0,8,17,7079100,3619,0,0,1964
264,7,0,8,17,7108800,3621,0,0,1971
265,7,0,7,18,7139760,3622,0,0,1978
266,3,0,3,22,7169700,3624,0,0,1981
267,5,0,6,19,7174140,3623,0,0,1986
268,10,0,8,17,7202280,3622,0,0,1996
269,7,0,8,17,7226700,3622,0,0,2003
270,8,0,8,17,7263780,3626,0,0,2011
271,12,0,10,15,7292040,3622,0,0,2023
272,15,0,13,12,7320780,3615,0,0,2038
273,9,0,8,17,7370580,3614,0,0,2047
274,11,0,8,17,7421460,3620,0,0,2058
275,5,0,6,19,7446600,3620,0,0,2063
276,9,0,9,16,7467300,3619,0,0,2072
277,9,0,9,16,7509960,3624,0,0,2081
278,11,0,9,16,7542060,3620,0,0,2092
279,10,0,12,13,7575240,3624,0,0,2102
280,12,0,10,15,7618800,3621,0,0,2114
281,9,0,5,20,7664340,3618,0,0,2123
282,10,0,6,19,7690260,3615,0,0,2133
283,10,0,11,14,7704060,3613,0,0,2143
284,6,0,7,18,7736040,3611,0,0,2149
285,6,0,7,18,7758720,3612,0,0,2155
286,4,0,4,21,7788840,3614,0,0,2159
287,3,0,1,24,7804260,3611,0,0,2162
288,1,0,1,24,7805220,3610,0,0,2163
289,4,0,1,24,7816920,3608,0,0,2167
290,6,0,1,24,7827900,3604,0,0,2173
291,7,0,6,19,7829880,3601,0,0,2180
292,7,0,5,20,7852800,3598,0,0,2187
293,9,0,10,15,7865700,3598,0,0,2196
294,10,0,13,12,7891020,3598,0,0,2206
295,7,0,9,16,7937040,3601,0,0,2213
296,16,0,10,15,7975620,3594,0,0,2229
297,7,0,7,18,8002920,3590,0,0,2236
298,10,0,11,14,8023140,3589,0,0,2246
299,7,0,10,15,8057880,3592,0,0,2253
300,11,0,9,16,8091420,3588,0,0,2264
301,11,0,7,18,8133600,3586,0,0,2275
302,12,0,10,15,8156280,3582,0,0,2287
303,13,0,10,15,8183700,3573,0,0,2300
304,6,0,6,19,8223000,3575,0,0,2306
305,7,0,5,20,8239140,3569,0,0,2313
306,11,0,8,17,8264880,3568,0,0,2324
307,4,0,3,22,8301900,3570,0,0,2328
308,4,0,4,21,8314260,3571,0,0,2332
309,4,0,1,24,8333640,3569,0,0,2336
310,6,0,2,23,8343780,3565,0,0,2342
311,5,0,2,23,8353920,3562,0,0,2347
312,6,0,4,21,8362860,3560,0,0,2353
313,7,0,8,17,8372880,3559,0,0,2360
314,4,0,4,21,8397960,3558,0,0,2364
315,4,0,4,21,8415360,3559,0,0,2368
316,8,0,8,17,8435340,3562,0,0,2376
317,5,0,4,21,8455560,3557,0,0,2381
318,7,0,7,18,8475060,3559,0,0,2388
319,5,0,5,20,8501400,3560,0,0,2393
320,7,0,7,18,8520600,3560,0,0,2400
321,10,0,9,16,8543700,3558,0,0,2410
322,11,0,12,13,8569200,3557,0,0,2421
323,10,0,15,10,8599980,3559,0,0,2431
324,13,0,15,10,8649840,3561,0,0,2444
325,10,0,12,13,8688600,3557,0,0,2454
326,14,0,11,14,8754000,3562,0,0,2468
327,7,0,9,16,8788020,3563,0,0,2475
328,11,0,11,14,8819580,3563,0,0,2486
329,9,0,9,16,8861700,3564,0,0,2495
330,6,0,7,18,8903400,3569,0,0,2501
331,7,0,9,16,8919300,3569,0,0,2508
332,7,0,4,21,8962500,3569,0,0,2515
333,4,0,6,19,8975760,3571,0,0,2519
334,4,0,3,22,9004320,3573,0,0,2523
335,7,0,5,20,9013860,3569,0,0,2530
336,3,0,5,20,9029640,3571,0,0,2533
337,8,0,6,19,9048660,3569,0,0,2541
338,7,0,6,19,9067500,3567,0,0,2548
339,2,0,5,20,9084120,3569,0,0,2550
340,5,0,4,21,9106020,3569,0,0,2555
341,6,0,6,19,9128280,3572,0,0,2561
342,7,0,5,20,9140040,3566,0,0,2568
343,4,0,5,20,9157740,3567,0,0,2572
344,7,0,5,20,9179160,3566,0,0,2579
345,5,0,6,19,9186840,3563,0,0,2584
346,8,0,6,19,9225180,3567,0,0,2592
347,10,0,12,13,9241620,3568,0,0,2602
348,13,0,15,10,9280320,3569,0,0,2615
349,8,0,12,13,9322500,3570,0,0,2623
350,7,0,7,18,9381960,3576,0,0,2630
351,12,0,16,9,9386160,3574,0,0,2642
352,10,0,8,17,9467820,3580,0,0,2652
353,13,0,10,15,9499380,3577,0,0,2665
354,14,0,15,10,9529680,3577,0,0,2679
355,4,0,9,16,9575640,3581,0,0,2683
356,7,0,10,15,9612360,3586,0,0,2690
357,8,0,12,13,9642660,3589,0,0,2698
358,4,0,5,20,9696540,3595,0,0,2702
359,5,0,6,19,9716580,3597,0,0,2707
360,6,0,7,18,9729120,3595,0,0,2713
361,4,0,7,18,9744300,3595,0,0,2717
362,4,0,5,20,9782940,3601,0,0,2721
363,7,0,7,18,9800880,3601,0,0,2728
364,6,0,7,18,9818340,3600,0,0,2734
365,8,0,11,14,9844620,3604,0,0,2742
366,8,0,10,15,9868620,3601,0,0,2750
367,5,0,8,17,9904440,3605,0,0,2755
368,6,0,8,17,9932340,3607,0,0,2761
369,13,0,12,13,9961800,3606,0,0,2774
370,14,0,12,13,10005900,3604,0,0,2788
371,14,0,14,11,10049820,3604,0,0,2802
372,8,0,11,14,10091100,3605,0,0,2810
373,9,0,11,14,10134780,3609,0,0,2819
374,13,0,12,13,10186560,3612,0,0,2832
375,10,0,11,14,10226880,3612,0,0,2842
376,15,0,14,11,10266660,3611,0,0,2857
377,10,0,10,15,10309260,3608,0,0,2867
378,2,0,5,20,10351980,3614,0,0,2869
379,8,0,5,20,10379940,3614,0,0,2877
380,4,0,4,21,10395720,3613,0,0,2881
381,2,0,3,22,10411260,3615,0,0,2883
382,3,0,1,24,10433760,3616,0,0,2886
383,9,0,7,18,10437000,3613,0,0,2895
384,2,0,5,20,10440060,3609,0,0,2897
385,7,0,3,22,10475820,3611,0,0,2904
386,4,0,3,22,10487160,3610,0,0,2908
387,4,0,3,22,10500360,3609,0,0,2912
388,5,0,7,18,10504260,3609,0,0,2917
389,9,0,10,15,10525140,3609,0,0,2926
390,6,0,8,17,10549440,3607,0,0,2932
391,6,0,6,19,10582560,3609,0,0,2938
392,9,0,8,17,10612740,3611,0,0,2947
393,9,0,9,16,10639620,3610,0,0,2956
394,7,0,6,19,10668720,3607,0,0,2963
395,8,0,5,20,10704660,3609,0,0,2971
396,10,0,7,18,10728900,3607,0,0,2981
397,7,0,7,18,10757040,3608,0,0,2988
398,8,0,9,16,10776180,3607,0,0,2996
399,10,0,9,16,10808820,3606,0,0,3006
400,9,0,10,15,10834500,3605,0,0,3015
401,14,0,15,10,10860780,3603,0,0,3029
402,14,0,15,10,10928280,3609,0,0,3043
403,8,0,8,17,10990680,3611,0,0,3051
404,3,0,6,19,11011200,3612,0,0,3054
405,2,0,2,23,11043240,3615,0,0,3056
406,5,0,4,21,11056440,3616,0,0,3061
407,2,0,0,25,11074680,3615,0,0,3063
408,4,0,3,22,11076840,3615,0,0,3067
410,3,0,2,23,11088000,3614,0,0,3070
409,0,0,2,23,11088000,3614,0,0,3070
411,6,0,5,20,11097720,3613,0,0,3076
412,6,0,7,18,11105580,3611,0,0,3082
413,9,0,11,14,11117340,3609,0,0,3091
414,8,0,13,12,11151900,3613,0,0,3099
415,5,0,9,16,11190240,3615,0,0,3104
416,8,0,7,18,11226900,3615,0,0,3112
417,8,0,11,14,11243580,3616,0,0,3120
418,14,0,12,13,11286660,3615,0,0,3134
419,7,0,9,16,11322300,3615,0,0,3141
420,7,0,8,17,11354100,3615,0,0,3148
421,8,0,7,18,11383740,3615,0,0,3156
422,5,0,7,18,11404860,3615,0,0,3161
423,8,0,6,19,11434680,3615,0,0,3169
424,11,0,13,12,11457840,3617,0,0,3180
425,10,0,15,10,11484420,3617,0,0,3190
426,6,0,7,18,11553960,3623,0,0,3196
427,10,0,11,14,11576940,3623,0,0,3206
428,6,0,9,16,11604300,3622,0,0,3212
429,7,0,9,16,11632440,3623,0,0,3219
430,8,0,10,15,11661720,3625,0,0,3227
431,10,0,8,17,11712660,3627,0,0,3237
432,4,0,4,21,11739300,3626,0,0,3241
433,2,0,4,21,11753640,3628,0,0,3243
434,8,0,7,18,11766060,3627,0,0,3251
435,5,0,6,19,11790780,3627,0,0,3256
436,5,0,4,21,11814720,3627,0,0,3261
437,8,0,6,19,11828820,3625,0,0,3269
438,13,0,7,18,11850900,3618,0,0,3282
439,8,0,9,16,11870700,3618,0,0,3290
440,9,0,10,15,11896920,3617,0,0,3299
441,12,0,12,13,11930040,3616,0,0,3311
442,10,0,14,11,11956260,3615,0,0,3321
443,8,0,10,15,12000540,3615,0,0,3329
444,15,5,15,10,12032880,3620,1680,0,3344
445,10,0,18,7,12089040,3623,9120,2,3354
446,14,0,17,8,12146760,3624,9120,2,3368
447,15,0,19,6,12210900,3629,9120,2,3383
448,17,0,16,9,12280860,3629,9120,2,3400
449,7,0,8,17,12343140,3631,9120,2,3407
450,11,0,9,16,12379200,3631,9120,2,3418
451,11,0,10,15,12402300,3627,9120,2,3429
452,3,0,6,19,12433260,3629,9120,2,3432
453,4,0,3,22,12463320,3630,9120,2,3436
454,8,0,4,21,12482160,3628,9120,2,3444
455,8,0,6,19,12502260,3628,9120,2,3452
456,5,0,7,18,12519480,3628,9120,2,3457
457,1,0,3,22,12540600,3629,9120,2,3458
458,5,0,5,20,12554220,3630,9120,2,3463
459,5,0,5,20,12568500,3629,9120,2,3468
460,9,0,7,18,12584640,3626,9120,2,3477
461,3,0,4,21,12603660,3625,9120,2,3480
462,4,0,3,22,12624360,3626,9120,2,3484
463,12,0,11,14,12646140,3628,9120,2,3496
464,5,0,6,19,12675060,3626,9120,2,3501
465,9,0,9,16,12704580,3628,9120,2,3510
466,9,0,12,13,12721740,3627,9120,2,3519
467,14,0,16,9,12760020,3628,9120,2,3533
468,13,0,11,14,12822840,3627,9120,2,3546
469,10,0,13,12,12863760,3630,9120,2,3556
470,5,0,8,17,12901980,3631,9120,2,3561
471,14,0,12,13,12944100,3632,9120,2,3575
472,11,0,14,11,12971460,3631,9120,2,3586
473,6,0,8,17,13014000,3631,9120,2,3592
474,6,0,9,16,13043400,3634,9120,2,3598
475,12,0,10,15,13076520,3632,9120,2,3610
476,8,0,11,14,13118820,3637,9120,2,3618
477,6,0,6,19,13152360,3635,9120,2,3624
478,5,0,4,21,13196520,3640,9120,2,3629
479,6,0,5,20,13214340,3640,9120,2,3635
480,5,0,4,21,13242120,3641,9120,2,3640
481,5,0,4,21,13268040,3644,9120,2,3645
482,5,0,4,21,13275480,3641,9120,2,3650
483,7,0,7,18,13283400,3639,9120,2,3657
484,6,0,5,20,13314000,3639,9120,2,3663
485,7,0,7,18,13323300,3637,9120,2,3670
486,8,0,7,18,13365000,3640,9120,2,3678
487,9,0,9,16,13388460,3640,9120,2,3687
488,9,0,10,15,13415640,3639,9120,2,3696
489,8,0,8,17,13452120,3639,9120,2,3704
490,9,0,8,17,13493640,3642,9120,2,3713
491,10,0,13,12,13508460,3641,9120,2,3723
492,10,0,10,15,13562880,3642,9120,2,3733
493,7,0,9,16,13599900,3645,9120,2,3740
494,7,0,9,16,13635660,3647,9120,2,3747
495,9,0,11,14,13646820,3644,9120,2,3756
496,9,0,8,17,13702140,3647,9120,2,3765
497,9,0,8,17,13729500,3645,9120,2,3774
498,8,0,8,17,13761780,3646,9120,2,3782
499,10,0,9,16,13794300,3646,9120,2,3792
500,9,0,10,15,13816200,3644,9120,2,3801
501,11,0,7,18,13876260,3646,9120,2,3812
502,6,0,9,16,13881720,3644,9120,2,3818
503,5,0,7,18,13916340,3646,9120,2,3823
504,8,0,6,19,13954380,3648,9120,2,3831
505,10,0,10,15,13974300,3647,9120,2,3841
506,5,0,5,20,13999020,3644,9120,2,3846
507,8,0,6,19,14028240,3645,9120,2,3854
508,5,0,6,19,14045340,3645,9120,2,3859
509,5,0,5,20,14059500,3643,9120,2,3864
510,2,0,4,21,14074320,3644,9120,2,3866
511,9,0,9,16,14091120,3644,9120,2,3875
512,11,0,9,16,14127540,3643,9120,2,3886
513,11,0,14,11,14149200,3643,9120,2,3897
514,5,0,8,17,14195040,3645,9120,2,3902
515,9,0,7,18,14237760,3646,9120,2,3911
516,9,0,12,13,14250420,3646,9120,2,3920
517,12,0,11,14,14298660,3646,9120,2,3932
518,11,0,13,12,14333400,3647,9120,2,3943
519,8,0,11,14,14386020,3651,9120,2,3951
520,9,0,10,15,14431020,3653,9120,2,3960
521,10,0,12,13,14460840,3653,9120,2,3970
522,10,0,10,15,14515020,3656,9120,2,3980
523,4,0,5,20,14541180,3654,9120,2,3984
524,7,0,6,19,14558340,3653,9120,2,3991
525,4,0,5,20,14576820,3653,9120,2,3995
526,4,0,4,21,14598480,3654,9120,2,3999
527,6,0,8,17,14605500,3654,9120,2,4005
528,5,0,7,18,14626260,3653,9120,2,4010
529,9,0,10,15,14652780,3654,9120,2,4019
530,6,0,5,20,14685720,3653,9120,2,4025
531,7,0,5,20,14716140,3654,9120,2,4032
532,9,0,6,19,14733420,3651,9120,2,4041
533,7,0,7,18,14751960,3650,9120,2,4048
534,8,0,6,19,14778240,3648,9120,2,4056
535,5,0,5,20,14795940,3647,9120,2,4061
536,9,0,10,15,14806260,3646,9120,2,4070
537,4,0,8,17,14837340,3649,9120,2,4074
538,5,0,6,19,14869860,3650,9120,2,4079
539,13,0,10,15,14892120,3648,9120,2,4092
540,15,0,17,8,14921760,3648,9120,2,4107
541,12,0,11,14,14982180,3647,9120,2,4119
542,19,0,15,10,15023280,3643,9120,2,4138
543,10,0,13,12,15069060,3644,9120,2,4148
544,12,0,11,14,15130980,3646,9120,2,4160
545,7,0,10,15,15159840,3646,9120,2,4167
546,8,0,8,17,15198600,3647,9120,2,4175
547,5,0,3,22,15232080,3646,9120,2,4180
548,9,0,8,17,15241920,3645,9120,2,4189
549,7,0,6,19,15268620,3644,9120,2,4196
550,4,0,4,21,15298200,3645,9120,2,4200
551,5,0,4,21,15319140,3646,9120,2,4205
552,10,0,7,18,15335280,3644,9120,2,4215
553,5,0,9,16,15352500,3645,9120,2,4220
554,5,0,5,20,15397380,3648,9120,2,4225
555,7,0,6,19,15418260,3648,9120,2,4232
556,9,0,7,18,15447120,3648,9120,2,4241
557,8,0,7,18,15467880,3646,9120,2,4249
558,11,0,9,16,15501000,3646,9120,2,4260
559,7,0,5,20,15525420,3642,9120,2,4267
560,8,0,11,14,15531960,3642,9120,2,4275
561,8,0,9,16,15570120,3642,9120,2,4283
562,6,0,4,21,15615180,3644,9120,2,4289
563,10,0,7,18,15627720,3641,9120,2,4299
564,9,0,8,17,15655560,3640,9120,2,4308
565,14,0,10,15,15680520,3636,9120,2,4322
566,11,0,11,14,15716940,3636,9120,2,4333
567,10,0,13,12,15748200,3636,9120,2,4343
568,7,0,9,16,15791520,3637,9120,2,4350
569,12,0,14,11,15829620,3640,9120,2,4362
570,6,0,11,14,15853560,3638,9120,2,4368
571,9,0,5,20,15928800,3643,9120,2,4377
572,10,0,7,18,15961680,3644,9120,2,4387
573,11,0,13,12,15976560,3643,9120,2,4398
574,8,0,13,12,16004160,3643,9120,2,4406
575,4,0,8,17,16055580,3647,9120,2,4410
576,8,0,6,19,16087560,3646,9120,2,4418
577,10,0,9,16,16113540,3646,9120,2,4428
578,9,0,10,15,16147980,3647,9120,2,4437
579,3,0,3,22,16188120,3648,9120,2,4440
580,5,0,5,20,16198320,3648,9120,2,4445
581,3,0,2,23,16218060,3647,9120,2,4448
582,3,0,3,22,16230420,3648,9120,2,4451
583,10,0,5,20,16246380,3645,9120,2,4461
584,10,0,11,14,16256880,3645,9120,2,4471
585,11,0,8,17,16302540,3643,9120,2,4482
586,10,0,12,13,16312680,3641,9120,2,4492
587,13,0,11,14,16374060,3643,9120,2,4505
588,14,0,11,14,16409760,3640,9120,2,4519
589,5,0,5,20,16441740,3638,9120,2,4524
590,12,0,8,17,16468140,3636,9120,2,4536
591,11,0,10,15,16497600,3636,9120,2,4547
592,13,0,14,11,16525380,3635,9120,2,4560
593,10,0,11,14,16572000,3635,9120,1,4570
594,9,0,10,15,16613280,3636,9120,1,4579
595,6,0,6,19,16644540,3634,9120,1,4585
596,5,0,8,17,16669680,3638,9120,1,4590
597,7,0,7,18,16705800,3639,9120,1,4597
598,7,0,5,20,16735200,3638,9120,1,4604
599,9,0,7,18,16748280,3636,9120,1,4613
600,8,0,7,18,16773240,3635,9120,1,4621
601,6,0,8,17,16786920,3634,9120,1,4627
602,8,0,9,16,16815360,3634,9120,1,4635
603,3,0,3,22,16849140,3635,9120,1,4638
604,5,0,5,20,16859640,3635,9120,1,4643
605,8,0,8,17,16872480,3633,9120,1,4651
606,5,0,7,18,16898520,3634,9120,1,4656
607,6,0,4,21,16935120,3635,9120,1,4662
608,5,0,5,20,16953540,3636,9120,1,4667
609,10,0,10,15,16961820,3634,9120,1,4677
610,11,0,8,17,17001480,3632,9120,1,4688
611,11,0,13,12,17027220,3633,9120,1,4699
612,15,0,15,10,17071740,3633,9120,1,4714
613,7,0,12,13,17117100,3634,9120,1,4721
614,14,0,14,11,17180280,3639,9120,1,4735
615,12,0,12,13,17225460,3637,9120,1,4747
616,13,0,17,8,17264820,3640,9120,1,4760
617,11,0,16,9,17304480,3639,9120,1,4771
618,14,0,15,10,17377500,3643,9120,1,4785
619,8,0,11,14,17424180,3643,9120,1,4793
620,7,0,6,19,17469240,3643,9120,1,4800
621,9,0,11,14,17484360,3644,9120,1,4809
622,8,0,12,13,17515260,3645,9120,1,4817
623,4,0,5,20,17568300,3647,9120,1,4821
624,8,0,6,19,17594400,3648,9120,1,4829
625,4,0,4,21,17617560,3648,9120,1,4833
626,9,0,9,16,17632740,3648,9120,1,4842
627,7,0,8,17,17662140,3648,9120,1,4849
628,8,0,9,16,17681880,3647,9120,1,4857
629,3,0,1,24,17729880,3648,9120,1,4860
630,6,0,5,20,17735160,3648,9120,1,4866
631,10,0,10,15,17748180,3647,9120,1,4876
632,9,0,11,14,17767560,3645,9120,1,4885
633,6,0,8,17,17816880,3648,9120,1,4891
634,7,0,8,17,17849580,3650,9120,1,4898
635,4,0,3,22,17886960,3651,9120,1,4902
636,7,0,4,21,17900340,3649,9120,1,4909
637,8,0,7,18,17916120,3648,9120,1,4917
638,9,0,9,16,17937240,3648,9120,1,4926
639,9,0,9,16,17969580,3647,9120,1,4935
640,6,0,8,17,17985300,3645,9120,1,4941
641,7,0,6,19,18027720,3647,9120,1,4948
642,5,0,5,20,18053940,3648,9120,1,4953
643,8,0,6,19,18073440,3647,9120,1,4961
644,4,0,5,20,18090660,3647,9120,1,4965
645,8,0,6,19,18110700,3646,9120,1,4973
646,5,0,7,18,18127560,3646,9120,1,4978
647,5,0,8,17,18154380,3649,9120,1,4983
648,1,0,4,21,18174240,3649,9120,1,4984
649,3,0,6,19,18183720,3650,9120,1,4987
650,6,0,4,21,18222060,3652,9120,1,4993
651,4,0,4,21,18229740,3651,9120,1,4997
652,3,0,6,19,18233220,3651,9120,1,5000
653,11,0,9,16,18255300,3649,9120,1,5011
654,8,0,10,15,18288180,3651,9120,1,5019
655,7,0,11,14,18307260,3650,9120,1,5026
656,3,0,6,19,18354300,3654,9120,1,5029
657,11,0,10,15,18382020,3654,9120,1,5040
658,12,0,15,10,18401760,3653,9120,1,5052
659,14,0,13,12,18459600,3653,9120,1,5066
660,11,0,12,13,18517860,3656,9120,1,5077
661,9,0,12,13,18557340,3657,9120,1,5086
662,9,0,12,13,18591720,3657,9120,1,5095
663,9,0,8,17,18642060,3658,9120,1,5104
664,11,0,7,18,18680520,3657,9120,1,5115
665,15,0,13,12,18705120,3655,9120,1,5130
666,6,0,12,13,18728760,3655,9120,1,5136
667,11,0,11,14,18778260,3656,9120,1,5147
668,10,0,10,15,18809700,3654,9120,1,5157
669,8,0,5,20,18864420,3655,9120,1,5165
670,4,0,5,20,18885120,3657,9120,1,5169
671,8,0,7,18,18902400,3656,9120,1,5177
672,8,0,8,17,18928380,3656,9120,1,5185
673,5,0,12,13,18929160,3655,9120,1,5190
674,5,0,11,14,18947820,3655,9120,1,5195
675,4,0,12,13,18955740,3654,9120,1,5199
676,5,0,12,13,18971940,3654,9120,1,5204
677,1,0,8,17,19000380,3656,9120,1,5205
678,7,0,12,13,19006380,3655,9120,1,5212
679,5,0,12,13,19028460,3655,9120,1,5217
680,8,0,13,12,19049100,3654,9120,1,5225
681,6,0,14,11,19069920,3655,9120,1,5231
682,13,0,16,9,19098000,3653,9120,1,5244
683,5,0,14,11,19123800,3653,9120,1,5249
684,13,0,17,8,19166580,3654,9120,1,5262
685,6,0,16,9,19191480,3654,9120,1,5268
686,14,0,16,9,19250760,3655,9120,1,5282
687,9,0,20,5,19267080,3655,9120,1,5291
688,12,0,15,10,19311420,3651,9120,1,5303
689,5,0,14,11,19343520,3653,9120,1,5308
690,7,0,15,10,19369800,3654,9120,1,5315
691,8,0,17,8,19385100,3653,9120,1,5323
692,6,0,17,8,19418940,3655,9120,1,5329
693,7,0,18,7,19448580,3657,9120,1,5336
694,3,0,11,14,19494120,3658,9120,1,5339
695,4,0,11,14,19514220,3659,9120,1,5343
696,6,0,12,13,19531920,3659,9120,1,5349
697,10,0,16,9,19546680,3658,9120,1,5359
698,7,0,14,11,19585800,3659,9120,1,5366
699,5,0,13,12,19610340,3660,9120,1,5371
700,6,0,13,12,19629660,3659,9120,1,5377
701,12,0,19,6,19651680,3659,9120,1,5389
702,6,0,13,12,19687680,3658,9120,1,5395
703,10,0,17,8,19701180,3656,9120,1,5405
704,13,0,17,8,19755600,3657,9120,1,5418
705,8,0,18,7,19776360,3656,9120,1,5426
706,4,0,12,13,19831440,3660,9120,1,5430
707,11,0,17,8,19851720,3659,9120,1,5441
708,18,0,23,2,19883040,3657,9120,1,5459
709,15,0,20,5,19932240,3654,9120,1,5474
710,12,0,22,3,19969920,3654,9120,1,5486
711,12,0,22,3,20020500,3656,9300,1,5498
712,11,0,21,4,20074200,3657,10800,1,5509
713,5,0,16,9,20112360,3658,10800,1,5514
714,9,0,15,10,20161080,3660,10800,1,5523
715,10,0,15,10,20190480,3659,10800,1,5533
716,8,0,10,15,20232360,3657,10800,1,5541
717,7,0,12,13,20247480,3657,10800,1,5548
718,10,0,17,8,20257560,3655,10800,1,5558
719,6,0,16,9,20281080,3655,10800,1,5564
720,11,0,18,7,20321640,3656,10800,1,5575
721,7,0,16,9,20355540,3657,10800,1,5582
722,8,0,16,9,20390940,3658,10800,1,5590
723,9,0,14,11,20424720,3657,10800,1,5599
724,5,0,14,11,20442900,3657,10800,1,5604
725,7,0,12,13,20468400,3655,10800,1,5611
726,2,0,8,17,20492520,3656,10800,1,5613
727,1,0,9,16,20492520,3656,10800,1,5614
728,6,0,10,15,20507280,3655,10800,1,5620
729,11,0,16,9,20511720,3653,10800,1,5631
730,9,0,16,9,20540040,3652,10800,1,5640
731,12,0,20,5,20574420,3653,14580,2,5652
732,11,0,22,3,20610960,3653,14580,2,5663
733,9,0,19,6,20671200,3656,14580,2,5672
734,13,0,18,7,20727960,3657,14580,2,5685
735,11,0,15,10,20777220,3657,14580,2,5696
736,9,0,16,9,20803860,3656,14580,2,5705
737,7,0,12,13,20854800,3658,14580,2,5712
738,8,0,13,12,20870760,3657,14580,2,5720
739,11,0,15,10,20894820,3655,14580,2,5731
740,8,0,15,10,20918580,3654,14580,2,5739
741,9,0,16,9,20953440,3655,14580,2,5748
742,7,0,15,10,20978640,3654,14580,2,5755
743,5,0,12,13,21007860,3654,14580,2,5760
744,5,0,14,11,21012180,3653,14580,2,5765
745,3,0,8,17,21056220,3655,14580,2,5768
746,6,0,11,14,21061980,3654,14580,2,5774
747,9,0,11,14,21083640,3652,14580,2,5783
748,6,0,13,12,21100560,3653,14580,2,5789
749,5,0,15,10,21106680,3652,14580,2,5794
750,7,0,17,8,21123300,3652,14580,2,5801
751,11,0,18,7,21154020,3651,14580,2,5812
752,8,0,16,9,21198660,3652,14580,2,5820
753,11,0,19,6,21227160,3652,14580,2,5831
754,6,0,15,10,21274500,3654,14580,2,5837
755,15,0,18,7,21309960,3652,14580,2,5852
756,10,0,19,6,21340320,3652,14580,2,5862
757,11,0,18,7,21386340,3652,14580,2,5873
758,22,0,25,0,21424620,3649,14580,2,5895
759,10,0,21,4,21480840,3650,15540,2,5905
760,12,8,18,7,21514560,3652,16140,2,5917
761,9,10,19,6,21561900,3656,38580,6,5926
762,9,0,17,8,21622620,3653,78120,13,5935
763,5,0,15,10,21648180,3653,78120,13,5940
764,10,0,17,8,21686280,3655,78120,13,5950
765,7,0,16,9,21729360,3657,78120,13,5957
766,5,0,12,13,21756000,3656,78120,13,5962
767,3,0,11,14,21794340,3660,78120,13,5965
768,7,0,13,12,21805980,3659,78120,13,5972
769,4,0,12,13,21829740,3660,78120,13,5976
770,6,0,15,10,21838380,3659,78120,13,5982
771,8,0,14,11,21870840,3659,78120,13,5990
772,11,0,19,6,21884340,3658,78120,13,6001
773,4,0,16,9,21919980,3660,78120,13,6005
774,6,0,13,12,21966420,3662,78120,12,6011
775,8,0,13,12,21989880,3661,78120,12,6019
776,6,0,14,11,22018320,3663,78120,12,6025
777,8,0,17,8,22034280,3662,78120,12,6033
778,11,0,17,8,22084680,3664,78120,12,6044
779,19,6,25,0,22101660,3664,79680,13,6063
780,9,0,19,6,22183200,3664,89100,14,6072
781,11,0,21,4,22229520,3667,89100,14,6083
782,7,0,16,9,22275060,3667,89100,14,6090
783,13,0,18,7,22321680,3668,89100,14,6103
784,11,0,15,10,22347420,3664,89100,14,6114
785,8,0,15,10,22370760,3663,89100,14,6122
786,14,0,22,3,22402020,3664,89100,14,6136
787,7,0,19,6,22436760,3663,89100,14,6143
788,10,0,17,8,22493640,3665,89100,14,6153
789,5,0,14,11,22518300,3665,89100,14,6158
790,8,0,16,9,22549020,3666,89100,14,6166
791,4,0,11,14,22581300,3666,89100,14,6170
792,8,0,13,12,22609680,3667,89100,14,6178
793,5,0,14,11,22619280,3666,89100,14,6183
794,2,0,11,14,22648620,3668,89100,14,6185
795,4,0,11,14,22666080,3668,89100,14,6189
796,6,0,11,14,22688340,3668,89100,14,6195
797,4,0,11,14,22699140,3668,89100,14,6199
798,3,0,11,14,22710720,3668,89100,14,6202
799,10,0,16,9,22721820,3667,89100,14,6212
800,8,0,15,10,22752420,3666,89100,14,6220
801,6,0,12,13,22789320,3667,89100,14,6226
802,12,0,18,7,22805880,3666,89100,14,6238
803,7,0,16,9,22833120,3665,89100,14,6245
804,5,0,16,9,22857960,3666,89100,14,6250
805,7,0,15,10,22903680,3669,89100,14,6257
806,12,0,18,7,22925340,3667,89100,14,6269
807,9,0,18,7,22958640,3667,89100,14,6278
808,9,0,14,11,23013120,3668,89100,14,6287
809,1,0,10,15,23040840,3670,89100,14,6288
810,10,0,14,11,23060520,3669,89100,14,6298
811,4,0,12,13,23075700,3668,89100,14,6302
812,8,0,17,8,23085420,3668,89100,14,6310
813,6,0,12,13,23135580,3669,89100,14,6316
814,8,0,16,9,23150940,3670,89100,14,6324
815,7,0,14,11,23174640,3668,89100,14,6331
816,4,0,12,13,23200260,3669,89100,14,6335
817,4,0,11,14,23220360,3669,89100,14,6339
818,9,0,12,13,23242320,3668,89100,14,6348
819,3,0,9,16,23263620,3668,89100,14,6351
820,5,0,9,16,23280720,3667,89100,14,6356
821,6,0,13,12,23284440,3667,89100,14,6362
822,8,0,17,8,23297880,3667,89100,13,6370
823,7,0,18,7,23322960,3667,89100,13,6377
824,5,0,14,11,23358660,3668,89100,13,6382
825,9,0,14,11,23390640,3667,89100,13,6391
826,14,0,17,8,23424000,3666,89100,13,6405
827,10,0,16,9,23456640,3665,89100,13,6415
828,9,0,17,8,23481180,3664,89100,13,6424
829,12,0,14,11,23533380,3664,89100,13,6436
830,6,0,14,11,23563800,3665,89100,13,6442
831,13,0,19,6,23584980,3664,89100,13,6455
832,20,0,21,4,23637060,3662,89100,13,6475
833,13,1,25,0,23665020,3662,89100,13,6488
834,10,0,18,7,23729640,3661,89400,13,6498
835,7,0,16,9,23771760,3663,89400,13,6505
836,10,0,16,9,23816520,3664,89400,13,6515
837,4,0,16,9,23841000,3666,89400,13,6519
838,3,0,12,13,23876520,3667,89400,13,6522
839,5,0,12,13,23903820,3669,89400,13,6527
840,4,0,13,12,23917740,3669,89400,13,6531
841,3,0,10,15,23942520,3669,89400,13,6534
842,7,0,12,13,23959740,3669,89400,13,6541
843,6,0,13,12,23980800,3670,89400,13,6547
844,4,0,10,15,23995140,3668,89400,13,6551
845,8,0,12,13,24015780,3668,89400,13,6559
846,8,0,17,8,24027300,3668,89400,13,6567
847,8,0,12,13,24065940,3666,89400,13,6575
848,8,0,15,10,24077040,3665,89400,13,6583
849,10,0,18,7,24105540,3666,89400,13,6593
850,10,0,16,9,24153840,3666,89400,13,6603
851,5,0,12,13,24184440,3666,89400,13,6608
852,13,0,17,8,24202320,3664,89400,13,6621
853,9,0,19,6,24222960,3664,89400,13,6630
854,11,0,16,9,24278040,3664,89400,13,6641
855,10,0,16,9,24323460,3665,89400,13,6651
856,10,0,14,11,24353940,3663,89400,13,6661
857,6,0,15,10,24368220,3663,89400,13,6667
858,10,0,16,9,24403260,3663,89400,13,6677
859,12,0,19,6,24427140,3662,89400,13,6689
860,9,1,20,5,24464460,3663,90720,13,6698
861,5,0,13,12,24533040,3667,91500,13,6703
862,7,0,14,11,24557580,3667,91500,13,6710
863,7,0,16,9,24563460,3665,91500,13,6717
864,9,0,13,12,24618480,3667,91500,13,6726
865,8,0,17,8,24632160,3667,91500,13,6734
866,10,0,20,5,24656340,3666,91500,13,6744
867,6,0,17,8,24696480,3667,91500,13,6750
868,4,0,10,15,24757500,3671,91500,13,6754
869,4,0,13,12,24758100,3670,91500,13,6758
870,6,0,15,10,24774900,3670,91500,13,6764
871,10,0,19,6,24793260,3670,91500,13,6774
872,12,0,21,4,24831480,3670,91500,13,6786
873,12,0,25,0,24856560,3669,91500,13,6798
874,9,0,19,6,24921660,3671,91560,13,6807
875,22,18,18,7,24954240,3673,93900,13,6829
876,15,30,17,8,24984720,3675,101160,14,6844
877,7,23,22,3,25050780,3680,164520,24,6851
878,10,22,25,0,25076220,3680,216540,31,6861
879,14,19,25,0,25165980,3684,288000,41,6875
880,10,4,25,0,25227660,3679,482640,70,6885
881,7,0,15,10,25284060,3676,529080,76,6892
882,15,0,18,7,25325400,3676,529080,76,6907
883,6,0,15,10,25360800,3676,529080,76,6913
884,5,0,12,13,25392240,3676,529080,76,6918
885,4,0,10,15,25411440,3676,529080,76,6922
886,7,0,16,9,25414560,3676,529080,76,6929
887,5,0,15,10,25441440,3677,529080,76,6934
888,5,0,14,11,25468020,3677,529080,76,6939
889,4,0,11,14,25502040,3678,529080,76,6943
890,8,0,13,12,25519740,3678,529080,76,6951
891,7,0,14,11,25541400,3678,529080,76,6958
892,13,0,21,4,25557000,3677,529080,75,6971
893,7,0,16,9,25604220,3677,529080,75,6978
894,15,0,23,2,25641120,3678,529080,75,6993
895,9,0,17,8,25692960,3678,529080,75,7002
896,3,0,13,12,25719240,3678,529080,75,7005
897,10,0,16,9,25742940,3678,529080,75,7015
898,14,0,17,8,25784580,3677,529080,75,7029
899,13,0,21,4,25812540,3676,529080,75,7042
900,13,0,16,9,25876080,3676,529080,74,7055
901,10,0,15,10,25914840,3675,529080,74,7065
902,11,0,12,13,25951620,3673,529080,74,7076
903,11,0,15,10,25974480,3672,529080,74,7087
904,8,0,15,10,25988160,3670,529080,74,7095
905,10,0,18,7,26022240,3671,529080,74,7105
906,15,0,19,6,26065980,3670,529080,74,7120
907,2,0,11,14,26094540,3669,529080,74,7122
908,9,0,16,9,26112900,3670,529080,74,7131
909,3,0,10,15,26159940,3672,529080,74,7134
910,5,0,12,13,26174400,3672,529080,74,7139
911,7,0,14,11,26183940,3671,529080,74,7146
912,3,0,10,15,26204520,3670,529080,74,7149
913,6,0,12,13,26221020,3670,529080,73,7155
914,6,0,11,14,26243880,3670,529080,73,7161
915,4,0,14,11,26244720,3670,529080,73,7165
916,9,0,15,10,26267520,3669,529080,73,7174
917,4,0,11,14,26309100,3670,529080,73,7178
918,12,0,17,8,26324340,3669,529080,73,7190
919,9,0,22,3,26339280,3669,529080,73,7199
920,9,0,17,8,26404740,3671,529080,73,7208
921,7,0,12,13,26445480,3671,529080,73,7215
922,7,0,12,13,26465340,3670,529080,73,7222
923,14,0,19,6,26483520,3669,529080,73,7236
924,13,0,22,3,26526540,3670,529080,72,7249
925,13,0,23,2,26569800,3670,530520,73,7262
926,13,0,19,6,26640600,3671,530520,72,7275
927,12,0,19,6,26694960,3672,530520,72,7287
928,10,0,19,6,26732760,3673,530520,72,7297
929,8,0,15,10,26765700,3671,530520,72,7305
930,6,0,14,11,26802240,3673,530520,72,7311
931,8,0,14,11,26828280,3672,530520,72,7319
932,7,0,18,7,26835780,3672,530520,72,7326
933,12,0,22,3,26864220,3671,530520,72,7338
934,5,0,14,11,26925960,3673,530520,72,7343
935,2,0,12,13,26950440,3675,530520,72,7345
936,10,0,14,11,26980980,3675,530520,72,7355
937,3,0,10,15,26995560,3673,530520,72,7358
938,5,0,9,16,27013980,3673,530520,72,7363
939,7,0,14,11,27015660,3672,530520,71,7370
940,5,0,13,12,27033540,3672,530520,71,7375
941,6,0,10,15,27060780,3671,530520,71,7381
942,9,0,14,11,27072300,3670,530520,71,7390
943,3,0,11,14,27093120,3670,530520,71,7393
944,11,0,11,14,27121500,3668,530520,71,7404
945,11,0,14,11,27139080,3666,530520,71,7415
946,8,0,14,11,27161100,3665,530520,71,7423
947,10,0,21,4,27168300,3665,530520,71,7433
948,8,0,16,9,27216120,3665,530520,71,7441
949,10,0,15,10,27261000,3666,530520,71,7451
950,9,0,17,8,27282540,3665,530520,71,7460
951,8,0,18,7,27316860,3666,530520,71,7468
952,7,0,15,10,27364140,3668,530520,70,7475
953,10,0,16,9,27390960,3667,530520,70,7485
954,11,0,19,6,27411660,3666,530520,70,7496
955,3,0,11,14,27458100,3666,530520,70,7499
956,6,0,10,15,27474600,3665,530520,70,7505
957,10,0,15,10,27478740,3663,530520,70,7515
958,4,0,12,13,27503820,3663,530520,70,7519
959,6,0,13,12,27514440,3662,530520,70,7525
960,6,0,14,11,27536880,3663,530520,70,7531
961,7,0,13,12,27566520,3663,530520,70,7538
962,7,0,11,14,27597600,3663,530520,70,7545
963,4,0,10,15,27617340,3663,530520,70,7549
964,2,0,10,15,27620880,3662,530520,70,7551
965,7,0,12,13,27636660,3662,530520,70,7558
966,10,0,18,7,27651780,3662,530520,70,7568
967,8,0,15,10,27693300,3662,530520,70,7576
968,5,0,9,16,27735060,3662,530520,69,7581
969,10,0,16,9,27739920,3662,530520,69,7591
970,10,0,18,7,27756600,3660,530520,69,7601
971,15,0,14,11,27804240,3657,530520,69,7616
972,17,0,18,7,27837900,3655,530520,69,7633
973,11,0,16,9,27876000,3654,530520,69,7644
974,17,0,25,0,27910020,3655,530520,69,7661
975,17,0,22,3,27969660,3653,534840,69,7678
976,7,0,19,6,28012140,3654,534840,69,7685
977,6,0,14,11,28074780,3656,534840,69,7691
978,5,0,15,10,28087140,3656,534840,69,7696
979,4,0,10,15,28121460,3656,534840,69,7700
980,5,0,13,12,28127520,3656,534840,69,7705
981,6,0,13,12,28141980,3655,534840,69,7711
982,8,0,14,11,28160820,3654,534840,69,7719
983,3,0,11,14,28188240,3655,534840,69,7722
984,5,0,12,13,28200720,3655,534840,69,7727
985,4,0,13,12,28218480,3656,534840,69,7731
986,4,0,9,16,28250280,3656,534840,69,7735
987,1,0,9,16,28252800,3656,534840,69,7736
988,4,0,10,15,28262400,3656,534840,69,7740
989,4,0,11,14,28277700,3656,534840,69,7744
990,8,0,13,12,28296540,3656,534840,68,7752
991,7,0,15,10,28313700,3656,534840,68,7759
992,7,0,16,9,28330620,3655,534840,68,7766
993,6,0,13,12,28370580,3656,534840,68,7772
994,10,0,15,10,28402320,3656,534840,68,7782
995,6,0,13,12,28432800,3656,534840,68,7788
996,11,0,21,4,28443060,3656,534840,68,7799
997,4,0,16,9,28478400,3657,534840,68,7803
998,4,0,13,12,28518600,3659,534840,68,7807
999,15,0,18,7,28544100,3657,534840,68,7822
1000,8,0,20,5,28568400,3657,534840,68,7830
1001,7,0,20,5,28600680,3658,534840,68,7837
1002,8,0,15,10,28665660,3661,534840,68,7845
1003,13,0,23,2,28676340,3660,534840,68,7858
1004,6,0,16,9,28736820,3661,534840,68,7864
1005,12,0,17,8,28771320,3660,534840,67,7876
1006,7,0,14,11,28818540,3662,534840,67,7883
1007,3,0,12,13,28845480,3663,534840,67,7886
1008,9,0,13,12,28862340,3661,534840,67,7895
1009,10,0,14,11,28887660,3660,534840,67,7905
1010,4,0,14,11,28908000,3661,534840,67,7909
1011,4,0,12,13,28942380,3663,534840,67,7913
1012,4,0,11,14,28968540,3664,534840,67,7917
1013,7,0,12,13,28987260,3663,534840,67,7924
1014,6,0,16,9,28991820,3663,534840,67,7930
1015,6,0,15,10,29031900,3665,534840,67,7936
1016,10,0,19,6,29049120,3664,534840,67,7946
1017,6,0,14,11,29094120,3665,534840,67,7952
1018,6,0,13,12,29120700,3665,534840,67,7958
1019,10,0,17,8,29143140,3665,534840,67,7968
1020,7,0,16,9,29167500,3664,534840,67,7975
1021,13,0,20,5,29205960,3665,534840,66,7988
1022,6,0,14,11,29246520,3664,534840,66,7994
1023,7,0,14,11,29276880,3665,534840,66,8001
1024,4,0,12,13,29302440,3666,534840,66,8005
1025,3,0,8,17,29333220,3666,534840,66,8008
1026,7,0,13,12,29337000,3666,534840,66,8015
1027,13,0,16,9,29349060,3663,534840,66,8028
1028,5,0,11,14,29378640,3662,534840,66,8033
1029,9,0,16,9,29390220,3661,534840,66,8042
1030,7,0,14,11,29417280,3661,534840,66,8049
1031,7,0,16,9,29450940,3663,534840,66,8056
1032,9,0,18,7,29468640,3662,534840,66,8065
1033,10,0,16,9,29510640,3661,534840,66,8075
1034,9,0,18,7,29545200,3662,534840,66,8084
1035,7,0,18,7,29570580,3662,534840,66,8091
1036,8,0,16,9,29615100,3663,534840,66,8099
1037,7,0,16,9,29650920,3665,534840,65,8106
1038,12,0,18,7,29685420,3664,534840,65,8118
1039,10,0,17,8,29726580,3664,534840,65,8128
1040,6,0,14,11,29762820,3665,534840,65,8134
1041,9,0,15,10,29779020,3663,534840,65,8143
1042,5,0,11,14,29818620,3664,534840,65,8148
1043,8,0,15,10,29828280,3663,534840,65,8156
1044,11,0,15,10,29863500,3663,534840,65,8167
1045,6,0,14,11,29887440,3663,534840,65,8173
1046,15,0,21,4,29909880,3662,534840,65,8188
1047,7,0,16,9,29945880,3661,534840,65,8195
1048,11,0,18,7,29978940,3661,534840,65,8206
1049,8,0,15,10,30020940,3661,534840,65,8214
1050,8,0,16,9,30052140,3662,534840,65,8222
1051,4,0,15,10,30075480,3662,534840,65,8226
1052,4,0,12,13,30105060,3663,534840,64,8230
1053,7,0,14,11,30131580,3664,534840,64,8237
1054,10,0,17,8,30162300,3664,534840,64,8247
1055,9,0,16,9,30187260,3663,534840,64,8256
1056,4,0,10,15,30235020,3664,534840,64,8260
1057,5,0,13,12,30247920,3665,534840,64,8265
1058,5,0,12,13,30271020,3665,534840,64,8270
1059,9,0,18,7,30277380,3665,534840,64,8279
1060,4,0,11,14,30316800,3664,534840,64,8283
1061,6,0,14,11,30329400,3665,534840,64,8289
1062,8,0,15,10,30352440,3664,534840,64,8297
1063,6,0,16,9,30369540,3664,534840,64,8303
1064,5,0,15,10,30397020,3665,534840,64,8308
1065,10,0,12,13,30445080,3665,534840,64,8318
1066,10,0,13,12,30469260,3664,534840,64,8328
1067,11,0,14,11,30487980,3662,534840,64,8339
1068,18,0,20,5,30524520,3661,534840,63,8357
1069,9,0,21,4,30552900,3661,536280,64,8366
1070,7,0,17,8,30603780,3662,536280,64,8373
1071,11,0,16,9,30646560,3662,536280,63,8384
1072,11,0,18,7,30678420,3662,536280,63,8395
1073,7,0,19,6,30705660,3662,536280,63,8402
1074,9,0,13,12,30758340,3662,536280,63,8411
1075,8,0,14,11,30776280,3661,536280,63,8419
1076,8,0,13,12,30814920,3662,536580,63,8427
1077,3,0,12,13,30833880,3662,536580,63,8430
1078,10,0,14,11,30870660,3663,536820,63,8440
1079,6,0,12,13,30894300,3663,536820,63,8446
1080,2,0,8,17,30931980,3664,536820,63,8448
1081,4,0,10,15,30935580,3664,536820,63,8452
1082,2,0,11,14,30936360,3664,536820,63,8454
1083,4,0,10,15,30955320,3664,536820,63,8458
1084,6,0,14,11,30961980,3664,536820,63,8464
1085,13,0,18,7,30982200,3662,536820,63,8477
1086,5,0,15,10,31015020,3663,536820,63,8482
1087,5,0,17,8,31022160,3662,536820,63,8487
1088,8,0,13,12,31080660,3664,536820,63,8495
1089,6,0,13,12,31095840,3663,536820,63,8501
1090,7,0,16,9,31110060,3663,536820,63,8508
1091,8,0,16,9,31153200,3665,536820,63,8516
1092,7,0,14,11,31188720,3665,536820,62,8523
1093,10,0,16,9,31218600,3665,536820,62,8533
1094,5,0,15,10,31244340,3665,536820,62,8538
1095,12,0,17,8,31295580,3667,536820,62,8550
1096,10,0,17,8,31325640,3666,536820,62,8560
1097,7,0,14,11,31360620,3666,536820,62,8567
1098,6,0,15,10,31378320,3666,536820,62,8573
1099,13,0,20,5,31411560,3667,536820,62,8586
1100,5,0,16,9,31448640,3667,536820,62,8591
1101,4,0,14,11,31486020,3669,536820,62,8595
1102,5,0,13,12,31512540,3669,536820,62,8600
1103,8,0,15,10,31531860,3669,536820,62,8608
1104,5,0,12,13,31554660,3668,536820,62,8613
1105,4,0,13,12,31575420,3669,536820,62,8617
1106,11,0,18,7,31591440,3669,536820,62,8628
1107,7,0,16,9,31621740,3668,536820,62,8635
1108,6,0,16,9,31654680,3670,536820,62,8641
1109,6,0,16,9,31683840,3670,536820,62,8647
1110,9,0,13,12,31721340,3670,536820,62,8656
1111,15,0,20,5,31746420,3669,536820,61,8671
1112,5,0,16,9,31778700,3669,536820,61,8676
1113,5,0,14,11,31816260,3670,536820,61,8681
1114,11,0,13,12,31861440,3671,536820,61,8692
1115,10,0,16,9,31879380,3670,536820,61,8702
1116,12,0,21,4,31910640,3670,536820,61,8714
1117,14,0,18,7,31957380,3669,536820,61,8728
1118,8,0,14,11,31995480,3668,536820,61,8736
1119,9,0,17,8,32024760,3669,536820,61,8745
1120,18,2,25,0,32047680,3668,538080,61,8763
1121,10,3,20,5,32106780,3669,546720,62,8773
1122,11,0,19,6,32149920,3667,555180,63,8784
1123,5,0,16,9,32196960,3670,555180,63,8789
1124,4,0,14,11,32219580,3670,555180,63,8793
1125,9,0,17,8,32243100,3670,555180,63,8802
1126,4,0,15,10,32266680,3670,555180,63,8806
1127,3,0,10,15,32315880,3672,555180,63,8809
1128,8,0,12,13,32329740,3671,555180,62,8817
1129,7,0,10,15,32351580,3670,555180,62,8824
1130,5,0,12,13,32366220,3670,555180,62,8829
1131,3,0,14,11,32369100,3670,555180,62,8832
1132,8,0,18,7,32390580,3671,555180,62,8840
1133,7,0,15,10,32426700,3671,555180,62,8847
1134,4,0,9,16,32466120,3671,555180,62,8851
1135,8,0,11,14,32475840,3670,555180,62,8859
1136,7,0,16,9,32479020,3669,555180,62,8866
1137,9,0,17,8,32512860,3670,555180,62,8875
1138,11,0,16,9,32552880,3669,555180,62,8886
1139,8,0,18,7,32588880,3671,555180,62,8894
1140,14,0,22,3,32623500,3671,555180,62,8908
1141,6,0,15,10,32674740,3671,555180,62,8914
1142,10,0,16,9,32715600,3672,555180,62,8924
1143,12,0,22,3,32739900,3672,555180,62,8936
1144,10,0,16,9,32803860,3673,555180,62,8946
1145,8,0,13,12,32853240,3674,555180,62,8954
1146,9,0,13,12,32871240,3672,555180,61,8963
1147,7,0,13,12,32883780,3671,555180,61,8970
1148,9,0,16,9,32917800,3672,555180,61,8979
1149,16,0,25,0,32952420,3673,555180,61,8995
1150,3,0,13,12,33010800,3673,555180,61,8998
1151,0,0,8,17,33047160,3675,555180,61,8998
1152,4,0,10,15,33056940,3676,555180,61,9002
1153,2,0,10,15,33065760,3676,555180,61,9004
1154,5,0,9,16,33084900,3676,555180,61,9009
1155,8,0,14,11,33092880,3675,555180,61,9017
1156,9,0,13,12,33115140,3674,555180,61,9026
1157,4,0,13,12,33135720,3674,555180,61,9030
1158,4,0,14,11,33149880,3675,555180,61,9034
1159,11,0,18,7,33184140,3676,555180,61,9045
1160,10,0,18,7,33216000,3675,555180,61,9055
1161,9,0,17,8,33256620,3675,555180,61,9064
1162,7,0,17,8,33283080,3676,555180,61,9071
1163,6,0,15,10,33322380,3677,555180,61,9077
1164,13,0,21,4,33344520,3676,555420,61,9090
1165,9,0,16,9,33396960,3676,555420,61,9099
1166,10,0,23,2,33421920,3678,555420,60,9109
1167,8,0,16,9,33476220,3678,555420,60,9117
1168,13,0,19,6,33515160,3678,555420,60,9130
1169,10,0,21,4,33549540,3679,555420,60,9140
1170,10,0,15,10,33609360,3679,555420,60,9150
1171,8,0,13,12,33641580,3678,555420,60,9158
1172,8,0,16,9,33652620,3677,555420,60,9166
1173,1,0,11,14,33670560,3677,555420,60,9167
1174,3,0,7,18,33702060,3678,555420,60,9170
1175,7,0,13,12,33703020,3677,555420,60,9177
1176,5,0,12,13,33719280,3677,555420,60,9182
1177,6,0,10,15,33737460,3675,555420,60,9188
1178,3,0,11,14,33741300,3675,555420,60,9191
1179,7,0,13,12,33762600,3675,555420,60,9198
1180,5,0,12,13,33773340,3674,555420,60,9203
1181,4,0,13,12,33781620,3674,555420,60,9207
1182,7,0,13,12,33811740,3674,555420,60,9214
1183,8,0,14,11,33832920,3674,555420,60,9222
1184,10,0,18,7,33847200,3673,555420,60,9232
1185,12,2,19,6,33885240,3673,555840,60,9244
1186,14,6,23,2,33913200,3674,563580,60,9258
1187,9,3,23,2,33968460,3675,582060,62,9267
1188,12,0,18,7,34047900,3676,593760,63,9279
1189,9,0,17,8,34087080,3676,593760,63,9288
1190,9,0,19,6,34112940,3676,593760,63,9297
1191,16,0,22,3,34160820,3676,593760,63,9313
1192,12,0,19,6,34210020,3676,593760,63,9325
1193,12,0,16,9,34260120,3675,593760,63,9337
1194,5,0,13,12,34291440,3675,593760,63,9342
1195,3,0,10,15,34308540,3675,593760,63,9345
1196,6,0,14,11,34317660,3675,593760,63,9351
1197,10,0,18,7,34337520,3675,593760,63,9361
1198,6,0,15,10,34368360,3674,593760,63,9367
1199,4,0,13,12,34401600,3676,593760,63,9371
1200,2,0,11,14,34422840,3676,593760,63,9373
1201,7,0,12,13,34448100,3677,593760,63,9380
1202,8,0,16,9,34458660,3676,593760,63,9388
1203,3,0,10,15,34491060,3676,593760,63,9391
1204,4,0,11,14,34507440,3677,593760,63,9395
1205,3,0,9,16,34517760,3676,593760,63,9398
1206,4,0,10,15,34534020,3676,593760,63,9402
1207,5,0,13,12,34537200,3676,593760,63,9407
1208,14,0,15,10,34562460,3674,593760,63,9421
1209,8,0,14,11,34601520,3675,593760,62,9429
1210,13,0,16,9,34631400,3674,593760,62,9442
1211,9,0,16,9,34656840,3673,593760,62,9451
1212,21,4,25,0,34690260,3673,593940,62,9472
1213,13,0,25,0,34743180,3672,598500,63,9485
1214,9,0,16,9,34806900,3672,598560,63,9494
1215,5,0,12,13,34850100,3673,598560,63,9499
1216,14,0,18,7,34874520,3672,598560,62,9513
1217,13,0,20,5,34909320,3672,598560,62,9526
1218,9,0,15,10,34958280,3672,598560,62,9535
1219,9,0,12,13,34996440,3671,598560,62,9544
1220,4,0,14,11,35004060,3671,598560,62,9548
1221,6,0,11,14,35033280,3671,598560,62,9554
1222,4,0,11,14,35051460,3671,598560,62,9558
1223,3,0,8,17,35068440,3670,598560,62,9561
1224,4,0,11,14,35071320,3670,598560,62,9565
1225,4,0,12,13,35077320,3670,598560,62,9569
1226,11,0,19,6,35088960,3670,598560,62,9580
1227,4,0,11,14,35138460,3670,598560,62,9584
1228,5,0,12,13,35153280,3670,598560,62,9589
1229,3,0,11,14,35170980,3670,598560,62,9592
1230,9,0,16,9,35188620,3671,598560,62,9601
1231,7,0,15,10,35218260,3671,598560,62,9608
1232,12,0,18,7,35239260,3669,598560,62,9620
1233,8,0,12,13,35287200,3669,598560,62,9628
1234,12,0,15,10,35306040,3668,598560,62,9640
1235,11,0,19,6,35321580,3667,598560,62,9651
1236,7,0,16,9,35372580,3668,598560,61,9658
1237,12,0,20,5,35405160,3668,598560,61,9670
1238,13,0,21,4,35452680,3669,598560,61,9683
1239,9,0,21,4,35487600,3669,598560,61,9692
1240,7,0,17,8,35535420,3670,598560,61,9699
1241,6,0,13,12,35593920,3672,598560,61,9705
1242,10,0,14,11,35615520,3671,598560,61,9715
1243,8,0,11,14,35646060,3670,598560,61,9723
1244,7,0,15,10,35659080,3670,598560,61,9730
1245,4,0,11,14,35679960,3669,598560,61,9734
1246,5,0,11,14,35701800,3670,598560,61,9739
1247,6,0,11,14,35719860,3669,598560,61,9745
1248,5,0,9,16,35736720,3668,598560,61,9750
1249,3,0,12,13,35736720,3668,598560,61,9753
1250,5,0,13,12,35747520,3668,598560,61,9758
1251,7,0,12,13,35765160,3667,598560,61,9765
1252,11,0,12,13,35793360,3665,598560,61,9776
1253,5,0,10,15,35815920,3665,598560,61,9781
1254,3,0,10,15,35826900,3665,598560,61,9784
1255,6,0,15,10,35831640,3665,598560,61,9790
1256,7,0,13,12,35857620,3664,598560,61,9797
1257,8,0,16,9,35874660,3664,598560,61,9805
1258,10,0,17,8,35904000,3664,598560,60,9815
1259,12,0,19,6,35945040,3664,598560,60,9827
1260,12,0,18,7,35982300,3663,598560,60,9839
1261,8,0,16,9,36018600,3663,598560,60,9847
1262,16,0,21,4,36065820,3664,598560,60,9863
1263,10,0,22,3,36087960,3663,598560,60,9873
1264,13,0,19,6,36149520,3663,598560,60,9886
1265,7,0,16,9,36196500,3664,598560,60,9893
1266,10,0,15,10,36230220,3664,598560,60,9903
1267,9,0,14,11,36257400,3663,598560,60,9912
1268,4,0,15,10,36269640,3663,598560,60,9916
1269,4,0,12,13,36311460,3664,598560,60,9920
1270,5,0,12,13,36332640,3665,598560,60,9925
1271,4,0,13,12,36339600,3664,598560,60,9929
1272,5,0,12,13,36362700,3664,598560,60,9934
1273,9,0,16,9,36372780,3664,598560,60,9943
1274,3,0,13,12,36401220,3664,598560,60,9946
1275,7,0,14,11,36432840,3665,598560,60,9953
1276,2,0,9,16,36467880,3666,598560,60,9955
1277,9,0,13,12,36477000,3665,598560,60,9964
1278,7,0,11,14,36508560,3665,598560,60,9971
1279,5,0,12,13,36526200,3665,598560,60,9976
1280,10,0,16,9,36538680,3664,598560,59,9986
1281,7,0,12,13,36566700,3663,598560,59,9993
1282,3,0,11,14,36584520,3663,598560,59,9996
1283,6,0,12,13,36612360,3664,598560,59,10002
1284,11,0,18,7,36619620,3663,598560,59,10013
1285,11,0,20,5,36646800,3663,598560,59,10024
1286,17,0,25,0,36688080,3662,599460,59,10041
1287,10,0,21,4,36749160,3663,599460,59,10051
1288,12,0,18,7,36810180,3664,599460,59,10063
1289,7,0,14,11,36840240,3663,599460,59,10070
1290,8,0,14,11,36865320,3663,599460,59,10078
1291,10,0,18,7,36885060,3662,599460,59,10088
1292,6,0,14,11,36933960,3664,599460,59,10094
1293,4,0,13,12,36952320,3664,599460,59,10098
1294,4,0,9,16,36994740,3665,599460,59,10102
1295,8,0,13,12,37005720,3665,599460,59,10110
1296,4,0,10,15,37023420,3664,599460,59,10114
1297,7,0,13,12,37033800,3663,599460,59,10121
1298,4,0,11,14,37054080,3663,599460,59,10125
1299,6,0,13,12,37067700,3663,599460,59,10131
1300,6,0,12,13,37090260,3663,599460,59,10137
1301,4,0,12,13,37099620,3662,599460,59,10141
1302,9,0,16,9,37114980,3662,599460,59,10150
1303,5,0,11,14,37149960,3662,599460,59,10155
1304,7,0,15,10,37163460,3662,599460,58,10162
1305,14,0,20,5,37187160,3661,599460,58,10176
1306,4,0,16,9,37215780,3661,599460,58,10180
1307,15,0,18,7,37268880,3662,599460,58,10195
1308,12,0,18,7,37316580,3662,599460,58,10207
1309,9,0,17,8,37353780,3662,599460,58,10216
1310,8,0,15,10,37386540,3662,599460,58,10224
1311,9,0,14,11,37434540,3663,599460,58,10233
1312,5,0,10,15,37451820,3661,599460,58,10238
1313,10,0,14,11,37472820,3661,599460,58,10248
1314,6,0,13,12,37496580,3661,599460,58,10254
1315,10,0,15,10,37522800,3661,599460,58,10264
1316,5,0,16,9,37534860,3660,599460,58,10269
1317,8,0,13,12,37572600,3660,599460,58,10277
1318,8,0,15,10,37590480,3660,599460,58,10285
1319,7,0,15,10,37619880,3660,599460,58,10292
1320,4,0,14,11,37633860,3660,599460,58,10296
1321,5,0,12,13,37658220,3660,599460,58,10301
1322,1,0,10,15,37681260,3661,599460,58,10302
1323,10,0,14,11,37705080,3661,599460,58,10312
1324,6,0,15,10,37716960,3660,599460,58,10318
1325,5,0,13,12,37750320,3661,599460,58,10323
1326,5,0,10,15,37782960,3661,599460,58,10328
1327,6,0,13,12,37794720,3661,599460,58,10334
1328,6,0,12,13,37808940,3660,599460,57,10340
1329,7,0,15,10,37827360,3661,599460,57,10347
1330,14,0,20,5,37852740,3660,599460,57,10361
1331,8,0,15,10,37902660,3660,599460,57,10369
1332,11,0,14,11,37935300,3659,599460,57,10380
1333,12,0,19,6,37959060,3659,599520,57,10392
1334,7,0,17,8,37999620,3660,599520,57,10399
1335,10,0,16,9,38040660,3660,599520,57,10409
1336,8,0,13,12,38085180,3660,599520,57,10417
1337,10,0,15,10,38100180,3659,599520,57,10427
1338,7,0,16,9,38125860,3659,599520,57,10434
1339,8,0,16,9,38160420,3660,599520,57,10442
1340,5,0,16,9,38184240,3660,599520,57,10447
1341,6,0,12,13,38228520,3661,599520,57,10453
1342,4,0,13,12,38238720,3661,599520,57,10457
1343,5,0,14,11,38255340,3661,599520,57,10462
1344,3,0,13,12,38283180,3662,599520,57,10465
1345,1,0,13,12,38284200,3662,599520,57,10466
1346,4,0,15,10,38286120,3661,599520,57,10470
1347,7,0,16,9,38298240,3661,599520,57,10477
1348,6,0,15,10,38308500,3659,599520,57,10483
1349,8,0,16,9,38331300,3659,599520,57,10491
1350,11,0,24,1,38343540,3659,599520,57,10502
1351,8,0,25,0,38367660,3659,599820,57,10510
1352,7,0,21,4,38419320,3660,600180,57,10517
1353,9,0,20,5,38453520,3660,600180,57,10526
1354,15,5,23,2,38479680,3660,601080,57,10541
1355,18,13,25,0,38519100,3661,613980,58,10559
1356,11,11,25,0,38557260,3660,637140,60,10570
1357,9,6,25,0,38602980,3659,686460,64,10579
1358,11,0,21,4,38663640,3658,744180,70,10590
1359,8,0,22,3,38689680,3658,744180,70,10598
1360,2,0,17,8,38722260,3658,744180,70,10600
1361,12,0,23,2,38744580,3658,744180,70,10612
1362,7,0,23,2,38768820,3658,744180,70,10619
1363,6,0,21,4,38814480,3660,746040,70,10625
1364,7,0,23,2,38836380,3660,746040,70,10632
1365,5,0,16,9,38883660,3661,746040,70,10637
1366,7,0,17,8,38898600,3660,746040,70,10644
1367,9,0,20,5,38920200,3660,746040,70,10653
1368,7,0,22,3,38940180,3660,746040,69,10660
1369,5,0,19,6,38967000,3660,746040,69,10665
1370,6,0,18,7,39010620,3661,746040,69,10671
1371,6,0,21,4,39019440,3661,746040,69,10677
1372,9,0,23,2,39046800,3661,746400,69,10686
1373,6,0,18,7,39097860,3662,746400,69,10692
1374,6,0,18,7,39127800,3663,746400,69,10698
1375,9,0,21,4,39146640,3663,746400,69,10707
1376,8,0,21,4,39175080,3663,746400,69,10715
1377,13,0,25,0,39213840,3663,749820,69,10728
1378,11,0,24,1,39248640,3662,749820,69,10739
1379,12,6,18,7,39297720,3663,752940,70,10751
1380,6,10,17,8,39320820,3664,760740,70,10757
1381,13,18,21,4,39327420,3664,775140,72,10770
1382,11,25,18,7,39378720,3667,780180,72,10781
1383,10,25,25,0,39392700,3667,810120,75,10791
1384,14,23,25,0,39459000,3668,854940,79,10805
1385,5,18,25,0,39489540,3667,956640,88,10810
1386,10,6,23,2,39551880,3665,1128300,104,10820
1387,7,10,20,5,39565020,3664,1134120,104,10827
1388,7,1,25,0,39621120,3665,1265040,116,10834
1389,9,0,20,5,39650160,3663,1267980,116,10843
1390,6,0,20,5,39680160,3664,1267980,116,10849
1391,6,0,17,8,39716400,3664,1267980,116,10855
1392,11,0,21,4,39735540,3663,1267980,116,10866
1393,9,0,19,6,39773100,3663,1267980,116,10875
1394,3,0,14,11,39796800,3663,1267980,116,10878
1395,11,0,22,3,39805500,3662,1267980,116,10889
1396,4,0,21,4,39831360,3663,1267980,116,10893
1397,2,0,18,7,39850320,3663,1267980,116,10895
1398,12,0,23,2,39880500,3664,1267980,116,10907
1399,8,0,24,1,39902760,3663,1267980,116,10915
1400,10,0,20,5,39958500,3664,1270260,116,10925
1401,8,0,19,6,39983940,3663,1270260,116,10933
1402,6,0,17,8,40025340,3664,1271040,116,10939
1403,10,4,20,5,40036200,3664,1272360,116,10949
1404,6,9,18,7,40049700,3664,1276140,116,10955
1405,11,1,25,0,40098300,3665,1322820,120,10966
1406,7,0,21,4,40122240,3663,1330440,121,10973
1407,9,2,22,3,40154340,3664,1330680,121,10982
1408,17,17,18,7,40191060,3665,1333200,121,10999
1409,9,24,17,8,40211700,3666,1338960,121,11008
1410,11,31,18,7,40233480,3667,1357860,123,11019
1411,7,36,18,7,40242120,3667,1367760,124,11026
1412,5,33,22,3,40278780,3669,1451880,131,11031
1413,6,31,25,0,40305600,3670,1524060,138,11037
1414,8,24,25,0,40366140,3670,1662660,150,11045
1415,5,10,25,0,40411020,3668,1872720,169,11050
1416,4,0,17,8,40455360,3665,2076960,187,11054
1417,5,0,15,10,40476240,3664,2076960,187,11059
1418,5,0,19,6,40477380,3664,2076960,187,11064
1419,6,0,18,7,40500780,3664,2076960,187,11070
1420,9,0,16,9,40532280,3663,2076960,187,11079
1421,9,4,19,6,40536360,3663,2078520,187,11088
1422,7,5,21,4,40562820,3664,2091120,188,11095
1423,6,0,18,7,40601280,3663,2107200,189,11101
1424,13,7,19,6,40614060,3662,2107440,189,11114
1425,12,15,18,7,40654260,3664,2118420,190,11126
1426,10,24,18,7,40660800,3665,2124300,190,11136
1427,12,35,18,7,40667760,3665,2132700,191,11148
1428,6,31,23,2,40714080,3667,2202060,197,11154
1429,11,36,25,0,40734960,3668,2247840,201,11165
1430,7,29,25,0,40809120,3670,2333760,208,11172
1431,11,25,25,0,40853340,3669,2465940,220,11183
1432,11,15,25,0,40909680,3667,2679300,239,11194
1433,10,0,25,0,40946220,3662,2904060,259,11204
1434,11,0,21,4,40997040,3662,2904240,258,11215
1435,13,2,25,0,41015160,3661,2904540,258,11228
1436,8,0,19,6,41068140,3661,2905800,258,11236
1437,11,0,22,3,41091780,3660,2905800,258,11247
1438,11,4,21,4,41118060,3660,2906880,258,11258
1439,9,10,20,5,41143980,3661,2913840,258,11267
1440,4,11,18,7,41186460,3663,2923260,259,11271
1441,2,11,18,7,41201220,3664,2931000,260,11273
1442,8,6,25,0,41227860,3664,3009660,266,11281
1443,4,0,17,8,41275800,3663,3048660,270,11285
1444,2,0,16,9,41299980,3664,3048660,270,11287
1445,7,0,20,5,41310720,3664,3048660,269,11294
1446,4,0,18,7,41333040,3664,3048660,269,11298
1447,5,0,17,8,41365500,3665,3048660,269,11303
1448,9,0,21,4,41376780,3664,3048660,269,11312
1449,7,0,20,5,41407680,3664,3048660,269,11319
1450,8,0,22,3,41428080,3664,3048660,269,11327
1451,13,1,25,0,41465520,3664,3048660,268,11340
1452,15,2,25,0,41513580,3664,3055500,269,11355
1453,8,0,23,2,41558640,3664,3059700,269,11363
1454,16,3,25,0,41594040,3664,3060420,268,11379
1455,10,5,19,6,41638080,3663,3064320,269,11389
1456,6,9,17,8,41661420,3664,3067800,269,11395
1457,9,10,22,3,41684700,3665,3087240,270,11404
1458,7,0,21,4,41727900,3663,3145680,275,11411
1459,11,0,20,5,41766420,3663,3145740,275,11422
1460,8,2,20,5,41789160,3663,3147120,275,11430
1461,12,0,22,3,41821740,3662,3154740,275,11442
1462,9,0,22,3,41860980,3662,3154740,275,11451
1463,3,0,17,8,41899860,3663,3154740,275,11454
1464,5,0,16,9,41923140,3663,3154740,275,11459
1465,5,0,17,8,41929980,3662,3154740,275,11464
1466,3,0,16,9,41947080,3663,3154740,275,11467
1467,5,0,16,9,41965080,3663,3154740,274,11472
1468,2,0,16,9,41973660,3663,3154740,274,11474
1469,8,0,18,7,41998140,3663,3154740,274,11482
1470,11,0,20,5,42026100,3663,3154740,274,11493
1471,5,2,19,6,42035400,3662,3155460,274,11498
1472,5,0,18,7,42067260,3662,3159420,274,11503
1473,12,0,21,4,42094920,3662,3159420,274,11515
1474,13,0,24,1,42127200,3661,3159840,274,11528
1475,14,10,18,7,42168840,3662,3160680,273,11542
1476,16,24,18,7,42183180,3663,3161880,273,11558
1477,5,26,19,6,42202320,3664,3174720,274,11563
1478,9,26,23,2,42235980,3665,3228300,278,11572
1479,5,25,25,0,42255540,3665,3261540,281,11577
1480,9,25,25,0,42306000,3667,3337500,288,11586
1481,8,24,23,2,42354300,3667,3388620,292,11594
1482,9,21,25,0,42402240,3668,3450660,297,11603
1483,12,19,24,1,42442020,3667,3527400,303,11615
1484,9,17,25,0,42491580,3668,3569760,307,11624
1485,6,2,22,3,42540540,3665,3924660,337,11630
1486,8,5,19,6,42583200,3666,3931380,337,11638
1487,1,4,20,5,42590160,3666,3934020,338,11639
1488,6,0,15,10,42647040,3666,3960420,340,11645
1489,9,0,19,6,42662040,3666,3960420,339,11654
1490,3,0,15,10,42689280,3666,3960420,339,11657
1491,8,0,20,5,42700020,3666,3960420,339,11665
1492,10,0,19,6,42723120,3665,3960420,339,11675
1493,6,0,18,7,42745920,3665,3960420,339,11681
1494,9,0,20,5,42773940,3665,3960420,338,11690
1495,4,0,19,6,42793320,3665,3960420,338,11694
1496,7,0,18,7,42817920,3664,3960420,338,11701
1497,8,0,18,7,42835380,3663,3960420,338,11709
1498,18,1,25,0,42861360,3663,3961380,337,11727
1499,9,0,24,1,42907620,3663,3962640,337,11736
1500,13,11,18,7,42945960,3664,3965940,337,11749
1501,12,12,25,0,42967800,3664,3990360,339,11761
1502,15,15,25,0,43012560,3665,4014240,340,11776
1503,11,11,25,0,43065840,3664,4031580,342,11787
1504,12,1,25,0,43112040,3661,4145400,351,11799
1505,7,0,19,6,43143840,3660,4145460,351,11806
1506,11,3,19,6,43173840,3660,4146480,350,11817
1507,9,10,18,7,43192800,3661,4151460,351,11826
1508,3,6,21,4,43219860,3662,4176600,353,11829
1509,4,0,17,8,43255980,3660,4205520,355,11833
1510,5,0,18,7,43271460,3660,4205520,355,11838
1511,6,0,17,8,43299300,3661,4205520,355,11844
1512,7,0,22,3,43303740,3660,4205520,354,11851
1513,9,0,20,5,43344600,3660,4205520,354,11860
1514,9,0,21,4,43372500,3660,4205520,354,11869
1515,5,0,16,9,43414200,3661,4205520,354,11874
1516,4,0,15,10,43434240,3661,4205520,354,11878
1517,4,0,16,9,43439580,3660,4205520,353,11882
1518,10,0,24,1,43448460,3660,4205520,353,11892
1519,13,0,23,2,43485180,3659,4205520,353,11905
1520,10,0,19,6,43528380,3659,4205520,352,11915
1521,11,0,18,7,43558440,3657,4205520,352,11926
1522,5,0,18,7,43581000,3658,4205520,352,11931
1523,8,0,17,8,43598760,3657,4205520,352,11939
1524,13,0,24,1,43610280,3656,4205520,351,11952
1525,9,0,20,5,43647420,3655,4205520,351,11961
1526,9,2,22,3,43674300,3655,4210560,351,11970
1527,9,0,25,0,43700280,3655,4218840,352,11979
1528,10,0,23,2,43755240,3656,4224780,352,11989
1529,6,0,16,9,43796820,3656,4224780,352,11995
1530,16,0,24,1,43812000,3654,4224780,351,12011
1531,7,0,23,2,43831800,3654,4224780,351,12018
1532,6,0,19,6,43879500,3655,4224780,351,12024
1533,8,0,22,3,43909860,3656,4227180,351,12032
1534,10,2,22,3,43933200,3655,4229460,351,12042
1535,2,0,18,7,43977600,3656,4234740,351,12044
1536,5,0,16,9,44000820,3656,4234740,351,12049
1537,3,0,13,12,44026860,3657,4234740,351,12052
1538,5,0,18,7,44026860,3657,4234740,351,12057
1539,5,0,20,5,44038740,3657,4234740,351,12062
1540,4,0,19,6,44065620,3657,4234740,350,12066
1541,3,0,16,9,44087820,3657,4234740,350,12069
1542,8,0,21,4,44110800,3658,4234740,350,12077
1543,6,0,20,5,44135580,3658,4234740,350,12083
1544,9,0,20,5,44167320,3658,4234740,350,12092
1545,10,0,20,5,44196900,3658,4234740,349,12102
1546,11,0,22,3,44233980,3658,4234740,349,12113
1547,14,9,18,7,44256300,3657,4235100,349,12127
1548,7,12,18,7,44280900,3658,4244940,349,12134
1549,12,16,24,1,44297100,3659,4280640,352,12146
1550,15,22,25,0,44334840,3659,4307040,354,12161
1551,8,20,24,1,44385360,3660,4330980,355,12169
1552,7,16,25,0,44419380,3660,4393860,360,12176
1553,10,0,22,3,44487720,3657,4577220,375,12186
1554,10,1,23,2,44497140,3655,4577520,375,12196
1555,7,6,18,7,44529360,3656,4581480,375,12203
1556,11,0,25,0,44576580,3657,4600920,376,12214
1557,3,0,16,9,44616960,3656,4600920,376,12217
1558,9,0,19,6,44636880,3656,4600920,376,12226
1559,8,0,20,5,44652000,3655,4600920,376,12234
1560,6,0,22,3,44660820,3655,4600920,375,12240
1561,4,0,17,8,44709480,3656,4600920,375,12244
1562,2,0,12,13,44741100,3657,4600920,375,12246
1563,3,0,15,10,44741100,3657,4600920,375,12249
1564,5,0,19,6,44743500,3657,4600920,375,12254
1565,8,0,21,4,44758620,3656,4600920,375,12262
1566,4,0,17,8,44793660,3656,4600920,375,12266
1567,10,4,19,6,44814720,3657,4603800,375,12276
1568,12,6,25,0,44832060,3657,4616100,375,12288
1569,15,9,25,0,44872620,3657,4633560,376,12303
1570,9,0,23,2,44936220,3656,4671120,379,12312
1571,4,0,22,3,44956860,3656,4671120,379,12316
1572,7,0,21,4,45000300,3657,4671120,379,12323
1573,16,0,25,0,45045540,3658,4671360,378,12339
1574,9,0,22,3,45074580,3656,4672080,378,12348
1575,16,12,18,7,45112440,3657,4673520,378,12364
1576,9,19,17,8,45136440,3658,4677780,378,12373
1577,9,27,16,9,45148680,3659,4678020,377,12382
1578,6,31,16,9,45167100,3659,4688700,378,12388
1579,4,33,17,8,45177240,3660,4708740,379,12392
1580,6,37,18,7,45187620,3660,4711560,380,12398
1581,14,40,18,7,45212100,3662,4748640,382,12412
1582,8,39,18,7,45230940,3663,4788300,385,12420
1583,9,37,25,0,45258540,3664,4958100,399,12429
1584,4,37,25,0,45284700,3664,5013840,403,12433
1585,3,21,25,0,45363540,3665,5386800,433,12436
1586,4,0,15,10,45415800,3659,5861820,471,12440
1587,7,0,19,6,45422220,3659,5861820,471,12447
1588,2,0,14,11,45450540,3659,5861820,471,12449
1589,8,0,19,6,45466980,3659,5861820,471,12457
1590,9,0,20,5,45477720,3658,5861820,470,12466
1591,10,0,17,8,45520440,3658,5861820,470,12476
1592,14,0,23,2,45535860,3656,5861820,469,12490
1593,6,0,22,3,45551100,3656,5861820,469,12496
1594,4,0,16,9,45598440,3656,5861820,469,12500
1595,8,0,18,7,45615600,3656,5861820,469,12508
1596,10,0,19,6,45646680,3656,5861820,468,12518
1597,10,0,21,4,45670560,3655,5861820,468,12528
1598,12,1,25,0,45699600,3656,5861940,468,12540
1599,8,0,20,5,45749460,3656,5862960,467,12548
1600,7,0,20,5,45781380,3656,5862960,467,12555
1601,11,1,22,3,45811860,3656,5865420,467,12566
1602,7,0,21,4,45842160,3656,5867340,467,12573
1603,7,0,20,5,45868320,3656,5867340,466,12580
1604,4,0,19,6,45894840,3656,5867340,466,12584
1605,11,0,24,1,45926880,3657,5867340,466,12595
1606,3,0,19,6,45960660,3658,5867340,466,12598
1607,8,0,19,6,46001040,3659,5867340,465,12606
1608,6,0,17,8,46026720,3658,5867340,465,12612
1609,4,0,15,10,46046700,3658,5867340,465,12616
1610,3,0,15,10,46055220,3658,5867340,465,12619
1611,4,0,17,8,46062480,3658,5867340,465,12623
1612,3,0,16,9,46080300,3658,5867340,465,12626
1613,8,0,21,4,46094760,3658,5867340,464,12634
1614,9,0,25,0,46113120,3658,5868240,464,12643
1615,11,0,23,2,46164960,3659,5868240,464,12654
1616,6,0,21,4,46186680,3658,5868240,464,12660
1617,6,0,20,5,46221240,3659,5868240,463,12666
1618,9,0,19,6,46264320,3659,5868240,463,12675
1619,9,0,18,7,46282380,3658,5868240,463,12684
1620,12,0,21,4,46312020,3658,5868240,462,12696
1621,16,5,25,0,46332180,3657,5869260,462,12712
1622,10,8,22,3,46377720,3658,5872380,462,12722
1623,11,16,18,7,46423500,3660,5877240,462,12733
1624,12,19,25,0,46438620,3660,5894460,463,12745
1625,4,15,25,0,46476780,3661,5923860,465,12749
1626,11,2,25,0,46546500,3659,6072000,476,12760
1627,5,0,16,9,46590240,3658,6107940,479,12765
1628,4,0,15,10,46599840,3658,6107940,478,12769
1629,8,0,17,8,46622760,3658,6107940,478,12777
1630,5,0,18,7,46632180,3657,6107940,478,12782
1631,5,0,17,8,46662300,3658,6107940,478,12787
1632,7,0,19,6,46678260,3658,6107940,477,12794
1633,9,0,20,5,46714200,3658,6107940,477,12803
1634,5,0,19,6,46733220,3658,6107940,477,12808
1635,10,0,25,0,46755720,3659,6109200,477,12818
1636,8,0,16,9,46813020,3658,6109680,476,12826
1637,6,0,18,7,46826700,3658,6109680,476,12832
1638,8,0,18,7,46851180,3658,6109680,476,12840
1639,13,2,25,0,46856460,3657,6109920,475,12853
1640,7,0,23,2,46893360,3657,6110640,475,12860
1641,19,1,25,0,46953420,3657,6111360,475,12879
1642,9,3,24,1,46970400,3656,6115500,475,12888
1643,13,15,18,7,47010840,3657,6118200,474,12901
1644,8,14,22,3,47049780,3659,6142320,476,12909
1645,7,19,22,3,47060940,3659,6146220,476,12916
1646,9,20,22,3,47115120,3661,6163800,477,12925
1647,16,27,25,0,47139900,3661,6184320,478,12941
1648,13,32,25,0,47187120,3663,6189600,478,12954
1649,8,26,25,0,47246640,3663,6295920,486,12962
1650,13,28,25,0,47300580,3664,6388440,492,12975
1651,11,33,20,5,47343360,3664,6392940,492,12986
1652,8,39,18,7,47362920,3665,6397740,492,12994
1653,7,38,19,6,47397780,3667,6424260,494,13001
1654,6,40,20,5,47416740,3667,6449520,496,13007
1655,3,40,19,6,47421300,3667,6449520,496,13010
1656,10,35,25,0,47478540,3669,6529200,502,13020
1657,6,26,25,0,47530020,3669,6742380,518,13026
1658,9,22,21,4,47556840,3666,7047240,541,13035
1659,3,19,21,4,47594520,3667,7060380,542,13038
1660,8,8,25,0,47635380,3666,7453980,572,13046
1661,11,0,22,3,47685660,3664,7840200,601,13057
1662,8,0,22,3,47710320,3664,7840200,601,13065
1663,11,0,22,3,47748840,3663,7840200,600,13076
1664,11,0,23,2,47786700,3664,7840200,600,13087
1665,5,0,19,6,47833440,3665,7840200,599,13092
1666,14,0,24,1,47857440,3664,7840200,599,13106
1667,6,0,18,7,47892540,3663,7840200,598,13112
1668,12,0,21,4,47922240,3663,7841220,598,13124
1669,10,0,17,8,47965020,3662,7841220,598,13134
1670,5,0,16,9,47981880,3662,7841220,597,13139
1671,9,0,20,5,48005220,3662,7841220,597,13148
1672,9,0,22,3,48026880,3662,7841220,596,13157
1673,7,0,20,5,48058740,3662,7841220,596,13164
1674,5,0,20,5,48088680,3663,7841220,596,13169
1675,6,0,17,8,48126180,3663,7841220,596,13175
1676,6,0,17,8,48146460,3663,7841220,595,13181
1677,9,0,19,6,48167100,3663,7841220,595,13190
1678,4,0,16,9,48186480,3662,7841220,595,13194
1679,4,0,15,10,48204480,3662,7841220,595,13198
1680,4,0,15,10,48215700,3662,7841220,594,13202
1681,3,0,15,10,48223500,3662,7841220,594,13205
1682,1,0,14,11,48238080,3662,7841220,594,13206
1683,7,0,17,8,48242640,3661,7841220,594,13213
1684,6,0,21,4,48250080,3661,7841220,594,13219
1685,9,0,23,2,48291780,3663,7841220,593,13228
1686,7,0,18,7,48328680,3662,7841700,593,13235
1687,8,0,22,3,48343320,3662,7841700,593,13243
1688,10,0,20,5,48381840,3662,7841700,592,13253
1689,5,0,17,8,48418080,3662,7841700,592,13258
1690,12,0,24,1,48437700,3662,7841700,591,13270
1691,18,11,24,1,48455880,3662,7846440,591,13288
1692,7,11,25,0,48495900,3663,7861620,592,13295
1693,10,9,25,0,48551100,3664,7896720,594,13305
1694,10,0,20,5,48624300,3663,7959180,598,13315
1695,7,0,19,6,48643620,3662,7959180,598,13322
1696,14,0,22,3,48668460,3661,7959240,597,13336
1697,4,0,17,8,48714120,3662,7959240,597,13340
1698,10,0,19,6,48733080,3661,7959240,597,13350
1699,9,0,22,3,48750000,3661,7959240,596,13359
1700,8,0,21,4,48777720,3660,7959240,596,13367
1701,10,0,19,6,48817320,3660,7959240,595,13377
1702,4,0,19,6,48831240,3660,7959240,595,13381
1703,4,0,18,7,48845100,3660,7959240,595,13385
1704,9,0,18,7,48895020,3661,7959240,595,13394
1705,10,0,22,3,48906900,3660,7959240,594,13404
1706,7,0,21,4,48942900,3661,7959240,594,13411
1707,4,0,16,9,48974040,3661,7959240,594,13415
1708,4,0,15,10,48990780,3660,7959240,594,13419
1709,7,0,17,8,49013880,3661,7959240,593,13426
1710,9,0,21,4,49023960,3660,7959240,593,13435
1711,7,0,17,8,49057620,3660,7959240,593,13442
1712,11,0,23,2,49077600,3660,7959240,592,13453
1713,9,0,21,4,49112220,3659,7959240,592,13462
1714,8,0,22,3,49139340,3660,7959240,591,13470
1715,7,0,22,3,49168140,3660,7959240,591,13477
1716,10,0,20,5,49213500,3660,7959240,591,13487
1717,11,0,23,2,49229940,3659,7959240,590,13498
1718,15,1,25,0,49279860,3659,7962240,590,13513
1719,8,3,23,2,49317780,3660,7963140,589,13521
1720,12,11,21,4,49356780,3661,7968000,589,13533
1721,9,10,25,0,49398660,3663,7986240,590,13542
1722,13,11,24,1,49451880,3663,8003520,591,13555
1723,5,12,19,6,49491120,3664,8009820,591,13560
1724,7,1,25,0,49526280,3663,8132520,600,13567
1725,10,0,21,4,49563900,3662,8132820,599,13577
1726,4,0,17,8,49593960,3662,8132820,599,13581
1727,4,0,15,10,49620720,3662,8132820,599,13585
1728,3,0,16,9,49627620,3662,8132820,599,13588
1729,10,0,23,2,49632720,3662,8132820,599,13598
1730,7,0,19,6,49674060,3662,8132820,598,13605
1731,4,0,17,8,49698840,3662,8132820,598,13609
1732,9,0,19,6,49717200,3661,8132820,598,13618
1733,3,0,16,9,49735500,3661,8132820,598,13621
1734,5,0,17,8,49756440,3662,8132820,597,13626
1735,13,0,24,1,49778220,3662,8132880,597,13639
1736,6,0,19,6,49810860,3661,8133180,597,13645
1737,13,0,24,1,49839720,3661,8133180,596,13658
1738,8,0,25,0,49860240,3661,8133180,596,13666
1739,8,0,23,2,49903980,3661,8133180,595,13674
1740,18,4,25,0,49945740,3661,8136000,595,13692
1741,8,7,20,5,49992060,3662,8140260,595,13700
1742,11,15,18,7,50025120,3663,8146860,595,13711
1743,7,14,23,2,50045520,3663,8167680,596,13718
1744,8,12,25,0,50082900,3664,8215860,599,13726
1745,4,0,23,2,50148240,3664,8314920,606,13730
1746,7,0,16,9,50175840,3662,8314920,606,13737
1747,7,0,18,7,50193600,3662,8314920,605,13744
1748,6,0,17,8,50216640,3662,8314920,605,13750
1749,4,0,18,7,50229540,3662,8314920,605,13754
1750,3,0,13,12,50256060,3662,8314920,605,13757
1751,3,0,14,11,50259480,3662,8314920,605,13760
1752,4,0,16,9,50265600,3662,8314920,605,13764
1753,5,0,14,11,50289060,3661,8314920,604,13769
1754,3,0,14,11,50295900,3661,8314920,604,13772
1755,4,0,15,10,50305680,3661,8314920,604,13776
1756,8,0,21,4,50308680,3661,8314920,604,13784
1757,7,0,18,7,50338560,3660,8314920,603,13791
1758,8,0,16,9,50369100,3660,8314920,603,13799
1759,6,0,19,6,50376180,3659,8314920,603,13805
1760,5,0,13,12,50416680,3660,8314920,603,13810
1761,8,0,20,5,50418660,3659,8314920,602,13818
1762,11,0,21,4,50444400,3659,8314920,602,13829
1763,12,0,21,4,50481420,3658,8314920,601,13841
1764,11,0,17,8,50511960,3656,8314920,601,13852
1765,14,4,20,5,50534280,3656,8316720,600,13866
1766,11,9,22,3,50553480,3656,8320380,600,13877
1767,9,4,25,0,50593860,3656,8345820,601,13886
1768,5,0,19,6,50635740,3656,8373540,603,13891
1769,7,0,18,7,50668920,3656,8373540,603,13898
1770,4,0,17,8,50687700,3656,8373540,603,13902
1771,13,0,20,5,50710260,3655,8373540,602,13915
1772,6,0,19,6,50736660,3655,8373540,602,13921
1773,3,0,17,8,50760000,3655,8373540,602,13924
1774,3,0,18,7,50768400,3655,8373540,602,13927
1775,6,0,17,8,50798280,3656,8373540,601,13933
1776,2,0,15,10,50812440,3656,8373540,601,13935
1777,10,0,22,3,50822400,3656,8373540,601,13945
1778,5,0,18,7,50849940,3655,8373540,601,13950
1779,4,0,15,10,50875080,3655,8373540,601,13954
1780,2,0,16,9,50879100,3655,8373540,600,13956
1781,7,0,18,7,50891100,3655,8373540,600,13963
1782,6,0,17,8,50911980,3654,8373540,600,13969
1783,8,0,22,3,50921520,3654,8373540,600,13977
1784,12,0,23,2,50956680,3654,8373540,599,13989
1785,9,0,22,3,50993640,3654,8377200,599,13998
1786,10,0,24,1,51028020,3654,8378160,599,14008
1787,13,1,25,0,51068040,3654,8379120,598,14021
1788,12,0,24,1,51125280,3655,8386080,598,14033
1789,7,0,18,7,51175500,3655,8386320,598,14040
1790,13,1,25,0,51186420,3654,8386320,597,14053
1791,12,6,23,2,51217380,3654,8388360,597,14065
1792,7,10,18,7,51268560,3656,8395140,597,14072
1793,11,12,24,1,51280440,3656,8413920,598,14083
1794,9,4,25,0,51338880,3656,8480880,602,14092
1795,7,0,16,9,51383160,3654,8507460,604,14099
1796,10,0,16,9,51403320,3653,8507460,603,14109
1797,14,0,20,5,51430200,3652,8507460,603,14123
1798,6,1,22,3,51436620,3652,8507700,603,14129
1799,6,3,18,7,51481080,3653,8511300,603,14135
1800,7,7,19,6,51491940,3653,8514840,603,14142
1801,5,6,22,3,51519300,3654,8531160,603,14147
1802,7,1,25,0,51553440,3654,8574360,606,14154
1803,6,0,19,6,51594780,3654,8575320,606,14160
1804,11,4,21,4,51609900,3654,8575620,606,14171
1805,1,0,21,4,51648780,3655,8586900,606,14172
1806,5,0,17,8,51693720,3656,8586900,606,14177
1807,7,0,21,4,51708720,3656,8586900,606,14184
1808,3,0,18,7,51733320,3656,8586900,606,14187
1809,5,0,17,8,51751260,3656,8586900,605,14192
1810,7,0,18,7,51777060,3656,8586900,605,14199
1811,6,0,17,8,51790080,3655,8586900,605,14205
1812,15,11,17,8,51802380,3655,8587020,605,14220
1813,10,18,17,8,51821100,3656,8600160,605,14230
1814,13,27,18,7,51845340,3657,8609820,605,14243
1815,9,29,23,2,51857460,3657,8652720,608,14252
1816,9,31,25,0,51895380,3658,8679840,609,14261
1817,9,30,25,0,51950580,3660,8739180,613,14270
1818,5,27,25,0,51998520,3661,8781780,616,14275
1819,11,22,25,0,52058880,3661,8869260,621,14286
1820,9,10,25,0,52102860,3659,9167280,642,14295
1821,6,0,16,9,52141620,3655,9322020,652,14301
1822,2,0,15,10,52145340,3655,9322020,652,14303
1823,9,0,20,5,52171740,3656,9322020,652,14312
1824,5,0,20,5,52194360,3656,9322020,652,14317
1825,5,0,20,5,52215540,3656,9322020,651,14322
1826,5,0,16,9,52251240,3656,9322020,651,14327
1827,10,0,21,4,52275480,3657,9322020,651,14337
1828,3,0,17,8,52297440,3656,9322020,651,14340
1829,9,0,21,4,52321740,3657,9322020,650,14349
1830,8,2,20,5,52341420,3656,9322020,650,14357
1831,6,3,19,6,52374840,3657,9325440,650,14363
1832,5,0,20,5,52409760,3658,9334320,650,14368
1833,5,0,19,6,52437780,3658,9334320,650,14373
1834,9,0,18,7,52469340,3658,9334320,650,14382
1835,14,3,20,5,52494060,3657,9334980,649,14396
1836,5,6,18,7,52515360,3658,9339060,649,14401
1837,8,9,20,5,52538640,3659,9349560,649,14409
1838,10,5,25,0,52583280,3660,9397620,652,14419
1839,15,13,23,2,52613040,3659,9402420,652,14434
1840,8,19,19,6,52645200,3660,9410820,652,14442
1841,9,23,20,5,52680060,3661,9421860,653,14451
1842,7,27,20,5,52702200,3662,9430440,653,14458
1843,11,32,22,3,52730820,3663,9451200,654,14469
1844,9,37,23,2,52755060,3664,9457560,654,14478
1845,5,32,25,0,52799880,3665,9537660,659,14483
1846,6,26,25,0,52857420,3666,9673200,668,14489
1847,3,0,22,3,52919700,3662,10167480,702,14492
1848,9,0,19,6,52940760,3661,10167480,702,14501
1849,6,0,16,9,52957440,3660,10167480,701,14507
1850,4,0,16,9,52974240,3660,10167480,701,14511
1851,10,0,19,6,52992180,3659,10167480,701,14521
1852,6,0,19,6,53004840,3659,10167480,700,14527
1853,10,0,18,7,53041920,3658,10167480,700,14537
1854,4,0,19,6,53057700,3659,10167480,700,14541
1855,6,0,17,8,53093820,3659,10167480,699,14547
1856,7,3,18,7,53101140,3659,10167720,699,14554
1857,6,8,18,7,53107560,3659,10171500,699,14560
1858,8,2,25,0,53143980,3660,10201500,701,14568
1859,14,0,24,1,53192820,3659,10208760,701,14582
1860,13,4,20,5,53230920,3658,10209720,700,14595
1861,10,8,22,3,53260260,3659,10217280,700,14605
1862,14,14,25,0,53293080,3660,10231080,700,14619
1863,10,16,25,0,53337060,3661,10263540,702,14629
1864,8,13,25,0,53394360,3662,10285980,703,14637
1865,6,0,22,3,53443680,3660,10413900,712,14643
1866,6,0,18,7,53481420,3660,10413900,711,14649
1867,10,0,18,7,53507820,3660,10413900,711,14659
1868,4,0,21,4,53508780,3659,10413900,711,14663
1869,9,0,21,4,53548560,3660,10413900,710,14672
1870,7,0,20,5,53581440,3660,10413900,710,14679
1871,6,0,19,6,53606040,3660,10413900,710,14685
1872,5,0,17,8,53634180,3660,10413900,709,14690
1873,5,0,17,8,53663460,3661,10413900,709,14695
1874,9,0,18,7,53678100,3660,10413900,709,14704
1875,7,0,19,6,53697960,3660,10413900,708,14711
1876,10,0,23,2,53706960,3659,10413900,708,14721
1877,6,0,19,6,53750100,3659,10413900,708,14727
1878,16,1,24,1,53777520,3659,10414200,707,14743
1879,10,10,18,7,53809380,3659,10416060,707,14753
1880,6,9,21,4,53841300,3660,10430460,707,14759
1881,9,15,19,6,53860320,3660,10435800,707,14768
1882,10,19,20,5,53906760,3662,10449480,708,14778
1883,15,25,23,2,53936040,3663,10465740,708,14793
1884,14,36,20,5,53968320,3664,10473660,708,14807
1885,9,35,25,0,53999040,3664,10492920,709,14816
1886,11,31,25,0,54064080,3665,10644000,718,14827
1887,10,27,25,0,54104700,3664,10725840,723,14837
1888,13,26,25,0,54153720,3664,10744680,724,14850
1889,12,18,25,0,54188820,3662,10992120,740,14862
1890,11,5,25,0,54249300,3660,11260980,758,14873
1891,3,0,17,8,54288600,3659,11335380,763,14876
1892,6,0,18,7,54304140,3658,11335380,762,14882
1893,5,0,17,8,54328560,3658,11335380,762,14887
1894,7,0,17,8,54345540,3658,11335380,762,14894
1895,7,0,18,7,54369120,3658,11335380,761,14901
1896,4,0,15,10,54393600,3658,11335380,761,14905
1897,4,0,15,10,54402600,3658,11335380,761,14909
1898,3,0,15,10,54420180,3658,11335380,761,14912
1899,4,0,16,9,54429900,3658,11335380,761,14916
1900,4,0,15,10,54448200,3658,11335380,760,14920
1901,8,0,19,6,54458520,3658,11335380,760,14928
1902,12,0,23,2,54474480,3657,11335380,759,14940
1903,2,0,15,10,54515280,3657,11335380,759,14942
1904,7,0,18,7,54532140,3657,11335380,759,14949
1905,5,0,19,6,54549960,3657,11335380,759,14954
1906,2,0,19,6,54562440,3658,11335380,759,14956
1907,7,0,17,8,54600180,3658,11335380,758,14963
1908,9,0,20,5,54615480,3658,11335380,758,14972
1909,7,0,19,6,54643440,3658,11335380,757,14979
1910,12,0,24,1,54660900,3657,11335380,757,14991
1911,7,0,22,3,54694380,3657,11335380,756,14998
1912,10,0,24,1,54739800,3658,11335740,756,15008
1913,9,6,19,6,54776880,3659,11338980,756,15017
1914,7,1,25,0,54811080,3659,11358600,757,15024
1915,9,0,22,3,54850740,3659,11364840,757,15033
1916,11,0,21,4,54884280,3658,11364840,756,15044
1917,6,0,21,4,54914580,3659,11366640,756,15050
1918,3,0,19,6,54947280,3660,11366640,756,15053
1919,9,0,23,2,54974280,3660,11366640,755,15062
1920,5,0,18,7,55012080,3660,11366640,755,15067
1921,9,0,18,7,55040820,3660,11366640,755,15076
1922,6,0,21,4,55046100,3660,11366640,754,15082
1923,3,0,15,10,55087860,3660,11366640,754,15085
1924,11,0,20,5,55102920,3660,11366640,754,15096
1925,4,0,22,3,55112340,3660,11366640,753,15100
1926,6,0,19,6,55160520,3661,11368380,753,15106
1927,7,0,21,4,55170180,3660,11368380,753,15113
1928,4,0,17,8,55207740,3661,11368380,753,15117
1929,10,0,18,7,55234980,3661,11368380,752,15127
1930,8,0,20,5,55245900,3660,11368380,752,15135
1931,7,0,21,4,55264140,3660,11368380,751,15142
1932,14,9,19,6,55288140,3660,11369100,751,15156
1933,10,17,18,7,55308780,3660,11373720,751,15166
1934,5,14,22,3,55340340,3661,11404500,752,15171
1935,10,19,25,0,55352820,3662,11420220,753,15181
1936,7,18,25,0,55400640,3663,11432340,753,15188
1937,11,17,25,0,55471920,3665,11482620,756,15199
1938,7,8,25,0,55519080,3664,11628120,765,15206
1939,8,0,20,5,55560240,3662,11719020,771,15214
1940,6,0,19,6,55597980,3662,11719020,771,15220
1941,10,0,21,4,55620540,3662,11719020,770,15230
1942,7,0,19,6,55647360,3661,11719020,770,15237
1943,6,0,19,6,55676820,3662,11719020,769,15243
1944,8,0,21,4,55698900,3662,11719020,769,15251
1945,5,3,17,8,55724940,3662,11719140,769,15256
1946,7,7,16,9,55753980,3663,11725200,769,15263
1947,4,10,17,8,55753980,3663,11726160,769,15267
1948,5,11,19,6,55769580,3664,11740500,769,15272
1949,3,4,22,3,55816200,3665,11806380,774,15275
1950,4,0,17,8,55853100,3664,11846640,776,15279
1951,7,0,19,6,55869300,3664,11846640,776,15286
1952,9,0,23,2,55883940,3664,11846640,775,15295
1953,9,0,21,4,55922340,3664,11846640,775,15304
1954,9,5,18,7,55951500,3664,11848620,774,15313
1955,8,4,24,1,55981080,3665,11863500,775,15321
1956,8,0,19,6,56026800,3664,11877420,775,15329
1957,13,0,23,2,56049540,3664,11877420,775,15342
1958,12,0,21,4,56083560,3662,11877420,774,15354
1959,6,0,19,6,56113500,3663,11877420,774,15360
1960,9,0,18,7,56137620,3662,11877420,773,15369
1961,9,0,17,8,56168580,3661,11877420,773,15378
1962,7,0,16,9,56194380,3661,11877420,773,15385
1963,5,0,16,9,56203920,3661,11877420,772,15390
1964,8,0,18,7,56231760,3661,11877420,772,15398
1965,9,0,18,7,56252280,3660,11877420,772,15407
1966,3,0,16,9,56268240,3660,11877420,771,15410
1967,8,1,22,3,56275800,3660,11877420,771,15418
1968,8,6,18,7,56302620,3660,11880000,771,15426
1969,3,0,20,5,56335860,3661,11905440,772,15429
1970,3,0,16,9,56352180,3660,11905440,772,15432
1971,7,0,19,6,56364960,3660,11905440,772,15439
1972,5,0,15,10,56397720,3660,11905440,771,15444
1973,3,0,13,12,56420340,3660,11905440,771,15447
1974,6,0,15,10,56426220,3660,11905440,771,15453
1975,5,0,18,7,56431020,3660,11905440,771,15458
1976,10,0,23,2,56448000,3659,11905440,770,15468
1977,5,0,19,6,56483700,3660,11905440,770,15473
1978,3,0,17,8,56500080,3660,11905440,770,15476
1979,8,0,18,7,56529060,3660,11905440,769,15484
1980,12,0,25,0,56538240,3659,11907000,769,15496
1981,9,0,22,3,56587380,3660,11909280,769,15505
1982,8,0,19,6,56633220,3660,11909280,768,15513
1983,15,1,25,0,56657400,3660,11909280,768,15528
1984,12,7,19,6,56702640,3660,11910780,767,15540
1985,7,11,18,7,56725080,3660,11916480,767,15547
1986,10,10,25,0,56744040,3660,11935140,768,15557
1987,8,12,25,0,56774280,3661,11942760,768,15565
1988,7,8,25,0,56830440,3662,11980860,770,15572
1989,5,0,20,5,56881380,3661,12066780,775,15577
1990,9,0,22,3,56918580,3662,12067020,775,15586
1991,2,0,18,7,56935440,3661,12067020,775,15588
1992,5,0,17,8,56969640,3662,12067020,774,15593
1993,6,0,18,7,56984940,3662,12067020,774,15599
1994,2,0,15,10,57003960,3662,12067020,774,15601
1995,6,0,16,9,57023400,3662,12067020,774,15607
1996,10,0,21,4,57036600,3662,12067020,773,15617
1997,4,0,17,8,57072540,3662,12067020,773,15621
1998,3,0,14,11,57098100,3662,12067020,773,15624
1999,4,0,15,10,57104040,3662,12067020,773,15628
2000,7,0,20,5,57108180,3662,12067020,772,15635
2001,12,0,22,3,57135660,3661,12067020,772,15647
2002,9,0,19,6,57174900,3661,12067020,771,15656
2003,8,0,18,7,57205080,3661,12067020,771,15664
2004,10,0,20,5,57223260,3660,12067020,770,15674
2005,7,2,18,7,57255420,3661,12068700,770,15681
2006,5,5,18,7,57272220,3661,12069240,770,15686
2007,14,18,17,8,57286020,3662,12071640,770,15700
2008,15,31,17,8,57301920,3662,12076440,769,15715
2009,8,32,22,3,57319860,3663,12103440,770,15723
2010,14,36,25,0,57348240,3663,12143280,772,15737
2011,7,29,25,0,57422100,3664,12230160,777,15744
2012,12,22,25,0,57466980,3663,12334560,783,15756
2013,5,5,25,0,57524520,3661,12614040,801,15761
2014,12,1,25,0,57548520,3659,12712680,807,15773
2015,6,0,19,6,57593460,3659,12716760,807,15779
2016,9,0,21,4,57629280,3660,12716880,806,15788
2017,5,0,24,1,57631980,3659,12716880,806,15793
2018,3,1,25,0,57636180,3659,12716880,806,15796
2019,2,0,23,2,57656940,3660,12717360,806,15798
2020,5,0,24,1,57669900,3659,12717360,805,15803
2021,7,2,25,0,57675300,3659,12717780,805,15810
2022,6,7,24,1,57685320,3659,12718560,805,15816
2023,13,18,23,2,57709860,3660,12722880,805,15829
2024,10,28,23,2,57709860,3660,12722880,805,15839
2025,16,39,25,0,57733380,3661,12741960,805,15855
2026,7,40,24,1,57737880,3661,12741960,805,15862
2027,12,40,24,1,57765120,3662,12759720,805,15874
2028,6,40,22,3,57774780,3662,12759720,805,15880
2029,9,40,23,2,57788940,3662,12773760,806,15889
2030,5,39,23,2,57796020,3662,12804660,808,15894
2031,10,40,23,2,57804780,3662,12851760,811,15904
2032,9,40,22,3,57824460,3663,12854640,811,15913
2033,14,40,21,4,57829260,3663,12854640,811,15927
2034,8,40,21,4,57829260,3663,12854640,811,15935
2035,12,40,25,0,57840780,3664,12955200,817,15947
2036,9,40,22,3,57849180,3663,12955200,817,15956
2037,5,39,22,3,57858360,3664,12963000,817,15961
2038,4,37,25,0,57873060,3664,13140780,828,15965
2039,4,35,25,0,57892200,3664,13406640,845,15969
2040,5,35,25,0,57909540,3664,13510440,851,15974
2041,9,40,23,2,57924960,3664,13512300,851,15983
2042,4,40,23,2,57924960,3664,13512300,851,15987
2043,7,40,21,4,57940320,3664,13512300,851,15994
2044,2,39,21,4,57953220,3665,13524300,852,15996
2045,6,40,25,0,57955140,3665,13636620,858,16002
2046,6,37,25,0,57978480,3665,13750860,865,16008
2047,9,40,24,1,57993900,3665,13842660,871,16017
2048,10,40,24,1,58006500,3665,13849500,871,16027
2049,9,40,25,0,58014120,3665,13863600,872,16036
2050,12,39,25,0,58040700,3666,13874580,872,16048
2051,11,40,25,0,58054320,3666,13886340,873,16059
2052,10,40,25,0,58079160,3666,13891320,873,16069
2053,9,38,25,0,58094760,3665,14198580,892,16078
2054,10,40,25,0,58107060,3666,14314200,899,16088
2055,10,40,22,3,58124460,3666,14318460,899,16098
2056,12,39,25,0,58142640,3665,14484300,909,16110
2057,14,38,25,0,58161540,3665,14731020,924,16124
2058,10,37,25,0,58178400,3664,14779860,927,16134
2059,11,40,25,0,58185780,3663,14786640,927,16145
2060,7,37,25,0,58210080,3664,14803800,928,16152
2061,8,39,25,0,58225320,3663,14914980,934,16160
2062,13,40,22,3,58245180,3663,14916960,934,16173
2063,3,40,22,3,58245180,3663,14916960,934,16176
2064,4,40,23,2,58261740,3664,14941920,936,16180
2065,6,40,22,3,58267380,3664,14941920,936,16186
2066,2,38,22,3,58284540,3665,14970720,937,16188
2067,7,39,25,0,58290660,3665,15011280,940,16195
2068,5,39,25,0,58307700,3665,15019200,940,16200
2069,10,39,25,0,58320720,3664,15026940,940,16210
2070,9,39,25,0,58348800,3664,15110640,945,16219
2071,8,40,21,4,58361280,3664,15110640,945,16227
2072,2,39,22,3,58369440,3664,15124560,945,16229
2073,6,40,25,0,58370280,3664,15134280,946,16235
2074,12,40,25,0,58382460,3664,15275880,954,16247
2075,10,35,25,0,58405320,3662,15954600,996,16257
2076,11,39,25,0,58422720,3662,16141740,1008,16268
2077,5,40,22,3,58443240,3663,16141740,1008,16273
2078,12,39,24,1,58458720,3663,16165020,1009,16285
2079,6,38,25,0,58467960,3663,16199220,1010,16291
2080,9,39,25,0,58485000,3663,16233480,1012,16300
2081,7,39,25,0,58505700,3663,16262220,1014,16307
2082,17,40,25,0,58517400,3663,16348080,1019,16324
2083,11,38,25,0,58543020,3663,16357320,1019,16335
2084,11,39,25,0,58555620,3662,16432140,1023,16346
2085,5,39,25,0,58575600,3662,16437540,1023,16351
2086,6,38,25,0,58594620,3662,16447380,1024,16357
2087,8,40,23,2,58609320,3662,16450560,1024,16365
2088,5,40,23,2,58623780,3663,16458300,1024,16370
2089,10,40,25,0,58629540,3663,16461780,1024,16380
2090,4,38,25,0,58646520,3662,16536960,1028,16384
2091,2,26,25,0,58672380,3661,18097920,1125,16386
2092,5,13,25,0,58694820,3658,20590680,1280,16391
2093,5,4,25,0,58712880,3656,22091040,1373,16396
2094,6,4,25,0,58726260,3655,22100220,1373,16402
2095,5,0,24,1,58743600,3654,22368660,1389,16407
2096,11,6,24,1,58758900,3654,22370160,1389,16418
2097,12,17,23,2,58765620,3654,22372920,1388,16430
2098,13,29,23,2,58773780,3654,22376580,1387,16443
2099,13,40,23,2,58782240,3655,22382760,1386,16456
2100,6,40,23,2,58802460,3655,22389660,1386,16462
2101,7,40,22,3,58809480,3656,22389660,1386,16469
2102,11,39,24,1,58825620,3656,22457160,1390,16480
2103,13,40,25,0,58828620,3656,22498800,1392,16493
2104,8,40,25,0,58841640,3657,22510200,1393,16501
2105,10,38,25,0,58876140,3657,22627380,1400,16511
2106,12,40,25,0,58884240,3657,22663860,1402,16523
2107,9,37,25,0,58904880,3658,22706580,1404,16532
2108,11,40,25,0,58925580,3657,22892940,1415,16543
2109,11,40,22,3,58934940,3657,22892940,1415,16554
2110,6,39,23,2,58941540,3658,22909740,1416,16560
2111,6,39,25,0,58957680,3658,22914840,1416,16566
2112,3,37,25,0,58975980,3658,23049060,1424,16569
2113,4,37,25,0,58989360,3658,23215500,1434,16573
2114,8,40,25,0,59002380,3658,23274120,1437,16581
2115,5,40,23,2,59026260,3658,23315460,1439,16586
2116,9,39,24,1,59043720,3658,23336400,1440,16595
2117,2,40,24,1,59043720,3658,23336400,1440,16597
2118,9,40,25,0,59061000,3659,23350980,1441,16606
2119,7,39,25,0,59076000,3659,23406060,1444,16613
2120,6,40,22,3,59086980,3659,23406060,1444,16619
2121,11,40,25,0,59103360,3660,23670720,1460,16630
2122,11,39,25,0,59118840,3659,23738760,1463,16641
2123,6,39,25,0,59142540,3660,23838360,1469,16647
2124,7,38,25,0,59151000,3660,23933520,1475,16654
2125,6,29,25,0,59181600,3658,24489780,1509,16660
2126,12,30,25,0,59191860,3656,24757080,1524,16672
2127,10,36,24,1,59208180,3656,24773160,1524,16682
2128,14,40,23,2,59218800,3657,24775380,1524,16696
2129,13,40,22,3,59225820,3657,24775380,1524,16709
2130,14,40,25,0,59241060,3657,24804840,1525,16723
2131,6,39,25,0,59256960,3658,24823680,1526,16729
2132,12,39,25,0,59283420,3658,24877620,1529,16741
2133,6,39,25,0,59297520,3658,24915840,1531,16747
2134,5,38,25,0,59310360,3657,24929280,1531,16752
2135,4,34,25,0,59339220,3657,25015680,1536,16756
2136,5,29,25,0,59357640,3656,25442820,1562,16761
2137,5,32,25,0,59366400,3656,25443720,1561,16766
2138,11,39,25,0,59386140,3656,25445760,1560,16777
2139,10,38,25,0,59405940,3657,25453800,1560,16787
2140,3,39,25,0,59418120,3657,25462980,1561,16790
2141,5,40,21,4,59439540,3657,25462980,1561,16795
2142,6,40,21,4,59450340,3658,25468860,1561,16801
2143,7,40,21,4,59450340,3658,25468860,1561,16808
2144,10,40,21,4,59450340,3658,25468860,1561,16818
2145,6,39,25,0,59461500,3658,25538460,1565,16824
2146,14,40,25,0,59469360,3658,25601760,1568,16838
2147,5,39,25,0,59495940,3659,25674660,1572,16843
2148,10,38,25,0,59518140,3657,26054100,1595,16853
2149,7,40,25,0,59520960,3657,26057400,1595,16860
2150,5,36,25,0,59546340,3657,26256900,1606,16865
2151,7,37,25,0,59566020,3657,26271180,1607,16872
2152,6,40,25,0,59566980,3657,26272680,1607,16878
2153,4,40,23,2,59590920,3658,26275860,1606,16882
2154,14,40,25,0,59605500,3658,26290680,1607,16896
2155,6,40,25,0,59619480,3658,26298060,1607,16902
2156,12,40,23,2,59638620,3659,26300520,1607,16914
2157,4,36,24,1,59659080,3659,26387280,1612,16918
2158,5,28,25,0,59670660,3657,27518700,1681,16923
2159,8,33,25,0,59677080,3657,27522540,1680,16931
2160,6,34,25,0,59702880,3657,27532680,1680,16937
2161,1,32,25,0,59713560,3657,27547080,1681,16938
2162,8,36,24,1,59727540,3657,27569520,1682,16946
2163,5,37,25,0,59749740,3658,27578520,1682,16951
2164,15,40,22,3,59767440,3658,27580560,1681,16966
2165,5,40,22,3,59777340,3658,27585120,1682,16971
2166,6,38,24,1,59786340,3658,27621300,1684,16977
2167,12,39,25,0,59801460,3658,27625080,1683,16989
2168,10,40,25,0,59818140,3659,27702000,1688,16999
2169,7,39,24,1,59842260,3658,27878460,1697,17006
2170,6,40,25,0,59842260,3658,27881340,1698,17012
2171,5,39,25,0,59859540,3658,27907200,1699,17017
2172,7,38,25,0,59891040,3659,27930480,1699,17024
2173,3,36,25,0,59906580,3658,27979200,1702,17027
2174,11,35,25,0,59923200,3657,28402740,1727,17038
2175,9,39,25,0,59940420,3657,28406640,1726,17047
2176,14,40,25,0,59956200,3657,28413600,1726,17061
2177,9,40,25,0,59969220,3657,28427220,1727,17070
2178,10,40,24,1,59993700,3658,28447380,1728,17080
2179,17,40,25,0,60003300,3658,28474920,1729,17097
2180,6,40,24,1,60019200,3658,28491780,1730,17103
2181,11,40,23,2,60037440,3658,28547160,1732,17114
2182,6,36,25,0,60057240,3658,28763880,1745,17120
2183,4,30,25,0,60067800,3657,29478060,1788,17124
2184,7,28,25,0,60087720,3656,30235860,1834,17131
2185,5,26,25,0,60101040,3655,30586560,1854,17136
2186,5,29,25,0,60113400,3655,30589080,1854,17141
2187,3,30,23,2,60139320,3656,30590940,1853,17144
2188,4,32,23,2,60150660,3656,30596700,1854,17148
2189,4,35,22,3,60164040,3657,30596760,1853,17152
2190,5,39,23,2,60164040,3657,30598260,1853,17157
2191,7,40,21,4,60183900,3657,30598260,1853,17164
2192,7,40,21,4,60191760,3658,30604500,1853,17171
2193,16,40,21,4,60191760,3658,30604500,1853,17187
2194,14,40,21,4,60191760,3658,30604500,1853,17201
2195,16,40,21,4,60191760,3658,30604500,1853,17217
2196,12,40,25,0,60206160,3658,30720180,1859,17229
2197,5,40,23,2,60210900,3658,30720180,1859,17234
2198,12,40,25,0,60233640,3659,30843900,1866,17246
2199,12,40,25,0,60245880,3659,30985080,1874,17258
2200,10,40,25,0,60261960,3659,30995880,1874,17268
2201,5,39,25,0,60279300,3659,31004640,1874,17273
2202,14,40,25,0,60298560,3658,31083420,1878,17287
2203,6,36,24,1,60315300,3658,31308600,1892,17293
2204,5,39,22,3,60335580,3658,31313520,1891,17298
2205,2,40,23,2,60335580,3658,31316280,1891,17300
2206,5,39,24,1,60347580,3658,31338540,1892,17305
2207,8,40,25,0,60358440,3659,31347060,1893,17313
2208,9,40,25,0,60368100,3659,31358580,1893,17322
2209,6,40,25,0,60396780,3659,31367100,1893,17328
2210,7,40,23,2,60403200,3659,31367100,1893,17335
2211,3,40,25,0,60411240,3659,31379940,1893,17338
2212,11,40,25,0,60439260,3660,31384560,1893,17349
2213,6,39,25,0,60447120,3660,31391280,1893,17355
2214,8,36,25,0,60478440,3660,31463220,1897,17363
2215,6,36,25,0,60499980,3660,31592640,1904,17369
2216,4,38,25,0,60510060,3660,31596720,1904,17373
2217,3,34,25,0,60529740,3660,31863780,1919,17376
2218,8,32,25,0,60544920,3658,32350680,1948,17384
2219,10,36,25,0,60564180,3658,32458800,1953,17394
2220,17,40,25,0,60580080,3659,32464380,1953,17411
2221,11,40,22,3,60598140,3659,32464800,1953,17422
2222,11,40,21,4,60604500,3659,32464800,1953,17433
2223,10,40,21,4,60604500,3659,32464800,1953,17443
2224,6,39,23,2,60617340,3660,32509500,1955,17449
2225,9,40,23,2,60619080,3659,32509500,1955,17458
2226,1,36,23,2,60639420,3660,32766300,1970,17459
2227,9,37,25,0,60646920,3659,32971980,1982,17468
2228,5,38,25,0,60667620,3659,32976900,1981,17473
2229,6,37,25,0,60687900,3659,32983320,1981,17479
2230,5,34,25,0,60701040,3658,33237360,1996,17484
2231,6,37,23,2,60720180,3658,33240780,1995,17490
2232,4,38,25,0,60727860,3658,33249660,1995,17494
2233,4,40,24,1,60736500,3659,33249660,1995,17498
2234,4,39,23,2,60756300,3659,33257520,1995,17502
2235,2,39,24,1,60760080,3659,33280140,1997,17504
2236,2,36,25,0,60782340,3660,33300420,1997,17506
2237,8,40,25,0,60792840,3660,33303300,1997,17514
2238,7,40,25,0,60813480,3660,33310320,1997,17521
2239,12,40,25,0,60825420,3660,33317460,1997,17533
2240,7,40,25,0,60851880,3660,33346140,1998,17540
2241,12,40,25,0,60867300,3660,33347700,1997,17552
2242,14,40,22,3,60884040,3660,33389460,1999,17566
2243,7,39,23,2,60898320,3660,33395280,1999,17573
2244,12,40,25,0,60900960,3660,33405000,2000,17585
2245,7,38,25,0,60916980,3660,33630780,2013,17592
2246,15,39,25,0,60945960,3660,33636900,2012,17607
2247,15,40,25,0,60952680,3660,33643080,2012,17622
2248,9,35,25,0,60976500,3660,34128240,2041,17631
2249,15,40,23,2,60991980,3660,34130280,2040,17646
2250,12,40,22,3,60996900,3660,34130280,2040,17658
2251,8,40,25,0,61012200,3660,34156620,2041,17666
2252,9,39,25,0,61027980,3660,34165200,2041,17675
2253,12,40,25,0,61039320,3660,34170300,2041,17687
2254,8,36,25,0,61061760,3660,34372080,2052,17695
2255,4,28,25,0,61086540,3658,35558520,2123,17699
2256,7,31,25,0,61096080,3658,36027480,2150,17706
2257,5,33,23,2,61116600,3658,36031860,2149,17711
2258,6,33,25,0,61134720,3659,36041460,2149,17717
2259,2,29,25,0,61151880,3658,36663180,2186,17719
2260,7,25,25,0,61173420,3657,38077980,2270,17726
2261,5,21,25,0,61185900,3656,39508860,2354,17731
2262,11,27,25,0,61200960,3656,39511620,2353,17742
2263,12,35,25,0,61216980,3656,39516660,2352,17754
2264,8,40,23,2,61228740,3656,39519660,2351,17762
2265,13,40,22,3,61244520,3656,39524700,2351,17775
2266,12,40,23,2,61253160,3657,39544740,2352,17787
2267,12,40,22,3,61260540,3657,39544740,2352,17799
2268,16,40,25,0,61271880,3657,39616260,2355,17815
2269,9,39,25,0,61282800,3657,39647340,2357,17824
2270,10,39,25,0,61308060,3658,39685620,2359,17834
2271,8,38,25,0,61328040,3657,39723240,2360,17842
2272,15,40,22,3,61342680,3657,39755640,2362,17857
2273,8,39,25,0,61356480,3658,39772680,2362,17865
2274,14,38,25,0,61370880,3657,39824220,2364,17879
2275,7,37,25,0,61386000,3656,40252740,2389,17886
2276,4,39,25,0,61391700,3656,40255320,2388,17890
2277,4,40,25,0,61414680,3657,40258020,2388,17894
2278,5,38,25,0,61443780,3658,40283340,2389,17899
2279,6,38,24,1,61457400,3657,40457100,2399,17905
2280,4,31,23,2,61475580,3656,41367240,2452,17909
2281,4,26,25,0,61492920,3655,42073860,2493,17913
2282,5,22,25,0,61504140,3654,43238100,2562,17918
2283,5,25,23,2,61524180,3654,43240380,2561,17923
2284,6,30,23,2,61527180,3654,43240560,2561,17929
2285,6,34,23,2,61546260,3655,43244340,2560,17935
2286,8,40,24,1,61554600,3655,43247280,2559,17943
2287,5,40,25,0,61567620,3656,43265220,2559,17948
2288,6,39,25,0,61590720,3656,43282740,2559,17954
2289,8,39,25,0,61613280,3656,43294080,2559,17962
2290,10,40,23,2,61631400,3656,43297920,2559,17972
2291,9,40,22,3,61635240,3656,43297920,2559,17981
2292,9,39,22,3,61652640,3657,43306020,2559,17990
2293,6,39,23,2,61658760,3657,43320720,2560,17996
2294,8,40,23,2,61666020,3657,43321260,2559,18004
2295,11,40,22,3,61670940,3657,43321260,2559,18015
2296,15,39,23,2,61679400,3657,43329420,2560,18030
2297,13,40,23,2,61700580,3657,43450440,2566,18043
2298,8,38,23,2,61713600,3657,43461060,2566,18051
2299,6,39,25,0,61725780,3658,43463040,2566,18057
2300,10,40,22,3,61731360,3657,43463640,2566,18067
2301,4,40,24,1,61739700,3657,43473600,2566,18071
2302,4,39,24,1,61759860,3658,43530000,2568,18075
2303,6,39,25,0,61774140,3658,43633620,2574,18081
2304,4,38,25,0,61790220,3658,43690320,2577,18085
2305,1,30,25,0,61814040,3657,44365680,2616,18086
2306,5,26,25,0,61828380,3656,45705540,2695,18091
2307,5,24,24,1,61845240,3655,46464900,2739,18096
2308,4,26,23,2,61859160,3655,46470480,2738,18100
2309,5,27,25,0,61863900,3655,46472160,2738,18105
2310,9,32,25,0,61887240,3656,46476480,2737,18114
2311,5,36,25,0,61893780,3656,46477320,2736,18119
2312,6,37,25,0,61921860,3657,46490400,2736,18125
2313,11,40,25,0,61940580,3656,46504980,2735,18136
2314,12,40,25,0,61952820,3656,46509960,2735,18148
2315,10,40,23,2,61978200,3657,46512120,2734,18158
2316,6,40,22,3,61983660,3657,46512120,2734,18164
2317,8,40,22,3,61992240,3657,46518120,2734,18172
2318,12,40,22,3,62007660,3657,46564560,2736,18184
2319,7,40,25,0,62013900,3657,46602120,2738,18191
2320,6,40,25,0,62032920,3658,46607640,2738,18197
2321,9,40,22,3,62046180,3658,46607640,2738,18206
2322,6,40,25,0,62051760,3658,46620000,2738,18212
2323,7,39,24,1,62068860,3658,46623960,2738,18219
2324,7,32,25,0,62094240,3657,47302860,2777,18226
2325,5,34,23,2,62102340,3657,47303580,2776,18231
2326,4,31,25,0,62123040,3657,47493180,2786,18235
2327,7,35,23,2,62134140,3656,47546760,2788,18242
2328,7,40,22,3,62149800,3657,47549160,2788,18249
2329,8,40,23,2,62156640,3657,47558100,2788,18257
2330,7,40,23,2,62156640,3657,47558100,2788,18264
2331,8,40,23,2,62177460,3658,47578560,2789,18272
2332,4,40,23,2,62177460,3658,47578560,2789,18276
2333,7,40,25,0,62197320,3658,47643900,2792,18283
2334,8,40,25,0,62214000,3658,47655540,2792,18291
2335,8,40,25,0,62227980,3658,47693340,2793,18299
2336,12,40,25,0,62252940,3659,47701140,2793,18311
2337,18,40,25,0,62268060,3658,47710080,2793,18329
2338,5,39,25,0,62279340,3658,47716440,2792,18334
2339,14,40,25,0,62302860,3658,47719620,2792,18348
2340,10,39,25,0,62322060,3658,47736660,2792,18358
2341,6,37,25,0,62341200,3658,47850540,2797,18364
2342,13,40,25,0,62354580,3658,47976180,2804,18377
2343,6,38,25,0,62372040,3658,47988000,2804,18383
2344,9,39,24,1,62397060,3657,48097620,2809,18392
2345,11,40,23,2,62400360,3657,48097620,2809,18403
2346,12,38,25,0,62421840,3658,48128100,2810,18415
2347,10,40,22,3,62428620,3658,48128100,2810,18425
2348,5,39,21,4,62441640,3658,48135120,2810,18430
2349,7,40,22,3,62441640,3658,48141240,2810,18437
2350,6,40,21,4,62448060,3658,48141240,2810,18443
2351,7,40,21,4,62448060,3658,48141240,2810,18450
2352,5,38,23,2,62463180,3659,48176160,2812,18455
2353,5,30,25,0,62472480,3657,49952400,2914,18460
2354,2,20,25,0,62490420,3655,53452680,3118,18462
2355,1,4,25,0,62511480,3653,56298300,3284,18463
2356,7,1,25,0,62523840,3651,57038280,3326,18470
2357,6,6,23,2,62536560,3651,57040440,3325,18476
2358,11,16,22,3,62548620,3652,57040620,3324,18487
2359,6,21,22,3,62553780,3652,57046560,3323,18493
2360,8,29,22,3,62553780,3652,57046560,3323,18501
2361,8,34,23,2,62569860,3652,57068940,3322,18509
2362,12,40,23,2,62573520,3652,57075600,3320,18521
2363,7,40,23,2,62590320,3653,57098820,3320,18528
2364,7,40,23,2,62590320,3653,57098820,3320,18535
2365,8,40,25,0,62615220,3654,57192240,3325,18543
2366,11,39,25,0,62626860,3654,57210180,3326,18554
2367,12,40,23,2,62635260,3654,57210180,3326,18566
2368,9,40,24,1,62656260,3654,57262800,3328,18575
2369,12,40,25,0,62671380,3655,57355200,3332,18587
2370,10,40,25,0,62685000,3655,57397800,3334,18597
2371,7,39,25,0,62699280,3655,57483480,3338,18604
2372,5,38,25,0,62722800,3655,57509820,3339,18609
2373,7,38,25,0,62740560,3655,57602160,3344,18616
2374,5,39,25,0,62760240,3656,57614940,3344,18621
2375,6,37,25,0,62786700,3656,57857520,3356,18627
2376,6,38,25,0,62799540,3655,58042140,3366,18633
2377,5,38,25,0,62813880,3655,58105440,3369,18638
2378,5,38,25,0,62832000,3655,58256820,3377,18643
2379,8,39,25,0,62849220,3655,58261680,3376,18651
2380,3,32,25,0,62867160,3654,58456140,3386,18654
2381,6,32,25,0,62886060,3654,58550700,3391,18660
2382,0,27,25,0,62903280,3654,58734780,3401,18660
2383,8,27,25,0,62925300,3653,58903860,3409,18668
2384,15,39,25,0,62934360,3653,58907400,3407,18683
2385,11,40,22,3,62952780,3654,58907400,3407,18694
2386,10,40,23,2,62959980,3654,58917840,3407,18704
2387,8,40,25,0,62973720,3654,58960680,3409,18712
2388,13,40,25,0,62992320,3654,58994580,3410,18725
2389,9,40,25,0,63009540,3655,59015580,3411,18734
2390,14,40,25,0,63032640,3655,59024400,3410,18748
2391,16,40,24,1,63044820,3655,59028180,3410,18764
2392,11,40,23,2,63058920,3655,59047320,3410,18775
2393,10,39,25,0,63071940,3655,59125800,3414,18785
2394,12,40,25,0,63079860,3655,59161260,3415,18797
2395,3,35,25,0,63116160,3656,59374080,3427,18800
2396,4,33,23,2,63125460,3654,59629620,3441,18804
2397,7,39,23,2,63130380,3655,59630940,3440,18811
2398,9,39,25,0,63140220,3655,59641260,3439,18820
2399,5,39,25,0,63161640,3655,59734440,3444,18825

