Hour,Arrivals,Waiting,Treating,Available Rooms,Total Treatment Time,Average Treatment Time,Total Wait Time,Average Wait Time,Total Arrivals
1,7,0,6,19,900,900,0,0,7
2,6,0,6,19,13920,1988,0,0,13
3,9,0,9,16,43980,3383,0,0,22
4,7,0,8,17,78780,3751,0,0,29
5,3,0,5,20,112140,4153,0,0,32
6,6,0,7,18,132780,4283,0,0,38
7,10,0,14,11,149280,4390,0,0,48
8,9,0,11,14,199680,4340,0,0,57
9,6,0,8,17,246120,4474,0,0,63
10,8,0,10,15,272400,4465,0,0,71
11,7,0,10,15,299460,4403,0,0,78
12,7,0,9,16,339300,4464,0,0,85
13,13,0,17,8,361320,4460,0,0,98
14,7,0,11,14,423660,4507,0,0,105
15,8,0,10,15,472620,4588,0,0,113
16,9,0,12,13,505920,4599,0,0,122
17,15,0,17,8,548400,4570,0,0,137
18,6,0,13,12,596580,4589,0,0,143
19,7,0,11,14,659820,4746,0,0,150
20,6,0,7,18,708600,4755,0,0,156
21,5,0,5,20,733560,4702,0,0,161
22,6,0,4,21,758460,4653,0,0,167
23,2,0,2,23,775680,4644,0,0,169
24,11,0,12,13,776940,4624,0,0,180
25,5,0,11,14,805800,4631,0,0,185
26,7,0,10,15,844320,4639,0,0,192
27,6,0,11,14,878340,4697,0,0,198
28,6,0,10,15,916020,4721,0,0,204
29,3,0,6,19,950280,4727,0,0,207
30,8,0,10,15,972180,4742,0,0,215
31,6,0,11,14,1001040,4766,0,0,221
32,9,0,11,14,1051500,4801,0,0,230
33,8,0,12,13,1088400,4815,0,0,238
34,14,0,18,7,1124160,4804,0,0,252
35,10,0,13,12,1186500,4765,0,0,262
36,14,0,16,9,1244880,4788,0,0,276
37,10,0,16,9,1294320,4793,0,0,286
38,13,0,18,7,1355880,4825,0,0,299
39,8,0,13,12,1429440,4862,0,0,307
40,13,0,15,10,1494480,4899,0,0,320
41,9,0,11,14,1558080,4899,0,0,329
42,14,0,15,10,1595880,4865,0,0,343
43,3,0,6,19,1655460,4869,0,0,346
44,10,0,11,14,1679940,4869,0,0,356
45,9,0,15,10,1697700,4850,0,0,365
46,7,0,12,13,1757400,4881,0,0,372
47,5,0,10,15,1800540,4906,0,0,377
48,7,0,10,15,1837260,4912,0,0,384
49,3,0,2,23,1891140,4912,0,0,387
50,3,0,3,22,1897740,4903,0,0,390
51,7,0,7,18,1904700,4883,0,0,397
52,7,0,8,17,1924560,4860,0,0,404
53,5,0,9,16,1945260,4863,0,0,409
54,6,0,9,16,1978740,4873,0,0,415
55,5,0,9,16,2007060,4883,0,0,420
56,4,0,6,19,2043780,4889,0,0,424
57,9,0,8,17,2075580,4883,0,0,433
58,10,0,13,12,2095980,4874,0,0,443
59,13,0,17,8,2136300,4866,0,0,456
60,7,0,11,14,2202120,4871,0,0,463
61,6,0,6,19,2252100,4864,0,0,469
62,19,0,19,6,2279820,4861,0,0,488
63,5,0,15,10,2322000,4857,0,0,493
64,17,0,19,6,2397660,4883,0,0,510
65,13,0,17,8,2477580,4896,0,0,523
66,8,0,12,13,2544720,4903,0,0,531
67,10,0,13,12,2584020,4893,0,0,541
68,6,0,12,13,2624220,4905,0,0,547
69,5,0,3,22,2687520,4895,0,0,552
70,5,0,5,20,2699640,4890,0,0,557
71,12,0,14,11,2713740,4889,0,0,569
72,5,0,13,12,2739660,4883,0,0,574
73,5,0,6,19,2802360,4890,0,0,579
74,2,0,3,22,2826720,4890,0,0,581
75,11,0,11,14,2832960,4876,0,0,592
76,8,0,10,15,2865600,4856,0,0,600
77,3,0,4,21,2919000,4873,0,0,603
78,5,0,6,19,2937720,4879,0,0,608
79,9,0,13,12,2945100,4875,0,0,617
80,9,0,14,11,2975760,4862,0,0,626
81,10,0,11,14,3049680,4879,0,0,636
82,14,0,19,6,3074700,4872,0,0,650
83,17,0,18,7,3154920,4861,0,0,667
84,11,0,13,12,3220920,4843,0,0,678
85,12,0,11,14,3286920,4840,0,0,690
86,8,0,12,13,3315300,4832,0,0,698
87,7,0,10,15,3367740,4845,0,0,705
88,7,0,9,16,3401340,4838,0,0,712
89,7,0,9,16,3442920,4849,0,0,719
90,11,0,14,11,3465960,4840,0,0,730
91,6,0,10,15,3511200,4836,0,0,736
92,9,0,11,14,3549780,4836,0,0,745
93,6,0,9,16,3581460,4826,0,0,751
94,9,0,9,16,3632400,4836,0,0,760
95,3,0,8,17,3644760,4827,0,0,763
96,4,0,6,19,3685140,4842,0,0,767
97,4,0,6,19,3704940,4843,0,0,771
98,5,0,9,16,3715980,4844,0,0,776
99,5,0,7,18,3751260,4846,0,0,781
100,9,0,10,15,3779760,4845,0,0,790
101,8,0,14,11,3794940,4840,0,0,798
102,5,0,9,16,3850020,4848,0,0,803
103,11,0,13,12,3888900,4855,0,0,814
104,7,0,13,12,3920460,4852,0,0,821
105,11,0,13,12,3990000,4871,0,0,832
106,4,0,8,17,4027560,4864,0,0,836
107,15,0,12,13,4068960,4849,0,0,851
108,10,0,11,14,4111560,4837,0,0,861
109,16,0,17,8,4153080,4829,0,0,877
110,10,0,18,7,4198320,4831,0,0,887
111,4,0,10,15,4267800,4844,0,0,891
112,9,0,10,15,4322220,4856,0,0,900
113,8,0,14,11,4343040,4857,0,0,908
114,12,0,17,8,4389600,4861,0,0,920
115,11,0,15,10,4454460,4862,0,0,931
116,9,0,11,14,4516920,4862,0,0,940
117,5,0,10,15,4549560,4865,0,0,945
118,2,0,3,22,4595400,4868,0,0,947
119,6,0,8,17,4605900,4873,0,0,953
120,3,0,6,19,4627500,4871,0,0,956
121,7,0,10,15,4650000,4879,0,0,963
122,2,0,4,21,4682220,4872,0,0,965
123,2,0,2,23,4708860,4879,0,0,967
124,11,0,11,14,4716120,4877,0,0,978
125,9,0,14,11,4736880,4868,0,0,987
126,7,0,11,14,4792500,4875,0,0,994
127,11,0,16,9,4825020,4878,0,0,1005
128,9,0,10,15,4891920,4872,0,0,1014
129,10,0,12,13,4928340,4869,0,0,1024
130,4,0,6,19,4977660,4870,0,0,1028
131,10,0,10,15,5003640,4867,0,0,1038
132,8,0,12,13,5020680,4855,0,0,1046
133,4,0,8,17,5058480,4854,0,0,1050
134,6,0,6,19,5101080,4858,0,0,1056
135,9,0,11,14,5119620,4857,0,0,1065
136,3,0,5,20,5163660,4857,0,0,1068
137,11,0,11,14,5187840,4857,0,0,1079
138,6,0,14,11,5203380,4858,0,0,1085
139,10,0,12,13,5263140,4859,0,0,1095
140,5,0,7,18,5305080,4853,0,0,1100
141,5,0,4,21,5344260,4854,0,0,1105
142,4,0,4,21,5359080,4849,0,0,1109
143,4,0,5,20,5372520,4848,0,0,1113
144,4,0,6,19,5389500,4851,0,0,1117
145,8,0,9,16,5408520,4846,0,0,1125
146,5,0,10,15,5432640,4850,0,0,1130
147,5,0,7,18,5472300,4851,0,0,1135
148,6,0,8,17,5499060,4853,0,0,1141
149,8,0,10,15,5526300,4851,0,0,1149
150,9,0,11,14,5551260,4839,0,0,1158
151,8,0,12,13,5594040,4847,0,0,1166
152,13,0,11,14,5646420,4834,0,0,1179
153,6,0,10,15,5679420,4833,0,0,1185
154,16,0,15,10,5730420,4831,0,0,1201
155,10,0,15,10,5765040,4820,0,0,1211
156,13,0,15,10,5832360,4824,0,0,1224
157,12,0,15,10,5880540,4816,0,0,1236
158,5,0,11,14,5934960,4825,0,0,1241
159,3,0,6,19,5974380,4825,0,0,1244
160,10,0,11,14,5999640,4826,0,0,1254
161,8,0,12,13,6039240,4831,0,0,1262
162,10,0,18,7,6063540,4835,0,0,1272
163,4,0,6,19,6143220,4837,0,0,1276
164,7,0,8,17,6171120,4840,0,0,1283
165,7,0,8,17,6207420,4841,0,0,1290
166,9,0,12,13,6232980,4843,0,0,1299
167,5,0,8,17,6275940,4842,0,0,1304
168,9,0,10,15,6314880,4846,0,0,1313
169,0,0,3,22,6349560,4846,0,0,1313
170,5,0,5,20,6362160,4845,0,0,1318
171,3,0,5,20,6381540,4849,0,0,1321
172,3,0,7,18,6386220,4849,0,0,1324
173,4,0,4,21,6419400,4848,0,0,1328
174,8,0,9,16,6426360,4842,0,0,1336
175,7,0,11,14,6451260,4843,0,0,1343
176,6,0,6,19,6501960,4841,0,0,1349
177,5,0,7,18,6518580,4839,0,0,1354
178,8,0,6,19,6556620,4835,0,0,1362
179,8,0,10,15,6576120,4835,0,0,1370
180,12,0,12,13,6607320,4822,0,0,1382
181,7,0,13,12,6635340,4822,0,0,1389
182,10,0,13,12,6683100,4821,0,0,1399
183,12,0,18,7,6717060,4822,0,0,1411
184,11,0,14,11,6792300,4824,0,0,1422
185,8,0,12,13,6840960,4824,0,0,1430
186,9,0,12,13,6886860,4826,0,0,1439
187,10,0,13,12,6931680,4827,0,0,1449
188,5,0,10,15,6965940,4824,0,0,1454
189,4,0,4,21,7026300,4832,0,0,1458
190,7,0,8,17,7041480,4832,0,0,1465
191,5,0,7,18,7067700,4830,0,0,1470
192,2,0,6,19,7085340,4833,0,0,1472
193,5,0,7,18,7109520,4836,0,0,1477
194,6,0,9,16,7131420,4838,0,0,1483
195,7,0,12,13,7146840,4835,0,0,1490
196,4,0,6,19,7204140,4841,0,0,1494
197,4,0,5,20,7233300,4844,0,0,1498
198,8,0,10,15,7243920,4842,0,0,1506
199,9,0,9,16,7290480,4840,0,0,1515
200,5,0,9,16,7309320,4837,0,0,1520
201,11,0,12,13,7349400,4838,0,0,1531
202,10,0,18,7,7368000,4837,0,0,1541
203,16,0,16,9,7450800,4835,0,0,1557
204,16,0,21,4,7494840,4829,0,0,1573
205,9,0,17,8,7550640,4824,0,0,1582
206,5,0,8,17,7636200,4836,0,0,1587
207,8,0,11,14,7661520,4836,0,0,1595
208,10,0,12,13,7705320,4836,0,0,1605
209,8,0,15,10,7720860,4831,0,0,1613
210,8,0,9,16,7785600,4829,0,0,1621
211,7,0,13,12,7796220,4827,0,0,1628
212,8,0,9,16,7854000,4827,0,0,1636
213,8,0,14,11,7868520,4827,0,0,1644
214,10,0,14,11,7909200,4822,0,0,1654
215,1,0,4,21,7972440,4828,0,0,1655
216,4,0,4,21,7998720,4833,0,0,1659
217,4,0,7,18,8004720,4833,0,0,1663
218,7,0,10,15,8020440,4831,0,0,1670
219,4,0,6,19,8061660,4833,0,0,1674
220,7,0,8,17,8087820,4834,0,0,1681
221,7,0,8,17,8118240,4832,0,0,1688
222,10,0,11,14,8146740,4829,0,0,1698
223,6,0,9,16,8184480,4828,0,0,1704
224,10,0,14,11,8211660,4830,0,0,1714
225,5,0,9,16,8259240,4829,0,0,1719
226,7,0,10,15,8290500,4831,0,0,1726
227,7,0,10,15,8320440,4829,0,0,1733
228,6,0,10,15,8353500,4831,0,0,1739
229,12,0,13,12,8390460,4827,0,0,1751
230,12,0,19,6,8416740,4826,0,0,1763
231,8,0,10,15,8497680,4825,0,0,1771
232,15,0,17,8,8527920,4820,0,0,1786
233,9,0,12,13,8591940,4818,0,0,1795
234,7,0,10,15,8631840,4816,0,0,1802
235,5,0,7,18,8680620,4822,0,0,1807
236,7,0,8,17,8705400,4820,0,0,1814
237,4,0,7,18,8736300,4824,0,0,1818
238,6,0,5,20,8768700,4820,0,0,1824
239,7,0,8,17,8782860,4817,0,0,1831
240,3,0,6,19,8806740,4817,0,0,1834
241,5,0,6,19,8835480,4820,0,0,1839
242,4,0,5,20,8856000,4818,0,0,1843
243,3,0,5,20,8873640,4820,0,0,1846
244,7,0,8,17,8893080,4820,0,0,1853
245,8,0,11,14,8909760,4816,0,0,1861
246,3,0,8,17,8941440,4817,0,0,1864
247,9,0,9,16,8988120,4821,0,0,1873
248,10,0,10,15,9021960,4816,0,0,1883
249,12,0,14,11,9049140,4810,0,0,1895
250,13,0,19,6,9090120,4812,0,0,1908
251,17,0,19,6,9175620,4814,0,0,1925
252,8,0,13,12,9232920,4808,0,0,1933
253,6,0,11,14,9276600,4811,0,0,1939
254,14,0,16,9,9321480,4812,0,0,1953
255,11,0,14,11,9379320,4809,0,0,1964
256,8,0,13,12,9418380,4807,0,0,1972
257,8,0,11,14,9475500,4812,0,0,1980
258,9,0,11,14,9518760,4812,0,0,1989
259,7,0,11,14,9547740,4809,0,0,1996
260,5,0,7,18,9593100,4810,0,0,2001
261,5,0,7,18,9613800,4809,0,0,2006
262,3,0,6,19,9640680,4813,0,0,2009
263,7,0,9,16,9662160,4814,0,0,2016
264,2,0,7,18,9681960,4814,0,0,2018
265,5,0,5,20,9725940,4819,0,0,2023
266,3,0,5,20,9741900,4820,0,0,2026
267,4,0,7,18,9753720,4821,0,0,2030
268,4,0,6,19,9780660,4822,0,0,2034
269,6,0,6,19,9805560,4820,0,0,2040
270,14,0,14,11,9830220,4818,0,0,2054
271,8,0,12,13,9872760,4815,0,0,2062
272,9,0,11,14,9922140,4816,0,0,2071
273,6,0,13,12,9945060,4818,0,0,2077
274,17,0,15,10,10008240,4813,0,0,2094
275,5,0,10,15,10048500,4810,0,0,2099
276,10,0,13,12,10089000,4813,0,0,2109
277,9,0,13,12,10121340,4808,0,0,2118
278,15,0,18,7,10171380,4809,0,0,2133
279,12,0,17,8,10228860,4806,0,0,2145
280,12,0,17,8,10276680,4802,0,0,2157
281,12,0,17,8,10336080,4803,0,0,2169
282,4,0,8,17,10410360,4808,0,0,2173
283,8,0,8,17,10450320,4809,0,0,2181
284,9,0,9,16,10482240,4806,0,0,2190
285,8,0,11,14,10499640,4800,0,0,2198
286,6,0,9,16,10542300,4802,0,0,2204
287,3,0,3,22,10575120,4798,0,0,2207
288,8,0,6,19,10587240,4792,0,0,2215
289,7,0,9,16,10604460,4791,0,0,2222
290,4,0,7,18,10641300,4795,0,0,2226
291,4,0,6,19,10669260,4797,0,0,2230
292,8,0,10,15,10685700,4796,0,0,2238
293,5,0,7,18,10722720,4795,0,0,2243
294,5,0,7,18,10745100,4794,0,0,2248
295,13,0,16,9,10759440,4792,0,0,2261
296,8,0,13,12,10806720,4790,0,0,2269
297,9,0,13,12,10855200,4792,0,0,2278
298,11,0,7,18,10923600,4786,0,0,2289
299,13,0,18,7,10931820,4786,0,0,2302
300,10,0,14,11,10992660,4783,0,0,2312
301,10,0,17,8,11032500,4786,0,0,2322
302,10,0,19,6,11081340,4790,0,0,2332
303,11,0,18,7,11154000,4797,0,0,2343
304,10,0,13,12,11232420,4800,0,0,2353
305,16,0,20,5,11280480,4802,0,0,2369
306,2,0,10,15,11345340,4805,0,0,2371
307,11,0,11,14,11402460,4809,0,0,2382
308,4,0,12,13,11419260,4810,0,0,2386
309,4,0,8,17,11469840,4815,0,0,2390
310,3,0,7,18,11494500,4817,0,0,2393
311,7,0,8,17,11526540,4818,0,0,2400
312,5,0,7,18,11556780,4819,0,0,2405
313,7,0,10,15,11581500,4821,0,0,2412
314,2,0,4,21,11617560,4820,0,0,2414
315,7,0,9,16,11630340,4821,0,0,2421
316,2,0,6,19,11657880,4823,0,0,2423
317,3,0,3,22,11696400,4827,0,0,2426
318,11,0,11,14,11703240,4824,0,0,2437
319,9,0,12,13,11741700,4824,0,0,2446
320,8,0,9,16,11796060,4824,0,0,2454
321,9,0,12,13,11818980,4822,0,0,2463
322,6,0,7,18,11871300,4821,0,0,2469
323,17,0,15,10,11900220,4815,0,0,2486
324,7,0,12,13,11943480,4813,0,0,2493
325,11,0,14,11,11985780,4813,0,0,2504
326,14,0,21,4,12015360,4811,0,0,2518
327,11,0,17,8,12082020,4809,0,0,2529
328,12,0,18,7,12148020,4814,0,0,2541
329,11,0,18,7,12206820,4817,0,0,2552
330,8,0,13,12,12272340,4818,0,0,2560
331,8,0,10,15,12333540,4821,0,0,2568
332,13,0,15,10,12371400,4821,0,0,2581
333,9,0,16,9,12403800,4818,0,0,2590
334,11,0,14,11,12460500,4816,0,0,2601
335,3,0,6,19,12521160,4819,0,0,2604
336,6,0,7,18,12545520,4819,0,0,2610
337,2,0,6,19,12562020,4820,0,0,2612
338,5,0,7,18,12585840,4822,0,0,2617
339,5,0,7,18,12604680,4820,0,0,2622
340,3,0,6,19,12618240,4817,0,0,2625
341,7,0,7,18,12659400,4822,0,0,2632
342,3,0,6,19,12679680,4823,0,0,2635
343,5,0,3,22,12718200,4822,0,0,2640
344,7,0,8,17,12726960,4822,0,0,2647
345,5,0,8,17,12745560,4820,0,0,2652
346,10,0,11,14,12783180,4822,0,0,2662
347,16,0,19,6,12819960,4821,0,0,2678
348,8,0,13,12,12874380,4816,0,0,2686
349,4,0,6,19,12930360,4817,0,0,2690
350,13,0,15,10,12941040,4814,0,0,2703
351,5,0,12,13,12981240,4815,0,0,2708
352,14,0,16,9,13039140,4818,0,0,2722
353,9,0,14,11,13084500,4815,0,0,2731
354,10,0,14,11,13136820,4817,0,0,2741
355,7,0,13,12,13183200,4820,0,0,2748
356,3,0,7,18,13233240,4822,0,0,2751
357,4,0,5,20,13264440,4823,0,0,2755
358,9,0,10,15,13275240,4820,0,0,2764
359,9,0,12,13,13312980,4821,0,0,2773
360,10,0,12,13,13360560,4821,0,0,2783
361,3,0,4,21,13411500,4820,0,0,2786
362,5,0,8,17,13416240,4820,0,0,2791
363,11,0,11,14,13455180,4820,0,0,2802
364,5,0,12,13,13471920,4820,0,0,2807
365,7,0,8,17,13540680,4825,0,0,2814
366,1,0,2,23,13577340,4826,0,0,2815
367,9,0,9,16,13586340,4826,0,0,2824
368,12,0,14,11,13611960,4823,0,0,2836
369,7,0,11,14,13648740,4819,0,0,2843
370,9,0,13,12,13685880,4820,0,0,2852
371,11,0,13,12,13738800,4820,0,0,2863
372,16,0,20,5,13775940,4818,0,0,2879
373,11,0,19,6,13829340,4816,0,0,2890
374,8,0,15,10,13897620,4820,0,0,2898
375,7,0,9,16,13965180,4822,0,0,2905
376,6,0,10,15,13988460,4821,0,0,2911
377,7,0,10,15,14024580,4822,0,0,2918
378,6,0,9,16,14062260,4824,0,0,2924
379,11,0,13,12,14090880,4822,0,0,2935
380,8,0,12,13,14137200,4823,0,0,2943
381,8,0,13,12,14164980,4821,0,0,2951
382,7,0,10,15,14225220,4825,0,0,2958
383,4,0,6,19,14264820,4825,0,0,2962
384,3,0,3,22,14286300,4823,0,0,2965
385,2,0,2,23,14303460,4824,0,0,2967
386,6,0,7,18,14305380,4823,0,0,2973
387,3,0,4,21,14331360,4822,0,0,2976
388,4,0,5,20,14343840,4821,0,0,2980
389,8,0,10,15,14354700,4820,0,0,2988
390,4,0,10,15,14372460,4819,0,0,2992
391,11,0,12,13,14420700,4821,0,0,3003
392,4,0,5,20,14460240,4816,0,0,3007
393,10,0,13,12,14473740,4818,0,0,3017
394,13,0,16,9,14521560,4818,0,0,3030
395,7,0,15,10,14556780,4816,0,0,3037
396,12,0,15,10,14626740,4820,0,0,3049
397,11,0,15,10,14668680,4817,0,0,3060
398,9,0,12,13,14732100,4819,0,0,3069
399,14,0,15,10,14778660,4817,0,0,3083
400,7,0,14,11,14810760,4814,0,0,3090
401,9,0,10,15,14887440,4819,0,0,3099
402,12,0,15,10,14913240,4816,0,0,3111
403,7,0,7,18,14973900,4813,0,0,3118
404,9,0,7,18,15016200,4812,0,0,3127
405,11,0,12,13,15037800,4810,0,0,3138
406,6,0,8,17,15084600,4810,0,0,3144
407,5,0,4,21,15124800,4809,0,0,3149
408,13,0,11,14,15149280,4807,0,0,3162
409,3,0,6,19,15183000,4806,0,0,3165
410,5,0,9,16,15194160,4806,0,0,3170
411,5,0,10,15,15220320,4808,0,0,3175
412,7,0,9,16,15261960,4809,0,0,3182
413,6,0,8,17,15294900,4809,0,0,3188
414,8,0,12,13,15315540,4810,0,0,3196
415,7,0,9,16,15363420,4810,0,0,3203
416,9,0,14,11,15383100,4810,0,0,3212
417,17,0,23,2,15425100,4811,0,0,3229
418,9,0,22,3,15478800,4813,0,0,3238
419,12,0,16,9,15582120,4818,0,0,3250
420,7,0,12,13,15645360,4821,0,0,3257
421,11,0,15,10,15691680,4823,0,0,3268
422,8,0,11,14,15757080,4826,0,0,3276
423,9,0,11,14,15798180,4825,0,0,3285
424,9,0,13,12,15835560,4826,0,0,3294
425,6,0,9,16,15888360,4827,0,0,3300
426,12,0,16,9,15921720,4830,0,0,3312
427,16,0,22,3,15963120,4828,0,0,3328
428,7,0,12,13,16057500,4832,0,0,3335
429,5,0,7,18,16108620,4833,0,0,3340
430,6,0,6,19,16144020,4833,0,0,3346
431,6,0,8,17,16166100,4834,0,0,3352
432,7,0,10,15,16189620,4834,0,0,3359
433,4,0,4,21,16232760,4832,0,0,3363
434,7,0,5,20,16250760,4829,0,0,3370
435,6,0,8,17,16261680,4828,0,0,3376
436,5,0,8,17,16284420,4827,0,0,3381
437,6,0,7,18,16320300,4828,0,0,3387
438,8,0,10,15,16344240,4828,0,0,3395
439,9,0,11,14,16377900,4826,0,0,3404
440,8,0,11,14,16407120,4824,0,0,3412
441,7,0,8,17,16454820,4824,0,0,3419
442,14,0,13,12,16488360,4821,0,0,3433
443,12,0,16,9,16522620,4818,0,0,3445
444,9,0,18,7,16559340,4819,0,0,3454
445,9,0,12,13,16644360,4823,0,0,3463
446,14,0,15,10,16693920,4822,0,0,3477
447,12,0,18,7,16737240,4822,0,0,3489
448,9,0,12,13,16812360,4822,0,0,3498
449,6,0,8,17,16868460,4825,0,0,3504
450,9,0,7,18,16903200,4821,0,0,3513
451,4,0,9,16,16911540,4820,0,0,3517
452,6,0,9,16,16949760,4823,0,0,3523
453,13,0,15,10,16991460,4825,0,0,3536
454,4,0,9,16,17037420,4825,0,0,3540
455,12,0,14,11,17071860,4825,0,0,3552
456,1,0,10,15,17097300,4825,0,0,3553
457,3,0,5,20,17143140,4827,0,0,3556
458,7,0,9,16,17166240,4830,0,0,3563
459,4,0,8,17,17183700,4828,0,0,3567
460,8,0,9,16,17220900,4829,0,0,3575
461,5,0,7,18,17253600,4828,0,0,3580
462,5,0,10,15,17264040,4829,0,0,3585
463,6,0,8,17,17312520,4831,0,0,3591
464,9,0,12,13,17335680,4831,0,0,3600
465,7,0,11,14,17378220,4832,0,0,3607
466,7,0,12,13,17406480,4832,0,0,3614
467,8,0,10,15,17470440,4836,0,0,3622
468,9,0,13,12,17501100,4837,0,0,3631
469,14,0,21,4,17532780,4837,0,0,3645
470,15,0,21,4,17603820,4837,0,0,3660
471,8,0,17,8,17663400,4837,0,0,3668
472,8,0,11,14,17736960,4839,0,0,3676
473,7,0,10,15,17770140,4838,0,0,3683
474,8,0,8,17,17820300,4838,0,0,3691
475,5,0,8,17,17849100,4839,0,0,3696
476,9,0,11,14,17874960,4838,0,0,3705
477,9,0,12,13,17915040,4839,0,0,3714
478,3,0,4,21,17963760,4838,0,0,3717
479,9,0,9,16,17978520,4836,0,0,3726
480,4,0,8,17,18004680,4837,0,0,3730
481,3,0,6,19,18033600,4838,0,0,3733
482,3,0,4,21,18065100,4840,0,0,3736
483,5,0,5,20,18076980,4838,0,0,3741
484,4,0,6,19,18098400,4840,0,0,3745
485,4,0,8,17,18111960,4841,0,0,3749
486,10,0,9,16,18152220,4840,0,0,3759
487,5,0,12,13,18161400,4840,0,0,3764
488,7,0,10,15,18207240,4841,0,0,3771
489,10,0,13,12,18252780,4844,0,0,3781
490,12,0,18,7,18277140,4841,0,0,3793
491,12,0,16,9,18342000,4840,0,0,3805
492,11,0,21,4,18379020,4842,0,0,3816
493,14,0,18,7,18457800,4842,0,0,3830
494,10,0,15,10,18528660,4844,0,0,3840
495,17,0,21,4,18584820,4844,0,0,3857
496,13,0,19,6,18665100,4846,0,0,3870
497,7,0,13,12,18722220,4845,0,0,3877
498,5,0,8,17,18774840,4846,0,0,3882
499,7,0,7,18,18816000,4846,0,0,3889
500,6,0,6,19,18850740,4847,0,0,3895
501,7,0,8,17,18871320,4846,0,0,3902
502,3,0,3,22,18897900,4843,0,0,3905
503,6,0,4,21,18912780,4840,0,0,3911
504,4,0,5,20,18927360,4840,0,0,3915
505,5,0,7,18,18943260,4841,0,0,3920
506,4,0,7,18,18960480,4840,0,0,3924
507,2,0,3,22,18990840,4840,0,0,3926
508,6,0,7,18,19003620,4841,0,0,3932
509,8,0,12,13,19013820,4840,0,0,3940
510,14,0,13,12,19058520,4835,0,0,3954
511,9,0,13,12,19105140,4836,0,0,3963
512,5,0,9,16,19152300,4837,0,0,3968
513,10,0,12,13,19185720,4837,0,0,3978
514,8,0,13,12,19221300,4837,0,0,3986
515,8,0,14,11,19251480,4837,0,0,3994
516,10,0,13,12,19318920,4840,0,0,4004
517,8,0,11,14,19359540,4838,0,0,4012
518,16,0,19,6,19399680,4839,0,0,4028
519,16,0,22,3,19447860,4835,0,0,4044
520,11,0,14,11,19545180,4836,0,0,4055
521,7,0,10,15,19591920,4835,0,0,4062
522,5,0,6,19,19627980,4833,0,0,4067
523,5,0,7,18,19649760,4833,0,0,4072
524,10,0,13,12,19669320,4833,0,0,4082
525,7,0,8,17,19720620,4832,0,0,4089
526,8,0,12,13,19741560,4832,0,0,4097
527,3,0,7,18,19781400,4832,0,0,4100
528,6,0,5,20,19818060,4832,0,0,4106
529,2,0,3,22,19834980,4831,0,0,4108
530,3,0,4,21,19847820,4832,0,0,4111
531,7,0,8,17,19864080,4833,0,0,4118
532,6,0,10,15,19877520,4831,0,0,4124
533,5,0,6,19,19921500,4831,0,0,4129
534,6,0,7,18,19936980,4829,0,0,4135
535,10,0,12,13,19960680,4829,0,0,4145
536,9,0,9,16,20011740,4827,0,0,4154
537,7,0,9,16,20039100,4826,0,0,4161
538,7,0,12,13,20058420,4826,0,0,4168
539,13,0,16,9,20104440,4826,0,0,4181
540,10,0,16,9,20157360,4828,0,0,4191
541,11,0,13,12,20226240,4828,0,0,4202
542,16,0,17,8,20265480,4823,0,0,4218
543,9,0,11,14,20341740,4824,0,0,4227
544,7,0,11,14,20382900,4826,0,0,4234
545,14,0,18,7,20416680,4826,0,0,4248
546,8,0,15,10,20476560,4828,0,0,4256
547,13,0,16,9,20543460,4830,0,0,4269
548,11,0,17,8,20584920,4828,0,0,4280
549,7,0,10,15,20665740,4831,0,0,4287
550,6,0,8,17,20708580,4832,0,0,4293
551,10,0,10,15,20744700,4832,0,0,4303
552,2,0,8,17,20761320,4831,0,0,4305
553,6,0,5,20,20817360,4834,0,0,4311
554,3,0,7,18,20822400,4834,0,0,4314
555,8,0,10,15,20852820,4835,0,0,4322
556,5,0,7,18,20896680,4837,0,0,4327
557,8,0,11,14,20919480,4837,0,0,4335
558,9,0,10,15,20962980,4836,0,0,4344
559,5,0,9,16,20997660,4838,0,0,4349
560,9,0,7,18,21040200,4835,0,0,4358
561,11,0,13,12,21068820,4836,0,0,4369
562,10,0,12,13,21120900,4836,0,0,4379
563,5,0,8,17,21159240,4835,0,0,4384
564,6,0,8,17,21191520,4836,0,0,4390
565,15,0,18,7,21210720,4834,0,0,4405
566,5,0,8,17,21283020,4834,0,0,4410
567,11,0,14,11,21310380,4835,0,0,4421
568,12,0,18,7,21342780,4834,0,0,4433
569,10,0,15,10,21409500,4835,0,0,4443
570,12,0,19,6,21462000,4838,0,0,4455
571,7,0,12,13,21542340,4840,0,0,4462
572,7,0,11,14,21583860,4841,0,0,4469
573,10,0,14,11,21620160,4842,0,0,4479
574,4,0,8,17,21669060,4842,0,0,4483
575,10,0,13,12,21696420,4842,0,0,4493
576,9,0,13,12,21743940,4843,0,0,4502
577,6,0,6,19,21809220,4844,0,0,4508
578,4,0,5,20,21835080,4844,0,0,4512
579,3,0,5,20,21847740,4844,0,0,4515
580,3,0,4,21,21871080,4845,0,0,4518
581,7,0,8,17,21885540,4845,0,0,4525
582,6,0,6,19,21913440,4842,0,0,4531
583,11,0,11,14,21935220,4841,0,0,4542
584,5,0,7,18,21976860,4840,0,0,4547
585,11,0,12,13,22001460,4839,0,0,4558
586,9,0,13,12,22033200,4838,0,0,4567
587,4,0,7,18,22087740,4839,0,0,4571
588,7,0,8,17,22123260,4840,0,0,4578
589,5,0,8,17,22143660,4840,0,0,4583
590,14,0,14,11,22179060,4839,0,0,4597
591,10,0,16,9,22214880,4838,0,0,4607
592,7,0,15,10,22259880,4840,0,0,4614
593,3,0,6,19,22322040,4841,0,0,4617
594,12,0,11,14,22351740,4840,0,0,4629
595,10,0,13,12,22386360,4839,0,0,4639
596,7,0,9,16,22438260,4838,0,0,4646
597,5,0,9,16,22459260,4838,0,0,4651
598,5,0,6,19,22506420,4840,0,0,4656
599,8,0,9,16,22530840,4840,0,0,4664
600,2,0,5,20,22559100,4839,0,0,4666
601,6,0,5,20,22585320,4839,0,0,4672
602,3,0,5,20,22599000,4839,0,0,4675
603,5,0,8,17,22609020,4839,0,0,4680
604,8,0,11,14,22632360,4839,0,0,4688
605,3,0,8,17,22663800,4839,0,0,4691
606,6,0,8,17,22703400,4841,0,0,4697
607,6,0,6,19,22729200,4839,0,0,4703
608,7,0,8,17,22747740,4837,0,0,4710
609,7,0,9,16,22774020,4837,0,0,4717
610,5,0,6,19,22804440,4835,0,0,4722
611,6,0,8,17,22821540,4835,0,0,4728
612,11,0,13,12,22849440,4834,0,0,4739
613,5,0,10,15,22883040,4833,0,0,4744
614,7,0,11,14,22916160,4834,0,0,4751
615,14,0,15,10,22957200,4833,0,0,4765
616,14,0,20,5,22999380,4832,0,0,4779
617,4,0,8,17,23080560,4833,0,0,4783
618,12,0,11,14,23118000,4832,0,0,4795
619,3,0,8,17,23140500,4831,0,0,4798
620,13,0,12,13,23182380,4830,0,0,4811
621,3,0,8,17,23204760,4828,0,0,4814
622,5,0,9,16,23225460,4828,0,0,4819
623,10,0,13,12,23267100,4831,0,0,4829
624,7,0,10,15,23310600,4830,0,0,4836
625,4,0,9,16,23341620,4831,0,0,4840
626,6,0,9,16,23376000,4832,0,0,4846
627,5,0,5,20,23417760,4832,0,0,4851
628,4,0,5,20,23441700,4833,0,0,4855
629,8,0,10,15,23456160,4833,0,0,4863
630,5,0,12,13,23473560,4833,0,0,4868
631,7,0,8,17,23534640,4835,0,0,4875
632,10,0,12,13,23556540,4834,0,0,4885
633,8,0,11,14,23596200,4833,0,0,4893
634,15,0,18,7,23634000,4833,0,0,4908
635,15,0,19,6,23698860,4832,0,0,4923
636,9,0,14,11,23768760,4833,0,0,4932
637,8,0,14,11,23820480,4835,0,0,4940
638,11,0,14,11,23875380,4836,0,0,4951
639,12,0,15,10,23921880,4834,0,0,4963
640,10,0,11,14,23995980,4835,0,0,4973
641,6,0,10,15,24033180,4836,0,0,4979
642,11,0,12,13,24076260,4836,0,0,4990
643,4,0,11,14,24100800,4836,0,0,4994
644,7,0,8,17,24146760,4836,0,0,5001
645,5,0,9,16,24174300,4837,0,0,5006
646,8,0,11,14,24207840,4838,0,0,5014
647,5,0,6,19,24246120,4836,0,0,5019
648,4,0,4,21,24264060,4834,0,0,5023
649,8,0,8,17,24289320,4835,0,0,5031
650,4,0,7,18,24308220,4834,0,0,5035
651,4,0,5,20,24336720,4834,0,0,5039
652,8,0,11,14,24344820,4834,0,0,5047
653,10,0,12,13,24389460,4834,0,0,5057
654,5,0,9,16,24427080,4834,0,0,5062
655,5,0,11,14,24445920,4835,0,0,5067
656,8,0,11,14,24493800,4836,0,0,5075
657,8,0,9,16,24544620,4837,0,0,5083
658,11,0,15,10,24568200,4837,0,0,5094
659,9,0,13,12,24615420,4836,0,0,5103
660,7,0,9,16,24672960,4836,0,0,5110
661,7,0,12,13,24687180,4835,0,0,5117
662,12,0,15,10,24743640,4838,0,0,5129
663,10,0,15,10,24796320,4839,0,0,5139
664,9,0,12,13,24868740,4842,0,0,5148
665,6,0,10,15,24900900,4840,0,0,5154
666,4,0,8,17,24938220,4842,0,0,5158
667,7,0,10,15,24968820,4843,0,0,5165
668,14,0,14,11,25009200,4842,0,0,5179
669,8,0,12,13,25054560,4841,0,0,5187
670,3,0,5,20,25102320,4841,0,0,5190
671,3,0,2,23,25136280,4842,0,0,5193
672,7,0,8,17,25141620,4842,0,0,5200
673,4,0,12,13,25141620,4842,0,0,5204
674,6,0,15,10,25154520,4842,0,0,5210
675,12,0,24,1,25165920,4841,0,0,5222
676,3,0,17,8,25221240,4842,0,0,5225
677,6,0,13,12,25280340,4844,0,0,5231
678,7,0,15,10,25297920,4843,0,0,5238
679,8,0,15,10,25329720,4842,0,0,5246
680,9,0,17,8,25357020,4840,0,0,5255
681,6,0,17,8,25389360,4841,0,0,5261
682,10,0,21,4,25422300,4842,0,0,5271
683,5,0,16,9,25473960,4842,0,0,5276
684,10,0,18,7,25517040,4843,0,0,5286
685,12,0,22,3,25545780,4841,0,0,5298
686,15,7,25,0,25568580,4841,1860,0,5313
687,5,0,17,8,25681380,4844,14580,2,5318
688,13,0,21,4,25719840,4843,14580,2,5331
689,14,1,25,0,25764960,4843,16560,3,5345
690,7,0,23,2,25817760,4844,20100,3,5352
691,10,0,20,5,25894020,4847,20520,3,5362
692,11,0,24,1,25925340,4846,20520,3,5373
693,6,0,19,6,25994100,4849,20520,3,5379
694,6,0,16,9,26049360,4851,20520,3,5385
695,7,0,18,7,26082360,4853,20520,3,5392
696,9,0,18,7,26122560,4852,20520,3,5401
697,9,0,22,3,26154120,4854,20520,3,5410
698,6,0,16,9,26212800,4854,20520,3,5416
699,5,0,12,13,26263860,4855,20520,3,5421
700,5,0,15,10,26269560,4854,20520,3,5426
701,8,0,16,9,26305740,4855,20520,3,5434
702,9,0,20,5,26327040,4854,20520,3,5443
703,5,0,17,8,26361960,4853,20520,3,5448
704,7,0,15,10,26410800,4854,20520,3,5455
705,12,0,22,3,26440920,4856,20520,3,5467
706,10,0,24,1,26479320,4855,20520,3,5477
707,14,0,25,0,26543820,4856,20520,3,5491
708,10,0,21,4,26605260,4854,20760,3,5501
709,7,0,19,6,26655660,4856,20760,3,5508
710,8,0,20,5,26696040,4857,20760,3,5516
711,13,1,25,0,26729820,4857,20760,3,5529
712,11,0,22,3,26801760,4857,20760,3,5540
713,14,2,25,0,26843880,4856,25260,4,5554
714,8,0,20,5,26916720,4856,26280,4,5562
715,4,0,12,13,26971980,4856,26280,4,5566
716,5,0,12,13,26993940,4855,26280,4,5571
717,11,0,17,8,27012540,4854,26280,4,5582
718,4,0,14,11,27047100,4854,26280,4,5586
719,3,0,11,14,27078840,4854,26280,4,5589
720,4,0,12,13,27090660,4854,26280,4,5593
721,2,0,11,14,27105300,4854,26280,4,5595
722,4,0,11,14,27120600,4853,26280,4,5599
723,3,0,10,15,27138660,4853,26280,4,5602
724,0,0,9,16,27144600,4853,26280,4,5602
725,4,0,11,14,27156540,4853,26280,4,5606
726,11,0,19,6,27165960,4852,26280,4,5617
727,6,0,18,7,27195120,4851,26280,4,5623
728,10,0,19,6,27242880,4852,26280,4,5633
729,8,0,21,4,27271380,4852,26280,4,5641
730,16,3,25,0,27312180,4852,26280,4,5657
731,10,2,25,0,27366840,4852,35040,6,5667
732,13,1,25,0,27440400,4853,41400,7,5680
733,5,0,22,3,27482940,4853,42660,7,5685
734,9,0,16,9,27577200,4856,42660,7,5694
735,8,0,17,8,27601080,4855,42660,7,5702
736,10,0,19,6,27636060,4854,42660,7,5712
737,16,3,25,0,27668160,4854,42660,7,5728
738,15,7,25,0,27720900,4853,47640,8,5743
739,10,7,25,0,27781260,4856,60120,10,5753
740,7,0,25,0,27866340,4858,112020,19,5760
741,8,0,18,7,27923400,4856,112020,19,5768
742,4,0,14,11,27957900,4855,112020,19,5772
743,4,0,14,11,27982920,4856,112020,19,5776
744,6,0,15,10,28010940,4857,112020,19,5782
745,4,0,14,11,28036320,4857,112020,19,5786
746,6,0,15,10,28059720,4857,112020,19,5792
747,4,0,15,10,28082580,4857,112020,19,5796
748,8,0,16,9,28115640,4857,112020,19,5804
749,9,0,18,7,28146360,4857,112020,19,5813
750,3,0,14,11,28186980,4858,112020,19,5816
751,8,0,17,8,28212180,4858,112020,19,5824
752,11,0,21,4,28245000,4858,112020,19,5835
753,12,0,21,4,28294440,4856,112020,19,5847
754,6,0,17,8,28348560,4857,112020,19,5853
755,11,0,16,9,28404960,4857,112020,19,5864
756,15,0,22,3,28441140,4855,112020,19,5879
757,8,0,18,7,28484340,4853,112920,19,5887
758,14,0,25,0,28521480,4853,112920,19,5901
759,5,0,21,4,28569660,4854,113100,19,5906
760,8,0,16,9,28642020,4856,113100,19,5914
761,4,0,15,10,28661520,4855,113100,19,5918
762,6,0,15,10,28696200,4856,113100,19,5924
763,6,0,16,9,28726620,4857,113100,19,5930
764,10,0,18,7,28755900,4855,113100,19,5940
765,8,0,17,8,28792440,4854,113100,19,5948
766,11,0,19,6,28833840,4854,113100,18,5959
767,5,0,16,9,28874880,4854,113100,18,5964
768,4,0,12,13,28915980,4854,113100,18,5968
769,5,0,14,11,28927680,4854,113100,18,5973
770,9,0,17,8,28951020,4853,113100,18,5982
771,3,0,12,13,28988100,4853,113100,18,5985
772,7,0,12,13,29022360,4853,113100,18,5992
773,5,0,17,8,29022360,4853,113100,18,5997
774,9,0,18,7,29066220,4854,113100,18,6006
775,10,0,23,2,29087460,4853,113100,18,6016
776,7,0,20,5,29143380,4854,113100,18,6023
777,7,0,18,7,29190120,4855,113100,18,6030
778,14,0,24,1,29237220,4856,113100,18,6044
779,7,0,19,6,29298120,4857,114540,18,6051
780,8,0,20,5,29332200,4857,114540,18,6059
781,9,0,19,6,29375040,4856,114540,18,6068
782,10,0,17,8,29430840,4855,114540,18,6078
783,13,0,21,4,29468820,4854,114540,18,6091
784,7,0,20,5,29508060,4854,114540,18,6098
785,10,0,22,3,29545980,4854,114540,18,6108
786,9,0,17,8,29616300,4855,114720,18,6117
787,9,0,18,7,29648100,4853,114720,18,6126
788,7,0,17,8,29684280,4853,114720,18,6133
789,6,0,15,10,29723940,4853,114720,18,6139
790,6,0,14,11,29758200,4853,114720,18,6145
791,10,0,19,6,29782380,4853,114720,18,6155
792,3,0,12,13,29830860,4853,114720,18,6158
793,6,0,12,13,29863860,4854,114720,18,6164
794,9,0,19,6,29871360,4853,114720,18,6173
795,4,0,14,11,29906880,4852,114720,18,6177
796,5,0,12,13,29942040,4852,114720,18,6182
797,10,0,19,6,29952240,4852,114720,18,6192
798,6,0,19,6,29979000,4851,114720,18,6198
799,8,0,20,5,30016500,4852,114720,18,6206
800,9,0,16,9,30092220,4854,114720,18,6215
801,6,0,13,12,30129360,4853,114720,18,6221
802,7,0,15,10,30149280,4852,114720,18,6228
803,10,0,20,5,30175860,4852,114720,18,6238
804,5,0,18,7,30205740,4852,114720,18,6243
805,6,0,15,10,30252660,4852,114720,18,6249
806,15,0,21,4,30290340,4851,114720,18,6264
807,11,0,22,3,30334620,4851,114720,18,6275
808,12,0,23,2,30379440,4849,115320,18,6287
809,7,0,21,4,30426240,4850,115320,18,6294
810,6,0,17,8,30481320,4851,115320,18,6300
811,9,0,18,7,30521820,4851,115320,18,6309
812,4,0,12,13,30571320,4851,115320,18,6313
813,6,0,14,11,30590580,4851,115320,18,6319
814,10,0,18,7,30609780,4850,115320,18,6329
815,4,0,12,13,30650580,4849,115320,18,6333
816,9,0,16,9,30675060,4849,115320,18,6342
817,5,0,14,11,30706080,4848,115320,18,6347
818,6,0,17,8,30725640,4849,115320,18,6353
819,6,0,14,11,30769020,4849,115320,18,6359
820,10,0,20,5,30791880,4849,115320,18,6369
821,6,0,17,8,30828360,4848,115320,18,6375
822,9,0,16,9,30881880,4849,115320,18,6384
823,15,0,25,0,30907320,4848,115320,18,6399
824,4,0,18,7,30947460,4846,115320,18,6403
825,18,0,22,3,31020180,4847,115320,17,6421
826,12,0,21,4,31079760,4847,120480,18,6433
827,7,0,13,12,31138860,4845,120480,18,6440
828,14,0,18,7,31169520,4842,120480,18,6454
829,7,0,20,5,31194240,4843,120480,18,6461
830,7,0,15,10,31252560,4843,120480,18,6468
831,6,0,11,14,31292580,4841,120480,18,6474
832,6,0,15,10,31299600,4841,120480,18,6480
833,10,0,16,9,31337880,4840,120480,18,6490
834,5,0,14,11,31366980,4839,120480,18,6495
835,6,0,17,8,31380780,4839,120480,18,6501
836,10,0,21,4,31416960,4840,120480,18,6511
837,3,0,15,10,31453980,4839,120480,18,6514
838,11,0,20,5,31486320,4840,120480,18,6525
839,7,0,17,8,31528500,4839,120480,18,6532
840,1,0,10,15,31572420,4840,120480,18,6533
841,4,0,13,12,31581480,4840,120480,18,6537
842,2,0,10,15,31606200,4840,120480,18,6539
843,4,0,12,13,31612020,4840,120480,18,6543
844,2,0,11,14,31627380,4840,120480,18,6545
845,6,0,13,12,31642860,4839,120480,18,6551
846,4,0,14,11,31654500,4839,120480,18,6555
847,7,0,17,8,31679580,4840,120480,18,6562
848,8,0,17,8,31718340,4840,120480,18,6570
849,14,0,25,0,31750440,4840,120900,18,6584
850,10,0,24,1,31790040,4838,122280,18,6594
851,16,5,25,0,31845180,4839,123060,18,6610
852,10,5,25,0,31894680,4839,130740,19,6620
853,13,5,25,0,31971540,4841,149520,22,6633
854,11,1,25,0,32045520,4842,166860,25,6644
855,9,0,20,5,32109660,4840,167280,25,6653
856,15,0,25,0,32158260,4840,167280,25,6668
857,3,0,15,10,32217660,4840,167520,25,6671
858,14,0,20,5,32264520,4840,167520,25,6685
859,4,0,17,8,32295960,4840,167520,25,6689
860,7,0,17,8,32338680,4841,167520,25,6696
861,7,0,17,8,32364120,4840,167520,24,6703
862,7,0,16,9,32400720,4840,167520,24,6710
863,2,0,11,14,32441760,4841,167520,24,6712
864,6,0,12,13,32465640,4841,167520,24,6718
865,7,0,15,10,32481540,4840,167520,24,6725
866,3,0,13,12,32505060,4840,167520,24,6728
867,8,0,18,7,32520360,4840,167520,24,6736
868,9,0,18,7,32564760,4840,167520,24,6745
869,6,0,16,9,32603580,4840,167520,24,6751
870,5,0,15,10,32636820,4841,167520,24,6756
871,9,0,18,7,32663400,4841,167520,24,6765
872,5,0,18,7,32691840,4841,167520,24,6770
873,11,0,16,9,32746260,4840,167520,24,6781
874,11,0,21,4,32769000,4839,167520,24,6792
875,9,0,19,6,32817420,4838,167520,24,6801
876,5,0,17,8,32859660,4840,167520,24,6806
877,12,0,23,2,32897160,4841,167520,24,6818
878,13,0,23,2,32957880,4841,168180,24,6831
879,8,0,21,4,33011640,4841,168180,24,6839
880,10,0,20,5,33065940,4841,168180,24,6849
881,9,0,19,6,33107820,4841,168180,24,6858
882,9,0,19,6,33153120,4841,168180,24,6867
883,11,0,18,7,33208980,4840,168180,24,6878
884,8,0,18,7,33239100,4839,168180,24,6886
885,3,0,11,14,33294120,4840,168180,24,6889
886,4,0,12,13,33313860,4841,168180,24,6893
887,6,0,12,13,33339540,4840,168180,24,6899
888,8,0,16,9,33358260,4840,168180,24,6907
889,6,0,16,9,33377040,4839,168180,24,6913
890,5,0,15,10,33407400,4839,168180,24,6918
891,5,0,13,12,33450720,4840,168180,24,6923
892,5,0,15,10,33465360,4840,168180,24,6928
893,9,0,17,8,33504300,4841,168180,24,6937
894,12,0,25,0,33522540,4841,168180,24,6949
895,10,0,21,4,33585420,4840,169200,24,6959
896,5,0,15,10,33647040,4841,169200,24,6964
897,9,0,20,5,33660300,4841,169200,24,6973
898,2,0,12,13,33720360,4842,169200,24,6975
899,8,0,16,9,33748680,4844,169200,24,6983
900,8,0,21,4,33762000,4843,169200,24,6991
901,10,0,18,7,33824880,4843,169200,24,7001
902,18,1,25,0,33870780,4843,174240,24,7019
903,14,3,25,0,33927180,4843,181920,25,7033
904,12,2,25,0,33994260,4843,192720,27,7045
905,4,0,17,8,34069260,4844,193860,27,7049
906,11,0,21,4,34104900,4845,193860,27,7060
907,6,0,19,6,34144620,4845,193860,27,7066
908,10,0,15,10,34206480,4844,193860,27,7076
909,9,0,14,11,34236780,4841,193860,27,7085
910,8,0,15,10,34270200,4841,193860,27,7093
911,6,0,16,9,34289940,4841,193860,27,7099
912,5,0,16,9,34319880,4841,193860,27,7104
913,7,0,15,10,34359420,4842,193860,27,7111
914,6,0,18,7,34372440,4841,193860,27,7117
915,5,0,15,10,34417020,4842,193860,27,7122
916,6,0,14,11,34453440,4843,193860,27,7128
917,8,0,17,8,34477380,4843,193860,27,7136
918,5,0,15,10,34500720,4841,193860,27,7141
919,12,0,20,5,34544340,4842,193860,27,7153
920,8,0,20,5,34583640,4842,193860,27,7161
921,12,0,20,5,34642920,4843,193860,27,7173
922,10,0,21,4,34680600,4842,193860,26,7183
923,7,0,21,4,34715280,4842,193860,26,7190
924,8,0,18,7,34779360,4843,193860,26,7198
925,14,0,24,1,34826580,4845,195240,27,7212
926,11,0,20,5,34897500,4844,195240,27,7223
927,9,0,20,5,34936260,4844,195240,26,7232
928,9,0,18,7,34986000,4843,195240,26,7241
929,9,0,21,4,35011140,4843,195240,26,7250
930,6,0,18,7,35057100,4843,195240,26,7256
931,7,0,13,12,35123220,4844,195240,26,7263
932,3,0,12,13,35142360,4844,195240,26,7266
933,6,0,13,12,35169180,4844,195240,26,7272
934,3,0,12,13,35192940,4845,195240,26,7275
935,3,0,10,15,35215860,4845,195240,26,7278
936,6,0,15,10,35223000,4845,195240,26,7284
937,8,0,18,7,35242800,4845,195240,26,7292
938,2,0,13,12,35275860,4844,195240,26,7294
939,4,0,12,13,35301660,4845,195240,26,7298
940,4,0,12,13,35327520,4846,195240,26,7302
941,7,0,15,10,35344680,4845,195240,26,7309
942,6,0,16,9,35360460,4844,195240,26,7315
943,5,0,15,10,35394240,4845,195240,26,7320
944,12,0,20,5,35430120,4845,195240,26,7332
945,12,0,24,1,35461620,4844,197760,26,7344
946,12,0,24,1,35518500,4844,198600,26,7356
947,13,0,23,2,35592240,4845,203100,27,7369
948,12,0,23,2,35637300,4843,203100,27,7381
949,15,2,25,0,35697840,4844,208380,28,7396
950,4,0,18,7,35754420,4843,213540,28,7400
951,7,0,14,11,35807940,4843,213540,28,7407
952,11,0,21,4,35823780,4843,213540,28,7418
953,7,0,18,7,35866260,4842,213540,28,7425
954,12,0,24,1,35884500,4840,213540,28,7437
955,16,6,25,0,35931540,4841,215880,28,7453
956,8,1,25,0,36007920,4843,241320,32,7461
957,7,0,19,6,36082320,4843,241980,32,7468
958,4,0,15,10,36120240,4843,241980,32,7472
959,6,0,13,12,36164100,4844,241980,32,7478
960,3,0,12,13,36183000,4844,241980,32,7481
961,7,0,14,11,36203820,4843,241980,32,7488
962,6,0,17,8,36221100,4844,241980,32,7494
963,4,0,14,11,36256020,4844,241980,32,7498
964,7,0,16,9,36287580,4845,241980,32,7505
965,7,0,18,7,36311280,4845,241980,32,7512
966,5,0,17,8,36338400,4845,241980,32,7517
967,9,0,20,5,36366300,4844,241980,32,7526
968,7,0,17,8,36426780,4846,241980,32,7533
969,10,0,19,6,36466260,4846,241980,32,7543
970,12,0,24,1,36492960,4845,241980,32,7555
971,13,0,25,0,36553500,4846,243240,32,7568
972,5,0,19,6,36612720,4846,243240,32,7573
973,7,0,15,10,36667980,4847,243240,32,7580
974,7,0,14,11,36703080,4846,243240,32,7587
975,7,0,17,8,36722820,4846,243240,32,7594
976,9,0,17,8,36767160,4846,243240,31,7603
977,9,0,20,5,36798960,4847,243240,31,7612
978,7,0,15,10,36852240,4846,243240,31,7619
979,4,0,12,13,36888180,4846,243240,31,7623
980,5,0,14,11,36903960,4846,243240,31,7628
981,8,0,13,12,36933240,4844,243240,31,7636
982,8,0,11,14,36968640,4843,243240,31,7644
983,3,0,12,13,36983100,4843,243240,31,7647
984,6,0,15,10,37008300,4845,243240,31,7653
985,6,0,14,11,37032720,4844,243240,31,7659
986,6,0,16,9,37052940,4844,243240,31,7665
987,4,0,12,13,37095900,4844,243240,31,7669
988,5,0,12,13,37115700,4844,243240,31,7674
989,11,0,21,4,37128540,4844,243240,31,7685
990,8,0,21,4,37167000,4844,243240,31,7693
991,3,0,14,11,37221840,4845,243240,31,7696
992,4,0,10,15,37258800,4845,243240,31,7700
993,8,0,15,10,37272720,4845,243240,31,7708
994,13,0,22,3,37297800,4844,243240,31,7721
995,14,6,25,0,37320300,4844,245880,31,7735
996,4,0,20,5,37411260,4846,256440,33,7739
997,7,0,17,8,37453980,4845,256440,33,7746
998,13,0,22,3,37504800,4847,256440,33,7759
999,7,0,21,4,37537500,4846,256440,33,7766
1000,11,0,21,4,37599060,4847,256440,32,7777
1001,10,0,22,3,37646640,4848,256860,32,7787
1002,6,0,16,9,37714800,4849,256860,32,7793
1003,6,0,17,8,37738500,4849,256860,32,7799
1004,3,0,11,14,37786920,4850,256860,32,7802
1005,6,0,16,9,37793400,4850,256860,32,7808
1006,7,0,14,11,37830480,4849,256860,32,7815
1007,4,0,12,13,37865040,4850,256860,32,7819
1008,8,0,17,8,37882380,4850,256860,32,7827
1009,2,0,13,12,37916760,4851,256860,32,7829
1010,3,0,13,12,37931400,4851,256860,32,7832
1011,5,0,12,13,37964640,4851,256860,32,7837
1012,10,0,19,6,37973340,4850,256860,32,7847
1013,6,0,19,6,38003580,4851,256860,32,7853
1014,9,0,17,8,38060580,4851,256860,32,7862
1015,8,0,19,6,38083620,4850,256860,32,7870
1016,11,0,21,4,38128680,4850,256860,32,7881
1017,11,0,22,3,38177160,4850,256860,32,7892
1018,9,0,18,7,38236680,4850,256860,32,7901
1019,10,0,21,4,38270700,4850,256860,32,7911
1020,13,0,22,3,38324880,4850,256860,32,7924
1021,10,0,22,3,38364060,4848,256860,32,7934
1022,11,0,21,4,38414940,4847,256860,32,7945
1023,11,0,19,6,38478900,4848,257880,32,7956
1024,9,0,19,6,38525820,4848,257880,32,7965
1025,11,0,18,7,38572560,4847,257880,32,7976
1026,12,0,23,2,38607240,4847,257880,32,7988
1027,9,0,20,5,38662260,4846,257880,32,7997
1028,7,0,17,8,38720280,4847,257880,32,8004
1029,8,0,15,10,38753100,4845,257880,32,8012
1030,9,0,18,7,38788500,4846,257880,32,8021
1031,5,0,13,12,38832480,4846,257880,32,8026
1032,4,0,11,14,38867640,4846,257880,32,8030
1033,6,0,15,10,38872740,4846,257880,32,8036
1034,6,0,13,12,38914020,4846,257880,32,8042
1035,8,0,16,9,38934780,4846,257880,32,8050
1036,5,0,14,11,38965200,4845,257880,32,8055
1037,5,0,13,12,38988060,4845,257880,31,8060
1038,13,0,21,4,39004980,4844,257880,31,8073
1039,13,0,23,2,39052020,4843,257940,31,8086
1040,10,0,23,2,39107880,4844,259440,32,8096
1041,11,0,22,3,39168960,4844,259620,32,8107
1042,6,0,17,8,39229380,4845,259620,32,8113
1043,6,0,19,6,39250680,4845,259620,31,8119
1044,6,0,14,11,39316920,4847,259620,31,8125
1045,8,0,16,9,39346320,4847,259620,31,8133
1046,13,0,24,1,39371880,4847,259620,31,8146
1047,9,0,18,7,39431520,4845,260100,31,8155
1048,15,0,24,1,39474300,4845,260100,31,8170
1049,7,0,22,3,39519480,4846,260460,31,8177
1050,9,0,18,7,39587880,4846,260460,31,8186
1051,16,0,25,0,39619500,4845,260760,31,8202
1052,10,0,22,3,39684720,4845,260760,31,8212
1053,4,0,15,10,39740460,4845,260760,31,8216
1054,5,0,13,12,39773640,4845,260760,31,8221
1055,4,0,11,14,39796740,4844,260760,31,8225
1056,5,0,15,10,39804540,4845,260760,31,8230
1057,3,0,15,10,39821340,4845,260760,31,8233
1058,8,0,16,9,39865260,4846,260760,31,8241
1059,4,0,14,11,39891420,4846,260760,31,8245
1060,4,0,12,13,39917820,4846,260760,31,8249
1061,4,0,14,11,39928800,4846,260760,31,8253
1062,10,0,20,5,39951420,4846,260760,31,8263
1063,4,0,13,12,40001040,4846,260760,31,8267
1064,9,0,16,9,40025760,4845,260760,31,8276
1065,8,0,15,10,40068300,4845,260760,31,8284
1066,13,0,23,2,40086480,4844,260760,31,8297
1067,7,0,17,8,40150140,4844,260760,31,8304
1068,15,1,25,0,40174560,4844,261300,31,8319
1069,12,1,25,0,40232520,4844,272340,32,8331
1070,6,0,15,10,40310280,4843,276600,33,8337
1071,4,0,12,13,40349040,4844,276600,33,8341
1072,16,0,25,0,40360260,4844,276600,33,8357
1073,18,9,25,0,40406580,4844,280020,33,8375
1074,11,10,25,0,40477560,4847,295140,35,8386
1075,8,8,25,0,40529040,4847,315480,37,8394
1076,7,2,25,0,40604880,4848,380160,45,8401
1077,12,0,21,4,40679880,4847,388260,46,8413
1078,6,0,19,6,40710540,4846,388260,46,8419
1079,5,0,17,8,40752480,4847,388260,46,8424
1080,5,0,13,12,40797000,4847,388260,46,8429
1081,4,0,13,12,40809060,4846,388260,46,8433
1082,6,0,17,8,40823040,4847,388260,46,8439
1083,11,0,17,8,40871940,4846,388260,45,8450
1084,6,0,18,7,40898220,4846,388260,45,8456
1085,7,0,15,10,40952220,4847,388260,45,8463
1086,7,0,19,6,40965540,4847,388260,45,8470
1087,9,0,19,6,41007000,4847,388260,45,8479
1088,13,2,25,0,41035260,4847,388260,45,8492
1089,10,2,25,0,41094420,4848,396480,46,8502
1090,13,5,25,0,41161980,4851,402840,47,8515
1091,14,3,25,0,41232780,4850,423060,49,8529
1092,11,1,25,0,41299440,4850,428040,50,8540
1093,15,6,25,0,41349240,4850,433440,50,8555
1094,10,0,25,0,41435640,4851,456600,53,8565
1095,9,1,25,0,41468940,4851,457320,53,8574
1096,8,0,20,5,41552940,4853,459060,53,8582
1097,11,0,23,2,41591100,4853,459060,53,8593
1098,15,1,25,0,41642700,4852,459660,53,8608
1099,6,0,20,5,41708400,4853,460140,53,8614
1100,6,0,16,9,41758380,4853,460140,53,8620
1101,8,0,17,8,41796480,4853,460140,53,8628
1102,6,0,16,9,41833620,4854,460140,53,8634
1103,5,0,17,8,41856660,4854,460140,53,8639
1104,3,0,12,13,41900460,4855,460140,53,8642
1105,4,0,12,13,41926140,4855,460140,53,8646
1106,2,0,10,15,41942880,4855,460140,53,8648
1107,3,0,10,15,41962920,4856,460140,53,8651
1108,3,0,12,13,41969700,4856,460140,53,8654
1109,1,0,9,16,41985540,4856,460140,53,8655
1110,11,0,16,9,42003660,4855,460140,53,8666
1111,4,0,16,9,42020640,4855,460140,53,8670
1112,7,0,15,10,42062520,4855,460140,53,8677
1113,8,0,18,7,42089520,4856,460140,52,8685
1114,12,0,22,3,42123120,4855,460140,52,8697
1115,22,9,25,0,42173820,4855,462840,53,8719
1116,8,4,25,0,42240360,4856,483780,55,8727
1117,13,0,23,2,42314880,4854,504120,57,8740
1118,9,0,19,6,42358800,4852,504120,57,8749
1119,13,0,20,5,42422760,4852,504120,57,8762
1120,8,0,21,4,42452580,4852,504120,57,8770
1121,9,0,20,5,42511080,4853,504120,57,8779
1122,13,0,24,1,42554280,4853,504300,57,8792
1123,12,0,24,1,42613380,4853,505020,57,8804
1124,7,0,18,7,42678600,4853,505020,57,8811
1125,6,0,14,11,42738060,4854,505020,57,8817
1126,8,0,18,7,42753240,4854,505020,57,8825
1127,7,0,18,7,42788040,4854,505020,57,8832
1128,4,0,14,11,42829680,4854,505020,57,8836
1129,3,0,12,13,42860160,4855,505020,57,8839
1130,5,0,11,14,42887100,4855,505020,57,8844
1131,0,0,9,16,42895320,4855,505020,57,8844
1132,8,0,15,10,42907680,4855,505020,57,8852
1133,5,0,17,8,42917460,4854,505020,57,8857
1134,12,0,22,3,42961560,4856,505020,56,8869
1135,9,0,21,4,43006140,4855,505020,56,8878
1136,7,0,16,9,43073880,4856,505020,56,8885
1137,11,0,20,5,43103280,4856,505020,56,8896
1138,10,0,22,3,43133940,4855,505020,56,8906
1139,15,2,25,0,43193700,4856,507420,56,8921
1140,8,0,22,3,43260780,4856,516180,57,8929
1141,14,0,24,1,43320840,4857,516540,57,8943
1142,3,0,11,14,43395720,4856,517080,57,8946
1143,11,0,14,11,43426980,4855,517080,57,8957
1144,6,0,15,10,43445820,4855,517080,57,8963
1145,7,0,15,10,43479060,4855,517080,57,8970
1146,7,0,17,8,43507200,4855,517080,57,8977
1147,12,0,22,3,43533960,4854,517080,57,8989
1148,10,0,17,8,43607400,4854,517080,57,8999
1149,10,0,23,2,43633800,4855,517080,57,9009
1150,9,0,18,7,43692480,4854,517080,57,9018
1151,2,0,12,13,43734900,4855,517080,57,9020
1152,7,0,14,11,43760700,4855,517080,57,9027
1153,6,0,17,8,43772880,4855,517080,57,9033
1154,9,0,18,7,43814880,4855,517080,57,9042
1155,2,0,12,13,43856040,4855,517080,57,9044
1156,5,0,12,13,43879080,4855,517080,57,9049
1157,4,0,12,13,43899240,4855,517080,57,9053
1158,6,0,13,12,43921800,4855,517080,57,9059
1159,6,0,16,9,43929960,4854,517080,57,9065
1160,12,0,21,4,43959900,4854,517080,56,9077
1161,12,0,22,3,44008800,4853,517080,56,9089
1162,12,0,24,1,44058480,4853,517380,56,9101
1163,11,0,24,1,44112540,4853,519360,56,9112
1164,9,0,22,3,44175360,4854,521040,57,9121
1165,16,0,25,0,44250960,4856,525240,57,9137
1166,7,0,21,4,44304180,4856,525960,57,9144
1167,8,0,19,6,44362080,4857,525960,57,9152
1168,11,0,21,4,44411400,4857,525960,57,9163
1169,10,0,22,3,44454960,4857,525960,57,9173
1170,6,0,15,10,44523900,4858,525960,57,9179
1171,5,0,12,13,44560740,4858,525960,57,9184
1172,9,0,15,10,44583420,4857,525960,57,9193
1173,7,0,16,9,44609460,4857,525960,57,9200
1174,7,0,14,11,44651460,4857,525960,57,9207
1175,6,0,13,12,44682900,4856,525960,57,9213
1176,6,0,15,10,44707740,4857,525960,57,9219
1177,6,0,17,8,44728860,4857,525960,57,9225
1178,6,0,13,12,44774340,4857,525960,56,9231
1179,4,0,11,14,44791500,4855,525960,56,9235
1180,9,0,17,8,44806680,4856,525960,56,9244
1181,9,0,17,8,44847120,4855,525960,56,9253
1182,4,0,14,11,44885160,4856,525960,56,9257
1183,10,0,16,9,44917680,4855,525960,56,9267
1184,13,0,21,4,44945340,4854,525960,56,9280
1185,6,0,19,6,44978700,4853,525960,56,9286
1186,12,0,19,6,45041340,4854,525960,56,9298
1187,9,0,24,1,45059400,4853,526800,56,9307
1188,12,0,20,5,45138120,4854,526800,56,9319
1189,4,0,15,10,45182160,4854,526800,56,9323
1190,8,0,17,8,45216240,4854,526800,56,9331
1191,17,2,25,0,45240180,4853,527160,56,9348
1192,11,2,25,0,45290880,4853,532200,56,9359
1193,10,1,25,0,45346560,4853,538140,57,9369
1194,6,0,17,8,45428340,4854,538320,57,9375
1195,13,0,21,4,45472260,4854,538320,57,9388
1196,6,0,18,7,45512220,4854,538320,57,9394
1197,5,0,15,10,45559980,4855,538320,57,9399
1198,8,0,17,8,45594060,4855,538320,57,9407
1199,7,0,18,7,45619080,4855,538320,57,9414
1200,5,0,16,9,45656580,4855,538320,57,9419
1201,3,0,12,13,45702360,4856,538320,57,9422
1202,2,0,12,13,45712740,4856,538320,57,9424
1203,5,0,12,13,45746340,4857,538320,57,9429
1204,5,0,13,12,45766260,4857,538320,57,9434
1205,3,0,13,12,45783480,4858,538320,57,9437
1206,8,0,17,8,45805620,4858,538320,56,9445
1207,5,0,18,7,45822900,4858,538320,56,9450
1208,5,0,17,8,45857760,4858,538320,56,9455
1209,6,0,16,9,45892080,4858,538320,56,9461
1210,17,1,25,0,45927960,4859,538320,56,9478
1211,9,0,25,0,45972540,4858,545700,57,9487
1212,9,0,22,3,46035600,4859,546120,57,9496
1213,10,0,20,5,46105140,4860,547080,57,9506
1214,7,0,17,8,46156020,4860,547080,57,9513
1215,6,0,14,11,46209000,4861,547080,57,9519
1216,10,0,19,6,46233840,4861,547080,57,9529
1217,8,0,18,7,46271940,4861,547080,57,9537
1218,6,0,19,6,46298700,4861,547080,57,9543
1219,12,0,19,6,46354560,4861,547080,57,9555
1220,13,1,25,0,46387260,4861,547920,57,9568
1221,5,0,18,7,46446300,4860,549960,57,9573
1222,5,0,15,10,46508760,4863,549960,57,9578
1223,3,0,10,15,46549020,4863,549960,57,9581
1224,9,0,15,10,46564680,4863,549960,57,9590
1225,4,0,16,9,46577640,4862,549960,57,9594
1226,4,0,13,12,46604280,4862,549960,57,9598
1227,9,0,15,10,46643400,4862,549960,57,9607
1228,4,0,12,13,46671780,4862,549960,57,9611
1229,3,0,12,13,46689300,4862,549960,57,9614
1230,10,0,20,5,46699680,4862,549960,57,9624
1231,3,0,18,7,46728900,4863,549960,57,9627
1232,11,0,20,5,46789260,4864,549960,57,9638
1233,9,0,23,2,46817280,4864,549960,57,9647
1234,14,0,22,3,46895940,4865,549960,56,9661
1235,11,2,25,0,46926480,4865,549960,56,9672
1236,14,1,25,0,47005140,4865,551940,56,9686
1237,12,2,25,0,47065140,4866,557340,57,9698
1238,14,1,25,0,47141280,4866,573480,59,9712
1239,14,1,25,0,47199780,4865,585600,60,9726
1240,8,0,20,5,47259480,4865,585720,60,9734
1241,10,0,21,4,47306220,4865,585720,60,9744
1242,7,0,18,7,47353800,4865,585720,60,9751
1243,11,0,18,7,47403420,4864,585720,60,9762
1244,11,0,18,7,47451960,4864,586200,59,9773
1245,3,0,12,13,47498400,4864,586200,59,9776
1246,3,0,12,13,47515500,4864,586200,59,9779
1247,9,0,15,10,47541720,4864,586200,59,9788
1248,3,0,14,11,47559960,4864,586200,59,9791
1249,5,0,14,11,47585460,4864,586200,59,9796
1250,3,0,12,13,47614740,4865,586200,59,9799
1251,3,0,12,13,47630580,4865,586200,59,9802
1252,7,0,15,10,47650140,4865,586200,59,9809
1253,9,0,20,5,47665260,4864,586200,59,9818
1254,17,3,25,0,47710620,4864,586680,59,9835
1255,7,0,22,3,47770320,4864,589260,59,9842
1256,6,0,15,10,47834700,4864,589260,59,9848
1257,7,0,16,9,47864400,4864,589260,59,9855
1258,15,0,22,3,47898600,4863,589320,59,9870
1259,8,0,20,5,47936640,4862,589320,59,9878
1260,8,0,22,3,47976600,4863,589320,59,9886
1261,9,0,17,8,48050160,4864,589320,59,9895
1262,12,0,19,6,48087600,4863,589320,59,9907
1263,7,0,16,9,48128940,4862,589320,59,9914
1264,9,0,19,6,48150840,4861,589320,59,9923
1265,12,2,25,0,48173580,4862,590700,59,9935
1266,12,0,21,4,48263220,4862,592680,59,9947
1267,13,0,25,0,48303840,4861,592740,59,9960
1268,5,0,19,6,48358680,4862,593040,59,9965
1269,7,0,15,10,48417240,4862,593040,59,9972
1270,3,0,13,12,48442260,4862,593040,59,9975
1271,3,0,9,16,48476460,4862,593040,59,9978
1272,9,0,16,9,48483000,4862,593040,59,9987
1273,6,0,15,10,48510180,4861,593040,59,9993
1274,2,0,13,12,48531900,4861,593040,59,9995
1275,8,0,15,10,48569760,4862,593040,59,10003
1276,5,0,13,12,48597540,4862,593040,59,10008
1277,4,0,13,12,48617460,4862,593040,59,10012
1278,5,0,16,9,48630660,4862,593040,59,10017
1279,13,0,25,0,48655800,4863,593760,59,10030
1280,5,0,16,9,48726660,4863,593760,59,10035
1281,8,0,17,8,48761940,4863,593760,59,10043
1282,10,0,22,3,48786240,4863,593760,59,10053
1283,12,0,23,2,48859500,4865,593880,59,10065
1284,11,0,24,1,48902520,4864,593880,58,10076
1285,11,0,20,5,48964200,4863,595260,59,10087
1286,11,0,23,2,49010760,4864,595260,58,10098
1287,20,7,25,0,49063380,4864,596340,58,10118
1288,6,1,25,0,49124280,4864,615120,60,10124
1289,11,0,24,1,49182960,4864,615360,60,10135
1290,7,0,18,7,49250880,4864,615360,60,10142
1291,6,0,15,10,49288620,4864,615360,60,10148
1292,7,0,17,8,49320000,4864,615360,60,10155
1293,8,0,19,6,49346700,4864,615360,60,10163
1294,5,0,13,12,49404300,4865,615360,60,10168
1295,10,0,18,7,49432800,4865,615360,60,10178
1296,7,0,17,8,49464900,4864,615360,60,10185
1297,2,0,12,13,49497660,4864,615360,60,10187
1298,12,0,19,6,49520640,4864,615360,60,10199
1299,2,0,15,10,49549020,4864,615360,60,10201
1300,5,0,14,11,49581180,4864,615360,60,10206
1301,4,0,13,12,49609140,4865,615360,60,10210
1302,1,0,9,16,49631340,4864,615360,60,10211
1303,6,0,13,12,49637820,4864,615360,60,10217
1304,7,0,17,8,49649400,4864,615360,60,10224
1305,4,0,10,15,49696860,4863,615360,60,10228
1306,10,0,19,6,49700820,4863,615360,60,10238
1307,10,0,25,0,49724400,4863,615360,60,10248
1308,5,0,15,10,49798800,4864,615360,60,10253
1309,12,0,21,4,49829100,4864,615360,59,10265
1310,13,0,20,5,49883820,4862,615360,59,10278
1311,9,0,22,3,49919460,4863,615360,59,10287
1312,9,0,20,5,49980180,4863,615360,59,10296
1313,7,0,16,9,50035080,4863,615360,59,10303
1314,10,0,18,7,50072760,4863,615360,59,10313
1315,9,0,20,5,50100540,4863,615360,59,10322
1316,11,0,22,3,50144640,4863,615360,59,10333
1317,9,0,18,7,50199720,4862,615360,59,10342
1318,5,0,11,14,50251800,4861,615360,59,10347
1319,7,0,17,8,50257380,4861,615360,59,10354
1320,2,0,13,12,50283420,4861,615360,59,10356
1321,10,0,19,6,50307000,4861,615360,59,10366
1322,4,0,17,8,50340180,4862,615360,59,10370
1323,5,0,11,14,50395740,4862,615360,59,10375
1324,3,0,7,18,50419320,4861,615360,59,10378
1325,5,0,11,14,50421360,4861,615360,59,10383
1326,14,0,19,6,50438460,4860,615360,59,10397
1327,9,0,22,3,50459820,4859,615360,59,10406
1328,7,0,20,5,50501100,4859,615360,59,10413
1329,18,0,25,0,50571720,4859,615960,59,10431
1330,7,0,19,6,50625960,4859,615960,59,10438
1331,8,0,20,5,50662560,4859,615960,58,10446
1332,8,0,20,5,50703000,4859,615960,58,10454
1333,12,0,24,1,50745180,4859,615960,58,10466
1334,15,7,25,0,50781840,4859,619020,59,10481
1335,13,6,25,0,50866440,4861,630900,60,10494
1336,4,0,25,0,50925960,4862,663780,63,10498
1337,15,0,24,1,51000960,4862,666000,63,10513
1338,10,0,21,4,51062160,4862,666000,63,10523
1339,6,0,17,8,51109620,4862,666000,63,10529
1340,11,0,20,5,51148860,4862,666000,63,10540
1341,8,0,19,6,51186120,4861,666000,63,10548
1342,8,0,18,7,51242220,4862,666000,63,10556
1343,6,0,17,8,51280920,4863,666000,63,10562
1344,5,0,16,9,51314040,4863,666000,63,10567
1345,5,0,19,6,51319020,4862,666000,62,10572
1346,4,0,20,5,51330540,4862,666000,62,10576
1347,8,0,24,1,51348420,4862,666000,62,10584
1348,4,0,21,4,51375420,4861,666000,62,10588
1349,6,0,22,3,51400020,4861,666000,62,10594
1350,11,2,25,0,51423000,4861,666000,62,10605
1351,3,0,23,2,51458580,4861,669240,63,10608
1352,9,2,25,0,51487860,4861,669600,63,10617
1353,5,2,25,0,51514020,4862,672480,63,10622
1354,10,4,25,0,51560880,4862,681060,64,10632
1355,12,9,25,0,51600360,4863,690900,64,10644
1356,9,12,25,0,51635340,4863,706680,66,10653
1357,10,18,25,0,51664920,4864,712500,66,10663
1358,10,20,25,0,51708840,4865,732900,68,10673
1359,7,19,25,0,51742680,4864,738840,69,10680
1360,13,26,25,0,51775920,4865,746580,69,10693
1361,16,35,25,0,51814920,4865,763140,71,10709
1362,6,35,25,0,51840780,4865,770940,71,10715
1363,7,34,25,0,51892260,4866,796680,74,10722
1364,8,39,25,0,51909120,4866,811440,75,10730
1365,8,38,25,0,51953100,4867,823920,76,10738
1366,10,40,25,0,51978960,4867,831420,77,10748
1367,6,35,25,0,52037280,4869,897540,83,10754
1368,7,36,25,0,52070760,4869,952080,88,10761
1369,4,33,25,0,52103580,4869,1004880,93,10765
1370,6,31,25,0,52144500,4869,1159740,107,10771
1371,3,26,25,0,52180740,4869,1318200,122,10774
1372,5,19,25,0,52216920,4867,1729380,160,10779
1373,6,16,25,0,52254660,4866,1958340,181,10785
1374,8,16,25,0,52283280,4865,1976520,183,10793
1375,4,14,25,0,52318140,4866,2087520,193,10797
1376,9,16,25,0,52347900,4865,2092260,193,10806
1377,15,25,25,0,52388940,4867,2103600,194,10821
1378,11,28,25,0,52430520,4867,2122020,196,10832
1379,8,31,25,0,52457880,4867,2130420,196,10840
1380,12,38,25,0,52486740,4867,2143020,197,10852
1381,12,40,25,0,52528140,4868,2171700,200,10864
1382,7,40,25,0,52549020,4869,2189100,201,10871
1383,13,38,25,0,52611120,4870,2250120,207,10884
1384,8,37,25,0,52645500,4869,2407200,221,10892
1385,6,33,25,0,52680120,4868,2546880,234,10898
1386,6,31,25,0,52710960,4867,2588040,237,10904
1387,10,31,25,0,52752840,4866,2680500,246,10914
1388,7,28,25,0,52792920,4866,2715900,249,10921
1389,7,25,25,0,52834320,4865,3027240,277,10928
1390,6,24,25,0,52856040,4864,3073740,281,10934
1391,3,20,25,0,52893840,4864,3151140,288,10937
1392,4,8,25,0,52944840,4862,3895860,356,10941
1393,7,0,21,4,52978740,4856,4433640,405,10948
1394,1,0,17,8,52994340,4856,4433640,405,10949
1395,4,0,19,6,53001600,4855,4433640,405,10953
1396,5,0,24,1,53001600,4855,4433640,405,10958
1397,7,0,25,0,53034900,4856,4434840,405,10965
1398,5,0,24,1,53066820,4856,4434840,404,10970
1399,6,0,25,0,53098620,4857,4435080,404,10976
1400,8,0,25,0,53133420,4856,4435080,404,10984
1401,12,5,25,0,53165100,4856,4439760,404,10996
1402,8,7,25,0,53202060,4857,4452360,405,11004
1403,4,6,25,0,53236380,4858,4463520,406,11008
1404,9,12,25,0,53260680,4859,4472940,406,11017
1405,12,15,25,0,53313120,4859,4484400,407,11029
1406,8,20,25,0,53330100,4860,4492560,407,11037
1407,8,20,25,0,53378700,4861,4522260,410,11045
1408,11,25,25,0,53412600,4861,4530600,410,11056
1409,7,25,25,0,53449740,4861,4547940,411,11063
1410,10,27,25,0,53489940,4861,4600860,416,11073
1411,9,30,25,0,53526540,4862,4614720,417,11082
1412,12,35,25,0,53563620,4862,4632660,418,11094
1413,5,36,25,0,53588340,4863,4642140,418,11099
1414,10,39,25,0,53629740,4863,4652340,419,11109
1415,10,37,25,0,53676360,4864,4689240,422,11119
1416,10,40,25,0,53691180,4864,4697880,423,11129
1417,4,38,25,0,53732400,4865,4712520,424,11133
1418,7,35,25,0,53778900,4865,4793640,431,11140
1419,7,32,25,0,53824020,4865,5020680,451,11147
1420,5,29,25,0,53853540,4864,5131980,461,11152
1421,9,25,25,0,53897100,4863,5407380,485,11161
1422,6,28,25,0,53913360,4863,5409060,485,11167
1423,8,28,25,0,53957880,4863,5463960,490,11175
1424,9,29,25,0,53996580,4863,5475300,490,11184
1425,14,35,25,0,54037680,4863,5487180,491,11198
1426,8,37,25,0,54066900,4863,5500080,492,11206
1427,12,40,25,0,54100500,4864,5513820,492,11218
1428,13,37,25,0,54138960,4864,5532540,494,11231
1429,9,38,25,0,54178320,4865,5553900,495,11240
1430,9,39,25,0,54211680,4865,5562300,496,11249
1431,16,40,25,0,54241860,4866,5569500,496,11265
1432,6,38,25,0,54279120,4866,5598660,499,11271
1433,9,39,25,0,54308820,4866,5623380,501,11280
1434,11,39,25,0,54355800,4866,5775720,514,11291
1435,5,34,25,0,54395700,4866,5957340,530,11296
1436,7,31,25,0,54429900,4865,6319380,562,11303
1437,14,37,25,0,54462060,4864,6324360,561,11317
1438,7,40,25,0,54478800,4864,6329760,562,11324
1439,5,37,25,0,54523020,4865,6362880,564,11329
1440,7,37,25,0,54567360,4866,6386460,566,11336
1441,4,34,25,0,54609120,4867,6409920,568,11340
1442,3,30,25,0,54642780,4867,6788340,601,11343
1443,9,31,25,0,54680700,4867,7116300,630,11352
1444,4,25,25,0,54727020,4867,7319040,648,11356
1445,6,26,25,0,54745200,4866,7407000,655,11362
1446,6,25,25,0,54785580,4867,7416240,655,11368
1447,4,23,25,0,54821220,4867,7428180,656,11372
1448,8,25,25,0,54853680,4868,7524660,664,11380
1449,12,29,25,0,54893220,4868,7530900,664,11392
1450,13,38,25,0,54915600,4868,7536840,664,11405
1451,15,40,25,0,54955560,4869,7547700,664,11420
1452,17,37,25,0,55009560,4870,7580520,667,11437
1453,5,38,25,0,55031160,4870,7594800,668,11442
1454,14,40,25,0,55076760,4871,7618500,670,11456
1455,12,40,25,0,55107180,4871,7646520,672,11468
1456,14,40,25,0,55135680,4871,7674000,674,11482
1457,8,40,25,0,55178280,4872,7713240,677,11490
1458,8,37,25,0,55219680,4872,7754460,680,11498
1459,8,38,25,0,55254120,4872,7760400,680,11506
1460,5,34,25,0,55290180,4872,7805460,684,11511
1461,7,32,25,0,55323900,4871,7911660,693,11518
1462,12,35,25,0,55365300,4871,7965120,697,11530
1463,8,37,25,0,55397400,4871,7974180,697,11538
1464,5,33,25,0,55442700,4871,7999200,699,11543
1465,6,34,25,0,55463160,4871,8008980,699,11549
1466,5,30,25,0,55506720,4871,8218320,717,11554
1467,3,14,25,0,55551780,4866,10534320,919,11557
1468,10,2,25,0,55579560,4860,12031740,1049,11567
1469,4,1,25,0,55605120,4860,12037260,1049,11571
1470,9,2,25,0,55645500,4860,12039480,1049,11580
1471,18,14,25,0,55678380,4860,12044100,1047,11598
1472,5,13,25,0,55709460,4860,12056460,1048,11603
1473,8,14,25,0,55756320,4861,12069600,1048,11611
1474,10,18,25,0,55790400,4862,12081600,1049,11621
1475,8,20,25,0,55821660,4862,12093480,1049,11629
1476,10,25,25,0,55855440,4863,12102420,1049,11639
1477,8,25,25,0,55902960,4864,12128220,1050,11647
1478,15,32,25,0,55946400,4864,12159720,1052,11662
1479,7,36,25,0,55963020,4864,12170520,1052,11669
1480,11,40,25,0,55995360,4864,12187320,1053,11680
1481,11,38,25,0,56038080,4866,12209820,1054,11691
1482,10,39,25,0,56079600,4867,12253560,1057,11701
1483,6,37,25,0,56112540,4867,12302280,1061,11707
1484,14,40,25,0,56146860,4868,12335220,1063,11721
1485,7,39,25,0,56180940,4868,12345420,1064,11728
1486,4,36,25,0,56225400,4869,12480660,1075,11732
1487,9,38,25,0,56260980,4870,12488400,1075,11741
1488,7,37,25,0,56293140,4869,12597540,1084,11748
1489,6,32,25,0,56345700,4869,12796140,1100,11754
1490,6,33,25,0,56360400,4868,12943620,1112,11760
1491,5,29,25,0,56403420,4868,13094400,1125,11765
1492,4,24,25,0,56442720,4868,13288620,1141,11769
1493,9,25,25,0,56481300,4868,13319700,1143,11778
1494,9,28,25,0,56511000,4868,13328340,1142,11787
1495,5,26,25,0,56550540,4868,13397460,1148,11792
1496,19,37,25,0,56586900,4868,13406340,1147,11811
1497,11,39,25,0,56612100,4869,13413300,1147,11822
1498,13,39,25,0,56650740,4869,13436460,1148,11835
1499,4,38,25,0,56680560,4870,13474020,1151,11839
1500,11,39,25,0,56734560,4870,13599960,1161,11850
1501,11,40,25,0,56766180,4869,13618620,1162,11861
1502,10,39,25,0,56797980,4869,13632240,1162,11871
1503,13,39,25,0,56832300,4869,13639440,1162,11884
1504,9,39,25,0,56863500,4870,13694940,1166,11893
1505,5,35,25,0,56910060,4870,13807740,1175,11898
1506,6,31,25,0,56951700,4869,14021820,1193,11904
1507,6,28,25,0,56980440,4868,14208960,1208,11910
1508,5,21,25,0,57022680,4867,14772300,1255,11915
1509,8,22,25,0,57051600,4866,15086880,1282,11923
1510,4,19,25,0,57085260,4866,15151680,1286,11927
1511,10,15,25,0,57137400,4865,15366420,1304,11937
1512,6,15,25,0,57160080,4864,15371580,1303,11943
1513,5,9,25,0,57194700,4863,15692820,1330,11948
1514,5,0,22,3,57241800,4860,16678920,1413,11953
1515,6,0,25,0,57257220,4860,16678920,1412,11959
1516,4,0,24,1,57279180,4859,16679220,1412,11963
1517,6,0,20,5,57334380,4860,16679220,1411,11969
1518,7,0,25,0,57341640,4860,16679220,1410,11976
1519,3,0,22,3,57368700,4860,16679580,1410,11979
1520,8,0,24,1,57398520,4860,16679580,1409,11987
1521,8,0,23,2,57438480,4859,16682820,1408,11995
1522,16,10,25,0,57459600,4859,16685760,1407,12011
1523,6,7,25,0,57508320,4860,16704600,1408,12017
1524,11,15,25,0,57527820,4860,16715760,1407,12028
1525,18,25,25,0,57578760,4861,16726260,1406,12046
1526,11,34,25,0,57591240,4862,16735920,1406,12057
1527,14,40,25,0,57637860,4862,16744020,1405,12071
1528,11,40,25,0,57674700,4863,16769940,1406,12082
1529,13,40,25,0,57715440,4863,16780080,1406,12095
1530,10,39,25,0,57758700,4864,16855020,1411,12105
1531,7,39,25,0,57787980,4864,16900860,1415,12112
1532,7,39,25,0,57824040,4865,16930560,1417,12119
1533,5,37,25,0,57860220,4865,17046960,1426,12124
1534,4,33,25,0,57900120,4865,17141940,1433,12128
1535,7,31,25,0,57942720,4865,17301000,1445,12135
1536,5,26,25,0,57971580,4863,17421780,1455,12140
1537,1,19,25,0,58007280,4863,17649120,1474,12141
1538,2,8,25,0,58058760,4862,18115980,1513,12143
1539,3,0,18,7,58087440,4857,18398340,1536,12146
1540,7,0,22,3,58098000,4857,18398340,1535,12153
1541,7,0,25,0,58102980,4856,18398460,1534,12160
1542,8,4,25,0,58126800,4856,18400740,1534,12168
1543,8,5,25,0,58174200,4857,18410280,1533,12176
1544,8,8,25,0,58205640,4858,18414960,1532,12184
1545,11,11,25,0,58252560,4858,18424200,1532,12195
1546,12,20,25,0,58270680,4859,18432000,1531,12207
1547,5,17,25,0,58326600,4860,18445620,1531,12212
1548,15,27,25,0,58352880,4860,18450420,1530,12227
1549,11,31,25,0,58390200,4860,18478500,1531,12238
1550,11,35,25,0,58426440,4861,18501180,1532,12249
1551,8,37,25,0,58463880,4861,18515400,1531,12257
1552,12,40,25,0,58489800,4862,18525600,1531,12269
1553,6,36,25,0,58538040,4863,18557160,1533,12275
1554,14,37,25,0,58566540,4863,18601680,1536,12289
1555,8,37,25,0,58613040,4864,18613920,1537,12297
1556,8,40,25,0,58634160,4864,18653100,1539,12305
1557,7,39,25,0,58676520,4865,18718020,1543,12312
1558,8,38,25,0,58713780,4866,18839940,1553,12320
1559,3,33,25,0,58755240,4866,19093020,1573,12323
1560,5,32,25,0,58788240,4866,19187820,1581,12328
1561,5,28,25,0,58826640,4866,19369980,1595,12333
1562,3,22,25,0,58864740,4866,19558320,1610,12336
1563,3,14,25,0,58912080,4865,19915380,1639,12339
1564,10,15,25,0,58939320,4864,19976820,1643,12349
1565,6,15,25,0,58970520,4864,20087820,1651,12355
1566,9,16,25,0,59004840,4863,20130960,1653,12364
1567,5,14,25,0,59040780,4864,20200620,1658,12369
1568,16,23,25,0,59071920,4863,20293380,1664,12385
1569,5,22,25,0,59108580,4864,20304840,1664,12390
1570,13,27,25,0,59150640,4864,20318940,1663,12403
1571,8,28,25,0,59185620,4864,20339760,1664,12411
1572,12,34,25,0,59218200,4865,20349780,1663,12423
1573,13,39,25,0,59261940,4865,20359440,1663,12436
1574,12,40,25,0,59286960,4865,20379660,1663,12448
1575,6,40,25,0,59319960,4865,20411580,1665,12454
1576,5,34,25,0,59378220,4866,20520240,1673,12459
1577,3,32,25,0,59400120,4866,20554020,1676,12462
1578,15,37,25,0,59435160,4865,20601300,1678,12477
1579,13,39,25,0,59469420,4865,20612100,1677,12490
1580,5,36,25,0,59507880,4865,20644620,1679,12495
1581,7,34,25,0,59551920,4865,20656260,1679,12502
1582,5,32,25,0,59580120,4865,20701560,1682,12507
1583,8,31,25,0,59622180,4865,20798040,1689,12515
1584,7,25,25,0,59664120,4863,21103740,1713,12522
1585,6,25,25,0,59685960,4862,21228240,1722,12528
1586,12,26,25,0,59728380,4861,21437220,1737,12540
1587,4,27,25,0,59748960,4862,21502440,1742,12544
1588,3,17,25,0,59798220,4861,21899760,1774,12547
1589,6,2,25,0,59847300,4856,23049240,1866,12553
1590,11,4,25,0,59865300,4854,23129520,1871,12564
1591,5,0,25,0,59913480,4855,23137620,1871,12569
1592,7,0,23,2,59945100,4854,23138520,1870,12576
1593,8,1,25,0,59971200,4854,23138820,1869,12584
1594,9,6,25,0,59998260,4855,23141100,1868,12593
1595,9,7,25,0,60049500,4856,23157900,1867,12602
1596,17,19,25,0,60075840,4856,23161080,1866,12619
1597,10,22,25,0,60109200,4856,23180700,1866,12629
1598,12,28,25,0,60144780,4856,23190000,1864,12641
1599,7,27,25,0,60194160,4857,23214780,1866,12648
1600,11,35,25,0,60209640,4857,23225160,1865,12659
1601,13,38,25,0,60265320,4858,23255040,1865,12672
1602,11,38,25,0,60289740,4859,23269920,1866,12683
1603,6,39,25,0,60320820,4859,23312940,1868,12689
1604,9,38,25,0,60365880,4859,23377140,1872,12698
1605,7,37,25,0,60394320,4860,23388540,1873,12705
1606,7,38,25,0,60435120,4862,23397900,1872,12712
1607,5,35,25,0,60478140,4862,23560800,1885,12717
1608,6,34,25,0,60516300,4862,23710860,1896,12723
1609,3,30,25,0,60554220,4863,23888040,1909,12726
1610,1,22,25,0,60595260,4862,24163920,1931,12727
1611,2,13,25,0,60628380,4861,24419820,1952,12729
1612,8,5,25,0,60664560,4857,24774000,1979,12737
1613,1,0,24,1,60683340,4856,25011900,1997,12738
1614,3,0,19,6,60720720,4856,25011900,1997,12741
1615,8,0,22,3,60745620,4856,25011900,1996,12749
1616,5,0,22,3,60766320,4856,25011900,1995,12754
1617,7,0,24,1,60782640,4855,25014240,1994,12761
1618,7,0,23,2,60825780,4855,25014240,1993,12768
1619,8,0,25,0,60847080,4855,25015440,1992,12776
1620,14,9,25,0,60879180,4855,25018860,1990,12790
1621,11,14,25,0,60914100,4856,25026660,1989,12801
1622,20,26,25,0,60957000,4856,25040460,1987,12821
1623,8,29,25,0,60987600,4857,25048140,1986,12829
1624,5,29,25,0,61018860,4857,25069800,1987,12834
1625,12,36,25,0,61050300,4858,25089540,1986,12846
1626,11,40,25,0,61098000,4859,25103460,1986,12857
1627,11,39,25,0,61129080,4860,25137240,1988,12868
1628,7,38,25,0,61171380,4861,25191180,1992,12875
1629,9,36,25,0,61221420,4861,25232280,1994,12884
1630,6,38,25,0,61237920,4861,25289100,1997,12890
1631,5,36,25,0,61279620,4861,25351320,2001,12895
1632,5,38,25,0,61300260,4862,25389240,2004,12900
1633,6,34,25,0,61358700,4863,25519320,2013,12906
1634,2,30,25,0,61387140,4863,25650120,2023,12908
1635,4,24,25,0,61426440,4862,25878540,2040,12912
1636,4,16,25,0,61463100,4860,26219100,2066,12916
1637,3,11,25,0,61494480,4860,26457720,2085,12919
1638,6,8,25,0,61529100,4859,26606640,2096,12925
1639,10,5,25,0,61569900,4857,26825640,2111,12935
1640,5,0,25,0,61605960,4856,26937420,2119,12940
1641,10,5,25,0,61630500,4856,26938620,2118,12950
1642,9,6,25,0,61678860,4857,26951460,2117,12959
1643,11,13,25,0,61700400,4857,26956800,2115,12970
1644,13,20,25,0,61737360,4858,26967000,2114,12983
1645,8,21,25,0,61778520,4858,26982600,2114,12991
1646,12,26,25,0,61818900,4859,27006360,2114,13003
1647,9,31,25,0,61841340,4859,27025980,2114,13012
1648,9,33,25,0,61883760,4860,27061380,2116,13021
1649,15,40,25,0,61918440,4860,27067020,2114,13036
1650,13,40,25,0,61947540,4860,27079020,2114,13049
1651,7,36,25,0,61992780,4861,27106980,2115,13056
1652,14,40,25,0,62000520,4861,27111600,2115,13070
1653,4,35,25,0,62073120,4863,27163680,2118,13074
1654,10,39,25,0,62105760,4864,27261840,2124,13084
1655,5,37,25,0,62136180,4864,27273480,2124,13089
1656,10,40,25,0,62170080,4865,27382140,2132,13099
1657,6,37,25,0,62221800,4865,27442140,2135,13105
1658,4,37,25,0,62241000,4865,27534120,2142,13109
1659,7,36,25,0,62288880,4866,27661980,2150,13116
1660,3,31,25,0,62324460,4866,27852660,2165,13119
1661,8,30,25,0,62366940,4865,27860760,2164,13127
1662,11,35,25,0,62399040,4866,27872040,2163,13138
1663,4,36,25,0,62417880,4866,27879600,2163,13142
1664,10,36,25,0,62470020,4866,27888780,2162,13152
1665,12,40,25,0,62492220,4866,27941640,2165,13164
1666,12,39,25,0,62540040,4867,28022820,2170,13176
1667,13,38,25,0,62566440,4867,28027920,2170,13189
1668,8,37,25,0,62612100,4867,28098120,2174,13197
1669,13,40,25,0,62645760,4868,28200600,2181,13210
1670,18,40,25,0,62683620,4868,28313100,2188,13228
1671,11,39,25,0,62724000,4867,28337220,2188,13239
1672,7,40,25,0,62748240,4867,28353120,2188,13246
1673,11,38,25,0,62796000,4868,28376100,2189,13257
1674,8,40,25,0,62814420,4868,28379640,2188,13265
1675,4,35,25,0,62849160,4867,28494120,2196,13269
1676,8,35,25,0,62895120,4868,28715340,2212,13277
1677,4,32,25,0,62934480,4868,28768560,2215,13281
1678,4,26,25,0,62976720,4868,29276640,2254,13285
1679,7,23,25,0,63012300,4867,29734440,2288,13292
1680,8,25,25,0,63029640,4866,29739900,2287,13300
1681,10,28,25,0,63076920,4867,29750940,2286,13310
1682,3,24,25,0,63122820,4868,29896260,2297,13313
1683,5,19,25,0,63158460,4867,30132120,2314,13318
1684,8,16,25,0,63190920,4865,30402120,2333,13326
1685,6,4,25,0,63238920,4862,31686720,2431,13332
1686,2,0,18,7,63264480,4859,31976220,2452,13334
1687,6,0,23,2,63271560,4859,31976220,2451,13340
1688,12,5,25,0,63297780,4860,31978200,2449,13352
1689,10,8,25,0,63328200,4859,31984800,2448,13362
1690,4,6,25,0,63367140,4860,31999980,2448,13366
1691,10,7,25,0,63416940,4861,32028900,2449,13376
1692,13,15,25,0,63437460,4860,32032440,2447,13389
1693,10,20,25,0,63468660,4861,32039940,2445,13399
1694,9,23,25,0,63508020,4862,32047440,2444,13408
1695,7,23,25,0,63552480,4862,32079600,2445,13415
1696,13,31,25,0,63577440,4862,32095980,2444,13428
1697,13,38,25,0,63615360,4863,32115360,2443,13441
1698,7,39,25,0,63651060,4864,32132640,2443,13448
1699,7,38,25,0,63681900,4864,32142120,2443,13455
1700,6,35,25,0,63734460,4864,32190360,2445,13461
1701,9,39,25,0,63757860,4864,32213640,2445,13470
1702,6,38,25,0,63799740,4865,32228280,2446,13476
1703,6,39,25,0,63826620,4865,32257680,2447,13482
1704,4,34,25,0,63876420,4866,32414820,2458,13486
1705,4,29,25,0,63912780,4865,32522520,2465,13490
1706,5,29,25,0,63937080,4865,32613840,2471,13495
1707,6,24,25,0,63981600,4864,32805480,2485,13501
1708,2,15,25,0,64021140,4863,33311400,2523,13503
1709,7,6,25,0,64070400,4861,33727200,2553,13510
1710,4,0,22,3,64092600,4858,33939360,2568,13514
1711,5,0,19,6,64126020,4858,33939360,2567,13519
1712,7,0,25,0,64131000,4858,33939360,2566,13526
1713,9,3,25,0,64164120,4858,33944640,2564,13535
1714,12,7,25,0,64197120,4857,33952380,2563,13547
1715,7,9,25,0,64231500,4858,33960480,2562,13554
1716,11,15,25,0,64261500,4859,33969480,2561,13565
1717,13,22,25,0,64293300,4859,33978840,2559,13578
1718,9,23,25,0,64340880,4859,34002300,2559,13587
1719,6,22,25,0,64377900,4860,34014960,2559,13593
1720,8,23,25,0,64415220,4860,34053600,2560,13601
1721,7,25,25,0,64446420,4860,34074900,2560,13608
1722,5,22,25,0,64491840,4861,34130400,2564,13613
1723,5,20,25,0,64513140,4860,34194960,2567,13618
1724,6,14,25,0,64568640,4860,34338300,2577,13624
1725,10,15,25,0,64598460,4859,34414200,2581,13634
1726,4,10,25,0,64630800,4858,34483380,2585,13638
1727,5,5,25,0,64673100,4857,34627620,2595,13643
1728,3,0,20,5,64704060,4855,34794060,2607,13646
1729,4,0,21,4,64713780,4855,34794060,2606,13650
1730,3,0,18,7,64744620,4855,34794060,2605,13653
1731,7,0,25,0,64744620,4855,34794060,2604,13660
1732,4,0,24,1,64772100,4855,34796040,2603,13664
1733,7,0,24,1,64807200,4855,34796040,2602,13671
1734,11,2,25,0,64846140,4855,34799040,2600,13682
1735,2,0,24,1,64871160,4855,34804320,2600,13684
1736,8,0,22,3,64920540,4855,34804800,2598,13692
1737,12,3,25,0,64941780,4855,34807500,2596,13704
1738,4,0,25,0,64984500,4855,34817160,2596,13708
1739,10,3,25,0,65009400,4855,34819440,2594,13718
1740,9,5,25,0,65048640,4855,34827240,2593,13727
1741,7,4,25,0,65091360,4855,34838760,2593,13734
1742,10,8,25,0,65121480,4855,34853220,2593,13744
1743,7,7,25,0,65154600,4855,34870380,2592,13751
1744,7,1,25,0,65192520,4853,34901760,2593,13758
1745,11,4,25,0,65230200,4853,34907460,2591,13769
1746,7,7,25,0,65252460,4853,34914240,2590,13776
1747,6,7,25,0,65282760,4853,34929060,2590,13782
1748,5,3,25,0,65332800,4854,34966320,2593,13787
1749,8,0,25,0,65368140,4852,34967940,2591,13795
1750,6,1,25,0,65398800,4853,34971000,2590,13801
1751,7,0,24,1,65445060,4853,34974840,2589,13808
1752,7,1,25,0,65468580,4853,34974900,2588,13815
1753,3,0,20,5,65509380,4853,34977120,2587,13818
1754,4,0,20,5,65538780,4854,34977120,2586,13822
1755,3,0,21,4,65551500,4854,34977120,2586,13825
1756,8,1,25,0,65570820,4854,34977540,2584,13833
1757,4,0,18,7,65620500,4853,34978560,2583,13837
1758,8,0,24,1,65632500,4854,34978560,2582,13845
1759,7,3,25,0,65644320,4853,34979760,2581,13852
1760,4,0,21,4,65694120,4853,34983060,2580,13856
1761,4,0,20,5,65717220,4853,34983060,2579,13860
1762,12,3,25,0,65730600,4853,34983660,2577,13872
1763,6,2,25,0,65759280,4852,34988820,2576,13878
1764,11,5,25,0,65808480,4853,34999140,2575,13889
1765,10,8,25,0,65843760,4853,35012160,2574,13899
1766,15,16,25,0,65881200,4853,35024400,2572,13914
1767,11,23,25,0,65904480,4854,35031060,2571,13925
1768,11,26,25,0,65950500,4854,35044560,2570,13936
1769,12,33,25,0,65978640,4854,35064240,2569,13948
1770,6,36,25,0,65999940,4855,35071200,2569,13954
1771,8,37,25,0,66053880,4856,35100180,2569,13962
1772,9,39,25,0,66086520,4857,35125020,2569,13971
1773,8,37,25,0,66128100,4858,35140020,2569,13979
1774,3,34,25,0,66164100,4858,35225580,2575,13982
1775,5,35,25,0,66184260,4858,35265540,2577,13987
1776,8,36,25,0,66227700,4859,35339940,2582,13995
1777,4,29,25,0,66281100,4859,35453580,2588,13999
1778,4,27,25,0,66307920,4859,35595600,2598,14003
1779,5,20,25,0,66345660,4857,35815980,2613,14008
1780,8,19,25,0,66381540,4857,35982360,2624,14016
1781,8,20,25,0,66413940,4856,35991240,2623,14024
1782,8,24,25,0,66432480,4856,36002640,2622,14032
1783,6,23,25,0,66484200,4858,36013200,2622,14038
1784,8,25,25,0,66515280,4858,36036600,2622,14046
1785,5,23,25,0,66557160,4858,36057180,2623,14051
1786,10,26,25,0,66601920,4859,36072300,2622,14061
1787,4,26,25,0,66622020,4859,36089340,2622,14065
1788,12,30,25,0,66666180,4860,36122280,2624,14077
1789,9,36,25,0,66683220,4860,36125580,2622,14086
1790,19,40,25,0,66733800,4861,36141660,2620,14105
1791,8,37,25,0,66774840,4861,36166140,2621,14113
1792,14,39,25,0,66812640,4861,36184140,2620,14127
1793,11,40,25,0,66830700,4861,36190380,2620,14138
1794,7,38,25,0,66884700,4862,36271620,2625,14145
1795,8,39,25,0,66913980,4862,36354600,2630,14153
1796,8,37,25,0,66959640,4862,36460440,2635,14161
1797,5,32,25,0,67004400,4862,36541200,2640,14166
1798,5,28,25,0,67029240,4860,36660960,2648,14171
1799,6,26,25,0,67060500,4860,36973800,2669,14177
1800,9,28,25,0,67093200,4860,37291980,2692,14186
1801,5,24,25,0,67134300,4859,37419000,2699,14191
1802,8,25,25,0,67168560,4859,37423200,2697,14199
1803,6,24,25,0,67207020,4860,37466100,2700,14205
1804,2,19,25,0,67244580,4860,37645380,2712,14207
1805,1,10,25,0,67288740,4860,38261520,2756,14208
1806,5,0,20,5,67326660,4855,39259560,2827,14213
1807,10,2,25,0,67341600,4855,39261540,2825,14223
1808,6,0,20,5,67389360,4854,39263460,2824,14229
1809,3,0,19,6,67404120,4854,39263460,2823,14232
1810,8,0,23,2,67426440,4854,39263460,2822,14240
1811,11,3,25,0,67444620,4853,39267300,2820,14251
1812,10,5,25,0,67480020,4853,39275640,2819,14261
1813,15,13,25,0,67520100,4854,39285240,2816,14276
1814,11,19,25,0,67550760,4854,39290580,2814,14287
1815,6,18,25,0,67593660,4855,39314040,2815,14293
1816,16,27,25,0,67620600,4854,39337140,2814,14309
1817,12,35,25,0,67646820,4855,39344220,2812,14321
1818,12,40,25,0,67687020,4855,39357600,2811,14333
1819,3,35,25,0,67735800,4857,39386040,2812,14336
1820,4,35,25,0,67757220,4857,39441900,2815,14340
1821,8,34,25,0,67807200,4857,39498360,2817,14348
1822,6,35,25,0,67838400,4858,39528000,2818,14354
1823,6,34,25,0,67878360,4858,39654840,2826,14360
1824,3,31,25,0,67913280,4858,39733080,2831,14363
1825,3,29,25,0,67941540,4859,39898620,2842,14366
1826,5,28,25,0,67974720,4859,39938760,2844,14371
1827,3,21,25,0,68026200,4859,40150320,2858,14374
1828,6,17,25,0,68063220,4858,40434300,2878,14380
1829,3,10,25,0,68102820,4858,40652820,2892,14383
1830,10,8,25,0,68141460,4856,40708620,2894,14393
1831,11,14,25,0,68159460,4856,40711380,2892,14404
1832,7,16,25,0,68195700,4857,40727280,2892,14411
1833,6,18,25,0,68221560,4857,40735020,2891,14417
1834,12,22,25,0,68273820,4858,40751520,2891,14429
1835,18,35,25,0,68298360,4858,40765560,2887,14447
1836,13,37,25,0,68348220,4859,40785660,2887,14460
1837,9,38,25,0,68380380,4860,40800000,2887,14469
1838,12,38,25,0,68428320,4860,40823040,2886,14481
1839,9,39,25,0,68436420,4860,40841880,2887,14490
1840,8,37,25,0,68491260,4861,40919820,2892,14498
1841,7,40,25,0,68511660,4861,40966800,2894,14505
1842,13,38,25,0,68565900,4862,41003940,2895,14518
1843,9,39,25,0,68586900,4862,41011500,2894,14527
1844,6,38,25,0,68627460,4863,41057400,2897,14533
1845,11,36,25,0,68672340,4864,41103660,2899,14544
1846,5,36,25,0,68698980,4864,41219940,2906,14549
1847,5,32,25,0,68739420,4864,41313600,2911,14554
1848,4,27,25,0,68784120,4864,41560800,2928,14558
1849,3,18,25,0,68823240,4863,41828340,2946,14561
1850,4,15,25,0,68850480,4862,42003540,2958,14565
1851,5,12,25,0,68887020,4862,42331560,2980,14570
1852,9,10,25,0,68923740,4861,42474660,2988,14579
1853,4,4,25,0,68956680,4860,43076760,3030,14583
1854,5,0,21,4,68988720,4858,43282920,3043,14588
1855,6,0,20,5,69021180,4857,43282920,3042,14594
1856,9,2,25,0,69030840,4857,43282920,3040,14603
1857,11,6,25,0,69067260,4858,43290600,3038,14614
1858,12,13,25,0,69094920,4858,43300320,3038,14626
1859,17,21,25,0,69146400,4858,43313520,3034,14643
1860,11,29,25,0,69161100,4858,43323420,3033,14654
1861,5,27,25,0,69213120,4860,43357020,3033,14659
1862,8,28,25,0,69251940,4860,43382760,3033,14667
1863,4,26,25,0,69282960,4860,43420020,3035,14671
1864,4,22,25,0,69325320,4860,43498260,3039,14675
1865,7,25,25,0,69346920,4860,43516260,3040,14682
1866,9,25,25,0,69395880,4861,43527780,3038,14691
1867,12,31,25,0,69427500,4861,43535280,3036,14703
1868,4,30,25,0,69453960,4861,43548960,3036,14707
1869,4,27,25,0,69497580,4862,43600920,3039,14711
1870,5,23,25,0,69545520,4862,43721520,3046,14716
1871,7,26,25,0,69559620,4862,43724880,3045,14723
1872,1,19,25,0,69609120,4863,43941300,3060,14724
1873,7,17,25,0,69643920,4862,44094060,3069,14731
1874,6,16,25,0,69670500,4861,44242140,3078,14737
1875,7,14,25,0,69714660,4861,44471460,3093,14744
1876,7,13,25,0,69757680,4862,44483400,3092,14751
1877,4,12,25,0,69781020,4862,44548500,3096,14755
1878,2,2,25,0,69832800,4861,44807220,3113,14757
1879,6,0,21,4,69864120,4859,44927160,3120,14763
1880,7,3,25,0,69864120,4859,44927160,3119,14770
1881,9,5,25,0,69901440,4860,44933160,3118,14779
1882,14,14,25,0,69930960,4860,44936340,3115,14793
1883,9,16,25,0,69977580,4861,44943120,3113,14802
1884,9,20,25,0,70006740,4861,44953620,3112,14811
1885,12,24,25,0,70051920,4862,44976480,3111,14823
1886,12,29,25,0,70087260,4862,44983800,3108,14835
1887,16,38,25,0,70122420,4862,45000480,3106,14851
1888,10,38,25,0,70159260,4862,45014700,3106,14861
1889,11,40,25,0,70181100,4862,45027780,3106,14872
1890,6,38,25,0,70229040,4863,45061440,3107,14878
1891,9,40,25,0,70263120,4863,45079980,3107,14887
1892,8,40,25,0,70301520,4864,45181740,3112,14895
1893,4,38,25,0,70334940,4864,45215880,3113,14899
1894,15,40,25,0,70376400,4865,45260640,3115,14914
1895,4,37,25,0,70400280,4865,45298260,3117,14918
1896,5,37,25,0,70426860,4865,45383580,3122,14923
1897,5,32,25,0,70488900,4866,45563580,3133,14928
1898,9,33,25,0,70515780,4865,45683400,3139,14937
1899,4,29,25,0,70560600,4865,45742440,3142,14941
1900,7,27,25,0,70602240,4865,45812340,3146,14948
1901,6,26,25,0,70634460,4865,45822840,3145,14954
1902,5,23,25,0,70670820,4865,46115760,3164,14959
1903,4,20,25,0,70698540,4865,46381620,3182,14963
1904,5,14,25,0,70742400,4864,46616880,3196,14968
1905,6,10,25,0,70778040,4863,46970400,3219,14974
1906,9,4,25,0,70821660,4861,47300340,3240,14983
1907,14,13,25,0,70833420,4860,47312280,3238,14997
1908,13,18,25,0,70882140,4861,47320680,3236,15010
1909,15,26,25,0,70913280,4861,47333760,3233,15025
1910,23,39,25,0,70963500,4861,47347980,3229,15048
1911,6,39,25,0,70986900,4861,47362440,3229,15054
1912,9,39,25,0,71023200,4861,47387520,3229,15063
1913,8,37,25,0,71064480,4861,47456520,3232,15071
1914,5,35,25,0,71099280,4861,47482140,3233,15076
1915,9,39,25,0,71127720,4861,47486100,3231,15085
1916,5,37,25,0,71166120,4862,47571060,3236,15090
1917,10,40,25,0,71198460,4862,47633580,3238,15100
1918,11,37,25,0,71238360,4862,47682120,3240,15111
1919,4,37,25,0,71263920,4862,47715300,3242,15115
1920,4,30,25,0,71320200,4862,47919420,3255,15119
1921,3,24,25,0,71352720,4862,48115020,3267,15122
1922,1,12,25,0,71400780,4861,48584760,3299,15123
1923,4,0,21,4,71434260,4856,49287600,3346,15127
1924,10,1,25,0,71449500,4856,49287600,3344,15137
1925,2,0,23,2,71476920,4856,49289220,3343,15139
1926,9,0,24,1,71512620,4856,49289220,3341,15148
1927,12,4,25,0,71536080,4855,49291920,3339,15160
1928,11,8,25,0,71569560,4855,49303200,3337,15171
1929,6,8,25,0,71606220,4855,49312800,3336,15177
1930,14,14,25,0,71642640,4855,49332900,3335,15191
1931,17,26,25,0,71669700,4855,49339020,3331,15208
1932,8,26,25,0,71716020,4856,49358040,3332,15216
1933,9,31,25,0,71737440,4856,49366440,3329,15225
1934,12,36,25,0,71786160,4857,49394760,3329,15237
1935,10,40,25,0,71819700,4857,49403160,3327,15247
1936,7,37,25,0,71860920,4858,49429860,3328,15254
1937,7,36,25,0,71897460,4859,49469100,3329,15261
1938,7,36,25,0,71939880,4859,49543440,3333,15268
1939,2,34,25,0,71961780,4859,49635780,3338,15270
1940,12,40,25,0,71990880,4860,49664820,3339,15282
1941,5,37,25,0,72041040,4861,49682640,3338,15287
1942,11,38,25,0,72088380,4861,49749300,3341,15298
1943,4,38,25,0,72109020,4862,49753560,3340,15302
1944,5,35,25,0,72150060,4862,49854180,3346,15307
1945,6,35,25,0,72183480,4862,49959960,3351,15313
1946,8,36,25,0,72219360,4862,49965900,3350,15321
1947,3,32,25,0,72258840,4862,50012040,3352,15324
1948,7,30,25,0,72299640,4862,50255640,3367,15331
1949,5,24,25,0,72332760,4861,50484720,3381,15336
1950,5,22,25,0,72367980,4861,50745720,3398,15341
1951,5,19,25,0,72405300,4861,51083580,3420,15346
1952,6,16,25,0,72433800,4860,51258720,3430,15352
1953,5,12,25,0,72478020,4860,51342960,3434,15357
1954,7,11,25,0,72512880,4860,51466980,3441,15364
1955,14,18,25,0,72550680,4860,51474300,3438,15378
1956,10,22,25,0,72583680,4860,51481560,3437,15388
1957,14,31,25,0,72612780,4860,51488880,3434,15402
1958,14,40,25,0,72644280,4861,51492600,3432,15416
1959,16,40,25,0,72679920,4861,51512100,3430,15432
1960,10,38,25,0,72728220,4862,51534600,3431,15442
1961,13,37,25,0,72758460,4862,51556140,3431,15455
1962,7,39,25,0,72793680,4863,51624780,3434,15462
1963,7,37,25,0,72840360,4863,51708840,3439,15469
1964,5,37,25,0,72865020,4863,51717600,3438,15474
1965,8,37,25,0,72906540,4864,51832920,3443,15482
1966,6,38,25,0,72937500,4864,51839040,3442,15488
1967,5,36,25,0,72979140,4864,51888600,3445,15493
1968,8,37,25,0,73011600,4864,51896700,3443,15501
1969,5,35,25,0,73051920,4865,52122180,3457,15506
1970,4,29,25,0,73092600,4864,52228260,3463,15510
1971,2,20,25,0,73128420,4863,52633020,3490,15512
1972,2,2,25,0,73177680,4860,53897280,3573,15514
1973,2,0,17,8,73194900,4857,54095520,3586,15516
1974,18,8,25,0,73201800,4857,54097080,3582,15534
1975,8,8,25,0,73238400,4857,54104280,3580,15542
1976,9,8,25,0,73284060,4857,54120780,3579,15551
1977,10,13,25,0,73301760,4856,54124200,3577,15561
1978,10,16,25,0,73341420,4857,54135300,3576,15571
1979,10,21,25,0,73367400,4857,54144060,3573,15581
1980,8,22,25,0,73417260,4858,54162000,3573,15589
1981,12,26,25,0,73457460,4858,54168780,3570,15601
1982,13,35,25,0,73479000,4858,54177660,3569,15614
1983,8,34,25,0,73533120,4859,54196080,3567,15622
1984,9,38,25,0,73559100,4859,54212100,3566,15631
1985,11,39,25,0,73590240,4860,54228300,3566,15642
1986,8,38,25,0,73632480,4860,54247380,3565,15650
1987,6,37,25,0,73664760,4860,54313680,3568,15656
1988,3,33,25,0,73704960,4860,54349320,3570,15659
1989,4,30,25,0,73739940,4860,54451320,3576,15663
1990,2,21,25,0,73789560,4860,54705120,3592,15665
1991,3,10,25,0,73828320,4858,55175700,3622,15668
1992,1,0,17,8,73863360,4854,55690800,3656,15669
1993,3,0,17,8,73876020,4854,55690800,3655,15672
1994,7,0,23,2,73876560,4854,55690800,3653,15679
1995,5,0,20,5,73911480,4853,55690800,3652,15684
1996,5,0,21,4,73933680,4854,55690800,3651,15689
1997,5,0,22,3,73955220,4854,55690800,3650,15694
1998,8,0,25,0,73975020,4854,55690800,3648,15702
1999,2,0,22,3,74002560,4854,55690800,3647,15704
2000,7,0,23,2,74033100,4854,55690800,3646,15711
2001,3,0,21,4,74057460,4854,55690800,3645,15714
2002,13,6,25,0,74072280,4854,55691400,3642,15727
2003,7,6,25,0,74110980,4854,55703520,3642,15734
2004,9,6,25,0,74158440,4854,55714500,3640,15743
2005,13,14,25,0,74187840,4855,55721400,3638,15756
2006,9,20,25,0,74202780,4855,55726620,3636,15765
2007,11,25,25,0,74244600,4856,55736580,3633,15776
2008,10,27,25,0,74298720,4857,55757700,3632,15786
2009,7,30,25,0,74321580,4857,55785000,3633,15793
2010,8,31,25,0,74368980,4858,55829280,3634,15801
2011,6,31,25,0,74399040,4858,55855200,3634,15807
2012,6,30,25,0,74443680,4858,55915140,3636,15813
2013,11,38,25,0,74461620,4859,55941780,3635,15824
2014,6,38,25,0,74505060,4860,55955820,3635,15830
2015,1,31,25,0,74552520,4860,56080680,3643,15831
2016,7,32,25,0,74584380,4860,56117820,3644,15838
2017,7,39,25,0,74584380,4860,56117820,3644,15845
2018,3,40,25,0,74584380,4860,56117820,3644,15848
2019,6,40,25,0,74584380,4860,56117820,3644,15854
2020,7,40,25,0,74584380,4860,56117820,3644,15861
2021,4,40,25,0,74584380,4860,56117820,3644,15865
2022,4,40,25,0,74584380,4860,56117820,3644,15869
2023,12,40,25,0,74584380,4860,56117820,3644,15881
2024,5,40,25,0,74584380,4860,56117820,3644,15886
2025,10,40,25,0,74584380,4860,56117820,3644,15896
2026,9,40,25,0,74584380,4860,56117820,3644,15905
2027,13,40,25,0,74584380,4860,56117820,3644,15918
2028,11,40,25,0,74584380,4860,56117820,3644,15929
2029,13,40,25,0,74584380,4860,56117820,3644,15942
2030,9,40,25,0,74584380,4860,56117820,3644,15951
2031,8,40,25,0,74584380,4860,56117820,3644,15959
2032,8,40,25,0,74584380,4860,56117820,3644,15967
2033,5,40,25,0,74584380,4860,56117820,3644,15972
2034,4,40,25,0,74584380,4860,56117820,3644,15976
2035,6,40,25,0,74584380,4860,56117820,3644,15982
2036,6,40,25,0,74584380,4860,56117820,3644,15988
2037,9,40,25,0,74584380,4860,56117820,3644,15997
2038,3,40,25,0,74584380,4860,56117820,3644,16000
2039,2,40,25,0,74584380,4860,56117820,3644,16002
2040,2,40,25,0,74584380,4860,56117820,3644,16004
2041,7,40,25,0,74584380,4860,56117820,3644,16011
2042,9,40,25,0,74584380,4860,56117820,3644,16020
2043,8,40,25,0,74584380,4860,56117820,3644,16028
2044,7,40,25,0,74584380,4860,56117820,3644,16035
2045,8,40,25,0,74584380,4860,56117820,3644,16043
2046,4,40,25,0,74584380,4860,56117820,3644,16047
2047,10,40,25,0,74584380,4860,56117820,3644,16057
2048,10,40,25,0,74584380,4860,56117820,3644,16067
2049,7,40,25,0,74584380,4860,56117820,3644,16074
2050,11,40,25,0,74584380,4860,56117820,3644,16085
2051,7,40,25,0,74584380,4860,56117820,3644,16092
2052,10,40,25,0,74584380,4860,56117820,3644,16102
2053,18,40,25,0,74584380,4860,56117820,3644,16120
2054,14,40,25,0,74584380,4860,56117820,3644,16134
2055,6,40,25,0,74584380,4860,56117820,3644,16140
2056,9,40,25,0,74584380,4860,56117820,3644,16149
2057,12,40,25,0,74584380,4860,56117820,3644,16161
2058,9,40,25,0,74584380,4860,56117820,3644,16170
2059,10,40,25,0,74584380,4860,56117820,3644,16180
2060,3,40,25,0,74584380,4860,56117820,3644,16183
2061,3,40,25,0,74584380,4860,56117820,3644,16186
2062,5,40,25,0,74584380,4860,56117820,3644,16191
2063,5,40,25,0,74584380,4860,56117820,3644,16196
2064,5,40,25,0,74584380,4860,56117820,3644,16201
2065,2,40,25,0,74584380,4860,56117820,3644,16203
2066,8,40,25,0,74584380,4860,56117820,3644,16211
2067,10,40,25,0,74584380,4860,56117820,3644,16221
2068,3,40,25,0,74584380,4860,56117820,3644,16224
2069,6,40,25,0,74584380,4860,56117820,3644,16230
2070,6,40,25,0,74584380,4860,56117820,3644,16236
2071,6,40,25,0,74584380,4860,56117820,3644,16242
2072,12,40,25,0,74584380,4860,56117820,3644,16254
2073,9,40,25,0,74584380,4860,56117820,3644,16263
2074,10,40,25,0,74584380,4860,56117820,3644,16273
2075,11,40,25,0,74584380,4860,56117820,3644,16284
2076,10,40,25,0,74584380,4860,56117820,3644,16294
2077,11,40,25,0,74584380,4860,56117820,3644,16305
2078,11,40,25,0,74584380,4860,56117820,3644,16316
2079,7,40,25,0,74584380,4860,56117820,3644,16323
2080,9,40,25,0,74584380,4860,56117820,3644,16332
2081,14,40,25,0,74584380,4860,56117820,3644,16346
2082,3,40,25,0,74584380,4860,56117820,3644,16349
2083,11,40,25,0,74584380,4860,56117820,3644,16360
2084,12,40,25,0,74584380,4860,56117820,3644,16372
2085,5,40,25,0,74584380,4860,56117820,3644,16377
2086,6,40,25,0,74584380,4860,56117820,3644,16383
2087,3,40,25,0,74584380,4860,56117820,3644,16386
2088,7,40,25,0,74584380,4860,56117820,3644,16393
2089,4,40,25,0,74584380,4860,56117820,3644,16397
2090,5,40,25,0,74584380,4860,56117820,3644,16402
2091,3,40,25,0,74584380,4860,56117820,3644,16405
2092,8,40,25,0,74584380,4860,56117820,3644,16413
2093,10,40,25,0,74584380,4860,56117820,3644,16423
2094,11,40,25,0,74584380,4860,56117820,3644,16434
2095,7,40,25,0,74584380,4860,56117820,3644,16441
2096,4,40,25,0,74584380,4860,56117820,3644,16445
2097,8,40,25,0,74584380,4860,56117820,3644,16453
2098,9,40,25,0,74584380,4860,56117820,3644,16462
2099,7,40,25,0,74584380,4860,56117820,3644,16469
2100,15,40,25,0,74584380,4860,56117820,3644,16484
2101,8,40,25,0,74584380,4860,56117820,3644,16492
2102,8,40,25,0,74584380,4860,56117820,3644,16500
2103,9,40,25,0,74584380,4860,56117820,3644,16509
2104,16,40,25,0,74584380,4860,56117820,3644,16525
2105,9,40,25,0,74584380,4860,56117820,3644,16534
2106,5,40,25,0,74584380,4860,56117820,3644,16539
2107,4,40,25,0,74584380,4860,56117820,3644,16543
2108,9,40,25,0,74584380,4860,56117820,3644,16552
2109,8,40,25,0,74584380,4860,56117820,3644,16560
2110,7,40,25,0,74584380,4860,56117820,3644,16567
2111,5,40,25,0,74584380,4860,56117820,3644,16572
2112,6,40,25,0,74584380,4860,56117820,3644,16578
2113,5,40,25,0,74584380,4860,56117820,3644,16583
2114,6,40,25,0,74584380,4860,56117820,3644,16589
2115,8,40,25,0,74584380,4860,56117820,3644,16597
2116,10,40,25,0,74584380,4860,56117820,3644,16607
2117,10,40,25,0,74584380,4860,56117820,3644,16617
2118,9,40,25,0,74584380,4860,56117820,3644,16626
2119,4,40,25,0,74584380,4860,56117820,3644,16630
2120,2,40,25,0,74584380,4860,56117820,3644,16632
2121,7,40,25,0,74584380,4860,56117820,3644,16639
2122,10,40,25,0,74584380,4860,56117820,3644,16649
2123,3,40,25,0,74584380,4860,56117820,3644,16652
2124,20,40,25,0,74584380,4860,56117820,3644,16672
2125,12,40,25,0,74584380,4860,56117820,3644,16684
2126,6,40,25,0,74584380,4860,56117820,3644,16690
2127,6,40,25,0,74584380,4860,56117820,3644,16696
2128,10,40,25,0,74584380,4860,56117820,3644,16706
2129,8,40,25,0,74584380,4860,56117820,3644,16714
2130,11,40,25,0,74584380,4860,56117820,3644,16725
2131,11,40,25,0,74584380,4860,56117820,3644,16736
2132,4,40,25,0,74584380,4860,56117820,3644,16740
2133,11,40,25,0,74584380,4860,56117820,3644,16751
2134,10,40,25,0,74584380,4860,56117820,3644,16761
2135,6,40,25,0,74584380,4860,56117820,3644,16767
2136,6,40,25,0,74584380,4860,56117820,3644,16773
2137,8,40,25,0,74584380,4860,56117820,3644,16781
2138,4,40,25,0,74584380,4860,56117820,3644,16785
2139,5,40,25,0,74584380,4860,56117820,3644,16790
2140,4,40,25,0,74584380,4860,56117820,3644,16794
2141,6,40,25,0,74584380,4860,56117820,3644,16800
2142,6,40,25,0,74584380,4860,56117820,3644,16806
2143,5,40,25,0,74584380,4860,56117820,3644,16811
2144,8,40,25,0,74584380,4860,56117820,3644,16819
2145,14,40,25,0,74584380,4860,56117820,3644,16833
2146,10,40,25,0,74584380,4860,56117820,3644,16843
2147,13,40,25,0,74584380,4860,56117820,3644,16856
2148,10,40,25,0,74584380,4860,56117820,3644,16866
2149,9,40,25,0,74584380,4860,56117820,3644,16875
2150,5,40,25,0,74584380,4860,56117820,3644,16880
2151,7,40,25,0,74584380,4860,56117820,3644,16887
2152,11,40,25,0,74584380,4860,56117820,3644,16898
2153,9,40,25,0,74584380,4860,56117820,3644,16907
2154,7,40,25,0,74584380,4860,56117820,3644,16914
2155,7,40,25,0,74584380,4860,56117820,3644,16921
2156,8,40,25,0,74584380,4860,56117820,3644,16929
2157,8,40,25,0,74584380,4860,56117820,3644,16937
2158,7,40,25,0,74584380,4860,56117820,3644,16944
2159,9,40,25,0,74584380,4860,56117820,3644,16953
2160,2,40,25,0,74584380,4860,56117820,3644,16955
2161,7,40,25,0,74584380,4860,56117820,3644,16962
2162,3,40,25,0,74584380,4860,56117820,3644,16965
2163,12,40,25,0,74584380,4860,56117820,3644,16977
2164,3,40,25,0,74584380,4860,56117820,3644,16980
2165,5,40,25,0,74584380,4860,56117820,3644,16985
2166,6,40,25,0,74584380,4860,56117820,3644,16991
2167,8,40,25,0,74584380,4860,56117820,3644,16999
2168,6,40,25,0,74584380,4860,56117820,3644,17005
2169,13,40,25,0,74584380,4860,56117820,3644,17018
2170,8,40,25,0,74584380,4860,56117820,3644,17026
2171,8,40,25,0,74584380,4860,56117820,3644,17034
2172,12,40,25,0,74584380,4860,56117820,3644,17046
2173,13,40,25,0,74584380,4860,56117820,3644,17059
2174,6,40,25,0,74584380,4860,56117820,3644,17065
2175,19,40,25,0,74584380,4860,56117820,3644,17084
2176,14,40,25,0,74584380,4860,56117820,3644,17098
2177,10,40,25,0,74584380,4860,56117820,3644,17108
2178,17,40,25,0,74584380,4860,56117820,3644,17125
2179,4,40,25,0,74584380,4860,56117820,3644,17129
2180,7,40,25,0,74584380,4860,56117820,3644,17136
2181,8,40,25,0,74584380,4860,56117820,3644,17144
2182,2,40,25,0,74584380,4860,56117820,3644,17146
2183,2,40,25,0,74584380,4860,56117820,3644,17148
2184,3,40,25,0,74584380,4860,56117820,3644,17151
2185,7,40,25,0,74584380,4860,56117820,3644,17158
2186,6,40,25,0,74584380,4860,56117820,3644,17164
2187,9,40,25,0,74584380,4860,56117820,3644,17173
2188,11,40,25,0,74584380,4860,56117820,3644,17184
2189,4,40,25,0,74584380,4860,56117820,3644,17188
2190,6,40,25,0,74584380,4860,56117820,3644,17194
2191,10,40,25,0,74584380,4860,56117820,3644,17204
2192,9,40,25,0,74584380,4860,56117820,3644,17213
2193,8,40,25,0,74584380,4860,56117820,3644,17221
2194,9,40,25,0,74584380,4860,56117820,3644,17230
2195,10,40,25,0,74584380,4860,56117820,3644,17240
2196,8,40,25,0,74584380,4860,56117820,3644,17248
2197,6,40,25,0,74584380,4860,56117820,3644,17254
2198,7,40,25,0,74584380,4860,56117820,3644,17261
2199,9,40,25,0,74584380,4860,56117820,3644,17270
2200,4,40,25,0,74584380,4860,56117820,3644,17274
2201,9,40,25,0,74584380,4860,56117820,3644,17283
2202,13,40,25,0,74584380,4860,56117820,3644,17296
2203,9,40,25,0,74584380,4860,56117820,3644,17305
2204,8,40,25,0,74584380,4860,56117820,3644,17313
2205,4,40,25,0,74584380,4860,56117820,3644,17317
2206,5,40,25,0,74584380,4860,56117820,3644,17322
2207,4,40,25,0,74584380,4860,56117820,3644,17326
2208,9,40,25,0,74584380,4860,56117820,3644,17335
2209,6,40,25,0,74584380,4860,56117820,3644,17341
2210,3,40,25,0,74584380,4860,56117820,3644,17344
2211,6,40,25,0,74584380,4860,56117820,3644,17350
2212,5,40,25,0,74584380,4860,56117820,3644,17355
2213,11,40,25,0,74584380,4860,56117820,3644,17366
2214,5,40,25,0,74584380,4860,56117820,3644,17371
2215,6,40,25,0,74584380,4860,56117820,3644,17377
2216,7,40,25,0,74584380,4860,56117820,3644,17384
2217,9,40,25,0,74584380,4860,56117820,3644,17393
2218,11,40,25,0,74584380,4860,56117820,3644,17404
2219,11,40,25,0,74584380,4860,56117820,3644,17415
2220,9,40,25,0,74584380,4860,56117820,3644,17424
2221,11,40,25,0,74584380,4860,56117820,3644,17435
2222,9,40,25,0,74584380,4860,56117820,3644,17444
2223,10,40,25,0,74584380,4860,56117820,3644,17454
2224,6,40,25,0,74584380,4860,56117820,3644,17460
2225,5,40,25,0,74584380,4860,56117820,3644,17465
2226,11,40,25,0,74584380,4860,56117820,3644,17476
2227,7,40,25,0,74584380,4860,56117820,3644,17483
2228,7,40,25,0,74584380,4860,56117820,3644,17490
2229,6,40,25,0,74584380,4860,56117820,3644,17496
2230,4,40,25,0,74584380,4860,56117820,3644,17500
2231,8,40,25,0,74584380,4860,56117820,3644,17508
2232,1,40,25,0,74584380,4860,56117820,3644,17509
2233,4,40,25,0,74584380,4860,56117820,3644,17513
2234,9,40,25,0,74584380,4860,56117820,3644,17522
2235,7,40,25,0,74584380,4860,56117820,3644,17529
2236,5,40,25,0,74584380,4860,56117820,3644,17534
2237,10,40,25,0,74584380,4860,56117820,3644,17544
2238,4,40,25,0,74584380,4860,56117820,3644,17548
2239,14,40,25,0,74584380,4860,56117820,3644,17562
2240,12,40,25,0,74584380,4860,56117820,3644,17574
2241,8,40,25,0,74584380,4860,56117820,3644,17582
2242,8,40,25,0,74584380,4860,56117820,3644,17590
2243,4,40,25,0,74584380,4860,56117820,3644,17594
2244,7,40,25,0,74584380,4860,56117820,3644,17601
2245,5,40,25,0,74584380,4860,56117820,3644,17606
2246,11,40,25,0,74584380,4860,56117820,3644,17617
2247,6,40,25,0,74584380,4860,56117820,3644,17623
2248,6,40,25,0,74584380,4860,56117820,3644,17629
2249,12,40,25,0,74584380,4860,56117820,3644,17641
2250,11,40,25,0,74584380,4860,56117820,3644,17652
2251,12,40,25,0,74584380,4860,56117820,3644,17664
2252,13,40,25,0,74584380,4860,56117820,3644,17677
2253,3,40,25,0,74584380,4860,56117820,3644,17680
2254,13,40,25,0,74584380,4860,56117820,3644,17693
2255,7,40,25,0,74584380,4860,56117820,3644,17700
2256,4,40,25,0,74584380,4860,56117820,3644,17704
2257,4,40,25,0,74584380,4860,56117820,3644,17708
2258,6,40,25,0,74584380,4860,56117820,3644,17714
2259,7,40,25,0,74584380,4860,56117820,3644,17721
2260,6,40,25,0,74584380,4860,56117820,3644,17727
2261,7,40,25,0,74584380,4860,56117820,3644,17734
2262,5,40,25,0,74584380,4860,56117820,3644,17739
2263,6,40,25,0,74584380,4860,56117820,3644,17745
2264,6,40,25,0,74584380,4860,56117820,3644,17751
2265,10,40,25,0,74584380,4860,56117820,3644,17761
2266,16,40,25,0,74584380,4860,56117820,3644,17777
2267,10,40,25,0,74584380,4860,56117820,3644,17787
2268,19,40,25,0,74584380,4860,56117820,3644,17806
2269,7,40,25,0,74584380,4860,56117820,3644,17813
2270,9,40,25,0,74584380,4860,56117820,3644,17822
2271,11,40,25,0,74584380,4860,56117820,3644,17833
2272,8,40,25,0,74584380,4860,56117820,3644,17841
2273,9,40,25,0,74584380,4860,56117820,3644,17850
2274,17,40,25,0,74584380,4860,56117820,3644,17867
2275,11,40,25,0,74584380,4860,56117820,3644,17878
2276,4,40,25,0,74584380,4860,56117820,3644,17882
2277,7,40,25,0,74584380,4860,56117820,3644,17889
2278,6,40,25,0,74584380,4860,56117820,3644,17895
2279,1,40,25,0,74584380,4860,56117820,3644,17896
2280,3,40,25,0,74584380,4860,56117820,3644,17899
2281,1,40,25,0,74584380,4860,56117820,3644,17900
2282,4,40,25,0,74584380,4860,56117820,3644,17904
2283,7,40,25,0,74584380,4860,56117820,3644,17911
2284,7,40,25,0,74584380,4860,56117820,3644,17918
2285,6,40,25,0,74584380,4860,56117820,3644,17924
2286,7,40,25,0,74584380,4860,56117820,3644,17931
2287,14,40,25,0,74584380,4860,56117820,3644,17945
2288,9,40,25,0,74584380,4860,56117820,3644,17954
2289,8,40,25,0,74584380,4860,56117820,3644,17962
2290,15,40,25,0,74584380,4860,56117820,3644,17977
2291,11,40,25,0,74584380,4860,56117820,3644,17988
2292,8,40,25,0,74584380,4860,56117820,3644,17996
2293,10,40,25,0,74584380,4860,56117820,3644,18006
2294,14,40,25,0,74584380,4860,56117820,3644,18020
2295,12,40,25,0,74584380,4860,56117820,3644,18032
2296,10,40,25,0,74584380,4860,56117820,3644,18042
2297,11,40,25,0,74584380,4860,56117820,3644,18053
2298,5,40,25,0,74584380,4860,56117820,3644,18058
2299,5,40,25,0,74584380,4860,56117820,3644,18063
2300,9,40,25,0,74584380,4860,56117820,3644,18072
2301,5,40,25,0,74584380,4860,56117820,3644,18077
2302,6,40,25,0,74584380,4860,56117820,3644,18083
2303,5,40,25,0,74584380,4860,56117820,3644,18088
2304,1,40,25,0,74584380,4860,56117820,3644,18089
2305,1,40,25,0,74584380,4860,56117820,3644,18090
2306,2,40,25,0,74584380,4860,56117820,3644,18092
2307,4,40,25,0,74584380,4860,56117820,3644,18096
2308,4,40,25,0,74584380,4860,56117820,3644,18100
2309,12,40,25,0,74584380,4860,56117820,3644,18112
2310,6,40,25,0,74584380,4860,56117820,3644,18118
2311,9,40,25,0,74584380,4860,56117820,3644,18127
2312,10,40,25,0,74584380,4860,56117820,3644,18137
2313,12,40,25,0,74584380,4860,56117820,3644,18149
2314,5,40,25,0,74584380,4860,56117820,3644,18154
2315,12,40,25,0,74584380,4860,56117820,3644,18166
2316,9,40,25,0,74584380,4860,56117820,3644,18175
2317,9,40,25,0,74584380,4860,56117820,3644,18184
2318,14,40,25,0,74584380,4860,56117820,3644,18198
2319,15,40,25,0,74584380,4860,56117820,3644,18213
2320,7,40,25,0,74584380,4860,56117820,3644,18220
2321,8,40,25,0,74584380,4860,56117820,3644,18228
2322,10,40,25,0,74584380,4860,56117820,3644,18238
2323,5,40,25,0,74584380,4860,56117820,3644,18243
2324,8,40,25,0,74584380,4860,56117820,3644,18251
2325,10,40,25,0,74584380,4860,56117820,3644,18261
2326,7,40,25,0,74584380,4860,56117820,3644,18268
2327,14,40,25,0,74584380,4860,56117820,3644,18282
2328,7,40,25,0,74584380,4860,56117820,3644,18289
2329,2,40,25,0,74584380,4860,56117820,3644,18291
2330,7,40,25,0,74584380,4860,56117820,3644,18298
2331,7,40,25,0,74584380,4860,56117820,3644,18305
2332,4,40,25,0,74584380,4860,56117820,3644,18309
2333,14,40,25,0,74584380,4860,56117820,3644,18323
2334,8,40,25,0,74584380,4860,56117820,3644,18331
2335,4,40,25,0,74584380,4860,56117820,3644,18335
2336,9,40,25,0,74584380,4860,56117820,3644,18344
2337,8,40,25,0,74584380,4860,56117820,3644,18352
2338,9,40,25,0,74584380,4860,56117820,3644,18361
2339,10,40,25,0,74584380,4860,56117820,3644,18371
2340,8,40,25,0,74584380,4860,56117820,3644,18379
2341,10,40,25,0,74584380,4860,56117820,3644,18389
2342,22,40,25,0,74584380,4860,56117820,3644,18411
2343,7,40,25,0,74584380,4860,56117820,3644,18418
2344,12,40,25,0,74584380,4860,56117820,3644,18430
2345,13,40,25,0,74584380,4860,56117820,3644,18443
2346,8,40,25,0,74584380,4860,56117820,3644,18451
2347,9,40,25,0,74584380,4860,56117820,3644,18460
2348,7,40,25,0,74584380,4860,56117820,3644,18467
2349,8,40,25,0,74584380,4860,56117820,3644,18475
2350,5,40,25,0,74584380,4860,56117820,3644,18480
2351,4,40,25,0,74584380,4860,56117820,3644,18484
2352,6,40,25,0,74584380,4860,56117820,3644,18490
2353,1,40,25,0,74584380,4860,56117820,3644,18491
2354,10,40,25,0,74584380,4860,56117820,3644,18501
2355,7,40,25,0,74584380,4860,56117820,3644,18508
2356,3,40,25,0,74584380,4860,56117820,3644,18511
2357,4,40,25,0,74584380,4860,56117820,3644,18515
2358,8,40,25,0,74584380,4860,56117820,3644,18523
2359,13,40,25,0,74584380,4860,56117820,3644,18536
2360,13,40,25,0,74584380,4860,56117820,3644,18549
2361,13,40,25,0,74584380,4860,56117820,3644,18562
2362,11,40,25,0,74584380,4860,56117820,3644,18573
2363,10,40,25,0,74584380,4860,56117820,3644,18583
2364,16,40,25,0,74584380,4860,56117820,3644,18599
2365,9,40,25,0,74584380,4860,56117820,3644,18608
2366,12,40,25,0,74584380,4860,56117820,3644,18620
2367,14,40,25,0,74584380,4860,56117820,3644,18634
2368,11,40,25,0,74584380,4860,56117820,3644,18645
2369,9,40,25,0,74584380,4860,56117820,3644,18654
2370,7,40,25,0,74584380,4860,56117820,3644,18661
2371,7,40,25,0,74584380,4860,56117820,3644,18668
2372,9,40,25,0,74584380,4860,56117820,3644,18677
2373,9,40,25,0,74584380,4860,56117820,3644,18686
2374,13,40,25,0,74584380,4860,56117820,3644,18699
2375,6,40,25,0,74584380,4860,56117820,3644,18705
2376,3,40,25,0,74584380,4860,56117820,3644,18708
2377,3,40,25,0,74584380,4860,56117820,3644,18711
2378,1,40,25,0,74584380,4860,56117820,3644,18712
2379,8,40,25,0,74584380,4860,56117820,3644,18720
2380,6,40,25,0,74584380,4860,56117820,3644,18726
2381,4,40,25,0,74584380,4860,56117820,3644,18730
2382,7,40,25,0,74584380,4860,56117820,3644,18737
2383,10,40,25,0,74584380,4860,56117820,3644,18747
2384,11,40,25,0,74584380,4860,56117820,3644,18758
2385,10,40,25,0,74584380,4860,56117820,3644,18768
2386,9,40,25,0,74584380,4860,56117820,3644,18777
2387,11,40,25,0,74584380,4860,56117820,3644,18788
2388,6,40,25,0,74584380,4860,56117820,3644,18794
2389,11,40,25,0,74584380,4860,56117820,3644,18805
2390,8,40,25,0,74584380,4860,56117820,3644,18813
2391,13,40,25,0,74584380,4860,56117820,3644,18826
2392,5,40,25,0,74584380,4860,56117820,3644,18831
2393,13,40,25,0,74584380,4860,56117820,3644,18844
2394,10,40,25,0,74584380,4860,56117820,3644,18854
2395,12,40,25,0,74584380,4860,56117820,3644,18866
2396,5,40,25,0,74584380,4860,56117820,3644,18871
2397,7,40,25,0,74584380,4860,56117820,3644,18878
2398,4,40,25,0,74584380,4860,56117820,3644,18882
2399,9,40,25,0,74584380,4860,56117820,3644,18891

