Hour,Arrivals,Waiting,Treating,Available Rooms,Total Treatment Time,Average Treatment Time,Total Wait Time,Average Wait Time,Total Arrivals
1,9,0,9,16,0,0,0,0,9
2,5,0,7,18,24240,3462,0,0,14
3,5,0,5,20,53460,3818,0,0,19
4,5,0,6,19,63900,3550,0,0,24
5,10,0,11,14,87120,3787,0,0,34
6,8,0,14,11,109020,3893,0,0,42
7,9,0,9,16,177240,4220,0,0,51
8,16,0,18,7,203460,4152,0,0,67
9,16,0,22,3,242940,3982,0,0,83
10,9,0,15,10,326400,4238,0,0,92
11,10,0,16,9,389100,4524,0,0,102
12,8,0,12,13,454140,4634,0,0,110
13,10,0,16,9,492660,4737,0,0,120
14,12,0,14,11,560820,4752,0,0,132
15,8,0,12,13,609420,4761,0,0,140
16,9,0,14,11,649740,4812,0,0,149
17,12,0,12,13,715200,4800,0,0,161
18,7,0,10,15,747120,4728,0,0,168
19,6,0,11,14,781740,4795,0,0,174
20,4,0,5,20,835320,4828,0,0,178
21,7,0,6,19,858900,4798,0,0,185
22,8,0,8,17,891240,4817,0,0,193
23,3,0,10,15,895740,4815,0,0,196
24,5,0,6,19,945600,4849,0,0,201
25,8,0,11,14,960660,4851,0,0,209
26,2,0,7,18,989580,4850,0,0,211
27,4,0,5,20,1031100,4910,0,0,215
28,6,0,8,17,1043940,4901,0,0,221
29,5,0,8,17,1070940,4912,0,0,226
30,7,0,10,15,1093320,4902,0,0,233
31,9,0,14,11,1117860,4902,0,0,242
32,8,0,13,12,1170600,4939,0,0,250
33,8,0,11,14,1220340,4940,0,0,258
34,4,0,8,17,1260180,4961,0,0,262
35,12,0,13,12,1294320,4959,0,0,274
36,7,0,12,13,1328340,4938,0,0,281
37,15,0,19,6,1362600,4919,0,0,296
38,8,0,15,10,1424520,4929,0,0,304
39,10,0,15,10,1474920,4932,0,0,314
40,8,0,14,11,1524120,4948,0,0,322
41,16,0,14,11,1599840,4937,0,0,338
42,6,0,10,15,1639260,4907,0,0,344
43,7,0,9,16,1680900,4914,0,0,351
44,7,0,11,14,1706760,4918,0,0,358
45,8,0,7,18,1765260,4917,0,0,366
46,2,0,4,21,1787520,4910,0,0,368
47,4,0,5,20,1805220,4918,0,0,372
48,4,0,5,20,1824900,4918,0,0,376
49,3,0,4,21,1837680,4900,0,0,379
50,7,0,7,18,1858440,4903,0,0,386
51,9,0,12,13,1874580,4894,0,0,395
52,5,0,7,18,1922100,4890,0,0,400
53,4,0,7,18,1944660,4898,0,0,404
54,7,0,9,16,1975680,4914,0,0,411
55,11,0,16,9,1996860,4918,0,0,422
56,3,0,8,17,2062860,4946,0,0,425
57,9,0,11,14,2093280,4948,0,0,434
58,7,0,12,13,2124720,4952,0,0,441
59,8,0,10,15,2180400,4966,0,0,449
60,11,0,14,11,2213340,4962,0,0,460
61,9,0,18,7,2244420,4976,0,0,469
62,14,0,21,4,2308440,4996,0,0,483
63,6,0,12,13,2388180,5006,0,0,489
64,14,0,16,9,2441460,5013,0,0,503
65,5,0,8,17,2489340,4978,0,0,508
66,10,0,13,12,2513400,4977,0,0,518
67,7,0,11,14,2558220,4977,0,0,525
68,8,0,11,14,2602020,4984,0,0,533
69,4,0,10,15,2633160,4996,0,0,537
70,9,0,9,16,2687280,5004,0,0,546
71,5,0,9,16,2709300,4998,0,0,551
72,7,0,8,17,2750460,5000,0,0,558
73,8,0,10,15,2778180,4996,0,0,566
74,6,0,8,17,2809020,4980,0,0,572
75,7,0,9,16,2840220,4982,0,0,579
76,3,0,8,17,2864640,4990,0,0,582
77,10,0,8,17,2912040,4986,0,0,592
78,13,0,16,9,2934060,4981,0,0,605
79,7,0,12,13,2973660,4956,0,0,612
80,14,0,13,12,3040140,4959,0,0,626
81,10,0,15,10,3066420,4937,0,0,636
82,8,0,12,13,3125280,4945,0,0,644
83,14,0,18,7,3168960,4951,0,0,658
84,9,0,14,11,3221100,4932,0,0,667
85,8,0,13,12,3261960,4927,0,0,675
86,10,0,12,13,3322920,4937,0,0,685
87,11,0,15,10,3364500,4940,0,0,696
88,10,0,13,12,3427440,4945,0,0,706
89,7,0,10,15,3479280,4949,0,0,713
90,6,0,7,18,3515220,4937,0,0,719
91,7,0,9,16,3535620,4931,0,0,726
92,7,0,9,16,3563160,4921,0,0,733
93,5,0,10,15,3584220,4923,0,0,738
94,5,0,7,18,3626280,4927,0,0,743
95,5,0,6,19,3648480,4917,0,0,748
96,6,0,7,18,3672120,4915,0,0,754
97,7,0,11,14,3689820,4919,0,0,761
98,5,0,12,13,3709380,4919,0,0,766
99,7,0,9,16,3759960,4921,0,0,773
100,7,0,10,15,3793080,4926,0,0,780
101,1,0,6,19,3823080,4933,0,0,781
102,10,0,10,15,3863520,4946,0,0,791
103,5,0,9,16,3880800,4931,0,0,796
104,14,0,17,8,3912780,4934,0,0,810
105,9,0,16,9,3965580,4938,0,0,819
106,7,0,10,15,4034100,4943,0,0,826
107,12,0,14,11,4076160,4946,0,0,838
108,14,0,14,11,4132980,4931,0,0,852
109,10,0,14,11,4177560,4926,0,0,862
110,9,0,13,12,4227840,4927,0,0,871
111,13,0,15,10,4285320,4931,0,0,884
112,6,0,9,16,4339320,4925,0,0,890
113,9,0,10,15,4383540,4930,0,0,899
114,7,0,12,13,4407900,4930,0,0,906
115,6,0,10,15,4450140,4933,0,0,912
116,6,0,9,16,4492740,4942,0,0,918
117,3,0,4,21,4531560,4941,0,0,921
118,8,0,10,15,4541700,4942,0,0,929
119,6,0,7,18,4577640,4932,0,0,935
120,5,0,5,20,4603740,4923,0,0,940
121,3,0,4,21,4613040,4912,0,0,943
122,3,0,5,20,4624200,4914,0,0,946
123,8,0,10,15,4638540,4913,0,0,954
124,5,0,10,15,4656840,4907,0,0,959
125,9,0,11,14,4699920,4911,0,0,968
126,8,0,10,15,4732500,4899,0,0,976
127,8,0,13,12,4767720,4910,0,0,984
128,9,0,13,12,4812180,4910,0,0,993
129,4,0,9,16,4854180,4913,0,0,997
130,7,0,8,17,4898460,4918,0,0,1004
131,15,0,17,8,4925940,4916,0,0,1019
132,7,0,13,12,4966200,4902,0,0,1026
133,8,0,9,16,5023020,4900,0,0,1034
134,11,0,12,13,5057220,4895,0,0,1045
135,15,0,18,7,5100840,4895,0,0,1060
136,11,0,17,8,5160240,4895,0,0,1071
137,12,0,19,6,5208720,4895,0,0,1083
138,7,0,11,14,5291160,4903,0,0,1090
139,5,0,6,19,5341140,4904,0,0,1095
140,6,0,9,16,5360280,4908,0,0,1101
141,6,0,10,15,5387460,4911,0,0,1107
142,9,0,13,12,5421420,4915,0,0,1116
143,7,0,13,12,5460660,4919,0,0,1123
144,6,0,8,17,5520900,4924,0,0,1129
145,4,0,7,18,5549340,4928,0,0,1133
146,8,0,7,18,5583360,4923,0,0,1141
147,7,0,9,16,5598600,4915,0,0,1148
148,3,0,3,22,5633400,4907,0,0,1151
149,6,0,6,19,5644080,4903,0,0,1157
150,9,0,8,17,5665680,4892,0,0,1166
151,9,0,10,15,5690220,4884,0,0,1175
152,10,0,12,13,5730000,4884,0,0,1185
153,8,0,13,12,5761620,4882,0,0,1193
154,10,0,13,12,5803320,4876,0,0,1203
155,9,0,15,10,5844360,4882,0,0,1212
156,13,0,13,12,5931540,4894,0,0,1225
157,14,0,20,5,5962560,4891,0,0,1239
158,10,0,16,9,6024300,4885,0,0,1249
159,12,0,15,10,6092100,4889,0,0,1261
160,13,0,14,11,6157620,4887,0,0,1274
161,8,0,12,13,6201240,4882,0,0,1282
162,13,0,15,10,6258060,4889,0,0,1295
163,8,0,14,11,6298020,4885,0,0,1303
164,10,0,13,12,6344760,4880,0,0,1313
165,8,0,10,15,6394080,4877,0,0,1321
166,8,0,9,16,6446760,4883,0,0,1329
167,5,0,11,14,6457260,4880,0,0,1334
168,4,0,6,19,6507960,4885,0,0,1338
169,3,0,5,20,6527160,4885,0,0,1341
170,5,0,5,20,6550200,4884,0,0,1346
171,7,0,8,17,6563160,4879,0,0,1353
172,6,0,9,16,6592500,4883,0,0,1359
173,8,0,12,13,6617880,4884,0,0,1367
174,8,0,11,14,6662460,4884,0,0,1375
175,10,0,12,13,6702720,4881,0,0,1385
176,12,0,15,10,6743340,4879,0,0,1397
177,8,0,15,10,6789300,4884,0,0,1405
178,6,0,11,14,6848460,4891,0,0,1411
179,13,0,14,11,6902100,4895,0,0,1424
180,14,0,21,4,6936600,4895,0,0,1438
181,8,0,16,9,7001400,4896,0,0,1446
182,6,0,9,16,7078020,4905,0,0,1452
183,7,0,11,14,7103640,4905,0,0,1459
184,9,0,14,11,7140120,4910,0,0,1468
185,10,0,13,12,7202520,4916,0,0,1478
186,7,0,10,15,7238640,4907,0,0,1485
187,5,0,6,19,7285860,4909,0,0,1490
188,9,0,12,13,7301340,4910,0,0,1499
189,5,0,8,17,7342020,4907,0,0,1504
190,10,0,9,16,7379940,4903,0,0,1514
191,7,0,13,12,7390020,4900,0,0,1521
192,8,0,10,15,7446720,4902,0,0,1529
193,9,0,15,10,7467420,4903,0,0,1538
194,6,0,9,16,7534800,4908,0,0,1544
195,11,0,9,16,7588740,4908,0,0,1555
196,4,0,9,16,7602660,4904,0,0,1559
197,5,0,5,20,7655580,4910,0,0,1564
198,11,0,13,12,7665540,4907,0,0,1575
199,6,0,7,18,7710360,4898,0,0,1581
200,8,0,8,17,7745340,4899,0,0,1589
201,12,0,12,13,7771080,4890,0,0,1601
202,10,0,12,13,7811340,4885,0,0,1611
203,7,0,9,16,7866120,4888,0,0,1618
204,13,0,18,7,7885500,4888,0,0,1631
205,4,0,10,15,7956300,4896,0,0,1635
206,10,0,13,12,8001540,4902,0,0,1645
207,3,0,7,18,8038200,4898,0,0,1648
208,10,0,10,15,8076000,4900,0,0,1658
209,14,0,18,7,8107980,4902,0,0,1672
210,11,0,17,8,8160840,4898,0,0,1683
211,13,0,22,3,8202480,4899,0,0,1696
212,8,0,14,11,8300100,4911,0,0,1704
213,4,0,10,15,8342760,4913,0,0,1708
214,3,0,4,21,8399640,4920,0,0,1711
215,6,0,6,19,8415300,4918,0,0,1717
216,7,0,8,17,8434680,4915,0,0,1724
217,2,0,5,20,8456520,4913,0,0,1726
218,2,0,2,23,8478780,4912,0,0,1728
219,5,0,7,18,8478780,4912,0,0,1733
220,6,0,6,19,8507580,4909,0,0,1739
221,6,0,6,19,8530440,4905,0,0,1745
222,5,0,9,16,8542560,4906,0,0,1750
223,8,0,13,12,8565600,4908,0,0,1758
224,11,0,15,10,8619240,4914,0,0,1769
225,4,0,12,13,8658780,4916,0,0,1773
226,11,0,14,11,8710800,4921,0,0,1784
227,8,0,12,13,8752140,4916,0,0,1792
228,6,0,11,14,8785680,4916,0,0,1798
229,9,0,11,14,8841180,4922,0,0,1807
230,6,0,11,14,8866320,4920,0,0,1813
231,15,0,17,8,8917440,4924,0,0,1828
232,12,0,17,8,8976120,4923,0,0,1840
233,6,0,13,12,9030360,4926,0,0,1846
234,9,0,12,13,9090660,4932,0,0,1855
235,3,0,9,16,9122520,4933,0,0,1858
236,7,0,6,19,9171240,4933,0,0,1865
237,5,0,7,18,9194640,4935,0,0,1870
238,1,0,4,21,9217260,4936,0,0,1871
239,4,0,5,20,9239580,4940,0,0,1875
240,8,0,7,18,9256140,4933,0,0,1883
241,7,0,7,18,9277740,4927,0,0,1890
242,4,0,6,19,9305040,4928,0,0,1894
243,6,0,6,19,9333840,4928,0,0,1900
244,6,0,8,17,9349740,4926,0,0,1906
245,6,0,6,19,9385320,4924,0,0,1912
246,7,0,9,16,9400980,4921,0,0,1919
247,6,0,10,15,9421860,4920,0,0,1925
248,9,0,11,14,9470040,4924,0,0,1934
249,8,0,10,15,9512760,4923,0,0,1942
250,14,0,17,8,9539400,4919,0,0,1956
251,14,0,20,5,9590520,4918,0,0,1970
252,6,0,10,15,9675420,4921,0,0,1976
253,12,0,14,11,9717060,4922,0,0,1988
254,15,0,17,8,9763740,4916,0,0,2003
255,6,0,8,17,9829860,4912,0,0,2009
256,3,0,4,21,9858120,4909,0,0,2012
257,19,0,20,5,9871560,4908,0,0,2031
258,13,0,20,5,9931020,4906,0,0,2044
259,9,0,14,11,10003860,4906,0,0,2053
260,8,0,9,16,10068780,4906,0,0,2061
261,15,0,17,8,10086960,4898,0,0,2076
262,4,0,11,14,10141740,4901,0,0,2080
263,8,0,10,15,10188900,4903,0,0,2088
264,7,0,6,19,10234800,4899,0,0,2095
265,5,0,8,17,10247580,4898,0,0,2100
266,5,0,9,16,10264440,4897,0,0,2105
267,8,0,11,14,10297620,4898,0,0,2113
268,5,0,10,15,10326240,4898,0,0,2118
269,6,0,8,17,10373760,4902,0,0,2124
270,8,0,10,15,10402020,4901,0,0,2132
271,3,0,6,19,10437360,4902,0,0,2135
272,14,0,15,10,10462800,4902,0,0,2149
273,12,0,14,11,10518480,4899,0,0,2161
274,6,0,11,14,10552680,4894,0,0,2167
275,9,0,11,14,10603080,4897,0,0,2176
276,16,0,20,5,10629660,4893,0,0,2192
277,8,0,14,11,10697220,4893,0,0,2200
278,14,0,15,10,10767720,4896,0,0,2214
279,5,0,10,15,10804980,4891,0,0,2219
280,6,0,6,19,10857840,4893,0,0,2225
281,9,0,13,12,10867500,4893,0,0,2234
282,4,0,9,16,10907640,4893,0,0,2238
283,8,0,9,16,10955880,4897,0,0,2246
284,9,0,13,12,10981140,4897,0,0,2255
285,4,0,11,14,11009940,4897,0,0,2259
286,8,0,10,15,11059080,4899,0,0,2267
287,3,0,7,18,11089680,4900,0,0,2270
288,7,0,9,16,11115900,4901,0,0,2277
289,9,0,13,12,11149560,4905,0,0,2286
290,9,0,10,15,11202480,4902,0,0,2295
291,4,0,7,18,11238360,4903,0,0,2299
292,6,0,11,14,11252460,4905,0,0,2305
293,6,0,8,17,11302200,4907,0,0,2311
294,6,0,9,16,11327400,4907,0,0,2317
295,7,0,8,17,11358480,4904,0,0,2324
296,5,0,7,18,11392080,4906,0,0,2329
297,8,0,11,14,11409840,4905,0,0,2337
298,9,0,12,13,11445420,4903,0,0,2346
299,9,0,10,15,11489580,4899,0,0,2355
300,10,0,8,17,11538000,4895,0,0,2365
301,10,0,11,14,11567460,4893,0,0,2375
302,13,0,16,9,11603340,4891,0,0,2388
303,10,0,16,9,11654820,4892,0,0,2398
304,10,0,12,13,11726280,4894,0,0,2408
305,13,0,19,6,11748120,4890,0,0,2421
306,11,0,17,8,11828700,4898,0,0,2432
307,11,0,19,6,11877300,4899,0,0,2443
308,5,0,11,14,11953020,4904,0,0,2448
309,4,0,6,19,12005580,4908,0,0,2452
310,6,0,9,16,12024360,4909,0,0,2458
311,5,0,6,19,12063960,4910,0,0,2463
312,4,0,5,20,12090900,4911,0,0,2467
313,5,0,6,19,12105300,4908,0,0,2472
314,4,0,5,20,12131100,4909,0,0,2476
315,6,0,8,17,12148200,4910,0,0,2482
316,4,0,7,18,12173220,4910,0,0,2486
317,9,0,9,16,12205200,4909,0,0,2495
318,6,0,10,15,12229560,4909,0,0,2501
319,5,0,8,17,12268680,4911,0,0,2506
320,6,0,9,16,12291840,4910,0,0,2512
321,12,0,15,10,12319920,4910,0,0,2524
322,12,0,18,7,12354600,4906,0,0,2536
323,17,0,18,7,12437760,4906,0,0,2553
324,5,0,9,16,12485040,4898,0,0,2558
325,9,0,9,16,12532440,4899,0,0,2567
326,9,0,13,12,12558060,4899,0,0,2576
327,8,0,12,13,12604260,4900,0,0,2584
328,9,0,11,14,12651000,4899,0,0,2593
329,5,0,5,20,12706620,4900,0,0,2598
330,3,0,3,22,12726180,4898,0,0,2601
331,8,0,10,15,12729960,4898,0,0,2609
332,5,0,8,17,12758820,4895,0,0,2614
333,9,0,10,15,12793860,4896,0,0,2623
334,2,0,5,20,12829020,4896,0,0,2625
335,5,0,5,20,12858600,4898,0,0,2630
336,6,0,7,18,12874860,4897,0,0,2636
337,4,0,6,19,12892620,4894,0,0,2640
338,3,0,4,21,12920280,4895,0,0,2643
339,7,0,7,18,12937980,4895,0,0,2650
340,5,0,7,18,12961440,4894,0,0,2655
341,7,0,8,17,12985680,4892,0,0,2662
342,7,0,6,19,13028460,4892,0,0,2669
343,11,0,15,10,13034280,4890,0,0,2680
344,11,0,15,10,13082820,4888,0,0,2691
345,12,0,16,9,13129920,4886,0,0,2703
346,7,0,10,15,13189440,4884,0,0,2710
347,9,0,12,13,13220640,4883,0,0,2719
348,14,0,14,11,13271820,4881,0,0,2733
349,16,0,19,6,13317240,4878,0,0,2749
350,5,0,12,13,13371660,4876,0,0,2754
351,10,0,8,17,13429860,4872,0,0,2764
352,7,0,9,16,13452660,4870,0,0,2771
353,11,0,9,16,13503360,4869,0,0,2782
354,9,0,10,15,13536180,4867,0,0,2791
355,6,0,8,17,13564500,4863,0,0,2797
356,2,0,5,20,13594680,4865,0,0,2799
357,9,0,9,16,13627020,4868,0,0,2808
358,5,0,9,16,13644240,4865,0,0,2813
359,7,0,11,14,13670700,4866,0,0,2820
360,3,0,7,18,13714260,4870,0,0,2823
361,5,0,6,19,13748400,4871,0,0,2828
362,3,0,4,21,13774260,4872,0,0,2831
363,4,0,5,20,13783020,4870,0,0,2835
364,3,0,5,20,13796940,4870,0,0,2838
365,8,0,10,15,13815060,4871,0,0,2846
366,6,0,6,19,13856100,4868,0,0,2852
367,7,0,8,17,13869900,4864,0,0,2859
368,8,0,9,16,13908780,4866,0,0,2867
369,14,0,16,9,13932600,4863,0,0,2881
370,11,0,15,10,13991160,4863,0,0,2892
371,8,0,16,9,14032320,4865,0,0,2900
372,10,0,11,14,14096820,4862,0,0,2910
373,13,0,17,8,14138400,4865,0,0,2923
374,9,0,13,12,14191320,4861,0,0,2932
375,10,0,11,14,14255760,4863,0,0,2942
376,9,0,14,11,14283420,4863,0,0,2951
377,11,0,12,13,14346600,4863,0,0,2962
378,1,0,7,18,14377140,4863,0,0,2963
379,8,0,8,17,14416560,4865,0,0,2971
380,5,0,7,18,14437260,4862,0,0,2976
381,10,0,11,14,14470680,4864,0,0,2986
382,7,0,10,15,14502660,4861,0,0,2993
383,9,0,14,11,14529060,4862,0,0,3002
384,5,0,7,18,14589420,4863,0,0,3007
385,5,0,8,17,14607780,4862,0,0,3012
386,1,0,4,21,14635860,4864,0,0,3013
387,7,0,7,18,14657400,4864,0,0,3020
388,4,0,5,20,14680500,4862,0,0,3024
389,6,0,7,18,14702400,4863,0,0,3030
390,6,0,7,18,14717040,4858,0,0,3036
391,7,0,10,15,14736960,4858,0,0,3043
392,14,0,15,10,14775300,4857,0,0,3057
393,10,0,14,11,14820240,4854,0,0,3067
394,12,0,13,12,14886960,4855,0,0,3079
395,12,0,16,9,14931480,4855,0,0,3091
396,14,0,19,6,14986200,4856,0,0,3105
397,10,0,19,6,15032820,4855,0,0,3115
398,13,0,18,7,15105960,4857,0,0,3128
399,13,0,20,5,15155220,4855,0,0,3141
400,10,0,14,11,15231300,4855,0,0,3151
401,15,0,18,7,15286080,4855,0,0,3166
402,8,0,14,11,15344880,4855,0,0,3174
403,9,0,12,13,15407280,4858,0,0,3183
404,7,0,10,15,15446760,4857,0,0,3190
405,2,0,5,20,15475920,4855,0,0,3192
406,7,0,7,18,15506220,4857,0,0,3199
407,6,0,7,18,15530880,4856,0,0,3205
408,9,0,13,12,15543540,4855,0,0,3214
409,9,0,13,12,15592380,4857,0,0,3223
410,5,0,8,17,15638940,4856,0,0,3228
411,7,0,9,16,15675300,4859,0,0,3235
412,4,0,7,18,15698940,4857,0,0,3239
413,10,0,10,15,15735540,4858,0,0,3249
414,7,0,8,17,15770580,4855,0,0,3256
415,6,0,9,16,15800400,4857,0,0,3262
416,8,0,11,14,15822960,4855,0,0,3270
417,8,0,12,13,15863160,4857,0,0,3278
418,8,0,12,13,15898620,4856,0,0,3286
419,9,0,14,11,15939300,4858,0,0,3295
420,8,0,11,14,16001520,4860,0,0,3303
421,11,0,13,12,16044600,4860,0,0,3314
422,8,0,9,16,16094040,4857,0,0,3322
423,10,0,13,12,16116600,4855,0,0,3332
424,8,0,13,12,16159800,4857,0,0,3340
425,8,0,14,11,16198980,4858,0,0,3348
426,7,0,11,14,16251480,4859,0,0,3355
427,8,0,11,14,16301940,4863,0,0,3363
428,7,0,9,16,16343940,4862,0,0,3370
429,6,0,10,15,16366320,4862,0,0,3376
430,8,0,13,12,16390620,4862,0,0,3384
431,1,0,3,22,16454160,4865,0,0,3385
432,9,0,9,16,16466880,4864,0,0,3394
433,4,0,9,16,16488120,4865,0,0,3398
434,8,0,11,14,16518840,4865,0,0,3406
435,4,0,5,20,16575720,4868,0,0,3410
436,6,0,5,20,16601460,4867,0,0,3416
437,6,0,9,16,16604820,4865,0,0,3422
438,13,0,14,11,16636260,4862,0,0,3435
439,9,0,11,14,16685640,4860,0,0,3444
440,7,0,11,14,16726380,4862,0,0,3451
441,8,0,7,18,16777320,4860,0,0,3459
442,10,0,12,13,16797120,4858,0,0,3469
443,12,0,16,9,16830420,4857,0,0,3481
444,5,0,10,15,16892340,4859,0,0,3486
445,8,0,10,15,16940760,4862,0,0,3494
446,10,0,14,11,16974120,4863,0,0,3504
447,8,0,14,11,17009820,4862,0,0,3512
448,9,0,15,10,17053500,4864,0,0,3521
449,7,0,11,14,17115000,4866,0,0,3528
450,7,0,10,15,17148840,4864,0,0,3535
451,8,0,12,13,17177100,4864,0,0,3543
452,5,0,6,19,17222100,4862,0,0,3548
453,9,0,11,14,17251200,4864,0,0,3557
454,8,0,10,15,17297220,4865,0,0,3565
455,4,0,8,17,17335740,4868,0,0,3569
456,7,0,8,17,17373660,4869,0,0,3576
457,8,0,9,16,17393760,4865,0,0,3584
458,8,0,8,17,17426280,4862,0,0,3592
459,2,0,4,21,17459820,4863,0,0,3594
460,10,0,10,15,17475720,4862,0,0,3604
461,5,0,7,18,17500620,4858,0,0,3609
462,7,0,8,17,17536260,4860,0,0,3616
463,8,0,11,14,17556600,4859,0,0,3624
464,7,0,11,14,17598180,4861,0,0,3631
465,11,0,15,10,17631300,4861,0,0,3642
466,8,0,10,15,17696160,4861,0,0,3650
467,6,0,10,15,17721720,4860,0,0,3656
468,10,0,12,13,17768640,4862,0,0,3666
469,7,0,10,15,17812320,4862,0,0,3673
470,10,0,13,12,17847240,4863,0,0,3683
471,11,0,12,13,17902740,4862,0,0,3694
472,6,0,10,15,17937300,4861,0,0,3700
473,11,0,13,12,17984160,4863,0,0,3711
474,7,0,13,12,18020460,4863,0,0,3718
475,6,0,8,17,18080460,4865,0,0,3724
476,14,0,17,8,18099780,4864,0,0,3738
477,5,0,10,15,18160500,4864,0,0,3743
478,5,0,6,19,18215700,4867,0,0,3748
479,5,0,7,18,18234360,4867,0,0,3753
480,3,0,7,18,18250320,4868,0,0,3756
481,5,0,8,17,18271080,4868,0,0,3761
482,5,0,7,18,18300180,4868,0,0,3766
483,4,0,6,19,18323100,4867,0,0,3770
484,4,0,4,21,18356220,4869,0,0,3774
485,3,0,4,21,18372000,4869,0,0,3777
486,7,0,6,19,18392580,4868,0,0,3784
487,6,0,5,20,18418020,4866,0,0,3790
488,8,0,12,13,18423240,4866,0,0,3798
489,19,0,22,3,18471000,4867,0,0,3817
490,7,0,19,6,18514740,4865,0,0,3824
491,7,0,11,14,18612120,4872,0,0,3831
492,7,0,13,12,18646020,4874,0,0,3838
493,11,0,14,11,18689280,4873,0,0,3849
494,15,0,21,4,18736980,4875,0,0,3864
495,14,0,22,3,18808260,4877,0,0,3878
496,7,0,13,12,18902040,4881,0,0,3885
497,5,0,9,16,18953220,4883,0,0,3890
498,6,0,7,18,18994440,4884,0,0,3896
499,5,0,4,21,19025400,4882,0,0,3901
500,6,0,6,19,19043820,4881,0,0,3907
501,8,0,9,16,19064460,4880,0,0,3915
502,7,0,9,16,19089600,4878,0,0,3922
503,9,0,12,13,19114380,4877,0,0,3931
504,4,0,8,17,19161420,4879,0,0,3935
505,6,0,9,16,19193880,4881,0,0,3941
506,9,0,13,12,19221840,4882,0,0,3950
507,4,0,9,16,19268400,4884,0,0,3954
508,7,0,6,19,19312800,4883,0,0,3961
509,11,0,12,13,19329480,4881,0,0,3972
510,5,0,7,18,19378260,4881,0,0,3977
511,12,0,12,13,19409460,4880,0,0,3989
512,10,0,12,13,19447920,4877,0,0,3999
513,8,0,9,16,19487460,4874,0,0,4007
514,10,0,14,11,19515360,4875,0,0,4017
515,10,0,14,11,19551720,4872,0,0,4027
516,9,0,11,14,19617000,4873,0,0,4036
517,13,0,15,10,19664100,4874,0,0,4049
518,15,0,23,2,19696620,4874,0,0,4064
519,10,0,15,10,19788660,4875,0,0,4074
520,15,0,17,8,19842900,4873,0,0,4089
521,13,0,21,4,19884900,4872,0,0,4102
522,5,0,10,15,19958880,4871,0,0,4107
523,10,0,13,12,20005020,4874,0,0,4117
524,10,0,15,10,20041920,4874,0,0,4127
525,6,0,10,15,20105580,4876,0,0,4133
526,7,0,11,14,20134440,4876,0,0,4140
527,7,0,7,18,20192160,4877,0,0,4147
528,4,0,6,19,20217840,4877,0,0,4151
529,3,0,6,19,20234760,4878,0,0,4154
530,8,0,11,14,20251920,4878,0,0,4162
531,3,0,8,17,20284380,4879,0,0,4165
532,7,0,8,17,20321340,4880,0,0,4172
533,7,0,11,14,20338560,4879,0,0,4179
534,4,0,6,19,20382600,4879,0,0,4183
535,7,0,9,16,20400120,4879,0,0,4190
536,4,0,8,17,20423700,4879,0,0,4194
537,8,0,10,15,20459280,4880,0,0,4202
538,11,0,13,12,20488620,4878,0,0,4213
539,11,0,11,14,20546040,4876,0,0,4224
540,13,0,11,14,20602860,4875,0,0,4237
541,11,0,12,13,20637180,4871,0,0,4248
542,11,0,13,12,20679360,4870,0,0,4259
543,6,0,14,11,20704020,4870,0,0,4265
544,7,0,8,17,20764020,4869,0,0,4272
545,8,0,11,14,20792700,4870,0,0,4280
546,8,0,10,15,20853660,4874,0,0,4288
547,5,0,7,18,20888400,4873,0,0,4293
548,6,0,9,16,20915040,4875,0,0,4299
549,5,0,7,18,20952000,4875,0,0,4304
550,4,0,7,18,20974860,4876,0,0,4308
551,8,0,9,16,21002220,4876,0,0,4316
552,8,0,10,15,21030660,4874,0,0,4324
553,5,0,9,16,21053100,4873,0,0,4329
554,4,0,8,17,21076500,4873,0,0,4333
555,2,0,6,19,21100680,4874,0,0,4335
556,5,0,6,19,21136560,4876,0,0,4340
557,6,0,8,17,21155520,4876,0,0,4346
558,4,0,8,17,21174780,4876,0,0,4350
559,11,0,12,13,21213780,4877,0,0,4361
560,8,0,10,15,21261000,4877,0,0,4369
561,11,0,15,10,21283260,4875,0,0,4380
562,11,0,13,12,21341880,4874,0,0,4391
563,13,0,15,10,21388680,4873,0,0,4404
564,11,0,12,13,21442200,4869,0,0,4415
565,15,0,15,10,21497220,4869,0,0,4430
566,7,0,15,10,21522540,4867,0,0,4437
567,14,0,18,7,21595680,4871,0,0,4451
568,8,0,14,11,21642720,4869,0,0,4459
569,9,0,13,12,21700260,4870,0,0,4468
570,10,0,14,11,21742980,4870,0,0,4478
571,7,0,12,13,21790680,4871,0,0,4485
572,12,0,14,11,21835860,4870,0,0,4497
573,4,0,5,20,21903480,4871,0,0,4501
574,8,0,10,15,21920640,4872,0,0,4509
575,4,0,11,14,21931020,4871,0,0,4513
576,9,0,9,16,21986820,4871,0,0,4522
577,9,0,9,16,22030140,4871,0,0,4531
578,5,0,7,18,22060260,4870,0,0,4536
579,6,0,5,20,22099380,4870,0,0,4542
580,8,0,11,14,22108800,4870,0,0,4550
581,6,0,14,11,22124340,4871,0,0,4556
582,1,0,3,22,22193820,4873,0,0,4557
583,5,0,5,20,22205700,4872,0,0,4562
584,8,0,9,16,22219200,4871,0,0,4570
585,5,0,9,16,22241760,4871,0,0,4575
586,7,0,9,16,22279680,4872,0,0,4582
587,6,0,9,16,22304040,4870,0,0,4588
588,10,0,11,14,22344000,4871,0,0,4598
589,8,0,12,13,22371540,4869,0,0,4606
590,11,0,15,10,22418400,4871,0,0,4617
591,18,0,21,4,22472700,4870,540,0,4635
592,5,0,10,15,22547400,4869,540,0,4640
593,9,0,10,15,22597800,4871,540,0,4649
594,5,0,11,14,22614060,4870,540,0,4654
595,7,0,7,18,22674540,4872,540,0,4661
596,6,0,9,16,22692120,4871,540,0,4667
597,6,0,8,17,22734420,4873,540,0,4673
598,5,0,8,17,22762080,4874,540,0,4678
599,6,0,8,17,22795800,4875,540,0,4684
600,1,0,3,22,22827840,4875,540,0,4685
601,4,0,4,21,22841580,4875,540,0,4689
602,5,0,8,17,22845780,4875,540,0,4694
603,5,0,7,18,22878780,4876,540,0,4699
604,6,0,7,18,22905300,4875,540,0,4705
605,8,0,10,15,22930140,4875,540,0,4713
606,11,0,14,11,22959840,4874,540,0,4724
607,8,0,13,12,22995480,4872,540,0,4732
608,9,0,15,10,23030760,4873,540,0,4741
609,10,0,14,11,23080860,4872,540,0,4751
610,9,0,14,11,23131860,4873,540,0,4760
611,8,0,11,14,23191560,4875,540,0,4768
612,8,0,9,16,23241240,4875,540,0,4776
613,7,0,8,17,23276460,4874,540,0,4783
614,9,0,14,11,23296200,4875,540,0,4792
615,11,0,14,11,23346900,4875,540,0,4803
616,10,0,17,8,23381820,4875,540,0,4813
617,5,0,10,15,23455380,4878,540,0,4818
618,3,0,6,19,23495700,4879,540,0,4821
619,8,0,5,20,23530500,4877,540,0,4829
620,4,0,6,19,23544600,4877,540,0,4833
621,7,0,10,15,23556960,4877,540,0,4840
622,6,0,6,19,23606940,4877,540,0,4846
623,7,0,7,18,23637600,4877,540,0,4853
624,2,0,3,22,23658060,4875,540,0,4855
625,2,0,3,22,23672220,4876,540,0,4857
626,8,0,8,17,23680260,4875,540,0,4865
627,7,0,12,13,23693940,4875,540,0,4872
628,9,0,11,14,23744640,4875,540,0,4881
629,5,0,10,15,23773440,4875,540,0,4886
630,7,0,7,18,23828040,4876,540,0,4893
631,7,0,8,17,23854560,4876,540,0,4900
632,12,0,13,12,23887260,4875,540,0,4912
633,6,0,12,13,23918040,4875,540,0,4918
634,12,0,12,13,23976480,4875,540,0,4930
635,5,0,11,14,24010860,4876,540,0,4935
636,11,0,13,12,24056400,4876,540,0,4946
637,10,0,11,14,24115680,4876,540,0,4956
638,11,0,12,13,24154020,4874,540,0,4967
639,10,0,16,9,24185700,4875,540,0,4977
640,3,0,5,20,24255660,4875,540,0,4980
641,5,0,4,21,24278880,4874,540,0,4985
642,10,0,10,15,24298380,4874,540,0,4995
643,7,0,7,18,24334920,4871,540,0,5002
644,5,0,7,18,24356100,4871,540,0,5007
645,7,0,10,15,24376500,4871,540,0,5014
646,5,0,8,17,24401640,4869,540,0,5019
647,7,0,9,16,24436260,4870,540,0,5026
648,8,0,11,14,24467520,4871,540,0,5034
649,7,0,10,15,24507360,4871,540,0,5041
650,3,0,6,19,24546480,4872,540,0,5044
651,5,0,7,18,24576900,4874,540,0,5049
652,9,0,9,16,24599820,4872,540,0,5058
653,4,0,7,18,24629940,4872,540,0,5062
654,4,0,6,19,24655260,4872,540,0,5066
655,7,0,11,14,24675780,4874,540,0,5073
656,9,0,11,14,24724860,4875,540,0,5082
657,10,0,16,9,24742920,4874,540,0,5092
658,4,0,9,16,24803940,4875,540,0,5096
659,14,0,15,10,24847560,4876,540,0,5110
660,9,0,14,11,24897120,4877,540,0,5119
661,12,0,17,8,24947580,4878,540,0,5131
662,9,0,14,11,25006440,4878,540,0,5140
663,13,0,13,12,25065720,4876,540,0,5153
664,5,0,9,16,25110900,4876,540,0,5158
665,4,0,6,19,25141920,4876,540,0,5162
666,7,0,8,17,25174260,4877,540,0,5169
667,5,0,8,17,25200120,4878,540,0,5174
668,5,0,8,17,25223460,4877,540,0,5179
669,5,0,7,18,25259760,4879,540,0,5184
670,8,0,11,14,25274160,4878,540,0,5192
671,6,0,9,16,25312860,4878,540,0,5198
672,7,0,10,15,25339260,4877,540,0,5205
673,7,0,16,9,25341180,4877,540,0,5212
674,5,0,17,8,25357260,4876,540,0,5217
675,6,0,17,8,25389480,4876,540,0,5223
676,3,0,16,9,25411680,4877,540,0,5226
677,10,0,20,5,25441920,4877,540,0,5236
678,6,0,18,7,25474620,4876,540,0,5242
679,6,0,17,8,25510800,4876,540,0,5248
680,11,0,21,4,25540380,4875,540,0,5259
681,10,0,23,2,25581300,4876,540,0,5269
682,5,0,16,9,25640520,4876,540,0,5274
683,8,0,17,8,25669320,4875,540,0,5282
684,8,0,21,4,25689180,4875,540,0,5290
685,15,4,25,0,25727280,4876,540,0,5305
686,11,0,24,1,25795440,4874,8520,1,5316
687,8,0,20,5,25847640,4873,8520,1,5324
688,11,0,23,2,25885860,4873,8520,1,5335
689,7,0,19,6,25927260,4870,8520,1,5342
690,9,0,21,4,25963500,4871,8520,1,5351
691,6,0,18,7,26007840,4871,8520,1,5357
692,5,0,20,5,26024040,4871,8520,1,5362
693,5,0,16,9,26071920,4872,8520,1,5367
694,9,0,18,7,26110740,4873,8520,1,5376
695,6,0,18,7,26132520,4871,8520,1,5382
696,5,0,16,9,26162340,4871,8520,1,5387
697,4,0,16,9,26184480,4871,8520,1,5391
698,7,0,16,9,26218560,4871,8520,1,5398
699,5,0,14,11,26247060,4870,8520,1,5403
700,3,0,15,10,26259720,4871,8520,1,5406
701,5,0,15,10,26284080,4871,8520,1,5411
702,7,0,17,8,26297820,4869,8520,1,5418
703,9,0,18,7,26328000,4867,8520,1,5427
704,7,0,20,5,26358240,4868,8520,1,5434
705,6,0,17,8,26405160,4869,8520,1,5440
706,8,0,18,7,26431560,4867,8520,1,5448
707,8,0,15,10,26487600,4868,8520,1,5456
708,11,0,20,5,26510640,4867,8520,1,5467
709,12,0,24,1,26542260,4865,8520,1,5479
710,15,4,25,0,26589360,4865,13260,2,5494
711,6,1,25,0,26636940,4866,25560,4,5500
712,11,0,24,1,26697360,4865,25740,4,5511
713,15,1,25,0,26754360,4864,26040,4,5526
714,6,0,22,3,26805480,4864,27960,5,5532
715,11,0,22,3,26861460,4865,27960,5,5543
716,5,0,16,9,26906580,4863,27960,5,5548
717,7,0,19,6,26921520,4862,27960,5,5555
718,9,0,17,8,26981880,4864,27960,5,5564
719,4,0,17,8,26997720,4863,27960,5,5568
720,8,0,18,7,27039960,4865,27960,5,5576
721,3,0,18,7,27050820,4864,27960,5,5579
722,7,0,16,9,27099000,4865,27960,5,5586
723,4,0,17,8,27116280,4865,27960,5,5590
724,7,0,19,6,27143820,4866,27960,4,5597
725,7,0,18,7,27184140,4866,27960,4,5604
726,7,0,18,7,27208200,4864,27960,4,5611
727,7,0,19,6,27237540,4864,27960,4,5618
728,6,0,16,9,27284160,4865,27960,4,5624
729,8,0,17,8,27314700,4864,27960,4,5632
730,12,0,23,2,27337320,4863,27960,4,5644
731,13,3,25,0,27369360,4862,28620,5,5657
732,9,0,22,3,27444180,4862,35940,6,5666
733,14,0,25,0,27494460,4861,41580,7,5680
734,10,0,22,3,27544320,4859,42000,7,5690
735,13,1,25,0,27586920,4859,44880,7,5703
736,5,0,16,9,27654240,4858,45360,7,5708
737,12,0,22,3,27678480,4857,45360,7,5720
738,8,0,20,5,27730500,4858,45360,7,5728
739,9,0,23,2,27758460,4857,45360,7,5737
740,5,0,17,8,27812040,4857,45360,7,5742
741,5,0,16,9,27841620,4858,45360,7,5747
742,1,0,13,12,27865920,4858,45360,7,5748
743,0,0,9,16,27893820,4860,45360,7,5748
744,10,0,19,6,27893820,4860,45360,7,5758
745,3,0,16,9,27921060,4860,45360,7,5761
746,5,0,15,10,27953220,4860,45360,7,5766
747,5,0,13,12,27983040,4859,45360,7,5771
748,2,0,11,14,27998400,4859,45360,7,5773
749,13,0,20,5,28010880,4857,45360,7,5786
750,10,0,24,1,28039440,4857,46320,7,5796
751,6,0,18,7,28101000,4858,46320,7,5802
752,6,0,18,7,28132980,4858,46320,7,5808
753,12,0,23,2,28162380,4858,46320,7,5820
754,10,0,23,2,28209180,4857,47340,8,5830
755,14,4,25,0,28256160,4859,51480,8,5844
756,9,0,25,0,28308600,4857,66240,11,5853
757,11,0,24,1,28371000,4858,66420,11,5864
758,7,0,22,3,28414740,4858,66420,11,5871
759,10,0,21,4,28476900,4859,67440,11,5881
760,6,0,19,6,28513140,4859,67440,11,5887
761,9,0,17,8,28564440,4858,67440,11,5896
762,5,0,14,11,28597140,4857,67440,11,5901
763,6,0,14,11,28629360,4858,67440,11,5907
764,6,0,18,7,28641060,4858,67440,11,5913
765,6,0,17,8,28674060,4858,67440,11,5919
766,7,0,21,4,28692900,4859,67440,11,5926
767,6,0,19,6,28733400,4859,67440,11,5932
768,5,0,19,6,28766160,4860,67440,11,5937
769,2,0,15,10,28807620,4862,67440,11,5939
770,3,0,13,12,28837200,4863,67440,11,5942
771,7,0,16,9,28851840,4862,67440,11,5949
772,6,0,18,7,28871820,4863,67440,11,5955
773,10,0,22,3,28898520,4862,67440,11,5965
774,10,0,21,4,28946280,4861,67440,11,5975
775,9,0,20,5,28995600,4861,67440,11,5984
776,8,0,22,3,29026020,4861,67440,11,5992
777,13,0,24,1,29075220,4861,68040,11,6005
778,10,0,20,5,29131680,4859,68040,11,6015
779,14,1,25,0,29165160,4858,68340,11,6029
780,12,4,25,0,29203980,4857,71880,11,6041
781,9,2,25,0,29260680,4858,79500,13,6050
782,7,0,22,3,29321820,4858,86580,14,6057
783,16,3,25,0,29369940,4858,86700,14,6073
784,4,0,22,3,29422020,4859,88680,14,6077
785,13,0,23,2,29482500,4859,88680,14,6090
786,10,0,22,3,29532060,4858,88680,14,6100
787,12,0,25,0,29579880,4859,94020,15,6112
788,8,0,24,1,29624520,4859,94020,15,6120
789,7,0,20,5,29686980,4861,94020,15,6127
790,6,0,18,7,29729340,4861,94020,15,6133
791,4,0,15,10,29770260,4862,94020,15,6137
792,1,0,12,13,29790840,4863,94020,15,6138
793,3,0,13,12,29803020,4863,94020,15,6141
794,9,0,19,6,29819880,4863,94020,15,6150
795,3,0,15,10,29850840,4863,94020,15,6153
796,7,0,15,10,29882400,4862,94020,15,6160
797,6,0,19,6,29890260,4862,94020,15,6166
798,5,0,14,11,29932380,4861,94020,15,6171
799,16,1,25,0,29944020,4860,94020,15,6187
800,8,0,22,3,29996340,4859,100380,16,6195
801,5,0,16,9,30051360,4859,100380,16,6200
802,7,0,19,6,30073260,4859,100380,16,6207
803,6,0,20,5,30102840,4860,100380,16,6213
804,14,0,23,2,30157380,4860,100380,16,6227
805,14,5,25,0,30188100,4860,107040,17,6241
806,6,0,24,1,30246660,4860,121020,19,6247
807,8,0,21,4,30309720,4862,121020,19,6255
808,10,0,23,2,30350820,4862,121020,19,6265
809,7,0,20,5,30400620,4862,121020,19,6272
810,7,0,19,6,30444600,4863,121020,19,6279
811,6,0,18,7,30484500,4864,121020,19,6285
812,7,0,15,10,30525480,4863,121020,19,6292
813,11,0,21,4,30549360,4862,121020,19,6303
814,6,0,22,3,30569880,4862,121020,19,6309
815,5,0,18,7,30620220,4863,121020,19,6314
816,2,0,10,15,30676200,4864,121020,19,6316
817,4,0,13,12,30678540,4864,121020,19,6320
818,0,0,12,13,30683700,4864,121020,19,6320
819,5,0,14,11,30693900,4863,121020,19,6325
820,4,0,14,11,30708540,4862,121020,19,6329
821,5,0,14,11,30728400,4862,121020,19,6334
822,6,0,16,9,30746040,4861,121020,19,6340
823,9,0,20,5,30771120,4861,121020,19,6349
824,9,0,22,3,30800520,4861,121020,19,6358
825,12,0,24,1,30845640,4860,121020,18,6370
826,7,0,23,2,30878100,4859,121020,18,6377
827,11,0,21,4,30943320,4859,121020,18,6388
828,15,3,25,0,30981060,4859,122820,19,6403
829,14,6,25,0,31035000,4859,130440,20,6417
830,8,6,25,0,31084920,4861,142920,22,6425
831,7,2,25,0,31146420,4862,160080,24,6432
832,8,0,22,3,31216980,4863,179100,27,6440
833,12,0,22,3,31265880,4862,179100,27,6452
834,4,0,16,9,31315680,4862,179100,27,6456
835,5,0,15,10,31341960,4862,179100,27,6461
836,6,0,17,8,31365900,4862,179100,27,6467
837,4,0,17,8,31390320,4863,179100,27,6471
838,5,0,14,11,31422180,4862,179100,27,6476
839,6,0,16,9,31441980,4862,179100,27,6482
840,7,0,20,5,31456800,4862,179100,27,6489
841,6,0,19,6,31485360,4861,179100,27,6495
842,4,0,17,8,31514040,4861,179100,27,6499
843,0,0,12,13,31548720,4863,179100,27,6499
844,13,0,22,3,31563480,4863,179100,27,6512
845,7,0,22,3,31588200,4861,179100,27,6519
846,4,0,18,7,31632180,4862,179100,27,6523
847,9,0,19,6,31680420,4864,179100,27,6532
848,2,0,12,13,31721160,4863,179100,27,6534
849,10,0,19,6,31734060,4863,179100,27,6544
850,9,0,22,3,31759140,4862,179100,27,6553
851,12,0,23,2,31805280,4861,179100,27,6565
852,4,0,16,9,31854000,4860,179100,27,6569
853,9,0,18,7,31889820,4861,179100,27,6578
854,10,0,22,3,31918200,4861,179100,27,6588
855,14,4,25,0,31952040,4861,180300,27,6602
856,12,3,25,0,32014860,4861,186900,28,6614
857,8,0,25,0,32068440,4861,194100,29,6622
858,10,0,22,3,32139000,4862,194400,29,6632
859,8,0,21,4,32181240,4861,194700,29,6640
860,11,0,22,3,32220660,4860,194700,29,6651
861,8,0,18,7,32281080,4860,194700,29,6659
862,5,0,15,10,32320740,4860,194700,29,6664
863,3,0,14,11,32340780,4861,194700,29,6667
864,6,0,13,12,32367600,4860,194700,29,6673
865,7,0,15,10,32383920,4858,194700,29,6680
866,5,0,16,9,32402880,4858,194700,29,6685
867,9,0,21,4,32424900,4859,194700,29,6694
868,10,0,22,3,32464920,4858,194700,29,6704
869,7,0,21,4,32509200,4859,194700,29,6711
870,8,0,19,6,32557860,4859,194700,28,6719
871,7,0,19,6,32594640,4859,194700,28,6726
872,5,0,19,6,32628240,4861,194700,28,6731
873,7,0,16,9,32675640,4860,194700,28,6738
874,11,0,22,3,32701080,4861,194700,28,6749
875,11,0,24,1,32732280,4859,194700,28,6760
876,7,0,22,3,32775600,4859,194700,28,6767
877,6,0,14,11,32838540,4858,194700,28,6773
878,12,0,23,2,32850060,4858,194700,28,6785
879,13,6,25,0,32867520,4857,199500,29,6798
880,10,3,25,0,32949120,4859,213000,31,6808
881,9,0,23,2,33015960,4859,234180,34,6817
882,7,0,18,7,33065100,4858,234180,34,6824
883,10,0,23,2,33086040,4857,234180,34,6834
884,4,0,19,6,33132480,4858,234180,34,6838
885,6,0,19,6,33167460,4859,234180,34,6844
886,5,0,15,10,33213300,4860,234180,34,6849
887,2,0,14,11,33230160,4860,234180,34,6851
888,2,0,11,14,33252000,4859,234180,34,6853
889,4,0,14,11,33259980,4860,234180,34,6857
890,5,0,17,8,33266100,4859,234180,34,6862
891,3,0,14,11,33294240,4859,234180,34,6865
892,5,0,15,10,33317580,4860,234180,34,6870
893,8,0,20,5,33332520,4860,234180,34,6878
894,5,0,16,9,33377340,4860,234180,34,6883
895,4,0,14,11,33409440,4860,234180,34,6887
896,4,0,15,10,33420540,4860,234180,33,6891
897,8,0,16,9,33457140,4860,234180,33,6899
898,7,0,18,7,33478800,4860,234180,33,6906
899,15,1,25,0,33507720,4859,235860,34,6921
900,13,4,25,0,33559140,4860,246060,35,6934
901,16,10,25,0,33611280,4860,255660,36,6950
902,14,15,25,0,33660660,4861,267180,38,6964
903,8,13,25,0,33718320,4862,293040,42,6972
904,11,16,25,0,33763140,4863,304920,43,6983
905,11,17,25,0,33834840,4866,314040,44,6994
906,4,10,25,0,33899280,4868,372600,53,6998
907,6,0,25,0,33974940,4868,528600,75,7004
908,8,0,20,5,34018800,4865,528600,75,7012
909,7,0,19,6,34056480,4865,528600,75,7019
910,9,0,20,5,34087320,4864,528600,75,7028
911,7,0,17,8,34137360,4864,528600,75,7035
912,5,0,16,9,34162080,4863,528600,75,7040
913,13,0,24,1,34189500,4864,528600,74,7053
914,10,0,24,1,34231620,4863,529260,74,7063
915,11,0,25,0,34278540,4862,529260,74,7074
916,7,0,24,1,34329240,4864,529560,74,7081
917,8,0,20,5,34387620,4864,529800,74,7089
918,13,0,23,2,34442100,4865,529800,74,7102
919,13,2,25,0,34480080,4864,530520,74,7115
920,7,0,19,6,34537020,4862,531300,74,7122
921,10,0,23,2,34566180,4862,531300,74,7132
922,13,0,25,0,34622640,4862,531300,74,7145
923,15,4,25,0,34673940,4862,534180,74,7160
924,8,4,25,0,34710300,4862,544620,75,7168
925,8,0,22,3,34787880,4862,555900,77,7176
926,13,0,25,0,34829220,4861,555900,77,7189
927,11,2,25,0,34874160,4861,556620,77,7200
928,12,0,23,2,34948500,4861,562020,77,7212
929,6,0,18,7,35006460,4862,562020,77,7218
930,10,0,21,4,35027520,4860,562020,77,7228
931,6,0,17,8,35074800,4860,562020,77,7234
932,10,0,25,0,35089440,4860,562020,77,7244
933,8,0,20,5,35159820,4861,562020,77,7252
934,6,0,20,5,35194500,4862,562020,77,7258
935,6,0,17,8,35247660,4863,562020,77,7264
936,6,0,17,8,35272560,4863,562020,77,7270
937,5,0,17,8,35296020,4863,562020,77,7275
938,8,0,20,5,35327520,4864,562020,77,7283
939,2,0,16,9,35359380,4864,562020,77,7285
940,7,0,16,9,35398200,4865,562020,77,7292
941,5,0,17,8,35416440,4864,562020,77,7297
942,7,0,17,8,35447040,4864,562020,76,7304
943,14,0,24,1,35473380,4863,562020,76,7318
944,8,0,22,3,35511840,4861,562440,76,7326
945,13,1,25,0,35559900,4862,568080,77,7339
946,12,3,25,0,35619180,4864,579660,78,7351
947,17,7,25,0,35678280,4863,587880,79,7368
948,14,9,25,0,35734260,4863,601200,81,7382
949,7,10,25,0,35773380,4864,612960,82,7389
950,7,3,25,0,35852160,4865,669360,90,7396
951,11,0,25,0,35904120,4863,682140,92,7407
952,11,2,25,0,35947380,4863,684480,92,7418
953,8,0,22,3,36023280,4865,686100,92,7426
954,14,0,25,0,36075360,4865,686820,92,7440
955,6,0,24,1,36103500,4864,687480,92,7446
956,9,0,21,4,36183180,4867,687480,92,7455
957,6,0,13,12,36243000,4866,687480,92,7461
958,6,0,16,9,36255300,4865,687480,92,7467
959,3,0,15,10,36275700,4865,687480,92,7470
960,7,0,18,7,36298080,4866,687480,91,7477
961,6,0,17,8,36325800,4865,687480,91,7483
962,3,0,14,11,36352680,4865,687480,91,7486
963,5,0,16,9,36369720,4865,687480,91,7491
964,8,0,17,8,36401700,4865,687480,91,7499
965,6,0,18,7,36422880,4864,687480,91,7505
966,5,0,18,7,36456300,4866,687480,91,7510
967,6,0,19,6,36485700,4866,687480,91,7516
968,6,0,16,9,36531960,4867,687480,91,7522
969,8,0,20,5,36549900,4866,687480,91,7530
970,10,0,18,7,36601020,4865,687480,91,7540
971,8,0,18,7,36626340,4864,687480,91,7548
972,13,0,24,1,36653460,4863,687540,90,7561
973,11,0,25,0,36693240,4861,687960,90,7572
974,11,1,25,0,36744480,4862,688560,90,7583
975,13,3,25,0,36816900,4864,693900,91,7596
976,13,6,25,0,36862680,4864,702420,92,7609
977,7,2,25,0,36928200,4866,715200,93,7616
978,8,0,24,1,36988740,4866,732120,96,7624
979,9,0,17,8,37044300,4864,732120,95,7633
980,8,0,18,7,37075020,4863,732120,95,7641
981,5,0,17,8,37099620,4862,732120,95,7646
982,4,0,13,12,37142640,4863,732120,95,7650
983,6,0,17,8,37151460,4863,732120,95,7656
984,4,0,17,8,37170540,4863,732120,95,7660
985,7,0,20,5,37199400,4864,732120,95,7667
986,4,0,15,10,37238640,4863,732120,95,7671
987,7,0,16,9,37263540,4863,732120,95,7678
988,9,0,18,7,37297920,4863,732120,95,7687
989,5,0,16,9,37325220,4862,732120,95,7692
990,1,0,13,12,37351080,4863,732120,95,7693
991,5,0,13,12,37377480,4863,732120,95,7698
992,5,0,14,11,37392240,4863,732120,95,7703
993,9,0,18,7,37410420,4862,732120,94,7712
994,10,0,24,1,37428840,4862,732120,94,7722
995,14,1,25,0,37471920,4860,733200,94,7736
996,10,0,23,2,37549140,4861,740520,95,7746
997,10,0,23,2,37589400,4860,740520,95,7756
998,9,0,21,4,37647060,4861,741900,95,7765
999,8,0,17,8,37705380,4861,741900,95,7773
1000,10,0,20,5,37730160,4860,741900,95,7783
1001,7,0,22,3,37753560,4860,741900,95,7790
1002,7,0,22,3,37791180,4860,741900,95,7797
1003,6,0,17,8,37854780,4861,741900,95,7803
1004,12,0,24,1,37878240,4861,742380,94,7815
1005,3,0,17,8,37932360,4862,742380,94,7818
1006,7,0,18,7,37967880,4863,742380,94,7825
1007,6,0,18,7,37997340,4863,742380,94,7831
1008,4,0,15,10,38026320,4862,742380,94,7835
1009,6,0,16,9,38051520,4862,742380,94,7841
1010,3,0,14,11,38073960,4862,742380,94,7844
1011,3,0,12,13,38097180,4862,742380,94,7847
1012,4,0,14,11,38107200,4862,742380,94,7851
1013,6,0,17,8,38118300,4862,742380,94,7857
1014,6,0,17,8,38151540,4862,742380,94,7863
1015,11,0,22,3,38173980,4861,742380,94,7874
1016,16,1,25,0,38217780,4859,742800,94,7890
1017,6,0,22,3,38262960,4859,744180,94,7896
1018,11,0,20,5,38328060,4859,744240,94,7907
1019,9,0,22,3,38353500,4858,744240,94,7916
1020,17,2,25,0,38407920,4858,747000,94,7933
1021,8,0,21,4,38465820,4856,753780,94,7941
1022,6,0,18,7,38503620,4856,753780,94,7947
1023,4,0,16,9,38537220,4856,753780,94,7951
1024,8,0,19,6,38561100,4856,753780,94,7959
1025,4,0,16,9,38598840,4857,753780,94,7963
1026,8,0,17,8,38618580,4855,753780,94,7971
1027,7,0,18,7,38648160,4855,753780,94,7978
1028,6,0,17,8,38678460,4854,753780,94,7984
1029,6,0,18,7,38694720,4853,753780,94,7990
1030,5,0,17,8,38726100,4854,753780,94,7995
1031,7,0,16,9,38768280,4854,753780,94,8002
1032,5,0,16,9,38790240,4854,753780,94,8007
1033,3,0,14,11,38811600,4853,753780,94,8010
1034,4,0,16,9,38824500,4854,753780,94,8014
1035,7,0,15,10,38858940,4853,753780,93,8021
1036,6,0,16,9,38884860,4853,753780,93,8027
1037,10,0,19,6,38911680,4853,753780,93,8037
1038,11,0,23,2,38937720,4852,754320,93,8048
1039,8,0,21,4,38994300,4853,754320,93,8056
1040,7,0,20,5,39033240,4853,754320,93,8063
1041,16,0,25,0,39076560,4851,754320,93,8079
1042,10,1,25,0,39109560,4850,756480,93,8089
1043,9,0,23,2,39180420,4852,756840,93,8098
1044,14,3,25,0,39230160,4852,760860,93,8112
1045,12,3,25,0,39283740,4852,774480,95,8124
1046,9,0,22,3,39346740,4851,782520,96,8133
1047,12,1,25,0,39380580,4850,782520,96,8145
1048,9,0,25,0,39436260,4851,782580,95,8154
1049,9,0,20,5,39505320,4851,782580,95,8163
1050,13,0,25,0,39536880,4850,783000,95,8176
1051,7,0,21,4,39584880,4849,783000,95,8183
1052,7,0,24,1,39614220,4851,783900,95,8190
1053,10,0,19,6,39691380,4851,784740,95,8200
1054,7,0,18,7,39726240,4851,784740,95,8207
1055,6,0,19,6,39751500,4851,784740,95,8213
1056,6,0,16,9,39801480,4852,784740,95,8219
1057,3,0,13,12,39829680,4851,784740,95,8222
1058,5,0,15,10,39848640,4852,784740,95,8227
1059,2,0,13,12,39865860,4852,784740,95,8229
1060,7,0,16,9,39888180,4852,784740,95,8236
1061,9,0,21,4,39898260,4851,784740,95,8245
1062,12,0,24,1,39946800,4852,785220,95,8257
1063,4,0,19,6,39993180,4852,785220,95,8261
1064,7,0,17,8,40033860,4852,785220,94,8268
1065,13,0,24,1,40058820,4851,785220,94,8281
1066,11,1,25,0,40095960,4850,785520,94,8292
1067,11,0,23,2,40160460,4850,785760,94,8303
1068,18,3,25,0,40216680,4849,789600,94,8321
1069,5,0,21,4,40261860,4847,795900,95,8326
1070,10,0,17,8,40337520,4848,795900,95,8336
1071,7,0,16,9,40362600,4847,795900,95,8343
1072,9,0,18,7,40385940,4845,795900,95,8352
1073,12,0,24,1,40406640,4844,795900,95,8364
1074,8,0,20,5,40458060,4844,795900,95,8372
1075,5,0,15,10,40497060,4842,795900,95,8377
1076,5,0,14,11,40531200,4843,795900,94,8382
1077,7,0,19,6,40539120,4843,795900,94,8389
1078,9,0,22,3,40565820,4843,795900,94,8398
1079,4,0,16,9,40609860,4842,795900,94,8402
1080,2,0,11,14,40648200,4843,795900,94,8404
1081,2,0,11,14,40660260,4843,795900,94,8406
1082,6,0,14,11,40667640,4842,795900,94,8412
1083,3,0,15,10,40677840,4842,795900,94,8415
1084,9,0,20,5,40697160,4842,795900,94,8424
1085,2,0,15,10,40727400,4842,795900,94,8426
1086,4,0,15,10,40752240,4842,795900,94,8430
1087,8,0,18,7,40767780,4841,795900,94,8438
1088,16,2,25,0,40807260,4842,798720,94,8454
1089,4,0,18,7,40864740,4841,801840,94,8458
1090,13,0,23,2,40902240,4841,801840,94,8471
1091,11,1,25,0,40941720,4841,801840,94,8482
1092,15,4,25,0,41001600,4841,805860,94,8497
1093,12,4,25,0,41053080,4841,816720,95,8509
1094,5,0,23,2,41110560,4841,836520,98,8514
1095,7,0,19,6,41168640,4842,836520,98,8521
1096,13,0,24,1,41203860,4841,836520,98,8534
1097,6,0,20,5,41249340,4841,836520,97,8540
1098,9,0,22,3,41280120,4841,836520,97,8549
1099,7,0,22,3,41318400,4841,836520,97,8556
1100,3,0,17,8,41366100,4842,836520,97,8559
1101,3,0,13,12,41403000,4843,836520,97,8562
1102,6,0,15,10,41424840,4843,836520,97,8568
1103,6,0,19,6,41430000,4842,836520,97,8574
1104,8,0,18,7,41477220,4843,836520,97,8582
1105,7,0,21,4,41497440,4843,836520,97,8589
1106,4,0,17,8,41535000,4843,836520,97,8593
1107,6,0,16,9,41573940,4843,836520,97,8599
1108,8,0,19,6,41596020,4843,836520,97,8607
1109,8,0,19,6,41630040,4842,836520,97,8615
1110,4,0,14,11,41668800,4842,836520,97,8619
1111,7,0,17,8,41688180,4842,836520,96,8626
1112,10,0,24,1,41699700,4842,836520,96,8636
1113,8,0,21,4,41757840,4842,836520,96,8644
1114,10,0,23,2,41797080,4842,836520,96,8654
1115,8,0,20,5,41843760,4841,836520,96,8662
1116,7,0,17,8,41890080,4841,836520,96,8669
1117,12,0,20,5,41927700,4840,836520,96,8681
1118,10,0,23,2,41954280,4840,836520,96,8691
1119,4,0,18,7,42000840,4840,836520,96,8695
1120,7,0,18,7,42041640,4841,836520,96,8702
1121,11,0,23,2,42069180,4841,836520,96,8713
1122,10,0,24,1,42110520,4840,838620,96,8723
1123,5,0,17,8,42173700,4841,838620,96,8728
1124,4,0,16,9,42199440,4841,838620,96,8732
1125,7,0,19,6,42215520,4841,838620,95,8739
1126,4,0,16,9,42254640,4841,838620,95,8743
1127,8,0,18,7,42288540,4842,838620,95,8751
1128,6,0,19,6,42309060,4841,838620,95,8757
1129,1,0,13,12,42349560,4842,838620,95,8758
1130,5,0,14,11,42372060,4843,838620,95,8763
1131,5,0,14,11,42399960,4843,838620,95,8768
1132,6,0,16,9,42418800,4843,838620,95,8774
1133,8,0,19,6,42440940,4843,838620,95,8782
1134,7,0,21,4,42470700,4843,838620,95,8789
1135,6,0,20,5,42518820,4845,838620,95,8795
1136,9,0,22,3,42555300,4845,838620,95,8804
1137,11,0,21,4,42619500,4846,838620,95,8815
1138,9,0,24,1,42635880,4844,840300,95,8824
1139,18,2,25,0,42711000,4845,840360,95,8842
1140,15,12,25,0,42736020,4845,846960,95,8857
1141,13,13,25,0,42814740,4847,864540,97,8870
1142,10,12,25,0,42871920,4848,884340,99,8880
1143,11,8,25,0,42937860,4847,925320,104,8891
1144,10,9,25,0,42975540,4846,929760,104,8901
1145,15,11,25,0,43042740,4847,1005240,112,8916
1146,7,5,25,0,43092420,4845,1036140,116,8923
1147,6,0,16,9,43174140,4843,1095660,122,8929
1148,8,0,17,8,43209420,4844,1095660,122,8937
1149,11,0,24,1,43222620,4843,1095660,122,8948
1150,5,0,20,5,43270500,4843,1095660,122,8953
1151,5,0,16,9,43323180,4844,1095660,122,8958
1152,4,0,16,9,43341540,4844,1095660,122,8962
1153,5,0,17,8,43366200,4845,1095660,122,8967
1154,4,0,13,12,43404840,4845,1095660,122,8971
1155,6,0,14,11,43425180,4844,1095660,122,8977
1156,3,0,13,12,43439640,4844,1095660,122,8980
1157,7,0,15,10,43454700,4843,1095660,121,8987
1158,5,0,18,7,43463040,4843,1095660,121,8992
1159,5,0,18,7,43493400,4843,1095660,121,8997
1160,4,0,14,11,43527720,4843,1095660,121,9001
1161,8,0,17,8,43551120,4843,1095660,121,9009
1162,11,0,21,4,43573980,4842,1095660,121,9020
1163,7,0,19,6,43610580,4841,1095660,121,9027
1164,13,0,22,3,43653060,4840,1095660,121,9040
1165,5,0,18,7,43695060,4840,1095660,121,9045
1166,17,5,25,0,43727820,4841,1095780,120,9062
1167,8,3,25,0,43780860,4841,1110900,122,9070
1168,14,6,25,0,43834020,4841,1118520,123,9084
1169,3,0,18,7,43908240,4841,1136160,125,9087
1170,8,0,17,8,43952580,4841,1136160,124,9095
1171,7,0,21,4,43966320,4841,1136160,124,9102
1172,5,0,21,4,43994400,4841,1136160,124,9107
1173,6,0,14,11,44062620,4842,1136160,124,9113
1174,6,0,17,8,44078640,4842,1136160,124,9119
1175,5,0,17,8,44100180,4842,1136160,124,9124
1176,6,0,19,6,44122920,4842,1136160,124,9130
1177,3,0,17,8,44157180,4843,1136160,124,9133
1178,10,0,22,3,44179980,4843,1136160,124,9143
1179,4,0,15,10,44242380,4844,1136160,124,9147
1180,2,0,12,13,44269500,4845,1136160,124,9149
1181,6,0,15,10,44281140,4844,1136160,124,9155
1182,6,0,17,8,44297700,4844,1136160,124,9161
1183,5,0,18,7,44323860,4845,1136160,123,9166
1184,11,0,23,2,44356560,4845,1136160,123,9177
1185,10,0,24,1,44397240,4845,1139580,124,9187
1186,5,0,16,9,44475600,4846,1139580,123,9192
1187,11,0,21,4,44502360,4846,1139580,123,9203
1188,9,1,25,0,44521140,4846,1139580,123,9212
1189,8,0,23,2,44575740,4846,1140540,123,9220
1190,13,1,25,0,44630100,4847,1141500,123,9233
1191,11,4,25,0,44672220,4847,1143300,123,9244
1192,4,0,18,7,44752500,4848,1145820,123,9248
1193,6,0,19,6,44779740,4848,1145820,123,9254
1194,7,0,17,8,44833560,4850,1145820,123,9261
1195,7,0,19,6,44854500,4849,1145820,123,9268
1196,3,0,15,10,44881680,4848,1145820,123,9271
1197,6,0,17,8,44909400,4849,1145820,123,9277
1198,6,0,19,6,44931300,4850,1145820,123,9283
1199,4,0,18,7,44954040,4849,1145820,123,9287
1200,5,0,15,10,45001260,4850,1145820,123,9292
1201,7,0,18,7,45020160,4850,1145820,123,9299
1202,10,0,23,2,45038700,4850,1145820,123,9309
1203,5,0,17,8,45090840,4850,1145820,123,9314
1204,7,0,14,11,45134940,4849,1145820,122,9321
1205,11,0,21,4,45151920,4849,1145820,122,9332
1206,10,0,24,1,45185460,4849,1145820,122,9342
1207,6,0,18,7,45246000,4849,1145820,122,9348
1208,9,0,21,4,45278040,4849,1145820,122,9357
1209,7,0,17,8,45331200,4849,1145820,122,9364
1210,10,0,21,4,45364260,4850,1145820,122,9374
1211,12,0,25,0,45398940,4849,1145820,122,9386
1212,13,0,24,1,45461520,4849,1146300,121,9399
1213,11,1,25,0,45504300,4849,1147500,121,9410
1214,8,0,23,2,45555240,4848,1148820,121,9418
1215,15,4,25,0,45600900,4849,1150140,121,9433
1216,6,0,22,3,45672780,4850,1153260,122,9439
1217,10,0,23,2,45712860,4849,1153260,122,9449
1218,8,0,23,2,45761040,4850,1153260,121,9457
1219,10,0,21,4,45816540,4850,1153260,121,9467
1220,8,0,23,2,45848040,4850,1153260,121,9475
1221,8,0,22,3,45890340,4850,1153260,121,9483
1222,8,0,21,4,45940800,4851,1153260,121,9491
1223,5,0,18,7,45978060,4851,1153260,121,9496
1224,6,0,16,9,46020420,4851,1153260,121,9502
1225,7,0,19,6,46032660,4850,1153260,121,9509
1226,4,0,17,8,46059300,4850,1153260,121,9513
1227,5,0,16,9,46090440,4850,1153260,121,9518
1228,6,0,15,10,46116780,4849,1153260,121,9524
1229,5,0,15,10,46143660,4850,1153260,121,9529
1230,13,1,25,0,46151520,4849,1153740,120,9542
1231,8,0,22,3,46196940,4848,1155300,120,9550
1232,11,0,23,2,46264080,4850,1155300,120,9561
1233,8,0,18,7,46323720,4850,1155300,120,9569
1234,6,0,17,8,46358280,4850,1155300,120,9575
1235,14,0,24,1,46391280,4850,1155300,120,9589
1236,8,0,22,3,46432080,4849,1155600,120,9597
1237,9,0,22,3,46480260,4849,1155600,120,9606
1238,14,0,24,1,46534500,4849,1155600,120,9620
1239,13,2,25,0,46581300,4849,1158360,120,9633
1240,14,6,25,0,46627080,4848,1165680,120,9647
1241,13,11,25,0,46678200,4850,1176060,121,9660
1242,13,10,25,0,46740060,4849,1191480,123,9673
1243,6,2,25,0,46807860,4849,1236480,127,9679
1244,10,0,21,4,46869660,4847,1253760,129,9689
1245,5,0,22,3,46894560,4848,1253760,129,9694
1246,6,0,16,9,46956480,4848,1253760,129,9700
1247,7,0,17,8,46983300,4848,1253760,129,9707
1248,4,0,18,7,46998420,4848,1253760,129,9711
1249,5,0,17,8,47023320,4848,1253760,129,9716
1250,3,0,14,11,47054640,4848,1253760,129,9719
1251,2,0,12,13,47082480,4849,1253760,128,9721
1252,4,0,14,11,47098800,4850,1253760,128,9725
1253,2,0,12,13,47117460,4849,1253760,128,9727
1254,7,0,18,7,47122140,4849,1253760,128,9734
1255,9,0,21,4,47152920,4850,1253760,128,9743
1256,7,0,18,7,47199540,4849,1253760,128,9750
1257,10,0,21,4,47230980,4849,1253760,128,9760
1258,11,0,24,1,47267460,4849,1253760,128,9771
1259,10,2,25,0,47300460,4849,1253760,128,9781
1260,14,3,25,0,47359020,4848,1256040,128,9795
1261,18,11,25,0,47421360,4850,1258560,128,9813
1262,12,15,25,0,47464620,4850,1264140,128,9825
1263,14,20,25,0,47526000,4852,1283820,130,9839
1264,8,16,25,0,47597220,4853,1332300,135,9847
1265,9,11,25,0,47658960,4853,1395840,141,9856
1266,10,4,25,0,47720100,4851,1474200,149,9866
1267,4,0,18,7,47771100,4848,1512120,153,9870
1268,5,0,16,9,47809440,4849,1512120,153,9875
1269,9,0,19,6,47838240,4849,1512120,152,9884
1270,4,0,16,9,47868540,4848,1512120,152,9888
1271,6,0,18,7,47893980,4849,1512120,152,9894
1272,6,0,17,8,47931300,4849,1512120,152,9900
1273,6,0,15,10,47956920,4848,1512120,152,9906
1274,7,0,18,7,47977560,4848,1512120,152,9913
1275,5,0,17,8,48007140,4848,1512120,152,9918
1276,8,0,17,8,48044580,4848,1512120,152,9926
1277,5,0,17,8,48067260,4848,1512120,152,9931
1278,9,0,20,5,48097620,4848,1512120,152,9940
1279,9,0,23,2,48121620,4848,1512120,151,9949
1280,11,0,25,0,48168900,4848,1512120,151,9960
1281,10,0,21,4,48233280,4848,1512780,151,9970
1282,9,0,22,3,48267360,4847,1512780,151,9979
1283,10,0,22,3,48319080,4847,1512840,151,9989
1284,6,0,21,4,48361080,4848,1512840,151,9995
1285,8,0,20,5,48401460,4848,1512840,151,10003
1286,13,0,22,3,48453300,4848,1512840,151,10016
1287,18,5,25,0,48486600,4846,1513860,150,10034
1288,3,0,17,8,48559740,4846,1522380,151,10037
1289,8,0,15,10,48598740,4845,1522380,151,10045
1290,7,0,17,8,48623280,4845,1522380,151,10052
1291,3,0,15,10,48645600,4845,1522380,151,10055
1292,11,0,22,3,48671100,4845,1522380,151,10066
1293,3,0,16,9,48711840,4845,1522380,151,10069
1294,5,0,16,9,48742260,4846,1522380,151,10074
1295,9,0,20,5,48764280,4845,1522380,150,10083
1296,6,0,19,6,48798360,4845,1522380,150,10089
1297,5,0,16,9,48840840,4846,1522380,150,10094
1298,6,0,16,9,48868260,4846,1522380,150,10100
1299,4,0,17,8,48881760,4846,1522380,150,10104
1300,8,0,18,7,48924660,4846,1522380,150,10112
1301,6,0,16,9,48957060,4846,1522380,150,10118
1302,5,0,17,8,48974520,4846,1522380,150,10123
1303,6,0,16,9,49001100,4845,1522380,150,10129
1304,13,0,22,3,49041000,4845,1522380,150,10142
1305,13,2,25,0,49069740,4844,1523520,150,10155
1306,9,1,25,0,49132320,4846,1528740,150,10164
1307,7,0,23,2,49183680,4846,1532100,150,10171
1308,5,0,17,8,49251420,4848,1532100,150,10176
1309,21,6,25,0,49283700,4847,1533420,150,10197
1310,13,11,25,0,49326060,4848,1546380,151,10210
1311,11,6,25,0,49400820,4847,1581960,154,10221
1312,11,4,25,0,49454520,4847,1594140,155,10232
1313,10,3,25,0,49501980,4846,1608720,157,10242
1314,9,0,24,1,49566180,4846,1650900,161,10251
1315,8,0,18,7,49625100,4845,1650900,160,10259
1316,8,0,18,7,49665960,4845,1650900,160,10267
1317,6,0,19,6,49684380,4845,1650900,160,10273
1318,3,0,15,10,49726560,4846,1650900,160,10276
1319,2,0,12,13,49758300,4846,1650900,160,10278
1320,4,0,16,9,49758300,4846,1650900,160,10282
1321,8,0,18,7,49793040,4847,1650900,160,10290
1322,2,0,13,12,49821780,4846,1650900,160,10292
1323,4,0,13,12,49844220,4847,1650900,160,10296
1324,7,0,17,8,49851600,4846,1650900,160,10303
1325,4,0,14,11,49883940,4846,1650900,160,10307
1326,9,0,16,9,49908300,4845,1650900,160,10316
1327,12,0,22,3,49932360,4844,1650900,159,10328
1328,8,0,22,3,49966620,4844,1650900,159,10336
1329,6,0,19,6,50019600,4845,1650900,159,10342
1330,9,0,21,4,50064480,4846,1650900,159,10351
1331,13,0,25,0,50107380,4846,1651200,159,10364
1332,8,1,25,0,50144340,4846,1651920,159,10372
1333,5,0,17,8,50217840,4847,1652340,159,10377
1334,13,0,22,3,50260380,4847,1652340,159,10390
1335,5,0,20,5,50292780,4847,1652340,158,10395
1336,10,0,19,6,50341500,4847,1652340,158,10405
1337,8,0,20,5,50372280,4846,1652340,158,10413
1338,9,0,21,4,50411400,4846,1652340,158,10422
1339,4,0,19,6,50441640,4846,1652340,158,10426
1340,6,0,15,10,50489580,4846,1652340,158,10432
1341,3,0,15,10,50509920,4847,1652340,158,10435
1342,6,0,14,11,50540760,4847,1652340,158,10441
1343,7,0,16,9,50559780,4846,1652340,158,10448
1344,6,0,18,7,50574660,4846,1652340,158,10454
1345,3,0,21,4,50574660,4846,1652340,158,10457
1346,4,0,24,1,50578260,4846,1652340,157,10461
1347,7,3,25,0,50594040,4846,1653600,157,10468
1348,6,3,25,0,50630040,4846,1659120,158,10474
1349,8,4,25,0,50664240,4846,1665660,158,10482
1350,5,5,25,0,50681400,4846,1670100,159,10487
1351,11,11,25,0,50714220,4847,1673400,159,10498
1352,9,14,25,0,50746740,4847,1684200,160,10507
1353,10,22,25,0,50758440,4847,1689300,160,10517
1354,10,26,25,0,50799900,4849,1697460,161,10527
1355,12,33,25,0,50823540,4849,1709340,162,10539
1356,13,39,25,0,50854380,4850,1717740,162,10552
1357,7,37,25,0,50895660,4850,1731780,164,10559
1358,13,39,25,0,50916060,4850,1751340,165,10572
1359,11,39,25,0,50938440,4851,1767720,167,10583
1360,7,40,25,0,50968500,4851,1791360,169,10590
1361,10,38,25,0,51005880,4852,1801140,170,10600
1362,14,39,25,0,51033780,4852,1831440,173,10614
1363,4,37,25,0,51060540,4853,1926600,182,10618
1364,7,38,25,0,51092520,4853,2052420,193,10625
1365,3,34,25,0,51127200,4853,2126220,200,10628
1366,2,29,25,0,51151200,4852,2293260,216,10630
1367,6,27,25,0,51181800,4851,2362080,222,10636
1368,3,20,25,0,51211620,4850,2624280,247,10639
1369,4,18,25,0,51239580,4849,2767860,260,10643
1370,10,23,25,0,51261540,4849,2768700,260,10653
1371,5,23,25,0,51288600,4849,2780820,261,10658
1372,5,20,25,0,51321840,4849,2791620,262,10663
1373,7,24,25,0,51342060,4849,2798220,263,10670
1374,7,26,25,0,51373200,4850,2874180,270,10677
1375,7,25,25,0,51413520,4850,2889780,271,10684
1376,5,27,25,0,51428040,4850,2895180,271,10689
1377,11,33,25,0,51460140,4851,2903460,272,10700
1378,9,34,25,0,51498180,4851,2916600,273,10709
1379,10,39,25,0,51513600,4851,2919780,273,10719
1380,9,40,25,0,51540060,4852,2934360,274,10728
1381,12,40,25,0,51573420,4853,2947560,275,10740
1382,11,38,25,0,51613380,4854,2966880,277,10751
1383,14,36,25,0,51639720,4853,3011460,281,10765
1384,10,40,25,0,51664740,4853,3018840,281,10775
1385,7,40,25,0,51685920,4854,3026400,282,10782
1386,10,38,25,0,51721860,4854,3055440,285,10792
1387,7,38,25,0,51758400,4854,3161820,294,10799
1388,5,36,25,0,51783420,4854,3233220,301,10804
1389,9,39,25,0,51805380,4853,3277800,305,10813
1390,5,39,25,0,51832440,4853,3287220,305,10818
1391,6,38,25,0,51870720,4854,3443940,320,10824
1392,3,36,25,0,51897540,4854,3490680,324,10827
1393,3,29,25,0,51935340,4853,3820080,355,10830
1394,2,24,25,0,51959880,4852,4552320,423,10832
1395,6,15,25,0,51990000,4848,5266140,489,10838
1396,7,17,25,0,52007280,4847,5267820,489,10845
1397,8,15,25,0,52043520,4846,5488800,509,10853
1398,1,3,25,0,52070400,4843,6799200,630,10854
1399,5,0,21,4,52103760,4841,6977460,647,10859
1400,7,0,24,1,52120800,4840,6977460,646,10866
1401,3,0,23,2,52136400,4840,6977460,646,10869
1402,9,0,24,1,52169460,4839,6977520,645,10878
1403,12,8,25,0,52181040,4839,6979320,645,10890
1404,12,14,25,0,52211700,4839,6988500,645,10902
1405,11,20,25,0,52239120,4840,6996240,645,10913
1406,9,26,25,0,52261380,4840,6999120,645,10922
1407,11,33,25,0,52289460,4841,7015500,646,10933
1408,11,38,25,0,52330920,4842,7043820,648,10944
1409,7,39,25,0,52351680,4842,7054200,648,10951
1410,10,40,25,0,52377240,4843,7062900,649,10961
1411,7,38,25,0,52411740,4843,7117920,654,10968
1412,12,39,25,0,52444800,4844,7161420,657,10980
1413,8,38,25,0,52467000,4844,7171260,658,10988
1414,9,39,25,0,52501080,4845,7260360,666,10997
1415,3,38,25,0,52523640,4845,7301640,669,11000
1416,6,39,25,0,52555320,4846,7306980,669,11006
1417,3,33,25,0,52599240,4846,7534980,690,11009
1418,2,32,25,0,52610580,4846,7618200,698,11011
1419,9,35,25,0,52647960,4846,7805820,714,11020
1420,9,40,25,0,52669380,4847,7812300,714,11029
1421,3,38,25,0,52698300,4847,7836240,716,11032
1422,8,40,25,0,52721760,4847,7855020,718,11040
1423,10,39,25,0,52763100,4848,7884060,720,11050
1424,11,39,25,0,52790820,4848,8029140,733,11061
1425,9,38,25,0,52820100,4849,8058120,735,11070
1426,9,39,25,0,52847880,4849,8084340,737,11079
1427,12,39,25,0,52872120,4849,8151720,743,11091
1428,13,40,25,0,52895940,4850,8156340,743,11104
1429,11,37,25,0,52935420,4851,8212140,748,11115
1430,7,40,25,0,52952820,4850,8243940,750,11122
1431,5,38,25,0,52991760,4851,8368440,761,11127
1432,12,40,25,0,53021220,4851,8392560,763,11139
1433,10,40,25,0,53047260,4851,8467440,770,11149
1434,7,38,25,0,53080500,4851,8597820,781,11156
1435,10,38,25,0,53112240,4851,8607060,781,11166
1436,6,40,25,0,53124720,4851,8613900,782,11172
1437,10,38,25,0,53166300,4851,8626080,782,11182
1438,7,38,25,0,53195940,4851,8740200,792,11189
1439,5,37,25,0,53227440,4852,8880540,805,11194
1440,5,36,25,0,53252640,4851,8955900,811,11199
1441,6,36,25,0,53276160,4851,8960220,811,11205
1442,7,37,25,0,53314020,4852,8971740,811,11212
1443,5,38,25,0,53334180,4852,8976180,811,11217
1444,6,37,25,0,53365320,4851,8985540,812,11223
1445,5,37,25,0,53396940,4852,9130080,825,11228
1446,9,39,25,0,53426820,4852,9136680,825,11237
1447,7,39,25,0,53445480,4852,9142680,825,11244
1448,8,40,25,0,53475720,4853,9428100,850,11252
1449,9,40,25,0,53509260,4853,9434400,850,11261
1450,8,39,25,0,53528640,4853,9484020,855,11269
1451,14,40,25,0,53565660,4853,9489960,854,11283
1452,13,40,25,0,53592540,4854,9493560,854,11296
1453,14,38,25,0,53626320,4853,9663000,869,11310
1454,9,39,25,0,53649900,4854,9887760,889,11319
1455,11,39,25,0,53681940,4854,10077180,905,11330
1456,9,39,25,0,53703360,4854,10108020,908,11339
1457,6,39,25,0,53735580,4854,10236060,919,11345
1458,9,40,25,0,53767020,4854,10242720,919,11354
1459,10,40,25,0,53785680,4855,10247280,919,11364
1460,16,38,25,0,53824740,4855,10264140,920,11380
1461,2,35,25,0,53841300,4854,10476300,939,11382
1462,9,38,25,0,53874900,4855,10538280,944,11391
1463,4,35,25,0,53916540,4856,10549620,945,11395
1464,1,33,25,0,53931840,4856,10648800,953,11396
1465,3,28,25,0,53977440,4856,11087460,992,11399
1466,4,25,25,0,53995980,4855,11635020,1041,11403
1467,6,21,25,0,54032940,4854,12976080,1161,11409
1468,4,12,25,0,54064560,4851,13830300,1237,11413
1469,6,6,25,0,54086340,4848,15117660,1351,11419
1470,11,11,25,0,54110160,4847,15121980,1350,11430
1471,14,20,25,0,54139980,4848,15132840,1350,11444
1472,5,23,25,0,54153660,4848,15139200,1349,11449
1473,12,29,25,0,54197220,4849,15144960,1348,11461
1474,4,29,25,0,54220980,4850,15159960,1349,11465
1475,17,39,25,0,54258180,4850,15166740,1348,11482
1476,12,40,25,0,54282720,4851,15202260,1350,11494
1477,9,40,25,0,54313140,4851,15246120,1354,11503
1478,17,40,25,0,54346560,4851,15270960,1355,11520
1479,15,39,25,0,54361620,4851,15277800,1355,11535
1480,9,39,25,0,54397860,4853,15287340,1356,11544
1481,17,40,25,0,54426300,4853,15365880,1362,11561
1482,11,39,25,0,54454200,4853,15452640,1369,11572
1483,6,40,25,0,54481740,4854,15507360,1374,11578
1484,11,40,25,0,54514380,4854,15600720,1381,11589
1485,7,39,25,0,54546240,4855,15609900,1381,11596
1486,4,39,25,0,54569400,4855,15771120,1395,11600
1487,10,40,25,0,54609780,4855,15944880,1410,11610
1488,5,36,25,0,54637920,4855,16063380,1419,11615
1489,4,37,25,0,54655800,4856,16230480,1434,11619
1490,6,37,25,0,54688620,4856,16241160,1434,11625
1491,3,35,25,0,54719820,4857,16256580,1435,11628
1492,7,38,25,0,54742860,4857,16262940,1435,11635
1493,9,37,25,0,54781200,4858,16279740,1435,11644
1494,6,39,25,0,54805320,4858,16288980,1435,11650
1495,8,40,25,0,54823140,4858,16305660,1437,11658
1496,14,40,25,0,54854040,4859,16338780,1439,11672
1497,7,40,25,0,54888720,4859,16354560,1440,11679
1498,12,40,25,0,54906900,4860,16360740,1440,11691
1499,7,39,25,0,54950040,4860,16544460,1455,11698
1500,11,37,25,0,54987660,4860,16824660,1479,11709
1501,13,40,25,0,55003920,4859,16828560,1478,11722
1502,15,40,25,0,55021200,4859,16832640,1478,11737
1503,13,40,25,0,55058040,4860,16839120,1478,11750
1504,14,37,25,0,55099080,4861,16997340,1491,11764
1505,15,40,25,0,55125540,4861,17005380,1491,11779
1506,14,40,25,0,55139400,4861,17010960,1491,11793
1507,10,38,25,0,55183980,4862,17018340,1491,11803
1508,4,35,25,0,55211220,4861,17332140,1518,11807
1509,3,31,25,0,55236900,4861,17722200,1552,11810
1510,5,28,25,0,55266960,4860,17911620,1568,11815
1511,2,23,25,0,55299180,4860,18303240,1601,11817
1512,4,21,25,0,55322160,4859,18528600,1621,11821
1513,5,16,25,0,55361940,4858,19094700,1669,11826
1514,1,6,25,0,55382100,4855,20337360,1778,11827
1515,3,0,23,2,55405260,4853,21062400,1841,11830
1516,9,2,25,0,55434900,4853,21064140,1839,11839
1517,10,5,25,0,55468080,4853,21067200,1838,11849
1518,6,8,25,0,55483500,4853,21073320,1838,11855
1519,4,5,25,0,55523580,4854,21082320,1838,11859
1520,7,7,25,0,55551360,4854,21087900,1837,11866
1521,8,9,25,0,55580400,4854,21104340,1838,11874
1522,11,16,25,0,55599180,4854,21105180,1837,11885
1523,6,16,25,0,55635120,4855,21117060,1836,11891
1524,13,26,25,0,55654980,4855,21126600,1835,11904
1525,6,26,25,0,55693380,4856,21139320,1835,11910
1526,9,29,25,0,55726020,4856,21150960,1834,11919
1527,8,32,25,0,55754280,4857,21169380,1835,11927
1528,14,39,25,0,55781640,4857,21186300,1834,11941
1529,8,38,25,0,55812960,4857,21208920,1835,11949
1530,7,39,25,0,55834080,4858,21222000,1836,11956
1531,4,36,25,0,55872960,4858,21241680,1837,11960
1532,7,40,25,0,55883820,4859,21271620,1839,11967
1533,13,40,25,0,55921800,4859,21287040,1839,11980
1534,5,38,25,0,55951320,4860,21295740,1839,11985
1535,5,37,25,0,55981740,4860,21412200,1849,11990
1536,9,38,25,0,56016900,4860,21541440,1858,11999
1537,9,40,25,0,56037840,4860,21581100,1861,12008
1538,4,38,25,0,56066160,4860,21654480,1867,12012
1539,5,33,25,0,56107380,4859,21857100,1883,12017
1540,5,32,25,0,56131740,4859,22004340,1895,12022
1541,8,34,25,0,56154660,4858,22034880,1897,12030
1542,9,38,25,0,56181420,4859,22046580,1896,12039
1543,11,37,25,0,56213880,4859,22067700,1897,12050
1544,4,37,25,0,56238300,4860,22078740,1898,12054
1545,8,40,25,0,56267460,4860,22083360,1897,12062
1546,10,39,25,0,56297940,4861,22143480,1901,12072
1547,8,37,25,0,56333280,4861,22249860,1909,12080
1548,9,39,25,0,56347440,4860,22264740,1910,12089
1549,12,40,25,0,56374200,4861,22269900,1909,12101
1550,13,39,25,0,56416440,4862,22353420,1916,12114
1551,14,39,25,0,56448300,4862,22491360,1927,12128
1552,6,38,25,0,56475060,4862,22559700,1931,12134
1553,9,40,25,0,56497080,4862,22564140,1931,12143
1554,10,39,25,0,56526540,4862,22611180,1934,12153
1555,10,40,25,0,56557800,4863,22632720,1935,12163
1556,2,34,25,0,56591760,4862,22766520,1946,12165
1557,5,31,25,0,56622840,4861,23016060,1966,12170
1558,3,26,25,0,56646360,4860,23508600,2008,12173
1559,3,21,25,0,56680680,4860,24015780,2051,12176
1560,4,16,25,0,56712360,4859,24686760,2107,12180
1561,3,10,25,0,56737680,4857,25390380,2167,12183
1562,4,0,21,4,56771880,4853,26053440,2223,12187
1563,1,0,19,6,56783460,4852,26053440,2222,12188
1564,6,0,24,1,56790240,4853,26053440,2221,12194
1565,4,0,25,0,56803800,4852,26053440,2221,12198
1566,2,0,21,4,56832360,4852,26054580,2220,12200
1567,10,3,25,0,56851320,4853,26054580,2219,12210
1568,5,3,25,0,56868900,4852,26059020,2218,12215
1569,7,4,25,0,56912460,4853,26075520,2218,12222
1570,4,2,25,0,56940300,4853,26089500,2219,12226
1571,8,2,25,0,56977620,4853,26096940,2217,12234
1572,12,10,25,0,56995500,4853,26101500,2216,12246
1573,10,14,25,0,57025500,4853,26107740,2214,12256
1574,12,22,25,0,57049800,4854,26115720,2213,12268
1575,8,25,25,0,57086760,4855,26124060,2212,12276
1576,10,32,25,0,57103320,4855,26126760,2211,12286
1577,8,34,25,0,57135960,4855,26144880,2210,12294
1578,6,33,25,0,57172980,4855,26180460,2212,12300
1579,5,36,25,0,57182280,4855,26198940,2213,12305
1580,13,39,25,0,57228240,4856,26247180,2215,12318
1581,3,38,25,0,57244800,4857,26277840,2217,12321
1582,11,40,25,0,57274380,4857,26297880,2218,12332
1583,3,38,25,0,57308760,4857,26314440,2218,12335
1584,5,37,25,0,57342660,4858,26389440,2224,12340
1585,5,38,25,0,57363240,4858,26396160,2223,12345
1586,6,39,25,0,57390660,4859,26439960,2226,12351
1587,9,40,25,0,57429660,4859,26454600,2227,12360
1588,5,37,25,0,57462180,4859,26567400,2235,12365
1589,4,38,25,0,57478380,4859,26675520,2243,12369
1590,8,38,25,0,57516840,4860,26680260,2242,12377
1591,10,39,25,0,57547200,4860,26686980,2242,12387
1592,8,39,25,0,57574860,4860,26694600,2241,12395
1593,7,39,25,0,57591720,4860,26698800,2241,12402
1594,8,37,25,0,57631740,4860,26873640,2254,12410
1595,9,39,25,0,57655920,4860,27023280,2266,12419
1596,10,35,25,0,57687600,4859,27219480,2281,12429
1597,6,37,25,0,57706080,4859,27252480,2284,12435
1598,11,39,25,0,57743160,4859,27440160,2297,12446
1599,17,40,25,0,57769260,4859,27449940,2296,12463
1600,15,40,25,0,57803100,4859,27504600,2299,12478
1601,0,32,25,0,57832380,4858,27752100,2320,12478
1602,9,31,25,0,57866340,4857,28234560,2359,12487
1603,10,34,25,0,57886140,4856,28240680,2358,12497
1604,5,35,25,0,57905820,4856,28250100,2357,12502
1605,3,32,25,0,57950520,4857,28269300,2358,12505
1606,7,34,25,0,57975240,4857,28279080,2357,12512
1607,5,36,25,0,57993900,4857,28284720,2357,12517
1608,3,31,25,0,58037760,4858,28412400,2367,12520
1609,7,34,25,0,58049460,4857,28438920,2368,12527
1610,7,34,25,0,58083480,4857,28580100,2378,12534
1611,5,33,25,0,58123320,4858,28587060,2378,12539
1612,3,31,25,0,58142580,4858,28740120,2390,12542
1613,4,26,25,0,58182840,4857,29061360,2416,12546
1614,10,28,25,0,58209300,4856,29282100,2433,12556
1615,14,34,25,0,58243560,4856,29295420,2430,12570
1616,11,39,25,0,58258080,4856,29303160,2429,12581
1617,11,40,25,0,58290120,4856,29315640,2430,12592
1618,8,39,25,0,58304640,4856,29331960,2430,12600
1619,6,39,25,0,58340040,4857,29345580,2430,12606
1620,11,38,25,0,58374540,4858,29378160,2432,12617
1621,7,38,25,0,58408860,4858,29430720,2435,12624
1622,15,40,25,0,58434780,4857,29462880,2436,12639
1623,12,40,25,0,58462980,4857,29494800,2437,12651
1624,8,39,25,0,58487700,4857,29510940,2438,12659
1625,5,35,25,0,58526280,4857,29815560,2462,12664
1626,9,37,25,0,58553280,4856,29823840,2461,12673
1627,8,40,25,0,58570980,4857,29828760,2460,12681
1628,8,40,25,0,58610400,4857,29845500,2460,12689
1629,1,35,25,0,58635420,4857,30066360,2478,12690
1630,8,36,25,0,58666860,4857,30073980,2477,12698
1631,4,35,25,0,58686240,4856,30324600,2497,12702
1632,5,33,25,0,58720860,4856,30529080,2513,12707
1633,9,38,25,0,58742820,4857,30535440,2511,12716
1634,7,38,25,0,58781160,4857,30558480,2512,12723
1635,2,34,25,0,58813080,4858,30584520,2514,12725
1636,5,34,25,0,58833840,4857,30809820,2531,12730
1637,7,35,25,0,58867080,4858,30815460,2531,12737
1638,11,40,25,0,58888080,4858,30818760,2529,12748
1639,7,40,25,0,58919880,4858,30839100,2530,12755
1640,6,38,25,0,58950660,4859,30846360,2529,12761
1641,8,39,25,0,58976580,4859,30869100,2530,12769
1642,7,40,25,0,59004120,4859,30884160,2530,12776
1643,12,39,25,0,59040780,4860,31160400,2552,12788
1644,14,39,25,0,59066820,4860,31170420,2551,12802
1645,19,40,25,0,59091900,4860,31183140,2551,12821
1646,10,39,25,0,59135460,4860,31204800,2551,12831
1647,10,40,25,0,59154660,4860,31207860,2550,12841
1648,5,38,25,0,59184060,4860,31239660,2552,12846
1649,6,39,25,0,59211360,4860,31283940,2555,12852
1650,8,37,25,0,59249640,4860,31298220,2554,12860
1651,7,39,25,0,59267160,4860,31299600,2553,12867
1652,6,37,25,0,59305620,4861,31342440,2556,12873
1653,5,36,25,0,59324760,4860,31368480,2557,12878
1654,9,36,25,0,59362200,4860,31386600,2557,12887
1655,7,38,25,0,59386560,4860,31465740,2562,12894
1656,5,37,25,0,59409060,4860,31472220,2561,12899
1657,2,35,25,0,59434920,4860,31485840,2562,12901
1658,12,37,25,0,59473380,4859,31827960,2588,12913
1659,5,36,25,0,59497620,4860,31840920,2588,12918
1660,3,36,25,0,59516160,4860,31847940,2588,12921
1661,8,38,25,0,59547420,4860,31854900,2586,12929
1662,10,40,25,0,59578800,4861,31868160,2586,12939
1663,4,34,25,0,59628300,4862,31944420,2592,12943
1664,3,31,25,0,59646180,4861,32112180,2605,12946
1665,8,30,25,0,59674500,4860,32572800,2641,12954
1666,12,33,25,0,59704260,4859,32764200,2654,12966
1667,12,40,25,0,59721900,4859,32766360,2652,12978
1668,10,40,25,0,59759160,4859,32778600,2651,12988
1669,13,39,25,0,59775960,4860,32787540,2652,13001
1670,5,38,25,0,59809860,4860,32843520,2656,13006
1671,11,40,25,0,59839380,4861,32866080,2656,13017
1672,10,39,25,0,59867700,4861,32880660,2656,13027
1673,7,38,25,0,59904240,4861,32909460,2657,13034
1674,6,36,25,0,59938620,4862,32947200,2659,13040
1675,12,40,25,0,59962800,4861,32953320,2658,13052
1676,7,37,25,0,59994480,4862,32976240,2659,13059
1677,4,34,25,0,60025620,4861,33102480,2668,13063
1678,2,31,25,0,60042000,4861,33140040,2671,13065
1679,3,25,25,0,60078420,4860,34041060,2743,13068
1680,3,4,25,0,60117540,4854,39384000,3172,13071
1681,4,0,21,4,60133620,4851,40089780,3228,13075
1682,8,0,23,2,60153420,4850,40089780,3226,13083
1683,10,3,25,0,60175920,4850,40091160,3224,13093
1684,10,9,25,0,60198000,4850,40096920,3221,13103
1685,8,12,25,0,60223680,4850,40109640,3221,13111
1686,4,9,25,0,60256920,4850,40124280,3221,13115
1687,11,14,25,0,60287460,4850,40126740,3219,13126
1688,7,16,25,0,60310980,4850,40130580,3217,13133
1689,8,22,25,0,60324120,4850,40131540,3215,13141
1690,15,30,25,0,60373740,4852,40147440,3212,13156
1691,11,38,25,0,60392880,4852,40157340,3210,13167
1692,15,40,25,0,60421620,4852,40164540,3209,13182
1693,9,40,25,0,60458220,4852,40205700,3211,13191
1694,13,40,25,0,60481920,4852,40220040,3210,13204
1695,11,40,25,0,60511800,4852,40240740,3211,13215
1696,7,38,25,0,60540060,4853,40253760,3211,13222
1697,10,40,25,0,60570780,4854,40263060,3210,13232
1698,6,40,25,0,60598920,4854,40308420,3213,13238
1699,11,40,25,0,60630960,4855,40416180,3220,13249
1700,11,40,25,0,60655800,4855,40457940,3222,13260
1701,3,37,25,0,60689940,4856,40552080,3228,13263
1702,9,40,25,0,60711000,4856,40558920,3227,13272
1703,2,35,25,0,60750000,4857,40723680,3240,13274
1704,8,36,25,0,60778320,4857,40784520,3243,13282
1705,6,36,25,0,60809700,4857,40856760,3247,13288
1706,8,38,25,0,60833580,4856,40912500,3250,13296
1707,10,40,25,0,60862140,4856,40919400,3248,13306
1708,5,39,25,0,60884160,4857,41008380,3255,13311
1709,6,37,25,0,60923220,4857,41045400,3256,13317
1710,3,34,25,0,60948600,4857,41168820,3265,13320
1711,5,33,25,0,60976200,4857,41256540,3271,13325
1712,14,40,25,0,61008480,4857,41263680,3268,13339
1713,10,40,25,0,61023720,4857,41271000,3268,13349
1714,7,39,25,0,61059300,4857,41281140,3267,13356
1715,9,39,25,0,61092660,4858,41291820,3267,13365
1716,14,40,25,0,61109640,4858,41294700,3266,13379
1717,12,40,25,0,61138200,4859,41314800,3267,13391
1718,9,38,25,0,61178340,4860,41466840,3278,13400
1719,7,37,25,0,61209060,4859,41674740,3292,13407
1720,6,33,25,0,61241160,4858,41714340,3294,13413
1721,8,35,25,0,61265760,4857,41831700,3301,13421
1722,10,39,25,0,61295100,4857,41842260,3299,13431
1723,13,40,25,0,61309500,4858,41852520,3299,13444
1724,5,38,25,0,61351380,4858,41873700,3299,13449
1725,4,34,25,0,61387740,4858,41919840,3302,13453
1726,3,31,25,0,61410180,4858,42298620,3331,13456
1727,6,27,25,0,61444800,4856,42945900,3380,13462
1728,9,30,25,0,61470240,4856,42952500,3379,13471
1729,5,30,25,0,61497120,4856,42958740,3378,13476
1730,6,29,25,0,61525680,4856,43268160,3400,13482
1731,3,27,25,0,61546080,4856,43290600,3402,13485
1732,10,32,25,0,61574580,4856,43305960,3401,13495
1733,6,32,25,0,61607940,4856,43315980,3399,13501
1734,8,34,25,0,61642800,4857,43321800,3398,13509
1735,6,36,25,0,61659180,4856,43326240,3397,13515
1736,11,40,25,0,61686180,4857,43336500,3395,13526
1737,13,38,25,0,61728960,4858,43356240,3395,13539
1738,8,40,25,0,61741740,4858,43360080,3394,13547
1739,13,40,25,0,61772160,4858,43383660,3395,13560
1740,9,37,25,0,61802040,4858,43441620,3398,13569
1741,9,37,25,0,61844100,4858,43476240,3399,13578
1742,12,40,25,0,61871280,4858,43484760,3398,13590
1743,9,39,25,0,61894800,4858,43493520,3396,13599
1744,10,40,25,0,61917360,4858,43495560,3395,13609
1745,11,40,25,0,61952280,4859,43497780,3394,13620
1746,5,36,25,0,61989360,4859,43572840,3399,13625
1747,11,40,25,0,62015220,4859,43781880,3414,13636
1748,10,39,25,0,62036160,4859,43788180,3412,13646
1749,11,39,25,0,62080140,4859,43810500,3413,13657
1750,7,38,25,0,62106960,4858,43820160,3411,13664
1751,9,40,25,0,62113560,4859,43822680,3411,13673
1752,4,37,25,0,62159820,4860,43846200,3411,13677
1753,3,34,25,0,62192700,4860,44004360,3423,13680
1754,7,33,25,0,62223480,4859,44090160,3427,13687
1755,5,34,25,0,62244660,4859,44347980,3446,13692
1756,9,36,25,0,62271960,4859,44353920,3444,13701
1757,6,38,25,0,62292540,4859,44360400,3445,13707
1758,8,39,25,0,62329920,4859,44375640,3443,13715
1759,7,40,25,0,62354640,4859,44387640,3442,13722
1760,14,39,25,0,62387160,4859,44394600,3441,13736
1761,11,40,25,0,62411040,4860,44397780,3440,13747
1762,12,40,25,0,62450760,4860,44405040,3439,13759
1763,5,38,25,0,62472420,4860,44429700,3440,13764
1764,12,38,25,0,62511300,4861,44470020,3441,13776
1765,14,40,25,0,62534580,4860,44530440,3444,13790
1766,8,39,25,0,62568060,4860,44544120,3443,13798
1767,10,40,25,0,62587980,4860,44557860,3442,13808
1768,13,38,25,0,62626080,4860,44568360,3441,13821
1769,9,38,25,0,62648820,4859,44574600,3440,13830
1770,12,39,25,0,62683020,4859,44692200,3447,13842
1771,5,38,25,0,62700840,4859,44700120,3447,13847
1772,9,40,25,0,62722860,4859,44709060,3447,13856
1773,9,39,25,0,62763240,4860,44718420,3446,13865
1774,3,36,25,0,62790240,4860,44809140,3452,13868
1775,5,27,25,0,62827560,4857,46531260,3583,13873
1776,7,26,25,0,62853900,4856,46538460,3582,13880
1777,8,28,25,0,62881860,4856,46547280,3580,13888
1778,11,35,25,0,62903880,4857,46550640,3577,13899
1779,5,34,25,0,62937600,4857,46564920,3578,13904
1780,6,34,25,0,62968800,4857,46571040,3576,13910
1781,4,34,25,0,62987940,4857,46578360,3575,13914
1782,7,34,25,0,63023460,4857,46594500,3575,13921
1783,13,40,25,0,63042240,4857,46604640,3573,13934
1784,8,39,25,0,63076260,4857,46622640,3573,13942
1785,6,40,25,0,63099360,4858,46634580,3572,13948
1786,11,40,25,0,63134220,4858,46663680,3573,13959
1787,14,40,25,0,63152400,4858,46699500,3575,13973
1788,10,37,25,0,63201540,4858,46733100,3575,13983
1789,14,40,25,0,63220800,4858,46735980,3573,13997
1790,12,40,25,0,63242580,4858,46745340,3573,14009
1791,14,39,25,0,63283260,4858,46774680,3573,14023
1792,8,38,25,0,63312600,4858,46821840,3576,14031
1793,6,38,25,0,63337560,4858,46824540,3574,14037
1794,9,40,25,0,63360060,4858,46868760,3577,14046
1795,5,36,25,0,63402240,4858,46921260,3579,14051
1796,5,35,25,0,63425820,4858,46928880,3578,14056
1797,10,39,25,0,63451620,4858,47006160,3581,14066
1798,4,38,25,0,63474780,4858,47088120,3586,14070
1799,2,33,25,0,63514800,4858,47221680,3596,14072
1800,6,30,25,0,63540540,4857,47716080,3632,14078
1801,2,24,25,0,63563760,4855,49305540,3752,14080
1802,4,5,25,0,63609120,4850,53874420,4099,14084
1803,10,5,25,0,63622680,4848,55189980,4197,14094
1804,6,6,25,0,63645960,4848,55194480,4195,14100
1805,6,5,25,0,63682800,4848,55206360,4193,14106
1806,7,9,25,0,63705240,4848,55212780,4191,14113
1807,9,12,25,0,63741000,4849,55242540,4192,14122
1808,11,18,25,0,63770760,4849,55254300,4188,14133
1809,8,21,25,0,63799680,4850,55264260,4187,14141
1810,6,22,25,0,63826620,4850,55284480,4186,14147
1811,7,25,25,0,63848400,4850,55296840,4185,14154
1812,9,28,25,0,63883500,4851,55306020,4182,14163
1813,9,31,25,0,63917820,4851,55326900,4182,14172
1814,15,40,25,0,63943320,4851,55357740,4180,14187
1815,7,39,25,0,63969360,4851,55370640,4179,14194
1816,5,38,25,0,64002540,4852,55399020,4180,14199
1817,8,39,25,0,64023420,4852,55464180,4183,14207
1818,9,39,25,0,64059240,4852,55529700,4186,14216
1819,11,39,25,0,64083720,4852,55559820,4187,14227
1820,4,37,25,0,64113000,4853,55690080,4196,14231
1821,3,32,25,0,64154340,4853,55883280,4209,14234
1822,7,33,25,0,64175640,4852,55892340,4208,14241
1823,3,32,25,0,64197840,4852,55956420,4211,14244
1824,8,34,25,0,64230960,4853,56028000,4214,14252
1825,6,33,25,0,64265160,4853,56036580,4213,14258
1826,8,36,25,0,64290420,4853,56045280,4211,14266
1827,6,39,25,0,64311720,4853,56053080,4211,14272
1828,8,38,25,0,64348020,4853,56074380,4209,14280
1829,8,39,25,0,64372140,4854,56091960,4209,14288
1830,5,36,25,0,64410840,4854,56122380,4210,14293
1831,4,33,25,0,64441860,4854,56165040,4212,14297
1832,12,39,25,0,64462440,4854,56170860,4209,14309
1833,7,40,25,0,64484400,4854,56180100,4209,14316
1834,10,40,25,0,64523820,4854,56201700,4207,14326
1835,10,40,25,0,64546020,4854,56235960,4208,14336
1836,5,36,25,0,64582980,4854,56367600,4217,14341
1837,3,30,25,0,64610220,4853,56610360,4234,14344
1838,13,33,25,0,64645680,4852,56787840,4243,14357
1839,6,35,25,0,64660140,4851,56794080,4242,14363
1840,7,37,25,0,64690980,4852,56800740,4240,14370
1841,3,34,25,0,64719000,4852,56812380,4240,14373
1842,11,38,25,0,64753500,4852,56816340,4237,14384
1843,8,39,25,0,64775760,4852,56823600,4236,14392
1844,9,40,25,0,64804740,4852,56853600,4236,14401
1845,7,37,25,0,64845480,4852,56896380,4238,14408
1846,4,35,25,0,64865160,4851,56994000,4244,14412
1847,6,34,25,0,64894320,4851,57031860,4245,14418
1848,2,29,25,0,64922760,4851,57340440,4267,14420
1849,7,29,25,0,64955760,4851,57487560,4276,14427
1850,4,29,25,0,64976400,4851,57613620,4284,14431
1851,2,23,25,0,65010780,4850,58447320,4345,14433
1852,5,19,25,0,65037960,4849,58870080,4375,14438
1853,9,24,25,0,65061900,4849,58871460,4373,14447
1854,5,25,25,0,65083080,4850,58879980,4371,14452
1855,8,27,25,0,65125140,4851,58892820,4369,14460
1856,11,33,25,0,65149980,4851,58901280,4367,14471
1857,8,38,25,0,65167980,4851,58906980,4365,14479
1858,11,40,25,0,65207040,4852,58928220,4364,14490
1859,14,39,25,0,65242680,4852,58942800,4363,14504
1860,14,39,25,0,65265600,4852,58969200,4363,14518
1861,12,39,25,0,65298840,4852,58997760,4364,14530
1862,17,40,25,0,65319780,4852,59052120,4366,14547
1863,16,40,25,0,65351580,4853,59088360,4367,14563
1864,8,38,25,0,65379120,4854,59133660,4369,14571
1865,7,37,25,0,65416020,4853,59245860,4376,14578
1866,7,38,25,0,65441880,4853,59280000,4376,14585
1867,11,39,25,0,65466420,4853,59287200,4374,14596
1868,3,40,25,0,65474040,4853,59291160,4375,14599
1869,11,40,25,0,65529900,4855,59317260,4374,14610
1870,7,39,25,0,65550240,4855,59322840,4373,14617
1871,4,38,25,0,65582400,4855,59405520,4378,14621
1872,5,38,25,0,65604120,4855,59506560,4385,14626
1873,6,35,25,0,65651340,4855,59519760,4382,14632
1874,6,39,25,0,65662380,4855,59524140,4381,14638
1875,10,40,25,0,65699400,4856,59536320,4380,14648
1876,1,34,25,0,65733000,4856,59656800,4388,14649
1877,3,29,25,0,65765400,4856,59888700,4404,14652
1878,5,26,25,0,65793360,4855,60170280,4423,14657
1879,6,25,25,0,65813820,4854,60429360,4441,14663
1880,13,32,25,0,65842860,4854,60434580,4436,14676
1881,12,38,25,0,65877300,4854,60443520,4433,14688
1882,4,40,25,0,65877300,4854,60443520,4433,14692
1883,8,40,25,0,65925360,4855,60482460,4433,14700
1884,10,40,25,0,65951640,4855,60500880,4433,14710
1885,14,40,25,0,65981760,4856,60509040,4432,14724
1886,11,40,25,0,66013320,4856,60538260,4433,14735
1887,8,38,25,0,66043740,4856,60599460,4435,14743
1888,12,39,25,0,66085680,4856,60608880,4433,14755
1889,9,40,25,0,66102600,4856,60612420,4432,14764
1890,6,40,25,0,66125100,4856,60653460,4434,14770
1891,6,40,25,0,66154980,4857,60697860,4436,14776
1892,8,39,25,0,66184080,4857,60742560,4437,14784
1893,7,40,25,0,66212880,4857,60751680,4437,14791
1894,8,40,25,0,66247020,4857,60796740,4437,14799
1895,1,37,25,0,66268320,4857,60808380,4437,14800
1896,6,39,25,0,66294840,4858,60913140,4443,14806
1897,8,37,25,0,66340740,4857,61031160,4448,14814
1898,3,33,25,0,66364800,4857,61080060,4451,14817
1899,6,34,25,0,66393960,4857,61085760,4450,14823
1900,3,32,25,0,66421500,4857,61159920,4454,14826
1901,6,30,25,0,66453000,4857,61665180,4489,14832
1902,1,19,25,0,66487140,4855,63894060,4651,14833
1903,2,0,22,3,66510240,4848,67237320,4893,14835
1904,13,5,25,0,66528060,4848,67237560,4891,14848
1905,8,7,25,0,66558780,4848,67247700,4887,14856
1906,15,17,25,0,66587520,4848,67258380,4882,14871
1907,12,24,25,0,66617880,4849,67265340,4878,14883
1908,6,24,25,0,66647760,4849,67292640,4879,14889
1909,13,31,25,0,66677220,4849,67312680,4876,14902
1910,10,36,25,0,66702780,4849,67318800,4872,14912
1911,8,40,25,0,66719220,4849,67326840,4871,14920
1912,12,39,25,0,66747420,4850,67343220,4871,14932
1913,13,39,25,0,66798300,4851,67375080,4870,14945
1914,9,39,25,0,66816720,4850,67385520,4870,14954
1915,12,40,25,0,66836760,4851,67406220,4870,14966
1916,11,39,25,0,66876600,4852,67427700,4869,14977
1917,7,39,25,0,66899760,4852,67434180,4868,14984
1918,4,35,25,0,66943080,4852,67594620,4878,14988
1919,1,31,25,0,66962460,4852,67732440,4888,14989
1920,10,36,25,0,66990720,4852,67826820,4891,14999
1921,4,36,25,0,67017780,4853,67834740,4890,15003
1922,6,37,25,0,67045800,4853,67900620,4894,15009
1923,6,36,25,0,67080900,4853,67907100,4892,15015
1924,5,36,25,0,67106820,4853,68004600,4897,15020
1925,9,39,25,0,67128780,4853,68009160,4894,15029
1926,5,37,25,0,67162440,4854,68021760,4894,15034
1927,10,39,25,0,67194480,4854,68134020,4899,15044
1928,4,37,25,0,67219380,4853,68241900,4905,15048
1929,4,33,25,0,67261680,4853,68478180,4921,15052
1930,10,37,25,0,67280760,4853,68484840,4918,15062
1931,8,40,25,0,67298940,4853,68489940,4916,15070
1932,6,37,25,0,67341840,4854,68521740,4917,15076
1933,11,40,25,0,67351980,4853,68523540,4915,15087
1934,11,38,25,0,67391700,4854,68544960,4915,15098
1935,7,38,25,0,67419600,4853,68707980,4924,15105
1936,6,38,25,0,67451820,4854,68820540,4930,15111
1937,8,39,25,0,67475040,4853,68825820,4928,15119
1938,6,40,25,0,67488600,4854,68828460,4928,15125
1939,11,39,25,0,67530900,4854,68885460,4929,15136
1940,9,39,25,0,67564500,4855,68902320,4928,15145
1941,4,38,25,0,67589520,4855,68906160,4927,15149
1942,8,40,25,0,67625160,4855,68953260,4928,15157
1943,3,38,25,0,67646760,4855,69038580,4933,15160
1944,7,35,25,0,67687800,4854,69218880,4943,15167
1945,3,29,25,0,67714620,4853,69763980,4981,15170
1946,7,30,25,0,67739100,4853,69908580,4989,15177
1947,6,31,25,0,67754100,4852,70100760,5001,15183
1948,12,35,25,0,67800480,4853,70386420,5016,15195
1949,3,33,25,0,67822440,4853,70399320,5016,15198
1950,8,36,25,0,67852860,4853,70403520,5014,15206
1951,5,37,25,0,67882320,4854,70412040,5012,15211
1952,6,37,25,0,67916700,4854,70428540,5013,15217
1953,6,36,25,0,67945140,4854,70466460,5012,15223
1954,8,40,25,0,67962540,4854,70471140,5010,15231
1955,14,39,25,0,67995240,4854,70480860,5009,15245
1956,10,38,25,0,68017320,4855,70492860,5009,15255
1957,6,35,25,0,68063760,4855,70546020,5011,15261
1958,10,40,25,0,68077080,4855,70548840,5008,15271
1959,10,40,25,0,68101200,4855,70552920,5007,15281
1960,15,39,25,0,68130900,4855,70561080,5006,15296
1961,18,40,25,0,68165820,4856,70582500,5005,15314
1962,4,38,25,0,68199420,4856,70608000,5005,15318
1963,13,37,25,0,68225580,4855,70645800,5006,15331
1964,10,36,25,0,68260020,4856,70823100,5017,15341
1965,7,38,25,0,68286600,4856,71036820,5029,15348
1966,4,34,25,0,68313720,4856,71243040,5043,15352
1967,2,28,25,0,68347920,4856,72472920,5130,15354
1968,3,15,25,0,68382600,4853,73992480,5236,15357
1969,5,6,25,0,68410860,4850,75007860,5306,15362
1970,3,0,23,2,68429760,4848,75484440,5339,15365
1971,3,0,22,3,68453040,4848,75484440,5337,15368
1972,6,0,25,0,68469660,4848,75484440,5335,15374
1973,3,0,23,2,68488500,4848,75485040,5334,15377
1974,7,0,24,1,68521020,4848,75485040,5331,15384
1975,6,0,23,2,68553180,4848,75486600,5329,15390
1976,5,0,23,2,68577060,4848,75490920,5328,15395
1977,10,3,25,0,68595720,4847,75493380,5324,15405
1978,7,2,25,0,68626260,4847,75500880,5322,15412
1979,5,0,24,1,68656800,4846,75502860,5320,15417
1980,18,14,25,0,68671800,4846,75503820,5316,15435
1981,7,16,25,0,68702160,4847,75514800,5313,15442
1982,18,31,25,0,68718060,4847,75527700,5309,15460
1983,9,33,25,0,68766060,4848,75544980,5304,15469
1984,9,38,25,0,68787420,4848,75551100,5301,15478
1985,10,40,25,0,68812920,4848,75556020,5299,15488
1986,8,39,25,0,68845680,4849,75602820,5302,15496
1987,7,40,25,0,68879160,4849,75631800,5302,15503
1988,7,38,25,0,68906940,4850,75676620,5303,15510
1989,7,40,25,0,68934000,4850,75721500,5304,15517
1990,7,37,25,0,68967780,4850,75789300,5307,15524
1991,6,38,25,0,68996160,4851,75902580,5313,15530
1992,9,39,25,0,69023760,4850,75910080,5311,15539
1993,5,38,25,0,69057000,4851,75996420,5315,15544
1994,4,38,25,0,69080640,4851,76001160,5314,15548
1995,10,40,25,0,69103620,4851,76143060,5322,15558
1996,4,36,25,0,69138900,4851,76205280,5324,15562
1997,5,35,25,0,69170220,4852,76251060,5326,15567
1998,5,32,25,0,69203880,4851,76477500,5340,15572
1999,10,34,25,0,69230220,4850,76573620,5343,15582
2000,11,40,25,0,69250440,4850,76582620,5340,15593
2001,5,39,25,0,69274980,4850,76600200,5339,15598
2002,6,38,25,0,69310380,4851,76615560,5339,15604
2003,6,38,25,0,69342840,4851,76628700,5338,15610
2004,7,40,25,0,69358380,4851,76634460,5337,15617
2005,15,40,25,0,69390060,4851,76648320,5335,15632
2006,15,40,25,0,69410580,4851,76762560,5341,15647
2007,15,40,25,0,69453840,4852,76766580,5339,15662
2008,7,37,25,0,69484620,4852,76933800,5350,15669
2009,8,38,25,0,69515460,4852,76940280,5347,15677
2010,10,39,25,0,69551400,4851,77022600,5349,15687
2011,4,37,25,0,69574980,4851,77033280,5348,15691
2012,8,39,25,0,69597240,4850,77186280,5357,15699
2013,13,39,25,0,69634620,4850,77194980,5354,15712
2014,3,37,25,0,69656460,4851,77237580,5355,15715
2015,7,37,25,0,69689580,4851,77430660,5367,15722
2016,4,35,25,0,69712560,4850,77453820,5367,15726
2017,10,40,25,0,69712560,4850,77453820,5367,15736
2018,5,40,25,0,69712560,4850,77453820,5367,15741
2019,5,40,25,0,69712560,4850,77453820,5367,15746
2020,3,40,25,0,69712560,4850,77453820,5367,15749
2021,7,40,25,0,69712560,4850,77453820,5367,15756
2022,10,40,25,0,69712560,4850,77453820,5367,15766
2023,9,40,25,0,69712560,4850,77453820,5367,15775
2024,9,40,25,0,69712560,4850,77453820,5367,15784
2025,10,40,25,0,69712560,4850,77453820,5367,15794
2026,6,40,25,0,69712560,4850,77453820,5367,15800
2027,14,40,25,0,69712560,4850,77453820,5367,15814
2028,13,40,25,0,69712560,4850,77453820,5367,15827
2029,11,40,25,0,69712560,4850,77453820,5367,15838
2030,8,40,25,0,69712560,4850,77453820,5367,15846
2031,10,40,25,0,69712560,4850,77453820,5367,15856
2032,7,40,25,0,69712560,4850,77453820,5367,15863
2033,7,40,25,0,69712560,4850,77453820,5367,15870
2034,8,40,25,0,69712560,4850,77453820,5367,15878
2035,5,40,25,0,69712560,4850,77453820,5367,15883
2036,9,40,25,0,69712560,4850,77453820,5367,15892
2037,7,40,25,0,69712560,4850,77453820,5367,15899
2038,11,40,25,0,69712560,4850,77453820,5367,15910
2039,3,40,25,0,69712560,4850,77453820,5367,15913
2040,6,40,25,0,69712560,4850,77453820,5367,15919
2041,10,40,25,0,69712560,4850,77453820,5367,15929
2042,3,40,25,0,69712560,4850,77453820,5367,15932
2043,5,40,25,0,69712560,4850,77453820,5367,15937
2044,7,40,25,0,69712560,4850,77453820,5367,15944
2045,5,40,25,0,69712560,4850,77453820,5367,15949
2046,3,40,25,0,69712560,4850,77453820,5367,15952
2047,7,40,25,0,69712560,4850,77453820,5367,15959
2048,11,40,25,0,69712560,4850,77453820,5367,15970
2049,4,40,25,0,69712560,4850,77453820,5367,15974
2050,16,40,25,0,69712560,4850,77453820,5367,15990
2051,13,40,25,0,69712560,4850,77453820,5367,16003
2052,11,40,25,0,69712560,4850,77453820,5367,16014
2053,12,40,25,0,69712560,4850,77453820,5367,16026
2054,17,40,25,0,69712560,4850,77453820,5367,16043
2055,11,40,25,0,69712560,4850,77453820,5367,16054
2056,5,40,25,0,69712560,4850,77453820,5367,16059
2057,9,40,25,0,69712560,4850,77453820,5367,16068
2058,10,40,25,0,69712560,4850,77453820,5367,16078
2059,7,40,25,0,69712560,4850,77453820,5367,16085
2060,7,40,25,0,69712560,4850,77453820,5367,16092
2061,6,40,25,0,69712560,4850,77453820,5367,16098
2062,1,40,25,0,69712560,4850,77453820,5367,16099
2063,5,40,25,0,69712560,4850,77453820,5367,16104
2064,4,40,25,0,69712560,4850,77453820,5367,16108
2065,8,40,25,0,69712560,4850,77453820,5367,16116
2066,6,40,25,0,69712560,4850,77453820,5367,16122
2067,7,40,25,0,69712560,4850,77453820,5367,16129
2068,6,40,25,0,69712560,4850,77453820,5367,16135
2069,9,40,25,0,69712560,4850,77453820,5367,16144
2070,3,40,25,0,69712560,4850,77453820,5367,16147
2071,4,40,25,0,69712560,4850,77453820,5367,16151
2072,8,40,25,0,69712560,4850,77453820,5367,16159
2073,9,40,25,0,69712560,4850,77453820,5367,16168
2074,9,40,25,0,69712560,4850,77453820,5367,16177
2075,12,40,25,0,69712560,4850,77453820,5367,16189
2076,11,40,25,0,69712560,4850,77453820,5367,16200
2077,6,40,25,0,69712560,4850,77453820,5367,16206
2078,9,40,25,0,69712560,4850,77453820,5367,16215
2079,8,40,25,0,69712560,4850,77453820,5367,16223
2080,11,40,25,0,69712560,4850,77453820,5367,16234
2081,8,40,25,0,69712560,4850,77453820,5367,16242
2082,7,40,25,0,69712560,4850,77453820,5367,16249
2083,7,40,25,0,69712560,4850,77453820,5367,16256
2084,9,40,25,0,69712560,4850,77453820,5367,16265
2085,6,40,25,0,69712560,4850,77453820,5367,16271
2086,3,40,25,0,69712560,4850,77453820,5367,16274
2087,5,40,25,0,69712560,4850,77453820,5367,16279
2088,3,40,25,0,69712560,4850,77453820,5367,16282
2089,6,40,25,0,69712560,4850,77453820,5367,16288
2090,11,40,25,0,69712560,4850,77453820,5367,16299
2091,6,40,25,0,69712560,4850,77453820,5367,16305
2092,5,40,25,0,69712560,4850,77453820,5367,16310
2093,7,40,25,0,69712560,4850,77453820,5367,16317
2094,9,40,25,0,69712560,4850,77453820,5367,16326
2095,12,40,25,0,69712560,4850,77453820,5367,16338
2096,9,40,25,0,69712560,4850,77453820,5367,16347
2097,14,40,25,0,69712560,4850,77453820,5367,16361
2098,9,40,25,0,69712560,4850,77453820,5367,16370
2099,8,40,25,0,69712560,4850,77453820,5367,16378
2100,18,40,25,0,69712560,4850,77453820,5367,16396
2101,9,40,25,0,69712560,4850,77453820,5367,16405
2102,19,40,25,0,69712560,4850,77453820,5367,16424
2103,13,40,25,0,69712560,4850,77453820,5367,16437
2104,7,40,25,0,69712560,4850,77453820,5367,16444
2105,7,40,25,0,69712560,4850,77453820,5367,16451
2106,9,40,25,0,69712560,4850,77453820,5367,16460
2107,11,40,25,0,69712560,4850,77453820,5367,16471
2108,5,40,25,0,69712560,4850,77453820,5367,16476
2109,10,40,25,0,69712560,4850,77453820,5367,16486
2110,10,40,25,0,69712560,4850,77453820,5367,16496
2111,4,40,25,0,69712560,4850,77453820,5367,16500
2112,4,40,25,0,69712560,4850,77453820,5367,16504
2113,2,40,25,0,69712560,4850,77453820,5367,16506
2114,5,40,25,0,69712560,4850,77453820,5367,16511
2115,4,40,25,0,69712560,4850,77453820,5367,16515
2116,3,40,25,0,69712560,4850,77453820,5367,16518
2117,6,40,25,0,69712560,4850,77453820,5367,16524
2118,3,40,25,0,69712560,4850,77453820,5367,16527
2119,2,40,25,0,69712560,4850,77453820,5367,16529
2120,9,40,25,0,69712560,4850,77453820,5367,16538
2121,8,40,25,0,69712560,4850,77453820,5367,16546
2122,7,40,25,0,69712560,4850,77453820,5367,16553
2123,9,40,25,0,69712560,4850,77453820,5367,16562
2124,12,40,25,0,69712560,4850,77453820,5367,16574
2125,15,40,25,0,69712560,4850,77453820,5367,16589
2126,14,40,25,0,69712560,4850,77453820,5367,16603
2127,13,40,25,0,69712560,4850,77453820,5367,16616
2128,7,40,25,0,69712560,4850,77453820,5367,16623
2129,11,40,25,0,69712560,4850,77453820,5367,16634
2130,6,40,25,0,69712560,4850,77453820,5367,16640
2131,10,40,25,0,69712560,4850,77453820,5367,16650
2132,4,40,25,0,69712560,4850,77453820,5367,16654
2133,4,40,25,0,69712560,4850,77453820,5367,16658
2134,7,40,25,0,69712560,4850,77453820,5367,16665
2135,1,40,25,0,69712560,4850,77453820,5367,16666
2136,3,40,25,0,69712560,4850,77453820,5367,16669
2137,2,40,25,0,69712560,4850,77453820,5367,16671
2138,3,40,25,0,69712560,4850,77453820,5367,16674
2139,4,40,25,0,69712560,4850,77453820,5367,16678
2140,6,40,25,0,69712560,4850,77453820,5367,16684
2141,6,40,25,0,69712560,4850,77453820,5367,16690
2142,7,40,25,0,69712560,4850,77453820,5367,16697
2143,8,40,25,0,69712560,4850,77453820,5367,16705
2144,5,40,25,0,69712560,4850,77453820,5367,16710
2145,10,40,25,0,69712560,4850,77453820,5367,16720
2146,16,40,25,0,69712560,4850,77453820,5367,16736
2147,10,40,25,0,69712560,4850,77453820,5367,16746
2148,10,40,25,0,69712560,4850,77453820,5367,16756
2149,12,40,25,0,69712560,4850,77453820,5367,16768
2150,15,40,25,0,69712560,4850,77453820,5367,16783
2151,10,40,25,0,69712560,4850,77453820,5367,16793
2152,10,40,25,0,69712560,4850,77453820,5367,16803
2153,12,40,25,0,69712560,4850,77453820,5367,16815
2154,5,40,25,0,69712560,4850,77453820,5367,16820
2155,11,40,25,0,69712560,4850,77453820,5367,16831
2156,10,40,25,0,69712560,4850,77453820,5367,16841
2157,7,40,25,0,69712560,4850,77453820,5367,16848
2158,7,40,25,0,69712560,4850,77453820,5367,16855
2159,8,40,25,0,69712560,4850,77453820,5367,16863
2160,7,40,25,0,69712560,4850,77453820,5367,16870
2161,4,40,25,0,69712560,4850,77453820,5367,16874
2162,5,40,25,0,69712560,4850,77453820,5367,16879
2163,4,40,25,0,69712560,4850,77453820,5367,16883
2164,4,40,25,0,69712560,4850,77453820,5367,16887
2165,12,40,25,0,69712560,4850,77453820,5367,16899
2166,5,40,25,0,69712560,4850,77453820,5367,16904
2167,8,40,25,0,69712560,4850,77453820,5367,16912
2168,8,40,25,0,69712560,4850,77453820,5367,16920
2169,14,40,25,0,69712560,4850,77453820,5367,16934
2170,14,40,25,0,69712560,4850,77453820,5367,16948
2171,6,40,25,0,69712560,4850,77453820,5367,16954
2172,5,40,25,0,69712560,4850,77453820,5367,16959
2173,9,40,25,0,69712560,4850,77453820,5367,16968
2174,9,40,25,0,69712560,4850,77453820,5367,16977
2175,10,40,25,0,69712560,4850,77453820,5367,16987
2176,7,40,25,0,69712560,4850,77453820,5367,16994
2177,7,40,25,0,69712560,4850,77453820,5367,17001
2178,6,40,25,0,69712560,4850,77453820,5367,17007
2179,9,40,25,0,69712560,4850,77453820,5367,17016
2180,5,40,25,0,69712560,4850,77453820,5367,17021
2181,13,40,25,0,69712560,4850,77453820,5367,17034
2182,5,40,25,0,69712560,4850,77453820,5367,17039
2183,6,40,25,0,69712560,4850,77453820,5367,17045
2184,4,40,25,0,69712560,4850,77453820,5367,17049
2185,3,40,25,0,69712560,4850,77453820,5367,17052
2186,4,40,25,0,69712560,4850,77453820,5367,17056
2187,4,40,25,0,69712560,4850,77453820,5367,17060
2188,7,40,25,0,69712560,4850,77453820,5367,17067
2189,8,40,25,0,69712560,4850,77453820,5367,17075
2190,6,40,25,0,69712560,4850,77453820,5367,17081
2191,7,40,25,0,69712560,4850,77453820,5367,17088
2192,4,40,25,0,69712560,4850,77453820,5367,17092
2193,12,40,25,0,69712560,4850,77453820,5367,17104
2194,12,40,25,0,69712560,4850,77453820,5367,17116
2195,12,40,25,0,69712560,4850,77453820,5367,17128
2196,5,40,25,0,69712560,4850,77453820,5367,17133
2197,9,40,25,0,69712560,4850,77453820,5367,17142
2198,10,40,25,0,69712560,4850,77453820,5367,17152
2199,14,40,25,0,69712560,4850,77453820,5367,17166
2200,7,40,25,0,69712560,4850,77453820,5367,17173
2201,13,40,25,0,69712560,4850,77453820,5367,17186
2202,8,40,25,0,69712560,4850,77453820,5367,17194
2203,6,40,25,0,69712560,4850,77453820,5367,17200
2204,7,40,25,0,69712560,4850,77453820,5367,17207
2205,4,40,25,0,69712560,4850,77453820,5367,17211
2206,6,40,25,0,69712560,4850,77453820,5367,17217
2207,7,40,25,0,69712560,4850,77453820,5367,17224
2208,8,40,25,0,69712560,4850,77453820,5367,17232
2209,6,40,25,0,69712560,4850,77453820,5367,17238
2210,4,40,25,0,69712560,4850,77453820,5367,17242
2211,6,40,25,0,69712560,4850,77453820,5367,17248
2212,8,40,25,0,69712560,4850,77453820,5367,17256
2213,10,40,25,0,69712560,4850,77453820,5367,17266
2214,7,40,25,0,69712560,4850,77453820,5367,17273
2215,9,40,25,0,69712560,4850,77453820,5367,17282
2216,8,40,25,0,69712560,4850,77453820,5367,17290
2217,6,40,25,0,69712560,4850,77453820,5367,17296
2218,12,40,25,0,69712560,4850,77453820,5367,17308
2219,12,40,25,0,69712560,4850,77453820,5367,17320
2220,6,40,25,0,69712560,4850,77453820,5367,17326
2221,6,40,25,0,69712560,4850,77453820,5367,17332
2222,8,40,25,0,69712560,4850,77453820,5367,17340
2223,8,40,25,0,69712560,4850,77453820,5367,17348
2224,13,40,25,0,69712560,4850,77453820,5367,17361
2225,11,40,25,0,69712560,4850,77453820,5367,17372
2226,17,40,25,0,69712560,4850,77453820,5367,17389
2227,10,40,25,0,69712560,4850,77453820,5367,17399
2228,9,40,25,0,69712560,4850,77453820,5367,17408
2229,6,40,25,0,69712560,4850,77453820,5367,17414
2230,5,40,25,0,69712560,4850,77453820,5367,17419
2231,4,40,25,0,69712560,4850,77453820,5367,17423
2232,7,40,25,0,69712560,4850,77453820,5367,17430
2233,7,40,25,0,69712560,4850,77453820,5367,17437
2234,7,40,25,0,69712560,4850,77453820,5367,17444
2235,1,40,25,0,69712560,4850,77453820,5367,17445
2236,7,40,25,0,69712560,4850,77453820,5367,17452
2237,9,40,25,0,69712560,4850,77453820,5367,17461
2238,9,40,25,0,69712560,4850,77453820,5367,17470
2239,8,40,25,0,69712560,4850,77453820,5367,17478
2240,14,40,25,0,69712560,4850,77453820,5367,17492
2241,13,40,25,0,69712560,4850,77453820,5367,17505
2242,4,40,25,0,69712560,4850,77453820,5367,17509
2243,9,40,25,0,69712560,4850,77453820,5367,17518
2244,12,40,25,0,69712560,4850,77453820,5367,17530
2245,11,40,25,0,69712560,4850,77453820,5367,17541
2246,10,40,25,0,69712560,4850,77453820,5367,17551
2247,10,40,25,0,69712560,4850,77453820,5367,17561
2248,5,40,25,0,69712560,4850,77453820,5367,17566
2249,9,40,25,0,69712560,4850,77453820,5367,17575
2250,9,40,25,0,69712560,4850,77453820,5367,17584
2251,6,40,25,0,69712560,4850,77453820,5367,17590
2252,8,40,25,0,69712560,4850,77453820,5367,17598
2253,5,40,25,0,69712560,4850,77453820,5367,17603
2254,8,40,25,0,69712560,4850,77453820,5367,17611
2255,9,40,25,0,69712560,4850,77453820,5367,17620
2256,8,40,25,0,69712560,4850,77453820,5367,17628
2257,1,40,25,0,69712560,4850,77453820,5367,17629
2258,3,40,25,0,69712560,4850,77453820,5367,17632
2259,10,40,25,0,69712560,4850,77453820,5367,17642
2260,3,40,25,0,69712560,4850,77453820,5367,17645
2261,7,40,25,0,69712560,4850,77453820,5367,17652
2262,12,40,25,0,69712560,4850,77453820,5367,17664
2263,4,40,25,0,69712560,4850,77453820,5367,17668
2264,16,40,25,0,69712560,4850,77453820,5367,17684
2265,10,40,25,0,69712560,4850,77453820,5367,17694
2266,7,40,25,0,69712560,4850,77453820,5367,17701
2267,10,40,25,0,69712560,4850,77453820,5367,17711
2268,10,40,25,0,69712560,4850,77453820,5367,17721
2269,8,40,25,0,69712560,4850,77453820,5367,17729
2270,7,40,25,0,69712560,4850,77453820,5367,17736
2271,8,40,25,0,69712560,4850,77453820,5367,17744
2272,11,40,25,0,69712560,4850,77453820,5367,17755
2273,5,40,25,0,69712560,4850,77453820,5367,17760
2274,9,40,25,0,69712560,4850,77453820,5367,17769
2275,4,40,25,0,69712560,4850,77453820,5367,17773
2276,8,40,25,0,69712560,4850,77453820,5367,17781
2277,6,40,25,0,69712560,4850,77453820,5367,17787
2278,9,40,25,0,69712560,4850,77453820,5367,17796
2279,4,40,25,0,69712560,4850,77453820,5367,17800
2280,6,40,25,0,69712560,4850,77453820,5367,17806
2281,8,40,25,0,69712560,4850,77453820,5367,17814
2282,2,40,25,0,69712560,4850,77453820,5367,17816
2283,10,40,25,0,69712560,4850,77453820,5367,17826
2284,3,40,25,0,69712560,4850,77453820,5367,17829
2285,6,40,25,0,69712560,4850,77453820,5367,17835
2286,8,40,25,0,69712560,4850,77453820,5367,17843
2287,4,40,25,0,69712560,4850,77453820,5367,17847
2288,9,40,25,0,69712560,4850,77453820,5367,17856
2289,7,40,25,0,69712560,4850,77453820,5367,17863
2290,16,40,25,0,69712560,4850,77453820,5367,17879
2291,7,40,25,0,69712560,4850,77453820,5367,17886
2292,9,40,25,0,69712560,4850,77453820,5367,17895
2293,12,40,25,0,69712560,4850,77453820,5367,17907
2294,10,40,25,0,69712560,4850,77453820,5367,17917
2295,10,40,25,0,69712560,4850,77453820,5367,17927
2296,10,40,25,0,69712560,4850,77453820,5367,17937
2297,11,40,25,0,69712560,4850,77453820,5367,17948
2298,6,40,25,0,69712560,4850,77453820,5367,17954
2299,8,40,25,0,69712560,4850,77453820,5367,17962
2300,8,40,25,0,69712560,4850,77453820,5367,17970
2301,3,40,25,0,69712560,4850,77453820,5367,17973
2302,6,40,25,0,69712560,4850,77453820,5367,17979
2303,3,40,25,0,69712560,4850,77453820,5367,17982
2304,5,40,25,0,69712560,4850,77453820,5367,17987
2305,5,40,25,0,69712560,4850,77453820,5367,17992
2306,4,40,25,0,69712560,4850,77453820,5367,17996
2307,6,40,25,0,69712560,4850,77453820,5367,18002
2308,9,40,25,0,69712560,4850,77453820,5367,18011
2309,5,40,25,0,69712560,4850,77453820,5367,18016
2310,7,40,25,0,69712560,4850,77453820,5367,18023
2311,8,40,25,0,69712560,4850,77453820,5367,18031
2312,10,40,25,0,69712560,4850,77453820,5367,18041
2313,10,40,25,0,69712560,4850,77453820,5367,18051
2314,12,40,25,0,69712560,4850,77453820,5367,18063
2315,11,40,25,0,69712560,4850,77453820,5367,18074
2316,7,40,25,0,69712560,4850,77453820,5367,18081
2317,16,40,25,0,69712560,4850,77453820,5367,18097
2318,8,40,25,0,69712560,4850,77453820,5367,18105
2319,9,40,25,0,69712560,4850,77453820,5367,18114
2320,12,40,25,0,69712560,4850,77453820,5367,18126
2321,6,40,25,0,69712560,4850,77453820,5367,18132
2322,9,40,25,0,69712560,4850,77453820,5367,18141
2323,10,40,25,0,69712560,4850,77453820,5367,18151
2324,5,40,25,0,69712560,4850,77453820,5367,18156
2325,6,40,25,0,69712560,4850,77453820,5367,18162
2326,6,40,25,0,69712560,4850,77453820,5367,18168
2327,11,40,25,0,69712560,4850,77453820,5367,18179
2328,6,40,25,0,69712560,4850,77453820,5367,18185
2329,6,40,25,0,69712560,4850,77453820,5367,18191
2330,4,40,25,0,69712560,4850,77453820,5367,18195
2331,3,40,25,0,69712560,4850,77453820,5367,18198
2332,9,40,25,0,69712560,4850,77453820,5367,18207
2333,10,40,25,0,69712560,4850,77453820,5367,18217
2334,5,40,25,0,69712560,4850,77453820,5367,18222
2335,4,40,25,0,69712560,4850,77453820,5367,18226
2336,5,40,25,0,69712560,4850,77453820,5367,18231
2337,10,40,25,0,69712560,4850,77453820,5367,18241
2338,16,40,25,0,69712560,4850,77453820,5367,18257
2339,5,40,25,0,69712560,4850,77453820,5367,18262
2340,11,40,25,0,69712560,4850,77453820,5367,18273
2341,15,40,25,0,69712560,4850,77453820,5367,18288
2342,16,40,25,0,69712560,4850,77453820,5367,18304
2343,10,40,25,0,69712560,4850,77453820,5367,18314
2344,14,40,25,0,69712560,4850,77453820,5367,18328
2345,14,40,25,0,69712560,4850,77453820,5367,18342
2346,5,40,25,0,69712560,4850,77453820,5367,18347
2347,7,40,25,0,69712560,4850,77453820,5367,18354
2348,3,40,25,0,69712560,4850,77453820,5367,18357
2349,7,40,25,0,69712560,4850,77453820,5367,18364
2350,6,40,25,0,69712560,4850,77453820,5367,18370
2351,3,40,25,0,69712560,4850,77453820,5367,18373
2352,2,40,25,0,69712560,4850,77453820,5367,18375
2353,4,40,25,0,69712560,4850,77453820,5367,18379
2354,7,40,25,0,69712560,4850,77453820,5367,18386
2355,7,40,25,0,69712560,4850,77453820,5367,18393
2356,2,40,25,0,69712560,4850,77453820,5367,18395
2357,5,40,25,0,69712560,4850,77453820,5367,18400
2358,12,40,25,0,69712560,4850,77453820,5367,18412
2359,8,40,25,0,69712560,4850,77453820,5367,18420
2360,10,40,25,0,69712560,4850,77453820,5367,18430
2361,7,40,25,0,69712560,4850,77453820,5367,18437
2362,10,40,25,0,69712560,4850,77453820,5367,18447
2363,16,40,25,0,69712560,4850,77453820,5367,18463
2364,12,40,25,0,69712560,4850,77453820,5367,18475
2365,12,40,25,0,69712560,4850,77453820,5367,18487
2366,9,40,25,0,69712560,4850,77453820,5367,18496
2367,17,40,25,0,69712560,4850,77453820,5367,18513
2368,7,40,25,0,69712560,4850,77453820,5367,18520
2369,5,40,25,0,69712560,4850,77453820,5367,18525
2370,6,40,25,0,69712560,4850,77453820,5367,18531
2371,12,40,25,0,69712560,4850,77453820,5367,18543
2372,5,40,25,0,69712560,4850,77453820,5367,18548
2373,10,40,25,0,69712560,4850,77453820,5367,18558
2374,4,40,25,0,69712560,4850,77453820,5367,18562
2375,7,40,25,0,69712560,4850,77453820,5367,18569
2376,8,40,25,0,69712560,4850,77453820,5367,18577
2377,6,40,25,0,69712560,4850,77453820,5367,18583
2378,9,40,25,0,69712560,4850,77453820,5367,18592
2379,5,40,25,0,69712560,4850,77453820,5367,18597
2380,5,40,25,0,69712560,4850,77453820,5367,18602
2381,7,40,25,0,69712560,4850,77453820,5367,18609
2382,6,40,25,0,69712560,4850,77453820,5367,18615
2383,5,40,25,0,69712560,4850,77453820,5367,18620
2384,2,40,25,0,69712560,4850,77453820,5367,18622
2385,11,40,25,0,69712560,4850,77453820,5367,18633
2386,9,40,25,0,69712560,4850,77453820,5367,18642
2387,13,40,25,0,69712560,4850,77453820,5367,18655
2388,9,40,25,0,69712560,4850,77453820,5367,18664
2389,5,40,25,0,69712560,4850,77453820,5367,18669
2390,12,40,25,0,69712560,4850,77453820,5367,18681
2391,9,40,25,0,69712560,4850,77453820,5367,18690
2392,13,40,25,0,69712560,4850,77453820,5367,18703
2393,8,40,25,0,69712560,4850,77453820,5367,18711
2394,7,40,25,0,69712560,4850,77453820,5367,18718
2395,10,40,25,0,69712560,4850,77453820,5367,18728
2396,4,40,25,0,69712560,4850,77453820,5367,18732
2397,3,40,25,0,69712560,4850,77453820,5367,18735
2398,3,40,25,0,69712560,4850,77453820,5367,18738
2399,5,40,25,0,69712560,4850,77453820,5367,18743

