Hour,Arrivals,Waiting,Treating,Available Rooms,Total Treatment Time,Average Treatment Time,Total Wait Time,Average Wait Time,Total Arrivals
1,6,0,5,20,2940,2940,0,0,6
2,3,0,5,20,12960,3240,0,0,9
3,6,0,5,20,44280,4428,0,0,15
4,5,0,8,17,50820,4235,0,0,20
5,5,0,9,16,78660,4916,0,0,25
6,7,0,10,15,113340,5151,0,0,32
7,7,0,10,15,143640,4953,0,0,39
8,8,0,9,16,189180,4978,0,0,47
9,4,0,4,21,236460,5031,0,0,51
10,5,0,4,21,255540,4914,0,0,56
11,10,0,12,13,261840,4848,0,0,66
12,6,0,12,13,288120,4802,0,0,72
13,11,0,13,12,339780,4854,0,0,83
14,14,0,18,7,387060,4899,0,0,97
15,10,0,17,8,441420,4904,0,0,107
16,10,0,18,7,490980,4959,0,0,117
17,9,0,14,11,549120,4902,0,0,126
18,8,0,12,13,622080,5099,0,0,134
19,10,0,15,10,662400,5134,0,0,144
20,9,0,14,11,707940,5093,0,0,153
21,7,0,11,14,761760,5112,0,0,160
22,3,0,6,19,800340,5097,0,0,163
23,2,0,3,22,826860,5104,0,0,165
24,5,0,5,20,842940,5108,0,0,170
25,4,0,6,19,851220,5066,0,0,174
26,4,0,6,19,872880,5074,0,0,178
27,7,0,7,18,895080,5028,0,0,185
28,2,0,5,20,917040,5038,0,0,187
29,2,0,2,23,942300,5039,0,0,189
30,6,0,7,18,947520,5040,0,0,195
31,8,0,11,14,967800,5040,0,0,203
32,6,0,11,14,997800,5039,0,0,209
33,12,0,14,11,1051320,5078,0,0,221
34,7,0,11,14,1101600,5076,0,0,228
35,12,0,12,13,1146360,5027,0,0,240
36,8,0,13,12,1173240,4992,0,0,248
37,12,0,15,10,1228620,5014,0,0,260
38,15,0,18,7,1288620,5014,0,0,275
39,19,0,22,3,1350900,4966,0,0,294
40,14,0,18,7,1425540,4915,0,0,308
41,5,0,10,15,1497540,4942,0,0,313
42,6,0,9,16,1540680,4969,0,0,319
43,3,0,3,22,1579020,4949,0,0,322
44,9,0,6,19,1594740,4906,0,0,331
45,6,0,7,18,1611660,4883,0,0,337
46,5,0,7,18,1636260,4884,0,0,342
47,6,0,8,17,1663980,4894,0,0,348
48,6,0,10,15,1681980,4889,0,0,354
49,5,0,6,19,1723680,4882,0,0,359
50,8,0,8,17,1746840,4865,0,0,367
51,7,0,7,18,1789080,4874,0,0,374
52,9,0,13,12,1802880,4872,0,0,383
53,4,0,5,20,1857720,4863,0,0,387
54,5,0,7,18,1869840,4856,0,0,392
55,3,0,6,19,1889400,4857,0,0,395
56,10,0,10,15,1913640,4844,0,0,405
57,8,0,9,16,1951320,4830,0,0,413
58,12,0,11,14,1988520,4803,0,0,425
59,5,0,9,16,2013180,4781,0,0,430
60,12,0,14,11,2045280,4778,0,0,442
61,6,0,12,13,2078880,4768,0,0,448
62,14,0,17,8,2134500,4796,0,0,462
63,12,0,16,9,2198580,4800,0,0,474
64,14,0,16,9,2269440,4808,0,0,488
65,8,0,11,14,2328660,4801,0,0,496
66,8,0,11,14,2361060,4789,0,0,504
67,10,0,12,13,2408940,4798,0,0,514
68,10,0,12,13,2441040,4767,0,0,524
69,4,0,9,16,2481000,4780,0,0,528
70,6,0,9,16,2506380,4774,0,0,534
71,4,0,6,19,2545560,4784,0,0,538
72,4,0,6,19,2569440,4793,0,0,542
73,9,0,9,16,2596380,4790,0,0,551
74,4,0,9,16,2611740,4783,0,0,555
75,5,0,6,19,2666220,4812,0,0,560
76,11,0,13,12,2681040,4804,0,0,571
77,9,0,10,15,2723220,4777,0,0,580
78,2,0,3,22,2772840,4789,0,0,582
79,8,0,9,16,2785800,4794,0,0,590
80,13,0,17,8,2806020,4788,0,0,603
81,8,0,12,13,2865720,4784,0,0,611
82,11,0,12,13,2906760,4765,0,0,622
83,14,0,15,10,2948940,4748,0,0,636
84,9,0,14,11,2993520,4744,0,0,645
85,11,0,16,9,3036120,4743,0,0,656
86,12,0,17,8,3097620,4758,0,0,668
87,9,0,9,16,3180420,4761,0,0,677
88,12,0,13,12,3205140,4741,0,0,689
89,4,0,8,17,3249660,4744,0,0,693
90,7,0,10,15,3279600,4753,0,0,700
91,8,0,11,14,3317280,4759,0,0,708
92,6,0,12,13,3340380,4758,0,0,714
93,7,0,9,16,3395040,4768,0,0,721
94,7,0,8,17,3444240,4783,0,0,728
95,6,0,10,15,3459300,4778,0,0,734
96,9,0,11,14,3502560,4784,0,0,743
97,7,0,9,16,3535140,4770,0,0,750
98,8,0,10,15,3571140,4774,0,0,758
99,3,0,5,20,3605160,4768,0,0,761
100,8,0,7,18,3642300,4779,0,0,769
101,11,0,12,13,3661500,4767,0,0,780
102,12,0,17,8,3691440,4763,0,0,792
103,2,0,8,17,3757740,4780,0,0,794
104,12,0,11,14,3802620,4783,0,0,806
105,14,0,19,6,3818940,4767,0,0,820
106,7,0,14,11,3884520,4778,0,0,827
107,11,0,11,14,3953760,4780,0,0,838
108,5,0,10,15,3976320,4773,0,0,843
109,13,0,13,12,4023600,4772,0,0,856
110,8,0,15,10,4043160,4762,0,0,864
111,7,0,9,16,4103340,4760,0,0,871
112,7,0,7,18,4142580,4756,0,0,878
113,13,0,15,10,4165980,4755,0,0,891
114,19,0,21,4,4216740,4743,0,0,910
115,9,0,19,6,4271220,4745,0,0,919
116,12,0,17,8,4342200,4750,0,0,931
117,4,0,10,15,4402260,4759,0,0,935
118,7,0,6,19,4463400,4768,0,0,942
119,2,0,5,20,4482420,4773,0,0,944
120,2,0,3,22,4504200,4776,0,0,946
121,5,0,6,19,4515240,4778,0,0,951
122,6,0,5,20,4546680,4775,0,0,957
123,7,0,10,15,4558020,4777,0,0,964
124,7,0,11,14,4585500,4776,0,0,971
125,7,0,8,17,4639980,4783,0,0,978
126,9,0,10,15,4674960,4785,0,0,987
127,6,0,9,16,4701600,4778,0,0,993
128,8,0,9,16,4747920,4786,0,0,1001
129,8,0,12,13,4765860,4780,0,0,1009
130,6,0,9,16,4820520,4791,0,0,1015
131,13,0,15,10,4849560,4787,0,0,1028
132,6,0,11,14,4906500,4796,0,0,1034
133,10,0,14,11,4948980,4804,0,0,1044
134,5,0,12,13,4978260,4800,0,0,1049
135,10,0,12,13,5043960,4817,0,0,1059
136,10,0,14,11,5087100,4821,0,0,1069
137,7,0,12,13,5126520,4818,0,0,1076
138,9,0,13,12,5164500,4817,0,0,1085
139,6,0,10,15,5214360,4823,0,0,1091
140,11,0,11,14,5256840,4818,0,0,1102
141,4,0,5,20,5292840,4807,0,0,1106
142,6,0,6,19,5313900,4804,0,0,1112
143,8,0,11,14,5330280,4806,0,0,1120
144,5,0,6,19,5377980,4806,0,0,1125
145,6,0,7,18,5405880,4809,0,0,1131
146,9,0,12,13,5428320,4812,0,0,1140
147,9,0,11,14,5475420,4811,0,0,1149
148,9,0,11,14,5509260,4803,0,0,1158
149,8,0,11,14,5555160,4809,0,0,1166
150,4,0,7,18,5596200,4811,0,0,1170
151,8,0,9,16,5622960,4810,0,0,1178
152,11,0,9,16,5665080,4800,0,0,1189
153,13,0,11,14,5700420,4786,0,0,1202
154,13,0,15,10,5737860,4781,0,0,1215
155,8,0,14,11,5778000,4779,0,0,1223
156,10,0,13,12,5829480,4778,0,0,1233
157,12,0,17,8,5863980,4775,0,0,1245
158,9,0,15,10,5912280,4771,0,0,1254
159,8,0,11,14,5992260,4789,0,0,1262
160,9,0,12,13,6025800,4786,0,0,1271
161,10,0,15,10,6063720,4789,0,0,1281
162,7,0,10,15,6117480,4786,0,0,1288
163,10,0,11,14,6157800,4784,0,0,1298
164,11,0,13,12,6203100,4786,0,0,1309
165,4,0,12,13,6225480,4785,0,0,1313
166,9,0,11,14,6277920,4788,0,0,1322
167,0,0,1,24,6329100,4791,0,0,1322
168,5,0,4,21,6338220,4790,0,0,1327
169,5,0,6,19,6343500,4783,0,0,1332
170,7,0,8,17,6364260,4781,0,0,1339
171,10,0,13,12,6385020,4779,0,0,1349
172,2,0,6,19,6418140,4771,0,0,1351
173,9,0,10,15,6453780,4780,0,0,1360
174,8,0,10,15,6489540,4778,0,0,1368
175,5,0,7,18,6522720,4775,0,0,1373
176,12,0,14,11,6549720,4777,0,0,1385
177,5,0,10,15,6590880,4776,0,0,1390
178,8,0,10,15,6635160,4780,0,0,1398
179,9,0,13,12,6662580,4779,0,0,1407
180,8,0,15,10,6700020,4785,0,0,1415
181,8,0,13,12,6757740,4792,0,0,1423
182,14,0,17,8,6815100,4799,0,0,1437
183,14,0,19,6,6868980,4796,0,0,1451
184,13,0,18,7,6940020,4799,0,0,1464
185,11,0,13,12,7009140,4794,0,0,1475
186,10,0,16,9,7045680,4796,0,0,1485
187,8,0,9,16,7115220,4794,0,0,1493
188,11,0,12,13,7153200,4794,0,0,1504
189,6,0,11,14,7179240,4789,0,0,1510
190,5,0,9,16,7223400,4796,0,0,1515
191,5,0,9,16,7251960,4799,0,0,1520
192,4,0,7,18,7283280,4801,0,0,1524
193,6,0,8,17,7316820,4807,0,0,1530
194,2,0,4,21,7343100,4805,0,0,1532
195,4,0,6,19,7362240,4811,0,0,1536
196,5,0,6,19,7385820,4811,0,0,1541
197,4,0,7,18,7398960,4810,0,0,1545
198,7,0,8,17,7429020,4811,0,0,1552
199,15,0,15,10,7451700,4801,0,0,1567
200,7,0,14,11,7489800,4801,0,0,1574
201,8,0,11,14,7547460,4804,0,0,1582
202,13,0,17,8,7587240,4808,0,0,1595
203,18,0,19,6,7648380,4798,0,0,1613
204,7,0,13,12,7697460,4789,0,0,1620
205,11,0,15,10,7746360,4793,0,0,1631
206,6,0,8,17,7818540,4799,0,0,1637
207,10,0,10,15,7849260,4794,0,0,1647
208,11,0,15,10,7872840,4791,0,0,1658
209,10,0,12,13,7917840,4781,0,0,1668
210,15,0,17,8,7963080,4779,0,0,1683
211,11,0,15,10,8030820,4783,0,0,1694
212,4,0,7,18,8091120,4784,0,0,1698
213,7,0,8,17,8124780,4787,0,0,1705
214,5,0,7,18,8157060,4789,0,0,1710
215,8,0,9,16,8179800,4786,0,0,1718
216,6,0,9,16,8210220,4787,0,0,1724
217,4,0,5,20,8241900,4783,0,0,1728
218,5,0,6,19,8260080,4782,0,0,1733
219,3,0,3,22,8291160,4784,0,0,1736
220,3,0,6,19,8291160,4784,0,0,1739
221,4,0,7,18,8303880,4783,0,0,1743
222,8,0,10,15,8330760,4785,0,0,1751
223,7,0,11,14,8353920,4781,0,0,1758
224,10,0,10,15,8414220,4786,0,0,1768
225,6,0,7,18,8449740,4781,0,0,1774
226,6,0,7,18,8475720,4780,0,0,1780
227,9,0,12,13,8489760,4777,0,0,1789
228,11,0,18,7,8515920,4778,0,0,1800
229,11,0,14,11,8575440,4772,0,0,1811
230,9,0,15,10,8631540,4782,0,0,1820
231,9,0,15,10,8677560,4783,0,0,1829
232,10,0,11,14,8739900,4781,0,0,1839
233,12,0,16,9,8773620,4781,0,0,1851
234,15,0,19,6,8830440,4780,0,0,1866
235,6,0,14,11,8900100,4790,0,0,1872
236,7,0,5,20,8971260,4787,0,0,1879
237,3,0,6,19,8983680,4788,0,0,1882
238,6,0,9,16,8997900,4788,0,0,1888
239,8,0,11,14,9029760,4790,0,0,1896
240,6,0,11,14,9065160,4793,0,0,1902
241,4,0,6,19,9115140,4797,0,0,1906
242,1,0,2,23,9145020,4800,0,0,1907
243,6,0,5,20,9157140,4799,0,0,1913
244,6,0,10,15,9160380,4798,0,0,1919
245,10,0,13,12,9184740,4793,0,0,1929
246,7,0,11,14,9242280,4801,0,0,1936
247,8,0,9,16,9287520,4799,0,0,1944
248,7,0,10,15,9323820,4803,0,0,1951
249,4,0,7,18,9354720,4802,0,0,1955
250,15,0,16,9,9387420,4804,0,0,1970
251,12,0,17,8,9430020,4798,0,0,1982
252,14,0,22,3,9467280,4795,0,0,1996
253,11,0,16,9,9562500,4802,0,0,2007
254,12,0,17,8,9617580,4803,0,0,2019
255,7,0,13,12,9674580,4806,0,0,2026
256,8,0,12,13,9727440,4810,0,0,2034
257,6,0,12,13,9761100,4813,0,0,2040
258,11,0,14,11,9802320,4812,0,0,2051
259,5,0,10,15,9850200,4814,0,0,2056
260,8,0,11,14,9888840,4816,0,0,2064
261,7,0,9,16,9939000,4820,0,0,2071
262,4,0,8,17,9964140,4820,0,0,2075
263,7,0,5,20,10000920,4815,0,0,2082
264,5,0,8,17,10011420,4815,0,0,2087
265,2,0,4,21,10042380,4816,0,0,2089
266,4,0,3,22,10066380,4816,0,0,2093
267,6,0,5,20,10078920,4813,0,0,2099
268,9,0,9,16,10096320,4810,0,0,2108
269,5,0,6,19,10132680,4809,0,0,2113
270,7,0,10,15,10148100,4809,0,0,2120
271,11,0,12,13,10185420,4806,0,0,2131
272,13,0,17,8,10225560,4807,0,0,2144
273,6,0,11,14,10275780,4804,0,0,2150
274,11,0,13,12,10327500,4807,0,0,2161
275,11,0,13,12,10372920,4804,0,0,2172
276,7,0,11,14,10419420,4806,0,0,2179
277,6,0,9,16,10459380,4806,0,0,2185
278,16,0,20,5,10480320,4805,0,0,2201
279,13,0,15,10,10562940,4803,0,0,2214
280,7,0,13,12,10603800,4802,0,0,2221
281,11,0,13,12,10667700,4807,0,0,2232
282,12,0,16,9,10707540,4805,0,0,2244
283,8,0,12,13,10761780,4804,0,0,2252
284,4,0,5,20,10817400,4805,0,0,2256
285,7,0,7,18,10837920,4804,0,0,2263
286,5,0,7,18,10857600,4802,0,0,2268
287,2,0,4,21,10877640,4800,0,0,2270
288,7,0,9,16,10893960,4803,0,0,2277
289,5,0,7,18,10920060,4800,0,0,2282
290,3,0,4,21,10945320,4798,0,0,2285
291,6,0,8,17,10963440,4802,0,0,2291
292,4,0,7,18,10989960,4803,0,0,2295
293,6,0,6,19,11021760,4802,0,0,2301
294,5,0,5,20,11050620,4802,0,0,2306
295,12,0,17,8,11050620,4802,0,0,2318
296,8,0,12,13,11101260,4797,0,0,2326
297,10,0,13,12,11147040,4798,0,0,2336
298,6,0,8,17,11189340,4794,0,0,2342
299,11,0,10,15,11235060,4795,0,0,2353
300,9,0,12,13,11262600,4792,0,0,2362
301,16,0,18,7,11303760,4789,0,0,2378
302,9,0,14,11,11361840,4787,0,0,2387
303,15,0,15,10,11421780,4784,0,0,2402
304,13,0,19,6,11460480,4783,0,0,2415
305,14,0,21,4,11512560,4780,0,0,2429
306,8,0,13,12,11597280,4784,0,0,2437
307,6,0,9,16,11658300,4789,0,0,2443
308,6,0,7,18,11701920,4791,0,0,2449
309,9,0,10,15,11725320,4789,0,0,2458
310,7,0,10,15,11754720,4788,0,0,2465
311,7,0,10,15,11790420,4788,0,0,2472
312,6,0,11,14,11816160,4789,0,0,2478
313,6,0,11,14,11846880,4790,0,0,2484
314,3,0,6,19,11892180,4793,0,0,2487
315,8,0,4,21,11927040,4788,0,0,2495
316,5,0,6,19,11943840,4789,0,0,2500
317,3,0,5,20,11968140,4791,0,0,2503
318,5,0,6,19,11986800,4790,0,0,2508
319,10,0,13,12,11997120,4789,0,0,2518
320,13,0,16,9,12041400,4787,0,0,2531
321,9,0,13,12,12106440,4790,0,0,2540
322,11,0,14,11,12160080,4793,0,0,2551
323,13,0,16,9,12203820,4789,0,0,2564
324,11,0,15,10,12255540,4787,0,0,2575
325,14,0,18,7,12317400,4790,0,0,2589
326,11,0,16,9,12376500,4789,0,0,2600
327,13,0,17,8,12440220,4792,0,0,2613
328,10,0,12,13,12519240,4794,0,0,2623
329,8,0,13,12,12550920,4794,0,0,2631
330,5,0,7,18,12604800,4794,0,0,2636
331,11,0,12,13,12631560,4793,0,0,2647
332,7,0,12,13,12660300,4791,0,0,2654
333,8,0,10,15,12713460,4793,0,0,2662
334,5,0,9,16,12747840,4796,0,0,2667
335,8,0,9,16,12783180,4794,0,0,2675
336,1,0,4,21,12810240,4794,0,0,2676
337,4,0,5,20,12829020,4795,0,0,2680
338,1,0,3,22,12839580,4794,0,0,2681
339,4,0,4,21,12855540,4795,0,0,2685
340,4,0,7,18,12860640,4795,0,0,2689
341,6,0,6,19,12888600,4793,0,0,2695
342,5,0,7,18,12907620,4793,0,0,2700
343,10,0,9,16,12939120,4790,0,0,2710
344,7,0,11,14,12956820,4788,0,0,2717
345,8,0,12,13,12993840,4789,0,0,2725
346,12,0,13,12,13045740,4789,0,0,2737
347,11,0,16,9,13079700,4787,0,0,2748
348,11,0,15,10,13149240,4791,0,0,2759
349,12,0,15,10,13204140,4791,0,0,2771
350,18,0,19,6,13268400,4790,0,0,2789
351,11,0,17,8,13330980,4790,0,0,2800
352,10,0,13,12,13395240,4789,0,0,2810
353,6,0,10,15,13445460,4791,0,0,2816
354,9,0,9,16,13494240,4791,0,0,2825
355,12,0,15,10,13523820,4792,0,0,2837
356,13,0,14,11,13587540,4791,0,0,2850
357,8,0,12,13,13628160,4788,0,0,2858
358,4,0,6,19,13674060,4787,0,0,2862
359,2,0,2,23,13705980,4788,0,0,2864
360,5,0,5,20,13712760,4787,0,0,2869
361,12,0,13,12,13723020,4784,0,0,2881
362,4,0,10,15,13754820,4784,0,0,2885
363,7,0,8,17,13801560,4785,0,0,2892
364,3,0,4,21,13836360,4786,0,0,2895
365,4,0,6,19,13847220,4786,0,0,2899
366,5,0,6,19,13872300,4786,0,0,2904
367,14,0,16,9,13886400,4785,0,0,2918
368,7,0,15,10,13921680,4784,0,0,2925
369,8,0,11,14,13988040,4787,0,0,2933
370,12,0,13,12,14035200,4786,0,0,2945
371,13,0,18,7,14067420,4784,0,0,2958
372,6,0,13,12,14130120,4788,0,0,2964
373,9,0,13,12,14180760,4790,0,0,2973
374,12,0,15,10,14223900,4789,0,0,2985
375,10,0,15,10,14272920,4789,0,0,2995
376,12,0,17,8,14317800,4788,0,0,3007
377,7,0,11,14,14387640,4791,0,0,3014
378,11,0,14,11,14428140,4791,0,0,3025
379,10,0,15,10,14472480,4792,0,0,3035
380,5,0,9,16,14531220,4794,0,0,3040
381,8,0,11,14,14570760,4797,0,0,3048
382,13,0,18,7,14598480,4797,0,0,3061
383,5,0,11,14,14658600,4798,0,0,3066
384,3,0,5,20,14708160,4800,0,0,3069
385,2,0,2,23,14737440,4802,0,0,3071
386,1,0,2,23,14742360,4802,0,0,3072
387,3,0,3,22,14754300,4802,0,0,3075
388,10,0,11,14,14759940,4801,0,0,3085
389,3,0,6,19,14800260,4802,0,0,3088
390,6,0,7,18,14825700,4802,0,0,3094
391,7,0,9,16,14843580,4800,0,0,3101
392,8,0,13,12,14865660,4801,0,0,3109
393,9,0,16,9,14899920,4803,0,0,3118
394,10,0,17,8,14950140,4805,0,0,3128
395,12,0,17,8,15013680,4807,0,0,3140
396,9,0,17,8,15061020,4808,0,0,3149
397,7,0,12,13,15124380,4810,0,0,3156
398,8,0,8,17,15186720,4812,0,0,3164
399,5,0,8,17,15213240,4812,0,0,3169
400,7,0,7,18,15246600,4811,0,0,3176
401,10,0,10,15,15275460,4809,0,0,3186
402,12,0,17,8,15300780,4810,0,0,3198
403,6,0,12,13,15354420,4810,0,0,3204
404,5,0,7,18,15406920,4811,0,0,3209
405,5,0,6,19,15436080,4811,0,0,3214
406,5,0,8,17,15450120,4811,0,0,3219
407,10,0,11,14,15484200,4811,0,0,3229
408,4,0,9,16,15516900,4812,0,0,3233
409,4,0,7,18,15555720,4816,0,0,3237
410,5,0,7,18,15579840,4816,0,0,3242
411,3,0,5,20,15602880,4815,0,0,3245
412,4,0,3,22,15636660,4817,0,0,3249
413,8,0,9,16,15640260,4815,0,0,3257
414,5,0,6,19,15682140,4816,0,0,3262
415,5,0,8,17,15695400,4816,0,0,3267
416,4,0,5,20,15724560,4814,0,0,3271
417,13,0,11,14,15749940,4812,0,0,3284
418,9,0,16,9,15765780,4811,0,0,3293
419,11,0,16,9,15816480,4810,0,0,3304
420,13,0,18,7,15870000,4810,0,0,3317
421,6,0,11,14,15946020,4814,0,0,3323
422,15,0,17,8,15980340,4811,0,0,3338
423,9,0,13,12,16040640,4811,0,0,3347
424,9,0,12,13,16087500,4810,0,0,3356
425,13,0,17,8,16117680,4808,0,0,3369
426,12,0,16,9,16180440,4808,0,0,3381
427,11,0,15,10,16232340,4806,0,0,3392
428,6,0,11,14,16277760,4805,0,0,3398
429,5,0,10,15,16316220,4808,0,0,3403
430,4,0,7,18,16346640,4807,0,0,3407
431,7,0,6,19,16387380,4808,0,0,3414
432,5,0,5,20,16410900,4806,0,0,3419
433,3,0,4,21,16429680,4806,0,0,3422
434,4,0,5,20,16444800,4807,0,0,3426
435,6,0,8,17,16456620,4806,0,0,3432
436,2,0,4,21,16479720,4804,0,0,3434
437,6,0,3,22,16512240,4804,0,0,3440
438,6,0,6,19,16524600,4803,0,0,3446
439,8,0,11,14,16540020,4803,0,0,3454
440,7,0,8,17,16587900,4803,0,0,3461
441,6,0,8,17,16621560,4805,0,0,3467
442,9,0,10,15,16657680,4806,0,0,3476
443,10,0,14,11,16687140,4806,0,0,3486
444,10,0,13,12,16739700,4806,0,0,3496
445,11,0,16,9,16774140,4804,0,0,3507
446,12,0,17,8,16837260,4807,0,0,3519
447,12,0,20,5,16888140,4810,0,0,3531
448,7,0,9,16,16976700,4810,0,0,3538
449,11,0,12,13,17021700,4812,0,0,3549
450,10,0,17,8,17042280,4811,0,0,3559
451,9,0,17,8,17099760,4815,0,0,3568
452,5,0,11,14,17170020,4820,0,0,3573
453,7,0,6,19,17229360,4820,0,0,3580
454,9,0,10,15,17252160,4820,0,0,3589
455,11,0,10,15,17299620,4818,0,0,3600
456,13,0,14,11,17333880,4816,0,0,3613
457,4,0,8,17,17378400,4815,0,0,3617
458,4,0,6,19,17412600,4816,0,0,3621
459,5,0,9,16,17421240,4816,0,0,3626
460,5,0,10,15,17444820,4817,0,0,3631
461,3,0,6,19,17489280,4820,0,0,3634
462,8,0,11,14,17508480,4821,0,0,3642
463,10,0,15,10,17535660,4821,0,0,3652
464,7,0,15,10,17571840,4822,0,0,3659
465,7,0,9,16,17638260,4823,0,0,3666
466,11,0,12,13,17663940,4819,0,0,3677
467,14,0,13,12,17712480,4815,0,0,3691
468,8,0,11,14,17759760,4815,0,0,3699
469,11,0,15,10,17793420,4815,0,0,3710
470,6,0,8,17,17850780,4814,0,0,3716
471,6,0,10,15,17871720,4814,0,0,3722
472,11,0,13,12,17916480,4816,0,0,3733
473,11,0,14,11,17958900,4814,0,0,3744
474,10,0,12,13,18013800,4813,0,0,3754
475,8,0,10,15,18051420,4811,0,0,3762
476,10,0,12,13,18091680,4811,0,0,3772
477,10,0,12,13,18136140,4810,0,0,3782
478,9,0,16,9,18158820,4810,0,0,3791
479,3,0,3,22,18239340,4811,0,0,3794
480,4,0,5,20,18249540,4811,0,0,3798
481,5,0,8,17,18255900,4810,0,0,3803
482,7,0,11,14,18273840,4810,0,0,3810
483,4,0,10,15,18313200,4814,0,0,3814
484,5,0,7,18,18355560,4815,0,0,3819
485,11,0,12,13,18383100,4814,0,0,3830
486,9,0,15,10,18409800,4814,0,0,3839
487,9,0,14,11,18451920,4812,0,0,3848
488,8,0,10,15,18508860,4812,0,0,3856
489,8,0,10,15,18540360,4810,0,0,3864
490,6,0,12,13,18563160,4811,0,0,3870
491,12,0,13,12,18612360,4810,0,0,3882
492,11,0,12,13,18662760,4808,0,0,3893
493,8,0,10,15,18721140,4811,0,0,3901
494,12,0,15,10,18748020,4809,0,0,3913
495,13,0,15,10,18799440,4806,0,0,3926
496,11,0,17,8,18866280,4812,0,0,3937
497,11,0,18,7,18921420,4814,0,0,3948
498,10,0,15,10,18994500,4817,0,0,3958
499,3,0,6,19,19048620,4816,0,0,3961
500,6,0,7,18,19073640,4816,0,0,3967
501,8,0,10,15,19098900,4816,0,0,3975
502,4,0,7,18,19120200,4813,0,0,3979
503,6,0,8,17,19142820,4813,0,0,3985
504,2,0,5,20,19167600,4813,0,0,3987
505,6,0,6,19,19193220,4813,0,0,3993
506,6,0,7,18,19217280,4813,0,0,3999
507,3,0,6,19,19240080,4814,0,0,4002
508,8,0,8,17,19263900,4813,0,0,4010
509,10,0,12,13,19293780,4813,0,0,4020
510,12,0,14,11,19335360,4812,0,0,4032
511,5,0,9,16,19384980,4812,0,0,4037
512,7,0,11,14,19415520,4814,0,0,4044
513,13,0,13,12,19470660,4814,0,0,4057
514,6,0,12,13,19506060,4815,0,0,4063
515,8,0,11,14,19557360,4817,0,0,4071
516,8,0,12,13,19593900,4817,0,0,4079
517,12,0,18,7,19616820,4816,0,0,4091
518,8,0,15,10,19691460,4821,0,0,4099
519,13,0,15,10,19752120,4821,0,0,4112
520,11,0,17,8,19799940,4822,0,0,4123
521,8,0,11,14,19876800,4824,0,0,4131
522,7,0,11,14,19909320,4824,0,0,4138
523,6,0,8,17,19954500,4824,0,0,4144
524,5,0,8,17,19985220,4826,0,0,4149
525,7,0,10,15,20013240,4827,0,0,4156
526,10,0,11,14,20044140,4824,0,0,4166
527,3,0,7,18,20077560,4824,0,0,4169
528,7,0,9,16,20102100,4824,0,0,4176
529,4,0,7,18,20132220,4824,0,0,4180
530,2,0,6,19,20149860,4825,0,0,4182
531,11,0,11,14,20178720,4825,0,0,4193
532,6,0,10,15,20204700,4823,0,0,4199
533,7,0,7,18,20245080,4821,0,0,4206
534,7,0,10,15,20267280,4822,0,0,4213
535,9,0,13,12,20297520,4822,0,0,4222
536,5,0,9,16,20336160,4821,0,0,4227
537,9,0,11,14,20379540,4823,0,0,4236
538,9,0,11,14,20418240,4822,0,0,4245
539,10,0,13,12,20455080,4822,0,0,4255
540,11,0,16,9,20495460,4822,0,0,4266
541,7,0,13,12,20544660,4822,0,0,4273
542,11,0,14,11,20599440,4824,0,0,4284
543,8,0,10,15,20653920,4823,0,0,4292
544,12,0,16,9,20685180,4823,0,0,4304
545,9,0,11,14,20745000,4822,0,0,4313
546,6,0,9,16,20790720,4823,0,0,4319
547,8,0,11,14,20826840,4825,0,0,4327
548,8,0,10,15,20865240,4824,0,0,4335
549,10,0,14,11,20893260,4824,0,0,4345
550,16,0,20,5,20936700,4823,0,0,4361
551,6,0,15,10,20992440,4823,0,0,4367
552,8,0,9,16,21072600,4826,0,0,4375
553,7,0,9,16,21106260,4826,0,0,4382
554,7,0,9,16,21151920,4829,0,0,4389
555,2,0,6,19,21175020,4828,0,0,4391
556,9,0,10,15,21208620,4831,0,0,4400
557,2,0,5,20,21246600,4832,0,0,4402
558,3,0,5,20,21266520,4833,0,0,4405
559,10,0,10,15,21284520,4831,0,0,4415
560,10,0,14,11,21315000,4832,0,0,4425
561,12,0,21,4,21342240,4832,0,0,4437
562,10,0,14,11,21431580,4834,0,0,4447
563,8,0,13,12,21479160,4835,0,0,4455
564,9,0,12,13,21533580,4836,0,0,4464
565,10,0,11,14,21585720,4836,0,0,4474
566,5,0,9,16,21620580,4836,0,0,4479
567,13,0,11,14,21668400,4835,0,0,4492
568,8,0,12,13,21691440,4833,0,0,4500
569,14,0,16,9,21741420,4833,0,0,4514
570,13,0,20,5,21782040,4832,0,0,4527
571,12,0,18,7,21841440,4831,0,0,4539
572,7,0,11,14,21911220,4831,0,0,4546
573,11,0,11,14,21963480,4831,0,0,4557
574,4,0,8,17,21998760,4831,0,0,4561
575,9,0,10,15,22034460,4832,0,0,4570
576,5,0,10,15,22055760,4831,0,0,4575
577,4,0,9,16,22088280,4833,0,0,4579
578,4,0,6,19,22124160,4833,0,0,4583
579,8,0,6,19,22160760,4833,0,0,4591
580,4,0,5,20,22181700,4832,0,0,4595
581,6,0,7,18,22203060,4833,0,0,4601
582,6,0,10,15,22219260,4833,0,0,4607
583,6,0,8,17,22262040,4834,0,0,4613
584,5,0,6,19,22293960,4833,0,0,4618
585,8,0,8,17,22318380,4832,0,0,4626
586,10,0,14,11,22333140,4831,0,0,4636
587,12,0,19,6,22375680,4833,0,0,4648
588,23,2,25,0,22446060,4833,2460,0,4671
589,13,0,23,2,22512900,4830,3660,0,4684
590,10,0,17,8,22609260,4834,3660,0,4694
591,10,0,17,8,22658700,4834,3660,0,4704
592,14,0,20,5,22717500,4835,3660,0,4718
593,12,0,14,11,22805820,4835,3660,0,4730
594,10,0,11,14,22858800,4833,3660,0,4740
595,9,0,13,12,22893180,4833,3660,0,4749
596,12,0,14,11,22956480,4835,3660,0,4761
597,3,0,9,16,22996740,4836,3660,0,4764
598,10,0,9,16,23050980,4837,3660,0,4774
599,6,0,9,16,23078100,4837,3660,0,4780
600,7,0,10,15,23108700,4837,3660,0,4787
601,7,0,10,15,23142120,4837,3660,0,4794
602,3,0,5,20,23190120,4839,3660,0,4797
603,7,0,7,18,23215800,4839,3660,0,4804
604,13,0,11,14,23246760,4837,3660,0,4817
605,5,0,11,14,23269200,4836,3660,0,4822
606,9,0,11,14,23314740,4837,3660,0,4831
607,7,0,10,15,23348160,4835,3660,0,4838
608,7,0,8,17,23395320,4836,3660,0,4845
609,8,0,8,17,23421000,4834,3660,0,4853
610,12,0,11,14,23459040,4832,3660,0,4865
611,7,0,12,13,23478420,4830,3660,0,4872
612,13,0,18,7,23511480,4830,3660,0,4885
613,12,0,20,5,23570820,4833,3660,0,4897
614,6,0,9,16,23654340,4833,3660,0,4903
615,7,0,7,18,23691960,4832,3660,0,4910
616,14,0,12,13,23724060,4829,3660,0,4924
617,11,0,15,10,23759940,4829,3660,0,4935
618,7,0,10,15,23809800,4827,3660,0,4942
619,9,0,11,14,23848980,4827,3660,0,4951
620,8,0,7,18,23897820,4825,3660,0,4959
621,6,0,12,13,23900580,4825,3660,0,4965
622,8,0,15,10,23931600,4826,3660,0,4973
623,3,0,8,17,23977860,4826,3660,0,4976
624,7,0,7,18,24036660,4830,3660,0,4983
625,2,0,6,19,24054360,4831,3660,0,4985
626,8,0,9,16,24080160,4831,3660,0,4993
627,5,0,11,14,24090180,4830,3660,0,4998
628,4,0,8,17,24135240,4832,3660,0,5002
629,10,0,11,14,24165840,4832,3660,0,5012
630,5,0,7,18,24198360,4830,3660,0,5017
631,9,0,12,13,24212640,4829,3660,0,5026
632,6,0,8,17,24263700,4829,3660,0,5032
633,11,0,12,13,24287040,4827,3660,0,5043
634,15,0,16,9,24334800,4826,3660,0,5058
635,18,0,23,2,24379560,4824,3660,0,5076
636,9,0,17,8,24447600,4823,3660,0,5085
637,12,0,16,9,24515580,4824,3660,0,5097
638,11,0,15,10,24567540,4823,3660,0,5108
639,8,0,12,13,24622260,4824,3660,0,5116
640,15,0,13,12,24693000,4824,3660,0,5131
641,11,0,16,9,24728100,4824,3660,0,5142
642,7,0,10,15,24786060,4823,3660,0,5149
643,9,0,9,16,24840000,4824,3660,0,5158
644,5,0,7,18,24868860,4823,3660,0,5163
645,5,0,7,18,24894720,4823,3660,0,5168
646,5,0,4,21,24926820,4822,3660,0,5173
647,12,0,9,16,24944820,4819,3660,0,5185
648,3,0,6,19,24967320,4818,3660,0,5188
649,4,0,5,20,24994260,4818,3660,0,5192
650,8,0,9,16,25015140,4818,3660,0,5200
651,4,0,7,18,25039500,4818,3660,0,5204
652,6,0,4,21,25081200,4817,3660,0,5210
653,6,0,8,17,25092720,4818,3660,0,5216
654,4,0,5,20,25122720,4817,3660,0,5220
655,7,0,8,17,25139100,4816,3660,0,5227
656,6,0,9,16,25161300,4816,3660,0,5233
657,9,0,12,13,25187880,4816,3660,0,5242
658,11,0,12,13,25240620,4815,3660,0,5253
659,7,0,10,15,25276980,4814,3660,0,5260
660,10,0,13,12,25306440,4813,3660,0,5270
661,13,0,17,8,25355700,4814,3660,0,5283
662,16,0,23,2,25401120,4814,3660,0,5299
663,8,0,14,11,25485600,4814,3660,0,5307
664,12,0,14,11,25552920,4816,3660,0,5319
665,14,0,15,10,25611900,4816,3660,0,5333
666,7,0,12,13,25662900,4816,3660,0,5340
667,1,0,3,22,25710000,4816,3660,0,5341
668,3,0,4,21,25719000,4816,3660,0,5344
669,9,0,8,17,25741320,4815,3660,0,5353
670,8,0,10,15,25761360,4814,3660,0,5361
671,2,0,5,20,25795200,4814,3660,0,5363
672,3,0,4,21,25817400,4814,3660,0,5366
673,5,0,8,17,25819500,4814,3660,0,5371
674,4,0,8,17,25835160,4813,3660,0,5375
675,7,0,11,14,25844400,4811,3660,0,5382
676,3,0,9,16,25873680,4812,3660,0,5385
677,9,0,13,12,25897380,4812,3660,0,5394
678,8,0,15,10,25920480,4811,3660,0,5402
679,9,0,17,8,25940340,4809,3660,0,5411
680,8,0,14,11,25999440,4810,3660,0,5419
681,10,0,13,12,26042100,4808,3660,0,5429
682,16,0,20,5,26080800,4807,3660,0,5445
683,6,0,15,10,26125020,4805,3660,0,5451
684,18,0,23,2,26171340,4805,3660,0,5469
685,7,0,18,7,26236200,4806,4080,0,5476
686,14,0,19,6,26305740,4808,4080,0,5490
687,12,0,17,8,26370180,4807,4080,0,5502
688,7,0,11,14,26432940,4807,4080,0,5509
689,6,0,13,12,26453400,4807,4080,0,5515
690,6,0,12,13,26484960,4807,4080,0,5521
691,5,0,11,14,26519640,4808,4080,0,5526
692,2,0,7,18,26550840,4809,4080,0,5528
693,10,0,13,12,26571600,4809,4080,0,5538
694,6,0,14,11,26586540,4807,4080,0,5544
695,4,0,10,15,26630940,4808,4080,0,5548
696,7,0,14,11,26647620,4809,4080,0,5555
697,9,0,11,14,26700180,4808,4080,0,5564
698,5,0,9,16,26726160,4806,4080,0,5569
699,3,0,7,18,26754120,4807,4080,0,5572
700,12,0,14,11,26775360,4807,4080,0,5584
701,5,0,12,13,26807940,4806,4080,0,5589
702,6,0,11,14,26842620,4807,4080,0,5595
703,6,0,12,13,26868360,4807,4080,0,5601
704,9,0,15,10,26890440,4806,4080,0,5610
705,8,0,14,11,26946480,4808,4080,0,5618
706,14,0,22,3,26973060,4808,4080,0,5632
707,15,0,23,2,27026100,4805,5040,0,5647
708,14,0,20,5,27114120,4806,5040,0,5661
709,8,0,14,11,27173880,4805,5040,0,5669
710,14,0,22,3,27207060,4806,5040,0,5683
711,5,0,12,13,27274440,4805,5040,0,5688
712,16,0,21,4,27299940,4803,5040,0,5704
713,9,0,17,8,27368760,4804,5040,0,5713
714,7,0,13,12,27424320,4805,5040,0,5720
715,13,0,16,9,27471900,4805,5040,0,5733
716,5,0,15,10,27498060,4804,5040,0,5738
717,7,0,11,14,27550620,4804,5040,0,5745
718,6,0,10,15,27591480,4806,5040,0,5751
719,2,0,8,17,27612720,4806,5040,0,5753
720,5,0,8,17,27636480,4806,5040,0,5758
721,6,0,12,13,27648360,4806,5040,0,5764
722,2,0,10,15,27670140,4807,5040,0,5766
723,3,0,7,18,27705060,4808,5040,0,5769
724,8,0,12,13,27723660,4808,5040,0,5777
725,3,0,9,16,27754800,4809,5040,0,5780
726,0,0,4,21,27781440,4809,5040,0,5780
727,6,0,8,17,27789060,4809,5040,0,5786
728,12,0,16,9,27801540,4808,5040,0,5798
729,7,0,17,8,27825060,4807,5040,0,5805
730,8,0,10,15,27898260,4807,5040,0,5813
731,6,0,10,15,27917280,4805,5040,0,5819
732,10,0,14,11,27951360,4806,5040,0,5829
733,12,0,17,8,27996780,4807,5040,0,5841
734,14,0,19,6,28054200,4807,5040,0,5855
735,9,0,17,8,28113180,4808,5040,0,5864
736,10,0,17,8,28168920,4809,5040,0,5874
737,11,0,11,14,28246380,4808,5040,0,5885
738,9,0,14,11,28276380,4808,5040,0,5894
739,11,0,17,8,28303800,4807,5040,0,5905
740,7,0,13,12,28362720,4808,5040,0,5912
741,8,0,13,12,28395600,4807,5040,0,5920
742,5,0,11,14,28436760,4808,5040,0,5925
743,7,0,13,12,28464900,4809,5040,0,5932
744,8,0,13,12,28505340,4809,5040,0,5940
745,4,0,9,16,28542300,4809,5040,0,5944
746,3,0,5,20,28573800,4808,5040,0,5947
747,6,0,9,16,28582260,4808,5040,0,5953
748,6,0,9,16,28603800,4807,5040,0,5959
749,10,0,17,8,28614240,4807,5040,0,5969
750,13,0,19,6,28664400,4807,5040,0,5982
751,8,0,12,13,28725780,4805,5040,0,5990
752,6,0,11,14,28760880,4805,5040,0,5996
753,4,0,9,16,28793820,4806,5040,0,6000
754,6,0,10,15,28822140,4806,5040,0,6006
755,8,0,13,12,28840200,4805,5040,0,6014
756,15,0,20,5,28885860,4807,5040,0,6029
757,12,0,22,3,28926120,4805,5040,0,6041
758,10,0,17,8,28997280,4805,5040,0,6051
759,14,0,22,3,29042340,4805,5040,0,6065
760,11,0,20,5,29099280,4805,5040,0,6076
761,11,0,18,7,29164380,4805,5040,0,6087
762,9,0,14,11,29219940,4804,5040,0,6096
763,8,0,12,13,29269380,4804,5040,0,6104
764,6,0,12,13,29292780,4803,5040,0,6110
765,4,0,11,14,29320740,4804,5040,0,6114
766,5,0,10,15,29351040,4804,5040,0,6119
767,9,0,14,11,29378880,4805,5040,0,6128
768,7,0,10,15,29426520,4804,5040,0,6135
769,8,0,14,11,29445060,4804,5040,0,6143
770,3,0,8,17,29493420,4805,5040,0,6146
771,2,0,5,20,29526780,4806,5040,0,6148
772,5,0,7,18,29535540,4805,5040,0,6153
773,5,0,7,18,29550960,4804,5040,0,6158
774,6,0,11,14,29563080,4804,5040,0,6164
775,12,0,17,8,29575980,4802,5040,0,6176
776,7,0,12,13,29627940,4801,5040,0,6183
777,17,0,21,4,29664000,4800,5040,0,6200
778,6,0,15,10,29719080,4800,5040,0,6206
779,6,0,12,13,29764860,4800,5040,0,6212
780,13,0,20,5,29789520,4800,5040,0,6225
781,10,0,21,4,29832780,4800,5040,0,6235
782,10,0,21,4,29895240,4803,5040,0,6245
783,10,0,18,7,29969280,4805,5040,0,6255
784,14,0,21,4,30023400,4805,5040,0,6269
785,13,0,22,3,30083100,4805,5040,0,6282
786,5,0,13,12,30154680,4806,5040,0,6287
787,8,0,12,13,30200220,4806,5040,0,6295
788,5,0,12,13,30228720,4807,5040,0,6300
789,11,0,14,11,30268980,4806,5040,0,6311
790,7,0,15,10,30290220,4805,5040,0,6318
791,4,0,10,15,30335880,4806,5040,0,6322
792,10,0,16,9,30362700,4807,5040,0,6332
793,6,0,11,14,30411960,4806,5040,0,6338
794,5,0,13,12,30427380,4806,5040,0,6343
795,9,0,14,11,30475440,4808,5040,0,6352
796,5,0,10,15,30515880,4807,5040,0,6357
797,5,0,10,15,30539700,4807,5040,0,6362
798,8,0,13,12,30556500,4806,5040,0,6370
799,6,0,12,13,30591840,4807,5040,0,6376
800,8,0,13,12,30619500,4806,5040,0,6384
801,10,0,15,10,30658080,4806,5040,0,6394
802,11,0,17,8,30696480,4805,5040,0,6405
803,13,0,19,6,30749580,4805,5040,0,6418
804,9,0,16,9,30818880,4807,5040,0,6427
805,14,0,20,5,30857040,4805,5040,0,6441
806,15,0,21,4,30913920,4804,5040,0,6456
807,15,0,23,2,30970800,4803,5100,0,6471
808,10,0,19,6,31053480,4805,5100,0,6481
809,9,0,16,9,31116360,4806,5100,0,6490
810,6,0,14,11,31156020,4806,5100,0,6496
811,14,0,19,6,31196520,4806,5100,0,6510
812,9,0,17,8,31246860,4805,5100,0,6519
813,3,0,11,14,31296840,4806,5100,0,6522
814,4,0,8,17,31337400,4807,5100,0,6526
815,5,0,9,16,31354860,4807,5100,0,6531
816,4,0,8,17,31381020,4807,5100,0,6535
817,6,0,12,13,31390500,4807,5100,0,6541
818,2,0,7,18,31417560,4806,5100,0,6543
819,9,0,13,12,31431180,4806,5100,0,6552
820,5,0,14,11,31447500,4806,5100,0,6557
821,6,0,12,13,31497480,4808,5100,0,6563
822,8,0,12,13,31536060,4808,5100,0,6571
823,10,0,13,12,31574640,4807,5100,0,6581
824,10,0,18,7,31598400,4807,5100,0,6591
825,4,0,12,13,31651380,4808,5100,0,6595
826,12,0,16,9,31697400,4809,5100,0,6607
827,11,0,20,5,31731420,4809,5100,0,6618
828,19,3,25,0,31780260,4808,6120,0,6637
829,11,0,24,1,31857600,4809,9600,1,6648
830,13,0,21,4,31939320,4810,9600,1,6661
831,9,0,18,7,31998180,4810,9600,1,6670
832,10,0,12,13,32074260,4810,9600,1,6680
833,11,0,21,4,32082300,4809,9600,1,6691
834,12,0,17,8,32154900,4809,9600,1,6703
835,14,0,22,3,32193240,4808,9600,1,6717
836,6,0,12,13,32262600,4807,9600,1,6723
837,9,0,14,11,32302500,4808,9600,1,6732
838,2,0,10,15,32340900,4809,9600,1,6734
839,6,0,9,16,32382660,4810,9600,1,6740
840,5,0,13,12,32390100,4811,9600,1,6745
841,6,0,13,12,32425260,4812,9600,1,6751
842,7,0,13,12,32464920,4813,9600,1,6758
843,5,0,10,15,32502120,4812,9600,1,6763
844,4,0,7,18,32537520,4813,9600,1,6767
845,4,0,8,17,32546040,4812,9600,1,6771
846,6,0,10,15,32560980,4811,9600,1,6777
847,8,0,15,10,32575560,4811,9600,1,6785
848,14,0,19,6,32625060,4811,9600,1,6799
849,8,0,17,8,32671620,4811,9600,1,6807
850,10,0,15,10,32731020,4811,9600,1,6817
851,17,0,24,1,32758080,4810,9600,1,6834
852,9,0,16,9,32836920,4809,9600,1,6843
853,13,0,22,3,32866380,4809,9600,1,6856
854,20,5,25,0,32929260,4810,14280,2,6876
855,10,0,20,5,33021420,4809,26160,3,6886
856,5,0,12,13,33091800,4810,26160,3,6891
857,17,0,21,4,33137400,4811,26160,3,6908
858,9,0,23,2,33161040,4810,26160,3,6917
859,12,0,21,4,33238860,4811,26280,3,6929
860,6,0,14,11,33321240,4814,26280,3,6935
861,3,0,9,16,33366060,4815,26280,3,6938
862,6,0,11,14,33392460,4816,26280,3,6944
863,6,0,11,14,33423480,4816,26280,3,6950
864,6,0,13,12,33440580,4816,26280,3,6956
865,3,0,8,17,33490920,4818,26280,3,6959
866,2,0,6,19,33512100,4818,26280,3,6961
867,2,0,7,18,33519240,4818,26280,3,6963
868,6,0,9,16,33532020,4817,26280,3,6969
869,7,0,11,14,33552960,4817,26280,3,6976
870,7,0,12,13,33582540,4817,26280,3,6983
871,7,0,11,14,33617640,4816,26280,3,6990
872,7,0,13,12,33643020,4817,26280,3,6997
873,7,0,14,11,33675660,4817,26280,3,7004
874,13,0,17,8,33707820,4815,26280,3,7017
875,9,0,16,9,33744120,4813,26280,3,7026
876,19,0,21,4,33807000,4813,26280,3,7045
877,17,2,25,0,33849360,4811,28920,4,7062
878,9,0,19,6,33930720,4811,29820,4,7071
879,8,0,12,13,34005060,4811,29820,4,7079
880,7,0,15,10,34019340,4811,29820,4,7086
881,18,0,21,4,34071300,4810,29820,4,7104
882,11,0,23,2,34114200,4810,29820,4,7115
883,6,0,14,11,34190820,4810,29820,4,7121
884,2,0,7,18,34241880,4811,29820,4,7123
885,5,0,9,16,34260360,4812,29820,4,7128
886,7,0,11,14,34279200,4811,29820,4,7135
887,12,0,15,10,34307880,4810,29820,4,7147
888,3,0,10,15,34350240,4810,29820,4,7150
889,2,0,6,19,34381260,4811,29820,4,7152
890,7,0,11,14,34389660,4811,29820,4,7159
891,6,0,10,15,34422480,4810,29820,4,7165
892,7,0,14,11,34436160,4810,29820,4,7172
893,3,0,8,17,34483140,4811,29820,4,7175
894,4,0,6,19,34506060,4810,29820,4,7179
895,7,0,11,14,34514160,4810,29820,4,7186
896,7,0,11,14,34543980,4809,29820,4,7193
897,7,0,11,14,34575780,4809,29820,4,7200
898,8,0,14,11,34599540,4809,29820,4,7208
899,9,0,15,10,34637580,4809,29820,4,7217
900,8,0,15,10,34679340,4809,29820,4,7225
901,11,0,20,5,34710360,4810,29820,4,7236
902,12,0,22,3,34767900,4811,30000,4,7248
903,13,0,21,4,34829940,4810,30000,4,7261
904,6,0,13,12,34909320,4812,30000,4,7267
905,9,0,17,8,34936860,4812,30000,4,7276
906,8,0,14,11,34992000,4813,30000,4,7284
907,9,0,14,11,35041020,4813,30000,4,7293
908,15,0,21,4,35075580,4813,30000,4,7308
909,13,0,20,5,35138220,4812,30000,4,7321
910,3,0,11,14,35198700,4813,30000,4,7324
911,7,0,10,15,35239620,4813,30000,4,7331
912,3,0,10,15,35249460,4812,30000,4,7334
913,4,0,9,16,35270160,4812,30000,4,7338
914,5,0,10,15,35298780,4813,30000,4,7343
915,7,0,11,14,35323320,4813,30000,4,7350
916,7,0,11,14,35356140,4812,30000,4,7357
917,10,0,16,9,35372220,4811,30000,4,7367
918,6,0,8,17,35430600,4810,30000,4,7373
919,7,0,11,14,35446320,4810,30000,4,7380
920,9,0,15,10,35468160,4809,30000,4,7389
921,14,0,23,2,35496540,4809,30000,4,7403
922,19,4,25,0,35567760,4811,34740,4,7422
923,7,0,21,4,35621340,4808,46320,6,7429
924,12,0,17,8,35721540,4811,46320,6,7441
925,9,0,16,9,35773080,4812,46320,6,7450
926,10,0,21,4,35800020,4812,46320,6,7460
927,13,0,19,6,35864580,4811,46320,6,7473
928,9,0,14,11,35936580,4812,46320,6,7482
929,8,0,14,11,35980020,4812,46320,6,7490
930,8,0,15,10,36025740,4814,46320,6,7498
931,1,0,10,15,36057480,4814,46320,6,7499
932,4,0,6,19,36104400,4815,46320,6,7503
933,7,0,12,13,36109440,4815,46320,6,7510
934,4,0,8,17,36142140,4815,46320,6,7514
935,3,0,9,16,36154440,4815,46320,6,7517
936,5,0,9,16,36181020,4815,46320,6,7522
937,6,0,11,14,36201180,4815,46320,6,7528
938,7,0,10,15,36229200,4814,46320,6,7535
939,8,0,9,16,36260460,4812,46320,6,7543
940,8,0,10,15,36279480,4810,46320,6,7551
941,9,0,14,11,36301140,4810,46320,6,7560
942,9,0,16,9,36336420,4810,46320,6,7569
943,12,0,20,5,36378840,4811,46320,6,7581
944,10,0,16,9,36450780,4811,46320,6,7591
945,6,0,14,11,36497700,4813,46320,6,7597
946,8,0,12,13,36544980,4812,46320,6,7605
947,9,0,13,12,36580380,4812,46320,6,7614
948,11,0,19,6,36601140,4812,46320,6,7625
949,11,0,23,2,36637920,4812,46320,6,7636
950,17,3,25,0,36704160,4813,46440,6,7653
951,11,1,25,0,36772800,4814,58260,7,7664
952,5,0,13,12,36873600,4816,58260,7,7669
953,8,0,15,10,36904440,4816,58260,7,7677
954,10,0,15,10,36958020,4817,58260,7,7687
955,8,0,13,12,37010820,4817,58260,7,7695
956,9,0,16,9,37041960,4818,58260,7,7704
957,1,0,10,15,37075860,4818,58260,7,7705
958,10,0,12,13,37124460,4819,58260,7,7715
959,12,0,16,9,37150020,4817,58260,7,7727
960,6,0,13,12,37192620,4817,58260,7,7733
961,6,0,13,12,37224120,4818,58260,7,7739
962,4,0,9,16,37267800,4818,58260,7,7743
963,10,0,16,9,37282860,4818,58260,7,7753
964,5,0,12,13,37323480,4818,58260,7,7758
965,8,0,12,13,37358400,4817,58260,7,7766
966,9,0,13,12,37387020,4816,58260,7,7775
967,4,0,11,14,37412700,4816,58260,7,7779
968,12,0,17,8,37442400,4816,58260,7,7791
969,11,0,21,4,37475460,4816,58260,7,7802
970,7,0,16,9,37544760,4817,58260,7,7809
971,8,0,11,14,37608180,4817,58260,7,7817
972,14,0,19,6,37631820,4817,58260,7,7831
973,13,0,20,5,37687980,4816,58260,7,7844
974,11,0,18,7,37738680,4815,58260,7,7855
975,12,0,21,4,37779180,4815,58260,7,7867
976,6,0,15,10,37846920,4816,58260,7,7873
977,8,0,11,14,37909980,4817,58260,7,7881
978,7,0,10,15,37927560,4814,58260,7,7888
979,7,0,11,14,37954920,4814,58260,7,7895
980,12,0,19,6,37967760,4813,58260,7,7907
981,10,0,20,5,38015400,4813,58260,7,7917
982,5,0,14,11,38074380,4814,58260,7,7922
983,8,0,13,12,38112540,4814,58260,7,7930
984,5,0,10,15,38155500,4814,58260,7,7935
985,8,0,12,13,38176980,4813,58260,7,7943
986,2,0,6,19,38209980,4812,58260,7,7945
987,9,0,11,14,38225220,4812,58260,7,7954
988,8,0,13,12,38249940,4811,58260,7,7962
989,3,0,10,15,38280480,4812,58260,7,7965
990,7,0,12,13,38305380,4812,58260,7,7972
991,5,0,10,15,38333820,4811,58260,7,7977
992,6,0,12,13,38365020,4813,58260,7,7983
993,8,0,13,12,38391120,4812,58260,7,7991
994,7,0,16,9,38415540,4812,58260,7,7998
995,12,0,20,5,38455080,4812,58260,7,8010
996,9,0,11,14,38536380,4812,58260,7,8019
997,12,0,18,7,38558760,4812,58260,7,8031
998,9,0,16,9,38605980,4811,58260,7,8040
999,12,0,19,6,38646780,4811,58260,7,8052
1000,9,0,18,7,38699160,4811,58260,7,8061
1001,5,0,12,13,38748360,4811,58260,7,8066
1002,1,0,8,17,38778300,4811,58260,7,8067
1003,10,0,13,12,38810100,4812,58260,7,8077
1004,7,0,12,13,38842620,4812,58260,7,8084
1005,9,0,12,13,38889420,4812,58260,7,8093
1006,8,0,13,12,38921280,4812,58260,7,8101
1007,7,0,13,12,38952780,4811,58260,7,8108
1008,4,0,10,15,38997000,4813,58260,7,8112
1009,4,0,7,18,39031500,4813,58260,7,8116
1010,2,0,6,19,39047280,4813,58260,7,8118
1011,2,0,7,18,39051300,4813,58260,7,8120
1012,6,0,10,15,39063360,4813,58260,7,8126
1013,8,0,12,13,39090360,4812,58260,7,8134
1014,8,0,13,12,39119520,4812,58260,7,8142
1015,4,0,10,15,39157140,4812,58260,7,8146
1016,6,0,11,14,39182940,4813,58260,7,8152
1017,8,0,12,13,39213300,4812,58260,7,8160
1018,10,0,14,11,39245100,4811,58260,7,8170
1019,10,0,14,11,39287820,4811,58260,7,8180
1020,20,0,23,2,39342540,4811,58260,7,8200
1021,11,0,22,3,39385080,4809,58260,7,8211
1022,14,1,25,0,39440760,4810,58260,7,8225
1023,10,0,19,6,39537900,4812,62520,7,8235
1024,10,0,18,7,39600000,4813,62520,7,8245
1025,6,0,11,14,39667800,4814,62520,7,8251
1026,6,0,11,14,39692100,4813,62520,7,8257
1027,11,0,17,8,39715200,4813,62520,7,8268
1028,6,0,14,11,39762240,4813,62520,7,8274
1029,9,0,15,10,39804900,4814,62520,7,8283
1030,3,0,10,15,39852060,4815,62520,7,8286
1031,7,0,12,13,39879780,4815,62520,7,8293
1032,7,0,13,12,39901680,4814,62520,7,8300
1033,4,0,9,16,39945120,4815,62520,7,8304
1034,5,0,7,18,39972420,4814,62520,7,8309
1035,5,0,8,17,39987300,4814,62520,7,8314
1036,7,0,11,14,40004340,4814,62520,7,8321
1037,4,0,7,18,40035960,4813,62520,7,8325
1038,3,0,8,17,40046220,4813,62520,7,8328
1039,11,0,13,12,40073880,4813,62520,7,8339
1040,9,0,14,11,40100520,4811,62520,7,8348
1041,10,0,16,9,40135800,4811,62520,7,8358
1042,12,0,18,7,40182180,4811,62520,7,8370
1043,15,0,19,6,40240920,4810,62520,7,8385
1044,5,0,12,13,40298520,4810,62520,7,8390
1045,1,0,5,20,40338900,4810,62520,7,8391
1046,7,0,9,16,40359840,4811,62520,7,8398
1047,8,0,11,14,40377780,4809,62520,7,8406
1048,8,0,14,11,40398780,4809,62520,7,8414
1049,9,0,15,10,40441140,4809,62520,7,8423
1050,8,0,13,12,40480200,4808,62520,7,8431
1051,4,0,9,16,40518480,4808,62520,7,8435
1052,5,0,9,16,40546260,4809,62520,7,8440
1053,6,0,11,14,40561980,4808,62520,7,8446
1054,6,0,12,13,40590420,4809,62520,7,8452
1055,7,0,14,11,40611840,4808,62520,7,8459
1056,6,0,14,11,40644240,4809,62520,7,8465
1057,7,0,12,13,40682880,4808,62520,7,8472
1058,4,0,7,18,40730640,4809,62520,7,8476
1059,3,0,9,16,40734960,4809,62520,7,8479
1060,8,0,13,12,40754220,4809,62520,7,8487
1061,6,0,13,12,40791420,4810,62520,7,8493
1062,7,0,12,13,40829820,4810,62520,7,8500
1063,6,0,14,11,40848600,4810,62520,7,8506
1064,7,0,14,11,40896420,4811,62520,7,8513
1065,7,0,14,11,40932660,4812,62520,7,8520
1066,14,0,18,7,40988700,4813,62520,7,8534
1067,13,0,22,3,41028240,4812,62520,7,8547
1068,13,0,22,3,41078100,4811,62520,7,8560
1069,10,0,13,12,41165220,4810,62520,7,8570
1070,11,0,13,12,41207460,4809,62520,7,8581
1071,7,0,11,14,41242320,4808,62520,7,8588
1072,8,0,11,14,41274780,4807,62520,7,8596
1073,8,0,16,9,41288040,4807,62520,7,8604
1074,11,0,19,6,41326200,4807,62520,7,8615
1075,10,0,17,8,41385660,4807,62520,7,8625
1076,10,0,18,7,41429340,4807,62520,7,8635
1077,5,0,12,13,41479920,4807,62520,7,8640
1078,11,0,15,10,41527200,4808,62520,7,8651
1079,4,0,12,13,41559420,4808,62520,7,8655
1080,5,0,10,15,41596620,4808,62520,7,8660
1081,2,0,6,19,41621340,4808,62520,7,8662
1082,4,0,6,19,41643660,4808,62520,7,8666
1083,10,0,14,11,41650260,4808,62520,7,8676
1084,3,0,8,17,41693760,4808,62520,7,8679
1085,4,0,9,16,41710980,4808,62520,7,8683
1086,6,0,11,14,41737920,4809,62520,7,8689
1087,9,0,13,12,41764500,4808,62520,7,8698
1088,5,0,12,13,41791020,4808,62520,7,8703
1089,5,0,10,15,41826660,4808,62520,7,8708
1090,14,0,19,6,41848620,4808,62520,7,8722
1091,12,0,18,7,41895180,4806,62520,7,8734
1092,13,0,20,5,41945940,4806,62520,7,8747
1093,9,0,16,9,41998260,4805,62520,7,8756
1094,12,0,20,5,42042660,4805,62520,7,8768
1095,10,0,18,7,42101160,4806,62520,7,8778
1096,12,0,19,6,42151620,4805,62520,7,8790
1097,9,0,15,10,42209220,4805,62520,7,8799
1098,7,0,13,12,42258960,4805,62520,7,8806
1099,6,0,9,16,42301500,4805,62520,7,8812
1100,10,0,17,8,42311340,4805,62520,7,8822
1101,4,0,14,11,42345300,4805,62520,7,8826
1102,6,0,9,16,42401580,4805,62520,7,8832
1103,8,0,10,15,42434220,4805,62520,7,8840
1104,4,0,12,13,42442440,4805,62520,7,8844
1105,7,0,13,12,42476340,4806,62520,7,8851
1106,4,0,10,15,42516780,4806,62520,7,8855
1107,8,0,13,12,42539400,4806,62520,7,8863
1108,8,0,14,11,42575340,4806,62520,7,8871
1109,6,0,13,12,42613140,4807,62520,7,8877
1110,8,0,15,10,42640920,4807,62520,7,8885
1111,4,0,11,14,42685140,4807,62520,7,8889
1112,9,0,13,12,42718980,4807,62520,7,8898
1113,6,0,11,14,42754920,4807,62520,7,8904
1114,6,0,11,14,42784620,4807,62520,7,8910
1115,10,0,15,10,42808740,4807,62520,7,8920
1116,16,0,23,2,42840720,4806,62700,7,8936
1117,12,0,24,1,42900180,4807,65520,7,8948
1118,7,0,19,6,42968580,4808,65520,7,8955
1119,10,0,16,9,43048080,4810,65520,7,8965
1120,9,0,17,8,43084800,4810,65520,7,8974
1121,9,0,18,7,43126380,4810,65520,7,8983
1122,11,0,18,7,43188300,4811,65520,7,8994
1123,8,0,18,7,43232160,4812,65520,7,9002
1124,12,0,20,5,43284720,4812,65520,7,9014
1125,9,0,12,13,43361580,4812,65520,7,9023
1126,7,0,13,12,43386360,4811,65520,7,9030
1127,7,0,14,11,43416660,4811,65520,7,9037
1128,3,0,11,14,43450020,4812,65520,7,9040
1129,3,0,6,19,43501980,4813,65520,7,9043
1130,4,0,8,17,43511760,4813,65520,7,9047
1131,6,0,9,16,43528920,4813,65520,7,9053
1132,3,0,9,16,43545000,4813,65520,7,9056
1133,11,0,13,12,43573320,4812,65520,7,9067
1134,7,0,12,13,43598880,4811,65520,7,9074
1135,4,0,10,15,43638660,4812,65520,7,9078
1136,7,0,12,13,43670880,4813,65520,7,9085
1137,7,0,11,14,43705200,4812,65520,7,9092
1138,9,0,14,11,43736400,4813,65520,7,9101
1139,8,0,14,11,43765140,4812,65520,7,9109
1140,11,0,16,9,43805940,4811,65520,7,9120
1141,13,0,22,3,43845480,4812,65520,7,9133
1142,10,0,18,7,43916580,4812,65520,7,9143
1143,9,0,15,10,43984200,4813,65520,7,9152
1144,6,0,12,13,44030220,4814,65520,7,9158
1145,6,0,9,16,44074080,4814,65520,7,9164
1146,11,0,17,8,44089200,4814,65520,7,9175
1147,6,0,14,11,44131680,4814,65520,7,9181
1148,8,0,14,11,44166780,4813,65520,7,9189
1149,8,0,12,13,44225040,4814,65520,7,9197
1150,2,0,8,17,44250060,4814,65520,7,9199
1151,5,0,9,16,44274120,4815,65520,7,9204
1152,5,0,10,15,44292480,4814,65520,7,9209
1153,7,0,14,11,44305080,4814,65520,7,9216
1154,6,0,13,12,44337600,4814,65520,7,9222
1155,9,0,15,10,44374080,4814,65520,7,9231
1156,3,0,11,14,44407980,4814,65520,7,9234
1157,10,0,12,13,44445960,4814,65520,7,9244
1158,10,0,16,9,44478000,4814,65520,7,9254
1159,6,0,15,10,44515680,4815,65520,7,9260
1160,12,0,18,7,44563440,4815,65520,7,9272
1161,13,0,22,3,44606400,4815,65700,7,9285
1162,9,0,19,6,44672460,4816,65700,7,9294
1163,11,0,20,5,44734500,4817,65700,7,9305
1164,6,0,13,12,44796180,4817,65700,7,9311
1165,14,0,17,8,44843160,4817,65700,7,9325
1166,10,0,20,5,44876520,4817,65700,7,9335
1167,8,0,15,10,44938440,4817,65700,7,9343
1168,13,0,21,4,44979360,4818,65700,7,9356
1169,4,0,12,13,45048540,4819,65700,7,9360
1170,11,0,16,9,45087660,4819,65700,7,9371
1171,6,0,12,13,45128100,4818,65700,7,9377
1172,6,0,12,13,45151080,4818,65700,7,9383
1173,3,0,8,17,45191940,4818,65700,6,9386
1174,4,0,10,15,45200460,4818,65700,6,9390
1175,6,0,8,17,45234420,4818,65700,6,9396
1176,7,0,9,16,45266340,4818,65700,6,9403
1177,3,0,8,17,45285360,4818,65700,6,9406
1178,11,0,15,10,45304440,4818,65700,6,9417
1179,8,0,13,12,45344820,4817,65700,6,9425
1180,7,0,13,12,45375900,4817,65700,6,9432
1181,8,0,10,15,45426060,4817,65700,6,9440
1182,9,0,13,12,45457440,4817,65700,6,9449
1183,8,0,15,10,45485280,4817,65700,6,9457
1184,8,0,16,9,45523680,4817,65700,6,9465
1185,13,0,16,9,45585300,4817,65700,6,9478
1186,13,0,18,7,45625440,4816,65700,6,9491
1187,7,0,14,11,45672120,4815,65700,6,9498
1188,14,0,17,8,45728220,4816,65700,6,9512
1189,15,0,24,1,45760920,4815,65820,6,9527
1190,11,0,22,3,45817800,4814,66000,6,9538
1191,14,0,20,5,45908160,4816,66000,6,9552
1192,9,0,18,7,45959880,4816,66000,6,9561
1193,11,0,21,4,46002480,4816,66000,6,9572
1194,13,0,19,6,46085940,4817,66000,6,9585
1195,7,0,14,11,46146240,4817,66000,6,9592
1196,2,0,8,17,46192800,4818,66000,6,9594
1197,6,0,10,15,46216080,4819,66000,6,9600
1198,3,0,10,15,46231140,4819,66000,6,9603
1199,5,0,11,14,46255740,4819,66000,6,9608
1200,5,0,11,14,46277340,4819,66000,6,9613
1201,6,0,10,15,46303500,4818,66000,6,9619
1202,5,0,9,16,46329660,4818,66000,6,9624
1203,8,0,13,12,46350420,4818,66000,6,9632
1204,4,0,12,13,46377540,4818,66000,6,9636
1205,8,0,13,12,46410000,4818,66000,6,9644
1206,10,0,16,9,46451580,4819,66000,6,9654
1207,6,0,12,13,46495920,4819,66000,6,9660
1208,7,0,11,14,46537320,4819,66000,6,9667
1209,6,0,14,11,46550640,4819,66000,6,9673
1210,12,0,21,4,46577700,4819,66000,6,9685
1211,15,0,18,7,46664340,4819,66000,6,9700
1212,16,0,25,0,46701480,4819,66000,6,9716
1213,10,0,19,6,46788060,4820,66300,6,9726
1214,8,0,16,9,46840920,4820,66300,6,9734
1215,6,0,13,12,46895460,4821,66300,6,9740
1216,9,0,17,8,46922040,4821,66300,6,9749
1217,18,0,25,0,46974480,4821,66300,6,9767
1218,11,0,23,2,47030520,4821,66660,6,9778
1219,9,0,13,12,47127540,4821,66660,6,9787
1220,8,0,10,15,47169900,4820,66660,6,9795
1221,12,0,17,8,47200080,4821,66660,6,9807
1222,3,0,14,11,47228580,4821,66660,6,9810
1223,12,0,15,10,47286420,4821,66660,6,9822
1224,0,0,8,17,47317500,4821,66660,6,9822
1225,4,0,8,17,47342880,4822,66660,6,9826
1226,5,0,9,16,47360760,4821,66660,6,9831
1227,1,0,4,21,47388540,4821,66660,6,9832
1228,10,0,11,14,47397180,4821,66660,6,9842
1229,6,0,11,14,47421480,4820,66660,6,9848
1230,4,0,7,18,47455260,4820,66660,6,9852
1231,3,0,6,19,47475780,4820,66660,6,9855
1232,8,0,10,15,47489760,4819,66660,6,9863
1233,11,0,20,5,47492820,4819,66660,6,9874
1234,12,0,20,5,47548140,4819,66660,6,9886
1235,16,3,25,0,47586240,4819,66660,6,9902
1236,9,0,17,8,47685480,4819,67440,6,9911
1237,10,0,18,7,47724900,4819,67440,6,9921
1238,8,0,15,10,47773320,4818,67440,6,9929
1239,2,0,7,18,47830200,4819,67440,6,9931
1240,12,0,15,10,47849520,4819,67440,6,9943
1241,17,0,23,2,47882040,4818,67440,6,9960
1242,1,0,11,14,47948700,4818,67440,6,9961
1243,9,0,13,12,47999940,4820,67440,6,9970
1244,11,0,14,11,48036120,4819,67440,6,9981
1245,6,0,14,11,48063540,4819,67440,6,9987
1246,7,0,15,10,48097380,4819,67440,6,9994
1247,10,0,14,11,48147480,4819,67440,6,10004
1248,4,0,9,16,48196800,4820,67440,6,10008
1249,4,0,7,18,48229980,4820,67440,6,10012
1250,2,0,6,19,48243960,4820,67440,6,10014
1251,4,0,8,17,48257400,4820,67440,6,10018
1252,7,0,11,14,48275400,4820,67440,6,10025
1253,5,0,10,15,48302340,4820,67440,6,10030
1254,6,0,11,14,48325500,4820,67440,6,10036
1255,12,0,14,11,48357780,4819,67440,6,10048
1256,7,0,16,9,48379740,4819,67440,6,10055
1257,8,0,13,12,48426180,4818,67440,6,10063
1258,11,0,14,11,48471000,4818,67440,6,10074
1259,7,0,11,14,48520380,4818,67440,6,10081
1260,14,0,18,7,48548520,4817,67440,6,10095
1261,15,0,24,1,48590220,4817,67440,6,10110
1262,10,0,21,4,48647280,4817,67440,6,10120
1263,6,0,10,15,48737580,4817,67440,6,10126
1264,11,0,16,9,48758760,4817,67440,6,10137
1265,18,0,25,0,48800940,4817,68160,6,10155
1266,9,0,22,3,48849900,4816,68760,6,10164
1267,5,0,14,11,48926100,4817,68760,6,10169
1268,3,0,6,19,48986880,4818,68760,6,10172
1269,9,0,14,11,48989280,4818,68760,6,10181
1270,8,0,12,13,49033320,4818,68760,6,10189
1271,3,0,12,13,49041180,4817,68760,6,10192
1272,5,0,10,15,49088580,4818,68760,6,10197
1273,2,0,8,17,49103580,4818,68760,6,10199
1274,3,0,6,19,49130820,4818,68760,6,10202
1275,9,0,13,12,49143060,4818,68760,6,10211
1276,4,0,12,13,49166580,4818,68760,6,10215
1277,7,0,11,14,49204980,4818,68760,6,10222
1278,8,0,13,12,49236300,4819,68760,6,10230
1279,7,0,12,13,49277040,4819,68760,6,10237
1280,6,0,14,11,49301640,4819,68760,6,10243
1281,11,0,11,14,49360560,4818,68760,6,10254
1282,11,0,13,12,49393680,4817,68760,6,10265
1283,11,0,17,8,49429260,4818,68760,6,10276
1284,6,0,11,14,49475940,4817,68760,6,10282
1285,10,0,13,12,49516740,4817,68760,6,10292
1286,9,0,15,10,49539240,4816,68760,6,10301
1287,13,0,12,13,49608180,4815,68760,6,10314
1288,15,0,20,5,49633380,4814,68760,6,10329
1289,8,0,16,9,49687920,4814,68760,6,10337
1290,12,0,16,9,49746660,4814,68760,6,10349
1291,13,0,21,4,49777980,4813,68760,6,10362
1292,7,0,17,8,49831380,4813,68760,6,10369
1293,8,0,13,12,49896540,4814,68760,6,10377
1294,7,0,14,11,49920840,4813,68760,6,10384
1295,6,0,9,16,49972980,4813,68760,6,10390
1296,5,0,9,16,49997880,4813,68760,6,10395
1297,8,0,11,14,50027520,4814,68760,6,10403
1298,5,0,11,14,50055420,4814,68760,6,10408
1299,6,0,12,13,50076000,4814,68760,6,10414
1300,4,0,7,18,50122560,4814,68760,6,10418
1301,6,0,9,16,50139060,4814,68760,6,10424
1302,3,0,7,18,50163540,4814,68760,6,10427
1303,8,0,10,15,50179440,4813,68760,6,10435
1304,10,0,14,11,50201340,4812,68760,6,10445
1305,7,0,12,13,50236680,4811,68760,6,10452
1306,16,0,22,3,50265840,4811,68760,6,10468
1307,12,0,23,2,50318160,4811,68760,6,10480
1308,10,0,18,7,50397840,4812,68760,6,10490
1309,11,0,19,6,50446620,4812,68760,6,10501
1310,10,0,17,8,50506320,4812,68760,6,10511
1311,19,0,25,0,50559540,4812,69960,6,10530
1312,9,0,17,8,50638500,4812,70200,6,10539
1313,9,0,19,6,50669100,4812,70200,6,10548
1314,6,0,12,13,50746680,4813,70200,6,10554
1315,10,0,14,11,50793000,4814,70200,6,10564
1316,5,0,8,17,50839980,4813,70200,6,10569
1317,6,0,10,15,50858460,4813,70200,6,10575
1318,4,0,8,17,50879340,4813,70200,6,10579
1319,10,0,15,10,50893560,4813,70200,6,10589
1320,6,0,11,14,50929320,4811,70200,6,10595
1321,5,0,11,14,50959380,4812,70200,6,10600
1322,4,0,7,18,51000000,4812,70200,6,10604
1323,5,0,9,16,51009840,4812,70200,6,10609
1324,5,0,9,16,51030540,4811,70200,6,10614
1325,4,0,7,18,51060180,4812,70200,6,10618
1326,13,0,17,8,51068040,4811,70200,6,10631
1327,9,0,17,8,51094980,4809,70200,6,10640
1328,6,0,10,15,51167580,4810,70200,6,10646
1329,7,0,10,15,51197640,4810,70200,6,10653
1330,4,0,9,16,51217620,4810,70200,6,10657
1331,11,0,17,8,51238080,4810,70200,6,10668
1332,11,0,21,4,51272820,4810,70200,6,10679
1333,23,5,25,0,51340920,4810,71340,6,10702
1334,12,5,25,0,51408000,4811,81720,7,10714
1335,8,0,20,5,51496020,4811,98040,9,10722
1336,9,0,14,11,51574980,4812,98040,9,10731
1337,3,0,9,16,51617940,4812,98040,9,10734
1338,6,0,10,15,51642000,4812,98040,9,10740
1339,13,0,20,5,51661500,4813,98040,9,10753
1340,6,0,12,13,51723900,4812,98040,9,10759
1341,6,0,10,15,51760020,4812,98040,9,10765
1342,6,0,10,15,51787740,4812,98040,9,10771
1343,2,0,6,19,51813300,4812,98040,9,10773
1344,8,0,12,13,51824160,4812,98040,9,10781
1345,8,0,19,6,51826860,4812,98040,9,10789
1346,7,0,19,6,51857400,4811,98040,9,10796
1347,6,0,17,8,51893760,4811,98040,9,10802
1348,10,0,22,3,51914640,4811,98040,9,10812
1349,6,0,21,4,51946800,4811,98040,9,10818
1350,7,0,21,4,51980340,4811,98040,9,10825
1351,16,2,25,0,52019220,4810,99120,9,10841
1352,10,7,25,0,52044480,4810,106980,9,10851
1353,7,5,25,0,52096560,4811,115020,10,10858
1354,12,5,25,0,52159260,4811,141240,12,10870
1355,6,0,21,4,52213560,4810,165540,15,10876
1356,9,0,23,2,52246920,4810,165540,15,10885
1357,14,0,25,0,52299120,4809,165600,15,10899
1358,7,0,25,0,52326000,4808,165840,15,10906
1359,10,0,22,3,52385460,4808,168240,15,10916
1360,9,0,22,3,52426320,4808,168600,15,10925
1361,7,0,20,5,52468500,4808,168600,15,10932
1362,10,0,24,1,52504200,4808,168600,15,10942
1363,8,0,22,3,52547160,4808,174240,15,10950
1364,4,0,17,8,52589520,4808,174240,15,10954
1365,7,0,18,7,52621680,4808,174240,15,10961
1366,9,0,20,5,52648860,4808,174240,15,10970
1367,6,0,21,4,52663500,4807,174240,15,10976
1368,7,0,19,6,52708380,4807,174240,15,10983
1369,5,0,19,6,52728900,4807,174240,15,10988
1370,6,0,19,6,52759380,4807,174240,15,10994
1371,7,0,21,4,52786740,4807,174240,15,11001
1372,2,0,17,8,52821300,4808,174240,15,11003
1373,6,0,16,9,52853040,4807,174240,15,11009
1374,8,0,22,3,52861620,4807,174240,15,11017
1375,7,0,22,3,52892040,4807,174240,15,11024
1376,10,0,21,4,52944360,4807,174240,15,11034
1377,15,6,25,0,52967820,4807,176460,15,11049
1378,11,8,25,0,53019900,4808,187020,16,11060
1379,17,18,25,0,53057760,4808,192420,17,11077
1380,8,16,25,0,53120040,4809,203460,18,11085
1381,13,19,25,0,53176020,4810,222240,20,11098
1382,14,24,25,0,53223240,4810,230880,20,11112
1383,14,31,25,0,53262420,4811,239580,21,11126
1384,9,29,25,0,53328300,4812,272640,24,11135
1385,7,21,25,0,53385000,4811,408840,36,11142
1386,8,15,25,0,53443200,4810,572520,51,11150
1387,5,9,25,0,53483100,4809,658080,58,11155
1388,8,0,25,0,53544720,4807,873480,78,11163
1389,8,0,23,2,53570340,4805,873480,78,11171
1390,4,0,17,8,53621280,4805,873480,78,11175
1391,9,0,18,7,53655120,4805,873480,78,11184
1392,13,0,25,0,53682060,4805,873480,78,11197
1393,5,0,20,5,53727300,4804,873600,77,11202
1394,8,0,23,2,53752380,4804,873600,77,11210
1395,5,0,20,5,53794860,4805,873600,77,11215
1396,6,0,21,4,53828940,4806,873600,77,11221
1397,9,0,24,1,53859780,4806,873600,77,11230
1398,5,0,23,2,53886120,4806,877380,78,11235
1399,10,0,23,2,53944140,4806,877380,78,11245
1400,12,0,25,0,53994060,4807,877860,77,11257
1401,8,2,25,0,54017700,4806,879300,78,11265
1402,6,0,23,2,54078540,4807,880860,78,11271
1403,14,3,25,0,54126720,4808,880860,78,11285
1404,11,4,25,0,54175200,4808,890940,78,11296
1405,13,9,25,0,54212820,4808,894420,79,11309
1406,10,9,25,0,54267060,4808,905640,80,11319
1407,18,18,25,0,54324660,4810,910020,80,11337
1408,14,25,25,0,54359340,4810,920220,81,11351
1409,14,28,25,0,54430380,4811,937740,82,11365
1410,12,33,25,0,54467640,4812,960060,84,11377
1411,15,39,25,0,54515280,4812,969480,85,11392
1412,1,32,25,0,54569640,4814,1024380,89,11393
1413,9,32,25,0,54622200,4815,1067760,93,11402
1414,7,30,25,0,54677340,4816,1214040,106,11409
1415,6,29,25,0,54721980,4817,1255020,109,11415
1416,10,28,25,0,54779580,4817,1335180,116,11425
1417,9,26,25,0,54822840,4816,1398300,122,11434
1418,6,20,25,0,54877920,4816,1591800,139,11440
1419,6,10,25,0,54943020,4815,1898760,165,11446
1420,8,0,25,0,54990780,4811,2243400,195,11454
1421,7,0,24,1,55020300,4811,2243520,195,11461
1422,8,0,23,2,55065720,4811,2243520,195,11469
1423,12,2,25,0,55108920,4811,2243640,195,11481
1424,4,0,23,2,55151940,4812,2245860,195,11485
1425,12,0,25,0,55198800,4812,2246040,195,11497
1426,7,0,21,4,55249140,4811,2247060,195,11504
1427,6,0,19,6,55293540,4812,2247060,195,11510
1428,14,3,25,0,55309740,4811,2250000,195,11524
1429,9,6,25,0,55345200,4812,2256900,195,11533
1430,7,0,24,1,55423020,4813,2269440,196,11540
1431,23,12,25,0,55470840,4813,2275500,196,11563
1432,11,17,25,0,55501620,4813,2284860,197,11574
1433,11,19,25,0,55557720,4814,2298480,198,11585
1434,12,24,25,0,55595280,4814,2316360,199,11597
1435,9,22,25,0,55677420,4817,2348040,202,11606
1436,5,23,25,0,55694640,4817,2378880,204,11611
1437,7,18,25,0,55776840,4819,2503800,215,11618
1438,8,14,25,0,55831320,4818,2594940,223,11626
1439,6,4,25,0,55884780,4816,2763960,237,11632
1440,2,0,17,8,55924380,4814,2812500,241,11634
1441,4,0,14,11,55959720,4814,2812500,241,11638
1442,6,0,18,7,55970400,4814,2812500,241,11644
1443,4,0,21,4,55974240,4814,2812500,241,11648
1444,2,0,19,6,55995900,4814,2812500,241,11650
1445,2,0,15,10,56046840,4816,2812500,241,11652
1446,6,0,18,7,56065440,4817,2812500,241,11658
1447,6,0,18,7,56087220,4816,2812500,241,11664
1448,9,0,21,4,56108880,4815,2812500,240,11673
1449,10,0,24,1,56137860,4815,2812500,240,11683
1450,6,0,19,6,56184060,4814,2812500,240,11689
1451,13,1,25,0,56218020,4815,2812500,240,11702
1452,13,4,25,0,56256480,4814,2818140,240,11715
1453,16,11,25,0,56310960,4815,2826120,240,11731
1454,10,12,25,0,56356500,4815,2846340,242,11741
1455,10,8,25,0,56423460,4815,2868660,244,11751
1456,12,14,25,0,56451480,4815,2873340,244,11763
1457,15,23,25,0,56490960,4816,2879820,244,11778
1458,9,22,25,0,56559120,4818,2901180,246,11787
1459,10,23,25,0,56604900,4818,2915880,247,11797
1460,9,22,25,0,56659380,4818,2990160,253,11806
1461,5,14,25,0,56712600,4817,3076560,260,11811
1462,6,2,25,0,56774640,4815,3329760,281,11817
1463,7,0,21,4,56811120,4813,3364800,284,11824
1464,6,0,17,8,56855100,4813,3364800,284,11830
1465,3,0,15,10,56876700,4813,3364800,284,11833
1466,6,0,16,9,56899020,4812,3364800,284,11839
1467,4,0,17,8,56914380,4813,3364800,284,11843
1468,6,0,19,6,56937360,4813,3364800,283,11849
1469,9,0,24,1,56959260,4813,3364800,283,11858
1470,4,0,18,7,57006420,4813,3364800,283,11862
1471,5,0,17,8,57039420,4813,3364800,283,11867
1472,7,0,21,4,57057060,4814,3364800,283,11874
1473,8,0,20,5,57089700,4813,3364800,283,11882
1474,13,0,25,0,57124800,4812,3367140,283,11895
1475,16,4,25,0,57176820,4812,3372540,283,11911
1476,15,10,25,0,57215160,4812,3380160,283,11926
1477,12,12,25,0,57277740,4813,3394440,284,11938
1478,11,14,25,0,57321600,4813,3410880,285,11949
1479,15,18,25,0,57378660,4813,3419220,285,11964
1480,16,26,25,0,57420360,4813,3430860,286,11980
1481,10,28,25,0,57464460,4814,3444780,287,11990
1482,10,29,25,0,57514680,4814,3465960,288,12000
1483,4,25,25,0,57565800,4816,3476640,289,12004
1484,4,17,25,0,57627840,4816,3653700,304,12008
1485,13,16,25,0,57684360,4815,3740520,311,12021
1486,7,13,25,0,57724680,4814,3820140,317,12028
1487,5,2,25,0,57781320,4813,4107600,341,12033
1488,4,0,16,9,57821400,4810,4144200,344,12037
1489,3,0,17,8,57832620,4810,4144200,344,12040
1490,5,0,17,8,57863520,4811,4144200,344,12045
1491,9,0,23,2,57878160,4811,4144200,343,12054
1492,10,0,22,3,57918900,4810,4144200,343,12064
1493,5,0,22,3,57945960,4810,4144200,343,12069
1494,4,0,19,6,57989040,4811,4144200,343,12073
1495,12,0,24,1,58033560,4812,4145820,343,12085
1496,14,4,25,0,58074060,4811,4146840,342,12099
1497,8,6,25,0,58113420,4812,4151820,342,12107
1498,10,6,25,0,58174080,4813,4162500,343,12117
1499,7,6,25,0,58214280,4814,4171200,344,12124
1500,8,0,22,3,58288140,4813,4213920,347,12132
1501,15,6,25,0,58313160,4813,4213980,347,12147
1502,12,9,25,0,58363140,4813,4219320,347,12159
1503,8,7,25,0,58423260,4814,4236660,348,12167
1504,8,1,25,0,58481520,4814,4285260,352,12175
1505,10,1,25,0,58520400,4813,4287180,351,12185
1506,13,0,24,1,58581540,4812,4290060,351,12198
1507,8,0,20,5,58620660,4810,4290120,351,12206
1508,6,0,20,5,58647300,4810,4290120,351,12212
1509,5,0,16,9,58693740,4810,4290120,351,12217
1510,9,0,20,5,58717500,4810,4290120,350,12226
1511,4,0,17,8,58748820,4810,4290120,350,12230
1512,0,0,13,12,58776420,4811,4290120,350,12230
1513,10,0,20,5,58791840,4811,4290120,350,12240
1514,10,2,25,0,58808880,4811,4290600,350,12250
1515,4,0,23,2,58848780,4811,4297740,350,12254
1516,7,0,18,7,58916760,4812,4297740,350,12261
1517,9,0,20,5,58938120,4811,4297740,350,12270
1518,5,0,19,6,58976940,4812,4297740,350,12275
1519,8,0,19,6,59009580,4812,4297740,349,12283
1520,9,0,21,4,59045400,4812,4297740,349,12292
1521,7,0,20,5,59075280,4811,4297740,349,12299
1522,16,5,25,0,59103600,4811,4298940,349,12315
1523,10,5,25,0,59154780,4811,4308120,349,12325
1524,7,2,25,0,59204460,4811,4326420,350,12332
1525,14,8,25,0,59241660,4811,4335240,351,12346
1526,10,7,25,0,59299980,4812,4349460,352,12356
1527,7,4,25,0,59351400,4812,4368240,353,12363
1528,10,4,25,0,59399820,4812,4385100,354,12373
1529,7,2,25,0,59448060,4812,4409400,356,12380
1530,5,0,20,5,59507700,4812,4410660,356,12385
1531,7,0,19,6,59547360,4813,4410660,355,12392
1532,9,0,21,4,59583540,4813,4410660,355,12401
1533,5,0,21,4,59608440,4813,4410660,355,12406
1534,3,0,15,10,59656620,4813,4410660,355,12409
1535,8,0,19,6,59676420,4813,4410660,355,12417
1536,8,0,20,5,59702700,4813,4410660,355,12425
1537,2,0,15,10,59735640,4813,4410660,354,12427
1538,6,0,18,7,59754600,4813,4410660,354,12433
1539,1,0,16,9,59767980,4813,4410660,354,12434
1540,5,0,17,8,59796120,4814,4410660,354,12439
1541,8,0,21,4,59812740,4813,4410660,354,12447
1542,8,0,21,4,59846400,4813,4410660,354,12455
1543,4,0,16,9,59886420,4813,4410660,354,12459
1544,6,0,19,6,59897400,4812,4410660,353,12465
1545,4,0,19,6,59911440,4812,4410660,353,12469
1546,11,0,22,3,59941680,4811,4410660,353,12480
1547,8,0,20,5,59987280,4811,4410660,353,12488
1548,9,0,23,2,60013380,4811,4411200,353,12497
1549,8,0,22,3,60053100,4811,4411200,352,12505
1550,10,0,21,4,60106260,4811,4411560,352,12515
1551,9,0,22,3,60137940,4810,4411560,352,12524
1552,9,0,23,2,60181860,4811,4411560,352,12533
1553,11,1,25,0,60219960,4811,4412460,351,12544
1554,6,0,23,2,60266460,4811,4413360,351,12550
1555,8,0,23,2,60301020,4810,4413360,351,12558
1556,9,0,21,4,60362880,4811,4413360,351,12567
1557,8,0,25,0,60386220,4812,4414500,351,12575
1558,9,0,25,0,60436620,4812,4414920,350,12584
1559,1,0,17,8,60484680,4812,4414920,350,12585
1560,4,0,15,10,60516780,4813,4414920,350,12589
1561,10,0,21,4,60531360,4812,4414920,350,12599
1562,4,0,20,5,60553560,4812,4414920,350,12603
1563,4,0,18,7,60583500,4812,4414920,350,12607
1564,9,0,22,3,60613320,4813,4414920,349,12616
1565,7,0,20,5,60651720,4812,4414920,349,12623
1566,8,0,19,6,60689880,4812,4414920,349,12631
1567,6,0,19,6,60707700,4811,4414920,349,12637
1568,8,0,23,2,60727800,4811,4414920,349,12645
1569,3,0,16,9,60778020,4811,4414920,349,12648
1570,4,0,11,14,60807420,4810,4414920,348,12652
1571,9,0,19,6,60808260,4810,4414920,348,12661
1572,8,0,21,4,60828900,4809,4414920,348,12669
1573,9,0,23,2,60861060,4809,4416180,348,12678
1574,13,0,25,0,60896460,4808,4416180,348,12691
1575,7,0,21,4,60962760,4809,4420440,348,12698
1576,5,0,19,6,61001880,4809,4420440,348,12703
1577,6,0,16,9,61044780,4809,4420440,347,12709
1578,8,0,20,5,61058460,4809,4420440,347,12717
1579,9,0,23,2,61086900,4809,4420440,347,12726
1580,8,0,24,1,61134960,4810,4420800,347,12734
1581,10,0,23,2,61190280,4810,4420800,346,12744
1582,7,0,23,2,61224420,4810,4420800,346,12751
1583,6,0,20,5,61268580,4810,4420800,346,12757
1584,5,0,19,6,61300620,4810,4420800,346,12762
1585,2,0,16,9,61319760,4810,4420800,346,12764
1586,3,0,16,9,61340820,4811,4420800,346,12767
1587,6,0,17,8,61360440,4810,4420800,346,12773
1588,6,0,19,6,61374780,4810,4420800,345,12779
1589,12,3,25,0,61388700,4810,4421760,345,12791
1590,12,5,25,0,61444500,4810,4429440,345,12803
1591,6,2,25,0,61491420,4811,4448340,347,12809
1592,14,0,24,1,61558680,4810,4452360,347,12823
1593,10,0,25,0,61596600,4809,4453860,347,12833
1594,4,0,19,6,61649340,4809,4453860,346,12837
1595,13,0,23,2,61688460,4809,4453860,346,12850
1596,10,2,25,0,61707240,4808,4453920,346,12860
1597,11,0,22,3,61777800,4808,4458660,346,12871
1598,8,0,22,3,61810020,4807,4458660,346,12879
1599,7,0,24,1,61838100,4808,4458660,346,12886
1600,10,0,22,3,61891020,4807,4458660,345,12896
1601,8,0,25,0,61918920,4808,4458660,345,12904
1602,7,0,20,5,61977540,4808,4458900,345,12911
1603,6,0,20,5,62007120,4808,4458900,345,12917
1604,6,0,17,8,62048940,4808,4458900,345,12923
1605,9,0,23,2,62067660,4808,4458900,344,12932
1606,9,0,21,4,62110560,4807,4459020,344,12941
1607,8,0,23,2,62146980,4808,4461120,344,12949
1608,9,0,17,8,62213040,4807,4461300,344,12958
1609,3,0,17,8,62225820,4807,4461300,344,12961
1610,9,0,22,3,62250000,4808,4461300,343,12970
1611,2,0,18,7,62280360,4808,4461300,343,12972
1612,7,0,19,6,62317680,4808,4461300,343,12979
1613,5,0,19,6,62338020,4808,4461300,343,12984
1614,6,0,19,6,62364840,4808,4461300,343,12990
1615,10,0,22,3,62393100,4807,4461540,343,13000
1616,8,0,22,3,62435460,4808,4461540,343,13008
1617,11,1,25,0,62469600,4808,4462020,342,13019
1618,3,0,18,7,62524680,4808,4462800,342,13022
1619,19,4,25,0,62557920,4808,4464780,342,13041
1620,9,3,25,0,62607720,4808,4474620,342,13050
1621,11,7,25,0,62641500,4808,4482240,343,13061
1622,9,3,25,0,62702820,4808,4499580,344,13070
1623,8,0,25,0,62751420,4807,4505520,344,13078
1624,7,0,21,4,62806320,4807,4505520,344,13085
1625,9,0,25,0,62832300,4808,4505520,344,13094
1626,11,0,23,2,62894580,4808,4506600,343,13105
1627,7,0,20,5,62929500,4807,4506600,343,13112
1628,11,0,21,4,62966880,4806,4506600,343,13123
1629,3,0,18,7,63000360,4806,4506600,343,13126
1630,7,0,20,5,63027480,4806,4506600,343,13133
1631,3,0,18,7,63052560,4806,4506600,343,13136
1632,8,0,21,4,63084540,4807,4506600,342,13144
1633,7,0,21,4,63110340,4806,4506600,342,13151
1634,3,0,17,8,63144300,4806,4506600,342,13154
1635,10,0,21,4,63171900,4806,4506600,342,13164
1636,12,1,25,0,63209580,4807,4507500,342,13176
1637,10,0,24,1,63263460,4806,4511280,342,13186
1638,9,0,25,0,63302520,4806,4511820,341,13195
1639,15,4,25,0,63362460,4807,4522260,342,13210
1640,12,12,25,0,63382020,4807,4527540,342,13222
1641,7,7,25,0,63458280,4808,4547940,343,13229
1642,8,6,25,0,63504120,4809,4576860,345,13237
1643,9,5,25,0,63555480,4809,4596060,347,13246
1644,7,0,22,3,63607320,4807,4633680,349,13253
1645,15,3,25,0,63652800,4807,4635540,349,13268
1646,13,7,25,0,63692760,4807,4640700,349,13281
1647,9,6,25,0,63747540,4808,4648200,349,13290
1648,8,0,24,1,63813240,4807,4692660,352,13298
1649,8,0,20,5,63852120,4806,4692660,352,13306
1650,5,0,22,3,63859800,4805,4692660,352,13311
1651,10,0,23,2,63912780,4806,4692720,352,13321
1652,10,1,25,0,63941100,4806,4693380,352,13331
1653,5,0,21,4,64003980,4807,4694100,352,13336
1654,5,0,19,6,64045920,4807,4694100,351,13341
1655,3,0,18,7,64068240,4808,4694100,351,13344
1656,5,0,15,10,64113780,4808,4694100,351,13349
1657,9,0,21,4,64127460,4808,4694100,351,13358
1658,5,0,14,11,64175820,4807,4694100,351,13363
1659,5,0,16,9,64194720,4808,4694100,351,13368
1660,9,0,23,2,64200600,4807,4694100,350,13377
1661,7,0,22,3,64237260,4807,4694100,350,13384
1662,9,0,25,0,64273380,4808,4694100,350,13393
1663,9,0,22,3,64334520,4808,4694100,350,13402
1664,9,3,25,0,64350060,4808,4694100,350,13411
1665,8,0,20,5,64434600,4809,4696620,350,13419
1666,7,0,23,2,64449360,4808,4696620,349,13426
1667,11,0,23,2,64499880,4808,4696620,349,13437
1668,14,5,25,0,64526100,4808,4701840,349,13451
1669,4,0,20,5,64596240,4808,4713360,350,13455
1670,8,0,21,4,64626240,4808,4713360,350,13463
1671,11,0,24,1,64666080,4808,4713360,349,13474
1672,15,7,25,0,64704240,4808,4717320,349,13489
1673,9,10,25,0,64741680,4809,4726020,350,13498
1674,12,11,25,0,64806000,4810,4743780,351,13510
1675,9,10,25,0,64862400,4810,4764720,352,13519
1676,8,11,25,0,64894920,4810,4780260,353,13527
1677,8,8,25,0,64965840,4811,4804740,355,13535
1678,9,5,25,0,65021040,4811,4855680,358,13544
1679,7,0,22,3,65066520,4809,4940040,364,13551
1680,5,0,22,3,65099160,4810,4940040,364,13556
1681,3,0,19,6,65131860,4810,4940040,364,13559
1682,5,0,16,9,65175360,4811,4940040,364,13564
1683,10,0,21,4,65191620,4810,4940040,363,13574
1684,4,0,18,7,65214000,4809,4940040,363,13578
1685,7,0,22,3,65239260,4810,4940040,363,13585
1686,5,0,20,5,65284500,4811,4940040,363,13590
1687,6,0,18,7,65327760,4811,4940040,363,13596
1688,5,0,19,6,65344980,4811,4940040,363,13601
1689,4,0,16,9,65372640,4811,4940040,363,13605
1690,8,0,19,6,65399040,4811,4940040,362,13613
1691,10,0,24,1,65414820,4810,4940040,362,13623
1692,12,0,24,1,65469060,4810,4940040,362,13635
1693,9,1,25,0,65503380,4810,4942680,362,13644
1694,6,0,20,5,65563860,4810,4942800,362,13650
1695,10,0,23,2,65595000,4810,4942800,361,13660
1696,9,0,24,1,65630520,4810,4942800,361,13669
1697,7,0,19,6,65671560,4808,4944720,361,13676
1698,5,0,19,6,65708700,4809,4944720,361,13681
1699,5,0,20,5,65723460,4809,4944720,361,13686
1700,10,0,20,5,65774520,4809,4944720,361,13696
1701,9,0,25,0,65795100,4809,4944720,360,13705
1702,7,0,24,1,65834400,4809,4944840,360,13712
1703,5,0,21,4,65883360,4810,4944900,360,13717
1704,8,0,18,7,65932860,4810,4944900,360,13725
1705,3,0,16,9,65953200,4810,4944900,360,13728
1706,12,0,24,1,65971380,4810,4944900,359,13740
1707,6,0,19,6,66012900,4809,4944900,359,13746
1708,7,0,19,6,66049560,4809,4944900,359,13753
1709,10,0,24,1,66074100,4809,4944900,359,13763
1710,6,0,25,0,66098760,4809,4945080,359,13769
1711,12,3,25,0,66157380,4810,4951320,359,13781
1712,4,0,16,9,66229200,4810,4959300,359,13785
1713,10,0,22,3,66243060,4809,4959300,359,13795
1714,5,0,18,7,66281400,4809,4959300,359,13800
1715,6,0,21,4,66299880,4809,4959300,359,13806
1716,14,0,25,0,66341160,4809,4959300,358,13820
1717,8,2,25,0,66364140,4808,4959300,358,13828
1718,10,1,25,0,66427380,4809,4967520,359,13838
1719,13,8,25,0,66461580,4810,4974300,359,13851
1720,9,8,25,0,66525540,4811,4985580,359,13860
1721,10,9,25,0,66569340,4811,5006760,361,13870
1722,10,7,25,0,66624300,4811,5034600,362,13880
1723,7,5,25,0,66674700,4811,5047200,363,13887
1724,9,5,25,0,66720480,4812,5057280,363,13896
1725,4,0,21,4,66771660,4811,5122140,368,13900
1726,10,0,22,3,66818400,4811,5122140,368,13910
1727,4,0,19,6,66853440,4811,5122140,368,13914
1728,9,0,24,1,66886260,4812,5122140,367,13923
1729,1,0,16,9,66931020,4812,5122140,367,13924
1730,6,0,19,6,66953460,4813,5122140,367,13930
1731,1,0,15,10,66985920,4813,5122140,367,13931
1732,8,0,19,6,67003560,4813,5122140,367,13939
1733,1,0,14,11,67035780,4814,5122140,367,13940
1734,6,0,17,8,67053060,4814,5122140,367,13946
1735,6,0,20,5,67062900,4813,5122140,367,13952
1736,6,0,21,4,67087260,4813,5122140,366,13958
1737,10,0,25,0,67119780,4814,5122380,366,13968
1738,9,0,24,1,67170060,4814,5122380,366,13977
1739,13,3,25,0,67213500,4814,5123640,366,13990
1740,9,1,25,0,67265640,4814,5137320,367,13999
1741,8,0,16,9,67333740,4812,5141940,367,14007
1742,10,0,24,1,67342920,4812,5141940,366,14017
1743,10,2,25,0,67374420,4812,5144040,366,14027
1744,10,4,25,0,67413000,4812,5149680,366,14037
1745,10,4,25,0,67480260,4814,5157120,367,14047
1746,4,0,22,3,67539300,4814,5181300,368,14051
1747,12,2,25,0,67576560,4814,5186220,368,14063
1748,6,0,21,4,67624320,4814,5188620,368,14069
1749,13,0,25,0,67664820,4813,5189220,368,14082
1750,3,0,18,7,67718940,4814,5189220,368,14085
1751,4,0,16,9,67750020,4814,5189220,368,14089
1752,7,0,19,6,67771560,4814,5189220,368,14096
1753,4,0,19,6,67790700,4814,5189220,368,14100
1754,6,0,20,5,67820520,4815,5189220,367,14106
1755,7,0,18,7,67866120,4815,5189220,367,14113
1756,9,0,20,5,67890960,4814,5189220,367,14122
1757,2,0,16,9,67925460,4815,5189220,367,14124
1758,4,0,17,8,67940280,4815,5189220,367,14128
1759,12,0,23,2,67971000,4815,5189220,367,14140
1760,14,3,25,0,68009220,4814,5193840,366,14154
1761,9,3,25,0,68051820,4814,5198400,367,14163
1762,13,5,25,0,68102340,4814,5207040,367,14176
1763,9,5,25,0,68153040,4815,5214480,367,14185
1764,7,3,25,0,68204760,4815,5229000,368,14192
1765,14,5,25,0,68249040,4814,5245920,369,14206
1766,10,5,25,0,68297220,4814,5252280,369,14216
1767,8,3,25,0,68354760,4815,5263860,370,14224
1768,9,1,25,0,68404200,4815,5272620,370,14233
1769,11,0,24,1,68461680,4814,5273340,370,14244
1770,5,0,20,5,68505420,4814,5273760,370,14249
1771,11,0,21,4,68541840,4814,5273760,369,14260
1772,10,0,25,0,68575680,4814,5273760,369,14270
1773,5,0,17,8,68635260,4814,5273760,369,14275
1774,8,0,19,6,68659260,4813,5273760,369,14283
1775,3,0,16,9,68689560,4813,5273760,369,14286
1776,8,0,20,5,68709900,4813,5273760,368,14294
1777,14,0,23,2,68736300,4812,5273760,368,14308
1778,5,0,23,2,68768040,4812,5275620,368,14313
1779,3,0,15,10,68830380,4813,5275620,368,14316
1780,6,0,15,10,68851260,4812,5275620,368,14322
1781,10,0,22,3,68862420,4812,5275620,368,14332
1782,8,0,22,3,68893860,4812,5275620,367,14340
1783,3,0,15,10,68943600,4812,5275620,367,14343
1784,11,0,24,1,68955300,4812,5275620,367,14354
1785,8,0,24,1,68987820,4811,5276220,367,14362
1786,11,1,25,0,69026460,4811,5277300,367,14373
1787,13,0,25,0,69085440,4810,5279580,367,14386
1788,5,0,21,4,69127440,4810,5279580,366,14391
1789,3,0,17,8,69170700,4811,5279580,366,14394
1790,14,0,25,0,69197040,4811,5280720,366,14408
1791,4,0,19,6,69242280,4811,5280780,366,14412
1792,10,0,24,1,69263640,4810,5280780,366,14422
1793,3,0,18,7,69320520,4811,5280780,366,14425
1794,3,0,15,10,69349620,4811,5280780,366,14428
1795,5,0,17,8,69367740,4812,5280780,365,14433
1796,5,0,18,7,69388440,4812,5280780,365,14438
1797,6,0,21,4,69402600,4812,5280780,365,14444
1798,8,0,21,4,69445740,4812,5280780,365,14452
1799,4,0,19,6,69472680,4812,5280780,365,14456
1800,8,0,19,6,69513540,4812,5280780,365,14464
1801,1,0,15,10,69545340,4813,5280780,365,14465
1802,2,0,13,12,69570180,4813,5280780,365,14467
1803,3,0,15,10,69571560,4813,5280780,364,14470
1804,6,0,18,7,69582540,4813,5280780,364,14476
1805,3,0,16,9,69608640,4813,5280780,364,14479
1806,10,0,22,3,69624840,4812,5280780,364,14489
1807,6,0,22,3,69648480,4812,5280780,364,14495
1808,14,4,25,0,69688440,4813,5282580,364,14509
1809,3,0,21,4,69749820,4813,5294340,364,14512
1810,13,0,25,0,69789720,4813,5294520,364,14525
1811,9,0,23,2,69839220,4813,5298360,364,14534
1812,13,3,25,0,69883920,4813,5300640,364,14547
1813,11,2,25,0,69937020,4813,5313780,365,14558
1814,10,4,25,0,69986940,4814,5325780,365,14568
1815,11,5,25,0,70028880,4813,5332620,365,14579
1816,9,4,25,0,70092360,4814,5352480,366,14588
1817,11,2,25,0,70135200,4813,5362260,367,14599
1818,6,0,23,2,70183020,4813,5364240,367,14605
1819,6,0,20,5,70236060,4813,5364240,367,14611
1820,6,0,21,4,70260840,4814,5364240,367,14617
1821,5,0,18,7,70295040,4813,5364240,366,14622
1822,10,0,21,4,70325760,4813,5364240,366,14632
1823,5,0,18,7,70354320,4812,5364240,366,14637
1824,8,0,20,5,70386780,4813,5364240,366,14645
1825,5,0,19,6,70417920,4813,5364240,366,14650
1826,9,0,23,2,70443300,4813,5364240,365,14659
1827,9,0,23,2,70483680,4813,5364240,365,14668
1828,5,0,17,8,70534800,4813,5364240,365,14673
1829,12,0,25,0,70549380,4812,5364240,365,14685
1830,12,3,25,0,70594680,4812,5365860,365,14697
1831,9,1,25,0,70648980,4812,5371920,365,14706
1832,9,0,24,1,70694760,4812,5373240,365,14715
1833,13,2,25,0,70741920,4812,5378280,365,14728
1834,2,0,20,5,70789920,4812,5380140,365,14730
1835,10,0,24,1,70830180,4813,5380140,365,14740
1836,8,0,23,2,70871100,4813,5381040,364,14748
1837,13,1,25,0,70923300,4813,5385240,364,14761
1838,8,1,25,0,70964280,4813,5393520,365,14769
1839,10,0,25,0,71017620,4813,5394120,365,14779
1840,10,0,25,0,71067960,4813,5398260,365,14789
1841,8,0,20,5,71124240,4813,5398260,364,14797
1842,9,0,24,1,71148120,4813,5398260,364,14806
1843,7,0,20,5,71197680,4813,5398260,364,14813
1844,5,0,20,5,71221920,4813,5398260,364,14818
1845,5,0,17,8,71262600,4813,5398260,364,14823
1846,4,0,17,8,71284860,4813,5398260,364,14827
1847,2,0,13,12,71309640,4813,5398260,364,14829
1848,3,0,14,11,71322780,4813,5398260,363,14832
1849,5,0,17,8,71326560,4813,5398260,363,14837
1850,4,0,17,8,71345220,4813,5398260,363,14841
1851,4,0,16,9,71365980,4812,5398260,363,14845
1852,11,0,24,1,71377800,4812,5398260,363,14856
1853,5,0,20,5,71419020,4812,5398260,363,14861
1854,6,0,17,8,71457900,4812,5398260,363,14867
1855,4,0,15,10,71482320,4812,5398260,363,14871
1856,7,0,20,5,71491020,4811,5398260,362,14878
1857,4,0,16,9,71526480,4811,5398260,362,14882
1858,7,0,21,4,71538780,4811,5398260,362,14889
1859,16,5,25,0,71572980,4811,5400300,362,14905
1860,12,6,25,0,71627820,4812,5414400,363,14917
1861,17,16,25,0,71660520,4812,5420340,362,14934
1862,9,17,25,0,71713920,4813,5431560,363,14943
1863,16,26,25,0,71749200,4813,5440440,363,14959
1864,6,22,25,0,71816160,4814,5467260,365,14965
1865,11,23,25,0,71871780,4814,5491200,366,14976
1866,9,25,25,0,71910660,4815,5508060,367,14985
1867,15,30,25,0,71976360,4816,5542800,369,15000
1868,5,27,25,0,72020280,4816,5575920,371,15005
1869,8,26,25,0,72072240,4817,5600340,373,15013
1870,8,22,25,0,72115860,4816,5695500,379,15021
1871,2,11,25,0,72172920,4816,5975700,397,15023
1872,4,0,23,2,72235620,4814,6318840,420,15027
1873,4,0,18,7,72264840,4813,6318840,420,15031
1874,6,0,20,5,72290460,4814,6318840,420,15037
1875,7,0,18,7,72321480,4813,6318840,420,15044
1876,1,0,12,13,72357000,4813,6318840,420,15045
1877,6,0,15,10,72364560,4813,6318840,419,15051
1878,5,0,15,10,72385440,4812,6318840,419,15056
1879,9,0,18,7,72409620,4812,6318840,419,15065
1880,8,0,23,2,72418320,4812,6318840,419,15073
1881,9,0,21,4,72470460,4812,6318840,418,15082
1882,5,0,20,5,72497040,4811,6318840,418,15087
1883,4,0,17,8,72536520,4812,6318840,418,15091
1884,17,6,25,0,72554460,4812,6319920,418,15108
1885,15,12,25,0,72603360,4812,6328200,418,15123
1886,14,16,25,0,72666720,4813,6341400,418,15137
1887,10,14,25,0,72724380,4813,6378960,421,15147
1888,4,10,25,0,72757380,4813,6419700,423,15151
1889,14,10,25,0,72821580,4813,6478560,427,15165
1890,6,3,25,0,72869640,4812,6557460,432,15171
1891,12,0,22,3,72926520,4810,6576060,433,15183
1892,3,0,19,6,72955500,4810,6576060,433,15186
1893,5,0,14,11,73002180,4810,6576060,432,15191
1894,6,0,18,7,73005180,4809,6576060,432,15197
1895,8,0,21,4,73028460,4809,6576060,432,15205
1896,5,0,17,8,73065900,4809,6576060,432,15210
1897,4,0,19,6,73076880,4809,6576060,432,15214
1898,5,0,17,8,73108200,4809,6576060,432,15219
1899,7,0,17,8,73138140,4809,6576060,431,15226
1900,5,0,16,9,73159680,4808,6576060,431,15231
1901,3,0,16,9,73178040,4808,6576060,431,15234
1902,8,0,18,7,73199220,4808,6576060,431,15242
1903,6,0,17,8,73232940,4808,6576060,431,15248
1904,9,0,20,5,73249140,4807,6576060,431,15257
1905,12,3,25,0,73263480,4807,6576060,430,15269
1906,11,4,25,0,73317600,4807,6584400,431,15280
1907,9,2,25,0,73379520,4808,6593340,431,15289
1908,8,0,24,1,73417560,4807,6605100,431,15297
1909,15,0,25,0,73481340,4807,6611940,431,15312
1910,11,0,24,1,73534860,4806,6616080,431,15323
1911,7,0,24,1,73565520,4806,6616080,431,15330
1912,12,0,24,1,73620660,4806,6616080,431,15342
1913,13,2,25,0,73663980,4806,6619200,431,15355
1914,15,8,25,0,73707780,4806,6624660,431,15370
1915,5,2,25,0,73764660,4806,6639180,431,15375
1916,8,0,18,7,73823400,4804,6651420,432,15383
1917,6,0,21,4,73834020,4804,6651420,432,15389
1918,11,0,24,1,73873980,4804,6651420,431,15400
1919,11,3,25,0,73910460,4804,6657840,432,15411
1920,8,0,25,0,73964700,4805,6667860,432,15419
1921,4,0,20,5,74008800,4805,6667860,432,15423
1922,3,0,16,9,74050020,4805,6667860,432,15426
1923,3,0,15,10,74072400,4805,6667860,432,15429
1924,6,0,18,7,74084220,4805,6667860,432,15435
1925,7,0,20,5,74106600,4805,6667860,431,15442
1926,5,0,20,5,74130960,4805,6667860,431,15447
1927,4,0,17,8,74167920,4805,6667860,431,15451
1928,8,0,19,6,74196540,4805,6667860,431,15459
1929,12,0,24,1,74217120,4804,6668340,431,15471
1930,3,0,21,4,74248800,4805,6668340,430,15474
1931,10,0,21,4,74299440,4805,6668340,430,15484
1932,14,0,25,0,74333940,4804,6669780,430,15498
1933,12,7,25,0,74359800,4804,6673080,430,15510
1934,18,15,25,0,74429100,4805,6686940,430,15528
1935,12,19,25,0,74464800,4805,6699600,431,15540
1936,4,15,25,0,74522820,4806,6717420,432,15544
1937,9,13,25,0,74583720,4807,6737040,433,15553
1938,10,13,25,0,74632020,4807,6760380,434,15563
1939,8,11,25,0,74685600,4807,6828120,438,15571
1940,7,0,25,0,74740560,4805,7008180,449,15578
1941,5,0,20,5,74775840,4805,7008420,449,15583
1942,7,0,18,7,74817000,4804,7008420,449,15590
1943,5,0,18,7,74844240,4805,7008420,449,15595
1944,7,0,17,8,74889240,4805,7008420,449,15602
1945,4,0,19,6,74896980,4805,7008420,449,15606
1946,14,1,25,0,74927940,4805,7008720,448,15620
1947,4,0,21,4,74966700,4804,7010640,448,15624
1948,12,0,24,1,75018720,4805,7010640,448,15636
1949,1,0,18,7,75055380,4805,7010640,448,15637
1950,2,0,15,10,75092520,4806,7010640,448,15639
1951,7,0,17,8,75114480,4806,7010640,448,15646
1952,6,0,21,4,75120720,4806,7010640,447,15652
1953,12,0,23,2,75170220,4806,7010880,447,15664
1954,11,0,24,1,75204360,4805,7013520,447,15675
1955,12,0,24,1,75257580,4805,7019100,447,15687
1956,14,3,25,0,75296700,4804,7019700,447,15701
1957,12,6,25,0,75345540,4804,7026780,447,15713
1958,10,9,25,0,75388500,4805,7038480,447,15723
1959,6,7,25,0,75434400,4805,7057080,448,15729
1960,13,7,25,0,75508140,4806,7079760,449,15742
1961,11,11,25,0,75544260,4806,7091160,450,15753
1962,4,4,25,0,75606900,4807,7135380,452,15757
1963,13,0,25,0,75658260,4805,7202460,456,15770
1964,7,0,24,1,75694740,4805,7203120,456,15777
1965,6,0,21,4,75745080,4805,7203120,456,15783
1966,4,0,20,5,75775260,4806,7203120,456,15787
1967,6,0,23,2,75799080,4806,7203120,456,15793
1968,7,0,22,3,75843180,4807,7203120,455,15800
1969,4,0,20,5,75879660,4807,7203120,455,15804
1970,7,0,17,8,75928560,4807,7203120,455,15811
1971,6,0,18,7,75949620,4807,7203120,455,15817
1972,5,0,18,7,75970920,4807,7203120,455,15822
1973,5,0,16,9,76000320,4807,7203120,455,15827
1974,8,0,21,4,76015320,4807,7203120,454,15835
1975,7,0,21,4,76053240,4807,7203120,454,15842
1976,12,0,25,0,76088280,4807,7203360,454,15854
1977,13,5,25,0,76123380,4806,7210260,454,15867
1978,15,12,25,0,76172040,4807,7219380,454,15882
1979,16,16,25,0,76239840,4808,7227960,454,15898
1980,15,25,25,0,76268160,4808,7230720,454,15913
1981,13,29,25,0,76321080,4808,7248720,455,15926
1982,8,27,25,0,76384560,4809,7296960,457,15934
1983,12,33,25,0,76416480,4810,7306980,458,15946
1984,6,28,25,0,76482840,4810,7366080,461,15952
1985,15,34,25,0,76531320,4811,7375380,461,15967
1986,7,34,25,0,76574640,4811,7388820,462,15974
1987,5,29,25,0,76632480,4812,7436280,465,15979
1988,9,24,25,0,76688220,4811,7543200,471,15988
1989,10,24,25,0,76740480,4811,7608780,475,15998
1990,5,18,25,0,76794420,4811,7823700,488,16003
1991,3,9,25,0,76845180,4811,8127060,507,16006
1992,3,0,16,9,76895160,4808,8444340,527,16009
1993,3,0,14,11,76917780,4808,8444340,527,16012
1994,9,0,22,3,76918620,4808,8444340,527,16021
1995,5,0,21,4,76945380,4807,8444340,526,16026
1996,5,0,16,9,76999140,4808,8444340,526,16031
1997,8,0,22,3,77013900,4808,8444340,526,16039
1998,9,0,21,4,77051640,4807,8444340,526,16048
1999,6,0,21,4,77083080,4808,8444340,526,16054
2000,12,2,25,0,77108280,4807,8445060,525,16066
2001,4,0,20,5,77174520,4808,8449020,525,16070
2002,5,0,17,8,77218200,4809,8449020,525,16075
2003,7,0,20,5,77231400,4808,8449020,525,16082
2004,6,0,19,6,77277240,4809,8449020,525,16088
2005,7,0,21,4,77301720,4809,8449020,524,16095
2006,6,0,19,6,77335320,4809,8449020,524,16101
2007,6,0,20,5,77364000,4809,8449020,524,16107
2008,8,0,20,5,77405040,4809,8449020,524,16115
2009,3,0,16,9,77442060,4809,8449020,524,16118
2010,7,0,18,7,77464200,4809,8449020,524,16125
2011,5,0,20,5,77476440,4809,8449020,523,16130
2012,6,0,18,7,77521620,4809,8449020,523,16136
2013,8,0,21,4,77547600,4810,8449020,523,16144
2014,4,0,18,7,77583480,4810,8449020,523,16148
2015,6,0,17,8,77613120,4809,8449020,523,16154
2016,6,0,19,6,77633040,4809,8449020,522,16160
2017,12,4,25,0,77636940,4809,8449320,522,16172
2018,4,4,25,0,77653740,4809,8455980,522,16176
2019,7,7,25,0,77677020,4809,8459820,522,16183
2020,7,9,25,0,77703780,4809,8471760,523,16190
2021,10,13,25,0,77737080,4810,8483460,523,16200
2022,8,17,25,0,77756880,4810,8491260,523,16208
2023,14,24,25,0,77791140,4810,8497200,523,16222
2024,11,34,25,0,77796360,4810,8500800,523,16233
2025,10,40,25,0,77823060,4810,8514120,524,16243
2026,16,40,25,0,77839500,4810,8537940,525,16259
2027,9,40,25,0,77880060,4811,8557200,526,16268
2028,14,40,25,0,77909460,4811,8579280,527,16282
2029,12,40,25,0,77940240,4811,8610120,529,16294
2030,7,38,25,0,77958600,4811,8666940,532,16301
2031,10,40,25,0,77978820,4811,8702040,534,16311
2032,10,39,25,0,77996880,4811,8744820,537,16321
2033,10,38,25,0,78034500,4812,8761680,538,16331
2034,9,39,25,0,78057180,4812,8774400,538,16340
2035,9,38,25,0,78090000,4813,8787060,539,16349
2036,7,40,25,0,78109140,4813,8791260,539,16356
2037,6,40,25,0,78127080,4813,8802600,540,16362
2038,8,38,25,0,78154380,4814,8923020,547,16370
2039,7,39,25,0,78175080,4814,9056760,555,16377
2040,9,40,25,0,78211200,4815,9070920,556,16386
2041,3,38,25,0,78232440,4815,9261660,567,16389
2042,5,36,25,0,78270960,4815,9546360,585,16394
2043,2,36,25,0,78277920,4815,9622380,589,16396
2044,11,40,25,0,78312060,4815,9773940,598,16407
2045,5,38,25,0,78338640,4816,9853920,603,16412
2046,5,37,25,0,78361320,4815,9943440,608,16417
2047,8,40,25,0,78379320,4815,9947580,608,16425
2048,12,40,25,0,78405720,4816,9956580,609,16437
2049,5,39,25,0,78441300,4816,9974580,610,16442
2050,12,40,25,0,78463920,4816,9982980,610,16454
2051,5,40,25,0,78477900,4816,10001760,611,16459
2052,21,40,25,0,78513360,4816,10008660,611,16480
2053,7,37,25,0,78542880,4816,10142160,619,16487
2054,14,40,25,0,78564480,4816,10147200,619,16501
2055,7,37,25,0,78594360,4817,10368420,633,16508
2056,9,39,25,0,78618000,4816,10372020,632,16517
2057,9,40,25,0,78636840,4816,10384860,633,16526
2058,7,39,25,0,78665100,4816,10463400,638,16533
2059,6,39,25,0,78685500,4816,10636920,648,16539
2060,9,40,25,0,78715080,4816,10704180,652,16548
2061,2,36,25,0,78738720,4816,10885740,663,16550
2062,6,33,25,0,78773280,4815,11216940,683,16556
2063,5,31,25,0,78795420,4815,11766480,716,16561
2064,5,31,25,0,78809820,4814,11842860,721,16566
2065,8,34,25,0,78836580,4814,11850480,721,16574
2066,5,37,25,0,78851640,4815,11856900,721,16579
2067,6,37,25,0,78889320,4815,11877360,722,16585
2068,2,34,25,0,78917220,4815,11900460,723,16587
2069,4,31,25,0,78953460,4815,11938980,725,16591
2070,8,34,25,0,78969240,4815,11945700,725,16599
2071,11,40,25,0,78979500,4815,11947260,725,16610
2072,8,38,25,0,79015020,4815,11960880,726,16618
2073,14,40,25,0,79037100,4815,11968800,726,16632
2074,10,39,25,0,79066560,4815,11981280,726,16642
2075,12,40,25,0,79088580,4815,11999880,727,16654
2076,12,40,25,0,79110960,4815,12014400,728,16666
2077,9,38,25,0,79129800,4815,12049800,730,16675
2078,8,39,25,0,79158540,4815,12105060,733,16683
2079,11,40,25,0,79195440,4815,12115380,733,16694
2080,11,40,25,0,79216200,4815,12126240,734,16705
2081,10,40,25,0,79237560,4815,12129120,734,16715
2082,6,38,25,0,79270980,4816,12179100,737,16721
2083,5,38,25,0,79288860,4815,12250140,741,16726
2084,6,38,25,0,79316700,4815,12255420,741,16732
2085,12,38,25,0,79337580,4816,12263580,741,16744
2086,5,37,25,0,79372920,4816,12281640,742,16749
2087,6,36,25,0,79403700,4816,12308460,743,16755
2088,9,40,25,0,79421640,4816,12481200,753,16764
2089,3,38,25,0,79442220,4816,12490200,754,16767
2090,7,37,25,0,79472160,4816,12507360,755,16774
2091,5,37,25,0,79491960,4816,12531240,756,16779
2092,6,36,25,0,79521000,4815,12542040,756,16785
2093,6,35,25,0,79554960,4815,12807300,772,16791
2094,10,39,25,0,79575960,4815,13057500,787,16801
2095,8,40,25,0,79592340,4815,13061400,787,16809
2096,10,40,25,0,79611120,4815,13078140,788,16819
2097,13,40,25,0,79642200,4816,13296960,801,16832
2098,4,36,25,0,79671180,4816,13332240,803,16836
2099,8,35,25,0,79702860,4815,13831980,832,16844
2100,8,40,25,0,79714920,4815,14041560,845,16852
2101,13,40,25,0,79745760,4816,14055840,845,16865
2102,17,40,25,0,79767600,4816,14067540,846,16882
2103,12,39,25,0,79797120,4816,14077140,846,16894
2104,8,40,25,0,79817520,4816,14082720,846,16902
2105,6,38,25,0,79853820,4817,14103360,847,16908
2106,11,40,25,0,79866240,4817,14126820,848,16919
2107,9,40,25,0,79888440,4817,14137440,849,16928
2108,5,37,25,0,79930620,4817,14197740,852,16933
2109,3,36,25,0,79946160,4817,14458140,868,16936
2110,8,38,25,0,79979340,4817,14787120,887,16944
2111,3,38,25,0,79996320,4817,14789520,887,16947
2112,5,36,25,0,80029500,4817,14806200,888,16952
2113,7,38,25,0,80051760,4817,14810220,887,16959
2114,5,40,25,0,80069160,4817,14816280,888,16964
2115,7,37,25,0,80093160,4818,14831700,888,16971
2116,6,34,25,0,80134440,4818,15244200,913,16977
2117,6,34,25,0,80147580,4817,15291120,915,16983
2118,15,40,25,0,80176020,4817,15298260,915,16998
2119,5,40,25,0,80193720,4817,15306300,916,17003
2120,6,37,25,0,80229720,4817,15328620,917,17009
2121,9,40,25,0,80243880,4818,15335340,917,17018
2122,9,40,25,0,80272440,4818,15346260,917,17027
2123,11,39,25,0,80307480,4818,15371040,918,17038
2124,9,40,25,0,80333340,4818,15386520,919,17047
2125,9,40,25,0,80353020,4818,15392040,919,17056
2126,5,40,25,0,80371740,4818,15398160,919,17061
2127,6,39,25,0,80396160,4818,15407820,920,17067
2128,9,39,25,0,80424300,4819,15412500,920,17076
2129,10,38,25,0,80459880,4819,15424620,920,17086
2130,7,39,25,0,80476740,4819,15433140,920,17093
2131,6,37,25,0,80503980,4819,15443520,921,17099
2132,10,40,25,0,80522220,4819,15445560,921,17109
2133,8,39,25,0,80553360,4819,15451380,920,17117
2134,4,32,25,0,80578800,4819,16515180,984,17121
2135,7,19,25,0,80615640,4815,19978500,1190,17128
2136,3,11,25,0,80633400,4813,21563460,1284,17131
2137,4,0,23,2,80660340,4810,24068760,1433,17135
2138,5,0,25,0,80675820,4810,24068760,1432,17140
2139,2,0,22,3,80700120,4810,24069480,1432,17142
2140,5,0,23,2,80722920,4810,24069480,1432,17147
2141,9,4,25,0,80735880,4810,24070920,1431,17156
2142,9,9,25,0,80757420,4810,24078000,1431,17165
2143,8,12,25,0,80790900,4810,24083220,1431,17173
2144,9,17,25,0,80811960,4811,24095460,1431,17182
2145,17,30,25,0,80835420,4811,24098940,1430,17199
2146,14,38,25,0,80869920,4811,24117420,1429,17213
2147,13,39,25,0,80889240,4811,24129360,1429,17226
2148,8,40,25,0,80899560,4811,24135360,1430,17234
2149,9,40,25,0,80941440,4812,24182460,1432,17243
2150,13,38,25,0,80975700,4812,24213060,1433,17256
2151,8,39,25,0,80992440,4812,24220080,1433,17264
2152,12,40,25,0,81007320,4812,24273780,1436,17276
2153,8,37,25,0,81049020,4812,24345900,1440,17284
2154,7,40,25,0,81053100,4812,24346620,1440,17291
2155,8,39,25,0,81091320,4813,24388200,1442,17299
2156,8,39,25,0,81113100,4813,24405540,1442,17307
2157,6,39,25,0,81140580,4814,24411480,1442,17313
2158,5,39,25,0,81160260,4814,24462900,1445,17318
2159,3,38,25,0,81184500,4814,24572340,1452,17321
2160,3,35,25,0,81219360,4814,24747840,1461,17324
2161,7,37,25,0,81241200,4814,24788700,1464,17331
2162,6,39,25,0,81262080,4814,24794220,1463,17337
2163,8,40,25,0,81282540,4815,24802680,1463,17345
2164,7,40,25,0,81305520,4815,24812460,1464,17352
2165,9,39,25,0,81337680,4815,24889980,1468,17361
2166,5,37,25,0,81376020,4816,24939420,1470,17366
2167,9,38,25,0,81385140,4815,24946680,1470,17375
2168,7,40,25,0,81415500,4816,24952980,1470,17382
2169,10,38,25,0,81448080,4816,24965820,1471,17392
2170,9,40,25,0,81461880,4816,24969600,1471,17401
2171,18,38,25,0,81499320,4817,24990240,1471,17419
2172,12,40,25,0,81516000,4816,24997860,1471,17431
2173,11,39,25,0,81548340,4816,25139580,1479,17442
2174,14,39,25,0,81564120,4816,25145760,1479,17456
2175,9,40,25,0,81594300,4816,25270980,1486,17465
2176,18,40,25,0,81616560,4816,25389300,1492,17483
2177,9,40,25,0,81638760,4817,25506480,1499,17492
2178,9,39,25,0,81671820,4816,25519140,1499,17501
2179,11,40,25,0,81689280,4816,25522860,1499,17512
2180,5,40,25,0,81712260,4817,25529100,1499,17517
2181,4,38,25,0,81745980,4817,25533120,1499,17521
2182,10,40,25,0,81774240,4817,25695060,1508,17531
2183,8,40,25,0,81790020,4817,25746780,1510,17539
2184,8,39,25,0,81816360,4817,25755060,1510,17547
2185,4,38,25,0,81848220,4818,25796340,1512,17551
2186,8,40,25,0,81872460,4817,25850580,1515,17559
2187,2,37,25,0,81899940,4817,26074560,1528,17561
2188,2,33,25,0,81929760,4817,26354400,1544,17563
2189,7,33,25,0,81951060,4817,26556240,1556,17570
2190,9,38,25,0,81965700,4816,26560440,1555,17579
2191,11,40,25,0,81993660,4817,26572020,1555,17590
2192,11,40,25,0,82021680,4818,26590440,1556,17601
2193,7,39,25,0,82048080,4818,26599260,1556,17608
2194,12,40,25,0,82073160,4818,26609880,1556,17620
2195,11,40,25,0,82098180,4818,26792520,1566,17631
2196,10,40,25,0,82126620,4818,26797320,1566,17641
2197,15,40,25,0,82141320,4818,26799900,1566,17656
2198,10,39,25,0,82181220,4819,26824680,1567,17666
2199,7,39,25,0,82192620,4818,26861520,1569,17673
2200,10,39,25,0,82228200,4819,26897160,1570,17683
2201,10,40,25,0,82244400,4819,26901660,1570,17693
2202,15,40,25,0,82268580,4819,26906460,1570,17708
2203,11,40,25,0,82300140,4819,26921580,1570,17719
2204,11,40,25,0,82320060,4819,26928480,1570,17730
2205,6,39,25,0,82354620,4820,27004200,1574,17736
2206,5,39,25,0,82373820,4820,27006360,1574,17741
2207,5,40,25,0,82395540,4820,27072840,1577,17746
2208,6,37,25,0,82425120,4820,27126660,1580,17752
2209,3,33,25,0,82455900,4820,27475320,1600,17755
2210,2,29,25,0,82474200,4819,27917220,1626,17757
2211,5,26,25,0,82508280,4819,28836300,1679,17762
2212,6,29,25,0,82520820,4819,28840440,1679,17768
2213,5,29,25,0,82554960,4819,28846740,1678,17773
2214,5,29,25,0,82574160,4819,29067540,1691,17778
2215,8,31,25,0,82606440,4819,29074440,1690,17786
2216,4,33,25,0,82615080,4819,29079600,1690,17790
2217,4,32,25,0,82656120,4820,29092140,1691,17794
2218,7,35,25,0,82681380,4821,29096400,1690,17801
2219,10,40,25,0,82698960,4820,29104080,1690,17811
2220,12,40,25,0,82727640,4821,29117940,1690,17823
2221,14,40,25,0,82747320,4821,29137680,1691,17837
2222,8,40,25,0,82773420,4821,29170800,1693,17845
2223,11,39,25,0,82807140,4822,29202900,1694,17856
2224,11,38,25,0,82834800,4822,29236560,1695,17867
2225,5,36,25,0,82865520,4821,29282040,1698,17872
2226,9,39,25,0,82879260,4821,29321520,1699,17881
2227,10,39,25,0,82908360,4821,29331960,1699,17891
2228,7,40,25,0,82919040,4821,29339220,1699,17898
2229,1,32,25,0,82962060,4821,29400120,1702,17899
2230,3,28,25,0,82983900,4820,30484200,1765,17902
2231,6,26,25,0,83009640,4819,31398240,1817,17908
2232,7,27,25,0,83036400,4819,31689000,1833,17915
2233,5,24,25,0,83064360,4819,31857300,1843,17920
2234,3,18,25,0,83086800,4818,33064800,1912,17923
2235,3,10,25,0,83104860,4815,34272120,1982,17926
2236,8,5,25,0,83135040,4814,35628180,2059,17934
2237,2,2,25,0,83162820,4814,35929080,2076,17936
2238,5,0,25,0,83181180,4813,36241860,2094,17941
2239,9,4,25,0,83205600,4813,36243600,2093,17950
2240,14,14,25,0,83226840,4813,36253020,2092,17964
2241,12,23,25,0,83250840,4814,36258480,2091,17976
2242,9,28,25,0,83275560,4814,36277380,2091,17985
2243,7,30,25,0,83309040,4814,36296760,2091,17992
2244,7,33,25,0,83333100,4815,36329340,2092,17999
2245,12,40,25,0,83344740,4815,36345180,2092,18011
2246,10,40,25,0,83380620,4816,36376080,2093,18021
2247,9,38,25,0,83398080,4816,36386340,2093,18030
2248,11,40,25,0,83425620,4816,36415200,2094,18041
2249,10,39,25,0,83458680,4816,36451260,2096,18051
2250,14,38,25,0,83488680,4817,36481380,2097,18065
2251,5,39,25,0,83499300,4817,36504960,2098,18070
2252,5,38,25,0,83526120,4817,36567840,2101,18075
2253,11,39,25,0,83562060,4818,36626940,2104,18086
2254,6,38,25,0,83583540,4818,36671340,2106,18092
2255,8,40,25,0,83606160,4818,36768480,2111,18100
2256,2,36,25,0,83639580,4819,36889800,2118,18102
2257,8,40,25,0,83651340,4819,36950760,2121,18110
2258,4,36,25,0,83690640,4819,37029960,2124,18114
2259,3,35,25,0,83710140,4819,37267140,2138,18117
2260,7,38,25,0,83732100,4819,37277040,2137,18124
2261,8,39,25,0,83759460,4820,37294560,2138,18132
2262,4,38,25,0,83779320,4820,37314480,2139,18136
2263,8,40,25,0,83802900,4819,37342500,2139,18144
2264,13,40,25,0,83838660,4820,37348440,2139,18157
2265,13,39,25,0,83861880,4820,37433400,2143,18170
2266,16,40,25,0,83886060,4820,37440780,2143,18186
2267,10,39,25,0,83915880,4820,37549500,2149,18196
2268,12,40,25,0,83933640,4820,37556940,2148,18208
2269,18,40,25,0,83959740,4820,37570380,2149,18226
2270,10,39,25,0,83982240,4820,37577280,2148,18236
2271,5,39,25,0,84013380,4820,37643400,2152,18241
2272,11,40,25,0,84036300,4820,37645260,2151,18252
2273,10,39,25,0,84061980,4821,37676100,2153,18262
2274,5,38,25,0,84085980,4821,37781280,2158,18267
2275,5,35,25,0,84122400,4821,37901700,2164,18272
2276,4,34,25,0,84142500,4821,37919880,2165,18276
2277,9,37,25,0,84169320,4820,38029200,2170,18285
2278,10,36,25,0,84196620,4821,38073180,2172,18295
2279,5,38,25,0,84208260,4820,38081520,2172,18300
2280,3,34,25,0,84245520,4821,38306820,2184,18303
2281,4,31,25,0,84266640,4820,38562960,2198,18307
2282,6,32,25,0,84287760,4820,38566800,2198,18313
2283,2,30,25,0,84312300,4820,38679780,2204,18315
2284,2,24,25,0,84343320,4820,39333060,2241,18317
2285,6,23,25,0,84371040,4819,39657480,2259,18323
2286,9,28,25,0,84386280,4819,39662040,2258,18332
2287,8,31,25,0,84417300,4819,39669420,2257,18340
2288,10,37,25,0,84440400,4820,39677220,2257,18350
2289,10,40,25,0,84457560,4820,39683760,2256,18360
2290,13,39,25,0,84495420,4820,39705000,2257,18373
2291,7,38,25,0,84524220,4820,39731880,2258,18380
2292,12,39,25,0,84533520,4820,39739740,2258,18392
2293,8,39,25,0,84571500,4821,39773580,2259,18400
2294,10,40,25,0,84591600,4821,39782580,2259,18410
2295,16,40,25,0,84615300,4821,39823020,2260,18426
2296,3,38,25,0,84638940,4821,39895440,2264,18429
2297,8,37,25,0,84674220,4821,39945060,2266,18437
2298,9,38,25,0,84688080,4821,39953280,2266,18446
2299,11,40,25,0,84702180,4822,39994860,2268,18457
2300,5,34,25,0,84751260,4822,40341000,2287,18462
2301,3,30,25,0,84775380,4821,40476540,2295,18465
2302,4,28,25,0,84796440,4821,40935000,2320,18469
2303,5,25,25,0,84824820,4820,41364720,2344,18474
2304,7,24,25,0,84848100,4820,41498220,2351,18481
2305,5,28,25,0,84854880,4820,41502420,2350,18486
2306,3,23,25,0,84905640,4820,41690700,2360,18489
2307,8,26,25,0,84927300,4820,41702460,2360,18497
2308,8,31,25,0,84936720,4820,41705820,2360,18505
2309,5,30,25,0,84966420,4820,41711220,2359,18510
2310,9,34,25,0,84998100,4820,41716020,2358,18519
2311,7,37,25,0,85017120,4820,41727240,2357,18526
2312,10,38,25,0,85040580,4821,41741100,2357,18536
2313,11,39,25,0,85076880,4821,41753640,2357,18547
2314,9,39,25,0,85092540,4821,41757540,2357,18556
2315,8,39,25,0,85125960,4821,41957880,2368,18564
2316,14,40,25,0,85147380,4821,41961240,2367,18578
2317,1,37,25,0,85166940,4821,42236640,2382,18579
2318,13,40,25,0,85199340,4821,42261360,2383,18592
2319,11,40,25,0,85212780,4821,42268020,2383,18603
2320,9,38,25,0,85244760,4821,42291180,2383,18612
2321,9,40,25,0,85272000,4821,42296460,2383,18621
2322,15,39,25,0,85303140,4822,42302760,2382,18636
2323,12,40,25,0,85318200,4821,42323220,2383,18648
2324,7,39,25,0,85343400,4821,42407580,2387,18655
2325,6,40,25,0,85367640,4821,42468120,2390,18661
2326,7,40,25,0,85390500,4821,42489060,2390,18668
2327,7,40,25,0,85419960,4822,42498120,2390,18675
2328,5,39,25,0,85446420,4822,42566580,2393,18680
2329,5,35,25,0,85485960,4822,42692160,2400,18685
2330,8,38,25,0,85498860,4821,42695760,2399,18693
2331,5,38,25,0,85523520,4821,42705840,2399,18698
2332,4,37,25,0,85546260,4821,42728640,2399,18702
2333,4,36,25,0,85578960,4821,42828600,2404,18706
2334,8,38,25,0,85605120,4821,42834480,2404,18714
2335,10,38,25,0,85628580,4821,42846600,2404,18724
2336,6,40,25,0,85641360,4822,42853980,2404,18730
2337,14,40,25,0,85675020,4822,42860100,2403,18744
2338,10,38,25,0,85699440,4822,42901920,2405,18754
2339,7,38,25,0,85728720,4822,42964320,2408,18761
2340,10,40,25,0,85748040,4822,42968700,2408,18771
2341,8,38,25,0,85775820,4822,42981540,2408,18779
2342,11,40,25,0,85800960,4822,42996060,2408,18790
2343,10,40,25,0,85823640,4823,43005960,2408,18800
2344,5,37,25,0,85857240,4823,43019280,2408,18805
2345,8,40,25,0,85878660,4823,43042920,2408,18813
2346,6,39,25,0,85902300,4823,43047900,2408,18819
2347,11,39,25,0,85929960,4823,43101900,2410,18830
2348,6,39,25,0,85953420,4823,43212780,2416,18836
2349,9,39,25,0,85977840,4822,43302540,2420,18845
2350,8,40,25,0,86002680,4822,43309920,2419,18853
2351,8,37,25,0,86037660,4822,43325040,2420,18861
2352,4,37,25,0,86053980,4822,43357440,2421,18865
2353,5,37,25,0,86073000,4822,43381320,2422,18870
2354,5,38,25,0,86098440,4822,43389960,2421,18875
2355,7,40,25,0,86124360,4823,43396980,2421,18882
2356,4,37,25,0,86152140,4823,43425300,2422,18886
2357,6,38,25,0,86181840,4823,43440960,2422,18892
2358,10,40,25,0,86206380,4823,43626000,2432,18902
2359,7,38,25,0,86231700,4823,43646040,2432,18909
2360,7,38,25,0,86259780,4823,43654620,2432,18916
2361,9,40,25,0,86279280,4823,43666620,2432,18925
2362,7,39,25,0,86307660,4823,43672560,2432,18932
2363,10,40,25,0,86318340,4823,43674780,2431,18942
2364,10,39,25,0,86360340,4823,43957440,2446,18952
2365,11,40,25,0,86382960,4823,43964280,2446,18963
2366,6,39,25,0,86410560,4823,44405760,2470,18969
2367,7,38,25,0,86431680,4822,44631420,2481,18976
2368,7,38,25,0,86456040,4822,44641440,2481,18983
2369,13,40,25,0,86487780,4822,44659620,2481,18996
2370,6,40,25,0,86505840,4822,44669580,2481,19002
2371,4,36,25,0,86536860,4822,44693340,2482,19006
2372,5,35,25,0,86563200,4822,45853860,2546,19011
2373,9,38,25,0,86588100,4822,45857220,2544,19020
2374,11,40,25,0,86603040,4821,45860700,2544,19031
2375,10,39,25,0,86643720,4821,45877020,2544,19041
2376,1,36,25,0,86658720,4821,45915840,2546,19042
2377,0,28,25,0,86697720,4821,47261340,2620,19042
2378,4,24,25,0,86716980,4820,48620340,2695,19046
2379,4,12,25,0,86741280,4817,51424800,2850,19050
2380,6,3,25,0,86769180,4815,54288900,3008,19056
2381,10,7,25,0,86784780,4814,54294300,3006,19066
2382,7,10,25,0,86809260,4814,54299040,3005,19073
2383,6,13,25,0,86823300,4814,54304860,3005,19079
2384,9,17,25,0,86854320,4815,54310500,3004,19088
2385,9,20,25,0,86889060,4815,54330840,3003,19097
2386,15,31,25,0,86910480,4815,54335100,3001,19112
2387,17,39,25,0,86935440,4815,54342900,2999,19129
2388,12,40,25,0,86949120,4816,54359280,3000,19141
2389,10,38,25,0,86994420,4816,54380580,3000,19151
2390,9,39,25,0,87005220,4816,54396660,3000,19160
2391,8,40,25,0,87037440,4816,54447180,3002,19168
2392,12,40,25,0,87061560,4816,54498360,3004,19180
2393,8,40,25,0,87079140,4816,54534660,3005,19188
2394,10,40,25,0,87110580,4816,54578040,3007,19198
2395,9,39,25,0,87136440,4817,54588840,3007,19207
2396,3,38,25,0,87155640,4817,54682800,3011,19210
2397,7,39,25,0,87187260,4817,54691800,3011,19217
2398,6,38,25,0,87216120,4817,54741240,3013,19223
2399,3,38,25,0,87234600,4817,54852300,3019,19226

