Hour,Arrivals,Waiting,Treating,Available Rooms,Total Treatment Time,Average Treatment Time,Total Wait Time,Average Wait Time,Total Arrivals
1,8,0,6,19,3060,1530,0,0,8
2,5,0,8,17,13320,2664,0,0,13
3,9,0,11,14,40380,3670,0,0,22
4,7,0,6,19,84480,3673,0,0,29
5,3,0,5,20,99180,3673,0,0,32
6,4,0,4,21,134280,4196,0,0,36
7,11,0,11,14,137700,3825,0,0,47
8,7,0,6,19,178440,3717,0,0,54
9,8,0,7,18,214740,3904,0,0,62
10,5,0,6,19,240480,3942,0,0,67
11,15,0,12,13,253440,3620,0,0,82
12,19,0,19,6,295200,3600,0,0,101
13,13,0,18,7,351780,3664,0,0,114
14,16,0,17,8,418320,3701,0,0,130
15,8,0,7,18,479880,3663,0,0,138
16,16,0,16,9,505800,3665,0,0,154
17,8,0,12,13,537000,3580,0,0,162
18,10,0,12,13,577380,3608,0,0,172
19,10,0,5,20,632520,3573,0,0,182
20,12,0,9,16,662700,3582,0,0,194
21,4,0,7,18,682860,3575,0,0,198
22,7,0,9,16,708720,3615,0,0,205
23,8,0,10,15,731880,3605,0,0,213
24,8,0,7,18,781140,3650,0,0,221
25,7,0,10,15,788400,3616,0,0,228
26,3,0,5,20,830460,3674,0,0,231
27,1,0,0,25,862020,3715,0,0,232
28,1,0,1,24,862020,3715,0,0,233
29,6,0,5,20,865260,3697,0,0,239
30,3,0,3,22,877440,3671,0,0,242
31,5,0,5,20,891720,3684,0,0,247
32,4,0,5,20,900660,3661,0,0,251
33,6,0,4,21,923640,3650,0,0,257
34,7,0,6,19,946440,3668,0,0,264
35,8,0,7,18,967740,3651,0,0,272
36,14,0,15,10,979080,3612,0,0,286
37,12,0,9,16,1037880,3591,0,0,298
38,12,0,17,8,1045740,3569,0,0,310
39,12,0,13,12,1119660,3623,0,0,322
40,7,0,8,17,1175400,3661,0,0,329
41,8,0,10,15,1196340,3658,0,0,337
42,9,0,7,18,1239540,3656,0,0,346
43,7,0,9,16,1252500,3640,0,0,353
44,4,0,6,19,1287720,3668,0,0,357
45,6,0,7,18,1312020,3685,0,0,363
46,4,0,4,21,1333500,3673,0,0,367
47,12,0,10,15,1351440,3662,0,0,379
48,4,0,5,20,1388040,3672,0,0,383
49,6,0,8,17,1398720,3671,0,0,389
50,4,0,5,20,1430700,3687,0,0,393
51,3,0,3,22,1453020,3697,0,0,396
52,6,0,7,18,1461840,3700,0,0,402
53,4,0,3,22,1484220,3682,0,0,406
54,4,0,4,21,1497300,3687,0,0,410
55,8,0,6,19,1522560,3695,0,0,418
56,8,0,9,16,1536900,3685,0,0,426
57,11,0,8,17,1575360,3672,0,0,437
58,6,0,8,17,1595280,3667,0,0,443
59,9,0,8,17,1629000,3668,0,0,452
60,9,0,7,18,1668720,3675,0,0,461
61,10,0,10,15,1685340,3655,0,0,471
62,10,0,12,13,1719420,3666,0,0,481
63,12,0,9,16,1766160,3649,0,0,493
64,8,0,11,14,1785840,3644,0,0,501
65,5,0,8,17,1831320,3677,0,0,506
66,6,0,10,15,1840920,3667,0,0,512
67,9,0,9,16,1881360,3674,0,0,521
68,9,0,8,17,1918920,3676,0,0,530
69,1,0,2,23,1946400,3679,0,0,531
70,10,0,5,20,1965720,3667,0,0,541
71,6,0,5,20,1977780,3649,0,0,547
72,2,0,2,23,1994820,3646,0,0,549
73,2,0,2,23,2002380,3647,0,0,551
74,2,0,3,22,2004900,3645,0,0,553
75,3,0,3,22,2019960,3652,0,0,556
76,0,0,0,25,2036940,3663,0,0,556
77,2,0,1,24,2037360,3657,0,0,558
78,8,0,7,18,2041200,3651,0,0,566
79,7,0,7,18,2066820,3651,0,0,573
80,5,0,4,21,2094720,3649,0,0,578
81,12,0,10,15,2104080,3627,0,0,590
82,9,0,10,15,2132760,3620,0,0,599
83,8,0,5,20,2174100,3611,0,0,607
84,18,0,18,7,2180280,3591,0,0,625
85,7,0,9,16,2236980,3590,0,0,632
86,11,0,12,13,2275800,3606,0,0,643
87,7,0,8,17,2322660,3617,0,0,650
88,9,0,5,20,2367600,3620,0,0,659
89,13,0,12,13,2378220,3603,0,0,672
90,10,0,15,10,2406240,3607,0,0,682
91,8,0,9,16,2463900,3618,0,0,690
92,6,0,8,17,2494860,3626,0,0,696
93,5,0,6,19,2533380,3645,0,0,701
94,3,0,4,21,2548800,3641,0,0,704
95,9,0,7,18,2568840,3638,0,0,713
96,2,0,3,22,2591820,3640,0,0,715
97,7,0,6,19,2607960,3642,0,0,722
98,5,0,6,19,2626380,3642,0,0,727
99,9,0,9,16,2649360,3644,0,0,736
100,6,0,8,17,2674500,3643,0,0,742
101,9,0,11,14,2692800,3638,0,0,751
102,9,0,8,17,2752320,3660,0,0,760
103,10,0,8,17,2770380,3635,0,0,770
104,10,0,9,16,2800320,3632,0,0,780
105,11,0,11,14,2832960,3632,0,0,791
106,9,0,8,17,2883720,3641,0,0,800
107,9,0,9,16,2909100,3636,0,0,809
108,8,0,9,16,2934720,3632,0,0,817
109,10,0,10,15,2978520,3645,0,0,827
110,9,0,10,15,3012600,3647,0,0,836
111,16,0,14,11,3055980,3646,0,0,852
112,8,0,7,18,3108060,3643,0,0,860
113,8,0,9,16,3132540,3646,0,0,868
114,8,0,5,20,3170280,3639,0,0,876
115,3,0,4,21,3178620,3632,0,0,879
116,9,0,6,19,3203040,3631,0,0,888
117,6,0,7,18,3214560,3624,0,0,894
118,6,0,8,17,3229920,3620,0,0,900
119,3,0,3,22,3265440,3628,0,0,903
120,4,0,3,22,3279900,3628,0,0,907
121,4,0,2,23,3303060,3633,0,0,911
122,5,0,5,20,3307620,3630,0,0,916
123,7,0,3,22,3325800,3615,0,0,923
124,4,0,4,21,3346860,3626,0,0,927
125,7,0,5,20,3361800,3618,0,0,934
126,8,0,8,17,3375300,3613,0,0,942
127,7,0,12,13,3389220,3617,0,0,949
128,6,0,9,16,3433740,3629,0,0,955
129,9,0,9,16,3462720,3625,0,0,964
130,15,0,15,10,3493560,3624,0,0,979
131,5,0,10,15,3538020,3632,0,0,984
132,3,0,4,21,3589320,3651,0,0,987
133,13,0,13,12,3601680,3649,0,0,1000
134,11,0,12,13,3641040,3644,0,0,1011
135,6,0,12,13,3659700,3641,0,0,1017
136,7,0,9,16,3722520,3667,0,0,1024
137,4,0,4,21,3756900,3668,0,0,1028
138,5,0,3,22,3782520,3672,0,0,1033
139,4,0,4,21,3791760,3670,0,0,1037
140,7,0,7,18,3798960,3663,0,0,1044
141,9,0,11,14,3815820,3662,0,0,1053
142,4,0,9,16,3846060,3669,0,0,1057
143,5,0,7,18,3877800,3675,0,0,1062
144,6,0,3,22,3923580,3684,0,0,1068
145,7,0,9,16,3932820,3689,0,0,1075
146,5,0,6,19,3955260,3682,0,0,1080
147,2,0,3,22,3986580,3694,0,0,1082
148,7,0,5,20,4012620,3701,0,0,1089
149,8,0,5,20,4027380,3688,0,0,1097
150,7,0,8,17,4038420,3684,0,0,1104
151,5,0,9,16,4050540,3682,0,0,1109
152,10,0,6,19,4109820,3692,0,0,1119
153,9,0,7,18,4128360,3682,0,0,1128
154,4,0,5,20,4149420,3681,0,0,1132
155,12,0,11,14,4170300,3680,0,0,1144
156,6,0,8,17,4204500,3681,0,0,1150
157,11,0,12,13,4232700,3683,0,0,1161
158,11,0,12,13,4275180,3685,0,0,1172
159,4,0,7,18,4310520,3687,0,0,1176
160,6,0,8,17,4322100,3681,0,0,1182
161,10,0,12,13,4348980,3685,0,0,1192
162,9,0,10,15,4392360,3687,0,0,1201
163,7,0,9,16,4427940,3693,0,0,1208
164,10,0,11,14,4466520,3700,0,0,1218
165,7,0,5,20,4511460,3697,0,0,1225
166,3,0,4,21,4523700,3695,0,0,1228
167,7,0,6,19,4549620,3701,0,0,1235
168,9,0,5,20,4571760,3689,0,0,1244
169,8,0,10,15,4587240,3693,0,0,1252
170,6,0,7,18,4603200,3679,0,0,1258
171,8,0,8,17,4630260,3680,0,0,1266
172,3,0,5,20,4651140,3679,0,0,1269
173,7,0,5,20,4673340,3676,0,0,1276
174,15,0,12,13,4692060,3668,0,0,1291
175,10,0,12,13,4729380,3669,0,0,1301
176,8,0,9,16,4760760,3662,0,0,1309
177,13,0,11,14,4811460,3670,0,0,1322
178,10,0,8,17,4848780,3662,0,0,1332
179,8,0,9,16,4871760,3660,0,0,1340
180,5,0,3,22,4909560,3658,0,0,1345
181,8,0,8,17,4922580,3659,0,0,1353
182,18,0,14,11,4947840,3646,0,0,1371
183,10,0,12,13,4989660,3644,0,0,1381
184,6,0,6,19,5039820,3649,0,0,1387
185,7,0,6,19,5067240,3650,0,0,1394
186,7,0,5,20,5093460,3648,0,0,1401
187,6,0,6,19,5105940,3644,0,0,1407
188,6,0,6,19,5127360,3644,0,0,1413
189,5,0,4,21,5155140,3645,0,0,1418
190,4,0,6,19,5165280,3647,0,0,1422
191,4,0,4,21,5195220,3653,0,0,1426
192,6,0,8,17,5204460,3654,0,0,1432
193,10,0,6,19,5240400,3649,0,0,1442
194,9,0,12,13,5252940,3650,0,0,1451
195,4,0,3,22,5302860,3652,0,0,1455
196,4,0,5,20,5311320,3652,0,0,1459
197,3,0,2,23,5333400,3653,0,0,1462
198,6,0,5,20,5347920,3655,0,0,1468
199,4,0,4,21,5358420,3650,0,0,1472
200,13,0,10,15,5367000,3638,0,0,1485
201,8,0,9,16,5395320,3635,0,0,1493
202,7,0,5,20,5437320,3637,0,0,1500
203,13,0,9,16,5463240,3632,0,0,1513
204,9,0,8,17,5489760,3625,0,0,1522
205,9,0,10,15,5517840,3627,0,0,1531
206,7,0,9,16,5538960,3622,0,0,1538
207,12,0,15,10,5568540,3627,0,0,1550
208,11,0,15,10,5606940,3626,0,0,1561
209,5,0,9,16,5652420,3630,0,0,1566
210,6,0,7,18,5694360,3638,0,0,1572
211,7,0,8,17,5725140,3644,0,0,1579
212,5,0,7,18,5749320,3645,0,0,1584
213,4,0,3,22,5781540,3647,0,0,1588
214,5,0,5,20,5793540,3648,0,0,1593
215,5,0,7,18,5801760,3646,0,0,1598
216,8,0,5,20,5833260,3643,0,0,1606
217,3,0,3,22,5860500,3649,0,0,1609
218,5,0,7,18,5861580,3647,0,0,1614
219,2,0,3,22,5883840,3647,0,0,1616
220,5,0,3,22,5895000,3643,0,0,1621
221,4,0,6,19,5896800,3642,0,0,1625
222,8,0,9,16,5916180,3642,0,0,1633
223,10,0,11,14,5942460,3641,0,0,1643
224,11,0,15,10,5976540,3646,0,0,1654
225,9,0,10,15,6031860,3649,0,0,1663
226,11,0,11,14,6062340,3645,0,0,1674
227,5,0,9,16,6099660,3652,0,0,1679
228,12,0,9,16,6145440,3653,0,0,1691
229,7,0,5,20,6186120,3653,0,0,1698
230,13,0,8,17,6210780,3646,0,0,1711
231,15,0,12,13,6238140,3639,0,0,1726
232,7,0,7,18,6284280,3640,0,0,1733
233,9,0,11,14,6302760,3641,0,0,1742
234,3,0,8,17,6345480,3653,0,0,1745
235,9,0,10,15,6382740,3659,0,0,1754
236,8,0,9,16,6414960,3659,0,0,1762
237,4,0,6,19,6451200,3665,0,0,1766
238,0,0,0,25,6477480,3667,0,0,1766
239,3,0,3,22,6477480,3667,0,0,1769
240,5,0,5,20,6481140,3663,0,0,1774
241,9,0,6,19,6502140,3659,0,0,1783
242,8,0,7,18,6530940,3660,0,0,1791
243,6,0,5,20,6553440,3657,0,0,1797
244,8,0,7,18,6581400,3660,0,0,1805
245,6,0,7,18,6598920,3657,0,0,1811
246,7,0,6,19,6633240,3660,0,0,1818
247,11,0,14,11,6645420,3661,0,0,1829
248,8,0,8,17,6687540,3656,0,0,1837
249,5,0,4,21,6720120,3656,0,0,1842
250,12,0,11,14,6735780,3654,0,0,1854
251,10,0,9,16,6765360,3647,0,0,1864
252,15,0,9,16,6799680,3636,0,0,1879
253,17,0,15,10,6832380,3632,0,0,1896
254,11,0,14,11,6867360,3627,0,0,1907
255,9,0,13,12,6917040,3634,0,0,1916
256,10,0,7,18,6966540,3630,0,0,1926
257,4,0,3,22,6998400,3631,0,0,1930
258,4,0,5,20,7004340,3631,0,0,1934
259,9,0,7,18,7020240,3626,0,0,1943
260,10,0,7,18,7061760,3628,0,0,1953
261,8,0,7,18,7085100,3625,0,0,1961
262,8,0,6,19,7114920,3624,0,0,1969
263,5,0,4,21,7138740,3623,0,0,1974
264,6,0,3,22,7152300,3617,0,0,1980
265,7,0,9,16,7155120,3617,0,0,1987
266,5,0,6,19,7192080,3621,0,0,1992
267,10,0,8,17,7212120,3616,0,0,2002
268,9,0,11,14,7232520,3616,0,0,2011
269,5,0,6,19,7268520,3616,0,0,2016
270,9,0,9,16,7285920,3614,0,0,2025
271,8,0,8,17,7318260,3613,0,0,2033
272,5,0,6,19,7341060,3612,0,0,2038
273,9,0,7,18,7365300,3610,0,0,2047
274,12,0,7,18,7398180,3605,0,0,2059
275,11,0,11,14,7427220,3607,0,0,2070
276,15,0,12,13,7457280,3597,0,0,2085
277,11,0,12,13,7496760,3597,0,0,2096
278,8,0,9,16,7552260,3604,0,0,2104
279,11,0,10,15,7595400,3608,0,0,2115
280,8,0,8,17,7630980,3608,0,0,2123
281,8,0,11,14,7657680,3612,0,0,2131
282,14,0,13,12,7704660,3613,0,0,2145
283,8,0,11,14,7730640,3609,0,0,2153
284,12,0,9,16,7794300,3615,0,0,2165
285,10,0,12,13,7810740,3611,0,0,2175
286,11,0,9,16,7868100,3614,0,0,2186
287,7,0,7,18,7895160,3611,0,0,2193
288,5,0,5,20,7928700,3615,0,0,2198
289,7,0,7,18,7944060,3614,0,0,2205
290,6,0,4,21,7979280,3615,0,0,2211
291,3,0,4,21,7993140,3616,0,0,2214
292,11,0,7,18,8021460,3616,0,0,2225
293,5,0,8,17,8039520,3618,0,0,2230
294,13,0,10,15,8070780,3614,0,0,2243
295,4,0,6,19,8103600,3616,0,0,2247
296,6,0,9,16,8126820,3621,0,0,2253
297,8,0,9,16,8155980,3621,0,0,2261
298,7,0,8,17,8188140,3623,0,0,2268
299,12,0,8,17,8225700,3620,0,0,2280
300,10,0,9,16,8260740,3621,0,0,2290
301,13,0,9,16,8300520,3618,0,0,2303
302,8,0,10,15,8319180,3615,0,0,2311
303,11,0,8,17,8373900,3618,0,0,2322
304,8,0,10,15,8399040,3620,0,0,2330
305,13,0,14,11,8436300,3622,0,0,2343
306,8,0,10,15,8478540,3621,0,0,2351
307,9,0,8,17,8524380,3624,0,0,2360
308,6,0,5,20,8557260,3624,0,0,2366
309,8,0,2,23,8583420,3618,0,0,2374
310,2,0,3,22,8589360,3619,0,0,2376
311,4,0,2,23,8601720,3617,0,0,2380
312,1,0,0,25,8607600,3615,0,0,2381
313,1,0,1,24,8607600,3615,0,0,2382
314,3,0,4,21,8607600,3615,0,0,2385
315,6,0,5,20,8616780,3611,0,0,2391
316,6,0,6,19,8635440,3611,0,0,2397
317,11,0,11,14,8644920,3606,0,0,2408
318,5,0,8,17,8671680,3605,0,0,2413
319,8,0,7,18,8708400,3607,0,0,2421
320,5,0,7,18,8723940,3606,0,0,2426
321,9,0,10,15,8745540,3606,0,0,2435
322,19,0,21,4,8780820,3609,0,0,2454
323,11,0,14,11,8855940,3613,0,0,2465
324,7,0,7,18,8911320,3615,0,0,2472
325,12,0,8,17,8937600,3609,0,0,2484
326,9,0,6,19,8976300,3609,0,0,2493
327,14,0,13,12,8986980,3603,0,0,2507
328,11,0,13,12,9021600,3601,0,0,2518
329,11,0,9,16,9081900,3603,0,0,2529
330,11,0,10,15,9098880,3596,0,0,2540
331,8,0,11,14,9122520,3595,0,0,2548
332,6,0,6,19,9170880,3599,0,0,2554
333,8,0,8,17,9206100,3604,0,0,2562
334,1,0,5,20,9224040,3605,0,0,2563
335,7,0,5,20,9252960,3607,0,0,2570
336,1,0,2,23,9272580,3609,0,0,2571
337,5,0,6,19,9280860,3611,0,0,2576
338,14,0,10,15,9301260,3605,0,0,2590
339,30,0,25,0,9333720,3596,0,0,2620
340,33,16,25,0,9381780,3591,5700,2,2653
341,40,40,25,0,9439680,3601,10980,4,2693
342,28,40,25,0,9561780,3624,53400,19,2721
343,31,39,25,0,9636900,3636,96000,35,2752
344,29,36,25,0,9756000,3655,193020,70,2781
345,30,39,25,0,9860100,3658,277800,100,2811
346,38,40,25,0,9909480,3660,287760,103,2849
347,34,39,25,0,10035060,3669,430380,153,2883
348,29,38,25,0,10112280,3670,437640,155,2912
349,31,40,25,0,10186200,3669,459120,161,2943
350,37,39,25,0,10280100,3678,492540,172,2980
351,35,40,25,0,10391880,3681,552540,191,3015
352,29,36,25,0,10481220,3685,664620,228,3044
353,36,38,25,0,10562340,3678,846780,288,3080
354,38,38,25,0,10658700,3689,865920,293,3118
355,31,40,25,0,10731120,3685,964080,323,3149
356,31,37,25,0,10822500,3677,1004760,334,3180
357,35,36,25,0,10933260,3681,1045080,344,3215
358,30,36,25,0,11008920,3669,1377120,450,3245
359,27,40,25,0,11101440,3678,1386240,449,3272
360,34,36,25,0,11197800,3676,1431960,461,3306
361,35,39,25,0,11268780,3677,1452480,464,3341
362,41,38,25,0,11404560,3674,1496700,472,3382
363,36,39,25,0,11467740,3670,1531860,480,3418
364,29,40,25,0,11544660,3668,1575120,490,3447
365,37,40,25,0,11620020,3673,1582200,490,3484
366,27,32,25,0,11750340,3683,1798380,554,3511
367,22,9,25,0,11843520,3661,3377640,1033,3533
368,31,3,25,0,11938320,3648,3667800,1112,3564
369,29,8,25,0,12014820,3645,3673440,1103,3593
370,34,22,25,0,12091860,3646,3678360,1093,3627
371,28,34,25,0,12178320,3654,3689640,1088,3655
372,35,40,25,0,12269040,3664,3702540,1085,3690
373,27,36,25,0,12346020,3667,3748200,1093,3717
374,31,40,25,0,12451020,3675,3794100,1099,3748
375,27,38,25,0,12519240,3676,3849720,1110,3775
376,32,25,25,0,12661740,3671,4119960,1177,3807
377,35,40,25,0,12705420,3667,4129380,1170,3842
378,26,39,25,0,12814080,3676,4154880,1171,3868
379,32,32,25,0,12919200,3673,4325640,1210,3900
380,19,12,25,0,13015800,3660,4764420,1326,3919
381,24,7,25,0,13099380,3653,4922100,1360,3943
382,34,26,25,0,13161420,3655,4927620,1350,3977
383,37,40,25,0,13237980,3663,4937940,1342,4014
384,31,39,25,0,13350120,3674,4971840,1345,4045
385,36,40,25,0,13429020,3677,5001480,1346,4081
386,28,37,25,0,13536540,3679,5032080,1345,4109
387,27,30,25,0,13635720,3672,5223360,1386,4136
388,28,35,25,0,13718100,3674,5276940,1391,4164
389,32,40,25,0,13786020,3675,5284560,1385,4196
390,28,36,25,0,13883580,3678,5370780,1400,4224
391,24,34,25,0,13990680,3681,5433720,1408,4248
392,25,40,25,0,14059980,3681,5541360,1427,4273
393,30,32,25,0,14180520,3676,5820780,1487,4303
394,34,40,25,0,14241060,3677,5832720,1481,4337
395,31,37,25,0,14352420,3685,5863740,1482,4368
396,27,17,25,0,14438940,3663,6484980,1628,4395
397,35,31,25,0,14513040,3663,6567780,1634,4430
398,24,30,25,0,14617620,3666,6607740,1636,4454
399,19,13,25,0,14704620,3655,6945120,1710,4473
400,28,15,25,0,14777640,3649,7020960,1719,4501
401,34,27,25,0,14878380,3654,7028700,1704,4535
402,35,40,25,0,14981760,3661,7040100,1693,4570
403,29,40,25,0,15069540,3665,7089300,1698,4599
404,23,39,25,0,15164640,3667,7139400,1700,4622
405,29,39,25,0,15238920,3667,7172640,1700,4651
406,31,40,25,0,15323280,3669,7191720,1696,4682
407,28,36,25,0,15419760,3676,7240860,1701,4710
408,36,38,25,0,15525600,3675,7294680,1701,4746
409,32,39,25,0,15624480,3673,7334880,1699,4778
410,34,39,25,0,15690720,3673,7374120,1701,4812
411,31,28,25,0,15802440,3666,7865340,1803,4843
412,25,29,25,0,15877260,3663,8048220,1834,4868
413,26,37,25,0,15960600,3667,8063460,1826,4894
414,31,37,25,0,16069320,3668,8081700,1819,4925
415,30,39,25,0,16138260,3667,8090880,1812,4955
416,37,38,25,0,16224840,3669,8176800,1823,4992
417,28,33,25,0,16335720,3667,8378700,1857,5020
418,38,40,25,0,16428660,3663,8501220,1870,5058
419,24,35,25,0,16501800,3665,8523540,1868,5082
420,29,35,25,0,16601880,3664,8623920,1878,5111
421,31,38,25,0,16694040,3666,8705520,1885,5142
422,29,38,25,0,16764240,3665,8776560,1893,5171
423,25,30,25,0,16871400,3665,8922600,1915,5196
424,42,40,25,0,16964460,3667,8988720,1916,5238
425,33,39,25,0,17037000,3667,9006480,1913,5271
426,28,37,25,0,17133420,3671,9026340,1909,5299
427,25,20,25,0,17229600,3659,9927900,2090,5324
428,30,16,25,0,17320500,3652,10152060,2122,5354
429,29,28,25,0,17391540,3654,10158060,2111,5383
430,34,39,25,0,17492400,3661,10172160,2102,5417
431,25,40,25,0,17582040,3661,10209660,2098,5442
432,36,36,25,0,17686440,3665,10269900,2102,5478
433,28,38,25,0,17740740,3662,10298100,2099,5506
434,27,38,25,0,17848380,3664,10436460,2116,5533
435,26,38,25,0,17957160,3667,10502040,2119,5559
436,27,39,25,0,18030060,3665,10515240,2111,5586
437,30,40,25,0,18131280,3667,10541700,2104,5616
438,37,40,25,0,18214260,3669,10582320,2104,5653
439,35,39,25,0,18312000,3671,10610040,2100,5688
440,31,40,25,0,18393780,3668,10697820,2107,5719
441,40,40,25,0,18481200,3669,10739160,2105,5759
442,29,39,25,0,18582000,3667,10898820,2124,5788
443,34,39,25,0,18662220,3668,10917480,2119,5822
444,24,34,25,0,18764040,3668,10983300,2122,5846
445,30,39,25,0,18831780,3670,11016900,2121,5876
446,29,31,25,0,18955740,3667,11475120,2197,5905
447,30,38,25,0,19022520,3667,11486100,2187,5935
448,36,37,25,0,19117440,3670,11499180,2181,5971
449,21,25,25,0,19209540,3664,12129180,2292,5992
450,34,28,25,0,19304760,3661,12560040,2358,6026
451,30,38,25,0,19382640,3661,12572880,2347,6056
452,35,38,25,0,19470360,3663,12592560,2341,6091
453,25,39,25,0,19573380,3667,12625320,2338,6116
454,31,36,25,0,19662960,3660,12799380,2356,6147
455,24,27,25,0,19764360,3657,13154040,2411,6171
456,34,40,25,0,19829520,3657,13160580,2399,6205
457,22,35,25,0,19918920,3660,13181160,2395,6227
458,30,33,25,0,20024220,3658,13310280,2406,6257
459,33,40,25,0,20098260,3658,13330020,2398,6290
460,24,36,25,0,20198100,3664,13355700,2396,6314
461,36,39,25,0,20293260,3665,13418820,2397,6350
462,23,31,25,0,20382840,3663,13518000,2405,6373
463,30,35,25,0,20453460,3658,13616640,2410,6403
464,29,39,25,0,20547300,3662,13630440,2402,6432
465,29,39,25,0,20632500,3664,13764060,2417,6461
466,29,34,25,0,20740680,3662,13800120,2412,6490
467,33,40,25,0,20815860,3661,13818120,2405,6523
468,33,40,25,0,20887920,3661,13839840,2399,6556
469,27,36,25,0,21013500,3664,13905420,2400,6583
470,26,27,25,0,21090120,3655,14654400,2517,6609
471,29,16,25,0,21197580,3649,15796440,2702,6638
472,27,20,25,0,21270660,3647,15901800,2706,6665
473,38,40,25,0,21357960,3651,15913200,2691,6703
474,27,38,25,0,21457200,3656,15935580,2686,6730
475,35,39,25,0,21541200,3658,15955740,2680,6765
476,35,39,25,0,21650400,3658,16031340,2679,6800
477,39,37,25,0,21729360,3659,16066740,2678,6839
478,30,32,25,0,21830580,3656,16185660,2685,6869
479,25,34,25,0,21900240,3654,16406220,2710,6894
480,32,40,25,0,21984360,3657,16415040,2702,6926
481,32,40,25,0,22062540,3660,16421160,2695,6958
482,35,40,25,0,22163340,3662,16472700,2693,6993
483,28,40,25,0,22231500,3660,16587000,2703,7021
484,26,26,25,0,22379100,3662,16964520,2753,7047
485,19,17,25,0,22454340,3658,17402700,2815,7066
486,31,17,25,0,22540800,3653,17554200,2826,7097
487,26,29,25,0,22602900,3655,17559300,2815,7123
488,30,40,25,0,22702200,3661,17588400,2809,7153
489,30,40,25,0,22788300,3665,17600460,2802,7183
490,28,40,25,0,22879740,3670,17645460,2801,7211
491,33,37,25,0,22992900,3671,17682660,2795,7244
492,34,37,25,0,23085120,3666,17763000,2794,7278
493,34,38,25,0,23145720,3669,17771340,2789,7312
494,36,39,25,0,23252340,3672,17820540,2786,7348
495,20,33,25,0,23335200,3670,18095880,2821,7368
496,24,40,25,0,23414700,3672,18103980,2812,7392
497,33,36,25,0,23515680,3674,18227580,2821,7425
498,32,37,25,0,23617140,3676,18274800,2819,7457
499,38,36,25,0,23727840,3674,18391380,2822,7495
500,35,39,25,0,23808600,3669,18471060,2820,7530
501,23,38,25,0,23879760,3669,18494100,2814,7553
502,22,26,25,0,23993940,3668,18852660,2859,7575
503,21,17,25,0,24066120,3662,19428240,2938,7596
504,11,0,17,8,24158040,3656,20117820,3037,7607
505,6,0,10,15,24218700,3658,20117820,3034,7613
506,2,0,3,22,24271200,3661,20117820,3033,7615
507,6,0,6,19,24290940,3662,20117820,3030,7621
508,2,0,4,21,24304020,3662,20117820,3029,7623
509,6,0,9,16,24310920,3662,20117820,3027,7629
510,8,0,9,16,24342900,3663,20117820,3023,7637
511,4,0,6,19,24359040,3661,20117820,3021,7641
512,11,0,8,17,24395880,3662,20117820,3016,7652
513,9,0,8,17,24421680,3661,20117820,3012,7661
514,10,0,10,15,24437160,3659,20117820,3008,7671
515,7,0,9,16,24468960,3659,20117820,3004,7678
516,12,0,10,15,24511320,3660,20117820,2999,7690
517,12,0,16,9,24541560,3661,20117820,2994,7702
518,11,0,12,13,24605340,3662,20117820,2989,7713
519,14,0,11,14,24641940,3659,20117820,2983,7727
520,9,0,9,16,24676740,3659,20117820,2979,7736
521,12,0,13,12,24692760,3657,20117820,2973,7748
522,6,0,8,17,24726120,3656,20117820,2971,7754
523,6,0,5,20,24767880,3657,20117820,2968,7760
524,9,0,3,22,24792120,3655,20117820,2964,7769
525,6,0,4,21,24804300,3654,20117820,2961,7775
526,9,0,10,15,24817560,3654,20117820,2958,7784
527,9,0,9,16,24855960,3654,20117820,2954,7793
528,3,0,3,22,24885480,3654,20117820,2952,7796
529,8,0,10,15,24890040,3654,20117820,2949,7804
530,4,0,3,22,24934920,3655,20117820,2947,7808
531,5,0,7,18,24937800,3654,20117820,2945,7813
532,7,0,7,18,24975240,3656,20117820,2942,7820
533,6,0,7,18,24989640,3655,20117820,2939,7826
534,7,0,8,17,25012560,3655,20117820,2936,7833
535,8,0,7,18,25039980,3654,20117820,2933,7841
536,8,0,9,16,25060200,3654,20117820,2930,7849
537,13,0,8,17,25101600,3653,20117820,2924,7862
538,7,0,6,19,25134120,3653,20117820,2921,7869
539,5,0,5,20,25149480,3652,20117820,2919,7874
540,9,0,7,18,25176480,3652,20117820,2915,7883
541,7,0,6,19,25194900,3650,20117820,2912,7890
542,7,0,6,19,25213020,3649,20117820,2909,7897
543,8,0,9,16,25234020,3650,20117820,2906,7905
544,6,0,7,18,25259700,3649,20117820,2903,7911
545,9,0,8,17,25285620,3649,20117820,2900,7920
546,11,0,8,17,25321980,3648,20117820,2895,7931
547,11,0,10,15,25354200,3648,20117820,2890,7942
548,6,0,8,17,25372260,3647,20117820,2888,7948
549,8,0,8,17,25398180,3646,20117820,2885,7956
550,8,0,9,16,25421460,3646,20117820,2881,7964
551,6,0,9,16,25447620,3646,20117820,2879,7970
552,6,0,7,18,25487580,3648,20117820,2876,7976
553,6,0,5,20,25519800,3648,20117820,2874,7982
554,4,0,4,21,25530840,3647,20117820,2872,7986
555,6,0,6,19,25551540,3648,20117820,2870,7992
556,2,0,6,19,25561800,3649,20117820,2869,7994
557,6,0,6,19,25587540,3649,20117820,2867,8000
558,15,0,13,12,25606920,3648,20117820,2860,8015
559,5,0,9,16,25648740,3649,20117820,2858,8020
560,6,0,6,19,25693920,3651,20117820,2856,8026
561,5,0,8,17,25700460,3650,20117820,2854,8031
562,13,0,9,16,25736820,3649,20117820,2849,8044
563,8,0,9,16,25768920,3649,20117820,2845,8052
564,9,0,13,12,25790940,3650,20117820,2842,8061
565,16,0,14,11,25851120,3651,20117820,2835,8077
566,11,0,8,17,25896360,3648,20117820,2831,8088
567,9,0,4,21,25927680,3646,20117820,2827,8097
568,12,0,13,12,25932600,3645,20117820,2823,8109
569,13,0,18,7,25962000,3645,20117820,2818,8122
570,11,0,16,9,26010840,3646,20117820,2813,8133
571,9,0,12,13,26086560,3650,20117820,2810,8142
572,4,0,6,19,26137740,3652,20117820,2808,8146
573,8,0,6,19,26164140,3651,20117820,2805,8154
574,9,0,7,18,26186280,3650,20117820,2801,8163
575,6,0,5,20,26209980,3649,20117820,2799,8169
576,6,0,3,22,26234820,3649,20117820,2797,8175
577,5,0,4,21,26251920,3649,20117820,2795,8180
578,4,0,3,22,26267520,3649,20117820,2793,8184
579,4,0,5,20,26269620,3648,20117820,2792,8188
580,7,0,8,17,26287980,3649,20117820,2789,8195
581,7,0,7,18,26315220,3648,20117820,2786,8202
582,9,0,8,17,26355900,3650,20117820,2783,8211
583,4,0,6,19,26371200,3649,20117820,2781,8215
584,10,0,11,14,26392500,3649,20117820,2777,8225
585,9,0,11,14,26420220,3649,20117820,2774,8234
586,12,0,7,18,26471820,3648,20117820,2769,8246
587,7,0,9,16,26486220,3647,20117820,2767,8253
588,11,0,10,15,26523840,3647,20117820,2763,8264
589,12,0,11,14,26557740,3647,20117820,2758,8276
590,10,0,14,11,26588700,3647,20117820,2754,8286
591,10,0,8,17,26638860,3646,20117820,2750,8296
592,12,0,11,14,26679420,3647,20117820,2746,8308
593,14,0,13,12,26718060,3647,20117820,2741,8322
594,9,0,10,15,26761560,3646,20117820,2737,8331
595,7,0,11,14,26792820,3648,20117820,2735,8338
596,9,0,6,19,26846880,3648,20117820,2731,8347
597,3,0,3,22,26880600,3650,20117820,2730,8350
598,5,0,3,22,26889000,3648,20117820,2728,8355
599,6,0,5,20,26903760,3648,20117820,2726,8361
600,4,0,1,24,26921520,3647,20117820,2725,8365
601,6,0,4,21,26923800,3646,20117820,2723,8371
602,8,0,7,18,26940900,3646,20117820,2720,8379
603,7,0,7,18,26959740,3645,20117820,2717,8386
604,6,0,3,22,26986260,3643,20117820,2715,8392
605,5,0,4,21,26992740,3642,20117820,2713,8397
606,8,0,9,16,27007560,3643,20117820,2710,8405
607,10,0,12,13,27032040,3643,20117820,2706,8415
608,14,0,11,14,27089640,3643,20117820,2701,8429
609,6,0,7,18,27122640,3643,20117820,2699,8435
610,13,0,10,15,27155520,3642,20117820,2694,8448
611,7,0,9,16,27187080,3642,20117820,2692,8455
612,15,0,15,10,27224520,3643,20117820,2687,8470
613,8,0,12,13,27265500,3643,20117820,2684,8478
614,14,0,15,10,27310980,3644,20117820,2679,8492
615,11,0,11,14,27368220,3644,20117820,2675,8503
616,5,0,7,18,27415620,3646,20117820,2673,8508
617,12,0,8,17,27442740,3644,20117820,2669,8520
618,12,0,10,15,27475320,3644,20117820,2664,8532
619,5,0,6,19,27519180,3645,20117820,2663,8537
620,11,0,11,14,27531480,3644,20117820,2659,8548
621,12,0,8,17,27599700,3646,20117820,2655,8560
622,8,0,7,18,27624300,3645,20117820,2652,8568
623,4,0,4,21,27643440,3644,20117820,2650,8572
624,5,0,4,21,27659160,3644,20117820,2649,8577
625,7,0,5,20,27681900,3644,20117820,2646,8584
626,4,0,5,20,27695760,3644,20117820,2645,8588
627,3,0,2,23,27728400,3645,20117820,2644,8591
628,5,0,4,21,27734880,3645,20117820,2642,8596
629,3,0,0,25,27749520,3643,20117820,2641,8599
630,8,0,2,23,27754380,3641,20117820,2638,8607
631,6,0,7,18,27756960,3641,20117820,2636,8613
632,7,0,6,19,27787020,3641,20117820,2634,8620
633,9,0,7,18,27799560,3639,20117820,2631,8629
634,12,0,10,15,27823320,3637,20117820,2627,8641
635,13,0,17,8,27834600,3636,20117820,2622,8654
636,12,0,12,13,27897360,3636,20117820,2618,8666
637,8,0,9,16,27944460,3637,20117820,2615,8674
638,6,0,5,20,27996420,3639,20117820,2613,8680
639,11,0,9,16,28014900,3638,20117820,2609,8691
640,15,0,14,11,28040220,3637,20117820,2604,8706
641,7,0,5,20,28100040,3637,20117820,2602,8713
642,11,0,9,16,28125660,3637,20117820,2598,8724
643,7,0,8,17,28145820,3636,20117820,2596,8731
644,5,0,5,20,28172160,3636,20117820,2594,8736
645,10,0,7,18,28195380,3635,20117820,2591,8746
646,11,0,12,13,28210740,3634,20117820,2587,8757
647,8,0,12,13,28241280,3634,20117820,2585,8765
648,6,0,4,21,28303260,3636,20117820,2583,8771
649,4,0,4,21,28316700,3635,20117820,2581,8775
650,6,0,6,19,28329660,3635,20117820,2579,8781
651,4,0,4,21,28350720,3635,20117820,2578,8785
652,4,0,5,20,28359840,3635,20117820,2577,8789
653,6,0,6,19,28378980,3635,20117820,2575,8795
654,4,0,9,16,28381740,3635,20117820,2573,8799
655,8,0,11,14,28414860,3636,20117820,2571,8807
656,8,0,9,16,28448640,3636,20117820,2568,8815
657,8,0,10,15,28471800,3636,20117820,2566,8823
658,11,0,9,16,28499880,3634,20117820,2562,8834
659,15,0,18,7,28518420,3633,20117820,2557,8849
660,18,0,18,7,28592760,3634,20117820,2551,8867
661,9,0,15,10,28661760,3638,20117820,2548,8876
662,14,0,9,16,28745520,3639,20117820,2544,8890
663,6,0,7,18,28761720,3637,20117820,2542,8896
664,6,0,8,17,28780320,3638,20117820,2540,8902
665,13,0,11,14,28826880,3639,20117820,2536,8915
666,10,0,14,11,28844940,3638,20117820,2533,8925
667,4,0,6,19,28897620,3639,20117820,2531,8929
668,3,0,5,20,28928820,3641,20117820,2530,8932
669,11,0,10,15,28951680,3641,20117820,2527,8943
670,4,0,9,16,28971240,3641,20117820,2526,8947
671,2,0,3,22,29018040,3644,20117820,2525,8949
672,9,0,8,17,29029920,3643,20117820,2522,8958
673,4,0,11,14,29030520,3643,20117820,2521,8962
674,2,0,10,15,29034600,3642,20117820,2520,8964
675,4,0,12,13,29041980,3642,20117820,2519,8968
676,11,0,17,8,29062200,3642,20117820,2515,8979
677,5,0,14,11,29084280,3641,20117820,2514,8984
678,9,0,16,9,29104800,3640,20117820,2511,8993
679,13,0,21,4,29145000,3642,20117820,2507,9006
680,13,0,20,5,29188260,3641,20117880,2503,9019
681,7,0,14,11,29249340,3642,20117880,2501,9026
682,12,0,17,8,29282700,3643,20117880,2497,9038
683,9,0,16,9,29306040,3641,20117880,2494,9047
684,10,0,18,7,29332800,3641,20117880,2491,9057
685,10,0,19,6,29373960,3642,20117880,2488,9067
686,10,0,19,6,29416320,3642,20117880,2485,9077
687,10,0,17,8,29458920,3642,20117880,2482,9087
688,11,0,16,9,29489520,3641,20117880,2479,9098
689,9,0,16,9,29536140,3642,20117880,2476,9107
690,8,0,15,10,29564100,3642,20117880,2473,9115
691,9,0,14,11,29599200,3642,20117880,2471,9124
692,4,0,10,15,29635740,3642,20117880,2469,9128
693,12,0,15,10,29653080,3641,20117880,2466,9140
694,4,0,13,12,29683440,3643,20117880,2465,9144
695,9,0,17,8,29702760,3643,20117880,2462,9153
696,4,0,14,11,29731500,3643,20117880,2461,9157
697,4,0,11,14,29765520,3644,20117880,2460,9161
698,3,0,10,15,29779920,3644,20117880,2459,9164
699,4,0,10,15,29797500,3644,20117880,2457,9168
700,13,0,19,6,29801280,3643,20117880,2453,9181
701,2,0,10,15,29843100,3643,20117880,2453,9183
702,7,0,10,15,29870460,3644,20117880,2451,9190
703,4,0,10,15,29881260,3643,20117880,2450,9194
704,8,0,11,14,29894460,3642,20117880,2447,9202
705,5,0,12,13,29899320,3640,20117880,2446,9207
706,12,0,15,10,29928780,3640,20117880,2442,9219
707,6,0,11,14,29956560,3639,20117880,2440,9225
708,10,0,15,10,29976180,3639,20117880,2437,9235
709,10,0,18,7,29999100,3638,20117880,2434,9245
710,11,0,22,3,30019800,3638,20117880,2431,9256
711,15,0,23,2,30074160,3638,20117880,2427,9271
712,6,0,14,11,30129780,3638,20117880,2425,9277
713,11,0,19,6,30154500,3639,20117880,2422,9288
714,8,0,14,11,30203520,3639,20117880,2420,9296
715,9,0,17,8,30219780,3638,20117880,2417,9305
716,6,0,13,12,30258240,3638,20117880,2415,9311
717,3,0,12,13,30280860,3639,20117880,2414,9314
718,4,0,12,13,30296460,3640,20117880,2413,9318
719,6,0,13,12,30310740,3639,20117880,2411,9324
720,1,0,9,16,30346680,3641,20117880,2411,9325
721,4,0,9,16,30356520,3641,20117880,2410,9329
722,3,0,11,14,30358620,3640,20117880,2409,9332
723,5,0,11,14,30372720,3640,20117880,2408,9337
724,5,0,12,13,30384300,3640,20117880,2406,9342
725,3,0,13,12,30387300,3639,20117880,2405,9345
726,9,0,15,10,30425160,3641,20117880,2403,9354
727,8,0,16,9,30451080,3641,20117880,2400,9362
728,9,0,15,10,30488160,3641,20117880,2398,9371
729,9,0,13,12,30521940,3640,20117880,2395,9380
730,12,0,17,8,30552960,3640,20117880,2392,9392
731,10,0,21,4,30573360,3640,20117880,2389,9402
732,8,0,17,8,30620760,3640,20117880,2387,9410
733,11,0,16,9,30669840,3641,20117880,2384,9421
734,8,0,14,11,30689280,3639,20117880,2381,9429
735,11,0,16,9,30717480,3639,20117880,2378,9440
736,7,0,15,10,30744000,3638,20117880,2376,9447
737,10,0,21,4,30767100,3639,20117880,2374,9457
738,13,0,21,4,30812340,3639,20117880,2370,9470
739,9,0,20,5,30847920,3639,20117880,2367,9479
740,7,0,15,10,30916200,3642,20117880,2365,9486
741,7,0,16,9,30939300,3642,20117880,2364,9493
742,6,0,13,12,30975720,3642,20117880,2362,9499
743,10,0,14,11,30995160,3641,20117880,2359,9509
744,3,0,11,14,31021140,3641,20117880,2358,9512
745,6,0,12,13,31033980,3641,20117880,2357,9518
746,2,0,10,15,31049700,3641,20117880,2356,9520
747,8,0,13,12,31071180,3641,20117880,2354,9528
748,6,0,15,10,31077000,3640,20117880,2352,9534
749,8,0,13,12,31109220,3640,20117880,2350,9542
750,8,0,17,8,31119120,3639,20117880,2348,9550
751,9,0,17,8,31158840,3640,20117880,2345,9559
752,7,0,13,12,31204020,3641,20117880,2343,9566
753,12,0,17,8,31220460,3639,20117880,2340,9578
754,13,0,20,5,31260660,3640,20117880,2337,9591
755,6,0,15,10,31298220,3639,20117880,2335,9597
756,12,0,19,6,31316340,3638,20117880,2332,9609
757,12,0,17,8,31369740,3638,20117880,2328,9621
758,12,0,19,6,31414320,3639,20117880,2325,9633
759,7,0,17,8,31439040,3638,20117880,2323,9640
760,21,0,25,0,31483140,3638,20117940,2318,9661
761,8,0,19,6,31536960,3638,20119200,2316,9669
762,17,0,18,7,31611240,3639,20119200,2311,9686
763,7,0,14,11,31648680,3639,20119200,2309,9693
764,5,0,12,13,31669500,3638,20119200,2308,9698
765,7,0,16,9,31679760,3638,20119200,2306,9705
766,3,0,12,13,31703160,3638,20119200,2305,9708
767,9,0,17,8,31725180,3639,20119200,2303,9717
768,6,0,16,9,31751160,3639,20119200,2301,9723
769,9,0,16,9,31781100,3639,20119200,2299,9732
770,4,0,13,12,31817880,3640,20119200,2298,9736
771,6,0,13,12,31838400,3640,20119200,2296,9742
772,4,0,10,15,31862100,3640,20119200,2295,9746
773,5,0,11,14,31872180,3639,20119200,2294,9751
774,6,0,14,11,31884060,3639,20119200,2293,9757
775,8,0,16,9,31915800,3640,20119200,2290,9765
776,6,0,15,10,31934760,3640,20119200,2289,9771
777,9,0,17,8,31958520,3639,20119200,2287,9780
778,11,0,18,7,32010060,3641,20119200,2284,9791
779,12,0,20,5,32035080,3640,20119200,2281,9803
780,11,0,20,5,32079180,3640,20119200,2278,9814
781,10,0,17,8,32110620,3639,20119200,2275,9824
782,12,0,19,6,32154240,3639,20119200,2272,9836
783,6,0,12,13,32209080,3640,20119200,2271,9842
784,14,0,16,9,32236020,3639,20119200,2267,9856
785,5,0,13,12,32260620,3639,20119200,2266,9861
786,13,0,14,11,32294400,3637,20119200,2262,9874
787,11,0,18,7,32307960,3636,20119200,2260,9885
788,9,0,22,3,32317980,3635,20119200,2257,9894
789,3,0,15,10,32386680,3639,20119200,2257,9897
790,7,0,14,11,32423100,3640,20119200,2255,9904
791,5,0,14,11,32437560,3639,20119200,2253,9909
792,6,0,14,11,32456940,3639,20119200,2252,9915
793,9,0,17,8,32487660,3640,20119200,2250,9924
794,7,0,13,12,32528220,3640,20119200,2248,9931
795,1,0,11,14,32543340,3641,20119200,2248,9932
796,4,0,10,15,32567580,3641,20119200,2247,9936
797,8,0,14,11,32575560,3640,20119200,2245,9944
798,7,0,14,11,32593680,3640,20119200,2243,9951
799,6,0,14,11,32609400,3639,20119200,2241,9957
800,7,0,16,9,32633940,3640,20119200,2240,9964
801,9,0,16,9,32671260,3640,20119200,2237,9973
802,8,0,16,9,32698080,3640,20119200,2235,9981
803,20,2,25,0,32724660,3639,20121120,2231,10001
804,5,0,18,7,32779740,3640,20122080,2230,10006
805,8,0,15,10,32828400,3641,20122080,2228,10014
806,9,0,17,8,32868240,3642,20122080,2225,10023
807,7,0,15,10,32901480,3642,20122080,2224,10030
808,11,0,17,8,32928840,3642,20122080,2221,10041
809,13,0,19,6,32963280,3641,20122080,2218,10054
810,9,0,15,10,33026100,3643,20122080,2216,10063
811,6,0,13,12,33053340,3643,20122080,2214,10069
812,5,0,9,16,33085800,3643,20122080,2213,10074
813,5,0,12,13,33087420,3642,20122080,2212,10079
814,10,0,12,13,33106680,3640,20122080,2209,10089
815,4,0,12,13,33117960,3640,20122080,2208,10093
816,7,0,12,13,33154140,3641,20122080,2207,10100
817,5,0,11,14,33173100,3640,20122080,2205,10105
818,2,0,8,17,33189180,3640,20122080,2205,10107
819,6,0,11,14,33192060,3639,20122080,2203,10113
820,9,0,13,12,33210300,3639,20122080,2201,10122
821,9,0,16,9,33222600,3638,20122080,2199,10131
822,12,0,17,8,33270120,3638,20122080,2196,10143
823,9,0,18,7,33296940,3638,20122080,2194,10152
824,6,0,10,15,33331500,3636,20122080,2193,10158
825,11,0,16,9,33345240,3636,20122080,2190,10169
826,10,0,16,9,33375240,3635,20122080,2188,10179
827,7,0,19,6,33391200,3635,20122080,2186,10186
828,10,0,14,11,33457800,3637,20122080,2184,10196
829,10,0,16,9,33473820,3635,20122080,2181,10206
830,10,0,15,10,33509820,3635,20122080,2179,10216
831,9,0,18,7,33525720,3634,20122080,2177,10225
832,6,0,13,12,33569820,3635,20122080,2175,10231
833,10,0,16,9,33596640,3635,20122080,2173,10241
834,10,0,18,7,33632460,3635,20122080,2171,10251
835,6,0,12,13,33671760,3635,20122080,2169,10257
836,7,0,14,11,33702720,3636,20122080,2168,10264
837,6,0,13,12,33717060,3635,20122080,2166,10270
838,4,0,10,15,33738240,3635,20122080,2165,10274
839,8,0,13,12,33746820,3634,20122080,2163,10282
840,5,0,12,13,33766740,3633,20122080,2162,10287
841,7,0,16,9,33769440,3633,20122080,2161,10294
842,2,0,10,15,33801780,3633,20122080,2160,10296
843,3,0,8,17,33823080,3633,20122080,2159,10299
844,4,0,11,14,33824640,3633,20122080,2159,10303
845,6,0,12,13,33838440,3633,20122080,2157,10309
846,3,0,10,15,33846480,3631,20122080,2156,10312
847,11,0,18,7,33856620,3631,20122080,2154,10323
848,9,0,18,7,33879360,3630,20122080,2152,10332
849,13,0,21,4,33922740,3631,20122080,2149,10345
850,6,0,17,8,33967860,3632,20122080,2147,10351
851,13,0,24,1,34001760,3633,20122080,2144,10364
852,10,0,17,8,34066740,3634,20122080,2142,10374
853,11,0,19,6,34094700,3633,20122080,2140,10385
854,9,0,15,10,34144500,3633,20122080,2138,10394
855,9,0,16,9,34173780,3633,20122080,2136,10403
856,7,0,16,9,34202460,3634,20122080,2134,10410
857,6,0,13,12,34235880,3634,20122080,2133,10416
858,7,0,14,11,34252560,3633,20122080,2131,10423
859,4,0,11,14,34287120,3634,20122080,2130,10427
860,11,0,16,9,34300800,3633,20122080,2128,10438
861,10,0,18,7,34311300,3631,20122080,2125,10448
862,6,0,15,10,34361280,3633,20122080,2124,10454
863,8,0,15,10,34387320,3633,20122080,2122,10462
864,3,0,12,13,34426320,3635,20122080,2122,10465
865,6,0,14,11,34441440,3635,20122080,2120,10471
866,9,0,19,6,34459020,3635,20122080,2118,10480
867,7,0,14,11,34506180,3636,20122080,2117,10487
868,7,0,13,12,34531320,3635,20122080,2115,10494
869,4,0,10,15,34558200,3635,20122080,2114,10498
870,7,0,16,9,34561080,3635,20122080,2113,10505
871,5,0,13,12,34586520,3635,20122080,2112,10510
872,11,0,16,9,34618380,3635,20122080,2109,10521
873,12,0,21,4,34637280,3634,20122080,2107,10533
874,11,0,20,5,34678200,3634,20122080,2104,10544
875,18,0,23,2,34723500,3633,20122080,2100,10562
876,6,0,18,7,34756620,3632,20122080,2099,10568
877,11,0,18,7,34806780,3634,20122080,2096,10579
878,13,0,19,6,34860960,3635,20122080,2094,10592
879,7,0,17,8,34905540,3636,20122080,2092,10599
880,6,0,15,10,34935120,3636,20122080,2091,10605
881,6,0,11,14,34972440,3636,20122080,2089,10611
882,10,0,15,10,34993500,3636,20122080,2087,10621
883,4,0,14,11,35012220,3636,20122080,2086,10625
884,4,0,13,12,35036160,3637,20122080,2086,10629
885,6,0,14,11,35055480,3637,20122080,2084,10635
886,9,0,15,10,35086320,3637,20122080,2082,10644
887,4,0,12,13,35106780,3636,20122080,2081,10648
888,6,0,13,12,35123700,3636,20122080,2080,10654
889,3,0,13,12,35136900,3636,20122080,2080,10657
890,6,0,15,10,35162880,3638,20122080,2078,10663
891,7,0,15,10,35190360,3638,20122080,2077,10670
892,4,0,14,11,35211720,3638,20122080,2076,10674
893,4,0,13,12,35244600,3640,20122080,2075,10678
894,7,0,15,10,35266680,3640,20122080,2074,10685
895,10,0,13,12,35296320,3639,20122080,2071,10695
896,9,0,15,10,35319960,3638,20122080,2069,10704
897,8,0,17,8,35334000,3638,20122080,2068,10712
898,11,0,13,12,35389140,3638,20122080,2065,10723
899,15,0,20,5,35406300,3637,20122080,2062,10738
900,3,0,12,13,35457000,3638,20122080,2062,10741
901,12,0,15,10,35483760,3637,20122080,2059,10753
902,11,0,20,5,35505060,3637,20122080,2057,10764
903,6,0,14,11,35549640,3637,20122080,2056,10770
904,14,0,18,7,35573820,3636,20122080,2053,10784
905,11,0,18,7,35605620,3635,20122080,2050,10795
906,11,0,17,8,35637300,3634,20122080,2048,10806
907,7,0,17,8,35674860,3635,20122080,2047,10813
908,11,0,19,6,35719260,3636,20122080,2044,10824
909,12,0,18,7,35767980,3636,20122080,2042,10836
910,6,0,13,12,35816160,3637,20122080,2040,10842
911,5,0,15,10,35825520,3637,20122080,2039,10847
912,2,0,10,15,35862360,3638,20122080,2039,10849
913,5,0,12,13,35869440,3638,20122080,2038,10854
914,6,0,11,14,35883840,3637,20122080,2037,10860
915,4,0,10,15,35898660,3636,20122080,2036,10864
916,8,0,15,10,35903640,3636,20122080,2034,10872
917,5,0,13,12,35922300,3635,20122080,2033,10877
918,10,0,16,9,35953920,3636,20122080,2031,10887
919,7,0,16,9,35985300,3636,20122080,2030,10894
920,11,0,18,7,36019440,3636,20122080,2028,10905
921,11,0,17,8,36051000,3635,20122080,2025,10916
922,14,0,19,6,36091080,3635,20122080,2022,10930
923,8,0,16,9,36147480,3636,20122080,2021,10938
924,7,0,15,10,36175680,3636,20122080,2019,10945
925,6,0,15,10,36194520,3636,20122080,2018,10951
926,11,0,19,6,36230460,3637,20122080,2016,10962
927,15,0,21,4,36259980,3635,20122080,2013,10977
928,11,0,23,2,36294240,3635,20122080,2011,10988
929,11,0,17,8,36343740,3634,20122080,2008,10999
930,5,0,13,12,36385680,3635,20122080,2007,11004
931,7,0,13,12,36413820,3635,20122080,2006,11011
932,4,0,9,16,36436080,3635,20122080,2005,11015
933,3,0,11,14,36439980,3635,20122080,2005,11018
934,5,0,9,16,36462120,3634,20122080,2004,11023
935,4,0,12,13,36465720,3634,20122080,2003,11027
936,3,0,14,11,36469140,3634,20122080,2002,11030
937,7,0,14,11,36498960,3635,20122080,2001,11037
938,5,0,16,9,36514860,3635,20122080,2000,11042
939,9,0,12,13,36572100,3636,20122080,1998,11051
940,8,0,14,11,36584880,3635,20122080,1997,11059
941,7,0,16,9,36604980,3636,20122080,1995,11066
942,7,0,15,10,36642780,3637,20122080,1994,11073
943,5,0,13,12,36670200,3637,20122080,1993,11078
944,4,0,11,14,36698280,3637,20122080,1992,11082
945,15,0,17,8,36733140,3638,20122080,1989,11097
946,14,0,21,4,36757980,3636,20122080,1986,11111
947,11,0,20,5,36798060,3636,20122080,1984,11122
948,12,0,17,8,36840960,3635,20122080,1982,11134
949,7,0,13,12,36880740,3635,20122080,1980,11141
950,13,0,20,5,36903480,3635,20122080,1978,11154
951,13,0,23,2,36941040,3635,20122080,1975,11167
952,11,0,23,2,36981000,3635,20122080,1973,11178
953,9,0,19,6,37035660,3636,20122080,1971,11187
954,10,0,18,7,37089960,3637,20122080,1970,11197
955,3,0,12,13,37129920,3638,20122080,1969,11200
956,5,0,12,13,37154520,3639,20122080,1968,11205
957,12,0,12,13,37178160,3637,20122080,1966,11217
958,4,0,11,14,37196460,3637,20122080,1965,11221
959,5,0,10,15,37217760,3637,20122080,1964,11226
960,5,0,10,15,37236060,3637,20122080,1963,11231
961,4,0,10,15,37247400,3636,20122080,1962,11235
962,5,0,10,15,37259220,3636,20122080,1961,11240
963,5,0,12,13,37263060,3635,20122080,1960,11245
964,5,0,10,15,37277700,3634,20122080,1959,11250
965,4,0,11,14,37288260,3634,20122080,1959,11254
966,8,0,16,9,37303800,3634,20122080,1957,11262
967,7,0,17,8,37321380,3634,20122080,1956,11269
968,8,0,15,10,37367760,3635,20122080,1954,11277
969,7,0,13,12,37397340,3635,20122080,1953,11284
970,8,0,14,11,37412460,3634,20122080,1951,11292
971,13,0,19,6,37439400,3633,20122080,1949,11305
972,12,0,16,9,37486440,3633,20122080,1947,11317
973,10,0,18,7,37515960,3633,20122080,1945,11327
974,12,0,16,9,37558500,3632,20122080,1943,11339
975,7,0,14,11,37593540,3632,20122080,1941,11346
976,14,0,22,3,37616820,3632,20122080,1939,11360
977,10,0,15,10,37674300,3632,20122080,1937,11370
978,5,0,14,11,37702680,3632,20122080,1936,11375
979,8,0,13,12,37739700,3633,20122080,1934,11383
980,5,0,11,14,37756500,3632,20122080,1933,11388
981,11,0,16,9,37770120,3631,20122080,1931,11399
982,10,0,20,5,37782240,3630,20122080,1929,11409
983,4,0,18,7,37811400,3631,20122080,1929,11413
984,9,0,15,10,37874580,3633,20122080,1927,11422
985,2,0,10,15,37911360,3634,20122080,1927,11424
986,3,0,9,16,37927860,3634,20122080,1926,11427
987,7,0,13,12,37935360,3634,20122080,1925,11434
988,3,0,11,14,37958100,3634,20122080,1924,11437
989,4,0,13,12,37967640,3635,20122080,1924,11441
990,7,0,13,12,37989900,3634,20122080,1922,11448
991,10,0,16,9,38013780,3634,20122080,1920,11458
992,9,0,18,7,38039880,3634,20122080,1919,11467
993,5,0,14,11,38078640,3635,20122080,1918,11472
994,7,0,14,11,38104740,3635,20122080,1917,11479
995,14,0,21,4,38123580,3634,20122080,1914,11493
996,11,0,20,5,38172300,3635,20122080,1912,11504
997,11,0,19,6,38212080,3634,20122080,1910,11515
998,9,0,16,9,38259300,3635,20122080,1908,11524
999,6,0,16,9,38291100,3636,20122080,1907,11530
1000,8,0,15,10,38315880,3635,20122080,1906,11538
1001,13,0,19,6,38354580,3635,20122080,1904,11551
1002,15,0,24,1,38388180,3635,20122080,1901,11566
1003,7,0,18,7,38455800,3637,20122080,1900,11573
1004,8,0,15,10,38500380,3637,20122080,1898,11581
1005,9,0,17,8,38516820,3637,20122080,1897,11590
1006,3,0,14,11,38557020,3638,20122080,1896,11593
1007,5,0,14,11,38580180,3639,20122080,1895,11598
1008,7,0,13,12,38615760,3639,20122080,1894,11605
1009,8,0,17,8,38629620,3639,20122080,1892,11613
1010,19,0,18,7,38677680,3638,20122080,1889,11632
1011,20,0,23,2,38724000,3637,20122080,1886,11652
1012,25,4,25,0,38771220,3635,20125860,1882,11677
1013,21,13,25,0,38833080,3637,20133060,1879,11698
1014,22,24,25,0,38894040,3639,20142900,1877,11720
1015,32,40,25,0,38971740,3641,20151360,1871,11752
1016,40,40,25,0,39021600,3643,20169840,1871,11792
1017,31,40,25,0,39100920,3644,20218680,1873,11823
1018,37,40,25,0,39161280,3644,20253180,1873,11860
1019,34,40,25,0,39206820,3644,20384100,1883,11894
1020,32,40,25,0,39285780,3646,20440140,1886,11926
1021,38,40,25,0,39361860,3644,20571180,1893,11964
1022,32,40,25,0,39426000,3644,20594040,1892,11996
1023,33,40,25,0,39477600,3643,20627280,1892,12029
1024,37,40,25,0,39545880,3644,20670360,1893,12066
1025,42,40,25,0,39626520,3643,20725920,1894,12108
1026,33,40,25,0,39684480,3641,20810280,1898,12141
1027,28,39,25,0,39755520,3639,20866260,1899,12169
1028,34,40,25,0,39816780,3637,20887020,1897,12203
1029,33,40,25,0,39867180,3638,20921640,1898,12236
1030,31,40,25,0,39952980,3639,20987280,1901,12267
1031,37,40,25,0,39992100,3638,21006600,1900,12304
1032,39,40,25,0,40057740,3638,21035160,1899,12343
1033,31,40,25,0,40129260,3640,21040440,1897,12374
1034,29,39,25,0,40200540,3640,21105960,1900,12403
1035,31,38,25,0,40266240,3638,21363120,1920,12434
1036,33,40,25,0,40322520,3639,21370440,1918,12467
1037,25,39,25,0,40381740,3640,21492120,1927,12492
1038,33,40,25,0,40470360,3640,21644880,1935,12525
1039,32,37,25,0,40525860,3641,21682680,1937,12557
1040,31,40,25,0,40595700,3641,21690840,1934,12588
1041,35,40,25,0,40635660,3642,21743580,1937,12623
1042,36,40,25,0,40722600,3643,21817860,1940,12659
1043,22,34,25,0,40782660,3639,22465680,1995,12681
1044,32,38,25,0,40845960,3640,22476300,1991,12713
1045,32,40,25,0,40907520,3640,22504800,1991,12745
1046,32,39,25,0,40981860,3641,22561620,1993,12777
1047,35,39,25,0,41033280,3640,22611780,1994,12812
1048,36,40,25,0,41097840,3641,22635420,1994,12848
1049,21,37,25,0,41183760,3641,22687440,1995,12869
1050,31,40,25,0,41224560,3641,22693320,1993,12900
1051,33,40,25,0,41292180,3640,22728720,1993,12933
1052,34,40,25,0,41359200,3641,22782600,1994,12967
1053,30,40,25,0,41424120,3641,22790100,1992,12997
1054,40,39,25,0,41500380,3641,22897800,1997,13037
1055,24,31,25,0,41572260,3637,23768340,2069,13061
1056,27,40,25,0,41601060,3637,23773140,2066,13088
1057,33,40,25,0,41694480,3640,23801280,2066,13121
1058,36,40,25,0,41765160,3638,23866920,2067,13157
1059,36,40,25,0,41800140,3638,23874240,2066,13193
1060,35,40,25,0,41883900,3640,23901180,2065,13228
1061,32,40,25,0,41954940,3640,23977440,2069,13260
1062,27,40,25,0,42004320,3639,23995500,2068,13287
1063,35,40,25,0,42072540,3640,24026460,2067,13322
1064,33,40,25,0,42119880,3640,24038940,2066,13355
1065,31,40,25,0,42181260,3640,24143880,2072,13386
1066,38,38,25,0,42257640,3642,24154320,2070,13424
1067,28,40,25,0,42346080,3643,24307800,2080,13452
1068,26,36,25,0,42395640,3642,24387540,2084,13478
1069,30,39,25,0,42447000,3641,24404100,2082,13508
1070,41,38,25,0,42533520,3642,24481200,2085,13549
1071,25,36,25,0,42598200,3642,24524220,2085,13574
1072,32,40,25,0,42666960,3640,24647040,2091,13606
1073,27,40,25,0,42712020,3640,24658320,2090,13633
1074,28,38,25,0,42793980,3641,24715260,2092,13661
1075,31,40,25,0,42858000,3640,24746340,2090,13692
1076,29,39,25,0,42930180,3639,25041000,2111,13721
1077,34,40,25,0,42979560,3637,25048140,2108,13755
1078,29,35,25,0,43043400,3636,25172640,2116,13784
1079,28,40,25,0,43105020,3637,25177560,2113,13812
1080,33,39,25,0,43167420,3638,25208940,2113,13845
1081,30,40,25,0,43235880,3639,25240560,2113,13875
1082,24,40,25,0,43295160,3639,25263840,2112,13899
1083,32,40,25,0,43354440,3638,25358880,2116,13931
1084,24,39,25,0,43432740,3641,25372620,2115,13955
1085,34,38,25,0,43499280,3640,25469460,2121,13989
1086,31,40,25,0,43566660,3640,25512780,2120,14020
1087,27,36,25,0,43634460,3641,25592280,2124,14047
1088,24,38,25,0,43703700,3641,25611420,2123,14071
1089,30,40,25,0,43772040,3640,25688040,2125,14101
1090,28,39,25,0,43828440,3639,25734480,2125,14129
1091,34,40,25,0,43891200,3639,25761000,2124,14163
1092,25,33,25,0,43969860,3639,26305020,2167,14188
1093,32,39,25,0,44020260,3638,26312220,2163,14220
1094,35,38,25,0,44074020,3638,26346540,2164,14255
1095,24,40,25,0,44141220,3639,26375760,2163,14279
1096,32,40,25,0,44199300,3639,26418480,2164,14311
1097,23,35,25,0,44278380,3639,26531640,2170,14334
1098,29,40,25,0,44341440,3639,26553900,2168,14363
1099,32,39,25,0,44420820,3641,26604360,2169,14395
1100,36,39,25,0,44472060,3641,26616420,2167,14431
1101,32,40,25,0,44530680,3641,26668620,2169,14463
1102,30,38,25,0,44607720,3641,26843940,2180,14493
1103,34,40,25,0,44654160,3641,26885220,2181,14527
1104,30,37,25,0,44731560,3641,26949120,2182,14557
1105,27,40,25,0,44782860,3641,26977680,2182,14584
1106,34,39,25,0,44879340,3640,27211860,2196,14618
1107,30,39,25,0,44937540,3638,27300240,2199,14648
1108,43,40,25,0,44965920,3638,27359880,2202,14691
1109,36,40,25,0,45037920,3638,27377940,2200,14727
1110,36,40,25,0,45111060,3638,27432840,2201,14763
1111,34,39,25,0,45179820,3639,27476040,2202,14797
1112,30,40,25,0,45232920,3641,27483660,2200,14827
1113,29,40,25,0,45278160,3642,27496560,2200,14856
1114,32,38,25,0,45378120,3643,27543780,2200,14888
1115,33,40,25,0,45444120,3643,27578160,2200,14921
1116,34,36,25,0,45527040,3644,27648360,2202,14955
1117,38,39,25,0,45577920,3643,27718260,2204,14993
1118,27,40,25,0,45639180,3642,27751740,2203,15020
1119,24,40,25,0,45696300,3644,27761580,2203,15044
1120,40,39,25,0,45770280,3644,27811740,2203,15084
1121,31,40,25,0,45832020,3645,27819720,2201,15115
1122,19,40,25,0,45889200,3646,27829140,2200,15134
1123,33,37,25,0,45969360,3646,27915300,2203,15167
1124,33,39,25,0,46026720,3645,27968700,2204,15200
1125,24,37,25,0,46100280,3645,28003500,2203,15224
1126,30,40,25,0,46157700,3645,28104600,2208,15254
1127,34,40,25,0,46211160,3647,28133160,2209,15288
1128,30,38,25,0,46291500,3648,28260120,2216,15318
1129,32,40,25,0,46361700,3646,28458540,2227,15350
1130,34,40,25,0,46418220,3646,28594320,2235,15384
1131,27,39,25,0,46491180,3645,28743900,2243,15411
1132,31,37,25,0,46539300,3645,28763640,2242,15442
1133,34,40,25,0,46612380,3647,28809300,2243,15476
1134,22,34,25,0,46677300,3644,29296140,2277,15498
1135,25,39,25,0,46746420,3645,29302440,2273,15523
1136,32,37,25,0,46796340,3646,29320980,2273,15555
1137,40,36,25,0,46878720,3645,29400600,2276,15595
1138,35,40,25,0,46936620,3646,29406180,2273,15630
1139,27,39,25,0,46984980,3647,29470080,2276,15657
1140,35,40,25,0,47065800,3647,29512320,2275,15692
1141,43,40,25,0,47121840,3646,29585940,2278,15735
1142,30,40,25,0,47189160,3646,29637360,2278,15765
1143,29,40,25,0,47251320,3646,29653980,2277,15794
1144,29,37,25,0,47327280,3646,29748300,2280,15823
1145,30,40,25,0,47394600,3646,29759280,2278,15853
1146,23,26,25,0,47474340,3643,32188440,2460,15876
1147,32,40,25,0,47523000,3642,32654160,2490,15908
1148,24,39,25,0,47574780,3643,32665800,2489,15932
1149,32,40,25,0,47652180,3645,32696880,2489,15964
1150,35,37,25,0,47708940,3645,32742900,2490,15999
1151,38,40,25,0,47768820,3646,32767560,2488,16037
1152,34,40,25,0,47845140,3648,32778840,2487,16071
1153,31,39,25,0,47914080,3646,32887020,2490,16102
1154,24,40,25,0,47972400,3646,32897100,2488,16126
1155,22,39,25,0,48046680,3647,32944080,2489,16148
1156,30,40,25,0,48088260,3648,32991420,2490,16178
1157,25,38,25,0,48177600,3648,33060840,2491,16203
1158,29,40,25,0,48227640,3648,33089220,2491,16232
1159,31,39,25,0,48303900,3648,33094020,2487,16263
1160,35,40,25,0,48361920,3648,33153960,2489,16298
1161,28,37,25,0,48441420,3647,33285300,2495,16326
1162,41,40,25,0,48489660,3646,33315360,2493,16367
1163,43,40,25,0,48544200,3646,33337260,2492,16410
1164,29,40,25,0,48620460,3648,33367800,2491,16439
1165,36,40,25,0,48687660,3648,33377160,2489,16475
1166,30,38,25,0,48753300,3647,33435360,2489,16505
1167,29,40,25,0,48808500,3647,33473760,2489,16534
1168,36,40,25,0,48874140,3648,33494220,2488,16570
1169,33,40,25,0,48949740,3648,33653820,2496,16603
1170,32,40,25,0,48996900,3649,33718020,2499,16635
1171,33,40,25,0,49071240,3649,33833460,2504,16668
1172,36,40,25,0,49140720,3649,33964020,2510,16704
1173,35,40,25,0,49216800,3648,33985680,2507,16739
1174,35,40,25,0,49264200,3647,34006500,2506,16774
1175,16,22,25,0,49353360,3646,36913320,2718,16790
1176,17,5,25,0,49403820,3641,41984520,3087,16807
1177,14,0,22,3,49471860,3640,42609960,3130,16821
1178,7,0,14,11,49537500,3641,42609960,3128,16828
1179,4,0,8,17,49569300,3641,42609960,3128,16832
1180,4,0,11,14,49569900,3640,42609960,3127,16836
1181,8,0,14,11,49579500,3640,42609960,3125,16844
1182,6,0,16,9,49592940,3640,42609960,3123,16850
1183,10,0,18,7,49627860,3640,42609960,3121,16860
1184,11,0,18,7,49661520,3640,42609960,3119,16871
1185,11,0,19,6,49695900,3639,42609960,3116,16882
1186,12,0,19,6,49733580,3639,42609960,3113,16894
1187,10,0,16,9,49785900,3639,42609960,3111,16904
1188,10,0,14,11,49824360,3639,42609960,3109,16914
1189,4,0,16,9,49836720,3639,42609960,3108,16918
1190,14,0,18,7,49893960,3640,42609960,3105,16932
1191,8,0,16,9,49919040,3640,42609960,3103,16940
1192,4,0,13,12,49943760,3639,42609960,3102,16944
1193,7,0,13,12,49971780,3640,42609960,3100,16951
1194,10,0,18,7,49986420,3639,42609960,3098,16961
1195,8,0,19,6,50022300,3640,42609960,3096,16969
1196,9,0,16,9,50059200,3640,42609960,3094,16978
1197,10,0,15,10,50112660,3641,42609960,3092,16988
1198,6,0,16,9,50136480,3641,42609960,3091,16994
1199,8,0,16,9,50164020,3641,42609960,3089,17002
1200,6,0,20,5,50171760,3641,42609960,3088,17008
1201,9,0,16,9,50225820,3641,42609960,3086,17017
1202,3,0,12,13,50257200,3642,42609960,3085,17020
1203,6,0,13,12,50282580,3642,42609960,3084,17026
1204,2,0,9,16,50300040,3642,42609960,3083,17028
1205,5,0,9,16,50308080,3641,42609960,3082,17033
1206,3,0,9,16,50320680,3641,42609960,3081,17036
1207,2,0,10,15,50325540,3642,42609960,3081,17038
1208,5,0,11,14,50339100,3641,42609960,3080,17043
1209,9,0,18,7,50343840,3641,42609960,3078,17052
1210,4,0,14,11,50382120,3642,42609960,3077,17056
1211,8,0,16,9,50405160,3642,42609960,3075,17064
1212,7,0,16,9,50441400,3643,42609960,3074,17071
1213,13,0,14,11,50490000,3642,42609960,3071,17084
1214,10,0,16,9,50507700,3642,42609960,3068,17094
1215,11,0,18,7,50536320,3641,42609960,3066,17105
1216,4,0,15,10,50567520,3642,42609960,3065,17109
1217,11,0,18,7,50609820,3643,42609960,3063,17120
1218,9,0,16,9,50646960,3642,42609960,3061,17129
1219,10,0,16,9,50681340,3642,42609960,3059,17139
1220,8,0,12,13,50719740,3642,42609960,3057,17147
1221,7,0,13,12,50746020,3642,42609960,3055,17154
1222,7,0,14,11,50764740,3642,42609960,3054,17161
1223,3,0,8,17,50790240,3641,42609960,3053,17164
1224,5,0,11,14,50799180,3642,42609960,3052,17169
1225,7,0,12,13,50811060,3641,42609960,3050,17176
1226,9,0,15,10,50826960,3640,42609960,3049,17185
1227,5,0,16,9,50845680,3641,42609960,3047,17190
1228,7,0,18,7,50880240,3642,42609960,3046,17197
1229,4,0,12,13,50914020,3642,42609960,3045,17201
1230,8,0,13,12,50957700,3643,42609960,3043,17209
1231,11,0,19,6,50967960,3642,42609960,3041,17220
1232,15,0,24,1,50995620,3642,42609960,3038,17235
1233,10,0,19,6,51045900,3641,42610680,3036,17245
1234,13,0,17,8,51105240,3642,42610680,3033,17258
1235,12,0,22,3,51133260,3642,42610680,3030,17270
1236,12,0,22,3,51177660,3642,42610680,3028,17282
1237,12,0,20,5,51230820,3642,42610680,3025,17294
1238,11,0,21,4,51256680,3641,42610680,3023,17305
1239,11,0,19,6,51314400,3642,42610680,3020,17316
1240,8,0,15,10,51371940,3643,42610680,3019,17324
1241,11,0,17,8,51400560,3643,42610680,3016,17335
1242,14,0,22,3,51421380,3642,42610680,3013,17349
1243,5,0,14,11,51476400,3643,42610680,3012,17354
1244,10,0,14,11,51521700,3643,42610680,3010,17364
1245,6,0,11,14,51549300,3643,42610680,3009,17370
1246,5,0,13,12,51558000,3643,42610680,3008,17375
1247,3,0,11,14,51580260,3643,42610680,3007,17378
1248,4,0,10,15,51594420,3643,42610680,3006,17382
1249,6,0,12,13,51611400,3643,42610680,3005,17388
1250,4,0,14,11,51620340,3643,42610680,3004,17392
1251,4,0,10,15,51654060,3643,42610680,3003,17396
1252,10,0,16,9,51664260,3643,42610680,3001,17406
1253,2,0,11,14,51683700,3643,42610680,3001,17408
1254,7,0,16,9,51694260,3643,42610680,2999,17415
1255,11,0,17,8,51722460,3642,42610680,2997,17426
1256,13,0,19,6,51757080,3642,42610680,2994,17439
1257,10,0,19,6,51786900,3641,42610680,2992,17449
1258,3,0,13,12,51839520,3643,42610680,2991,17452
1259,6,0,13,12,51865020,3643,42610680,2990,17458
1260,18,0,18,7,51890820,3641,42610680,2986,17476
1261,9,0,16,9,51925020,3641,42610680,2984,17485
1262,12,0,20,5,51945180,3640,42610680,2982,17497
1263,10,0,16,9,51994620,3640,42610680,2980,17507
1264,6,0,15,10,52034100,3641,42610680,2979,17513
1265,11,0,18,7,52068120,3642,42610680,2976,17524
1266,9,0,15,10,52105260,3641,42610680,2974,17533
1267,9,0,17,8,52134600,3641,42610680,2973,17542
1268,9,0,13,12,52176180,3641,42610680,2971,17551
1269,6,0,12,13,52208160,3642,42610680,2970,17557
1270,6,0,14,11,52224360,3642,42610680,2968,17563
1271,8,0,16,9,52244880,3642,42610680,2967,17571
1272,6,0,14,11,52283640,3642,42610680,2965,17577
1273,6,0,13,12,52311840,3642,42610680,2964,17583
1274,7,0,13,12,52343220,3643,42610680,2963,17590
1275,5,0,11,14,52361040,3642,42610680,2962,17595
1276,1,0,11,14,52367580,3642,42610680,2961,17596
1277,5,0,11,14,52396860,3643,42610680,2960,17601
1278,6,0,12,13,52411920,3643,42610680,2959,17607
1279,5,0,16,9,52417560,3643,42610680,2958,17612
1280,5,0,11,14,52454820,3643,42610680,2957,17617
1281,13,0,19,6,52472580,3643,42610680,2954,17630
1282,12,0,22,3,52505760,3643,42610680,2952,17642
1283,12,0,19,6,52552980,3643,42610680,2950,17654
1284,9,0,13,12,52612140,3643,42610680,2948,17663
1285,4,0,13,12,52621080,3643,42610680,2947,17667
1286,8,0,15,10,52651380,3643,42610680,2945,17675
1287,9,0,16,9,52675800,3643,42610680,2943,17684
1288,8,0,15,10,52706100,3643,42610680,2942,17692
1289,11,0,17,8,52741080,3643,42610680,2940,17703
1290,7,0,20,5,52762980,3643,42610680,2938,17710
1291,1,0,10,15,52813980,3644,42610680,2938,17711
1292,3,0,10,15,52830420,3644,42610680,2937,17714
1293,5,0,13,12,52832700,3644,42610680,2936,17719
1294,8,0,16,9,52862520,3645,42610680,2935,17727
1295,7,0,10,15,52904220,3645,42610680,2933,17734
1296,9,0,17,8,52914000,3645,42610680,2931,17743
1297,7,0,15,10,52954200,3645,42610680,2930,17750
1298,6,0,13,12,52972320,3644,42610680,2929,17756
1299,3,0,11,14,52994700,3645,42610680,2928,17759
1300,5,0,12,13,53016720,3645,42610680,2927,17764
1301,5,0,14,11,53021040,3645,42610680,2926,17769
1302,4,0,12,13,53039400,3645,42610680,2925,17773
1303,10,0,18,7,53058720,3645,42610680,2923,17783
1304,12,0,16,9,53090640,3644,42610680,2921,17795
1305,11,0,14,11,53138400,3644,42610680,2919,17806
1306,12,0,18,7,53170380,3644,42610680,2916,17818
1307,5,0,14,11,53207700,3644,42610680,2915,17823
1308,8,0,15,10,53234340,3644,42610680,2914,17831
1309,13,0,18,7,53264100,3644,42610680,2911,17844
1310,9,0,16,9,53303100,3644,42610680,2909,17853
1311,14,0,17,8,53338440,3643,42610680,2907,17867
1312,10,0,18,7,53370540,3643,42610680,2905,17877
1313,9,0,15,10,53403600,3642,42610680,2903,17886
1314,7,0,15,10,53443080,3643,42610680,2902,17893
1315,8,0,16,9,53471100,3643,42610680,2900,17901
1316,4,0,14,11,53497260,3643,42610680,2899,17905
1317,9,0,17,8,53515860,3643,42610680,2897,17914
1318,3,0,12,13,53554440,3644,42610680,2897,17917
1319,2,0,13,12,53560560,3644,42610680,2896,17919
1320,4,0,9,16,53602200,3645,42610680,2896,17923
1321,4,0,11,14,53608080,3645,42610680,2895,17927
1322,2,0,9,16,53621640,3645,42610680,2894,17929
1323,4,0,12,13,53630160,3645,42610680,2894,17933
1324,9,0,19,6,53637060,3645,42610680,2892,17942
1325,7,0,17,8,53670180,3645,42610680,2891,17949
1326,8,0,14,11,53726340,3646,42610680,2889,17957
1327,7,0,18,7,53736060,3646,42610680,2888,17964
1328,8,0,15,10,53795700,3647,42610680,2886,17972
1329,9,0,18,7,53817000,3647,42610680,2884,17981
1330,13,0,16,9,53854560,3646,42610680,2882,17994
1331,12,0,17,8,53902500,3647,42610680,2879,18006
1332,11,0,21,4,53930460,3647,42610680,2877,18017
1333,9,0,16,9,53989980,3647,42610680,2875,18026
1334,10,0,17,8,54018480,3647,42610680,2874,18036
1335,13,0,23,2,54043560,3647,42610680,2871,18049
1336,13,0,18,7,54123780,3648,42611400,2869,18062
1337,7,0,18,7,54155700,3649,42611400,2867,18069
1338,11,0,17,8,54209700,3649,42611400,2865,18080
1339,4,0,14,11,54233220,3649,42611400,2864,18084
1340,8,0,14,11,54268560,3650,42611400,2863,18092
1341,4,0,10,15,54296040,3649,42611400,2862,18096
1342,7,0,12,13,54308520,3649,42611400,2861,18103
1343,5,0,11,14,54325860,3649,42611400,2860,18108
1344,5,0,9,16,54345060,3648,42611400,2859,18113
1345,7,0,13,12,54351180,3648,42611400,2857,18120
1346,2,0,12,13,54363300,3648,42611400,2857,18122
1347,12,0,15,10,54384660,3647,42611400,2855,18134
1348,2,0,10,15,54415020,3648,42611400,2854,18136
1349,4,0,13,12,54419940,3648,42611400,2854,18140
1350,13,0,21,4,54435120,3647,42611400,2851,18153
1351,5,0,16,9,54467520,3647,42611400,2850,18158
1352,8,0,16,9,54507420,3648,42611400,2849,18166
1353,12,0,20,5,54531060,3648,42611400,2846,18178
1354,5,0,18,7,54548580,3647,42611400,2845,18183
1355,11,0,22,3,54594060,3648,42611400,2843,18194
1356,10,0,21,4,54632220,3648,42611400,2841,18204
1357,15,0,22,3,54683760,3648,42611400,2839,18219
1358,13,0,19,6,54735600,3648,42611520,2836,18232
1359,9,0,17,8,54794520,3649,42611520,2834,18241
1360,7,0,14,11,54835140,3649,42611520,2833,18248
1361,11,0,20,5,54854760,3649,42611520,2831,18259
1362,9,0,16,9,54891720,3649,42611520,2829,18268
1363,11,0,18,7,54921600,3649,42611520,2827,18279
1364,7,0,20,5,54945180,3649,42611520,2826,18286
1365,5,0,13,12,54991260,3649,42611520,2825,18291
1366,5,0,12,13,55015080,3649,42611520,2824,18296
1367,5,0,14,11,55036440,3650,42611520,2823,18301
1368,8,0,15,10,55055100,3649,42611520,2822,18309
1369,4,0,12,13,55080900,3649,42611520,2821,18313
1370,5,0,13,12,55093500,3649,42611520,2820,18318
1371,5,0,10,15,55124880,3649,42611520,2819,18323
1372,4,0,10,15,55131600,3649,42611520,2818,18327
1373,4,0,10,15,55140480,3649,42611520,2818,18331
1374,7,0,14,11,55149780,3648,42611520,2816,18338
1375,9,0,15,10,55173600,3648,42611520,2815,18347
1376,12,0,18,7,55199040,3648,42611520,2812,18359
1377,14,0,23,2,55225080,3647,42611520,2810,18373
1378,10,0,18,7,55276140,3647,42611520,2808,18383
1379,2,0,13,12,55312440,3648,42611520,2808,18385
1380,10,0,18,7,55328520,3647,42611520,2806,18395
1381,9,0,13,12,55374900,3647,42611520,2804,18404
1382,9,0,17,8,55387680,3647,42611520,2802,18413
1383,7,0,19,6,55401180,3646,42611520,2801,18420
1384,11,0,17,8,55449900,3647,42611520,2799,18431
1385,5,0,14,11,55482180,3647,42611520,2798,18436
1386,12,0,17,8,55504440,3646,42611520,2796,18448
1387,11,0,17,8,55534200,3645,42611520,2794,18459
1388,4,0,14,11,55564440,3646,42611520,2793,18463
1389,3,0,11,14,55592100,3646,42611520,2793,18466
1390,4,0,14,11,55593000,3646,42611520,2792,18470
1391,3,0,11,14,55616340,3646,42611520,2791,18473
1392,5,0,13,12,55628220,3646,42611520,2790,18478
1393,10,0,15,10,55647600,3645,42611520,2789,18488
1394,3,0,15,10,55666860,3646,42611520,2788,18491
1395,8,0,16,9,55701060,3647,42611520,2787,18499
1396,6,0,16,9,55725300,3647,42611520,2785,18505
1397,2,0,13,12,55747380,3647,42611520,2785,18507
1398,4,0,12,13,55777920,3648,42611520,2784,18511
1399,5,0,13,12,55801680,3648,42611520,2783,18516
1400,10,0,16,9,55814880,3648,42611520,2782,18526
1401,12,0,19,6,55833780,3647,42611520,2779,18538
1402,6,0,17,8,55875720,3647,42611520,2778,18544
1403,16,0,23,2,55913580,3648,42611520,2775,18560
1404,15,1,25,0,55938300,3646,42611520,2773,18575
1405,7,0,18,7,56011680,3648,42611580,2772,18582
1406,6,0,11,14,56060760,3648,42611580,2770,18588
1407,10,0,14,11,56077980,3647,42611580,2769,18598
1408,11,0,15,10,56097840,3646,42611580,2767,18609
1409,9,0,17,8,56119680,3646,42611580,2765,18618
1410,9,0,16,9,56147700,3645,42611580,2763,18627
1411,1,0,9,16,56182860,3646,42611580,2763,18628
1412,6,0,10,15,56186760,3645,42611580,2762,18634
1413,4,0,10,15,56192400,3644,42611580,2761,18638
1414,12,0,19,6,56197560,3644,42611580,2759,18650
1415,9,0,15,10,56225340,3642,42611580,2758,18659
1416,10,0,16,9,56257920,3642,42611580,2756,18669
1417,6,0,15,10,56279700,3642,42611580,2755,18675
1418,9,0,19,6,56309880,3643,42611580,2753,18684
1419,5,0,15,10,56331540,3642,42611580,2752,18689
1420,4,0,9,16,56361900,3642,42611580,2752,18693
1421,9,0,13,12,56368680,3641,42611580,2750,18702
1422,7,0,12,13,56383620,3640,42611580,2749,18709
1423,8,0,16,9,56391780,3640,42611580,2747,18717
1424,6,0,17,8,56404920,3639,42611580,2746,18723
1425,6,0,15,10,56439420,3640,42611580,2745,18729
1426,8,0,15,10,56466960,3640,42611580,2744,18737
1427,9,0,20,5,56470800,3639,42611580,2742,18746
1428,9,0,20,5,56518680,3640,42611580,2741,18755
1429,7,0,18,7,56558940,3640,42611580,2739,18762
1430,8,0,16,9,56602140,3641,42611580,2738,18770
1431,11,0,20,5,56629560,3641,42611580,2736,18781
1432,8,0,17,8,56677860,3642,42611580,2735,18789
1433,4,0,10,15,56720760,3642,42611580,2734,18793
1434,10,0,15,10,56734620,3641,42611580,2732,18803
1435,5,0,14,11,56751360,3641,42611580,2731,18808
1436,6,0,13,12,56785620,3642,42611580,2730,18814
1437,3,0,12,13,56796180,3641,42611580,2730,18817
1438,4,0,11,14,56815380,3642,42611580,2729,18821
1439,5,0,10,15,56824920,3641,42611580,2728,18826
1440,5,0,12,13,56837340,3641,42611580,2727,18831
1441,3,0,13,12,56843100,3641,42611580,2727,18834
1442,6,0,14,11,56868180,3641,42611580,2726,18840
1443,8,0,19,6,56877000,3641,42611580,2724,18848
1444,4,0,14,11,56912100,3641,42611580,2724,18852
1445,8,0,14,11,56941140,3641,42611580,2722,18860
1446,5,0,14,11,56954400,3641,42611580,2721,18865
1447,9,0,18,7,56976780,3641,42611580,2720,18874
1448,11,0,20,5,56998080,3640,42611580,2718,18885
1449,12,0,20,5,57037080,3640,42611580,2716,18897
1450,2,0,13,12,57092760,3642,42611580,2716,18899
1451,5,0,15,10,57114660,3642,42611580,2715,18904
1452,9,0,18,7,57136020,3642,42611580,2713,18913
1453,14,0,21,4,57159060,3641,42611580,2711,18927
1454,9,0,18,7,57211680,3642,42611580,2709,18936
1455,10,0,17,8,57243060,3641,42611580,2707,18946
1456,6,0,15,10,57272280,3641,42611580,2706,18952
1457,10,0,17,8,57300540,3641,42611580,2705,18962
1458,9,0,19,6,57332100,3641,42611580,2703,18971
1459,17,1,25,0,57370680,3642,42611760,2700,18988
1460,12,6,25,0,57398760,3642,42613500,2698,19000
1461,7,4,25,0,57451080,3643,42625500,2698,19007
1462,8,0,16,9,57549600,3644,42639360,2697,19015
1463,3,0,12,13,57582480,3645,42639360,2697,19018
1464,3,0,11,14,57600300,3645,42639360,2696,19021
1465,5,0,13,12,57612060,3645,42639360,2695,19026
1466,5,0,13,12,57629580,3645,42639360,2695,19031
1467,3,0,12,13,57644520,3645,42639360,2694,19034
1468,8,0,16,9,57661200,3645,42639360,2693,19042
1469,6,0,14,11,57686640,3645,42639360,2692,19048
1470,8,0,15,10,57711720,3645,42639360,2690,19056
1471,8,0,12,13,57751500,3645,42639360,2689,19064
1472,7,0,15,10,57762840,3645,42639360,2688,19071
1473,10,0,19,6,57796380,3645,42639360,2686,19081
1474,6,0,19,6,57820380,3646,42639360,2685,19087
1475,7,0,17,8,57856320,3646,42639360,2684,19094
1476,11,0,18,7,57901980,3646,42639360,2682,19105
1477,10,0,20,5,57927600,3646,42639360,2680,19115
1478,10,0,17,8,57975480,3646,42639360,2679,19125
1479,12,0,20,5,58001940,3646,42639360,2677,19137
1480,11,0,21,4,58052460,3647,42639360,2675,19148
1481,10,0,19,6,58102140,3647,42639360,2673,19158
1482,14,0,19,6,58152240,3647,42640260,2671,19172
1483,8,0,16,9,58194600,3647,42640260,2670,19180
1484,9,0,19,6,58215540,3647,42640260,2668,19189
1485,6,0,16,9,58253100,3647,42640260,2667,19195
1486,5,0,16,9,58283100,3648,42640260,2666,19200
1487,4,0,14,11,58317720,3649,42640260,2666,19204
1488,5,0,12,13,58337100,3649,42640260,2665,19209
1489,5,0,12,13,58366800,3649,42640260,2664,19214
1490,4,0,12,13,58376040,3649,42640260,2663,19218
1491,10,0,17,8,58386540,3648,42640260,2662,19228
1492,4,0,13,12,58407300,3648,42640260,2661,19232
1493,7,0,16,9,58417980,3648,42640260,2660,19239
1494,10,0,18,7,58450500,3648,42640260,2658,19249
1495,13,0,22,3,58474140,3647,42640260,2656,19262
1496,8,0,21,4,58517520,3648,42640260,2655,19270
1497,12,0,18,7,58579620,3648,42640260,2653,19282
1498,12,0,21,4,58613340,3648,42640260,2651,19294
1499,6,0,15,10,58662540,3649,42640260,2650,19300
1500,10,0,14,11,58693140,3648,42640260,2648,19310
1501,9,0,17,8,58706520,3648,42640260,2646,19319
1502,8,0,12,13,58753140,3648,42640260,2645,19327
1503,15,0,21,4,58763520,3647,42640260,2643,19342
1504,11,0,18,7,58807440,3646,42640260,2641,19353
1505,10,0,16,9,58850220,3646,42640260,2639,19363
1506,6,0,14,11,58880760,3646,42640260,2638,19369
1507,5,0,17,8,58890360,3647,42640260,2637,19374
1508,4,0,17,8,58910880,3647,42640260,2637,19378
1509,6,0,16,9,58956840,3648,42640260,2636,19384
1510,3,0,13,12,58981320,3648,42640260,2635,19387
1511,4,0,14,11,59002740,3649,42640260,2635,19391
1512,3,0,11,14,59027700,3649,42640260,2634,19394
1513,7,0,13,12,59045160,3649,42640260,2633,19401
1514,3,0,12,13,59059560,3649,42640260,2633,19404
1515,3,0,10,15,59073000,3649,42640260,2632,19407
1516,7,0,14,11,59076000,3648,42640260,2631,19414
1517,5,0,12,13,59102640,3648,42640260,2630,19419
1518,9,0,16,9,59115180,3648,42640260,2629,19428
1519,6,0,14,11,59149260,3648,42640260,2628,19434
1520,10,0,16,9,59171400,3648,42640260,2626,19444
1521,12,0,20,5,59200440,3648,42640260,2624,19456
1522,7,0,14,11,59238720,3647,42640260,2623,19463
1523,9,0,14,11,59259900,3647,42640260,2622,19472
1524,7,0,18,7,59275320,3647,42640260,2620,19479
1525,7,0,16,9,59307600,3647,42640260,2619,19486
1526,6,0,14,11,59333340,3647,42640260,2618,19492
1527,6,0,13,12,59361840,3647,42640260,2617,19498
1528,12,0,18,7,59379720,3646,42640260,2615,19510
1529,11,0,17,8,59411640,3646,42640260,2614,19521
1530,7,0,17,8,59440380,3646,42640260,2613,19528
1531,5,0,16,9,59464620,3646,42640260,2612,19533
1532,11,0,14,11,59509800,3646,42640260,2610,19544
1533,9,0,17,8,59524620,3646,42640260,2609,19553
1534,2,0,12,13,59546340,3645,42640260,2608,19555
1535,9,0,16,9,59569680,3646,42640260,2607,19564
1536,4,0,14,11,59597460,3646,42640260,2606,19568
1537,4,0,12,13,59619360,3646,42640260,2606,19572
1538,5,0,10,15,59631360,3645,42640260,2605,19577
1539,3,0,12,13,59641020,3645,42640260,2604,19580
1540,5,0,14,11,59644560,3645,42640260,2603,19585
1541,7,0,14,11,59673360,3645,42640260,2602,19592
1542,7,0,15,10,59696820,3645,42640260,2601,19599
1543,5,0,11,14,59731980,3645,42640260,2600,19604
1544,4,0,12,13,59738460,3645,42640260,2600,19608
1545,12,0,18,7,59752260,3645,42640260,2598,19620
1546,8,0,14,11,59794380,3645,42640260,2597,19628
1547,18,0,24,1,59808660,3644,42640260,2594,19646
1548,10,0,22,3,59862180,3644,42640560,2592,19656
1549,17,0,24,1,59915700,3644,42640560,2590,19673
1550,11,0,17,8,59982240,3644,42640560,2588,19684
1551,11,0,16,9,60014820,3644,42640560,2586,19695
1552,8,0,18,7,60033300,3643,42640560,2585,19703
1553,10,0,18,7,60067320,3643,42640560,2583,19713
1554,4,0,14,11,60098220,3643,42640560,2583,19717
1555,9,0,15,10,60130020,3644,42640560,2581,19726
1556,5,0,13,12,60150840,3643,42640560,2580,19731
1557,6,0,13,12,60168360,3643,42640560,2580,19737
1558,8,0,11,14,60200220,3643,42640560,2578,19745
1559,4,0,13,12,60206640,3643,42640560,2578,19749
1560,5,0,15,10,60225120,3643,42640560,2577,19754
1561,5,0,13,12,60251100,3643,42640560,2576,19759
1562,6,0,14,11,60271140,3643,42640560,2575,19765
1563,8,0,14,11,60295200,3643,42640560,2574,19773
1564,4,0,13,12,60312900,3643,42640560,2573,19777
1565,2,0,13,12,60323100,3643,42640560,2573,19779
1566,8,0,13,12,60349560,3643,42640560,2572,19787
1567,5,0,16,9,60362580,3643,42640560,2571,19792
1568,8,0,17,8,60379920,3643,42640560,2570,19800
1569,6,0,15,10,60419040,3643,42640560,2569,19806
1570,9,0,16,9,60444420,3643,42640560,2567,19815
1571,10,0,16,9,60485700,3643,42640560,2566,19825
1572,7,0,15,10,60520140,3644,42640560,2565,19832
1573,10,0,15,10,60539100,3643,42640560,2563,19842
1574,15,0,19,6,60579300,3643,42640560,2561,19857
1575,12,0,18,7,60627900,3643,42640560,2559,19869
1576,9,0,20,5,60658440,3643,42640560,2558,19878
1577,5,0,14,11,60702000,3643,42640560,2557,19883
1578,15,0,24,1,60728520,3644,42640560,2555,19898
1579,6,0,17,8,60771780,3644,42640560,2554,19904
1580,4,0,13,12,60809940,3644,42640560,2553,19908
1581,5,0,10,15,60835740,3644,42640560,2552,19913
1582,2,0,10,15,60842520,3644,42640560,2552,19915
1583,9,0,14,11,60852840,3643,42640560,2551,19924
1584,3,0,13,12,60866520,3643,42640560,2550,19927
1585,6,0,14,11,60878820,3643,42640560,2549,19933
1586,9,0,18,7,60900540,3643,42640560,2548,19942
1587,4,0,15,10,60933900,3644,42640560,2547,19946
1588,5,0,11,14,60974700,3644,42640560,2547,19951
1589,4,0,15,10,60974700,3644,42640560,2546,19955
1590,7,0,17,8,61001340,3645,42640560,2545,19962
1591,12,0,14,11,61049040,3644,42640560,2543,19974
1592,6,0,14,11,61065480,3644,42640560,2542,19980
1593,10,0,17,8,61083960,3643,42640560,2541,19990
1594,8,0,15,10,61119660,3643,42640560,2539,19998
1595,9,0,16,9,61147320,3643,42640560,2538,20007
1596,18,1,25,0,61171680,3643,42640560,2536,20025
1597,9,0,22,3,61210260,3643,42640920,2534,20034
1598,13,0,23,2,61265280,3643,42641040,2532,20047
1599,7,0,16,9,61325220,3644,42641040,2531,20054
1600,12,0,23,2,61345320,3644,42641040,2529,20066
1601,13,0,22,3,61390980,3644,42641040,2527,20079
1602,14,0,19,6,61454520,3644,42641040,2525,20093
1603,9,0,18,7,61483440,3643,42641040,2524,20102
1604,7,0,16,9,61517040,3643,42641040,2523,20109
1605,6,0,14,11,61557840,3644,42641040,2522,20115
1606,3,0,12,13,61580100,3644,42641040,2521,20118
1607,4,0,13,12,61592220,3644,42641040,2521,20122
1608,5,0,13,12,61604640,3644,42641040,2520,20127
1609,3,0,11,14,61641900,3645,42641040,2520,20130
1610,5,0,13,12,61649100,3645,42641040,2519,20135
1611,3,0,13,12,61660140,3645,42641040,2518,20138
1612,3,0,11,14,61675620,3645,42641040,2518,20141
1613,6,0,11,14,61696560,3645,42641040,2517,20147
1614,7,0,14,11,61709040,3644,42641040,2516,20154
1615,9,0,17,8,61718880,3644,42641040,2515,20163
1616,8,0,16,9,61754280,3644,42641040,2514,20171
1617,10,0,17,8,61789020,3644,42641040,2512,20181
1618,12,0,21,4,61808880,3643,42641040,2510,20193
1619,14,0,22,3,61864260,3644,42641040,2508,20207
1620,10,0,20,5,61903260,3644,42641040,2507,20217
1621,13,0,18,7,61958280,3644,42641040,2505,20230
1622,12,0,20,5,61993680,3644,42641040,2503,20242
1623,13,0,24,1,62025480,3644,42641280,2501,20255
1624,15,1,25,0,62077020,3644,42642360,2499,20270
1625,5,0,15,10,62141100,3644,42642840,2498,20275
1626,10,0,15,10,62179380,3644,42642840,2497,20285
1627,9,0,19,6,62201580,3644,42642840,2496,20294
1628,6,0,16,9,62235720,3645,42642840,2495,20300
1629,7,0,17,8,62262060,3645,42642840,2494,20307
1630,7,0,19,6,62285460,3645,42642840,2493,20314
1631,5,0,11,14,62340180,3646,42642840,2492,20319
1632,4,0,10,15,62359500,3646,42642840,2491,20323
1633,6,0,14,11,62364600,3645,42642840,2490,20329
1634,2,0,14,11,62369340,3645,42642840,2490,20331
1635,6,0,12,13,62397420,3645,42642840,2489,20337
1636,6,0,13,12,62421060,3646,42642840,2488,20343
1637,8,0,18,7,62426940,3645,42642840,2487,20351
1638,8,0,13,12,62464800,3645,42642840,2486,20359
1639,11,0,17,8,62482980,3644,42642840,2485,20370
1640,10,0,18,7,62507100,3644,42642840,2483,20380
1641,14,0,19,6,62551260,3644,42642840,2481,20394
1642,12,0,24,1,62581440,3644,42642840,2479,20406
1643,15,9,25,0,62605680,3644,42646260,2478,20421
1644,6,0,20,5,62687160,3645,42670620,2478,20427
1645,6,0,17,8,62739540,3646,42670620,2477,20433
1646,12,0,18,7,62786220,3646,42670620,2475,20445
1647,11,0,18,7,62828040,3646,42670620,2474,20456
1648,15,0,21,4,62871720,3646,42670620,2472,20471
1649,6,0,13,12,62925300,3646,42670620,2471,20477
1650,9,0,22,3,62925300,3646,42670620,2469,20486
1651,8,0,19,6,62975880,3647,42670620,2468,20494
1652,6,0,15,10,63018720,3647,42670620,2467,20500
1653,4,0,13,12,63040140,3647,42670620,2467,20504
1654,6,0,13,12,63070080,3648,42670620,2466,20510
1655,4,0,14,11,63075900,3648,42670620,2465,20514
1656,4,0,12,13,63096060,3648,42670620,2465,20518
1657,5,0,13,12,63114420,3648,42670620,2464,20523
1658,5,0,12,13,63130380,3647,42670620,2463,20528
1659,9,0,14,11,63144540,3647,42670620,2462,20537
1660,4,0,13,12,63166380,3647,42670620,2462,20541
1661,9,0,16,9,63189000,3647,42670620,2460,20550
1662,9,0,20,5,63208200,3647,42670620,2459,20559
1663,7,0,16,9,63246420,3647,42670620,2458,20566
1664,10,0,22,3,63256440,3647,42670620,2457,20576
1665,12,0,22,3,63314580,3647,42671520,2455,20588
1666,14,0,21,4,63367800,3647,42671520,2453,20602
1667,10,0,20,5,63412860,3648,42671520,2452,20612
1668,7,0,15,10,63468960,3648,42671520,2451,20619
1669,9,0,14,11,63494160,3648,42671520,2449,20628
1670,13,0,14,11,63522000,3647,42671520,2448,20641
1671,10,0,18,7,63541440,3646,42671520,2446,20651
1672,13,0,17,8,63580020,3646,42671520,2444,20664
1673,12,0,22,3,63598020,3645,42671520,2443,20676
1674,9,0,18,7,63655920,3646,42671520,2441,20685
1675,7,0,15,10,63696300,3646,42671520,2440,20692
1676,6,0,16,9,63718860,3646,42671520,2440,20698
1677,7,0,15,10,63756780,3647,42671520,2439,20705
1678,8,0,16,9,63780960,3647,42671520,2437,20713
1679,3,0,11,14,63816420,3647,42671520,2437,20716
1680,5,0,11,14,63835680,3647,42671520,2436,20721
1681,6,0,16,9,63836340,3647,42671520,2436,20727
1682,15,0,22,3,63853980,3646,42671520,2433,20742
1683,19,5,25,0,63904380,3647,42674160,2431,20761
1684,30,22,25,0,63959820,3647,42679320,2428,20791
1685,36,39,25,0,64012740,3648,42691020,2424,20827
1686,27,40,25,0,64069020,3650,42715200,2425,20854
1687,35,37,25,0,64144080,3652,42769140,2426,20889
1688,33,40,25,0,64202220,3653,42802200,2426,20922
1689,28,39,25,0,64290060,3654,42906180,2430,20950
1690,28,40,25,0,64335600,3653,42957180,2430,20978
1691,26,40,25,0,64379580,3654,42961920,2429,21004
1692,28,37,25,0,64457940,3655,43146840,2438,21032
1693,35,39,25,0,64514340,3654,43176960,2437,21067
1694,31,40,25,0,64588860,3654,43206360,2435,21098
1695,28,40,25,0,64631340,3654,43213680,2434,21126
1696,36,38,25,0,64711500,3655,43248240,2434,21162
1697,25,32,25,0,64775040,3652,43577880,2449,21187
1698,30,39,25,0,64823520,3652,43584180,2447,21217
1699,31,37,25,0,64868640,3653,43636500,2449,21248
1700,32,40,25,0,64958820,3654,43670460,2448,21280
1701,32,39,25,0,65010360,3654,43681740,2446,21312
1702,29,40,25,0,65063880,3654,43753380,2448,21341
1703,30,40,25,0,65126280,3654,43810380,2449,21371
1704,24,36,25,0,65191740,3653,43870140,2450,21395
1705,33,40,25,0,65252940,3653,44036520,2456,21428
1706,29,40,25,0,65304480,3654,44056500,2456,21457
1707,30,40,25,0,65376240,3654,44085660,2455,21487
1708,30,40,25,0,65437980,3654,44137740,2456,21517
1709,32,40,25,0,65499420,3654,44168460,2455,21549
1710,37,36,25,0,65564700,3654,44247060,2457,21586
1711,24,40,25,0,65596740,3653,44251320,2456,21610
1712,24,38,25,0,65687880,3653,44529360,2468,21634
1713,25,40,25,0,65750280,3652,44655060,2472,21659
1714,26,40,25,0,65796720,3652,44676180,2471,21685
1715,36,39,25,0,65869560,3653,44691480,2470,21721
1716,29,34,25,0,65938140,3651,44864340,2476,21750
1717,25,38,25,0,65989200,3650,45225720,2493,21775
1718,24,40,25,0,66028140,3651,45232380,2492,21799
1719,22,36,25,0,66097200,3652,45293760,2494,21821
1720,22,26,25,0,66187740,3650,46408020,2552,21843
1721,24,37,25,0,66228780,3650,46416480,2549,21867
1722,29,40,25,0,66273120,3651,46423500,2548,21896
1723,24,40,25,0,66337980,3652,46451460,2548,21920
1724,27,38,25,0,66423600,3653,46558020,2552,21947
1725,30,39,25,0,66486720,3652,46597260,2551,21977
1726,35,40,25,0,66547560,3651,46753020,2556,22012
1727,33,40,25,0,66588120,3651,46763220,2555,22045
1728,36,40,25,0,66652740,3651,46811280,2555,22081
1729,29,39,25,0,66705600,3652,46829760,2555,22110
1730,32,40,25,0,66797820,3653,46902720,2556,22142
1731,43,40,25,0,66841200,3653,46918740,2555,22185
1732,32,39,25,0,66898380,3652,46995060,2557,22217
1733,38,40,25,0,66948360,3653,46999260,2555,22255
1734,38,40,25,0,67031220,3654,47053440,2556,22293
1735,33,40,25,0,67065180,3654,47082900,2556,22326
1736,38,38,25,0,67145100,3655,47123700,2556,22364
1737,23,37,25,0,67200540,3655,47251140,2561,22387
1738,30,40,25,0,67258680,3655,47267040,2559,22417
1739,30,40,25,0,67320840,3654,47533140,2572,22447
1740,37,37,25,0,67392840,3655,47581980,2572,22484
1741,24,33,25,0,67457880,3653,47759100,2578,22508
1742,35,39,25,0,67521540,3652,47933880,2584,22543
1743,34,40,25,0,67579800,3653,47945160,2582,22577
1744,34,40,25,0,67635180,3653,47962920,2582,22611
1745,34,40,25,0,67692780,3654,47971080,2581,22645
1746,30,39,25,0,67763160,3654,48039180,2581,22675
1747,28,40,25,0,67826760,3654,48116220,2583,22703
1748,24,34,25,0,67899900,3654,48327960,2592,22727
1749,35,40,25,0,67963020,3653,48456480,2596,22762
1750,32,40,25,0,68016840,3652,48499920,2596,22794
1751,23,40,25,0,68068980,3652,48513480,2594,22817
1752,31,40,25,0,68106180,3652,48518460,2593,22848
1753,36,40,25,0,68193720,3653,48559980,2593,22884
1754,28,40,25,0,68233320,3653,48575820,2592,22912
1755,38,40,25,0,68315460,3654,48632640,2592,22950
1756,37,39,25,0,68382960,3654,48674820,2592,22987
1757,31,39,25,0,68434140,3654,48699060,2592,23018
1758,37,40,25,0,68499060,3654,48763680,2592,23055
1759,28,38,25,0,68575620,3653,48818220,2592,23083
1760,31,40,25,0,68623380,3652,48862320,2591,23114
1761,27,40,25,0,68663100,3652,48936120,2594,23141
1762,34,40,25,0,68739900,3652,48963720,2593,23175
1763,26,40,25,0,68804460,3652,49010700,2592,23201
1764,17,33,25,0,68860500,3652,49255080,2604,23218
1765,33,40,25,0,68934120,3651,49583640,2617,23251
1766,31,40,25,0,68967360,3651,49591440,2616,23282
1767,34,38,25,0,69026520,3652,49613100,2616,23316
1768,32,39,25,0,69112140,3653,49675260,2617,23348
1769,29,40,25,0,69163920,3652,49695360,2615,23377
1770,39,40,25,0,69214260,3653,49700640,2614,23416
1771,36,40,25,0,69278520,3652,49919880,2623,23452
1772,37,39,25,0,69347160,3653,49934220,2622,23489
1773,30,40,25,0,69396120,3653,49982100,2622,23519
1774,23,38,25,0,69475620,3654,50067780,2624,23542
1775,30,40,25,0,69530880,3653,50135640,2626,23572
1776,37,40,25,0,69594900,3655,50164620,2625,23609
1777,26,40,25,0,69658380,3655,50184000,2624,23635
1778,39,40,25,0,69725760,3654,50218380,2623,23674
1779,24,40,25,0,69774600,3653,50281560,2624,23698
1780,25,38,25,0,69851640,3652,50475960,2631,23723
1781,29,40,25,0,69910980,3652,50489100,2629,23752
1782,28,34,25,0,69973980,3651,50678940,2636,23780
1783,32,40,25,0,70026360,3651,50714940,2635,23812
1784,35,38,25,0,70080600,3652,50733840,2635,23847
1785,32,31,25,0,70154760,3651,50972820,2645,23879
1786,37,40,25,0,70202100,3651,50976060,2642,23916
1787,25,35,25,0,70272240,3652,51037200,2644,23941
1788,27,40,25,0,70336320,3651,51085860,2643,23968
1789,39,40,25,0,70369620,3652,51090780,2642,24007
1790,22,38,25,0,70446180,3653,51136920,2643,24029
1791,28,40,25,0,70524900,3653,51179220,2642,24057
1792,34,39,25,0,70570200,3653,51358320,2650,24091
1793,34,36,25,0,70643460,3654,51422880,2652,24125
1794,26,40,25,0,70711260,3655,51428160,2649,24151
1795,31,40,25,0,70759020,3654,51476280,2650,24182
1796,34,39,25,0,70821000,3655,51515760,2650,24216
1797,31,40,25,0,70867620,3655,51543660,2650,24247
1798,30,39,25,0,70942320,3656,51571560,2649,24277
1799,34,40,25,0,71010660,3656,51577860,2647,24311
1800,31,37,25,0,71068200,3656,51674100,2650,24342
1801,28,38,25,0,71136960,3657,51678660,2648,24370
1802,26,38,25,0,71191920,3657,51751560,2649,24396
1803,23,35,25,0,71254380,3657,51906360,2656,24419
1804,37,40,25,0,71323860,3657,51918240,2653,24456
1805,28,40,25,0,71376480,3656,52218840,2667,24484
1806,20,34,25,0,71438940,3656,52289220,2667,24504
1807,27,40,25,0,71486040,3656,52317060,2667,24531
1808,34,40,25,0,71543820,3655,52375200,2667,24565
1809,34,40,25,0,71630880,3656,52404780,2666,24599
1810,32,40,25,0,71680500,3656,52431780,2665,24631
1811,29,39,25,0,71744340,3656,52508940,2667,24660
1812,30,40,25,0,71802960,3657,52525560,2666,24690
1813,32,40,25,0,71866500,3657,52544220,2665,24722
1814,26,37,25,0,71920200,3657,52603320,2666,24748
1815,38,40,25,0,71986740,3657,52654680,2666,24786
1816,28,40,25,0,72043560,3657,52663740,2665,24814
1817,35,39,25,0,72113640,3657,52858560,2672,24849
1818,39,38,25,0,72171780,3657,52940160,2674,24888
1819,30,40,25,0,72232260,3656,53003640,2674,24918
1820,40,40,25,0,72287280,3656,53012160,2672,24958
1821,29,39,25,0,72361260,3657,53062620,2673,24987
1822,30,40,25,0,72421140,3656,53084220,2671,25017
1823,31,40,25,0,72463800,3656,53114280,2671,25048
1824,24,40,25,0,72528240,3657,53128500,2670,25072
1825,27,38,25,0,72605580,3657,53238540,2673,25099
1826,42,40,25,0,72651600,3657,53254980,2672,25141
1827,35,40,25,0,72718860,3656,53332200,2672,25176
1828,32,40,25,0,72788640,3656,53454540,2676,25208
1829,28,40,25,0,72834960,3656,53472360,2675,25236
1830,29,40,25,0,72911100,3656,53542140,2676,25265
1831,34,40,25,0,72954780,3656,53547540,2675,25299
1832,33,39,25,0,73027260,3656,53607120,2676,25332
1833,37,40,25,0,73075860,3657,53631360,2675,25369
1834,32,40,25,0,73141680,3657,53699880,2676,25401
1835,24,38,25,0,73218420,3657,53898900,2684,25425
1836,35,40,25,0,73264080,3657,53909280,2682,25460
1837,32,40,25,0,73346460,3657,53961300,2681,25492
1838,27,40,25,0,73401360,3655,53981280,2680,25519
1839,32,38,25,0,73452240,3655,54137160,2686,25551
1840,24,30,25,0,73516440,3654,56128140,2783,25575
1841,38,40,25,0,73575300,3654,56136900,2779,25613
1842,34,40,25,0,73623000,3654,56161020,2778,25647
1843,33,39,25,0,73710960,3655,56187720,2777,25680
1844,27,40,25,0,73745100,3655,56397600,2786,25707
1845,38,40,25,0,73819620,3655,56435100,2786,25745
1846,26,39,25,0,73879080,3656,56535780,2788,25771
1847,20,31,25,0,73952040,3654,58050060,2861,25791
1848,15,24,25,0,74002380,3653,61808160,3044,25806
1849,4,0,16,9,74082480,3650,65482140,3224,25810
1850,9,0,15,10,74106360,3650,65482140,3222,25819
1851,4,0,13,12,74139060,3650,65482140,3222,25823
1852,7,0,16,9,74150340,3650,65482140,3221,25830
1853,2,0,13,12,74168940,3650,65482140,3220,25832
1854,7,0,17,8,74188500,3650,65482140,3219,25839
1855,8,0,16,9,74222160,3650,65482140,3218,25847
1856,7,0,17,8,74245500,3650,65482140,3217,25854
1857,12,0,19,6,74290200,3651,65482140,3215,25866
1858,11,0,17,8,74333040,3651,65482140,3213,25877
1859,11,0,21,4,74364120,3651,65482140,3211,25888
1860,12,0,18,7,74418840,3651,65482260,3210,25900
1861,6,0,17,8,74453040,3651,65482260,3209,25906
1862,10,0,20,5,74479620,3651,65482260,3207,25916
1863,14,0,21,4,74524860,3651,65482260,3205,25930
1864,6,0,16,9,74568420,3651,65482260,3204,25936
1865,8,0,14,11,74604840,3651,65482260,3203,25944
1866,7,0,14,11,74635560,3652,65482260,3202,25951
1867,6,0,13,12,74659440,3652,65482260,3201,25957
1868,4,0,12,13,74675700,3651,65482260,3200,25961
1869,3,0,13,12,74682420,3651,65482260,3200,25964
1870,7,0,12,13,74702460,3651,65482260,3198,25971
1871,7,0,17,8,74717820,3651,65482260,3197,25978
1872,2,0,12,13,74744160,3651,65482260,3197,25980
1873,8,0,13,12,74767080,3651,65482260,3196,25988
1874,5,0,11,14,74794500,3651,65482260,3195,25993
1875,3,0,11,14,74805840,3651,65482260,3195,25996
1876,5,0,13,12,74818380,3651,65482260,3194,26001
1877,4,0,11,14,74834580,3651,65482260,3193,26005
1878,8,0,16,9,74840100,3651,65482260,3192,26013
1879,11,0,18,7,74872800,3651,65482260,3190,26024
1880,11,0,20,5,74893800,3650,65482260,3188,26035
1881,8,0,18,7,74946540,3651,65482260,3187,26043
1882,8,0,15,10,74979900,3651,65482260,3186,26051
1883,13,0,21,4,75002100,3651,65482260,3184,26064
1884,12,0,22,3,75042720,3651,65482260,3182,26076
1885,11,0,17,8,75103380,3651,65482260,3180,26087
1886,7,0,16,9,75131100,3651,65482260,3179,26094
1887,8,0,14,11,75168420,3651,65482260,3178,26102
1888,8,0,16,9,75189960,3651,65482260,3177,26110
1889,10,0,21,4,75217920,3651,65482260,3175,26120
1890,7,0,18,7,75247380,3651,65482260,3174,26127
1891,12,0,19,6,75285420,3651,65482260,3172,26139
1892,12,0,20,5,75322380,3651,65482260,3171,26151
1893,10,0,17,8,75374700,3651,65482260,3169,26161
1894,3,0,13,12,75407340,3651,65482260,3169,26164
1895,8,0,15,10,75430620,3651,65482260,3167,26172
1896,6,0,15,10,75452160,3651,65482260,3166,26178
1897,6,0,14,11,75479700,3651,65482260,3165,26184
1898,4,0,12,13,75503040,3651,65482260,3165,26188
1899,2,0,13,12,75508740,3651,65482260,3165,26190
1900,7,0,14,11,75534600,3652,65482260,3164,26197
1901,7,0,12,13,75555900,3651,65482260,3162,26204
1902,6,0,10,15,75580500,3651,65482260,3162,26210
1903,5,0,14,11,75584700,3651,65482260,3161,26215
1904,6,0,12,13,75604200,3650,65482260,3160,26221
1905,6,0,12,13,75618660,3650,65482260,3159,26227
1906,11,0,16,9,75628320,3649,65482260,3157,26238
1907,11,0,20,5,75640620,3649,65482260,3156,26249
1908,6,0,16,9,75680280,3649,65482260,3155,26255
1909,14,0,23,2,75704520,3649,65482260,3153,26269
1910,10,0,21,4,75760680,3649,65482260,3151,26279
1911,7,0,18,7,75816660,3650,65482260,3150,26286
1912,8,0,20,5,75846180,3651,65482260,3149,26294
1913,9,0,20,5,75885960,3651,65482260,3147,26303
1914,8,0,18,7,75934800,3652,65482260,3146,26311
1915,0,0,11,14,75967680,3652,65482260,3146,26311
1916,4,0,12,13,75984300,3652,65482260,3146,26315
1917,4,0,11,14,76003800,3652,65482260,3145,26319
1918,7,0,16,9,76017720,3653,65482260,3144,26326
1919,6,0,17,8,76029660,3652,65482260,3143,26332
1920,6,0,15,10,76066860,3653,65482260,3142,26338
1921,3,0,12,13,76094820,3653,65482260,3142,26341
1922,4,0,13,12,76107900,3653,65482260,3141,26345
1923,5,0,11,14,76135380,3653,65482260,3140,26350
1924,5,0,14,11,76142460,3653,65482260,3140,26355
1925,8,0,14,11,76159140,3653,65482260,3138,26363
1926,13,0,18,7,76183020,3652,65482260,3136,26376
1927,7,0,20,5,76203240,3652,65482260,3135,26383
1928,6,0,14,11,76248960,3652,65482260,3134,26389
1929,9,0,16,9,76288680,3653,65482260,3133,26398
1930,10,0,16,9,76316700,3653,65482260,3132,26408
1931,7,0,16,9,76342500,3653,65482260,3131,26415
1932,8,0,14,11,76375620,3652,65482260,3129,26423
1933,7,0,16,9,76400340,3653,65482260,3128,26430
1934,7,0,13,12,76434660,3653,65482260,3127,26437
1935,13,0,18,7,76449540,3652,65482260,3125,26450
1936,6,0,16,9,76473360,3652,65482260,3124,26456
1937,5,0,13,12,76510440,3652,65482260,3124,26461
1938,6,0,13,12,76532160,3652,65482260,3123,26467
1939,9,0,17,8,76549800,3652,65482260,3121,26476
1940,4,0,13,12,76576620,3652,65482260,3121,26480
1941,6,0,16,9,76592160,3652,65482260,3120,26486
1942,7,0,15,10,76615440,3652,65482260,3119,26493
1943,5,0,11,14,76640940,3652,65482260,3118,26498
1944,6,0,10,15,76663320,3651,65482260,3117,26504
1945,3,0,9,16,76670160,3651,65482260,3117,26507
1946,4,0,12,13,76670940,3651,65482260,3116,26511
1947,3,0,9,16,76684920,3650,65482260,3116,26514
1948,5,0,12,13,76687080,3650,65482260,3115,26519
1949,9,0,14,11,76707720,3650,65482260,3114,26528
1950,12,0,18,7,76723560,3649,65482260,3112,26540
1951,6,0,16,9,76756260,3650,65482260,3111,26546
1952,10,0,17,8,76786860,3649,65482260,3110,26556
1953,3,0,15,10,76802460,3649,65482260,3109,26559
1954,8,0,14,11,76849860,3650,65482260,3108,26567
1955,12,0,20,5,76870440,3650,65482260,3106,26579
1956,8,0,12,13,76917780,3649,65482260,3105,26587
1957,5,0,12,13,76939500,3650,65482260,3104,26592
1958,10,0,16,9,76955100,3649,65482260,3103,26602
1959,12,0,20,5,76975680,3649,65482260,3101,26614
1960,13,0,25,0,77007360,3649,65482260,3099,26627
1961,11,0,18,7,77073720,3649,65482260,3097,26638
1962,10,0,17,8,77119320,3649,65482260,3096,26648
1963,10,0,17,8,77159220,3649,65482260,3095,26658
1964,11,0,19,6,77186040,3649,65482260,3093,26669
1965,7,0,17,8,77217000,3649,65482260,3092,26676
1966,5,0,11,14,77258700,3649,65482260,3091,26681
1967,4,0,11,14,77272920,3649,65482260,3091,26685
1968,8,0,14,11,77287980,3649,65482260,3089,26693
1969,4,0,12,13,77299680,3648,65482260,3089,26697
1970,4,0,12,13,77317680,3649,65482260,3088,26701
1971,6,0,15,10,77336460,3649,65482260,3087,26707
1972,5,0,13,12,77355480,3649,65482260,3087,26712
1973,3,0,12,13,77374140,3649,65482260,3086,26715
1974,6,0,15,10,77389020,3649,65482260,3085,26721
1975,9,0,15,10,77416140,3649,65482260,3084,26730
1976,7,0,16,9,77434920,3649,65482260,3083,26737
1977,5,0,12,13,77469360,3649,65482260,3082,26742
1978,11,0,15,10,77493360,3648,65482260,3081,26753
1979,17,0,22,3,77510100,3648,65482260,3078,26770
1980,8,0,19,6,77548920,3647,65482260,3077,26778
1981,9,0,17,8,77585760,3647,65482260,3076,26787
1982,12,0,17,8,77629320,3647,65482260,3074,26799
1983,14,0,25,0,77645580,3647,65482260,3072,26813
1984,4,0,18,7,77691960,3647,65482260,3071,26817
1985,6,0,15,10,77741760,3648,65482260,3071,26823
1986,11,0,19,6,77761440,3648,65482260,3069,26834
1987,9,0,15,10,77808780,3648,65482260,3068,26843
1988,4,0,18,7,77811540,3648,65482260,3067,26847
1989,6,0,16,9,77860560,3649,65482260,3066,26853
1990,10,0,20,5,77887320,3649,65482260,3065,26863
1991,3,0,13,12,77928900,3649,65482260,3064,26866
1992,5,0,11,14,77951700,3649,65482260,3064,26871
1993,6,0,12,13,77963160,3649,65482260,3063,26877
1994,3,0,12,13,77977140,3649,65482260,3062,26880
1995,0,0,9,16,77989500,3649,65482260,3062,26880
1996,5,0,11,14,78001860,3649,65482260,3062,26885
1997,7,0,16,9,78006840,3649,65482260,3061,26892
1998,3,0,11,14,78031440,3649,65482260,3060,26895
1999,9,0,13,12,78057720,3649,65482260,3059,26904
2000,12,0,17,8,78068700,3648,65482260,3057,26916
2001,11,0,19,6,78094500,3648,65482260,3056,26927
2002,18,4,25,0,78130680,3648,65482920,3053,26945
2003,10,0,18,7,78201420,3648,65484960,3052,26955
2004,11,0,17,8,78244020,3648,65484960,3050,26966
2005,12,0,18,7,78267480,3647,65484960,3049,26978
2006,10,0,18,7,78309000,3647,65484960,3047,26988
2007,17,1,25,0,78330540,3647,65485380,3045,27005
2008,6,0,16,9,78394980,3647,65486520,3044,27011
2009,11,0,22,3,78418680,3647,65486520,3042,27022
2010,13,0,24,1,78465180,3647,65486520,3041,27035
2011,7,0,19,6,78524460,3648,65486520,3040,27042
2012,9,0,15,10,78589440,3649,65486520,3038,27051
2013,5,0,14,11,78609660,3649,65486520,3038,27056
2014,7,0,15,10,78642600,3649,65486520,3037,27063
2015,3,0,11,14,78664020,3649,65486520,3036,27066
2016,6,0,13,12,78680640,3649,65486520,3035,27072
2017,6,0,19,6,78680640,3649,65486520,3035,27078
2018,5,0,15,10,78706740,3649,65486520,3034,27083
2019,6,0,18,7,78711600,3649,65486520,3033,27089
2020,2,0,16,9,78724620,3649,65486520,3033,27091
2021,10,0,20,5,78753720,3649,65486520,3031,27101
2022,7,0,20,5,78775800,3649,65486520,3030,27108
2023,4,0,20,5,78792480,3649,65486520,3030,27112
2024,7,0,18,7,78827820,3649,65486520,3029,27119
2025,9,0,21,4,78842100,3649,65486520,3027,27128
2026,13,0,20,5,78882420,3648,65486520,3026,27141
2027,8,0,22,3,78897060,3648,65486520,3025,27149
2028,14,2,25,0,78937380,3648,65490060,3023,27163
2029,9,0,22,3,78991680,3648,65495580,3022,27172
2030,9,0,22,3,79020960,3648,65495580,3021,27181
2031,15,3,25,0,79063320,3649,65496420,3019,27196
2032,11,6,25,0,79094640,3649,65501280,3018,27207
2033,8,2,25,0,79146900,3649,65515860,3017,27215
2034,15,3,25,0,79195740,3649,65519040,3015,27230
2035,7,0,24,1,79236060,3649,65521980,3014,27237
2036,7,0,18,7,79300080,3650,65521980,3013,27244
2037,6,0,21,4,79314600,3650,65521980,3012,27250
2038,2,0,17,8,79342920,3650,65521980,3012,27252
2039,8,0,21,4,79355760,3650,65521980,3011,27260
2040,6,0,15,10,79401480,3650,65521980,3010,27266
2041,2,0,14,11,79418280,3650,65521980,3010,27268
2042,5,0,19,6,79418280,3650,65521980,3009,27273
2043,10,0,20,5,79448460,3650,65521980,3008,27283
2044,5,0,18,7,79467840,3650,65521980,3007,27288
2045,0,0,15,10,79482240,3650,65521980,3007,27288
2046,5,0,17,8,79505760,3651,65521980,3006,27293
2047,8,0,19,6,79524720,3651,65521980,3005,27301
2048,14,0,25,0,79544820,3650,65521980,3003,27315
2049,8,0,23,2,79584000,3650,65522400,3002,27323
2050,11,0,25,0,79613220,3650,65522700,3001,27334
2051,9,0,22,3,79657500,3650,65523180,2999,27343
2052,18,0,23,2,79710240,3650,65523780,2997,27361
2053,9,0,19,6,79755720,3650,65523960,2996,27370
2054,9,0,19,6,79780860,3649,65523960,2994,27379
2055,6,0,19,6,79800300,3649,65523960,2994,27385
2056,14,1,25,0,79824660,3649,65523960,2992,27399
2057,9,0,19,6,79880760,3649,65525100,2991,27408
2058,6,0,15,10,79910760,3649,65525100,2990,27414
2059,10,0,20,5,79933740,3649,65525100,2988,27424
2060,1,0,16,9,79949760,3649,65525100,2988,27425
2061,6,0,19,6,79969320,3649,65525100,2987,27431
2062,6,0,18,7,79993020,3649,65525100,2987,27437
2063,4,0,20,5,80007600,3649,65525100,2986,27441
2064,6,0,22,3,80029920,3650,65525100,2985,27447
2065,4,0,16,9,80070720,3650,65525100,2985,27451
2066,5,0,15,10,80088420,3650,65525100,2984,27456
2067,5,0,18,7,80098140,3650,65525100,2983,27461
2068,3,0,13,12,80122740,3650,65525100,2983,27464
2069,5,0,17,8,80125680,3650,65525100,2982,27469
2070,11,0,23,2,80134080,3649,65525100,2981,27480
2071,4,0,18,7,80166240,3649,65525100,2980,27484
2072,8,0,22,3,80179680,3649,65525100,2979,27492
2073,7,0,22,3,80202720,3649,65525100,2978,27499
2074,6,0,17,8,80244240,3649,65525100,2977,27505
2075,14,0,25,0,80255760,3649,65525100,2975,27519
2076,9,3,25,0,80284440,3649,65529360,2975,27528
2077,8,0,23,2,80335140,3649,65532840,2974,27536
2078,10,2,25,0,80367240,3650,65532840,2972,27546
2079,17,9,25,0,80419560,3650,65543160,2970,27563
2080,11,14,25,0,80446860,3651,65546280,2969,27574
2081,12,15,25,0,80506560,3651,65574600,2969,27586
2082,13,13,25,0,80555760,3651,65596320,2968,27599
2083,7,2,25,0,80616780,3651,65715360,2972,27606
2084,6,0,19,6,80648100,3650,65731320,2972,27612
2085,6,0,19,6,80675460,3650,65731320,2971,27618
2086,8,0,20,5,80696460,3650,65731320,2970,27626
2087,4,0,19,6,80708760,3650,65731320,2970,27630
2088,6,0,19,6,80737320,3650,65731320,2969,27636
2089,7,0,18,7,80766120,3650,65731320,2968,27643
2090,4,0,16,9,80790420,3650,65731320,2968,27647
2091,3,0,14,11,80809980,3650,65731320,2967,27650
2092,13,0,20,5,80825040,3650,65731320,2965,27663
2093,7,0,22,3,80834100,3649,65731320,2965,27670
2094,6,0,21,4,80869860,3650,65731320,2964,27676
2095,9,0,22,3,80912580,3650,65731320,2963,27685
2096,10,0,22,3,80935320,3650,65731980,2961,27695
2097,8,0,17,8,80991540,3650,65731980,2960,27703
2098,10,0,20,5,81005160,3650,65731980,2959,27713
2099,6,0,20,5,81030900,3650,65731980,2958,27719
2100,13,0,24,1,81066480,3650,65732100,2956,27732
2101,5,0,16,9,81114120,3650,65732100,2956,27737
2102,9,0,18,7,81136380,3650,65732100,2954,27746
2103,10,0,19,6,81154320,3649,65732100,2953,27756
2104,8,0,18,7,81180360,3649,65732100,2952,27764
2105,14,0,23,2,81209400,3649,65732100,2950,27778
2106,8,0,23,2,81234960,3649,65733300,2949,27786
2107,9,0,24,1,81269100,3649,65733960,2948,27795
2108,11,0,21,4,81328140,3649,65733960,2947,27806
2109,7,0,20,5,81351600,3649,65733960,2946,27813
2110,9,0,23,2,81376260,3649,65733960,2944,27822
2111,5,0,21,4,81408360,3649,65733960,2944,27827
2112,5,0,19,6,81441840,3650,65733960,2943,27832
2113,4,0,15,10,81481740,3650,65733960,2943,27836
2114,5,0,19,6,81487200,3650,65733960,2942,27841
2115,8,0,18,7,81509820,3650,65733960,2941,27849
2116,6,0,19,6,81526740,3650,65733960,2940,27855
2117,7,0,20,5,81551760,3650,65733960,2939,27862
2118,6,0,21,4,81571620,3650,65733960,2938,27868
2119,10,0,23,2,81600600,3650,65733960,2937,27878
2120,11,0,21,4,81643920,3650,65735160,2936,27889
2121,7,0,21,4,81677520,3650,65735160,2935,27896
2122,6,0,18,7,81725280,3651,65735160,2934,27902
2123,10,0,22,3,81741240,3650,65735160,2933,27912
2124,10,0,19,6,81783900,3650,65735160,2931,27922
2125,9,0,23,2,81799200,3650,65735160,2930,27931
2126,12,4,25,0,81820980,3650,65735520,2929,27943
2127,10,7,25,0,81864360,3651,65739960,2928,27953
2128,8,0,25,0,81933780,3652,65767140,2928,27961
2129,11,0,22,3,81982620,3651,65768580,2926,27972
2130,8,0,25,0,82004640,3652,65768700,2925,27980
2131,10,1,25,0,82053240,3652,65772300,2924,27990
2132,11,0,25,0,82099320,3652,65773980,2923,28001
2133,8,0,23,2,82135260,3652,65773980,2922,28009
2134,5,0,18,7,82186080,3653,65773980,2921,28014
2135,7,0,18,7,82208160,3653,65773980,2920,28021
2136,5,0,17,8,82232280,3653,65773980,2920,28026
2137,11,0,18,7,82251180,3652,65773980,2918,28037
2138,4,0,16,9,82271940,3652,65773980,2918,28041
2139,4,0,17,8,82276800,3652,65773980,2917,28045
2140,2,0,13,12,82295940,3652,65773980,2917,28047
2141,6,0,18,7,82304520,3652,65773980,2916,28053
2142,3,0,15,10,82319520,3652,65773980,2916,28056
2143,4,0,13,12,82335060,3651,65773980,2915,28060
2144,5,0,15,10,82345800,3651,65773980,2914,28065
2145,8,0,20,5,82353300,3651,65773980,2913,28073
2146,10,0,23,2,82371660,3651,65773980,2912,28083
2147,9,0,23,2,82396620,3651,65773980,2911,28092
2148,3,0,19,6,82439580,3651,65773980,2911,28095
2149,11,0,21,4,82486860,3652,65773980,2909,28106
2150,14,0,24,1,82508700,3651,65773980,2907,28120
2151,11,4,25,0,82533900,3651,65774820,2906,28131
2152,7,0,25,0,82583700,3652,65780580,2905,28138
2153,7,0,20,5,82635300,3652,65780580,2904,28145
2154,6,0,21,4,82667160,3653,65780580,2904,28151
2155,10,0,20,5,82699020,3652,65780580,2902,28161
2156,7,0,16,9,82730460,3652,65780580,2902,28168
2157,4,0,16,9,82753260,3652,65780580,2901,28172
2158,5,0,16,9,82769640,3652,65780580,2900,28177
2159,3,0,15,10,82780860,3652,65780580,2900,28180
2160,4,0,17,8,82788060,3652,65780580,2899,28184
2161,5,0,18,7,82804740,3652,65780580,2899,28189
2162,3,0,15,10,82826820,3652,65780580,2898,28192
2163,7,0,17,8,82836720,3652,65780580,2898,28199
2164,6,0,18,7,82855080,3652,65780580,2897,28205
2165,6,0,16,9,82877940,3651,65780580,2896,28211
2166,5,0,15,10,82896360,3651,65780580,2895,28216
2167,9,0,18,7,82910100,3651,65780580,2894,28225
2168,9,0,18,7,82934640,3651,65780580,2893,28234
2169,8,0,19,6,82965300,3651,65780580,2892,28242
2170,10,0,21,4,82987380,3651,65780580,2891,28252
2171,10,0,22,3,83022360,3651,65780580,2890,28262
2172,11,0,22,3,83058300,3650,65780580,2888,28273
2173,5,0,17,8,83092620,3650,65780580,2888,28278
2174,14,0,24,1,83119620,3650,65780760,2886,28292
2175,7,0,25,0,83139480,3650,65784180,2885,28299
2176,9,0,20,5,83200680,3651,65784420,2884,28308
2177,15,1,25,0,83229180,3651,65784420,2882,28323
2178,7,0,25,0,83254680,3650,65788380,2881,28330
2179,7,0,21,4,83311740,3651,65788380,2880,28337
2180,9,0,21,4,83347920,3651,65788380,2879,28346
2181,8,0,21,4,83368380,3651,65788380,2878,28354
2182,2,0,19,6,83392500,3651,65788380,2878,28356
2183,3,0,14,11,83428260,3652,65788380,2878,28359
2184,6,0,15,10,83434620,3651,65788380,2877,28365
2185,5,0,16,9,83440320,3651,65788380,2876,28370
2186,7,0,19,6,83458200,3651,65788380,2875,28377
2187,4,0,17,8,83477520,3651,65788380,2875,28381
2188,6,0,16,9,83495220,3650,65788380,2874,28387
2189,7,0,17,8,83515920,3650,65788380,2873,28394
2190,2,0,15,10,83525460,3650,65788380,2873,28396
2191,10,0,18,7,83541780,3650,65788380,2872,28406
2192,9,0,21,4,83553720,3649,65788380,2871,28415
2193,7,0,21,4,83580240,3649,65788380,2870,28422
2194,12,0,19,6,83627040,3649,65788380,2868,28434
2195,7,0,20,5,83652900,3649,65788380,2867,28441
2196,10,0,24,1,83665680,3649,65788380,2866,28451
2197,9,0,22,3,83707020,3649,65788380,2865,28460
2198,12,0,25,0,83734620,3649,65788740,2863,28472
2199,3,0,19,6,83764920,3649,65788740,2863,28475
2200,10,0,21,4,83806980,3649,65788740,2862,28485
2201,9,0,21,4,83843160,3649,65788740,2861,28494
2202,10,0,17,8,83873700,3648,65788740,2860,28504
2203,10,0,19,6,83897280,3648,65788740,2858,28514
2204,5,0,19,6,83911620,3648,65788740,2858,28519
2205,4,0,18,7,83939760,3648,65788740,2857,28523
2206,7,0,18,7,83959020,3648,65788740,2856,28530
2207,5,0,18,7,83974920,3648,65788740,2856,28535
2208,3,0,16,9,83991660,3648,65788740,2855,28538
2209,4,0,15,10,84017160,3648,65788740,2855,28542
2210,10,0,20,5,84025260,3648,65788740,2854,28552
2211,7,0,21,4,84045180,3648,65788740,2853,28559
2212,2,0,16,9,84081060,3648,65788740,2852,28561
2213,6,0,18,7,84099240,3648,65788740,2852,28567
2214,6,0,18,7,84124260,3649,65788740,2851,28573
2215,8,0,24,1,84132300,3649,65788740,2850,28581
2216,6,0,21,4,84177480,3649,65789100,2849,28587
2217,13,0,19,6,84225480,3649,65789100,2848,28600
2218,8,0,18,7,84250380,3648,65789100,2847,28608
2219,9,0,23,2,84262740,3648,65789100,2846,28617
2220,8,0,23,2,84291360,3648,65789100,2845,28625
2221,8,0,19,6,84344940,3649,65789100,2844,28633
2222,5,0,19,6,84366660,3649,65789100,2843,28638
2223,7,0,17,8,84397020,3649,65789100,2842,28645
2224,12,0,20,5,84416940,3648,65789100,2841,28657
2225,11,0,23,2,84445920,3648,65789100,2839,28668
2226,9,0,24,1,84472560,3648,65792040,2838,28677
2227,8,0,24,1,84519180,3649,65793180,2837,28685
2228,5,0,20,5,84557100,3649,65793180,2837,28690
2229,9,0,21,4,84594120,3649,65793180,2836,28699
2230,8,0,21,4,84620400,3649,65793180,2835,28707
2231,8,0,22,3,84650640,3649,65793180,2834,28715
2232,3,0,17,8,84694200,3650,65793180,2833,28718
2233,4,0,17,8,84705720,3650,65793180,2833,28722
2234,5,0,15,10,84731100,3650,65793180,2832,28727
2235,5,0,17,8,84737640,3650,65793180,2832,28732
2236,8,0,18,7,84762960,3650,65793180,2831,28740
2237,8,0,21,4,84778140,3650,65793180,2830,28748
2238,4,0,18,7,84815820,3650,65793180,2829,28752
2239,3,0,16,9,84839520,3650,65793180,2829,28755
2240,6,0,16,9,84855240,3650,65793180,2828,28761
2241,10,0,22,3,84864840,3650,65793180,2827,28771
2242,10,0,19,6,84904860,3650,65793780,2826,28781
2243,14,0,23,2,84925260,3649,65793780,2824,28795
2244,7,0,19,6,84972780,3649,65793780,2823,28802
2245,9,0,19,6,85003800,3649,65793780,2822,28811
2246,8,0,20,5,85021500,3649,65793780,2821,28819
2247,9,0,23,2,85041300,3649,65793780,2820,28828
2248,10,0,23,2,85073400,3649,65793780,2819,28838
2249,10,0,23,2,85119420,3649,65793780,2818,28848
2250,8,0,18,7,85157640,3649,65793780,2817,28856
2251,9,0,21,4,85176360,3648,65793780,2816,28865
2252,13,1,25,0,85197240,3648,65797980,2814,28878
2253,4,0,21,4,85234560,3648,65798280,2814,28882
2254,9,0,19,6,85294740,3649,65798280,2813,28891
2255,5,0,17,8,85308240,3649,65798280,2812,28896
2256,10,0,19,6,85336140,3649,65798280,2811,28906
2257,5,0,17,8,85359360,3648,65798280,2810,28911
2258,10,0,22,3,85378080,3648,65798280,2809,28921
2259,8,0,19,6,85416660,3648,65798280,2808,28929
2260,5,0,18,7,85431120,3648,65798280,2807,28934
2261,5,0,19,6,85456440,3649,65798280,2807,28939
2262,11,0,25,0,85473240,3648,65798280,2806,28950
2263,9,0,20,5,85525260,3648,65798280,2804,28959
2264,10,0,23,2,85547220,3648,65798280,2803,28969
2265,7,0,19,6,85583520,3648,65798280,2802,28976
2266,11,0,21,4,85615740,3648,65798280,2801,28987
2267,11,0,22,3,85649340,3648,65798280,2800,28998
2268,10,0,22,3,85683060,3648,65798280,2799,29008
2269,20,4,25,0,85717800,3647,65799660,2797,29028
2270,12,5,25,0,85753140,3647,65808480,2795,29040
2271,8,0,21,4,85803120,3647,65835000,2795,29048
2272,5,0,18,7,85833960,3647,65835000,2795,29053
2273,10,0,20,5,85868640,3647,65835000,2794,29063
2274,6,0,18,7,85894680,3647,65835000,2793,29069
2275,6,0,19,6,85914720,3647,65835000,2792,29075
2276,4,0,17,8,85933200,3647,65835000,2792,29079
2277,9,0,20,5,85960560,3647,65835000,2791,29088
2278,7,0,25,0,85971120,3647,65835000,2790,29095
2279,9,0,21,4,86029500,3648,65835660,2789,29104
2280,5,0,18,7,86063280,3648,65835660,2788,29109
2281,2,0,16,9,86084880,3648,65835660,2788,29111
2282,5,0,17,8,86101860,3648,65835660,2787,29116
2283,6,0,20,5,86115540,3648,65835660,2787,29122
2284,5,0,20,5,86143320,3649,65835660,2786,29127
2285,8,0,17,8,86187420,3649,65835660,2785,29135
2286,11,0,19,6,86211060,3648,65835660,2784,29146
2287,9,0,21,4,86229300,3648,65835660,2783,29155
2288,7,0,20,5,86253480,3648,65835660,2782,29162
2289,19,2,25,0,86298780,3648,65836380,2780,29181
2290,10,0,24,1,86323740,3647,65840880,2779,29191
2291,5,0,21,4,86365440,3648,65840880,2778,29196
2292,10,0,20,5,86413500,3648,65840880,2777,29206
2293,12,0,20,5,86438460,3647,65840880,2776,29218
2294,15,1,25,0,86472780,3647,65840940,2774,29233
2295,5,0,22,3,86512260,3647,65844240,2773,29238
2296,13,0,25,0,86545740,3647,65844240,2772,29251
2297,12,3,25,0,86577180,3647,65844960,2771,29263
2298,15,10,25,0,86612040,3648,65850780,2770,29278
2299,5,9,25,0,86665860,3649,65861100,2769,29283
2300,7,3,25,0,86718060,3649,65915880,2770,29290
2301,12,0,22,3,86772540,3649,65919120,2769,29302
2302,5,0,19,6,86804220,3649,65919120,2769,29307
2303,4,0,17,8,86824260,3649,65919120,2768,29311
2304,11,0,20,5,86854920,3649,65919120,2767,29322
2305,4,0,17,8,86875860,3649,65919120,2766,29326
2306,7,0,19,6,86895480,3649,65919120,2765,29333
2307,7,0,21,4,86917560,3649,65919120,2765,29340
2308,11,1,25,0,86943060,3649,65922660,2764,29351
2309,4,0,19,6,86987460,3649,65922840,2763,29355
2310,10,0,20,5,87023700,3649,65922840,2762,29365
2311,6,0,20,5,87047280,3649,65922840,2761,29371
2312,12,2,25,0,87068340,3649,65922840,2760,29383
2313,15,0,25,0,87123960,3649,65924820,2758,29398
2314,6,0,19,6,87165300,3649,65924820,2758,29404
2315,10,0,21,4,87194460,3649,65924820,2756,29414
2316,13,0,24,1,87220860,3649,65925060,2755,29427
2317,10,0,22,3,87257100,3648,65925060,2754,29437
2318,16,4,25,0,87291060,3648,65928960,2752,29453
2319,10,4,25,0,87338160,3649,65935260,2751,29463
2320,10,8,25,0,87365760,3649,65938500,2750,29473
2321,8,4,25,0,87424260,3650,65965320,2750,29481
2322,11,0,25,0,87486540,3650,65995320,2750,29492
2323,5,0,22,3,87511680,3650,65995320,2750,29497
2324,10,0,24,1,87554040,3650,65995320,2749,29507
2325,8,0,20,5,87593640,3650,65995320,2748,29515
2326,4,0,18,7,87636840,3651,65995320,2747,29519
2327,4,0,20,5,87644280,3651,65995320,2747,29523
2328,5,0,18,7,87677400,3651,65995320,2746,29528
2329,9,0,22,3,87709260,3652,65995320,2745,29537
2330,3,0,18,7,87733440,3652,65995320,2745,29540
2331,1,0,17,8,87744240,3652,65995320,2745,29541
2332,15,0,25,0,87785640,3653,65995320,2743,29556
2333,5,0,23,2,87803040,3652,65995380,2742,29561
2334,5,0,16,9,87853920,3653,65995380,2742,29566
2335,12,0,17,8,87882960,3652,65995380,2741,29578
2336,16,0,23,2,87903720,3652,65995380,2739,29594
2337,8,0,22,3,87927660,3651,65995380,2738,29602
2338,6,0,18,7,87965400,3651,65995380,2737,29608
2339,12,1,25,0,87971220,3651,65995380,2736,29620
2340,18,3,25,0,88027920,3651,66004320,2734,29638
2341,9,0,21,4,88070640,3650,66009300,2733,29647
2342,5,0,19,6,88091340,3650,66009300,2733,29652
2343,7,0,21,4,88112820,3650,66009300,2732,29659
2344,12,0,24,1,88149060,3650,66009300,2731,29671
2345,5,0,18,7,88192740,3650,66009600,2730,29676
2346,10,0,21,4,88218600,3650,66009600,2729,29686
2347,11,0,20,5,88262520,3650,66009600,2728,29697
2348,9,0,23,2,88283040,3650,66009600,2727,29706
2349,10,1,25,0,88302900,3650,66009600,2726,29716
2350,5,0,15,10,88379040,3651,66009600,2725,29721
2351,3,0,14,11,88394040,3651,66009600,2725,29724
2352,5,0,16,9,88405440,3651,66009600,2724,29729
2353,9,0,18,7,88422960,3650,66009600,2723,29738
2354,10,0,20,5,88447020,3650,66009600,2722,29748
2355,17,5,25,0,88468080,3650,66011100,2720,29765
2356,26,21,25,0,88506120,3650,66019140,2717,29791
2357,24,37,25,0,88555440,3651,66032880,2716,29815
2358,38,40,25,0,88582500,3651,66039180,2715,29853
2359,33,40,25,0,88662660,3653,66102540,2716,29886
2360,28,37,25,0,88704240,3653,66153180,2717,29914
2361,29,40,25,0,88743300,3653,66201660,2717,29943
2362,33,39,25,0,88791360,3653,66230040,2717,29976
2363,29,40,25,0,88843500,3653,66283920,2718,30005
2364,32,40,25,0,88871640,3653,66340620,2720,30037
2365,33,40,25,0,88943820,3654,66441060,2722,30070
2366,36,39,25,0,88985280,3654,66497160,2723,30106
2367,25,39,25,0,89031600,3654,66522000,2723,30131
2368,27,40,25,0,89079420,3654,66528840,2722,30158
2369,20,37,25,0,89126460,3654,66697800,2728,30178
2370,36,39,25,0,89175240,3654,66707880,2726,30214
2371,30,40,25,0,89211660,3653,66794400,2728,30244
2372,29,40,25,0,89255520,3654,66801180,2727,30273
2373,36,39,25,0,89301840,3654,66809940,2726,30309
2374,34,38,25,0,89347140,3654,66866820,2727,30343
2375,41,40,25,0,89402520,3654,66892620,2727,30384
2376,39,39,25,0,89462640,3654,66965460,2728,30423
2377,31,40,25,0,89480160,3654,66970440,2727,30454
2378,32,38,25,0,89546100,3654,67238940,2737,30486
2379,35,40,25,0,89594280,3654,67244100,2736,30521
2380,37,40,25,0,89620680,3655,67249440,2735,30558
2381,24,40,25,0,89681040,3655,67283040,2735,30582
2382,38,40,25,0,89717100,3655,67326780,2736,30620
2383,37,40,25,0,89777760,3655,67365600,2736,30657
2384,41,40,25,0,89817120,3656,67369620,2735,30698
2385,30,40,25,0,89852100,3656,67411740,2736,30728
2386,30,40,25,0,89896620,3656,67485480,2738,30758
2387,30,40,25,0,89952900,3657,67506900,2737,30788
2388,28,39,25,0,90005640,3657,67527840,2737,30816
2389,34,39,25,0,90068100,3658,67584180,2737,30850
2390,32,40,25,0,90097560,3657,67616340,2738,30882
2391,27,40,25,0,90144300,3658,67629360,2737,30909
2392,31,40,25,0,90179400,3658,67647060,2737,30940
2393,34,40,25,0,90237840,3659,67708140,2738,30974
2394,30,40,25,0,90299700,3659,67803660,2740,31004
2395,27,40,25,0,90323580,3658,67829940,2740,31031
2396,31,40,25,0,90390240,3659,67837380,2739,31062
2397,33,40,25,0,90419640,3659,67865640,2739,31095
2398,25,40,25,0,90470880,3659,67896960,2739,31120
2399,29,35,25,0,90534600,3660,68177940,2749,31149

