Hour,Arrivals,Waiting,Treating,Available Rooms,Total Treatment Time,Average Treatment Time,Total Wait Time,Average Wait Time,Total Arrivals
1,6,0,6,19,0,0,0,0,6
2,6,0,7,18,9000,1800,0,0,12
3,4,0,6,19,29760,2976,0,0,16
4,4,0,3,22,67380,3963,0,0,20
5,9,0,8,17,73740,3511,0,0,29
6,6,0,6,19,97020,3345,0,0,35
7,11,0,10,15,117600,3266,0,0,46
8,8,0,11,14,138180,3213,0,0,54
9,9,0,10,15,174000,3283,0,0,63
10,7,0,6,19,211200,3300,0,0,70
11,7,0,7,18,248640,3552,0,0,77
12,12,0,12,13,268440,3486,0,0,89
13,6,0,8,17,301440,3464,0,0,95
14,7,0,5,20,332700,3429,0,0,102
15,9,0,6,19,360720,3435,0,0,111
16,7,0,6,19,371940,3320,0,0,118
17,7,0,2,23,406320,3303,0,0,125
18,19,0,12,13,429420,3253,0,0,144
19,10,0,8,17,471780,3231,0,0,154
20,6,0,6,19,509520,3308,0,0,160
21,4,0,7,18,523860,3336,0,0,164
22,13,0,7,18,562680,3309,0,0,177
23,3,0,6,19,573060,3293,0,0,180
24,6,0,7,18,598980,3346,0,0,186
25,9,0,10,15,627840,3393,0,0,195
26,4,0,6,19,655080,3394,0,0,199
27,5,0,5,20,679260,3413,0,0,204
28,1,0,2,23,697500,3435,0,0,205
29,1,0,1,24,716340,3494,0,0,206
30,12,0,13,12,716340,3494,0,0,218
31,7,0,6,19,763380,3485,0,0,225
32,12,0,10,15,779460,3433,0,0,237
33,5,0,7,18,805800,3428,0,0,242
34,8,0,10,15,822600,3427,0,0,250
35,16,0,14,11,853920,3388,0,0,266
36,17,0,22,3,894660,3427,0,0,283
37,16,0,18,7,968940,3448,0,0,299
38,11,0,11,14,1020480,3412,0,0,310
39,7,0,7,18,1075680,3469,0,0,317
40,10,0,10,15,1091580,3443,0,0,327
41,8,0,9,16,1138620,3492,0,0,335
42,8,0,9,16,1165860,3490,0,0,343
43,7,0,7,18,1203420,3508,0,0,350
44,12,0,12,13,1230420,3515,0,0,362
45,7,0,8,17,1261680,3494,0,0,369
46,5,0,7,18,1288560,3511,0,0,374
47,5,0,5,20,1306920,3494,0,0,379
48,4,0,4,21,1346520,3552,0,0,383
49,5,0,7,18,1357080,3561,0,0,388
50,6,0,5,20,1375800,3536,0,0,394
51,5,0,5,20,1396620,3544,0,0,399
52,7,0,7,18,1420500,3560,0,0,406
53,5,0,8,17,1431720,3552,0,0,411
54,8,0,3,22,1473600,3542,0,0,419
55,3,0,5,20,1481280,3552,0,0,422
56,11,0,10,15,1501740,3550,0,0,433
57,8,0,10,15,1528980,3547,0,0,441
58,8,0,5,20,1576500,3550,0,0,449
59,3,0,5,20,1588320,3553,0,0,452
60,16,0,11,14,1624560,3554,0,0,468
61,11,0,10,15,1654920,3528,0,0,479
62,13,0,12,13,1685340,3511,0,0,492
63,13,0,12,13,1729140,3507,0,0,505
64,12,0,11,14,1761420,3481,0,0,517
65,9,0,10,15,1806780,3501,0,0,526
66,8,0,8,17,1849080,3515,0,0,534
67,10,0,11,14,1879380,3526,0,0,544
68,10,0,12,13,1912200,3528,0,0,554
69,12,0,13,12,1958280,3541,0,0,566
70,7,0,10,15,1994640,3542,0,0,573
71,6,0,4,21,2042880,3552,0,0,579
72,7,0,9,16,2054340,3560,0,0,586
73,6,0,8,17,2086320,3572,0,0,592
74,4,0,4,21,2126520,3592,0,0,596
75,7,0,8,17,2134500,3587,0,0,603
76,6,0,9,16,2159340,3598,0,0,609
77,12,0,11,14,2200020,3606,0,0,621
78,7,0,7,18,2227440,3586,0,0,628
79,4,0,3,22,2246700,3571,0,0,632
80,12,0,12,13,2249700,3559,0,0,644
81,12,0,12,13,2298120,3568,0,0,656
82,14,0,13,12,2344680,3568,0,0,670
83,15,0,11,14,2397960,3557,0,0,685
84,8,0,7,18,2438160,3554,0,0,693
85,11,0,10,15,2466000,3553,0,0,704
86,8,0,10,15,2503260,3565,0,0,712
87,4,0,6,19,2536860,3573,0,0,716
88,18,0,12,13,2582280,3576,0,0,734
89,8,0,9,16,2611080,3562,0,0,742
90,6,0,10,15,2637600,3573,0,0,748
91,6,0,5,20,2681640,3580,0,0,754
92,6,0,8,17,2689980,3577,0,0,760
93,9,0,8,17,2715660,3568,0,0,769
94,6,0,5,20,2755980,3579,0,0,775
95,7,0,7,18,2775780,3581,0,0,782
96,2,0,5,20,2785800,3576,0,0,784
97,4,0,2,23,2817180,3584,0,0,788
98,4,0,3,22,2824320,3579,0,0,792
99,6,0,8,17,2829900,3582,0,0,798
100,9,0,10,15,2849460,3575,0,0,807
101,7,0,8,17,2886900,3581,0,0,814
102,5,0,8,17,2909580,3587,0,0,819
103,11,0,8,17,2951400,3590,0,0,830
104,7,0,7,18,2979840,3590,0,0,837
105,10,0,9,16,3009720,3591,0,0,847
106,7,0,8,17,3040740,3594,0,0,854
107,10,0,7,18,3066720,3578,0,0,864
108,9,0,7,18,3109740,3590,0,0,873
109,9,0,11,14,3122220,3584,0,0,882
110,6,0,5,20,3164280,3583,0,0,888
111,6,0,8,17,3174360,3582,0,0,894
112,12,0,15,10,3190800,3581,0,0,906
113,8,0,10,15,3229800,3572,0,0,914
114,11,0,9,16,3264420,3563,0,0,925
115,2,0,1,24,3311640,3576,0,0,927
116,7,0,4,21,3322320,3572,0,0,934
117,0,0,2,23,3328980,3571,0,0,934
118,7,0,7,18,3339660,3575,0,0,941
119,8,0,8,17,3361380,3572,0,0,949
120,3,0,2,23,3392760,3571,0,0,952
121,7,0,7,18,3395340,3566,0,0,959
122,4,0,6,19,3413880,3567,0,0,963
123,5,0,3,22,3452160,3577,0,0,968
124,8,0,7,18,3460260,3570,0,0,976
125,9,0,10,15,3478860,3568,0,0,985
126,9,0,13,12,3503040,3570,0,0,994
127,15,0,17,8,3547140,3575,0,0,1009
128,11,0,10,15,3619860,3584,0,0,1020
129,4,0,8,17,3650340,3592,0,0,1024
130,4,0,4,21,3692100,3605,0,0,1028
131,10,0,12,13,3693780,3600,0,0,1038
132,14,0,14,11,3733860,3597,0,0,1052
133,14,0,14,11,3781740,3594,0,0,1066
134,13,0,16,9,3831540,3604,0,0,1079
135,5,0,8,17,3878760,3604,0,0,1084
136,9,0,10,15,3916740,3616,0,0,1093
137,7,0,7,18,3949560,3613,0,0,1100
138,6,0,7,18,3972360,3614,0,0,1106
139,9,0,4,21,4017300,3615,0,0,1115
140,8,0,7,18,4031040,3612,0,0,1123
141,4,0,5,20,4043760,3604,0,0,1127
142,6,0,4,21,4077000,3611,0,0,1133
143,9,0,10,15,4084860,3608,0,0,1142
144,7,0,8,17,4114020,3605,0,0,1149
145,3,0,4,21,4151160,3615,0,0,1152
146,3,0,2,23,4167420,3614,0,0,1155
147,1,0,0,25,4185060,3620,0,0,1156
148,5,0,5,20,4185060,3620,0,0,1161
149,7,0,5,20,4200120,3611,0,0,1168
150,9,0,5,20,4219620,3600,0,0,1177
151,9,0,8,17,4230240,3591,0,0,1186
152,9,0,9,16,4250340,3583,0,0,1195
153,14,0,12,13,4277280,3573,0,0,1209
154,7,0,6,19,4318260,3568,0,0,1216
155,9,0,11,14,4332720,3568,0,0,1225
156,12,0,14,11,4363980,3568,0,0,1237
157,8,0,10,15,4412820,3573,0,0,1245
158,12,0,12,13,4437660,3564,0,0,1257
159,11,0,13,12,4472220,3563,0,0,1268
160,8,0,6,19,4530960,3567,0,0,1276
161,11,0,10,15,4552920,3565,0,0,1287
162,6,0,6,19,4590600,3566,0,0,1293
163,6,0,2,23,4621740,3563,0,0,1299
164,5,0,4,21,4626420,3558,0,0,1304
165,7,0,8,17,4635060,3557,0,0,1311
166,8,0,9,16,4650180,3549,0,0,1319
167,8,0,8,17,4685940,3552,0,0,1327
168,5,0,5,20,4721340,3557,0,0,1332
169,3,0,1,24,4747200,3558,0,0,1335
170,5,0,4,21,4752180,3557,0,0,1340
171,4,0,4,21,4767300,3557,0,0,1344
172,5,0,6,19,4770180,3551,0,0,1349
173,8,0,9,16,4795740,3557,0,0,1357
174,7,0,10,15,4811160,3553,0,0,1364
175,12,0,10,15,4856040,3554,0,0,1376
176,8,0,10,15,4881660,3552,0,0,1384
177,7,0,6,19,4928820,3558,0,0,1391
178,10,0,8,17,4959780,3560,0,0,1401
179,9,0,8,17,4978680,3551,0,0,1410
180,11,0,11,14,5013720,3555,0,0,1421
181,14,0,12,13,5042220,3543,0,0,1435
182,7,0,12,13,5059860,3538,0,0,1442
183,9,0,11,14,5110260,3548,0,0,1451
184,10,0,7,18,5167500,3553,0,0,1461
185,11,0,9,16,5192460,3549,0,0,1472
186,12,0,13,12,5224260,3551,0,0,1484
187,4,0,8,17,5270520,3561,0,0,1488
188,7,0,9,16,5298840,3565,0,0,1495
189,8,0,11,14,5327220,3570,0,0,1503
190,5,0,7,18,5362680,3572,0,0,1508
191,5,0,6,19,5384220,3572,0,0,1513
192,5,0,3,22,5414640,3574,0,0,1518
193,7,0,5,20,5434440,3575,0,0,1525
194,4,0,5,20,5443380,3571,0,0,1529
195,4,0,3,22,5468460,3574,0,0,1533
196,5,0,4,21,5475600,3569,0,0,1538
197,10,0,6,19,5496420,3564,0,0,1548
198,7,0,5,20,5518680,3560,0,0,1555
199,5,0,4,21,5532000,3555,0,0,1560
200,5,0,7,18,5544060,3558,0,0,1565
201,12,0,10,15,5563620,3550,0,0,1577
202,12,0,9,16,5609340,3550,0,0,1589
203,7,0,10,15,5638620,3555,0,0,1596
204,15,0,17,8,5680920,3563,0,0,1611
205,18,0,17,8,5744460,3563,0,0,1629
206,9,0,13,12,5799720,3569,0,0,1638
207,6,0,11,14,5846460,3580,0,0,1644
208,9,0,8,17,5896140,3584,0,0,1653
209,9,0,9,16,5920020,3581,0,0,1662
210,5,0,4,21,5960640,3584,0,0,1667
211,7,0,8,17,5977740,3588,0,0,1674
212,7,0,11,14,5990640,3587,0,0,1681
213,6,0,9,16,6029880,3593,0,0,1687
214,8,0,6,19,6084540,3602,0,0,1695
215,5,0,6,19,6097800,3599,0,0,1700
216,10,0,8,17,6128460,3600,0,0,1710
217,3,0,3,22,6148800,3595,0,0,1713
218,4,0,4,21,6165720,3599,0,0,1717
219,4,0,6,19,6177900,3602,0,0,1721
220,6,0,7,18,6193740,3601,0,0,1727
221,6,0,5,20,6224520,3602,0,0,1733
222,5,0,5,20,6239220,3600,0,0,1738
223,13,0,13,12,6258360,3600,0,0,1751
224,7,0,8,17,6303360,3601,0,0,1758
225,7,0,6,19,6338280,3603,0,0,1765
226,9,0,4,21,6366540,3596,0,0,1774
227,10,0,9,16,6381000,3594,0,0,1784
228,6,0,8,17,6399480,3591,0,0,1790
229,11,0,7,18,6436380,3587,0,0,1801
230,12,0,7,18,6465000,3579,0,0,1813
231,8,0,8,17,6480480,3574,0,0,1821
232,10,0,15,10,6489000,3573,0,0,1831
233,9,0,12,13,6536580,3575,0,0,1840
234,8,0,4,21,6604620,3581,0,0,1848
235,3,0,5,20,6607740,3579,0,0,1851
236,8,0,8,17,6633360,3583,0,0,1859
237,9,0,10,15,6650640,3579,0,0,1868
238,8,0,9,16,6687120,3581,0,0,1876
239,8,0,7,18,6726180,3583,0,0,1884
240,4,0,5,20,6746640,3582,0,0,1888
241,2,0,1,24,6772260,3585,0,0,1890
242,4,0,2,23,6775500,3581,0,0,1894
243,6,0,6,19,6782760,3581,0,0,1900
244,9,0,5,20,6812820,3578,0,0,1909
245,5,0,3,22,6834120,3576,0,0,1914
246,10,0,4,21,6855480,3570,0,0,1924
247,6,0,7,18,6862560,3568,0,0,1930
248,6,0,9,16,6873360,3566,0,0,1936
249,12,0,12,13,6906900,3567,0,0,1948
250,9,0,6,19,6950820,3562,0,0,1957
251,12,0,10,15,6984720,3565,0,0,1969
252,14,0,15,10,7001640,3557,0,0,1983
253,9,0,11,14,7041240,3554,0,0,1992
254,3,0,5,20,7084560,3560,0,0,1995
255,12,0,10,15,7118700,3564,0,0,2007
256,6,0,9,16,7136040,3560,0,0,2013
257,11,0,10,15,7172100,3561,0,0,2024
258,6,0,10,15,7203900,3566,0,0,2030
259,11,0,11,14,7257900,3575,0,0,2041
260,5,0,7,18,7284180,3572,0,0,2046
261,7,0,6,19,7319100,3575,0,0,2053
262,10,0,10,15,7337940,3574,0,0,2063
263,3,0,5,20,7367580,3574,0,0,2066
264,6,0,8,17,7376040,3573,0,0,2072
265,5,0,6,19,7411260,3578,0,0,2077
266,12,0,6,19,7434660,3569,0,0,2089
267,5,0,3,22,7456440,3565,0,0,2094
268,12,0,7,18,7468320,3558,0,0,2106
269,5,0,6,19,7491300,3558,0,0,2111
270,7,0,6,19,7511820,3556,0,0,2118
271,2,0,1,24,7540620,3558,0,0,2120
272,10,0,7,18,7547460,3555,0,0,2130
273,8,0,10,15,7559880,3552,0,0,2138
274,13,0,16,9,7586100,3553,0,0,2151
275,10,0,10,15,7640820,3552,0,0,2161
276,6,0,7,18,7675740,3553,0,0,2167
277,11,0,11,14,7696800,3551,0,0,2178
278,15,0,16,9,7724880,3548,0,0,2193
279,10,0,10,15,7800540,3557,0,0,2203
280,11,0,11,14,7833300,3555,0,0,2214
281,11,0,11,14,7875060,3556,0,0,2225
282,8,0,9,16,7913100,3558,0,0,2233
283,7,0,6,19,7946100,3556,0,0,2240
284,5,0,4,21,7978980,3560,0,0,2245
285,4,0,5,20,7987440,3559,0,0,2249
286,9,0,8,17,8007780,3559,0,0,2258
287,6,0,8,17,8023320,3556,0,0,2264
288,6,0,4,21,8060700,3557,0,0,2270
289,4,0,3,22,8073000,3554,0,0,2274
290,4,0,5,20,8081220,3555,0,0,2278
291,4,0,5,20,8098800,3556,0,0,2282
292,2,0,3,22,8112660,3556,0,0,2284
293,8,0,10,15,8113800,3555,0,0,2292
294,5,0,8,17,8145840,3558,0,0,2297
295,8,0,5,20,8193060,3562,0,0,2305
296,6,0,7,18,8206920,3562,0,0,2311
297,7,0,7,18,8240580,3565,0,0,2318
298,8,0,9,16,8251860,3561,0,0,2326
299,12,0,8,17,8293680,3559,0,0,2338
300,8,0,12,13,8311320,3560,0,0,2346
301,7,0,10,15,8349840,3563,0,0,2353
302,14,0,11,14,8386380,3559,0,0,2367
303,8,0,11,14,8408460,3556,0,0,2375
304,5,0,5,20,8443680,3555,0,0,2380
305,7,0,5,20,8469720,3555,0,0,2387
306,14,0,16,9,8480880,3555,0,0,2401
307,12,0,15,10,8525460,3555,0,0,2413
308,15,0,13,12,8582040,3553,0,0,2428
309,7,0,9,16,8631540,3557,0,0,2435
310,6,0,7,18,8667420,3560,0,0,2441
311,6,0,7,18,8690820,3561,0,0,2447
312,3,0,2,23,8728260,3565,0,0,2450
313,3,0,3,22,8733000,3564,0,0,2453
314,3,0,3,22,8743920,3564,0,0,2456
315,7,0,6,19,8757600,3564,0,0,2463
316,4,0,2,23,8786160,3564,0,0,2467
317,4,0,2,23,8794680,3562,0,0,2471
318,7,0,4,21,8804340,3558,0,0,2478
319,5,0,6,19,8813040,3557,0,0,2483
320,11,0,11,14,8834940,3558,0,0,2494
321,9,0,5,20,8879340,3554,0,0,2503
322,8,0,7,18,8896140,3552,0,0,2511
323,5,0,3,22,8915040,3547,0,0,2516
324,8,0,7,18,8930460,3548,0,0,2524
325,5,0,8,17,8945760,3548,0,0,2529
326,7,0,5,20,8975700,3546,0,0,2536
327,12,0,9,16,8997180,3543,0,0,2548
328,11,0,9,16,9032880,3542,0,0,2559
329,9,0,11,14,9051600,3539,0,0,2568
330,4,0,10,15,9078120,3543,0,0,2572
331,11,0,11,14,9122940,3547,0,0,2583
332,8,0,12,13,9171480,3556,0,0,2591
333,9,0,8,17,9218460,3556,0,0,2600
334,5,0,3,22,9257460,3557,0,0,2605
335,10,0,8,17,9269220,3555,0,0,2615
336,5,0,7,18,9290220,3555,0,0,2620
337,7,0,6,19,9310200,3552,0,0,2627
338,12,0,12,13,9326760,3550,0,0,2639
339,24,0,17,8,9375000,3543,0,0,2663
340,25,0,25,0,9430860,3541,1140,0,2688
341,22,4,25,0,9510120,3547,10860,4,2710
342,22,0,15,10,9628200,3543,18060,6,2732
343,46,23,25,0,9673560,3543,22080,7,2778
344,35,39,25,0,9767040,3556,37380,13,2813
345,35,40,25,0,9831120,3564,53760,19,2848
346,36,40,25,0,9960540,3580,117360,41,2884
347,31,40,25,0,10038420,3580,175020,61,2915
348,35,38,25,0,10138440,3586,285480,98,2950
349,28,35,25,0,10224120,3579,391260,134,2978
350,33,39,25,0,10318020,3577,459660,155,3011
351,23,25,25,0,10411980,3565,764040,257,3034
352,28,16,25,0,10507320,3553,1007760,336,3062
353,31,30,25,0,10577760,3556,1019640,336,3093
354,34,40,25,0,10653600,3564,1032840,338,3127
355,28,37,25,0,10759020,3573,1080720,351,3155
356,35,40,25,0,10845540,3571,1185240,382,3190
357,28,38,25,0,10951020,3574,1242780,398,3218
358,35,40,25,0,11002860,3573,1255260,399,3253
359,31,40,25,0,11132700,3579,1342560,422,3284
360,39,39,25,0,11205240,3570,1380960,431,3323
361,27,38,25,0,11295360,3575,1433940,445,3350
362,31,36,25,0,11397060,3576,1478580,455,3381
363,31,40,25,0,11478420,3581,1495920,457,3412
364,29,36,25,0,11579340,3588,1550880,471,3441
365,28,38,25,0,11660160,3588,1564560,472,3469
366,35,40,25,0,11729040,3591,1574340,472,3504
367,31,38,25,0,11820780,3594,1661400,495,3535
368,25,24,25,0,11949600,3590,2458740,728,3560
369,38,32,25,0,12028980,3582,2597280,761,3598
370,28,39,25,0,12116400,3585,2608620,757,3626
371,33,40,25,0,12188040,3587,2638320,762,3659
372,35,39,25,0,12288300,3586,2804580,804,3694
373,37,39,25,0,12360480,3594,2810820,802,3731
374,41,35,25,0,12476880,3589,2889000,817,3772
375,26,40,25,0,12550800,3593,2919480,820,3798
376,34,38,25,0,12621180,3598,2938440,823,3832
377,25,36,25,0,12716880,3606,3014820,840,3857
378,26,36,25,0,12835740,3615,3026460,838,3883
379,29,37,25,0,12928740,3616,3131040,861,3912
380,35,39,25,0,12991680,3608,3180840,868,3947
381,34,35,25,0,13106940,3616,3254280,883,3981
382,31,28,25,0,13201620,3605,3902100,1050,4012
383,27,32,25,0,13286940,3605,3959340,1058,4039
384,26,23,25,0,13390500,3599,4553460,1208,4065
385,37,23,25,0,13473300,3586,4903500,1291,4102
386,29,29,25,0,13552320,3585,4913580,1282,4131
387,25,34,25,0,13643040,3590,4921200,1275,4156
388,39,39,25,0,13724760,3596,4932660,1271,4195
389,26,37,25,0,13804380,3602,4954320,1272,4221
390,28,33,25,0,13937220,3606,5143380,1311,4249
391,39,37,25,0,13999320,3609,5175660,1313,4288
392,31,35,25,0,14100180,3608,5237520,1319,4319
393,37,38,25,0,14187840,3610,5300400,1327,4356
394,27,40,25,0,14238480,3606,5328420,1328,4383
395,35,39,25,0,14359440,3615,5375940,1332,4418
396,39,40,25,0,14435220,3618,5389260,1329,4457
397,30,30,25,0,14546640,3614,5699760,1397,4487
398,30,33,25,0,14631660,3610,6030840,1468,4517
399,33,38,25,0,14727600,3615,6050160,1463,4550
400,31,38,25,0,14822820,3618,6078840,1461,4581
401,39,38,25,0,14900040,3620,6089280,1457,4620
402,28,37,25,0,15001500,3623,6170280,1468,4648
403,29,35,25,0,15105360,3621,6227220,1472,4677
404,35,38,25,0,15173760,3619,6269160,1473,4712
405,39,39,25,0,15249660,3612,6283080,1466,4751
406,30,40,25,0,15333600,3612,6382800,1481,4781
407,19,23,25,0,15461100,3616,7235880,1674,4800
408,27,10,25,0,15544920,3602,7754340,1783,4827
409,34,27,25,0,15607620,3602,7760460,1770,4861
410,40,38,25,0,15706920,3612,7773240,1762,4901
411,29,37,25,0,15773460,3616,7817280,1767,4930
412,25,31,25,0,15913440,3624,7957560,1789,4955
413,28,6,25,0,16002600,3601,8757120,1957,4983
414,31,9,25,0,16079580,3596,8872440,1970,5014
415,25,9,25,0,16164300,3595,8891160,1964,5039
416,28,19,25,0,16246500,3599,8902620,1954,5067
417,26,26,25,0,16344240,3605,8934000,1948,5093
418,29,38,25,0,16433700,3611,8944380,1938,5122
419,31,39,25,0,16523940,3616,8987760,1940,5153
420,33,34,25,0,16627920,3613,9091140,1950,5186
421,33,39,25,0,16698360,3611,9132600,1948,5219
422,27,34,25,0,16794480,3611,9213060,1957,5246
423,26,10,25,0,16913160,3598,9618900,2031,5272
424,29,5,25,0,16993260,3589,9827760,2063,5301
425,33,15,25,0,17067180,3587,9832560,2050,5334
426,29,30,25,0,17135340,3591,9842940,2039,5363
427,33,40,25,0,17207580,3596,9853020,2032,5396
428,35,35,25,0,17339100,3604,9946080,2042,5431
429,36,31,25,0,17437920,3605,10053060,2055,5467
430,34,33,25,0,17521980,3599,10107600,2053,5501
431,29,37,25,0,17613480,3601,10117020,2042,5530
432,32,38,25,0,17686740,3601,10154580,2041,5562
433,23,24,25,0,17794500,3596,10408500,2082,5585
434,30,29,25,0,17878500,3595,10491120,2088,5615
435,34,33,25,0,17970540,3591,10506300,2077,5649
436,32,40,25,0,18043080,3591,10525260,2068,5681
437,36,35,25,0,18150840,3591,10601280,2072,5717
438,34,40,25,0,18238620,3590,10673400,2075,5751
439,32,35,25,0,18322260,3591,10712460,2076,5783
440,35,34,25,0,18426120,3588,10797240,2078,5818
441,37,39,25,0,18497880,3586,10823340,2073,5855
442,36,39,25,0,18607020,3587,10898160,2076,5891
443,31,40,25,0,18677700,3584,10974720,2081,5922
444,35,38,25,0,18762000,3588,10994040,2077,5957
445,31,38,25,0,18870720,3591,11015700,2071,5988
446,27,34,25,0,18954540,3587,11343120,2124,6015
447,28,38,25,0,19022340,3585,11422800,2127,6043
448,25,40,25,0,19122420,3591,11441340,2123,6068
449,30,40,25,0,19223220,3592,11517300,2127,6098
450,24,27,25,0,19318140,3587,12032100,2213,6122
451,33,40,25,0,19396800,3589,12037800,2202,6155
452,31,39,25,0,19484460,3592,12056040,2197,6186
453,20,33,25,0,19586580,3594,12117240,2200,6206
454,30,38,25,0,19659720,3591,12169140,2197,6236
455,26,40,25,0,19756140,3595,12191040,2193,6262
456,32,38,25,0,19846560,3598,12261720,2198,6294
457,29,33,25,0,19959180,3600,12376380,2209,6323
458,33,39,25,0,20042520,3597,12436080,2208,6356
459,28,39,25,0,20095980,3596,12463980,2205,6384
460,28,37,25,0,20204700,3600,12511800,2205,6412
461,37,40,25,0,20286840,3602,12545820,2202,6449
462,33,40,25,0,20396580,3608,12599700,2204,6482
463,32,34,25,0,20494860,3602,12698400,2209,6514
464,33,38,25,0,20574840,3600,12756000,2208,6547
465,27,38,25,0,20655480,3601,12853320,2217,6574
466,33,38,25,0,20776380,3601,12925680,2216,6607
467,30,40,25,0,20821680,3599,12945180,2213,6637
468,22,16,25,0,20944620,3593,14799780,2522,6659
469,36,25,25,0,21024420,3590,14922180,2527,6695
470,37,38,25,0,21086580,3594,14932380,2518,6732
471,19,35,25,0,21182880,3601,14970180,2519,6751
472,41,40,25,0,21288120,3605,15020580,2517,6792
473,25,38,25,0,21369000,3605,15154860,2531,6817
474,33,39,25,0,21484800,3606,15202080,2525,6850
475,31,40,25,0,21568800,3604,15224580,2517,6881
476,29,38,25,0,21628860,3603,15265800,2518,6910
477,30,31,25,0,21754140,3605,15467280,2540,6940
478,36,40,25,0,21826740,3604,15538380,2539,6976
479,30,37,25,0,21921780,3606,15552900,2533,7006
480,38,36,25,0,22035000,3606,15598140,2528,7044
481,30,39,25,0,22087800,3606,15627720,2526,7074
482,28,40,25,0,22197000,3611,15680040,2525,7102
483,35,39,25,0,22259220,3611,15700380,2520,7137
484,33,35,25,0,22384800,3613,15916740,2545,7170
485,19,20,25,0,22454880,3605,17041140,2717,7189
486,29,13,25,0,22565640,3602,17559480,2787,7218
487,38,36,25,0,22627980,3603,17568360,2771,7256
488,40,40,25,0,22694820,3608,17579700,2767,7296
489,25,33,25,0,22838460,3614,17665440,2770,7321
490,37,40,25,0,22916700,3612,17683860,2760,7358
491,28,36,25,0,22990560,3613,17709000,2757,7386
492,39,40,25,0,23099940,3611,17860860,2765,7425
493,34,40,25,0,23166180,3611,17872140,2759,7459
494,20,16,25,0,23289960,3606,18339120,2822,7479
495,32,13,25,0,23370660,3599,18572220,2843,7511
496,33,27,25,0,23445060,3600,18581100,2830,7544
497,32,40,25,0,23514180,3603,18591060,2821,7576
498,36,40,25,0,23628540,3607,18627600,2817,7612
499,29,34,25,0,23733540,3610,18761520,2829,7641
500,25,38,25,0,23811480,3611,18784560,2822,7666
501,35,39,25,0,23887260,3613,18801420,2817,7701
502,33,38,25,0,23991240,3611,18858780,2813,7734
503,22,40,25,0,24067500,3613,18871260,2806,7756
504,18,30,25,0,24150900,3613,19056840,2828,7774
505,10,0,14,11,24272820,3604,19857900,2942,7784
506,3,0,6,19,24335940,3607,19857900,2941,7787
507,3,0,4,21,24365820,3609,19857900,2940,7790
508,10,0,8,17,24386820,3609,19857900,2935,7800
509,5,0,6,19,24410700,3609,19857900,2933,7805
510,2,0,2,23,24431460,3609,19857900,2932,7807
511,7,0,4,21,24448920,3609,19857900,2929,7814
512,8,0,6,19,24461880,3607,19857900,2926,7822
513,13,0,14,11,24478140,3607,19857900,2920,7835
514,5,0,8,17,24518700,3607,19857900,2918,7840
515,13,0,8,17,24560580,3607,19857900,2912,7853
516,8,0,8,17,24591780,3607,19857900,2909,7861
517,10,0,7,18,24626100,3606,19857900,2905,7871
518,8,0,5,20,24656820,3605,19857900,2901,7879
519,10,0,7,18,24681540,3605,19857900,2897,7889
520,12,0,10,15,24701040,3603,19857900,2892,7901
521,9,0,9,16,24735660,3603,19857900,2888,7910
522,7,0,7,18,24775320,3604,19857900,2885,7917
523,4,0,7,18,24786060,3603,19857900,2884,7921
524,7,0,7,18,24819420,3604,19857900,2881,7928
525,11,0,9,16,24853440,3605,19857900,2876,7939
526,9,0,7,18,24881940,3603,19857900,2872,7948
527,6,0,5,20,24920520,3604,19857900,2870,7954
528,8,0,6,19,24939420,3603,19857900,2867,7962
529,8,0,7,18,24955320,3602,19857900,2863,7970
530,6,0,6,19,24974640,3601,19857900,2861,7976
531,7,0,5,20,25006140,3602,19857900,2858,7983
532,7,0,9,16,25015200,3601,19857900,2855,7990
533,3,0,3,22,25054560,3602,19857900,2854,7993
534,3,0,4,21,25058160,3602,19857900,2853,7996
535,7,0,5,20,25076400,3601,19857900,2850,8003
536,13,0,12,13,25088940,3600,19857900,2844,8016
537,8,0,10,15,25123980,3600,19857900,2841,8024
538,10,0,8,17,25188240,3603,19857900,2837,8034
539,5,0,6,19,25214100,3603,19857900,2835,8039
540,9,0,8,17,25238400,3603,19857900,2831,8048
541,9,0,7,18,25274340,3603,19857900,2828,8057
542,12,0,9,16,25299960,3601,19857900,2823,8069
543,8,0,12,13,25315500,3601,19857900,2820,8077
544,10,0,12,13,25357260,3602,19857900,2816,8087
545,11,0,10,15,25405740,3602,19857900,2811,8098
546,6,0,5,20,25442040,3602,19857900,2809,8104
547,12,0,9,16,25464120,3601,19857900,2804,8116
548,5,0,8,17,25478940,3600,19857900,2802,8121
549,7,0,6,19,25518780,3601,19857900,2800,8128
550,10,0,8,17,25553640,3602,19857900,2796,8138
551,6,0,7,18,25578240,3602,19857900,2793,8144
552,8,0,7,18,25612740,3602,19857900,2790,8152
553,4,0,4,21,25637040,3602,19857900,2789,8156
554,4,0,4,21,25658880,3603,19857900,2787,8160
555,4,0,3,22,25672800,3603,19857900,2785,8164
556,7,0,7,18,25681800,3602,19857900,2783,8171
557,5,0,4,21,25705680,3602,19857900,2781,8176
558,8,0,8,17,25716480,3601,19857900,2778,8184
559,6,0,7,18,25742460,3601,19857900,2775,8190
560,11,0,11,14,25770240,3602,19857900,2771,8201
561,7,0,7,18,25793220,3599,19857900,2768,8208
562,14,0,13,12,25821060,3599,19857900,2763,8222
563,13,0,13,12,25867080,3599,19857900,2758,8235
564,12,0,14,11,25915260,3600,19857900,2753,8247
565,13,0,17,8,25960320,3602,19857900,2748,8260
566,11,0,16,9,26020860,3604,19857900,2744,8271
567,12,0,13,12,26079180,3605,19857900,2740,8283
568,8,0,10,15,26129220,3606,19857900,2737,8291
569,12,0,9,16,26176920,3606,19857900,2732,8303
570,8,0,6,19,26211120,3605,19857900,2729,8311
571,9,0,10,15,26227080,3605,19857900,2726,8320
572,6,0,8,17,26267040,3607,19857900,2723,8326
573,9,0,11,14,26292900,3607,19857900,2720,8335
574,7,0,7,18,26332260,3607,19857900,2718,8342
575,9,0,8,17,26359140,3607,19857900,2714,8351
576,6,0,5,20,26385540,3606,19857900,2712,8357
577,9,0,7,18,26412000,3606,19857900,2709,8366
578,4,0,5,20,26425980,3605,19857900,2707,8370
579,4,0,6,19,26447280,3607,19857900,2706,8374
580,6,0,7,18,26459580,3606,19857900,2703,8380
581,3,0,3,22,26489520,3606,19857900,2702,8383
582,8,0,5,20,26509920,3606,19857900,2699,8391
583,4,0,4,21,26517300,3605,19857900,2698,8395
584,5,0,4,21,26535780,3605,19857900,2696,8400
585,7,0,7,18,26550360,3605,19857900,2694,8407
586,6,0,7,18,26569080,3605,19857900,2691,8413
587,10,0,10,15,26594460,3605,19857900,2688,8423
588,7,0,11,14,26619480,3605,19857900,2685,8430
589,12,0,10,15,26669040,3605,19857900,2681,8442
590,12,0,14,11,26703660,3606,19857900,2676,8454
591,13,0,12,13,26747880,3605,19857900,2672,8467
592,7,0,10,15,26780400,3605,19857900,2669,8474
593,11,0,9,16,26825760,3605,19857900,2665,8485
594,13,0,14,11,26847420,3604,19857900,2661,8498
595,10,0,14,11,26884380,3604,19857900,2657,8508
596,6,0,11,14,26926020,3606,19857900,2655,8514
597,7,0,8,17,26975820,3607,19857900,2653,8521
598,11,0,11,14,27005940,3608,19857900,2649,8532
599,6,0,9,16,27031140,3607,19857900,2647,8538
600,6,0,7,18,27062640,3607,19857900,2644,8544
601,3,0,2,23,27104820,3609,19857900,2643,8547
602,3,0,4,21,27111300,3610,19857900,2642,8550
603,7,0,5,20,27129660,3609,19857900,2640,8557
604,9,0,8,17,27143700,3608,19857900,2637,8566
605,11,0,8,17,27160560,3605,19857900,2633,8577
606,11,0,7,18,27201960,3605,19857900,2629,8588
607,10,0,9,16,27217680,3603,19857900,2626,8598
608,10,0,11,14,27243060,3603,19857900,2622,8608
609,13,0,11,14,27293220,3603,19857900,2618,8621
610,8,0,8,17,27325080,3602,19857900,2615,8629
611,13,0,14,11,27352080,3602,19857900,2610,8642
612,8,0,11,14,27381420,3601,19857900,2608,8650
613,12,0,19,6,27403860,3602,19857900,2603,8662
614,15,0,16,9,27470520,3602,19857900,2598,8677
615,12,0,10,15,27543420,3603,19857900,2594,8689
616,13,0,12,13,27591780,3604,19857900,2590,8702
617,5,0,6,19,27624300,3603,19857900,2588,8707
618,8,0,6,19,27652620,3603,19857900,2586,8715
619,8,0,9,16,27669180,3603,19857900,2583,8723
620,6,0,7,18,27695700,3603,19857900,2581,8729
621,5,0,9,16,27716160,3604,19857900,2579,8734
622,5,0,8,17,27754080,3606,19857900,2577,8739
623,4,0,5,20,27785220,3607,19857900,2576,8743
624,4,0,5,20,27806700,3608,19857900,2575,8747
625,6,0,7,18,27824820,3608,19857900,2573,8753
626,5,0,4,21,27850440,3608,19857900,2571,8758
627,6,0,5,20,27867720,3608,19857900,2569,8764
628,10,0,14,11,27869700,3608,19857900,2566,8774
629,7,0,8,17,27905220,3606,19857900,2563,8781
630,6,0,3,22,27948720,3607,19857900,2561,8787
631,6,0,5,20,27964920,3607,19857900,2559,8793
632,14,0,11,14,27980460,3605,19857900,2555,8807
633,9,0,9,16,28008120,3604,19857900,2552,8816
634,11,0,9,16,28047540,3604,19857900,2548,8827
635,12,0,13,12,28088040,3605,19857900,2544,8839
636,12,0,15,10,28128480,3606,19857900,2540,8851
637,19,0,15,10,28183020,3604,19857900,2534,8870
638,9,0,13,12,28218240,3603,19857900,2531,8879
639,8,0,8,17,28285260,3606,19857900,2529,8887
640,7,0,8,17,28306740,3605,19857900,2527,8894
641,6,0,6,19,28340340,3606,19857900,2525,8900
642,11,0,9,16,28359360,3605,19857900,2521,8911
643,10,0,9,16,28398540,3605,19857900,2518,8921
644,12,0,10,15,28425360,3604,19857900,2514,8933
645,8,0,11,14,28440180,3602,19857900,2512,8941
646,6,0,7,18,28492380,3604,19857900,2510,8947
647,5,0,5,20,28518960,3604,19857900,2508,8952
648,9,0,6,19,28539180,3603,19857900,2505,8961
649,6,0,7,18,28553820,3603,19857900,2503,8967
650,7,0,11,14,28567800,3603,19857900,2501,8974
651,3,0,4,21,28617060,3605,19857900,2500,8977
652,7,0,5,20,28639800,3605,19857900,2498,8984
653,2,0,3,22,28655700,3605,19857900,2497,8986
654,8,0,6,19,28672320,3605,19857900,2495,8994
655,6,0,6,19,28688880,3605,19857900,2493,9000
656,9,0,6,19,28705380,3603,19857900,2490,9009
657,13,0,10,15,28723620,3601,19857900,2486,9022
658,5,0,8,17,28749300,3601,19857900,2485,9027
659,11,0,9,16,28780380,3600,19857900,2481,9038
660,12,0,11,14,28814700,3600,19857900,2477,9050
661,14,0,14,11,28841280,3598,19857900,2473,9064
662,9,0,9,16,28901700,3600,19857900,2470,9073
663,12,0,15,10,28923900,3600,19857900,2467,9085
664,11,0,10,15,28996620,3602,19857900,2463,9096
665,6,0,5,20,29024640,3600,19857900,2461,9102
666,14,0,13,12,29049480,3601,19857900,2457,9116
667,6,0,9,16,29079060,3600,19857900,2455,9122
668,7,0,9,16,29122080,3602,19857900,2453,9129
669,4,0,4,21,29166540,3603,19857900,2452,9133
670,3,0,2,23,29179740,3603,19857900,2451,9136
671,6,0,5,20,29193240,3603,19857900,2449,9142
672,6,0,4,21,29204160,3601,19857900,2447,9148
673,4,0,6,19,29205720,3601,19857900,2446,9152
674,7,0,10,15,29211000,3600,19857900,2444,9159
675,10,0,9,16,29235240,3598,19857900,2441,9169
676,11,0,15,10,29250660,3598,19857900,2438,9180
677,6,0,13,12,29286420,3599,19857900,2436,9186
678,9,0,13,12,29323260,3599,19857900,2433,9195
679,8,0,13,12,29353200,3599,19857900,2431,9203
680,11,0,12,13,29388240,3598,19857900,2428,9214
681,15,0,16,9,29415480,3597,19857900,2423,9229
682,8,0,10,15,29467020,3597,19857900,2421,9237
683,13,0,13,12,29486880,3595,19857900,2417,9250
684,13,0,20,5,29510520,3595,19857900,2413,9263
685,13,0,17,8,29567220,3595,19857900,2409,9276
686,8,0,11,14,29621580,3596,19857900,2407,9284
687,7,0,10,15,29660220,3597,19857900,2405,9291
688,17,0,19,6,29673120,3595,19857900,2400,9308
689,8,0,12,13,29732820,3596,19857900,2398,9316
690,11,0,11,14,29772780,3595,19857900,2395,9327
691,10,0,17,8,29785260,3595,19857900,2392,9337
692,12,0,17,8,29826360,3595,19857900,2388,9349
693,7,0,12,13,29877300,3596,19857900,2386,9356
694,4,0,11,14,29905380,3597,19857900,2385,9360
695,6,0,9,16,29943660,3598,19857900,2383,9366
696,5,0,9,16,29962440,3598,19857900,2382,9371
697,3,0,6,19,29985420,3598,19857900,2381,9374
698,6,0,10,15,29996760,3599,19857900,2379,9380
699,3,0,9,16,30017820,3600,19857900,2379,9383
700,6,0,7,18,30043920,3599,19857900,2377,9389
701,7,0,10,15,30059580,3599,19857900,2375,9396
702,6,0,10,15,30081060,3599,19857900,2373,9402
703,9,0,12,13,30108240,3600,19857900,2371,9411
704,9,0,10,15,30140880,3599,19857900,2368,9420
705,11,0,15,10,30159000,3598,19857900,2365,9431
706,11,0,17,8,30195900,3599,19857900,2362,9442
707,3,0,11,14,30245760,3601,19857900,2361,9445
708,7,0,10,15,30280320,3602,19857900,2359,9452
709,15,0,15,10,30318540,3602,19857900,2355,9467
710,11,0,13,12,30353940,3601,19857900,2352,9478
711,12,0,13,12,30399660,3601,19857900,2348,9490
712,10,0,11,14,30439260,3601,19857900,2346,9500
713,9,0,12,13,30476940,3602,19857900,2343,9509
714,7,0,13,12,30492720,3601,19857900,2341,9516
715,6,0,10,15,30535860,3602,19857900,2340,9522
716,9,0,11,14,30573480,3603,19857900,2337,9531
717,4,0,8,17,30597540,3603,19857900,2336,9535
718,3,0,6,19,30615180,3603,19857900,2335,9538
719,2,0,6,19,30618060,3602,19857900,2335,9540
720,3,0,5,20,30633000,3603,19857900,2334,9543
721,4,0,8,17,30635220,3602,19857900,2333,9547
722,6,0,10,15,30649680,3602,19857900,2331,9553
723,5,0,10,15,30664980,3602,19857900,2330,9558
724,5,0,9,16,30692580,3603,19857900,2328,9563
725,6,0,9,16,30720720,3604,19857900,2327,9569
726,8,0,14,11,30725340,3603,19857900,2325,9577
727,7,0,7,18,30781200,3603,19857900,2323,9584
728,7,0,10,15,30795840,3603,19857900,2321,9591
729,11,0,11,14,30828300,3603,19857900,2318,9602
730,6,0,6,19,30861840,3602,19857900,2316,9608
731,12,0,14,11,30879540,3603,19857900,2313,9620
732,12,0,16,9,30907500,3602,19857900,2310,9632
733,14,0,20,5,30949680,3602,19857900,2306,9646
734,12,0,17,8,30999420,3602,19857900,2303,9658
735,10,0,12,13,31063440,3603,19857900,2300,9668
736,13,0,13,12,31097580,3602,19857900,2297,9681
737,12,0,17,8,31125240,3602,19857900,2293,9693
738,9,0,13,12,31156320,3600,19857900,2291,9702
739,7,0,11,14,31207260,3602,19857900,2289,9709
740,8,0,13,12,31229760,3602,19857900,2287,9717
741,6,0,12,13,31272120,3604,19857900,2285,9723
742,3,0,9,16,31302540,3605,19857900,2285,9726
743,3,0,8,17,31321080,3606,19857900,2284,9729
744,3,0,7,18,31348860,3607,19857900,2283,9732
745,10,0,10,15,31367460,3607,19857900,2280,9742
746,3,0,9,16,31390620,3608,19857900,2280,9745
747,1,0,6,19,31411620,3608,19857900,2279,9746
748,8,0,10,15,31430640,3609,19857900,2277,9754
749,9,0,11,14,31454940,3608,19857900,2275,9763
750,5,0,9,16,31481280,3608,19857900,2274,9768
751,13,0,14,11,31511880,3609,19857900,2270,9781
752,7,0,13,12,31538580,3608,19857900,2268,9788
753,7,0,13,12,31567560,3609,19857900,2267,9795
754,13,0,11,14,31611420,3608,19857900,2263,9808
755,8,0,11,14,31633620,3607,19857900,2261,9816
756,10,0,14,11,31656240,3607,19857900,2259,9826
757,13,0,18,7,31676940,3605,19857900,2255,9839
758,5,0,8,17,31733160,3606,19857900,2254,9844
759,13,0,12,13,31756920,3605,19857900,2251,9857
760,5,0,12,13,31774080,3604,19857900,2249,9862
761,10,0,13,12,31805700,3604,19857900,2247,9872
762,10,0,14,11,31832580,3604,19857900,2244,9882
763,5,0,9,16,31867680,3604,19857900,2243,9887
764,9,0,10,15,31883700,3602,19857900,2241,9896
765,6,0,9,16,31909380,3602,19857900,2239,9902
766,4,0,7,18,31942140,3603,19857900,2238,9906
767,7,0,8,17,31957080,3603,19857900,2237,9913
768,4,0,8,17,31977780,3603,19857900,2235,9917
769,6,0,11,14,31990140,3604,19857900,2234,9923
770,8,0,12,13,32015640,3604,19857900,2232,9931
771,4,0,8,17,32048340,3604,19857900,2231,9935
772,4,0,7,18,32070420,3605,19857900,2230,9939
773,11,0,11,14,32089620,3604,19857900,2227,9950
774,9,0,13,12,32104680,3603,19857900,2225,9959
775,6,0,13,12,32142900,3605,19857900,2223,9965
776,8,0,10,15,32181300,3604,19857900,2221,9973
777,2,0,4,21,32217240,3605,19857900,2221,9975
778,4,0,6,19,32220240,3605,19857900,2220,9979
779,17,0,13,12,32242260,3603,19857900,2216,9996
780,8,0,9,16,32275260,3602,19857900,2214,10004
781,22,0,21,4,32299680,3601,19857900,2208,10026
782,15,0,23,2,32332740,3599,19857900,2205,10041
783,8,0,14,11,32404860,3600,19857900,2203,10049
784,10,0,11,14,32467620,3602,19857900,2200,10059
785,9,0,13,12,32496240,3603,19857900,2198,10068
786,7,0,14,11,32516760,3602,19857900,2196,10075
787,17,0,17,8,32563200,3602,19857900,2192,10092
788,4,0,12,13,32596380,3602,19857900,2191,10096
789,4,0,9,16,32630460,3603,19857900,2190,10100
790,4,0,8,17,32653080,3604,19857900,2189,10104
791,6,0,12,13,32662560,3604,19857900,2188,10110
792,4,0,9,16,32689620,3604,19857900,2187,10114
793,9,0,13,12,32712660,3605,19857900,2185,10123
794,4,0,8,17,32751480,3605,19857900,2184,10127
795,6,0,10,15,32771160,3606,19857900,2182,10133
796,9,0,10,15,32804940,3606,19857900,2180,10142
797,10,0,13,12,32826960,3606,19857900,2178,10152
798,7,0,6,19,32872200,3605,19857900,2176,10159
799,10,0,9,16,32893440,3605,19857900,2174,10169
800,13,0,18,7,32904600,3604,19857900,2171,10182
801,9,0,14,11,32934540,3602,19857900,2169,10191
802,11,0,13,12,33001980,3605,19857900,2166,10202
803,6,0,9,16,33028500,3604,19857900,2165,10208
804,8,0,10,15,33063960,3605,19857900,2163,10216
805,12,0,14,11,33081900,3604,19857900,2160,10228
806,3,0,10,15,33115440,3605,19857900,2159,10231
807,11,0,10,15,33141300,3603,19857900,2157,10242
808,7,0,7,18,33183300,3604,19857900,2155,10249
809,8,0,8,17,33207180,3604,19857900,2153,10257
810,13,0,16,9,33221520,3603,19857900,2150,10270
811,8,0,16,9,33240000,3602,19857900,2148,10278
812,6,0,9,16,33307440,3605,19857900,2147,10284
813,10,0,12,13,33321420,3603,19857900,2144,10294
814,7,0,12,13,33345360,3603,19857900,2143,10301
815,6,0,8,17,33385080,3604,19857900,2141,10307
816,7,0,11,14,33401040,3604,19857900,2140,10314
817,7,0,14,11,33411360,3603,19857900,2138,10321
818,6,0,14,11,33431220,3603,19857900,2137,10327
819,5,0,8,17,33500760,3606,19857900,2136,10332
820,4,0,9,16,33516300,3607,19857900,2135,10336
821,13,0,11,14,33540960,3605,19857900,2132,10349
822,8,0,12,13,33560640,3605,19857900,2130,10357
823,6,0,10,15,33584340,3604,19857900,2129,10363
824,7,0,8,17,33603600,3603,19857900,2127,10370
825,11,0,13,12,33628200,3603,19857900,2124,10381
826,12,0,11,14,33662940,3601,19857900,2122,10393
827,12,0,14,11,33693780,3601,19857900,2119,10405
828,10,0,16,9,33717780,3601,19857900,2117,10415
829,16,0,18,7,33761580,3600,19857900,2113,10431
830,12,0,17,8,33815220,3601,19857900,2110,10443
831,18,0,20,5,33867480,3601,19857900,2106,10461
832,14,0,19,6,33919200,3600,19857900,2103,10475
833,14,0,17,8,33981000,3601,19857900,2100,10489
834,12,0,15,10,34032900,3601,19857900,2098,10501
835,10,0,15,10,34081140,3602,19857900,2095,10511
836,9,0,17,8,34120980,3604,19857900,2093,10520
837,6,0,8,17,34165320,3603,19857900,2092,10526
838,11,0,11,14,34197360,3603,19857900,2090,10537
839,5,0,9,16,34225680,3603,19857900,2088,10542
840,7,0,12,13,34243140,3604,19857900,2087,10549
841,8,0,12,13,34289280,3605,19857900,2085,10557
842,3,0,8,17,34307640,3605,19857900,2085,10560
843,2,0,4,21,34338600,3606,19857900,2084,10562
844,3,0,5,20,34346880,3606,19857900,2083,10565
845,7,0,8,17,34356180,3605,19857900,2082,10572
846,9,0,12,13,34372980,3605,19857900,2080,10581
847,7,0,9,16,34400100,3604,19857900,2078,10588
848,10,0,10,15,34425660,3604,19857900,2076,10598
849,10,0,15,10,34447080,3604,19857900,2074,10608
850,11,0,17,8,34478280,3604,19857900,2072,10619
851,9,0,15,10,34527180,3605,19857900,2070,10628
852,11,0,17,8,34561200,3605,19857900,2067,10639
853,9,0,11,14,34616640,3605,19857900,2065,10648
854,9,0,12,13,34659120,3606,19857900,2064,10657
855,12,0,17,8,34679880,3606,19857900,2061,10669
856,12,0,15,10,34731840,3606,19857900,2058,10681
857,8,0,14,11,34769880,3607,19857900,2057,10689
858,10,0,13,12,34814040,3607,19857900,2055,10699
859,6,0,12,13,34841580,3607,19857900,2053,10705
860,4,0,5,20,34885860,3608,19857900,2052,10709
861,6,0,6,19,34900200,3608,19857900,2051,10715
862,6,0,6,19,34914300,3607,19857900,2050,10721
863,8,0,10,15,34918740,3606,19857900,2048,10729
864,2,0,6,19,34939860,3606,19857900,2048,10731
865,7,0,7,18,34960500,3606,19857900,2046,10738
866,11,0,11,14,34973280,3604,19857900,2044,10749
867,4,0,8,17,35002620,3605,19857900,2043,10753
868,5,0,10,15,35021280,3605,19857900,2042,10758
869,7,0,11,14,35045280,3606,19857900,2041,10765
870,4,0,10,15,35063100,3606,19857900,2040,10769
871,10,0,12,13,35100180,3607,19857900,2038,10779
872,4,0,10,15,35121780,3607,19857900,2037,10783
873,5,0,8,17,35158260,3608,19857900,2036,10788
874,7,0,9,16,35177220,3607,19857900,2034,10795
875,12,0,11,14,35205240,3607,19857900,2032,10807
876,13,0,14,11,35228820,3605,19857900,2029,10820
877,17,0,18,7,35263320,3604,19857900,2026,10837
878,14,0,18,7,35319720,3605,19857900,2023,10851
879,10,0,15,10,35374560,3605,19857900,2021,10861
880,10,0,13,12,35413080,3605,19857900,2019,10871
881,10,0,10,15,35467860,3606,19857900,2017,10881
882,11,0,12,13,35500620,3606,19857900,2014,10892
883,6,0,10,15,35529120,3606,19857900,2013,10898
884,9,0,12,13,35552340,3606,19857900,2011,10907
885,5,0,11,14,35580060,3606,19857900,2010,10912
886,4,0,8,17,35608620,3607,19857900,2009,10916
887,6,0,7,18,35637600,3607,19857900,2008,10922
888,3,0,8,17,35645760,3607,19857900,2008,10925
889,2,0,8,17,35654580,3607,19857900,2007,10927
890,4,0,6,19,35684520,3608,19857900,2006,10931
891,4,0,6,19,35702400,3608,19857900,2006,10935
892,8,0,11,14,35709000,3608,19857900,2004,10943
893,8,0,10,15,35741040,3608,19857900,2002,10951
894,6,0,11,14,35762940,3608,19857900,2001,10957
895,12,0,15,10,35790960,3608,19857900,1999,10969
896,11,0,13,12,35822940,3607,19857900,1996,10980
897,12,0,14,11,35863560,3607,19857900,1994,10992
898,11,0,12,13,35903760,3606,19857900,1992,11003
899,18,0,15,10,35953440,3606,19857900,1988,11021
900,12,0,17,8,35977320,3604,19857900,1986,11033
901,10,0,13,12,36039900,3606,19857900,1984,11043
902,8,0,10,15,36078000,3605,19857900,1982,11051
903,8,0,11,14,36099180,3605,19857900,1981,11059
904,8,0,10,15,36132540,3605,19857900,1979,11067
905,14,0,14,11,36152760,3604,19857900,1976,11081
906,8,0,11,14,36190620,3603,19857900,1975,11089
907,10,0,13,12,36220140,3603,19857900,1973,11099
908,6,0,14,11,36244500,3604,19857900,1972,11105
909,7,0,13,12,36285780,3605,19857900,1970,11112
910,9,0,10,15,36335760,3606,19857900,1969,11121
911,6,0,14,11,36344640,3606,19857900,1967,11127
912,6,0,10,15,36385860,3607,19857900,1966,11133
913,7,0,8,17,36423480,3607,19857900,1965,11140
914,2,0,4,21,36442800,3607,19857900,1964,11142
915,7,0,9,16,36448320,3607,19857900,1963,11149
916,6,0,8,17,36464640,3606,19857900,1962,11155
917,5,0,9,16,36480060,3606,19857900,1961,11160
918,2,0,7,18,36497940,3606,19857900,1961,11162
919,6,0,10,15,36511020,3607,19857900,1959,11168
920,9,0,10,15,36535140,3606,19857900,1958,11177
921,15,0,16,9,36558900,3605,19857900,1955,11192
922,9,0,16,9,36589380,3605,19857900,1953,11201
923,10,0,13,12,36655800,3607,19857900,1951,11211
924,11,0,14,11,36682020,3606,19857900,1949,11222
925,12,0,14,11,36731700,3606,19857900,1947,11234
926,6,0,16,9,36746520,3606,19857900,1946,11240
927,10,0,14,11,36812100,3609,19857900,1944,11250
928,6,0,11,14,36850140,3609,19857900,1943,11256
929,5,0,9,16,36878520,3609,19857900,1942,11261
930,8,0,12,13,36895980,3609,19857900,1940,11269
931,7,0,9,16,36925740,3609,19857900,1939,11276
932,5,0,9,16,36945960,3609,19857900,1938,11281
933,7,0,8,17,36982560,3610,19857900,1936,11288
934,5,0,10,15,36994980,3610,19857900,1936,11293
935,9,0,14,11,37007820,3609,19857900,1934,11302
936,1,0,7,18,37049880,3611,19857900,1934,11303
937,2,0,4,21,37079820,3612,19857900,1933,11305
938,4,0,7,18,37080720,3611,19857900,1933,11309
939,4,0,6,19,37093740,3611,19857900,1932,11313
940,7,0,10,15,37102560,3611,19857900,1930,11320
941,7,0,11,14,37119480,3610,19857900,1929,11327
942,9,0,10,15,37146540,3609,19857900,1927,11336
943,5,0,10,15,37166280,3610,19857900,1927,11341
944,16,0,15,10,37204020,3609,19857900,1924,11357
945,9,0,17,8,37225920,3609,19857900,1922,11366
946,9,0,14,11,37277640,3610,19857900,1920,11375
947,7,0,11,14,37325160,3611,19857900,1919,11382
948,8,0,10,15,37356540,3611,19857900,1917,11390
949,11,0,14,11,37392000,3612,19857900,1915,11401
950,8,0,9,16,37417200,3610,19857900,1914,11409
951,8,0,9,16,37450500,3610,19857900,1912,11417
952,9,0,15,10,37457400,3610,19857900,1911,11426
953,14,0,14,11,37510800,3610,19857900,1908,11440
954,5,0,10,15,37555980,3611,19857900,1907,11445
955,6,0,8,17,37588620,3611,19857900,1906,11451
956,12,0,11,14,37623120,3612,19857900,1904,11463
957,7,0,9,16,37646580,3611,19857900,1903,11470
958,14,0,16,9,37668660,3610,19857900,1900,11484
959,5,0,10,15,37714680,3611,19857900,1899,11489
960,3,0,7,18,37743540,3612,19857900,1899,11492
961,5,0,5,20,37774260,3612,19857900,1898,11497
962,2,0,6,19,37778940,3612,19857900,1897,11499
963,3,0,5,20,37795260,3612,19857900,1897,11502
964,4,0,7,18,37798380,3612,19857900,1896,11506
965,5,0,9,16,37809540,3612,19857900,1895,11511
966,4,0,9,16,37824960,3612,19857900,1895,11515
967,5,0,7,18,37851240,3612,19857900,1894,11520
968,10,0,14,11,37857420,3612,19857900,1892,11530
969,15,0,17,8,37903140,3612,19857900,1889,11545
970,16,0,19,6,37963080,3613,19857900,1886,11561
971,10,0,14,11,38028720,3614,19857900,1884,11571
972,12,0,17,8,38059380,3614,19857900,1882,11583
973,12,0,19,6,38107920,3615,19857900,1880,11595
974,13,0,14,11,38179860,3616,19857900,1878,11608
975,5,0,13,12,38206500,3616,19857900,1877,11613
976,8,0,10,15,38249700,3616,19857900,1876,11621
977,7,0,7,18,38276280,3616,19857900,1874,11628
978,14,0,16,9,38283720,3615,19857900,1872,11642
979,9,0,13,12,38317680,3614,19857900,1870,11651
980,8,0,12,13,38353080,3614,19857900,1869,11659
981,5,0,10,15,38395560,3616,19857900,1868,11664
982,2,0,4,21,38426640,3616,19857900,1868,11666
983,3,0,6,19,38427540,3616,19857900,1867,11669
984,2,0,5,20,38443200,3616,19857900,1867,11671
985,9,0,12,13,38446140,3616,19857900,1865,11680
986,5,0,9,16,38468640,3615,19857900,1864,11685
987,5,0,8,17,38485080,3614,19857900,1863,11690
988,2,0,7,18,38500200,3615,19857900,1863,11692
989,12,0,8,17,38532900,3614,19857900,1861,11704
990,9,0,11,14,38549880,3614,19857900,1859,11713
991,10,0,12,13,38579940,3614,19857900,1858,11723
992,12,0,12,13,38607660,3612,19857900,1856,11735
993,3,0,12,13,38622000,3612,19857900,1855,11738
994,12,0,12,13,38676240,3613,19857900,1853,11750
995,6,0,7,18,38718120,3614,19857900,1852,11756
996,11,0,11,14,38746980,3614,19857900,1850,11767
997,13,0,12,13,38771340,3612,19857900,1848,11780
998,10,0,14,11,38815800,3614,19857900,1846,11790
999,9,0,18,7,38830020,3613,19857900,1845,11799
1000,14,0,16,9,38888160,3613,19857900,1842,11813
1001,12,0,16,9,38939760,3614,19857900,1840,11825
1002,13,0,12,13,38999460,3614,19857900,1838,11838
1003,1,0,6,19,39035400,3615,19857900,1838,11839
1004,4,0,6,19,39059880,3616,19857900,1837,11843
1005,3,0,7,18,39067200,3616,19857900,1836,11846
1006,9,0,11,14,39079920,3615,19857900,1835,11855
1007,7,0,12,13,39098880,3615,19857900,1834,11862
1008,6,0,8,17,39136380,3615,19857900,1833,11868
1009,9,0,16,9,39143760,3616,19857900,1831,11877
1010,9,0,12,13,39196740,3616,19857900,1830,11886
1011,19,0,17,8,39237780,3615,19857900,1827,11905
1012,21,0,24,1,39276720,3614,19858260,1823,11926
1013,30,13,25,0,39365940,3617,19867680,1819,11956
1014,29,25,25,0,39437280,3618,19875900,1815,11985
1015,24,31,25,0,39530760,3621,19899240,1813,12009
1016,34,37,25,0,39615900,3622,19910760,1810,12043
1017,35,40,25,0,39680340,3624,19971660,1813,12078
1018,22,39,25,0,39766860,3625,19995360,1812,12100
1019,29,38,25,0,39863280,3625,20026500,1811,12129
1020,41,40,25,0,39898800,3624,20039640,1809,12170
1021,31,28,25,0,40021920,3624,20263980,1826,12201
1022,22,28,25,0,40079640,3622,20359680,1831,12223
1023,30,36,25,0,40163220,3622,20376180,1828,12253
1024,29,39,25,0,40236780,3621,20480460,1832,12282
1025,29,40,25,0,40295220,3621,20528460,1834,12311
1026,33,40,25,0,40375200,3623,20540460,1832,12344
1027,28,40,25,0,40458900,3623,20584320,1833,12372
1028,25,36,25,0,40562700,3623,20754840,1844,12397
1029,33,40,25,0,40621260,3624,20761980,1842,12430
1030,33,39,25,0,40698660,3627,20782260,1841,12463
1031,23,36,25,0,40797180,3627,20944140,1852,12486
1032,34,39,25,0,40872780,3628,20950260,1849,12520
1033,33,40,25,0,40946100,3628,20997120,1849,12553
1034,33,38,25,0,41016420,3627,21032040,1849,12586
1035,29,39,25,0,41110920,3630,21050940,1848,12615
1036,31,40,25,0,41189460,3628,21090840,1847,12646
1037,35,40,25,0,41257800,3629,21125820,1847,12681
1038,31,33,25,0,41355120,3628,21323280,1861,12712
1039,30,40,25,0,41401920,3629,21330180,1859,12742
1040,40,40,25,0,41471340,3630,21351300,1858,12782
1041,38,34,25,0,41609280,3631,21505740,1867,12820
1042,26,31,25,0,41670900,3627,22156860,1919,12846
1043,36,39,25,0,41743380,3628,22168620,1916,12882
1044,38,40,25,0,41802300,3629,22178520,1914,12920
1045,44,40,25,0,41908860,3631,22201320,1913,12964
1046,38,39,25,0,41971020,3631,22280100,1917,13002
1047,38,40,25,0,42046140,3631,22323120,1917,13040
1048,24,40,25,0,42123300,3631,22367820,1918,13064
1049,31,36,25,0,42217440,3631,22426560,1919,13095
1050,32,39,25,0,42282240,3630,22481520,1920,13127
1051,45,40,25,0,42391920,3630,22520880,1918,13172
1052,28,39,25,0,42444240,3629,22585740,1920,13200
1053,26,36,25,0,42516240,3630,22627620,1921,13226
1054,24,33,25,0,42612540,3629,23016840,1951,13250
1055,28,35,25,0,42692220,3630,23089680,1953,13278
1056,37,39,25,0,42758640,3630,23214960,1960,13315
1057,30,38,25,0,42832860,3631,23251800,1960,13345
1058,34,39,25,0,42921420,3634,23284500,1960,13379
1059,42,40,25,0,43009020,3633,23386140,1965,13421
1060,23,35,25,0,43086480,3632,23485440,1970,13444
1061,24,38,25,0,43158360,3631,23541600,1970,13468
1062,23,37,25,0,43243560,3633,23583000,1971,13491
1063,30,38,25,0,43344900,3633,23740140,1979,13521
1064,28,40,25,0,43393620,3633,23750040,1978,13549
1065,19,30,25,0,43502280,3635,24033960,1999,13568
1066,36,38,25,0,43558440,3633,24193020,2007,13604
1067,34,39,25,0,43628940,3635,24210360,2006,13638
1068,21,17,25,0,43744140,3631,25972260,2148,13659
1069,29,21,25,0,43805280,3629,26229600,2165,13688
1070,32,35,25,0,43880340,3630,26238240,2159,13720
1071,36,40,25,0,43935180,3631,26245260,2157,13756
1072,34,39,25,0,44017860,3634,26313780,2161,13790
1073,29,38,25,0,44107020,3635,26371320,2162,13819
1074,25,37,25,0,44195040,3637,26386920,2160,13844
1075,33,40,25,0,44274780,3636,26396940,2156,13877
1076,31,39,25,0,44350860,3636,26452080,2157,13908
1077,28,31,25,0,44448780,3634,26895300,2188,13936
1078,20,19,25,0,44525880,3630,27589080,2241,13956
1079,35,33,25,0,44597640,3630,27598860,2236,13991
1080,29,39,25,0,44677440,3632,27616020,2234,14020
1081,31,37,25,0,44747580,3635,27689640,2238,14051
1082,32,40,25,0,44830020,3634,27808080,2242,14083
1083,35,37,25,0,44911680,3635,27854460,2243,14118
1084,34,40,25,0,44986680,3635,27865740,2240,14152
1085,28,38,25,0,45066420,3634,27971100,2244,14180
1086,29,39,25,0,45140160,3635,27985740,2242,14209
1087,31,37,25,0,45236940,3635,28038780,2242,14240
1088,24,33,25,0,45321240,3634,28202040,2251,14264
1089,30,37,25,0,45392940,3632,28434600,2264,14294
1090,27,31,25,0,45479160,3632,28564920,2271,14321
1091,26,26,25,0,45547920,3629,28889700,2292,14347
1092,30,40,25,0,45615780,3630,28894800,2287,14377
1093,28,40,25,0,45684780,3632,28911600,2287,14405
1094,30,36,25,0,45788880,3634,28951080,2286,14435
1095,39,40,25,0,45877980,3632,29095560,2292,14474
1096,25,36,25,0,45942360,3632,29140500,2293,14499
1097,29,39,25,0,46016220,3631,29189580,2292,14528
1098,38,39,25,0,46094520,3632,29202180,2289,14566
1099,35,40,25,0,46183500,3633,29232540,2288,14601
1100,27,35,25,0,46256760,3632,29356200,2294,14628
1101,25,37,25,0,46344240,3632,29391720,2292,14653
1102,32,40,25,0,46391940,3633,29397000,2290,14685
1103,35,38,25,0,46483020,3633,29472660,2292,14720
1104,26,32,25,0,46579620,3634,29579940,2297,14746
1105,41,40,25,0,46657920,3634,29611680,2295,14787
1106,22,35,25,0,46706520,3634,29704680,2300,14809
1107,30,31,25,0,46818840,3633,30552900,2361,14839
1108,31,39,25,0,46879500,3634,30559800,2357,14870
1109,34,40,25,0,46978560,3635,30589080,2355,14904
1110,34,39,25,0,47036580,3635,30661080,2358,14938
1111,29,34,25,0,47137260,3635,30882000,2371,14967
1112,27,40,25,0,47195100,3635,30895680,2368,14994
1113,33,33,25,0,47309520,3635,31001820,2372,15027
1114,35,38,25,0,47361000,3635,31021620,2369,15062
1115,36,39,25,0,47411340,3636,31035180,2368,15098
1116,35,38,25,0,47518680,3634,31282680,2381,15133
1117,23,40,25,0,47599320,3636,31289580,2378,15156
1118,27,36,25,0,47686680,3635,31368300,2380,15183
1119,30,40,25,0,47751060,3636,31392180,2379,15213
1120,33,34,25,0,47855880,3637,31458120,2380,15246
1121,29,38,25,0,47921340,3636,31494840,2378,15275
1122,40,40,25,0,47973840,3636,31504500,2376,15315
1123,28,33,25,0,48079920,3636,31624260,2381,15343
1124,38,39,25,0,48152040,3636,31665600,2379,15381
1125,20,40,25,0,48224640,3637,31684440,2378,15401
1126,28,39,25,0,48308040,3638,31797420,2383,15429
1127,30,37,25,0,48398460,3637,31827000,2381,15459
1128,33,40,25,0,48454080,3638,31880400,2382,15492
1129,31,39,25,0,48557820,3639,31910700,2380,15523
1130,36,39,25,0,48646140,3640,31943820,2379,15559
1131,21,17,25,0,48730020,3634,34121520,2537,15580
1132,34,26,25,0,48802260,3633,34547580,2562,15614
1133,34,40,25,0,48870540,3634,34557960,2557,15648
1134,26,35,25,0,48946200,3635,34588800,2557,15674
1135,33,40,25,0,49033680,3637,34613280,2555,15707
1136,35,38,25,0,49113900,3636,34675920,2555,15742
1137,34,40,25,0,49192860,3635,34722180,2554,15776
1138,26,37,25,0,49251420,3635,34781580,2555,15802
1139,36,40,25,0,49321080,3635,34818240,2554,15838
1140,37,40,25,0,49404540,3635,34852020,2552,15875
1141,26,40,25,0,49498680,3636,34878540,2550,15901
1142,31,39,25,0,49585080,3637,34967040,2553,15932
1143,25,40,25,0,49666980,3637,35005800,2552,15957
1144,35,40,25,0,49725600,3637,35014260,2549,15992
1145,35,39,25,0,49823760,3636,35085660,2549,16027
1146,29,32,25,0,49917780,3635,35268060,2557,16056
1147,26,40,25,0,49968540,3634,35328240,2558,16082
1148,36,37,25,0,50045700,3635,35375340,2558,16118
1149,32,38,25,0,50133240,3635,35389020,2554,16150
1150,36,38,25,0,50210700,3635,35442840,2554,16186
1151,22,31,25,0,50304120,3634,36021960,2592,16208
1152,28,40,25,0,50360280,3635,36030660,2588,16236
1153,32,39,25,0,50427960,3636,36053340,2587,16268
1154,30,40,25,0,50523180,3638,36146100,2591,16298
1155,33,39,25,0,50601900,3638,36205260,2591,16331
1156,23,23,25,0,50698680,3637,37263300,2664,16354
1157,27,22,25,0,50784600,3636,37897800,2704,16381
1158,28,20,25,0,50855580,3633,38255040,2725,16409
1159,38,40,25,0,50923920,3633,38264580,2718,16447
1160,31,40,25,0,50994840,3635,38287560,2717,16478
1161,32,40,25,0,51082440,3638,38324580,2717,16510
1162,39,40,25,0,51163560,3639,38413440,2719,16549
1163,36,40,25,0,51233580,3640,38423040,2717,16585
1164,28,38,25,0,51340740,3640,38693040,2731,16613
1165,36,40,25,0,51397740,3641,38706960,2729,16649
1166,24,35,25,0,51475800,3640,38784060,2731,16673
1167,32,40,25,0,51568200,3640,38915280,2735,16705
1168,32,37,25,0,51655440,3640,38964480,2734,16737
1169,31,38,25,0,51704220,3639,39028920,2735,16768
1170,26,34,25,0,51791400,3641,39084720,2736,16794
1171,34,40,25,0,51870840,3642,39112560,2733,16828
1172,24,36,25,0,51969840,3643,39142860,2732,16852
1173,34,40,25,0,52028820,3644,39165600,2731,16886
1174,22,29,25,0,52136760,3643,39537300,2753,16908
1175,27,35,25,0,52191540,3642,39783480,2765,16935
1176,19,38,25,0,52255620,3642,39808800,2763,16954
1177,5,18,25,0,52347780,3642,40698720,2823,16959
1178,7,0,12,13,52443480,3639,41381700,2869,16966
1179,7,0,13,12,52463880,3639,41381700,2868,16973
1180,5,0,11,14,52501080,3640,41381700,2867,16978
1181,6,0,10,15,52542060,3641,41381700,2866,16984
1182,5,0,9,16,52562460,3641,41381700,2865,16989
1183,11,0,13,12,52593060,3641,41381700,2862,17000
1184,10,0,12,13,52638660,3642,41381700,2861,17010
1185,7,0,10,15,52666080,3641,41381700,2859,17017
1186,11,0,14,11,52704720,3642,41381700,2857,17028
1187,11,0,15,10,52735920,3642,41381700,2855,17039
1188,5,0,9,16,52780200,3642,41381700,2854,17044
1189,11,0,13,12,52799160,3642,41381700,2852,17055
1190,8,0,13,12,52830840,3642,41381700,2850,17063
1191,9,0,14,11,52858680,3642,41381700,2848,17072
1192,9,0,13,12,52893840,3642,41381700,2847,17081
1193,12,0,15,10,52927980,3642,41381700,2844,17093
1194,4,0,10,15,52974900,3643,41381700,2843,17097
1195,5,0,7,18,53006580,3643,41381700,2842,17102
1196,5,0,7,18,53024880,3643,41381700,2841,17107
1197,7,0,7,18,53053560,3643,41381700,2840,17114
1198,12,0,11,14,53066400,3642,41381700,2838,17126
1199,5,0,7,18,53103840,3642,41381700,2837,17131
1200,9,0,11,14,53112960,3642,41381700,2835,17140
1201,4,0,10,15,53137200,3642,41381700,2834,17144
1202,4,0,6,19,53165820,3642,41381700,2833,17148
1203,8,0,11,14,53178120,3642,41381700,2832,17156
1204,6,0,10,15,53208480,3642,41381700,2831,17162
1205,3,0,6,19,53244300,3643,41381700,2830,17165
1206,5,0,8,17,53256180,3643,41381700,2829,17170
1207,6,0,8,17,53273280,3643,41381700,2828,17176
1208,8,0,10,15,53295000,3643,41381700,2827,17184
1209,6,0,8,17,53326200,3643,41381700,2825,17190
1210,11,0,13,12,53343000,3643,41381700,2823,17201
1211,10,0,12,13,53374080,3642,41381700,2821,17211
1212,6,0,8,17,53413740,3642,41381700,2820,17217
1213,11,0,12,13,53432400,3642,41381700,2818,17228
1214,12,0,18,7,53454180,3642,41381700,2816,17240
1215,14,0,12,13,53525100,3642,41381700,2813,17254
1216,8,0,9,16,53560560,3641,41381700,2812,17262
1217,6,0,11,14,53586180,3642,41381700,2810,17268
1218,6,0,8,17,53602140,3641,41381700,2809,17274
1219,7,0,9,16,53633580,3642,41381700,2808,17281
1220,8,0,11,14,53644020,3641,41381700,2806,17289
1221,6,0,11,14,53665560,3641,41381700,2805,17295
1222,12,0,14,11,53690820,3640,41381700,2803,17307
1223,10,0,15,10,53726640,3641,41381700,2801,17317
1224,7,0,10,15,53773680,3641,41381700,2800,17324
1225,9,0,12,13,53805120,3641,41381700,2798,17333
1226,11,0,11,14,53834460,3640,41381700,2796,17344
1227,2,0,9,16,53847360,3640,41381700,2796,17346
1228,9,0,7,18,53889720,3640,41381700,2794,17355
1229,9,0,11,14,53901180,3640,41381700,2792,17364
1230,6,0,9,16,53929020,3640,41381700,2791,17370
1231,5,0,8,17,53948820,3640,41381700,2790,17375
1232,7,0,10,15,53970000,3640,41381700,2789,17382
1233,9,0,13,12,53983440,3639,41381700,2787,17391
1234,7,0,12,13,54011340,3639,41381700,2786,17398
1235,8,0,10,15,54051180,3639,41381700,2784,17406
1236,12,0,10,15,54083580,3639,41381700,2782,17418
1237,11,0,16,9,54102120,3639,41381700,2780,17429
1238,13,0,13,12,54147060,3638,41381700,2778,17442
1239,11,0,13,12,54182880,3637,41381700,2775,17453
1240,11,0,15,10,54203760,3637,41381700,2773,17464
1241,14,0,20,5,54246660,3637,41381700,2771,17478
1242,11,0,20,5,54290220,3638,41381700,2769,17489
1243,10,0,18,7,54354480,3639,41381700,2767,17499
1244,9,0,15,10,54409860,3640,41381700,2765,17508
1245,4,0,7,18,54464040,3640,41381700,2765,17512
1246,8,0,11,14,54479520,3640,41381700,2763,17520
1247,4,0,10,15,54490380,3640,41381700,2762,17524
1248,4,0,7,18,54523380,3640,41381700,2762,17528
1249,4,0,10,15,54534540,3641,41381700,2761,17532
1250,6,0,10,15,54568260,3642,41381700,2760,17538
1251,6,0,10,15,54594480,3642,41381700,2759,17544
1252,10,0,12,13,54618780,3642,41381700,2757,17554
1253,6,0,11,14,54643800,3642,41381700,2756,17560
1254,7,0,10,15,54676440,3642,41381700,2754,17567
1255,7,0,8,17,54700680,3641,41381700,2753,17574
1256,5,0,9,16,54712080,3641,41381700,2752,17579
1257,7,0,8,17,54734760,3641,41381700,2751,17586
1258,4,0,9,16,54745800,3641,41381700,2750,17590
1259,13,0,15,10,54770880,3641,41381700,2748,17603
1260,20,0,18,7,54814080,3639,41381700,2744,17623
1261,12,0,16,9,54860880,3639,41381700,2742,17635
1262,9,0,12,13,54912960,3639,41381700,2740,17644
1263,13,0,13,12,54956220,3639,41381700,2738,17657
1264,6,0,14,11,54974220,3639,41381700,2737,17663
1265,8,0,8,17,55034040,3640,41381700,2735,17671
1266,6,0,10,15,55041960,3640,41381700,2734,17677
1267,5,0,9,16,55065120,3640,41381700,2733,17682
1268,10,0,12,13,55083240,3639,41381700,2732,17692
1269,8,0,15,10,55102380,3639,41381700,2730,17700
1270,5,0,9,16,55156740,3640,41381700,2729,17705
1271,4,0,11,14,55167000,3640,41381700,2729,17709
1272,9,0,13,12,55200840,3641,41381700,2727,17718
1273,8,0,11,14,55235160,3641,41381700,2726,17726
1274,3,0,8,17,55264440,3641,41381700,2725,17729
1275,4,0,6,19,55281180,3641,41381700,2724,17733
1276,3,0,6,19,55299120,3641,41381700,2724,17736
1277,9,0,10,15,55310520,3641,41381700,2722,17745
1278,8,0,14,11,55323660,3641,41381700,2721,17753
1279,9,0,7,18,55373520,3640,41381700,2719,17762
1280,9,0,10,15,55393020,3640,41381700,2718,17771
1281,11,0,12,13,55420680,3640,41381700,2716,17782
1282,3,0,8,17,55441500,3640,41381700,2715,17785
1283,15,0,18,7,55461060,3640,41381700,2712,17800
1284,18,0,20,5,55509120,3639,41381700,2709,17818
1285,16,0,18,7,55550880,3637,41381700,2706,17834
1286,14,0,16,9,55600740,3637,41381700,2704,17848
1287,7,0,12,13,55648680,3637,41381700,2703,17855
1288,14,0,16,9,55682460,3637,41381700,2700,17869
1289,11,0,11,14,55728180,3636,41381700,2698,17880
1290,6,0,11,14,55752120,3637,41381700,2697,17886
1291,5,0,11,14,55777800,3637,41381700,2696,17891
1292,7,0,9,16,55812540,3637,41381700,2695,17898
1293,7,0,10,15,55834680,3637,41381700,2694,17905
1294,6,0,10,15,55860060,3637,41381700,2693,17911
1295,8,0,8,17,55898160,3638,41381700,2691,17919
1296,6,0,10,15,55913520,3638,41381700,2690,17925
1297,4,0,8,17,55940880,3638,41381700,2690,17929
1298,3,0,7,18,55956720,3638,41381700,2689,17932
1299,5,0,10,15,55965240,3638,41381700,2688,17937
1300,2,0,8,17,55980900,3638,41381700,2688,17939
1301,10,0,12,13,56015820,3639,41381700,2686,17949
1302,14,0,21,4,56025840,3638,41381700,2684,17963
1303,5,0,15,10,56073600,3639,41381700,2683,17968
1304,7,0,9,16,56136180,3640,41381700,2682,17975
1305,8,0,10,15,56160600,3640,41381700,2680,17983
1306,9,0,12,13,56177820,3639,41381700,2679,17992
1307,10,0,10,15,56215860,3639,41381700,2677,18002
1308,14,0,16,9,56246460,3639,41381700,2674,18016
1309,14,0,22,3,56275080,3639,41381700,2672,18030
1310,12,0,16,9,56329260,3638,41381700,2670,18042
1311,13,0,13,12,56385180,3638,41381700,2668,18055
1312,10,0,10,15,56430960,3638,41381700,2666,18065
1313,8,0,8,17,56465220,3638,41381700,2665,18073
1314,3,0,7,18,56476920,3638,41381700,2664,18076
1315,6,0,9,16,56493060,3638,41381700,2663,18082
1316,14,0,16,9,56513820,3638,41381700,2661,18096
1317,7,0,8,17,56562720,3637,41381700,2660,18103
1318,6,0,11,14,56577060,3637,41381700,2658,18109
1319,5,0,9,16,56604780,3638,41381700,2658,18114
1320,4,0,7,18,56627400,3638,41381700,2657,18118
1321,8,0,12,13,56642820,3638,41381700,2656,18126
1322,9,0,9,16,56678880,3637,41381700,2654,18135
1323,5,0,11,14,56689800,3637,41381700,2653,18140
1324,10,0,13,12,56716080,3637,41381700,2651,18150
1325,7,0,10,15,56750640,3637,41381700,2650,18157
1326,10,0,12,13,56774880,3637,41381700,2649,18167
1327,9,0,13,12,56804280,3637,41381700,2647,18176
1328,8,0,14,11,56828520,3637,41381700,2646,18184
1329,11,0,12,13,56876820,3637,41381700,2644,18195
1330,12,0,14,11,56910300,3637,41381700,2642,18207
1331,11,0,14,11,56946000,3636,41381700,2640,18218
1332,9,0,13,12,56979480,3636,41381700,2638,18227
1333,7,0,11,14,57019980,3637,41381700,2637,18234
1334,13,0,18,7,57045840,3637,41381700,2635,18247
1335,16,0,20,5,57089580,3636,41381700,2632,18263
1336,18,0,23,2,57138540,3636,41381700,2629,18281
1337,6,0,19,6,57184740,3637,41381700,2628,18287
1338,12,0,15,10,57278100,3639,41381700,2626,18299
1339,12,0,15,10,57328560,3639,41381700,2624,18311
1340,8,0,10,15,57369540,3639,41381700,2623,18319
1341,9,0,14,11,57392100,3639,41381700,2622,18328
1342,6,0,12,13,57419040,3639,41381700,2621,18334
1343,9,0,14,11,57444840,3639,41381700,2619,18343
1344,3,0,9,16,57482880,3640,41381700,2619,18346
1345,4,0,11,14,57485280,3639,41381700,2618,18350
1346,7,0,12,13,57497340,3639,41381700,2617,18357
1347,5,0,11,14,57507900,3638,41381700,2616,18362
1348,6,0,12,13,57519000,3638,41381700,2615,18368
1349,5,0,14,11,57523080,3637,41381700,2614,18373
1350,6,0,15,10,57551220,3638,41381700,2613,18379
1351,4,0,12,13,57572940,3638,41381700,2612,18383
1352,13,0,18,7,57582540,3637,41381700,2610,18396
1353,11,0,17,8,57628500,3637,41381700,2609,18407
1354,8,0,15,10,57670020,3637,41381700,2607,18415
1355,10,0,21,4,57684300,3637,41381700,2606,18425
1356,8,0,19,6,57728820,3638,41381700,2604,18433
1357,11,0,21,4,57757320,3637,41381700,2602,18444
1358,6,0,16,9,57801300,3638,41381700,2601,18450
1359,10,0,18,7,57855000,3639,41381700,2600,18460
1360,11,0,21,4,57889740,3639,41381700,2598,18471
1361,9,0,18,7,57939240,3640,41381700,2597,18480
1362,10,0,22,3,57968160,3640,41381700,2595,18490
1363,9,0,17,8,58035900,3641,41381700,2593,18499
1364,14,0,20,5,58076280,3641,41381700,2591,18513
1365,4,0,15,10,58101060,3641,41381700,2591,18517
1366,8,0,16,9,58137840,3642,41381700,2589,18525
1367,6,0,12,13,58175400,3642,41381700,2588,18531
1368,7,0,15,10,58193220,3642,41381700,2587,18538
1369,2,0,11,14,58216740,3642,41381700,2587,18540
1370,6,0,13,12,58231440,3642,41381700,2586,18546
1371,4,0,12,13,58245540,3642,41381700,2585,18550
1372,1,0,11,14,58253580,3642,41381700,2585,18551
1373,4,0,11,14,58271700,3642,41381700,2584,18555
1374,3,0,11,14,58283160,3642,41381700,2584,18558
1375,6,0,16,9,58287780,3642,41381700,2583,18564
1376,5,0,15,10,58311060,3642,41381700,2582,18569
1377,7,0,16,9,58329720,3642,41381700,2581,18576
1378,10,0,17,8,58361220,3642,41381700,2579,18586
1379,8,0,20,5,58377660,3642,41381700,2578,18594
1380,11,0,18,7,58433760,3642,41381700,2576,18605
1381,13,0,18,7,58477980,3642,41381700,2574,18618
1382,13,0,22,3,58509600,3642,41381700,2572,18631
1383,10,1,25,0,58533120,3642,41381700,2571,18641
1384,8,0,21,4,58595280,3643,41382360,2569,18649
1385,8,0,16,9,58657860,3644,41382360,2568,18657
1386,7,0,14,11,58689060,3644,41382360,2567,18664
1387,5,0,15,10,58705620,3644,41382360,2566,18669
1388,8,0,14,11,58742100,3644,41382360,2565,18677
1389,5,0,11,14,58763640,3644,41382360,2564,18682
1390,11,0,18,7,58771440,3643,41382360,2562,18693
1391,3,0,12,13,58804620,3643,41382360,2562,18696
1392,2,0,11,14,58822740,3644,41382360,2562,18698
1393,4,0,11,14,58841940,3644,41382360,2561,18702
1394,6,0,12,13,58849320,3643,41382360,2560,18708
1395,7,0,16,9,58863300,3644,41382360,2559,18715
1396,5,0,14,11,58879260,3643,41382360,2558,18720
1397,7,0,14,11,58903620,3643,41382360,2557,18727
1398,4,0,13,12,58923660,3643,41382360,2556,18731
1399,3,0,13,12,58933140,3643,41382360,2556,18734
1400,11,0,17,8,58957860,3643,41382360,2554,18745
1401,12,0,18,7,58975740,3642,41382360,2552,18757
1402,7,0,17,8,59013240,3642,41382360,2551,18764
1403,7,0,17,8,59033700,3642,41382360,2550,18771
1404,12,0,18,7,59068020,3641,41382360,2548,18783
1405,6,0,12,13,59112540,3641,41382360,2547,18789
1406,12,0,20,5,59125140,3641,41382360,2545,18801
1407,10,0,17,8,59173380,3641,41382360,2544,18811
1408,10,0,19,6,59202840,3641,41382360,2542,18821
1409,14,0,20,5,59243340,3641,41382360,2540,18835
1410,5,0,11,14,59276280,3640,41382360,2539,18840
1411,8,0,14,11,59294040,3640,41382360,2538,18848
1412,7,0,16,9,59322300,3640,41382360,2537,18855
1413,10,0,19,6,59345340,3640,41382360,2535,18865
1414,7,0,16,9,59379240,3640,41382360,2534,18872
1415,6,0,12,13,59409780,3640,41382360,2533,18878
1416,6,0,11,14,59426340,3639,41382360,2532,18884
1417,8,0,16,9,59430840,3639,41382360,2531,18892
1418,6,0,15,10,59459460,3639,41382360,2530,18898
1419,10,0,17,8,59482200,3639,41382360,2529,18908
1420,1,0,14,11,59506860,3639,41382360,2529,18909
1421,4,0,12,13,59540760,3640,41382360,2528,18913
1422,8,0,14,11,59557860,3640,41382360,2527,18921
1423,6,0,18,7,59564100,3640,41382360,2526,18927
1424,10,0,17,8,59602800,3640,41382360,2524,18937
1425,15,0,21,4,59640300,3639,41382360,2522,18952
1426,8,0,16,9,59685720,3639,41382360,2521,18960
1427,7,0,16,9,59717760,3640,41382360,2520,18967
1428,10,0,17,8,59749440,3640,41382360,2518,18977
1429,4,0,16,9,59769720,3640,41382360,2517,18981
1430,17,0,19,6,59813820,3639,41382360,2515,18998
1431,7,0,17,8,59838240,3639,41382360,2514,19005
1432,10,0,17,8,59872740,3639,41382360,2512,19015
1433,6,0,13,12,59916960,3639,41382360,2511,19021
1434,7,0,15,10,59935080,3639,41382360,2510,19028
1435,12,0,17,8,59962080,3639,41382360,2508,19040
1436,12,0,15,10,60000480,3638,41382360,2507,19052
1437,10,0,18,7,60014580,3637,41382360,2505,19062
1438,4,0,13,12,60060300,3638,41382360,2504,19066
1439,6,0,16,9,60066180,3638,41382360,2504,19072
1440,3,0,10,15,60109800,3638,41382360,2503,19075
1441,3,0,9,16,60116160,3638,41382360,2503,19078
1442,5,0,12,13,60117780,3637,41382360,2502,19083
1443,5,0,12,13,60132120,3637,41382360,2501,19088
1444,4,0,13,12,60144900,3637,41382360,2501,19092
1445,3,0,12,13,60160140,3637,41382360,2500,19095
1446,8,0,15,10,60182820,3638,41382360,2499,19103
1447,6,0,17,8,60194040,3637,41382360,2498,19109
1448,10,0,19,6,60226800,3638,41382360,2496,19119
1449,9,0,21,4,60280920,3639,41382360,2495,19128
1450,12,0,20,5,60333060,3640,41382360,2493,19140
1451,9,0,15,10,60371280,3639,41382360,2492,19149
1452,9,0,17,8,60397860,3639,41382360,2491,19158
1453,9,0,16,9,60444180,3640,41382360,2489,19167
1454,8,0,15,10,60476520,3640,41382360,2488,19175
1455,12,0,20,5,60499680,3639,41382360,2486,19187
1456,12,0,20,5,60538980,3639,41382360,2484,19199
1457,7,0,17,8,60577800,3639,41382360,2483,19206
1458,11,0,21,4,60617280,3640,41382360,2482,19217
1459,10,0,18,7,60668100,3640,41382360,2480,19227
1460,8,0,16,9,60708540,3641,41382360,2479,19235
1461,4,0,12,13,60744060,3641,41382360,2479,19239
1462,6,0,13,12,60768000,3641,41382360,2478,19245
1463,3,0,11,14,60788220,3641,41382360,2477,19248
1464,6,0,13,12,60795840,3641,41382360,2476,19254
1465,4,0,11,14,60813420,3641,41382360,2476,19258
1466,5,0,13,12,60826140,3641,41382360,2475,19263
1467,4,0,15,10,60827880,3641,41382360,2474,19267
1468,3,0,13,12,60862080,3642,41382360,2474,19270
1469,5,0,12,13,60880440,3641,41382360,2473,19275
1470,9,0,14,11,60891180,3640,41382360,2472,19284
1471,6,0,13,12,60912660,3640,41382360,2471,19290
1472,8,0,16,9,60926760,3640,41382360,2470,19298
1473,12,0,16,9,60967860,3640,41382360,2468,19310
1474,7,0,17,8,60992400,3640,41382360,2467,19317
1475,12,0,20,5,61017300,3639,41382360,2465,19329
1476,16,0,23,2,61056600,3639,41382360,2463,19345
1477,7,0,16,9,61101120,3639,41382360,2462,19352
1478,11,0,21,4,61137900,3640,41382360,2460,19363
1479,8,0,15,10,61182120,3639,41382360,2459,19371
1480,13,0,19,6,61211340,3639,41382360,2457,19384
1481,13,0,20,5,61244220,3638,41382360,2455,19397
1482,18,0,21,4,61287480,3637,41382360,2453,19415
1483,6,0,14,11,61325940,3637,41382360,2452,19421
1484,7,0,13,12,61354620,3637,41382360,2451,19428
1485,10,0,14,11,61371000,3636,41382360,2449,19438
1486,6,0,16,9,61390860,3636,41382360,2448,19444
1487,12,0,20,5,61415460,3636,41382360,2447,19456
1488,6,0,18,7,61449780,3636,41382360,2446,19462
1489,6,0,14,11,61494300,3636,41382360,2445,19468
1490,6,0,13,12,61519020,3636,41382360,2444,19474
1491,5,0,14,11,61534260,3636,41382360,2443,19479
1492,4,0,14,11,61551180,3637,41382360,2443,19483
1493,7,0,15,10,61569420,3636,41382360,2442,19490
1494,2,0,11,14,61598040,3637,41382360,2442,19492
1495,8,0,15,10,61614000,3637,41382360,2440,19500
1496,6,0,16,9,61635540,3637,41382360,2439,19506
1497,13,0,18,7,61663620,3636,41382360,2438,19519
1498,6,0,14,11,61709520,3637,41382360,2437,19525
1499,9,0,15,10,61739880,3637,41382360,2435,19534
1500,7,0,16,9,61756080,3637,41382360,2434,19541
1501,10,0,15,10,61795920,3637,41382360,2433,19551
1502,7,0,15,10,61809600,3636,41382360,2432,19558
1503,7,0,13,12,61840740,3636,41382360,2431,19565
1504,7,0,15,10,61856640,3636,41382360,2430,19572
1505,15,0,25,0,61871760,3636,41382360,2428,19587
1506,16,5,25,0,61922880,3636,41387820,2426,19603
1507,12,0,22,3,61991520,3636,41397900,2425,19615
1508,5,0,17,8,62042940,3637,41397900,2424,19620
1509,6,0,15,10,62083680,3638,41397900,2423,19626
1510,5,0,15,10,62110320,3638,41397900,2423,19631
1511,6,0,13,12,62139240,3638,41397900,2422,19637
1512,7,0,14,11,62153760,3638,41397900,2421,19644
1513,9,0,18,7,62168460,3637,41397900,2419,19653
1514,3,0,14,11,62202180,3638,41397900,2419,19656
1515,7,0,15,10,62238660,3639,41397900,2418,19663
1516,2,0,12,13,62256960,3639,41397900,2418,19665
1517,12,0,21,4,62272980,3639,41397900,2416,19677
1518,10,0,20,5,62314020,3639,41397900,2415,19687
1519,12,0,19,6,62355540,3639,41397900,2413,19699
1520,13,0,23,2,62386740,3639,41397900,2411,19712
1521,9,0,17,8,62439240,3639,41397900,2410,19721
1522,8,0,14,11,62481540,3639,41397900,2409,19729
1523,13,0,21,4,62496660,3638,41397900,2407,19742
1524,4,0,12,13,62549820,3639,41397900,2406,19746
1525,12,0,15,10,62578980,3638,41397900,2405,19758
1526,9,0,18,7,62586840,3638,41397900,2403,19767
1527,11,0,17,8,62632200,3638,41397900,2402,19778
1528,13,0,20,5,62662860,3637,41397900,2400,19791
1529,6,0,23,2,62673720,3637,41397900,2399,19797
1530,6,0,14,11,62748840,3639,41397900,2398,19803
1531,10,0,17,8,62770560,3638,41397900,2397,19813
1532,6,0,16,9,62797800,3638,41397900,2396,19819
1533,7,0,10,15,62845620,3639,41397900,2395,19826
1534,3,0,10,15,62855580,3638,41397900,2395,19829
1535,5,0,13,12,62862780,3638,41397900,2394,19834
1536,3,0,10,15,62886360,3639,41397900,2394,19837
1537,9,0,14,11,62894760,3638,41397900,2392,19846
1538,12,0,21,4,62906940,3638,41397900,2391,19858
1539,7,0,19,6,62941080,3638,41397900,2390,19865
1540,7,0,14,11,62981640,3638,41397900,2389,19872
1541,5,0,14,11,63015660,3638,41397900,2388,19877
1542,9,0,19,6,63026460,3638,41397900,2387,19886
1543,4,0,14,11,63059220,3638,41397900,2386,19890
1544,12,0,20,5,63089640,3639,41397900,2385,19902
1545,8,0,17,8,63118800,3638,41397900,2384,19910
1546,10,0,19,6,63152160,3638,41397900,2382,19920
1547,10,0,20,5,63190260,3639,41397900,2381,19930
1548,8,0,16,9,63246900,3639,41397900,2380,19938
1549,11,0,18,7,63276780,3639,41397900,2378,19949
1550,11,0,16,9,63320820,3639,41397900,2377,19960
1551,16,0,20,5,63354000,3638,41397900,2375,19976
1552,14,0,18,7,63405600,3638,41397900,2373,19990
1553,9,0,14,11,63450360,3638,41397900,2371,19999
1554,7,0,16,9,63465720,3638,41397900,2371,20006
1555,11,0,16,9,63505920,3638,41397900,2369,20017
1556,7,0,15,10,63528480,3637,41397900,2368,20024
1557,13,0,23,2,63550380,3638,41397900,2366,20037
1558,5,0,15,10,63600300,3638,41397900,2366,20042
1559,4,0,15,10,63620820,3638,41397900,2365,20046
1560,9,0,11,14,63677640,3639,41397900,2364,20055
1561,6,0,12,13,63685620,3638,41397900,2363,20061
1562,7,0,14,11,63696780,3638,41397900,2362,20068
1563,7,0,17,8,63713880,3638,41397900,2361,20075
1564,4,0,16,9,63736020,3638,41397900,2361,20079
1565,2,0,12,13,63763200,3638,41397900,2360,20081
1566,6,0,13,12,63780840,3638,41397900,2360,20087
1567,3,0,10,15,63807180,3639,41397900,2359,20090
1568,9,0,14,11,63822600,3638,41397900,2358,20099
1569,13,0,21,4,63830820,3638,41397900,2356,20112
1570,6,0,16,9,63860400,3637,41397900,2355,20118
1571,5,0,15,10,63894720,3638,41397900,2355,20123
1572,11,0,20,5,63921840,3638,41397900,2353,20134
1573,8,0,15,10,63955380,3637,41397900,2352,20142
1574,9,0,16,9,63990360,3638,41397900,2351,20151
1575,23,3,25,0,64023000,3637,41398320,2348,20174
1576,9,2,25,0,64058160,3637,41404620,2347,20183
1577,8,0,18,7,64131180,3638,41408460,2346,20191
1578,8,0,13,12,64182360,3638,41408460,2345,20199
1579,8,0,15,10,64203900,3638,41408460,2344,20207
1580,3,0,12,13,64228920,3638,41408460,2344,20210
1581,6,0,13,12,64248360,3638,41408460,2343,20216
1582,4,0,14,11,64252620,3638,41408460,2342,20220
1583,6,0,16,9,64271340,3638,41408460,2342,20226
1584,3,0,14,11,64288080,3638,41408460,2341,20229
1585,2,0,12,13,64315020,3639,41408460,2341,20231
1586,5,0,14,11,64330860,3639,41408460,2340,20236
1587,5,0,14,11,64346580,3639,41408460,2340,20241
1588,7,0,14,11,64375080,3639,41408460,2339,20248
1589,4,0,13,12,64392540,3639,41408460,2338,20252
1590,7,0,15,10,64420560,3639,41408460,2337,20259
1591,2,0,15,10,64428120,3640,41408460,2337,20261
1592,7,0,14,11,64470300,3640,41408460,2336,20268
1593,13,0,19,6,64489380,3640,41408460,2334,20281
1594,11,0,18,7,64523160,3639,41408460,2333,20292
1595,5,0,12,13,64569420,3639,41408460,2332,20297
1596,12,0,17,8,64587300,3639,41408460,2331,20309
1597,15,0,19,6,64623900,3638,41408460,2329,20324
1598,13,0,21,4,64650660,3638,41408460,2327,20337
1599,16,0,25,0,64700040,3638,41408460,2325,20353
1600,10,0,23,2,64755180,3639,41411640,2324,20363
1601,14,0,20,5,64823820,3639,41411640,2322,20377
1602,10,0,21,4,64855560,3639,41411640,2321,20387
1603,8,0,17,8,64910040,3640,41411640,2320,20395
1604,9,0,19,6,64939080,3640,41411640,2318,20404
1605,3,0,10,15,64994640,3640,41411640,2318,20407
1606,7,0,14,11,65002800,3640,41411640,2317,20414
1607,7,0,15,10,65016480,3640,41411640,2316,20421
1608,8,0,13,12,65041500,3639,41411640,2315,20429
1609,5,0,14,11,65050500,3639,41411640,2315,20434
1610,7,0,16,9,65068260,3639,41411640,2314,20441
1611,3,0,11,14,65092020,3639,41411640,2313,20444
1612,2,0,10,15,65103180,3639,41411640,2313,20446
1613,8,0,16,9,65105400,3638,41411640,2312,20454
1614,6,0,15,10,65117220,3638,41411640,2311,20460
1615,10,0,19,6,65143260,3638,41411640,2310,20470
1616,17,0,24,1,65177640,3637,41411700,2308,20487
1617,9,0,20,5,65226240,3637,41411700,2307,20496
1618,13,0,23,2,65263140,3637,41411700,2305,20509
1619,8,0,19,6,65317980,3638,41411700,2304,20517
1620,3,0,12,13,65366880,3639,41411700,2303,20520
1621,14,0,19,6,65389140,3638,41411700,2302,20534
1622,14,0,19,6,65426460,3638,41411700,2300,20548
1623,8,0,18,7,65461500,3638,41411700,2299,20556
1624,14,0,20,5,65505960,3638,41411700,2297,20570
1625,6,0,15,10,65544540,3638,41411700,2296,20576
1626,9,0,15,10,65578680,3638,41411700,2295,20585
1627,9,0,16,9,65603580,3638,41411700,2294,20594
1628,5,0,13,12,65630460,3638,41411700,2293,20599
1629,6,0,14,11,65656680,3638,41411700,2293,20605
1630,7,0,13,12,65680920,3638,41411700,2292,20612
1631,7,0,12,13,65694720,3637,41411700,2291,20619
1632,4,0,13,12,65705100,3637,41411700,2290,20623
1633,7,0,12,13,65725380,3636,41411700,2289,20630
1634,5,0,12,13,65756460,3637,41411700,2289,20635
1635,5,0,12,13,65772840,3637,41411700,2288,20640
1636,3,0,10,15,65791260,3637,41411700,2288,20643
1637,9,0,16,9,65798460,3637,41411700,2287,20652
1638,4,0,17,8,65808660,3637,41411700,2286,20656
1639,9,0,18,7,65842020,3637,41411700,2285,20665
1640,8,0,20,5,65867340,3637,41411700,2284,20673
1641,8,0,17,8,65911140,3637,41411700,2283,20681
1642,11,0,16,9,65953020,3637,41411700,2282,20692
1643,11,0,20,5,65975040,3637,41411700,2280,20703
1644,14,0,24,1,65999100,3636,41411700,2278,20717
1645,11,0,19,6,66063420,3637,41411700,2277,20728
1646,5,0,17,8,66088980,3637,41411700,2276,20733
1647,11,0,17,8,66130860,3637,41411700,2275,20744
1648,13,0,19,6,66171360,3637,41411700,2273,20757
1649,7,0,15,10,66199920,3636,41411700,2273,20764
1650,5,0,13,12,66230400,3637,41411700,2272,20769
1651,2,0,12,13,66246600,3637,41411700,2272,20771
1652,5,0,16,9,66252540,3637,41411700,2271,20776
1653,6,0,16,9,66278280,3637,41411700,2270,20782
1654,3,0,13,12,66304860,3637,41411700,2270,20785
1655,5,0,14,11,66319200,3637,41411700,2269,20790
1656,6,0,14,11,66336180,3637,41411700,2269,20796
1657,2,0,12,13,66353280,3637,41411700,2268,20798
1658,5,0,12,13,66368520,3637,41411700,2268,20803
1659,2,0,10,15,66377580,3637,41411700,2268,20805
1660,6,0,11,14,66393000,3637,41411700,2267,20811
1661,5,0,14,11,66396900,3636,41411700,2266,20816
1662,11,0,18,7,66410700,3636,41411700,2265,20827
1663,4,0,14,11,66440400,3636,41411700,2264,20831
1664,5,0,15,10,66459540,3636,41411700,2264,20836
1665,9,0,18,7,66486840,3636,41411700,2263,20845
1666,13,0,20,5,66525180,3636,41411700,2261,20858
1667,11,0,17,8,66554940,3635,41411700,2260,20869
1668,15,0,24,1,66584280,3635,41411700,2258,20884
1669,3,0,13,12,66634260,3635,41411700,2257,20887
1670,9,0,19,6,66647640,3635,41411700,2256,20896
1671,11,0,22,3,66674160,3635,41411700,2255,20907
1672,10,0,18,7,66742920,3636,41411700,2254,20917
1673,8,0,17,8,66770280,3636,41411700,2253,20925
1674,6,0,13,12,66810240,3636,41411700,2252,20931
1675,6,0,16,9,66826800,3636,41411700,2251,20937
1676,6,0,18,7,66845460,3637,41411700,2251,20943
1677,6,0,14,11,66885780,3637,41411700,2250,20949
1678,2,0,13,12,66902880,3637,41411700,2250,20951
1679,4,0,13,12,66930900,3638,41411700,2249,20955
1680,4,0,12,13,66953760,3638,41411700,2249,20959
1681,9,0,15,10,66963240,3637,41411700,2247,20968
1682,15,0,19,6,66984060,3636,41411700,2246,20983
1683,22,6,25,0,67012380,3636,41413860,2244,21005
1684,28,20,25,0,67080300,3637,41420880,2240,21033
1685,29,39,25,0,67111560,3638,41427060,2238,21062
1686,35,40,25,0,67165740,3639,41453280,2238,21097
1687,29,40,25,0,67247580,3641,41510340,2240,21126
1688,30,40,25,0,67320360,3642,41580660,2242,21156
1689,37,39,25,0,67371720,3643,41605920,2242,21193
1690,34,40,25,0,67438680,3643,41672460,2243,21227
1691,38,40,25,0,67502340,3644,41763780,2247,21265
1692,33,39,25,0,67573140,3645,41932320,2254,21298
1693,28,40,25,0,67613100,3645,42021660,2257,21326
1694,32,39,25,0,67692480,3646,42076800,2259,21358
1695,31,38,25,0,67753800,3645,42094740,2257,21389
1696,26,39,25,0,67807440,3645,42152760,2258,21415
1697,34,37,25,0,67870080,3645,42193920,2259,21449
1698,32,37,25,0,67921920,3645,42263400,2261,21481
1699,30,40,25,0,67989360,3646,42270060,2259,21511
1700,23,40,25,0,68048400,3647,42280980,2258,21534
1701,30,37,25,0,68120340,3646,42422880,2263,21564
1702,25,40,25,0,68153220,3646,42471660,2264,21589
1703,36,38,25,0,68213640,3646,42489900,2263,21625
1704,43,40,25,0,68298420,3648,42505380,2262,21668
1705,20,37,25,0,68347860,3648,42531600,2262,21688
1706,30,40,25,0,68420040,3647,42778500,2272,21718
1707,24,36,25,0,68492280,3648,42804720,2272,21742
1708,27,40,25,0,68549220,3647,42889560,2274,21769
1709,30,38,25,0,68610180,3647,42932400,2274,21799
1710,36,40,25,0,68652360,3647,42946200,2273,21835
1711,31,40,25,0,68717760,3646,43116180,2280,21866
1712,35,40,25,0,68774400,3646,43224540,2284,21901
1713,29,40,25,0,68847540,3647,43269960,2285,21930
1714,33,40,25,0,68906640,3647,43283700,2283,21963
1715,28,40,25,0,68973300,3647,43328220,2283,21991
1716,33,39,25,0,69034500,3647,43370400,2283,22024
1717,36,40,25,0,69094020,3646,43398600,2282,22060
1718,28,40,25,0,69161760,3647,43428840,2282,22088
1719,34,40,25,0,69208080,3646,43443900,2281,22122
1720,32,40,25,0,69270900,3647,43467780,2281,22154
1721,20,34,25,0,69353940,3647,43653720,2289,22174
1722,32,40,25,0,69401940,3646,44078220,2308,22206
1723,35,40,25,0,69458460,3645,44108040,2307,22241
1724,34,38,25,0,69518160,3645,44129160,2306,22275
1725,30,38,25,0,69590580,3645,44300520,2313,22305
1726,30,40,25,0,69644940,3643,44323260,2311,22335
1727,23,39,25,0,69697320,3644,44332080,2310,22358
1728,33,39,25,0,69754440,3644,44353560,2309,22391
1729,34,40,25,0,69822840,3645,44395980,2310,22425
1730,33,37,25,0,69899520,3645,44421660,2309,22458
1731,32,40,25,0,69933540,3644,44434740,2308,22490
1732,26,37,25,0,70009440,3644,44576400,2313,22516
1733,24,40,25,0,70069500,3644,44723280,2318,22540
1734,33,40,25,0,70131540,3643,44781540,2319,22573
1735,27,39,25,0,70197420,3643,44801520,2317,22600
1736,28,38,25,0,70252680,3643,44843880,2318,22628
1737,29,39,25,0,70309020,3644,44856840,2317,22657
1738,33,40,25,0,70376820,3644,44888400,2317,22690
1739,34,40,25,0,70451400,3644,44936100,2317,22724
1740,34,40,25,0,70515120,3644,44981640,2317,22758
1741,26,39,25,0,70561020,3644,45006960,2316,22784
1742,24,32,25,0,70630860,3643,45243900,2326,22808
1743,28,40,25,0,70683540,3643,45251460,2324,22836
1744,29,38,25,0,70752240,3643,45315840,2326,22865
1745,30,36,25,0,70813080,3643,45368100,2327,22895
1746,28,40,25,0,70862580,3643,45515100,2332,22923
1747,29,37,25,0,70927680,3644,45532500,2331,22952
1748,30,40,25,0,70992480,3643,45593640,2332,22982
1749,34,40,25,0,71044680,3643,45698520,2335,23016
1750,39,40,25,0,71102100,3643,45726360,2335,23055
1751,36,40,25,0,71187300,3645,45788100,2336,23091
1752,27,39,25,0,71218080,3645,45802740,2336,23118
1753,22,34,25,0,71311260,3645,46008840,2344,23140
1754,31,40,25,0,71355780,3644,46015140,2342,23171
1755,36,40,25,0,71401440,3645,46046160,2343,23207
1756,31,38,25,0,71482860,3645,46126920,2344,23238
1757,28,40,25,0,71539800,3644,46169220,2344,23266
1758,29,40,25,0,71604000,3644,46247700,2346,23295
1759,32,40,25,0,71657040,3644,46297560,2347,23327
1760,28,40,25,0,71721960,3645,46313100,2346,23355
1761,40,40,25,0,71780580,3646,46362720,2348,23395
1762,35,40,25,0,71857860,3646,46412760,2347,23430
1763,39,40,25,0,71913960,3645,46442400,2346,23469
1764,30,40,25,0,71957160,3645,46454580,2345,23499
1765,27,36,25,0,72042300,3645,46553400,2348,23526
1766,18,39,25,0,72078720,3645,46559220,2347,23544
1767,34,40,25,0,72154620,3646,46657500,2350,23578
1768,28,40,25,0,72213240,3646,46688460,2350,23606
1769,32,39,25,0,72267780,3646,46722060,2350,23638
1770,28,40,25,0,72341040,3646,46809240,2352,23666
1771,23,38,25,0,72397800,3646,46859400,2352,23689
1772,40,40,25,0,72460740,3646,46879080,2352,23729
1773,33,40,25,0,72515940,3646,47036820,2357,23762
1774,41,40,25,0,72557220,3645,47217120,2364,23803
1775,34,40,25,0,72642540,3646,47230920,2363,23837
1776,18,40,25,0,72681780,3646,47259360,2363,23855
1777,30,39,25,0,72784380,3647,47304540,2362,23885
1778,31,40,25,0,72817620,3647,47315880,2362,23916
1779,26,37,25,0,72898500,3646,47472960,2367,23942
1780,33,40,25,0,72961560,3645,47519100,2366,23975
1781,34,40,25,0,73005840,3645,47556480,2367,24009
1782,30,39,25,0,73065060,3645,47616660,2368,24039
1783,36,40,25,0,73134600,3645,47654940,2368,24075
1784,31,40,25,0,73194900,3645,47693400,2367,24106
1785,25,37,25,0,73267920,3644,47731320,2367,24131
1786,39,40,25,0,73317960,3644,47799240,2368,24170
1787,40,40,25,0,73388400,3643,47830800,2367,24210
1788,27,37,25,0,73450620,3643,47898180,2368,24237
1789,30,40,25,0,73484640,3643,47903940,2367,24267
1790,33,34,25,0,73587600,3644,48038220,2371,24300
1791,34,40,25,0,73619220,3643,48046320,2370,24334
1792,32,40,25,0,73678860,3643,48093660,2370,24366
1793,23,40,25,0,73728900,3643,48102720,2369,24389
1794,23,35,25,0,73811340,3644,48311580,2378,24412
1795,40,39,25,0,73864500,3643,48370380,2378,24452
1796,27,39,25,0,73913760,3643,48403800,2378,24479
1797,21,29,25,0,74003580,3643,49876440,2449,24500
1798,33,40,25,0,74039160,3643,49879860,2446,24533
1799,35,40,25,0,74099820,3644,49919040,2447,24568
1800,34,40,25,0,74170020,3644,49977660,2447,24602
1801,34,37,25,0,74249580,3644,50056500,2449,24636
1802,39,40,25,0,74304300,3643,50080560,2447,24675
1803,26,40,25,0,74356200,3642,50109540,2447,24701
1804,39,40,25,0,74419980,3643,50137740,2446,24740
1805,31,35,25,0,74497320,3642,50242260,2449,24771
1806,41,40,25,0,74542380,3641,50280840,2448,24812
1807,21,39,25,0,74598840,3641,50294580,2447,24833
1808,29,39,25,0,74662860,3642,50301120,2446,24862
1809,22,39,25,0,74721600,3642,50337240,2446,24884
1810,27,37,25,0,74782440,3643,50373360,2446,24911
1811,38,39,25,0,74847840,3643,50417640,2446,24949
1812,34,40,25,0,74902980,3642,50491680,2447,24983
1813,27,38,25,0,74967360,3642,50573880,2450,25010
1814,30,37,25,0,75032580,3642,50677440,2452,25040
1815,32,40,25,0,75091680,3642,50702880,2451,25072
1816,36,40,25,0,75152160,3642,50726040,2451,25108
1817,29,39,25,0,75210960,3642,50790240,2452,25137
1818,26,39,25,0,75275940,3642,50837640,2452,25163
1819,29,40,25,0,75330600,3642,50899080,2453,25192
1820,25,34,25,0,75396360,3642,51032400,2458,25217
1821,34,39,25,0,75465960,3642,51125340,2460,25251
1822,33,40,25,0,75512640,3642,51171180,2460,25284
1823,28,35,25,0,75597420,3641,52445700,2518,25312
1824,23,36,25,0,75646800,3639,54227100,2601,25335
1825,31,40,25,0,75692520,3640,54236100,2600,25366
1826,28,40,25,0,75781920,3641,54302520,2601,25394
1827,34,40,25,0,75825420,3640,54311280,2599,25428
1828,32,39,25,0,75878220,3639,54345900,2599,25460
1829,34,36,25,0,75961260,3640,54377940,2598,25494
1830,30,39,25,0,76018500,3639,54400620,2596,25524
1831,31,39,25,0,76074240,3640,54409800,2595,25555
1832,33,40,25,0,76116120,3640,54596340,2602,25588
1833,28,40,25,0,76180860,3640,54626100,2602,25616
1834,29,39,25,0,76248300,3640,54641460,2601,25645
1835,31,37,25,0,76322100,3641,54734460,2604,25676
1836,29,40,25,0,76389240,3641,54791820,2604,25705
1837,35,40,25,0,76432020,3641,54802080,2602,25740
1838,31,37,25,0,76512660,3641,54926040,2606,25771
1839,36,40,25,0,76562880,3640,54998220,2607,25807
1840,28,40,25,0,76602180,3640,55051500,2608,25835
1841,33,40,25,0,76679820,3641,55082340,2607,25868
1842,26,37,25,0,76753800,3641,55136760,2608,25894
1843,33,37,25,0,76809480,3641,55167780,2607,25927
1844,36,40,25,0,76854900,3641,55173060,2606,25963
1845,39,40,25,0,76935840,3640,55310880,2609,26002
1846,24,40,25,0,76986360,3640,55334100,2608,26026
1847,16,39,25,0,77045820,3640,55451700,2612,26042
1848,15,36,25,0,77116200,3640,55512060,2613,26057
1849,9,22,25,0,77188920,3640,59143260,2783,26066
1850,5,0,16,9,77253720,3637,64475580,3033,26071
1851,7,0,16,9,77280900,3637,64475580,3032,26078
1852,3,0,12,13,77304000,3637,64475580,3031,26081
1853,7,0,13,12,77327940,3637,64475580,3030,26088
1854,5,0,14,11,77340660,3637,64475580,3030,26093
1855,2,0,12,13,77354400,3637,64475580,3029,26095
1856,10,0,16,9,77379780,3637,64475580,3028,26105
1857,8,0,17,8,77397840,3636,64475580,3027,26113
1858,8,0,15,10,77436420,3637,64475580,3026,26121
1859,10,0,19,6,77455260,3636,64475580,3024,26131
1860,15,1,25,0,77502540,3637,64475880,3022,26146
1861,14,0,25,0,77537820,3636,64477020,3020,26160
1862,14,0,24,1,77604600,3637,64480680,3018,26174
1863,12,0,20,5,77668740,3637,64480680,3017,26186
1864,12,0,20,5,77704920,3637,64480680,3015,26198
1865,12,0,22,3,77737860,3637,64480680,3013,26210
1866,9,0,20,5,77785440,3637,64480680,3012,26219
1867,12,0,20,5,77829600,3637,64480680,3010,26231
1868,3,0,13,12,77875980,3638,64480680,3010,26234
1869,3,0,10,15,77902920,3638,64480680,3010,26237
1870,7,0,12,13,77918700,3638,64480680,3009,26244
1871,6,0,15,10,77929620,3638,64480680,3008,26250
1872,6,0,14,11,77952180,3638,64480680,3007,26256
1873,8,0,14,11,77974560,3637,64480680,3006,26264
1874,4,0,13,12,77993100,3637,64480680,3005,26268
1875,7,0,13,12,78018240,3637,64480680,3004,26275
1876,4,0,12,13,78029160,3637,64480680,3004,26279
1877,5,0,14,11,78035340,3637,64480680,3003,26284
1878,4,0,13,12,78062040,3637,64480680,3002,26288
1879,5,0,11,14,78076740,3637,64480680,3002,26293
1880,7,0,14,11,78088380,3636,64480680,3001,26300
1881,4,0,13,12,78109680,3637,64480680,3000,26304
1882,8,0,17,8,78124260,3637,64480680,2999,26312
1883,9,0,19,6,78150600,3637,64480680,2998,26321
1884,10,0,18,7,78196740,3637,64480680,2996,26331
1885,15,0,25,0,78228780,3637,64480680,2994,26346
1886,9,0,18,7,78286860,3637,64480680,2993,26355
1887,11,0,18,7,78325200,3637,64480680,2992,26366
1888,11,0,18,7,78362880,3637,64480680,2990,26377
1889,9,0,19,6,78393060,3637,64480680,2989,26386
1890,9,0,18,7,78423600,3637,64480680,2987,26395
1891,6,0,17,8,78444420,3636,64480680,2987,26401
1892,8,0,15,10,78498840,3637,64480680,2986,26409
1893,5,0,13,12,78513060,3637,64480680,2985,26414
1894,7,0,14,11,78544740,3637,64480680,2984,26421
1895,8,0,16,9,78570000,3637,64480680,2983,26429
1896,6,0,15,10,78583140,3637,64480680,2982,26435
1897,4,0,15,10,78604080,3637,64480680,2981,26439
1898,5,0,12,13,78644700,3638,64480680,2981,26444
1899,2,0,9,16,78664560,3638,64480680,2980,26446
1900,7,0,11,14,78668880,3637,64480680,2979,26453
1901,12,0,17,8,78684060,3637,64480680,2978,26465
1902,6,0,13,12,78709560,3636,64480680,2977,26471
1903,7,0,12,13,78734760,3636,64480680,2976,26478
1904,3,0,11,14,78745740,3636,64480680,2976,26481
1905,8,0,15,10,78758580,3636,64480680,2975,26489
1906,10,0,18,7,78780060,3636,64480680,2973,26499
1907,9,0,17,8,78790680,3634,64480680,2972,26508
1908,6,0,14,11,78841320,3635,64480680,2971,26514
1909,13,0,21,4,78855180,3635,64480680,2969,26527
1910,10,0,19,6,78893100,3635,64480680,2968,26537
1911,19,0,24,1,78933300,3634,64482060,2965,26556
1912,14,0,23,2,78986280,3634,64482060,2964,26570
1913,6,0,17,8,79024800,3634,64482060,2963,26576
1914,9,0,19,6,79061340,3634,64482060,2961,26585
1915,9,0,18,7,79093620,3634,64482060,2960,26594
1916,9,0,21,4,79126860,3635,64482060,2959,26603
1917,7,0,17,8,79174740,3635,64482060,2958,26610
1918,6,0,16,9,79199700,3635,64482060,2957,26616
1919,5,0,13,12,79226880,3635,64482060,2957,26621
1920,3,0,12,13,79245840,3635,64482060,2956,26624
1921,8,0,18,7,79251240,3635,64482060,2955,26632
1922,8,0,15,10,79292400,3635,64482060,2954,26640
1923,11,0,19,6,79316760,3635,64482060,2953,26651
1924,11,0,24,1,79331700,3635,64482060,2951,26662
1925,7,0,17,8,79401420,3636,64482060,2950,26669
1926,13,0,18,7,79438080,3635,64482060,2948,26682
1927,6,0,13,12,79481220,3635,64482060,2948,26688
1928,9,0,14,11,79507260,3635,64482060,2946,26697
1929,17,0,23,2,79523880,3635,64482060,2944,26714
1930,6,0,16,9,79574940,3635,64482060,2943,26720
1931,7,0,14,11,79614780,3635,64482060,2942,26727
1932,10,0,19,6,79629360,3635,64482060,2941,26737
1933,14,0,19,6,79672500,3635,64482060,2939,26751
1934,9,0,18,7,79711440,3635,64482060,2938,26760
1935,8,0,17,8,79747380,3635,64482060,2937,26768
1936,12,0,19,6,79780560,3635,64482060,2935,26780
1937,11,0,17,8,79822080,3635,64482060,2934,26791
1938,8,0,18,7,79849860,3635,64482060,2933,26799
1939,9,0,20,5,79869780,3634,64482060,2931,26808
1940,4,0,11,14,79920240,3635,64482060,2931,26812
1941,8,0,15,10,79929900,3634,64482060,2930,26820
1942,5,0,15,10,79957020,3635,64482060,2929,26825
1943,3,0,10,15,79986180,3635,64482060,2929,26828
1944,5,0,13,12,79994700,3635,64482060,2928,26833
1945,6,0,15,10,80015220,3635,64482060,2927,26839
1946,4,0,12,13,80034900,3635,64482060,2927,26843
1947,5,0,13,12,80054820,3635,64482060,2926,26848
1948,11,0,18,7,80062800,3634,64482060,2925,26859
1949,6,0,16,9,80102760,3635,64482060,2924,26865
1950,4,0,17,8,80118480,3635,64482060,2923,26869
1951,2,0,9,16,80163360,3636,64482060,2923,26871
1952,10,0,16,9,80172120,3635,64482060,2922,26881
1953,14,0,22,3,80188980,3635,64482060,2920,26895
1954,13,0,19,6,80235780,3634,64482060,2918,26908
1955,7,0,15,10,80281740,3635,64482060,2917,26915
1956,7,0,19,6,80291880,3635,64482060,2916,26922
1957,8,0,15,10,80334480,3635,64482060,2915,26930
1958,13,0,19,6,80362860,3634,64482060,2914,26943
1959,11,0,19,6,80403120,3634,64482060,2912,26954
1960,3,0,17,8,80426100,3635,64482060,2912,26957
1961,5,0,16,9,80463420,3635,64482060,2911,26962
1962,11,0,18,7,80496060,3635,64482060,2910,26973
1963,8,0,15,10,80536620,3635,64482060,2909,26981
1964,4,0,13,12,80553480,3635,64482060,2908,26985
1965,7,0,15,10,80581020,3635,64482060,2907,26992
1966,4,0,12,13,80605500,3635,64482060,2907,26996
1967,5,0,12,13,80630160,3636,64482060,2906,27001
1968,5,0,14,11,80641080,3636,64482060,2905,27006
1969,5,0,13,12,80658240,3636,64482060,2905,27011
1970,6,0,12,13,80685240,3636,64482060,2904,27017
1971,4,0,13,12,80697000,3636,64482060,2903,27021
1972,6,0,16,9,80710500,3636,64482060,2903,27027
1973,7,0,17,8,80733480,3636,64482060,2902,27034
1974,6,0,16,9,80768820,3636,64482060,2901,27040
1975,7,0,16,9,80798160,3636,64482060,2900,27047
1976,11,0,18,7,80829180,3636,64482060,2898,27058
1977,8,0,15,10,80870160,3636,64482060,2897,27066
1978,7,0,15,10,80896740,3636,64482060,2897,27073
1979,9,0,16,9,80926500,3636,64482060,2895,27082
1980,8,0,17,8,80946600,3636,64482060,2894,27090
1981,7,0,14,11,80986320,3636,64482060,2893,27097
1982,6,0,18,7,80998620,3637,64482060,2893,27103
1983,14,0,21,4,81046560,3637,64482060,2891,27117
1984,9,0,18,7,81089640,3637,64482060,2890,27126
1985,9,0,15,10,81127140,3637,64482060,2888,27135
1986,10,0,16,9,81146940,3636,64482060,2887,27145
1987,8,0,17,8,81172680,3636,64482060,2886,27153
1988,9,0,18,7,81197340,3636,64482060,2885,27162
1989,7,0,16,9,81233880,3636,64482060,2884,27169
1990,3,0,10,15,81279960,3637,64482060,2884,27172
1991,7,0,14,11,81287040,3637,64482060,2883,27179
1992,5,0,15,10,81295140,3636,64482060,2882,27184
1993,4,0,13,12,81327360,3637,64482060,2882,27188
1994,5,0,11,14,81351060,3637,64482060,2881,27193
1995,6,0,10,15,81361620,3636,64482060,2880,27199
1996,2,0,11,14,81362580,3636,64482060,2880,27201
1997,6,0,12,13,81377700,3636,64482060,2879,27207
1998,5,0,12,13,81388320,3635,64482060,2879,27212
1999,8,0,13,12,81402600,3635,64482060,2878,27220
2000,10,0,16,9,81414420,3634,64482060,2876,27230
2001,7,0,13,12,81458520,3635,64482060,2875,27237
2002,15,0,21,4,81474660,3634,64482060,2873,27252
2003,13,0,22,3,81504780,3634,64482060,2872,27265
2004,5,0,19,6,81555240,3635,64482060,2871,27270
2005,9,0,18,7,81599340,3635,64482060,2870,27279
2006,8,0,18,7,81630660,3635,64482060,2869,27287
2007,9,0,22,3,81645780,3635,64482060,2868,27296
2008,6,0,15,10,81704580,3635,64482060,2867,27302
2009,12,0,17,8,81738720,3635,64482060,2865,27314
2010,4,0,14,11,81764340,3635,64482060,2865,27318
2011,8,0,15,10,81800520,3636,64482060,2864,27326
2012,6,0,15,10,81820500,3636,64482060,2863,27332
2013,8,0,17,8,81839880,3636,64482060,2862,27340
2014,6,0,15,10,81870240,3636,64482060,2861,27346
2015,6,0,13,12,81897540,3636,64482060,2861,27352
2016,7,0,13,12,81919080,3635,64482060,2860,27359
2017,5,0,15,10,81923280,3635,64482060,2859,27364
2018,6,0,18,7,81932940,3635,64482060,2858,27370
2019,8,0,20,5,81953280,3635,64482060,2857,27378
2020,4,0,17,8,81972240,3635,64482060,2857,27382
2021,10,0,21,4,81994920,3635,64482060,2856,27392
2022,8,0,19,6,82028940,3635,64482060,2855,27400
2023,12,0,24,1,82045500,3634,64482300,2853,27412
2024,8,0,21,4,82099740,3635,64482300,2852,27420
2025,5,0,21,4,82116840,3635,64482300,2851,27425
2026,8,0,22,3,82146780,3635,64482300,2850,27433
2027,12,0,23,2,82182180,3635,64482300,2849,27445
2028,10,0,24,1,82218360,3635,64483440,2848,27455
2029,12,0,22,3,82267500,3635,64483620,2846,27467
2030,14,0,23,2,82308840,3635,64483740,2844,27481
2031,8,0,21,4,82348020,3635,64483740,2843,27489
2032,11,0,22,3,82374060,3634,64483740,2842,27500
2033,10,0,23,2,82410120,3634,64483920,2841,27510
2034,8,0,19,6,82450800,3634,64483920,2840,27518
2035,8,0,21,4,82477080,3634,64483920,2839,27526
2036,5,0,19,6,82504200,3635,64483920,2838,27531
2037,4,0,17,8,82531080,3635,64483920,2838,27535
2038,6,0,20,5,82539540,3635,64483920,2837,27541
2039,4,0,17,8,82573020,3635,64483920,2836,27545
2040,4,0,19,6,82580940,3635,64483920,2836,27549
2041,5,0,17,8,82615500,3635,64483920,2835,27554
2042,5,0,17,8,82633620,3635,64483920,2835,27559
2043,11,0,19,6,82659780,3635,64483920,2833,27570
2044,9,0,21,4,82676280,3635,64483920,2832,27579
2045,10,0,21,4,82711800,3635,64483920,2831,27589
2046,5,0,15,10,82743480,3634,64483920,2830,27594
2047,5,0,14,11,82760100,3634,64483920,2830,27599
2048,8,0,15,10,82774800,3634,64483920,2829,27607
2049,11,0,20,5,82785720,3633,64483920,2827,27618
2050,10,1,25,0,82802640,3633,64484160,2826,27628
2051,7,0,23,2,82842720,3633,64484640,2825,27635
2052,5,0,21,4,82884060,3634,64484640,2825,27640
2053,17,4,25,0,82918380,3634,64485540,2823,27657
2054,16,13,25,0,82948560,3634,64489140,2821,27673
2055,11,14,25,0,83013360,3636,64504260,2820,27684
2056,8,15,25,0,83035860,3636,64514580,2820,27692
2057,6,2,25,0,83109240,3636,64615980,2823,27698
2058,7,0,18,7,83151000,3635,64643100,2824,27705
2059,11,0,22,3,83174940,3635,64643100,2822,27716
2060,7,0,23,2,83203980,3635,64643100,2821,27723
2061,6,0,21,4,83239440,3636,64643100,2821,27729
2062,3,0,16,9,83281560,3636,64643100,2820,27732
2063,8,0,17,8,83305620,3636,64643100,2819,27740
2064,5,0,17,8,83323500,3636,64643100,2819,27745
2065,7,0,16,9,83342460,3636,64643100,2818,27752
2066,2,0,15,10,83354580,3636,64643100,2818,27754
2067,4,0,16,9,83366040,3636,64643100,2817,27758
2068,6,0,16,9,83383680,3635,64643100,2816,27764
2069,3,0,15,10,83388900,3635,64643100,2816,27767
2070,8,0,17,8,83402100,3635,64643100,2815,27775
2071,5,0,18,7,83413680,3635,64643100,2814,27780
2072,8,0,20,5,83429520,3634,64643100,2813,27788
2073,8,0,21,4,83461080,3635,64643100,2812,27796
2074,10,0,24,1,83479800,3634,64643100,2811,27806
2075,11,0,21,4,83526900,3634,64643100,2810,27817
2076,13,0,22,3,83562180,3634,64643100,2808,27830
2077,13,0,25,0,83598420,3634,64644060,2807,27843
2078,7,0,20,5,83633760,3633,64644060,2806,27850
2079,4,0,16,9,83668740,3634,64644060,2805,27854
2080,12,0,21,4,83690700,3633,64644060,2804,27866
2081,4,0,18,7,83713200,3633,64644060,2803,27870
2082,8,0,19,6,83735040,3633,64644060,2802,27878
2083,6,0,20,5,83756700,3633,64644060,2802,27884
2084,8,0,20,5,83787720,3633,64644060,2801,27892
2085,6,0,19,6,83823420,3634,64644060,2800,27898
2086,12,0,22,3,83849580,3634,64644060,2799,27910
2087,7,0,20,5,83885340,3634,64644060,2798,27917
2088,4,0,22,3,83895360,3634,64644060,2797,27921
2089,4,0,18,7,83941140,3635,64644060,2797,27925
2090,5,0,17,8,83975460,3635,64644060,2796,27930
2091,8,0,22,3,83984400,3635,64644060,2795,27938
2092,1,0,14,11,84023160,3635,64644060,2795,27939
2093,5,0,18,7,84028620,3635,64644060,2794,27944
2094,9,0,19,6,84051420,3635,64644060,2793,27953
2095,13,1,25,0,84069000,3635,64644060,2792,27966
2096,8,0,22,3,84110520,3635,64644600,2791,27974
2097,7,0,19,6,84159540,3635,64644840,2790,27981
2098,15,0,25,0,84192180,3635,64644900,2788,27996
2099,12,0,24,1,84223560,3635,64644960,2787,28008
2100,8,0,24,1,84263460,3635,64644960,2786,28016
2101,12,0,24,1,84312420,3635,64646880,2784,28028
2102,8,0,24,1,84342180,3635,64646880,2783,28036
2103,13,5,25,0,84379800,3636,64648500,2782,28049
2104,9,0,25,0,84443640,3636,64664760,2782,28058
2105,8,0,21,4,84477600,3636,64664760,2781,28066
2106,6,0,15,10,84513720,3636,64664760,2780,28072
2107,13,0,24,1,84525240,3636,64664760,2778,28085
2108,9,1,25,0,84552300,3636,64665120,2777,28094
2109,8,0,24,1,84603900,3636,64665720,2776,28102
2110,4,0,17,8,84647820,3637,64665720,2776,28106
2111,6,0,18,7,84661860,3636,64665720,2775,28112
2112,6,0,17,8,84692820,3637,64665720,2774,28118
2113,6,0,19,6,84721080,3637,64665720,2774,28124
2114,4,0,19,6,84728220,3637,64665720,2773,28128
2115,7,0,17,8,84765840,3637,64665720,2772,28135
2116,7,0,18,7,84779820,3637,64665720,2772,28142
2117,2,0,15,10,84799920,3637,64665720,2771,28144
2118,7,0,17,8,84813960,3637,64665720,2771,28151
2119,7,0,21,4,84823440,3637,64665720,2770,28158
2120,8,0,19,6,84848880,3636,64665720,2769,28166
2121,5,0,15,10,84881040,3636,64665720,2768,28171
2122,7,0,15,10,84904260,3636,64665720,2767,28178
2123,16,2,25,0,84907500,3635,64665720,2766,28194
2124,9,0,21,4,84950520,3635,64670160,2765,28203
2125,12,0,23,2,84978600,3635,64670700,2763,28215
2126,10,0,19,6,85031880,3635,64670700,2762,28225
2127,15,0,21,4,85069080,3634,64670700,2760,28240
2128,11,0,21,4,85096800,3634,64670700,2759,28251
2129,13,0,23,2,85123080,3633,64670700,2757,28264
2130,13,1,25,0,85146420,3633,64671180,2756,28277
2131,2,0,15,10,85198800,3633,64671780,2756,28279
2132,11,0,24,1,85201920,3633,64671780,2754,28290
2133,10,0,20,5,85250160,3633,64671780,2753,28300
2134,5,0,20,5,85262520,3632,64671780,2753,28305
2135,3,0,16,9,85297980,3633,64671780,2752,28308
2136,2,0,15,10,85318620,3633,64671780,2752,28310
2137,2,0,16,9,85321680,3633,64671780,2752,28312
2138,3,0,13,12,85341540,3633,64671780,2751,28315
2139,5,0,16,9,85343760,3633,64671780,2751,28320
2140,7,0,17,8,85354680,3632,64671780,2750,28327
2141,4,0,18,7,85359540,3632,64671780,2750,28331
2142,9,0,21,4,85378080,3632,64671780,2749,28340
2143,11,0,23,2,85407780,3632,64671780,2747,28351
2144,9,0,24,1,85426560,3631,64671780,2746,28360
2145,10,0,25,0,85462680,3632,64672140,2745,28370
2146,6,0,23,2,85508040,3632,64672140,2744,28376
2147,12,3,25,0,85547340,3633,64672140,2743,28388
2148,15,5,25,0,85589100,3633,64675260,2741,28403
2149,11,3,25,0,85638660,3633,64689660,2741,28414
2150,7,0,23,2,85686420,3633,64695120,2740,28421
2151,12,1,25,0,85728600,3633,64695120,2739,28433
2152,11,0,25,0,85761480,3633,64696680,2738,28444
2153,9,0,19,6,85819080,3633,64696680,2736,28453
2154,6,0,19,6,85839540,3633,64696680,2736,28459
2155,7,0,23,2,85851600,3633,64696680,2735,28466
2156,8,0,20,5,85899300,3633,64696680,2734,28474
2157,4,0,17,8,85935300,3634,64696680,2734,28478
2158,3,0,17,8,85947000,3634,64696680,2733,28481
2159,4,0,13,12,85983960,3634,64696680,2733,28485
2160,6,0,17,8,85991160,3634,64696680,2732,28491
2161,5,0,17,8,86003940,3634,64696680,2732,28496
2162,3,0,14,11,86025660,3634,64696680,2731,28499
2163,6,0,15,10,86039100,3634,64696680,2730,28505
2164,4,0,16,9,86043060,3633,64696680,2730,28509
2165,8,0,19,6,86059380,3633,64696680,2729,28517
2166,5,0,19,6,86078100,3633,64696680,2729,28522
2167,5,0,16,9,86111100,3633,64696680,2728,28527
2168,8,0,19,6,86133240,3634,64696680,2727,28535
2169,8,0,20,5,86150400,3633,64696680,2726,28543
2170,1,0,13,12,86188620,3634,64696680,2726,28544
2171,12,0,23,2,86196360,3634,64696680,2725,28556
2172,12,0,25,0,86223120,3633,64697220,2723,28568
2173,9,0,24,1,86260620,3633,64697220,2722,28577
2174,10,0,25,0,86298780,3634,64697580,2721,28587
2175,11,0,25,0,86337360,3634,64697880,2720,28598
2176,8,0,21,4,86392980,3634,64697880,2719,28606
2177,7,0,21,4,86413020,3634,64697880,2718,28613
2178,7,0,22,3,86442900,3634,64697880,2717,28620
2179,8,0,21,4,86482140,3634,64697880,2716,28628
2180,6,0,19,6,86515620,3635,64697880,2716,28634
2181,4,0,18,7,86530920,3634,64697880,2715,28638
2182,5,0,20,5,86555580,3635,64697880,2715,28643
2183,4,0,18,7,86583720,3635,64697880,2714,28647
2184,7,0,18,7,86604720,3635,64697880,2713,28654
2185,3,0,14,11,86629260,3635,64697880,2713,28657
2186,8,0,17,8,86644440,3635,64697880,2712,28665
2187,3,0,15,10,86656920,3635,64697880,2712,28668
2188,5,0,14,11,86674680,3635,64697880,2711,28673
2189,9,0,18,7,86692440,3635,64697880,2710,28682
2190,11,0,24,1,86706420,3634,64697880,2709,28693
2191,6,0,18,7,86750400,3634,64697880,2708,28699
2192,7,0,17,8,86775600,3634,64697880,2708,28706
2193,9,0,20,5,86784720,3634,64697880,2707,28715
2194,9,0,20,5,86819640,3634,64697880,2706,28724
2195,17,6,25,0,86842200,3634,64699320,2704,28741
2196,13,9,25,0,86887860,3634,64706640,2703,28754
2197,13,14,25,0,86932440,3635,64719960,2702,28767
2198,12,15,25,0,86985660,3635,64726800,2701,28779
2199,6,10,25,0,87029580,3636,64753920,2701,28785
2200,12,1,25,0,87083100,3635,64867140,2704,28797
2201,11,0,24,1,87119760,3634,64869480,2703,28808
2202,14,0,25,0,87167580,3634,64871280,2702,28822
2203,5,0,23,2,87195180,3634,64871280,2701,28827
2204,8,0,18,7,87252420,3635,64871280,2700,28835
2205,10,0,24,1,87261660,3634,64871280,2699,28845
2206,6,0,21,4,87295860,3635,64871280,2698,28851
2207,5,0,16,9,87333720,3635,64871280,2698,28856
2208,6,0,17,8,87353820,3635,64871280,2697,28862
2209,5,0,13,12,87372360,3634,64871280,2697,28867
2210,1,0,13,12,87379560,3634,64871280,2697,28868
2211,4,0,14,11,87383940,3634,64871280,2696,28872
2212,4,0,16,9,87386580,3634,64871280,2696,28876
2213,6,0,17,8,87411660,3634,64871280,2695,28882
2214,6,0,17,8,87422760,3634,64871280,2694,28888
2215,11,0,21,4,87440880,3633,64871280,2693,28899
2216,15,0,25,0,87471660,3633,64874040,2691,28914
2217,9,0,25,0,87506100,3633,64875000,2691,28923
2218,6,0,18,7,87562920,3633,64875000,2690,28929
2219,4,0,15,10,87582720,3633,64875000,2689,28933
2220,5,0,16,9,87599760,3633,64875000,2689,28938
2221,8,0,17,8,87611340,3633,64875000,2688,28946
2222,11,0,20,5,87624180,3632,64875000,2687,28957
2223,5,0,15,10,87659400,3632,64875000,2686,28962
2224,6,0,17,8,87666900,3632,64875000,2686,28968
2225,8,0,21,4,87675840,3631,64875000,2685,28976
2226,11,0,21,4,87720180,3632,64875360,2683,28987
2227,10,0,22,3,87749760,3632,64875360,2682,28997
2228,3,0,17,8,87782760,3632,64875360,2682,29000
2229,6,0,17,8,87807600,3632,64875360,2681,29006
2230,8,0,15,10,87838200,3632,64875360,2680,29014
2231,5,0,16,9,87849900,3631,64875360,2680,29019
2232,5,0,16,9,87862740,3631,64875360,2679,29024
2233,5,0,16,9,87880080,3631,64875360,2679,29029
2234,6,0,20,5,87884700,3631,64875360,2678,29035
2235,5,0,16,9,87917880,3631,64875360,2678,29040
2236,7,0,21,4,87923820,3631,64875360,2677,29047
2237,4,0,17,8,87958500,3631,64875360,2676,29051
2238,3,0,13,12,87988140,3631,64875360,2676,29054
2239,5,0,15,10,87997380,3631,64875360,2675,29059
2240,7,0,16,9,88007100,3631,64875360,2675,29066
2241,4,0,13,12,88026300,3631,64875360,2674,29070
2242,8,0,19,6,88028340,3630,64875360,2673,29078
2243,10,0,18,7,88048260,3630,64875360,2672,29088
2244,12,0,21,4,88069860,3629,64875360,2671,29100
2245,13,0,23,2,88106820,3629,64876020,2670,29113
2246,11,0,22,3,88143240,3629,64876020,2668,29124
2247,6,0,16,9,88186920,3629,64876020,2668,29130
2248,5,0,15,10,88196640,3628,64876020,2667,29135
2249,10,0,18,7,88209420,3628,64876020,2666,29145
2250,10,0,21,4,88222320,3627,64876020,2665,29155
2251,8,0,23,2,88246560,3627,64876020,2664,29163
2252,5,0,18,7,88287180,3627,64876020,2663,29168
2253,12,0,22,3,88318440,3628,64876020,2662,29180
2254,5,0,18,7,88350960,3628,64876020,2662,29185
2255,2,0,16,9,88370640,3628,64876020,2661,29187
2256,3,0,15,10,88392780,3628,64876020,2661,29190
2257,6,0,19,6,88396740,3628,64876020,2660,29196
2258,6,0,19,6,88410000,3628,64876020,2660,29202
2259,7,0,16,9,88439820,3627,64876020,2659,29209
2260,3,0,14,11,88459440,3627,64876020,2659,29212
2261,5,0,15,10,88464660,3627,64876020,2658,29217
2262,7,0,18,7,88470240,3627,64876020,2657,29224
2263,0,0,13,12,88492980,3627,64876020,2657,29224
2264,4,0,12,13,88503060,3627,64876020,2657,29228
2265,6,0,18,7,88503060,3627,64876020,2656,29234
2266,10,0,20,5,88518840,3626,64876020,2655,29244
2267,6,0,19,6,88550640,3626,64876020,2655,29250
2268,5,0,18,7,88583340,3627,64876020,2654,29255
2269,14,0,25,0,88603440,3626,64876020,2652,29269
2270,8,0,21,4,88647840,3627,64876080,2652,29277
2271,8,0,21,4,88678620,3627,64876080,2651,29285
2272,12,0,23,2,88705440,3626,64877580,2650,29297
2273,6,0,20,5,88740540,3626,64877580,2649,29303
2274,10,0,24,1,88773060,3627,64877580,2648,29313
2275,6,0,19,6,88813680,3627,64877580,2647,29319
2276,6,0,18,7,88838820,3627,64877580,2646,29325
2277,4,0,15,10,88863840,3627,64877580,2646,29329
2278,6,0,17,8,88879380,3627,64877580,2645,29335
2279,9,0,19,6,88892220,3626,64877580,2644,29344
2280,8,0,19,6,88914720,3626,64877580,2644,29352
2281,5,0,17,8,88942800,3626,64877580,2643,29357
2282,2,0,16,9,88955340,3626,64877580,2643,29359
2283,5,0,16,9,88974240,3626,64877580,2642,29364
2284,3,0,14,11,88990620,3626,64877580,2642,29367
2285,6,0,17,8,89002620,3626,64877580,2641,29373
2286,9,0,20,5,89016780,3626,64877580,2640,29382
2287,5,0,20,5,89037840,3626,64877580,2640,29387
2288,8,0,14,11,89084100,3626,64877760,2639,29395
2289,8,0,19,6,89092440,3626,64877760,2638,29403
2290,6,0,19,6,89105040,3625,64877760,2637,29409
2291,14,0,21,4,89137260,3625,64877760,2636,29423
2292,7,0,20,5,89172300,3625,64877760,2635,29430
2293,8,0,22,3,89189220,3625,64877760,2634,29438
2294,9,0,23,2,89213580,3625,64877760,2633,29447
2295,12,0,21,4,89245560,3624,64877760,2632,29459
2296,12,0,24,1,89279520,3624,64877760,2631,29471
2297,13,1,25,0,89326080,3624,64880640,2630,29484
2298,9,0,24,1,89363640,3624,64881480,2629,29493
2299,8,0,23,2,89403600,3625,64881480,2628,29501
2300,1,0,14,11,89449620,3625,64881480,2628,29502
2301,7,0,20,5,89458260,3625,64881480,2627,29509
2302,3,0,17,8,89483880,3625,64881480,2627,29512
2303,5,0,15,10,89508300,3625,64881480,2626,29517
2304,5,0,19,6,89512440,3625,64881480,2626,29522
2305,2,0,18,7,89523180,3625,64881480,2625,29524
2306,11,0,23,2,89558880,3626,64881480,2624,29535
2307,3,0,21,4,89585400,3626,64881480,2624,29538
2308,2,0,18,7,89616720,3627,64881480,2624,29540
2309,6,0,18,7,89653020,3627,64881480,2623,29546
2310,9,0,18,7,89682600,3627,64881480,2622,29555
2311,8,0,20,5,89697420,3627,64881480,2621,29563
2312,7,0,21,4,89708880,3626,64881480,2620,29570
2313,7,0,21,4,89738340,3627,64881480,2620,29577
2314,16,0,23,2,89790960,3627,64881480,2618,29593
2315,11,3,25,0,89821320,3627,64887420,2617,29604
2316,7,1,25,0,89859180,3627,64896300,2617,29611
2317,14,0,25,0,89927460,3628,64899780,2615,29625
2318,12,5,25,0,89958060,3628,64906620,2615,29637
2319,9,3,25,0,90006720,3628,64919340,2614,29646
2320,8,0,19,6,90067740,3628,64935060,2614,29654
2321,10,0,22,3,90088680,3628,64935060,2613,29664
2322,3,0,17,8,90122640,3628,64935060,2612,29667
2323,3,0,14,11,90151680,3629,64935060,2612,29670
2324,3,0,14,11,90158700,3628,64935060,2612,29673
2325,8,0,18,7,90165360,3628,64935060,2611,29681
2326,6,0,17,8,90181860,3628,64935060,2610,29687
2327,2,0,14,11,90199260,3628,64935060,2610,29689
2328,8,0,19,6,90213540,3628,64935060,2609,29697
2329,4,0,19,6,90230040,3628,64935060,2609,29701
2330,5,0,18,7,90255660,3628,64935060,2608,29706
2331,7,0,18,7,90276900,3628,64935060,2608,29713
2332,6,0,18,7,90298080,3628,64935060,2607,29719
2333,6,0,19,6,90315720,3628,64935060,2606,29725
2334,5,0,16,9,90339960,3628,64935060,2606,29730
2335,12,0,24,1,90346800,3627,64935060,2605,29742
2336,4,0,17,8,90389220,3628,64935060,2604,29746
2337,7,0,17,8,90413580,3628,64935060,2603,29753
2338,9,0,20,5,90432780,3627,64935060,2602,29762
2339,6,0,18,7,90460080,3627,64935060,2602,29768
2340,5,0,17,8,90482520,3627,64935060,2601,29773
2341,12,0,21,4,90506460,3627,64935060,2600,29785
2342,11,0,23,2,90534000,3627,64935180,2599,29796
2343,9,0,21,4,90567720,3627,64935180,2598,29805
2344,12,0,22,3,90602280,3626,64935180,2597,29817
2345,8,0,23,2,90622560,3626,64935180,2596,29825
2346,9,0,20,5,90671520,3627,64935180,2595,29834
2347,12,0,25,0,90699300,3627,64936320,2594,29846
2348,12,0,25,0,90748020,3627,64936320,2592,29858
2349,5,0,18,7,90792780,3627,64936380,2592,29863
2350,8,0,20,5,90822540,3627,64936380,2591,29871
2351,3,0,16,9,90849420,3627,64936380,2591,29874
2352,8,0,19,6,90863400,3627,64936380,2590,29882
2353,7,0,18,7,90892020,3627,64936380,2589,29889
2354,20,7,25,0,90909720,3627,64937100,2587,29909
2355,25,22,25,0,90950700,3627,64943100,2585,29934
2356,28,40,25,0,90999000,3628,64948920,2583,29962
2357,33,40,25,0,91037640,3628,64965660,2583,29995
2358,31,40,25,0,91083060,3629,64992660,2583,30026
2359,29,39,25,0,91125300,3630,65042220,2584,30055
2360,28,40,25,0,91191300,3631,65073480,2584,30083
2361,32,38,25,0,91237920,3631,65157240,2586,30115
2362,32,39,25,0,91271640,3631,65213700,2588,30147
2363,33,40,25,0,91325220,3632,65285100,2589,30180
2364,34,40,25,0,91384800,3632,65365020,2591,30214
2365,34,40,25,0,91426860,3632,65470200,2594,30248
2366,31,40,25,0,91466280,3632,65623680,2600,30279
2367,34,40,25,0,91518420,3633,65643300,2599,30313
2368,33,37,25,0,91576980,3633,65749800,2602,30346
2369,29,40,25,0,91607520,3632,65842500,2604,30375
2370,27,39,25,0,91659240,3633,65906880,2605,30402
2371,27,39,25,0,91710300,3632,65995380,2607,30429
2372,32,40,25,0,91740240,3632,66024540,2607,30461
2373,39,40,25,0,91802580,3632,66117780,2609,30500
2374,31,40,25,0,91856820,3631,66142620,2608,30531
2375,39,38,25,0,91894020,3631,66169500,2608,30570
2376,36,40,25,0,91937280,3631,66215340,2608,30606
2377,32,40,25,0,91989120,3631,66240300,2608,30638
2378,26,40,25,0,92019240,3630,66244320,2607,30664
2379,32,39,25,0,92070240,3631,66260100,2607,30696
2380,33,40,25,0,92118540,3632,66288540,2607,30729
2381,29,40,25,0,92180400,3632,66342660,2607,30758
2382,34,39,25,0,92218260,3632,66354480,2606,30792
2383,30,37,25,0,92274300,3631,66493020,2610,30822
2384,36,40,25,0,92310840,3631,66514980,2610,30858
2385,30,40,25,0,92350680,3631,66592320,2612,30888
2386,24,40,25,0,92401020,3631,66616020,2611,30912
2387,21,40,25,0,92443800,3631,66648600,2611,30933
2388,36,38,25,0,92503680,3631,66720900,2612,30969
2389,30,40,25,0,92542080,3631,66744000,2612,30999
2390,37,40,25,0,92589780,3631,66777540,2612,31036
2391,38,40,25,0,92640240,3631,66795960,2612,31074
2392,28,38,25,0,92693640,3631,66944940,2616,31102
2393,27,40,25,0,92737800,3631,66953160,2615,31129
2394,37,40,25,0,92779560,3631,67016940,2616,31166
2395,34,39,25,0,92828700,3631,67040520,2616,31200
2396,37,40,25,0,92865660,3631,67045620,2615,31237
2397,33,40,25,0,92933880,3631,67076220,2614,31270
2398,28,37,25,0,92978340,3630,67381080,2624,31298
2399,29,40,25,0,93011640,3630,67385520,2623,31327

