Hour,Arrivals,Waiting,Treating,Available Rooms,Total Treatment Time,Average Treatment Time,Total Wait Time,Average Wait Time,Total Arrivals
1,3,0,2,23,2880,2880,0,0,3
2,5,0,5,20,6240,2080,0,0,8
3,3,0,4,21,15720,2245,0,0,11
4,5,0,4,21,32460,2705,0,0,16
5,12,0,11,14,47160,2774,0,0,28
6,9,0,6,19,77040,2485,0,0,37
7,5,0,4,21,100560,2646,0,0,42
8,14,0,15,10,112320,2739,0,0,56
9,7,0,10,15,155340,2930,0,0,63
10,12,0,16,9,193200,3274,0,0,75
11,4,0,6,19,258360,3539,0,0,79
12,6,0,7,18,281280,3606,0,0,85
13,9,0,11,14,308940,3722,0,0,94
14,12,0,10,15,350640,3652,0,0,106
15,13,0,14,11,377400,3594,0,0,119
16,10,0,7,18,431640,3538,0,0,129
17,4,0,6,19,454320,3577,0,0,133
18,10,0,8,17,481920,3569,0,0,143
19,8,0,12,13,505560,3637,0,0,151
20,9,0,5,20,558900,3605,0,0,160
21,7,0,5,20,571800,3529,0,0,167
22,7,0,7,18,588840,3525,0,0,174
23,1,0,4,21,611460,3575,0,0,175
24,1,0,1,24,631440,3608,0,0,176
25,3,0,3,22,632220,3592,0,0,179
26,4,0,3,22,637260,3540,0,0,183
27,7,0,4,21,655320,3523,0,0,190
28,5,0,6,19,663300,3509,0,0,195
29,11,0,9,16,692520,3515,0,0,206
30,9,0,9,16,712980,3461,0,0,215
31,4,0,5,20,741840,3466,0,0,219
32,5,0,5,20,775860,3542,0,0,224
33,8,0,7,18,792840,3523,0,0,232
34,12,0,12,13,810240,3492,0,0,244
35,11,0,11,14,850380,3485,0,0,255
36,12,0,8,17,900480,3476,0,0,267
37,11,0,9,16,923640,3433,0,0,278
38,17,0,16,9,955920,3426,0,0,295
39,4,0,7,18,1009320,3456,0,0,299
40,14,0,11,14,1051380,3481,0,0,313
41,11,0,15,10,1069620,3461,0,0,324
42,8,0,7,18,1137840,3501,0,0,332
43,8,0,6,19,1172280,3509,0,0,340
44,5,0,6,19,1198440,3535,0,0,345
45,8,0,10,15,1216980,3548,0,0,353
46,6,0,6,19,1247940,3535,0,0,359
47,6,0,6,19,1269780,3536,0,0,365
48,2,0,4,21,1286340,3543,0,0,367
49,5,0,4,21,1305840,3548,0,0,372
50,3,0,2,23,1326420,3556,0,0,375
51,3,0,5,20,1326420,3556,0,0,378
52,5,0,6,19,1345200,3568,0,0,383
53,8,0,7,18,1364880,3554,0,0,391
54,2,0,4,21,1381200,3550,0,0,393
55,4,0,4,21,1416420,3604,0,0,397
56,8,0,10,15,1423440,3603,0,0,405
57,7,0,7,18,1465500,3618,0,0,412
58,10,0,9,16,1483140,3591,0,0,422
59,10,0,12,13,1508760,3592,0,0,432
60,15,0,16,9,1551660,3600,0,0,447
61,6,0,9,16,1609320,3624,0,0,453
62,16,0,13,12,1647600,3613,0,0,469
63,7,0,12,13,1684320,3630,0,0,476
64,11,0,13,12,1729500,3648,0,0,487
65,11,0,8,17,1790160,3653,0,0,498
66,8,0,8,17,1812780,3640,0,0,506
67,9,0,10,15,1833960,3631,0,0,515
68,8,0,10,15,1865040,3635,0,0,523
69,4,0,4,21,1901340,3635,0,0,527
70,5,0,6,19,1911000,3633,0,0,532
71,5,0,5,20,1928400,3624,0,0,537
72,8,0,10,15,1940760,3627,0,0,545
73,3,0,6,19,1970400,3635,0,0,548
74,10,0,12,13,1986720,3638,0,0,558
75,8,0,10,15,2027160,3645,0,0,566
76,5,0,6,19,2059500,3645,0,0,571
77,4,0,3,22,2104380,3678,0,0,575
78,3,0,4,21,2111700,3678,0,0,578
79,11,0,6,19,2137680,3666,0,0,589
80,12,0,10,15,2155320,3646,0,0,601
81,11,0,11,14,2182500,3631,0,0,612
82,15,0,18,7,2212020,3632,0,0,627
83,8,0,12,13,2264160,3634,0,0,635
84,12,0,13,12,2319660,3658,0,0,647
85,10,0,10,15,2365260,3655,0,0,657
86,15,0,13,12,2415900,3666,0,0,672
87,11,0,12,13,2458920,3664,0,0,683
88,14,0,13,12,2501640,3657,0,0,697
89,13,0,11,14,2561760,3664,0,0,710
90,7,0,9,16,2593920,3663,0,0,717
91,4,0,4,21,2640360,3682,0,0,721
92,10,0,8,17,2662740,3682,0,0,731
93,3,0,7,18,2674980,3679,0,0,734
94,8,0,5,20,2718600,3688,0,0,742
95,9,0,8,17,2732760,3678,0,0,751
96,4,0,8,17,2748360,3679,0,0,755
97,7,0,8,17,2775660,3681,0,0,762
98,6,0,5,20,2801100,3671,0,0,768
99,7,0,6,19,2833980,3685,0,0,775
100,7,0,7,18,2847720,3674,0,0,782
101,10,0,7,18,2874600,3661,0,0,792
102,7,0,8,17,2902260,3669,0,0,799
103,5,0,7,18,2924220,3669,0,0,804
104,4,0,7,18,2938860,3668,0,0,808
105,6,0,7,18,2970420,3680,0,0,814
106,7,0,9,16,2995200,3688,0,0,821
107,11,0,12,13,3031380,3696,0,0,832
108,11,0,13,12,3060840,3687,0,0,843
109,12,0,12,13,3106680,3685,0,0,855
110,16,0,19,6,3149400,3696,0,0,871
111,14,0,15,10,3215400,3695,0,0,885
112,10,0,14,11,3282600,3725,0,0,895
113,10,0,11,14,3330000,3724,0,0,905
114,5,0,11,14,3350280,3726,0,0,910
115,5,0,8,17,3400020,3748,0,0,915
116,5,0,5,20,3440940,3760,0,0,920
117,4,0,6,19,3445920,3753,0,0,924
118,6,0,6,19,3482700,3769,0,0,930
119,4,0,5,20,3496080,3763,0,0,934
120,5,0,5,20,3515880,3764,0,0,939
121,4,0,4,21,3533880,3763,0,0,943
122,3,0,5,20,3536580,3758,0,0,946
123,10,0,10,15,3563580,3766,0,0,956
124,6,0,8,17,3577680,3750,0,0,962
125,3,0,7,18,3603660,3761,0,0,965
126,5,0,5,20,3632160,3763,0,0,970
127,11,0,8,17,3656040,3757,0,0,981
128,7,0,9,16,3670380,3749,0,0,988
129,13,0,10,15,3707400,3741,0,0,1001
130,8,0,7,18,3744300,3736,0,0,1009
131,12,0,8,17,3775500,3727,0,0,1021
132,11,0,15,10,3788760,3725,0,0,1032
133,9,0,14,11,3837960,3737,0,0,1041
134,8,0,9,16,3899280,3749,0,0,1049
135,10,0,9,16,3937440,3749,0,0,1059
136,12,0,14,11,3954720,3741,0,0,1071
137,4,0,9,16,4000680,3752,0,0,1075
138,16,0,13,12,4049100,3756,0,0,1091
139,5,0,6,19,4085340,3748,0,0,1096
140,17,0,14,11,4109400,3739,0,0,1113
141,10,0,13,12,4151460,3740,0,0,1123
142,5,0,6,19,4197180,3740,0,0,1128
143,3,0,3,22,4226220,3746,0,0,1131
144,2,0,0,25,4241040,3743,0,0,1133
145,4,0,3,22,4243740,3742,0,0,1137
146,3,0,4,21,4253400,3744,0,0,1140
147,2,0,2,23,4259580,3736,0,0,1142
148,3,0,2,23,4274280,3739,0,0,1145
149,5,0,6,19,4276380,3738,0,0,1150
150,4,0,7,18,4285380,3736,0,0,1154
151,5,0,9,16,4303380,3742,0,0,1159
152,4,0,5,20,4339980,3747,0,0,1163
153,4,0,5,20,4359780,3751,0,0,1167
154,14,0,11,14,4390260,3752,0,0,1181
155,10,0,13,12,4415520,3748,0,0,1191
156,9,0,11,14,4459920,3750,0,0,1200
157,19,0,17,8,4498860,3742,0,0,1219
158,13,0,13,12,4546680,3729,0,0,1232
159,5,0,6,19,4606440,3742,0,0,1237
160,8,0,8,17,4626120,3739,0,0,1245
161,10,0,8,17,4661160,3737,0,0,1255
162,9,0,9,16,4694280,3740,0,0,1264
163,7,0,8,17,4732080,3746,0,0,1271
164,10,0,6,19,4762920,3735,0,0,1281
165,6,0,7,18,4776420,3731,0,0,1287
166,2,0,4,21,4805700,3739,0,0,1289
167,5,0,4,21,4825440,3740,0,0,1294
168,1,0,2,23,4829820,3735,0,0,1295
169,6,0,3,22,4846260,3733,0,0,1301
170,6,0,6,19,4853580,3730,0,0,1307
171,3,0,6,19,4865160,3730,0,0,1310
172,5,0,6,19,4889040,3734,0,0,1315
173,9,0,6,19,4926360,3737,0,0,1324
174,13,0,8,17,4944420,3720,0,0,1337
175,3,0,5,20,4969560,3722,0,0,1340
176,8,0,10,15,4984140,3725,0,0,1348
177,10,0,10,15,5024100,3727,0,0,1358
178,12,0,7,18,5058300,3711,0,0,1370
179,9,0,10,15,5079960,3710,0,0,1379
180,10,0,10,15,5105700,3702,0,0,1389
181,9,0,10,15,5131920,3697,0,0,1398
182,10,0,11,14,5164260,3696,0,0,1408
183,12,0,16,9,5188800,3695,0,0,1420
184,7,0,11,14,5239140,3699,0,0,1427
185,8,0,9,16,5296140,3713,0,0,1435
186,8,0,11,14,5318340,3713,0,0,1443
187,7,0,9,16,5351220,3713,0,0,1450
188,5,0,4,21,5392740,3716,0,0,1455
189,7,0,5,20,5407860,3711,0,0,1462
190,2,0,2,23,5424960,3710,0,0,1464
191,7,0,4,21,5439300,3707,0,0,1471
192,9,0,8,17,5447160,3700,0,0,1480
193,5,0,8,17,5472060,3704,0,0,1485
194,5,0,5,20,5503560,3706,0,0,1490
195,3,0,4,21,5529840,3713,0,0,1493
196,2,0,3,22,5541960,3714,0,0,1495
197,11,0,13,12,5544960,3713,0,0,1506
198,11,0,11,14,5580060,3705,0,0,1517
199,11,0,7,18,5627040,3699,0,0,1528
200,6,0,7,18,5649240,3699,0,0,1534
201,10,0,10,15,5673660,3698,0,0,1544
202,11,0,14,11,5699220,3698,0,0,1555
203,8,0,11,14,5748480,3703,0,0,1563
204,9,0,8,17,5795220,3705,0,0,1572
205,5,0,8,17,5814360,3705,0,0,1577
206,11,0,13,12,5844000,3710,0,0,1588
207,16,0,17,8,5886120,3708,0,0,1604
208,8,0,11,14,5952900,3718,0,0,1612
209,9,0,9,16,5993640,3718,0,0,1621
210,6,0,6,19,6027240,3718,0,0,1627
211,9,0,7,18,6059940,3720,0,0,1636
212,12,0,15,10,6066300,3714,0,0,1648
213,5,0,9,16,6127260,3727,0,0,1653
214,7,0,5,20,6174420,3730,0,0,1660
215,8,0,7,18,6199200,3732,0,0,1668
216,10,0,11,14,6219120,3730,0,0,1678
217,3,0,5,20,6250860,3729,0,0,1681
218,5,0,6,19,6269880,3732,0,0,1686
219,6,0,5,20,6287760,3727,0,0,1692
220,8,0,7,18,6306600,3725,0,0,1700
221,7,0,6,19,6331860,3722,0,0,1707
222,2,0,4,21,6342960,3720,0,0,1709
223,8,0,8,17,6364620,3724,0,0,1717
224,8,0,10,15,6380280,3720,0,0,1725
225,10,0,7,18,6431400,3721,0,0,1735
226,12,0,11,14,6455040,3718,0,0,1747
227,7,0,8,17,6490980,3717,0,0,1754
228,8,0,9,16,6511380,3714,0,0,1762
229,11,0,9,16,6543960,3709,0,0,1773
230,8,0,4,21,6586080,3706,0,0,1781
231,9,0,8,17,6599940,3703,0,0,1790
232,14,0,10,15,6636240,3699,0,0,1804
233,10,0,14,11,6648960,3693,0,0,1814
234,15,0,13,12,6709020,3694,0,0,1829
235,10,0,10,15,6748500,3689,0,0,1839
236,6,0,3,22,6785460,3683,0,0,1845
237,9,0,6,19,6815820,3688,0,0,1854
238,5,0,8,17,6825480,3687,0,0,1859
239,7,0,4,21,6870960,3690,0,0,1866
240,6,0,3,22,6885780,3684,0,0,1872
241,2,0,1,24,6896880,3682,0,0,1874
242,11,0,9,16,6899460,3677,0,0,1885
243,6,0,8,17,6917880,3673,0,0,1891
244,7,0,7,18,6939180,3669,0,0,1898
245,8,0,8,17,6978000,3676,0,0,1906
246,6,0,6,19,7005060,3675,0,0,1912
247,10,0,5,20,7031220,3667,0,0,1922
248,5,0,7,18,7038240,3665,0,0,1927
249,10,0,9,16,7061880,3662,0,0,1937
250,12,0,11,14,7099140,3663,0,0,1949
251,8,0,6,19,7151640,3665,0,0,1957
252,12,0,7,18,7189140,3664,0,0,1969
253,10,0,10,15,7202760,3658,0,0,1979
254,8,0,8,17,7233840,3655,0,0,1987
255,11,0,10,15,7257420,3650,0,0,1998
256,10,0,7,18,7301220,3648,0,0,2008
257,15,0,11,14,7329420,3642,0,0,2023
258,15,0,17,8,7354860,3639,0,0,2038
259,6,0,11,14,7404000,3641,0,0,2044
260,11,0,10,15,7461240,3648,0,0,2055
261,3,0,7,18,7491660,3652,0,0,2058
262,8,0,7,18,7530360,3657,0,0,2066
263,7,0,11,14,7539840,3656,0,0,2073
264,12,0,11,14,7580580,3655,0,0,2085
265,3,0,7,18,7621560,3662,0,0,2088
266,3,0,3,22,7649220,3663,0,0,2091
267,3,0,4,21,7673520,3671,0,0,2094
268,7,0,7,18,7684920,3669,0,0,2101
269,2,0,7,18,7697460,3672,0,0,2103
270,7,0,6,19,7738320,3677,0,0,2110
271,5,0,7,18,7754280,3678,0,0,2115
272,6,0,4,21,7782840,3676,0,0,2121
273,5,0,3,22,7805580,3676,0,0,2126
274,10,0,6,19,7821060,3671,0,0,2136
275,12,0,10,15,7838040,3666,0,0,2148
276,11,0,10,15,7879560,3666,0,0,2159
277,9,0,10,15,7913940,3667,0,0,2168
278,15,0,14,11,7948560,3664,0,0,2183
279,13,0,17,8,7978980,3661,0,0,2196
280,16,0,17,8,8043420,3664,0,0,2212
281,7,0,13,12,8092740,3668,0,0,2219
282,13,0,8,17,8165580,3671,0,0,2232
283,4,0,3,22,8202720,3673,0,0,2236
284,12,0,8,17,8215800,3667,0,0,2248
285,7,0,8,17,8234160,3664,0,0,2255
286,6,0,7,18,8274000,3670,0,0,2261
287,10,0,6,19,8305920,3667,0,0,2271
288,8,0,6,19,8338680,3668,0,0,2279
289,5,0,6,19,8349120,3665,0,0,2284
290,7,0,10,15,8365560,3667,0,0,2291
291,6,0,5,20,8404620,3666,0,0,2297
292,5,0,4,21,8415900,3662,0,0,2302
293,9,0,7,18,8431620,3659,0,0,2311
294,10,0,8,17,8455500,3655,0,0,2321
295,5,0,6,19,8472240,3651,0,0,2326
296,11,0,10,15,8499600,3652,0,0,2337
297,11,0,13,12,8514840,3646,0,0,2348
298,15,0,10,15,8582940,3647,0,0,2363
299,8,0,9,16,8620440,3649,0,0,2371
300,13,0,16,9,8644980,3650,0,0,2384
301,7,0,10,15,8701500,3654,0,0,2391
302,10,0,8,17,8752380,3657,0,0,2401
303,14,0,13,12,8773260,3652,0,0,2415
304,13,0,15,10,8817780,3654,0,0,2428
305,7,0,12,13,8854020,3654,0,0,2435
306,14,0,14,11,8905920,3657,0,0,2449
307,4,0,8,17,8948100,3659,0,0,2453
308,11,0,8,17,8985120,3658,0,0,2464
309,7,0,10,15,8997900,3656,0,0,2471
310,4,0,3,22,9059220,3664,0,0,2475
311,5,0,7,18,9066540,3666,0,0,2480
312,2,0,4,21,9085200,3666,0,0,2482
313,3,0,4,21,9102480,3668,0,0,2485
314,7,0,8,17,9117120,3670,0,0,2492
315,5,0,6,19,9143820,3670,0,0,2497
316,9,0,8,17,9175740,3673,0,0,2506
317,6,0,6,19,9198060,3670,0,0,2512
318,6,0,6,19,9216900,3669,0,0,2518
319,7,0,6,19,9232380,3665,0,0,2525
320,7,0,8,17,9250800,3665,0,0,2532
321,8,0,8,17,9283020,3666,0,0,2540
322,11,0,11,14,9308520,3664,0,0,2551
323,9,0,8,17,9344640,3661,0,0,2560
324,7,0,6,19,9390060,3666,0,0,2567
325,13,0,13,12,9404940,3663,0,0,2580
326,16,0,17,8,9440820,3660,0,0,2596
327,11,0,10,15,9505320,3660,0,0,2607
328,8,0,7,18,9552120,3662,0,0,2615
329,5,0,5,20,9573120,3660,0,0,2620
330,7,0,5,20,9600480,3661,0,0,2627
331,9,0,10,15,9615300,3661,0,0,2636
332,6,0,5,20,9658560,3662,0,0,2642
333,0,0,0,25,9679740,3663,0,0,2642
334,5,0,2,23,9683760,3661,0,0,2647
335,7,0,7,18,9684960,3658,0,0,2654
336,4,0,4,21,9704940,3656,0,0,2658
337,3,0,2,23,9723900,3656,0,0,2661
338,11,0,11,14,9732900,3657,0,0,2672
339,15,0,19,6,9749040,3654,0,0,2687
340,26,3,25,0,9799800,3649,540,0,2713
341,32,12,25,0,9901980,3656,7560,2,2745
342,24,27,25,0,9946680,3660,11820,4,2769
343,30,40,25,0,10055100,3679,36300,13,2799
344,30,39,25,0,10164900,3689,60420,21,2829
345,34,37,25,0,10268160,3697,85740,30,2863
346,26,35,25,0,10346520,3701,229080,80,2889
347,28,36,25,0,10443360,3700,251100,87,2917
348,25,36,25,0,10533840,3701,319440,109,2942
349,26,40,25,0,10601820,3701,342060,116,2968
350,29,35,25,0,10709460,3703,487140,165,2997
351,23,11,25,0,10819140,3681,1156200,389,3020
352,27,0,25,0,10890240,3658,1241820,413,3047
353,32,10,25,0,10961760,3655,1243500,409,3079
354,37,30,25,0,11049900,3663,1252560,408,3116
355,34,40,25,0,11122980,3672,1261260,407,3150
356,25,40,25,0,11234700,3688,1280940,411,3175
357,32,40,25,0,11313000,3689,1314180,420,3207
358,31,37,25,0,11430900,3699,1408860,447,3238
359,29,38,25,0,11508660,3695,1468080,462,3267
360,24,32,25,0,11611260,3693,1593720,497,3291
361,30,39,25,0,11699220,3694,1611060,498,3321
362,26,38,25,0,11775360,3694,1650960,508,3347
363,34,39,25,0,11872320,3695,1727160,527,3381
364,31,40,25,0,11954040,3695,1752660,531,3412
365,24,31,25,0,12049380,3688,1947360,586,3436
366,40,40,25,0,12127980,3681,2225880,663,3476
367,40,40,25,0,12212040,3690,2251440,667,3516
368,30,40,25,0,12288180,3697,2275920,671,3546
369,26,26,25,0,12435960,3701,2511300,736,3572
370,32,29,25,0,12500640,3688,2874660,835,3604
371,34,37,25,0,12586440,3691,2888160,832,3638
372,32,40,25,0,12672720,3696,2941320,842,3670
373,28,38,25,0,12765840,3700,2957220,841,3698
374,34,40,25,0,12866160,3703,2977080,841,3732
375,30,37,25,0,12941400,3701,3003780,844,3762
376,32,39,25,0,13031640,3707,3107340,868,3794
377,24,39,25,0,13123500,3709,3144060,873,3818
378,25,34,25,0,13220820,3713,3213540,887,3843
379,28,28,25,0,13322340,3706,3569580,978,3871
380,39,40,25,0,13393140,3710,3580920,974,3910
381,33,40,25,0,13479420,3712,3608520,976,3943
382,30,37,25,0,13586940,3711,3758160,1009,3973
383,47,40,25,0,13673520,3708,3786420,1009,4020
384,31,40,25,0,13747440,3708,3815760,1011,4051
385,23,31,25,0,13854840,3709,4043760,1066,4074
386,30,39,25,0,13937040,3709,4133220,1081,4104
387,27,40,25,0,14026980,3711,4198740,1092,4131
388,33,37,25,0,14116140,3712,4230360,1094,4164
389,30,39,25,0,14177100,3712,4260120,1097,4194
390,25,38,25,0,14308320,3721,4287600,1097,4219
391,27,35,25,0,14389260,3718,4393800,1118,4246
392,34,40,25,0,14485500,3717,4502100,1136,4280
393,36,40,25,0,14557260,3718,4521780,1136,4316
394,32,32,25,0,14668440,3713,4864260,1214,4348
395,29,37,25,0,14742180,3709,4918260,1218,4377
396,27,37,25,0,14835060,3716,4932420,1216,4404
397,22,35,25,0,14914560,3719,4965660,1220,4426
398,33,40,25,0,15028920,3721,5007480,1221,4459
399,28,35,25,0,15119760,3724,5026980,1220,4487
400,29,31,25,0,15199620,3713,5238120,1262,4516
401,32,40,25,0,15263340,3715,5263920,1261,4548
402,32,40,25,0,15364080,3724,5285280,1262,4580
403,35,34,25,0,15482160,3727,5421420,1287,4615
404,32,40,25,0,15556800,3723,5497560,1295,4647
405,32,37,25,0,15659760,3724,5529780,1295,4679
406,26,24,25,0,15751860,3711,6633300,1545,4705
407,25,24,25,0,15832140,3708,6967800,1613,4730
408,35,35,25,0,15905400,3704,7447080,1711,4765
409,45,40,25,0,16004460,3712,7457340,1704,4810
410,22,40,25,0,16086540,3719,7492620,1707,4832
411,30,39,25,0,16183500,3723,7519200,1705,4862
412,28,29,25,0,16287540,3716,7740840,1745,4890
413,37,39,25,0,16370940,3715,7803840,1746,4927
414,30,40,25,0,16428180,3720,7818720,1745,4957
415,28,29,25,0,16558020,3718,8129700,1803,4985
416,33,34,25,0,16651320,3715,8365980,1842,5018
417,27,37,25,0,16710600,3717,8387520,1840,5045
418,30,27,25,0,16835280,3714,8722020,1903,5075
419,34,36,25,0,16920900,3713,8779740,1901,5109
420,26,36,25,0,17001600,3715,8795640,1896,5135
421,26,35,25,0,17090760,3712,8933700,1916,5161
422,35,40,25,0,17167860,3717,8944680,1910,5196
423,35,37,25,0,17286900,3721,9007080,1913,5231
424,32,37,25,0,17359200,3711,9115740,1923,5263
425,41,40,25,0,17462880,3717,9126960,1917,5304
426,39,40,25,0,17546640,3715,9170940,1915,5343
427,32,40,25,0,17632260,3710,9267000,1924,5375
428,32,40,25,0,17704980,3709,9284400,1919,5407
429,34,38,25,0,17801580,3708,9357120,1924,5441
430,30,35,25,0,17899140,3704,9523380,1946,5471
431,36,40,25,0,17976780,3703,9530820,1937,5507
432,29,29,25,0,18086220,3697,9989100,2020,5536
433,24,22,25,0,18178500,3693,10862460,2186,5560
434,36,39,25,0,18246900,3695,10868940,2172,5596
435,25,39,25,0,18338460,3701,10892040,2171,5621
436,27,31,25,0,18472800,3704,11027100,2187,5648
437,31,40,25,0,18512640,3697,11032620,2175,5679
438,32,40,25,0,18601500,3699,11068380,2173,5711
439,40,40,25,0,18714840,3700,11144880,2177,5751
440,31,38,25,0,18792540,3692,11323620,2198,5782
441,36,40,25,0,18876300,3694,11338620,2191,5818
442,31,33,25,0,18997560,3694,11421300,2196,5849
443,29,32,25,0,19087560,3690,11462520,2192,5878
444,29,37,25,0,19163880,3688,11533800,2193,5907
445,31,36,25,0,19271460,3692,11612820,2201,5938
446,32,40,25,0,19344360,3690,11631120,2192,5970
447,28,33,25,0,19445220,3690,11741700,2204,5998
448,31,38,25,0,19521720,3691,11753280,2196,6029
449,32,39,25,0,19615080,3690,11840640,2201,6061
450,31,37,25,0,19698960,3685,12024840,2225,6092
451,26,31,25,0,19792080,3680,12350700,2273,6118
452,29,31,25,0,19886400,3678,12582780,2305,6147
453,20,34,25,0,19968840,3682,12600420,2298,6167
454,35,40,25,0,20053980,3686,12608760,2291,6202
455,32,40,25,0,20123040,3688,12658320,2294,6234
456,38,36,25,0,20269560,3688,12764760,2297,6272
457,29,36,25,0,20333160,3686,12796620,2294,6301
458,39,40,25,0,20410800,3689,12806760,2288,6340
459,23,19,25,0,20520540,3680,14382660,2559,6363
460,29,10,25,0,20600280,3669,14882040,2634,6392
461,39,28,25,0,20689440,3671,14889360,2618,6431
462,32,40,25,0,20756760,3674,14898720,2607,6463
463,32,38,25,0,20866080,3680,14946900,2607,6495
464,34,40,25,0,20962140,3684,14991300,2605,6529
465,25,34,25,0,21056700,3681,15091920,2611,6554
466,34,39,25,0,21124620,3680,15100440,2601,6588
467,35,36,25,0,21238620,3678,15200880,2605,6623
468,31,27,25,0,21334860,3669,15598680,2660,6654
469,35,38,25,0,21408000,3668,15606180,2646,6689
470,30,40,25,0,21473460,3670,15619440,2641,6719
471,29,21,25,0,21612480,3665,16051260,2701,6748
472,27,1,25,0,21700740,3651,16429920,2753,6775
473,27,8,25,0,21761280,3649,16430220,2741,6802
474,31,25,25,0,21837540,3653,16440060,2727,6833
475,20,30,25,0,21925980,3659,16465020,2724,6853
476,33,37,25,0,22032720,3665,16484880,2714,6886
477,30,37,25,0,22133220,3669,16540560,2714,6916
478,27,33,25,0,22222200,3667,16630560,2718,6943
479,33,38,25,0,22315860,3667,16662000,2710,6976
480,44,40,25,0,22377900,3668,16677720,2705,7020
481,25,21,25,0,22501440,3663,17019060,2750,7045
482,31,29,25,0,22577880,3662,17068020,2744,7076
483,39,40,25,0,22662240,3662,17075460,2732,7115
484,25,32,25,0,22765080,3664,17231820,2749,7140
485,35,39,25,0,22837320,3661,17276340,2742,7175
486,32,40,25,0,22912320,3665,17285280,2737,7207
487,39,39,25,0,23040180,3666,17345220,2732,7246
488,37,38,25,0,23109120,3663,17467080,2742,7283
489,34,39,25,0,23219100,3663,17514360,2737,7317
490,27,30,25,0,23299380,3657,17774760,2766,7344
491,31,32,25,0,23374800,3652,18054900,2796,7375
492,34,39,25,0,23479200,3656,18084660,2788,7409
493,36,37,25,0,23565420,3655,18160500,2791,7445
494,41,37,25,0,23677560,3655,18200340,2782,7486
495,39,39,25,0,23740380,3651,18222780,2776,7525
496,38,40,25,0,23850900,3653,18235140,2765,7563
497,27,40,25,0,23913480,3654,18254340,2763,7590
498,37,35,25,0,24017640,3655,18331200,2764,7627
499,39,40,25,0,24109320,3654,18406320,2762,7666
500,30,35,25,0,24205980,3650,18636660,2785,7696
501,28,38,25,0,24275820,3651,18649920,2779,7724
502,26,39,25,0,24355860,3652,18682020,2775,7750
503,16,5,25,0,24492120,3645,19983720,2961,7766
504,15,0,16,9,24551280,3638,20227020,2990,7781
505,8,0,9,16,24594660,3637,20227020,2987,7789
506,5,0,5,20,24647640,3640,20227020,2985,7794
507,2,0,2,23,24673800,3641,20227020,2984,7796
508,7,0,6,19,24680040,3640,20227020,2981,7803
509,5,0,5,20,24696000,3639,20227020,2978,7808
510,6,0,4,21,24711960,3638,20227020,2976,7814
511,11,0,9,16,24724380,3637,20227020,2971,7825
512,8,0,6,19,24760260,3636,20227020,2968,7833
513,4,0,4,21,24788100,3637,20227020,2966,7837
514,18,0,15,10,24803040,3635,20227020,2958,7855
515,9,0,9,16,24848100,3634,20227020,2954,7864
516,11,0,10,15,24871980,3632,20227020,2949,7875
517,13,0,10,15,24916380,3632,20227020,2944,7888
518,12,0,13,12,24943020,3631,20227020,2939,7900
519,8,0,10,15,24992700,3632,20227020,2935,7908
520,9,0,7,18,25041780,3633,20227020,2931,7917
521,12,0,11,14,25064160,3632,20227020,2926,7929
522,9,0,13,12,25086300,3632,20227020,2922,7938
523,5,0,6,19,25146600,3634,20227020,2920,7943
524,9,0,8,17,25171080,3634,20227020,2917,7952
525,9,0,8,17,25210260,3635,20227020,2913,7961
526,6,0,6,19,25238040,3635,20227020,2910,7967
527,8,0,7,18,25252200,3633,20227020,2907,7975
528,6,0,4,21,25293420,3634,20227020,2904,7981
529,1,0,1,24,25312080,3635,20227020,2904,7982
530,9,0,7,18,25317360,3634,20227020,2900,7991
531,5,0,4,21,25349400,3634,20227020,2898,7996
532,9,0,10,15,25356300,3634,20227020,2894,8005
533,6,0,5,20,25390020,3633,20227020,2892,8011
534,10,0,7,18,25418580,3633,20227020,2888,8021
535,12,0,7,18,25446660,3631,20227020,2883,8033
536,6,0,6,19,25466940,3630,20227020,2880,8039
537,7,0,3,22,25498080,3629,20227020,2878,8046
538,5,0,3,22,25512300,3629,20227020,2876,8051
539,14,0,12,13,25528200,3628,20227020,2870,8065
540,12,0,12,13,25564800,3627,20227020,2865,8077
541,6,0,8,17,25611300,3629,20227020,2862,8083
542,12,0,6,19,25656000,3628,20227020,2858,8095
543,5,0,6,19,25672440,3628,20227020,2856,8100
544,5,0,6,19,25689120,3627,20227020,2854,8105
545,3,0,2,23,25726800,3629,20227020,2852,8108
546,7,0,6,19,25733580,3629,20227020,2850,8115
547,7,0,7,18,25748880,3628,20227020,2847,8122
548,12,0,9,16,25779420,3627,20227020,2842,8134
549,7,0,7,18,25809120,3626,20227020,2839,8141
550,4,0,2,23,25846200,3627,20227020,2838,8145
551,5,0,4,21,25854540,3627,20227020,2836,8150
552,6,0,8,17,25857000,3626,20227020,2833,8156
553,7,0,7,18,25892340,3627,20227020,2830,8163
554,5,0,7,18,25906680,3626,20227020,2828,8168
555,5,0,5,20,25941300,3628,20227020,2826,8173
556,8,0,9,16,25959420,3628,20227020,2823,8181
557,4,0,4,21,25990500,3628,20227020,2822,8185
558,11,0,9,16,26003160,3627,20227020,2817,8196
559,7,0,8,17,26027340,3626,20227020,2815,8203
560,3,0,1,24,26072280,3627,20227020,2813,8206
561,7,0,5,20,26079780,3627,20227020,2811,8213
562,9,0,10,15,26089200,3626,20227020,2807,8222
563,14,0,13,12,26127180,3626,20227020,2802,8236
564,14,0,18,7,26158140,3626,20227020,2796,8250
565,11,0,13,12,26224200,3627,20227020,2792,8261
566,11,0,9,16,26281500,3627,20227020,2788,8272
567,7,0,5,20,26316480,3626,20227020,2785,8279
568,5,0,4,21,26329380,3625,20227020,2783,8284
569,6,0,6,19,26350920,3626,20227020,2781,8290
570,3,0,5,20,26366040,3626,20227020,2780,8293
571,4,0,4,21,26390400,3627,20227020,2778,8297
572,4,0,5,20,26401500,3627,20227020,2777,8301
573,7,0,8,17,26409480,3626,20227020,2774,8308
574,5,0,5,20,26435700,3626,20227020,2772,8313
575,8,0,7,18,26454180,3625,20227020,2769,8321
576,8,0,9,16,26469180,3624,20227020,2766,8329
577,10,0,12,13,26501400,3625,20227020,2762,8339
578,5,0,7,18,26544600,3626,20227020,2760,8344
579,7,0,6,19,26583600,3628,20227020,2758,8351
580,6,0,6,19,26600940,3627,20227020,2756,8357
581,3,0,5,20,26617920,3627,20227020,2754,8360
582,9,0,7,18,26639880,3627,20227020,2751,8369
583,13,0,15,10,26645820,3625,20227020,2746,8382
584,9,0,12,13,26695740,3626,20227020,2743,8391
585,9,0,11,14,26740860,3627,20227020,2740,8400
586,10,0,11,14,26781060,3628,20227020,2736,8410
587,10,0,7,18,26830020,3628,20227020,2732,8420
588,14,0,14,11,26852400,3627,20227020,2727,8434
589,14,0,13,12,26895840,3626,20227020,2722,8448
590,15,0,15,10,26945460,3626,20227020,2716,8463
591,11,0,18,7,26975100,3626,20227020,2712,8474
592,10,0,12,13,27045780,3628,20227020,2709,8484
593,7,0,8,17,27100200,3630,20227020,2706,8491
594,9,0,6,19,27128400,3628,20227020,2703,8500
595,11,0,11,14,27150240,3628,20227020,2699,8511
596,4,0,6,19,27184500,3628,20227020,2698,8515
597,6,0,6,19,27212160,3629,20227020,2695,8521
598,3,0,7,18,27220800,3629,20227020,2694,8524
599,6,0,5,20,27251880,3630,20227020,2692,8530
600,5,0,5,20,27271980,3630,20227020,2690,8535
601,6,0,6,19,27296220,3631,20227020,2688,8541
602,8,0,10,15,27306780,3630,20227020,2685,8549
603,8,0,5,20,27349440,3630,20227020,2682,8557
604,5,0,5,20,27363780,3629,20227020,2681,8562
605,8,0,11,14,27374760,3630,20227020,2678,8570
606,9,0,7,18,27411660,3628,20227020,2675,8579
607,6,0,7,18,27446160,3630,20227020,2673,8585
608,12,0,14,11,27456720,3629,20227020,2668,8597
609,7,0,9,16,27511080,3630,20227020,2666,8604
610,11,0,15,10,27541200,3632,20227020,2662,8615
611,10,0,15,10,27575040,3632,20227020,2659,8625
612,13,0,13,12,27647280,3634,20227020,2654,8638
613,7,0,11,14,27690480,3635,20227020,2652,8645
614,4,0,6,19,27734520,3637,20227020,2650,8649
615,9,0,7,18,27767160,3637,20227020,2647,8658
616,6,0,9,16,27795420,3639,20227020,2645,8664
617,12,0,12,13,27823860,3639,20227020,2641,8676
618,7,0,8,17,27874200,3640,20227020,2638,8683
619,10,0,8,17,27898980,3638,20227020,2635,8693
620,5,0,3,22,27938100,3639,20227020,2633,8698
621,3,0,5,20,27941460,3639,20227020,2632,8701
622,9,0,12,13,27949440,3639,20227020,2629,8710
623,8,0,9,16,27989640,3639,20227020,2626,8718
624,6,0,6,19,28032960,3640,20227020,2624,8724
625,8,0,7,18,28055040,3640,20227020,2622,8732
626,4,0,4,21,28084140,3640,20227020,2620,8736
627,2,0,3,22,28095600,3640,20227020,2620,8738
628,6,0,5,20,28105860,3640,20227020,2618,8744
629,7,0,7,18,28122060,3639,20227020,2615,8751
630,5,0,7,18,28138560,3639,20227020,2613,8756
631,6,0,7,18,28165320,3640,20227020,2611,8762
632,9,0,10,15,28180980,3639,20227020,2608,8771
633,10,0,6,19,28220640,3638,20227020,2605,8781
634,8,0,9,16,28240200,3638,20227020,2602,8789
635,18,0,14,11,28278540,3637,20227020,2596,8807
636,16,0,13,12,28326360,3635,20227020,2591,8823
637,11,0,13,12,28365420,3635,20227020,2587,8834
638,8,0,8,17,28407780,3634,20227020,2585,8842
639,11,0,10,15,28455060,3636,20227020,2581,8853
640,7,0,6,19,28485840,3635,20227020,2579,8860
641,6,0,5,20,28515360,3635,20227020,2577,8866
642,13,0,12,13,28534140,3635,20227020,2573,8879
643,7,0,8,17,28567500,3634,20227020,2570,8886
644,6,0,3,22,28605960,3634,20227020,2568,8892
645,5,0,5,20,28619760,3634,20227020,2567,8897
646,3,0,7,18,28624860,3634,20227020,2566,8900
647,4,0,3,22,28671420,3637,20227020,2564,8904
648,4,0,3,22,28681620,3636,20227020,2563,8908
649,6,0,6,19,28698720,3637,20227020,2561,8914
650,6,0,6,19,28713960,3636,20227020,2559,8920
651,5,0,4,21,28735380,3636,20227020,2558,8925
652,6,0,6,19,28748160,3635,20227020,2556,8931
653,11,0,8,17,28772820,3634,20227020,2552,8942
654,4,0,3,22,28811160,3635,20227020,2551,8946
655,11,0,9,16,28825920,3635,20227020,2547,8957
656,5,0,9,16,28842660,3634,20227020,2546,8962
657,7,0,11,14,28858020,3634,20227020,2543,8969
658,5,0,4,21,28913760,3636,20227020,2542,8974
659,8,0,4,21,28939860,3635,20227020,2539,8982
660,3,0,7,18,28939860,3635,20227020,2538,8985
661,5,0,8,17,28958340,3636,20227020,2537,8990
662,16,0,15,10,28986900,3635,20227020,2532,9006
663,11,0,11,14,29038260,3635,20227020,2528,9017
664,10,0,10,15,29081700,3635,20227020,2525,9027
665,11,0,17,8,29098920,3636,20227020,2522,9038
666,10,0,11,14,29169360,3637,20227020,2518,9048
667,14,0,15,10,29203860,3637,20227020,2514,9062
668,9,0,13,12,29253840,3638,20227020,2511,9071
669,8,0,7,18,29309760,3639,20227020,2509,9079
670,5,0,4,21,29337540,3638,20227020,2507,9084
671,7,0,6,19,29352540,3638,20227020,2505,9091
672,5,0,5,20,29372400,3638,20227020,2503,9096
673,10,0,10,15,29378640,3636,20227020,2500,9106
674,2,0,8,17,29389680,3636,20227020,2500,9108
675,6,0,7,18,29412600,3636,20227020,2498,9114
676,3,0,6,19,29425740,3635,20227020,2497,9117
677,4,0,8,17,29430060,3635,20227020,2496,9121
678,8,0,11,14,29446800,3635,20227020,2493,9129
679,6,0,10,15,29470560,3635,20227020,2491,9135
680,6,0,13,12,29478240,3634,20227020,2490,9141
681,4,0,9,16,29517180,3636,20227020,2488,9145
682,13,0,16,9,29532240,3635,20227020,2484,9158
683,8,0,15,10,29559900,3634,20227020,2482,9166
684,9,0,15,10,29598960,3635,20227020,2479,9175
685,7,0,11,14,29637840,3635,20227020,2477,9182
686,6,0,9,16,29671140,3635,20227020,2475,9188
687,10,0,13,12,29686620,3634,20227020,2472,9198
688,12,0,13,12,29723280,3634,20227020,2469,9210
689,9,0,12,13,29743440,3632,20227020,2466,9219
690,8,0,13,12,29779980,3633,20227020,2464,9227
691,10,0,12,13,29809080,3632,20227020,2461,9237
692,7,0,10,15,29839140,3631,20227020,2458,9244
693,7,0,12,13,29856240,3631,20227020,2456,9251
694,8,0,10,15,29892540,3631,20227020,2454,9259
695,7,0,10,15,29922840,3632,20227020,2452,9266
696,2,0,7,18,29936100,3631,20227020,2451,9268
697,5,0,9,16,29950380,3632,20227020,2450,9273
698,9,0,12,13,29959260,3630,20227020,2447,9282
699,5,0,12,13,29984880,3631,20227020,2446,9287
700,5,0,7,18,30031140,3632,20227020,2444,9292
701,10,0,12,13,30047220,3632,20227020,2441,9302
702,9,0,12,13,30061680,3630,20227020,2439,9311
703,2,0,8,17,30092340,3631,20227020,2438,9313
704,10,0,11,14,30118980,3631,20227020,2435,9323
705,10,0,16,9,30134100,3631,20227020,2432,9333
706,8,0,16,9,30163920,3631,20227020,2430,9341
707,9,0,15,10,30212100,3632,20227020,2427,9350
708,9,0,19,6,30233640,3632,20227020,2425,9359
709,9,0,14,11,30312540,3636,20227020,2422,9368
710,10,0,17,8,30345540,3637,20227020,2419,9378
711,11,0,20,5,30377220,3637,20227020,2416,9389
712,12,0,18,7,30431100,3637,20227020,2412,9401
713,12,0,22,3,30469320,3638,20227020,2409,9413
714,12,0,16,9,30536520,3639,20227020,2405,9425
715,12,0,15,10,30600240,3641,20227020,2402,9437
716,11,0,20,5,30626340,3641,20227020,2399,9448
717,6,0,12,13,30688440,3642,20227020,2397,9454
718,8,0,12,13,30717480,3642,20227020,2395,9462
719,8,0,12,13,30739560,3642,20227020,2393,9470
720,3,0,9,16,30762600,3642,20227020,2392,9473
721,6,0,11,14,30788400,3643,20227020,2390,9479
722,3,0,7,18,30809460,3643,20227020,2389,9482
723,6,0,12,13,30817740,3643,20227020,2388,9488
724,7,0,9,16,30854760,3643,20227020,2386,9495
725,6,0,9,16,30881940,3644,20227020,2384,9501
726,5,0,9,16,30888840,3642,20227020,2383,9506
727,8,0,13,12,30904140,3643,20227020,2380,9514
728,11,0,16,9,30936540,3643,20227020,2377,9525
729,7,0,7,18,30988680,3642,20227020,2375,9532
730,10,0,13,12,30991980,3641,20227020,2372,9542
731,9,0,13,12,31024020,3641,20227020,2370,9551
732,12,0,15,10,31051620,3640,20227020,2367,9563
733,9,0,13,12,31093980,3640,20227020,2364,9572
734,7,0,13,12,31120500,3640,20227020,2362,9579
735,10,0,13,12,31153260,3640,20227020,2359,9589
736,11,0,11,14,31187220,3638,20227020,2356,9600
737,13,0,15,10,31221180,3638,20227020,2353,9613
738,5,0,10,15,31255140,3638,20227020,2351,9618
739,6,0,9,16,31287060,3639,20227020,2350,9624
740,6,0,7,18,31310580,3638,20227020,2348,9630
741,8,0,9,16,31323540,3637,20227020,2346,9638
742,5,0,12,13,31327620,3637,20227020,2345,9643
743,2,0,9,16,31351560,3637,20227020,2344,9645
744,4,0,8,17,31373580,3638,20227020,2343,9649
745,4,0,7,18,31396380,3638,20227020,2342,9653
746,3,0,5,20,31406820,3637,20227020,2341,9656
747,9,0,11,14,31414200,3637,20227020,2339,9665
748,2,0,8,17,31426560,3636,20227020,2338,9667
749,6,0,10,15,31443300,3637,20227020,2337,9673
750,8,0,13,12,31458240,3636,20227020,2334,9681
751,7,0,11,14,31494120,3637,20227020,2332,9688
752,7,0,13,12,31506840,3636,20227020,2331,9695
753,13,0,18,7,31550340,3638,20227020,2327,9708
754,13,0,21,4,31579260,3637,20227020,2324,9721
755,15,0,20,5,31646820,3638,20228220,2320,9736
756,7,0,16,9,31692540,3639,20228220,2318,9743
757,10,0,15,10,31750080,3641,20228220,2315,9753
758,4,0,13,12,31769580,3640,20228220,2314,9757
759,3,0,8,17,31809420,3642,20228220,2313,9760
760,7,0,7,18,31830840,3641,20228220,2312,9767
761,7,0,9,16,31842900,3640,20228220,2310,9774
762,9,0,13,12,31863120,3640,20228220,2307,9783
763,10,0,15,10,31887420,3640,20228220,2305,9793
764,3,0,10,15,31924680,3641,20228220,2304,9796
765,8,0,11,14,31941720,3640,20228220,2302,9804
766,6,0,11,14,31962540,3639,20228220,2300,9810
767,7,0,11,14,31992720,3640,20228220,2298,9817
768,5,0,8,17,32019720,3640,20228220,2297,9822
769,5,0,11,14,32032080,3640,20228220,2296,9827
770,7,0,12,13,32047860,3640,20228220,2294,9834
771,7,0,12,13,32077320,3640,20228220,2292,9841
772,5,0,11,14,32101260,3640,20228220,2291,9846
773,6,0,8,17,32130540,3640,20228220,2289,9852
774,2,0,7,18,32149380,3641,20228220,2289,9854
775,9,0,9,16,32160900,3639,20228220,2286,9863
776,6,0,12,13,32172120,3639,20228220,2285,9869
777,10,0,15,10,32202300,3640,20228220,2282,9879
778,11,0,15,10,32240640,3640,20228220,2280,9890
779,9,0,11,14,32281380,3639,20228220,2277,9899
780,9,0,14,11,32308260,3639,20228220,2275,9908
781,10,0,15,10,32329680,3638,20228220,2272,9918
782,11,0,16,9,32366460,3638,20228220,2270,9929
783,13,0,17,8,32408580,3638,20228220,2266,9942
784,13,0,10,15,32471700,3637,20228220,2263,9955
785,10,0,10,15,32494140,3635,20228220,2260,9965
786,7,0,14,11,32505540,3635,20228220,2259,9972
787,10,0,11,14,32561820,3636,20228220,2256,9982
788,6,0,11,14,32572680,3635,20228220,2255,9988
789,5,0,12,13,32590800,3636,20228220,2253,9993
790,3,0,12,13,32610780,3637,20228220,2253,9996
791,3,0,8,17,32645520,3638,20228220,2252,9999
792,7,0,8,17,32661480,3637,20228220,2250,10006
793,6,0,9,16,32685840,3637,20228220,2249,10012
794,5,0,9,16,32704560,3637,20228220,2247,10017
795,5,0,9,16,32721540,3637,20228220,2246,10022
796,6,0,10,15,32744520,3638,20228220,2245,10028
797,8,0,12,13,32768940,3638,20228220,2243,10036
798,6,0,14,11,32781420,3638,20228220,2241,10042
799,20,0,22,3,32823660,3638,20228220,2236,10062
800,10,0,22,3,32859360,3638,20228220,2234,10072
801,11,0,13,12,32945640,3639,20228220,2231,10083
802,8,0,10,15,32984340,3639,20228220,2229,10091
803,7,0,11,14,33003420,3639,20228220,2227,10098
804,16,0,16,9,33031020,3637,20228220,2223,10114
805,6,0,14,11,33054600,3637,20228220,2222,10120
806,7,0,13,12,33098100,3638,20228220,2220,10127
807,5,0,8,17,33141120,3639,20228220,2219,10132
808,15,0,13,12,33163860,3637,20228220,2215,10147
809,14,0,16,9,33196740,3637,20228220,2212,10161
810,4,0,10,15,33228540,3636,20228220,2211,10165
811,9,0,10,15,33261960,3636,20228220,2209,10174
812,5,0,7,18,33300480,3637,20228220,2208,10179
813,9,0,11,14,33316860,3637,20228220,2205,10188
814,4,0,6,19,33345120,3637,20228220,2204,10192
815,4,0,7,18,33357660,3637,20228220,2203,10196
816,1,0,6,19,33362520,3637,20228220,2203,10197
817,2,0,5,20,33364980,3636,20228220,2203,10199
818,6,0,9,16,33372120,3636,20228220,2201,10205
819,9,0,11,14,33389880,3635,20228220,2199,10214
820,8,0,14,11,33401940,3634,20228220,2197,10222
821,4,0,11,14,33432840,3635,20228220,2196,10226
822,12,0,16,9,33461400,3635,20228220,2193,10238
823,8,0,15,10,33496560,3635,20228220,2192,10246
824,10,0,15,10,33545400,3637,20228220,2189,10256
825,4,0,13,12,33567720,3637,20228220,2188,10260
826,20,0,22,3,33602820,3636,20228220,2184,10280
827,9,0,18,7,33647040,3636,20228220,2181,10289
828,12,0,14,11,33723000,3638,20228220,2179,10301
829,9,0,11,14,33768060,3638,20228220,2176,10310
830,7,0,10,15,33790920,3637,20228220,2175,10317
831,12,0,14,11,33815580,3637,20228220,2172,10329
832,7,0,10,15,33836580,3635,20228220,2170,10336
833,7,0,11,14,33857460,3635,20228220,2169,10343
834,3,0,8,17,33882480,3635,20228220,2168,10346
835,10,0,12,13,33904440,3635,20228220,2166,10356
836,11,0,14,11,33929220,3634,20228220,2163,10367
837,4,0,8,17,33967440,3634,20228220,2162,10371
838,6,0,11,14,33976740,3634,20228220,2161,10377
839,6,0,9,16,34004400,3634,20228220,2159,10383
840,8,0,12,13,34020720,3634,20228220,2158,10391
841,7,0,12,13,34044720,3634,20228220,2156,10398
842,7,0,12,13,34065120,3633,20228220,2154,10405
843,9,0,11,14,34097580,3633,20228220,2152,10414
844,5,0,10,15,34115640,3632,20228220,2151,10419
845,10,0,15,10,34133580,3632,20228220,2149,10429
846,7,0,10,15,34172580,3632,20228220,2147,10436
847,7,0,11,14,34189860,3631,20228220,2146,10443
848,11,0,16,9,34215360,3632,20228220,2143,10454
849,15,0,20,5,34245780,3631,20228220,2140,10469
850,7,0,13,12,34303440,3631,20228220,2138,10476
851,14,0,15,10,34360500,3633,20228220,2135,10490
852,10,0,14,11,34396200,3632,20228220,2133,10500
853,7,0,12,13,34426320,3632,20228220,2131,10507
854,9,0,12,13,34453140,3631,20228220,2129,10516
855,14,0,16,9,34476720,3630,20228220,2126,10530
856,8,0,15,10,34499820,3629,20228220,2124,10538
857,14,0,18,7,34557300,3631,20228220,2121,10552
858,10,0,17,8,34601040,3631,20228220,2119,10562
859,7,0,10,15,34662720,3633,20228220,2117,10569
860,8,0,11,14,34686840,3632,20228220,2116,10577
861,8,0,14,11,34711560,3633,20228220,2114,10585
862,5,0,12,13,34737420,3633,20228220,2113,10590
863,6,0,12,13,34769520,3634,20228220,2111,10596
864,5,0,10,15,34800540,3635,20228220,2110,10601
865,5,0,9,16,34819440,3634,20228220,2109,10606
866,7,0,10,15,34836480,3634,20228220,2108,10613
867,4,0,9,16,34852740,3634,20228220,2107,10617
868,3,0,9,16,34868580,3634,20228220,2106,10620
869,5,0,10,15,34880460,3634,20228220,2105,10625
870,8,0,12,13,34896660,3633,20228220,2103,10633
871,5,0,12,13,34913700,3633,20228220,2102,10638
872,10,0,12,13,34945620,3633,20228220,2100,10648
873,9,0,13,12,34972320,3633,20228220,2098,10657
874,6,0,11,14,34993980,3632,20228220,2097,10663
875,15,0,20,5,35024940,3633,20228220,2094,10678
876,7,0,13,12,35076900,3633,20228220,2092,10685
877,14,0,15,10,35126820,3634,20228220,2089,10699
878,10,0,18,7,35151420,3633,20228220,2087,10709
879,9,0,15,10,35195220,3633,20228220,2085,10718
880,11,0,15,10,35234940,3633,20228220,2083,10729
881,10,0,14,11,35285040,3635,20228220,2080,10739
882,7,0,11,14,35329980,3635,20228220,2079,10746
883,6,0,8,17,35354280,3635,20228220,2078,10752
884,12,0,15,10,35366580,3634,20228220,2075,10764
885,4,0,9,16,35396100,3633,20228220,2074,10768
886,9,0,14,11,35417400,3634,20228220,2072,10777
887,5,0,8,17,35455500,3634,20228220,2071,10782
888,8,0,10,15,35469120,3633,20228220,2070,10790
889,7,0,13,12,35492040,3634,20228220,2068,10797
890,11,0,11,14,35534160,3633,20228220,2066,10808
891,7,0,12,13,35549280,3633,20228220,2064,10815
892,8,0,8,17,35590260,3632,20228220,2063,10823
893,5,0,7,18,35603700,3631,20228220,2062,10828
894,3,0,7,18,35611140,3631,20228220,2061,10831
895,9,0,12,13,35620800,3631,20228220,2059,10840
896,10,0,15,10,35640000,3630,20228220,2057,10850
897,13,0,19,6,35666100,3629,20228220,2054,10863
898,10,0,14,11,35736180,3631,20228220,2052,10873
899,9,0,14,11,35763060,3630,20228220,2050,10882
900,19,0,23,2,35782500,3629,20228220,2046,10901
901,15,0,20,5,35843340,3628,20228220,2043,10916
902,7,0,14,11,35903340,3629,20228220,2042,10923
903,12,0,11,14,35963040,3630,20228220,2039,10935
904,10,0,13,12,35977260,3628,20228220,2037,10945
905,5,0,10,15,36013380,3629,20228220,2036,10950
906,6,0,10,15,36032580,3629,20228220,2035,10956
907,6,0,10,15,36054480,3629,20228220,2034,10962
908,2,0,7,18,36076860,3629,20228220,2033,10964
909,5,0,7,18,36096120,3629,20228220,2032,10969
910,5,0,10,15,36100440,3629,20228220,2031,10974
911,6,0,10,15,36119340,3629,20228220,2030,10980
912,10,0,15,10,36137820,3629,20228220,2028,10990
913,3,0,9,16,36172620,3629,20228220,2027,10993
914,2,0,6,19,36190200,3629,20228220,2027,10995
915,6,0,10,15,36203520,3630,20228220,2026,11001
916,10,0,16,9,36220080,3630,20228220,2024,11011
917,6,0,12,13,36253080,3630,20228220,2023,11017
918,11,0,12,13,36298620,3630,20228220,2020,11028
919,7,0,13,12,36319260,3630,20228220,2019,11035
920,13,0,11,14,36366060,3629,20228220,2016,11048
921,11,0,12,13,36388740,3628,20228220,2014,11059
922,8,0,13,12,36408120,3627,20228220,2012,11067
923,14,0,18,7,36431700,3626,20228220,2010,11081
924,12,0,21,4,36453900,3625,20228220,2007,11093
925,11,0,18,7,36507060,3626,20228220,2005,11104
926,9,0,15,10,36569460,3627,20228220,2003,11113
927,17,0,22,3,36607980,3628,20228220,2000,11130
928,13,0,21,4,36670800,3629,20228220,1997,11143
929,4,0,12,13,36733860,3630,20228220,1997,11147
930,6,0,9,16,36767040,3630,20228220,1995,11153
931,12,0,13,12,36792180,3630,20228220,1993,11165
932,7,0,11,14,36822000,3630,20228220,1992,11172
933,5,0,9,16,36840720,3629,20228220,1991,11177
934,7,0,12,13,36864060,3630,20228220,1989,11184
935,6,0,10,15,36893220,3630,20228220,1988,11190
936,8,0,9,16,36921180,3630,20228220,1987,11198
937,5,0,8,17,36928260,3628,20228220,1986,11203
938,5,0,8,17,36949260,3628,20228220,1985,11208
939,6,0,11,14,36954060,3628,20228220,1983,11214
940,6,0,8,17,36981960,3627,20228220,1982,11220
941,6,0,11,14,36995880,3628,20228220,1981,11226
942,2,0,8,17,37018140,3628,20228220,1981,11228
943,6,0,10,15,37040460,3629,20228220,1980,11234
944,10,0,15,10,37053660,3628,20228220,1978,11244
945,11,0,17,8,37080960,3628,20228220,1975,11255
946,11,0,15,10,37140000,3629,20228220,1973,11266
947,6,0,12,13,37179840,3630,20228220,1972,11272
948,10,0,15,10,37207920,3630,20228220,1970,11282
949,10,0,14,11,37248900,3630,20228220,1968,11292
950,9,0,12,13,37286760,3630,20228220,1967,11301
951,12,0,16,9,37317360,3630,20228220,1964,11313
952,11,0,16,9,37356120,3630,20228220,1962,11324
953,14,0,18,7,37392420,3629,20228220,1960,11338
954,10,0,11,14,37453080,3629,20228220,1958,11348
955,7,0,13,12,37478340,3630,20228220,1956,11355
956,4,0,10,15,37507260,3630,20228220,1956,11359
957,8,0,11,14,37526640,3629,20228220,1954,11367
958,5,0,8,17,37569420,3631,20228220,1953,11372
959,4,0,7,18,37588260,3631,20228220,1952,11376
960,4,0,5,20,37604640,3630,20228220,1952,11380
961,1,0,5,20,37609860,3630,20228220,1951,11381
962,8,0,11,14,37613820,3630,20228220,1950,11389
963,9,0,12,13,37634640,3629,20228220,1948,11398
964,5,0,10,15,37665000,3630,20228220,1947,11403
965,4,0,7,18,37702260,3631,20228220,1947,11407
966,4,0,11,14,37702260,3631,20228220,1946,11411
967,9,0,12,13,37736280,3631,20228220,1944,11420
968,8,0,13,12,37759500,3631,20228220,1943,11428
969,7,0,10,15,37794000,3631,20228220,1941,11435
970,8,0,12,13,37820700,3632,20228220,1940,11443
971,14,0,19,6,37840740,3631,20228220,1937,11457
972,6,0,16,9,37879380,3632,20228220,1936,11463
973,12,0,14,11,37943100,3633,20228220,1934,11475
974,11,0,14,11,37977840,3632,20228220,1932,11486
975,11,0,13,12,38016960,3632,20228220,1930,11497
976,8,0,15,10,38040420,3632,20228220,1928,11505
977,11,0,15,10,38088120,3633,20228220,1926,11516
978,6,0,11,14,38129520,3633,20228220,1925,11522
979,10,0,13,12,38148360,3632,20228220,1923,11532
980,6,0,14,11,38170440,3633,20228220,1922,11538
981,8,0,14,11,38204280,3633,20228220,1921,11546
982,4,0,14,11,38221740,3633,20228220,1920,11550
983,5,0,9,16,38272620,3635,20228220,1919,11555
984,6,0,12,13,38289300,3635,20228220,1918,11561
985,3,0,9,16,38320860,3636,20228220,1918,11564
986,6,0,12,13,38327700,3636,20228220,1917,11570
987,3,0,10,15,38355540,3637,20228220,1916,11573
988,5,0,8,17,38385420,3637,20228220,1915,11578
989,7,0,11,14,38397780,3637,20228220,1914,11585
990,9,0,12,13,38419620,3636,20228220,1912,11594
991,10,0,14,11,38445600,3636,20228220,1910,11604
992,8,0,16,9,38461500,3635,20228220,1909,11612
993,10,0,15,10,38497920,3635,20228220,1907,11622
994,11,0,14,11,38552160,3636,20228220,1905,11633
995,11,0,20,5,38567760,3636,20228220,1903,11644
996,8,0,15,10,38627640,3637,20228220,1902,11652
997,7,0,13,12,38667180,3638,20228220,1900,11659
998,12,0,12,13,38707980,3637,20228220,1898,11671
999,12,0,15,10,38735520,3637,20228220,1896,11683
1000,7,0,13,12,38771100,3637,20228220,1895,11690
1001,8,0,15,10,38796900,3637,20228220,1894,11698
1002,9,0,16,9,38826360,3637,20228220,1892,11707
1003,11,0,16,9,38874360,3638,20228220,1890,11718
1004,11,0,17,8,38907720,3638,20228220,1888,11729
1005,3,0,11,14,38947740,3638,20228220,1888,11732
1006,6,0,10,15,38987640,3640,20228220,1886,11738
1007,4,0,8,17,39006000,3639,20228220,1886,11742
1008,7,0,11,14,39016860,3639,20228220,1885,11749
1009,6,0,10,15,39035220,3638,20228220,1883,11755
1010,18,0,23,2,39051780,3638,20228220,1880,11773
1011,21,0,23,2,39111060,3637,20229720,1877,11794
1012,23,0,23,2,39181380,3635,20231160,1873,11817
1013,24,0,25,0,39246240,3634,20234460,1869,11841
1014,29,7,25,0,39321600,3634,20238060,1865,11870
1015,32,20,25,0,39388680,3633,20247420,1861,11902
1016,31,34,25,0,39469380,3635,20255160,1856,11933
1017,36,40,25,0,39524520,3637,20267820,1854,11969
1018,33,38,25,0,39612480,3640,20297760,1854,12002
1019,25,36,25,0,39708660,3643,20379420,1859,12027
1020,35,40,25,0,39785340,3644,20446500,1862,12062
1021,30,38,25,0,39858300,3643,20524980,1865,12092
1022,33,39,25,0,39913560,3641,20552220,1864,12125
1023,29,40,25,0,39986940,3642,20578260,1863,12154
1024,24,36,25,0,40075680,3642,20619600,1863,12178
1025,29,36,25,0,40159020,3642,20680860,1865,12207
1026,33,38,25,0,40217460,3640,20763780,1869,12240
1027,21,38,25,0,40296120,3642,20851380,1874,12261
1028,33,35,25,0,40387980,3641,20965800,1880,12294
1029,27,32,25,0,40462740,3638,21243900,1900,12321
1030,20,31,25,0,40526880,3637,21403740,1911,12341
1031,32,40,25,0,40587060,3637,21421380,1909,12373
1032,33,36,25,0,40668540,3639,21438480,1908,12406
1033,31,36,25,0,40757100,3640,21524100,1911,12437
1034,30,37,25,0,40851780,3640,21543180,1909,12467
1035,32,39,25,0,40907460,3639,21581340,1909,12499
1036,22,32,25,0,40998660,3638,21759600,1921,12521
1037,29,39,25,0,41060280,3637,21822300,1922,12550
1038,30,33,25,0,41147580,3636,21882420,1924,12580
1039,30,40,25,0,41213940,3635,21906540,1921,12610
1040,30,37,25,0,41306100,3634,21983340,1924,12640
1041,36,40,25,0,41353260,3634,21990420,1921,12676
1042,26,37,25,0,41430960,3635,22036680,1923,12702
1043,31,40,25,0,41513280,3634,22142160,1927,12733
1044,32,40,25,0,41582880,3635,22170180,1927,12765
1045,40,40,25,0,41654760,3635,22187520,1925,12805
1046,29,34,25,0,41749200,3634,22335660,1934,12834
1047,33,40,25,0,41820540,3633,22401660,1935,12867
1048,24,33,25,0,41875560,3633,22453740,1938,12891
1049,28,25,25,0,41980140,3631,23878800,2056,12919
1050,26,34,25,0,42036540,3631,23888100,2053,12945
1051,25,40,25,0,42096720,3631,23895180,2050,12970
1052,32,40,25,0,42163080,3632,23914560,2049,13002
1053,37,40,25,0,42277320,3634,24096720,2060,13039
1054,33,40,25,0,42336600,3634,24112140,2058,13072
1055,30,38,25,0,42425340,3635,24179160,2061,13102
1056,42,40,25,0,42500760,3634,24205860,2058,13144
1057,29,40,25,0,42575940,3633,24252780,2059,13173
1058,24,38,25,0,42653280,3633,24321720,2061,13197
1059,23,39,25,0,42717300,3633,24329280,2058,13220
1060,24,34,25,0,42809760,3634,24413580,2062,13244
1061,27,40,25,0,42864960,3633,24443760,2061,13271
1062,30,40,25,0,42921180,3634,24451080,2059,13301
1063,34,38,25,0,43015200,3636,24539400,2063,13335
1064,27,40,25,0,43098240,3637,24596280,2065,13362
1065,34,40,25,0,43163160,3636,24646620,2065,13396
1066,29,33,25,0,43256520,3635,24937320,2085,13425
1067,38,40,25,0,43323660,3634,24941040,2081,13463
1068,36,39,25,0,43373460,3635,24954900,2080,13499
1069,35,40,25,0,43474620,3637,24997740,2080,13534
1070,34,40,25,0,43544940,3637,25135140,2089,13568
1071,33,38,25,0,43630200,3637,25184580,2088,13601
1072,25,40,25,0,43698480,3638,25239900,2090,13626
1073,38,40,25,0,43758660,3638,25266300,2089,13664
1074,31,30,25,0,43867620,3636,25861200,2134,13695
1075,33,28,25,0,43946340,3632,26790300,2205,13728
1076,26,36,25,0,44015100,3632,26797200,2201,13754
1077,35,40,25,0,44058720,3633,26809140,2199,13789
1078,31,37,25,0,44161440,3636,26870700,2201,13820
1079,38,39,25,0,44235960,3634,26987580,2205,13858
1080,39,40,25,0,44291640,3636,27005220,2205,13897
1081,27,37,25,0,44384220,3637,27152760,2214,13924
1082,37,40,25,0,44457120,3637,27202020,2213,13961
1083,33,40,25,0,44524560,3637,27217680,2212,13994
1084,35,38,25,0,44607420,3639,27267480,2213,14029
1085,33,40,25,0,44689440,3638,27393780,2219,14062
1086,31,40,25,0,44768220,3639,27413820,2217,14093
1087,28,40,25,0,44815560,3637,27454440,2217,14121
1088,35,36,25,0,44928120,3639,27634140,2227,14156
1089,28,40,25,0,44977920,3638,27902400,2245,14184
1090,36,38,25,0,45068520,3639,28021440,2251,14220
1091,27,35,25,0,45140160,3639,28075080,2252,14247
1092,39,40,25,0,45197160,3637,28248420,2262,14286
1093,28,38,25,0,45299580,3639,28318620,2264,14314
1094,37,38,25,0,45380160,3637,28369860,2263,14351
1095,28,40,25,0,45431820,3637,28379100,2260,14379
1096,35,38,25,0,45511740,3638,28421100,2261,14414
1097,35,37,25,0,45607080,3640,28480500,2261,14449
1098,32,40,25,0,45671400,3640,28491180,2259,14481
1099,38,39,25,0,45756720,3640,28547340,2259,14519
1100,36,36,25,0,45827460,3638,28608300,2260,14555
1101,37,40,25,0,45890040,3639,28654740,2261,14592
1102,33,33,25,0,45986640,3639,28825320,2271,14625
1103,30,33,25,0,46044780,3635,29467740,2316,14655
1104,30,38,25,0,46120140,3637,29482500,2313,14685
1105,34,30,25,0,46220580,3638,29693880,2327,14719
1106,26,23,25,0,46280880,3633,31441140,2459,14745
1107,14,23,25,0,46330800,3633,31448580,2457,14759
1108,28,35,25,0,46416300,3635,31459800,2454,14787
1109,36,40,25,0,46492320,3636,31470000,2449,14823
1110,36,40,25,0,46561680,3637,31482780,2447,14859
1111,27,39,25,0,46648260,3637,31544580,2448,14886
1112,30,40,25,0,46720380,3638,31555020,2445,14916
1113,42,40,25,0,46785420,3638,31602540,2445,14958
1114,25,38,25,0,46857120,3637,31668300,2446,14983
1115,28,35,25,0,46960980,3637,32009580,2467,15011
1116,22,40,25,0,47032740,3638,32038380,2466,15033
1117,33,38,25,0,47125320,3637,32095680,2465,15066
1118,32,36,25,0,47189460,3636,32190420,2468,15098
1119,34,40,25,0,47248140,3635,32216820,2466,15132
1120,27,33,25,0,47331600,3632,32728020,2500,15159
1121,31,40,25,0,47404020,3633,32736540,2496,15190
1122,38,40,25,0,47470680,3633,32750520,2494,15228
1123,31,40,25,0,47556180,3633,32782380,2492,15259
1124,30,37,25,0,47648280,3634,32835480,2493,15289
1125,32,39,25,0,47694480,3634,32849040,2491,15321
1126,35,40,25,0,47782080,3635,32865960,2488,15356
1127,33,37,25,0,47877120,3636,32935380,2490,15389
1128,28,39,25,0,47925540,3635,32939880,2486,15417
1129,21,38,25,0,48003480,3636,33000660,2488,15438
1130,33,37,25,0,48100140,3637,33078720,2490,15471
1131,34,40,25,0,48144360,3637,33097860,2488,15505
1132,24,40,25,0,48235740,3639,33136200,2488,15529
1133,32,39,25,0,48323220,3639,33206520,2489,15561
1134,24,35,25,0,48408900,3638,33358860,2496,15585
1135,31,40,25,0,48443400,3636,33438540,2498,15616
1136,33,39,25,0,48527700,3639,33457920,2497,15649
1137,33,38,25,0,48624720,3640,33492060,2495,15682
1138,38,40,25,0,48685920,3638,33595680,2498,15720
1139,30,38,25,0,48765120,3639,33615300,2497,15750
1140,24,37,25,0,48847920,3639,33645240,2495,15774
1141,27,26,25,0,48933900,3635,34713120,2569,15801
1142,29,35,25,0,48993300,3634,34795740,2569,15830
1143,29,39,25,0,49080840,3636,34813860,2567,15859
1144,30,40,25,0,49142100,3635,34875060,2568,15889
1145,19,30,25,0,49234260,3634,35241660,2591,15908
1146,31,40,25,0,49288620,3635,35247540,2587,15939
1147,21,33,25,0,49385280,3636,35301420,2588,15960
1148,29,36,25,0,49451580,3634,35688120,2612,15989
1149,37,40,25,0,49507020,3635,35698860,2608,16026
1150,31,38,25,0,49605120,3635,35754240,2608,16057
1151,34,40,25,0,49677840,3634,35851680,2611,16091
1152,41,40,25,0,49758300,3634,35901360,2610,16132
1153,30,40,25,0,49814280,3634,35912280,2608,16162
1154,34,40,25,0,49894680,3634,35973780,2608,16196
1155,34,40,25,0,49981260,3635,36014580,2607,16230
1156,29,37,25,0,50057100,3632,36181620,2614,16259
1157,24,37,25,0,50142060,3632,36202320,2611,16283
1158,24,39,25,0,50199660,3632,36215460,2608,16307
1159,22,35,25,0,50282820,3632,36347940,2614,16329
1160,33,38,25,0,50361780,3633,36357900,2610,16362
1161,41,39,25,0,50432220,3632,36404460,2610,16403
1162,31,38,25,0,50528580,3633,36430980,2608,16434
1163,32,40,25,0,50571360,3633,36472260,2608,16466
1164,34,37,25,0,50653740,3634,36519720,2608,16500
1165,32,38,25,0,50751060,3634,36562080,2606,16532
1166,35,40,25,0,50811000,3633,36644700,2608,16567
1167,36,39,25,0,50873280,3634,36670800,2607,16603
1168,33,39,25,0,50964540,3635,36710520,2607,16636
1169,38,39,25,0,51054960,3634,36825240,2609,16674
1170,36,39,25,0,51116100,3635,36844260,2608,16710
1171,40,35,25,0,51209640,3634,36946920,2610,16750
1172,32,40,25,0,51264720,3631,37550340,2648,16782
1173,30,40,25,0,51339600,3631,37570680,2645,16812
1174,25,40,25,0,51397860,3630,37659600,2649,16837
1175,19,36,25,0,51482520,3630,37696860,2647,16856
1176,10,19,25,0,51567000,3629,39668580,2783,16866
1177,5,0,11,14,51657060,3626,41873400,2937,16871
1178,3,0,8,17,51686280,3626,41873400,2936,16874
1179,3,0,7,18,51699180,3626,41873400,2935,16877
1180,3,0,8,17,51711840,3626,41873400,2935,16880
1181,3,0,8,17,51731460,3627,41873400,2934,16883
1182,6,0,10,15,51742920,3627,41873400,2933,16889
1183,9,0,10,15,51764760,3626,41873400,2931,16898
1184,7,0,8,17,51789360,3625,41873400,2930,16905
1185,15,0,12,13,51815520,3624,41873400,2926,16920
1186,11,0,16,9,51827220,3624,41873400,2924,16931
1187,12,0,17,8,51862140,3623,41873400,2922,16943
1188,2,0,10,15,51923400,3625,41873400,2921,16945
1189,4,0,9,16,51943560,3625,41873400,2921,16949
1190,13,0,14,11,51955020,3624,41873400,2918,16962
1191,8,0,13,12,51999720,3625,41873400,2916,16970
1192,7,0,10,15,52039080,3625,41873400,2915,16977
1193,9,0,9,16,52068840,3625,41873400,2913,16986
1194,5,0,9,16,52080180,3624,41873400,2912,16991
1195,10,0,15,10,52090920,3624,41873400,2910,17001
1196,9,0,13,12,52136820,3624,41873400,2908,17010
1197,8,0,13,12,52154760,3624,41873400,2907,17018
1198,5,0,8,17,52208520,3625,41873400,2906,17023
1199,1,0,7,18,52213500,3625,41873400,2905,17024
1200,2,0,6,19,52229340,3625,41873400,2905,17026
1201,2,0,7,18,52230480,3625,41873400,2905,17028
1202,3,0,8,17,52232280,3624,41873400,2904,17031
1203,3,0,6,19,52254540,3625,41873400,2903,17034
1204,7,0,10,15,52261560,3624,41873400,2902,17041
1205,2,0,7,18,52277580,3624,41873400,2902,17043
1206,10,0,14,11,52290060,3624,41873400,2900,17053
1207,5,0,12,13,52312860,3624,41873400,2899,17058
1208,6,0,11,14,52349460,3625,41873400,2897,17064
1209,8,0,14,11,52366860,3625,41873400,2896,17072
1210,8,0,13,12,52397160,3625,41873400,2894,17080
1211,6,0,11,14,52428720,3625,41873400,2893,17086
1212,8,0,11,14,52455000,3625,41873400,2891,17094
1213,10,0,10,15,52486080,3624,41873400,2889,17104
1214,10,0,14,11,52505580,3624,41873400,2887,17114
1215,7,0,11,14,52537680,3624,41873400,2886,17121
1216,5,0,10,15,52566480,3624,41873400,2885,17126
1217,15,0,14,11,52590360,3623,41873400,2882,17141
1218,13,0,16,9,52612320,3622,41873400,2879,17154
1219,8,0,12,13,52656060,3622,41873400,2878,17162
1220,8,0,13,12,52676400,3622,41873400,2876,17170
1221,6,0,14,11,52691940,3621,41873400,2875,17176
1222,5,0,8,17,52744920,3622,41873400,2874,17181
1223,3,0,6,19,52755540,3622,41873400,2873,17184
1224,10,0,12,13,52769820,3622,41873400,2871,17194
1225,4,0,8,17,52791720,3621,41873400,2871,17198
1226,6,0,12,13,52800300,3621,41873400,2870,17204
1227,10,0,13,12,52843080,3622,41873400,2868,17214
1228,7,0,9,16,52872000,3621,41873400,2866,17221
1229,8,0,11,14,52882980,3621,41873400,2865,17229
1230,8,0,17,8,52888680,3621,41873400,2863,17237
1231,12,0,13,12,52939620,3620,41873400,2861,17249
1232,10,0,13,12,52991040,3621,41873400,2859,17259
1233,7,0,16,9,53011560,3621,41873400,2857,17266
1234,21,0,19,6,53083800,3622,41873400,2853,17287
1235,13,0,20,5,53111160,3621,41873400,2851,17300
1236,8,0,14,11,53184180,3622,41873400,2849,17308
1237,19,0,19,6,53226840,3622,41873400,2846,17327
1238,5,0,11,14,53255160,3621,41873400,2845,17332
1239,3,0,10,15,53281920,3621,41873400,2844,17335
1240,9,0,10,15,53310180,3621,41873400,2842,17344
1241,7,0,11,14,53331420,3621,41873400,2841,17351
1242,5,0,10,15,53349960,3621,41873400,2840,17356
1243,9,0,12,13,53377980,3621,41873400,2838,17365
1244,14,0,11,14,53402700,3619,41873400,2835,17379
1245,9,0,14,11,53416620,3619,41873400,2834,17388
1246,4,0,7,18,53456640,3619,41873400,2833,17392
1247,5,0,6,19,53473500,3618,41873400,2832,17397
1248,7,0,11,14,53476380,3618,41873400,2831,17404
1249,8,0,15,10,53489280,3618,41873400,2829,17412
1250,8,0,15,10,53519400,3618,41873400,2828,17420
1251,3,0,11,14,53563080,3619,41873400,2827,17423
1252,6,0,13,12,53592180,3620,41873400,2826,17429
1253,8,0,14,11,53611260,3620,41873400,2824,17437
1254,5,0,12,13,53642520,3620,41873400,2823,17442
1255,4,0,8,17,53678640,3621,41873400,2823,17446
1256,8,0,10,15,53688360,3620,41873400,2821,17454
1257,14,0,15,10,53714160,3619,41873400,2818,17468
1258,12,0,16,9,53750580,3619,41873400,2816,17480
1259,6,0,11,14,53794620,3619,41873400,2815,17486
1260,12,0,13,12,53825580,3619,41873400,2813,17498
1261,11,0,17,8,53848440,3619,41873400,2811,17509
1262,12,0,14,11,53893500,3618,41873400,2808,17521
1263,13,0,18,7,53909400,3617,41873400,2806,17534
1264,11,0,14,11,53975100,3618,41873400,2804,17545
1265,8,0,13,12,54001860,3617,41873400,2802,17553
1266,10,0,15,10,54029820,3617,41873400,2801,17563
1267,8,0,16,9,54064500,3618,41873400,2799,17571
1268,8,0,11,14,54113580,3618,41873400,2798,17579
1269,12,0,19,6,54133020,3619,41873400,2795,17591
1270,7,0,12,13,54178800,3618,41873400,2794,17598
1271,4,0,9,16,54223920,3619,41873400,2793,17602
1272,2,0,6,19,54255660,3620,41873400,2793,17604
1273,12,0,11,14,54264840,3619,41873400,2791,17616
1274,11,0,15,10,54280980,3619,41873400,2789,17627
1275,7,0,13,12,54318720,3619,41873400,2787,17634
1276,6,0,9,16,54368820,3620,41873400,2786,17640
1277,9,0,8,17,54393300,3619,41873400,2785,17649
1278,6,0,10,15,54403320,3619,41873400,2783,17655
1279,9,0,12,13,54422100,3618,41873400,2782,17664
1280,13,0,13,12,54452460,3618,41873400,2779,17677
1281,14,0,17,8,54481860,3617,41873400,2777,17691
1282,13,0,19,6,54528780,3618,41873400,2774,17704
1283,10,0,14,11,54591900,3618,41873400,2773,17714
1284,9,0,11,14,54625260,3618,41873400,2771,17723
1285,14,0,18,7,54643920,3617,41873400,2768,17737
1286,10,0,17,8,54680340,3617,41873400,2767,17747
1287,9,0,14,11,54727920,3617,41873400,2765,17756
1288,17,0,20,5,54770160,3617,41873400,2762,17773
1289,12,0,20,5,54825060,3618,41873400,2760,17785
1290,8,0,15,10,54886860,3619,41873400,2758,17793
1291,13,0,16,9,54932640,3619,41873400,2756,17806
1292,8,0,12,13,54983820,3620,41873400,2754,17814
1293,3,0,7,18,55005720,3619,41873400,2754,17817
1294,8,0,9,16,55025940,3619,41873400,2752,17825
1295,4,0,9,16,55035780,3619,41873400,2752,17829
1296,1,0,6,19,55056660,3619,41873400,2751,17830
1297,4,0,8,17,55066560,3619,41873400,2751,17834
1298,6,0,11,14,55076580,3619,41873400,2750,17840
1299,5,0,11,14,55100400,3620,41873400,2749,17845
1300,9,0,9,16,55137660,3620,41873400,2747,17854
1301,6,0,8,17,55154280,3619,41873400,2746,17860
1302,8,0,9,16,55176240,3619,41873400,2745,17868
1303,6,0,10,15,55195680,3619,41873400,2743,17874
1304,8,0,14,11,55212360,3619,41873400,2742,17882
1305,9,0,14,11,55241220,3619,41873400,2740,17891
1306,9,0,12,13,55276680,3619,41873400,2739,17900
1307,13,0,13,12,55320780,3619,41873400,2737,17913
1308,10,0,17,8,55343820,3619,41873400,2735,17923
1309,8,0,12,13,55377420,3618,41873400,2733,17931
1310,12,0,11,14,55426620,3618,41873400,2731,17943
1311,9,0,12,13,55452480,3618,41873400,2730,17952
1312,8,0,10,15,55484520,3617,41873400,2728,17960
1313,13,0,20,5,55491240,3617,41873400,2726,17973
1314,6,0,12,13,55550040,3618,41873400,2725,17979
1315,4,0,8,17,55579500,3618,41873400,2724,17983
1316,7,0,11,14,55599180,3618,41873400,2723,17990
1317,2,0,6,19,55622760,3618,41873400,2722,17992
1318,6,0,8,17,55640280,3618,41873400,2721,17998
1319,6,0,10,15,55650360,3618,41873400,2720,18004
1320,3,0,7,18,55674000,3618,41873400,2720,18007
1321,6,0,10,15,55681980,3618,41873400,2719,18013
1322,5,0,7,18,55715160,3618,41873400,2718,18018
1323,7,0,10,15,55728720,3618,41873400,2717,18025
1324,4,0,10,15,55744980,3618,41873400,2716,18029
1325,5,0,9,16,55767900,3618,41873400,2715,18034
1326,7,0,12,13,55782240,3618,41873400,2714,18041
1327,3,0,6,19,55823460,3619,41873400,2713,18044
1328,12,0,12,13,55836540,3618,41873400,2711,18056
1329,7,0,13,12,55858320,3618,41873400,2710,18063
1330,15,0,14,11,55897860,3617,41873400,2707,18078
1331,11,0,16,9,55935960,3618,41873400,2705,18089
1332,12,0,14,11,55975260,3617,41873400,2703,18101
1333,12,0,17,8,56004240,3617,41873400,2701,18113
1334,4,0,8,17,56049000,3617,41873400,2700,18117
1335,8,0,12,13,56064780,3617,41873400,2699,18125
1336,7,0,10,15,56087820,3616,41873400,2698,18132
1337,7,0,10,15,56116020,3616,41873400,2697,18139
1338,9,0,13,12,56132280,3616,41873400,2695,18148
1339,10,0,13,12,56156880,3615,41873400,2693,18158
1340,9,0,13,12,56187240,3615,41873400,2692,18167
1341,3,0,8,17,56217720,3615,41873400,2691,18170
1342,6,0,11,14,56233320,3616,41873400,2690,18176
1343,4,0,9,16,56247600,3615,41873400,2690,18180
1344,6,0,9,16,56267040,3615,41873400,2689,18186
1345,1,0,9,16,56270580,3615,41873400,2688,18187
1346,9,0,17,8,56271480,3615,41873400,2687,18196
1347,9,0,19,6,56290740,3614,41873400,2685,18205
1348,5,0,14,11,56323020,3614,41873400,2684,18210
1349,7,0,14,11,56352180,3614,41873400,2683,18217
1350,11,0,15,10,56376600,3614,41873400,2681,18228
1351,6,0,14,11,56405040,3614,41873400,2680,18234
1352,15,0,18,7,56432580,3613,41873400,2678,18249
1353,5,0,16,9,56459460,3613,41873400,2677,18254
1354,7,0,17,8,56486760,3613,41873400,2676,18261
1355,16,0,23,2,56519940,3613,41873520,2673,18277
1356,12,0,20,5,56572980,3613,41873520,2671,18289
1357,9,0,17,8,56631120,3614,41873520,2669,18298
1358,13,0,20,5,56669460,3614,41873520,2667,18311
1359,9,0,15,10,56718300,3614,41873520,2666,18320
1360,12,0,21,4,56737980,3614,41873520,2664,18332
1361,10,0,16,9,56781420,3613,41873520,2662,18342
1362,8,0,12,13,56826960,3614,41873520,2661,18350
1363,9,0,14,11,56845260,3613,41873520,2659,18359
1364,9,0,18,7,56858820,3613,41873520,2657,18368
1365,10,0,18,7,56888340,3612,41873520,2656,18378
1366,3,0,12,13,56938740,3614,41873520,2655,18381
1367,8,0,16,9,56951760,3613,41873520,2654,18389
1368,3,0,12,13,56972040,3613,41873520,2653,18392
1369,3,0,11,14,56988240,3613,41873520,2653,18395
1370,4,0,12,13,56990880,3613,41873520,2652,18399
1371,6,0,14,11,57003600,3613,41873520,2651,18405
1372,7,0,16,9,57027300,3613,41873520,2650,18412
1373,12,0,20,5,57048480,3612,41873520,2648,18424
1374,8,0,14,11,57093240,3612,41873520,2647,18432
1375,9,0,18,7,57109860,3612,41873520,2645,18441
1376,9,0,16,9,57149520,3612,41873520,2644,18450
1377,9,0,17,8,57174120,3612,41873520,2642,18459
1378,10,0,15,10,57215640,3612,41873520,2641,18469
1379,16,0,21,4,57244560,3611,41873520,2638,18485
1380,8,0,16,9,57286800,3611,41873520,2637,18493
1381,10,0,13,12,57322500,3610,41873520,2635,18503
1382,6,0,12,13,57348900,3610,41873520,2634,18509
1383,10,0,19,6,57355380,3610,41873520,2632,18519
1384,11,0,22,3,57371700,3609,41873520,2630,18530
1385,11,0,20,5,57429780,3610,41873520,2629,18541
1386,10,0,18,7,57472680,3610,41873520,2627,18551
1387,10,0,13,12,57516600,3609,41873520,2625,18561
1388,6,0,14,11,57540180,3610,41873520,2624,18567
1389,12,0,21,4,57550860,3609,41873520,2622,18579
1390,5,0,18,7,57576600,3609,41873520,2622,18584
1391,8,0,14,11,57634740,3610,41873520,2620,18592
1392,6,0,17,8,57644220,3610,41873520,2619,18598
1393,4,0,13,12,57674160,3610,41873520,2619,18602
1394,8,0,14,11,57708900,3610,41873520,2617,18610
1395,5,0,10,15,57728160,3610,41873520,2616,18615
1396,4,0,11,14,57737520,3609,41873520,2616,18619
1397,8,0,15,10,57745080,3609,41873520,2614,18627
1398,7,0,13,12,57770100,3609,41873520,2613,18634
1399,8,0,15,10,57794700,3609,41873520,2612,18642
1400,8,0,20,5,57799320,3608,41873520,2611,18650
1401,10,0,18,7,57847380,3609,41873520,2609,18660
1402,11,0,17,8,57885960,3608,41873520,2607,18671
1403,13,0,20,5,57920640,3608,41873520,2605,18684
1404,19,2,25,0,57957600,3608,41874000,2602,18703
1405,10,0,18,7,58022940,3608,41875080,2601,18713
1406,10,0,19,6,58061820,3608,41875080,2599,18723
1407,9,0,21,4,58085580,3608,41875080,2598,18732
1408,7,0,18,7,58119360,3608,41875080,2596,18739
1409,4,0,15,10,58152660,3608,41875080,2596,18743
1410,12,0,18,7,58189800,3609,41875080,2594,18755
1411,8,0,20,5,58206780,3608,41875080,2593,18763
1412,13,0,21,4,58250400,3608,41875080,2590,18776
1413,7,0,19,6,58295340,3609,41875080,2589,18783
1414,5,0,15,10,58337340,3610,41875080,2589,18788
1415,8,0,15,10,58371180,3610,41875080,2587,18796
1416,6,0,15,10,58391520,3610,41875080,2586,18802
1417,6,0,14,11,58418520,3610,41875080,2585,18808
1418,8,0,17,8,58436880,3610,41875080,2584,18816
1419,6,0,19,6,58463040,3611,41875080,2583,18822
1420,8,0,15,10,58512420,3611,41875080,2582,18830
1421,6,0,16,9,58533720,3611,41875080,2581,18836
1422,7,0,14,11,58569840,3612,41875080,2580,18843
1423,7,0,14,11,58596960,3612,41875080,2579,18850
1424,9,0,18,7,58606620,3611,41875080,2577,18859
1425,12,0,21,4,58631940,3611,41875080,2575,18871
1426,11,1,25,0,58655820,3611,41878860,2574,18882
1427,7,0,19,6,58731840,3612,41879940,2573,18889
1428,6,0,14,11,58797720,3614,41879940,2572,18895
1429,5,0,13,12,58814220,3614,41879940,2571,18900
1430,10,0,19,6,58824300,3613,41879940,2569,18910
1431,8,0,18,7,58866720,3614,41879940,2568,18918
1432,12,0,18,7,58906200,3614,41879940,2566,18930
1433,6,0,17,8,58932360,3614,41879940,2565,18936
1434,8,0,16,9,58975920,3615,41879940,2564,18944
1435,7,0,15,10,58999740,3614,41879940,2563,18951
1436,5,0,12,13,59037060,3615,41879940,2562,18956
1437,3,0,14,11,59042760,3615,41879940,2562,18959
1438,8,0,17,8,59069760,3615,41879940,2560,18967
1439,4,0,12,13,59090880,3615,41879940,2560,18971
1440,6,0,13,12,59114280,3615,41879940,2559,18977
1441,5,0,12,13,59134800,3615,41879940,2558,18982
1442,2,0,10,15,59147280,3615,41879940,2558,18984
1443,4,0,12,13,59157120,3615,41879940,2557,18988
1444,6,0,15,10,59163780,3615,41879940,2556,18994
1445,6,0,17,8,59183280,3615,41879940,2555,19000
1446,12,0,17,8,59215560,3614,41879940,2553,19012
1447,10,0,18,7,59252040,3615,41879940,2552,19022
1448,14,0,21,4,59289720,3615,41879940,2550,19036
1449,16,0,24,1,59322000,3614,41880360,2547,19052
1450,6,0,16,9,59366160,3613,41880360,2546,19058
1451,12,0,17,8,59410860,3614,41880360,2544,19070
1452,9,0,21,4,59418600,3613,41880360,2543,19079
1453,9,0,18,7,59479140,3614,41880360,2542,19088
1454,8,0,18,7,59502900,3614,41880360,2540,19096
1455,9,0,16,9,59558640,3615,41880360,2539,19105
1456,10,0,17,8,59589120,3614,41880360,2538,19115
1457,8,0,21,4,59614860,3615,41880360,2536,19123
1458,5,0,16,9,59662740,3616,41880360,2536,19128
1459,6,0,16,9,59693460,3616,41880360,2535,19134
1460,8,0,16,9,59720340,3616,41880360,2533,19142
1461,10,0,19,6,59747340,3616,41880360,2532,19152
1462,6,0,17,8,59781000,3617,41880360,2531,19158
1463,4,0,15,10,59811900,3617,41880360,2530,19162
1464,6,0,14,11,59846760,3618,41880360,2529,19168
1465,9,0,15,10,59875200,3618,41880360,2528,19177
1466,8,0,20,5,59890980,3618,41880360,2527,19185
1467,5,0,12,13,59931540,3618,41880360,2526,19190
1468,9,0,16,9,59942280,3617,41880360,2525,19199
1469,6,0,14,11,59980860,3618,41880360,2524,19205
1470,6,0,16,9,60003720,3618,41880360,2523,19211
1471,3,0,13,12,60026160,3618,41880360,2522,19214
1472,7,0,14,11,60056280,3619,41880360,2521,19221
1473,11,0,16,9,60077880,3618,41880360,2520,19232
1474,6,0,15,10,60102000,3618,41880360,2519,19238
1475,11,0,20,5,60117300,3618,41880360,2517,19249
1476,12,0,18,7,60161160,3617,41880360,2515,19261
1477,16,0,17,8,60220740,3617,41880420,2513,19277
1478,11,0,17,8,60253680,3617,41880420,2511,19288
1479,15,0,24,1,60275340,3616,41880900,2509,19303
1480,7,0,16,9,60340080,3617,41880900,2508,19310
1481,5,0,15,10,60373740,3618,41880900,2507,19315
1482,6,0,14,11,60415140,3619,41880900,2506,19321
1483,5,0,15,10,60430260,3619,41880900,2506,19326
1484,5,0,14,11,60467040,3620,41880900,2505,19331
1485,7,0,16,9,60492960,3620,41880900,2504,19338
1486,8,0,18,7,60509940,3620,41880900,2503,19346
1487,4,0,11,14,60548100,3620,41880900,2502,19350
1488,5,0,14,11,60562200,3620,41880900,2501,19355
1489,5,0,11,14,60581580,3620,41880900,2500,19360
1490,7,0,15,10,60596400,3620,41880900,2499,19367
1491,2,0,14,11,60607440,3620,41880900,2499,19369
1492,5,0,13,12,60641220,3621,41880900,2498,19374
1493,6,0,14,11,60663180,3621,41880900,2497,19380
1494,10,0,17,8,60684660,3621,41880900,2496,19390
1495,11,0,18,7,60718320,3620,41880900,2494,19401
1496,8,0,14,11,60751620,3620,41880900,2493,19409
1497,7,0,12,13,60786300,3620,41880900,2492,19416
1498,6,0,14,11,60801900,3620,41880900,2491,19422
1499,10,0,17,8,60817620,3619,41880900,2490,19432
1500,9,0,16,9,60853380,3619,41880900,2488,19441
1501,10,0,16,9,60886320,3619,41880900,2487,19451
1502,12,0,19,6,60925380,3620,41880900,2485,19463
1503,12,0,19,6,60962340,3619,41880900,2483,19475
1504,6,0,13,12,61013100,3620,41880900,2483,19481
1505,6,0,17,8,61019460,3620,41880900,2482,19487
1506,7,0,15,10,61056900,3620,41880900,2481,19494
1507,3,0,12,13,61077240,3620,41880900,2480,19497
1508,4,0,13,12,61089660,3620,41880900,2480,19501
1509,5,0,12,13,61112520,3620,41880900,2479,19506
1510,4,0,13,12,61119120,3620,41880900,2478,19510
1511,4,0,10,15,61140060,3619,41880900,2478,19514
1512,5,0,10,15,61150500,3619,41880900,2477,19519
1513,6,0,14,11,61154460,3619,41880900,2476,19525
1514,3,0,12,13,61167300,3618,41880900,2476,19528
1515,6,0,14,11,61184100,3619,41880900,2475,19534
1516,6,0,13,12,61200900,3618,41880900,2474,19540
1517,2,0,15,10,61200900,3618,41880900,2474,19542
1518,5,0,12,13,61237320,3619,41880900,2473,19547
1519,7,0,16,9,61251540,3619,41880900,2472,19554
1520,8,0,16,9,61280340,3619,41880900,2471,19562
1521,12,0,19,6,61320180,3619,41880900,2469,19574
1522,11,0,21,4,61358520,3619,41880900,2467,19585
1523,8,0,21,4,61392000,3620,41880900,2466,19593
1524,10,0,17,8,61445340,3620,41880900,2465,19603
1525,9,0,19,6,61474020,3620,41880900,2463,19612
1526,9,0,16,9,61524540,3621,41880900,2462,19621
1527,9,0,20,5,61539900,3620,41880900,2461,19630
1528,7,0,16,9,61591980,3621,41880900,2460,19637
1529,7,0,16,9,61623420,3621,41880900,2459,19644
1530,9,0,17,8,61641420,3621,41880900,2457,19653
1531,6,0,14,11,61669380,3621,41880900,2457,19659
1532,8,0,16,9,61703880,3621,41880900,2455,19667
1533,1,0,13,12,61723980,3622,41880900,2455,19668
1534,9,0,17,8,61742040,3622,41880900,2454,19677
1535,3,0,10,15,61786200,3622,41880900,2454,19680
1536,6,0,13,12,61795080,3622,41880900,2453,19686
1537,8,0,16,9,61809720,3622,41880900,2452,19694
1538,5,0,17,8,61824780,3622,41880900,2451,19699
1539,7,0,15,10,61867440,3622,41880900,2450,19706
1540,6,0,15,10,61901400,3623,41880900,2449,19712
1541,7,0,14,11,61927440,3623,41880900,2448,19719
1542,6,0,13,12,61947000,3623,41880900,2447,19725
1543,8,0,15,10,61965120,3622,41880900,2446,19733
1544,8,0,17,8,61995060,3623,41880900,2445,19741
1545,8,0,15,10,62019900,3622,41880900,2444,19749
1546,10,0,15,10,62048760,3622,41880900,2442,19759
1547,5,0,11,14,62078700,3622,41880900,2442,19764
1548,11,0,19,6,62082900,3621,41880900,2440,19775
1549,13,0,18,7,62125920,3621,41880900,2438,19788
1550,9,0,20,5,62151420,3621,41880900,2437,19797
1551,6,0,13,12,62193540,3620,41880900,2436,19803
1552,7,0,16,9,62215560,3621,41880900,2435,19810
1553,11,0,23,2,62232000,3621,41880900,2433,19821
1554,7,0,17,8,62279460,3621,41880900,2432,19828
1555,8,0,14,11,62321760,3621,41880900,2431,19836
1556,5,0,13,12,62341140,3621,41880900,2431,19841
1557,8,0,16,9,62362920,3621,41880900,2429,19849
1558,5,0,14,11,62386740,3621,41880900,2429,19854
1559,6,0,12,13,62420580,3621,41880900,2428,19860
1560,11,0,16,9,62433420,3621,41880900,2426,19871
1561,2,0,12,13,62454540,3621,41880900,2426,19873
1562,0,0,10,15,62469180,3621,41880900,2426,19873
1563,2,0,9,16,62491560,3622,41880900,2426,19875
1564,4,0,12,13,62492700,3622,41880900,2425,19879
1565,13,0,19,6,62514420,3622,41880900,2423,19892
1566,5,0,17,8,62545140,3622,41880900,2423,19897
1567,11,0,19,6,62579040,3622,41880900,2421,19908
1568,10,0,16,9,62616360,3621,41880900,2420,19918
1569,9,0,19,6,62639640,3622,41880900,2419,19927
1570,5,0,14,11,62682780,3622,41880900,2418,19932
1571,6,0,15,10,62692140,3621,41880900,2417,19938
1572,7,0,16,9,62724240,3622,41880900,2416,19945
1573,10,0,17,8,62757960,3622,41880900,2415,19955
1574,14,0,24,1,62780640,3622,41880900,2413,19969
1575,9,0,19,6,62834220,3622,41880900,2411,19978
1576,12,0,19,6,62883840,3622,41880900,2410,19990
1577,8,0,21,4,62900520,3622,41880900,2409,19998
1578,10,0,18,7,62954880,3623,41880900,2407,20008
1579,9,0,18,7,62987640,3623,41880900,2406,20017
1580,7,0,16,9,63027840,3623,41880900,2405,20024
1581,10,0,20,5,63048180,3623,41880900,2404,20034
1582,4,0,14,11,63093840,3624,41880900,2403,20038
1583,3,0,14,11,63105360,3624,41880900,2403,20041
1584,4,0,13,12,63127560,3624,41880900,2402,20045
1585,2,0,10,15,63144000,3624,41880900,2402,20047
1586,4,0,14,11,63144000,3624,41880900,2401,20051
1587,7,0,17,8,63152340,3623,41880900,2400,20058
1588,5,0,14,11,63190740,3624,41880900,2400,20063
1589,3,0,12,13,63217920,3624,41880900,2399,20066
1590,9,0,17,8,63229500,3624,41880900,2398,20075
1591,6,0,16,9,63253140,3624,41880900,2397,20081
1592,8,0,16,9,63286140,3624,41880900,2396,20089
1593,7,0,16,9,63301440,3624,41880900,2395,20096
1594,12,0,19,6,63324060,3623,41880900,2394,20108
1595,12,0,21,4,63357960,3623,41880900,2392,20120
1596,7,0,14,11,63419160,3624,41880900,2391,20127
1597,16,0,23,2,63428400,3623,41880900,2389,20143
1598,5,0,14,11,63487080,3623,41880900,2388,20148
1599,13,0,18,7,63519240,3623,41880900,2386,20161
1600,11,0,18,7,63560580,3623,41880900,2385,20172
1601,10,0,18,7,63598800,3623,41880900,2383,20182
1602,9,0,15,10,63627060,3622,41880900,2382,20191
1603,9,0,14,11,63651960,3622,41880900,2381,20200
1604,10,0,20,5,63673620,3622,41880900,2380,20210
1605,9,0,20,5,63702300,3622,41880900,2378,20219
1606,6,0,16,9,63745560,3622,41880900,2378,20225
1607,9,0,21,4,63766620,3623,41880900,2376,20234
1608,4,0,16,9,63803340,3623,41880900,2376,20238
1609,1,0,12,13,63833100,3624,41880900,2376,20239
1610,7,0,14,11,63854160,3624,41880900,2375,20246
1611,7,0,16,9,63876720,3624,41880900,2374,20253
1612,5,0,14,11,63905220,3624,41880900,2373,20258
1613,6,0,16,9,63920520,3624,41880900,2372,20264
1614,3,0,11,14,63963600,3625,41880900,2372,20267
1615,10,0,17,8,63968940,3625,41880900,2371,20277
1616,6,0,18,7,63987960,3625,41880900,2370,20283
1617,9,0,16,9,64029420,3625,41880900,2369,20292
1618,7,0,17,8,64050900,3625,41880900,2368,20299
1619,9,0,16,9,64093440,3625,41880900,2366,20308
1620,6,0,12,13,64133220,3625,41880900,2366,20314
1621,9,0,17,8,64150980,3625,41880900,2364,20323
1622,5,0,16,9,64169820,3625,41880900,2364,20328
1623,11,0,18,7,64215840,3626,41880900,2362,20339
1624,7,0,16,9,64251780,3626,41880900,2361,20346
1625,6,0,13,12,64281840,3626,41880900,2361,20352
1626,3,0,11,14,64304760,3626,41880900,2360,20355
1627,5,0,14,11,64309140,3626,41880900,2360,20360
1628,4,0,11,14,64338600,3626,41880900,2359,20364
1629,8,0,16,9,64349820,3626,41880900,2358,20372
1630,5,0,13,12,64372320,3626,41880900,2357,20377
1631,10,0,19,6,64396920,3627,41880900,2356,20387
1632,3,0,13,12,64422660,3626,41880900,2356,20390
1633,3,0,12,13,64440300,3626,41880900,2355,20393
1634,3,0,10,15,64455240,3626,41880900,2355,20396
1635,8,0,12,13,64466400,3626,41880900,2354,20404
1636,7,0,13,12,64481760,3625,41880900,2353,20411
1637,4,0,11,14,64499760,3625,41880900,2352,20415
1638,7,0,14,11,64511280,3625,41880900,2351,20422
1639,11,0,21,4,64527720,3625,41880900,2350,20433
1640,6,0,15,10,64562100,3625,41880900,2349,20439
1641,9,0,14,11,64595100,3624,41880900,2348,20448
1642,14,0,19,6,64618440,3624,41880900,2346,20462
1643,6,0,15,10,64648380,3623,41880900,2345,20468
1644,16,0,22,3,64680900,3623,41880900,2343,20484
1645,9,0,20,5,64710900,3623,41880900,2342,20493
1646,11,0,21,4,64767840,3624,41880900,2341,20504
1647,12,0,22,3,64796820,3623,41880900,2339,20516
1648,12,0,18,7,64864800,3624,41880900,2337,20528
1649,9,0,17,8,64896120,3624,41880900,2336,20537
1650,8,0,17,8,64933920,3624,41880900,2335,20545
1651,3,0,13,12,64968000,3625,41880900,2335,20548
1652,6,0,14,11,64990680,3625,41880900,2334,20554
1653,4,0,16,9,64999320,3625,41880900,2333,20558
1654,5,0,10,15,65045880,3625,41880900,2333,20563
1655,7,0,12,13,65052900,3625,41880900,2332,20570
1656,5,0,12,13,65062500,3624,41880900,2331,20575
1657,3,0,12,13,65078280,3625,41880900,2331,20578
1658,5,0,15,10,65080980,3624,41880900,2330,20583
1659,9,0,20,5,65093100,3624,41880900,2329,20592
1660,6,0,17,8,65137860,3625,41880900,2328,20598
1661,7,0,15,10,65180280,3625,41880900,2327,20605
1662,10,0,17,8,65219760,3626,41880900,2326,20615
1663,10,0,18,7,65256600,3626,41880900,2325,20625
1664,4,0,15,10,65287140,3627,41880900,2324,20629
1665,15,0,22,3,65330220,3627,41880900,2322,20644
1666,15,0,22,3,65367180,3626,41880900,2320,20659
1667,12,0,24,1,65413260,3627,41880900,2319,20671
1668,9,0,17,8,65477760,3627,41880900,2318,20680
1669,13,0,23,2,65507040,3627,41880900,2316,20693
1670,12,1,25,0,65554020,3628,41880900,2315,20705
1671,6,0,16,9,65619180,3629,41881620,2314,20711
1672,10,0,16,9,65652120,3628,41881620,2313,20721
1673,8,0,17,8,65680680,3629,41881620,2311,20729
1674,9,0,18,7,65707380,3629,41881620,2310,20738
1675,7,0,15,10,65734260,3628,41881620,2309,20745
1676,8,0,15,10,65776260,3629,41881620,2308,20753
1677,3,0,10,15,65799240,3628,41881620,2308,20756
1678,9,0,13,12,65809560,3628,41881620,2307,20765
1679,8,0,12,13,65833740,3627,41881620,2306,20773
1680,3,0,11,14,65849460,3627,41881620,2306,20776
1681,3,0,11,14,65863980,3628,41881620,2305,20779
1682,11,0,16,9,65874780,3627,41881620,2304,20790
1683,23,5,25,0,65890260,3626,41882760,2301,20813
1684,27,21,25,0,65942040,3627,41888520,2298,20840
1685,41,39,25,0,65998320,3628,41896680,2295,20881
1686,36,38,25,0,66046500,3629,41920500,2295,20917
1687,23,39,25,0,66127680,3630,41978400,2296,20940
1688,24,40,25,0,66194880,3631,42033840,2298,20964
1689,26,40,25,0,66244080,3631,42084900,2299,20990
1690,41,40,25,0,66330540,3632,42197220,2302,21031
1691,31,36,25,0,66388440,3631,42270840,2304,21062
1692,34,40,25,0,66431580,3631,42306060,2304,21096
1693,26,37,25,0,66486480,3632,42329340,2305,21122
1694,34,40,25,0,66559740,3632,42385440,2305,21156
1695,29,40,25,0,66610740,3632,42407940,2304,21185
1696,36,36,25,0,66698280,3633,42547980,2310,21221
1697,28,39,25,0,66748920,3632,42650940,2312,21249
1698,30,34,25,0,66820500,3633,42739740,2316,21279
1699,28,38,25,0,66869340,3632,42834660,2318,21307
1700,31,40,25,0,66933900,3632,42851580,2317,21338
1701,39,40,25,0,66991920,3631,42870060,2316,21377
1702,33,40,25,0,67041480,3630,42897180,2315,21410
1703,41,40,25,0,67099500,3632,42919620,2315,21451
1704,33,38,25,0,67177140,3632,43006920,2317,21484
1705,23,39,25,0,67238160,3632,43066560,2318,21507
1706,41,35,25,0,67322580,3631,43177800,2321,21548
1707,19,39,25,0,67350420,3630,43183140,2320,21567
1708,30,40,25,0,67399980,3631,43196640,2319,21597
1709,30,37,25,0,67473360,3631,43246920,2319,21627
1710,37,37,25,0,67542180,3632,43312740,2321,21664
1711,34,38,25,0,67597620,3631,43343220,2320,21698
1712,30,38,25,0,67671060,3633,43355880,2319,21728
1713,35,40,25,0,67714620,3633,43375440,2319,21763
1714,34,40,25,0,67795800,3633,43479300,2322,21797
1715,27,38,25,0,67854300,3633,43487640,2320,21824
1716,26,40,25,0,67899300,3632,43554480,2322,21850
1717,29,39,25,0,67969920,3632,43622640,2323,21879
1718,35,40,25,0,68024220,3632,43630800,2322,21914
1719,33,40,25,0,68094000,3633,43663140,2321,21947
1720,30,38,25,0,68157600,3633,43686360,2320,21977
1721,36,39,25,0,68209440,3633,43697700,2319,22013
1722,32,39,25,0,68283780,3633,43849020,2325,22045
1723,24,37,25,0,68337480,3631,44265420,2345,22069
1724,26,39,25,0,68391480,3632,44281200,2343,22095
1725,26,37,25,0,68468340,3630,44621160,2358,22121
1726,31,40,25,0,68522040,3631,44631720,2357,22152
1727,34,39,25,0,68587440,3631,44682000,2357,22186
1728,32,40,25,0,68625960,3631,44691660,2356,22218
1729,30,40,25,0,68705100,3630,44773860,2358,22248
1730,27,39,25,0,68765700,3630,44816220,2358,22275
1731,32,38,25,0,68836500,3631,44834220,2357,22307
1732,32,35,25,0,68893800,3629,44917560,2359,22339
1733,35,40,25,0,68929740,3629,44924820,2357,22374
1734,33,40,25,0,69000720,3630,44988540,2358,22407
1735,24,39,25,0,69069480,3629,45076560,2360,22431
1736,25,40,25,0,69129300,3629,45145080,2362,22456
1737,31,40,25,0,69195960,3630,45165000,2361,22487
1738,28,40,25,0,69249720,3629,45597420,2381,22515
1739,30,37,25,0,69311100,3629,45657960,2383,22545
1740,27,38,25,0,69363360,3628,45673380,2381,22572
1741,31,40,25,0,69438600,3629,45691320,2380,22603
1742,42,40,25,0,69496620,3629,45709320,2379,22645
1743,36,40,25,0,69570300,3629,45746700,2378,22681
1744,26,36,25,0,69632820,3629,45828540,2381,22707
1745,39,40,25,0,69675300,3628,45883500,2381,22746
1746,31,40,25,0,69741120,3628,45909900,2381,22777
1747,30,40,25,0,69799500,3628,45919620,2379,22807
1748,26,40,25,0,69848820,3628,45985740,2380,22833
1749,31,40,25,0,69927480,3629,46042620,2381,22864
1750,27,40,25,0,69972480,3629,46087080,2382,22891
1751,31,40,25,0,70057320,3630,46098900,2381,22922
1752,36,38,25,0,70101660,3630,46132440,2381,22958
1753,23,30,25,0,70192980,3629,47366160,2442,22981
1754,29,40,25,0,70217880,3629,47372460,2440,23010
1755,32,40,25,0,70285260,3629,47392440,2439,23042
1756,31,40,25,0,70369680,3628,47592000,2446,23073
1757,27,39,25,0,70397340,3628,47597280,2445,23100
1758,29,39,25,0,70476300,3629,47631120,2445,23129
1759,23,39,25,0,70535700,3628,47706780,2446,23152
1760,33,40,25,0,70596420,3629,47717640,2445,23185
1761,33,40,25,0,70655340,3629,47772300,2446,23218
1762,38,39,25,0,70724940,3630,47791380,2445,23256
1763,28,39,25,0,70783860,3629,47820720,2444,23284
1764,26,40,25,0,70839300,3629,47902980,2446,23310
1765,34,40,25,0,70883880,3629,47916960,2445,23344
1766,38,40,25,0,70985580,3628,48151560,2453,23382
1767,34,40,25,0,71017980,3629,48162540,2453,23416
1768,32,40,25,0,71089980,3629,48185220,2452,23448
1769,34,35,25,0,71161920,3630,48360420,2459,23482
1770,32,39,25,0,71211780,3629,48454740,2461,23514
1771,19,40,25,0,71272860,3630,48465660,2460,23533
1772,30,40,25,0,71334480,3629,48520920,2460,23563
1773,37,40,25,0,71380560,3630,48527700,2460,23600
1774,33,40,25,0,71475060,3632,48576360,2460,23633
1775,33,40,25,0,71520600,3631,48648900,2461,23666
1776,31,40,25,0,71571660,3630,48714720,2462,23697
1777,37,40,25,0,71644620,3631,48725100,2461,23734
1778,28,36,25,0,71720580,3630,48823740,2464,23762
1779,38,40,25,0,71746020,3630,48828180,2462,23800
1780,35,40,25,0,71806440,3631,48882480,2464,23835
1781,26,37,25,0,71880360,3632,48988800,2468,23861
1782,41,39,25,0,71946480,3632,49029780,2467,23902
1783,32,40,25,0,72010260,3633,49079820,2468,23934
1784,31,39,25,0,72088020,3632,49129500,2467,23965
1785,20,37,25,0,72138960,3631,49283100,2473,23985
1786,24,40,25,0,72173040,3631,49293180,2472,24009
1787,24,40,25,0,72231840,3632,49299420,2471,24033
1788,37,39,25,0,72317820,3633,49365360,2472,24070
1789,31,39,25,0,72386760,3632,49394940,2471,24101
1790,29,40,25,0,72428280,3632,49454700,2472,24130
1791,33,39,25,0,72488940,3632,49465920,2471,24163
1792,34,39,25,0,72555720,3633,49490580,2470,24197
1793,31,39,25,0,72620820,3633,49520760,2469,24228
1794,30,40,25,0,72690240,3632,49558200,2468,24258
1795,30,40,25,0,72742260,3632,49689660,2473,24288
1796,24,40,25,0,72792840,3632,49698300,2472,24312
1797,39,39,25,0,72861360,3633,49772940,2474,24351
1798,23,40,25,0,72928860,3633,49793400,2473,24374
1799,22,38,25,0,72999000,3632,50087640,2484,24396
1800,33,40,25,0,73055820,3631,50342400,2494,24429
1801,31,38,25,0,73111500,3631,50413140,2496,24460
1802,25,40,25,0,73163700,3629,50439300,2494,24485
1803,28,40,25,0,73226760,3630,50448660,2493,24513
1804,36,40,25,0,73290180,3630,50493780,2493,24549
1805,28,40,25,0,73356180,3630,50582700,2495,24577
1806,29,37,25,0,73423020,3630,50629440,2495,24606
1807,34,40,25,0,73482000,3630,50634960,2493,24640
1808,27,40,25,0,73541220,3629,50698920,2494,24667
1809,32,40,25,0,73589340,3629,50719740,2493,24699
1810,35,40,25,0,73650000,3630,50723340,2492,24734
1811,30,40,25,0,73711260,3631,50767560,2493,24764
1812,27,40,25,0,73792020,3630,50877540,2495,24791
1813,32,40,25,0,73839000,3630,50885340,2494,24823
1814,44,40,25,0,73914480,3630,50984160,2496,24867
1815,35,39,25,0,73968360,3630,51056580,2498,24902
1816,29,39,25,0,74042280,3630,51104040,2497,24931
1817,31,40,25,0,74081220,3630,51168060,2499,24962
1818,30,40,25,0,74149380,3630,51208800,2499,24992
1819,29,38,25,0,74207040,3630,51387360,2506,25021
1820,29,40,25,0,74270820,3631,51405060,2505,25050
1821,29,40,25,0,74325960,3631,51440460,2505,25079
1822,34,40,25,0,74392740,3631,51536820,2507,25113
1823,25,36,25,0,74470860,3630,51684780,2512,25138
1824,31,40,25,0,74509020,3630,51693720,2511,25169
1825,37,39,25,0,74575680,3631,51723240,2511,25206
1826,31,39,25,0,74659320,3631,51753960,2510,25237
1827,31,37,25,0,74713680,3631,51793140,2509,25268
1828,33,40,25,0,74764980,3630,51812880,2508,25301
1829,27,40,25,0,74814420,3631,51847680,2508,25328
1830,32,36,25,0,74886660,3631,52126200,2520,25360
1831,31,40,25,0,74942220,3631,52134900,2518,25391
1832,32,39,25,0,75003960,3631,52212960,2520,25423
1833,22,40,25,0,75068700,3631,52252080,2519,25445
1834,32,40,25,0,75114300,3631,52265400,2519,25477
1835,30,38,25,0,75192900,3631,52286160,2517,25507
1836,34,40,25,0,75253980,3632,52290360,2516,25541
1837,39,40,25,0,75308520,3631,52492860,2523,25580
1838,27,40,25,0,75353640,3631,52522680,2523,25607
1839,33,40,25,0,75410640,3631,52579320,2524,25640
1840,33,40,25,0,75497400,3632,52611240,2523,25673
1841,30,40,25,0,75548820,3631,52648320,2523,25703
1842,31,40,25,0,75621060,3632,52715460,2524,25734
1843,33,40,25,0,75676440,3632,52769280,2525,25767
1844,28,40,25,0,75733740,3632,52786680,2523,25795
1845,34,40,25,0,75797760,3631,52859040,2525,25829
1846,36,39,25,0,75863100,3633,52869120,2524,25865
1847,26,40,25,0,75923280,3633,52900440,2524,25891
1848,11,38,25,0,75968940,3634,52948320,2525,25902
1849,9,17,25,0,76073940,3633,60046560,2862,25911
1850,4,0,14,11,76121640,3630,64942200,3095,25915
1851,9,0,16,9,76145820,3630,64942200,3093,25924
1852,7,0,16,9,76164300,3630,64942200,3092,25931
1853,12,0,20,5,76200960,3630,64942200,3091,25943
1854,6,0,17,8,76241640,3630,64942200,3090,25949
1855,2,0,12,13,76275720,3631,64942200,3089,25951
1856,9,0,16,9,76297020,3631,64942200,3088,25960
1857,11,0,20,5,76316400,3631,64942200,3087,25971
1858,5,0,15,10,76356660,3631,64942200,3086,25976
1859,11,0,18,7,76389240,3631,64942200,3084,25987
1860,9,0,19,6,76415520,3631,64942200,3083,25996
1861,11,0,18,7,76451760,3631,64942200,3081,26007
1862,12,0,20,5,76481220,3630,64942200,3080,26019
1863,7,0,15,10,76525380,3630,64942200,3078,26026
1864,5,0,14,11,76553700,3631,64942200,3078,26031
1865,10,0,17,8,76576200,3630,64942200,3076,26041
1866,6,0,16,9,76596660,3630,64942200,3075,26047
1867,7,0,15,10,76624320,3630,64942200,3074,26054
1868,3,0,11,14,76650240,3630,64942200,3074,26057
1869,12,0,16,9,76666140,3630,64942200,3072,26069
1870,2,0,11,14,76702800,3630,64942200,3072,26071
1871,4,0,11,14,76717020,3630,64942200,3071,26075
1872,4,0,12,13,76719960,3630,64942200,3071,26079
1873,4,0,14,11,76730460,3630,64942200,3070,26083
1874,6,0,14,11,76753020,3630,64942200,3069,26089
1875,5,0,13,12,76780080,3630,64942200,3069,26094
1876,5,0,17,8,76784640,3630,64942200,3068,26099
1877,13,0,17,8,76828500,3630,64942200,3066,26112
1878,8,0,16,9,76849800,3630,64942200,3065,26120
1879,6,0,15,10,76873980,3630,64942200,3064,26126
1880,7,0,15,10,76909800,3630,64942200,3063,26133
1881,7,0,18,7,76927560,3630,64942200,3062,26140
1882,8,0,18,7,76964460,3631,64942200,3061,26148
1883,13,0,23,2,76999620,3631,64942200,3059,26161
1884,9,0,20,5,77046060,3631,64942200,3058,26170
1885,9,0,19,6,77089860,3631,64942200,3056,26179
1886,10,0,15,10,77136120,3631,64942200,3055,26189
1887,9,0,16,9,77165700,3631,64942200,3054,26198
1888,5,0,15,10,77190660,3631,64942200,3053,26203
1889,8,0,18,7,77221860,3632,64942200,3052,26211
1890,5,0,12,13,77257920,3632,64942200,3051,26216
1891,5,0,13,12,77273940,3632,64942200,3050,26221
1892,5,0,13,12,77290740,3632,64942200,3050,26226
1893,5,0,15,10,77302740,3632,64942200,3049,26231
1894,7,0,16,9,77320680,3632,64942200,3048,26238
1895,3,0,11,14,77363820,3632,64942200,3047,26241
1896,7,0,15,10,77371620,3632,64942200,3046,26248
1897,6,0,14,11,77394240,3632,64942200,3046,26254
1898,7,0,15,10,77424540,3632,64942200,3045,26261
1899,8,0,15,10,77439600,3632,64942200,3043,26269
1900,7,0,17,8,77472600,3632,64942200,3042,26276
1901,6,0,14,11,77505060,3632,64942200,3042,26282
1902,11,0,15,10,77528460,3632,64942200,3040,26293
1903,11,0,21,4,77548020,3632,64942200,3038,26304
1904,6,0,15,10,77575500,3631,64942200,3038,26310
1905,6,0,15,10,77601900,3631,64942200,3037,26316
1906,9,0,17,8,77633580,3632,64942200,3035,26325
1907,10,0,19,6,77658960,3631,64942200,3034,26335
1908,14,0,22,3,77689080,3631,64942200,3032,26349
1909,4,0,15,10,77737920,3631,64942200,3031,26353
1910,10,0,17,8,77776800,3632,64942200,3030,26363
1911,6,0,15,10,77802360,3632,64942200,3029,26369
1912,7,0,19,6,77815980,3632,64942200,3028,26376
1913,7,0,17,8,77859840,3632,64942200,3027,26383
1914,13,0,16,9,77905680,3632,64942200,3025,26396
1915,7,0,13,12,77931180,3632,64942200,3024,26403
1916,8,0,15,10,77956200,3632,64942200,3023,26411
1917,4,0,14,11,77970300,3632,64942200,3023,26415
1918,7,0,15,10,78002040,3632,64942200,3022,26422
1919,4,0,12,13,78030720,3632,64942200,3021,26426
1920,8,0,11,14,78050880,3632,64942200,3020,26434
1921,4,0,14,11,78057960,3632,64942200,3020,26438
1922,1,0,12,13,78076980,3632,64942200,3019,26439
1923,8,0,15,10,78101940,3632,64942200,3018,26447
1924,10,0,18,7,78116580,3632,64942200,3017,26457
1925,3,0,15,10,78142140,3632,64942200,3016,26460
1926,5,0,12,13,78178320,3632,64942200,3016,26465
1927,4,0,11,14,78186720,3632,64942200,3015,26469
1928,6,0,14,11,78196440,3632,64942200,3014,26475
1929,12,0,18,7,78218880,3632,64942200,3013,26487
1930,14,0,24,1,78250920,3632,64942200,3011,26501
1931,10,0,20,5,78290760,3631,64942200,3009,26511
1932,7,0,14,11,78346020,3632,64942200,3008,26518
1933,7,0,14,11,78369840,3632,64942200,3007,26525
1934,10,0,18,7,78391140,3632,64942200,3006,26535
1935,12,0,20,5,78415440,3631,64942200,3004,26547
1936,9,0,19,6,78446460,3631,64942200,3003,26556
1937,10,0,18,7,78484140,3631,64942200,3002,26566
1938,9,0,18,7,78515880,3631,64942200,3000,26575
1939,11,0,16,9,78547440,3630,64942200,2999,26586
1940,7,0,15,10,78576840,3630,64942200,2998,26593
1941,4,0,13,12,78602160,3630,64942200,2997,26597
1942,5,0,11,14,78637980,3631,64942200,2997,26602
1943,4,0,10,15,78655440,3631,64942200,2996,26606
1944,7,0,14,11,78660240,3630,64942200,2995,26613
1945,7,0,13,12,78677460,3630,64942200,2994,26620
1946,2,0,9,16,78701760,3630,64942200,2994,26622
1947,7,0,12,13,78715020,3630,64942200,2993,26629
1948,4,0,12,13,78721080,3629,64942200,2992,26633
1949,7,0,17,8,78724800,3629,64942200,2991,26640
1950,8,0,17,8,78747720,3629,64942200,2990,26648
1951,8,0,18,7,78795840,3630,64942200,2989,26656
1952,11,0,18,7,78831600,3630,64942200,2988,26667
1953,8,0,18,7,78858240,3630,64942200,2987,26675
1954,8,0,17,8,78884220,3629,64942200,2985,26683
1955,11,0,17,8,78931920,3630,64942200,2984,26694
1956,12,0,18,7,78960360,3629,64942200,2982,26706
1957,10,0,20,5,78986820,3629,64942200,2981,26716
1958,15,0,22,3,79030020,3629,64942200,2979,26731
1959,13,0,22,3,79075920,3629,64942200,2977,26744
1960,7,0,14,11,79133760,3629,64942200,2976,26751
1961,8,0,16,9,79152180,3629,64942200,2975,26759
1962,9,0,16,9,79184760,3629,64942200,2974,26768
1963,5,0,15,10,79214580,3629,64942200,2973,26773
1964,12,0,18,7,79233600,3629,64942200,2972,26785
1965,7,0,15,10,79274280,3629,64942200,2971,26792
1966,8,0,19,6,79293000,3629,64942200,2970,26800
1967,6,0,14,11,79334760,3629,64942200,2969,26806
1968,6,0,16,9,79350960,3629,64942200,2968,26812
1969,8,0,17,8,79385160,3630,64942200,2967,26820
1970,7,0,18,7,79420080,3630,64942200,2966,26827
1971,9,0,18,7,79454340,3630,64942200,2965,26836
1972,2,0,11,14,79503120,3631,64942200,2964,26838
1973,3,0,12,13,79514220,3631,64942200,2964,26841
1974,9,0,13,12,79537680,3631,64942200,2963,26850
1975,6,0,14,11,79548300,3631,64942200,2962,26856
1976,8,0,17,8,79566300,3631,64942200,2961,26864
1977,14,0,20,5,79592100,3630,64942200,2959,26878
1978,9,0,18,7,79644840,3630,64942200,2958,26887
1979,10,0,18,7,79678860,3630,64942200,2956,26897
1980,8,0,18,7,79716120,3631,64942200,2955,26905
1981,16,0,19,6,79761420,3630,64942200,2953,26921
1982,14,0,22,3,79797300,3630,64942200,2951,26935
1983,14,0,23,2,79837740,3630,64942200,2949,26949
1984,13,0,21,4,79872240,3629,64942260,2948,26962
1985,4,0,17,8,79926600,3630,64942260,2947,26966
1986,9,0,15,10,79986180,3631,64942260,2946,26975
1987,15,0,22,3,80012520,3631,64942260,2944,26990
1988,5,0,17,8,80049240,3631,64942260,2943,26995
1989,4,0,10,15,80095620,3631,64942260,2943,26999
1990,4,0,12,13,80104080,3631,64942260,2942,27003
1991,5,0,14,11,80111820,3631,64942260,2942,27008
1992,5,0,15,10,80131080,3631,64942260,2941,27013
1993,6,0,12,13,80165220,3631,64942260,2940,27019
1994,5,0,14,11,80172720,3631,64942260,2939,27024
1995,2,0,12,13,80196600,3632,64942260,2939,27026
1996,10,0,16,9,80216280,3631,64942260,2938,27036
1997,2,0,15,10,80228640,3632,64942260,2938,27038
1998,6,0,14,11,80258460,3632,64942260,2937,27044
1999,10,0,19,6,80265900,3631,64942260,2935,27054
2000,6,0,14,11,80321400,3632,64942260,2935,27060
2001,15,0,21,4,80347920,3632,64942260,2933,27075
2002,11,0,21,4,80388900,3632,64942260,2931,27086
2003,8,0,20,5,80425920,3632,64942260,2930,27094
2004,4,0,15,10,80470260,3633,64942260,2930,27098
2005,11,0,21,4,80496960,3633,64942260,2928,27109
2006,15,0,18,7,80548440,3632,64942260,2926,27124
2007,6,0,15,10,80579640,3632,64942260,2925,27130
2008,12,0,18,7,80606820,3632,64942260,2924,27142
2009,7,0,18,7,80641740,3633,64942260,2923,27149
2010,10,0,20,5,80668620,3632,64942260,2922,27159
2011,8,0,15,10,80713620,3632,64942260,2920,27167
2012,9,0,14,11,80746260,3632,64942260,2919,27176
2013,9,0,15,10,80770020,3632,64942260,2918,27185
2014,4,0,15,10,80780580,3632,64942260,2918,27189
2015,6,0,13,12,80815740,3632,64942260,2917,27195
2016,4,0,12,13,80829960,3632,64942260,2916,27199
2017,3,0,13,12,80832960,3632,64942260,2916,27202
2018,3,0,14,11,80841300,3632,64942260,2916,27205
2019,3,0,16,9,80844660,3632,64942260,2915,27208
2020,3,0,13,12,80872500,3632,64942260,2915,27211
2021,3,0,15,10,80874420,3632,64942260,2914,27214
2022,5,0,17,8,80889300,3632,64942260,2914,27219
2023,11,0,22,3,80901660,3632,64942260,2912,27230
2024,4,0,14,11,80944620,3632,64942260,2912,27234
2025,11,0,19,6,80955660,3631,64942260,2910,27245
2026,6,0,18,7,80980440,3631,64942260,2909,27251
2027,12,0,20,5,81019080,3631,64942260,2908,27263
2028,8,0,25,0,81026100,3631,64942260,2907,27271
2029,14,0,22,3,81097740,3631,64942260,2905,27285
2030,8,0,22,3,81124320,3631,64942260,2904,27293
2031,10,0,23,2,81162780,3632,64942260,2903,27303
2032,7,0,17,8,81208740,3632,64942260,2902,27310
2033,8,0,18,7,81227700,3631,64942260,2901,27318
2034,8,0,18,7,81248820,3631,64942260,2900,27326
2035,7,0,16,9,81275040,3631,64942260,2899,27333
2036,3,0,15,10,81295920,3631,64942260,2898,27336
2037,8,0,17,8,81322620,3631,64942260,2897,27344
2038,6,0,17,8,81334740,3631,64942260,2897,27350
2039,4,0,16,9,81349380,3631,64942260,2896,27354
2040,2,0,16,9,81354240,3630,64942260,2896,27356
2041,5,0,17,8,81376020,3631,64942260,2895,27361
2042,3,0,16,9,81392340,3631,64942260,2895,27364
2043,4,0,14,11,81418560,3631,64942260,2894,27368
2044,4,0,15,10,81429720,3631,64942260,2894,27372
2045,10,0,18,7,81442560,3630,64942260,2893,27382
2046,5,0,17,8,81459300,3630,64942260,2892,27387
2047,10,0,21,4,81480120,3630,64942260,2891,27397
2048,7,0,20,5,81520500,3631,64942260,2890,27404
2049,12,0,20,5,81562200,3631,64942260,2888,27416
2050,8,0,19,6,81591840,3630,64942260,2887,27424
2051,9,0,19,6,81624840,3630,64942260,2886,27433
2052,7,0,20,5,81648720,3631,64942260,2885,27440
2053,9,0,21,4,81683460,3631,64942260,2884,27449
2054,7,0,18,7,81728580,3631,64942260,2883,27456
2055,9,0,19,6,81758100,3631,64942260,2882,27465
2056,11,0,22,3,81783240,3631,64942260,2880,27476
2057,9,0,20,5,81819780,3631,64942260,2879,27485
2058,9,0,21,4,81834240,3630,64942260,2878,27494
2059,7,0,19,6,81869280,3630,64942260,2877,27501
2060,9,0,17,8,81918480,3631,64942260,2876,27510
2061,10,0,21,4,81934800,3631,64942260,2875,27520
2062,7,0,19,6,81965400,3630,64942260,2874,27527
2063,8,0,18,7,81996120,3630,64942260,2873,27535
2064,5,0,16,9,82018500,3630,64942260,2872,27540
2065,4,0,14,11,82050420,3631,64942260,2872,27544
2066,3,0,14,11,82061400,3631,64942260,2871,27547
2067,3,0,15,10,82069860,3631,64942260,2871,27550
2068,6,0,15,10,82089180,3631,64942260,2870,27556
2069,5,0,17,8,82105140,3631,64942260,2870,27561
2070,6,0,19,6,82115040,3631,64942260,2869,27567
2071,6,0,19,6,82143540,3631,64942260,2868,27573
2072,6,0,19,6,82178340,3632,64942260,2867,27579
2073,10,0,19,6,82207020,3631,64942260,2866,27589
2074,8,0,20,5,82237440,3631,64942260,2865,27597
2075,11,0,20,5,82265580,3631,64942260,2864,27608
2076,11,0,22,3,82297140,3631,64942260,2862,27619
2077,16,4,25,0,82321320,3630,64943220,2860,27635
2078,7,6,25,0,82350000,3631,64949760,2860,27642
2079,9,0,20,5,82440780,3632,64964880,2859,27651
2080,13,0,22,3,82463760,3631,64965060,2858,27664
2081,10,0,22,3,82502460,3631,64965060,2856,27674
2082,15,0,24,1,82554300,3631,64967220,2855,27689
2083,9,0,22,3,82587000,3631,64967820,2853,27698
2084,11,0,20,5,82643160,3631,64967820,2852,27709
2085,6,0,17,8,82676640,3631,64967820,2851,27715
2086,12,0,23,2,82708080,3632,64967820,2850,27727
2087,4,0,21,4,82728780,3632,64967820,2849,27731
2088,5,0,18,7,82766280,3632,64967820,2849,27736
2089,4,0,13,12,82816980,3633,64967820,2848,27740
2090,5,0,16,9,82826340,3633,64967820,2848,27745
2091,2,0,14,11,82837740,3633,64967820,2847,27747
2092,9,0,19,6,82852380,3633,64967820,2846,27756
2093,5,0,18,7,82871220,3633,64967820,2846,27761
2094,6,0,18,7,82896060,3633,64967820,2845,27767
2095,9,0,19,6,82935360,3633,64967820,2844,27776
2096,7,0,20,5,82957560,3633,64967820,2843,27783
2097,8,0,22,3,82987260,3634,64967820,2842,27791
2098,15,0,24,1,83031120,3634,64969980,2840,27806
2099,10,0,22,3,83070000,3633,64969980,2839,27816
2100,11,0,22,3,83111520,3633,64969980,2837,27827
2101,6,0,15,10,83150460,3633,64969980,2837,27833
2102,7,0,14,11,83172900,3633,64969980,2836,27840
2103,10,0,22,3,83184420,3633,64969980,2835,27850
2104,13,0,25,0,83211060,3633,64972440,2833,27863
2105,6,0,19,6,83256900,3633,64972440,2832,27869
2106,4,0,14,11,83291820,3633,64972440,2832,27873
2107,10,0,18,7,83310720,3633,64972440,2831,27883
2108,5,0,18,7,83323320,3632,64972440,2830,27888
2109,12,0,21,4,83345760,3632,64972440,2829,27900
2110,3,0,15,10,83382960,3632,64972440,2828,27903
2111,4,0,14,11,83396040,3632,64972440,2828,27907
2112,5,0,17,8,83403720,3632,64972440,2827,27912
2113,3,0,15,10,83427960,3632,64972440,2827,27915
2114,7,0,19,6,83439120,3632,64972440,2826,27922
2115,8,0,19,6,83460720,3632,64972440,2825,27930
2116,9,0,20,5,83483700,3632,64972440,2824,27939
2117,6,0,17,8,83528760,3632,64972440,2823,27945
2118,11,0,18,7,83561460,3632,64972440,2822,27956
2119,3,0,13,12,83588820,3632,64972440,2821,27959
2120,11,0,17,8,83604480,3631,64972440,2820,27970
2121,8,0,19,6,83620560,3631,64972440,2819,27978
2122,10,0,21,4,83647800,3631,64972440,2818,27988
2123,15,2,25,0,83683620,3631,64975440,2816,28003
2124,6,0,20,5,83718960,3631,64979940,2816,28009
2125,11,0,20,5,83761620,3631,64979940,2814,28020
2126,13,0,21,4,83799960,3631,64979940,2813,28033
2127,16,5,25,0,83831940,3631,64981260,2811,28049
2128,13,10,25,0,83878200,3632,64991460,2810,28062
2129,10,0,22,3,83946000,3631,65026920,2810,28072
2130,6,0,16,9,83977080,3630,65026920,2809,28078
2131,7,0,17,8,84001500,3631,65026920,2808,28085
2132,8,0,20,5,84021420,3631,65026920,2807,28093
2133,1,0,15,10,84045540,3631,65026920,2807,28094
2134,7,0,15,10,84071100,3631,65026920,2806,28101
2135,3,0,14,11,84075060,3630,65026920,2806,28104
2136,5,0,16,9,84081360,3630,65026920,2805,28109
2137,4,0,15,10,84098340,3630,65026920,2805,28113
2138,7,0,19,6,84102900,3630,65026920,2804,28120
2139,8,0,20,5,84135540,3630,65026920,2803,28128
2140,13,2,25,0,84149760,3630,65027160,2802,28141
2141,8,0,23,2,84197880,3630,65027820,2801,28149
2142,10,0,23,2,84241500,3630,65027820,2799,28159
2143,9,0,22,3,84283680,3631,65028240,2798,28168
2144,8,0,23,2,84315600,3631,65028900,2797,28176
2145,9,0,22,3,84360780,3631,65028900,2796,28185
2146,11,0,25,0,84401820,3632,65028900,2795,28196
2147,16,2,25,0,84450660,3632,65033100,2793,28212
2148,11,0,25,0,84497820,3632,65035560,2792,28223
2149,14,0,24,1,84549660,3632,65037000,2790,28237
2150,8,0,17,8,84602760,3631,65037060,2789,28245
2151,9,0,19,6,84628920,3631,65037060,2788,28254
2152,12,1,25,0,84646560,3631,65037060,2787,28266
2153,9,0,22,3,84686940,3631,65037060,2786,28275
2154,9,0,21,4,84726720,3631,65037060,2785,28284
2155,7,0,18,7,84768060,3632,65037060,2784,28291
2156,8,0,17,8,84800820,3632,65037060,2783,28299
2157,7,0,18,7,84822060,3632,65037060,2782,28306
2158,7,0,17,8,84857640,3632,65037060,2781,28313
2159,11,0,22,3,84872100,3631,65037540,2780,28324
2160,5,0,18,7,84910800,3632,65037540,2779,28329
2161,5,0,12,13,84953100,3632,65037540,2779,28334
2162,6,0,17,8,84953700,3632,65037540,2778,28340
2163,8,0,18,7,84970440,3631,65037540,2777,28348
2164,8,0,16,9,85001760,3631,65037540,2776,28356
2165,6,0,18,7,85008720,3631,65037540,2776,28362
2166,4,0,17,8,85025580,3631,65037540,2775,28366
2167,8,0,18,7,85060380,3631,65037540,2774,28374
2168,11,0,20,5,85084740,3631,65037540,2773,28385
2169,15,4,25,0,85106220,3631,65038200,2771,28400
2170,9,5,25,0,85148400,3631,65050320,2771,28409
2171,10,6,25,0,85201740,3632,65063880,2770,28419
2172,7,0,25,0,85263000,3633,65103900,2771,28426
2173,12,0,21,4,85306680,3632,65103900,2769,28438
2174,15,1,25,0,85336020,3632,65104440,2768,28453
2175,11,2,25,0,85371360,3632,65105640,2767,28464
2176,7,0,19,6,85422720,3632,65106240,2766,28471
2177,11,0,21,4,85453920,3632,65106240,2764,28482
2178,9,0,23,2,85479900,3632,65106240,2763,28491
2179,11,0,19,6,85535100,3632,65106240,2762,28502
2180,4,0,15,10,85561080,3632,65106240,2762,28506
2181,7,0,15,10,85582080,3631,65106240,2761,28513
2182,10,0,19,6,85597560,3631,65106240,2760,28523
2183,6,0,18,7,85617360,3631,65106240,2759,28529
2184,3,0,15,10,85649400,3631,65106240,2758,28532
2185,4,0,16,9,85669980,3632,65106240,2758,28536
2186,9,0,22,3,85684740,3632,65106240,2757,28545
2187,1,0,16,9,85715400,3632,65106240,2757,28546
2188,6,0,18,7,85739940,3633,65106240,2756,28552
2189,5,0,16,9,85765140,3633,65106240,2756,28557
2190,4,0,15,10,85785660,3633,65106240,2755,28561
2191,12,0,20,5,85802940,3632,65106240,2754,28573
2192,6,0,17,8,85831620,3632,65106240,2753,28579
2193,4,0,16,9,85851720,3632,65106240,2753,28583
2194,12,0,19,6,85877160,3632,65106240,2751,28595
2195,9,0,22,3,85894260,3632,65106240,2750,28604
2196,15,0,23,2,85938720,3631,65106240,2748,28619
2197,6,0,23,2,85958940,3631,65106240,2748,28625
2198,12,0,22,3,86009100,3631,65106240,2746,28637
2199,12,0,24,1,86053080,3632,65106300,2745,28649
2200,10,0,23,2,86085420,3631,65106300,2744,28659
2201,5,0,17,8,86136960,3632,65106300,2743,28664
2202,7,0,17,8,86156340,3632,65106300,2742,28671
2203,9,0,21,4,86172420,3632,65106300,2741,28680
2204,8,0,20,5,86209140,3632,65106300,2740,28688
2205,7,0,19,6,86233500,3632,65106300,2740,28695
2206,13,0,25,0,86254020,3631,65106660,2738,28708
2207,4,0,18,7,86319000,3632,65106660,2738,28712
2208,5,0,16,9,86351520,3633,65106660,2737,28717
2209,7,0,19,6,86370300,3633,65106660,2736,28724
2210,8,0,20,5,86393460,3633,65106660,2735,28732
2211,5,0,18,7,86426040,3633,65106660,2735,28737
2212,6,0,17,8,86454780,3633,65106660,2734,28743
2213,10,0,20,5,86481780,3633,65106660,2733,28753
2214,4,0,15,10,86510340,3633,65106660,2732,28757
2215,8,0,19,6,86527080,3633,65106660,2732,28765
2216,16,0,24,1,86551740,3633,65107500,2730,28781
2217,12,0,23,2,86587920,3632,65107860,2728,28793
2218,9,0,21,4,86636340,3633,65107860,2727,28802
2219,7,0,20,5,86667720,3633,65107860,2727,28809
2220,8,0,17,8,86714400,3633,65107860,2726,28817
2221,7,0,21,4,86729340,3633,65107860,2725,28824
2222,11,0,24,1,86755320,3633,65107860,2724,28835
2223,9,0,21,4,86791860,3633,65107860,2723,28844
2224,10,0,17,8,86846940,3633,65107860,2721,28854
2225,10,0,22,3,86863980,3633,65107860,2720,28864
2226,8,0,22,3,86901000,3633,65107860,2719,28872
2227,7,0,17,8,86938140,3633,65107860,2719,28879
2228,6,0,18,7,86961960,3633,65107860,2718,28885
2229,5,0,18,7,86989020,3633,65107860,2717,28890
2230,6,0,16,9,87006660,3633,65107860,2717,28896
2231,6,0,16,9,87035880,3633,65107860,2716,28902
2232,11,0,19,6,87053880,3633,65107860,2715,28913
2233,4,0,16,9,87082560,3633,65107860,2714,28917
2234,9,0,15,10,87100020,3632,65107860,2713,28926
2235,6,0,15,10,87116700,3632,65107860,2713,28932
2236,8,0,16,9,87134220,3632,65107860,2712,28940
2237,6,0,17,8,87153900,3632,65107860,2711,28946
2238,10,0,22,3,87176940,3632,65107860,2710,28956
2239,11,0,23,2,87218820,3632,65112720,2709,28967
2240,5,0,18,7,87246660,3632,65112720,2708,28972
2241,6,0,18,7,87281580,3632,65112720,2708,28978
2242,11,0,17,8,87324180,3632,65112720,2706,28989
2243,12,0,23,2,87347100,3632,65112720,2705,29001
2244,13,2,25,0,87381240,3632,65112720,2704,29014
2245,10,0,24,1,87432180,3633,65114880,2702,29024
2246,9,0,20,5,87474060,3632,65114880,2701,29033
2247,17,2,25,0,87506460,3632,65120400,2700,29050
2248,6,0,19,6,87559740,3632,65122260,2699,29056
2249,11,0,20,5,87590520,3632,65122260,2698,29067
2250,8,0,20,5,87608460,3632,65122260,2697,29075
2251,9,0,20,5,87645900,3632,65122260,2696,29084
2252,4,0,18,7,87671100,3632,65122260,2696,29088
2253,9,0,19,6,87695760,3632,65122260,2695,29097
2254,7,0,16,9,87730620,3632,65122260,2694,29104
2255,7,0,17,8,87749700,3632,65122260,2693,29111
2256,3,0,13,12,87767400,3631,65122260,2693,29114
2257,3,0,14,11,87776940,3631,65122260,2692,29117
2258,5,0,15,10,87782940,3631,65122260,2692,29122
2259,4,0,16,9,87792000,3631,65122260,2691,29126
2260,5,0,16,9,87811380,3631,65122260,2691,29131
2261,12,0,23,2,87823980,3631,65122260,2690,29143
2262,7,0,18,7,87875340,3631,65122260,2689,29150
2263,4,0,17,8,87895200,3631,65122260,2688,29154
2264,8,0,18,7,87930420,3631,65122260,2687,29162
2265,14,0,25,0,87946320,3631,65122260,2686,29176
2266,15,2,25,0,87984240,3631,65128740,2684,29191
2267,12,3,25,0,88044540,3632,65142540,2684,29203
2268,7,0,21,4,88087620,3631,65152560,2683,29210
2269,8,0,20,5,88131600,3632,65152560,2682,29218
2270,10,0,21,4,88168380,3632,65152560,2681,29228
2271,12,0,20,5,88204800,3631,65152560,2680,29240
2272,12,0,24,1,88238880,3632,65152560,2679,29252
2273,9,0,21,4,88287360,3632,65152560,2678,29261
2274,5,0,16,9,88326180,3632,65152560,2677,29266
2275,6,0,16,9,88339260,3632,65152560,2676,29272
2276,7,0,17,8,88349820,3631,65152560,2676,29279
2277,4,0,14,11,88384320,3631,65152560,2675,29283
2278,14,0,24,1,88391640,3631,65152560,2674,29297
2279,3,0,19,6,88429740,3632,65152560,2673,29300
2280,8,0,19,6,88461600,3632,65152560,2673,29308
2281,7,0,17,8,88507080,3632,65152560,2672,29315
2282,5,0,19,6,88513200,3632,65152560,2671,29320
2283,4,0,18,7,88533780,3632,65152560,2671,29324
2284,4,0,14,11,88575480,3633,65152560,2670,29328
2285,4,0,16,9,88581780,3633,65152560,2670,29332
2286,9,0,19,6,88591920,3632,65152560,2669,29341
2287,8,0,21,4,88617660,3632,65152560,2668,29349
2288,8,0,23,2,88637400,3632,65152560,2667,29357
2289,4,0,18,7,88672980,3632,65152560,2667,29361
2290,11,0,23,2,88704180,3633,65152560,2666,29372
2291,6,0,19,6,88747740,3633,65152560,2665,29378
2292,12,0,24,1,88772640,3633,65152560,2664,29390
2293,13,0,23,2,88810740,3632,65152560,2662,29403
2294,9,0,23,2,88839600,3632,65157180,2661,29412
2295,5,0,18,7,88883400,3633,65157180,2661,29417
2296,12,0,19,6,88923000,3633,65157180,2660,29429
2297,7,0,20,5,88948200,3633,65157180,2659,29436
2298,8,0,20,5,88982640,3633,65157180,2658,29444
2299,7,0,16,9,89017920,3633,65157180,2657,29451
2300,10,0,19,6,89045460,3633,65157180,2656,29461
2301,8,0,19,6,89067480,3633,65157180,2655,29469
2302,3,0,18,7,89073240,3632,65157180,2655,29472
2303,4,0,18,7,89100600,3633,65157180,2654,29476
2304,8,0,22,3,89127480,3633,65157180,2654,29484
2305,5,0,19,6,89163960,3634,65157180,2653,29489
2306,7,0,18,7,89200980,3634,65157180,2652,29496
2307,6,0,18,7,89233800,3634,65157180,2652,29502
2308,6,0,16,9,89260560,3634,65157180,2651,29508
2309,1,0,14,11,89271900,3634,65157180,2651,29509
2310,6,0,17,8,89296380,3635,65157180,2650,29515
2311,7,0,17,8,89310240,3634,65157180,2649,29522
2312,7,0,17,8,89336520,3634,65157180,2649,29529
2313,9,0,19,6,89361960,3634,65157180,2648,29538
2314,8,0,20,5,89377680,3634,65157180,2647,29546
2315,8,0,19,6,89407620,3634,65157180,2646,29554
2316,13,1,25,0,89421420,3633,65157180,2645,29567
2317,13,0,22,3,89463180,3633,65157480,2643,29580
2318,14,0,24,1,89505060,3633,65158200,2642,29594
2319,6,0,16,9,89561340,3633,65158200,2641,29600
2320,17,2,25,0,89574120,3632,65158200,2640,29617
2321,3,0,17,8,89617440,3632,65158980,2639,29620
2322,10,0,15,10,89658720,3632,65158980,2638,29630
2323,12,0,24,1,89664360,3632,65158980,2637,29642
2324,7,0,17,8,89707320,3632,65159100,2636,29649
2325,8,0,20,5,89734440,3632,65159100,2635,29657
2326,8,0,19,6,89765880,3632,65159100,2634,29665
2327,4,0,18,7,89786460,3632,65159100,2634,29669
2328,5,0,18,7,89825460,3633,65159100,2633,29674
2329,9,0,17,8,89854440,3633,65159100,2632,29683
2330,4,0,15,10,89872800,3632,65159100,2632,29687
2331,5,0,16,9,89891940,3633,65159100,2631,29692
2332,3,0,15,10,89904180,3633,65159100,2631,29695
2333,6,0,15,10,89920800,3632,65159100,2630,29701
2334,6,0,18,7,89929980,3632,65159100,2630,29707
2335,8,0,21,4,89950440,3632,65159100,2629,29715
2336,8,0,20,5,89972880,3632,65159100,2628,29723
2337,12,1,25,0,89999160,3632,65160720,2627,29735
2338,8,0,24,1,90036600,3632,65162580,2626,29743
2339,15,0,25,0,90110400,3633,65162580,2624,29758
2340,11,0,22,3,90146100,3633,65163780,2623,29769
2341,12,0,23,2,90196200,3633,65163780,2622,29781
2342,14,0,23,2,90238440,3633,65163780,2621,29795
2343,8,0,20,5,90270660,3632,65163780,2620,29803
2344,10,0,22,3,90306000,3633,65163780,2619,29813
2345,11,0,21,4,90359640,3633,65163780,2618,29824
2346,11,0,20,5,90395520,3633,65163900,2616,29835
2347,5,0,16,9,90424740,3632,65163900,2616,29840
2348,4,0,15,10,90449880,3633,65163900,2615,29844
2349,6,0,15,10,90471180,3633,65163900,2615,29850
2350,9,0,19,6,90479580,3632,65163900,2614,29859
2351,5,0,19,6,90491700,3632,65163900,2613,29864
2352,10,0,22,3,90539220,3633,65163900,2612,29874
2353,8,0,19,6,90571140,3633,65163900,2611,29882
2354,14,0,22,3,90608760,3633,65163900,2610,29896
2355,27,14,25,0,90644460,3633,65166360,2608,29923
2356,22,30,25,0,90675780,3633,65168580,2605,29945
2357,28,40,25,0,90735720,3634,65178600,2604,29973
2358,32,40,25,0,90795900,3635,65197500,2603,30005
2359,33,40,25,0,90847020,3635,65253000,2604,30038
2360,31,40,25,0,90896520,3636,65306640,2605,30069
2361,44,40,25,0,90944040,3636,65360220,2606,30113
2362,38,40,25,0,90985800,3636,65384880,2606,30151
2363,31,39,25,0,91040400,3637,65465820,2608,30182
2364,34,39,25,0,91094400,3637,65570820,2611,30216
2365,29,40,25,0,91153800,3637,65636400,2612,30245
2366,26,38,25,0,91194840,3636,65646300,2611,30271
2367,31,40,25,0,91239780,3636,65660940,2610,30302
2368,21,39,25,0,91278300,3637,65715720,2611,30323
2369,29,40,25,0,91342740,3637,65717640,2610,30352
2370,35,40,25,0,91395060,3637,65783160,2611,30387
2371,28,38,25,0,91454580,3637,65849520,2612,30415
2372,28,40,25,0,91497720,3637,65854620,2611,30443
2373,23,40,25,0,91551360,3637,65926500,2612,30466
2374,33,39,25,0,91608300,3637,65984640,2613,30499
2375,23,40,25,0,91641240,3638,65987520,2613,30522
2376,35,40,25,0,91693380,3637,66037200,2613,30557
2377,31,38,25,0,91758240,3638,66077160,2613,30588
2378,23,36,25,0,91796460,3637,66165420,2615,30611
2379,27,40,25,0,91853100,3638,66177300,2614,30638
2380,33,40,25,0,91895160,3637,66239220,2615,30671
2381,28,40,25,0,91953240,3638,66244680,2614,30699
2382,27,40,25,0,91992780,3638,66250500,2613,30726
2383,25,40,25,0,92071080,3639,66410100,2618,30751
2384,36,39,25,0,92104860,3639,66416280,2617,30787
2385,36,37,25,0,92154240,3639,66458100,2618,30823
2386,23,39,25,0,92208180,3638,66586800,2621,30846
2387,32,40,25,0,92262300,3638,66631500,2621,30878
2388,33,40,25,0,92300220,3638,66687660,2622,30911
2389,28,39,25,0,92365320,3638,66791940,2624,30939
2390,30,40,25,0,92404140,3637,66797160,2623,30969
2391,32,37,25,0,92461860,3637,66852120,2624,31001
2392,30,38,25,0,92511360,3637,66862380,2622,31031
2393,28,40,25,0,92558520,3638,67008300,2627,31059
2394,28,40,25,0,92617980,3638,67041480,2627,31087
2395,24,38,25,0,92665440,3638,67073820,2627,31111
2396,33,40,25,0,92706900,3637,67099920,2626,31144
2397,33,40,25,0,92755020,3638,67121160,2626,31177
2398,24,38,25,0,92815200,3639,67127280,2625,31201
2399,31,40,25,0,92872620,3639,67145580,2624,31232

