Hour,Arrivals,Waiting,Treating,Available Rooms,Total Treatment Time,Average Treatment Time,Total Wait Time,Average Wait Time,Total Arrivals
1,2,0,1,24,840,840,0,0,2
2,2,0,3,22,840,840,0,0,4
3,3,0,2,23,9180,1836,0,0,7
4,3,0,1,24,19080,2120,0,0,10
5,4,0,1,24,24300,1869,0,0,14
6,6,0,3,22,30300,1782,0,0,20
7,5,0,6,19,40860,2150,0,0,25
8,12,0,11,14,59460,2286,0,0,37
9,4,0,7,18,82140,2415,0,0,41
10,7,0,7,18,120060,2928,0,0,48
11,6,0,7,18,141480,3010,0,0,54
12,11,0,9,16,171600,3064,0,0,65
13,20,0,19,6,187560,2841,0,0,85
14,8,0,11,14,260580,3177,0,0,93
15,14,0,15,10,310800,3378,0,0,107
16,11,0,12,13,346620,3270,0,0,118
17,14,0,15,10,386400,3302,0,0,132
18,7,0,15,10,423720,3417,0,0,139
19,5,0,9,16,480540,3559,0,0,144
20,8,0,11,14,512640,3635,0,0,152
21,2,0,5,20,548520,3681,0,0,154
22,4,0,3,22,581640,3752,0,0,158
23,8,0,8,17,591420,3743,0,0,166
24,4,0,4,21,613080,3693,0,0,170
25,6,0,4,21,623220,3623,0,0,176
26,4,0,4,21,642000,3647,0,0,180
27,2,0,2,23,658560,3658,0,0,182
28,5,0,4,21,665280,3635,0,0,187
29,4,0,6,19,680400,3677,0,0,191
30,9,0,7,18,708420,3670,0,0,200
31,5,0,6,19,721440,3625,0,0,205
32,13,0,15,10,739560,3643,0,0,218
33,9,0,15,10,776820,3664,0,0,227
34,4,0,8,17,832140,3731,0,0,231
35,8,0,9,16,868500,3776,0,0,239
36,10,0,12,13,892920,3767,0,0,249
37,14,0,14,11,927780,3726,0,0,263
38,8,0,9,16,984600,3758,0,0,271
39,5,0,6,19,1021740,3784,0,0,276
40,9,0,6,19,1055280,3782,0,0,285
41,8,0,8,17,1077240,3779,0,0,293
42,7,0,7,18,1102560,3763,0,0,300
43,14,0,10,15,1130280,3718,0,0,314
44,6,0,11,14,1148100,3715,0,0,320
45,7,0,7,18,1203720,3761,0,0,327
46,4,0,6,19,1225380,3770,0,0,331
47,3,0,4,21,1252980,3796,0,0,334
48,6,0,8,17,1261680,3800,0,0,340
49,4,0,5,20,1288140,3799,0,0,344
50,3,0,2,23,1318500,3821,0,0,347
51,6,0,4,21,1322940,3790,0,0,353
52,7,0,9,16,1326120,3778,0,0,360
53,10,0,9,16,1367700,3788,0,0,370
54,7,0,6,19,1404660,3786,0,0,377
55,9,0,8,17,1425360,3770,0,0,386
56,7,0,7,18,1452420,3762,0,0,393
57,10,0,10,15,1472940,3747,0,0,403
58,9,0,9,16,1509840,3746,0,0,412
59,10,0,8,17,1548420,3740,0,0,422
60,14,0,13,12,1578780,3732,0,0,436
61,14,0,10,15,1630200,3705,0,0,450
62,11,0,11,14,1665180,3700,0,0,461
63,11,0,11,14,1698480,3684,0,0,472
64,10,0,12,13,1731120,3683,0,0,482
65,13,0,14,11,1775460,3691,0,0,495
66,6,0,6,19,1828560,3694,0,0,501
67,13,0,12,13,1844940,3675,0,0,514
68,7,0,8,17,1884660,3673,0,0,521
69,13,0,11,14,1914540,3660,0,0,534
70,9,0,10,15,1949160,3656,0,0,543
71,3,0,4,21,1990740,3672,0,0,546
72,7,0,6,19,2007780,3670,0,0,553
73,4,0,4,21,2026740,3664,0,0,557
74,3,0,2,23,2043000,3661,0,0,560
75,6,0,4,21,2053680,3654,0,0,566
76,11,0,11,14,2060400,3640,0,0,577
77,4,0,8,17,2082300,3634,0,0,581
78,8,0,9,16,2118060,3651,0,0,589
79,7,0,9,16,2142420,3649,0,0,596
80,9,0,10,15,2174040,3653,0,0,605
81,7,0,10,15,2211300,3673,0,0,612
82,11,0,9,16,2252460,3668,0,0,623
83,13,0,10,15,2290200,3658,0,0,636
84,10,0,10,15,2338500,3676,0,0,646
85,13,0,15,10,2368620,3677,0,0,659
86,9,0,9,16,2425200,3680,0,0,668
87,11,0,7,18,2472780,3679,0,0,679
88,7,0,9,16,2493840,3683,0,0,686
89,5,0,5,20,2528280,3685,0,0,691
90,5,0,6,19,2545200,3688,0,0,696
91,12,0,10,15,2570340,3682,0,0,708
92,10,0,12,13,2593920,3674,0,0,718
93,5,0,5,20,2645580,3684,0,0,723
94,6,0,6,19,2678820,3705,0,0,729
95,2,0,0,25,2697720,3690,0,0,731
96,10,0,6,19,2702520,3676,0,0,741
97,13,0,13,12,2716920,3666,0,0,754
98,4,0,6,19,2748120,3654,0,0,758
99,7,0,7,18,2775720,3661,0,0,765
100,5,0,5,20,2799600,3659,0,0,770
101,6,0,5,20,2822640,3661,0,0,776
102,10,0,9,16,2845920,3662,0,0,786
103,9,0,11,14,2872500,3663,0,0,795
104,10,0,15,10,2896800,3666,0,0,805
105,8,0,16,9,2935980,3683,0,0,813
106,13,0,11,14,3019020,3704,0,0,826
107,4,0,3,22,3064140,3705,0,0,830
108,15,0,13,12,3082560,3705,0,0,845
109,9,0,14,11,3111420,3704,0,0,854
110,11,0,12,13,3171840,3718,0,0,865
111,10,0,8,17,3222660,3717,0,0,875
112,9,0,9,16,3252360,3716,0,0,884
113,11,0,12,13,3285480,3720,0,0,895
114,10,0,10,15,3327120,3717,0,0,905
115,11,0,8,17,3366000,3707,0,0,916
116,7,0,8,17,3386760,3701,0,0,923
117,3,0,3,22,3421920,3707,0,0,926
118,10,0,6,19,3435780,3694,0,0,936
119,8,0,10,15,3448260,3691,0,0,944
120,8,0,8,17,3479220,3685,0,0,952
121,5,0,6,19,3505920,3686,0,0,957
122,13,0,9,16,3532140,3675,0,0,970
123,9,0,9,16,3551760,3661,0,0,979
124,5,0,4,21,3601680,3675,0,0,984
125,6,0,7,18,3613320,3675,0,0,990
126,9,0,7,18,3643680,3673,0,0,999
127,4,0,6,19,3657060,3668,0,0,1003
128,7,0,9,16,3678480,3674,0,0,1010
129,7,0,6,19,3717480,3677,0,0,1017
130,12,0,11,14,3739140,3673,0,0,1029
131,8,0,9,16,3779040,3676,0,0,1037
132,7,0,9,16,3798360,3669,0,0,1044
133,13,0,15,10,3846480,3691,0,0,1057
134,4,0,11,14,3880320,3695,0,0,1061
135,10,0,11,14,3921780,3699,0,0,1071
136,7,0,8,17,3968280,3708,0,0,1078
137,14,0,12,13,4012020,3714,0,0,1092
138,13,0,12,13,4037340,3693,0,0,1105
139,5,0,9,16,4081260,3706,0,0,1110
140,9,0,9,16,4120860,3712,0,0,1119
141,7,0,4,21,4167540,3714,0,0,1126
142,4,0,4,21,4182600,3714,0,0,1130
143,4,0,4,21,4191900,3709,0,0,1134
144,4,0,5,20,4204800,3711,0,0,1138
145,4,0,4,21,4225380,3712,0,0,1142
146,6,0,5,20,4237740,3707,0,0,1148
147,7,0,4,21,4256580,3698,0,0,1155
148,4,0,5,20,4264680,3695,0,0,1159
149,3,0,6,19,4275960,3698,0,0,1162
150,12,0,10,15,4307640,3700,0,0,1174
151,7,0,8,17,4345200,3704,0,0,1181
152,8,0,11,14,4364340,3704,0,0,1189
153,4,0,4,21,4415880,3713,0,0,1193
154,10,0,6,19,4438380,3707,0,0,1203
155,8,0,8,17,4448700,3698,0,0,1211
156,7,0,5,20,4490160,3701,0,0,1218
157,7,0,7,18,4500600,3695,0,0,1225
158,11,0,10,15,4516380,3683,0,0,1236
159,10,0,12,13,4555320,3691,0,0,1246
160,16,0,16,9,4594860,3687,0,0,1262
161,7,0,11,14,4649280,3695,0,0,1269
162,11,0,8,17,4701660,3696,0,0,1280
163,5,0,8,17,4720620,3696,0,0,1285
164,10,0,9,16,4752240,3695,0,0,1295
165,6,0,4,21,4790400,3693,0,0,1301
166,6,0,7,18,4798140,3690,0,0,1307
167,6,0,8,17,4812360,3687,0,0,1313
168,4,0,2,23,4861020,3696,0,0,1317
169,5,0,6,19,4865820,3697,0,0,1322
170,8,0,8,17,4879080,3690,0,0,1330
171,7,0,8,17,4914720,3698,0,0,1337
172,4,0,7,18,4938720,3702,0,0,1341
173,6,0,5,20,4977060,3708,0,0,1347
174,5,0,8,17,4985880,3709,0,0,1352
175,11,0,10,15,5019180,3709,0,0,1363
176,6,0,5,20,5058840,3708,0,0,1369
177,10,0,9,16,5073120,3703,0,0,1379
178,7,0,5,20,5098560,3691,0,0,1386
179,7,0,7,18,5117100,3691,0,0,1393
180,4,0,3,22,5148720,3693,0,0,1397
181,16,0,12,13,5161080,3683,0,0,1413
182,10,0,9,16,5200200,3677,0,0,1423
183,6,0,8,17,5228940,3679,0,0,1429
184,13,0,8,17,5278140,3680,0,0,1442
185,7,0,7,18,5307120,3680,0,0,1449
186,9,0,12,13,5317500,3677,0,0,1458
187,4,0,6,19,5354820,3677,0,0,1462
188,10,0,12,13,5377740,3683,0,0,1472
189,3,0,7,18,5414940,3688,0,0,1475
190,7,0,9,16,5438760,3692,0,0,1482
191,6,0,6,19,5472780,3692,0,0,1488
192,5,0,5,20,5491680,3690,0,0,1493
193,5,0,6,19,5509920,3692,0,0,1498
194,1,0,2,23,5534160,3696,0,0,1499
195,11,0,8,17,5545680,3692,0,0,1510
196,6,0,7,18,5562840,3686,0,0,1516
197,8,0,6,19,5592240,3683,0,0,1524
198,6,0,5,20,5619720,3685,0,0,1530
199,5,0,2,23,5639820,3678,0,0,1535
200,9,0,4,21,5653200,3670,0,0,1544
201,7,0,8,17,5665800,3671,0,0,1551
202,7,0,7,18,5690760,3669,0,0,1558
203,11,0,10,15,5712660,3664,0,0,1569
204,10,0,15,10,5729880,3663,0,0,1579
205,11,0,14,11,5775420,3664,0,0,1590
206,13,0,15,10,5816220,3662,0,0,1603
207,8,0,8,17,5891940,3675,0,0,1611
208,10,0,7,18,5930160,3674,0,0,1621
209,17,0,18,7,5940480,3666,0,0,1638
210,9,0,9,16,6003000,3664,0,0,1647
211,10,0,6,19,6058200,3669,0,0,1657
212,7,0,8,17,6078000,3670,0,0,1664
213,6,0,7,18,6110220,3674,0,0,1670
214,6,0,7,18,6133920,3675,0,0,1676
215,9,0,12,13,6156180,3679,0,0,1685
216,5,0,7,18,6192900,3679,0,0,1690
217,6,0,7,18,6218640,3681,0,0,1696
218,3,0,3,22,6242940,3680,0,0,1699
219,7,0,6,19,6252900,3678,0,0,1706
220,4,0,1,24,6277980,3673,0,0,1710
221,6,0,6,19,6280020,3672,0,0,1716
222,2,0,3,22,6301260,3674,0,0,1718
223,9,0,7,18,6305700,3666,0,0,1727
224,7,0,5,20,6335340,3664,0,0,1734
225,11,0,5,20,6362040,3656,0,0,1745
226,14,0,8,17,6389880,3649,0,0,1759
227,19,0,12,13,6417660,3634,0,0,1778
228,9,0,13,12,6446880,3634,0,0,1787
229,7,0,8,17,6504840,3642,0,0,1794
230,15,0,16,9,6531060,3642,0,0,1809
231,12,0,13,12,6582600,3640,0,0,1821
232,11,0,12,13,6629640,3642,0,0,1832
233,13,0,12,13,6670860,3639,0,0,1845
234,9,0,9,16,6721080,3642,0,0,1854
235,8,0,11,14,6743520,3643,0,0,1862
236,5,0,5,20,6792540,3647,0,0,1867
237,7,0,6,19,6813480,3647,0,0,1874
238,7,0,8,17,6834300,3648,0,0,1881
239,4,0,6,19,6857160,3649,0,0,1885
240,6,0,7,18,6880440,3652,0,0,1891
241,11,0,10,15,6899700,3646,0,0,1902
242,5,0,7,18,6922500,3643,0,0,1907
243,6,0,4,21,6955740,3643,0,0,1913
244,6,0,4,21,6971940,3640,0,0,1919
245,6,0,4,21,6978600,3632,0,0,1925
246,9,0,8,17,6992880,3630,0,0,1934
247,8,0,12,13,7014960,3634,0,0,1942
248,9,0,6,19,7069260,3634,0,0,1951
249,11,0,12,13,7083420,3632,0,0,1962
250,11,0,10,15,7120080,3627,0,0,1973
251,6,0,10,15,7147680,3630,0,0,1979
252,9,0,6,19,7200840,3633,0,0,1988
253,9,0,10,15,7225500,3636,0,0,1997
254,8,0,11,14,7246800,3634,0,0,2005
255,11,0,14,11,7271760,3632,0,0,2016
256,6,0,10,15,7319820,3638,0,0,2022
257,6,0,5,20,7365780,3641,0,0,2028
258,9,0,7,18,7383960,3637,0,0,2037
259,5,0,6,19,7402200,3635,0,0,2042
260,10,0,9,16,7426380,3635,0,0,2052
261,6,0,6,19,7462740,3636,0,0,2058
262,5,0,6,19,7481520,3637,0,0,2063
263,7,0,10,15,7493880,3637,0,0,2070
264,3,0,5,20,7530780,3641,0,0,2073
265,7,0,6,19,7559280,3644,0,0,2080
266,4,0,3,22,7583940,3644,0,0,2084
267,10,0,8,17,7595520,3641,0,0,2094
268,6,0,9,16,7612020,3640,0,0,2100
269,4,0,4,21,7640100,3638,0,0,2104
270,7,0,6,19,7662360,3640,0,0,2111
271,8,0,8,17,7682880,3639,0,0,2119
272,5,0,5,20,7712580,3639,0,0,2124
273,7,0,4,21,7736400,3637,0,0,2131
274,9,0,8,17,7751880,3635,0,0,2140
275,18,0,14,11,7779120,3628,0,0,2158
276,5,0,11,14,7818060,3632,0,0,2163
277,12,0,12,13,7868520,3637,0,0,2175
278,14,0,16,9,7890540,3631,0,0,2189
279,13,0,14,11,7953360,3634,0,0,2202
280,14,0,12,13,8010720,3634,0,0,2216
281,12,0,11,14,8053320,3632,0,0,2228
282,13,0,13,12,8083080,3627,0,0,2241
283,6,0,9,16,8122860,3629,0,0,2247
284,9,0,7,18,8156460,3626,0,0,2256
285,6,0,5,20,8194080,3630,0,0,2262
286,8,0,3,22,8223720,3627,0,0,2270
287,9,0,8,17,8233440,3625,0,0,2279
288,3,0,7,18,8246340,3624,0,0,2282
289,4,0,4,21,8293140,3634,0,0,2286
290,11,0,12,13,8305440,3634,0,0,2297
291,5,0,6,19,8341920,3633,0,0,2302
292,4,0,5,20,8372100,3638,0,0,2306
293,7,0,6,19,8395140,3638,0,0,2313
294,4,0,8,17,8397720,3636,0,0,2317
295,8,0,8,17,8434500,3640,0,0,2325
296,7,0,7,18,8476200,3645,0,0,2332
297,9,0,7,18,8508720,3645,0,0,2341
298,4,0,6,19,8523360,3644,0,0,2345
299,9,0,9,16,8539380,3641,0,0,2354
300,8,0,11,14,8572200,3646,0,0,2362
301,6,0,9,16,8603820,3647,0,0,2368
302,7,0,6,19,8653200,3652,0,0,2375
303,13,0,13,12,8673660,3652,0,0,2388
304,7,0,9,16,8708520,3649,0,0,2395
305,13,0,12,13,8743800,3649,0,0,2408
306,9,0,14,11,8773740,3651,0,0,2417
307,8,0,7,18,8836260,3654,0,0,2425
308,11,0,9,16,8869440,3654,0,0,2436
309,8,0,10,15,8892120,3653,0,0,2444
310,5,0,8,17,8925300,3656,0,0,2449
311,6,0,6,19,8967180,3661,0,0,2455
312,5,0,6,19,8980920,3659,0,0,2460
313,6,0,7,18,9001680,3660,0,0,2466
314,7,0,8,17,9026220,3661,0,0,2473
315,7,0,7,18,9051900,3660,0,0,2480
316,3,0,7,18,9065580,3661,0,0,2483
317,11,0,9,16,9101040,3662,0,0,2494
318,4,0,4,21,9134820,3662,0,0,2498
319,6,0,4,21,9168180,3667,0,0,2504
320,9,0,10,15,9175380,3665,0,0,2513
321,8,0,5,20,9223140,3665,0,0,2521
322,12,0,11,14,9240240,3663,0,0,2533
323,11,0,12,13,9266760,3659,0,0,2544
324,17,0,14,11,9316980,3658,0,0,2561
325,16,0,11,14,9363480,3649,0,0,2577
326,9,0,13,12,9383580,3646,0,0,2586
327,12,0,11,14,9430740,3645,0,0,2598
328,23,1,25,0,9459720,3645,0,0,2621
329,19,0,24,1,9536400,3645,4020,1,2640
330,10,0,11,14,9636600,3651,4020,1,2650
331,8,0,9,16,9690180,3658,4020,1,2658
332,8,0,11,14,9717120,3659,4020,1,2666
333,8,0,11,14,9748860,3660,4020,1,2674
334,6,0,6,19,9814740,3670,4020,1,2680
335,3,0,7,18,9824160,3671,4020,1,2683
336,5,0,8,17,9851880,3676,4020,1,2688
337,5,0,7,18,9879720,3678,4020,1,2693
338,22,0,17,8,9916080,3675,4020,1,2715
339,25,3,25,0,9955380,3670,4200,1,2740
340,27,6,25,0,10059900,3676,13920,5,2767
341,31,10,25,0,10134300,3667,37920,13,2798
342,29,20,25,0,10220880,3673,48780,17,2827
343,37,34,25,0,10319100,3678,64560,22,2864
344,25,36,25,0,10410780,3682,87480,30,2889
345,28,36,25,0,10519980,3684,125820,43,2917
346,29,40,25,0,10587780,3683,131520,44,2946
347,22,33,25,0,10682160,3684,219240,74,2968
348,34,35,25,0,10768080,3673,399360,133,3002
349,32,40,25,0,10858860,3675,410280,136,3034
350,28,38,25,0,10955580,3683,433800,142,3062
351,34,36,25,0,11067060,3687,523260,170,3096
352,29,34,25,0,11131860,3671,761640,246,3125
353,25,35,25,0,11224080,3675,773760,248,3150
354,39,39,25,0,11312100,3681,794940,253,3189
355,25,38,25,0,11393460,3682,856800,271,3214
356,24,27,25,0,11499960,3675,1182900,372,3238
357,32,39,25,0,11576400,3677,1194540,372,3270
358,27,39,25,0,11673600,3682,1234740,381,3297
359,28,33,25,0,11767620,3677,1380720,423,3325
360,36,40,25,0,11859360,3678,1426200,433,3361
361,32,34,25,0,11955780,3675,1492080,450,3393
362,35,40,25,0,12026700,3667,1521540,455,3428
363,31,38,25,0,12124260,3669,1578060,468,3459
364,37,29,25,0,12232080,3661,1849380,544,3496
365,27,37,25,0,12304140,3661,1886220,551,3523
366,37,39,25,0,12362520,3665,1899300,552,3560
367,38,40,25,0,12472020,3668,1936800,559,3598
368,23,32,25,0,12573900,3671,2145180,616,3621
369,27,17,25,0,12677400,3656,3053700,870,3648
370,27,0,22,3,12779220,3636,3534600,999,3675
371,42,24,25,0,12818760,3632,3536160,991,3717
372,25,26,25,0,12936000,3641,3562020,990,3742
373,35,40,25,0,13020240,3647,3574200,983,3777
374,20,38,25,0,13081860,3653,3591060,985,3797
375,34,39,25,0,13211640,3661,3675360,1001,3831
376,31,39,25,0,13282080,3662,3724440,1009,3862
377,28,36,25,0,13387980,3661,3766560,1013,3890
378,35,40,25,0,13461420,3661,3781740,1011,3925
379,36,36,25,0,13541520,3667,3845820,1025,3961
380,24,6,25,0,13664400,3647,4589040,1215,3985
381,39,24,25,0,13720320,3642,4654380,1220,4024
382,35,40,25,0,13799580,3651,4660980,1212,4059
383,29,40,25,0,13904700,3663,4688340,1215,4088
384,35,40,25,0,14000220,3667,4750380,1224,4123
385,34,40,25,0,14084880,3670,4793460,1228,4157
386,36,39,25,0,14190780,3678,4938720,1260,4193
387,35,39,25,0,14280600,3672,4971180,1258,4228
388,41,40,25,0,14354340,3674,5015640,1264,4269
389,28,40,25,0,14448960,3677,5044740,1263,4297
390,36,37,25,0,14564280,3673,5143560,1277,4333
391,37,40,25,0,14646360,3671,5196840,1282,4370
392,24,32,25,0,14723400,3666,5387100,1322,4394
393,26,37,25,0,14794080,3664,5469240,1334,4420
394,33,40,25,0,14896020,3677,5492100,1334,4453
395,29,24,25,0,15013800,3671,5960040,1440,4482
396,31,18,25,0,15091980,3657,6425520,1541,4513
397,27,21,25,0,15181740,3658,6433620,1534,4540
398,29,28,25,0,15259320,3657,6453240,1527,4569
399,30,40,25,0,15338040,3663,6463680,1520,4599
400,33,40,25,0,15424020,3670,6481200,1519,4632
401,34,40,25,0,15541380,3678,6585900,1535,4666
402,30,36,25,0,15625500,3679,6625200,1538,4696
403,32,34,25,0,15732480,3674,6739980,1553,4728
404,34,34,25,0,15821520,3673,6834480,1565,4762
405,34,40,25,0,15880440,3670,6881220,1567,4796
406,35,38,25,0,15984960,3678,6947160,1576,4831
407,35,39,25,0,16076520,3677,6978780,1573,4866
408,36,40,25,0,16164900,3677,7021440,1574,4902
409,31,40,25,0,16260600,3678,7038060,1570,4933
410,32,39,25,0,16344660,3674,7120260,1578,4965
411,46,39,25,0,16433520,3676,7176180,1583,5011
412,26,34,25,0,16532280,3673,7397520,1622,5037
413,28,33,25,0,16625160,3670,7509240,1637,5065
414,34,40,25,0,16697940,3669,7560780,1638,5099
415,28,39,25,0,16795800,3668,7616340,1640,5127
416,34,37,25,0,16887780,3665,7683600,1646,5161
417,32,39,25,0,16978920,3665,7711260,1642,5193
418,34,40,25,0,17046240,3669,7719660,1639,5227
419,33,33,25,0,17173380,3671,7860780,1660,5260
420,31,40,25,0,17242020,3673,7866600,1653,5291
421,35,38,25,0,17326800,3673,7921440,1657,5326
422,39,40,25,0,17419560,3674,7956720,1656,5365
423,25,40,25,0,17502600,3675,8012400,1660,5390
424,36,33,25,0,17631360,3675,8072520,1662,5426
425,38,40,25,0,17680920,3675,8082120,1657,5464
426,35,37,25,0,17791500,3679,8146320,1664,5499
427,35,40,25,0,17860680,3680,8152380,1657,5534
428,21,17,25,0,17973540,3671,9920460,2009,5555
429,36,24,25,0,18057720,3666,10146000,2040,5591
430,36,39,25,0,18125100,3669,10154880,2029,5627
431,38,39,25,0,18217560,3675,10175520,2026,5665
432,27,36,25,0,18333180,3682,10253040,2034,5692
433,41,37,25,0,18424080,3683,10336500,2041,5733
434,29,39,25,0,18499380,3680,10388460,2042,5762
435,32,38,25,0,18591900,3681,10405320,2035,5794
436,22,33,25,0,18689700,3681,10482720,2041,5816
437,40,40,25,0,18772860,3681,10522080,2038,5856
438,33,40,25,0,18842640,3685,10534620,2035,5889
439,39,39,25,0,18965580,3689,10582740,2033,5928
440,34,37,25,0,19059060,3691,10621020,2032,5962
441,22,27,25,0,19152480,3686,11080800,2111,5984
442,29,13,25,0,19241160,3673,12157020,2304,6013
443,33,31,25,0,19290840,3672,12198000,2297,6046
444,39,40,25,0,19365540,3678,12210420,2291,6085
445,34,39,25,0,19467120,3688,12265560,2296,6119
446,34,40,25,0,19566000,3693,12324000,2298,6153
447,36,39,25,0,19686120,3697,12390540,2300,6189
448,27,37,25,0,19766280,3700,12496080,2314,6216
449,35,40,25,0,19861860,3700,12608700,2321,6251
450,35,40,25,0,19914240,3699,12642180,2321,6286
451,34,32,25,0,20040780,3694,12845340,2344,6320
452,25,32,25,0,20141220,3696,12885480,2340,6345
453,23,11,25,0,20234100,3683,13759560,2489,6368
454,31,10,25,0,20313420,3676,13897260,2501,6399
455,35,25,25,0,20397900,3678,13906500,2486,6434
456,27,40,25,0,20461080,3682,13912200,2476,6461
457,35,40,25,0,20560020,3687,13930320,2470,6496
458,32,40,25,0,20655300,3693,13983480,2472,6528
459,36,40,25,0,20751540,3697,14059980,2476,6564
460,32,38,25,0,20847420,3694,14132280,2476,6596
461,27,39,25,0,20939280,3696,14158980,2471,6623
462,27,33,25,0,21027180,3696,14242560,2478,6650
463,36,38,25,0,21104340,3698,14255400,2471,6686
464,39,40,25,0,21196440,3701,14290500,2468,6725
465,37,39,25,0,21291660,3701,14313120,2460,6762
466,32,38,25,0,21392760,3698,14427960,2468,6794
467,29,37,25,0,21472380,3695,14509980,2471,6823
468,33,39,25,0,21559200,3697,14524200,2464,6856
469,32,35,25,0,21664500,3697,14613420,2468,6888
470,25,16,25,0,21771900,3687,15503580,2608,6913
471,30,29,25,0,21838380,3688,15514320,2597,6943
472,29,40,25,0,21926340,3691,15525360,2586,6972
473,30,40,25,0,22014960,3695,15555060,2584,7002
474,28,37,25,0,22110420,3695,15670260,2592,7030
475,37,40,25,0,22193040,3693,15768540,2596,7067
476,35,37,25,0,22285020,3691,15841200,2597,7102
477,36,40,25,0,22375020,3692,15848460,2587,7138
478,34,40,25,0,22452540,3695,15859440,2583,7172
479,32,40,25,0,22531920,3694,15879240,2577,7204
480,30,36,25,0,22648800,3693,16037820,2590,7234
481,30,40,25,0,22725000,3695,16047780,2583,7264
482,34,33,25,0,22840620,3691,16256400,2603,7298
483,27,40,25,0,22906200,3690,16303260,2601,7325
484,28,34,25,0,23028360,3694,16337040,2596,7353
485,23,38,25,0,23089680,3693,16390860,2595,7376
486,29,36,25,0,23186700,3692,16449360,2594,7405
487,36,28,25,0,23288820,3682,17444880,2736,7441
488,40,40,25,0,23349900,3684,17451060,2726,7481
489,27,38,25,0,23448660,3689,17481780,2723,7508
490,30,33,25,0,23552460,3685,17587260,2727,7538
491,31,35,25,0,23645160,3683,17622180,2721,7569
492,38,38,25,0,23722560,3684,17648700,2714,7607
493,26,32,25,0,23820780,3681,17704080,2712,7633
494,37,40,25,0,23913000,3679,17841300,2719,7670
495,32,40,25,0,23985780,3682,17858640,2714,7702
496,38,38,25,0,24105120,3685,17887080,2709,7740
497,38,40,25,0,24178860,3682,17911500,2701,7778
498,23,27,25,0,24288240,3681,18220380,2740,7801
499,31,28,25,0,24377760,3678,18700800,2800,7832
500,34,40,25,0,24436020,3679,18718920,2791,7866
501,30,35,25,0,24536340,3684,18781260,2796,7896
502,29,29,25,0,24648900,3686,19030860,2823,7925
503,24,29,25,0,24719100,3683,19312140,2854,7949
504,15,22,25,0,24807000,3684,19646820,2897,7964
505,1,0,4,21,24921180,3677,20371020,3004,7965
506,5,0,4,21,24943440,3677,20371020,3001,7970
507,12,0,5,20,24975120,3676,20371020,2996,7982
508,8,0,8,17,24984840,3675,20371020,2993,7990
509,11,0,12,13,25011840,3675,20371020,2988,8001
510,9,0,13,12,25045500,3676,20371020,2984,8010
511,13,0,11,14,25095060,3675,20371020,2978,8023
512,7,0,10,15,25121160,3674,20371020,2975,8030
513,11,0,11,14,25162560,3675,20371020,2970,8041
514,8,0,6,19,25211280,3675,20371020,2967,8049
515,12,0,8,17,25240380,3674,20371020,2962,8061
516,9,0,9,16,25261320,3673,20371020,2958,8070
517,12,0,7,18,25307460,3672,20371020,2953,8082
518,15,0,11,14,25342920,3671,20371020,2946,8097
519,12,0,8,17,25385160,3669,20371020,2941,8109
520,8,0,11,14,25405080,3670,20371020,2938,8117
521,9,0,9,16,25445640,3670,20371020,2934,8126
522,10,0,9,16,25490520,3671,20371020,2930,8136
523,11,0,9,16,25529400,3671,20371020,2925,8147
524,7,0,3,22,25573380,3670,20371020,2922,8154
525,4,0,4,21,25580760,3670,20371020,2920,8158
526,7,0,4,21,25605420,3669,20371020,2918,8165
527,3,0,3,22,25617840,3669,20371020,2916,8168
528,5,0,5,20,25628400,3669,20371020,2914,8173
529,5,0,5,20,25642680,3669,20371020,2912,8178
530,3,0,2,23,25668120,3669,20371020,2911,8181
531,5,0,5,20,25678440,3669,20371020,2909,8186
532,5,0,6,19,25687620,3669,20371020,2907,8191
533,8,0,7,18,25712880,3669,20371020,2903,8199
534,7,0,8,17,25727340,3667,20371020,2901,8206
535,9,0,11,14,25746120,3667,20371020,2897,8215
536,8,0,9,16,25795800,3669,20371020,2894,8223
537,8,0,11,14,25824360,3670,20371020,2890,8231
538,15,0,11,14,25872540,3669,20371020,2884,8246
539,9,0,9,16,25911900,3669,20371020,2880,8255
540,14,0,16,9,25937340,3669,20371020,2875,8269
541,8,0,12,13,25986720,3669,20371020,2871,8277
542,16,0,14,11,26042820,3670,20371020,2865,8293
543,6,0,9,16,26087880,3671,20371020,2863,8299
544,6,0,4,21,26129400,3671,20371020,2860,8305
545,6,0,5,20,26148540,3671,20371020,2858,8311
546,11,0,9,16,26163240,3669,20371020,2853,8322
547,5,0,5,20,26191260,3669,20371020,2851,8327
548,6,0,10,15,26192580,3668,20371020,2849,8333
549,10,0,9,16,26244000,3670,20371020,2845,8343
550,8,0,11,14,26268780,3670,20371020,2842,8351
551,6,0,7,18,26308260,3671,20371020,2839,8357
552,7,0,9,16,26336340,3672,20371020,2837,8364
553,5,0,8,17,26369700,3674,20371020,2835,8369
554,9,0,9,16,26406300,3675,20371020,2831,8378
555,3,0,4,21,26442000,3676,20371020,2830,8381
556,7,0,3,22,26458440,3674,20371020,2827,8388
557,8,0,8,17,26470620,3674,20371020,2824,8396
558,6,0,7,18,26496180,3674,20371020,2822,8402
559,6,0,5,20,26517420,3673,20371020,2819,8408
560,8,0,10,15,26523600,3672,20371020,2816,8416
561,13,0,14,11,26555220,3672,20371020,2811,8429
562,12,0,10,15,26600160,3670,20371020,2807,8441
563,9,0,10,15,26633820,3670,20371020,2803,8450
564,10,0,7,18,26679000,3670,20371020,2799,8460
565,8,0,7,18,26706180,3669,20371020,2796,8468
566,9,0,9,16,26734080,3670,20371020,2793,8477
567,7,0,9,16,26752320,3669,20371020,2790,8484
568,11,0,12,13,26788860,3670,20371020,2786,8495
569,4,0,7,18,26827320,3670,20371020,2784,8499
570,10,0,12,13,26852280,3671,20371020,2781,8509
571,6,0,5,20,26894400,3671,20371020,2778,8515
572,10,0,7,18,26925000,3671,20371020,2774,8525
573,4,0,5,20,26948760,3671,20371020,2773,8529
574,4,0,4,21,26964180,3671,20371020,2771,8533
575,8,0,6,19,26985480,3670,20371020,2768,8541
576,7,0,8,17,27004260,3671,20371020,2766,8548
577,5,0,6,19,27021180,3669,20371020,2764,8553
578,5,0,6,19,27043800,3670,20371020,2762,8558
579,3,0,5,20,27066900,3671,20371020,2761,8561
580,5,0,4,21,27076740,3669,20371020,2759,8566
581,1,0,1,24,27101100,3671,20371020,2759,8567
582,7,0,4,21,27111120,3670,20371020,2756,8574
583,8,0,7,18,27123660,3669,20371020,2753,8582
584,4,0,5,20,27140880,3669,20371020,2752,8586
585,11,0,7,18,27172320,3668,20371020,2748,8597
586,9,0,5,20,27202140,3667,20371020,2744,8606
587,6,0,5,20,27220860,3667,20371020,2742,8612
588,9,0,11,14,27234180,3667,20371020,2739,8621
589,12,0,12,13,27269760,3666,20371020,2734,8633
590,6,0,8,17,27306660,3666,20371020,2732,8639
591,10,0,10,15,27347400,3668,20371020,2728,8649
592,11,0,10,15,27378300,3667,20371020,2724,8660
593,5,0,6,19,27404580,3666,20371020,2723,8665
594,9,0,8,17,27429780,3666,20371020,2719,8674
595,8,0,8,17,27446520,3664,20371020,2716,8682
596,5,0,5,20,27477840,3664,20371020,2715,8687
597,5,0,7,18,27489480,3664,20371020,2713,8692
598,7,0,6,19,27514920,3664,20371020,2710,8699
599,3,0,5,20,27537720,3665,20371020,2709,8702
600,5,0,5,20,27563340,3666,20371020,2707,8707
601,4,0,5,20,27569880,3665,20371020,2706,8711
602,6,0,8,17,27585900,3665,20371020,2704,8717
603,4,0,4,21,27610440,3665,20371020,2702,8721
604,5,0,4,21,27632820,3665,20371020,2701,8726
605,3,0,4,21,27635220,3664,20371020,2699,8729
606,11,0,10,15,27656040,3664,20371020,2696,8740
607,7,0,7,18,27682080,3663,20371020,2693,8747
608,17,0,16,9,27702240,3662,20371020,2687,8764
609,6,0,9,16,27758400,3663,20371020,2685,8770
610,13,0,11,14,27794280,3662,20371020,2680,8783
611,14,0,16,9,27815640,3661,20371020,2675,8797
612,10,0,16,9,27865740,3663,20371020,2672,8807
613,12,0,12,13,27933660,3664,20371020,2668,8819
614,7,0,9,16,27988080,3666,20371020,2665,8826
615,15,0,14,11,28019100,3665,20371020,2660,8841
616,13,0,15,10,28065540,3666,20371020,2655,8854
617,5,0,8,17,28107660,3666,20371020,2654,8859
618,9,0,9,16,28149360,3667,20371020,2651,8868
619,11,0,14,11,28173420,3667,20371020,2647,8879
620,6,0,10,15,28220580,3669,20371020,2645,8885
621,5,0,10,15,28254180,3671,20371020,2643,8890
622,7,0,9,16,28290840,3672,20371020,2641,8897
623,5,0,8,17,28326000,3673,20371020,2639,8902
624,3,0,6,19,28345320,3674,20371020,2638,8905
625,5,0,5,20,28374900,3675,20371020,2636,8910
626,6,0,5,20,28399380,3675,20371020,2634,8916
627,8,0,7,18,28421400,3675,20371020,2631,8924
628,6,0,6,19,28441080,3674,20371020,2629,8930
629,12,0,9,16,28462560,3673,20371020,2625,8942
630,6,0,6,19,28498620,3673,20371020,2623,8948
631,8,0,6,19,28526880,3673,20371020,2621,8956
632,8,0,8,17,28542600,3672,20371020,2618,8964
633,7,0,7,18,28564080,3671,20371020,2616,8971
634,12,0,6,19,28608660,3671,20371020,2612,8983
635,9,0,10,15,28618560,3669,20371020,2608,8992
636,5,0,7,18,28649100,3670,20371020,2607,8997
637,13,0,11,14,28685340,3670,20371020,2602,9010
638,8,0,14,11,28702320,3670,20371020,2600,9018
639,9,0,9,16,28759800,3671,20371020,2597,9027
640,9,0,9,16,28790940,3670,20371020,2594,9036
641,7,0,11,14,28818900,3672,20371020,2592,9043
642,8,0,12,13,28853940,3673,20371020,2589,9051
643,5,0,10,15,28877220,3673,20371020,2587,9056
644,6,0,6,19,28936740,3675,20371020,2585,9062
645,5,0,8,17,28954800,3676,20371020,2584,9067
646,9,0,3,22,28994280,3675,20371020,2581,9076
647,7,0,6,19,29005920,3674,20371020,2578,9083
648,3,0,4,21,29024760,3674,20371020,2577,9086
649,5,0,6,19,29034060,3674,20371020,2576,9091
650,5,0,4,21,29053200,3673,20371020,2574,9096
651,4,0,4,21,29071740,3674,20371020,2573,9100
652,4,0,5,20,29090400,3675,20371020,2572,9104
653,7,0,9,16,29100300,3675,20371020,2569,9111
654,9,0,11,14,29122620,3674,20371020,2566,9120
655,6,0,5,20,29161680,3674,20371020,2564,9126
656,8,0,5,20,29185800,3673,20371020,2562,9134
657,8,0,7,18,29202060,3672,20371020,2559,9142
658,20,0,17,8,29227800,3671,20371020,2553,9162
659,11,0,11,14,29272680,3669,20371020,2549,9173
660,8,0,6,19,29318160,3668,20371020,2547,9181
661,14,0,9,16,29348700,3667,20371020,2542,9195
662,14,0,12,13,29380560,3666,20371020,2538,9209
663,15,0,12,13,29415900,3664,20371020,2533,9224
664,15,0,17,8,29451780,3664,20371020,2528,9239
665,13,0,15,10,29518260,3665,20371020,2524,9252
666,8,0,10,15,29570880,3666,20371020,2522,9260
667,5,0,7,18,29611620,3667,20371020,2520,9265
668,2,0,1,24,29657580,3669,20371020,2520,9267
669,6,0,5,20,29659980,3668,20371020,2518,9273
670,6,0,2,23,29680500,3667,20371020,2516,9279
671,7,0,6,19,29686020,3666,20371020,2514,9286
672,5,0,7,18,29704140,3667,20371020,2512,9291
673,6,0,13,12,29704140,3667,20371020,2510,9297
674,4,0,13,12,29719320,3667,20371020,2509,9301
675,9,0,12,13,29751180,3666,20371020,2506,9310
676,4,0,10,15,29770260,3666,20371020,2505,9314
677,8,0,13,12,29785320,3665,20371020,2503,9322
678,8,0,13,12,29820360,3666,20371020,2500,9330
679,8,0,13,12,29838780,3665,20371020,2498,9338
680,11,0,15,10,29870880,3665,20371020,2494,9349
681,9,0,16,9,29893800,3664,20371020,2492,9358
682,9,0,16,9,29925120,3664,20371020,2489,9367
683,12,0,13,12,29974320,3663,20371020,2485,9379
684,5,0,14,11,29991900,3663,20371020,2484,9384
685,13,0,21,4,30010200,3663,20371020,2480,9397
686,5,0,15,10,30070380,3665,20371020,2478,9402
687,11,0,17,8,30106800,3666,20371020,2475,9413
688,15,0,21,4,30142080,3665,20371020,2471,9428
689,12,0,24,1,30185640,3666,20371920,2467,9440
690,8,0,14,11,30264900,3668,20371920,2465,9448
691,9,0,15,10,30299280,3669,20371920,2462,9457
692,9,0,16,9,30322260,3668,20371920,2459,9466
693,5,0,12,13,30355140,3668,20371920,2458,9471
694,5,0,11,14,30387420,3669,20371920,2456,9476
695,5,0,11,14,30405600,3669,20371920,2455,9481
696,4,0,9,16,30417600,3668,20371920,2454,9485
697,5,0,9,16,30433440,3668,20371920,2452,9490
698,10,0,15,10,30443700,3667,20371920,2449,9500
699,8,0,14,11,30470640,3666,20371920,2447,9508
700,7,0,14,11,30497460,3666,20371920,2445,9515
701,6,0,11,14,30527880,3666,20371920,2443,9521
702,5,0,9,16,30551820,3666,20371920,2442,9526
703,9,0,16,9,30555900,3665,20371920,2439,9535
704,4,0,13,12,30573600,3665,20371920,2438,9539
705,9,0,15,10,30609000,3666,20371920,2435,9548
706,5,0,13,12,30638280,3666,20371920,2434,9553
707,10,0,14,11,30669540,3666,20371920,2431,9563
708,10,0,14,11,30692700,3664,20371920,2428,9573
709,7,0,17,8,30709140,3665,20371920,2426,9580
710,13,0,15,10,30753840,3663,20371920,2422,9593
711,6,0,13,12,30779160,3663,20371920,2420,9599
712,7,0,11,14,30811260,3663,20371920,2418,9606
713,7,0,12,13,30831600,3663,20371920,2416,9613
714,11,0,14,11,30856080,3662,20371920,2413,9624
715,9,0,13,12,30885720,3661,20371920,2411,9633
716,6,0,13,12,30903900,3660,20371920,2409,9639
717,7,0,12,13,30928500,3660,20371920,2407,9646
718,6,0,13,12,30953700,3660,20371920,2405,9652
719,5,0,12,13,30978480,3661,20371920,2404,9657
720,5,0,9,16,31014360,3662,20371920,2402,9662
721,7,0,12,13,31031820,3662,20371920,2400,9669
722,10,0,19,6,31037400,3661,20371920,2398,9679
723,4,0,13,12,31074240,3661,20371920,2396,9683
724,5,0,13,12,31104300,3663,20371920,2395,9688
725,6,0,12,13,31132980,3663,20371920,2393,9694
726,5,0,12,13,31151280,3663,20371920,2392,9699
727,12,0,16,9,31188480,3664,20371920,2389,9711
728,10,0,17,8,31217580,3664,20371920,2386,9721
729,8,0,18,7,31249500,3664,20371920,2384,9729
730,11,0,16,9,31312920,3666,20371920,2381,9740
731,17,0,19,6,31341360,3663,20371920,2376,9757
732,9,0,17,8,31385340,3664,20371920,2373,9766
733,9,0,18,7,31428600,3665,20371920,2371,9775
734,9,0,16,9,31478940,3667,20371920,2368,9784
735,14,0,18,7,31512780,3665,20371920,2364,9798
736,12,0,20,5,31544280,3665,20371920,2361,9810
737,5,0,13,12,31600500,3666,20371920,2360,9815
738,7,0,14,11,31615560,3665,20371920,2358,9822
739,8,0,13,12,31658640,3667,20371920,2356,9830
740,6,0,10,15,31690200,3666,20371920,2354,9836
741,6,0,13,12,31704060,3667,20371920,2352,9842
742,4,0,11,14,31729080,3667,20371920,2351,9846
743,8,0,12,13,31749960,3667,20371920,2349,9854
744,4,0,11,14,31770840,3667,20371920,2348,9858
745,2,0,9,16,31781700,3666,20371920,2348,9860
746,4,0,10,15,31801140,3667,20371920,2346,9864
747,7,0,12,13,31817760,3667,20371920,2345,9871
748,5,0,12,13,31841100,3668,20371920,2343,9876
749,5,0,12,13,31866060,3669,20371920,2342,9881
750,4,0,11,14,31885560,3669,20371920,2341,9885
751,11,0,17,8,31901280,3668,20371920,2338,9896
752,10,0,15,10,31929300,3667,20371920,2335,9906
753,11,0,15,10,31970100,3667,20371920,2332,9917
754,8,0,16,9,31995120,3667,20371920,2330,9925
755,7,0,15,10,32031660,3667,20371920,2328,9932
756,17,0,22,3,32060400,3666,20371920,2324,9949
757,9,0,18,7,32102640,3666,20371920,2321,9958
758,7,0,12,13,32160120,3667,20371920,2320,9965
759,9,0,13,12,32179620,3666,20371920,2317,9974
760,14,0,19,6,32202540,3665,20371920,2313,9988
761,5,0,16,9,32237100,3666,20371920,2312,9993
762,5,0,16,9,32258160,3666,20371920,2311,9998
763,6,0,14,11,32308680,3668,20371920,2309,10004
764,9,0,9,16,32354940,3668,20371920,2307,10013
765,5,0,10,15,32362920,3667,20371920,2306,10018
766,8,0,10,15,32376600,3665,20371920,2303,10026
767,2,0,8,17,32388660,3665,20371920,2303,10028
768,4,0,8,17,32401140,3665,20371920,2302,10032
769,2,0,7,18,32409480,3664,20371920,2301,10034
770,6,0,8,17,32416680,3663,20371920,2300,10040
771,4,0,9,16,32429340,3663,20371920,2299,10044
772,6,0,10,15,32439660,3663,20371920,2297,10050
773,3,0,9,16,32453700,3662,20371920,2296,10053
774,3,0,9,16,32464260,3662,20371920,2296,10056
775,3,0,8,17,32482560,3663,20371920,2295,10059
776,7,0,12,13,32487300,3662,20371920,2293,10066
777,10,0,15,10,32510100,3662,20371920,2291,10076
778,6,0,12,13,32541480,3662,20371920,2289,10082
779,6,0,12,13,32563740,3662,20371920,2287,10088
780,10,0,15,10,32590680,3662,20371920,2285,10098
781,16,0,20,5,32621640,3661,20371920,2281,10114
782,8,0,15,10,32662080,3660,20371920,2279,10122
783,13,0,15,10,32714760,3661,20371920,2275,10135
784,14,0,17,8,32748300,3659,20371920,2272,10149
785,6,0,14,11,32782740,3660,20371920,2270,10155
786,9,0,14,11,32808120,3659,20371920,2268,10164
787,5,0,13,12,32841180,3660,20371920,2267,10169
788,12,0,14,11,32875440,3659,20371920,2264,10181
789,6,0,16,9,32893080,3660,20371920,2262,10187
790,6,0,10,15,32929500,3659,20371920,2261,10193
791,4,0,10,15,32953800,3660,20371920,2260,10197
792,6,0,12,13,32963940,3659,20371920,2258,10203
793,5,0,14,11,32972160,3659,20371920,2257,10208
794,7,0,10,15,33009720,3659,20371920,2255,10215
795,3,0,11,14,33016620,3659,20371920,2255,10218
796,5,0,11,14,33041460,3659,20371920,2253,10223
797,5,0,13,12,33052020,3659,20371920,2252,10228
798,3,0,11,14,33070200,3659,20371920,2251,10231
799,5,0,9,16,33099780,3660,20371920,2250,10236
800,5,0,10,15,33112080,3660,20371920,2249,10241
801,10,0,16,9,33126300,3659,20371920,2246,10251
802,11,0,19,6,33150120,3659,20371920,2244,10262
803,9,0,20,5,33186240,3660,20371920,2241,10271
804,15,0,25,0,33243960,3662,20375340,2238,10286
805,8,0,19,6,33302640,3663,20375340,2236,10294
806,13,0,19,6,33358140,3664,20375340,2233,10307
807,13,0,21,4,33408660,3665,20375340,2230,10320
808,11,0,21,4,33468480,3667,20375340,2227,10331
809,12,0,21,4,33509040,3666,20375340,2224,10343
810,8,0,16,9,33563520,3667,20375340,2222,10351
811,13,0,20,5,33610020,3669,20375340,2219,10364
812,12,0,17,8,33666120,3669,20375340,2216,10376
813,7,0,11,14,33719460,3669,20375340,2214,10383
814,5,0,10,15,33734040,3669,20375340,2213,10388
815,2,0,8,17,33757200,3670,20375340,2213,10390
816,7,0,13,12,33760380,3669,20375340,2211,10397
817,8,0,10,15,33780180,3667,20375340,2209,10405
818,2,0,10,15,33785580,3667,20375340,2209,10407
819,5,0,10,15,33809040,3667,20375340,2207,10412
820,5,0,11,14,33812520,3666,20375340,2206,10417
821,5,0,12,13,33835320,3667,20375340,2205,10422
822,6,0,13,12,33857160,3667,20375340,2204,10428
823,6,0,12,13,33875520,3666,20375340,2202,10434
824,10,0,15,10,33896160,3666,20375340,2200,10444
825,12,0,18,7,33926700,3666,20375340,2197,10456
826,17,0,21,4,33978000,3666,20375340,2193,10473
827,13,0,20,5,34032960,3666,20375340,2190,10486
828,10,0,21,4,34060980,3666,20375340,2188,10496
829,13,0,20,5,34123020,3667,20375340,2185,10509
830,11,0,16,9,34175820,3666,20375340,2182,10520
831,11,0,19,6,34208400,3667,20375340,2179,10531
832,6,0,14,11,34254180,3667,20375340,2178,10537
833,6,0,11,14,34288620,3668,20375340,2177,10543
834,9,0,13,12,34315200,3668,20375340,2174,10552
835,10,0,19,6,34331700,3668,20375340,2172,10562
836,11,0,17,8,34374780,3667,20375340,2170,10573
837,5,0,15,10,34409700,3668,20375340,2168,10578
838,7,0,15,10,34436940,3668,20375340,2167,10585
839,2,0,8,17,34484100,3670,20375340,2166,10587
840,7,0,10,15,34497540,3669,20375340,2165,10594
841,6,0,11,14,34505520,3668,20375340,2163,10600
842,6,0,10,15,34525260,3668,20375340,2162,10606
843,3,0,7,18,34556280,3669,20375340,2161,10609
844,5,0,10,15,34558260,3668,20375340,2160,10614
845,7,0,12,13,34569840,3667,20375340,2159,10621
846,6,0,13,12,34585560,3667,20375340,2157,10627
847,8,0,12,13,34624320,3668,20375340,2155,10635
848,15,0,19,6,34644540,3667,20375340,2152,10650
849,5,0,16,9,34681920,3668,20375340,2151,10655
850,11,0,18,7,34721820,3668,20375340,2148,10666
851,5,0,15,10,34755660,3669,20375340,2147,10671
852,7,0,13,12,34796580,3670,20375340,2146,10678
853,17,0,24,1,34824600,3670,20375340,2142,10695
854,10,0,22,3,34860000,3669,20375340,2140,10705
855,10,0,18,7,34931700,3671,20375340,2137,10715
856,12,0,21,4,34959060,3671,20375340,2135,10727
857,12,0,14,11,35033700,3671,20375340,2132,10739
858,11,0,16,9,35063400,3671,20375340,2129,10750
859,9,0,12,13,35105580,3670,20375340,2127,10759
860,10,0,15,10,35128200,3670,20375340,2125,10769
861,5,0,13,12,35154420,3670,20375340,2124,10774
862,6,0,11,14,35189220,3671,20375340,2123,10780
863,8,0,17,8,35199240,3671,20375340,2121,10788
864,5,0,13,12,35230080,3671,20375340,2120,10793
865,6,0,13,12,35260620,3672,20375340,2119,10799
866,3,0,11,14,35283240,3672,20375340,2118,10802
867,8,0,11,14,35301900,3671,20375340,2116,10810
868,9,0,13,12,35320620,3670,20375340,2114,10819
869,10,0,17,8,35348400,3671,20375340,2112,10829
870,7,0,17,8,35369400,3670,20375340,2110,10836
871,7,0,13,12,35422020,3672,20375340,2109,10843
872,10,0,15,10,35449680,3672,20375340,2107,10853
873,7,0,17,8,35476080,3672,20375340,2105,10860
874,5,0,15,10,35511300,3673,20375340,2104,10865
875,10,0,14,11,35563620,3675,20375340,2102,10875
876,10,0,14,11,35605380,3675,20375340,2100,10885
877,11,0,18,7,35626680,3675,20375340,2097,10896
878,10,0,16,9,35670480,3675,20375340,2095,10906
879,10,0,18,7,35702040,3675,20375340,2093,10916
880,12,0,19,6,35743860,3675,20375340,2091,10928
881,12,0,17,8,35800560,3675,20375340,2088,10940
882,7,0,13,12,35837400,3675,20375340,2086,10947
883,6,0,12,13,35865960,3675,20375340,2085,10953
884,6,0,11,14,35893320,3676,20375340,2084,10959
885,7,0,12,13,35911920,3675,20375340,2082,10966
886,6,0,15,10,35927580,3676,20375340,2081,10972
887,4,0,11,14,35967120,3677,20375340,2080,10976
888,3,0,11,14,35973120,3676,20375340,2080,10979
889,8,0,13,12,36001500,3677,20375340,2078,10987
890,4,0,10,15,36019080,3676,20375340,2077,10991
891,2,0,8,17,36037440,3676,20375340,2077,10993
892,2,0,10,15,36037440,3676,20375340,2076,10995
893,3,0,8,17,36057060,3677,20375340,2076,10998
894,8,0,13,12,36059700,3676,20375340,2074,11006
895,10,0,17,8,36074340,3675,20375340,2072,11016
896,9,0,13,12,36123780,3675,20375340,2070,11025
897,7,0,12,13,36149700,3675,20375340,2068,11032
898,8,0,13,12,36171060,3674,20375340,2067,11040
899,10,0,18,7,36189780,3674,20375340,2065,11050
900,14,0,18,7,36234180,3674,20375340,2062,11064
901,10,0,13,12,36285780,3673,20375340,2060,11074
902,8,0,11,14,36318720,3673,20375340,2058,11082
903,9,0,14,11,36335760,3672,20375340,2056,11091
904,15,0,22,3,36355740,3672,20375340,2053,11106
905,7,0,20,5,36394080,3672,20375340,2052,11113
906,7,0,12,13,36443700,3672,20375340,2050,11120
907,6,0,13,12,36476040,3673,20375340,2049,11126
908,8,0,12,13,36496620,3672,20375340,2047,11134
909,9,0,14,11,36516540,3671,20375340,2045,11143
910,4,0,13,12,36535260,3671,20375340,2045,11147
911,3,0,9,16,36562140,3672,20375340,2044,11150
912,4,0,7,18,36581100,3671,20375340,2043,11154
913,5,0,11,14,36583200,3671,20375340,2042,11159
914,6,0,13,12,36590940,3670,20375340,2041,11165
915,9,0,12,13,36624900,3670,20375340,2039,11174
916,5,0,13,12,36633780,3669,20375340,2038,11179
917,7,0,12,13,36663540,3670,20375340,2037,11186
918,6,0,11,14,36688440,3669,20375340,2035,11192
919,3,0,9,16,36703440,3669,20375340,2035,11195
920,3,0,8,17,36719220,3669,20375340,2034,11198
921,6,0,10,15,36726060,3668,20375340,2033,11204
922,16,0,16,9,36751260,3667,20375340,2030,11220
923,7,0,18,7,36759000,3666,20375340,2028,11227
924,16,0,18,7,36813180,3666,20375340,2025,11243
925,9,0,18,7,36853800,3667,20375340,2023,11252
926,18,0,21,4,36907320,3666,20375340,2020,11270
927,9,0,15,10,36965700,3667,20375340,2018,11279
928,7,0,15,10,36990660,3667,20375340,2016,11286
929,8,0,14,11,37022100,3667,20375340,2015,11294
930,10,0,13,12,37052340,3666,20375340,2013,11304
931,10,0,14,11,37088880,3666,20375340,2011,11314
932,9,0,13,12,37126980,3666,20375340,2009,11323
933,8,0,16,9,37137960,3665,20375340,2008,11331
934,7,0,14,11,37167240,3665,20375340,2006,11338
935,8,0,12,13,37218960,3666,20375340,2005,11346
936,10,0,16,9,37238460,3666,20375340,2003,11356
937,5,0,7,18,37285380,3666,20375340,2002,11361
938,8,0,12,13,37288140,3665,20375340,2000,11369
939,7,0,14,11,37299960,3664,20375340,1999,11376
940,5,0,13,12,37329720,3665,20375340,1998,11381
941,7,0,13,12,37346940,3664,20375340,1996,11388
942,5,0,13,12,37367160,3664,20375340,1995,11393
943,8,0,17,8,37387680,3665,20375340,1994,11401
944,15,0,20,5,37422840,3664,20375340,1991,11416
945,7,0,14,11,37476780,3665,20375340,1989,11423
946,7,0,13,12,37508820,3665,20375340,1988,11430
947,19,0,22,3,37531500,3664,20375340,1984,11449
948,19,5,25,0,37567620,3663,20375640,1982,11468
949,11,0,25,0,37648200,3665,20390880,1980,11479
950,10,0,14,11,37722900,3665,20391360,1978,11489
951,12,0,18,7,37749360,3665,20391360,1976,11501
952,7,0,10,15,37813500,3666,20391360,1975,11508
953,9,0,13,12,37828740,3665,20391360,1973,11517
954,10,0,12,13,37862160,3664,20391360,1971,11527
955,12,0,14,11,37890660,3664,20391360,1969,11539
956,10,0,16,9,37907820,3662,20391360,1967,11549
957,6,0,12,13,37948980,3663,20391360,1966,11555
958,8,0,14,11,37970820,3663,20391360,1964,11563
959,4,0,9,16,37996020,3662,20391360,1963,11567
960,4,0,8,17,38012520,3662,20391360,1963,11571
961,3,0,6,19,38020080,3661,20391360,1962,11574
962,4,0,9,16,38021940,3661,20391360,1961,11578
963,1,0,8,17,38025720,3660,20391360,1961,11579
964,5,0,12,13,38031900,3661,20391360,1960,11584
965,5,0,13,12,38044320,3660,20391360,1959,11589
966,8,0,13,12,38073720,3660,20391360,1958,11597
967,5,0,13,12,38098800,3661,20391360,1957,11602
968,13,0,18,7,38126040,3661,20391360,1954,11615
969,7,0,15,10,38162460,3661,20391360,1953,11622
970,13,0,21,4,38191020,3661,20391360,1951,11635
971,15,0,21,4,38239260,3661,20391360,1948,11650
972,17,0,21,4,38298960,3660,20391360,1945,11667
973,12,0,22,3,38338920,3660,20391360,1942,11679
974,13,0,21,4,38391900,3660,20391360,1940,11692
975,10,0,18,7,38447820,3661,20391360,1938,11702
976,9,0,17,8,38490360,3662,20391360,1937,11711
977,8,0,15,10,38531940,3662,20391360,1935,11719
978,10,0,18,7,38561580,3663,20391360,1933,11729
979,7,0,14,11,38611020,3663,20391360,1932,11736
980,9,0,15,10,38649060,3664,20391360,1930,11745
981,9,0,18,7,38666340,3664,20391360,1929,11754
982,6,0,15,10,38715780,3665,20391360,1928,11760
983,7,0,14,11,38748960,3666,20391360,1926,11767
984,3,0,8,17,38788020,3666,20391360,1926,11770
985,4,0,9,16,38799660,3666,20391360,1925,11774
986,3,0,11,14,38802540,3666,20391360,1924,11777
987,4,0,11,14,38819160,3667,20391360,1924,11781
988,5,0,10,15,38837100,3666,20391360,1923,11786
989,3,0,9,16,38843160,3665,20391360,1922,11789
990,6,0,9,16,38864880,3665,20391360,1921,11795
991,6,0,11,14,38870700,3664,20391360,1920,11801
992,5,0,12,13,38886480,3665,20391360,1919,11806
993,9,0,16,9,38899200,3664,20391360,1918,11815
994,12,0,18,7,38941560,3665,20391360,1915,11827
995,12,0,18,7,38975700,3664,20391360,1913,11839
996,8,0,16,9,39020160,3664,20391360,1912,11847
997,9,0,13,12,39067680,3665,20391360,1910,11856
998,9,0,16,9,39090600,3665,20391360,1909,11865
999,10,0,16,9,39120660,3664,20391360,1907,11875
1000,8,0,16,9,39156540,3665,20391360,1905,11883
1001,3,0,12,13,39191460,3666,20391360,1905,11886
1002,9,0,13,12,39218820,3665,20391360,1903,11895
1003,6,0,15,10,39240960,3666,20391360,1902,11901
1004,4,0,12,13,39269760,3666,20391360,1902,11905
1005,7,0,13,12,39296400,3667,20391360,1900,11912
1006,7,0,15,10,39309600,3666,20391360,1899,11919
1007,5,0,10,15,39347940,3667,20391360,1898,11924
1008,7,0,10,15,39372360,3666,20391360,1897,11931
1009,3,0,7,18,39392580,3666,20391360,1896,11934
1010,2,0,7,18,39396540,3666,20391360,1896,11936
1011,20,0,20,5,39405300,3664,20391360,1892,11956
1012,23,0,22,3,39447900,3661,20391360,1888,11979
1013,38,9,25,0,39510540,3658,20397060,1883,12017
1014,31,25,25,0,39565500,3658,20410440,1879,12048
1015,30,39,25,0,39633900,3659,20422320,1874,12078
1016,29,40,25,0,39696720,3661,20438880,1874,12107
1017,31,39,25,0,39766260,3661,20474520,1874,12138
1018,22,39,25,0,39834360,3662,20545500,1878,12160
1019,19,33,25,0,39904500,3662,20705760,1890,12179
1020,29,33,25,0,39987540,3660,20859060,1899,12208
1021,30,38,25,0,40028340,3660,20874840,1897,12238
1022,25,38,25,0,40099620,3661,20900880,1897,12263
1023,39,39,25,0,40179540,3662,20932980,1897,12302
1024,25,40,25,0,40226160,3660,21018900,1901,12327
1025,28,39,25,0,40316220,3660,21073800,1902,12355
1026,35,37,25,0,40385280,3660,21138120,1905,12390
1027,36,38,25,0,40452480,3659,21194400,1906,12426
1028,34,40,25,0,40501020,3660,21206220,1905,12460
1029,30,40,25,0,40576080,3660,21250080,1906,12490
1030,29,40,25,0,40645380,3661,21267180,1905,12519
1031,31,40,25,0,40709160,3661,21294600,1904,12550
1032,38,36,25,0,40788060,3662,21366480,1908,12588
1033,39,40,25,0,40869660,3660,21577080,1921,12627
1034,29,39,25,0,40921560,3661,21585240,1920,12656
1035,31,40,25,0,40992180,3664,21595020,1919,12687
1036,40,40,25,0,41054160,3664,21630840,1919,12727
1037,24,35,25,0,41143680,3665,21786360,1930,12751
1038,31,40,25,0,41201280,3666,21796140,1928,12782
1039,33,40,25,0,41255700,3667,21827040,1929,12815
1040,32,40,25,0,41328420,3670,21833040,1927,12847
1041,28,35,25,0,41416440,3671,21940500,1934,12875
1042,37,37,25,0,41486640,3671,21963600,1932,12912
1043,32,38,25,0,41552100,3669,21990660,1931,12944
1044,39,40,25,0,41616240,3669,22023960,1931,12983
1045,39,39,25,0,41664480,3669,22136640,1938,13022
1046,32,34,25,0,41767440,3666,22787640,1990,13054
1047,27,40,25,0,41815320,3666,22795260,1987,13081
1048,40,40,25,0,41886420,3667,22807980,1986,13121
1049,38,40,25,0,41955420,3668,22853100,1987,13159
1050,27,40,25,0,41994480,3668,22857000,1985,13186
1051,26,37,25,0,42097920,3668,23036220,1996,13212
1052,27,39,25,0,42163140,3666,23261340,2011,13239
1053,21,40,25,0,42220020,3667,23273880,2010,13260
1054,26,35,25,0,42318360,3667,23392860,2016,13286
1055,22,39,25,0,42355260,3664,23461560,2018,13308
1056,36,40,25,0,42437880,3665,23490780,2017,13344
1057,29,40,25,0,42483720,3665,23500260,2016,13373
1058,32,27,25,0,42573840,3663,24060120,2061,13405
1059,34,38,25,0,42646980,3662,24946440,2131,13439
1060,32,40,25,0,42683700,3663,24956100,2130,13471
1061,32,38,25,0,42759540,3664,24996180,2130,13503
1062,31,39,25,0,42847740,3666,25027260,2130,13534
1063,28,38,25,0,42928440,3665,25197000,2140,13562
1064,38,40,25,0,42965280,3665,25203600,2138,13600
1065,36,40,25,0,43054860,3667,25292340,2142,13636
1066,27,40,25,0,43110060,3666,25362840,2145,13663
1067,24,40,25,0,43186800,3667,25380900,2143,13687
1068,28,40,25,0,43255980,3668,25388400,2141,13715
1069,33,33,25,0,43336560,3669,25502220,2148,13748
1070,36,39,25,0,43400400,3668,25537920,2147,13784
1071,30,39,25,0,43456380,3668,25585980,2148,13814
1072,37,38,25,0,43524720,3669,25613820,2148,13851
1073,25,37,25,0,43610280,3669,25698180,2151,13876
1074,36,39,25,0,43671720,3669,25750860,2152,13912
1075,39,40,25,0,43738800,3667,25799460,2151,13951
1076,31,40,25,0,43805940,3668,25809480,2149,13982
1077,37,39,25,0,43865640,3667,25868100,2151,14019
1078,15,26,25,0,43936800,3665,26717640,2219,14034
1079,25,16,25,0,44013840,3661,28137540,2332,14059
1080,36,36,25,0,44077140,3661,28159320,2327,14095
1081,40,40,25,0,44131800,3662,28171320,2325,14135
1082,33,39,25,0,44189100,3664,28195560,2325,14168
1083,24,36,25,0,44294220,3666,28295160,2330,14192
1084,29,40,25,0,44343240,3665,28299300,2326,14221
1085,24,37,25,0,44421360,3664,28379220,2329,14245
1086,31,40,25,0,44477100,3665,28390080,2327,14276
1087,31,31,25,0,44555580,3664,28593900,2341,14307
1088,34,39,25,0,44633340,3665,28603320,2336,14341
1089,24,40,25,0,44668140,3665,28611840,2335,14365
1090,28,33,25,0,44786280,3665,28819620,2347,14393
1091,33,38,25,0,44828280,3662,28975440,2355,14426
1092,28,38,25,0,44879880,3661,28997640,2353,14454
1093,27,36,25,0,44986920,3661,29112720,2358,14481
1094,42,40,25,0,45018360,3661,29119380,2355,14523
1095,29,35,25,0,45106380,3661,29194980,2358,14552
1096,29,40,25,0,45171240,3661,29250120,2358,14581
1097,33,37,25,0,45241740,3662,29321460,2361,14614
1098,25,34,25,0,45302940,3659,29862240,2400,14639
1099,26,39,25,0,45382860,3660,29875500,2397,14665
1100,33,36,25,0,45452700,3661,29920320,2398,14698
1101,25,39,25,0,45505140,3661,29959740,2398,14723
1102,34,40,25,0,45582420,3660,30026460,2399,14757
1103,39,40,25,0,45646860,3659,30049200,2396,14796
1104,36,39,25,0,45709320,3659,30068880,2395,14832
1105,30,40,25,0,45768960,3660,30077700,2393,14862
1106,25,40,25,0,45858900,3661,30179340,2397,14887
1107,32,40,25,0,45935820,3659,30229740,2395,14919
1108,32,40,25,0,45977520,3659,30238320,2394,14951
1109,35,40,25,0,46045260,3659,30250080,2391,14986
1110,31,38,25,0,46133280,3659,30354300,2396,15017
1111,35,38,25,0,46209300,3659,30365220,2392,15052
1112,32,37,25,0,46275840,3657,30512040,2400,15084
1113,30,39,25,0,46328580,3657,30621480,2405,15114
1114,32,40,25,0,46402380,3657,30728400,2410,15146
1115,27,37,25,0,46476060,3657,30753900,2408,15173
1116,26,33,25,0,46551960,3656,30846180,2411,15199
1117,34,40,25,0,46607220,3652,31039500,2420,15233
1118,29,33,25,0,46699920,3653,31220040,2431,15262
1119,36,40,25,0,46741620,3651,31247220,2429,15298
1120,28,40,25,0,46804020,3651,31280520,2428,15326
1121,37,40,25,0,46869060,3652,31285920,2426,15363
1122,34,39,25,0,46952400,3652,31343220,2426,15397
1123,30,38,25,0,47012820,3651,31378620,2425,15427
1124,30,38,25,0,47095200,3649,31570260,2435,15457
1125,28,40,25,0,47131620,3650,31575960,2433,15485
1126,34,36,25,0,47227560,3651,31674720,2438,15519
1127,29,39,25,0,47295720,3651,31707780,2436,15548
1128,31,37,25,0,47362740,3651,31719600,2433,15579
1129,29,39,25,0,47411400,3651,31764180,2434,15608
1130,36,40,25,0,47494140,3651,31790340,2432,15644
1131,27,38,25,0,47576220,3651,31856820,2433,15671
1132,31,38,25,0,47628180,3649,31880580,2431,15702
1133,36,39,25,0,47684280,3649,31902900,2430,15738
1134,28,40,25,0,47780880,3650,32025480,2435,15766
1135,18,37,25,0,47832480,3649,32094660,2437,15784
1136,27,36,25,0,47914440,3649,32177640,2439,15811
1137,33,39,25,0,47966400,3649,32192280,2437,15844
1138,36,40,25,0,48043440,3649,32223720,2436,15880
1139,32,40,25,0,48108840,3649,32249520,2435,15912
1140,27,40,25,0,48169020,3648,32320500,2436,15939
1141,38,40,25,0,48248040,3648,32371200,2436,15977
1142,29,38,25,0,48328500,3649,32435400,2437,16006
1143,38,38,25,0,48389760,3647,32497140,2438,16044
1144,31,40,25,0,48448440,3646,32601000,2441,16075
1145,29,40,25,0,48497280,3645,32682840,2444,16104
1146,33,36,25,0,48601740,3645,32773020,2447,16137
1147,42,39,25,0,48671880,3644,32781840,2443,16179
1148,31,40,25,0,48731940,3642,32866260,2444,16210
1149,32,37,25,0,48788400,3641,32888760,2443,16242
1150,32,40,25,0,48846600,3641,32895420,2440,16274
1151,24,35,25,0,48928620,3643,32982360,2445,16298
1152,33,37,25,0,49000500,3643,33037140,2445,16331
1153,32,39,25,0,49074240,3644,33061440,2443,16363
1154,35,39,25,0,49129560,3643,33223560,2452,16398
1155,32,40,25,0,49198560,3644,33234300,2450,16430
1156,25,39,25,0,49270800,3644,33280860,2450,16455
1157,29,36,25,0,49335900,3645,33317820,2450,16484
1158,35,40,25,0,49412940,3645,33501480,2459,16519
1159,34,40,25,0,49464480,3645,33551940,2460,16553
1160,41,39,25,0,49541040,3645,33612120,2461,16594
1161,31,38,25,0,49632180,3643,33675840,2461,16625
1162,27,36,25,0,49680900,3643,33697500,2460,16652
1163,29,40,25,0,49736100,3643,33712140,2458,16681
1164,33,40,25,0,49810140,3645,33764640,2460,16714
1165,29,30,25,0,49913580,3644,35315160,2568,16743
1166,32,40,25,0,49946220,3642,35560560,2581,16775
1167,24,39,25,0,50019240,3643,35575020,2579,16799
1168,42,40,25,0,50107620,3644,35658960,2581,16841
1169,24,38,25,0,50165640,3642,35720820,2581,16865
1170,28,39,25,0,50224560,3642,35731380,2579,16893
1171,25,32,25,0,50298960,3643,35951100,2593,16918
1172,35,39,25,0,50364000,3642,36104340,2599,16953
1173,28,40,25,0,50431980,3643,36152700,2599,16981
1174,26,37,25,0,50509380,3643,36208860,2600,17007
1175,22,40,25,0,50559240,3643,36227460,2598,17029
1176,18,32,25,0,50629440,3643,36423480,2610,17047
1177,7,5,25,0,50719140,3640,41853900,2997,17054
1178,5,0,10,15,50785380,3638,42646560,3053,17059
1179,5,0,10,15,50809080,3639,42646560,3052,17064
1180,7,0,15,10,50816280,3639,42646560,3050,17071
1181,6,0,13,12,50842860,3639,42646560,3049,17077
1182,12,0,17,8,50874660,3639,42646560,3047,17089
1183,3,0,11,14,50900760,3638,42646560,3046,17092
1184,10,0,14,11,50933880,3639,42646560,3044,17102
1185,6,0,11,14,50954160,3638,42646560,3042,17108
1186,6,0,10,15,50992920,3639,42646560,3041,17114
1187,2,0,10,15,50999880,3639,42646560,3041,17116
1188,3,0,8,17,51012600,3639,42646560,3040,17119
1189,4,0,9,16,51025680,3639,42646560,3039,17123
1190,7,0,14,11,51027960,3638,42646560,3038,17130
1191,9,0,12,13,51054360,3637,42646560,3036,17139
1192,10,0,12,13,51079800,3637,42646560,3034,17149
1193,10,0,17,8,51100860,3637,42646560,3031,17159
1194,5,0,12,13,51137760,3637,42646560,3030,17164
1195,14,0,17,8,51169140,3637,42646560,3027,17178
1196,7,0,14,11,51206460,3637,42646560,3026,17185
1197,4,0,12,13,51228540,3637,42646560,3025,17189
1198,5,0,10,15,51261360,3637,42646560,3024,17194
1199,6,0,10,15,51283020,3637,42646560,3023,17200
1200,5,0,10,15,51297360,3637,42646560,3022,17205
1201,7,0,13,12,51306540,3637,42646560,3020,17212
1202,2,0,14,11,51314520,3637,42646560,3020,17214
1203,2,0,9,16,51351900,3638,42646560,3019,17216
1204,9,0,16,9,51362760,3638,42646560,3017,17225
1205,3,0,12,13,51388740,3638,42646560,3017,17228
1206,7,0,11,14,51421140,3638,42646560,3015,17235
1207,9,0,14,11,51440100,3638,42646560,3013,17244
1208,9,0,14,11,51472620,3638,42646560,3011,17253
1209,9,0,16,9,51498600,3638,42646560,3009,17262
1210,6,0,11,14,51540900,3638,42646560,3008,17268
1211,15,0,15,10,51568800,3638,42646560,3005,17283
1212,11,0,20,5,51585780,3637,42646560,3003,17294
1213,12,0,19,6,51626760,3637,42646560,3000,17306
1214,9,0,16,9,51676860,3637,42646560,2998,17315
1215,11,0,16,9,51709440,3637,42646560,2996,17326
1216,9,0,15,10,51736860,3636,42646560,2994,17335
1217,8,0,16,9,51761100,3636,42646560,2992,17343
1218,6,0,14,11,51790440,3636,42646560,2991,17349
1219,12,0,15,10,51842880,3637,42646560,2988,17361
1220,6,0,12,13,51863400,3636,42646560,2987,17367
1221,10,0,15,10,51887100,3636,42646560,2985,17377
1222,7,0,13,12,51908460,3635,42646560,2984,17384
1223,4,0,11,14,51934800,3635,42646560,2983,17388
1224,4,0,10,15,51958740,3636,42646560,2982,17392
1225,3,0,10,15,51975480,3636,42646560,2981,17395
1226,7,0,14,11,51982680,3636,42646560,2980,17402
1227,6,0,11,14,52008660,3635,42646560,2979,17408
1228,8,0,13,12,52028220,3635,42646560,2977,17416
1229,6,0,14,11,52044060,3635,42646560,2976,17422
1230,13,0,19,6,52069380,3635,42646560,2973,17435
1231,11,0,21,4,52104360,3635,42646560,2971,17446
1232,6,0,18,7,52147980,3636,42646560,2970,17452
1233,10,0,14,11,52217520,3637,42646560,2967,17462
1234,7,0,13,12,52244580,3637,42646560,2966,17469
1235,15,0,19,6,52270320,3636,42646560,2963,17484
1236,10,0,19,6,52299600,3636,42646560,2961,17494
1237,10,0,15,10,52353360,3636,42646560,2959,17504
1238,11,0,17,8,52405020,3637,42646560,2957,17515
1239,8,0,13,12,52446720,3637,42646560,2955,17523
1240,10,0,16,9,52471020,3637,42646560,2953,17533
1241,6,0,12,13,52493460,3636,42646560,2952,17539
1242,9,0,14,11,52524900,3637,42646560,2950,17548
1243,8,0,12,13,52565160,3637,42646560,2948,17556
1244,9,0,19,6,52574100,3637,42646560,2946,17565
1245,5,0,10,15,52629600,3637,42646560,2945,17570
1246,8,0,13,12,52661400,3638,42646560,2944,17578
1247,4,0,12,13,52678260,3638,42646560,2943,17582
1248,6,0,14,11,52691820,3638,42646560,2942,17588
1249,9,0,15,10,52726140,3639,42646560,2940,17597
1250,6,0,13,12,52757520,3639,42646560,2939,17603
1251,4,0,12,13,52771800,3638,42646560,2938,17607
1252,5,0,9,16,52800780,3638,42646560,2937,17612
1253,2,0,10,15,52803720,3638,42646560,2936,17614
1254,9,0,15,10,52814760,3638,42646560,2935,17623
1255,6,0,14,11,52838700,3638,42646560,2933,17629
1256,7,0,11,14,52872060,3638,42646560,2932,17636
1257,7,0,13,12,52900500,3639,42646560,2931,17643
1258,5,0,10,15,52923480,3638,42646560,2930,17648
1259,13,0,18,7,52935060,3638,42646560,2927,17661
1260,13,0,23,2,52969200,3638,42646560,2924,17674
1261,11,0,17,8,53026080,3638,42646560,2922,17685
1262,5,0,11,14,53083200,3639,42646560,2921,17690
1263,10,0,16,9,53101500,3639,42646560,2919,17700
1264,8,0,17,8,53124300,3639,42646560,2917,17708
1265,5,0,12,13,53170020,3639,42646560,2917,17713
1266,10,0,14,11,53200920,3639,42646560,2915,17723
1267,7,0,14,11,53228940,3640,42646560,2913,17730
1268,8,0,17,8,53247300,3640,42646560,2912,17738
1269,3,0,13,12,53275860,3640,42646560,2911,17741
1270,6,0,11,14,53320140,3641,42646560,2910,17747
1271,4,0,11,14,53331600,3641,42646560,2909,17751
1272,5,0,12,13,53349300,3641,42646560,2908,17756
1273,3,0,12,13,53358780,3641,42646560,2907,17759
1274,5,0,11,14,53389140,3641,42646560,2906,17764
1275,5,0,11,14,53411040,3642,42646560,2905,17769
1276,12,0,16,9,53425140,3641,42646560,2903,17781
1277,10,0,17,8,53453460,3640,42646560,2901,17791
1278,6,0,15,10,53482560,3640,42646560,2900,17797
1279,7,0,13,12,53525400,3641,42646560,2898,17804
1280,6,0,12,13,53556540,3642,42646560,2897,17810
1281,11,0,14,11,53586660,3641,42646560,2895,17821
1282,3,0,10,15,53612040,3641,42646560,2895,17824
1283,9,0,11,14,53640180,3641,42646560,2893,17833
1284,11,0,16,9,53654940,3641,42646560,2891,17844
1285,13,0,20,5,53681340,3640,42646560,2888,17857
1286,8,0,16,9,53729280,3641,42646560,2886,17865
1287,10,0,18,7,53758380,3641,42646560,2885,17875
1288,9,0,16,9,53808600,3641,42646560,2883,17884
1289,12,0,22,3,53829840,3641,42646560,2880,17896
1290,15,2,25,0,53871960,3642,42647640,2878,17911
1291,6,0,14,11,53961840,3643,42650040,2877,17917
1292,1,0,8,17,53990040,3643,42650040,2876,17918
1293,9,0,15,10,53998500,3643,42650040,2875,17927
1294,7,0,16,9,54011760,3643,42650040,2873,17934
1295,6,0,11,14,54054600,3643,42650040,2872,17940
1296,1,0,6,19,54079920,3643,42650040,2872,17941
1297,5,0,10,15,54081660,3643,42650040,2871,17946
1298,5,0,11,14,54093000,3643,42650040,2870,17951
1299,4,0,11,14,54108540,3643,42650040,2869,17955
1300,6,0,13,12,54126300,3643,42650040,2868,17961
1301,9,0,15,10,54156840,3643,42650040,2866,17970
1302,7,0,17,8,54175200,3643,42650040,2865,17977
1303,16,0,25,0,54212040,3644,42650040,2862,17993
1304,10,0,20,5,54270600,3644,42650040,2860,18003
1305,8,0,17,8,54318240,3645,42650040,2858,18011
1306,6,0,17,8,54350580,3645,42650040,2857,18017
1307,7,0,15,10,54389700,3646,42650040,2856,18024
1308,9,0,16,9,54426720,3646,42650040,2854,18033
1309,10,0,16,9,54458460,3646,42650040,2852,18043
1310,7,0,13,12,54514920,3647,42650040,2851,18050
1311,8,0,13,12,54544260,3647,42650040,2849,18058
1312,10,0,18,7,54561060,3647,42650040,2848,18068
1313,9,0,17,8,54603120,3648,42650040,2846,18077
1314,6,0,16,9,54641580,3649,42650040,2845,18083
1315,8,0,18,7,54666300,3649,42650040,2843,18091
1316,8,0,16,9,54718200,3650,42650040,2842,18099
1317,8,0,12,13,54763800,3650,42650040,2840,18107
1318,4,0,10,15,54785460,3650,42650040,2839,18111
1319,5,0,11,14,54803220,3650,42650040,2838,18116
1320,6,0,10,15,54816480,3649,42650040,2837,18122
1321,6,0,10,15,54838740,3649,42650040,2836,18128
1322,7,0,15,10,54846540,3649,42650040,2835,18135
1323,7,0,11,14,54873060,3648,42650040,2834,18142
1324,7,0,12,13,54898020,3649,42650040,2832,18149
1325,6,0,13,12,54914220,3649,42650040,2831,18155
1326,10,0,16,9,54928800,3648,42650040,2829,18165
1327,8,0,17,8,54960900,3648,42650040,2828,18173
1328,13,0,19,6,55001280,3648,42650040,2825,18186
1329,13,0,18,7,55043280,3648,42650040,2823,18199
1330,10,0,15,10,55077360,3647,42650040,2821,18209
1331,14,0,19,6,55115040,3647,42650040,2818,18223
1332,8,0,14,11,55149660,3646,42650040,2817,18231
1333,9,0,13,12,55182780,3646,42650040,2815,18240
1334,11,0,14,11,55212600,3645,42650040,2813,18251
1335,14,0,23,2,55228920,3645,42650040,2811,18265
1336,11,0,16,9,55290000,3645,42650040,2809,18276
1337,13,0,19,6,55323960,3645,42650040,2806,18289
1338,9,0,19,6,55363380,3645,42650040,2805,18298
1339,7,0,15,10,55404060,3645,42650040,2803,18305
1340,5,0,14,11,55449420,3647,42650040,2802,18310
1341,4,0,12,13,55475760,3647,42650040,2802,18314
1342,5,0,12,13,55496100,3647,42650040,2801,18319
1343,9,0,13,12,55521780,3647,42650040,2799,18328
1344,7,0,11,14,55550940,3647,42650040,2798,18335
1345,2,0,11,14,55556400,3647,42650040,2797,18337
1346,9,0,18,7,55563660,3647,42650040,2796,18346
1347,5,0,18,7,55575240,3646,42650040,2795,18351
1348,4,0,15,10,55601160,3646,42650040,2794,18355
1349,3,0,11,14,55624860,3646,42650040,2793,18358
1350,3,0,11,14,55631580,3646,42650040,2793,18361
1351,5,0,13,12,55638240,3646,42650040,2792,18366
1352,8,0,16,9,55644240,3645,42650040,2791,18374
1353,10,0,19,6,55661580,3644,42650040,2789,18384
1354,14,0,23,2,55686600,3643,42650040,2786,18398
1355,17,5,25,0,55726260,3644,42653460,2783,18415
1356,12,8,25,0,55772700,3645,42663420,2782,18427
1357,10,0,23,2,55850040,3645,42702780,2783,18437
1358,15,0,24,1,55889220,3644,42702780,2780,18452
1359,9,0,25,0,55912140,3644,42703020,2778,18461
1360,8,0,19,6,55981800,3645,42703020,2777,18469
1361,12,0,22,3,56003340,3644,42703080,2775,18481
1362,13,0,21,4,56058420,3644,42703080,2772,18494
1363,8,0,20,5,56083200,3644,42703080,2771,18502
1364,4,0,17,8,56115420,3644,42703080,2770,18506
1365,10,0,20,5,56145540,3645,42703080,2768,18516
1366,6,0,20,5,56173440,3645,42703080,2767,18522
1367,9,0,20,5,56212740,3645,42703080,2766,18531
1368,10,0,18,7,56252700,3645,42703080,2764,18541
1369,10,0,21,4,56288400,3646,42703080,2762,18551
1370,5,0,19,6,56313900,3646,42703080,2761,18556
1371,8,0,19,6,56351040,3646,42703080,2760,18564
1372,7,0,18,7,56391960,3647,42703080,2758,18571
1373,7,0,18,7,56416320,3647,42703080,2757,18578
1374,10,0,16,9,56457060,3647,42703080,2755,18588
1375,9,0,17,8,56480940,3646,42703080,2754,18597
1376,12,0,21,4,56499660,3646,42703080,2752,18609
1377,11,0,23,2,56526300,3645,42703440,2750,18620
1378,11,0,20,5,56593140,3646,42703440,2748,18631
1379,11,0,21,4,56618220,3646,42703440,2746,18642
1380,15,0,25,0,56661540,3646,42704700,2743,18657
1381,7,0,18,7,56714700,3646,42705360,2742,18664
1382,4,0,15,10,56748840,3647,42705360,2741,18668
1383,13,0,20,5,56759760,3645,42705360,2739,18681
1384,3,0,15,10,56796660,3646,42705360,2739,18684
1385,12,0,19,6,56815560,3645,42705360,2736,18696
1386,5,0,19,6,56833500,3645,42705360,2736,18701
1387,7,0,15,10,56871900,3645,42705360,2734,18708
1388,7,0,15,10,56896920,3645,42705360,2733,18715
1389,6,0,14,11,56902920,3644,42705360,2732,18721
1390,9,0,18,7,56919780,3644,42705360,2731,18730
1391,4,0,15,10,56937000,3643,42705360,2730,18734
1392,9,0,20,5,56949000,3643,42705360,2728,18743
1393,5,0,15,10,56985540,3643,42705360,2727,18748
1394,5,0,14,11,57003900,3643,42705360,2727,18753
1395,3,0,14,11,57017880,3643,42705360,2726,18756
1396,4,0,14,11,57032400,3643,42705360,2725,18760
1397,6,0,15,10,57052920,3643,42705360,2724,18766
1398,5,0,13,12,57064980,3642,42705360,2723,18771
1399,11,0,19,6,57078900,3642,42705360,2721,18782
1400,9,0,17,8,57103860,3641,42705360,2720,18791
1401,7,0,17,8,57127140,3641,42705360,2719,18798
1402,10,0,19,6,57158340,3641,42705360,2717,18808
1403,6,0,15,10,57178200,3640,42705360,2716,18814
1404,13,0,20,5,57213420,3640,42705360,2714,18827
1405,10,0,23,2,57230100,3640,42705360,2712,18837
1406,8,0,17,8,57287460,3640,42705360,2711,18845
1407,15,0,25,0,57312180,3640,42705360,2708,18860
1408,6,0,19,6,57352920,3640,42705420,2707,18866
1409,6,0,16,9,57393600,3641,42705420,2706,18872
1410,8,0,17,8,57415200,3640,42705420,2705,18880
1411,7,0,17,8,57431400,3640,42705420,2703,18887
1412,10,0,22,3,57459300,3640,42705420,2702,18897
1413,3,0,16,9,57500640,3641,42705420,2701,18900
1414,5,0,12,13,57540180,3641,42705420,2700,18905
1415,7,0,16,9,57549300,3641,42705420,2699,18912
1416,7,0,16,9,57567960,3641,42705420,2698,18919
1417,5,0,13,12,57595920,3641,42705420,2697,18924
1418,2,0,10,15,57608160,3640,42705420,2697,18926
1419,4,0,11,14,57611280,3640,42705420,2696,18930
1420,7,0,17,8,57614100,3640,42705420,2695,18937
1421,5,0,17,8,57633300,3640,42705420,2694,18942
1422,10,0,18,7,57662760,3640,42705420,2692,18952
1423,19,2,25,0,57683640,3639,42705420,2689,18971
1424,8,0,22,3,57723300,3638,42707100,2688,18979
1425,6,0,15,10,57789360,3639,42707100,2687,18985
1426,7,0,16,9,57801240,3639,42707100,2686,18992
1427,8,0,19,6,57822300,3639,42707100,2684,19000
1428,11,0,23,2,57843840,3639,42707100,2682,19011
1429,10,0,24,1,57878400,3639,42707100,2681,19021
1430,8,0,19,6,57940320,3640,42707220,2679,19029
1431,10,0,22,3,57976740,3640,42707220,2678,19039
1432,11,0,17,8,58030920,3640,42707220,2676,19050
1433,4,0,14,11,58051860,3640,42707220,2675,19054
1434,9,0,17,8,58062600,3639,42707220,2674,19063
1435,7,0,16,9,58089480,3639,42707220,2673,19070
1436,3,0,14,11,58117440,3640,42707220,2672,19073
1437,7,0,18,7,58123440,3639,42707220,2671,19080
1438,6,0,17,8,58151100,3639,42707220,2670,19086
1439,5,0,16,9,58170720,3639,42707220,2669,19091
1440,6,0,15,10,58194780,3639,42707220,2668,19097
1441,5,0,14,11,58215660,3639,42707220,2667,19102
1442,7,0,15,10,58234020,3639,42707220,2666,19109
1443,5,0,16,9,58246680,3639,42707220,2665,19114
1444,5,0,15,10,58273920,3639,42707220,2664,19119
1445,8,0,16,9,58287120,3638,42707220,2663,19127
1446,4,0,15,10,58311360,3639,42707220,2662,19131
1447,15,0,20,5,58338840,3638,42707220,2660,19146
1448,5,0,16,9,58364100,3638,42707220,2659,19151
1449,4,0,14,11,58390380,3638,42707220,2658,19155
1450,11,0,18,7,58399500,3637,42707220,2657,19166
1451,15,0,18,7,58452480,3637,42707220,2654,19181
1452,14,0,23,2,58477920,3636,42707220,2652,19195
1453,10,0,25,0,58510620,3637,42710520,2650,19205
1454,10,0,23,2,58558380,3637,42710520,2649,19215
1455,5,0,16,9,58612680,3638,42710520,2648,19220
1456,10,0,21,4,58632840,3638,42710520,2646,19230
1457,11,0,21,4,58673460,3638,42710520,2644,19241
1458,6,0,17,8,58712220,3638,42710520,2643,19247
1459,8,0,16,9,58735800,3637,42710520,2642,19255
1460,4,0,16,9,58748580,3637,42710520,2641,19259
1461,5,0,17,8,58768380,3638,42710520,2641,19264
1462,9,0,18,7,58797720,3638,42710520,2639,19273
1463,6,0,15,10,58835580,3638,42710520,2638,19279
1464,5,0,14,11,58859460,3638,42710520,2637,19284
1465,3,0,12,13,58877040,3638,42710520,2637,19287
1466,7,0,15,10,58884840,3638,42710520,2636,19294
1467,6,0,15,10,58899360,3637,42710520,2635,19300
1468,10,0,20,5,58915740,3637,42710520,2633,19310
1469,4,0,19,6,58933920,3637,42710520,2633,19314
1470,5,0,16,9,58960560,3637,42710520,2632,19319
1471,7,0,17,8,58998420,3638,42710520,2631,19326
1472,9,0,20,5,59014740,3637,42710520,2629,19335
1473,10,0,18,7,59061060,3638,42710520,2628,19345
1474,9,0,18,7,59095980,3638,42710520,2626,19354
1475,8,0,20,5,59126340,3638,42710520,2625,19362
1476,10,0,21,4,59162700,3638,42710520,2623,19372
1477,13,0,21,4,59202960,3638,42710520,2621,19385
1478,9,0,18,7,59245200,3638,42710520,2620,19394
1479,13,0,24,1,59258820,3637,42710520,2618,19407
1480,5,0,17,8,59300700,3637,42710520,2617,19412
1481,11,0,16,9,59349900,3637,42710520,2615,19423
1482,10,0,19,6,59369820,3637,42710520,2613,19433
1483,9,0,20,5,59398080,3637,42710520,2612,19442
1484,10,0,18,7,59444460,3637,42710520,2610,19452
1485,5,0,19,6,59459400,3637,42710520,2610,19457
1486,7,0,19,6,59486400,3637,42710520,2608,19464
1487,7,0,17,8,59522280,3638,42710520,2607,19471
1488,4,0,14,11,59544000,3637,42710520,2607,19475
1489,3,0,14,11,59559840,3638,42710520,2606,19478
1490,9,0,17,8,59580300,3638,42710520,2605,19487
1491,6,0,19,6,59595360,3638,42710520,2604,19493
1492,2,0,12,13,59627880,3638,42710520,2603,19495
1493,9,0,19,6,59638920,3638,42710520,2602,19504
1494,2,0,17,8,59652120,3638,42710520,2602,19506
1495,5,0,13,12,59699700,3639,42710520,2601,19511
1496,10,0,18,7,59712780,3638,42710520,2599,19521
1497,8,0,15,10,59736900,3637,42710520,2598,19529
1498,5,0,16,9,59757540,3638,42710520,2597,19534
1499,10,0,21,4,59770320,3637,42710520,2596,19544
1500,10,0,21,4,59798580,3637,42710520,2594,19554
1501,12,0,24,1,59827800,3637,42710520,2592,19566
1502,10,0,21,4,59876580,3637,42710520,2591,19576
1503,9,0,20,5,59922540,3637,42710520,2589,19585
1504,9,0,22,3,59956800,3638,42710520,2588,19594
1505,12,0,23,2,59992920,3638,42710520,2586,19606
1506,10,0,20,5,60039480,3638,42710580,2584,19616
1507,12,0,24,1,60071460,3638,42710580,2583,19628
1508,10,0,23,2,60122040,3638,42711180,2581,19638
1509,5,0,18,7,60164280,3639,42711180,2580,19643
1510,5,0,16,9,60192960,3639,42711180,2579,19648
1511,5,0,15,10,60216540,3639,42711180,2579,19653
1512,9,0,20,5,60229260,3639,42711180,2577,19662
1513,7,0,19,6,60263280,3639,42711180,2576,19669
1514,1,0,16,9,60288660,3640,42711180,2576,19670
1515,5,0,15,10,60327780,3641,42711180,2575,19675
1516,8,0,18,7,60345300,3641,42711180,2574,19683
1517,6,0,17,8,60375000,3641,42711180,2573,19689
1518,3,0,15,10,60395940,3641,42711180,2573,19692
1519,9,0,17,8,60424380,3641,42711180,2571,19701
1520,7,0,18,7,60436320,3641,42711180,2570,19708
1521,10,0,22,3,60460860,3641,42711180,2569,19718
1522,12,0,23,2,60513480,3642,42711180,2567,19730
1523,3,0,21,4,60531180,3642,42711180,2566,19733
1524,15,0,24,1,60585180,3642,42711180,2564,19748
1525,15,0,25,0,60637260,3642,42711180,2562,19763
1526,13,1,25,0,60674700,3642,42711840,2560,19776
1527,19,5,25,0,60720120,3642,42717060,2557,19795
1528,9,0,23,2,60788340,3642,42734040,2557,19804
1529,7,0,14,11,60843660,3642,42734040,2556,19811
1530,11,0,20,5,60860640,3642,42734040,2554,19822
1531,4,0,13,12,60895380,3642,42734040,2553,19826
1532,7,0,17,8,60905760,3642,42734040,2552,19833
1533,6,0,15,10,60930420,3641,42734040,2551,19839
1534,5,0,16,9,60949140,3642,42734040,2551,19844
1535,7,0,18,7,60966180,3641,42734040,2550,19851
1536,4,0,13,12,60990180,3641,42734040,2549,19855
1537,4,0,13,12,61013400,3641,42734040,2548,19859
1538,5,0,14,11,61023240,3641,42734040,2548,19864
1539,3,0,14,11,61031400,3641,42734040,2547,19867
1540,6,0,16,9,61051800,3641,42734040,2546,19873
1541,6,0,15,10,61070520,3641,42734040,2545,19879
1542,3,0,14,11,61090680,3641,42734040,2545,19882
1543,8,0,16,9,61105860,3641,42734040,2544,19890
1544,5,0,17,8,61118580,3641,42734040,2543,19895
1545,9,0,18,7,61156920,3641,42734040,2542,19904
1546,7,0,18,7,61186800,3642,42734040,2540,19911
1547,10,0,20,5,61213500,3641,42734040,2539,19921
1548,7,0,17,8,61256040,3642,42734040,2538,19928
1549,11,0,21,4,61278300,3642,42734040,2536,19939
1550,15,0,21,4,61331220,3641,42734100,2534,19954
1551,10,0,18,7,61373820,3641,42734100,2532,19964
1552,9,0,22,3,61389600,3641,42734100,2531,19973
1553,4,0,13,12,61444500,3642,42734100,2531,19977
1554,6,0,17,8,61445580,3641,42734100,2530,19983
1555,4,0,13,12,61474200,3641,42734100,2529,19987
1556,6,0,19,6,61474200,3641,42734100,2528,19993
1557,11,0,17,8,61513380,3641,42734100,2527,20004
1558,5,0,17,8,61532040,3641,42734100,2526,20009
1559,10,0,18,7,61571460,3641,42734100,2524,20019
1560,7,0,15,10,61591140,3640,42734100,2523,20026
1561,5,0,14,11,61610220,3640,42734100,2522,20031
1562,6,0,16,9,61619520,3640,42734100,2522,20037
1563,7,0,16,9,61661580,3641,42734100,2521,20044
1564,3,0,15,10,61680000,3641,42734100,2520,20047
1565,5,0,14,11,61704360,3641,42734100,2519,20052
1566,2,0,14,11,61715100,3641,42734100,2519,20054
1567,4,0,12,13,61733640,3641,42734100,2518,20058
1568,8,0,18,7,61737300,3641,42734100,2517,20066
1569,5,0,16,9,61763700,3641,42734100,2517,20071
1570,7,0,17,8,61775760,3640,42734100,2515,20078
1571,9,0,22,3,61799400,3641,42734100,2514,20087
1572,14,0,24,1,61847340,3641,42734100,2512,20101
1573,11,0,24,1,61878780,3640,42736500,2511,20112
1574,9,0,19,6,61952040,3642,42736500,2509,20121
1575,8,0,18,7,61983120,3642,42736500,2508,20129
1576,12,0,22,3,62003460,3641,42736500,2506,20141
1577,7,0,18,7,62053800,3642,42736500,2505,20148
1578,8,0,18,7,62083860,3642,42736500,2504,20156
1579,9,0,19,6,62100300,3641,42736500,2503,20165
1580,8,0,20,5,62128380,3641,42736500,2502,20173
1581,7,0,17,8,62169360,3642,42736500,2501,20180
1582,9,0,20,5,62197620,3642,42736500,2499,20189
1583,9,0,23,2,62224860,3642,42736500,2498,20198
1584,4,0,16,9,62267940,3642,42736500,2497,20202
1585,4,0,14,11,62296740,3643,42736500,2497,20206
1586,7,0,14,11,62317860,3643,42736500,2496,20213
1587,1,0,11,14,62337840,3643,42736500,2496,20214
1588,5,0,15,10,62338380,3643,42736500,2495,20219
1589,5,0,16,9,62352240,3643,42736500,2494,20224
1590,8,0,17,8,62378040,3643,42736500,2493,20232
1591,4,0,15,10,62394720,3642,42736500,2492,20236
1592,11,0,18,7,62412840,3642,42736500,2491,20247
1593,10,0,21,4,62434140,3641,42736500,2489,20257
1594,1,0,14,11,62473260,3642,42736500,2489,20258
1595,6,0,13,12,62500620,3642,42736500,2488,20264
1596,8,0,16,9,62510880,3642,42736500,2487,20272
1597,9,0,21,4,62520420,3641,42736500,2486,20281
1598,9,0,20,5,62554920,3641,42736500,2485,20290
1599,8,0,19,6,62586720,3641,42736500,2483,20298
1600,7,0,19,6,62619000,3642,42736500,2482,20305
1601,9,0,17,8,62657640,3642,42736500,2481,20314
1602,5,0,13,12,62688960,3641,42736500,2480,20319
1603,7,0,17,8,62697960,3641,42736500,2479,20326
1604,8,0,22,3,62702520,3641,42736500,2478,20334
1605,4,0,16,9,62739120,3641,42736500,2478,20338
1606,5,0,14,11,62770080,3641,42736500,2477,20343
1607,7,0,16,9,62788320,3641,42736500,2476,20350
1608,2,0,13,12,62812020,3642,42736500,2476,20352
1609,8,0,16,9,62831220,3642,42736500,2475,20360
1610,5,0,13,12,62852520,3641,42736500,2474,20365
1611,4,0,13,12,62864400,3641,42736500,2473,20369
1612,6,0,15,10,62875740,3641,42736500,2472,20375
1613,6,0,12,13,62902200,3641,42736500,2472,20381
1614,10,0,20,5,62908980,3640,42736500,2470,20391
1615,10,0,23,2,62929440,3640,42736500,2469,20401
1616,7,0,18,7,62982300,3641,42736500,2468,20408
1617,12,0,21,4,63009180,3640,42736500,2466,20420
1618,11,0,22,3,63041700,3640,42736500,2464,20431
1619,8,0,23,2,63073920,3641,42736500,2463,20439
1620,14,0,25,0,63120300,3641,42736560,2461,20453
1621,17,0,23,2,63185160,3640,42738420,2459,20470
1622,9,0,16,9,63222660,3639,42738420,2458,20479
1623,11,0,18,7,63249300,3639,42738420,2456,20490
1624,8,0,16,9,63283440,3639,42738420,2455,20498
1625,2,0,13,12,63307560,3639,42738420,2455,20500
1626,7,0,16,9,63320760,3639,42738420,2454,20507
1627,11,0,19,6,63342600,3639,42738420,2452,20518
1628,9,0,17,8,63376980,3638,42738420,2451,20527
1629,9,0,20,5,63393240,3638,42738420,2450,20536
1630,7,0,18,7,63417300,3637,42738420,2449,20543
1631,6,0,17,8,63448980,3638,42738420,2448,20549
1632,6,0,19,6,63460920,3638,42738420,2447,20555
1633,1,0,15,10,63491340,3638,42738420,2447,20556
1634,7,0,16,9,63521520,3639,42738420,2446,20563
1635,3,0,15,10,63530340,3639,42738420,2445,20566
1636,2,0,14,11,63547440,3639,42738420,2445,20568
1637,5,0,14,11,63564060,3639,42738420,2444,20573
1638,5,0,13,12,63585420,3639,42738420,2444,20578
1639,9,0,18,7,63595260,3639,42738420,2443,20587
1640,8,0,15,10,63631620,3638,42738420,2441,20595
1641,4,0,14,11,63660240,3639,42738420,2441,20599
1642,5,0,13,12,63678540,3639,42738420,2440,20604
1643,10,0,16,9,63699420,3638,42738420,2439,20614
1644,9,0,18,7,63715620,3638,42738420,2438,20623
1645,9,0,17,8,63740820,3637,42738420,2436,20632
1646,14,0,25,0,63759120,3637,42738420,2434,20646
1647,9,0,18,7,63806700,3636,42738420,2433,20655
1648,12,0,21,4,63831060,3636,42738420,2431,20667
1649,14,0,21,4,63872820,3635,42738420,2429,20681
1650,16,0,24,1,63915660,3635,42738420,2427,20697
1651,5,0,17,8,63953340,3635,42738420,2427,20702
1652,5,0,14,11,63978840,3635,42738420,2426,20707
1653,9,0,13,12,64011240,3634,42738420,2425,20716
1654,6,0,15,10,64021320,3634,42738420,2424,20722
1655,5,0,13,12,64029240,3633,42738420,2423,20727
1656,4,0,15,10,64034160,3633,42738420,2423,20731
1657,4,0,15,10,64045920,3633,42738420,2422,20735
1658,10,0,19,6,64065120,3633,42738420,2421,20745
1659,3,0,11,14,64102500,3633,42738420,2420,20748
1660,3,0,13,12,64110120,3633,42738420,2420,20751
1661,3,0,12,13,64117680,3632,42738420,2419,20754
1662,6,0,14,11,64124820,3632,42738420,2419,20760
1663,10,0,18,7,64146240,3632,42738420,2417,20770
1664,3,0,16,9,64158300,3632,42738420,2417,20773
1665,7,0,15,10,64184940,3632,42738420,2416,20780
1666,11,0,19,6,64208400,3631,42738420,2414,20791
1667,8,0,20,5,64224900,3631,42738420,2413,20799
1668,12,0,17,8,64290240,3632,42738420,2412,20811
1669,7,0,20,5,64309440,3632,42738420,2411,20818
1670,10,0,18,7,64360800,3632,42738420,2409,20828
1671,6,0,16,9,64385580,3632,42738420,2409,20834
1672,11,0,22,3,64394700,3631,42738420,2407,20845
1673,9,0,20,5,64441620,3632,42738420,2406,20854
1674,7,0,18,7,64481100,3632,42738420,2405,20861
1675,9,0,18,7,64512060,3632,42738420,2404,20870
1676,6,0,20,5,64527960,3632,42738420,2403,20876
1677,11,0,22,3,64559940,3632,42738420,2401,20887
1678,2,0,16,9,64594380,3632,42738420,2401,20889
1679,9,0,17,8,64635360,3633,42738420,2400,20898
1680,8,0,18,7,64661400,3633,42738420,2399,20906
1681,9,0,20,5,64689780,3633,42738420,2398,20915
1682,19,3,25,0,64716180,3633,42739080,2395,20934
1683,25,13,25,0,64778040,3633,42748500,2393,20959
1684,26,34,25,0,64814100,3634,42753360,2389,20985
1685,33,40,25,0,64877220,3636,42773520,2388,21018
1686,26,40,25,0,64911360,3636,42796980,2389,21044
1687,22,40,25,0,64994700,3638,42856140,2390,21066
1688,38,40,25,0,65047920,3638,42881460,2390,21104
1689,30,37,25,0,65105460,3639,42942540,2392,21134
1690,35,40,25,0,65162520,3639,43048800,2395,21169
1691,24,39,25,0,65211360,3639,43077900,2395,21193
1692,33,40,25,0,65259900,3639,43116720,2396,21226
1693,37,40,25,0,65331600,3639,43153860,2395,21263
1694,33,39,25,0,65371920,3637,43249080,2398,21296
1695,28,40,25,0,65422500,3637,43265580,2397,21324
1696,36,40,25,0,65467680,3637,43285380,2396,21360
1697,30,40,25,0,65522460,3638,43290720,2395,21390
1698,36,40,25,0,65593980,3639,43350120,2396,21426
1699,45,40,25,0,65641920,3639,43387980,2396,21471
1700,40,40,25,0,65692080,3638,43458960,2398,21511
1701,31,40,25,0,65757840,3638,43529160,2400,21542
1702,34,39,25,0,65805240,3638,43548120,2399,21576
1703,33,40,25,0,65867040,3637,43602060,2399,21609
1704,32,40,25,0,65907420,3637,43620420,2398,21641
1705,33,40,25,0,65964060,3637,43634100,2397,21674
1706,36,40,25,0,66020520,3638,43648920,2396,21710
1707,31,38,25,0,66081840,3638,43725720,2398,21741
1708,30,39,25,0,66105240,3637,43749420,2398,21771
1709,22,36,25,0,66203040,3638,43860060,2402,21793
1710,22,40,25,0,66228660,3638,43866480,2401,21815
1711,32,38,25,0,66295860,3638,43977780,2405,21847
1712,20,38,25,0,66350040,3637,44150280,2412,21867
1713,37,40,25,0,66400380,3637,44156880,2410,21904
1714,29,40,25,0,66449340,3637,44293920,2416,21933
1715,38,40,25,0,66483000,3637,44331900,2417,21971
1716,34,40,25,0,66550500,3637,44349660,2415,22005
1717,34,39,25,0,66612420,3637,44396640,2416,22039
1718,27,40,25,0,66673860,3637,44559480,2422,22066
1719,42,40,25,0,66722760,3638,44575500,2422,22108
1720,29,40,25,0,66775560,3638,44598180,2421,22137
1721,31,36,25,0,66846900,3636,45158100,2448,22168
1722,20,40,25,0,66867360,3635,45163440,2447,22188
1723,25,39,25,0,66925500,3636,45175020,2446,22213
1724,31,39,25,0,67003440,3637,45183420,2444,22244
1725,34,40,25,0,67046760,3637,45248100,2446,22278
1726,30,40,25,0,67097640,3637,45399120,2452,22308
1727,32,39,25,0,67147080,3637,45406380,2451,22340
1728,30,40,25,0,67205040,3637,45583260,2458,22370
1729,30,38,25,0,67271040,3638,45615600,2458,22400
1730,19,38,25,0,67301340,3637,45667440,2459,22419
1731,34,38,25,0,67381800,3637,45700980,2458,22453
1732,33,40,25,0,67413600,3637,45715440,2458,22486
1733,27,37,25,0,67491780,3637,45772380,2458,22513
1734,29,39,25,0,67533000,3637,45806700,2459,22542
1735,30,39,25,0,67588680,3637,45874740,2460,22572
1736,27,39,25,0,67618800,3637,45910260,2461,22599
1737,20,35,25,0,67692780,3638,46114320,2470,22619
1738,40,39,25,0,67732080,3638,46119840,2468,22659
1739,23,40,25,0,67793040,3638,46299120,2476,22682
1740,24,38,25,0,67862340,3638,46322100,2475,22706
1741,25,33,25,0,67913940,3637,46509780,2483,22731
1742,29,36,25,0,67984380,3637,46543440,2482,22760
1743,30,39,25,0,68019480,3636,46553700,2480,22790
1744,19,39,25,0,68068920,3635,46604580,2481,22809
1745,34,40,25,0,68134080,3636,46614180,2479,22843
1746,32,39,25,0,68175960,3636,46637280,2479,22875
1747,35,40,25,0,68237580,3636,46663320,2478,22910
1748,30,40,25,0,68287200,3636,46692660,2478,22940
1749,31,40,25,0,68338500,3635,46731720,2478,22971
1750,32,39,25,0,68391840,3636,46771980,2478,23003
1751,23,38,25,0,68444040,3636,46798080,2478,23026
1752,30,40,25,0,68499840,3635,46949880,2483,23056
1753,31,40,25,0,68547060,3635,47016240,2485,23087
1754,28,39,25,0,68615160,3635,47031780,2483,23115
1755,36,40,25,0,68665980,3634,47057040,2482,23151
1756,36,40,25,0,68720340,3634,47065680,2481,23187
1757,35,40,25,0,68741340,3634,47116620,2483,23222
1758,22,36,25,0,68833680,3635,47387340,2495,23244
1759,30,40,25,0,68876880,3636,47418360,2495,23274
1760,31,40,25,0,68945880,3635,47477580,2495,23305
1761,28,40,25,0,68981280,3635,47482800,2494,23333
1762,28,40,25,0,69030840,3636,47491560,2493,23361
1763,33,40,25,0,69098340,3637,47541240,2494,23394
1764,23,40,25,0,69151680,3637,47627460,2497,23417
1765,37,39,25,0,69209820,3636,47674800,2496,23454
1766,28,39,25,0,69260340,3636,47820360,2502,23482
1767,33,40,25,0,69315960,3636,47829840,2501,23515
1768,24,36,25,0,69375420,3637,47894340,2503,23539
1769,23,40,25,0,69426240,3636,47933820,2502,23562
1770,31,40,25,0,69469980,3636,47944500,2501,23593
1771,32,37,25,0,69537480,3636,48111000,2507,23625
1772,27,40,25,0,69588960,3635,48166680,2508,23652
1773,39,38,25,0,69640860,3635,48209040,2508,23691
1774,24,40,25,0,69700800,3635,48217620,2506,23715
1775,29,40,25,0,69733140,3635,48249240,2507,23744
1776,35,37,25,0,69823320,3635,48320820,2508,23779
1777,36,40,25,0,69841620,3635,48331560,2507,23815
1778,28,40,25,0,69901020,3635,48378000,2507,23843
1779,38,40,25,0,69953580,3635,48386760,2506,23881
1780,25,39,25,0,70019940,3635,48414300,2505,23906
1781,26,40,25,0,70056420,3635,48449580,2506,23932
1782,23,40,25,0,70127520,3636,48496200,2506,23955
1783,34,40,25,0,70181760,3636,48504780,2505,23989
1784,28,40,25,0,70227780,3635,48567720,2506,24017
1785,26,38,25,0,70281960,3636,48574740,2505,24043
1786,22,35,25,0,70343160,3637,48626640,2506,24065
1787,32,40,25,0,70391220,3637,48811500,2513,24097
1788,36,39,25,0,70446000,3637,48876420,2515,24133
1789,28,40,25,0,70500900,3637,48943680,2516,24161
1790,28,40,25,0,70556040,3636,49039080,2519,24189
1791,33,40,25,0,70596900,3637,49050540,2518,24222
1792,33,39,25,0,70672980,3637,49166460,2522,24255
1793,34,39,25,0,70712040,3637,49173660,2521,24289
1794,28,40,25,0,70770000,3637,49215360,2521,24317
1795,26,40,25,0,70831680,3637,49238280,2520,24343
1796,34,40,25,0,70871220,3637,49303740,2522,24377
1797,21,35,25,0,70942680,3637,49401000,2525,24398
1798,30,40,25,0,70993860,3636,50335440,2569,24428
1799,38,40,25,0,71033760,3636,50345280,2569,24466
1800,29,40,25,0,71091480,3637,50387580,2569,24495
1801,25,40,25,0,71149080,3637,50398980,2568,24520
1802,35,40,25,0,71205780,3637,50461860,2569,24555
1803,38,37,25,0,71262720,3638,50493780,2569,24593
1804,34,39,25,0,71310900,3638,50525820,2569,24627
1805,24,39,25,0,71358300,3637,50605740,2571,24651
1806,36,40,25,0,71420160,3638,50611260,2570,24687
1807,26,40,25,0,71472420,3639,50644260,2570,24713
1808,35,40,25,0,71521560,3639,50670420,2570,24748
1809,23,39,25,0,71587080,3638,50863440,2576,24771
1810,35,40,25,0,71625840,3638,50889720,2576,24806
1811,38,38,25,0,71701740,3637,50917320,2575,24844
1812,28,36,25,0,71758740,3636,51119640,2582,24872
1813,35,40,25,0,71797080,3636,51122460,2581,24907
1814,21,39,25,0,71852100,3636,51167940,2581,24928
1815,32,39,25,0,71906100,3636,51204480,2581,24960
1816,31,40,25,0,71951700,3636,51250320,2581,24991
1817,33,40,25,0,71999760,3636,51259680,2580,25024
1818,37,40,25,0,72076200,3637,51306840,2581,25061
1819,35,40,25,0,72124860,3636,51337800,2580,25096
1820,28,40,25,0,72165240,3636,51389880,2581,25124
1821,32,40,25,0,72239820,3637,51424200,2581,25156
1822,36,40,25,0,72281400,3637,51431220,2580,25192
1823,27,35,25,0,72343380,3636,51591060,2586,25219
1824,31,40,25,0,72388080,3637,51597360,2584,25250
1825,32,37,25,0,72441840,3637,51614520,2583,25282
1826,29,36,25,0,72506400,3637,52199100,2610,25311
1827,28,40,25,0,72557880,3636,52342140,2615,25339
1828,31,40,25,0,72603240,3636,52372020,2615,25370
1829,31,39,25,0,72662340,3636,52413240,2614,25401
1830,25,40,25,0,72715500,3635,53084700,2646,25426
1831,31,39,25,0,72743340,3636,53092800,2645,25457
1832,26,37,25,0,72829800,3635,53249820,2650,25483
1833,34,39,25,0,72858540,3636,53259840,2649,25517
1834,40,40,25,0,72926580,3636,53308260,2650,25557
1835,26,40,25,0,72985800,3636,53321700,2648,25583
1836,35,40,25,0,73043100,3636,53382480,2649,25618
1837,36,40,25,0,73070580,3636,53389080,2648,25654
1838,35,38,25,0,73146480,3638,53403240,2648,25689
1839,33,40,25,0,73203000,3638,53475000,2649,25722
1840,26,40,25,0,73250040,3637,53529180,2649,25748
1841,36,40,25,0,73303320,3636,53565300,2649,25784
1842,26,40,25,0,73355700,3636,53608320,2649,25810
1843,30,40,25,0,73411860,3636,53613180,2647,25840
1844,30,39,25,0,73471740,3637,53711880,2650,25870
1845,38,36,25,0,73532760,3636,53778240,2651,25908
1846,36,40,25,0,73583400,3636,53808780,2651,25944
1847,24,36,25,0,73640640,3636,53950080,2656,25968
1848,10,14,25,0,73702500,3633,61384320,3020,25978
1849,7,0,21,4,73742520,3631,65843280,3238,25985
1850,4,0,17,8,73778760,3631,65843280,3238,25989
1851,13,0,22,3,73806180,3631,65843280,3236,26002
1852,5,0,19,6,73841040,3631,65843280,3235,26007
1853,5,0,18,7,73873380,3632,65843280,3234,26012
1854,11,0,20,5,73908780,3632,65843280,3232,26023
1855,9,0,21,4,73947000,3632,65843280,3231,26032
1856,12,0,17,8,73995240,3632,65843280,3229,26044
1857,12,0,18,7,74029680,3631,65843280,3227,26056
1858,11,0,20,5,74047620,3631,65843280,3225,26067
1859,12,0,20,5,74089920,3631,65843280,3223,26079
1860,7,0,20,5,74116260,3631,65843280,3222,26086
1861,13,0,20,5,74166840,3631,65843280,3220,26099
1862,8,0,17,8,74203620,3631,65843280,3219,26107
1863,5,0,13,12,74232300,3631,65843280,3218,26112
1864,11,0,21,4,74236680,3630,65843280,3216,26123
1865,10,0,23,2,74267760,3630,65843280,3215,26133
1866,8,0,18,7,74314680,3630,65843280,3214,26141
1867,9,0,17,8,74354880,3630,65843280,3212,26150
1868,6,0,17,8,74381340,3631,65843280,3211,26156
1869,5,0,13,12,74409360,3630,65843280,3210,26161
1870,11,0,16,9,74433840,3630,65843280,3209,26172
1871,9,0,19,6,74446320,3630,65843280,3207,26181
1872,4,0,18,7,74466660,3630,65843280,3207,26185
1873,6,0,16,9,74500620,3630,65843280,3206,26191
1874,2,0,14,11,74520180,3630,65843280,3205,26193
1875,7,0,18,7,74536680,3631,65843280,3204,26200
1876,7,0,14,11,74580720,3631,65843280,3203,26207
1877,5,0,16,9,74594340,3631,65843280,3202,26212
1878,5,0,16,9,74620920,3631,65843280,3202,26217
1879,7,0,22,3,74627580,3632,65843280,3201,26224
1880,4,0,16,9,74659980,3631,65843280,3200,26228
1881,9,0,19,6,74695080,3632,65843280,3199,26237
1882,8,0,19,6,74714340,3632,65843280,3197,26245
1883,11,0,20,5,74752980,3632,65843280,3196,26256
1884,11,0,21,4,74790060,3632,65843280,3194,26267
1885,13,0,20,5,74841420,3632,65843280,3192,26280
1886,8,0,15,10,74878920,3631,65843280,3191,26288
1887,8,0,17,8,74895420,3631,65843280,3189,26296
1888,5,0,17,8,74919840,3631,65843280,3189,26301
1889,12,2,25,0,74922060,3631,65843280,3187,26313
1890,6,0,23,2,74970420,3632,65845440,3186,26319
1891,10,0,22,3,75032400,3633,65845440,3184,26329
1892,7,0,17,8,75094020,3634,65845440,3183,26336
1893,11,0,20,5,75114480,3633,65845440,3182,26347
1894,9,0,19,6,75156000,3633,65845440,3180,26356
1895,3,0,13,12,75192240,3634,65845440,3180,26359
1896,2,0,11,14,75206160,3634,65845440,3180,26361
1897,4,0,13,12,75208020,3633,65845440,3179,26365
1898,5,0,15,10,75214200,3633,65845440,3178,26370
1899,2,0,12,13,75235140,3633,65845440,3178,26372
1900,7,0,18,7,75236100,3633,65845440,3177,26379
1901,10,0,18,7,75269640,3633,65845440,3175,26389
1902,6,0,17,8,75283140,3632,65845440,3174,26395
1903,10,0,20,5,75310020,3632,65845440,3173,26405
1904,11,0,20,5,75343680,3632,65845440,3171,26416
1905,10,0,20,5,75378540,3632,65845440,3170,26426
1906,10,0,21,4,75402720,3632,65845440,3168,26436
1907,19,2,25,0,75448860,3632,65846400,3165,26455
1908,8,0,20,5,75502680,3632,65848140,3164,26463
1909,11,2,25,0,75515820,3631,65848140,3163,26474
1910,8,0,22,3,75582420,3632,65850360,3161,26482
1911,14,0,17,8,75638160,3632,65850360,3159,26496
1912,9,0,17,8,75666600,3632,65850360,3158,26505
1913,6,0,16,9,75693720,3632,65850360,3157,26511
1914,12,0,19,6,75710880,3631,65850360,3155,26523
1915,6,0,18,7,75737040,3631,65850360,3154,26529
1916,10,0,17,8,75782580,3631,65850360,3153,26539
1917,7,0,19,6,75803700,3631,65850360,3152,26546
1918,6,0,16,9,75840780,3632,65850360,3151,26552
1919,2,0,14,11,75863760,3632,65850360,3150,26554
1920,3,0,11,14,75889860,3632,65850360,3150,26557
1921,3,0,14,11,75889860,3632,65850360,3149,26560
1922,3,0,14,11,75904320,3632,65850360,3149,26563
1923,6,0,19,6,75905040,3632,65850360,3148,26569
1924,9,0,15,10,75953820,3632,65850360,3147,26578
1925,6,0,18,7,75964200,3632,65850360,3146,26584
1926,9,0,19,6,75993060,3632,65850360,3145,26593
1927,5,0,20,5,76008240,3632,65850360,3144,26598
1928,10,0,20,5,76042560,3632,65850360,3142,26608
1929,5,0,14,11,76100520,3633,65850360,3142,26613
1930,8,0,17,8,76118040,3633,65850360,3140,26621
1931,12,0,21,4,76144440,3633,65850360,3139,26633
1932,6,0,17,8,76176780,3633,65850360,3138,26639
1933,8,0,18,7,76209120,3633,65850360,3136,26647
1934,13,0,20,5,76239060,3633,65850360,3134,26660
1935,12,0,19,6,76272360,3632,65850360,3133,26672
1936,12,0,24,1,76291500,3632,65850360,3131,26684
1937,8,0,17,8,76352280,3632,65850420,3130,26692
1938,5,0,16,9,76388700,3633,65850420,3129,26697
1939,10,0,18,7,76420740,3633,65850420,3127,26707
1940,5,0,16,9,76443120,3633,65850420,3127,26712
1941,7,0,17,8,76464240,3633,65850420,3126,26719
1942,3,0,16,9,76482960,3633,65850420,3125,26722
1943,4,0,14,11,76516860,3633,65850420,3125,26726
1944,6,0,16,9,76521360,3633,65850420,3124,26732
1945,2,0,13,12,76549620,3633,65850420,3123,26734
1946,4,0,16,9,76550100,3633,65850420,3123,26738
1947,7,0,19,6,76575120,3634,65850420,3122,26745
1948,5,0,14,11,76605240,3633,65850420,3121,26750
1949,2,0,12,13,76624320,3634,65850420,3121,26752
1950,4,0,15,10,76625040,3633,65850420,3120,26756
1951,6,0,15,10,76648680,3634,65850420,3119,26762
1952,9,0,16,9,76668900,3633,65850420,3118,26771
1953,11,0,22,3,76678980,3633,65850420,3116,26782
1954,10,0,22,3,76723440,3633,65850420,3115,26792
1955,11,0,19,6,76764600,3633,65850420,3113,26803
1956,11,0,23,2,76782600,3632,65850420,3112,26814
1957,10,0,19,6,76848000,3633,65850420,3110,26824
1958,14,1,25,0,76867500,3633,65850720,3108,26838
1959,13,4,25,0,76907940,3633,65853720,3106,26851
1960,19,12,25,0,76962420,3634,65864520,3104,26870
1961,14,17,25,0,77017140,3635,65879580,3103,26884
1962,11,15,25,0,77088000,3636,65917200,3103,26895
1963,4,0,20,5,77156280,3635,66016620,3107,26899
1964,8,0,18,7,77179620,3634,66016620,3106,26907
1965,3,0,14,11,77200560,3634,66016620,3105,26910
1966,5,0,14,11,77225160,3634,66016620,3105,26915
1967,7,0,17,8,77231460,3634,66016620,3104,26922
1968,6,0,15,10,77257620,3634,66016620,3103,26928
1969,6,0,13,12,77281920,3634,66016620,3102,26934
1970,5,0,15,10,77290980,3633,66016620,3101,26939
1971,5,0,17,8,77302200,3633,66016620,3100,26944
1972,8,0,17,8,77325180,3633,66016620,3099,26952
1973,6,0,17,8,77336040,3633,66016620,3098,26958
1974,3,0,15,10,77364120,3633,66016620,3098,26961
1975,10,0,22,3,77378400,3633,66016620,3097,26971
1976,11,0,23,2,77408340,3633,66016800,3095,26982
1977,10,0,20,5,77465520,3633,66016920,3094,26992
1978,13,0,17,8,77534700,3634,66016920,3092,27005
1979,7,0,19,6,77548800,3634,66016920,3091,27012
1980,7,0,16,9,77583300,3634,66016920,3090,27019
1981,10,0,22,3,77598900,3634,66016920,3088,27029
1982,8,0,15,10,77644560,3633,66016920,3087,27037
1983,7,0,15,10,77672220,3633,66016920,3086,27044
1984,4,0,15,10,77681940,3633,66016920,3085,27048
1985,11,0,19,6,77705760,3633,66016920,3084,27059
1986,8,0,21,4,77733000,3633,66016920,3083,27067
1987,1,0,11,14,77787540,3634,66016920,3083,27068
1988,3,0,12,13,77792100,3634,66016920,3082,27071
1989,7,0,16,9,77798160,3634,66016920,3081,27078
1990,5,0,16,9,77815020,3634,66016920,3080,27083
1991,10,0,20,5,77841180,3634,66016920,3079,27093
1992,6,0,16,9,77875380,3634,66016920,3078,27099
1993,4,0,14,11,77904300,3634,66016920,3077,27103
1994,2,0,14,11,77916180,3634,66016920,3077,27105
1995,5,0,14,11,77931180,3634,66016920,3076,27110
1996,9,0,20,5,77942040,3634,66016920,3075,27119
1997,5,0,16,9,77969160,3634,66016920,3074,27124
1998,8,0,17,8,77992980,3634,66016920,3073,27132
1999,5,0,18,7,78009780,3634,66016920,3073,27137
2000,7,0,18,7,78035580,3634,66016920,3072,27144
2001,11,0,18,7,78063300,3633,66016920,3070,27155
2002,3,0,17,8,78083580,3634,66016920,3070,27158
2003,8,0,18,7,78112980,3634,66016920,3068,27166
2004,11,0,19,6,78144180,3634,66016920,3067,27177
2005,9,0,20,5,78169740,3633,66016920,3066,27186
2006,9,0,17,8,78211440,3633,66016920,3064,27195
2007,11,0,24,1,78227280,3633,66016920,3063,27206
2008,10,0,20,5,78290700,3634,66017760,3061,27216
2009,11,0,17,8,78337260,3634,66017760,3060,27227
2010,7,0,17,8,78361860,3634,66017760,3059,27234
2011,11,0,21,4,78382740,3634,66017760,3057,27245
2012,10,0,20,5,78428340,3634,66017760,3056,27255
2013,0,0,16,9,78453420,3634,66017760,3056,27255
2014,6,0,17,8,78484740,3635,66017760,3055,27261
2015,4,0,18,7,78508800,3636,66017760,3054,27265
2016,10,0,22,3,78540420,3636,66017760,3053,27275
2017,7,1,25,0,78543060,3636,66018480,3052,27282
2018,8,5,25,0,78549960,3635,66019680,3051,27290
2019,7,10,25,0,78564660,3636,66024000,3051,27297
2020,7,15,25,0,78581640,3636,66027600,3050,27304
2021,7,20,25,0,78593100,3636,66040440,3050,27311
2022,1,19,25,0,78604620,3636,66049200,3049,27312
2023,7,24,25,0,78624000,3637,66054840,3049,27319
2024,12,34,25,0,78637260,3637,66058620,3047,27331
2025,8,39,25,0,78657060,3638,66076260,3047,27339
2026,12,39,25,0,78669720,3638,66092400,3047,27351
2027,6,39,25,0,78684960,3638,66137580,3049,27357
2028,11,39,25,0,78700680,3638,66167520,3050,27368
2029,14,39,25,0,78713400,3638,66240600,3053,27382
2030,9,40,25,0,78723420,3639,66244560,3053,27391
2031,5,38,25,0,78748080,3639,66284220,3054,27396
2032,6,40,25,0,78752340,3639,66284460,3054,27402
2033,11,40,25,0,78769980,3639,66362100,3057,27413
2034,7,40,25,0,78784860,3639,66460020,3061,27420
2035,7,40,25,0,78801900,3639,66467520,3060,27427
2036,14,40,25,0,78811020,3639,66572340,3065,27441
2037,6,40,25,0,78829260,3639,66631080,3067,27447
2038,6,40,25,0,78842400,3639,66640800,3067,27453
2039,10,40,25,0,78858600,3639,66683880,3068,27463
2040,2,38,25,0,78875760,3640,66759840,3071,27465
2041,8,40,25,0,78881220,3639,66822360,3074,27473
2042,4,37,25,0,78906660,3640,66883860,3076,27477
2043,2,35,25,0,78917880,3640,67019460,3082,27479
2044,6,30,25,0,78935100,3639,67511040,3104,27485
2045,4,30,25,0,78942240,3638,67587780,3107,27489
2046,5,33,25,0,78954060,3638,67590240,3106,27494
2047,7,36,25,0,78974880,3639,67600980,3106,27501
2048,4,38,25,0,78981300,3639,67605000,3106,27505
2049,4,38,25,0,79002720,3639,67618200,3106,27509
2050,12,40,25,0,79012680,3639,67633740,3106,27521
2051,14,39,25,0,79027380,3639,67642680,3106,27535
2052,10,39,25,0,79049400,3639,67653420,3105,27545
2053,10,39,25,0,79064520,3638,67924020,3117,27555
2054,12,39,25,0,79069920,3638,67928820,3116,27567
2055,11,39,25,0,79086660,3639,67941900,3117,27578
2056,9,40,25,0,79101120,3639,67942560,3116,27587
2057,7,38,25,0,79119180,3639,67963620,3117,27594
2058,11,39,25,0,79134360,3638,68170380,3125,27605
2059,13,40,25,0,79144020,3638,68274720,3129,27618
2060,8,40,25,0,79158780,3638,68280600,3129,27626
2061,2,37,25,0,79175580,3638,68332140,3131,27628
2062,7,38,25,0,79189500,3638,68357640,3131,27635
2063,5,39,25,0,79202640,3638,68360940,3131,27640
2064,2,38,25,0,79221480,3638,68388420,3132,27642
2065,5,40,25,0,79225500,3638,68390100,3131,27647
2066,11,39,25,0,79243560,3639,68398080,3131,27658
2067,4,39,25,0,79260300,3639,68418060,3132,27662
2068,8,40,25,0,79269780,3639,68420160,3131,27670
2069,5,38,25,0,79293300,3639,68601960,3139,27675
2070,3,36,25,0,79302000,3638,68735160,3145,27678
2071,8,40,25,0,79312920,3638,68735460,3144,27686
2072,10,39,25,0,79329120,3639,68745120,3144,27696
2073,10,37,25,0,79353060,3639,68807580,3146,27706
2074,7,40,25,0,79361460,3638,68808960,3145,27713
2075,9,40,25,0,79367100,3639,68814420,3145,27722
2076,4,40,25,0,79380420,3639,68827620,3146,27726
2077,7,36,25,0,79409580,3639,68911200,3149,27733
2078,11,39,25,0,79421340,3639,69123420,3158,27744
2079,10,39,25,0,79432800,3639,69131820,3157,27754
2080,5,40,25,0,79443840,3639,69136560,3157,27759
2081,7,39,25,0,79462440,3639,69146100,3157,27766
2082,8,38,25,0,79480920,3639,69214260,3160,27774
2083,6,40,25,0,79488900,3639,69215580,3159,27780
2084,5,39,25,0,79500240,3639,69219120,3159,27785
2085,7,40,25,0,79511820,3639,69228420,3159,27792
2086,4,37,25,0,79536360,3639,69484860,3170,27796
2087,2,31,25,0,79553160,3639,70093920,3198,27798
2088,1,19,25,0,79568040,3637,72745140,3318,27799
2089,3,13,25,0,79576080,3636,73547640,3355,27802
2090,9,12,25,0,79593900,3635,74277900,3387,27811
2091,7,15,25,0,79614720,3635,74282820,3386,27818
2092,8,22,25,0,79617900,3635,74284740,3385,27826
2093,6,26,25,0,79627320,3635,74288400,3384,27832
2094,8,32,25,0,79640760,3636,74302200,3383,27840
2095,7,38,25,0,79649280,3636,74302800,3383,27847
2096,13,40,25,0,79673460,3637,74313240,3382,27860
2097,7,40,25,0,79685940,3637,74330100,3383,27867
2098,10,40,25,0,79705680,3637,74344440,3383,27877
2099,9,39,25,0,79722000,3637,74350140,3382,27886
2100,11,40,25,0,79727040,3638,74351340,3382,27897
2101,10,40,25,0,79739580,3638,74404560,3384,27907
2102,12,39,25,0,79766520,3638,74521920,3389,27919
2103,8,40,25,0,79779060,3638,74553960,3390,27927
2104,10,40,25,0,79782900,3638,74588340,3391,27937
2105,11,39,25,0,79809000,3639,74669700,3395,27948
2106,9,39,25,0,79825080,3639,74681880,3394,27957
2107,7,40,25,0,79829160,3639,74683140,3394,27964
2108,5,40,25,0,79848900,3639,74755680,3397,27969
2109,8,38,25,0,79866420,3639,74794200,3398,27977
2110,3,36,25,0,79883100,3639,75011580,3408,27980
2111,4,36,25,0,79892760,3639,75066600,3409,27984
2112,4,33,25,0,79909560,3638,75326160,3421,27988
2113,8,39,25,0,79918980,3638,75327360,3420,27996
2114,2,39,25,0,79929480,3639,75331680,3419,27998
2115,4,39,25,0,79952760,3639,75346020,3419,28002
2116,7,39,25,0,79965240,3639,75351900,3419,28009
2117,9,39,25,0,79979700,3639,75358020,3419,28018
2118,5,36,25,0,79986660,3638,75533340,3426,28023
2119,4,38,25,0,80008200,3639,75535440,3425,28027
2120,10,40,25,0,80015220,3639,75539700,3425,28037
2121,9,40,25,0,80030040,3639,75553440,3425,28046
2122,8,40,25,0,80051580,3639,75561960,3425,28054
2123,8,37,25,0,80069700,3640,75608040,3427,28062
2124,12,40,25,0,80081820,3640,75610140,3426,28074
2125,4,38,25,0,80095260,3639,75620700,3426,28078
2126,16,40,25,0,80113620,3639,75797460,3434,28094
2127,8,40,25,0,80121300,3639,75803520,3433,28102
2128,10,39,25,0,80135040,3639,75812280,3433,28112
2129,10,40,25,0,80154360,3640,75897600,3436,28122
2130,8,39,25,0,80163780,3640,75902460,3436,28130
2131,13,40,25,0,80172840,3640,75903180,3436,28143
2132,11,40,25,0,80187840,3640,75906720,3436,28154
2133,3,39,25,0,80208660,3640,76004280,3440,28157
2134,9,40,25,0,80224560,3640,76006560,3439,28166
2135,8,39,25,0,80242260,3641,76045440,3440,28174
2136,6,36,25,0,80260440,3640,76277220,3450,28180
2137,4,34,25,0,80269980,3640,76331340,3452,28184
2138,3,28,25,0,80286720,3639,77593920,3508,28187
2139,6,31,25,0,80295420,3639,77806140,3517,28193
2140,10,39,25,0,80305380,3639,77811120,3516,28203
2141,4,38,25,0,80328780,3639,77823900,3516,28207
2142,8,39,25,0,80342940,3640,77840220,3516,28215
2143,8,40,25,0,80356200,3640,77853720,3516,28223
2144,11,40,25,0,80371740,3640,77883240,3517,28234
2145,13,40,25,0,80388840,3640,77917260,3518,28247
2146,15,39,25,0,80399640,3639,77938080,3518,28262
2147,10,40,25,0,80415960,3639,77982360,3519,28272
2148,19,40,25,0,80418420,3639,77984220,3519,28291
2149,11,40,25,0,80435340,3639,77990640,3518,28302
2150,12,40,25,0,80451060,3639,77996340,3518,28314
2151,11,40,25,0,80475960,3639,78105240,3522,28325
2152,10,40,25,0,80483100,3639,78132300,3523,28335
2153,13,40,25,0,80495820,3639,78136320,3522,28348
2154,11,40,25,0,80501640,3639,78141420,3522,28359
2155,12,39,25,0,80529300,3640,78150660,3522,28371
2156,6,39,25,0,80538660,3640,78156840,3522,28377
2157,6,40,25,0,80553360,3640,78161220,3522,28383
2158,7,39,25,0,80564520,3640,78167220,3522,28390
2159,5,40,25,0,80588340,3641,78169020,3521,28395
2160,11,36,25,0,80604660,3640,78377040,3530,28406
2161,9,40,25,0,80614620,3640,78378840,3529,28415
2162,4,40,25,0,80624940,3640,78382440,3528,28419
2163,5,40,25,0,80630760,3640,78390480,3529,28424
2164,6,40,25,0,80659440,3641,78399480,3528,28430
2165,10,38,25,0,80674380,3641,78546780,3535,28440
2166,2,33,25,0,80686440,3640,79026480,3556,28442
2167,6,33,25,0,80698260,3640,79453140,3575,28448
2168,7,36,25,0,80714820,3640,79455900,3573,28455
2169,8,40,25,0,80714820,3640,79455900,3573,28463
2170,9,40,25,0,80737740,3640,79468080,3573,28472
2171,12,39,25,0,80752500,3641,79478220,3573,28484
2172,10,40,25,0,80760480,3641,79482540,3573,28494
2173,12,40,25,0,80780820,3641,79506660,3574,28506
2174,11,40,25,0,80783280,3641,79529580,3575,28517
2175,13,40,25,0,80804640,3642,79535400,3574,28530
2176,14,39,25,0,80831280,3643,79593120,3577,28544
2177,9,40,25,0,80837100,3642,79595040,3576,28553
2178,10,40,25,0,80842320,3643,79597080,3576,28563
2179,9,40,25,0,80869560,3643,79679520,3580,28572
2180,8,40,25,0,80886240,3643,79705920,3580,28580
2181,6,39,25,0,80900160,3643,79713960,3580,28586
2182,5,40,25,0,80907840,3644,79723920,3580,28591
2183,9,39,25,0,80934540,3644,79730640,3580,28600
2184,6,39,25,0,80944140,3644,79733880,3579,28606
2185,4,35,25,0,80962260,3644,79961820,3589,28610
2186,3,32,25,0,80977140,3643,80480820,3612,28613
2187,5,32,25,0,80987760,3643,80877180,3629,28618
2188,9,36,25,0,81003900,3643,80951400,3631,28627
2189,9,40,25,0,81011400,3643,80953980,3630,28636
2190,8,40,25,0,81029640,3643,80970180,3630,28644
2191,11,40,25,0,81043080,3643,80976000,3630,28655
2192,13,40,25,0,81064800,3643,80992500,3630,28668
2193,8,40,25,0,81068580,3643,80996160,3629,28676
2194,9,39,25,0,81090240,3644,81004680,3629,28685
2195,10,39,25,0,81100500,3643,81061560,3631,28695
2196,9,40,25,0,81116040,3643,81091140,3631,28704
2197,6,40,25,0,81134100,3643,81275280,3639,28710
2198,12,40,25,0,81149400,3642,81319020,3640,28722
2199,10,40,25,0,81154560,3642,81321420,3639,28732
2200,11,40,25,0,81175080,3642,81357780,3640,28743
2201,13,40,25,0,81180600,3642,81365400,3640,28756
2202,11,40,25,0,81203280,3642,81377280,3640,28767
2203,12,39,25,0,81215160,3642,81653400,3652,28779
2204,4,35,25,0,81240540,3642,81905520,3662,28783
2205,14,40,25,0,81247920,3641,82201680,3674,28797
2206,5,38,25,0,81263220,3641,82211340,3673,28802
2207,7,40,25,0,81273300,3641,82213260,3673,28809
2208,5,40,25,0,81292860,3642,82223100,3673,28814
2209,6,40,25,0,81292860,3642,82223100,3673,28820
2210,2,38,25,0,81314760,3642,82255140,3674,28822
2211,4,39,25,0,81334740,3643,82300020,3675,28826
2212,7,40,25,0,81345900,3643,82310220,3675,28833
2213,8,38,25,0,81364260,3643,82375380,3677,28841
2214,9,39,25,0,81382200,3642,82423320,3678,28850
2215,8,40,25,0,81387840,3642,82426740,3678,28858
2216,8,40,25,0,81410100,3642,82434060,3677,28866
2217,10,40,25,0,81414240,3642,82435500,3677,28876
2218,10,40,25,0,81429600,3642,82449720,3677,28886
2219,16,40,25,0,81437760,3642,82451640,3677,28902
2220,7,40,25,0,81453660,3643,82460520,3677,28909
2221,10,40,25,0,81478620,3643,82550820,3680,28919
2222,8,38,25,0,81498600,3643,82751340,3688,28927
2223,11,39,25,0,81506340,3643,82761960,3688,28938
2224,7,34,25,0,81526740,3642,83146680,3704,28945
2225,7,37,25,0,81532740,3641,83149260,3704,28952
2226,6,39,25,0,81553560,3642,83155800,3703,28958
2227,7,40,25,0,81559320,3642,83158500,3703,28965
2228,1,33,25,0,81584760,3642,83425740,3714,28966
2229,7,35,25,0,81591000,3641,83511180,3717,28973
2230,7,40,25,0,81599400,3641,83513460,3717,28980
2231,4,40,25,0,81614760,3642,83524080,3716,28984
2232,10,39,25,0,81640260,3642,83542560,3716,28994
2233,4,40,25,0,81649380,3642,83545080,3716,28998
2234,7,40,25,0,81660360,3642,83556960,3716,29005
2235,3,36,25,0,81686820,3642,83715720,3723,29008
2236,6,36,25,0,81699000,3642,83746860,3723,29014
2237,9,40,25,0,81714060,3642,83751720,3722,29023
2238,4,39,25,0,81720900,3642,83755260,3722,29027
2239,7,40,25,0,81738960,3642,83822340,3724,29034
2240,8,40,25,0,81748740,3642,83830500,3724,29042
2241,9,37,25,0,81771720,3642,83897520,3726,29051
2242,10,40,25,0,81778860,3641,84093840,3734,29061
2243,16,40,25,0,81794940,3642,84100500,3734,29077
2244,13,40,25,0,81804780,3642,84107400,3734,29090
2245,5,40,25,0,81818820,3642,84116880,3734,29095
2246,15,40,25,0,81838320,3642,84132360,3734,29110
2247,9,40,25,0,81850440,3642,84137400,3733,29119
2248,11,40,25,0,81865440,3642,84142980,3733,29130
2249,6,37,25,0,81877320,3642,84243480,3737,29136
2250,11,40,25,0,81891900,3641,84292020,3738,29147
2251,9,40,25,0,81897240,3641,84296880,3737,29156
2252,8,37,25,0,81923100,3641,84334320,3738,29164
2253,7,39,25,0,81939480,3641,84338040,3737,29171
2254,9,40,25,0,81950820,3642,84340380,3737,29180
2255,10,40,25,0,81970740,3642,84351060,3737,29190
2256,7,39,25,0,81980700,3642,84391680,3738,29197
2257,5,34,25,0,82001820,3641,84993780,3764,29202
2258,6,36,25,0,82005360,3641,85338840,3779,29208
2259,11,40,25,0,82028580,3641,85345620,3778,29219
2260,2,39,25,0,82037280,3641,85352100,3778,29221
2261,11,40,25,0,82043880,3641,85359960,3778,29232
2262,3,39,25,0,82071360,3642,85392600,3779,29235
2263,11,38,25,0,82087080,3641,85415880,3778,29246
2264,9,40,25,0,82095480,3641,85424880,3779,29255
2265,6,38,25,0,82117380,3642,85437840,3778,29261
2266,9,40,25,0,82119180,3642,85439460,3778,29270
2267,15,40,25,0,82138500,3642,85464180,3779,29285
2268,5,39,25,0,82158660,3642,85478760,3779,29290
2269,12,40,25,0,82162680,3642,85479600,3778,29302
2270,8,39,25,0,82191180,3642,85567200,3781,29310
2271,6,40,25,0,82199400,3641,85746420,3788,29316
2272,12,40,25,0,82212720,3642,85751400,3788,29328
2273,5,38,25,0,82230240,3642,85759020,3788,29333
2274,4,34,25,0,82244700,3642,86007720,3798,29337
2275,10,40,25,0,82253700,3641,86011140,3797,29347
2276,10,39,25,0,82259760,3641,86017920,3797,29357
2277,11,40,25,0,82290600,3642,86043120,3797,29368
2278,5,40,25,0,82302060,3642,86051100,3797,29373
2279,3,39,25,0,82311840,3641,86056020,3796,29376
2280,3,36,25,0,82328040,3641,86263020,3805,29379
2281,2,26,25,0,82347240,3640,89676300,3955,29381
2282,7,20,25,0,82364760,3639,95122680,4194,29388
2283,7,21,25,0,82370100,3638,95731440,4220,29395
2284,2,18,25,0,82384860,3638,95903880,4227,29397
2285,7,20,25,0,82401900,3638,95929260,4227,29404
2286,13,31,25,0,82410600,3638,95934120,4225,29417
2287,12,39,25,0,82420320,3638,95940480,4223,29429
2288,4,38,25,0,82445880,3639,95954880,4223,29433
2289,12,40,25,0,82445880,3639,95954880,4223,29445
2290,12,40,25,0,82470660,3639,95998740,4224,29457
2291,6,40,25,0,82479180,3640,96014520,4225,29463
2292,8,40,25,0,82494000,3640,96042420,4226,29471
2293,16,40,25,0,82514520,3640,96055860,4226,29487
2294,16,40,25,0,82525440,3640,96085920,4227,29503
2295,8,37,25,0,82547760,3641,96186600,4231,29511
2296,13,40,25,0,82558680,3640,96188460,4230,29524
2297,9,39,25,0,82564620,3641,96193800,4230,29533
2298,4,38,25,0,82587240,3641,96247980,4232,29537
2299,5,40,25,0,82590180,3641,96249600,4231,29542
2300,4,39,25,0,82618620,3641,96323520,4234,29546
2301,4,39,25,0,82630860,3642,96326760,4233,29550
2302,5,39,25,0,82644120,3642,96350760,4234,29555
2303,4,40,25,0,82653960,3642,96353160,4234,29559
2304,12,40,25,0,82665360,3642,96371760,4234,29571
2305,6,38,25,0,82693140,3643,96384360,4234,29577
2306,5,40,25,0,82700280,3643,96384540,4233,29582
2307,3,38,25,0,82716000,3643,96402420,4234,29585
2308,7,37,25,0,82739100,3643,96642420,4244,29592
2309,5,39,25,0,82745220,3643,96645300,4243,29597
2310,7,40,25,0,82749960,3643,96645720,4243,29604
2311,4,39,25,0,82777500,3643,96672180,4243,29608
2312,4,40,25,0,82783200,3643,96860700,4251,29612
2313,11,40,25,0,82805700,3643,96865560,4250,29623
2314,7,40,25,0,82815000,3644,96872460,4250,29630
2315,11,39,25,0,82836240,3644,97024860,4256,29641
2316,13,40,25,0,82848120,3643,97027860,4255,29654
2317,23,40,25,0,82866300,3644,97030680,4254,29677
2318,10,39,25,0,82876440,3643,97098060,4257,29687
2319,7,40,25,0,82893600,3643,97102500,4256,29694
2320,9,40,25,0,82908300,3643,97139340,4257,29703
2321,9,39,25,0,82917660,3643,97161600,4257,29712
2322,5,40,25,0,82932540,3643,97168680,4257,29717
2323,5,40,25,0,82935300,3643,97171320,4257,29722
2324,7,39,25,0,82964400,3643,97289880,4260,29729
2325,7,37,25,0,82979280,3643,97298400,4260,29736
2326,7,40,25,0,82992660,3643,97300800,4259,29743
2327,9,39,25,0,82999980,3643,97306860,4259,29752
2328,10,39,25,0,83023740,3642,97487400,4265,29762
2329,2,36,25,0,83034360,3642,97627080,4271,29764
2330,2,36,25,0,83043120,3642,97629360,4271,29766
2331,4,33,25,0,83064660,3642,98196240,4295,29770
2332,4,34,25,0,83079720,3642,98200440,4294,29774
2333,6,36,25,0,83092800,3642,98205480,4293,29780
2334,5,38,25,0,83105160,3642,98210880,4293,29785
2335,10,40,25,0,83118960,3642,98213700,4292,29795
2336,8,40,25,0,83118960,3642,98213700,4292,29803
2337,8,38,25,0,83150820,3643,98242020,4293,29811
2338,10,40,25,0,83164620,3643,98275080,4293,29821
2339,8,38,25,0,83179140,3643,98297160,4293,29829
2340,5,39,25,0,83194740,3643,98299980,4293,29834
2341,11,40,25,0,83204220,3643,98304540,4292,29845
2342,11,40,25,0,83212440,3643,98308260,4292,29856
2343,14,40,25,0,83238720,3643,98553720,4301,29870
2344,13,38,25,0,83250180,3643,98564700,4301,29883
2345,13,38,25,0,83268240,3643,98606220,4302,29896
2346,6,39,25,0,83279520,3643,98639220,4303,29902
2347,11,39,25,0,83299140,3643,98688540,4304,29913
2348,5,36,25,0,83310840,3642,99071880,4320,29918
2349,8,40,25,0,83317020,3642,99073560,4319,29926
2350,7,40,25,0,83337540,3643,99083340,4319,29933
2351,2,39,25,0,83347200,3643,99094440,4319,29935
2352,8,40,25,0,83368800,3642,99237060,4324,29943
2353,7,39,25,0,83379240,3642,99240360,4323,29950
2354,11,39,25,0,83397360,3643,99250620,4323,29961
2355,20,40,25,0,83406420,3642,99298320,4324,29981
2356,26,40,25,0,83411160,3642,99302940,4324,30007
2357,30,39,25,0,83441040,3643,99337620,4325,30037
2358,33,40,25,0,83451900,3643,99343860,4324,30070
2359,32,40,25,0,83466420,3643,99348900,4324,30102
2360,27,40,25,0,83482860,3643,99356700,4323,30129
2361,18,40,25,0,83494260,3643,99362100,4323,30147
2362,37,40,25,0,83504820,3643,99364980,4323,30184
2363,32,40,25,0,83525520,3643,99458520,4326,30216
2364,30,40,25,0,83540640,3643,99497040,4326,30246
2365,27,40,25,0,83544300,3643,99499740,4326,30273
2366,27,40,25,0,83559120,3643,99502680,4326,30300
2367,28,40,25,0,83575680,3643,99524520,4326,30328
2368,29,40,25,0,83598060,3643,99716460,4334,30357
2369,36,40,25,0,83601540,3643,99718140,4333,30393
2370,33,40,25,0,83613240,3643,99741960,4334,30426
2371,28,39,25,0,83635980,3644,99804000,4336,30454
2372,40,40,25,0,83642880,3643,100085460,4347,30494
2373,29,40,25,0,83661360,3644,100099620,4347,30523
2374,34,40,25,0,83677500,3644,100104120,4347,30557
2375,30,40,25,0,83697060,3644,100146720,4348,30587
2376,27,39,25,0,83714580,3644,100166460,4348,30614
2377,34,40,25,0,83724840,3644,100262100,4351,30648
2378,31,40,25,0,83736780,3643,100387200,4356,30679
2379,24,40,25,0,83739180,3643,100389540,4356,30703
2380,32,40,25,0,83767920,3644,100401840,4355,30735
2381,23,40,25,0,83785860,3643,100465320,4356,30758
2382,25,40,25,0,83797800,3643,100502100,4357,30783
2383,32,40,25,0,83812380,3643,100508940,4357,30815
2384,31,40,25,0,83827320,3643,100546380,4357,30846
2385,32,40,25,0,83830200,3642,100547160,4357,30878
2386,31,40,25,0,83857800,3643,100553520,4356,30909
2387,32,40,25,0,83861220,3643,100556820,4356,30941
2388,28,39,25,0,83886000,3643,100559820,4355,30969
2389,37,40,25,0,83896560,3643,100561860,4355,31006
2390,32,40,25,0,83912220,3643,100565940,4355,31038
2391,34,40,25,0,83917020,3643,100567980,4354,31072
2392,29,40,25,0,83936280,3644,100571760,4354,31101
2393,35,40,25,0,83953380,3643,100818180,4363,31136
2394,32,40,25,0,83970960,3643,100872600,4365,31168
2395,33,40,25,0,83984520,3643,100927440,4366,31201
2396,31,40,25,0,83987460,3643,100929000,4366,31232
2397,28,40,25,0,84001440,3643,100934280,4366,31260
2398,34,40,25,0,84028020,3644,100937340,4365,31294
2399,35,40,25,0,84037320,3644,100993920,4368,31329

