Hour,Arrivals,Waiting,Treating,Available Rooms,Total Treatment Time,Average Treatment Time,Total Wait Time,Average Wait Time,Total Arrivals
1,4,0,3,22,3300,3300,0,0,4
2,6,0,7,18,4860,1620,0,0,10
3,5,0,7,18,21180,2647,0,0,15
4,4,0,4,21,41040,2736,0,0,19
5,3,0,5,20,49260,2897,0,0,22
6,4,0,3,22,75060,3263,0,0,26
7,9,0,5,20,90900,3030,0,0,35
8,13,0,10,15,107400,2826,0,0,48
9,8,0,8,17,145080,3022,0,0,56
10,12,0,12,13,176100,3144,0,0,68
11,10,0,13,12,204180,3141,0,0,78
12,9,0,13,12,242040,3270,0,0,87
13,19,0,17,8,290760,3266,0,0,106
14,12,0,11,14,352500,3294,0,0,118
15,9,0,9,16,394500,3343,0,0,127
16,9,0,10,15,429900,3411,0,0,136
17,10,0,7,18,473520,3406,0,0,146
18,9,0,11,14,489600,3400,0,0,155
19,8,0,12,13,526380,3485,0,0,163
20,8,0,7,18,571140,3482,0,0,171
21,3,0,6,19,587160,3495,0,0,174
22,6,0,5,20,613620,3506,0,0,180
23,6,0,8,17,630960,3544,0,0,186
24,7,0,7,18,666480,3583,0,0,193
25,3,0,3,22,687480,3562,0,0,196
26,11,0,7,18,712740,3563,0,0,207
27,3,0,4,21,725520,3521,0,0,210
28,6,0,7,18,738900,3535,0,0,216
29,7,0,8,17,752640,3500,0,0,223
30,6,0,5,20,783840,3499,0,0,229
31,13,0,8,17,807660,3451,0,0,242
32,14,0,9,16,832680,3371,0,0,256
33,11,0,14,11,846780,3346,0,0,267
34,10,0,12,13,893340,3371,0,0,277
35,14,0,16,9,940920,3421,0,0,291
36,13,0,12,13,1002780,3434,0,0,304
37,7,0,11,14,1036320,3454,0,0,311
38,8,0,10,15,1085340,3512,0,0,319
39,13,0,15,10,1108500,3496,0,0,332
40,11,0,8,17,1182660,3530,0,0,343
41,10,0,9,16,1222500,3553,0,0,353
42,7,0,8,17,1252500,3558,0,0,360
43,10,0,11,14,1279320,3563,0,0,370
44,11,0,7,18,1335060,3569,0,0,381
45,2,0,4,21,1355700,3577,0,0,383
46,6,0,7,18,1370100,3586,0,0,389
47,7,0,8,17,1388160,3577,0,0,396
48,5,0,4,21,1417680,3570,0,0,401
49,4,0,5,20,1428120,3570,0,0,405
50,5,0,2,23,1461780,3582,0,0,410
51,5,0,5,20,1472820,3592,0,0,415
52,4,0,7,18,1475700,3581,0,0,419
53,9,0,8,17,1509360,3593,0,0,428
54,9,0,14,11,1517640,3587,0,0,437
55,9,0,16,9,1546740,3597,0,0,446
56,9,0,11,14,1632360,3676,0,0,455
57,12,0,16,9,1656000,3671,0,0,467
58,15,0,18,7,1703100,3670,0,0,482
59,6,0,6,19,1761660,3654,0,0,488
60,7,0,7,18,1792800,3673,0,0,495
61,10,0,9,16,1810860,3650,0,0,505
62,12,0,9,16,1858560,3658,0,0,517
63,15,0,14,11,1879320,3628,0,0,532
64,12,0,15,10,1912200,3614,0,0,544
65,11,0,15,10,1960560,3630,0,0,555
66,10,0,11,14,2040480,3683,0,0,565
67,5,0,5,20,2092320,3703,0,0,570
68,4,0,4,21,2112420,3706,0,0,574
69,6,0,5,20,2131800,3707,0,0,580
70,6,0,7,18,2143440,3701,0,0,586
71,6,0,8,17,2169420,3714,0,0,592
72,7,0,9,16,2186400,3705,0,0,599
73,8,0,8,17,2231580,3725,0,0,607
74,6,0,7,18,2259300,3728,0,0,613
75,4,0,6,19,2281620,3734,0,0,617
76,3,0,3,22,2303700,3733,0,0,620
77,9,0,5,20,2326500,3728,0,0,629
78,10,0,12,13,2335620,3725,0,0,639
79,7,0,12,13,2358780,3720,0,0,646
80,8,0,10,15,2398200,3723,0,0,654
81,10,0,8,17,2452560,3738,0,0,664
82,12,0,12,13,2483160,3739,0,0,676
83,9,0,13,12,2513220,3739,0,0,685
84,5,0,7,18,2565540,3756,0,0,690
85,7,0,7,18,2599500,3767,0,0,697
86,13,0,11,14,2629080,3761,0,0,710
87,13,0,13,12,2675640,3768,0,0,723
88,9,0,14,11,2712300,3777,0,0,732
89,5,0,7,18,2776860,3803,0,0,737
90,5,0,3,22,2826120,3824,0,0,742
91,10,0,12,13,2826840,3820,0,0,752
92,9,0,11,14,2868360,3824,0,0,761
93,4,0,7,18,2911200,3840,0,0,765
94,3,0,5,20,2933940,3845,0,0,768
95,6,0,7,18,2960760,3860,0,0,774
96,1,0,6,19,2969760,3861,0,0,775
97,4,0,5,20,2997000,3872,0,0,779
98,6,0,8,17,3012960,3877,0,0,785
99,2,0,5,20,3034440,3880,0,0,787
100,8,0,8,17,3054540,3881,0,0,795
101,5,0,6,19,3080940,3880,0,0,800
102,6,0,3,22,3103020,3864,0,0,806
103,9,0,7,18,3115560,3855,0,0,815
104,14,0,12,13,3133680,3835,0,0,829
105,12,0,13,12,3168660,3826,0,0,841
106,11,0,14,11,3206700,3826,0,0,852
107,12,0,13,12,3246960,3815,0,0,864
108,11,0,11,14,3310260,3831,0,0,875
109,11,0,15,10,3344040,3839,0,0,886
110,12,0,9,16,3401580,3826,0,0,898
111,17,0,15,10,3430440,3811,0,0,915
112,11,0,14,11,3458640,3792,0,0,926
113,8,0,13,12,3514260,3815,0,0,934
114,7,0,7,18,3564060,3815,0,0,941
115,13,0,9,16,3608820,3818,0,0,954
116,9,0,9,16,3631920,3807,0,0,963
117,7,0,9,16,3668580,3817,0,0,970
118,5,0,3,22,3707160,3813,0,0,975
119,5,0,5,20,3721740,3817,0,0,980
120,4,0,8,17,3729300,3821,0,0,984
121,6,0,9,16,3749820,3822,0,0,990
122,6,0,6,19,3788880,3827,0,0,996
123,7,0,6,19,3815460,3826,0,0,1003
124,4,0,4,21,3835800,3824,0,0,1007
125,6,0,7,18,3844440,3821,0,0,1013
126,6,0,3,22,3882240,3821,0,0,1019
127,5,0,3,22,3897000,3816,0,0,1024
128,10,0,11,14,3898740,3811,0,0,1034
129,12,0,10,15,3947700,3810,0,0,1046
130,14,0,16,9,3973620,3806,0,0,1060
131,8,0,12,13,4032780,3818,0,0,1068
132,7,0,10,15,4069740,3821,0,0,1075
133,8,0,6,19,4116180,3821,0,0,1083
134,8,0,4,21,4144920,3813,0,0,1091
135,16,0,14,11,4163700,3809,0,0,1107
136,6,0,8,17,4203420,3804,0,0,1113
137,12,0,8,17,4241760,3797,0,0,1125
138,11,0,10,15,4277700,3799,0,0,1136
139,10,0,12,13,4308000,3798,0,0,1146
140,11,0,11,14,4353180,3798,0,0,1157
141,7,0,8,17,4379220,3788,0,0,1164
142,5,0,3,22,4418160,3789,0,0,1169
143,8,0,6,19,4436640,3788,0,0,1177
144,9,0,4,21,4457100,3770,0,0,1186
145,5,0,6,19,4477320,3778,0,0,1191
146,6,0,5,20,4495740,3771,0,0,1197
147,6,0,6,19,4515600,3772,0,0,1203
148,4,0,3,22,4529700,3762,0,0,1207
149,2,0,4,21,4536840,3765,0,0,1209
150,8,0,7,18,4566180,3773,0,0,1217
151,4,0,8,17,4573440,3770,0,0,1221
152,10,0,12,13,4593660,3768,0,0,1231
153,8,0,7,18,4645140,3770,0,0,1239
154,9,0,10,15,4664580,3767,0,0,1248
155,13,0,13,12,4698780,3765,0,0,1261
156,6,0,10,15,4734540,3766,0,0,1267
157,7,0,8,17,4772160,3769,0,0,1274
158,6,0,7,18,4807740,3776,0,0,1280
159,6,0,7,18,4832880,3778,0,0,1286
160,8,0,9,16,4850460,3774,0,0,1294
161,12,0,13,12,4887060,3779,0,0,1306
162,12,0,15,10,4925580,3780,0,0,1318
163,9,0,8,17,4984140,3778,0,0,1327
164,8,0,9,16,5003940,3773,0,0,1335
165,6,0,5,20,5041980,3773,0,0,1341
166,3,0,4,21,5056320,3773,0,0,1344
167,8,0,8,17,5069280,3771,0,0,1352
168,6,0,8,17,5085060,3766,0,0,1358
169,4,0,5,20,5128380,3779,0,0,1362
170,2,0,2,23,5156220,3785,0,0,1364
171,3,0,4,21,5158140,3784,0,0,1367
172,5,0,5,20,5165100,3778,0,0,1372
173,4,0,5,20,5175960,3775,0,0,1376
174,5,0,9,16,5181780,3776,0,0,1381
175,10,0,10,15,5214000,3775,0,0,1391
176,8,0,7,18,5259840,3778,0,0,1399
177,12,0,10,15,5282700,3770,0,0,1411
178,6,0,10,15,5301420,3767,0,0,1417
179,7,0,7,18,5347260,3773,0,0,1424
180,14,0,12,13,5379120,3772,0,0,1438
181,23,2,25,0,5404920,3769,420,0,1461
182,14,0,19,6,5493300,3772,1560,1,1475
183,10,0,8,17,5586960,3782,1560,1,1485
184,9,0,9,16,5616180,3781,1560,1,1494
185,10,0,11,14,5647260,3782,1560,1,1504
186,7,0,7,18,5695680,3787,1560,1,1511
187,15,0,14,11,5720160,3783,1560,1,1526
188,8,0,9,16,5766960,3781,1560,1,1534
189,4,0,7,18,5792220,3783,1560,1,1538
190,8,0,7,18,5823600,3784,1560,1,1546
191,3,0,5,20,5844840,3785,1560,1,1549
192,9,0,8,17,5871360,3787,1560,1,1558
193,2,0,1,24,5902740,3786,1560,1,1560
194,5,0,4,21,5908020,3784,1560,0,1565
195,3,0,4,21,5917620,3783,1560,0,1568
196,7,0,7,18,5936400,3785,1560,0,1575
197,5,0,7,18,5955600,3786,1560,0,1580
198,12,0,11,14,5986380,3786,1560,0,1592
199,8,0,8,17,6024420,3784,1560,0,1600
200,6,0,6,19,6056640,3785,1560,0,1606
201,10,0,13,12,6068040,3785,1560,0,1616
202,8,0,8,17,6116580,3785,1560,0,1624
203,14,0,13,12,6149880,3784,1560,0,1638
204,16,0,16,9,6177120,3771,1560,0,1654
205,14,0,14,11,6233100,3768,1560,0,1668
206,7,0,12,13,6282300,3777,1560,0,1675
207,10,0,11,14,6328680,3780,1560,0,1685
208,10,0,12,13,6373920,3787,1560,0,1695
209,11,0,9,16,6428040,3787,1560,0,1706
210,11,0,11,14,6459300,3786,1560,0,1717
211,11,0,12,13,6496080,3785,1560,0,1728
212,7,0,7,18,6540660,3785,1560,0,1735
213,4,0,6,19,6560700,3785,1560,0,1739
214,14,0,13,12,6584940,3784,1560,0,1753
215,7,0,10,15,6636120,3792,1560,0,1760
216,2,0,2,23,6692220,3802,1560,0,1762
217,5,0,3,22,6700740,3798,1560,0,1767
218,6,0,6,19,6709440,3797,1560,0,1773
219,12,0,13,12,6720300,3792,1560,0,1785
220,3,0,7,18,6752160,3791,1560,0,1788
221,14,0,12,13,6790800,3793,1560,0,1802
222,6,0,11,14,6812700,3791,1560,0,1808
223,13,0,9,16,6862560,3787,1560,0,1821
224,8,0,7,18,6879480,3775,1560,0,1829
225,9,0,13,12,6884040,3772,1560,0,1838
226,10,0,15,10,6910380,3769,1560,0,1848
227,8,0,10,15,6971040,3776,1560,0,1856
228,6,0,4,21,7010880,3773,1560,0,1862
229,9,0,4,21,7048560,3775,1560,0,1871
230,15,0,9,16,7069080,3766,1560,0,1886
231,13,0,11,14,7090020,3755,1560,0,1899
232,8,0,9,16,7113060,3747,1560,0,1907
233,6,0,7,18,7146420,3749,1560,0,1913
234,6,0,9,16,7172820,3755,1560,0,1919
235,6,0,8,17,7207860,3759,1560,0,1925
236,7,0,6,19,7235100,3756,1560,0,1932
237,3,0,5,20,7256340,3759,1560,0,1935
238,6,0,8,17,7287840,3770,1560,0,1941
239,7,0,8,17,7306980,3766,1560,0,1948
240,5,0,6,19,7335000,3767,1560,0,1953
241,5,0,3,22,7359480,3764,1560,0,1958
242,3,0,3,22,7371780,3764,1560,0,1961
243,6,0,6,19,7382160,3764,1560,0,1967
244,8,0,6,19,7399200,3757,1560,0,1975
245,5,0,4,21,7419480,3754,1560,0,1980
246,5,0,8,17,7426260,3756,1560,0,1985
247,5,0,6,19,7458480,3759,1560,0,1990
248,10,0,12,13,7467840,3756,1560,0,2000
249,17,0,16,9,7511220,3753,1560,0,2017
250,13,0,17,8,7549920,3750,1560,0,2030
251,7,0,9,16,7612320,3753,1560,0,2037
252,9,0,7,18,7662780,3758,1560,0,2046
253,14,0,15,10,7686420,3758,1560,0,2060
254,8,0,14,11,7718160,3757,1560,0,2068
255,15,0,15,10,7777860,3761,1560,0,2083
256,8,0,14,11,7817580,3763,1560,0,2091
257,9,0,13,12,7875060,3773,1560,0,2100
258,6,0,3,22,7933680,3772,1560,0,2106
259,10,0,8,17,7946820,3769,1560,0,2116
260,9,0,12,13,7958820,3766,1560,0,2125
261,1,0,4,21,7995780,3768,1560,0,2126
262,3,0,1,24,8025900,3771,1560,0,2129
263,5,0,4,21,8030280,3770,1560,0,2134
264,2,0,4,21,8036160,3769,1560,0,2136
265,4,0,5,20,8051640,3771,1560,0,2140
266,5,0,6,19,8064360,3770,1560,0,2145
267,1,0,3,22,8083920,3772,1560,0,2146
268,7,0,2,23,8108820,3769,1560,0,2153
269,8,0,5,20,8114580,3763,1560,0,2161
270,7,0,8,17,8121720,3760,1560,0,2168
271,11,0,8,17,8158620,3758,1560,0,2179
272,4,0,3,22,8190660,3757,1560,0,2183
273,12,0,10,15,8199540,3752,1560,0,2195
274,10,0,7,18,8229300,3743,1560,0,2205
275,9,0,8,17,8253720,3741,1560,0,2214
276,15,0,14,11,8281560,3738,1560,0,2229
277,8,0,11,14,8319240,3737,1560,0,2237
278,8,0,10,15,8362620,3741,1560,0,2245
279,13,0,11,14,8407500,3741,1560,0,2258
280,10,0,9,16,8446140,3738,1560,0,2268
281,8,0,8,17,8478840,3738,1560,0,2276
282,11,0,8,17,8522820,3739,1560,0,2287
283,6,0,8,17,8538060,3736,1560,0,2293
284,3,0,4,21,8572680,3740,1560,0,2296
285,6,0,7,18,8588700,3742,1560,0,2302
286,7,0,6,19,8621160,3743,1560,0,2309
287,7,0,6,19,8645760,3742,1560,0,2316
288,4,0,3,22,8674140,3743,1560,0,2320
289,6,0,4,21,8689080,3742,1560,0,2326
290,2,0,3,22,8704920,3744,1560,0,2328
291,4,0,4,21,8712720,3742,1560,0,2332
292,7,0,8,17,8720460,3741,1560,0,2339
293,3,0,3,22,8752200,3741,1560,0,2342
294,9,0,9,16,8759520,3740,1560,0,2351
295,7,0,11,14,8780040,3740,1560,0,2358
296,11,0,9,16,8830320,3741,1560,0,2369
297,12,0,11,14,8858220,3737,1560,0,2381
298,9,0,6,19,8897460,3732,1560,0,2390
299,10,0,10,15,8922060,3733,1560,0,2400
300,12,0,14,11,8949120,3731,1560,0,2412
301,11,0,13,12,8996760,3733,1560,0,2423
302,15,0,14,11,9036660,3727,1560,0,2438
303,8,0,10,15,9088500,3730,1560,0,2446
304,8,0,6,19,9129360,3729,1560,0,2454
305,6,0,7,18,9150300,3730,1560,0,2460
306,5,0,6,19,9183840,3734,1560,0,2465
307,6,0,5,20,9211260,3735,1560,0,2471
308,4,0,5,20,9224700,3734,1560,0,2475
309,10,0,4,21,9257820,3731,1560,0,2485
310,3,0,2,23,9278820,3732,1560,0,2488
311,2,0,2,23,9283200,3731,1560,0,2490
312,5,0,6,19,9291600,3733,1560,0,2495
313,7,0,7,18,9309720,3731,1560,0,2502
314,5,0,4,21,9334740,3729,1560,0,2507
315,6,0,6,19,9349560,3729,1560,0,2513
316,6,0,5,20,9370740,3727,1560,0,2519
317,9,0,9,16,9391080,3728,1560,0,2528
318,8,0,10,15,9415440,3727,1560,0,2536
319,8,0,8,17,9453720,3727,1560,0,2544
320,10,0,8,17,9476220,3722,1560,0,2554
321,8,0,5,20,9515580,3721,1560,0,2562
322,21,0,18,7,9537960,3718,1560,0,2583
323,10,0,18,7,9573300,3717,1560,0,2593
324,6,0,6,19,9656220,3723,1560,0,2599
325,8,0,7,18,9676080,3721,1560,0,2607
326,11,0,10,15,9690240,3715,1560,0,2618
327,18,0,19,6,9718500,3713,1560,0,2636
328,13,0,17,8,9761700,3708,1560,0,2649
329,11,0,12,13,9834660,3713,1560,0,2660
330,8,0,10,15,9871140,3713,1560,0,2668
331,7,0,11,14,9895020,3714,1560,0,2675
332,5,0,6,19,9942180,3718,1560,0,2680
333,8,0,5,20,9968400,3715,1560,0,2688
334,6,0,8,17,9982440,3716,1560,0,2694
335,5,0,5,20,10014420,3717,1560,0,2699
336,8,0,7,18,10030500,3715,1560,0,2707
337,7,0,8,17,10055700,3716,1560,0,2714
338,7,0,7,18,10080540,3714,1560,0,2721
339,8,0,8,17,10103520,3713,1560,0,2729
340,3,0,5,20,10136700,3717,1560,0,2732
341,7,0,9,16,10153020,3719,1560,0,2739
342,9,0,9,16,10180020,3716,1560,0,2748
343,3,0,5,20,10214160,3719,1560,0,2751
344,8,0,7,18,10234740,3719,1560,0,2759
345,10,0,13,12,10249860,3719,1560,0,2769
346,6,0,6,19,10291860,3716,1560,0,2775
347,11,0,9,16,10317480,3715,1560,0,2786
348,12,0,9,16,10369200,3717,1560,0,2798
349,10,0,11,14,10393200,3715,1560,0,2808
350,14,0,15,10,10424940,3713,1560,0,2822
351,13,0,15,10,10471440,3713,1560,0,2835
352,14,0,11,14,10532400,3711,1560,0,2849
353,12,0,9,16,10576980,3708,1560,0,2861
354,11,0,13,12,10601760,3708,1560,0,2872
355,5,0,7,18,10637940,3706,1560,0,2877
356,6,0,5,20,10671120,3707,1560,0,2883
357,12,0,9,16,10701900,3708,1560,0,2895
358,6,0,8,17,10715880,3704,1560,0,2901
359,6,0,7,18,10746960,3705,1560,0,2907
360,0,0,2,23,10765740,3705,1560,0,2907
361,8,0,5,20,10787220,3706,1560,0,2915
362,4,0,5,20,10799100,3705,1560,0,2919
363,6,0,6,19,10812180,3704,1560,0,2925
364,6,0,3,22,10842420,3703,1560,0,2931
365,13,0,11,14,10852800,3700,1560,0,2944
366,7,0,10,15,10888440,3702,1560,0,2951
367,9,0,9,16,10921620,3700,1560,0,2960
368,14,0,11,14,10967820,3701,1560,0,2974
369,7,0,7,18,11002440,3699,1560,0,2981
370,5,0,5,20,11029920,3700,1560,0,2986
371,7,0,5,20,11055720,3700,1560,0,2993
372,15,0,13,12,11073420,3697,1560,0,3008
373,9,0,10,15,11112480,3695,1560,0,3017
374,7,0,9,16,11152020,3698,1560,0,3024
375,6,0,5,20,11196000,3701,1560,0,3030
376,6,0,7,18,11205780,3699,1560,0,3036
377,17,0,17,8,11239560,3702,1560,0,3053
378,19,0,20,5,11278740,3695,1560,0,3072
379,9,0,11,14,11355300,3698,1560,0,3081
380,8,0,11,14,11395620,3702,1560,0,3089
381,9,0,8,17,11437920,3701,1560,0,3098
382,10,0,10,15,11479080,3705,1560,0,3108
383,10,0,11,14,11503920,3702,1560,0,3118
384,4,0,5,20,11542260,3703,1560,0,3122
385,5,0,4,21,11570460,3704,1560,0,3127
386,6,0,5,20,11580120,3702,1560,0,3133
387,6,0,6,19,11593680,3700,1560,0,3139
388,9,0,5,20,11632440,3701,1560,0,3148
389,5,0,6,19,11645040,3700,1560,0,3153
390,7,0,6,19,11672280,3700,1560,0,3160
391,6,0,9,16,11682660,3700,1560,0,3166
392,11,0,9,16,11730480,3702,1560,0,3177
393,10,0,13,12,11742180,3699,1560,0,3187
394,10,0,11,14,11810160,3706,1560,0,3197
395,13,0,12,13,11840100,3702,1560,0,3210
396,8,0,9,16,11877420,3701,1560,0,3218
397,11,0,10,15,11912280,3700,1560,0,3229
398,12,0,12,13,11934360,3695,1560,0,3241
399,5,0,6,19,11982540,3698,1560,0,3246
400,10,0,9,16,12006840,3697,1560,0,3256
401,6,0,5,20,12032880,3694,1560,0,3262
402,10,0,5,20,12063480,3692,1560,0,3272
403,11,0,10,15,12082020,3691,1560,0,3283
404,5,0,9,16,12101280,3690,1560,0,3288
405,10,0,12,13,12142140,3695,1560,0,3298
406,5,0,6,19,12179100,3693,1560,0,3303
407,7,0,5,20,12206580,3693,1560,0,3310
408,4,0,4,21,12233520,3695,1560,0,3314
409,3,0,4,21,12240960,3694,1560,0,3317
410,7,0,6,19,12267660,3697,1560,0,3324
411,8,0,3,22,12292680,3692,1560,0,3332
412,7,0,5,20,12301200,3689,1560,0,3339
413,8,0,9,16,12315300,3689,1560,0,3347
414,8,0,10,15,12342720,3689,1560,0,3355
415,6,0,8,17,12375000,3690,1560,0,3361
416,8,0,7,18,12404160,3689,1560,0,3369
417,7,0,4,21,12433980,3687,1560,0,3376
418,9,0,9,16,12453720,3688,1560,0,3385
419,11,0,5,20,12490560,3683,1560,0,3396
420,13,0,9,16,12504180,3677,1560,0,3409
421,13,0,9,16,12534240,3672,1560,0,3422
422,8,0,9,16,12562080,3672,1560,0,3430
423,15,0,13,12,12594660,3669,1560,0,3445
424,5,0,9,16,12622740,3668,1560,0,3450
425,7,0,7,18,12658920,3669,1560,0,3457
426,8,0,7,18,12691200,3670,1560,0,3465
427,5,0,8,17,12705180,3669,1560,0,3470
428,7,0,9,16,12736860,3672,1560,0,3477
429,8,0,8,17,12768000,3672,1560,0,3485
430,5,0,2,23,12809580,3672,1560,0,3490
431,7,0,5,20,12819060,3670,1560,0,3497
432,6,0,6,19,12830640,3669,1560,0,3503
433,2,0,4,21,12847020,3669,1560,0,3505
434,2,0,3,22,12860700,3670,1560,0,3507
435,5,0,6,19,12874680,3672,1560,0,3512
436,6,0,5,20,12895620,3670,1560,0,3518
437,8,0,9,16,12908880,3670,1560,0,3526
438,9,0,5,20,12941160,3666,1560,0,3535
439,7,0,9,16,12964620,3669,1560,0,3542
440,5,0,4,21,13000800,3669,1560,0,3547
441,7,0,7,18,13017720,3670,1560,0,3554
442,5,0,8,17,13027680,3668,1560,0,3559
443,9,0,10,15,13060080,3670,1560,0,3568
444,8,0,11,14,13086000,3670,1560,0,3576
445,10,0,11,14,13116180,3668,1560,0,3586
446,1,0,2,23,13162320,3671,1560,0,3587
447,12,0,13,12,13170360,3672,1560,0,3599
448,9,0,11,14,13200240,3669,1560,0,3608
449,10,0,11,14,13230060,3667,1560,0,3618
450,5,0,5,20,13275840,3669,1560,0,3623
451,13,0,12,13,13294560,3668,1560,0,3636
452,12,0,11,14,13339440,3667,1560,0,3648
453,7,0,8,17,13374960,3667,1560,0,3655
454,7,0,5,20,13410000,3666,1560,0,3662
455,4,0,7,18,13424220,3668,1560,0,3666
456,8,0,9,16,13449000,3669,1560,0,3674
457,4,0,9,16,13471140,3671,1560,0,3678
458,6,0,6,19,13507860,3672,1560,0,3684
459,4,0,4,21,13534140,3673,1560,0,3688
460,7,0,7,18,13543680,3672,1560,0,3695
461,7,0,8,17,13568340,3673,1560,0,3702
462,10,0,6,19,13600620,3669,1560,0,3712
463,7,0,8,17,13606560,3666,1560,0,3719
464,10,0,9,16,13642020,3667,1560,0,3729
465,6,0,8,17,13656540,3664,1560,0,3735
466,7,0,9,16,13686840,3666,1560,0,3742
467,8,0,9,16,13718520,3667,1560,0,3750
468,12,0,14,11,13737900,3665,1560,0,3762
469,8,0,8,17,13801920,3668,1560,0,3770
470,14,0,15,10,13831200,3669,1560,0,3784
471,11,0,10,15,13882080,3667,1560,0,3795
472,15,0,11,14,13934340,3667,1560,0,3810
473,13,0,16,9,13955520,3665,1560,0,3823
474,5,0,7,18,14011080,3666,1560,0,3828
475,6,0,5,20,14043540,3667,1560,0,3834
476,7,0,7,18,14055840,3666,1560,0,3841
477,7,0,8,17,14076600,3665,1560,0,3848
478,3,0,3,22,14105400,3665,1560,0,3851
479,6,0,5,20,14112900,3663,1560,0,3857
480,7,0,8,17,14122320,3662,1560,0,3864
481,1,0,4,21,14154540,3666,1560,0,3865
482,2,0,2,23,14170380,3666,1560,0,3867
483,10,0,5,20,14193120,3665,1560,0,3877
484,6,0,6,19,14207520,3664,1560,0,3883
485,6,0,5,20,14231280,3664,1560,0,3889
486,11,0,9,16,14249820,3662,1560,0,3900
487,6,0,8,17,14279820,3663,1560,0,3906
488,11,0,10,15,14318220,3664,1560,0,3917
489,9,0,9,16,14349420,3663,1560,0,3926
490,4,0,5,20,14374560,3662,1560,0,3930
491,14,0,12,13,14396820,3661,1560,0,3944
492,5,0,10,15,14419440,3660,1560,0,3949
493,3,0,4,21,14455980,3661,1560,0,3952
494,11,0,7,18,14485980,3661,1560,0,3963
495,6,0,7,18,14510340,3662,1560,0,3969
496,5,0,9,16,14520240,3662,1560,0,3974
497,12,0,10,15,14569920,3664,1560,0,3986
498,10,0,10,15,14615640,3666,1560,0,3996
499,6,0,6,19,14655240,3667,1560,0,4002
500,12,0,6,19,14687040,3664,1560,0,4014
501,15,0,12,13,14706600,3661,1560,0,4029
502,5,0,6,19,14743080,3660,1560,0,4034
503,8,0,9,16,14768460,3661,1560,0,4042
504,4,0,6,19,14795160,3662,1560,0,4046
505,8,0,8,17,14827260,3664,1560,0,4054
506,7,0,5,20,14859480,3663,1560,0,4061
507,5,0,4,21,14881380,3663,1560,0,4066
508,3,0,3,22,14891400,3662,1560,0,4069
509,6,0,7,18,14904720,3663,1560,0,4075
510,4,0,5,20,14929020,3664,1560,0,4079
511,8,0,5,20,14960880,3665,1560,0,4087
512,6,0,8,17,14967240,3663,1560,0,4093
513,11,0,14,11,14983980,3663,1560,0,4104
514,9,0,14,11,15018720,3663,1560,0,4113
515,11,0,7,18,15090300,3665,1560,0,4124
516,13,0,11,14,15125460,3665,1560,0,4137
517,11,0,12,13,15153540,3663,1560,0,4148
518,12,0,13,12,15198060,3664,1560,0,4160
519,15,0,17,8,15250740,3667,1560,0,4175
520,11,0,15,10,15288360,3665,1560,0,4186
521,8,0,12,13,15336180,3667,1560,0,4194
522,13,0,8,17,15400440,3667,1560,0,4207
523,13,0,14,11,15420120,3666,1560,0,4220
524,5,0,7,18,15466620,3666,1560,0,4225
525,5,0,4,21,15496080,3666,1560,0,4230
526,7,0,5,20,15516660,3666,1560,0,4237
527,7,0,8,17,15538080,3668,1560,0,4244
528,6,0,6,19,15548220,3663,1560,0,4250
529,6,0,6,19,15582420,3666,1560,0,4256
530,3,0,5,20,15597960,3666,1560,0,4259
531,3,0,6,19,15603300,3666,1560,0,4262
532,7,0,10,15,15610200,3665,1560,0,4269
533,10,0,10,15,15671640,3671,1560,0,4279
534,5,0,6,19,15709560,3672,1560,0,4284
535,7,0,7,18,15740580,3674,1560,0,4291
536,11,0,11,14,15750300,3670,1560,0,4302
537,7,0,9,16,15801000,3674,1560,0,4309
538,9,0,7,18,15842640,3674,1560,0,4318
539,13,0,13,12,15866760,3674,1560,0,4331
540,12,0,12,13,15898800,3670,1560,0,4343
541,9,0,11,14,15934560,3670,1560,0,4352
542,13,0,12,13,15985860,3672,1560,0,4365
543,11,0,9,16,16027260,3670,1560,0,4376
544,13,0,13,12,16052640,3668,1560,0,4389
545,10,0,9,16,16110780,3669,1560,0,4399
546,17,0,17,8,16141680,3669,1560,0,4416
547,9,0,11,14,16195740,3669,1560,0,4425
548,4,0,5,20,16230900,3668,1560,0,4429
549,3,0,2,23,16258380,3670,1560,0,4432
550,6,0,4,21,16266900,3668,1560,0,4438
551,8,0,7,18,16273440,3666,1560,0,4446
552,5,0,6,19,16300020,3667,1560,0,4451
553,4,0,6,19,16318680,3667,1560,0,4455
554,6,0,4,21,16348080,3667,1560,0,4461
555,8,0,5,20,16362660,3665,1560,0,4469
556,6,0,5,20,16375800,3663,1560,0,4475
557,9,0,6,19,16402980,3663,1560,0,4484
558,10,0,4,21,16423560,3657,1560,0,4494
559,7,0,8,17,16432920,3657,1560,0,4501
560,4,0,4,21,16454820,3655,1560,0,4505
561,5,0,2,23,16478940,3655,1560,0,4510
562,12,0,8,17,16487400,3652,1560,0,4522
563,11,0,10,15,16512660,3650,1560,0,4533
564,8,0,9,16,16544400,3650,1560,0,4541
565,10,0,13,12,16565100,3650,1560,0,4551
566,8,0,8,17,16633380,3654,1560,0,4559
567,15,0,9,16,16672320,3652,1560,0,4574
568,8,0,5,20,16714860,3651,1560,0,4582
569,13,0,6,19,16736400,3647,1560,0,4595
570,7,0,5,20,16756800,3645,1560,0,4602
571,6,0,6,19,16765560,3643,1560,0,4608
572,11,0,11,14,16781400,3641,1560,0,4619
573,7,0,8,17,16813740,3640,1560,0,4626
574,6,0,7,18,16852380,3643,1560,0,4632
575,3,0,4,21,16875780,3644,1560,0,4635
576,5,0,2,23,16905540,3645,1560,0,4640
577,4,0,4,21,16907040,3643,1560,0,4644
578,4,0,2,23,16929720,3643,1560,0,4648
579,3,0,4,21,16930200,3643,1560,0,4651
580,8,0,8,17,16946820,3643,1560,0,4659
581,6,0,5,20,16966320,3640,1560,0,4665
582,10,0,6,19,16989540,3638,1560,0,4675
583,7,0,7,18,17005140,3637,1560,0,4682
584,7,0,8,17,17016000,3635,1560,0,4689
585,9,0,9,16,17062620,3638,1560,0,4698
586,12,0,13,12,17088540,3638,1560,0,4710
587,8,0,10,15,17126940,3637,1560,0,4718
588,12,0,13,12,17166420,3639,1560,0,4730
589,18,0,17,8,17202420,3636,1560,0,4748
590,12,0,14,11,17267580,3638,1560,0,4760
591,13,0,13,12,17313720,3637,1560,0,4773
592,8,0,11,14,17352060,3637,1560,0,4781
593,5,0,9,16,17395680,3641,1560,0,4786
594,5,0,5,20,17429640,3641,1560,0,4791
595,6,0,4,21,17460900,3643,1560,0,4797
596,6,0,7,18,17467200,3642,1560,0,4803
597,4,0,6,19,17491500,3643,1560,0,4807
598,4,0,6,19,17506260,3643,1560,0,4811
599,5,0,4,21,17535000,3644,1560,0,4816
600,4,0,4,21,17559900,3646,1560,0,4820
601,4,0,4,21,17576100,3646,1560,0,4824
602,4,0,3,22,17591280,3645,1560,0,4828
603,2,0,2,23,17602620,3645,1560,0,4830
604,4,0,3,22,17608320,3644,1560,0,4834
605,4,0,3,22,17617440,3643,1560,0,4838
606,8,0,6,19,17627100,3641,1560,0,4846
607,11,0,9,16,17644620,3639,1560,0,4857
608,9,0,12,13,17660820,3638,1560,0,4866
609,16,0,17,8,17703540,3638,1560,0,4882
610,10,0,11,14,17764980,3639,1560,0,4892
611,9,0,10,15,17796840,3638,1560,0,4901
612,11,0,10,15,17842380,3639,1560,0,4912
613,11,0,13,12,17872500,3640,1560,0,4923
614,9,0,12,13,17911920,3640,1560,0,4932
615,10,0,8,17,17972160,3642,1560,0,4942
616,6,0,6,19,18006180,3643,1560,0,4948
617,13,0,12,13,18029940,3643,1560,0,4961
618,10,0,12,13,18055980,3641,1560,0,4971
619,4,0,10,15,18085500,3642,1560,0,4975
620,3,0,5,20,18134520,3646,1560,0,4978
621,5,0,6,19,18153780,3647,1560,0,4983
622,7,0,9,16,18165180,3646,1560,0,4990
623,10,0,12,13,18200820,3648,1560,0,5000
624,2,0,2,23,18253140,3650,1560,0,5002
625,3,0,2,23,18264900,3650,1560,0,5005
626,6,0,4,21,18274380,3649,1560,0,5011
627,7,0,5,20,18291960,3648,1560,0,5018
628,4,0,4,21,18310200,3648,1560,0,5022
629,4,0,5,20,18323160,3649,1560,0,5026
630,5,0,6,19,18339480,3649,1560,0,5031
631,7,0,10,15,18346620,3648,1560,0,5038
632,11,0,10,15,18387180,3648,1560,0,5049
633,11,0,16,9,18401880,3648,1560,0,5060
634,16,0,16,9,18446580,3645,1560,0,5076
635,6,0,11,14,18511080,3650,1560,0,5082
636,13,0,12,13,18556620,3650,1560,0,5095
637,12,0,14,11,18609180,3653,1560,0,5107
638,6,0,13,12,18633660,3653,1560,0,5113
639,8,0,11,14,18694680,3658,1560,0,5121
640,8,0,7,18,18740520,3658,1560,0,5129
641,13,0,12,13,18773880,3659,1560,0,5142
642,7,0,13,12,18789960,3658,1560,0,5149
643,8,0,8,17,18857760,3662,1560,0,5157
644,9,0,9,16,18892380,3663,1560,0,5166
645,2,0,3,22,18930720,3665,1560,0,5168
646,8,0,5,20,18959100,3666,1560,0,5176
647,6,0,7,18,18973080,3666,1560,0,5182
648,3,0,4,21,18991200,3665,1560,0,5185
649,3,0,3,22,19013160,3666,1560,0,5188
650,1,0,2,23,19025700,3667,1560,0,5189
651,4,0,4,21,19035420,3668,1560,0,5193
652,6,0,7,18,19044120,3667,1560,0,5199
653,11,0,8,17,19069440,3665,1560,0,5210
654,6,0,8,17,19091580,3665,1560,0,5216
655,4,0,6,19,19116540,3666,1560,0,5220
656,8,0,8,17,19138320,3666,1560,0,5228
657,7,0,5,20,19164120,3664,1560,0,5235
658,7,0,6,19,19173780,3661,1560,0,5242
659,7,0,8,17,19187040,3660,1560,0,5249
660,7,0,6,19,19221840,3661,1560,0,5256
661,14,0,11,14,19249200,3660,1560,0,5270
662,7,0,8,17,19278900,3658,1560,0,5277
663,5,0,8,17,19297260,3658,1560,0,5282
664,5,0,6,19,19333080,3660,1560,0,5287
665,5,0,6,19,19355760,3661,1560,0,5292
666,14,0,14,11,19374660,3661,1560,0,5306
667,9,0,12,13,19410900,3660,1560,0,5315
668,7,0,7,18,19470240,3663,1560,0,5322
669,7,0,12,13,19477020,3663,1560,0,5329
670,8,0,8,17,19524540,3663,1560,0,5337
671,3,0,2,23,19558140,3663,1560,0,5340
672,6,0,5,20,19568220,3663,1560,0,5346
673,3,0,7,18,19571700,3663,1560,0,5349
674,7,0,9,16,19582440,3662,1560,0,5356
675,5,0,10,15,19593600,3661,1560,0,5361
676,3,0,9,16,19616280,3663,1560,0,5364
677,9,0,9,16,19644420,3662,1560,0,5373
678,8,0,11,14,19655040,3660,1560,0,5381
679,7,0,12,13,19678920,3660,1560,0,5388
680,9,0,17,8,19699200,3661,1560,0,5397
681,12,0,16,9,19753080,3662,1560,0,5409
682,13,0,17,8,19804380,3664,1560,0,5422
683,11,0,17,8,19828440,3661,1560,0,5433
684,12,0,15,10,19890180,3663,1560,0,5445
685,16,0,21,4,19930560,3663,1560,0,5461
686,9,0,17,8,19968480,3661,1560,0,5470
687,7,0,11,14,20013960,3661,1560,0,5477
688,8,0,13,12,20036700,3661,1560,0,5485
689,13,0,19,6,20063700,3661,1560,0,5498
690,6,0,13,12,20121300,3664,1560,0,5504
691,8,0,17,8,20136780,3664,1560,0,5512
692,7,0,12,13,20195040,3667,1560,0,5519
693,3,0,11,14,20218260,3668,1560,0,5522
694,6,0,10,15,20247480,3669,1560,0,5528
695,5,0,10,15,20260980,3668,1560,0,5533
696,4,0,7,18,20284800,3668,1560,0,5537
697,5,0,9,16,20297100,3668,1560,0,5542
698,5,0,9,16,20312640,3667,1560,0,5547
699,6,0,6,19,20349780,3668,1560,0,5553
700,5,0,10,15,20356020,3669,1560,0,5558
701,8,0,12,13,20370240,3667,1560,0,5566
702,13,0,18,7,20390280,3666,1560,0,5579
703,6,0,14,11,20421000,3665,1560,0,5585
704,13,0,17,8,20473980,3668,1560,0,5598
705,12,0,21,4,20501640,3668,1560,0,5610
706,14,0,18,7,20565960,3668,1560,0,5624
707,8,0,13,12,20616240,3669,1560,0,5632
708,7,0,11,14,20661540,3671,1560,0,5639
709,9,0,9,16,20689200,3668,1560,0,5648
710,15,0,16,9,20704440,3666,1560,0,5663
711,12,0,17,8,20731680,3664,1560,0,5675
712,13,0,16,9,20792100,3665,1560,0,5688
713,15,0,17,8,20834760,3664,1560,0,5703
714,5,0,10,15,20889360,3666,1560,0,5708
715,4,0,6,19,20922300,3666,1560,0,5712
716,6,0,8,17,20926860,3664,1560,0,5718
717,9,0,13,12,20937240,3664,1560,0,5727
718,9,0,19,6,20952540,3664,1560,0,5736
719,2,0,12,13,21001080,3667,1560,0,5738
720,4,0,7,18,21044820,3669,1560,0,5742
721,8,0,9,16,21063300,3668,1560,0,5750
722,5,0,11,14,21069780,3668,1560,0,5755
723,5,0,10,15,21089940,3667,1560,0,5760
724,8,0,13,12,21123240,3670,1560,0,5768
725,8,0,11,14,21149040,3668,1560,0,5776
726,8,0,16,9,21160860,3668,1560,0,5784
727,9,0,13,12,21216840,3670,1560,0,5793
728,8,0,11,14,21256500,3671,1560,0,5801
729,11,0,14,11,21278820,3670,1560,0,5812
730,9,0,15,10,21305640,3669,1560,0,5821
731,12,0,19,6,21328440,3668,1560,0,5833
732,10,0,15,10,21383220,3669,1560,0,5843
733,8,0,11,14,21435840,3670,1560,0,5851
734,7,0,13,12,21461100,3671,1560,0,5858
735,9,0,14,11,21491940,3671,1560,0,5867
736,8,0,11,14,21528300,3671,1560,0,5875
737,8,0,11,14,21564480,3672,1560,0,5883
738,7,0,10,15,21582660,3670,1560,0,5890
739,7,0,11,14,21605040,3670,1560,0,5897
740,3,0,12,13,21613500,3670,1560,0,5900
741,6,0,9,16,21651960,3671,1560,0,5906
742,5,0,9,16,21673440,3672,1560,0,5911
743,3,0,8,17,21687960,3672,1560,0,5914
744,5,0,9,16,21701940,3672,1560,0,5919
745,4,0,8,17,21720720,3672,1560,0,5923
746,3,0,6,19,21744240,3673,1560,0,5926
747,2,0,6,19,21745980,3672,1560,0,5928
748,7,0,9,16,21757680,3671,1560,0,5935
749,4,0,10,15,21767160,3671,1560,0,5939
750,5,0,8,17,21789480,3670,1560,0,5944
751,5,0,7,18,21805200,3669,1560,0,5949
752,6,0,9,16,21813180,3668,1560,0,5955
753,13,0,19,6,21820260,3667,1560,0,5968
754,15,0,19,6,21862140,3665,1560,0,5983
755,9,0,14,11,21911880,3665,1560,0,5992
756,7,0,8,17,21967740,3666,1560,0,5999
757,12,0,15,10,21986220,3666,1560,0,6011
758,10,0,17,8,22008960,3665,1560,0,6021
759,12,0,13,12,22076700,3667,1560,0,6033
760,14,0,18,7,22105020,3666,1560,0,6047
761,11,0,19,6,22150560,3667,1560,0,6058
762,10,0,15,10,22206180,3668,1560,0,6068
763,12,0,11,14,22262940,3668,1560,0,6080
764,5,0,8,17,22287780,3667,1560,0,6085
765,10,0,14,11,22298520,3666,1560,0,6095
766,4,0,11,14,22325640,3667,1560,0,6099
767,5,0,8,17,22363980,3668,1560,0,6104
768,3,0,7,18,22379700,3668,1560,0,6107
769,2,0,7,18,22390980,3669,1560,0,6109
770,7,0,9,16,22402860,3668,1560,0,6116
771,6,0,10,15,22415160,3667,1560,0,6122
772,6,0,8,17,22438140,3666,1560,0,6128
773,8,0,10,15,22459380,3666,1560,0,6136
774,10,0,15,10,22479960,3666,1560,0,6146
775,7,0,13,12,22506660,3665,1560,0,6153
776,7,0,13,12,22541880,3667,1560,0,6160
777,10,0,14,11,22575000,3667,1560,0,6170
778,17,0,20,5,22605780,3665,1560,0,6187
779,10,0,14,11,22650780,3663,1560,0,6197
780,7,0,11,14,22688160,3663,1560,0,6204
781,8,0,10,15,22718160,3663,1560,0,6212
782,11,0,15,10,22734780,3662,1560,0,6223
783,7,0,10,15,22778100,3662,1560,0,6230
784,12,0,14,11,22801740,3661,1560,0,6242
785,6,0,11,14,22839840,3661,1560,0,6248
786,9,0,15,10,22866480,3663,1560,0,6257
787,14,0,15,10,22914960,3662,1560,0,6271
788,9,0,14,11,22948680,3662,1560,0,6280
789,6,0,12,13,22979220,3662,1560,0,6286
790,6,0,9,16,23017500,3663,1560,0,6292
791,8,0,10,15,23044800,3663,1560,0,6300
792,5,0,9,16,23064540,3663,1560,0,6305
793,3,0,7,18,23079120,3662,1560,0,6308
794,7,0,12,13,23090040,3663,1560,0,6315
795,5,0,10,15,23106420,3661,1560,0,6320
796,1,0,6,19,23130960,3662,1560,0,6321
797,8,0,11,14,23146500,3663,1560,0,6329
798,8,0,12,13,23161440,3661,1560,0,6337
799,7,0,12,13,23177460,3660,1560,0,6344
800,11,0,15,10,23218200,3662,1560,0,6355
801,8,0,12,13,23239440,3659,1560,0,6363
802,7,0,14,11,23258340,3659,1560,0,6370
803,8,0,15,10,23281980,3658,1560,0,6378
804,14,0,16,9,23333760,3659,1560,0,6392
805,6,0,10,15,23368200,3658,1560,0,6398
806,8,0,11,14,23394360,3658,1560,0,6406
807,10,0,11,14,23423460,3657,1560,0,6416
808,13,0,10,15,23455740,3654,1560,0,6429
809,8,0,15,10,23465940,3653,1560,0,6437
810,8,0,12,13,23506080,3653,1560,0,6445
811,10,0,15,10,23542620,3655,1560,0,6455
812,6,0,15,10,23561520,3655,1560,0,6461
813,6,0,11,14,23612760,3657,1560,0,6467
814,6,0,11,14,23634900,3657,1560,0,6473
815,6,0,14,11,23647200,3657,1560,0,6479
816,4,0,9,16,23690760,3659,1560,0,6483
817,11,0,13,12,23710740,3658,1560,0,6494
818,2,0,9,16,23737500,3659,1560,0,6496
819,4,0,6,19,23775720,3661,1560,0,6500
820,7,0,9,16,23794560,3661,1560,0,6507
821,9,0,9,16,23805780,3658,1560,0,6516
822,7,0,6,19,23824740,3655,1560,0,6523
823,5,0,9,16,23831760,3655,1560,0,6528
824,5,0,9,16,23845020,3654,1560,0,6533
825,8,0,12,13,23855580,3653,1560,0,6541
826,6,0,12,13,23889420,3655,1560,0,6547
827,14,0,15,10,23929560,3655,1560,0,6561
828,14,0,16,9,23964240,3653,1560,0,6575
829,8,0,11,14,24012360,3653,1560,0,6583
830,11,0,14,11,24037500,3653,1560,0,6594
831,8,0,13,12,24073920,3653,1560,0,6602
832,10,0,15,10,24102480,3653,1560,0,6612
833,5,0,11,14,24138300,3653,1560,0,6617
834,7,0,13,12,24157620,3654,1560,0,6624
835,7,0,6,19,24203760,3653,1560,0,6631
836,6,0,10,15,24209100,3653,1560,0,6637
837,11,0,16,9,24222900,3652,1560,0,6648
838,7,0,15,10,24251880,3652,1560,0,6655
839,4,0,11,14,24292980,3654,1560,0,6659
840,5,0,6,19,24330780,3654,1560,0,6664
841,3,0,6,19,24335580,3653,1560,0,6667
842,3,0,8,17,24338700,3653,1560,0,6670
843,8,0,13,12,24351720,3653,1560,0,6678
844,5,0,9,16,24390960,3654,1560,0,6683
845,0,0,4,21,24417300,3655,1560,0,6683
846,4,0,8,17,24417300,3655,1560,0,6687
847,11,0,12,13,24428460,3653,1560,0,6698
848,7,0,11,14,24453600,3653,1560,0,6705
849,12,0,11,14,24492960,3652,1560,0,6717
850,13,0,12,13,24520440,3649,1560,0,6730
851,15,0,15,10,24555180,3648,1560,0,6745
852,20,1,25,0,24581880,3647,2100,0,6765
853,9,0,12,13,24671040,3648,2220,0,6774
854,10,0,12,13,24704640,3648,2220,0,6784
855,11,0,15,10,24734760,3648,2220,0,6795
856,12,0,14,11,24773460,3646,2220,0,6807
857,13,0,17,8,24818820,3648,2220,0,6820
858,12,0,22,3,24837600,3647,2220,0,6832
859,12,0,19,6,24898140,3648,2280,0,6844
860,2,0,10,15,24960360,3651,2280,0,6846
861,5,0,9,16,24989460,3652,2280,0,6851
862,2,0,8,17,25006980,3653,2280,0,6853
863,4,0,7,18,25026540,3653,2280,0,6857
864,4,0,8,17,25036560,3653,2280,0,6861
865,4,0,9,16,25047000,3653,2280,0,6865
866,11,0,12,13,25068480,3652,2280,0,6876
867,5,0,9,16,25099200,3652,2280,0,6881
868,7,0,9,16,25118580,3651,2280,0,6888
869,6,0,10,15,25128660,3650,2280,0,6894
870,8,0,11,14,25149060,3649,2280,0,6902
871,4,0,10,15,25170660,3650,2280,0,6906
872,4,0,8,17,25195500,3650,2280,0,6910
873,11,0,12,13,25209180,3648,2280,0,6921
874,11,0,13,12,25247760,3649,2280,0,6932
875,9,0,12,13,25270740,3647,2280,0,6941
876,14,0,18,7,25310040,3648,2280,0,6955
877,10,0,14,11,25352580,3647,2280,0,6965
878,12,0,19,6,25374060,3646,2280,0,6977
879,15,0,21,4,25430040,3647,2280,0,6992
880,6,0,19,6,25468680,3649,2280,0,6998
881,9,0,15,10,25540140,3652,2280,0,7007
882,6,0,11,14,25587300,3654,2280,0,7013
883,7,0,9,16,25621140,3654,2280,0,7020
884,3,0,9,16,25635900,3654,2280,0,7023
885,8,0,9,16,25665240,3654,2280,0,7031
886,6,0,9,16,25687320,3654,2280,0,7037
887,8,0,10,15,25705080,3653,2280,0,7045
888,6,0,7,18,25735980,3653,2280,0,7051
889,6,0,10,15,25739280,3652,2280,0,7057
890,8,0,12,13,25768260,3653,2280,0,7065
891,2,0,8,17,25791540,3653,2280,0,7067
892,6,0,7,18,25814880,3653,2280,0,7073
893,5,0,8,17,25827240,3653,2280,0,7078
894,12,0,14,11,25840500,3651,2280,0,7090
895,10,0,16,9,25858080,3650,2280,0,7100
896,16,0,18,7,25917420,3651,2280,0,7116
897,7,0,14,11,25951320,3650,2280,0,7123
898,10,0,12,13,25997100,3650,2280,0,7133
899,10,0,13,12,26029260,3650,2280,0,7143
900,6,0,13,12,26049120,3650,2280,0,7149
901,8,0,14,11,26082420,3651,2280,0,7157
902,9,0,8,17,26125260,3649,2280,0,7166
903,4,0,8,17,26138520,3649,2280,0,7170
904,7,0,11,14,26144160,3648,2280,0,7177
905,9,0,13,12,26174760,3649,2280,0,7186
906,6,0,9,16,26211360,3649,2280,0,7192
907,5,0,7,18,26230260,3648,2280,0,7197
908,7,0,9,16,26246400,3647,2280,0,7204
909,5,0,11,14,26261220,3648,2280,0,7209
910,7,0,11,14,26285940,3648,2280,0,7216
911,3,0,10,15,26302800,3648,2280,0,7219
912,8,0,12,13,26337120,3650,2280,0,7227
913,4,0,12,13,26353860,3650,2280,0,7231
914,6,0,9,16,26388480,3650,2280,0,7237
915,6,0,14,11,26399580,3651,2280,0,7243
916,9,0,14,11,26429880,3651,2280,0,7252
917,7,0,14,11,26467260,3653,2280,0,7259
918,5,0,6,19,26515560,3653,2280,0,7264
919,6,0,12,13,26515560,3653,2280,0,7270
920,10,0,11,14,26541960,3651,2280,0,7280
921,8,0,13,12,26559480,3650,2280,0,7288
922,13,0,13,12,26598840,3649,2280,0,7301
923,9,0,14,11,26621940,3648,2280,0,7310
924,14,0,23,2,26648040,3649,2280,0,7324
925,6,0,16,9,26705640,3651,2280,0,7330
926,8,0,13,12,26764380,3653,2280,0,7338
927,12,0,15,10,26798160,3653,2280,0,7350
928,12,0,18,7,26832960,3653,2280,0,7362
929,9,0,15,10,26879160,3654,2280,0,7371
930,16,0,17,8,26921760,3652,2280,0,7387
931,6,0,10,15,26976960,3653,2280,0,7393
932,7,0,12,13,26991960,3653,2280,0,7400
933,7,0,11,14,27016920,3652,2280,0,7407
934,8,0,11,14,27046860,3653,2280,0,7415
935,3,0,11,14,27059940,3653,2280,0,7418
936,6,0,8,17,27092460,3653,2280,0,7424
937,4,0,8,17,27106200,3653,2280,0,7428
938,10,0,12,13,27122760,3652,2280,0,7438
939,8,0,13,12,27136740,3650,2280,0,7446
940,7,0,12,13,27161220,3650,2280,0,7453
941,4,0,9,16,27190620,3650,2280,0,7457
942,6,0,11,14,27220800,3652,2280,0,7463
943,6,0,11,14,27239160,3652,2280,0,7469
944,5,0,12,13,27260640,3653,2280,0,7474
945,10,0,15,10,27285960,3653,2280,0,7484
946,9,0,10,15,27337320,3653,2280,0,7493
947,13,0,9,16,27369420,3650,2280,0,7506
948,13,0,12,13,27396900,3649,2280,0,7519
949,10,0,11,14,27419640,3647,2280,0,7529
950,9,0,15,10,27437760,3647,2280,0,7538
951,11,0,13,12,27479460,3646,2280,0,7549
952,11,0,13,12,27511740,3645,2280,0,7560
953,10,0,16,9,27534060,3644,2280,0,7570
954,8,0,12,13,27573960,3644,2280,0,7578
955,4,0,12,13,27591240,3644,2280,0,7582
956,4,0,8,17,27629820,3646,2280,0,7586
957,8,0,14,11,27637020,3646,2280,0,7594
958,5,0,14,11,27657480,3646,2280,0,7599
959,4,0,7,18,27702180,3646,2280,0,7603
960,6,0,9,16,27714360,3646,2280,0,7609
961,5,0,10,15,27732000,3647,2280,0,7614
962,4,0,9,16,27746040,3646,2280,0,7618
963,8,0,11,14,27766380,3646,2280,0,7626
964,9,0,10,15,27796980,3645,2280,0,7635
965,7,0,12,13,27809940,3644,2280,0,7642
966,7,0,15,10,27821700,3644,2280,0,7649
967,8,0,15,10,27855240,3645,2280,0,7657
968,9,0,14,11,27900960,3646,2280,0,7666
969,9,0,14,11,27931500,3645,2280,0,7675
970,11,0,15,10,27974580,3646,2280,0,7686
971,9,0,17,8,28005000,3647,2280,0,7695
972,7,0,13,12,28049640,3648,2280,0,7702
973,12,0,12,13,28088640,3646,2280,0,7714
974,5,0,10,15,28116540,3647,2280,0,7719
975,12,0,13,12,28140840,3646,2280,0,7731
976,10,0,10,15,28179600,3645,2280,0,7741
977,9,0,9,16,28207140,3643,2280,0,7750
978,10,0,15,10,28213080,3642,2280,0,7760
979,8,0,13,12,28235280,3640,2280,0,7768
980,5,0,4,21,28292040,3641,2280,0,7773
981,5,0,7,18,28293300,3640,2280,0,7778
982,9,0,13,12,28301880,3640,2280,0,7787
983,9,0,16,9,28317660,3639,2280,0,7796
984,9,0,12,13,28368060,3640,2280,0,7805
985,5,0,10,15,28401840,3641,2280,0,7810
986,7,0,10,15,28428600,3641,2280,0,7817
987,5,0,8,17,28453560,3641,2280,0,7822
988,3,0,7,18,28468620,3641,2280,0,7825
989,8,0,10,15,28481220,3640,2280,0,7833
990,5,0,11,14,28497180,3640,2280,0,7838
991,10,0,12,13,28516320,3639,2280,0,7848
992,9,0,13,12,28545300,3639,2280,0,7857
993,10,0,16,9,28565880,3638,2280,0,7867
994,16,0,18,7,28608420,3637,2280,0,7883
995,16,0,18,7,28649400,3635,2340,0,7899
996,12,0,12,13,28717740,3635,2340,0,7911
997,10,0,15,10,28740480,3635,2340,0,7921
998,14,0,18,7,28778160,3634,2340,0,7935
999,11,0,16,9,28823580,3634,2340,0,7946
1000,6,0,10,15,28887240,3637,2340,0,7952
1001,9,0,12,13,28905540,3636,2340,0,7961
1002,6,0,10,15,28928580,3635,2340,0,7967
1003,8,0,14,11,28948920,3636,2340,0,7975
1004,7,0,12,13,28980960,3636,2340,0,7982
1005,8,0,9,16,29025480,3636,2340,0,7990
1006,4,0,8,17,29038980,3636,2340,0,7994
1007,7,0,10,15,29054760,3635,2340,0,8001
1008,7,0,9,16,29067840,3633,2340,0,8008
1009,6,0,10,15,29086080,3633,2340,0,8014
1010,2,0,5,20,29117820,3634,2340,0,8016
1011,8,0,11,14,29120520,3634,2340,0,8024
1012,6,0,10,15,29138160,3633,2340,0,8030
1013,5,0,9,16,29157840,3632,2340,0,8035
1014,8,0,12,13,29174100,3632,2340,0,8043
1015,8,0,11,14,29208660,3632,2340,0,8051
1016,8,0,11,14,29233560,3632,2340,0,8059
1017,8,0,14,11,29250360,3632,2340,0,8067
1018,14,0,17,8,29276040,3630,2340,0,8081
1019,5,0,11,14,29319600,3630,2340,0,8086
1020,9,0,14,11,29337900,3630,2340,0,8095
1021,9,0,15,10,29365080,3630,2340,0,8104
1022,10,0,13,12,29412300,3630,2340,0,8114
1023,11,0,13,12,29448780,3630,2340,0,8125
1024,11,0,16,9,29478780,3630,2340,0,8136
1025,7,0,12,13,29510400,3629,2340,0,8143
1026,5,0,13,12,29535360,3630,2340,0,8148
1027,7,0,14,11,29571120,3632,2340,0,8155
1028,10,0,13,12,29620260,3633,2340,0,8165
1029,9,0,12,13,29658240,3633,2340,0,8174
1030,10,0,18,7,29670900,3633,2340,0,8184
1031,2,0,10,15,29711700,3634,2340,0,8186
1032,9,0,13,12,29741760,3635,2340,0,8195
1033,4,0,10,15,29774100,3635,2340,0,8199
1034,6,0,8,17,29805900,3636,2340,0,8205
1035,4,0,11,14,29806680,3635,2340,0,8209
1036,5,0,8,17,29839260,3636,2340,0,8214
1037,6,0,9,16,29856120,3636,2340,0,8220
1038,9,0,13,12,29869680,3635,2340,0,8229
1039,8,0,12,13,29906520,3636,2340,0,8237
1040,11,0,19,6,29922000,3636,2340,0,8248
1041,3,0,12,13,29960040,3636,2340,0,8251
1042,11,0,14,11,29995500,3636,2340,0,8262
1043,9,0,14,11,30029220,3636,2340,0,8271
1044,10,0,16,9,30053820,3636,2340,0,8281
1045,17,0,21,4,30098400,3636,2340,0,8298
1046,10,0,14,11,30166860,3637,2340,0,8308
1047,10,0,15,10,30203640,3637,2340,0,8318
1048,10,0,13,12,30263880,3639,2340,0,8328
1049,8,0,13,12,30288960,3639,2340,0,8336
1050,6,0,9,16,30326940,3639,2340,0,8342
1051,4,0,10,15,30349020,3640,2340,0,8346
1052,12,0,16,9,30377760,3641,2340,0,8358
1053,10,0,13,12,30411480,3639,2340,0,8368
1054,7,0,13,12,30434340,3639,2340,0,8375
1055,4,0,11,14,30466500,3640,2340,0,8379
1056,3,0,6,19,30504060,3641,2340,0,8382
1057,4,0,6,19,30517560,3641,2340,0,8386
1058,1,0,6,19,30522480,3641,2340,0,8387
1059,9,0,12,13,30529980,3641,2340,0,8396
1060,9,0,14,11,30551400,3640,2340,0,8405
1061,7,0,12,13,30587700,3641,2340,0,8412
1062,6,0,12,13,30613440,3641,2340,0,8418
1063,12,0,17,8,30645720,3642,2340,0,8430
1064,9,0,15,10,30678360,3641,2340,0,8439
1065,12,0,14,11,30720240,3641,2340,0,8451
1066,10,0,14,11,30758160,3641,2340,0,8461
1067,11,0,21,4,30770100,3641,2340,0,8472
1068,11,0,16,9,30852060,3643,2340,0,8483
1069,9,0,13,12,30891000,3643,2340,0,8492
1070,8,0,12,13,30920580,3642,2340,0,8500
1071,6,0,10,15,30957720,3643,2340,0,8506
1072,5,0,9,16,30988260,3644,2340,0,8511
1073,5,0,7,18,31002420,3643,2340,0,8516
1074,6,0,10,15,31007220,3642,2340,0,8522
1075,6,0,11,14,31028940,3643,2340,0,8528
1076,8,0,9,16,31048920,3641,2340,0,8536
1077,6,0,7,18,31083240,3641,2340,0,8542
1078,3,0,6,19,31095840,3641,2340,0,8545
1079,3,0,7,18,31099140,3641,2340,0,8548
1080,5,0,10,15,31104600,3640,2340,0,8553
1081,6,0,7,18,31134780,3640,2340,0,8559
1082,11,0,13,12,31148880,3640,2340,0,8570
1083,2,0,6,19,31177440,3639,2340,0,8572
1084,12,0,13,12,31192860,3639,2340,0,8584
1085,4,0,7,18,31223700,3638,2340,0,8588
1086,7,0,10,15,31240380,3638,2340,0,8595
1087,7,0,10,15,31254120,3637,2340,0,8602
1088,15,0,14,11,31290540,3637,2340,0,8617
1089,8,0,14,11,31310880,3636,2340,0,8625
1090,5,0,9,16,31350360,3636,2340,0,8630
1091,6,0,11,14,31366800,3636,2340,0,8636
1092,8,0,12,13,31390740,3636,2340,0,8644
1093,14,0,18,7,31419780,3636,2340,0,8658
1094,12,0,22,3,31455840,3637,2340,0,8670
1095,15,0,18,7,31529940,3637,2340,0,8685
1096,9,0,15,10,31594500,3640,2340,0,8694
1097,13,0,17,8,31632720,3640,2340,0,8707
1098,7,0,14,11,31680420,3641,2340,0,8714
1099,12,0,18,7,31702560,3640,2340,0,8726
1100,3,0,9,16,31763160,3642,2340,0,8729
1101,8,0,11,14,31793460,3643,2340,0,8737
1102,5,0,7,18,31826400,3643,2340,0,8742
1103,5,0,7,18,31841100,3643,2340,0,8747
1104,7,0,7,18,31854660,3641,2340,0,8754
1105,6,0,10,15,31862880,3641,2340,0,8760
1106,5,0,9,16,31879080,3640,2340,0,8765
1107,6,0,10,15,31911060,3642,2340,0,8771
1108,4,0,9,16,31927860,3642,2340,0,8775
1109,4,0,10,15,31946280,3643,2340,0,8779
1110,8,0,14,11,31963140,3643,2340,0,8787
1111,3,0,9,16,31993320,3643,2340,0,8790
1112,11,0,13,12,32011200,3642,2340,0,8801
1113,7,0,14,11,32021640,3641,2340,0,8808
1114,10,0,16,9,32057700,3642,2340,0,8818
1115,13,0,17,8,32108580,3642,2340,0,8831
1116,13,0,15,10,32172540,3643,2340,0,8844
1117,9,0,14,11,32197620,3642,2340,0,8853
1118,9,0,10,15,32245320,3642,2340,0,8862
1119,14,0,16,9,32273820,3642,2340,0,8876
1120,15,0,22,3,32305440,3642,2340,0,8891
1121,11,0,12,13,32370660,3641,2340,0,8902
1122,11,0,14,11,32398560,3640,2340,0,8913
1123,11,0,17,8,32434440,3641,2340,0,8924
1124,10,0,17,8,32478840,3642,2340,0,8934
1125,5,0,9,16,32533080,3643,2340,0,8939
1126,7,0,11,14,32555460,3643,2340,0,8946
1127,3,0,10,15,32567160,3643,2340,0,8949
1128,5,0,7,18,32602440,3643,2340,0,8954
1129,6,0,7,18,32612340,3642,2340,0,8960
1130,7,0,10,15,32621940,3642,2340,0,8967
1131,13,0,17,8,32638620,3641,2340,0,8980
1132,5,0,16,9,32663940,3641,2340,0,8985
1133,5,0,8,17,32725080,3643,2340,0,8990
1134,4,0,11,14,32736480,3644,2340,0,8994
1135,9,0,14,11,32756580,3644,2340,0,9003
1136,11,0,14,11,32794560,3643,2340,0,9014
1137,5,0,10,15,32821320,3643,2340,0,9019
1138,15,0,12,13,32854200,3641,2340,0,9034
1139,5,0,10,15,32876400,3641,2340,0,9039
1140,10,0,13,12,32896860,3640,2340,0,9049
1141,7,0,12,13,32924160,3640,2340,0,9056
1142,18,0,23,2,32944680,3639,2340,0,9074
1143,16,0,24,1,33001680,3640,2520,0,9090
1144,6,0,13,12,33068460,3640,2520,0,9096
1145,6,0,10,15,33113880,3642,2520,0,9102
1146,7,0,9,16,33143460,3642,2520,0,9109
1147,8,0,10,15,33160380,3641,2520,0,9117
1148,5,0,8,17,33193380,3642,2520,0,9122
1149,9,0,16,9,33194460,3641,2520,0,9131
1150,9,0,15,10,33228660,3641,2520,0,9140
1151,6,0,11,14,33280560,3643,2520,0,9146
1152,7,0,7,18,33323040,3643,2520,0,9153
1153,4,0,9,16,33327360,3643,2520,0,9157
1154,8,0,11,14,33356040,3643,2520,0,9165
1155,4,0,8,17,33381780,3643,2520,0,9169
1156,5,0,7,18,33395040,3642,2520,0,9174
1157,11,0,12,13,33401460,3641,2520,0,9185
1158,7,0,9,16,33430500,3640,2520,0,9192
1159,8,0,12,13,33449340,3640,2520,0,9200
1160,8,0,10,15,33470820,3638,2520,0,9208
1161,10,0,12,13,33504360,3639,2520,0,9218
1162,3,0,8,17,33525420,3638,2520,0,9221
1163,10,0,11,14,33549600,3638,2520,0,9231
1164,9,0,13,12,33574020,3638,2520,0,9240
1165,8,0,15,10,33594180,3638,2520,0,9248
1166,11,0,15,10,33642360,3639,2520,0,9259
1167,9,0,14,11,33679620,3639,2520,0,9268
1168,8,0,16,9,33710040,3640,2520,0,9276
1169,5,0,11,14,33745860,3640,2520,0,9281
1170,9,0,12,13,33784320,3641,2520,0,9290
1171,11,0,16,9,33807300,3641,2520,0,9301
1172,2,0,9,16,33846480,3641,2520,0,9303
1173,5,0,9,16,33875100,3642,2520,0,9308
1174,5,0,9,16,33883260,3641,2520,0,9313
1175,3,0,4,21,33906840,3641,2520,0,9316
1176,10,0,13,12,33908940,3641,2520,0,9326
1177,7,0,9,16,33939300,3639,2520,0,9333
1178,1,0,6,19,33956700,3640,2520,0,9334
1179,7,0,10,15,33964380,3639,2520,0,9341
1180,7,0,12,13,33979680,3639,2520,0,9348
1181,5,0,7,18,34015860,3639,2520,0,9353
1182,6,0,11,14,34020960,3639,2520,0,9359
1183,13,0,15,10,34053420,3639,2520,0,9372
1184,8,0,15,10,34075800,3638,2520,0,9380
1185,10,0,17,8,34105980,3638,2520,0,9390
1186,10,0,19,6,34152000,3640,2520,0,9400
1187,8,0,13,12,34225860,3642,2520,0,9408
1188,10,0,12,13,34251660,3641,2520,0,9418
1189,7,0,10,15,34291080,3642,2520,0,9425
1190,8,0,11,14,34315800,3642,2520,0,9433
1191,9,0,11,14,34339140,3641,2520,0,9442
1192,7,0,9,16,34380780,3642,2520,0,9449
1193,14,0,18,7,34396140,3641,2520,0,9463
1194,10,0,16,9,34428660,3640,2520,0,9473
1195,6,0,8,17,34483740,3640,2520,0,9479
1196,7,0,9,16,34509360,3641,2520,0,9486
1197,6,0,10,15,34520280,3640,2520,0,9492
1198,10,0,13,12,34538580,3639,2520,0,9502
1199,8,0,15,10,34558620,3639,2520,0,9510
1200,10,0,16,9,34588320,3639,2520,0,9520
1201,8,0,15,10,34634340,3640,2520,0,9528
1202,4,0,11,14,34675260,3641,2520,0,9532
1203,7,0,11,14,34702260,3642,2520,0,9539
1204,5,0,7,18,34733100,3641,2520,0,9544
1205,9,0,9,16,34751100,3641,2520,0,9553
1206,12,0,15,10,34769640,3640,2520,0,9565
1207,4,0,12,13,34796580,3640,2520,0,9569
1208,11,0,15,10,34838040,3642,2520,0,9580
1209,12,0,15,10,34886880,3642,2520,0,9592
1210,6,0,12,13,34916640,3642,2520,0,9598
1211,8,0,10,15,34942380,3641,2520,0,9606
1212,9,0,14,11,34957740,3641,2520,0,9615
1213,6,0,11,14,35001180,3642,2520,0,9621
1214,7,0,11,14,35018940,3641,2520,0,9628
1215,11,0,15,10,35036700,3640,2520,0,9639
1216,13,0,20,5,35055480,3639,2520,0,9652
1217,9,0,12,13,35122860,3640,2520,0,9661
1218,3,0,7,18,35166720,3641,2520,0,9664
1219,7,0,7,18,35182680,3640,2520,0,9671
1220,8,0,9,16,35197860,3639,2520,0,9679
1221,8,0,9,16,35216340,3638,2520,0,9687
1222,2,0,7,18,35221860,3637,2520,0,9689
1223,4,0,10,15,35229600,3638,2520,0,9693
1224,13,0,16,9,35251620,3637,2520,0,9706
1225,5,0,10,15,35293680,3638,2520,0,9711
1226,3,0,12,13,35296860,3638,2520,0,9714
1227,4,0,10,15,35332740,3639,2520,0,9718
1228,7,0,11,14,35354640,3639,2520,0,9725
1229,7,0,11,14,35380620,3639,2520,0,9732
1230,10,0,12,13,35403180,3638,2520,0,9742
1231,9,0,10,15,35436240,3637,2520,0,9751
1232,9,0,10,15,35460540,3636,2520,0,9760
1233,10,0,18,7,35469600,3637,2520,0,9770
1234,8,0,15,10,35506620,3636,2520,0,9778
1235,11,0,13,12,35567040,3638,2520,0,9789
1236,19,0,18,7,35594940,3635,2520,0,9808
1237,12,0,19,6,35629320,3635,2520,0,9820
1238,13,0,16,9,35689500,3635,2520,0,9833
1239,8,0,13,12,35719320,3634,2520,0,9841
1240,8,0,13,12,35751480,3634,2520,0,9849
1241,12,0,16,9,35783640,3634,2520,0,9861
1242,8,0,15,10,35822160,3635,2520,0,9869
1243,11,0,15,10,35857500,3634,2520,0,9880
1244,2,0,9,16,35890200,3635,2520,0,9882
1245,5,0,9,16,35917860,3636,2520,0,9887
1246,5,0,8,17,35930340,3635,2520,0,9892
1247,5,0,7,18,35952180,3635,2520,0,9897
1248,5,0,8,17,35967060,3635,2520,0,9902
1249,5,0,11,14,35970840,3634,2520,0,9907
1250,8,0,12,13,35988300,3634,2520,0,9915
1251,3,0,9,16,36017880,3634,2520,0,9918
1252,9,0,14,11,36029940,3634,2520,0,9927
1253,6,0,11,14,36072900,3635,2520,0,9933
1254,14,0,16,9,36103260,3635,2520,0,9947
1255,7,0,9,16,36153000,3635,2520,0,9954
1256,8,0,12,13,36166320,3634,2520,0,9962
1257,9,0,12,13,36200520,3634,2520,0,9971
1258,12,0,15,10,36222180,3633,2520,0,9983
1259,15,0,13,12,36277560,3633,2520,0,9998
1260,10,0,18,7,36292860,3632,2520,0,10008
1261,8,0,11,14,36359160,3634,2520,0,10016
1262,12,0,14,11,36390300,3633,2520,0,10028
1263,9,0,13,12,36424500,3633,2520,0,10037
1264,14,0,15,10,36462120,3633,2520,0,10051
1265,15,0,19,6,36498780,3632,2520,0,10066
1266,10,0,15,10,36537480,3631,2520,0,10076
1267,11,0,15,10,36588120,3632,2520,0,10087
1268,8,0,14,11,36631080,3633,2520,0,10095
1269,3,0,11,14,36665700,3634,2520,0,10098
1270,3,0,8,17,36694500,3635,2520,0,10101
1271,5,0,8,17,36718380,3636,2520,0,10106
1272,2,0,7,18,36732180,3636,2520,0,10108
1273,5,0,8,17,36746160,3636,2520,0,10113
1274,6,0,11,14,36753240,3636,2520,0,10119
1275,7,0,10,15,36782460,3636,2520,0,10126
1276,7,0,11,14,36806700,3636,2520,0,10133
1277,10,0,13,12,36828480,3635,2520,0,10143
1278,5,0,11,14,36866460,3636,2520,0,10148
1279,6,0,9,16,36894600,3636,2520,0,10154
1280,11,0,12,13,36914820,3635,2520,0,10165
1281,9,0,13,12,36940500,3635,2520,0,10174
1282,10,0,13,12,36973620,3635,2520,0,10184
1283,8,0,10,15,37003980,3634,2520,0,10192
1284,11,0,15,10,37018320,3633,2520,0,10203
1285,9,0,18,7,37044000,3633,2520,0,10212
1286,13,0,15,10,37108320,3634,2520,0,10225
1287,8,0,13,12,37142400,3634,2520,0,10233
1288,13,0,17,8,37167600,3633,2520,0,10246
1289,14,0,16,9,37215480,3632,2520,0,10260
1290,7,0,17,8,37241820,3633,2520,0,10267
1291,7,0,9,16,37313280,3635,2520,0,10274
1292,8,0,15,10,37322640,3635,2520,0,10282
1293,6,0,11,14,37361340,3635,2520,0,10288
1294,5,0,11,14,37391580,3636,2520,0,10293
1295,3,0,9,16,37413240,3636,2520,0,10296
1296,8,0,12,13,37435500,3637,2520,0,10304
1297,5,0,14,11,37442160,3636,2520,0,10309
1298,7,0,13,12,37473960,3637,2520,0,10316
1299,7,0,12,13,37527000,3639,2520,0,10323
1300,3,0,10,15,37555620,3640,2520,0,10326
1301,7,0,12,13,37578180,3640,2520,0,10333
1302,4,0,10,15,37599720,3640,2520,0,10337
1303,4,0,11,14,37621440,3641,2520,0,10341
1304,5,0,9,16,37646280,3641,2520,0,10346
1305,11,0,14,11,37668600,3641,2520,0,10357
1306,11,0,15,10,37698840,3641,2520,0,10368
1307,8,0,15,10,37735200,3642,2520,0,10376
1308,7,0,11,14,37780200,3642,2520,0,10383
1309,7,0,11,14,37805340,3642,2520,0,10390
1310,8,0,11,14,37838520,3642,2520,0,10398
1311,17,0,21,4,37851600,3641,2520,0,10415
1312,6,0,14,11,37908240,3642,2520,0,10421
1313,8,0,12,13,37955820,3643,2520,0,10429
1314,10,0,16,9,37986840,3644,2520,0,10439
1315,7,0,12,13,38023320,3644,2520,0,10446
1316,10,0,14,11,38057580,3644,2520,0,10456
1317,5,0,11,14,38082960,3644,2520,0,10461
1318,7,0,12,13,38106960,3644,2520,0,10468
1319,4,0,12,13,38125260,3644,2520,0,10472
1320,7,0,13,12,38148840,3645,2520,0,10479
1321,4,0,9,16,38192340,3646,2520,0,10483
1322,9,0,11,14,38209620,3645,2520,0,10492
1323,6,0,13,12,38231220,3646,2520,0,10498
1324,3,0,8,17,38266740,3646,2520,0,10501
1325,10,0,10,15,38288760,3646,2520,0,10511
1326,6,0,12,13,38297460,3645,2520,0,10517
1327,7,0,11,14,38324400,3645,2520,0,10524
1328,7,0,11,14,38349780,3645,2520,0,10531
1329,13,0,17,8,38375580,3645,2520,0,10544
1330,12,0,17,8,38401860,3643,2520,0,10556
1331,4,0,10,15,38446620,3644,2520,0,10560
1332,7,0,12,13,38470560,3644,2520,0,10567
1333,16,0,18,7,38514600,3645,2520,0,10583
1334,6,0,14,11,38545500,3644,2520,0,10589
1335,10,0,15,10,38588700,3645,2520,0,10599
1336,15,0,18,7,38626920,3645,2520,0,10614
1337,11,0,18,7,38675460,3646,2520,0,10625
1338,10,0,15,10,38718180,3645,2520,0,10635
1339,4,0,8,17,38769240,3646,2520,0,10639
1340,4,0,9,16,38789520,3647,2520,0,10643
1341,4,0,8,17,38801100,3647,2520,0,10647
1342,6,0,12,13,38818140,3647,2520,0,10653
1343,1,0,8,17,38843820,3648,2520,0,10654
1344,8,0,12,13,38859660,3648,2520,0,10662
1345,4,0,14,11,38863380,3648,2520,0,10666
1346,4,0,14,11,38879520,3648,2520,0,10670
1347,5,0,14,11,38889960,3647,2520,0,10675
1348,7,0,16,9,38898120,3646,2520,0,10682
1349,7,0,16,9,38916360,3646,2520,0,10689
1350,5,0,15,10,38930700,3645,2520,0,10694
1351,5,0,15,10,38950080,3645,2520,0,10699
1352,7,0,18,7,38968920,3646,2520,0,10706
1353,5,0,18,7,38988600,3646,2520,0,10711
1354,10,0,18,7,39017040,3645,2520,0,10721
1355,12,0,23,2,39036780,3644,2520,0,10733
1356,7,1,25,0,39056640,3645,7140,0,10740
1357,10,0,25,0,39126120,3648,13980,1,10750
1358,11,0,25,0,39182820,3649,18420,1,10761
1359,6,0,19,6,39229680,3649,18780,1,10767
1360,12,0,21,4,39274020,3650,18780,1,10779
1361,4,0,17,8,39305160,3650,18780,1,10783
1362,10,0,18,7,39337440,3650,18780,1,10793
1363,8,0,19,6,39364620,3650,18780,1,10801
1364,11,0,22,3,39386580,3650,18780,1,10812
1365,10,0,21,4,39420840,3649,18780,1,10822
1366,7,0,16,9,39465000,3649,18780,1,10829
1367,4,0,17,8,39472680,3649,18780,1,10833
1368,5,0,15,10,39492840,3648,18780,1,10838
1369,3,0,12,13,39517500,3649,18780,1,10841
1370,4,0,14,11,39521460,3648,18780,1,10845
1371,9,0,18,7,39527460,3647,18780,1,10854
1372,5,0,17,8,39548760,3647,18780,1,10859
1373,4,0,16,9,39567420,3647,18780,1,10863
1374,7,0,19,6,39585840,3648,18780,1,10870
1375,7,0,16,9,39618240,3647,18780,1,10877
1376,18,0,21,4,39644880,3645,18780,1,10895
1377,13,0,20,5,39685800,3644,22080,2,10908
1378,7,0,18,7,39722760,3645,22080,2,10915
1379,15,0,23,2,39749460,3644,22680,2,10930
1380,13,0,21,4,39802320,3644,22680,2,10943
1381,16,3,25,0,39833520,3644,24300,2,10959
1382,14,10,25,0,39870300,3645,33600,3,10973
1383,10,13,25,0,39913140,3646,47100,4,10983
1384,10,12,25,0,39965700,3647,66840,6,10993
1385,7,0,19,6,40035300,3645,161040,14,11000
1386,12,0,21,4,40069500,3645,161040,14,11012
1387,10,0,20,5,40105740,3645,161040,14,11022
1388,6,0,17,8,40132980,3644,161040,14,11028
1389,5,0,17,8,40160220,3645,161040,14,11033
1390,5,0,16,9,40182240,3645,161040,14,11038
1391,5,0,19,6,40190520,3645,161040,14,11043
1392,6,0,18,7,40215780,3645,161040,14,11049
1393,6,0,15,10,40247160,3645,161040,14,11055
1394,3,0,12,13,40264680,3645,161040,14,11058
1395,8,0,18,7,40269120,3644,161040,14,11066
1396,8,0,22,3,40276260,3644,161040,14,11074
1397,7,0,17,8,40312920,3643,161040,14,11081
1398,6,0,16,9,40346940,3644,161040,14,11087
1399,6,0,17,8,40372200,3645,161040,14,11093
1400,6,0,17,8,40388340,3644,161040,14,11099
1401,16,2,25,0,40403940,3643,161040,14,11115
1402,8,0,20,5,40452120,3643,161400,14,11123
1403,10,0,20,5,40488900,3643,161400,14,11133
1404,14,0,19,6,40535040,3642,162420,14,11147
1405,14,1,25,0,40555860,3642,162420,14,11161
1406,15,2,25,0,40605000,3642,171180,15,11176
1407,12,0,21,4,40659300,3641,173100,15,11188
1408,12,0,23,2,40690380,3640,174360,15,11200
1409,9,0,20,5,40738380,3640,174360,15,11209
1410,13,0,25,0,40770780,3641,174360,15,11222
1411,9,0,20,5,40820100,3641,174360,15,11231
1412,3,0,16,9,40844340,3640,174360,15,11234
1413,8,0,19,6,40868640,3641,174360,15,11242
1414,9,0,19,6,40896180,3641,174360,15,11251
1415,5,0,17,8,40928580,3641,174360,15,11256
1416,8,0,17,8,40954740,3641,174360,15,11264
1417,5,0,16,9,40972920,3641,174360,15,11269
1418,9,0,17,8,40998960,3640,174360,15,11278
1419,7,0,17,8,41022300,3640,174360,15,11285
1420,8,0,20,5,41041560,3640,174360,15,11293
1421,8,0,20,5,41066700,3640,174360,15,11301
1422,4,0,19,6,41093640,3641,174360,15,11305
1423,14,3,25,0,41118240,3641,174600,15,11319
1424,12,0,20,5,41184540,3641,178680,15,11331
1425,12,0,23,2,41215320,3640,178680,15,11343
1426,5,0,18,7,41253000,3641,178680,15,11348
1427,9,0,19,6,41282820,3641,178680,15,11357
1428,10,0,20,5,41306040,3640,178680,15,11367
1429,10,0,23,2,41339160,3640,178680,15,11377
1430,15,0,24,1,41376120,3639,178860,15,11392
1431,7,0,22,3,41420460,3640,178860,15,11399
1432,12,0,24,1,41455980,3640,178860,15,11411
1433,11,0,24,1,41504820,3641,178860,15,11422
1434,9,0,20,5,41553960,3641,178860,15,11431
1435,12,0,23,2,41574960,3640,178860,15,11443
1436,11,0,20,5,41617980,3639,178860,15,11454
1437,8,0,17,8,41656200,3639,178860,15,11462
1438,7,0,17,8,41684760,3639,178860,15,11469
1439,9,0,18,7,41706720,3639,178860,15,11478
1440,3,0,17,8,41721000,3639,178860,15,11481
1441,8,0,17,8,41744400,3638,178860,15,11489
1442,9,0,22,3,41761500,3639,178860,15,11498
1443,10,0,20,5,41785620,3637,178860,15,11508
1444,6,0,18,7,41813400,3637,178860,15,11514
1445,8,0,17,8,41851560,3637,178860,15,11522
1446,6,0,18,7,41861640,3636,178860,15,11528
1447,9,0,19,6,41878860,3635,178860,15,11537
1448,8,0,19,6,41918340,3636,178860,15,11545
1449,8,0,19,6,41943720,3636,178860,15,11553
1450,10,0,19,6,41978640,3636,178860,15,11563
1451,15,2,25,0,41998800,3635,182700,15,11578
1452,14,5,25,0,42040380,3636,190800,16,11592
1453,6,0,17,8,42112740,3636,195120,16,11598
1454,3,0,13,12,42132840,3635,195120,16,11601
1455,8,0,17,8,42147420,3635,195120,16,11609
1456,9,0,18,7,42163380,3634,195120,16,11618
1457,7,0,17,8,42185760,3634,195120,16,11625
1458,5,0,16,9,42210480,3634,195120,16,11630
1459,7,0,18,7,42229320,3634,195120,16,11637
1460,11,0,19,6,42254940,3633,195120,16,11648
1461,8,0,22,3,42283200,3634,195120,16,11656
1462,4,0,16,9,42327000,3635,195120,16,11660
1463,6,0,20,5,42340140,3635,195120,16,11666
1464,5,0,20,5,42372180,3636,195120,16,11671
1465,6,0,19,6,42406860,3637,195120,16,11677
1466,8,0,19,6,42430740,3637,195120,16,11685
1467,6,0,19,6,42460440,3637,195120,16,11691
1468,8,0,19,6,42497940,3638,195120,16,11699
1469,4,0,19,6,42504240,3637,195120,16,11703
1470,8,0,19,6,42535020,3637,195120,16,11711
1471,7,0,18,7,42563160,3637,195120,16,11718
1472,7,0,19,6,42590940,3638,195120,16,11725
1473,9,0,23,2,42608880,3638,195120,16,11734
1474,11,0,20,5,42659400,3638,195120,16,11745
1475,9,0,18,7,42698880,3638,195120,16,11754
1476,10,0,22,3,42721860,3638,195120,16,11764
1477,8,0,21,4,42754980,3638,195120,16,11772
1478,20,4,25,0,42790680,3637,197280,16,11792
1479,11,5,25,0,42844260,3639,207660,17,11803
1480,5,1,25,0,42897960,3640,235260,19,11808
1481,8,0,21,4,42939120,3640,238500,20,11816
1482,7,0,17,8,42980040,3640,238500,20,11823
1483,12,0,19,6,43006620,3639,238500,20,11835
1484,3,0,15,10,43021680,3638,238500,20,11838
1485,7,0,16,9,43050300,3639,238500,20,11845
1486,9,0,19,6,43066860,3638,238500,20,11854
1487,7,0,16,9,43086600,3637,238500,20,11861
1488,2,0,13,12,43110000,3637,238500,20,11863
1489,6,0,15,10,43121760,3637,238500,20,11869
1490,6,0,18,7,43126020,3637,238500,20,11875
1491,6,0,17,8,43159980,3637,238500,20,11881
1492,5,0,19,6,43172580,3638,238500,20,11886
1493,4,0,16,9,43197900,3638,238500,20,11890
1494,14,0,18,7,43238940,3637,238500,20,11904
1495,10,0,24,1,43249860,3637,238500,20,11914
1496,10,0,25,0,43290960,3638,240000,20,11924
1497,7,0,17,8,43354920,3638,240000,20,11931
1498,9,0,18,7,43382580,3638,240000,20,11940
1499,13,0,24,1,43396200,3637,240000,20,11953
1500,9,0,18,7,43448340,3637,240000,20,11962
1501,13,0,22,3,43480140,3637,240000,20,11975
1502,7,0,22,3,43504980,3637,240000,20,11982
1503,9,0,24,1,43534260,3637,240000,20,11991
1504,16,4,25,0,43596780,3639,241320,20,12007
1505,6,0,24,1,43647060,3640,253500,21,12013
1506,10,0,23,2,43694040,3641,253920,21,12023
1507,8,0,22,3,43728960,3641,253920,21,12031
1508,7,0,17,8,43783380,3642,253920,21,12038
1509,9,0,16,9,43812060,3641,253920,21,12047
1510,6,0,18,7,43820940,3641,253920,21,12053
1511,2,0,14,11,43852080,3641,253920,21,12055
1512,5,0,16,9,43868100,3642,253920,21,12060
1513,7,0,16,9,43889340,3641,253920,21,12067
1514,4,0,14,11,43908180,3641,253920,21,12071
1515,9,0,19,6,43922340,3641,253920,21,12080
1516,3,0,14,11,43942620,3640,253920,21,12083
1517,8,0,17,8,43965720,3641,253920,21,12091
1518,7,0,19,6,43980240,3641,253920,20,12098
1519,6,0,21,4,43993740,3640,253920,20,12104
1520,7,0,18,7,44044620,3642,253920,20,12111
1521,6,0,21,4,44056440,3642,253920,20,12117
1522,8,0,19,6,44092260,3642,253920,20,12125
1523,10,0,22,3,44121060,3642,253920,20,12135
1524,14,0,21,4,44166540,3641,253920,20,12149
1525,9,0,20,5,44196120,3641,253920,20,12158
1526,15,0,25,0,44226840,3640,254340,20,12173
1527,11,0,23,2,44267880,3640,254520,20,12184
1528,11,0,20,5,44316840,3639,254520,20,12195
1529,8,0,20,5,44344080,3639,254520,20,12203
1530,9,0,21,4,44368680,3639,254520,20,12212
1531,9,0,20,5,44402040,3639,254520,20,12221
1532,8,0,22,3,44424240,3639,254520,20,12229
1533,7,0,20,5,44460900,3639,254520,20,12236
1534,6,0,16,9,44500140,3639,254520,20,12242
1535,9,0,18,7,44536860,3640,254520,20,12251
1536,5,0,17,8,44551920,3640,254520,20,12256
1537,8,0,17,8,44584080,3640,254520,20,12264
1538,3,0,16,9,44601120,3640,254520,20,12267
1539,10,0,20,5,44617080,3640,254520,20,12277
1540,4,0,19,6,44631480,3639,254520,20,12281
1541,7,0,17,8,44683680,3641,254520,20,12288
1542,6,0,17,8,44714700,3642,254520,20,12294
1543,7,0,15,10,44732880,3640,254520,20,12301
1544,4,0,14,11,44754840,3641,254520,20,12305
1545,13,0,22,3,44766720,3640,254520,20,12318
1546,10,0,23,2,44798160,3640,254580,20,12328
1547,5,0,19,6,44839440,3641,254580,20,12333
1548,7,0,15,10,44875260,3640,254580,20,12340
1549,14,0,25,0,44893200,3641,254580,20,12354
1550,15,3,25,0,44929380,3640,260700,21,12369
1551,7,0,19,6,44988060,3640,270000,21,12376
1552,8,0,20,5,45021780,3641,270000,21,12384
1553,15,0,25,0,45052320,3640,271680,21,12399
1554,6,0,23,2,45085020,3641,271680,21,12405
1555,9,0,23,2,45124920,3641,271680,21,12414
1556,7,0,19,6,45174180,3642,271680,21,12421
1557,7,0,22,3,45201360,3643,271680,21,12428
1558,3,0,17,8,45233220,3643,271680,21,12431
1559,6,0,17,8,45263460,3644,271680,21,12437
1560,6,0,14,11,45285720,3643,271680,21,12443
1561,4,0,15,10,45299820,3643,271680,21,12447
1562,8,0,17,8,45317520,3643,271680,21,12455
1563,5,0,18,7,45326100,3642,271680,21,12460
1564,0,0,16,9,45340080,3643,271680,21,12460
1565,3,0,13,12,45380520,3645,271680,21,12463
1566,9,0,20,5,45382200,3644,271680,21,12472
1567,6,0,17,8,45403680,3643,271680,21,12478
1568,10,0,22,3,45440880,3645,271680,21,12488
1569,9,0,21,4,45464100,3644,271680,21,12497
1570,5,0,18,7,45493500,3644,271680,21,12502
1571,10,1,25,0,45501420,3644,271680,21,12512
1572,17,2,25,0,45576480,3645,277080,22,12529
1573,6,0,20,5,45615060,3644,280560,22,12535
1574,13,0,23,2,45657240,3645,281100,22,12548
1575,10,0,20,5,45709860,3645,281100,22,12558
1576,9,0,16,9,45750600,3645,281100,22,12567
1577,7,0,17,8,45775680,3645,281100,22,12574
1578,7,0,18,7,45802080,3645,281100,22,12581
1579,9,0,20,5,45820140,3645,281100,22,12590
1580,7,0,16,9,45846300,3644,281100,22,12597
1581,3,0,14,11,45872760,3644,281100,22,12600
1582,6,0,17,8,45888900,3645,281100,22,12606
1583,8,0,19,6,45909420,3645,281100,22,12614
1584,6,0,14,11,45934980,3643,281100,22,12620
1585,8,0,21,4,45943200,3644,281100,22,12628
1586,7,0,19,6,45973740,3644,281100,22,12635
1587,6,0,21,4,45996240,3644,281100,22,12641
1588,8,0,18,7,46029900,3644,281100,22,12649
1589,4,0,15,10,46059120,3644,281100,22,12653
1590,8,0,17,8,46080660,3644,281100,22,12661
1591,6,0,17,8,46091040,3643,281100,22,12667
1592,6,0,18,7,46107420,3643,281100,22,12673
1593,6,0,15,10,46134960,3643,281100,22,12679
1594,8,0,20,5,46149300,3643,281100,22,12687
1595,10,0,24,1,46168500,3643,281100,22,12697
1596,13,0,23,2,46228140,3643,283140,22,12710
1597,14,0,25,0,46266120,3643,284220,22,12724
1598,12,0,23,2,46311780,3642,287040,22,12736
1599,4,0,17,8,46358040,3643,287040,22,12740
1600,8,0,19,6,46382520,3643,287040,22,12748
1601,8,0,20,5,46408020,3643,287040,22,12756
1602,7,0,21,4,46427880,3643,287040,22,12763
1603,4,0,19,6,46464000,3644,287040,22,12767
1604,19,6,25,0,46507320,3646,288840,22,12786
1605,6,4,25,0,46546560,3646,298920,23,12792
1606,8,0,22,3,46592280,3646,318060,24,12800
1607,5,0,18,7,46640100,3647,318060,24,12805
1608,5,0,13,12,46678860,3647,318060,24,12810
1609,3,0,13,12,46689000,3647,318060,24,12813
1610,4,0,13,12,46697520,3647,318060,24,12817
1611,4,0,16,9,46699980,3647,318060,24,12821
1612,8,0,19,6,46712700,3646,318060,24,12829
1613,9,0,19,6,46739880,3646,318060,24,12838
1614,9,0,20,5,46771500,3646,318060,24,12847
1615,9,0,18,7,46815060,3646,318060,24,12856
1616,4,0,18,7,46828440,3646,318060,24,12860
1617,9,0,17,8,46855560,3645,318060,24,12869
1618,9,0,17,8,46877040,3644,318060,24,12878
1619,11,0,20,5,46900440,3644,318060,24,12889
1620,9,0,22,3,46925820,3644,318060,24,12898
1621,9,0,20,5,46962360,3644,318060,24,12907
1622,6,0,17,8,46985280,3643,318060,24,12913
1623,5,0,17,8,47008020,3643,318060,24,12918
1624,9,0,21,4,47036460,3644,318060,24,12927
1625,9,0,24,1,47057820,3644,318060,24,12936
1626,9,0,22,3,47108100,3645,318060,24,12945
1627,4,0,17,8,47137440,3645,318060,24,12949
1628,9,0,18,7,47169840,3645,318060,24,12958
1629,4,0,16,9,47186760,3644,318060,24,12962
1630,6,0,16,9,47213580,3645,318060,24,12968
1631,4,0,18,7,47218020,3645,318060,24,12972
1632,5,0,18,7,47244360,3645,318060,24,12977
1633,4,0,14,11,47278440,3646,318060,24,12981
1634,3,0,16,9,47278860,3645,318060,24,12984
1635,5,0,16,9,47295420,3645,318060,24,12989
1636,7,0,18,7,47310540,3645,318060,24,12996
1637,8,0,21,4,47340540,3646,318060,24,13004
1638,7,0,22,3,47356620,3645,318060,24,13011
1639,10,0,21,4,47405520,3646,318060,24,13021
1640,7,0,20,5,47442840,3647,318060,24,13028
1641,9,0,17,8,47479500,3646,318060,24,13037
1642,8,0,19,6,47495400,3646,318060,24,13045
1643,4,0,14,11,47526840,3646,318060,24,13049
1644,4,0,16,9,47535240,3646,318060,24,13053
1645,13,0,24,1,47540760,3645,318060,24,13066
1646,11,4,25,0,47563320,3645,318060,24,13077
1647,15,4,25,0,47635080,3646,328620,25,13092
1648,8,0,20,5,47680440,3645,342960,26,13100
1649,11,0,21,4,47705220,3644,342960,26,13111
1650,9,0,19,6,47744640,3644,342960,26,13120
1651,2,0,13,12,47779260,3644,342960,26,13122
1652,10,0,20,5,47789760,3644,342960,26,13132
1653,9,0,21,4,47810580,3644,342960,26,13141
1654,5,0,16,9,47850480,3644,342960,26,13146
1655,8,0,17,8,47868960,3643,342960,26,13154
1656,7,0,15,10,47903640,3643,342960,26,13161
1657,5,0,17,8,47919900,3644,342960,26,13166
1658,7,0,19,6,47934360,3644,342960,26,13173
1659,9,0,22,3,47956860,3644,342960,26,13182
1660,6,0,18,7,48003540,3644,342960,26,13188
1661,6,0,19,6,48027060,3645,342960,25,13194
1662,14,0,20,5,48062760,3644,342960,25,13208
1663,6,0,20,5,48087420,3644,342960,25,13214
1664,7,0,20,5,48118260,3645,342960,25,13221
1665,11,0,24,1,48153660,3645,342960,25,13232
1666,12,2,25,0,48198060,3646,343680,25,13244
1667,11,1,25,0,48250080,3647,348600,26,13255
1668,4,0,17,8,48301800,3647,349020,26,13259
1669,8,0,18,7,48332040,3647,349020,26,13267
1670,13,0,23,2,48357240,3647,349020,26,13280
1671,7,0,19,6,48390240,3647,349020,26,13287
1672,10,0,23,2,48416580,3647,349020,26,13297
1673,9,0,18,7,48458580,3646,349020,26,13306
1674,6,0,15,10,48490680,3646,349020,26,13312
1675,6,0,16,9,48500640,3646,349020,26,13318
1676,5,0,16,9,48518640,3646,349020,26,13323
1677,12,0,18,7,48547020,3645,349020,26,13335
1678,4,0,18,7,48562860,3645,349020,26,13339
1679,9,0,18,7,48593040,3645,349020,26,13348
1680,7,0,19,6,48611100,3645,349020,26,13355
1681,7,0,20,5,48637740,3645,349020,26,13362
1682,5,0,17,8,48675360,3646,349020,26,13367
1683,4,0,18,7,48686160,3646,349020,26,13371
1684,3,0,18,7,48706620,3646,349020,26,13374
1685,6,0,19,6,48728640,3647,349020,26,13380
1686,6,0,19,6,48751200,3647,349020,26,13386
1687,7,0,21,4,48774840,3647,349020,26,13393
1688,9,0,23,2,48808620,3648,349020,26,13402
1689,8,0,21,4,48861840,3649,349020,26,13410
1690,4,0,17,8,48897120,3649,349020,26,13414
1691,12,0,20,5,48920460,3649,349020,25,13426
1692,15,0,24,1,48950760,3648,349320,25,13441
1693,8,0,20,5,48994620,3648,349320,25,13449
1694,9,0,20,5,49030800,3648,349320,25,13458
1695,6,0,21,4,49054680,3649,349320,25,13464
1696,9,0,19,6,49096380,3649,349320,25,13473
1697,7,0,17,8,49133640,3649,349320,25,13480
1698,14,0,22,3,49159560,3649,349320,25,13494
1699,5,0,18,7,49194720,3649,349320,25,13499
1700,7,0,19,6,49221360,3649,349320,25,13506
1701,8,0,22,3,49245060,3649,349320,25,13514
1702,8,0,21,4,49285380,3650,349320,25,13522
1703,6,0,17,8,49324080,3650,349320,25,13528
1704,7,0,18,7,49353660,3651,349320,25,13535
1705,3,0,18,7,49362300,3651,349320,25,13538
1706,2,0,17,8,49382640,3651,349320,25,13540
1707,5,0,16,9,49406880,3651,349320,25,13545
1708,8,0,18,7,49428300,3651,349320,25,13553
1709,7,0,19,6,49445400,3651,349320,25,13560
1710,12,0,21,4,49478460,3651,349320,25,13572
1711,11,0,20,5,49512240,3650,349620,25,13583
1712,2,0,14,11,49544280,3650,349620,25,13585
1713,6,0,18,7,49555380,3651,349620,25,13591
1714,9,0,15,10,49592160,3650,349620,25,13600
1715,9,0,20,5,49603560,3650,349620,25,13609
1716,16,2,25,0,49625040,3649,350040,25,13625
1717,7,0,20,5,49675380,3649,352500,25,13632
1718,14,0,21,4,49721040,3649,352860,25,13646
1719,10,1,25,0,49736460,3649,352860,25,13656
1720,8,0,23,2,49792560,3650,352920,25,13664
1721,12,0,21,4,49833600,3649,352920,25,13676
1722,6,0,19,6,49865520,3649,352920,25,13682
1723,13,0,24,1,49904700,3650,352920,25,13695
1724,6,0,22,3,49950720,3651,352920,25,13701
1725,5,0,15,10,50005320,3652,352920,25,13706
1726,4,0,15,10,50021220,3652,352920,25,13710
1727,8,0,16,9,50045040,3652,352920,25,13718
1728,4,0,17,8,50051880,3652,352920,25,13722
1729,13,0,24,1,50070120,3651,352920,25,13735
1730,5,0,17,8,50122260,3652,352920,25,13740
1731,7,0,16,9,50146860,3652,352920,25,13747
1732,9,0,20,5,50160060,3651,352920,25,13756
1733,9,0,18,7,50197740,3651,352920,25,13765
1734,3,0,16,9,50216700,3651,352920,25,13768
1735,8,0,16,9,50241180,3651,352920,25,13776
1736,5,0,16,9,50257440,3651,352920,25,13781
1737,4,0,17,8,50266680,3650,352920,25,13785
1738,9,0,17,8,50290620,3650,352920,25,13794
1739,13,0,21,4,50313600,3649,352920,25,13807
1740,12,0,22,3,50350080,3649,352920,25,13819
1741,9,0,23,2,50380020,3649,352920,25,13828
1742,11,0,23,2,50415660,3649,352980,25,13839
1743,11,0,24,1,50454840,3649,353100,25,13850
1744,8,0,23,2,50497740,3649,353100,25,13858
1745,5,0,18,7,50539740,3650,353100,25,13863
1746,11,0,22,3,50569380,3650,353100,25,13874
1747,11,0,25,0,50613000,3651,353100,25,13885
1748,6,0,18,7,50667780,3652,353580,25,13891
1749,7,0,17,8,50697960,3652,353580,25,13898
1750,4,0,17,8,50712180,3652,353580,25,13902
1751,8,0,18,7,50746380,3652,353580,25,13910
1752,7,0,15,10,50774520,3652,353580,25,13917
1753,5,0,15,10,50791680,3652,353580,25,13922
1754,1,0,13,12,50808960,3652,353580,25,13923
1755,5,0,15,10,50823420,3652,353580,25,13928
1756,4,0,17,8,50829900,3652,353580,25,13932
1757,6,0,17,8,50857680,3653,353580,25,13938
1758,8,0,19,6,50875020,3652,353580,25,13946
1759,6,0,19,6,50901420,3653,353580,25,13952
1760,4,0,19,6,50918100,3653,353580,25,13956
1761,16,0,23,2,50959620,3653,353580,25,13972
1762,10,0,20,5,50987640,3651,353580,25,13982
1763,12,0,17,8,51034680,3651,353580,25,13994
1764,13,0,21,4,51052860,3650,353580,25,14007
1765,8,0,16,9,51097260,3650,353580,25,14015
1766,7,0,18,7,51112740,3649,353580,25,14022
1767,8,0,19,6,51142380,3650,353580,25,14030
1768,8,0,17,8,51169200,3649,353580,25,14038
1769,9,0,18,7,51199020,3649,353580,25,14047
1770,6,0,18,7,51212700,3648,353580,25,14053
1771,4,0,17,8,51236400,3649,353580,25,14057
1772,6,0,17,8,51258780,3649,353580,25,14063
1773,7,0,17,8,51278460,3648,353580,25,14070
1774,5,0,15,10,51304800,3648,353580,25,14075
1775,9,0,19,6,51327180,3649,353580,25,14084
1776,10,0,21,4,51349740,3648,353580,25,14094
1777,4,0,17,8,51372120,3648,353580,25,14098
1778,10,0,22,3,51395460,3648,353580,25,14108
1779,4,0,17,8,51436020,3649,353580,25,14112
1780,5,0,14,11,51468180,3649,353580,25,14117
1781,5,0,17,8,51472440,3649,353580,25,14122
1782,5,0,13,12,51492240,3648,353580,25,14127
1783,12,0,18,7,51513360,3647,353580,25,14139
1784,4,0,18,7,51524640,3647,353580,25,14143
1785,11,0,22,3,51557400,3648,353580,24,14154
1786,14,1,25,0,51579360,3647,354540,25,14168
1787,10,0,18,7,51630420,3646,354900,25,14178
1788,8,0,19,6,51662160,3646,354900,25,14186
1789,12,0,23,2,51689700,3646,354900,24,14198
1790,12,1,25,0,51721020,3646,355140,24,14210
1791,14,6,25,0,51779220,3648,366300,25,14224
1792,13,16,25,0,51792300,3648,371040,26,14237
1793,7,13,25,0,51882540,3652,399120,28,14244
1794,6,8,25,0,51932400,3652,438180,30,14250
1795,9,0,21,4,51986460,3651,514980,36,14259
1796,7,0,17,8,52033680,3651,514980,36,14266
1797,7,0,19,6,52047120,3651,514980,36,14273
1798,11,0,20,5,52069680,3650,514980,36,14284
1799,8,0,16,9,52126440,3651,514980,36,14292
1800,5,0,14,11,52148160,3651,514980,36,14297
1801,7,0,15,10,52166040,3650,514980,36,14304
1802,5,0,14,11,52179660,3650,514980,35,14309
1803,3,0,14,11,52183380,3649,514980,35,14312
1804,4,0,14,11,52197420,3649,514980,35,14316
1805,6,0,13,12,52212600,3648,514980,35,14322
1806,10,0,17,8,52219020,3647,514980,35,14332
1807,6,0,15,10,52245540,3647,514980,35,14338
1808,8,0,20,5,52250160,3647,514980,35,14346
1809,9,0,22,3,52276920,3647,514980,35,14355
1810,5,0,18,7,52312740,3647,514980,35,14360
1811,14,2,25,0,52335240,3647,515580,35,14374
1812,13,4,25,0,52394040,3649,527700,36,14387
1813,9,6,25,0,52428660,3649,531060,36,14396
1814,9,0,22,3,52496520,3649,561120,38,14405
1815,9,0,18,7,52540440,3649,561120,38,14414
1816,9,0,19,6,52564140,3649,561120,38,14423
1817,7,0,20,5,52593780,3649,561120,38,14430
1818,6,0,18,7,52627440,3650,561120,38,14436
1819,8,0,19,6,52661880,3650,561120,38,14444
1820,5,0,18,7,52674120,3650,561120,38,14449
1821,5,0,14,11,52704780,3649,561120,38,14454
1822,6,0,16,9,52727400,3650,561120,38,14460
1823,4,0,14,11,52742820,3650,561120,38,14464
1824,8,0,18,7,52752180,3649,561120,38,14472
1825,3,0,13,12,52780080,3649,561120,38,14475
1826,9,0,18,7,52790580,3649,561120,38,14484
1827,6,0,18,7,52809240,3649,561120,38,14490
1828,5,0,15,10,52836480,3648,561120,38,14495
1829,8,0,15,10,52857900,3648,561120,38,14503
1830,16,0,21,4,52875060,3647,561120,38,14519
1831,2,0,14,11,52899840,3646,561120,38,14521
1832,9,0,17,8,52925520,3646,561120,38,14530
1833,8,0,19,6,52935180,3645,561120,38,14538
1834,7,0,19,6,52961340,3645,561120,38,14545
1835,13,0,23,2,52992480,3645,561300,38,14558
1836,11,0,22,3,53038380,3646,561360,38,14569
1837,10,0,24,1,53070000,3646,562080,38,14579
1838,15,0,22,3,53126040,3645,565860,38,14594
1839,13,0,21,4,53179680,3645,566460,38,14607
1840,14,2,25,0,53204340,3645,567300,38,14621
1841,7,0,21,4,53252460,3645,568980,38,14628
1842,10,0,21,4,53284920,3645,568980,38,14638
1843,7,0,20,5,53321820,3645,568980,38,14645
1844,13,1,25,0,53352900,3646,569100,38,14658
1845,5,0,20,5,53393940,3646,570060,38,14663
1846,4,0,15,10,53439420,3647,570060,38,14667
1847,3,0,14,11,53469720,3648,570060,38,14670
1848,3,0,14,11,53482980,3648,570060,38,14673
1849,5,0,15,10,53486340,3647,570060,38,14678
1850,2,0,14,11,53498640,3647,570060,38,14680
1851,9,0,20,5,53505120,3647,570060,38,14689
1852,8,0,19,6,53540880,3647,570060,38,14697
1853,3,0,15,10,53571660,3648,570060,38,14700
1854,7,0,16,9,53585760,3647,570060,38,14707
1855,6,0,18,7,53589660,3646,570060,38,14713
1856,3,0,15,10,53623860,3647,570060,38,14716
1857,9,0,20,5,53635200,3647,570060,38,14725
1858,8,0,20,5,53669460,3647,570060,38,14733
1859,12,0,22,3,53710980,3648,570060,38,14745
1860,17,9,25,0,53734860,3648,571200,38,14762
1861,11,11,25,0,53787900,3649,580860,39,14773
1862,11,17,25,0,53826180,3651,590640,39,14784
1863,9,21,25,0,53863200,3652,597420,40,14793
1864,8,13,25,0,53956560,3654,670680,45,14801
1865,7,9,25,0,53994720,3654,726600,49,14808
1866,9,0,20,5,54055380,3653,849420,57,14817
1867,7,0,16,9,54088500,3652,849420,57,14824
1868,6,0,16,9,54108300,3652,849420,57,14830
1869,6,0,17,8,54128100,3652,849420,57,14836
1870,10,0,22,3,54144000,3652,849420,57,14846
1871,4,0,18,7,54165120,3651,849420,57,14850
1872,4,0,16,9,54199920,3652,849420,57,14854
1873,3,0,12,13,54222360,3652,849420,57,14857
1874,6,0,17,8,54224280,3652,849420,57,14863
1875,5,0,14,11,54247500,3652,849420,57,14868
1876,13,0,22,3,54253500,3651,849420,57,14881
1877,10,0,22,3,54291600,3651,849420,57,14891
1878,6,0,19,6,54326880,3651,849420,57,14897
1879,7,0,15,10,54362640,3651,849420,56,14904
1880,10,0,19,6,54380100,3650,849420,56,14914
1881,7,0,16,9,54405960,3650,849420,56,14921
1882,12,0,21,4,54432180,3650,849420,56,14933
1883,7,0,20,5,54459540,3650,849420,56,14940
1884,5,0,19,6,54486360,3650,849420,56,14945
1885,10,0,22,3,54520320,3650,849420,56,14955
1886,8,0,22,3,54554640,3651,849420,56,14963
1887,7,0,21,4,54590280,3651,849420,56,14970
1888,10,0,23,2,54616080,3651,849420,56,14980
1889,8,0,19,6,54667020,3652,849540,56,14988
1890,10,0,22,3,54693960,3652,849540,56,14998
1891,3,0,19,6,54730860,3653,849540,56,15001
1892,5,0,16,9,54769920,3653,849540,56,15006
1893,7,0,18,7,54785520,3653,849540,56,15013
1894,10,0,21,4,54807240,3653,849540,56,15023
1895,7,0,19,6,54831000,3652,849540,56,15030
1896,3,0,14,11,54874620,3653,849540,56,15033
1897,6,0,15,10,54882240,3652,849540,56,15039
1898,4,0,14,11,54905280,3653,849540,56,15043
1899,8,0,19,6,54911580,3652,849540,56,15051
1900,8,0,16,9,54939900,3652,849540,56,15059
1901,3,0,13,12,54961920,3652,849540,56,15062
1902,6,0,17,8,54964140,3651,849540,56,15068
1903,5,0,16,9,54979380,3651,849540,56,15073
1904,15,0,22,3,55014660,3651,849540,56,15088
1905,5,0,19,6,55037640,3651,849540,56,15093
1906,5,0,17,8,55068120,3651,849540,56,15098
1907,6,0,17,8,55102320,3652,849540,56,15104
1908,14,0,23,2,55114560,3651,849540,56,15118
1909,8,0,19,6,55150560,3650,849540,56,15126
1910,14,2,25,0,55176360,3650,849540,56,15140
1911,10,0,25,0,55227900,3651,853200,56,15150
1912,10,0,21,4,55280220,3651,853320,56,15160
1913,11,0,24,1,55314900,3651,853440,56,15171
1914,10,0,22,3,55356660,3651,856680,56,15181
1915,6,0,18,7,55407420,3652,856680,56,15187
1916,8,0,20,5,55432260,3652,856680,56,15195
1917,8,0,20,5,55470360,3653,856680,56,15203
1918,8,0,19,6,55504920,3653,856680,56,15211
1919,10,0,18,7,55541820,3653,856680,56,15221
1920,6,0,17,8,55565220,3653,856680,56,15227
1921,6,0,18,7,55591800,3653,856680,56,15233
1922,5,0,15,10,55618740,3653,856680,56,15238
1923,5,0,15,10,55640880,3653,856680,56,15243
1924,3,0,15,10,55648980,3653,856680,56,15246
1925,4,0,16,9,55653900,3653,856680,56,15250
1926,9,0,18,7,55682940,3653,856680,56,15259
1927,7,0,18,7,55705020,3653,856680,56,15266
1928,6,0,18,7,55727760,3653,856680,56,15272
1929,9,0,17,8,55761120,3653,856680,56,15281
1930,14,0,20,5,55780320,3651,856680,56,15295
1931,8,0,22,3,55809900,3652,856680,55,15303
1932,13,0,24,1,55840380,3651,857160,55,15316
1933,11,0,17,8,55902720,3651,857340,55,15327
1934,9,0,19,6,55916640,3650,857340,55,15336
1935,9,0,20,5,55946040,3650,857340,55,15345
1936,13,0,23,2,55986600,3650,857340,55,15358
1937,7,0,18,7,56019540,3650,857340,55,15365
1938,7,0,18,7,56053140,3650,857340,55,15372
1939,10,0,18,7,56088360,3650,857340,55,15382
1940,5,0,17,8,56104860,3650,857340,55,15387
1941,10,0,17,8,56136600,3649,857340,55,15397
1942,8,0,20,5,56159400,3650,857340,55,15405
1943,10,0,19,6,56182440,3649,857340,55,15415
1944,10,0,23,2,56211000,3649,857340,55,15425
1945,6,0,19,6,56241060,3649,857340,55,15431
1946,6,0,18,7,56278920,3649,857340,55,15437
1947,3,0,15,10,56301060,3649,857340,55,15440
1948,8,0,19,6,56317140,3650,857340,55,15448
1949,4,0,17,8,56339100,3650,857340,55,15452
1950,7,0,19,6,56357880,3650,857340,55,15459
1951,12,0,24,1,56374620,3649,857640,55,15471
1952,12,2,25,0,56415120,3650,857640,55,15483
1953,9,0,22,3,56470920,3650,859620,55,15492
1954,12,0,21,4,56512320,3649,859620,55,15504
1955,9,0,19,6,56547240,3649,859620,55,15513
1956,15,0,21,4,56585880,3649,859620,55,15528
1957,8,0,20,5,56616540,3648,859620,55,15536
1958,12,0,25,0,56649720,3649,859860,55,15548
1959,12,0,23,2,56687340,3648,860040,55,15560
1960,15,2,25,0,56730780,3648,861420,55,15575
1961,10,0,22,3,56779740,3648,867000,55,15585
1962,6,0,16,9,56833020,3648,867000,55,15591
1963,9,0,24,1,56841900,3649,867000,55,15600
1964,13,2,25,0,56880420,3649,869760,55,15613
1965,6,0,20,5,56935920,3649,871980,55,15619
1966,6,0,19,6,56974860,3650,871980,55,15625
1967,4,0,17,8,57004980,3651,871980,55,15629
1968,3,0,17,8,57016320,3651,871980,55,15632
1969,3,0,14,11,57042720,3651,871980,55,15635
1970,8,0,18,7,57059340,3651,871980,55,15643
1971,5,0,16,9,57083460,3651,871980,55,15648
1972,11,0,22,3,57098340,3651,871980,55,15659
1973,9,0,21,4,57129540,3651,871980,55,15668
1974,8,0,19,6,57168480,3651,871980,55,15676
1975,8,0,17,8,57207180,3651,871980,55,15684
1976,6,0,18,7,57226020,3651,871980,55,15690
1977,5,0,17,8,57250620,3651,871980,55,15695
1978,10,0,21,4,57262380,3651,871980,55,15705
1979,6,0,19,6,57284340,3650,871980,55,15711
1980,16,0,23,2,57326940,3650,871980,55,15727
1981,7,0,21,4,57357720,3650,871980,55,15734
1982,9,0,20,5,57394860,3650,871980,55,15743
1983,14,0,23,2,57435480,3650,871980,55,15757
1984,8,0,18,7,57471120,3649,871980,55,15765
1985,6,0,16,9,57514020,3650,871980,55,15771
1986,7,0,18,7,57530580,3650,871980,55,15778
1987,13,0,22,3,57554520,3649,871980,55,15791
1988,7,0,20,5,57590880,3650,871980,55,15798
1989,6,0,18,7,57625320,3650,871980,55,15804
1990,12,0,23,2,57652920,3650,871980,55,15816
1991,4,0,19,6,57683760,3650,871980,55,15820
1992,5,0,14,11,57731460,3651,871980,55,15825
1993,8,0,18,7,57741780,3651,871980,55,15833
1994,10,0,22,3,57757680,3650,871980,55,15843
1995,14,0,25,0,57789960,3650,871980,54,15857
1996,4,0,19,6,57832740,3650,871980,54,15861
1997,7,0,19,6,57861720,3650,871980,54,15868
1998,8,0,19,6,57895320,3651,871980,54,15876
1999,8,0,22,3,57919620,3651,871980,54,15884
2000,5,0,17,8,57956760,3651,871980,54,15889
2001,5,0,17,8,57975360,3651,871980,54,15894
2002,6,0,18,7,58000800,3651,871980,54,15900
2003,15,0,23,2,58025760,3651,871980,54,15915
2004,5,0,20,5,58054620,3651,871980,54,15920
2005,14,0,24,1,58103100,3651,871980,54,15934
2006,16,2,25,0,58132560,3650,872460,54,15950
2007,10,0,25,0,58174020,3650,886020,55,15960
2008,15,0,24,1,58241100,3651,886380,55,15975
2009,7,0,18,7,58272240,3650,886380,55,15982
2010,5,0,13,12,58318500,3650,886380,55,15987
2011,4,0,15,10,58323720,3650,886380,55,15991
2012,8,0,18,7,58335060,3650,886380,55,15999
2013,5,0,19,6,58351800,3650,886380,55,16004
2014,7,0,18,7,58390260,3650,886380,55,16011
2015,2,0,13,12,58425120,3651,886380,55,16013
2016,6,0,18,7,58431420,3651,886380,55,16019
2017,3,0,21,4,58431420,3651,886380,55,16022
2018,5,0,25,0,58432200,3651,886380,55,16027
2019,5,0,22,3,58464420,3651,887580,55,16032
2020,6,0,21,4,58490040,3651,887580,55,16038
2021,9,1,25,0,58498500,3651,887580,55,16047
2022,7,0,24,1,58522020,3650,887760,55,16054
2023,7,0,25,0,58538580,3650,887820,55,16061
2024,11,2,25,0,58574520,3650,888900,55,16072
2025,11,4,25,0,58598940,3650,893160,55,16083
2026,9,7,25,0,58632480,3650,899160,55,16092
2027,9,13,25,0,58649700,3651,906960,56,16101
2028,5,13,25,0,58682400,3652,923880,57,16106
2029,11,21,25,0,58706640,3652,934740,58,16117
2030,7,22,25,0,58737120,3653,944700,58,16124
2031,14,30,25,0,58766940,3653,949440,58,16138
2032,11,36,25,0,58795380,3654,958500,59,16149
2033,6,37,25,0,58827780,3655,977700,60,16155
2034,9,37,25,0,58866180,3656,1020000,63,16164
2035,9,37,25,0,58892100,3656,1046400,64,16173
2036,10,38,25,0,58916760,3656,1070160,66,16183
2037,5,35,25,0,58950540,3656,1165680,72,16188
2038,2,30,25,0,58977240,3656,1297440,80,16190
2039,6,29,25,0,59000460,3656,1418760,87,16196
2040,2,16,25,0,59034540,3655,1843680,113,16198
2041,3,0,21,4,59067000,3651,2372040,146,16201
2042,3,0,20,5,59082540,3652,2372040,146,16204
2043,10,2,25,0,59086560,3651,2372040,146,16214
2044,5,3,25,0,59101260,3651,2374980,146,16219
2045,8,4,25,0,59147460,3652,2384820,147,16227
2046,14,13,25,0,59163060,3652,2389740,147,16241
2047,7,15,25,0,59194500,3653,2405160,148,16248
2048,11,15,25,0,59237460,3653,2436840,149,16259
2049,10,19,25,0,59258580,3653,2442840,150,16269
2050,11,24,25,0,59283060,3653,2452740,150,16280
2051,15,33,25,0,59308320,3654,2460600,151,16295
2052,11,39,25,0,59338920,3654,2471040,151,16306
2053,5,38,25,0,59369340,3655,2480400,152,16311
2054,8,38,25,0,59397120,3655,2508120,153,16319
2055,12,40,25,0,59431920,3656,2545560,155,16331
2056,13,39,25,0,59448300,3656,2604300,159,16344
2057,12,40,25,0,59497380,3656,2731860,167,16356
2058,6,36,25,0,59519340,3656,2744880,168,16362
2059,12,40,25,0,59535960,3655,2827200,172,16374
2060,6,39,25,0,59567700,3656,2839140,173,16380
2061,5,39,25,0,59601060,3657,2847840,174,16385
2062,5,40,25,0,59615220,3657,2860680,174,16390
2063,14,38,25,0,59668380,3659,2901420,177,16404
2064,7,36,25,0,59692980,3658,3042540,185,16411
2065,4,27,25,0,59713260,3657,3402480,207,16415
2066,4,13,25,0,59755200,3655,4157340,253,16419
2067,6,1,25,0,59785620,3653,4696680,286,16425
2068,7,0,24,1,59806200,3652,4768320,290,16432
2069,2,0,22,3,59821500,3652,4768320,290,16434
2070,4,0,22,3,59852880,3653,4768320,290,16438
2071,7,3,25,0,59855520,3653,4768440,290,16445
2072,10,7,25,0,59889420,3654,4775700,290,16455
2073,11,13,25,0,59914920,3654,4778700,290,16466
2074,7,15,25,0,59946180,3655,4783800,291,16473
2075,15,27,25,0,59968080,3656,4790880,291,16488
2076,11,32,25,0,60008520,3657,4802340,291,16499
2077,12,39,25,0,60029160,3657,4808640,291,16511
2078,7,40,25,0,60060780,3658,4831800,293,16518
2079,11,39,25,0,60095460,3658,4880580,295,16529
2080,11,38,25,0,60129840,3659,4944660,299,16540
2081,6,36,25,0,60152460,3658,5013240,303,16546
2082,5,30,25,0,60188280,3658,5246040,317,16551
2083,10,21,25,0,60225840,3656,5472120,331,16561
2084,6,14,25,0,60244980,3654,5627220,340,16567
2085,7,10,25,0,60265320,3653,5840640,353,16574
2086,12,16,25,0,60291720,3653,5842800,353,16586
2087,6,17,25,0,60321060,3654,5850960,353,16592
2088,2,15,25,0,60351660,3655,5875980,355,16594
2089,4,12,25,0,60384300,3655,5903760,356,16598
2090,4,3,25,0,60420900,3655,6210120,375,16602
2091,6,0,24,1,60436620,3653,6307500,380,16608
2092,6,0,25,0,60463620,3654,6308580,380,16614
2093,11,4,25,0,60496080,3654,6315960,380,16625
2094,4,0,22,3,60521220,3654,6324720,381,16629
2095,6,0,21,4,60544980,3653,6324720,381,16635
2096,7,0,23,2,60554400,3653,6324720,381,16642
2097,8,0,23,2,60588300,3653,6324720,380,16650
2098,15,7,25,0,60601920,3653,6327360,380,16665
2099,11,13,25,0,60634260,3653,6334560,380,16676
2100,14,23,25,0,60660420,3654,6338580,380,16690
2101,16,35,25,0,60687480,3655,6350940,381,16706
2102,8,39,25,0,60717060,3656,6357720,381,16714
2103,13,39,25,0,60751260,3657,6387600,383,16727
2104,8,36,25,0,60786480,3657,6431220,385,16735
2105,9,40,25,0,60807000,3658,6498660,389,16744
2106,6,38,25,0,60841140,3658,6544620,392,16750
2107,10,39,25,0,60877980,3659,6610860,395,16760
2108,9,39,25,0,60893460,3660,6636180,397,16769
2109,7,37,25,0,60936840,3660,6691560,400,16776
2110,4,37,25,0,60952560,3661,6716040,401,16780
2111,3,35,25,0,60982800,3661,6751440,403,16783
2112,2,32,25,0,61010280,3662,6832020,408,16785
2113,1,24,25,0,61047000,3662,7189380,430,16786
2114,5,3,25,0,61086480,3659,8042700,480,16791
2115,6,0,22,3,61110600,3658,8182260,489,16797
2116,11,1,25,0,61120260,3657,8182560,488,16808
2117,5,0,24,1,61152840,3657,8185020,488,16813
2118,10,5,25,0,61171800,3657,8189880,488,16823
2119,5,0,22,3,61215240,3657,8202840,489,16828
2120,6,0,25,0,61223580,3657,8202960,489,16834
2121,10,1,25,0,61262100,3657,8205960,489,16844
2122,7,0,20,5,61296360,3656,8207820,489,16851
2123,11,3,25,0,61304340,3656,8207880,488,16862
2124,10,8,25,0,61319220,3656,8211420,488,16872
2125,18,19,25,0,61359840,3657,8214960,488,16890
2126,15,29,25,0,61385820,3657,8221140,488,16905
2127,6,33,25,0,61399380,3658,8224260,488,16911
2128,9,39,25,0,61422060,3658,8250000,489,16920
2129,9,39,25,0,61473060,3660,8258100,489,16929
2130,7,39,25,0,61490760,3660,8260560,489,16936
2131,8,37,25,0,61541040,3662,8340180,494,16944
2132,4,35,25,0,61556280,3661,8411100,498,16948
2133,3,28,25,0,61598460,3661,8604000,509,16951
2134,2,16,25,0,61627680,3660,8916000,528,16953
2135,6,0,25,0,61656540,3657,9373080,555,16959
2136,9,0,21,4,61681440,3656,9373260,554,16968
2137,3,0,22,3,61691520,3656,9373260,554,16971
2138,6,0,22,3,61715220,3656,9373260,554,16977
2139,3,0,24,1,61720800,3656,9373260,554,16980
2140,6,0,24,1,61747020,3656,9375060,554,16986
2141,6,0,25,0,61775100,3657,9375360,554,16992
2142,11,7,25,0,61787940,3657,9376380,554,17003
2143,5,5,25,0,61825320,3658,9390180,554,17008
2144,6,6,25,0,61848660,3658,9392700,554,17014
2145,4,0,25,0,61889340,3658,9430740,556,17018
2146,14,9,25,0,61914900,3659,9435060,556,17032
2147,12,19,25,0,61927080,3659,9439560,556,17044
2148,10,25,25,0,61959360,3660,9454140,556,17054
2149,9,31,25,0,61986360,3661,9464820,557,17063
2150,16,40,25,0,62029440,3662,9489300,558,17079
2151,7,39,25,0,62056260,3663,9531600,560,17086
2152,13,40,25,0,62089560,3663,9565500,562,17099
2153,8,39,25,0,62115480,3664,9611640,564,17107
2154,12,39,25,0,62156880,3665,9716400,570,17119
2155,6,39,25,0,62174040,3665,9800520,575,17125
2156,10,40,25,0,62208060,3665,9809640,575,17135
2157,11,39,25,0,62228400,3665,9856260,578,17146
2158,3,36,25,0,62263320,3666,9941400,583,17149
2159,7,33,25,0,62291940,3665,10134720,594,17156
2160,8,34,25,0,62320440,3665,10176300,596,17164
2161,6,37,25,0,62336280,3666,10181700,596,17170
2162,5,37,25,0,62366460,3666,10193640,597,17175
2163,6,29,25,0,62410620,3666,10422360,610,17181
2164,8,26,25,0,62431080,3665,10635420,622,17189
2165,8,15,25,0,62475240,3663,11156160,652,17197
2166,5,8,25,0,62492640,3662,11424660,668,17202
2167,4,0,22,3,62528400,3661,11764620,687,17206
2168,2,0,20,5,62545020,3661,11764620,687,17208
2169,4,0,22,3,62552820,3661,11764620,687,17212
2170,7,0,24,1,62572560,3661,11765160,687,17219
2171,8,0,24,1,62595840,3661,11765160,687,17227
2172,9,1,25,0,62620620,3660,11765280,686,17236
2173,10,0,25,0,62641740,3659,11765460,686,17246
2174,9,4,25,0,62658600,3659,11765760,686,17255
2175,19,18,25,0,62683560,3660,11772000,685,17274
2176,21,35,25,0,62711880,3660,11774760,685,17295
2177,7,40,25,0,62721300,3661,11782080,685,17302
2178,13,40,25,0,62771880,3662,11817780,687,17315
2179,4,36,25,0,62804640,3663,11855940,689,17319
2180,8,35,25,0,62845020,3663,11925780,692,17327
2181,9,38,25,0,62861880,3663,11931840,692,17336
2182,3,36,25,0,62888340,3663,11967120,694,17339
2183,4,35,25,0,62914620,3664,11997780,696,17343
2184,5,35,25,0,62947200,3665,12071340,700,17348
2185,8,34,25,0,62977080,3665,12185700,706,17356
2186,7,20,25,0,63015840,3662,12693060,735,17363
2187,4,12,25,0,63036060,3661,12904920,747,17367
2188,5,7,25,0,63067020,3661,13129680,760,17372
2189,5,0,24,1,63098820,3660,13319520,771,17377
2190,9,0,23,2,63123540,3659,13320660,771,17386
2191,13,1,25,0,63145860,3658,13323120,770,17399
2192,9,4,25,0,63172200,3658,13328700,770,17408
2193,9,10,25,0,63191700,3659,13330920,770,17417
2194,10,15,25,0,63218220,3659,13336620,770,17427
2195,10,16,25,0,63260880,3660,13371780,771,17437
2196,6,13,25,0,63286800,3660,13424160,774,17443
2197,21,29,25,0,63307740,3660,13427340,773,17464
2198,10,35,25,0,63330120,3660,13435020,773,17474
2199,8,40,25,0,63357180,3661,13438440,773,17482
2200,8,37,25,0,63405120,3663,13490340,776,17490
2201,14,40,25,0,63423240,3663,13499760,776,17504
2202,12,40,25,0,63445440,3663,13505340,777,17516
2203,5,39,25,0,63477420,3664,13533660,778,17521
2204,7,40,25,0,63505920,3664,13577820,780,17528
2205,6,37,25,0,63546480,3665,13728780,789,17534
2206,5,30,25,0,63576840,3664,13934940,800,17539
2207,7,23,25,0,63603180,3663,14220360,816,17546
2208,1,14,25,0,63623340,3662,14530680,834,17547
2209,4,0,20,5,63666120,3660,14979660,860,17551
2210,3,0,21,4,63675420,3660,14979660,860,17554
2211,9,0,24,1,63694440,3659,14982480,859,17563
2212,8,2,25,0,63712860,3659,14982900,859,17571
2213,10,4,25,0,63741720,3659,14986860,859,17581
2214,6,6,25,0,63765780,3660,14992800,859,17587
2215,10,11,25,0,63793080,3661,15001080,859,17597
2216,4,11,25,0,63821040,3661,15009420,859,17601
2217,12,18,25,0,63844440,3662,15023400,859,17613
2218,8,19,25,0,63882720,3662,15039900,860,17621
2219,10,20,25,0,63915480,3662,15047280,860,17631
2220,11,22,25,0,63940260,3662,15087660,861,17642
2221,16,31,25,0,63974760,3662,15094920,861,17658
2222,14,39,25,0,64005900,3663,15099060,861,17672
2223,10,40,25,0,64022640,3663,15111060,861,17682
2224,8,39,25,0,64051560,3664,15144240,863,17690
2225,8,39,25,0,64083960,3665,15156660,863,17698
2226,6,37,25,0,64118160,3665,15198060,865,17704
2227,5,35,25,0,64152120,3666,15277440,870,17709
2228,4,32,25,0,64174200,3666,15421620,878,17713
2229,5,25,25,0,64207500,3665,15652740,891,17718
2230,4,16,25,0,64232820,3664,16000260,910,17722
2231,5,5,25,0,64267320,3662,16332240,929,17727
2232,7,0,25,0,64291260,3661,16623720,945,17734
2233,4,0,20,5,64318860,3661,16623720,945,17738
2234,4,0,21,4,64325520,3661,16623720,945,17742
2235,6,0,25,0,64328220,3661,16623720,944,17748
2236,3,0,23,2,64358220,3661,16623720,944,17751
2237,4,0,23,2,64375740,3661,16623720,944,17755
2238,9,1,25,0,64398480,3661,16624200,943,17764
2239,6,0,23,2,64419780,3661,16624440,943,17770
2240,4,0,21,4,64451820,3661,16624440,943,17774
2241,6,0,22,3,64467840,3661,16624440,943,17780
2242,9,3,25,0,64479180,3661,16624500,942,17789
2243,8,4,25,0,64503120,3661,16627740,942,17797
2244,10,10,25,0,64525080,3662,16634820,942,17807
2245,13,17,25,0,64562160,3662,16638900,941,17820
2246,16,30,25,0,64581300,3663,16643640,941,17836
2247,11,35,25,0,64621380,3664,16659540,941,17847
2248,9,40,25,0,64642680,3664,16680420,942,17856
2249,9,39,25,0,64677180,3665,16704300,943,17865
2250,11,39,25,0,64710120,3666,16738560,945,17876
2251,8,38,25,0,64731420,3666,16790100,947,17884
2252,7,38,25,0,64756140,3666,16869960,951,17891
2253,9,40,25,0,64781100,3666,16916460,954,17900
2254,6,36,25,0,64830120,3667,16996920,958,17906
2255,7,34,25,0,64853160,3666,17209920,969,17913
2256,4,25,25,0,64892340,3666,17450820,983,17917
2257,3,0,23,2,64925100,3661,18171540,1023,17920
2258,4,0,20,5,64932720,3660,18171540,1023,17924
2259,3,0,21,4,64944900,3661,18171540,1023,17927
2260,8,0,25,0,64950060,3660,18171540,1022,17935
2261,5,0,21,4,64979100,3660,18171660,1022,17940
2262,6,0,21,4,64994340,3660,18171660,1022,17946
2263,12,0,25,0,65014440,3659,18172320,1021,17958
2264,6,0,25,0,65036880,3659,18173280,1021,17964
2265,14,5,25,0,65070360,3659,18176820,1020,17978
2266,5,4,25,0,65094960,3659,18189900,1020,17983
2267,9,8,25,0,65117280,3659,18195480,1020,17992
2268,8,9,25,0,65153820,3660,18213480,1021,18000
2269,11,14,25,0,65183640,3660,18220080,1021,18011
2270,10,19,25,0,65207100,3661,18227820,1020,18021
2271,16,29,25,0,65238240,3661,18236520,1020,18037
2272,6,31,25,0,65264520,3662,18250560,1020,18043
2273,8,36,25,0,65289420,3663,18259140,1021,18051
2274,10,39,25,0,65325720,3664,18271560,1021,18061
2275,10,40,25,0,65349720,3664,18289680,1021,18071
2276,8,37,25,0,65381580,3664,18338400,1024,18079
2277,9,36,25,0,65416080,3664,18410940,1027,18088
2278,5,35,25,0,65441280,3664,18440520,1029,18093
2279,8,37,25,0,65463780,3664,18505380,1032,18101
2280,2,30,25,0,65504100,3665,18630720,1039,18103
2281,5,27,25,0,65528220,3665,18905880,1054,18108
2282,5,9,25,0,65569080,3662,19516860,1088,18113
2283,6,0,24,1,65584440,3660,19782000,1102,18119
2284,7,0,23,2,65610180,3660,19782000,1102,18126
2285,5,0,20,5,65630400,3659,19782000,1101,18131
2286,11,4,25,0,65633340,3659,19782120,1101,18142
2287,6,8,25,0,65642100,3659,19782960,1101,18148
2288,8,11,25,0,65680440,3660,19787520,1100,18156
2289,8,12,25,0,65726460,3661,19803300,1100,18164
2290,8,16,25,0,65747760,3662,19815840,1101,18172
2291,17,26,25,0,65781000,3662,19841220,1101,18189
2292,11,32,25,0,65809140,3662,19846740,1101,18200
2293,9,38,25,0,65831880,3663,19848840,1100,18209
2294,4,37,25,0,65866260,3664,19885020,1102,18213
2295,9,40,25,0,65885040,3664,19887960,1102,18222
2296,7,40,25,0,65922840,3665,19906740,1103,18229
2297,9,39,25,0,65958900,3666,19962600,1105,18238
2298,8,38,25,0,65991300,3666,20031300,1108,18246
2299,15,39,25,0,66017940,3666,20122440,1113,18261
2300,11,40,25,0,66036420,3665,20127540,1113,18272
2301,9,40,25,0,66064860,3666,20132760,1113,18281
2302,2,25,25,0,66111120,3665,20618340,1139,18283
2303,6,5,25,0,66148140,3662,21374220,1181,18289
2304,6,0,22,3,66162660,3660,21506940,1188,18295
2305,4,0,20,5,66178920,3659,21506940,1188,18299
2306,2,0,19,6,66192060,3659,21506940,1187,18301
2307,6,0,21,4,66198360,3659,21506940,1187,18307
2308,6,0,21,4,66207420,3658,21506940,1187,18313
2309,9,0,23,2,66228660,3658,21507120,1186,18322
2310,7,0,23,2,66239400,3657,21507120,1186,18329
2311,7,0,23,2,66263760,3657,21507360,1185,18336
2312,11,2,25,0,66282000,3657,21507480,1184,18347
2313,16,12,25,0,66307620,3657,21513000,1184,18363
2314,7,13,25,0,66344820,3658,21529260,1184,18370
2315,12,19,25,0,66371100,3658,21536400,1184,18382
2316,5,18,25,0,66398940,3658,21551220,1184,18387
2317,15,29,25,0,66421200,3659,21560400,1184,18402
2318,10,32,25,0,66466800,3660,21571380,1184,18412
2319,7,37,25,0,66475680,3660,21578220,1184,18419
2320,10,36,25,0,66520500,3660,21600540,1184,18429
2321,12,36,25,0,66550800,3660,21635040,1186,18441
2322,9,40,25,0,66564000,3660,21685980,1188,18450
2323,11,40,25,0,66595500,3660,21749100,1191,18461
2324,5,39,25,0,66623580,3660,21756780,1191,18466
2325,5,37,25,0,66651540,3661,21839760,1195,18471
2326,9,36,25,0,66695460,3661,21947220,1200,18480
2327,6,31,25,0,66725100,3660,22108380,1209,18486
2328,10,28,25,0,66750600,3659,22248120,1216,18496
2329,4,28,25,0,66760860,3659,22250520,1216,18500
2330,1,13,25,0,66801540,3658,22883280,1250,18501
2331,5,0,21,4,66836760,3656,23395860,1278,18506
2332,6,0,22,3,66850680,3655,23395860,1277,18512
2333,4,0,21,4,66862860,3655,23395860,1277,18516
2334,9,1,25,0,66880200,3655,23396040,1277,18525
2335,6,0,25,0,66903660,3655,23398320,1276,18531
2336,10,1,25,0,66933900,3655,23398320,1276,18541
2337,8,2,25,0,66958380,3655,23399340,1275,18549
2338,10,6,25,0,66986640,3655,23403060,1275,18559
2339,13,12,25,0,67022220,3656,23413500,1274,18572
2340,7,18,25,0,67029300,3656,23415720,1274,18579
2341,13,24,25,0,67073160,3657,23427720,1274,18592
2342,9,30,25,0,67087260,3657,23445420,1274,18601
2343,10,34,25,0,67130160,3658,23455020,1274,18611
2344,7,38,25,0,67151040,3659,23469360,1274,18618
2345,4,35,25,0,67186380,3659,23555760,1278,18622
2346,6,34,25,0,67215900,3660,23630640,1282,18628
2347,4,29,25,0,67243860,3659,23721180,1287,18632
2348,12,34,25,0,67277460,3660,23748240,1287,18644
2349,11,39,25,0,67301520,3660,23817360,1291,18655
2350,5,37,25,0,67328100,3660,23857140,1292,18660
2351,4,34,25,0,67359360,3660,24002820,1300,18664
2352,6,23,25,0,67388220,3658,24393000,1321,18670
2353,7,14,25,0,67416180,3657,24664500,1335,18677
2354,1,4,25,0,67439280,3656,24963900,1351,18678
2355,5,0,20,5,67481220,3655,25049160,1355,18683
2356,7,0,25,0,67485420,3655,25049160,1355,18690
2357,5,0,19,6,67520880,3655,25049640,1354,18695
2358,8,0,25,0,67523880,3655,25049760,1354,18703
2359,4,0,21,4,67551000,3654,25049760,1353,18707
2360,11,1,25,0,67579500,3655,25052340,1353,18718
2361,8,4,25,0,67600140,3655,25060980,1353,18726
2362,10,3,25,0,67639080,3655,25071540,1352,18736
2363,8,4,25,0,67663380,3655,25076940,1352,18744
2364,7,1,25,0,67695360,3655,25101000,1353,18751
2365,13,5,25,0,67711440,3654,25112340,1353,18764
2366,10,8,25,0,67745400,3654,25122120,1352,18774
2367,19,22,25,0,67765740,3654,25126380,1352,18793
2368,10,26,25,0,67799820,3655,25140960,1351,18803
2369,8,29,25,0,67831500,3656,25157640,1352,18811
2370,2,29,25,0,67842900,3656,25174140,1352,18813
2371,7,27,25,0,67894020,3657,25220460,1354,18820
2372,5,26,25,0,67917720,3657,25271340,1357,18825
2373,5,23,25,0,67952340,3657,25390980,1363,18830
2374,3,17,25,0,67981020,3657,25543200,1371,18833
2375,1,0,19,6,68011140,3654,25867860,1388,18834
2376,8,0,23,2,68028240,3654,25867860,1387,18842
2377,3,0,21,4,68044320,3654,25867860,1387,18845
2378,4,0,21,4,68061300,3654,25867860,1387,18849
2379,8,0,23,2,68079300,3654,25867860,1386,18857
2380,3,0,21,4,68100660,3654,25867860,1386,18860
2381,4,0,20,5,68117580,3654,25867860,1386,18864
2382,4,0,20,5,68125560,3654,25867860,1385,18868
2383,12,3,25,0,68141940,3654,25867920,1385,18880
2384,8,5,25,0,68169000,3654,25877760,1385,18888
2385,7,8,25,0,68188380,3654,25884360,1384,18895
2386,12,16,25,0,68208840,3654,25891080,1384,18907
2387,10,17,25,0,68255040,3655,25906140,1384,18917
2388,5,15,25,0,68280900,3655,25932420,1385,18922
2389,7,12,25,0,68305440,3655,25988820,1387,18929
2390,4,2,25,0,68340120,3654,26121720,1394,18933
2391,11,1,25,0,68369340,3653,26145540,1395,18944
2392,8,0,25,0,68395320,3653,26147700,1394,18952
2393,6,0,22,3,68421660,3652,26147880,1394,18958
2394,10,1,25,0,68444820,3652,26148180,1393,18968
2395,11,5,25,0,68468460,3652,26150940,1393,18979
2396,8,8,25,0,68494140,3653,26156640,1392,18987
2397,2,4,25,0,68527380,3653,26176860,1393,18989
2398,9,7,25,0,68555940,3653,26188620,1393,18998
2399,5,8,25,0,68572080,3654,26193780,1393,19003

