Hour,Arrivals,Waiting,Treating,Available Rooms,Total Treatment Time,Average Treatment Time,Total Wait Time,Average Wait Time,Total Arrivals
1,7,0,4,21,2220,740,0,0,7
2,7,0,4,21,22980,2298,0,0,14
3,3,0,1,24,36000,2250,0,0,17
4,7,0,4,21,47580,2379,0,0,24
5,5,0,4,21,61200,2448,0,0,29
6,9,0,9,16,69300,2389,0,0,38
7,12,0,11,14,91440,2344,0,0,50
8,5,0,5,20,141660,2833,0,0,55
9,9,0,5,20,168600,2857,0,0,64
10,13,0,12,13,181320,2789,0,0,77
11,8,0,9,16,228600,3007,0,0,85
12,5,0,7,18,255960,3083,0,0,90
13,11,0,11,14,298380,3315,0,0,101
14,8,0,7,18,338880,3322,0,0,109
15,6,0,9,16,352260,3323,0,0,115
16,11,0,9,16,391560,3346,0,0,126
17,6,0,6,19,424500,3369,0,0,132
18,7,0,6,19,448980,3375,0,0,139
19,6,0,6,19,472920,3402,0,0,145
20,7,0,5,20,485280,3301,0,0,152
21,9,0,8,17,512400,3349,0,0,161
22,3,0,4,21,543480,3396,0,0,164
23,3,0,5,20,550860,3400,0,0,167
24,10,0,9,16,576660,3432,0,0,177
25,6,0,8,17,599340,3424,0,0,183
26,8,0,10,15,633900,3502,0,0,191
27,6,0,9,16,659040,3505,0,0,197
28,7,0,9,16,690420,3540,0,0,204
29,4,0,7,18,726540,3614,0,0,208
30,10,0,8,17,753960,3590,0,0,218
31,14,0,15,10,775800,3575,0,0,232
32,6,0,13,12,815880,3626,0,0,238
33,12,0,14,11,864840,3664,0,0,250
34,9,0,12,13,900900,3647,0,0,259
35,14,0,14,11,963600,3720,0,0,273
36,11,0,13,12,994560,3669,0,0,284
37,10,0,10,15,1048500,3691,0,0,294
38,12,0,13,12,1089060,3716,0,0,306
39,14,0,16,9,1131060,3720,0,0,320
40,6,0,12,13,1167000,3716,0,0,326
41,10,0,11,14,1216140,3741,0,0,336
42,9,0,8,17,1257720,3732,0,0,345
43,7,0,6,19,1291920,3733,0,0,352
44,7,0,8,17,1310520,3733,0,0,359
45,8,0,9,16,1335180,3729,0,0,367
46,5,0,3,22,1376040,3729,0,0,372
47,3,0,1,24,1390080,3716,0,0,375
48,10,0,6,19,1396320,3684,0,0,385
49,3,0,5,20,1408080,3676,0,0,388
50,3,0,4,21,1436460,3711,0,0,391
51,5,0,5,20,1449000,3705,0,0,396
52,3,0,3,22,1467000,3704,0,0,399
53,6,0,6,19,1475040,3696,0,0,405
54,10,0,6,19,1503480,3675,0,0,415
55,8,0,6,19,1522380,3650,0,0,423
56,9,0,8,17,1548900,3653,0,0,432
57,8,0,6,19,1573020,3624,0,0,440
58,13,0,9,16,1599900,3603,0,0,453
59,7,0,10,15,1608600,3574,0,0,460
60,11,0,9,16,1662240,3597,0,0,471
61,11,0,12,13,1693680,3603,0,0,482
62,14,0,15,10,1733340,3603,0,0,496
63,8,0,10,15,1782300,3607,0,0,504
64,10,0,10,15,1829220,3629,0,0,514
65,5,0,6,19,1859940,3625,0,0,519
66,8,0,5,20,1882020,3605,0,0,527
67,3,0,4,21,1896960,3606,0,0,530
68,6,0,8,17,1907700,3613,0,0,536
69,7,0,9,16,1930920,3615,0,0,543
70,4,0,5,20,1966380,3628,0,0,547
71,3,0,3,22,1996260,3649,0,0,550
72,7,0,7,18,2007780,3650,0,0,557
73,6,0,5,20,2034480,3646,0,0,563
74,9,0,7,18,2055180,3637,0,0,572
75,11,0,13,12,2068560,3629,0,0,583
76,4,0,6,19,2122140,3652,0,0,587
77,7,0,4,21,2158140,3657,0,0,594
78,9,0,9,16,2166960,3648,0,0,603
79,6,0,5,20,2213760,3665,0,0,609
80,8,0,8,17,2229840,3661,0,0,617
81,5,0,4,21,2257920,3653,0,0,622
82,5,0,5,20,2262360,3637,0,0,627
83,11,0,7,18,2295240,3637,0,0,638
84,5,0,9,16,2304000,3634,0,0,643
85,16,0,15,10,2343540,3639,0,0,659
86,14,0,11,14,2399700,3624,0,0,673
87,19,0,12,13,2442060,3591,0,0,692
88,14,0,15,10,2484300,3595,0,0,706
89,9,0,14,11,2530500,3609,0,0,715
90,8,0,9,16,2566620,3594,0,0,723
91,6,0,8,17,2600760,3607,0,0,729
92,8,0,9,16,2639400,3625,0,0,737
93,8,0,10,15,2659560,3618,0,0,745
94,2,0,2,23,2716920,3646,0,0,747
95,9,0,8,17,2721960,3638,0,0,756
96,7,0,9,16,2745660,3641,0,0,763
97,3,0,7,18,2764680,3642,0,0,766
98,4,0,6,19,2785860,3646,0,0,770
99,8,0,6,19,2808060,3637,0,0,778
100,5,0,7,18,2834580,3652,0,0,783
101,5,0,4,21,2865900,3655,0,0,788
102,3,0,4,21,2878620,3657,0,0,791
103,7,0,7,18,2902080,3668,0,0,798
104,6,0,6,19,2925960,3666,0,0,804
105,6,0,9,16,2942760,3673,0,0,810
106,11,0,11,14,2982300,3681,0,0,821
107,13,0,13,12,3005160,3660,0,0,834
108,6,0,7,18,3050640,3662,0,0,840
109,9,0,9,16,3072120,3657,0,0,849
110,14,0,14,11,3107520,3660,0,0,863
111,5,0,7,18,3156780,3666,0,0,868
112,17,0,15,10,3184980,3660,0,0,885
113,7,0,8,17,3234480,3658,0,0,892
114,7,0,6,19,3264480,3655,0,0,899
115,5,0,4,21,3288060,3653,0,0,904
116,6,0,8,17,3298620,3657,0,0,910
117,7,0,4,21,3332880,3650,0,0,917
118,7,0,5,20,3355500,3651,0,0,924
119,7,0,7,18,3367260,3644,0,0,931
120,6,0,5,20,3393540,3641,0,0,937
121,7,0,6,19,3404700,3629,0,0,944
122,4,0,4,21,3424320,3627,0,0,948
123,4,0,4,21,3439620,3628,0,0,952
124,7,0,5,20,3454740,3621,0,0,959
125,8,0,6,19,3465000,3605,0,0,967
126,6,0,6,19,3487860,3606,0,0,973
127,10,0,9,16,3500160,3593,0,0,983
128,9,0,12,13,3526860,3598,0,0,992
129,8,0,8,17,3576720,3605,0,0,1000
130,7,0,7,18,3605400,3605,0,0,1007
131,8,0,8,17,3630960,3605,0,0,1015
132,16,0,17,8,3650160,3599,0,0,1031
133,10,0,11,14,3703740,3595,0,0,1041
134,12,0,9,16,3764100,3605,0,0,1053
135,9,0,12,13,3780720,3600,0,0,1062
136,9,0,11,14,3832740,3615,0,0,1071
137,5,0,3,22,3879240,3615,0,0,1076
138,5,0,4,21,3892260,3613,0,0,1081
139,8,0,8,17,3908040,3615,0,0,1089
140,7,0,7,18,3933960,3612,0,0,1096
141,6,0,9,16,3947880,3611,0,0,1102
142,2,0,4,21,3984600,3622,0,0,1104
143,3,0,2,23,4006200,3625,0,0,1107
144,3,0,4,21,4009260,3625,0,0,1110
145,8,0,5,20,4024020,3615,0,0,1118
146,6,0,7,18,4036260,3613,0,0,1124
147,4,0,8,17,4047840,3614,0,0,1128
148,4,0,4,21,4090680,3626,0,0,1132
149,8,0,6,19,4100880,3616,0,0,1140
150,8,0,7,18,4126320,3616,0,0,1148
151,9,0,8,17,4152180,3613,0,0,1157
152,12,0,7,18,4182240,3599,0,0,1169
153,9,0,11,14,4196700,3596,0,0,1178
154,11,0,11,14,4229880,3590,0,0,1189
155,12,0,8,17,4272720,3581,0,0,1201
156,12,0,11,14,4298760,3576,0,0,1213
157,12,0,7,18,4351080,3572,0,0,1225
158,9,0,11,14,4371000,3573,0,0,1234
159,9,0,11,14,4404180,3574,0,0,1243
160,12,0,10,15,4457880,3580,0,0,1255
161,9,0,14,11,4474740,3579,0,0,1264
162,11,0,11,14,4527540,3581,0,0,1275
163,10,0,10,15,4571340,3585,0,0,1285
164,8,0,13,12,4595760,3590,0,0,1293
165,5,0,8,17,4650180,3604,0,0,1298
166,14,0,12,13,4681740,3601,0,0,1312
167,3,0,5,20,4726260,3607,0,0,1315
168,6,0,5,20,4753680,3612,0,0,1321
169,3,0,5,20,4759500,3608,0,0,1324
170,6,0,5,20,4790040,3615,0,0,1330
171,3,0,3,22,4813620,3619,0,0,1333
172,6,0,5,20,4827540,3618,0,0,1339
173,4,0,5,20,4835580,3614,0,0,1343
174,11,0,6,19,4863480,3607,0,0,1354
175,10,0,9,16,4876260,3598,0,0,1364
176,7,0,11,14,4898460,3601,0,0,1371
177,6,0,10,15,4926720,3604,0,0,1377
178,15,0,12,13,4977120,3606,0,0,1392
179,7,0,11,14,5004600,3605,0,0,1399
180,8,0,7,18,5036760,3597,0,0,1407
181,12,0,11,14,5071260,3601,0,0,1419
182,11,0,13,12,5093700,3594,0,0,1430
183,11,0,11,14,5142480,3596,0,0,1441
184,10,0,13,12,5172540,3597,0,0,1451
185,13,0,12,13,5221620,3596,0,0,1464
186,12,0,11,14,5270040,3597,0,0,1476
187,9,0,6,19,5323920,3599,0,0,1485
188,10,0,11,14,5344380,3601,0,0,1495
189,9,0,10,15,5382300,3602,0,0,1504
190,10,0,14,11,5409660,3606,0,0,1514
191,10,0,13,12,5446860,3604,0,0,1524
192,2,0,1,24,5514600,3616,0,0,1526
193,4,0,2,23,5524440,3615,0,0,1530
194,8,0,9,16,5529120,3616,0,0,1538
195,3,0,7,18,5544240,3614,0,0,1541
196,6,0,7,18,5568120,3615,0,0,1547
197,14,0,11,14,5592480,3608,0,0,1561
198,5,0,6,19,5621820,3603,0,0,1566
199,4,0,5,20,5653320,3612,0,0,1570
200,11,0,9,16,5668260,3605,0,0,1581
201,5,0,8,17,5689500,3605,0,0,1586
202,6,0,8,17,5719320,3610,0,0,1592
203,15,0,13,12,5752860,3609,0,0,1607
204,7,0,9,16,5793420,3609,0,0,1614
205,9,0,11,14,5815860,3607,0,0,1623
206,11,0,12,13,5852160,3607,0,0,1634
207,6,0,8,17,5889600,3608,0,0,1640
208,7,0,4,21,5932980,3611,0,0,1647
209,10,0,6,19,5950860,3604,0,0,1657
210,4,0,2,23,5990160,3610,0,0,1661
211,7,0,8,17,5992140,3609,0,0,1668
212,5,0,4,21,6027300,3611,0,0,1673
213,3,0,3,22,6043380,3612,0,0,1676
214,7,0,6,19,6052740,3609,0,0,1683
215,6,0,7,18,6069840,3608,0,0,1689
216,3,0,5,20,6085200,3607,0,0,1692
217,7,0,6,19,6106920,3607,0,0,1699
218,8,0,6,19,6128700,3602,0,0,1707
219,3,0,3,22,6160140,3608,0,0,1710
220,3,0,5,20,6164700,3609,0,0,1713
221,10,0,6,19,6196260,3608,0,0,1723
222,4,0,3,22,6219600,3607,0,0,1727
223,6,0,8,17,6222720,3607,0,0,1733
224,10,0,8,17,6253800,3604,0,0,1743
225,10,0,8,17,6282000,3600,0,0,1753
226,12,0,10,15,6307440,3593,0,0,1765
227,8,0,7,18,6348000,3594,0,0,1773
228,11,0,10,15,6370260,3590,0,0,1784
229,18,0,15,10,6407160,3585,0,0,1802
230,11,0,15,10,6457140,3591,0,0,1813
231,8,0,9,16,6513480,3594,0,0,1821
232,9,0,10,15,6550980,3599,0,0,1830
233,11,0,11,14,6576240,3593,0,0,1841
234,11,0,5,20,6637380,3593,0,0,1852
235,14,0,11,14,6654180,3587,0,0,1866
236,4,0,7,18,6691860,3591,0,0,1870
237,4,0,4,21,6715680,3591,0,0,1874
238,5,0,5,20,6738240,3595,0,0,1879
239,12,0,12,13,6750060,3592,0,0,1891
240,6,0,5,20,6793980,3590,0,0,1897
241,3,0,3,22,6809160,3589,0,0,1900
242,4,0,4,21,6816540,3587,0,0,1904
243,4,0,4,21,6833460,3589,0,0,1908
244,8,0,9,16,6843540,3588,0,0,1916
245,8,0,10,15,6861000,3584,0,0,1924
246,7,0,7,18,6892020,3582,0,0,1931
247,9,0,10,15,6925320,3588,0,0,1940
248,10,0,9,16,6962220,3586,0,0,1950
249,15,0,15,10,6987000,3583,0,0,1965
250,11,0,10,15,7053960,3587,0,0,1976
251,6,0,6,19,7098120,3592,0,0,1982
252,10,0,6,19,7122960,3586,0,0,1992
253,7,0,9,16,7134660,3585,0,0,1999
254,9,0,9,16,7164660,3584,0,0,2008
255,15,0,15,10,7184640,3578,0,0,2023
256,8,0,10,15,7225680,3575,0,0,2031
257,7,0,6,19,7272600,3579,0,0,2038
258,9,0,8,17,7297800,3579,0,0,2047
259,11,0,12,13,7311360,3573,0,0,2058
260,15,0,12,13,7366560,3574,0,0,2073
261,8,0,12,13,7386120,3569,0,0,2081
262,7,0,11,14,7427820,3576,0,0,2088
263,2,0,4,21,7482360,3586,0,0,2090
264,1,0,2,23,7496580,3588,0,0,2091
265,2,0,2,23,7512300,3592,0,0,2093
266,7,0,7,18,7516440,3591,0,0,2100
267,6,0,6,19,7539960,3590,0,0,2106
268,4,0,2,23,7573740,3592,0,0,2110
269,2,0,3,22,7575240,3591,0,0,2112
270,4,0,3,22,7585860,3590,0,0,2116
271,8,0,5,20,7599360,3586,0,0,2124
272,8,0,8,17,7612680,3584,0,0,2132
273,8,0,5,20,7646400,3581,0,0,2140
274,8,0,8,17,7661160,3579,0,0,2148
275,9,0,11,14,7678560,3578,0,0,2157
276,8,0,11,14,7711860,3580,0,0,2165
277,17,0,12,13,7760220,3576,0,0,2182
278,12,0,10,15,7811100,3576,0,0,2194
279,8,0,16,9,7820520,3577,0,0,2202
280,9,0,8,17,7889160,3581,0,0,2211
281,14,0,15,10,7920960,3584,0,0,2225
282,7,0,11,14,7954140,3581,0,0,2232
283,9,0,12,13,8000460,3589,0,0,2241
284,5,0,8,17,8054880,3599,0,0,2246
285,7,0,6,19,8092680,3601,0,0,2253
286,8,0,8,17,8114940,3601,0,0,2261
287,5,0,5,20,8139120,3599,0,0,2266
288,3,0,3,22,8159580,3600,0,0,2269
289,4,0,3,22,8177340,3602,0,0,2273
290,5,0,4,21,8186880,3600,0,0,2278
291,4,0,5,20,8196420,3599,0,0,2282
292,5,0,3,22,8222280,3599,0,0,2287
293,5,0,4,21,8232540,3598,0,0,2292
294,3,0,5,20,8241420,3598,0,0,2295
295,11,0,13,12,8256600,3600,0,0,2306
296,7,0,10,15,8295480,3602,0,0,2313
297,12,0,7,18,8365500,3608,0,0,2325
298,8,0,9,16,8376780,3604,0,0,2333
299,9,0,7,18,8423640,3607,0,0,2342
300,6,0,5,20,8456520,3609,0,0,2348
301,1,0,2,23,8471400,3609,0,0,2349
302,8,0,7,18,8488020,3611,0,0,2357
303,7,0,5,20,8514000,3609,0,0,2364
304,10,0,10,15,8522100,3604,0,0,2374
305,10,0,9,16,8552220,3600,0,0,2384
306,2,0,5,20,8585520,3605,0,0,2386
307,5,0,7,18,8599860,3607,0,0,2391
308,4,0,6,19,8626800,3611,0,0,2395
309,10,0,3,22,8660880,3605,0,0,2405
310,6,0,4,21,8679300,3605,0,0,2411
311,4,0,5,20,8686260,3604,0,0,2415
312,7,0,6,19,8704440,3602,0,0,2422
313,4,0,8,17,8718840,3605,0,0,2426
314,6,0,7,18,8751900,3609,0,0,2432
315,6,0,9,16,8761200,3606,0,0,2438
316,6,0,8,17,8789160,3608,0,0,2444
317,9,0,4,21,8835900,3607,0,0,2453
318,10,0,10,15,8851080,3608,0,0,2463
319,6,0,7,18,8883720,3608,0,0,2469
320,8,0,7,18,8913000,3608,0,0,2477
321,10,0,10,15,8933760,3606,0,0,2487
322,5,0,5,20,8978040,3609,0,0,2492
323,7,0,8,17,8994420,3610,0,0,2499
324,19,0,16,9,9028980,3608,0,0,2518
325,12,0,14,11,9077280,3607,0,0,2530
326,9,0,12,13,9116640,3607,0,0,2539
327,10,0,12,13,9155580,3608,0,0,2549
328,12,0,11,14,9215760,3614,0,0,2561
329,8,0,7,18,9252420,3611,0,0,2569
330,5,0,5,20,9289140,3615,0,0,2574
331,7,0,7,18,9305640,3615,0,0,2581
332,9,0,8,17,9330600,3613,0,0,2590
333,5,0,7,18,9343680,3610,0,0,2595
334,6,0,7,18,9373800,3613,0,0,2601
335,3,0,3,22,9399000,3613,0,0,2604
336,2,0,4,21,9401640,3613,0,0,2606
337,4,0,2,23,9417900,3611,0,0,2610
338,6,0,5,20,9429960,3611,0,0,2616
339,7,0,6,19,9442440,3608,0,0,2623
340,2,0,4,21,9463620,3610,0,0,2625
341,8,0,5,20,9485160,3609,0,0,2633
342,3,0,3,22,9504180,3609,0,0,2636
343,7,0,3,22,9521760,3606,0,0,2643
344,4,0,2,23,9532860,3604,0,0,2647
345,9,0,7,18,9538860,3600,0,0,2656
346,5,0,5,20,9559620,3599,0,0,2661
347,11,0,10,15,9582720,3599,0,0,2672
348,14,0,12,13,9613620,3595,0,0,2686
349,9,0,7,18,9670080,3597,0,0,2695
350,8,0,7,18,9688320,3593,0,0,2703
351,9,0,5,20,9711480,3587,0,0,2712
352,4,0,6,19,9724080,3588,0,0,2716
353,7,0,5,20,9763680,3592,0,0,2723
354,10,0,10,15,9776340,3590,0,0,2733
355,6,0,6,19,9803520,3587,0,0,2739
356,5,0,4,21,9829620,3587,0,0,2744
357,5,0,7,18,9841680,3589,0,0,2749
358,5,0,5,20,9871080,3590,0,0,2754
359,8,0,8,17,9896040,3593,0,0,2762
360,10,0,9,16,9922620,3591,0,0,2772
361,4,0,7,18,9954780,3595,0,0,2776
362,5,0,6,19,9984000,3597,0,0,2781
363,1,0,3,22,10001700,3599,0,0,2782
364,7,0,7,18,10018080,3601,0,0,2789
365,8,0,10,15,10033740,3600,0,0,2797
366,5,0,7,18,10066980,3601,0,0,2802
367,7,0,7,18,10104660,3606,0,0,2809
368,16,0,16,9,10119540,3602,0,0,2825
369,7,0,7,18,10177440,3602,0,0,2832
370,5,0,4,21,10215600,3605,0,0,2837
371,17,0,16,9,10224900,3602,0,0,2854
372,8,0,10,15,10261020,3597,0,0,2862
373,10,0,7,18,10303380,3596,0,0,2872
374,4,0,5,20,10321020,3594,0,0,2876
375,16,0,15,10,10332000,3591,0,0,2892
376,12,0,12,13,10385280,3591,0,0,2904
377,11,0,8,17,10429620,3587,0,0,2915
378,10,0,12,13,10452120,3588,0,0,2925
379,10,0,11,14,10486680,3586,0,0,2935
380,7,0,6,19,10548480,3592,0,0,2942
381,11,0,9,16,10569600,3590,0,0,2953
382,7,0,5,20,10593540,3584,0,0,2960
383,5,0,6,19,10622220,3589,0,0,2965
384,5,0,8,17,10629000,3588,0,0,2970
385,7,0,7,18,10658160,3588,0,0,2977
386,9,0,10,15,10683960,3590,0,0,2986
387,4,0,6,19,10718280,3591,0,0,2990
388,11,0,8,17,10759080,3594,0,0,3001
389,4,0,7,18,10783380,3596,0,0,3005
390,14,0,13,12,10818360,3598,0,0,3019
391,6,0,11,14,10842120,3597,0,0,3025
392,6,0,7,18,10885200,3599,0,0,3031
393,5,0,5,20,10918500,3602,0,0,3036
394,10,0,5,20,10938120,3596,0,0,3046
395,12,0,10,15,10956300,3594,0,0,3058
396,8,0,5,20,10985280,3588,0,0,3066
397,12,0,11,14,10997040,3585,0,0,3078
398,13,0,12,13,11029920,3582,0,0,3091
399,8,0,11,14,11057580,3580,0,0,3099
400,10,0,9,16,11101800,3581,0,0,3109
401,9,0,10,15,11144700,3585,0,0,3118
402,7,0,6,19,11186820,3586,0,0,3125
403,5,0,5,20,11205300,3585,0,0,3130
404,14,0,10,15,11229000,3582,0,0,3144
405,11,0,10,15,11267520,3582,0,0,3155
406,5,0,6,19,11293620,3580,0,0,3160
407,7,0,8,17,11319840,3583,0,0,3167
408,6,0,10,15,11338680,3584,0,0,3173
409,2,0,5,20,11373060,3587,0,0,3175
410,8,0,8,17,11401620,3591,0,0,3183
411,6,0,6,19,11427300,3590,0,0,3189
412,1,0,3,22,11444640,3591,0,0,3190
413,8,0,8,17,11452560,3590,0,0,3198
414,4,0,5,20,11484900,3592,0,0,3202
415,10,0,10,15,11505120,3593,0,0,3212
416,9,0,8,17,11540100,3591,0,0,3221
417,4,0,5,20,11565000,3591,0,0,3225
418,8,0,3,22,11592720,3589,0,0,3233
419,10,0,8,17,11600100,3585,0,0,3243
420,7,0,8,17,11624640,3585,0,0,3250
421,12,0,12,13,11651220,3584,0,0,3262
422,18,0,18,7,11692500,3584,0,0,3280
423,13,0,16,9,11751300,3585,0,0,3293
424,12,0,14,11,11803560,3586,0,0,3305
425,11,0,10,15,11864640,3588,0,0,3316
426,15,0,10,15,11921640,3589,0,0,3331
427,6,0,9,16,11946540,3589,0,0,3337
428,7,0,6,19,11979780,3588,0,0,3344
429,8,0,8,17,12000300,3588,0,0,3352
430,6,0,5,20,12031920,3588,0,0,3358
431,6,0,5,20,12049140,3587,0,0,3364
432,9,0,8,17,12061860,3584,0,0,3373
433,6,0,6,19,12080700,3581,0,0,3379
434,5,0,6,19,12107460,3584,0,0,3384
435,2,0,2,23,12126660,3583,0,0,3386
436,5,0,3,22,12137940,3582,0,0,3391
437,8,0,7,18,12145800,3580,0,0,3399
438,9,0,12,13,12161640,3581,0,0,3408
439,8,0,11,14,12194940,3581,0,0,3416
440,10,0,7,18,12249540,3582,0,0,3426
441,6,0,7,18,12275100,3583,0,0,3432
442,9,0,9,16,12294900,3582,0,0,3441
443,12,0,8,17,12340800,3582,0,0,3453
444,6,0,8,17,12365760,3583,0,0,3459
445,15,0,16,9,12391500,3583,0,0,3474
446,15,0,15,10,12436740,3579,0,0,3489
447,11,0,13,12,12494100,3583,0,0,3500
448,15,0,14,11,12530040,3578,0,0,3515
449,9,0,13,12,12583020,3583,0,0,3524
450,3,0,7,18,12616860,3584,0,0,3527
451,4,0,4,21,12660360,3589,0,0,3531
452,5,0,5,20,12676200,3589,0,0,3536
453,10,0,9,16,12694800,3589,0,0,3546
454,9,0,8,17,12727080,3588,0,0,3555
455,9,0,9,16,12755460,3588,0,0,3564
456,6,0,5,20,12791220,3588,0,0,3570
457,3,0,2,23,12801180,3584,0,0,3573
458,9,0,9,16,12814080,3586,0,0,3582
459,10,0,9,16,12835320,3582,0,0,3592
460,7,0,8,17,12864360,3582,0,0,3599
461,8,0,9,16,12881760,3580,0,0,3607
462,5,0,5,20,12933720,3585,0,0,3612
463,4,0,2,23,12953640,3584,0,0,3616
464,8,0,6,19,12961800,3582,0,0,3624
465,10,0,12,13,12968520,3580,0,0,3634
466,14,0,11,14,13017540,3579,0,0,3648
467,10,0,8,17,13064400,3579,0,0,3658
468,13,0,11,14,13095180,3577,0,0,3671
469,13,0,11,14,13127160,3573,0,0,3684
470,5,0,8,17,13174140,3578,0,0,3689
471,8,0,5,20,13214700,3579,0,0,3697
472,6,0,2,23,13243800,3578,0,0,3703
473,7,0,8,17,13249080,3578,0,0,3710
474,8,0,9,16,13270560,3577,0,0,3718
475,6,0,6,19,13290900,3574,0,0,3724
476,4,0,6,19,13313940,3577,0,0,3728
477,6,0,5,20,13337460,3576,0,0,3734
478,2,0,2,23,13361460,3578,0,0,3736
479,9,0,7,18,13375020,3578,0,0,3745
480,5,0,8,17,13385040,3576,0,0,3750
481,6,0,7,18,13413120,3577,0,0,3756
482,5,0,7,18,13438680,3579,0,0,3761
483,5,0,4,21,13461420,3578,0,0,3766
484,5,0,7,18,13466520,3577,0,0,3771
485,4,0,6,19,13484280,3577,0,0,3775
486,4,0,4,21,13514760,3580,0,0,3779
487,5,0,7,18,13525200,3580,0,0,3784
488,10,0,8,17,13553820,3579,0,0,3794
489,8,0,8,17,13576020,3578,0,0,3802
490,5,0,6,19,13608780,3580,0,0,3807
491,10,0,9,16,13632180,3579,0,0,3817
492,8,0,9,16,13658100,3579,0,0,3825
493,15,0,14,11,13690260,3578,0,0,3840
494,8,0,12,13,13717860,3576,0,0,3848
495,9,0,12,13,13758960,3578,0,0,3857
496,10,0,14,11,13791420,3579,0,0,3867
497,4,0,7,18,13847460,3583,0,0,3871
498,7,0,6,19,13887360,3586,0,0,3878
499,4,0,4,21,13915860,3588,0,0,3882
500,10,0,9,16,13936020,3588,0,0,3892
501,4,0,4,21,13963200,3587,0,0,3896
502,3,0,4,21,13982700,3589,0,0,3899
503,8,0,5,20,13994820,3586,0,0,3907
504,6,0,5,20,14010840,3585,0,0,3913
505,4,0,5,20,14024640,3585,0,0,3917
506,7,0,6,19,14045580,3584,0,0,3924
507,4,0,5,20,14062920,3584,0,0,3928
508,6,0,6,19,14074020,3582,0,0,3934
509,6,0,5,20,14103120,3584,0,0,3940
510,5,0,5,20,14116380,3582,0,0,3945
511,6,0,7,18,14131740,3583,0,0,3951
512,11,0,12,13,14150580,3582,0,0,3962
513,3,0,4,21,14207040,3586,0,0,3965
514,16,0,11,14,14230440,3584,0,0,3981
515,12,0,12,13,14267460,3583,0,0,3993
516,9,0,9,16,14309280,3583,0,0,4002
517,12,0,11,14,14351880,3585,0,0,4014
518,12,0,14,11,14376120,3583,0,0,4026
519,17,0,18,7,14428680,3584,0,0,4043
520,9,0,16,9,14477340,3587,0,0,4052
521,7,0,10,15,14543040,3591,0,0,4059
522,7,0,10,15,14569860,3592,0,0,4066
523,10,0,9,16,14615580,3593,0,0,4076
524,6,0,8,17,14657220,3597,0,0,4082
525,8,0,5,20,14692440,3596,0,0,4090
526,2,0,3,22,14702700,3595,0,0,4092
527,4,0,5,20,14710200,3595,0,0,4096
528,1,0,1,24,14735580,3597,0,0,4097
529,3,0,3,22,14739300,3597,0,0,4100
530,3,0,4,21,14747940,3597,0,0,4103
531,6,0,8,17,14754960,3597,0,0,4109
532,1,0,3,22,14771640,3596,0,0,4110
533,1,0,0,25,14789520,3597,0,0,4111
534,9,0,8,17,14790420,3596,0,0,4120
535,9,0,7,18,14822460,3595,0,0,4129
536,9,0,5,20,14856720,3594,0,0,4138
537,11,0,11,14,14872560,3594,0,0,4149
538,9,0,14,11,14905380,3596,0,0,4158
539,9,0,10,15,14956440,3597,0,0,4167
540,13,0,17,8,14985540,3599,0,0,4180
541,12,0,11,14,15052560,3600,0,0,4192
542,8,0,14,11,15072960,3600,0,0,4200
543,11,0,13,12,15119940,3601,0,0,4211
544,7,0,8,17,15171720,3603,0,0,4218
545,13,0,11,14,15211200,3604,0,0,4231
546,7,0,7,18,15232680,3600,0,0,4238
547,9,0,7,18,15273480,3602,0,0,4247
548,7,0,7,18,15298020,3602,0,0,4254
549,6,0,6,19,15332100,3604,0,0,4260
550,3,0,2,23,15354720,3603,0,0,4263
551,6,0,2,23,15374040,3603,0,0,4269
552,8,0,8,17,15376080,3601,0,0,4277
553,7,0,8,17,15393180,3599,0,0,4284
554,7,0,10,15,15411780,3600,0,0,4291
555,7,0,5,20,15463140,3601,0,0,4298
556,4,0,6,19,15469140,3600,0,0,4302
557,6,0,5,20,15494940,3600,0,0,4308
558,12,0,11,14,15520980,3601,0,0,4320
559,6,0,8,17,15551160,3601,0,0,4326
560,5,0,5,20,15586380,3602,0,0,4331
561,8,0,7,18,15607080,3602,0,0,4339
562,11,0,10,15,15636420,3602,0,0,4350
563,10,0,9,16,15661440,3599,0,0,4360
564,10,0,7,18,15698220,3598,0,0,4370
565,12,0,10,15,15727320,3597,0,0,4382
566,9,0,11,14,15746460,3595,0,0,4391
567,11,0,8,17,15793440,3594,0,0,4402
568,5,0,7,18,15823500,3596,0,0,4407
569,10,0,12,13,15843240,3596,0,0,4417
570,4,0,6,19,15882600,3597,0,0,4421
571,6,0,4,21,15924120,3600,0,0,4427
572,5,0,4,21,15932460,3598,0,0,4432
573,8,0,5,20,15952800,3597,0,0,4440
574,6,0,4,21,15972600,3595,0,0,4446
575,8,0,4,21,15986280,3592,0,0,4454
576,6,0,5,20,16001520,3591,0,0,4460
577,8,0,5,20,16026180,3590,0,0,4468
578,1,0,1,24,16045680,3591,0,0,4469
579,3,0,4,21,16045680,3591,0,0,4472
580,3,0,5,20,16052100,3591,0,0,4475
581,3,0,1,24,16077420,3591,0,0,4478
582,5,0,4,21,16080840,3590,0,0,4483
583,7,0,7,18,16099380,3591,0,0,4490
584,11,0,9,16,16124040,3589,0,0,4501
585,9,0,7,18,16148280,3586,0,0,4510
586,13,0,9,16,16168800,3581,0,0,4523
587,11,0,10,15,16206060,3582,0,0,4534
588,7,0,8,17,16247160,3584,0,0,4541
589,18,0,19,6,16264860,3582,0,0,4559
590,10,0,11,14,16337340,3584,0,0,4569
591,11,0,12,13,16376400,3585,0,0,4580
592,12,0,15,10,16411860,3585,0,0,4592
593,7,0,11,14,16450620,3585,0,0,4599
594,12,0,10,15,16501440,3586,0,0,4611
595,11,0,12,13,16535820,3586,0,0,4622
596,7,0,6,19,16592340,3589,0,0,4629
597,13,0,12,13,16605060,3586,0,0,4642
598,4,0,6,19,16637640,3585,0,0,4646
599,5,0,6,19,16663380,3587,0,0,4651
600,4,0,4,21,16682520,3586,0,0,4655
601,6,0,6,19,16705020,3588,0,0,4661
602,5,0,6,19,16716900,3587,0,0,4666
603,3,0,3,22,16733820,3586,0,0,4669
604,7,0,6,19,16748340,3586,0,0,4676
605,2,0,2,23,16773540,3587,0,0,4678
606,4,0,4,21,16777620,3586,0,0,4682
607,6,0,7,18,16789800,3586,0,0,4688
608,7,0,5,20,16814700,3585,0,0,4695
609,6,0,4,21,16833840,3583,0,0,4701
610,11,0,10,15,16851900,3583,0,0,4712
611,13,0,14,11,16883580,3583,0,0,4725
612,12,0,12,13,16924200,3581,0,0,4737
613,6,0,6,19,16984500,3585,0,0,4743
614,13,0,13,12,16998360,3583,0,0,4756
615,8,0,13,12,17025840,3583,0,0,4764
616,5,0,6,19,17082660,3586,0,0,4769
617,8,0,7,18,17124180,3589,0,0,4777
618,8,0,10,15,17141100,3589,0,0,4785
619,4,0,7,18,17173680,3591,0,0,4789
620,5,0,3,22,17208480,3591,0,0,4794
621,5,0,5,20,17215260,3591,0,0,4799
622,5,0,6,19,17234040,3591,0,0,4804
623,6,0,8,17,17257620,3593,0,0,4810
624,7,0,10,15,17280180,3594,0,0,4817
625,4,0,6,19,17321100,3597,0,0,4821
626,6,0,8,17,17343180,3598,0,0,4827
627,5,0,6,19,17379540,3601,0,0,4832
628,3,0,4,21,17401500,3602,0,0,4835
629,9,0,8,17,17418840,3601,0,0,4844
630,12,0,11,14,17447820,3601,0,0,4856
631,5,0,10,15,17476020,3602,0,0,4861
632,7,0,11,14,17506440,3604,0,0,4868
633,12,0,11,14,17558160,3606,0,0,4880
634,2,0,3,22,17611620,3609,0,0,4882
635,11,0,8,17,17630400,3609,0,0,4893
636,11,0,10,15,17656500,3607,0,0,4904
637,10,0,9,16,17691960,3606,0,0,4914
638,8,0,7,18,17720040,3605,0,0,4922
639,11,0,9,16,17750760,3604,0,0,4933
640,6,0,6,19,17786880,3605,0,0,4939
641,11,0,10,15,17810700,3605,0,0,4950
642,9,0,9,16,17840520,3604,0,0,4959
643,4,0,7,18,17864460,3604,0,0,4963
644,10,0,11,14,17901900,3607,0,0,4973
645,8,0,9,16,17929620,3606,0,0,4981
646,4,0,7,18,17956620,3607,0,0,4985
647,5,0,5,20,17990700,3608,0,0,4990
648,6,0,8,17,17998740,3608,0,0,4996
649,4,0,4,21,18029940,3608,0,0,5000
650,5,0,4,21,18053520,3609,0,0,5005
651,7,0,5,20,18066120,3608,0,0,5012
652,7,0,8,17,18076740,3607,0,0,5019
653,7,0,8,17,18103140,3607,0,0,5026
654,5,0,5,20,18132360,3607,0,0,5031
655,9,0,8,17,18146340,3606,0,0,5040
656,12,0,9,16,18174360,3603,0,0,5052
657,5,0,7,18,18204420,3604,0,0,5057
658,10,0,11,14,18231240,3605,0,0,5067
659,13,0,11,14,18264900,3603,0,0,5080
660,12,0,10,15,18308640,3602,0,0,5092
661,11,0,13,12,18344160,3603,0,0,5103
662,9,0,12,13,18383220,3604,0,0,5112
663,6,0,7,18,18435600,3607,0,0,5118
664,13,0,10,15,18464160,3605,0,0,5131
665,7,0,9,16,18488160,3604,0,0,5138
666,6,0,10,15,18505920,3604,0,0,5144
667,7,0,7,18,18559260,3607,0,0,5151
668,3,0,6,19,18572400,3607,0,0,5154
669,4,0,5,20,18593700,3608,0,0,5158
670,7,0,6,19,18622500,3609,0,0,5165
671,5,0,8,17,18629040,3608,0,0,5170
672,3,0,7,18,18653580,3610,0,0,5173
673,5,0,9,16,18658320,3609,0,0,5178
674,6,0,12,13,18664680,3608,0,0,5184
675,7,0,10,15,18686700,3606,0,0,5191
676,6,0,14,11,18688200,3605,0,0,5197
677,3,0,10,15,18721260,3607,0,0,5200
678,4,0,11,14,18729120,3606,0,0,5204
679,8,0,14,11,18748260,3606,0,0,5212
680,7,0,14,11,18777000,3607,0,0,5219
681,10,0,14,11,18826020,3609,0,0,5229
682,11,0,18,7,18849360,3609,0,0,5240
683,14,0,19,6,18896100,3609,0,0,5254
684,8,0,14,11,18946620,3610,0,0,5262
685,14,0,20,5,18966480,3608,0,0,5276
686,11,0,18,7,19018440,3609,0,0,5287
687,9,0,16,9,19055040,3608,0,0,5296
688,9,0,14,11,19099740,3609,0,0,5305
689,9,0,13,12,19135500,3609,0,0,5314
690,8,0,11,14,19158600,3607,0,0,5322
691,9,0,13,12,19187520,3608,0,0,5331
692,9,0,14,11,19209480,3606,0,0,5340
693,6,0,13,12,19237260,3607,0,0,5346
694,9,0,15,10,19259160,3606,0,0,5355
695,3,0,10,15,19301160,3609,0,0,5358
696,9,0,11,14,19320300,3607,0,0,5367
697,9,0,16,9,19329180,3606,0,0,5376
698,3,0,12,13,19353540,3606,0,0,5379
699,6,0,13,12,19389960,3609,0,0,5385
700,6,0,9,16,19423740,3609,0,0,5391
701,5,0,10,15,19434780,3608,0,0,5396
702,5,0,10,15,19452360,3608,0,0,5401
703,8,0,11,14,19466040,3606,0,0,5409
704,10,0,13,12,19485120,3604,0,0,5419
705,14,0,16,9,19519740,3603,0,0,5433
706,6,0,17,8,19535280,3602,0,0,5439
707,10,0,15,10,19587420,3604,0,0,5449
708,13,0,18,7,19628520,3605,0,0,5462
709,11,0,21,4,19648800,3603,0,0,5473
710,10,0,17,8,19695120,3603,0,0,5483
711,16,0,23,2,19721280,3601,0,0,5499
712,5,0,16,9,19787460,3605,0,0,5504
713,8,0,14,11,19832760,3607,0,0,5512
714,6,0,14,11,19859100,3608,0,0,5518
715,11,0,17,8,19894020,3609,0,0,5529
716,6,0,14,11,19928280,3609,0,0,5535
717,12,0,19,6,19957560,3610,0,0,5547
718,5,0,14,11,19990080,3609,0,0,5552
719,5,0,14,11,20012820,3610,0,0,5557
720,5,0,12,13,20049360,3612,0,0,5562
721,2,0,7,18,20086560,3614,0,0,5564
722,1,0,7,18,20093760,3615,0,0,5565
723,3,0,8,17,20098200,3614,0,0,5568
724,9,0,12,13,20103720,3612,0,0,5577
725,3,0,8,17,20122440,3611,0,0,5580
726,6,0,12,13,20129820,3611,0,0,5586
727,7,0,11,14,20153280,3610,0,0,5593
728,4,0,11,14,20173080,3611,0,0,5597
729,14,0,18,7,20189640,3609,0,0,5611
730,6,0,14,11,20227620,3610,0,0,5617
731,13,0,17,8,20263320,3610,0,0,5630
732,8,0,17,8,20293560,3610,0,0,5638
733,14,0,16,9,20345640,3609,0,0,5652
734,15,0,21,4,20376060,3608,0,0,5667
735,13,0,18,7,20426220,3607,0,0,5680
736,8,0,15,10,20458980,3606,0,0,5688
737,8,0,12,13,20499780,3606,0,0,5696
738,7,0,12,13,20524620,3606,0,0,5703
739,10,0,12,13,20550600,3604,0,0,5713
740,8,0,16,9,20565780,3604,0,0,5721
741,5,0,13,12,20610840,3607,0,0,5726
742,8,0,13,12,20630340,3606,0,0,5734
743,4,0,9,16,20665140,3607,0,0,5738
744,3,0,9,16,20676600,3607,0,0,5741
745,5,0,11,14,20688360,3607,0,0,5746
746,5,0,10,15,20708940,3607,0,0,5751
747,7,0,15,10,20715420,3607,0,0,5758
748,11,0,21,4,20735460,3607,0,0,5769
749,5,0,14,11,20793600,3610,0,0,5774
750,7,0,16,9,20820240,3611,0,0,5781
751,9,0,17,8,20855280,3612,0,0,5790
752,11,0,20,5,20893680,3614,0,0,5801
753,6,0,9,16,20951520,3613,0,0,5807
754,18,0,20,5,20969400,3612,0,0,5825
755,16,0,22,3,21012180,3610,0,0,5841
756,5,0,16,9,21061380,3612,0,0,5846
757,9,0,13,12,21117120,3614,0,0,5855
758,16,0,19,6,21143040,3612,0,0,5871
759,13,0,18,7,21177840,3610,0,0,5884
760,14,0,16,9,21224700,3608,0,0,5898
761,6,0,12,13,21256380,3607,0,0,5904
762,11,0,17,8,21273360,3606,0,0,5915
763,8,0,13,12,21310740,3605,0,0,5923
764,8,0,14,11,21338400,3606,0,0,5931
765,10,0,15,10,21356700,3603,0,0,5941
766,8,0,13,12,21385740,3602,0,0,5949
767,6,0,14,11,21405960,3603,0,0,5955
768,3,0,9,16,21449100,3605,0,0,5958
769,7,0,12,13,21462540,3605,0,0,5965
770,4,0,13,12,21474120,3605,0,0,5969
771,7,0,14,11,21498960,3605,0,0,5976
772,5,0,13,12,21523020,3606,0,0,5981
773,7,0,11,14,21561540,3607,0,0,5988
774,6,0,9,16,21594480,3608,0,0,5994
775,6,0,13,12,21601620,3608,0,0,6000
776,8,0,14,11,21632220,3608,0,0,6008
777,7,0,13,12,21650280,3607,0,0,6015
778,9,0,13,12,21688680,3608,0,0,6024
779,21,1,25,0,21706380,3606,0,0,6045
780,10,0,16,9,21767520,3604,60,0,6055
781,14,0,23,2,21797640,3605,60,0,6069
782,12,0,17,8,21879240,3608,240,0,6081
783,13,0,20,5,21916560,3608,240,0,6094
784,15,0,19,6,21953160,3604,240,0,6109
785,15,0,21,4,21996060,3604,1200,0,6124
786,10,0,18,7,22067280,3608,1200,0,6134
787,9,0,13,12,22112400,3607,1200,0,6143
788,5,0,9,16,22144620,3607,1200,0,6148
789,14,0,16,9,22161840,3605,1200,0,6162
790,6,0,14,11,22177680,3603,1200,0,6168
791,8,0,18,7,22193640,3604,1200,0,6176
792,2,0,10,15,22258200,3608,1200,0,6178
793,7,0,11,14,22279680,3608,1200,0,6185
794,4,0,10,15,22297080,3608,1200,0,6189
795,6,0,11,14,22312920,3608,1200,0,6195
796,3,0,12,13,22319100,3608,1200,0,6198
797,6,0,12,13,22345500,3608,1200,0,6204
798,10,0,17,8,22359960,3608,1200,0,6214
799,6,0,14,11,22388220,3607,1200,0,6220
800,5,0,11,14,22411380,3606,1200,0,6225
801,8,0,18,7,22420200,3607,1200,0,6233
802,5,0,13,12,22465980,3608,1200,0,6238
803,15,0,18,7,22503240,3609,1200,0,6253
804,5,0,11,14,22536180,3607,1200,0,6258
805,5,0,11,14,22566540,3609,1200,0,6263
806,9,0,17,8,22575420,3609,1200,0,6272
807,11,0,19,6,22596840,3607,1200,0,6283
808,12,0,20,5,22652280,3609,1680,0,6295
809,10,0,13,12,22727280,3612,1680,0,6305
810,7,0,14,11,22749480,3612,1680,0,6312
811,7,0,13,12,22784280,3613,1680,0,6319
812,8,0,15,10,22812840,3614,1680,0,6327
813,13,0,18,7,22847340,3613,1680,0,6340
814,7,0,14,11,22877460,3612,1680,0,6347
815,8,0,14,11,22927620,3615,1680,0,6355
816,8,0,14,11,22949340,3614,1680,0,6363
817,7,0,12,13,22975200,3613,1680,0,6370
818,9,0,14,11,22998960,3613,1680,0,6379
819,12,0,20,5,23024040,3613,1680,0,6391
820,4,0,15,10,23062260,3614,1680,0,6395
821,2,0,9,16,23110560,3617,1680,0,6397
822,8,0,13,12,23124720,3617,1680,0,6405
823,6,0,11,14,23145960,3616,1680,0,6411
824,6,0,13,12,23160540,3616,1680,0,6417
825,10,0,14,11,23195100,3616,1680,0,6427
826,13,0,18,7,23217240,3615,1680,0,6440
827,15,0,20,5,23275080,3616,1680,0,6455
828,11,0,19,6,23311080,3615,1680,0,6466
829,14,0,17,8,23368140,3615,1680,0,6480
830,7,0,14,11,23402880,3615,1680,0,6487
831,11,0,17,8,23430840,3615,1680,0,6498
832,7,0,17,8,23459700,3615,1680,0,6505
833,9,0,18,7,23498640,3617,1680,0,6514
834,5,0,12,13,23536140,3617,1680,0,6519
835,8,0,16,9,23557680,3618,1680,0,6527
836,8,0,14,11,23598300,3618,1680,0,6535
837,6,0,14,11,23616420,3618,1680,0,6541
838,7,0,11,14,23660280,3619,1680,0,6548
839,3,0,9,16,23669040,3618,1680,0,6551
840,3,0,8,17,23683620,3618,1680,0,6554
841,2,0,10,15,23683620,3618,1680,0,6556
842,5,0,12,13,23698080,3618,1680,0,6561
843,2,0,10,15,23710620,3618,1680,0,6563
844,8,0,16,9,23715660,3617,1680,0,6571
845,6,0,16,9,23740980,3618,1680,0,6577
846,10,0,17,8,23790180,3621,1680,0,6587
847,6,0,13,12,23826000,3620,1680,0,6593
848,9,0,14,11,23856780,3621,1680,0,6602
849,7,0,14,11,23887380,3622,1680,0,6609
850,7,0,11,14,23925480,3622,1680,0,6616
851,10,0,17,8,23938080,3622,1680,0,6626
852,11,0,16,9,23968140,3620,1680,0,6637
853,13,0,19,6,24005880,3620,1680,0,6650
854,10,0,16,9,24049380,3619,1680,0,6660
855,8,0,14,11,24087120,3619,1680,0,6668
856,10,0,13,12,24115440,3618,1680,0,6678
857,8,0,11,14,24152760,3618,1680,0,6686
858,12,0,17,8,24173040,3618,1680,0,6698
859,8,0,17,8,24203400,3618,1680,0,6706
860,6,0,18,7,24227340,3619,1680,0,6712
861,6,0,13,12,24295080,3623,1680,0,6718
862,5,0,13,12,24316200,3623,1680,0,6723
863,4,0,6,19,24341820,3621,1680,0,6727
864,7,0,9,16,24346080,3620,1680,0,6734
865,3,0,12,13,24346080,3620,1680,0,6737
866,9,0,14,11,24363420,3619,1680,0,6746
867,9,0,16,9,24386460,3618,1680,0,6755
868,2,0,10,15,24418920,3619,1680,0,6757
869,5,0,10,15,24451620,3621,1680,0,6762
870,7,0,12,13,24464640,3620,1680,0,6769
871,10,0,16,9,24476520,3619,1680,0,6779
872,6,0,12,13,24511740,3619,1680,0,6785
873,9,0,11,14,24541140,3618,1680,0,6794
874,11,0,19,6,24547200,3617,1680,0,6805
875,10,0,15,10,24606420,3618,1680,0,6815
876,6,0,8,17,24644700,3617,1680,0,6821
877,10,0,14,11,24656460,3616,1680,0,6831
878,12,0,17,8,24677820,3615,1680,0,6843
879,16,0,22,3,24707580,3613,1680,0,6859
880,9,0,14,11,24772860,3614,1680,0,6868
881,15,0,20,5,24798720,3613,1680,0,6883
882,5,0,12,13,24849360,3613,1680,0,6888
883,11,0,19,6,24865920,3614,1680,0,6899
884,8,0,15,10,24906900,3613,1680,0,6907
885,7,0,10,15,24957180,3614,1680,0,6914
886,2,0,9,16,24968580,3614,1680,0,6916
887,5,0,12,13,24983880,3616,1680,0,6921
888,5,0,14,11,24993480,3615,1680,0,6926
889,4,0,14,11,25014540,3616,1680,0,6930
890,7,0,15,10,25046100,3618,1680,0,6937
891,4,0,12,13,25079580,3619,1680,0,6941
892,7,0,12,13,25108800,3620,1680,0,6948
893,2,0,9,16,25135500,3621,1680,0,6950
894,7,0,10,15,25153440,3620,1680,0,6957
895,5,0,14,11,25153980,3620,1680,0,6962
896,11,0,11,14,25188840,3618,1680,0,6973
897,10,0,14,11,25203180,3616,1680,0,6983
898,6,0,11,14,25227600,3615,1680,0,6989
899,7,0,11,14,25253940,3615,1680,0,6996
900,9,0,13,12,25282140,3615,1680,0,7005
901,12,0,16,9,25301520,3613,1680,0,7017
902,12,0,19,6,25335540,3614,1680,0,7029
903,8,0,16,9,25378020,3614,1680,0,7037
904,9,0,10,15,25421940,3613,1680,0,7046
905,8,0,12,13,25440840,3612,1680,0,7054
906,7,0,12,13,25452300,3610,1680,0,7061
907,3,0,9,16,25476600,3611,1680,0,7064
908,3,0,10,15,25485720,3611,1680,0,7067
909,13,0,13,12,25506900,3609,1680,0,7080
910,7,0,12,13,25527060,3608,1680,0,7087
911,7,0,13,12,25554780,3608,1680,0,7094
912,4,0,10,15,25569240,3607,1680,0,7098
913,5,0,11,14,25593060,3608,1680,0,7103
914,3,0,8,17,25608240,3607,1680,0,7106
915,9,0,11,14,25618500,3606,1680,0,7115
916,3,0,10,15,25635600,3606,1680,0,7118
917,5,0,10,15,25654680,3606,1680,0,7123
918,6,0,12,13,25662360,3605,1680,0,7129
919,5,0,11,14,25681440,3605,1680,0,7134
920,13,0,17,8,25698660,3604,1680,0,7147
921,6,0,14,11,25731240,3604,1680,0,7153
922,11,0,15,10,25762920,3603,1680,0,7164
923,11,0,20,5,25786380,3603,1680,0,7175
924,12,0,18,7,25842240,3604,1680,0,7187
925,9,0,19,6,25877100,3605,1680,0,7196
926,14,0,18,7,25917180,3603,1680,0,7210
927,7,0,12,13,25968960,3604,1680,0,7217
928,7,0,13,12,25992960,3604,1680,0,7224
929,8,0,13,12,26012460,3603,1680,0,7232
930,5,0,11,14,26042460,3603,1680,0,7237
931,16,0,17,8,26072760,3603,1680,0,7253
932,13,0,20,5,26104260,3602,1680,0,7266
933,5,0,15,10,26152380,3604,1680,0,7271
934,4,0,12,13,26186160,3605,1680,0,7275
935,4,0,9,16,26218260,3606,1680,0,7279
936,10,0,17,8,26227260,3606,1680,0,7289
937,7,0,12,13,26264280,3605,1680,0,7296
938,1,0,8,17,26291400,3606,1680,0,7297
939,7,0,13,12,26294280,3606,1680,0,7304
940,8,0,15,10,26317860,3606,1680,0,7312
941,5,0,13,12,26346000,3607,1680,0,7317
942,6,0,16,9,26360400,3607,1680,0,7323
943,12,0,17,8,26402880,3607,1680,0,7335
944,6,0,13,12,26429160,3606,1680,0,7341
945,10,0,15,10,26455560,3606,1680,0,7351
946,13,0,18,7,26493180,3606,1680,0,7364
947,12,0,19,6,26529540,3606,1680,0,7376
948,15,0,17,8,26595540,3606,2100,0,7391
949,14,0,24,1,26618700,3606,2100,0,7405
950,9,0,15,10,26690160,3607,2160,0,7414
951,14,0,17,8,26736420,3607,2160,0,7428
952,5,0,14,11,26767920,3608,2160,0,7433
953,7,0,16,9,26792400,3608,2160,0,7440
954,8,0,14,11,26834640,3609,2160,0,7448
955,11,0,20,5,26850240,3609,2160,0,7459
956,5,0,15,10,26900160,3611,2160,0,7464
957,8,0,18,7,26927640,3612,2160,0,7472
958,4,0,13,12,26968980,3613,2160,0,7476
959,6,0,12,13,27003060,3614,2160,0,7482
960,6,0,10,15,27021420,3613,2160,0,7488
961,6,0,12,13,27048780,3615,2160,0,7494
962,5,0,13,12,27059940,3614,2160,0,7499
963,8,0,15,10,27081960,3614,2160,0,7507
964,10,0,15,10,27121320,3615,2160,0,7517
965,5,0,10,15,27160500,3615,2160,0,7522
966,5,0,10,15,27179160,3615,2160,0,7527
967,8,0,13,12,27202440,3616,2160,0,7535
968,10,0,14,11,27222240,3614,2160,0,7545
969,8,0,14,11,27245580,3613,2160,0,7553
970,6,0,12,13,27268380,3613,2160,0,7559
971,12,0,17,8,27298560,3613,2160,0,7571
972,9,0,18,7,27317220,3612,2160,0,7580
973,14,0,16,9,27379500,3613,2160,0,7594
974,14,0,19,6,27406080,3611,2160,0,7608
975,6,0,11,14,27449940,3610,2160,0,7614
976,11,0,13,12,27468420,3608,2160,0,7625
977,4,0,10,15,27499380,3609,2160,0,7629
978,7,0,11,14,27525000,3609,2160,0,7636
979,9,0,13,12,27548700,3609,2160,0,7645
980,6,0,12,13,27573240,3609,2160,0,7651
981,6,0,14,11,27588840,3609,2160,0,7657
982,8,0,15,10,27617940,3610,2160,0,7665
983,6,0,11,14,27656400,3610,2160,0,7671
984,2,0,10,15,27666420,3610,2160,0,7673
985,6,0,12,13,27692100,3611,2160,0,7679
986,7,0,15,10,27699120,3610,2160,0,7686
987,3,0,12,13,27724980,3611,2160,0,7689
988,10,0,16,9,27762240,3613,2160,0,7699
989,11,0,13,12,27797880,3611,2160,0,7710
990,7,0,15,10,27820380,3612,2160,0,7717
991,7,0,14,11,27850320,3612,2160,0,7724
992,12,0,21,4,27873480,3612,2160,0,7736
993,7,0,16,9,27922440,3613,2160,0,7743
994,8,0,17,8,27970920,3616,2160,0,7751
995,14,0,18,7,28010640,3615,2160,0,7765
996,8,0,14,11,28051380,3615,2160,0,7773
997,4,0,13,12,28078740,3616,2160,0,7777
998,13,0,19,6,28111560,3617,2160,0,7790
999,15,0,23,2,28142880,3616,2400,0,7805
1000,7,0,15,10,28209480,3617,2400,0,7812
1001,6,0,13,12,28248420,3619,2400,0,7818
1002,13,0,16,9,28268100,3617,2400,0,7831
1003,14,0,19,6,28298820,3616,2400,0,7845
1004,8,0,14,11,28348020,3616,2400,0,7853
1005,5,0,12,13,28375860,3616,2400,0,7858
1006,7,0,10,15,28405080,3616,2400,0,7865
1007,3,0,9,16,28422600,3616,2400,0,7868
1008,8,0,11,14,28438740,3615,2400,0,7876
1009,5,0,12,13,28454100,3615,2400,0,7881
1010,9,0,15,10,28479360,3616,2400,0,7890
1011,5,0,16,9,28490160,3615,2400,0,7895
1012,12,0,15,10,28537020,3615,2400,0,7907
1013,8,0,12,13,28574220,3615,2400,0,7915
1014,5,0,10,15,28595340,3615,2400,0,7920
1015,9,0,13,12,28608720,3614,2400,0,7929
1016,6,0,15,10,28619520,3613,2400,0,7935
1017,11,0,13,12,28665600,3613,2400,0,7946
1018,9,0,12,13,28684320,3611,2400,0,7955
1019,9,0,15,10,28705260,3611,2400,0,7964
1020,18,0,22,3,28732740,3609,2400,0,7982
1021,11,0,11,14,28809420,3609,2400,0,7993
1022,15,0,17,8,28828620,3607,2400,0,8008
1023,19,0,20,5,28874460,3606,2400,0,8027
1024,7,0,12,13,28923060,3605,2400,0,8034
1025,10,0,17,8,28939800,3605,2400,0,8044
1026,8,0,15,10,28979940,3605,2400,0,8052
1027,7,0,16,9,29004480,3606,2400,0,8059
1028,9,0,10,15,29053500,3605,2400,0,8068
1029,7,0,14,11,29058480,3604,2400,0,8075
1030,6,0,12,13,29090580,3605,2400,0,8081
1031,9,0,13,12,29106960,3603,2400,0,8090
1032,4,0,10,15,29133240,3603,2400,0,8094
1033,8,0,13,12,29146980,3603,2400,0,8102
1034,3,0,12,13,29161740,3603,2400,0,8105
1035,5,0,16,9,29168400,3603,2400,0,8110
1036,3,0,11,14,29214180,3605,2400,0,8113
1037,2,0,7,18,29248740,3607,2400,0,8115
1038,1,0,7,18,29253480,3607,2400,0,8116
1039,12,0,16,9,29257680,3606,2400,0,8128
1040,9,0,22,3,29268840,3606,2400,0,8137
1041,15,0,21,4,29329140,3607,2400,0,8152
1042,9,0,14,11,29391960,3607,2400,0,8161
1043,11,0,17,8,29420040,3607,2400,0,8172
1044,14,0,18,7,29464560,3607,2400,0,8186
1045,11,0,20,5,29498640,3607,2400,0,8197
1046,12,0,21,4,29536260,3607,2400,0,8209
1047,12,0,18,7,29595780,3607,2400,0,8221
1048,18,0,23,2,29645220,3608,2400,0,8239
1049,6,0,18,7,29701680,3610,2400,0,8245
1050,3,0,12,13,29762640,3613,2400,0,8248
1051,6,0,10,15,29801880,3614,2400,0,8254
1052,3,0,9,16,29817240,3615,2400,0,8257
1053,5,0,9,16,29830800,3614,2400,0,8262
1054,7,0,14,11,29836620,3614,2400,0,8269
1055,4,0,15,10,29843640,3613,2400,0,8273
1056,3,0,10,15,29895000,3616,2400,0,8276
1057,2,0,7,18,29908740,3616,2400,0,8278
1058,3,0,9,16,29912280,3616,2400,0,8281
1059,10,0,14,11,29922240,3615,2400,0,8291
1060,7,0,14,11,29941260,3614,2400,0,8298
1061,13,0,19,6,29976060,3615,2400,0,8311
1062,6,0,17,8,30014280,3616,2400,0,8317
1063,9,0,19,6,30038040,3615,2400,0,8326
1064,10,0,19,6,30092040,3618,2400,0,8336
1065,10,0,16,9,30146580,3619,2400,0,8346
1066,4,0,12,13,30170940,3618,2400,0,8350
1067,13,0,13,12,30210120,3617,2400,0,8363
1068,6,0,15,10,30222720,3617,2400,0,8369
1069,8,0,14,11,30258120,3618,2400,0,8377
1070,5,0,13,12,30280980,3618,2400,0,8382
1071,17,0,20,5,30313860,3617,2400,0,8399
1072,8,0,18,7,30356940,3618,2400,0,8407
1073,16,0,21,4,30398520,3618,2400,0,8423
1074,3,0,12,13,30454500,3619,2400,0,8426
1075,6,0,11,14,30477180,3619,2400,0,8432
1076,11,0,16,9,30512040,3620,2400,0,8443
1077,6,0,11,14,30551160,3620,2400,0,8449
1078,3,0,10,15,30571380,3621,2400,0,8452
1079,2,0,7,18,30594060,3621,2400,0,8454
1080,9,0,13,12,30600360,3621,2400,0,8463
1081,5,0,14,11,30624000,3622,2400,0,8468
1082,7,0,12,13,30654060,3622,2400,0,8475
1083,6,0,12,13,30675660,3622,2400,0,8481
1084,3,0,13,12,30683580,3622,2400,0,8484
1085,5,0,11,14,30722460,3623,2400,0,8489
1086,6,0,13,12,30734940,3623,2400,0,8495
1087,10,0,18,7,30751800,3623,2400,0,8505
1088,10,0,16,9,30797400,3623,2400,0,8515
1089,10,0,12,13,30855000,3624,2400,0,8525
1090,8,0,12,13,30877320,3623,2400,0,8533
1091,11,0,18,7,30896520,3623,2400,0,8544
1092,8,0,17,8,30919260,3622,2400,0,8552
1093,19,0,24,1,30959100,3622,2400,0,8571
1094,13,0,20,5,31008840,3620,2400,0,8584
1095,13,0,23,2,31048680,3621,2400,0,8597
1096,12,0,18,7,31122240,3622,2400,0,8609
1097,14,0,18,7,31187100,3624,2400,0,8623
1098,15,0,20,5,31216440,3622,2400,0,8638
1099,9,0,16,9,31259040,3621,2400,0,8647
1100,11,0,18,7,31304760,3623,2400,0,8658
1101,8,0,11,14,31360800,3623,2400,0,8666
1102,7,0,14,11,31371780,3623,2400,0,8673
1103,5,0,13,12,31389480,3622,2400,0,8678
1104,5,0,13,12,31417440,3623,2400,0,8683
1105,5,0,14,11,31441140,3624,2400,0,8688
1106,4,0,9,16,31477860,3625,2400,0,8692
1107,5,0,10,15,31491180,3625,2400,0,8697
1108,3,0,9,16,31502340,3624,2400,0,8700
1109,1,0,7,18,31512960,3624,2400,0,8701
1110,8,0,14,11,31513920,3624,2400,0,8709
1111,5,0,13,12,31531920,3623,2400,0,8714
1112,4,0,9,16,31559160,3623,2400,0,8718
1113,7,0,11,14,31572180,3623,2400,0,8725
1114,6,0,9,16,31589520,3621,2400,0,8731
1115,8,0,14,11,31596120,3621,2400,0,8739
1116,6,0,13,12,31614720,3620,2400,0,8745
1117,15,0,21,4,31643880,3620,2400,0,8760
1118,10,0,15,10,31692360,3619,2400,0,8770
1119,11,0,16,9,31733040,3620,2400,0,8781
1120,11,0,19,6,31756020,3619,2400,0,8792
1121,7,0,14,11,31796700,3619,2400,0,8799
1122,11,0,19,6,31821660,3619,2400,0,8810
1123,4,0,14,11,31859100,3620,2400,0,8814
1124,6,0,12,13,31891260,3620,2400,0,8820
1125,4,0,11,14,31900800,3619,2400,0,8824
1126,8,0,12,13,31933080,3620,2400,0,8832
1127,2,0,9,16,31942860,3619,2400,0,8834
1128,7,0,13,12,31947720,3618,2400,0,8841
1129,5,0,10,15,31987080,3620,2400,0,8846
1130,3,0,9,16,31996080,3619,2400,0,8849
1131,9,0,11,14,32018820,3619,2400,0,8858
1132,0,0,6,19,32031120,3618,2400,0,8858
1133,3,0,9,16,32031120,3618,2400,0,8861
1134,10,0,17,8,32036520,3618,2400,0,8871
1135,7,0,17,8,32050740,3617,2400,0,8878
1136,9,0,15,10,32090520,3617,2400,0,8887
1137,4,0,11,14,32122680,3617,2400,0,8891
1138,12,0,16,9,32141580,3616,2400,0,8903
1139,11,0,15,10,32175480,3615,2400,0,8914
1140,7,0,12,13,32217000,3616,2400,0,8921
1141,10,0,15,10,32235780,3615,2400,0,8931
1142,11,0,18,7,32262300,3615,2400,0,8942
1143,14,0,21,4,32313540,3616,2400,0,8956
1144,4,0,14,11,32359620,3617,2400,0,8960
1145,13,0,12,13,32419260,3617,2400,0,8973
1146,8,0,15,10,32436300,3617,2400,0,8981
1147,8,0,15,10,32463000,3617,2400,0,8989
1148,6,0,12,13,32489460,3616,2400,0,8995
1149,9,0,18,7,32511360,3618,2400,0,9004
1150,5,0,13,12,32546640,3617,2400,0,9009
1151,4,0,10,15,32580960,3618,2400,0,9013
1152,5,0,11,14,32608500,3620,2400,0,9018
1153,8,0,13,12,32631780,3620,2400,0,9026
1154,3,0,12,13,32647200,3620,2400,0,9029
1155,7,0,12,13,32662920,3619,2400,0,9036
1156,5,0,11,14,32688720,3620,2400,0,9041
1157,9,0,15,10,32702700,3619,2400,0,9050
1158,5,0,11,14,32732700,3619,2400,0,9055
1159,16,0,21,4,32740500,3617,2400,0,9071
1160,7,0,13,12,32790180,3617,2400,0,9078
1161,5,0,10,15,32838720,3619,2400,0,9083
1162,4,0,14,11,32838720,3619,2400,0,9087
1163,10,0,14,11,32872200,3619,2400,0,9097
1164,6,0,13,12,32896260,3618,2400,0,9103
1165,8,0,12,13,32928240,3618,2400,0,9111
1166,13,0,15,10,32947800,3617,2400,0,9124
1167,11,0,17,8,32971320,3616,2400,0,9135
1168,8,0,14,11,33016020,3616,2400,0,9143
1169,8,0,14,11,33044640,3616,2400,0,9151
1170,11,0,16,9,33085980,3617,2400,0,9162
1171,13,0,16,9,33121980,3616,2400,0,9175
1172,4,0,11,14,33157620,3616,2400,0,9179
1173,9,0,11,14,33189240,3616,2400,0,9188
1174,6,0,13,12,33203340,3616,2400,0,9194
1175,4,0,14,11,33212880,3616,2400,0,9198
1176,2,0,10,15,33244920,3617,2400,0,9200
1177,7,0,11,14,33267420,3617,2400,0,9207
1178,8,0,13,12,33289980,3617,2400,0,9215
1179,13,0,15,10,33318540,3616,2400,0,9228
1180,7,0,13,12,33351300,3616,2400,0,9235
1181,13,0,20,5,33372180,3616,2400,0,9248
1182,6,0,13,12,33415800,3616,2400,0,9254
1183,6,0,15,10,33439680,3617,2400,0,9260
1184,7,0,12,13,33471060,3616,2400,0,9267
1185,12,0,15,10,33508920,3617,2400,0,9279
1186,9,0,15,10,33546780,3617,2400,0,9288
1187,14,0,21,4,33575820,3617,2400,0,9302
1188,6,0,14,11,33623460,3617,2400,0,9308
1189,10,0,18,7,33658680,3619,2400,0,9318
1190,16,0,20,5,33700980,3618,2400,0,9334
1191,9,0,21,4,33735000,3618,2400,0,9343
1192,17,0,18,7,33802500,3618,2400,0,9360
1193,10,0,16,9,33847260,3618,2400,0,9370
1194,13,0,18,7,33896700,3619,2400,0,9383
1195,8,0,16,9,33933480,3619,2400,0,9391
1196,17,0,19,6,33988260,3620,2400,0,9408
1197,5,0,18,7,34006020,3619,2400,0,9413
1198,6,0,14,11,34061880,3621,2400,0,9419
1199,3,0,10,15,34101600,3623,2400,0,9422
1200,5,0,9,16,34116420,3622,2400,0,9427
1201,5,0,11,14,34126980,3622,2400,0,9432
1202,6,0,12,13,34146360,3622,2400,0,9438
1203,8,0,15,10,34161960,3622,2400,0,9446
1204,9,0,16,9,34186860,3621,2400,0,9455
1205,14,0,19,6,34227420,3621,2400,0,9469
1206,7,0,18,7,34268040,3623,2400,0,9476
1207,6,0,14,11,34318140,3624,2400,0,9482
1208,5,0,10,15,34364100,3626,2400,0,9487
1209,5,0,10,15,34377420,3625,2400,0,9492
1210,6,0,11,14,34386960,3624,2400,0,9498
1211,8,0,16,9,34395120,3624,2400,0,9506
1212,11,0,17,8,34433940,3624,2400,0,9517
1213,9,0,18,7,34463700,3624,2400,0,9526
1214,9,0,17,8,34510680,3625,2400,0,9535
1215,11,0,18,7,34542900,3625,2400,0,9546
1216,5,0,12,13,34585980,3625,2400,0,9551
1217,8,0,13,12,34601940,3624,2400,0,9559
1218,6,0,14,11,34629360,3625,2400,0,9565
1219,8,0,14,11,34662660,3626,2400,0,9573
1220,11,0,16,9,34691760,3625,2400,0,9584
1221,6,0,13,12,34721640,3625,2400,0,9590
1222,4,0,8,17,34759680,3626,2400,0,9594
1223,4,0,10,15,34764600,3625,2400,0,9598
1224,8,0,12,13,34778880,3625,2400,0,9606
1225,7,0,11,14,34793700,3623,2400,0,9613
1226,8,0,14,11,34812060,3623,2400,0,9621
1227,4,0,13,12,34835760,3624,2400,0,9625
1228,9,0,19,6,34848300,3624,2400,0,9634
1229,6,0,14,11,34902300,3625,2400,0,9640
1230,4,0,11,14,34931700,3626,2400,0,9644
1231,12,0,17,8,34959540,3626,2400,0,9656
1232,12,0,17,8,34995780,3626,2400,0,9668
1233,5,0,9,16,35035320,3625,2400,0,9673
1234,7,0,12,13,35051520,3625,2400,0,9680
1235,12,0,16,9,35067960,3624,2400,0,9692
1236,6,0,12,13,35104260,3624,2400,0,9698
1237,18,0,22,3,35122800,3623,2400,0,9716
1238,11,0,20,5,35158680,3621,2400,0,9727
1239,14,0,16,9,35230200,3622,2400,0,9741
1240,11,0,16,9,35251680,3620,2400,0,9752
1241,8,0,17,8,35278860,3620,2400,0,9760
1242,4,0,10,15,35320620,3621,2400,0,9764
1243,7,0,12,13,35346660,3621,2400,0,9771
1244,7,0,12,13,35369160,3621,2400,0,9778
1245,5,0,11,14,35388900,3621,2400,0,9783
1246,6,0,11,14,35412180,3621,2400,0,9789
1247,5,0,9,16,35436180,3621,2400,0,9794
1248,6,0,12,13,35446740,3621,2400,0,9800
1249,4,0,11,14,35468040,3621,2400,0,9804
1250,2,0,10,15,35487240,3622,2400,0,9806
1251,11,0,12,13,35510460,3621,2400,0,9817
1252,4,0,11,14,35523960,3621,2400,0,9821
1253,6,0,13,12,35538240,3621,2400,0,9827
1254,8,0,13,12,35566380,3621,2400,0,9835
1255,8,0,13,12,35583480,3619,2400,0,9843
1256,16,0,21,4,35619060,3620,2400,0,9859
1257,12,0,21,4,35651340,3619,2400,0,9871
1258,12,0,22,3,35692440,3619,2400,0,9883
1259,14,0,18,7,35753340,3619,2400,0,9897
1260,8,0,16,9,35812380,3621,2400,0,9905
1261,10,0,19,6,35845020,3622,2400,0,9915
1262,9,0,18,7,35894280,3623,2400,0,9924
1263,8,0,15,10,35932800,3623,2400,0,9932
1264,11,0,16,9,35968500,3623,2400,0,9943
1265,13,0,20,5,35994660,3622,2400,0,9956
1266,8,0,17,8,36048540,3624,2400,0,9964
1267,10,0,17,8,36076320,3623,2400,0,9974
1268,7,0,13,12,36122520,3623,2400,0,9981
1269,8,0,16,9,36141120,3623,2400,0,9989
1270,9,0,16,9,36181200,3624,2400,0,9998
1271,2,0,10,15,36222120,3625,2400,0,10000
1272,7,0,11,14,36247620,3626,2400,0,10007
1273,6,0,13,12,36262500,3626,2400,0,10013
1274,3,0,11,14,36283800,3626,2400,0,10016
1275,10,0,15,10,36305820,3626,2400,0,10026
1276,7,0,13,12,36330960,3625,2400,0,10033
1277,11,0,12,13,36370680,3625,2400,0,10044
1278,6,0,15,10,36382380,3625,2400,0,10050
1279,10,0,17,8,36407340,3625,2400,0,10060
1280,11,0,17,8,36438060,3624,2400,0,10071
1281,13,0,22,3,36464820,3624,2400,0,10084
1282,13,0,19,6,36530040,3624,2400,0,10097
1283,7,0,16,9,36567360,3624,2400,0,10104
1284,15,0,17,8,36603660,3623,2400,0,10119
1285,11,0,17,8,36648000,3623,2400,0,10130
1286,10,0,18,7,36681840,3623,2400,0,10140
1287,8,0,17,8,36710340,3623,2400,0,10148
1288,9,0,17,8,36764700,3625,2400,0,10157
1289,4,0,11,14,36803160,3625,2400,0,10161
1290,11,0,17,8,36825540,3626,2400,0,10172
1291,12,0,18,7,36860040,3625,2400,0,10184
1292,5,0,15,10,36888240,3625,2400,0,10189
1293,8,0,14,11,36929220,3626,2400,0,10197
1294,2,0,9,16,36965160,3627,2400,0,10199
1295,7,0,11,14,36981000,3627,2400,0,10206
1296,7,0,14,11,36993660,3627,2400,0,10213
1297,5,0,12,13,37018860,3627,2400,0,10218
1298,9,0,17,8,37041480,3627,2400,0,10227
1299,3,0,11,14,37081200,3628,2400,0,10230
1300,6,0,10,15,37102620,3628,2400,0,10236
1301,8,0,15,10,37111500,3628,2400,0,10244
1302,11,0,18,7,37140960,3628,2400,0,10255
1303,10,0,18,7,37179720,3628,2400,0,10265
1304,7,0,14,11,37240260,3630,2400,0,10272
1305,9,0,13,12,37274760,3630,2400,0,10281
1306,8,0,12,13,37302360,3629,2400,0,10289
1307,14,0,17,8,37317120,3627,2400,0,10303
1308,8,0,18,7,37338300,3627,2400,0,10311
1309,6,0,17,8,37370940,3628,2400,0,10317
1310,6,0,15,10,37416960,3629,2400,0,10323
1311,9,0,13,12,37457940,3629,2400,0,10332
1312,9,0,13,12,37478640,3628,2400,0,10341
1313,13,0,22,3,37496880,3629,2400,0,10354
1314,7,0,13,12,37561860,3629,2400,0,10361
1315,10,0,13,12,37595880,3629,2400,0,10371
1316,6,0,13,12,37615320,3629,2400,0,10377
1317,5,0,12,13,37648320,3630,2400,0,10382
1318,5,0,13,12,37662900,3630,2400,0,10387
1319,8,0,15,10,37684500,3630,2400,0,10395
1320,10,0,15,10,37723140,3630,2400,0,10405
1321,3,0,12,13,37747200,3630,2400,0,10408
1322,2,0,8,17,37780200,3632,2400,0,10410
1323,6,0,9,16,37791240,3631,2400,0,10416
1324,6,0,14,11,37792680,3631,2400,0,10422
1325,4,0,13,12,37815480,3631,2400,0,10426
1326,4,0,9,16,37853040,3632,2400,0,10430
1327,10,0,13,12,37864620,3631,2400,0,10440
1328,9,0,13,12,37889760,3630,2400,0,10449
1329,12,0,19,6,37907400,3630,2400,0,10461
1330,10,0,21,4,37939620,3630,2400,0,10471
1331,12,0,17,8,38004840,3631,2400,0,10483
1332,7,0,13,12,38044260,3631,2400,0,10490
1333,15,0,23,2,38052480,3630,2400,0,10505
1334,17,0,24,1,38115600,3630,2940,0,10522
1335,16,4,25,0,38168040,3631,5580,0,10538
1336,8,0,20,5,38245020,3633,13860,1,10546
1337,8,0,16,9,38287440,3633,13860,1,10554
1338,10,0,15,10,38334660,3633,13860,1,10564
1339,6,0,12,13,38374620,3634,13860,1,10570
1340,9,0,13,12,38393880,3633,13860,1,10579
1341,4,0,12,13,38414340,3633,13860,1,10583
1342,7,0,12,13,38447820,3634,13860,1,10590
1343,4,0,12,13,38465700,3635,13860,1,10594
1344,2,0,9,16,38486760,3635,13860,1,10596
1345,8,0,16,9,38487600,3635,13860,1,10604
1346,3,0,14,11,38499900,3634,13860,1,10607
1347,4,0,15,10,38518620,3635,13860,1,10611
1348,4,0,12,13,38545140,3635,13860,1,10615
1349,7,0,10,15,38569740,3634,13860,1,10622
1350,9,0,15,10,38583840,3634,13860,1,10631
1351,5,0,12,13,38607840,3634,13860,1,10636
1352,7,0,15,10,38613780,3633,13860,1,10643
1353,9,0,13,12,38651940,3633,13860,1,10652
1354,7,0,16,9,38659380,3632,13860,1,10659
1355,7,0,15,10,38689140,3632,13860,1,10666
1356,8,0,16,9,38715060,3632,13860,1,10674
1357,10,0,17,8,38738100,3631,13860,1,10684
1358,12,0,20,5,38764860,3631,13860,1,10696
1359,6,0,15,10,38817720,3632,13860,1,10702
1360,11,0,17,8,38842920,3631,13860,1,10713
1361,8,0,14,11,38882220,3631,13860,1,10721
1362,8,0,11,14,38911440,3630,13860,1,10729
1363,5,0,10,15,38925240,3629,13860,1,10734
1364,8,0,16,9,38929260,3629,13860,1,10742
1365,9,0,14,11,38961660,3628,13860,1,10751
1366,10,0,19,6,38982480,3628,13860,1,10761
1367,5,0,18,7,39002700,3628,13860,1,10766
1368,4,0,12,13,39064500,3631,13860,1,10770
1369,4,0,10,15,39088140,3631,13860,1,10774
1370,6,0,14,11,39093120,3631,13860,1,10780
1371,4,0,12,13,39106920,3630,13860,1,10784
1372,7,0,14,11,39123780,3630,13860,1,10791
1373,5,0,14,11,39149700,3631,13860,1,10796
1374,6,0,13,12,39172380,3630,13860,1,10802
1375,9,0,16,9,39190740,3630,13860,1,10811
1376,8,0,17,8,39213420,3630,13860,1,10819
1377,8,0,16,9,39254460,3630,13860,1,10827
1378,7,0,15,10,39277140,3630,13860,1,10834
1379,7,0,15,10,39313140,3631,13860,1,10841
1380,6,0,16,9,39341040,3632,13860,1,10847
1381,11,0,18,7,39361800,3631,13860,1,10858
1382,9,0,14,11,39410460,3631,13860,1,10867
1383,12,0,17,8,39433320,3630,13860,1,10879
1384,9,0,19,6,39463080,3630,13860,1,10888
1385,6,0,19,6,39490320,3631,13860,1,10894
1386,11,0,22,3,39518940,3631,13860,1,10905
1387,6,0,18,7,39564000,3632,13860,1,10911
1388,10,0,17,8,39609960,3632,13860,1,10921
1389,7,0,18,7,39627000,3632,13860,1,10928
1390,4,0,16,9,39650940,3632,13860,1,10932
1391,5,0,11,14,39694320,3633,13860,1,10937
1392,5,0,11,14,39711000,3632,13860,1,10942
1393,4,0,9,16,39734580,3633,13860,1,10946
1394,1,0,10,15,39734580,3633,13860,1,10947
1395,4,0,13,12,39737040,3632,13860,1,10951
1396,5,0,10,15,39759360,3632,13860,1,10956
1397,8,0,14,11,39773880,3632,13860,1,10964
1398,8,0,16,9,39791280,3631,13860,1,10972
1399,8,0,16,9,39813000,3631,13860,1,10980
1400,4,0,14,11,39834540,3631,13860,1,10984
1401,10,0,19,6,39853140,3631,13860,1,10994
1402,6,0,17,8,39883860,3631,13860,1,11000
1403,8,0,19,6,39910560,3631,13860,1,11008
1404,9,0,20,5,39953880,3633,13860,1,11017
1405,13,0,21,4,39986400,3632,13860,1,11030
1406,12,0,22,3,40021260,3631,13860,1,11042
1407,9,0,18,7,40088160,3633,13860,1,11051
1408,10,0,19,6,40123980,3633,13860,1,11061
1409,13,0,19,6,40164540,3633,13860,1,11074
1410,6,0,18,7,40190940,3633,13860,1,11080
1411,7,0,14,11,40228020,3632,13860,1,11087
1412,11,0,19,6,40255500,3633,13860,1,11098
1413,4,0,13,12,40290240,3633,13860,1,11102
1414,5,0,11,14,40322700,3633,13860,1,11107
1415,5,0,13,12,40326720,3633,13860,1,11112
1416,5,0,14,11,40343820,3633,13860,1,11117
1417,2,0,12,13,40367580,3634,13860,1,11119
1418,7,0,10,15,40388340,3633,13860,1,11126
1419,2,0,9,16,40398060,3633,13860,1,11128
1420,4,0,13,12,40398060,3633,13860,1,11132
1421,8,0,14,11,40413660,3632,13860,1,11140
1422,7,0,19,6,40423500,3632,13860,1,11147
1423,10,0,18,7,40464060,3632,13860,1,11157
1424,3,0,13,12,40503960,3633,13860,1,11160
1425,10,0,17,8,40526760,3633,13860,1,11170
1426,10,0,19,6,40548180,3633,13860,1,11180
1427,12,0,20,5,40587840,3632,13860,1,11192
1428,11,0,23,2,40612800,3632,13860,1,11203
1429,7,0,15,10,40675020,3633,13860,1,11210
1430,14,0,20,5,40713060,3633,13860,1,11224
1431,12,0,19,6,40743540,3632,13860,1,11236
1432,7,0,18,7,40784220,3633,13860,1,11243
1433,7,0,16,9,40808100,3632,13860,1,11250
1434,11,0,18,7,40858380,3634,13860,1,11261
1435,10,0,16,9,40897860,3633,13860,1,11271
1436,8,0,19,6,40910040,3633,13860,1,11279
1437,7,0,16,9,40953660,3633,13860,1,11286
1438,7,0,11,14,41008500,3634,13860,1,11293
1439,6,0,12,13,41023140,3634,13860,1,11299
1440,6,0,14,11,41031840,3634,13860,1,11305
1441,5,0,11,14,41061180,3634,13860,1,11310
1442,4,0,11,14,41077500,3634,13860,1,11314
1443,6,0,12,13,41086980,3633,13860,1,11320
1444,9,0,18,7,41095500,3633,13860,1,11329
1445,2,0,12,13,41123880,3633,13860,1,11331
1446,8,0,16,9,41140980,3633,13860,1,11339
1447,11,0,17,8,41163660,3632,13860,1,11350
1448,8,0,19,6,41187240,3632,13860,1,11358
1449,7,0,16,9,41217900,3631,13860,1,11365
1450,7,0,16,9,41245200,3632,13860,1,11372
1451,9,0,16,9,41285580,3632,13860,1,11381
1452,8,0,15,10,41313660,3632,13860,1,11389
1453,11,0,18,7,41331660,3631,13860,1,11400
1454,8,0,17,8,41377320,3632,13860,1,11408
1455,8,0,14,11,41411280,3631,13860,1,11416
1456,7,0,12,13,41449980,3632,13860,1,11423
1457,10,0,16,9,41462400,3631,13860,1,11433
1458,7,0,16,9,41491440,3631,13860,1,11440
1459,8,0,15,10,41523480,3631,13860,1,11448
1460,10,0,19,6,41543520,3631,13860,1,11458
1461,4,0,15,10,41580540,3632,13860,1,11462
1462,3,0,13,12,41603400,3632,13860,1,11465
1463,7,0,16,9,41619180,3632,13860,1,11472
1464,8,0,17,8,41652600,3633,13860,1,11480
1465,3,0,12,13,41686200,3634,13860,1,11483
1466,6,0,14,11,41708220,3634,13860,1,11489
1467,10,0,20,5,41716620,3634,13860,1,11499
1468,7,0,14,11,41753580,3633,13860,1,11506
1469,6,0,15,10,41774280,3633,13860,1,11512
1470,3,0,15,10,41787540,3633,13860,1,11515
1471,8,0,16,9,41819940,3634,13860,1,11523
1472,7,0,14,11,41843880,3633,13860,1,11530
1473,14,0,22,3,41862540,3633,13860,1,11544
1474,5,0,18,7,41896860,3633,13860,1,11549
1475,7,0,14,11,41939580,3633,13860,1,11556
1476,3,0,12,13,41955240,3633,13860,1,11559
1477,10,0,14,11,41979720,3633,13860,1,11569
1478,14,0,19,6,41997540,3631,13860,1,11583
1479,11,0,22,3,42024180,3631,13860,1,11594
1480,12,0,18,7,42079740,3631,13860,1,11606
1481,8,0,15,10,42123420,3631,13860,1,11614
1482,11,0,21,4,42142020,3631,13860,1,11625
1483,10,0,21,4,42175440,3631,13860,1,11635
1484,7,0,18,7,42225540,3632,13860,1,11642
1485,4,0,13,12,42269520,3633,13860,1,11646
1486,5,0,14,11,42279780,3633,13860,1,11651
1487,5,0,12,13,42312480,3633,13860,1,11656
1488,3,0,12,13,42320400,3633,13860,1,11659
1489,5,0,12,13,42341280,3633,13860,1,11664
1490,2,0,11,14,42352140,3633,13860,1,11666
1491,4,0,14,11,42357240,3633,13860,1,11670
1492,6,0,13,12,42380400,3633,13860,1,11676
1493,4,0,13,12,42396000,3633,13860,1,11680
1494,8,0,15,10,42409560,3633,13860,1,11688
1495,8,0,15,10,42431580,3632,13860,1,11696
1496,14,0,20,5,42462060,3632,13860,1,11710
1497,6,0,16,9,42492840,3631,13860,1,11716
1498,8,0,16,9,42524880,3632,13860,1,11724
1499,9,0,19,6,42550740,3632,13860,1,11733
1500,14,0,20,5,42580800,3631,13860,1,11747
1501,14,0,20,5,42629280,3630,13860,1,11761
1502,16,0,21,4,42675720,3630,13860,1,11777
1503,14,0,21,4,42710760,3628,13860,1,11791
1504,8,0,16,9,42752580,3628,13860,1,11799
1505,11,0,20,5,42773820,3627,13860,1,11810
1506,6,0,17,8,42807240,3628,13860,1,11816
1507,9,0,18,7,42840120,3628,13860,1,11825
1508,13,0,17,8,42893400,3628,13860,1,11838
1509,5,0,15,10,42908460,3627,13860,1,11843
1510,8,0,19,6,42933420,3628,13860,1,11851
1511,8,0,20,5,42958680,3628,13860,1,11859
1512,10,0,18,7,43000740,3628,13860,1,11869
1513,10,0,15,10,43051080,3628,13860,1,11879
1514,2,0,12,13,43075740,3629,13860,1,11881
1515,8,0,16,9,43096800,3629,13860,1,11889
1516,7,0,20,5,43108560,3629,13860,1,11896
1517,7,0,17,8,43155180,3630,13860,1,11903
1518,9,0,17,8,43188000,3630,13860,1,11912
1519,3,0,15,10,43206780,3630,13860,1,11915
1520,8,0,18,7,43232520,3631,13860,1,11923
1521,9,0,19,6,43256880,3631,13860,1,11932
1522,12,0,19,6,43309140,3631,13860,1,11944
1523,6,0,14,11,43350060,3631,13860,1,11950
1524,10,0,15,10,43372200,3630,13860,1,11960
1525,15,0,23,2,43399980,3631,13860,1,11975
1526,17,0,24,1,43460160,3631,18000,1,11992
1527,13,1,25,0,43502100,3631,18300,1,12005
1528,9,0,22,3,43559580,3632,18660,1,12014
1529,12,0,20,5,43620960,3633,18660,1,12026
1530,9,0,17,8,43670160,3633,18660,1,12035
1531,6,0,16,9,43698180,3633,18660,1,12041
1532,5,0,11,14,43732260,3633,18660,1,12046
1533,5,0,14,11,43736700,3633,18660,1,12051
1534,7,0,12,13,43755180,3632,18660,1,12058
1535,6,0,14,11,43771020,3632,18660,1,12064
1536,5,0,15,10,43780920,3632,18660,1,12069
1537,5,0,15,10,43789920,3631,18660,1,12074
1538,7,0,13,12,43840140,3632,18660,1,12081
1539,8,0,14,11,43854240,3631,18660,1,12089
1540,3,0,13,12,43868520,3631,18660,1,12092
1541,7,0,15,10,43886040,3631,18660,1,12099
1542,8,0,18,7,43912200,3632,18660,1,12107
1543,6,0,14,11,43958160,3633,18660,1,12113
1544,10,0,17,8,43979520,3632,18660,1,12123
1545,13,0,21,4,44008980,3632,18660,1,12136
1546,13,0,19,6,44059980,3632,18660,1,12149
1547,15,0,23,2,44106660,3632,18660,1,12164
1548,9,0,19,6,44145240,3632,18660,1,12173
1549,14,0,20,5,44187900,3631,18660,1,12187
1550,7,0,19,6,44230200,3632,18660,1,12194
1551,11,0,19,6,44263440,3632,18660,1,12205
1552,15,0,19,6,44323920,3632,18660,1,12220
1553,9,0,16,9,44365260,3632,18660,1,12229
1554,13,0,21,4,44390700,3632,18660,1,12242
1555,12,0,21,4,44430120,3631,18660,1,12254
1556,7,0,16,9,44479080,3632,18660,1,12261
1557,6,0,14,11,44515020,3632,18660,1,12267
1558,6,0,16,9,44524680,3632,18660,1,12273
1559,6,0,15,10,44553960,3632,18660,1,12279
1560,5,0,15,10,44579520,3633,18660,1,12284
1561,5,0,11,14,44601780,3632,18660,1,12289
1562,6,0,11,14,44622780,3632,18660,1,12295
1563,5,0,14,11,44628360,3632,18660,1,12300
1564,4,0,13,12,44641500,3632,18660,1,12304
1565,6,0,14,11,44660400,3632,18660,1,12310
1566,12,0,20,5,44685840,3632,18660,1,12322
1567,4,0,16,9,44720700,3632,18660,1,12326
1568,7,0,12,13,44761740,3632,18660,1,12333
1569,12,0,16,9,44786040,3632,18660,1,12345
1570,10,0,18,7,44804160,3631,18660,1,12355
1571,9,0,17,8,44836860,3631,18660,1,12364
1572,11,0,19,6,44875320,3631,18660,1,12375
1573,10,0,15,10,44921880,3631,18660,1,12385
1574,10,0,18,7,44954820,3632,18660,1,12395
1575,7,0,17,8,44978580,3631,18660,1,12402
1576,12,0,21,4,45001020,3631,18660,1,12414
1577,14,0,23,2,45048240,3631,18660,1,12428
1578,6,0,19,6,45093960,3632,18660,1,12434
1579,13,0,20,5,45127440,3631,18660,1,12447
1580,6,0,15,10,45175740,3632,18660,1,12453
1581,5,0,13,12,45195600,3631,18660,1,12458
1582,8,0,13,12,45229440,3632,18660,1,12466
1583,4,0,12,13,45243360,3631,18660,1,12470
1584,4,0,11,14,45256320,3631,18660,1,12474
1585,5,0,11,14,45272700,3631,18660,1,12479
1586,3,0,13,12,45274920,3630,18660,1,12482
1587,3,0,11,14,45296220,3631,18660,1,12485
1588,7,0,14,11,45305220,3630,18660,1,12492
1589,10,0,18,7,45323940,3630,18660,1,12502
1590,4,0,14,11,45346620,3630,18660,1,12506
1591,12,0,15,10,45381900,3629,18660,1,12518
1592,7,0,16,9,45395640,3629,18660,1,12525
1593,12,0,20,5,45424620,3629,18660,1,12537
1594,12,0,21,4,45454740,3628,18660,1,12549
1595,23,9,25,0,45502560,3629,21000,1,12572
1596,12,9,25,0,45561060,3630,33300,2,12584
1597,7,4,25,0,45622740,3631,63900,5,12591
1598,16,6,25,0,45676260,3632,86940,6,12607
1599,6,0,19,6,45745380,3632,117420,9,12613
1600,12,0,20,5,45792060,3632,117420,9,12625
1601,10,0,18,7,45839100,3633,117420,9,12635
1602,14,0,21,4,45874680,3632,117420,9,12649
1603,7,0,18,7,45918660,3633,117420,9,12656
1604,6,0,15,10,45957480,3633,117420,9,12662
1605,7,0,16,9,45987180,3634,117420,9,12669
1606,4,0,15,10,46010280,3634,117420,9,12673
1607,4,0,12,13,46041300,3635,117420,9,12677
1608,3,0,13,12,46050600,3635,117420,9,12680
1609,2,0,10,15,46072740,3635,117420,9,12682
1610,3,0,11,14,46075620,3635,117420,9,12685
1611,11,0,14,11,46093500,3634,117420,9,12696
1612,9,0,14,11,46114320,3633,117420,9,12705
1613,8,0,13,12,46142040,3633,117420,9,12713
1614,6,0,14,11,46161660,3633,117420,9,12719
1615,4,0,12,13,46182720,3633,117420,9,12723
1616,9,0,16,9,46192560,3632,117420,9,12732
1617,9,0,17,8,46213380,3631,117420,9,12741
1618,10,0,20,5,46238400,3631,117420,9,12751
1619,10,0,17,8,46279320,3631,117420,9,12761
1620,8,0,14,11,46311000,3630,117420,9,12769
1621,12,0,16,9,46341120,3630,117420,9,12781
1622,15,0,21,4,46369560,3629,117420,9,12796
1623,7,0,16,9,46411740,3629,117420,9,12803
1624,9,0,16,9,46434240,3628,117420,9,12812
1625,14,0,20,5,46469580,3628,117420,9,12826
1626,5,0,16,9,46494000,3628,117420,9,12831
1627,11,0,17,8,46531980,3628,117420,9,12842
1628,15,0,24,1,46564320,3628,117420,9,12857
1629,8,0,21,4,46604700,3628,117420,9,12865
1630,5,0,17,8,46651440,3629,117420,9,12870
1631,5,0,17,8,46683540,3630,117420,9,12875
1632,5,0,15,10,46723980,3631,117420,9,12880
1633,11,0,17,8,46760280,3632,117420,9,12891
1634,4,0,13,12,46789200,3632,117420,9,12895
1635,7,0,15,10,46806900,3632,117420,9,12902
1636,5,0,13,12,46837500,3632,117420,9,12907
1637,8,0,17,8,46853040,3632,117420,9,12915
1638,11,0,17,8,46880880,3631,117420,9,12926
1639,13,0,20,5,46917180,3631,117420,9,12939
1640,12,0,19,6,46955100,3630,117420,9,12951
1641,14,0,21,4,46989480,3630,117420,9,12965
1642,15,0,21,4,47034780,3629,117420,9,12980
1643,2,0,14,11,47067420,3629,117420,9,12982
1644,6,0,16,9,47092380,3630,117420,9,12988
1645,10,0,17,8,47123040,3630,117420,9,12998
1646,14,0,22,3,47151600,3629,117420,9,13012
1647,7,0,16,9,47200680,3629,117420,9,13019
1648,9,0,17,8,47227500,3629,117420,9,13028
1649,7,0,21,4,47243220,3630,117420,9,13035
1650,3,0,10,15,47318220,3632,117420,9,13038
1651,3,0,10,15,47332800,3632,117420,9,13041
1652,12,0,17,8,47342520,3631,117420,8,13053
1653,2,0,13,12,47364960,3631,117420,8,13055
1654,3,0,11,14,47394720,3632,117420,8,13058
1655,2,0,11,14,47404500,3632,117420,8,13060
1656,8,0,15,10,47416980,3632,117420,8,13068
1657,7,0,13,12,47447940,3632,117420,8,13075
1658,3,0,11,14,47466060,3632,117420,8,13078
1659,7,0,12,13,47486460,3632,117420,8,13085
1660,11,0,17,8,47493900,3631,117420,8,13096
1661,8,0,16,9,47533140,3631,117420,8,13104
1662,9,0,17,8,47561640,3631,117420,8,13113
1663,5,0,16,9,47591040,3632,117420,8,13118
1664,4,0,12,13,47621100,3632,117420,8,13122
1665,13,0,20,5,47638260,3632,117420,8,13135
1666,8,0,14,11,47679660,3631,117420,8,13143
1667,16,0,16,9,47713440,3630,117420,8,13159
1668,7,0,17,8,47736480,3630,117420,8,13166
1669,5,0,15,10,47771160,3631,117420,8,13171
1670,5,0,15,10,47799060,3631,117420,8,13176
1671,17,0,22,3,47822460,3630,117420,8,13193
1672,10,0,21,4,47869800,3631,117420,8,13203
1673,5,0,14,11,47911920,3631,117420,8,13208
1674,6,0,11,14,47946300,3631,117420,8,13214
1675,7,0,12,13,47964000,3631,117420,8,13221
1676,11,0,16,9,47978460,3630,117420,8,13232
1677,7,0,17,8,47998920,3630,117420,8,13239
1678,8,0,19,6,48022320,3630,117420,8,13247
1679,6,0,17,8,48058800,3630,117420,8,13253
1680,4,0,17,8,48082800,3631,117420,8,13257
1681,5,0,13,12,48117720,3631,117420,8,13262
1682,5,0,12,13,48146460,3632,117420,8,13267
1683,6,0,10,15,48166200,3631,117420,8,13273
1684,5,0,13,12,48169920,3631,117420,8,13278
1685,3,0,10,15,48187620,3631,117420,8,13281
1686,3,0,11,14,48199440,3631,117420,8,13284
1687,4,0,14,11,48200400,3631,117420,8,13288
1688,6,0,15,10,48216900,3631,117420,8,13294
1689,7,0,16,9,48243600,3631,117420,8,13301
1690,13,0,22,3,48257400,3630,117420,8,13314
1691,8,0,19,6,48298800,3630,117420,8,13322
1692,12,0,21,4,48337980,3630,117420,8,13334
1693,10,0,19,6,48382500,3630,117420,8,13344
1694,10,0,17,8,48438000,3631,117420,8,13354
1695,13,0,22,3,48464040,3631,117420,8,13367
1696,8,0,15,10,48519900,3631,117420,8,13375
1697,13,0,17,8,48552000,3631,117420,8,13388
1698,5,0,14,11,48580080,3631,117420,8,13393
1699,5,0,16,9,48592440,3631,117420,8,13398
1700,6,0,16,9,48614340,3631,117420,8,13404
1701,11,0,18,7,48652920,3631,117420,8,13415
1702,6,0,16,9,48692160,3632,117420,8,13421
1703,6,0,15,10,48729000,3633,117420,8,13427
1704,5,0,15,10,48747480,3633,117420,8,13432
1705,8,0,16,9,48778020,3633,117420,8,13440
1706,3,0,13,12,48800280,3633,117420,8,13443
1707,1,0,9,16,48816660,3633,117420,8,13444
1708,5,0,11,14,48831000,3633,117420,8,13449
1709,8,0,14,11,48844500,3633,117420,8,13457
1710,5,0,16,9,48850800,3633,117420,8,13462
1711,11,0,20,5,48877200,3633,117420,8,13473
1712,9,0,19,6,48914580,3633,117420,8,13482
1713,17,0,20,5,48970920,3633,117720,8,13499
1714,15,0,23,2,49006380,3632,117720,8,13514
1715,13,0,21,4,49063860,3632,117780,8,13527
1716,9,0,18,7,49113600,3633,117780,8,13536
1717,13,0,22,3,49141500,3632,117780,8,13549
1718,9,0,21,4,49185960,3633,117780,8,13558
1719,9,0,16,9,49242300,3633,117780,8,13567
1720,13,0,19,6,49274880,3633,117780,8,13580
1721,10,0,21,4,49299600,3633,117780,8,13590
1722,8,0,20,5,49350240,3634,117780,8,13598
1723,10,0,23,2,49379820,3634,117780,8,13608
1724,10,0,18,7,49451880,3636,117780,8,13618
1725,3,0,14,11,49484040,3636,117780,8,13621
1726,7,0,10,15,49526220,3636,117780,8,13628
1727,5,0,13,12,49532700,3636,117780,8,13633
1728,6,0,16,9,49537020,3636,117780,8,13639
1729,6,0,12,13,49569660,3636,117780,8,13645
1730,6,0,11,14,49591680,3635,117780,8,13651
1731,2,0,11,14,49596000,3635,117780,8,13653
1732,3,0,11,14,49603740,3635,117780,8,13656
1733,7,0,14,11,49616280,3635,117780,8,13663
1734,10,0,15,10,49635360,3634,117780,8,13673
1735,5,0,15,10,49658700,3634,117780,8,13678
1736,8,0,16,9,49681380,3634,117780,8,13686
1737,4,0,13,12,49712340,3634,117780,8,13690
1738,13,0,17,8,49739700,3634,117780,8,13703
1739,5,0,12,13,49763280,3633,117780,8,13708
1740,11,0,15,10,49787220,3633,117780,8,13719
1741,8,0,20,5,49798560,3633,117780,8,13727
1742,12,0,19,6,49842000,3632,117780,8,13739
1743,9,0,13,12,49898580,3632,117780,8,13748
1744,14,0,16,9,49922520,3631,117780,8,13762
1745,10,0,17,8,49952400,3631,117780,8,13772
1746,11,0,14,11,49994760,3630,117780,8,13783
1747,7,0,14,11,50012400,3630,117780,8,13790
1748,7,0,15,10,50033220,3630,117780,8,13797
1749,10,0,19,6,50049360,3629,117780,8,13807
1750,6,0,14,11,50089080,3629,117780,8,13813
1751,4,0,12,13,50118660,3630,117780,8,13817
1752,5,0,14,11,50127900,3630,117780,8,13822
1753,5,0,14,11,50147340,3630,117780,8,13827
1754,5,0,11,14,50166180,3629,117780,8,13832
1755,9,0,17,8,50176680,3629,117780,8,13841
1756,5,0,17,8,50193360,3629,117780,8,13846
1757,5,0,12,13,50237520,3630,117780,8,13851
1758,10,0,14,11,50253480,3629,117780,8,13861
1759,6,0,16,9,50261640,3628,117780,8,13867
1760,5,0,12,13,50311440,3629,117780,8,13872
1761,12,0,17,8,50328540,3629,117780,8,13884
1762,13,0,18,7,50359740,3628,117780,8,13897
1763,15,0,20,5,50394840,3627,117780,8,13912
1764,10,0,18,7,50432820,3627,117780,8,13922
1765,10,0,17,8,50470620,3627,117780,8,13932
1766,9,0,17,8,50499360,3626,117780,8,13941
1767,11,0,19,6,50521320,3626,117780,8,13952
1768,8,0,16,9,50549580,3625,117780,8,13960
1769,8,0,16,9,50592180,3626,117780,8,13968
1770,13,0,19,6,50621880,3625,117780,8,13981
1771,9,0,17,8,50658600,3625,117780,8,13990
1772,3,0,10,15,50692740,3625,117780,8,13993
1773,8,0,13,12,50708040,3625,117780,8,14001
1774,3,0,12,13,50720460,3624,117780,8,14004
1775,7,0,16,9,50739780,3625,117780,8,14011
1776,6,0,16,9,50754480,3625,117780,8,14017
1777,5,0,16,9,50781480,3625,117780,8,14022
1778,8,0,17,8,50809260,3625,117780,8,14030
1779,6,0,15,10,50839380,3625,117780,8,14036
1780,10,0,16,9,50876520,3626,117780,8,14046
1781,8,0,14,11,50905380,3625,117780,8,14054
1782,7,0,17,8,50921460,3625,117780,8,14061
1783,5,0,15,10,50950080,3626,117780,8,14066
1784,5,0,16,9,50967900,3626,117780,8,14071
1785,8,0,17,8,50997360,3626,117780,8,14079
1786,10,0,16,9,51039120,3626,117780,8,14089
1787,11,0,14,11,51074520,3625,117780,8,14100
1788,9,0,15,10,51099960,3625,117780,8,14109
1789,9,0,17,8,51121740,3625,117780,8,14118
1790,10,0,13,12,51163740,3624,117780,8,14128
1791,15,0,19,6,51185460,3624,117780,8,14143
1792,13,0,22,3,51215160,3623,118920,8,14156
1793,13,0,19,6,51284460,3624,118920,8,14169
1794,10,0,24,1,51292740,3623,118920,8,14179
1795,6,0,15,10,51364500,3624,118920,8,14185
1796,10,0,16,9,51401520,3625,118920,8,14195
1797,3,0,11,14,51428640,3625,118920,8,14198
1798,8,0,13,12,51440100,3624,118920,8,14206
1799,11,0,16,9,51461220,3623,118920,8,14217
1800,6,0,17,8,51473160,3623,118920,8,14223
1801,2,0,11,14,51511500,3623,118920,8,14225
1802,5,0,13,12,51522660,3624,118920,8,14230
1803,3,0,11,14,51545160,3624,118920,8,14233
1804,9,0,13,12,51568200,3624,118920,8,14242
1805,4,0,12,13,51580800,3623,118920,8,14246
1806,8,0,17,8,51588180,3623,118920,8,14254
1807,11,0,21,4,51606900,3623,118920,8,14265
1808,15,0,21,4,51663300,3623,118920,8,14280
1809,12,0,22,3,51696480,3622,118920,8,14292
1810,8,0,17,8,51738900,3622,118920,8,14300
1811,5,0,13,12,51773160,3622,118920,8,14305
1812,10,0,14,11,51808140,3622,118920,8,14315
1813,10,0,16,9,51829200,3622,118920,8,14325
1814,9,0,14,11,51867120,3622,118920,8,14334
1815,13,0,18,7,51886800,3621,118920,8,14347
1816,12,0,22,3,51900420,3620,118920,8,14359
1817,6,0,17,8,51953220,3620,118920,8,14365
1818,12,0,21,4,51979260,3620,118920,8,14377
1819,9,0,19,6,52025400,3621,118920,8,14386
1820,6,0,17,8,52058340,3621,118920,8,14392
1821,4,0,12,13,52103760,3622,118920,8,14396
1822,5,0,15,10,52119360,3622,118920,8,14401
1823,5,0,14,11,52148580,3623,118920,8,14406
1824,4,0,12,13,52180200,3624,118920,8,14410
1825,6,0,13,12,52194000,3623,118920,8,14416
1826,6,0,13,12,52209120,3623,118920,8,14422
1827,5,0,10,15,52238820,3623,118920,8,14427
1828,13,0,17,8,52249800,3622,118920,8,14440
1829,8,0,17,8,52269840,3622,118920,8,14448
1830,5,0,16,9,52293780,3622,118920,8,14453
1831,8,0,18,7,52322100,3622,118920,8,14461
1832,9,0,17,8,52360680,3622,118920,8,14470
1833,11,0,18,7,52397220,3622,118920,8,14481
1834,10,0,18,7,52425840,3622,118920,8,14491
1835,13,0,21,4,52457760,3622,118920,8,14504
1836,17,0,24,1,52502820,3621,118920,8,14521
1837,8,0,19,6,52545540,3621,118920,8,14529
1838,10,0,15,10,52603260,3621,118920,8,14539
1839,8,0,18,7,52612440,3621,118920,8,14547
1840,8,0,16,9,52654680,3621,118920,8,14555
1841,10,0,16,9,52689960,3621,118920,8,14565
1842,8,0,16,9,52723440,3621,118920,8,14573
1843,7,0,15,10,52760100,3622,118920,8,14580
1844,8,0,17,8,52786380,3622,118920,8,14588
1845,5,0,15,10,52810440,3622,118920,8,14593
1846,9,0,14,11,52842720,3622,118920,8,14602
1847,3,0,12,13,52862760,3622,118920,8,14605
1848,5,0,14,11,52885560,3623,118920,8,14610
1849,3,0,13,12,52897920,3623,118920,8,14613
1850,8,0,15,10,52923240,3623,118920,8,14621
1851,2,0,12,13,52950780,3624,118920,8,14623
1852,6,0,13,12,52971780,3624,118920,8,14629
1853,5,0,14,11,52988280,3624,118920,8,14634
1854,10,0,21,4,52996140,3624,118920,8,14644
1855,10,0,22,3,53029740,3624,118920,8,14654
1856,6,0,18,7,53076120,3624,118920,8,14660
1857,12,0,19,6,53128380,3625,118920,8,14672
1858,14,0,25,0,53166300,3626,120060,8,14686
1859,14,0,24,1,53228460,3626,121200,8,14700
1860,19,3,25,0,53280180,3626,123780,8,14719
1861,8,0,25,0,53331540,3627,135000,9,14727
1862,12,0,21,4,53389560,3627,135000,9,14739
1863,13,0,20,5,53439960,3627,135000,9,14752
1864,12,0,22,3,53477520,3627,135000,9,14764
1865,15,1,25,0,53526120,3628,135000,9,14779
1866,8,0,23,2,53570520,3628,135000,9,14787
1867,10,0,23,2,53609100,3628,135000,9,14797
1868,6,0,13,12,53683740,3629,135000,9,14803
1869,7,0,14,11,53700900,3629,135000,9,14810
1870,2,0,12,13,53707860,3628,135000,9,14812
1871,7,0,14,11,53721660,3628,135000,9,14819
1872,7,0,15,10,53757960,3629,135000,9,14826
1873,9,0,20,5,53780940,3630,135000,9,14835
1874,9,0,20,5,53818200,3630,135000,9,14844
1875,3,0,13,12,53863020,3631,135000,9,14847
1876,9,0,16,9,53885700,3631,135000,9,14856
1877,9,0,22,3,53902320,3631,135000,9,14865
1878,7,0,19,6,53957160,3632,135000,9,14872
1879,9,0,19,6,53988900,3632,135000,9,14881
1880,15,0,24,1,54015960,3632,135000,9,14896
1881,11,0,20,5,54063480,3631,135000,9,14907
1882,13,0,18,7,54112260,3631,135000,9,14920
1883,9,0,19,6,54151740,3631,135000,9,14929
1884,6,0,13,12,54194160,3631,135000,9,14935
1885,16,0,20,5,54223980,3631,135000,9,14951
1886,12,0,18,7,54257040,3630,135000,9,14963
1887,12,0,18,7,54297360,3630,135000,9,14975
1888,8,0,18,7,54314760,3629,135000,9,14983
1889,12,0,18,7,54364140,3629,135000,9,14995
1890,8,0,20,5,54379380,3629,135000,8,15003
1891,9,0,18,7,54434340,3630,135000,8,15012
1892,6,0,15,10,54463080,3630,135000,8,15018
1893,6,0,12,13,54497520,3630,135000,8,15024
1894,3,0,12,13,54508320,3630,135000,8,15027
1895,9,0,18,7,54512580,3629,135000,8,15036
1896,3,0,13,12,54563880,3631,135000,8,15039
1897,5,0,11,14,54590160,3631,135000,8,15044
1898,2,0,11,14,54597000,3631,135000,8,15046
1899,2,0,13,12,54597000,3631,135000,8,15048
1900,7,0,16,9,54623640,3632,135000,8,15055
1901,9,0,20,5,54643380,3632,135000,8,15064
1902,0,0,11,14,54687780,3633,135000,8,15064
1903,8,0,16,9,54696600,3632,135000,8,15072
1904,5,0,14,11,54724320,3633,135000,8,15077
1905,7,0,14,11,54744660,3632,135000,8,15084
1906,11,0,16,9,54763620,3631,135000,8,15095
1907,14,0,21,4,54783000,3630,135000,8,15109
1908,8,0,19,6,54827760,3631,135000,8,15117
1909,20,0,21,4,54888600,3631,136740,9,15137
1910,6,0,17,8,54923040,3631,136740,9,15143
1911,9,0,18,7,54958500,3631,136740,9,15152
1912,7,0,21,4,54977940,3631,136740,9,15159
1913,3,0,12,13,55035780,3632,136740,9,15162
1914,5,0,13,12,55050960,3632,136740,9,15167
1915,8,0,13,12,55074480,3632,136740,9,15175
1916,5,0,14,11,55088880,3632,136740,9,15180
1917,9,0,17,8,55116900,3632,136740,9,15189
1918,10,0,17,8,55150560,3632,136740,8,15199
1919,4,0,17,8,55176240,3633,136740,8,15203
1920,2,0,11,14,55219860,3634,136740,8,15205
1921,7,0,14,11,55236000,3634,136740,8,15212
1922,6,0,13,12,55251060,3633,136740,8,15218
1923,6,0,16,9,55261020,3633,136740,8,15224
1924,4,0,13,12,55289760,3633,136740,8,15228
1925,5,0,13,12,55314480,3634,136740,8,15233
1926,7,0,12,13,55328880,3633,136740,8,15240
1927,6,0,15,10,55337640,3633,136740,8,15246
1928,8,0,12,13,55360140,3632,136740,8,15254
1929,8,0,15,10,55374780,3631,136740,8,15262
1930,10,0,18,7,55391760,3631,136740,8,15272
1931,11,0,16,9,55431840,3630,136740,8,15283
1932,6,0,14,11,55456800,3630,136740,8,15289
1933,9,0,16,9,55481460,3630,136740,8,15298
1934,9,0,19,6,55495680,3630,136740,8,15307
1935,7,0,15,10,55540500,3630,136740,8,15314
1936,15,0,21,4,55582320,3630,136740,8,15329
1937,10,0,19,6,55621320,3630,136740,8,15339
1938,5,0,16,9,55656060,3631,136740,8,15344
1939,12,0,19,6,55693200,3631,136740,8,15356
1940,5,0,13,12,55736820,3631,136740,8,15361
1941,10,0,17,8,55752660,3631,136740,8,15371
1942,6,0,14,11,55783080,3631,136740,8,15377
1943,8,0,19,6,55793640,3630,136740,8,15385
1944,3,0,15,10,55824600,3631,136740,8,15388
1945,7,0,16,9,55863660,3632,136740,8,15395
1946,5,0,14,11,55889220,3632,136740,8,15400
1947,9,0,17,8,55915620,3632,136740,8,15409
1948,6,0,15,10,55946760,3632,136740,8,15415
1949,4,0,11,14,55972020,3632,136740,8,15419
1950,6,0,13,12,55986480,3632,136740,8,15425
1951,11,0,18,7,55994400,3631,136740,8,15436
1952,9,0,18,7,56032020,3632,136740,8,15445
1953,10,0,18,7,56077020,3632,136740,8,15455
1954,11,0,16,9,56112480,3631,136740,8,15466
1955,8,0,15,10,56136720,3631,136740,8,15474
1956,20,0,22,3,56167020,3630,136740,8,15494
1957,11,0,20,5,56196300,3629,136740,8,15505
1958,13,0,19,6,56237100,3628,136740,8,15518
1959,7,0,16,9,56278380,3628,136740,8,15525
1960,5,0,18,7,56290080,3628,136740,8,15530
1961,9,0,18,7,56328660,3629,136740,8,15539
1962,5,0,12,13,56377080,3629,136740,8,15544
1963,9,0,16,9,56392860,3629,136740,8,15553
1964,9,0,17,8,56419020,3629,136740,8,15562
1965,9,0,19,6,56441880,3629,136740,8,15571
1966,4,0,18,7,56460900,3629,136740,8,15575
1967,6,0,15,10,56513460,3630,136740,8,15581
1968,5,0,14,11,56538600,3630,136740,8,15586
1969,5,0,11,14,56572800,3631,136740,8,15591
1970,6,0,13,12,56580120,3630,136740,8,15597
1971,9,0,14,11,56598900,3629,136740,8,15606
1972,7,0,11,14,56625960,3629,136740,8,15613
1973,7,0,15,10,56640120,3629,136740,8,15620
1974,9,0,17,8,56660040,3629,136740,8,15629
1975,4,0,14,11,56686740,3629,136740,8,15633
1976,9,0,15,10,56714580,3629,136740,8,15642
1977,9,0,15,10,56740140,3628,136740,8,15651
1978,9,0,16,9,56765160,3628,136740,8,15660
1979,6,0,14,11,56795100,3628,136740,8,15666
1980,10,0,14,11,56826480,3628,136740,8,15676
1981,3,0,12,13,56836680,3627,136740,8,15679
1982,4,0,9,16,56855520,3627,136740,8,15683
1983,10,0,14,11,56865960,3626,136740,8,15693
1984,13,0,20,5,56877300,3625,136740,8,15706
1985,11,0,20,5,56906160,3625,136740,8,15717
1986,6,0,18,7,56940660,3625,136740,8,15723
1987,13,0,21,4,56994420,3626,136740,8,15736
1988,8,0,17,8,57040380,3626,136740,8,15744
1989,8,0,18,7,57060480,3626,136740,8,15752
1990,3,0,17,8,57092220,3627,136740,8,15755
1991,6,0,15,10,57142680,3629,136740,8,15761
1992,13,0,16,9,57173760,3628,136740,8,15774
1993,6,0,16,9,57194160,3628,136740,8,15780
1994,3,0,13,12,57222120,3628,136740,8,15783
1995,1,0,9,16,57240300,3628,136740,8,15784
1996,5,0,11,14,57255780,3628,136740,8,15789
1997,3,0,12,13,57258720,3628,136740,8,15792
1998,8,0,14,11,57271440,3627,136740,8,15800
1999,5,0,15,10,57283740,3627,136740,8,15805
2000,7,0,15,10,57310560,3627,136740,8,15812
2001,3,0,11,14,57347040,3628,136740,8,15815
2002,6,0,12,13,57357060,3628,136740,8,15821
2003,8,0,13,12,57377160,3627,136740,8,15829
2004,14,0,22,3,57390900,3627,136740,8,15843
2005,16,0,25,0,57427980,3626,139200,8,15859
2006,12,0,16,9,57504780,3626,141420,8,15871
2007,10,0,16,9,57538620,3626,141420,8,15881
2008,7,0,16,9,57555300,3626,141420,8,15888
2009,6,0,15,10,57582840,3626,141420,8,15894
2010,11,0,19,6,57618720,3627,141420,8,15905
2011,9,0,20,5,57643440,3626,141420,8,15914
2012,11,0,16,9,57699780,3626,141420,8,15925
2013,5,0,14,11,57727680,3627,141420,8,15930
2014,3,0,14,11,57739860,3627,141420,8,15933
2015,6,0,12,13,57774480,3627,141420,8,15939
2016,6,0,15,10,57778620,3627,141420,8,15945
2017,6,0,16,9,57786840,3626,141420,8,15951
2018,8,0,20,5,57797400,3626,141420,8,15959
2019,2,0,19,6,57805920,3626,141420,8,15961
2020,8,0,21,4,57818400,3625,141420,8,15969
2021,9,0,20,5,57856920,3625,141420,8,15978
2022,8,0,23,2,57871080,3625,141420,8,15986
2023,6,0,22,3,57901020,3625,141420,8,15992
2024,10,0,23,2,57929940,3625,142380,8,16002
2025,9,1,25,0,57962160,3626,144360,9,16011
2026,9,4,25,0,57989160,3626,146340,9,16020
2027,15,11,25,0,58029540,3627,152700,9,16035
2028,7,2,25,0,58091760,3627,194160,12,16042
2029,10,0,20,5,58127640,3625,209280,13,16052
2030,13,5,25,0,58145280,3626,209760,13,16065
2031,13,7,25,0,58183800,3626,215640,13,16078
2032,11,8,25,0,58219920,3626,226980,14,16089
2033,4,0,24,1,58261380,3625,268080,16,16093
2034,3,0,19,6,58299060,3626,268080,16,16096
2035,10,0,21,4,58329420,3626,268080,16,16106
2036,4,0,22,3,58336380,3626,268080,16,16110
2037,5,0,18,7,58377180,3626,268080,16,16115
2038,5,0,19,6,58399260,3627,268080,16,16120
2039,4,0,20,5,58408680,3626,268080,16,16124
2040,8,0,22,3,58428840,3626,268080,16,16132
2041,6,0,21,4,58455720,3626,268080,16,16138
2042,9,0,22,3,58481820,3626,268080,16,16147
2043,7,0,23,2,58510680,3627,271980,16,16154
2044,6,0,25,0,58531620,3627,272340,16,16160
2045,9,0,25,0,58580700,3628,272340,16,16169
2046,4,0,23,2,58603740,3628,272340,16,16173
2047,4,0,18,7,58653180,3629,272340,16,16177
2048,13,0,24,1,58675380,3629,272340,16,16190
2049,11,2,25,0,58701240,3629,272400,16,16201
2050,7,3,25,0,58721820,3629,278100,17,16208
2051,4,0,21,4,58777080,3630,287520,17,16212
2052,9,0,22,3,58799640,3629,287520,17,16221
2053,12,4,25,0,58831920,3630,289740,17,16233
2054,8,2,25,0,58876860,3631,299820,18,16241
2055,14,1,25,0,58921020,3630,313020,19,16255
2056,7,0,23,2,58946160,3629,313680,19,16262
2057,7,0,22,3,58973700,3629,313680,19,16269
2058,6,0,23,2,59003940,3630,313680,19,16275
2059,11,0,25,0,59041380,3630,313680,19,16286
2060,7,0,24,1,59061120,3630,314100,19,16293
2061,5,0,22,3,59095380,3630,315120,19,16298
2062,4,0,18,7,59130060,3631,315120,19,16302
2063,11,0,23,2,59146380,3630,315120,19,16313
2064,6,0,17,8,59186520,3630,315120,19,16319
2065,1,0,16,9,59192580,3630,315120,19,16320
2066,5,0,18,7,59203020,3630,315120,19,16325
2067,7,0,21,4,59210040,3630,315120,19,16332
2068,3,0,17,8,59232960,3629,315120,19,16335
2069,7,0,20,5,59254080,3630,315120,19,16342
2070,11,0,19,6,59285100,3629,315120,19,16353
2071,8,0,22,3,59298480,3629,315120,19,16361
2072,10,1,25,0,59318220,3629,317760,19,16371
2073,13,3,25,0,59355060,3628,320040,19,16384
2074,14,5,25,0,59403180,3629,327180,19,16398
2075,9,2,25,0,59437080,3628,343920,20,16407
2076,9,0,22,3,59478540,3628,358260,21,16416
2077,14,0,23,2,59518140,3627,358260,21,16430
2078,13,0,22,3,59550540,3626,359640,21,16443
2079,11,1,25,0,59569380,3626,362400,22,16454
2080,13,7,25,0,59599140,3626,370620,22,16467
2081,8,0,22,3,59663580,3626,391320,23,16475
2082,6,0,21,4,59687580,3626,391320,23,16481
2083,7,0,20,5,59706180,3625,391320,23,16488
2084,10,0,23,2,59734860,3625,391320,23,16498
2085,6,0,21,4,59761440,3625,391320,23,16504
2086,6,0,21,4,59785440,3625,391320,23,16510
2087,7,0,19,6,59821380,3625,391320,23,16517
2088,8,0,23,2,59827260,3625,391320,23,16525
2089,2,0,18,7,59852220,3625,391320,23,16527
2090,6,0,22,3,59866500,3625,391320,23,16533
2091,6,0,22,3,59895480,3626,391320,23,16539
2092,6,0,19,6,59937840,3626,391560,23,16545
2093,5,0,18,7,59956860,3626,391560,23,16550
2094,6,0,21,4,59975220,3627,391560,23,16556
2095,10,0,25,0,59988900,3626,392220,23,16566
2096,6,0,18,7,60036180,3626,392220,23,16572
2097,12,0,19,6,60062580,3625,392520,23,16584
2098,12,0,23,2,60082560,3625,392520,23,16596
2099,14,7,25,0,60106140,3625,396660,23,16610
2100,9,7,25,0,60152400,3626,413040,24,16619
2101,14,9,25,0,60195600,3626,437520,26,16633
2102,10,6,25,0,60224340,3625,455220,27,16643
2103,9,0,22,3,60274440,3624,506460,30,16652
2104,12,0,22,3,60312840,3624,507540,30,16664
2105,9,0,21,4,60345240,3623,507540,30,16673
2106,8,0,24,1,60365220,3624,507780,30,16681
2107,12,3,25,0,60398340,3624,508200,30,16693
2108,12,7,25,0,60446520,3625,512340,30,16705
2109,9,7,25,0,60490800,3626,528060,31,16714
2110,5,0,24,1,60525900,3625,577680,34,16719
2111,7,0,22,3,60561600,3625,577680,34,16726
2112,9,0,24,1,60593340,3625,577680,34,16735
2113,4,0,25,0,60609660,3626,577680,34,16739
2114,5,0,21,4,60660480,3627,579960,34,16744
2115,3,0,17,8,60699180,3628,579960,34,16747
2116,7,0,18,7,60715620,3627,579960,34,16754
2117,7,0,20,5,60724680,3627,579960,34,16761
2118,6,0,18,7,60746760,3626,579960,34,16767
2119,7,0,22,3,60759120,3626,579960,34,16774
2120,12,3,25,0,60780660,3626,583320,34,16786
2121,9,0,23,2,60827580,3626,593760,35,16795
2122,7,0,25,0,60851340,3627,593760,35,16802
2123,7,0,24,1,60886800,3627,601380,35,16809
2124,9,0,22,3,60923880,3627,601380,35,16818
2125,9,0,18,7,60960660,3626,601380,35,16827
2126,12,0,22,3,60974040,3625,601380,35,16839
2127,9,0,23,2,60989640,3624,601860,35,16848
2128,8,0,24,1,61017060,3625,601920,35,16856
2129,14,0,25,0,61077660,3625,601980,35,16870
2130,8,1,25,0,61092480,3625,601980,35,16878
2131,15,6,25,0,61145040,3626,606000,35,16893
2132,8,4,25,0,61165620,3625,621480,36,16901
2133,13,1,25,0,61206540,3624,635040,37,16914
2134,10,0,23,2,61252860,3624,638580,37,16924
2135,7,0,23,2,61287720,3624,638580,37,16931
2136,4,0,20,5,61316580,3624,638580,37,16935
2137,4,0,22,3,61329720,3625,638580,37,16939
2138,6,0,19,6,61363440,3625,638580,37,16945
2139,9,0,22,3,61383960,3625,638580,37,16954
2140,7,0,21,4,61408980,3625,638580,37,16961
2141,9,0,21,4,61436280,3624,638580,37,16970
2142,7,0,23,2,61455660,3624,638580,37,16977
2143,9,0,23,2,61482960,3624,638580,37,16986
2144,10,0,25,0,61510800,3624,638580,37,16996
2145,8,0,24,1,61543920,3624,638580,37,17004
2146,9,0,25,0,61574880,3624,640020,37,17013
2147,9,0,22,3,61623780,3624,640020,37,17022
2148,12,0,22,3,61659960,3624,640200,37,17034
2149,9,0,24,1,61679400,3624,640200,37,17043
2150,13,3,25,0,61708500,3623,642180,37,17056
2151,11,9,25,0,61728540,3624,644460,37,17067
2152,5,8,25,0,61761780,3624,664260,38,17072
2153,7,5,25,0,61818360,3625,684060,40,17079
2154,14,7,25,0,61852560,3625,711720,41,17093
2155,6,0,24,1,61902360,3625,754500,44,17099
2156,9,0,25,0,61939440,3625,754800,44,17108
2157,1,0,18,7,61978920,3626,754800,44,17109
2158,6,0,19,6,62002500,3626,754800,44,17115
2159,8,0,19,6,62015100,3625,754800,44,17123
2160,6,0,18,7,62036160,3625,754800,44,17129
2161,6,0,22,3,62041920,3625,754800,44,17135
2162,1,0,17,8,62062080,3625,754800,44,17136
2163,3,0,17,8,62089860,3626,754800,44,17139
2164,8,0,21,4,62097300,3625,754800,44,17147
2165,3,0,17,8,62117340,3625,754800,44,17150
2166,6,0,20,5,62119020,3625,754800,43,17156
2167,10,0,21,4,62148720,3624,754800,43,17166
2168,9,0,19,6,62167980,3623,754800,43,17175
2169,11,0,24,1,62194980,3623,754800,43,17186
2170,8,4,25,0,62201100,3623,754800,43,17194
2171,8,6,25,0,62242740,3624,762420,44,17202
2172,9,6,25,0,62288280,3625,782460,45,17211
2173,14,9,25,0,62333520,3625,804300,46,17225
2174,10,14,25,0,62362080,3626,812940,47,17235
2175,9,18,25,0,62394120,3627,826980,47,17244
2176,6,13,25,0,62466840,3629,870540,50,17250
2177,16,5,25,0,62511780,3626,972000,56,17266
2178,4,0,22,3,62537580,3625,1023840,59,17270
2179,2,0,18,7,62566320,3626,1023840,59,17272
2180,8,0,22,3,62577300,3625,1023840,59,17280
2181,6,0,24,1,62596080,3626,1023840,59,17286
2182,7,0,23,2,62630880,3626,1023840,59,17293
2183,4,0,18,7,62670780,3626,1023840,59,17297
2184,8,0,23,2,62684880,3627,1023840,59,17305
2185,7,0,23,2,62710140,3627,1023840,59,17312
2186,5,0,21,4,62747580,3627,1023840,59,17317
2187,3,0,15,10,62782560,3628,1023840,59,17320
2188,1,0,15,10,62784120,3627,1023840,59,17321
2189,2,0,14,11,62788980,3627,1023840,59,17323
2190,3,0,17,8,62788980,3627,1023840,59,17326
2191,6,0,19,6,62798520,3627,1023840,59,17332
2192,11,0,19,6,62819820,3626,1023840,59,17343
2193,7,0,20,5,62840580,3626,1023840,59,17350
2194,12,0,17,8,62869260,3624,1023840,58,17362
2195,6,0,20,5,62875200,3624,1023840,58,17368
2196,8,0,23,2,62887080,3623,1023840,58,17376
2197,16,4,25,0,62924940,3624,1027980,59,17392
2198,6,4,25,0,62949180,3624,1038600,59,17398
2199,11,0,25,0,63003000,3624,1051200,60,17409
2200,10,0,24,1,63039960,3624,1052580,60,17419
2201,5,0,24,1,63062280,3624,1052580,60,17424
2202,16,6,25,0,63105960,3624,1058820,60,17440
2203,8,5,25,0,63137580,3624,1073340,61,17448
2204,11,0,25,0,63198780,3625,1099680,62,17459
2205,11,6,25,0,63217140,3625,1104480,63,17470
2206,8,8,25,0,63247860,3625,1118820,64,17478
2207,7,3,25,0,63301560,3626,1154040,66,17485
2208,3,0,18,7,63345120,3625,1170060,66,17488
2209,8,0,23,2,63355620,3625,1170060,66,17496
2210,8,2,25,0,63382980,3626,1172760,66,17504
2211,2,0,19,6,63427020,3627,1175040,67,17506
2212,4,0,19,6,63451860,3627,1175040,67,17510
2213,3,0,18,7,63475320,3628,1175040,67,17513
2214,6,0,21,4,63481260,3627,1175040,67,17519
2215,7,0,20,5,63508320,3627,1175040,67,17526
2216,10,0,23,2,63537420,3628,1175040,67,17536
2217,5,0,20,5,63573900,3628,1175040,66,17541
2218,5,0,19,6,63589200,3628,1175040,66,17546
2219,10,0,21,4,63601800,3627,1175040,66,17556
2220,12,0,25,0,63631920,3627,1175040,66,17568
2221,12,3,25,0,63664500,3627,1175640,66,17580
2222,9,4,25,0,63700800,3627,1185240,67,17589
2223,9,0,20,5,63761220,3627,1206660,68,17598
2224,12,0,24,1,63781620,3626,1206660,68,17610
2225,5,0,20,5,63816720,3626,1206660,68,17615
2226,7,0,20,5,63841500,3626,1206660,68,17622
2227,5,0,21,4,63857100,3627,1206660,68,17627
2228,6,0,19,6,63893100,3627,1206660,68,17633
2229,3,0,20,5,63899940,3627,1206660,68,17636
2230,4,0,19,6,63926580,3627,1206660,68,17640
2231,5,0,19,6,63939900,3627,1206660,68,17645
2232,3,0,19,6,63959760,3628,1206660,68,17648
2233,4,0,19,6,63976440,3628,1206660,68,17652
2234,7,0,20,5,64002240,3628,1206660,68,17659
2235,3,0,17,8,64020360,3628,1206660,68,17662
2236,4,0,17,8,64031220,3628,1206660,68,17666
2237,8,0,22,3,64037640,3627,1206660,68,17674
2238,9,0,23,2,64063680,3627,1206660,68,17683
2239,10,0,22,3,64093860,3627,1206660,68,17693
2240,10,0,25,0,64120560,3627,1206660,68,17703
2241,9,0,22,3,64160100,3626,1206780,68,17712
2242,8,0,21,4,64198500,3627,1206780,68,17720
2243,11,0,24,1,64219740,3626,1207020,68,17731
2244,8,0,23,2,64252680,3626,1207020,68,17739
2245,14,5,25,0,64278480,3626,1208460,68,17753
2246,10,8,25,0,64314900,3627,1215360,68,17763
2247,10,9,25,0,64365540,3628,1227240,69,17773
2248,9,6,25,0,64407720,3628,1256700,70,17782
2249,8,2,25,0,64440060,3627,1284120,72,17790
2250,8,0,22,3,64477740,3627,1300860,73,17798
2251,7,0,20,5,64513080,3627,1300860,73,17805
2252,5,0,20,5,64521780,3626,1300860,73,17810
2253,7,0,21,4,64538100,3626,1300860,73,17817
2254,5,0,19,6,64561020,3626,1300860,72,17822
2255,4,0,18,7,64579320,3626,1300860,72,17826
2256,11,0,23,2,64593540,3625,1301220,72,17837
2257,5,0,24,1,64609740,3626,1302060,72,17842
2258,9,0,25,0,64645140,3626,1302060,72,17851
2259,5,0,23,2,64691940,3627,1303140,72,17856
2260,4,0,20,5,64723740,3628,1303140,72,17860
2261,2,0,15,10,64754700,3628,1303140,72,17862
2262,3,0,16,9,64756260,3628,1303140,72,17865
2263,2,0,17,8,64757100,3627,1303140,72,17867
2264,3,0,18,7,64762620,3627,1303140,72,17870
2265,6,0,19,6,64781220,3627,1303140,72,17876
2266,12,0,24,1,64801320,3627,1303140,72,17888
2267,13,4,25,0,64832880,3627,1305240,72,17901
2268,5,6,25,0,64841760,3627,1308060,73,17906
2269,9,3,25,0,64921800,3629,1327200,74,17915
2270,12,1,25,0,64952760,3628,1353360,75,17927
2271,8,1,25,0,64986960,3628,1353420,75,17935
2272,11,4,25,0,65023020,3629,1358040,75,17946
2273,10,7,25,0,65067960,3630,1367040,76,17956
2274,10,9,25,0,65096400,3630,1378440,76,17966
2275,11,9,25,0,65154720,3631,1384320,77,17977
2276,7,8,25,0,65185020,3631,1401240,77,17984
2277,7,0,25,0,65229840,3630,1492380,82,17991
2278,3,0,18,7,65259960,3630,1492380,82,17994
2279,6,0,17,8,65283060,3630,1492380,82,18000
2280,7,0,19,6,65293320,3629,1492380,82,18007
2281,4,0,18,7,65311500,3629,1492380,82,18011
2282,5,0,20,5,65325780,3630,1492380,82,18016
2283,5,0,21,4,65341260,3630,1492380,82,18021
2284,7,0,21,4,65366520,3630,1492380,82,18028
2285,6,0,22,3,65384940,3630,1492380,82,18034
2286,12,5,25,0,65398260,3630,1492680,82,18046
2287,6,3,25,0,65438280,3630,1505700,83,18052
2288,9,0,23,2,65483880,3630,1519560,84,18061
2289,4,0,20,5,65522460,3631,1519560,84,18065
2290,9,0,25,0,65530140,3630,1519560,84,18074
2291,11,2,25,0,65582580,3631,1519740,84,18085
2292,7,0,22,3,65626140,3631,1523580,84,18092
2293,15,0,22,3,65649660,3630,1523580,84,18107
2294,9,0,22,3,65675820,3629,1523580,84,18116
2295,14,0,24,1,65701620,3628,1523580,84,18130
2296,7,0,20,5,65739120,3628,1524060,84,18137
2297,12,2,25,0,65754540,3628,1526400,84,18149
2298,7,0,22,3,65802300,3628,1528440,84,18156
2299,10,0,21,4,65841960,3628,1528440,84,18166
2300,5,0,18,7,65865660,3628,1528440,84,18171
2301,8,0,22,3,65875860,3628,1528440,84,18179
2302,8,0,22,3,65891460,3627,1528440,84,18187
2303,5,0,22,3,65914500,3627,1528440,84,18192
2304,5,0,19,6,65947680,3627,1528440,83,18197
2305,5,0,18,7,65965440,3627,1528440,83,18202
2306,6,0,23,2,65966100,3627,1528440,83,18208
2307,4,0,18,7,65987640,3626,1528440,83,18212
2308,4,0,17,8,66016380,3627,1528440,83,18216
2309,5,0,18,7,66027060,3627,1528440,83,18221
2310,4,0,19,6,66037920,3627,1528440,83,18225
2311,6,0,17,8,66061740,3626,1528440,83,18231
2312,9,0,24,1,66069840,3627,1528440,83,18240
2313,7,0,22,3,66104640,3627,1528440,83,18247
2314,11,4,25,0,66122580,3627,1530900,83,18258
2315,18,9,25,0,66182280,3628,1535160,83,18276
2316,7,8,25,0,66203700,3627,1546440,84,18283
2317,20,21,25,0,66247020,3628,1552980,84,18303
2318,15,30,25,0,66286740,3629,1561800,85,18318
2319,13,38,25,0,66316920,3630,1574700,85,18331
2320,13,39,25,0,66363840,3631,1595460,86,18344
2321,7,38,25,0,66396840,3632,1615800,88,18351
2322,10,36,25,0,66457560,3633,1695780,92,18361
2323,10,33,25,0,66502260,3633,1866240,101,18371
2324,4,24,25,0,66540240,3632,2025000,110,18375
2325,0,0,16,9,66592920,3628,2522340,137,18375
2326,7,0,20,5,66595740,3628,2522340,137,18382
2327,3,0,18,7,66618600,3628,2522340,137,18385
2328,6,0,18,7,66641400,3628,2522340,137,18391
2329,4,0,18,7,66651000,3628,2522340,137,18395
2330,3,0,18,7,66663780,3628,2522340,137,18398
2331,4,0,19,6,66680640,3628,2522340,137,18402
2332,6,0,20,5,66703980,3629,2522340,137,18408
2333,14,2,25,0,66721740,3628,2522940,137,18422
2334,9,2,25,0,66753840,3628,2526480,137,18431
2335,6,0,25,0,66787260,3628,2530980,137,18437
2336,10,0,22,3,66837120,3629,2532480,137,18447
2337,9,0,22,3,66862860,3628,2532480,137,18456
2338,5,0,22,3,66888720,3629,2532480,137,18461
2339,8,0,25,0,66909180,3629,2532480,137,18469
2340,11,0,25,0,66952020,3629,2532660,137,18480
2341,3,0,20,5,66987840,3629,2532660,137,18483
2342,8,0,21,4,67021260,3630,2532660,137,18491
2343,8,0,21,4,67044000,3629,2532660,136,18499
2344,9,0,24,1,67062360,3629,2532660,136,18508
2345,7,0,20,5,67096680,3629,2532660,136,18515
2346,9,0,23,2,67121640,3629,2532660,136,18524
2347,4,0,17,8,67152120,3629,2532660,136,18528
2348,5,0,18,7,67167060,3629,2532660,136,18533
2349,8,0,18,7,67195440,3629,2532660,136,18541
2350,6,0,21,4,67201200,3628,2532660,136,18547
2351,5,0,20,5,67232280,3629,2532660,136,18552
2352,4,0,20,5,67248180,3629,2532660,136,18556
2353,5,0,21,4,67264200,3629,2532660,136,18561
2354,5,0,22,3,67280580,3629,2532660,136,18566
2355,7,0,21,4,67322940,3630,2532660,136,18573
2356,9,0,25,0,67345740,3630,2532660,136,18582
2357,10,1,25,0,67370280,3630,2533080,136,18592
2358,7,0,18,7,67430220,3630,2534280,136,18599
2359,6,0,20,5,67444140,3630,2534280,136,18605
2360,10,0,24,1,67463460,3630,2535180,136,18615
2361,11,0,24,1,67504560,3630,2535360,136,18626
2362,19,11,25,0,67530060,3630,2540700,136,18645
2363,10,13,25,0,67567320,3630,2552340,136,18655
2364,15,21,25,0,67600380,3631,2560020,137,18670
2365,9,17,25,0,67652160,3631,2584260,138,18679
2366,10,13,25,0,67693200,3631,2623260,140,18689
2367,18,17,25,0,67733940,3630,2655660,142,18707
2368,11,21,25,0,67765260,3630,2662560,142,18718
2369,8,18,25,0,67815120,3631,2683740,143,18726
2370,11,21,25,0,67841160,3631,2719080,145,18737
2371,5,5,25,0,67898280,3630,2998080,160,18742
2372,9,0,22,3,67930500,3628,3094140,165,18751
2373,10,1,25,0,67941720,3628,3094140,165,18761
2374,6,0,24,1,67980660,3628,3094320,164,18767
2375,2,0,19,6,68008440,3628,3094320,164,18769
2376,4,0,18,7,68035020,3629,3094320,164,18773
2377,5,0,18,7,68053200,3629,3094320,164,18778
2378,2,0,17,8,68060220,3628,3094320,164,18780
2379,5,0,17,8,68075700,3628,3094320,164,18785
2380,7,0,21,4,68082840,3628,3094320,164,18792
2381,6,0,24,1,68099220,3628,3094320,164,18798
2382,6,0,18,7,68131260,3628,3094320,164,18804
2383,5,0,20,5,68157780,3629,3094320,164,18809
2384,7,0,18,7,68186700,3628,3094320,164,18816
2385,9,0,22,3,68205900,3628,3094320,164,18825
2386,13,0,24,1,68232060,3628,3095280,164,18838
2387,11,0,23,2,68268120,3627,3095280,164,18849
2388,4,0,18,7,68304540,3628,3095280,164,18853
2389,14,0,24,1,68326740,3627,3095280,164,18867
2390,12,7,25,0,68347260,3627,3097800,164,18879
2391,3,1,25,0,68394780,3628,3126060,165,18882
2392,13,2,25,0,68427960,3628,3128940,165,18895
2393,7,1,25,0,68461260,3628,3134040,165,18902
2394,14,4,25,0,68503320,3628,3136620,165,18916
2395,3,0,23,2,68538780,3628,3146520,166,18919
2396,3,0,18,7,68578260,3629,3146520,166,18922
2397,8,0,19,6,68599140,3629,3146520,166,18930
2398,12,0,24,1,68616780,3628,3146520,166,18942
2399,3,0,24,1,68624400,3628,3146520,166,18945

