Hour,Arrivals,Waiting,Treating,Available Rooms,Total Treatment Time,Average Treatment Time,Total Wait Time,Average Wait Time,Total Arrivals
1,6,0,4,21,5400,2700,0,0,6
2,10,0,6,19,14940,1494,0,0,16
3,5,0,6,19,26820,1788,0,0,21
4,7,0,6,19,53040,2410,0,0,28
5,4,0,7,18,60180,2407,0,0,32
6,9,0,8,17,84180,2550,0,0,41
7,5,0,5,20,111180,2711,0,0,46
8,8,0,7,18,130020,2766,0,0,54
9,12,0,9,16,156360,2743,0,0,66
10,13,0,11,14,180780,2658,0,0,79
11,11,0,9,16,224400,2770,0,0,90
12,10,0,12,13,249300,2832,0,0,100
13,9,0,10,15,288360,2912,0,0,109
14,11,0,12,13,336120,3112,0,0,120
15,7,0,9,16,377160,3196,0,0,127
16,7,0,9,16,406920,3255,0,0,134
17,7,0,8,17,441000,3315,0,0,141
18,5,0,7,18,457980,3294,0,0,146
19,8,0,11,14,478800,3348,0,0,154
20,10,0,11,14,507900,3319,0,0,164
21,12,0,13,12,561060,3442,0,0,176
22,8,0,11,14,585180,3382,0,0,184
23,4,0,6,19,648720,3564,0,0,188
24,5,0,5,20,676200,3596,0,0,193
25,2,0,2,23,699300,3623,0,0,195
26,2,0,3,22,707700,3647,0,0,197
27,4,0,4,21,710820,3608,0,0,201
28,6,0,6,19,730800,3635,0,0,207
29,8,0,9,16,739920,3591,0,0,215
30,6,0,6,19,783360,3643,0,0,221
31,9,0,7,18,803100,3601,0,0,230
32,3,0,3,22,825660,3589,0,0,233
33,11,0,7,18,833880,3518,0,0,244
34,10,0,12,13,854520,3531,0,0,254
35,7,0,9,16,881940,3499,0,0,261
36,7,0,11,14,897420,3491,0,0,268
37,11,0,10,15,967500,3596,0,0,279
38,19,0,15,10,1012500,3577,0,0,298
39,14,0,12,13,1062420,3541,0,0,312
40,7,0,5,20,1105020,3519,0,0,319
41,7,0,8,17,1119960,3521,0,0,326
42,8,0,7,18,1150680,3518,0,0,334
43,9,0,9,16,1169400,3501,0,0,343
44,3,0,7,18,1185660,3497,0,0,346
45,4,0,8,17,1199160,3506,0,0,350
46,4,0,6,19,1231920,3540,0,0,354
47,7,0,5,20,1270860,3569,0,0,361
48,4,0,4,21,1288980,3570,0,0,365
49,10,0,8,17,1304940,3555,0,0,375
50,5,0,4,21,1327800,3531,0,0,380
51,6,0,5,20,1341120,3520,0,0,386
52,11,0,9,16,1365420,3519,0,0,397
53,5,0,9,16,1380240,3512,0,0,402
54,7,0,6,19,1416300,3514,0,0,409
55,6,0,6,19,1450620,3546,0,0,415
56,14,0,9,16,1473480,3508,0,0,429
57,10,0,8,17,1499340,3478,0,0,439
58,6,0,4,21,1529340,3467,0,0,445
59,9,0,8,17,1543680,3461,0,0,454
60,13,0,15,10,1567860,3468,0,0,467
61,17,0,20,5,1605180,3459,0,0,484
62,13,0,17,8,1702140,3546,0,0,497
63,13,0,13,12,1777320,3576,0,0,510
64,8,0,13,12,1811460,3587,0,0,518
65,14,0,8,17,1879020,3585,0,0,532
66,11,0,10,15,1913040,3589,0,0,543
67,5,0,8,17,1943940,3599,0,0,548
68,6,0,4,21,1995600,3628,0,0,554
69,12,0,10,15,2008860,3613,0,0,566
70,7,0,6,19,2043360,3603,0,0,573
71,6,0,4,21,2075340,3609,0,0,579
72,9,0,9,16,2089080,3608,0,0,588
73,9,0,9,16,2110140,3588,0,0,597
74,3,0,5,20,2141100,3598,0,0,600
75,4,0,3,22,2166900,3605,0,0,604
76,10,0,7,18,2177580,3587,0,0,614
77,3,0,7,18,2186880,3585,0,0,617
78,6,0,4,21,2227980,3599,0,0,623
79,7,0,7,18,2247420,3607,0,0,630
80,8,0,9,16,2266260,3602,0,0,638
81,5,0,7,18,2288940,3598,0,0,643
82,12,0,10,15,2336040,3621,0,0,655
83,14,0,16,9,2347860,3595,0,0,669
84,11,0,14,11,2395800,3597,0,0,680
85,9,0,11,14,2454480,3620,0,0,689
86,10,0,10,15,2506800,3638,0,0,699
87,13,0,16,9,2529420,3634,0,0,712
88,15,0,17,8,2577900,3630,0,0,727
89,10,0,12,13,2633520,3632,0,0,737
90,10,0,10,15,2690580,3650,0,0,747
91,12,0,11,14,2726760,3645,0,0,759
92,5,0,8,17,2759460,3650,0,0,764
93,7,0,7,18,2804040,3670,0,0,771
94,8,0,11,14,2816940,3667,0,0,779
95,7,0,14,11,2841780,3681,0,0,786
96,6,0,7,18,2910600,3707,0,0,792
97,4,0,6,19,2934840,3714,0,0,796
98,10,0,7,18,2963400,3708,0,0,806
99,14,0,11,14,2992200,3698,0,0,820
100,9,0,8,17,3042300,3705,0,0,829
101,9,0,9,16,3089400,3726,0,0,838
102,9,0,8,17,3116820,3714,0,0,847
103,6,0,7,18,3138000,3709,0,0,853
104,11,0,10,15,3169200,3711,0,0,864
105,13,0,14,11,3197160,3704,0,0,877
106,8,0,8,17,3238980,3693,0,0,885
107,5,0,6,19,3275040,3704,0,0,890
108,14,0,12,13,3298380,3697,0,0,904
109,9,0,9,16,3325440,3678,0,0,913
110,11,0,14,11,3348720,3679,0,0,924
111,17,0,14,11,3408000,3676,0,0,941
112,8,0,7,18,3459120,3672,0,0,949
113,5,0,5,20,3478200,3665,0,0,954
114,8,0,7,18,3509700,3675,0,0,962
115,8,0,12,13,3519600,3673,0,0,970
116,9,0,9,16,3556560,3666,0,0,979
117,10,0,10,15,3608760,3686,0,0,989
118,10,0,9,16,3640080,3676,0,0,999
119,6,0,10,15,3665640,3684,0,0,1005
120,4,0,7,18,3689520,3682,0,0,1009
121,8,0,6,19,3731700,3691,0,0,1017
122,7,0,6,19,3744060,3677,0,0,1024
123,5,0,3,22,3777540,3681,0,0,1029
124,4,0,4,21,3787020,3680,0,0,1033
125,5,0,5,20,3798300,3676,0,0,1038
126,4,0,5,20,3814020,3677,0,0,1042
127,8,0,9,16,3832320,3681,0,0,1050
128,16,0,14,11,3867060,3675,0,0,1066
129,7,0,10,15,3904140,3672,0,0,1073
130,8,0,10,15,3948360,3686,0,0,1081
131,11,0,11,14,3988380,3689,0,0,1092
132,18,0,16,9,4025100,3679,0,0,1110
133,10,0,12,13,4071180,3674,0,0,1120
134,12,0,17,8,4104420,3681,0,0,1132
135,8,0,12,13,4163760,3691,0,0,1140
136,9,0,9,16,4219980,3701,0,0,1149
137,12,0,8,17,4265760,3699,0,0,1161
138,10,0,11,14,4279200,3688,0,0,1171
139,4,0,7,18,4319700,3698,0,0,1175
140,2,0,2,23,4349340,3701,0,0,1177
141,15,0,14,11,4358160,3699,0,0,1192
142,6,0,7,18,4400100,3694,0,0,1198
143,7,0,5,20,4430760,3692,0,0,1205
144,3,0,3,22,4457340,3699,0,0,1208
145,10,0,8,17,4472760,3696,0,0,1218
146,4,0,6,19,4495980,3697,0,0,1222
147,5,0,4,21,4524480,3699,0,0,1227
148,5,0,6,19,4535220,3699,0,0,1232
149,8,0,6,19,4558140,3693,0,0,1240
150,8,0,10,15,4575960,3696,0,0,1248
151,4,0,6,19,4604100,3695,0,0,1252
152,16,0,14,11,4632060,3693,0,0,1268
153,4,0,7,18,4672620,3693,0,0,1272
154,8,0,6,19,4705860,3693,0,0,1280
155,13,0,5,20,4739040,3679,0,0,1293
156,15,0,12,13,4766580,3677,0,0,1308
157,7,0,8,17,4796940,3670,0,0,1315
158,13,0,11,14,4840920,3675,0,0,1328
159,14,0,13,12,4881060,3672,0,0,1342
160,12,0,12,13,4921560,3667,0,0,1354
161,14,0,13,12,4959600,3660,0,0,1368
162,4,0,9,16,5005080,3672,0,0,1372
163,8,0,5,20,5052420,3674,0,0,1380
164,9,0,10,15,5061180,3670,0,0,1389
165,8,0,11,14,5090340,3672,0,0,1397
166,7,0,10,15,5120100,3672,0,0,1404
167,2,0,2,23,5167560,3680,0,0,1406
168,3,0,3,22,5177100,3682,0,0,1409
169,4,0,3,22,5185740,3677,0,0,1413
170,5,0,5,20,5192100,3674,0,0,1418
171,11,0,12,13,5202240,3671,0,0,1429
172,7,0,9,16,5245800,3676,0,0,1436
173,7,0,9,16,5274720,3678,0,0,1443
174,6,0,7,18,5310840,3682,0,0,1449
175,6,0,7,18,5334780,3684,0,0,1455
176,11,0,8,17,5356080,3673,0,0,1466
177,6,0,8,17,5380140,3674,0,0,1472
178,10,0,10,15,5411880,3676,0,0,1482
179,9,0,5,20,5461680,3675,0,0,1491
180,5,0,6,19,5480160,3677,0,0,1496
181,15,0,13,12,5496240,3669,0,0,1511
182,8,0,7,18,5540160,3664,0,0,1519
183,12,0,9,16,5564400,3655,0,0,1531
184,10,0,9,16,5602920,3657,0,0,1541
185,17,0,12,13,5639040,3647,0,0,1558
186,13,0,14,11,5679660,3647,0,0,1571
187,5,0,5,20,5743800,3656,0,0,1576
188,6,0,5,20,5765280,3655,0,0,1582
189,4,0,5,20,5782260,3657,0,0,1586
190,5,0,3,22,5805240,3655,0,0,1591
191,7,0,8,17,5813220,3656,0,0,1598
192,3,0,4,21,5838900,3656,0,0,1601
193,7,0,6,19,5859120,3657,0,0,1608
194,4,0,4,21,5882940,3658,0,0,1612
195,5,0,6,19,5886300,3653,0,0,1617
196,7,0,6,19,5922480,3660,0,0,1624
197,12,0,10,15,5949120,3658,0,0,1636
198,4,0,8,17,5963340,3654,0,0,1640
199,10,0,10,15,5998920,3657,0,0,1650
200,9,0,11,14,6030420,3659,0,0,1659
201,16,0,15,10,6069420,3656,0,0,1675
202,10,0,9,16,6117180,3649,0,0,1685
203,7,0,7,18,6156060,3653,0,0,1692
204,12,0,13,12,6172620,3650,0,0,1704
205,9,0,9,16,6205800,3641,0,0,1713
206,22,0,23,2,6229680,3638,0,0,1735
207,7,0,15,10,6288540,3641,0,0,1742
208,15,0,15,10,6341340,3640,0,0,1757
209,11,0,12,13,6406320,3648,0,0,1768
210,6,0,4,21,6455820,3647,0,0,1774
211,3,0,4,21,6472800,3650,0,0,1777
212,9,0,7,18,6485880,3645,0,0,1786
213,4,0,4,21,6508200,3644,0,0,1790
214,5,0,4,21,6527280,3644,0,0,1795
215,5,0,7,18,6533760,3644,0,0,1800
216,2,0,5,20,6553200,3646,0,0,1802
217,6,0,5,20,6584040,3651,0,0,1808
218,2,0,7,18,6584040,3651,0,0,1810
219,8,0,10,15,6607620,3654,0,0,1818
220,5,0,4,21,6649920,3655,0,0,1823
221,5,0,6,19,6664020,3657,0,0,1828
222,8,0,8,17,6680100,3654,0,0,1836
223,4,0,6,19,6691140,3648,0,0,1840
224,9,0,8,17,6726060,3653,0,0,1849
225,11,0,10,15,6750720,3649,0,0,1860
226,9,0,11,14,6784320,3651,0,0,1869
227,7,0,8,17,6823860,3653,0,0,1876
228,10,0,8,17,6867540,3656,0,0,1886
229,10,0,7,18,6900360,3652,0,0,1896
230,7,0,6,19,6929880,3653,0,0,1903
231,10,0,10,15,6945780,3649,0,0,1913
232,13,0,16,9,6974400,3651,0,0,1926
233,12,0,15,10,7025220,3653,0,0,1938
234,10,0,10,15,7089720,3658,0,0,1948
235,13,0,12,13,7131900,3659,0,0,1961
236,5,0,10,15,7153920,3657,0,0,1966
237,4,0,6,19,7205400,3668,0,0,1970
238,7,0,4,21,7228020,3663,0,0,1977
239,10,0,9,16,7243500,3662,0,0,1987
240,6,0,8,17,7267680,3661,0,0,1993
241,2,0,4,21,7299180,3666,0,0,1995
242,1,0,3,22,7311660,3668,0,0,1996
243,9,0,6,19,7338960,3671,0,0,2005
244,8,0,10,15,7348560,3668,0,0,2013
245,5,0,7,18,7378440,3669,0,0,2018
246,7,0,7,18,7407900,3670,0,0,2025
247,10,0,7,18,7436160,3666,0,0,2035
248,14,0,9,16,7472400,3662,0,0,2049
249,14,0,16,9,7488600,3658,0,0,2063
250,14,0,12,13,7560660,3661,0,0,2077
251,10,0,6,19,7606380,3655,0,0,2087
252,6,0,6,19,7634940,3658,0,0,2093
253,5,0,7,18,7649280,3658,0,0,2098
254,12,0,14,11,7678740,3663,0,0,2110
255,9,0,11,14,7723260,3663,0,0,2119
256,9,0,7,18,7767540,3662,0,0,2128
257,6,0,8,17,7788840,3663,0,0,2134
258,4,0,5,20,7819740,3666,0,0,2138
259,7,0,4,21,7849020,3666,0,0,2145
260,9,0,10,15,7860180,3666,0,0,2154
261,6,0,10,15,7882800,3666,0,0,2160
262,6,0,7,18,7923360,3669,0,0,2166
263,8,0,9,16,7951140,3672,0,0,2174
264,7,0,8,17,7985100,3674,0,0,2181
265,6,0,7,18,8022360,3679,0,0,2187
266,5,0,7,18,8035080,3677,0,0,2192
267,8,0,9,16,8061600,3679,0,0,2200
268,7,0,6,19,8094180,3677,0,0,2207
269,9,0,10,15,8110800,3676,0,0,2216
270,4,0,5,20,8152860,3680,0,0,2220
271,5,0,6,19,8166960,3680,0,0,2225
272,11,0,8,17,8186160,3674,0,0,2236
273,7,0,9,16,8215260,3677,0,0,2243
274,12,0,10,15,8242380,3671,0,0,2255
275,6,0,8,17,8275800,3673,0,0,2261
276,7,0,9,16,8300640,3674,0,0,2268
277,16,0,16,9,8321160,3668,0,0,2284
278,10,0,10,15,8396760,3676,0,0,2294
279,14,0,15,10,8425920,3674,0,0,2308
280,12,0,7,18,8487660,3669,0,0,2320
281,8,0,10,15,8511840,3672,0,0,2328
282,11,0,8,17,8559840,3672,0,0,2339
283,9,0,9,16,8585100,3670,0,0,2348
284,8,0,6,19,8611200,3664,0,0,2356
285,11,0,14,11,8624280,3665,0,0,2367
286,8,0,7,18,8679180,3665,0,0,2375
287,7,0,9,16,8697300,3665,0,0,2382
288,9,0,10,15,8728020,3665,0,0,2391
289,8,0,9,16,8759640,3665,0,0,2399
290,6,0,6,19,8805660,3670,0,0,2405
291,2,0,3,22,8819880,3668,0,0,2407
292,3,0,3,22,8833380,3669,0,0,2410
293,9,0,6,19,8847180,3666,0,0,2419
294,4,0,8,17,8853180,3665,0,0,2423
295,5,0,3,22,8896380,3668,0,0,2428
296,6,0,6,19,8907480,3668,0,0,2434
297,6,0,4,21,8932080,3666,0,0,2440
298,11,0,7,18,8952060,3662,0,0,2451
299,5,0,5,20,8974560,3661,0,0,2456
300,12,0,10,15,8997180,3660,0,0,2468
301,10,0,11,14,9030300,3660,0,0,2478
302,9,0,11,14,9060480,3659,0,0,2487
303,17,0,13,12,9110040,3657,0,0,2504
304,5,0,8,17,9143400,3655,0,0,2509
305,11,0,9,16,9178860,3655,0,0,2520
306,10,0,15,10,9193380,3655,0,0,2530
307,8,0,8,17,9253140,3657,0,0,2538
308,5,0,4,21,9291060,3659,0,0,2543
309,7,0,4,21,9315240,3658,0,0,2550
310,4,0,5,20,9328200,3659,0,0,2554
311,9,0,8,17,9343200,3656,0,0,2563
312,2,0,4,21,9372480,3659,0,0,2565
313,2,0,3,22,9390900,3662,0,0,2567
314,6,0,6,19,9399120,3661,0,0,2573
315,8,0,7,18,9419400,3659,0,0,2581
316,4,0,7,18,9437460,3660,0,0,2585
317,9,0,6,19,9472740,3660,0,0,2594
318,4,0,4,21,9491640,3659,0,0,2598
319,8,0,7,18,9511020,3659,0,0,2606
320,7,0,5,20,9543900,3659,0,0,2613
321,10,0,10,15,9557160,3657,0,0,2623
322,6,0,6,19,9585120,3654,0,0,2629
323,8,0,3,22,9619320,3651,0,0,2637
324,5,0,5,20,9635940,3654,0,0,2642
325,8,0,8,17,9645900,3650,0,0,2650
326,10,0,9,16,9667320,3646,0,0,2660
327,11,0,9,16,9708360,3647,0,0,2671
328,13,0,14,11,9733200,3645,0,0,2684
329,8,0,13,12,9760200,3643,0,0,2692
330,12,0,13,12,9805380,3643,0,0,2704
331,11,0,11,14,9865260,3648,0,0,2715
332,5,0,9,16,9907140,3654,0,0,2720
333,8,0,6,19,9957900,3658,0,0,2728
334,6,0,5,20,9976080,3655,0,0,2734
335,9,0,6,19,10008240,3656,0,0,2743
336,5,0,8,17,10015080,3655,0,0,2748
337,4,0,5,20,10034400,3652,0,0,2752
338,8,0,5,20,10063680,3652,0,0,2760
339,5,0,5,20,10074540,3650,0,0,2765
340,8,0,10,15,10087680,3650,0,0,2773
341,1,0,5,20,10107120,3650,0,0,2774
342,9,0,5,20,10130400,3646,0,0,2783
343,8,0,7,18,10152540,3646,0,0,2791
344,5,0,4,21,10177320,3645,0,0,2796
345,9,0,9,16,10191780,3645,0,0,2805
346,8,0,11,14,10221180,3647,0,0,2813
347,7,0,9,16,10263840,3651,0,0,2820
348,14,0,11,14,10299360,3648,0,0,2834
349,18,0,21,4,10327440,3647,0,0,2852
350,9,0,13,12,10399380,3651,0,0,2861
351,11,0,8,17,10472400,3656,0,0,2872
352,13,0,11,14,10493460,3651,0,0,2885
353,8,0,9,16,10535820,3653,0,0,2893
354,5,0,9,16,10551600,3652,0,0,2898
355,6,0,5,20,10601520,3656,0,0,2904
356,6,0,6,19,10611480,3654,0,0,2910
357,5,0,6,19,10621020,3651,0,0,2915
358,11,0,10,15,10645980,3650,0,0,2926
359,6,0,11,14,10663980,3650,0,0,2932
360,6,0,7,18,10709340,3653,0,0,2938
361,2,0,2,23,10753140,3660,0,0,2940
362,5,0,3,22,10759860,3657,0,0,2945
363,5,0,3,22,10772160,3655,0,0,2950
364,4,0,4,21,10783260,3655,0,0,2954
365,9,0,10,15,10787400,3653,0,0,2963
366,7,0,9,16,10823280,3655,0,0,2970
367,9,0,8,17,10847040,3650,0,0,2979
368,8,0,6,19,10881540,3650,0,0,2987
369,13,0,14,11,10899180,3650,0,0,3000
370,5,0,7,18,10938720,3648,0,0,3005
371,8,0,6,19,10981320,3651,0,0,3013
372,6,0,7,18,10998360,3651,0,0,3019
373,12,0,9,16,11040240,3653,0,0,3031
374,10,0,11,14,11071440,3653,0,0,3041
375,15,0,13,12,11108400,3650,0,0,3056
376,11,0,11,14,11165880,3653,0,0,3067
377,3,0,6,19,11201340,3655,0,0,3070
378,13,0,12,13,11228040,3656,0,0,3083
379,6,0,7,18,11255520,3652,0,0,3089
380,10,0,4,21,11298960,3650,0,0,3099
381,9,0,8,17,11306940,3647,0,0,3108
382,3,0,4,21,11331720,3647,0,0,3111
383,5,0,5,20,11347080,3647,0,0,3116
384,6,0,4,21,11375040,3648,0,0,3122
385,2,0,4,21,11388120,3650,0,0,3124
386,7,0,8,17,11399400,3650,0,0,3131
387,6,0,8,17,11423280,3650,0,0,3137
388,10,0,9,16,11456760,3650,0,0,3147
389,6,0,7,18,11491620,3652,0,0,3153
390,11,0,8,17,11532420,3654,0,0,3164
391,16,0,17,8,11550000,3651,0,0,3180
392,8,0,9,16,11609580,3651,0,0,3188
393,12,0,6,19,11653560,3648,0,0,3200
394,16,0,10,15,11689440,3646,0,0,3216
395,10,0,9,16,11713260,3641,0,0,3226
396,7,0,9,16,11738040,3640,0,0,3233
397,16,0,11,14,11790060,3641,0,0,3249
398,10,0,11,14,11826780,3641,0,0,3259
399,13,0,10,15,11876400,3640,0,0,3272
400,15,0,16,9,11894700,3636,0,0,3287
401,7,0,6,19,11977020,3642,0,0,3294
402,6,0,4,21,12007800,3643,0,0,3300
403,8,0,10,15,12015240,3643,0,0,3308
404,7,0,5,20,12054180,3641,0,0,3315
405,7,0,5,20,12073320,3639,0,0,3322
406,3,0,5,20,12091380,3641,0,0,3325
407,9,0,7,18,12114780,3641,0,0,3334
408,3,0,3,22,12150480,3644,0,0,3337
409,4,0,2,23,12162120,3642,0,0,3341
410,3,0,3,22,12172860,3643,0,0,3344
411,5,0,4,21,12189900,3644,0,0,3349
412,11,0,12,13,12196080,3642,0,0,3360
413,9,0,12,13,12236820,3645,0,0,3369
414,7,0,6,19,12271200,3641,0,0,3376
415,4,0,3,22,12296580,3641,0,0,3380
416,7,0,4,21,12311460,3639,0,0,3387
417,10,0,8,17,12327000,3637,0,0,3397
418,13,0,11,14,12350820,3633,0,0,3410
419,13,0,10,15,12386400,3629,0,0,3423
420,10,0,11,14,12414060,3627,0,0,3433
421,10,0,13,12,12440340,3626,0,0,3443
422,9,0,10,15,12500520,3631,0,0,3452
423,4,0,6,19,12540600,3634,0,0,3456
424,7,0,6,19,12563820,3634,0,0,3463
425,7,0,7,18,12591240,3635,0,0,3470
426,4,0,3,22,12624420,3637,0,0,3474
427,4,0,3,22,12634440,3635,0,0,3478
428,8,0,6,19,12650160,3635,0,0,3486
429,5,0,5,20,12666540,3633,0,0,3491
430,3,0,2,23,12694680,3635,0,0,3494
431,6,0,5,20,12700500,3633,0,0,3500
432,3,0,4,21,12713100,3633,0,0,3503
433,3,0,2,23,12730620,3633,0,0,3506
434,6,0,5,20,12736020,3631,0,0,3512
435,5,0,4,21,12754740,3630,0,0,3517
436,11,0,8,17,12777900,3630,0,0,3528
437,4,0,8,17,12795600,3630,0,0,3532
438,6,0,7,18,12832140,3634,0,0,3538
439,10,0,14,11,12849300,3635,0,0,3548
440,8,0,12,13,12883500,3635,0,0,3556
441,12,0,11,14,12947400,3639,0,0,3568
442,14,0,10,15,12987900,3636,0,0,3582
443,9,0,7,18,13031760,3636,0,0,3591
444,14,0,13,12,13059480,3635,0,0,3605
445,4,0,5,20,13104300,3636,0,0,3609
446,8,0,8,17,13130220,3638,0,0,3617
447,6,0,8,17,13151400,3638,0,0,3623
448,15,0,12,13,13182480,3635,0,0,3638
449,13,0,12,13,13231620,3636,0,0,3651
450,10,0,10,15,13276560,3636,0,0,3661
451,5,0,5,20,13312320,3636,0,0,3666
452,5,0,5,20,13333500,3637,0,0,3671
453,5,0,6,19,13346400,3636,0,0,3676
454,3,0,3,22,13373940,3638,0,0,3679
455,7,0,8,17,13385160,3639,0,0,3686
456,9,0,8,17,13412520,3637,0,0,3695
457,6,0,3,22,13451460,3637,0,0,3701
458,2,0,2,23,13460280,3636,0,0,3703
459,6,0,3,22,13472220,3635,0,0,3709
460,5,0,4,21,13484640,3634,0,0,3714
461,12,0,14,11,13489080,3633,0,0,3726
462,13,0,14,11,13525440,3630,0,0,3739
463,5,0,6,19,13585620,3634,0,0,3744
464,14,0,12,13,13623180,3636,0,0,3758
465,8,0,13,12,13639560,3634,0,0,3766
466,5,0,4,21,13704180,3637,0,0,3771
467,10,0,8,17,13715760,3635,0,0,3781
468,11,0,11,14,13742940,3634,0,0,3792
469,15,0,17,8,13765740,3632,0,0,3807
470,10,0,13,12,13820520,3633,0,0,3817
471,9,0,11,14,13861680,3633,0,0,3826
472,11,0,8,17,13911120,3633,0,0,3837
473,6,0,9,16,13934280,3634,0,0,3843
474,10,0,10,15,13960920,3632,0,0,3853
475,10,0,10,15,14001840,3634,0,0,3863
476,11,0,14,11,14020740,3632,0,0,3874
477,6,0,7,18,14073960,3633,0,0,3880
478,5,0,4,21,14109000,3635,0,0,3885
479,12,0,8,17,14136420,3634,0,0,3897
480,7,0,10,15,14151060,3634,0,0,3904
481,3,0,4,21,14186940,3634,0,0,3907
482,5,0,5,20,14215860,3638,0,0,3912
483,6,0,5,20,14225580,3635,0,0,3918
484,11,0,9,16,14251080,3635,0,0,3929
485,4,0,4,21,14275080,3633,0,0,3933
486,12,0,9,16,14302200,3633,0,0,3945
487,9,0,10,15,14318100,3630,0,0,3954
488,7,0,9,16,14362440,3634,0,0,3961
489,9,0,9,16,14397720,3634,0,0,3970
490,9,0,13,12,14415900,3634,0,0,3979
491,13,0,13,12,14455860,3633,0,0,3992
492,7,0,7,18,14506200,3633,0,0,3999
493,15,0,12,13,14545860,3634,0,0,4014
494,9,0,13,12,14570400,3633,0,0,4023
495,10,0,12,13,14622300,3636,0,0,4033
496,9,0,9,16,14668380,3637,0,0,4042
497,9,0,9,16,14703540,3637,0,0,4051
498,10,0,7,18,14746380,3637,0,0,4061
499,12,0,9,16,14774520,3635,0,0,4073
500,8,0,9,16,14797920,3634,0,0,4081
501,9,0,9,16,14836980,3635,0,0,4090
502,10,0,12,13,14859300,3634,0,0,4100
503,3,0,4,21,14908140,3637,0,0,4103
504,5,0,5,20,14918700,3636,0,0,4108
505,2,0,2,23,14934600,3635,0,0,4110
506,3,0,4,21,14937600,3635,0,0,4113
507,5,0,3,22,14959620,3635,0,0,4118
508,2,0,3,22,14967780,3635,0,0,4120
509,5,0,5,20,14981880,3636,0,0,4125
510,7,0,6,19,14996040,3634,0,0,4132
511,10,0,9,16,15015780,3633,0,0,4142
512,12,0,13,12,15042360,3632,0,0,4154
513,9,0,13,12,15073980,3632,0,0,4163
514,11,0,14,11,15128760,3636,0,0,4174
515,10,0,14,11,15170340,3637,0,0,4184
516,11,0,9,16,15243600,3641,0,0,4195
517,6,0,4,21,15280320,3640,0,0,4201
518,11,0,9,16,15298740,3639,0,0,4212
519,7,0,8,17,15320940,3638,0,0,4219
520,8,0,9,16,15348300,3638,0,0,4227
521,9,0,10,15,15369300,3636,0,0,4236
522,11,0,11,14,15409560,3637,0,0,4247
523,7,0,11,14,15427980,3636,0,0,4254
524,8,0,9,16,15472680,3638,0,0,4262
525,5,0,8,17,15505080,3640,0,0,4267
526,3,0,1,24,15546960,3641,0,0,4270
527,3,0,2,23,15550980,3641,0,0,4273
528,4,0,5,20,15555360,3641,0,0,4277
529,6,0,5,20,15580920,3642,0,0,4283
530,5,0,6,19,15590340,3640,0,0,4288
531,3,0,2,23,15616980,3641,0,0,4291
532,4,0,4,21,15625380,3641,0,0,4295
533,3,0,2,23,15641160,3640,0,0,4298
534,7,0,7,18,15644100,3639,0,0,4305
535,8,0,7,18,15678420,3641,0,0,4313
536,4,0,8,17,15691080,3641,0,0,4317
537,6,0,4,21,15730380,3642,0,0,4323
538,8,0,5,20,15763500,3643,0,0,4331
539,10,0,10,15,15774900,3642,0,0,4341
540,13,0,14,11,15814260,3643,0,0,4354
541,10,0,13,12,15840540,3640,0,0,4364
542,9,0,8,17,15904260,3643,0,0,4373
543,14,0,15,10,15937440,3645,0,0,4387
544,11,0,13,12,15976980,3643,0,0,4398
545,7,0,12,13,16014600,3645,0,0,4405
546,6,0,7,18,16072320,3649,0,0,4411
547,8,0,7,18,16101780,3649,0,0,4419
548,11,0,8,17,16139280,3649,0,0,4430
549,7,0,8,17,16153620,3647,0,0,4437
550,1,0,5,20,16174080,3648,0,0,4438
551,5,0,7,18,16198440,3651,0,0,4443
552,11,0,7,18,16239420,3651,0,0,4454
553,7,0,7,18,16254540,3649,0,0,4461
554,5,0,5,20,16277220,3648,0,0,4466
555,2,0,2,23,16298040,3649,0,0,4468
556,2,0,3,22,16303800,3649,0,0,4470
557,10,0,8,17,16318800,3649,0,0,4480
558,4,0,5,20,16338600,3647,0,0,4484
559,7,0,6,19,16372200,3650,0,0,4491
560,4,0,3,22,16394820,3649,0,0,4495
561,12,0,9,16,16408020,3647,0,0,4507
562,12,0,15,10,16421760,3646,0,0,4519
563,10,0,13,12,16467480,3646,0,0,4529
564,8,0,9,16,16521240,3648,0,0,4537
565,10,0,11,14,16548240,3648,0,0,4547
566,10,0,14,11,16569540,3647,0,0,4557
567,9,0,8,17,16622760,3646,0,0,4566
568,10,0,9,16,16657800,3647,0,0,4576
569,17,0,15,10,16688160,3645,0,0,4593
570,11,0,13,12,16737840,3645,0,0,4604
571,12,0,10,15,16788180,3644,0,0,4616
572,9,0,10,15,16827660,3646,0,0,4625
573,7,0,9,16,16853160,3645,0,0,4632
574,6,0,8,17,16879740,3645,0,0,4638
575,4,0,3,22,16926660,3648,0,0,4642
576,10,0,9,16,16937520,3647,0,0,4652
577,7,0,8,17,16958940,3646,0,0,4659
578,10,0,11,14,16981380,3645,0,0,4669
579,7,0,11,14,17013360,3647,0,0,4676
580,7,0,10,15,17044560,3647,0,0,4683
581,9,0,10,15,17084700,3649,0,0,4692
582,8,0,8,17,17125260,3649,0,0,4700
583,6,0,7,18,17151480,3650,0,0,4706
584,10,0,11,14,17164500,3648,0,0,4716
585,3,0,4,21,17202840,3648,0,0,4719
586,5,0,5,20,17219280,3648,0,0,4724
587,12,0,12,13,17233020,3647,0,0,4736
588,10,0,10,15,17279220,3648,0,0,4746
589,8,0,10,15,17312520,3649,0,0,4754
590,12,0,10,15,17349720,3647,0,0,4766
591,6,0,7,18,17376480,3646,0,0,4772
592,9,0,9,16,17408040,3647,0,0,4781
593,10,0,12,13,17433600,3647,0,0,4791
594,9,0,12,13,17463180,3647,0,0,4800
595,7,0,11,14,17502600,3649,0,0,4807
596,11,0,11,14,17560140,3653,0,0,4818
597,7,0,6,19,17611260,3654,0,0,4825
598,7,0,3,22,17637240,3652,0,0,4832
599,5,0,5,20,17641860,3651,0,0,4837
600,1,0,3,22,17655120,3651,0,0,4838
601,5,0,4,21,17671680,3651,0,0,4843
602,2,0,4,21,17678640,3651,0,0,4845
603,7,0,7,18,17703780,3654,0,0,4852
604,7,0,10,15,17714280,3653,0,0,4859
605,7,0,8,17,17750040,3653,0,0,4866
606,7,0,8,17,17774760,3653,0,0,4873
607,7,0,8,17,17803680,3654,0,0,4880
608,12,0,11,14,17836920,3654,0,0,4892
609,8,0,6,19,17872800,3651,0,0,4900
610,7,0,9,16,17883660,3651,0,0,4907
611,14,0,12,13,17925000,3651,0,0,4921
612,13,0,12,13,17963460,3649,0,0,4934
613,10,0,12,13,17991780,3647,0,0,4944
614,9,0,12,13,18038220,3650,0,0,4953
615,12,0,14,11,18079320,3651,0,0,4965
616,8,0,3,22,18151680,3652,0,0,4973
617,8,0,6,19,18159000,3650,0,0,4981
618,11,0,10,15,18180720,3649,0,0,4992
619,5,0,4,21,18221280,3649,0,0,4997
620,10,0,5,20,18242580,3647,0,0,5007
621,9,0,10,15,18256920,3647,0,0,5016
622,6,0,10,15,18275760,3646,0,0,5022
623,4,0,5,20,18322980,3649,0,0,5026
624,4,0,2,23,18351780,3649,0,0,5030
625,6,0,6,19,18360720,3650,0,0,5036
626,3,0,6,19,18372960,3650,0,0,5039
627,4,0,4,21,18392760,3650,0,0,5043
628,7,0,7,18,18404820,3649,0,0,5050
629,8,0,7,18,18436320,3650,0,0,5058
630,8,0,8,17,18459060,3649,0,0,5066
631,13,0,12,13,18481920,3647,0,0,5079
632,7,0,9,16,18514980,3646,0,0,5086
633,10,0,9,16,18565980,3649,0,0,5096
634,10,0,12,13,18594900,3650,0,0,5106
635,8,0,8,17,18642600,3651,0,0,5114
636,14,0,13,12,18670200,3650,0,0,5128
637,10,0,11,14,18711000,3649,0,0,5138
638,10,0,10,15,18754320,3650,0,0,5148
639,12,0,10,15,18798240,3650,0,0,5160
640,9,0,12,13,18823080,3650,0,0,5169
641,9,0,9,16,18884340,3653,0,0,5178
642,5,0,4,21,18906000,3650,0,0,5183
643,4,0,3,22,18922560,3650,0,0,5187
644,3,0,5,20,18925800,3650,0,0,5190
645,6,0,8,17,18940260,3650,0,0,5196
646,13,0,13,12,18951720,3647,0,0,5209
647,5,0,4,21,19014120,3649,0,0,5214
648,9,0,7,18,19028940,3648,0,0,5223
649,9,0,8,17,19050660,3646,0,0,5232
650,3,0,5,20,19080780,3648,0,0,5235
651,7,0,5,20,19112880,3649,0,0,5242
652,5,0,6,19,19128180,3649,0,0,5247
653,2,0,6,19,19136340,3649,0,0,5249
654,4,0,6,19,19153560,3650,0,0,5253
655,8,0,10,15,19185420,3653,0,0,5261
656,4,0,8,17,19205760,3653,0,0,5265
657,4,0,5,20,19249620,3656,0,0,5269
658,11,0,8,17,19280220,3657,0,0,5280
659,12,0,13,12,19298280,3655,0,0,5292
660,8,0,10,15,19344780,3656,0,0,5300
661,14,0,11,14,19382580,3655,0,0,5314
662,5,0,4,21,19425060,3654,0,0,5319
663,8,0,7,18,19435380,3653,0,0,5327
664,12,0,12,13,19475280,3655,0,0,5339
665,7,0,7,18,19509660,3654,0,0,5346
666,10,0,9,16,19546320,3655,0,0,5356
667,6,0,8,17,19563240,3653,0,0,5362
668,11,0,10,15,19597800,3654,0,0,5373
669,6,0,8,17,19626720,3654,0,0,5379
670,6,0,6,19,19668660,3656,0,0,5385
671,3,0,1,24,19694100,3655,0,0,5388
672,4,0,3,22,19704720,3656,0,0,5392
673,6,0,6,19,19708860,3655,0,0,5398
674,6,0,6,19,19722360,3653,0,0,5404
675,5,0,7,18,19730820,3652,0,0,5409
676,7,0,11,14,19747320,3653,0,0,5416
677,6,0,10,15,19773900,3653,0,0,5422
678,5,0,7,18,19811220,3655,0,0,5427
679,7,0,5,20,19837020,3653,0,0,5434
680,10,0,9,16,19851960,3652,0,0,5444
681,11,0,8,17,19874880,3648,0,0,5455
682,10,0,11,14,19899300,3648,0,0,5465
683,5,0,7,18,19926540,3647,0,0,5470
684,13,0,13,12,19947060,3646,0,0,5483
685,9,0,21,4,19949760,3646,0,0,5492
686,8,0,10,15,20039520,3650,0,0,5500
687,7,0,10,15,20078400,3652,0,0,5507
688,7,0,12,13,20092800,3651,0,0,5514
689,15,0,17,8,20128320,3651,0,0,5529
690,7,0,11,14,20174160,3651,0,0,5536
691,2,0,5,20,20214900,3653,0,0,5538
692,3,0,8,17,20214900,3653,0,0,5541
693,9,0,11,14,20242380,3654,0,0,5550
694,7,0,8,17,20278740,3654,0,0,5557
695,6,0,6,19,20303160,3653,0,0,5563
696,5,0,8,17,20309040,3652,0,0,5568
697,5,0,6,19,20334780,3652,0,0,5573
698,3,0,6,19,20347920,3653,0,0,5576
699,6,0,8,17,20364360,3653,0,0,5582
700,1,0,5,20,20374800,3652,0,0,5583
701,6,0,7,18,20393340,3653,0,0,5589
702,5,0,10,15,20404800,3654,0,0,5594
703,10,0,12,13,20435700,3654,0,0,5604
704,8,0,14,11,20456760,3654,0,0,5612
705,8,0,11,14,20503140,3655,0,0,5620
706,5,0,7,18,20544720,3656,0,0,5625
707,17,0,14,11,20565120,3654,0,0,5642
708,12,0,15,10,20590740,3651,0,0,5654
709,8,0,11,14,20639040,3652,0,0,5662
710,8,0,10,15,20681220,3653,0,0,5670
711,8,0,11,14,20701680,3653,0,0,5678
712,14,0,12,13,20750580,3653,0,0,5692
713,10,0,11,14,20788980,3652,0,0,5702
714,12,0,12,13,20827860,3652,0,0,5714
715,7,0,11,14,20850840,3651,0,0,5721
716,8,0,9,16,20897700,3653,0,0,5729
717,6,0,7,18,20923500,3652,0,0,5735
718,4,0,7,18,20944500,3653,0,0,5739
719,3,0,5,20,20964060,3654,0,0,5742
720,4,0,5,20,20985840,3655,0,0,5746
721,4,0,6,19,20996700,3655,0,0,5750
722,4,0,6,19,21011340,3655,0,0,5754
723,6,0,8,17,21017640,3653,0,0,5760
724,7,0,10,15,21041640,3654,0,0,5767
725,4,0,7,18,21067800,3655,0,0,5771
726,9,0,8,17,21097320,3655,0,0,5780
727,5,0,6,19,21116100,3653,0,0,5785
728,10,0,11,14,21127740,3652,0,0,5795
729,12,0,10,15,21160980,3650,0,0,5807
730,6,0,10,15,21178740,3649,0,0,5813
731,13,0,15,10,21219780,3651,0,0,5826
732,9,0,11,14,21258300,3650,0,0,5835
733,16,0,15,10,21302520,3650,0,0,5851
734,15,0,16,9,21344160,3648,0,0,5866
735,6,0,13,12,21374880,3648,0,0,5872
736,9,0,10,15,21427560,3649,0,0,5881
737,11,0,12,13,21444000,3646,0,0,5892
738,8,0,8,17,21481860,3645,0,0,5900
739,10,0,12,13,21494520,3644,0,0,5910
740,9,0,11,14,21531180,3644,0,0,5919
741,5,0,7,18,21570360,3645,0,0,5924
742,6,0,8,17,21594300,3646,0,0,5930
743,4,0,5,20,21622440,3646,0,0,5934
744,4,0,8,17,21623400,3646,0,0,5938
745,2,0,4,21,21649980,3647,0,0,5940
746,6,0,7,18,21659820,3647,0,0,5946
747,7,0,9,16,21670500,3645,0,0,5953
748,11,0,10,15,21692640,3643,0,0,5964
749,10,0,10,15,21729300,3643,0,0,5974
750,5,0,9,16,21758520,3644,0,0,5979
751,5,0,3,22,21794700,3643,0,0,5984
752,7,0,5,20,21807960,3643,0,0,5991
753,8,0,7,18,21819720,3641,0,0,5999
754,5,0,8,17,21836700,3641,0,0,6004
755,13,0,11,14,21856320,3639,0,0,6017
756,14,0,17,8,21886740,3639,0,0,6031
757,10,0,15,10,21926940,3638,0,0,6041
758,10,0,13,12,21986820,3641,0,0,6051
759,7,0,12,13,22021920,3642,0,0,6058
760,13,0,13,12,22071480,3643,0,0,6071
761,9,0,13,12,22088040,3640,0,0,6080
762,16,0,14,11,22141560,3640,0,0,6096
763,11,0,14,11,22175220,3639,0,0,6107
764,8,0,13,12,22211940,3640,0,0,6115
765,4,0,8,17,22246320,3640,0,0,6119
766,4,0,5,20,22275360,3640,0,0,6123
767,4,0,8,17,22290300,3642,0,0,6127
768,4,0,9,16,22304640,3643,0,0,6131
769,4,0,6,19,22342860,3645,0,0,6135
770,5,0,7,18,22363800,3646,0,0,6140
771,4,0,5,20,22379760,3645,0,0,6144
772,4,0,8,17,22384320,3645,0,0,6148
773,9,0,9,16,22404180,3644,0,0,6157
774,9,0,11,14,22421520,3642,0,0,6166
775,12,0,17,8,22443540,3642,0,0,6178
776,5,0,14,11,22486860,3645,0,0,6183
777,9,0,10,15,22538880,3645,0,0,6192
778,8,0,13,12,22559160,3646,0,0,6200
779,8,0,9,16,22609680,3647,0,0,6208
780,17,0,16,9,22641660,3646,0,0,6225
781,14,0,17,8,22679400,3645,0,0,6239
782,5,0,11,14,22732800,3647,0,0,6244
783,4,0,11,14,22763520,3649,0,0,6248
784,0,0,4,21,22815660,3654,0,0,6248
785,9,0,7,18,22833600,3653,0,0,6257
786,6,0,11,14,22839120,3653,0,0,6263
787,8,0,8,17,22879140,3653,0,0,6271
788,6,0,8,17,22906860,3653,0,0,6277
789,12,0,11,14,22930680,3652,0,0,6289
790,7,0,10,15,22961460,3652,0,0,6296
791,6,0,7,18,22993620,3652,0,0,6302
792,9,0,11,14,23011380,3652,0,0,6311
793,3,0,6,19,23042280,3652,0,0,6314
794,7,0,10,15,23052660,3652,0,0,6321
795,6,0,8,17,23084340,3653,0,0,6327
796,7,0,9,16,23114280,3654,0,0,6334
797,9,0,9,16,23137920,3652,0,0,6343
798,8,0,10,15,23158980,3652,0,0,6351
799,7,0,7,18,23196360,3652,0,0,6358
800,6,0,9,16,23214780,3652,0,0,6364
801,8,0,9,16,23234460,3651,0,0,6372
802,11,0,11,14,23262480,3650,0,0,6383
803,8,0,11,14,23294940,3651,0,0,6391
804,7,0,11,14,23332260,3653,0,0,6398
805,12,0,14,11,23361240,3652,0,0,6410
806,13,0,17,8,23394960,3652,0,0,6423
807,14,0,20,5,23430660,3651,0,0,6437
808,10,0,10,15,23518320,3653,0,0,6447
809,6,0,8,17,23545500,3653,0,0,6453
810,8,0,9,16,23572440,3653,0,0,6461
811,9,0,9,16,23612340,3654,0,0,6470
812,5,0,6,19,23633040,3653,0,0,6475
813,3,0,6,19,23646060,3653,0,0,6478
814,2,0,5,20,23656140,3653,0,0,6480
815,4,0,6,19,23679960,3655,0,0,6484
816,2,0,4,21,23690760,3654,0,0,6486
817,4,0,4,21,23698740,3653,0,0,6490
818,7,0,8,17,23708280,3653,0,0,6497
819,4,0,7,18,23720880,3652,0,0,6501
820,7,0,8,17,23735400,3651,0,0,6508
821,5,0,7,18,23758740,3651,0,0,6513
822,8,0,6,19,23775360,3649,0,0,6521
823,13,0,10,15,23796360,3647,0,0,6534
824,6,0,10,15,23810160,3646,0,0,6540
825,5,0,9,16,23837520,3647,0,0,6545
826,10,0,10,15,23864040,3646,0,0,6555
827,7,0,9,16,23890560,3645,0,0,6562
828,4,0,6,19,23919480,3646,0,0,6566
829,13,0,11,14,23943180,3645,0,0,6579
830,13,0,18,7,23955960,3644,0,0,6592
831,11,0,17,8,24000540,3644,0,0,6603
832,13,0,18,7,24037200,3643,0,0,6616
833,13,0,19,6,24098700,3645,0,0,6629
834,12,0,14,11,24160260,3645,0,0,6641
835,7,0,13,12,24211200,3649,0,0,6648
836,6,0,10,15,24246840,3649,0,0,6654
837,9,0,11,14,24276960,3649,0,0,6663
838,5,0,8,17,24305580,3649,0,0,6668
839,8,0,7,18,24343680,3650,0,0,6676
840,4,0,6,19,24362880,3650,0,0,6680
841,2,0,4,21,24371400,3649,0,0,6682
842,6,0,7,18,24381480,3649,0,0,6688
843,5,0,6,19,24394140,3647,0,0,6693
844,7,0,7,18,24411180,3647,0,0,6700
845,10,0,15,10,24418260,3647,0,0,6710
846,7,0,10,15,24463680,3647,0,0,6717
847,9,0,9,16,24504600,3648,0,0,6726
848,8,0,10,15,24526380,3647,0,0,6734
849,9,0,10,15,24563340,3648,0,0,6743
850,9,0,7,18,24600600,3647,0,0,6752
851,10,0,14,11,24610320,3647,0,0,6762
852,4,0,12,13,24632460,3647,0,0,6766
853,12,0,18,7,24667260,3649,0,0,6778
854,7,0,11,14,24714780,3648,0,0,6785
855,7,0,6,19,24753540,3647,0,0,6792
856,11,0,12,13,24773520,3647,0,0,6803
857,14,0,13,12,24807480,3646,0,0,6817
858,14,0,18,7,24831840,3644,0,0,6831
859,4,0,8,17,24895680,3646,0,0,6835
860,8,0,10,15,24935580,3649,0,0,6843
861,3,0,10,15,24950160,3649,0,0,6846
862,7,0,7,18,24993000,3650,0,0,6853
863,7,0,7,18,25013400,3649,0,0,6860
864,6,0,8,17,25030740,3649,0,0,6866
865,1,0,7,18,25039620,3650,0,0,6867
866,2,0,6,19,25056360,3650,0,0,6869
867,3,0,6,19,25080300,3652,0,0,6872
868,9,0,9,16,25097100,3652,0,0,6881
869,7,0,12,13,25109700,3651,0,0,6888
870,7,0,8,17,25154160,3652,0,0,6895
871,6,0,9,16,25172460,3652,0,0,6901
872,9,0,7,18,25201020,3650,0,0,6910
873,3,0,7,18,25218060,3651,0,0,6913
874,9,0,11,14,25233300,3651,0,0,6922
875,15,0,17,8,25246560,3648,0,0,6937
876,8,0,14,11,25300680,3650,0,0,6945
877,12,0,13,12,25344240,3649,0,0,6957
878,6,0,12,13,25360440,3648,0,0,6963
879,9,0,10,15,25410780,3649,0,0,6972
880,11,0,13,12,25438800,3649,0,0,6983
881,17,0,15,10,25477080,3647,0,0,7000
882,6,0,11,14,25522260,3648,0,0,7006
883,13,0,17,8,25556520,3649,0,0,7019
884,6,0,6,19,25607700,3648,0,0,7025
885,12,0,15,10,25618920,3648,0,0,7037
886,9,0,13,12,25664520,3649,0,0,7046
887,3,0,5,20,25721880,3651,0,0,7049
888,3,0,6,19,25728840,3651,0,0,7052
889,5,0,7,18,25742640,3651,0,0,7057
890,2,0,5,20,25757760,3651,0,0,7059
891,5,0,6,19,25778580,3652,0,0,7064
892,4,0,8,17,25787940,3652,0,0,7068
893,5,0,8,17,25805820,3652,0,0,7073
894,7,0,10,15,25818900,3651,0,0,7080
895,11,0,12,13,25843920,3650,0,0,7091
896,9,0,9,16,25888620,3650,0,0,7100
897,13,0,15,10,25909080,3650,0,0,7113
898,7,0,13,12,25945200,3650,0,0,7120
899,4,0,5,20,25992420,3651,0,0,7124
900,8,0,10,15,25997700,3650,0,0,7132
901,13,0,10,15,26044800,3650,0,0,7145
902,19,0,18,7,26063100,3647,0,0,7164
903,13,0,14,11,26124780,3647,0,0,7177
904,13,0,15,10,26169840,3647,0,0,7190
905,7,0,12,13,26212140,3648,0,0,7197
906,5,0,6,19,26251440,3648,0,0,7202
907,6,0,7,18,26270880,3648,0,0,7208
908,7,0,10,15,26288100,3648,0,0,7215
909,11,0,9,16,26317260,3646,0,0,7226
910,6,0,7,18,26347380,3646,0,0,7232
911,5,0,11,14,26353500,3647,0,0,7237
912,7,0,10,15,26393160,3648,0,0,7244
913,3,0,7,18,26415720,3648,0,0,7247
914,8,0,9,16,26447040,3649,0,0,7255
915,5,0,7,18,26469660,3649,0,0,7260
916,5,0,8,17,26485260,3649,0,0,7265
917,9,0,7,18,26505840,3647,0,0,7274
918,1,0,4,21,26524020,3647,0,0,7275
919,4,0,6,19,26525640,3647,0,0,7279
920,7,0,6,19,26547240,3646,0,0,7286
921,13,0,9,16,26566680,3644,0,0,7299
922,8,0,12,13,26577120,3643,0,0,7307
923,15,0,14,11,26619780,3642,0,0,7322
924,9,0,10,15,26663640,3642,0,0,7331
925,12,0,11,14,26689080,3640,0,0,7343
926,8,0,12,13,26710440,3639,0,0,7351
927,13,0,17,8,26742600,3639,0,0,7364
928,13,0,20,5,26782080,3640,0,0,7377
929,6,0,13,12,26851620,3643,0,0,7383
930,9,0,12,13,26903580,3645,0,0,7392
931,10,0,12,13,26938260,3645,0,0,7402
932,7,0,8,17,26985240,3646,0,0,7409
933,5,0,7,18,27010080,3646,0,0,7414
934,6,0,6,19,27027060,3645,0,0,7420
935,3,0,5,20,27045540,3645,0,0,7423
936,5,0,8,17,27054480,3646,0,0,7428
937,6,0,7,18,27082020,3646,0,0,7434
938,4,0,7,18,27097020,3646,0,0,7438
939,8,0,9,16,27124740,3647,0,0,7446
940,7,0,9,16,27149040,3647,0,0,7453
941,6,0,10,15,27166140,3646,0,0,7459
942,4,0,9,16,27192240,3648,0,0,7463
943,10,0,9,16,27225240,3647,0,0,7473
944,12,0,12,13,27251880,3646,0,0,7485
945,7,0,9,16,27277380,3645,0,0,7492
946,13,0,12,13,27307860,3644,0,0,7505
947,15,0,18,7,27331500,3643,0,0,7520
948,10,0,14,11,27387540,3643,0,0,7530
949,8,0,13,12,27420240,3643,0,0,7538
950,11,0,12,13,27472020,3644,0,0,7549
951,12,0,13,12,27511020,3644,0,0,7561
952,10,0,13,12,27552120,3645,0,0,7571
953,9,0,8,17,27592740,3644,0,0,7580
954,14,0,10,15,27619740,3641,0,0,7594
955,9,0,7,18,27649620,3640,0,0,7603
956,8,0,7,18,27673560,3639,0,0,7611
957,4,0,8,17,27681000,3638,0,0,7615
958,9,0,10,15,27711900,3639,0,0,7624
959,2,0,7,18,27730560,3639,0,0,7626
960,2,0,4,21,27761460,3641,0,0,7628
961,3,0,3,22,27778920,3641,0,0,7631
962,9,0,9,16,27783840,3640,0,0,7640
963,4,0,9,16,27799800,3641,0,0,7644
964,5,0,9,16,27827280,3642,0,0,7649
965,3,0,7,18,27850860,3643,0,0,7652
966,3,0,5,20,27877560,3644,0,0,7655
967,10,0,14,11,27881700,3644,0,0,7665
968,4,0,6,19,27921600,3643,0,0,7669
969,4,0,6,19,27935280,3643,0,0,7673
970,7,0,9,16,27952920,3643,0,0,7680
971,10,0,12,13,27977760,3643,0,0,7690
972,10,0,8,17,28021800,3642,0,0,7700
973,11,0,10,15,28047600,3642,0,0,7711
974,13,0,17,8,28062420,3641,0,0,7724
975,15,0,22,3,28103040,3641,0,0,7739
976,5,0,8,17,28191000,3644,0,0,7744
977,8,0,7,18,28214040,3642,0,0,7752
978,7,0,8,17,28223760,3641,0,0,7759
979,8,0,10,15,28247760,3641,0,0,7767
980,9,0,9,16,28273860,3640,0,0,7776
981,5,0,8,17,28301700,3641,0,0,7781
982,3,0,8,17,28312140,3640,0,0,7784
983,4,0,6,19,28331700,3640,0,0,7788
984,4,0,8,17,28346040,3641,0,0,7792
985,3,0,6,19,28364160,3641,0,0,7795
986,8,0,10,15,28383480,3642,0,0,7803
987,6,0,5,20,28409820,3640,0,0,7809
988,6,0,7,18,28426260,3640,0,0,7815
989,8,0,7,18,28443240,3639,0,0,7823
990,7,0,10,15,28451400,3638,0,0,7830
991,8,0,10,15,28482840,3638,0,0,7838
992,4,0,8,17,28509780,3639,0,0,7842
993,3,0,6,19,28531020,3639,0,0,7845
994,11,0,10,15,28540740,3637,0,0,7856
995,11,0,11,14,28580460,3638,0,0,7867
996,9,0,12,13,28603260,3637,0,0,7876
997,9,0,13,12,28631760,3637,0,0,7885
998,6,0,14,11,28652880,3637,0,0,7891
999,12,0,12,13,28709280,3638,0,0,7903
1000,14,0,12,13,28747200,3636,0,0,7917
1001,8,0,12,13,28782720,3637,0,0,7925
1002,6,0,12,13,28798320,3636,0,0,7931
1003,12,0,14,11,28834980,3636,0,0,7943
1004,7,0,8,17,28893060,3638,0,0,7950
1005,12,0,14,11,28909500,3637,0,0,7962
1006,3,0,6,19,28948320,3637,0,0,7965
1007,3,0,6,19,28961040,3637,0,0,7968
1008,6,0,6,19,28978380,3636,0,0,7974
1009,3,0,7,18,28986180,3636,0,0,7977
1010,7,0,6,19,29011560,3636,0,0,7984
1011,6,0,9,16,29018640,3635,0,0,7990
1012,6,0,8,17,29042940,3635,0,0,7996
1013,2,0,4,21,29069400,3636,0,0,7998
1014,3,0,6,19,29071140,3636,0,0,8001
1015,10,0,10,15,29090460,3635,0,0,8011
1016,13,0,11,14,29121000,3634,0,0,8024
1017,11,0,11,14,29152920,3633,0,0,8035
1018,9,0,11,14,29173920,3631,0,0,8044
1019,10,0,9,16,29212740,3631,0,0,8054
1020,9,0,10,15,29237760,3630,0,0,8063
1021,13,0,16,9,29254620,3629,0,0,8076
1022,11,0,15,10,29308980,3630,0,0,8087
1023,10,0,10,15,29365080,3631,0,0,8097
1024,5,0,11,14,29382240,3631,0,0,8102
1025,5,0,7,18,29418720,3631,0,0,8107
1026,4,0,6,19,29445780,3633,0,0,8111
1027,6,0,7,18,29462580,3632,0,0,8117
1028,14,0,14,11,29477580,3631,0,0,8131
1029,8,0,11,14,29508840,3630,0,0,8139
1030,5,0,11,14,29528640,3630,0,0,8144
1031,6,0,11,14,29554380,3631,0,0,8150
1032,5,0,8,17,29597280,3632,0,0,8155
1033,4,0,7,18,29625180,3634,0,0,8159
1034,6,0,4,21,29657640,3634,0,0,8165
1035,5,0,6,19,29664780,3633,0,0,8170
1036,6,0,7,18,29685120,3633,0,0,8176
1037,3,0,3,22,29706360,3633,0,0,8179
1038,4,0,4,21,29711880,3632,0,0,8183
1039,13,0,13,12,29716800,3631,0,0,8196
1040,4,0,8,17,29743740,3630,0,0,8200
1041,7,0,7,18,29769300,3630,0,0,8207
1042,17,0,13,12,29800860,3629,0,0,8224
1043,12,0,15,10,29834400,3629,0,0,8236
1044,8,0,12,13,29876640,3629,0,0,8244
1045,8,0,8,17,29919000,3629,0,0,8252
1046,8,0,8,17,29933460,3627,0,0,8260
1047,9,0,13,12,29947020,3627,0,0,8269
1048,7,0,10,15,29978160,3626,0,0,8276
1049,8,0,12,13,29998440,3626,0,0,8284
1050,8,0,8,17,30045960,3626,0,0,8292
1051,8,0,10,15,30061440,3626,0,0,8300
1052,3,0,5,20,30100680,3627,0,0,8303
1053,7,0,9,16,30109200,3627,0,0,8310
1054,8,0,11,14,30135240,3627,0,0,8318
1055,9,0,13,12,30159240,3627,0,0,8327
1056,3,0,7,18,30207780,3629,0,0,8330
1057,6,0,7,18,30225180,3628,0,0,8336
1058,4,0,8,17,30243300,3629,0,0,8340
1059,5,0,8,17,30262200,3629,0,0,8345
1060,7,0,8,17,30283200,3629,0,0,8352
1061,8,0,9,16,30301320,3628,0,0,8360
1062,5,0,8,17,30316080,3627,0,0,8365
1063,14,0,15,10,30343080,3627,0,0,8379
1064,10,0,14,11,30377100,3627,0,0,8389
1065,7,0,9,16,30432120,3628,0,0,8396
1066,5,0,9,16,30459420,3629,0,0,8401
1067,15,0,13,12,30483600,3627,0,0,8416
1068,9,0,14,11,30512400,3627,0,0,8425
1069,8,0,13,12,30562020,3629,0,0,8433
1070,13,0,15,10,30614580,3631,0,0,8446
1071,7,0,9,16,30660060,3630,0,0,8453
1072,10,0,11,14,30690420,3631,0,0,8463
1073,10,0,11,14,30722820,3630,0,0,8473
1074,10,0,14,11,30744600,3630,0,0,8483
1075,9,0,11,14,30797400,3631,0,0,8492
1076,10,0,11,14,30831240,3631,0,0,8502
1077,6,0,8,17,30871320,3631,0,0,8508
1078,9,0,9,16,30899340,3631,0,0,8517
1079,4,0,6,19,30925260,3631,0,0,8521
1080,3,0,6,19,30939240,3632,0,0,8524
1081,3,0,5,20,30951480,3631,0,0,8527
1082,4,0,8,17,30952500,3631,0,0,8531
1083,3,0,6,19,30972840,3631,0,0,8534
1084,4,0,5,20,30994500,3632,0,0,8538
1085,7,0,9,16,31004580,3632,0,0,8545
1086,11,0,12,13,31025580,3631,0,0,8556
1087,5,0,8,17,31054320,3630,0,0,8561
1088,6,0,4,21,31098420,3631,0,0,8567
1089,6,0,8,17,31102740,3631,0,0,8573
1090,8,0,13,12,31107420,3630,0,0,8581
1091,7,0,11,14,31140540,3630,0,0,8588
1092,9,0,14,11,31173900,3632,0,0,8597
1093,8,0,7,18,31237200,3633,0,0,8605
1094,4,0,8,17,31244400,3632,0,0,8609
1095,11,0,11,14,31270380,3632,0,0,8620
1096,14,0,15,10,31303020,3631,0,0,8634
1097,4,0,9,16,31328820,3630,0,0,8638
1098,12,0,15,10,31356000,3631,0,0,8650
1099,5,0,11,14,31397400,3632,0,0,8655
1100,5,0,4,21,31440960,3632,0,0,8660
1101,6,0,7,18,31456500,3632,0,0,8666
1102,5,0,8,17,31466220,3632,0,0,8671
1103,7,0,8,17,31488420,3631,0,0,8678
1104,7,0,8,17,31513860,3631,0,0,8685
1105,2,0,4,21,31532580,3631,0,0,8687
1106,7,0,6,19,31542000,3630,0,0,8694
1107,4,0,6,19,31551000,3629,0,0,8698
1108,6,0,8,17,31567380,3630,0,0,8704
1109,12,0,12,13,31583820,3628,0,0,8716
1110,6,0,10,15,31599840,3627,0,0,8722
1111,4,0,5,20,31632120,3627,0,0,8726
1112,11,0,12,13,31648620,3627,0,0,8737
1113,4,0,6,19,31678320,3626,0,0,8741
1114,9,0,12,13,31691340,3626,0,0,8750
1115,8,0,12,13,31727040,3627,0,0,8758
1116,10,0,14,11,31753980,3627,0,0,8768
1117,7,0,12,13,31798080,3628,0,0,8775
1118,8,0,15,10,31824720,3629,0,0,8783
1119,14,0,22,3,31858560,3630,0,0,8797
1120,14,0,20,5,31914660,3630,0,0,8811
1121,8,0,11,14,31973520,3630,0,0,8819
1122,4,0,8,17,32003220,3630,0,0,8823
1123,6,0,9,16,32037240,3632,0,0,8829
1124,9,0,9,16,32054760,3630,0,0,8838
1125,15,0,11,14,32084880,3628,0,0,8853
1126,7,0,8,17,32119800,3628,0,0,8860
1127,9,0,13,12,32131740,3628,0,0,8869
1128,8,0,11,14,32181780,3629,0,0,8877
1129,7,0,11,14,32210640,3630,0,0,8884
1130,10,0,15,10,32230920,3630,0,0,8894
1131,7,0,12,13,32272680,3630,0,0,8901
1132,5,0,8,17,32313060,3631,0,0,8906
1133,11,0,8,17,32353260,3631,0,0,8917
1134,6,0,9,16,32368020,3631,0,0,8923
1135,8,0,13,12,32379360,3630,0,0,8931
1136,6,0,7,18,32433840,3632,0,0,8937
1137,7,0,9,16,32452380,3632,0,0,8944
1138,6,0,8,17,32476920,3631,0,0,8950
1139,10,0,11,14,32498820,3631,0,0,8960
1140,12,0,13,12,32529960,3630,0,0,8972
1141,14,0,20,5,32552100,3630,0,0,8986
1142,9,0,11,14,32645160,3633,0,0,8995
1143,10,0,10,15,32683560,3633,0,0,9005
1144,10,0,14,11,32694900,3632,0,0,9015
1145,8,0,11,14,32734380,3632,0,0,9023
1146,6,0,8,17,32778900,3633,0,0,9029
1147,8,0,12,13,32795700,3633,0,0,9037
1148,4,0,8,17,32828400,3634,0,0,9041
1149,3,0,6,19,32854980,3635,0,0,9044
1150,4,0,6,19,32873400,3635,0,0,9048
1151,2,0,6,19,32879100,3635,0,0,9050
1152,3,0,4,21,32906460,3636,0,0,9053
1153,3,0,5,20,32908140,3635,0,0,9056
1154,7,0,11,14,32910840,3635,0,0,9063
1155,4,0,7,18,32951100,3636,0,0,9067
1156,4,0,9,16,32966880,3637,0,0,9071
1157,9,0,6,19,33000180,3636,0,0,9080
1158,7,0,8,17,33008100,3635,0,0,9087
1159,7,0,10,15,33022500,3635,0,0,9094
1160,8,0,16,9,33031560,3635,0,0,9102
1161,9,0,12,13,33072540,3634,0,0,9111
1162,6,0,7,18,33122160,3635,0,0,9117
1163,11,0,13,12,33127200,3634,0,0,9128
1164,11,0,13,12,33171120,3634,0,0,9139
1165,9,0,11,14,33204300,3634,0,0,9148
1166,14,0,17,8,33223020,3632,0,0,9162
1167,6,0,6,19,33283980,3632,0,0,9168
1168,10,0,14,11,33287220,3632,0,0,9178
1169,11,0,11,14,33337440,3632,0,0,9189
1170,4,0,6,19,33368880,3632,0,0,9193
1171,5,0,8,17,33379920,3632,0,0,9198
1172,6,0,7,18,33411780,3632,0,0,9204
1173,1,0,6,19,33422160,3633,0,0,9205
1174,5,0,8,17,33443640,3634,0,0,9210
1175,6,0,8,17,33458040,3633,0,0,9216
1176,1,0,3,22,33480240,3633,0,0,9217
1177,7,0,10,15,33480240,3633,0,0,9224
1178,9,0,9,16,33507240,3632,0,0,9233
1179,9,0,11,14,33531000,3632,0,0,9242
1180,4,0,11,14,33550140,3632,0,0,9246
1181,8,0,11,14,33588600,3633,0,0,9254
1182,8,0,8,17,33618960,3632,0,0,9262
1183,2,0,5,20,33644880,3633,0,0,9264
1184,10,0,9,16,33658200,3632,0,0,9274
1185,9,0,9,16,33683820,3632,0,0,9283
1186,12,0,11,14,33712500,3631,0,0,9295
1187,9,0,8,17,33750120,3630,0,0,9304
1188,14,0,13,12,33774180,3629,0,0,9318
1189,15,0,15,10,33812880,3628,0,0,9333
1190,14,0,19,6,33843120,3628,0,0,9347
1191,8,0,12,13,33908700,3629,0,0,9355
1192,9,0,9,16,33962700,3630,0,0,9364
1193,8,0,10,15,33979860,3629,0,0,9372
1194,9,0,10,15,34020840,3630,0,0,9381
1195,9,0,12,13,34052040,3631,0,0,9390
1196,9,0,11,14,34093440,3631,0,0,9399
1197,5,0,9,16,34110180,3630,0,0,9404
1198,12,0,16,9,34132860,3631,0,0,9416
1199,5,0,10,15,34168500,3630,0,0,9421
1200,6,0,9,16,34214040,3632,0,0,9427
1201,3,0,5,20,34239480,3632,0,0,9430
1202,6,0,9,16,34245720,3632,0,0,9436
1203,6,0,7,18,34269960,3632,0,0,9442
1204,4,0,8,17,34280820,3632,0,0,9446
1205,4,0,4,21,34311840,3632,0,0,9450
1206,7,0,7,18,34320660,3631,0,0,9457
1207,8,0,11,14,34326120,3630,0,0,9465
1208,5,0,10,15,34346580,3630,0,0,9470
1209,5,0,8,17,34379820,3631,0,0,9475
1210,4,0,6,19,34402920,3631,0,0,9479
1211,7,0,7,18,34419780,3631,0,0,9486
1212,15,0,17,8,34438140,3631,0,0,9501
1213,12,0,14,11,34484460,3630,0,0,9513
1214,20,0,21,4,34523100,3629,0,0,9533
1215,18,0,20,5,34576440,3627,0,0,9551
1216,10,0,15,10,34631280,3627,0,0,9561
1217,6,0,13,12,34670640,3628,0,0,9567
1218,18,0,15,10,34734720,3629,0,0,9585
1219,7,0,6,19,34786800,3628,0,0,9592
1220,14,0,12,13,34813680,3628,0,0,9606
1221,8,0,13,12,34834920,3628,0,0,9614
1222,2,0,7,18,34880340,3629,0,0,9616
1223,5,0,8,17,34902060,3630,0,0,9621
1224,4,0,8,17,34912020,3630,0,0,9625
1225,4,0,9,16,34924200,3630,0,0,9629
1226,3,0,6,19,34955340,3631,0,0,9632
1227,7,0,10,15,34963980,3631,0,0,9639
1228,4,0,6,19,34990620,3630,0,0,9643
1229,3,0,5,20,35009160,3631,0,0,9646
1230,2,0,4,21,35015100,3630,0,0,9648
1231,10,0,11,14,35022480,3630,0,0,9658
1232,4,0,10,15,35040840,3630,0,0,9662
1233,10,0,13,12,35069700,3630,0,0,9672
1234,7,0,10,15,35098500,3630,0,0,9679
1235,6,0,8,17,35133060,3630,0,0,9685
1236,11,0,10,15,35161800,3630,0,0,9696
1237,9,0,11,14,35180160,3629,0,0,9705
1238,8,0,8,17,35223420,3629,0,0,9713
1239,7,0,10,15,35239740,3629,0,0,9720
1240,8,0,12,13,35269680,3630,0,0,9728
1241,6,0,6,19,35310180,3629,0,0,9734
1242,13,0,10,15,35330100,3628,0,0,9747
1243,6,0,11,14,35355300,3629,0,0,9753
1244,7,0,8,17,35397300,3629,0,0,9760
1245,5,0,6,19,35419560,3629,0,0,9765
1246,8,0,7,18,35426400,3627,0,0,9773
1247,7,0,6,19,35452260,3627,0,0,9780
1248,3,0,8,17,35456880,3627,0,0,9783
1249,5,0,9,16,35479140,3628,0,0,9788
1250,5,0,4,21,35508300,3627,0,0,9793
1251,6,0,6,19,35517360,3626,0,0,9799
1252,11,0,13,12,35529420,3626,0,0,9810
1253,6,0,10,15,35547300,3625,0,0,9816
1254,10,0,9,16,35600280,3626,0,0,9826
1255,15,0,13,12,35630760,3625,0,0,9841
1256,17,0,15,10,35672340,3624,0,0,9858
1257,5,0,9,16,35709660,3623,0,0,9863
1258,17,0,12,13,35746920,3622,0,0,9880
1259,14,0,12,13,35784720,3621,0,0,9894
1260,9,0,13,12,35826060,3622,0,0,9903
1261,9,0,12,13,35873580,3623,0,0,9912
1262,13,0,18,7,35899500,3623,0,0,9925
1263,10,0,13,12,35953080,3623,0,0,9935
1264,13,0,15,10,35990940,3623,0,0,9948
1265,11,0,18,7,36022920,3623,0,0,9959
1266,7,0,13,12,36081660,3625,0,0,9966
1267,10,0,13,12,36110700,3624,0,0,9976
1268,8,0,11,14,36159360,3625,0,0,9984
1269,5,0,8,17,36195780,3626,0,0,9989
1270,4,0,5,20,36220320,3626,0,0,9993
1271,3,0,4,21,36234780,3626,0,0,9996
1272,6,0,6,19,36245760,3626,0,0,10002
1273,1,0,5,20,36255060,3626,0,0,10003
1274,2,0,5,20,36271800,3627,0,0,10005
1275,5,0,7,18,36282360,3627,0,0,10010
1276,8,0,9,16,36301320,3626,0,0,10018
1277,8,0,10,15,36315120,3625,0,0,10026
1278,8,0,8,17,36360000,3626,0,0,10034
1279,8,0,11,14,36366960,3625,0,0,10042
1280,5,0,9,16,36403320,3626,0,0,10047
1281,5,0,5,20,36430920,3626,0,0,10052
1282,14,0,11,14,36447720,3624,0,0,10066
1283,11,0,10,15,36478260,3623,0,0,10077
1284,9,0,12,13,36514200,3624,0,0,10086
1285,18,0,17,8,36565980,3625,0,0,10104
1286,12,0,16,9,36609960,3624,0,0,10116
1287,12,0,15,10,36669660,3625,0,0,10128
1288,15,0,16,9,36718740,3625,0,0,10143
1289,7,0,7,18,36766200,3624,0,0,10150
1290,5,0,5,20,36796200,3625,0,0,10155
1291,1,0,4,21,36800580,3624,0,0,10156
1292,13,0,16,9,36801420,3624,0,0,10169
1293,8,0,10,15,36837060,3623,0,0,10177
1294,3,0,7,18,36855540,3622,0,0,10180
1295,6,0,9,16,36871860,3623,0,0,10186
1296,3,0,5,20,36901440,3623,0,0,10189
1297,9,0,9,16,36928140,3624,0,0,10198
1298,7,0,9,16,36955560,3624,0,0,10205
1299,7,0,9,16,36972840,3623,0,0,10212
1300,5,0,8,17,36990780,3623,0,0,10217
1301,5,0,9,16,37012980,3624,0,0,10222
1302,7,0,7,18,37043940,3623,0,0,10229
1303,6,0,7,18,37069380,3624,0,0,10235
1304,14,0,15,10,37084800,3623,0,0,10249
1305,10,0,16,9,37119180,3623,0,0,10259
1306,9,0,15,10,37152240,3623,0,0,10268
1307,10,0,12,13,37189920,3622,0,0,10278
1308,16,0,16,9,37239960,3623,0,0,10294
1309,9,0,14,11,37281600,3623,0,0,10303
1310,12,0,15,10,37324020,3623,0,0,10315
1311,6,0,8,17,37378200,3624,0,0,10321
1312,14,0,16,9,37398240,3624,0,0,10335
1313,13,0,12,13,37455120,3623,0,0,10348
1314,11,0,12,13,37480560,3622,0,0,10359
1315,6,0,9,16,37521960,3623,0,0,10365
1316,9,0,11,14,37547460,3623,0,0,10374
1317,7,0,16,9,37553160,3623,0,0,10381
1318,3,0,9,16,37607940,3624,0,0,10384
1319,7,0,8,17,37648500,3625,0,0,10391
1320,3,0,8,17,37657200,3625,0,0,10394
1321,4,0,8,17,37676640,3626,0,0,10398
1322,3,0,6,19,37703940,3627,0,0,10401
1323,4,0,7,18,37716000,3627,0,0,10405
1324,5,0,8,17,37731240,3627,0,0,10410
1325,5,0,6,19,37757760,3627,0,0,10415
1326,8,0,8,17,37773120,3626,0,0,10423
1327,9,0,12,13,37785240,3626,0,0,10432
1328,13,0,11,14,37823640,3625,0,0,10445
1329,9,0,10,15,37855680,3624,0,0,10454
1330,11,0,10,15,37897860,3624,0,0,10465
1331,8,0,9,16,37936560,3625,0,0,10473
1332,7,0,11,14,37953960,3625,0,0,10480
1333,11,0,11,14,37998900,3625,0,0,10491
1334,11,0,15,10,38023800,3625,0,0,10502
1335,17,0,14,11,38084100,3625,0,0,10519
1336,8,0,10,15,38137620,3626,0,0,10527
1337,13,0,14,11,38162160,3625,0,0,10540
1338,5,0,11,14,38197140,3626,0,0,10545
1339,8,0,9,16,38240220,3626,0,0,10553
1340,7,0,7,18,38269560,3626,0,0,10560
1341,5,0,6,19,38295660,3626,0,0,10565
1342,5,0,5,20,38313060,3626,0,0,10570
1343,4,0,6,19,38319420,3625,0,0,10574
1344,10,0,7,18,38342700,3625,0,0,10584
1346,1,0,8,17,38342700,3625,0,0,10585
1345,0,0,8,17,38342700,3625,0,0,10585
1347,2,0,8,17,38353140,3625,0,0,10587
1348,4,0,10,15,38355300,3624,0,0,10591
1349,7,0,11,14,38373420,3624,0,0,10598
1350,11,0,15,10,38388360,3623,0,0,10609
1351,7,0,17,8,38415120,3624,0,0,10616
1352,3,0,9,16,38456640,3624,0,0,10619
1353,7,0,13,12,38469840,3624,0,0,10626
1354,10,0,16,9,38484300,3623,0,0,10636
1355,8,0,13,12,38520300,3623,0,0,10644
1356,11,0,17,8,38554800,3624,0,0,10655
1357,15,0,19,6,38580900,3622,0,0,10670
1358,11,0,21,4,38611500,3622,0,0,10681
1359,4,0,13,12,38668440,3623,0,0,10685
1360,8,0,13,12,38694420,3623,0,0,10693
1361,8,0,14,11,38712840,3622,0,0,10701
1362,13,0,16,9,38747880,3621,0,0,10714
1363,1,0,10,15,38772900,3621,0,0,10715
1364,5,0,9,16,38801400,3622,0,0,10720
1365,8,0,12,13,38812440,3621,0,0,10728
1366,6,0,13,12,38824320,3621,0,0,10734
1367,5,0,15,10,38843640,3622,0,0,10739
1368,6,0,14,11,38874720,3622,0,0,10745
1369,7,0,16,9,38894340,3622,0,0,10752
1370,6,0,15,10,38927220,3623,0,0,10758
1371,7,0,18,7,38953140,3624,0,0,10765
1372,5,0,14,11,38995740,3625,0,0,10770
1373,4,0,7,18,39050160,3626,0,0,10774
1374,10,0,12,13,39056040,3625,0,0,10784
1375,7,0,13,12,39071760,3625,0,0,10791
1376,10,0,16,9,39093840,3624,0,0,10801
1377,8,0,12,13,39129120,3624,0,0,10809
1378,9,0,15,10,39145560,3623,0,0,10818
1379,12,1,25,0,39154800,3624,0,0,10830
1380,13,0,22,3,39232560,3625,540,0,10843
1381,11,0,16,9,39296880,3625,540,0,10854
1382,11,0,19,6,39327840,3626,540,0,10865
1383,19,0,20,5,39383760,3625,540,0,10884
1384,13,0,24,1,39406680,3624,900,0,10897
1385,15,0,21,4,39511080,3627,900,0,10912
1386,7,0,17,8,39545160,3627,900,0,10919
1387,12,0,21,4,39584100,3628,900,0,10931
1388,6,0,14,11,39638820,3628,900,0,10937
1389,4,0,12,13,39659880,3628,900,0,10941
1390,8,0,12,13,39689340,3628,900,0,10949
1391,7,0,14,11,39701580,3628,900,0,10956
1392,5,0,12,13,39735300,3629,900,0,10961
1393,4,0,10,15,39751980,3628,900,0,10965
1394,7,0,11,14,39773820,3628,900,0,10972
1395,3,0,10,15,39786840,3628,900,0,10975
1396,13,0,15,10,39809640,3627,900,0,10988
1397,11,0,20,5,39828360,3627,900,0,10999
1398,5,0,10,15,39885480,3627,900,0,11004
1399,6,0,13,12,39901680,3628,900,0,11010
1400,10,0,16,9,39925080,3628,900,0,11020
1401,11,0,17,8,39954120,3627,900,0,11031
1402,15,0,21,4,40004940,3628,900,0,11046
1403,11,0,20,5,40054260,3629,960,0,11057
1404,15,0,22,3,40117200,3630,960,0,11072
1405,4,0,14,11,40176540,3631,960,0,11076
1406,16,0,22,3,40205100,3631,960,0,11092
1407,9,0,17,8,40266720,3632,960,0,11101
1408,6,0,13,12,40309020,3633,960,0,11107
1409,4,0,13,12,40328580,3633,960,0,11111
1410,16,0,20,5,40368300,3634,960,0,11127
1411,9,0,13,12,40424280,3634,960,0,11136
1412,8,0,14,11,40445940,3633,960,0,11144
1413,4,0,12,13,40460640,3633,960,0,11148
1414,4,0,10,15,40500060,3634,960,0,11152
1415,8,0,15,10,40505760,3634,960,0,11160
1416,8,0,15,10,40529100,3633,960,0,11168
1417,4,0,10,15,40567620,3634,960,0,11172
1418,7,0,13,12,40578360,3634,960,0,11179
1419,6,0,12,13,40604640,3634,960,0,11185
1420,10,0,15,10,40636320,3634,960,0,11195
1421,7,0,11,14,40672560,3634,960,0,11202
1422,6,0,8,17,40693440,3633,960,0,11208
1423,6,0,9,16,40703220,3632,960,0,11214
1424,4,0,11,14,40708860,3632,960,0,11218
1425,9,0,13,12,40723980,3631,960,0,11227
1426,14,0,21,4,40743960,3631,960,0,11241
1427,11,0,22,3,40778400,3631,960,0,11252
1428,12,0,17,8,40856220,3632,960,0,11264
1429,11,0,17,8,40893600,3632,960,0,11275
1430,11,0,17,8,40935240,3632,960,0,11286
1431,8,0,15,10,40973880,3632,960,0,11294
1432,5,0,13,12,40987620,3631,960,0,11299
1433,12,0,12,13,41043600,3632,960,0,11311
1434,6,0,10,15,41060160,3631,960,0,11317
1435,11,0,16,9,41069400,3630,960,0,11328
1436,8,0,16,9,41085420,3629,960,0,11336
1437,6,0,11,14,41143620,3631,960,0,11342
1438,7,0,12,13,41163660,3630,960,0,11349
1439,7,0,10,15,41190780,3630,960,0,11356
1440,6,0,12,13,41200920,3630,960,0,11362
1441,9,0,13,12,41228880,3629,960,0,11371
1442,4,0,11,14,41250540,3629,960,0,11375
1443,4,0,9,16,41279160,3630,960,0,11379
1444,5,0,9,16,41289000,3629,960,0,11384
1445,10,0,17,8,41293740,3629,960,0,11394
1446,1,0,10,15,41325480,3629,960,0,11395
1447,7,0,11,14,41344440,3629,960,0,11402
1448,9,0,14,11,41374080,3630,960,0,11411
1449,4,0,12,13,41394780,3630,960,0,11415
1450,14,0,19,6,41420880,3630,960,0,11429
1451,9,0,21,4,41439720,3629,960,0,11438
1452,11,0,22,3,41485560,3630,960,0,11449
1453,13,0,21,4,41549160,3631,960,0,11462
1454,13,0,20,5,41603760,3631,960,0,11475
1455,10,0,22,3,41635440,3632,960,0,11485
1456,14,0,18,7,41712660,3633,960,0,11499
1457,5,0,15,10,41741700,3633,960,0,11504
1458,2,0,12,13,41768880,3633,960,0,11506
1459,7,0,14,11,41791560,3634,960,0,11513
1460,5,0,14,11,41822580,3635,960,0,11518
1461,9,0,15,10,41856180,3635,960,0,11527
1462,7,0,13,12,41889600,3635,960,0,11534
1463,6,0,12,13,41917560,3636,960,0,11540
1464,7,0,15,10,41942400,3637,960,0,11547
1465,5,0,11,14,41981940,3637,960,0,11552
1466,4,0,14,11,41984760,3637,960,0,11556
1467,7,0,15,10,42020280,3638,960,0,11563
1468,9,0,16,9,42050100,3638,960,0,11572
1469,8,0,14,11,42096600,3639,960,0,11580
1470,7,0,14,11,42131460,3640,960,0,11587
1471,8,0,16,9,42146460,3639,960,0,11595
1472,12,0,17,8,42189360,3640,960,0,11607
1473,4,0,13,12,42226320,3640,960,0,11611
1474,13,0,16,9,42261840,3640,960,0,11624
1475,8,0,16,9,42292620,3640,960,0,11632
1476,18,0,23,2,42341940,3641,960,0,11650
1477,10,0,21,4,42381900,3641,960,0,11660
1478,10,0,14,11,42446700,3641,960,0,11670
1479,12,0,15,10,42469260,3640,960,0,11682
1480,12,0,12,13,42510540,3638,960,0,11694
1481,10,0,16,9,42522540,3638,960,0,11704
1482,10,0,18,7,42556800,3638,960,0,11714
1483,8,0,13,12,42599700,3638,960,0,11722
1484,8,0,14,11,42626160,3638,960,0,11730
1485,4,0,14,11,42640920,3638,960,0,11734
1486,6,0,13,12,42669180,3638,960,0,11740
1487,4,0,7,18,42713700,3639,960,0,11744
1488,6,0,13,12,42713700,3639,960,0,11750
1489,7,0,17,8,42725220,3639,960,0,11757
1490,4,0,13,12,42758400,3639,960,0,11761
1491,3,0,11,14,42779160,3639,960,0,11764
1492,4,0,8,17,42815700,3640,960,0,11768
1493,5,0,10,15,42824820,3640,960,0,11773
1494,6,0,13,12,42829260,3640,960,0,11779
1495,9,0,16,9,42856920,3640,960,0,11788
1496,11,0,16,9,42885360,3639,960,0,11799
1497,8,0,11,14,42934200,3639,960,0,11807
1498,7,0,14,11,42945600,3639,960,0,11814
1499,16,0,20,5,42963600,3637,960,0,11830
1500,6,0,13,12,43015020,3638,960,0,11836
1501,9,0,16,9,43033740,3637,960,0,11845
1502,11,0,17,8,43065720,3637,960,0,11856
1503,6,0,13,12,43102140,3637,960,0,11862
1504,11,0,12,13,43147980,3637,960,0,11873
1505,13,0,16,9,43171800,3637,960,0,11886
1506,13,0,16,9,43218660,3637,960,0,11899
1507,7,0,13,12,43252080,3636,960,0,11906
1508,3,0,9,16,43274100,3636,960,0,11909
1509,8,0,12,13,43299000,3637,960,0,11917
1510,6,0,12,13,43307220,3635,960,0,11923
1511,6,0,13,12,43327620,3636,960,0,11929
1512,6,0,11,14,43356420,3636,960,0,11935
1513,3,0,12,13,43367940,3636,960,0,11938
1514,5,0,12,13,43387680,3636,960,0,11943
1515,5,0,10,15,43426260,3637,960,0,11948
1516,6,0,11,14,43442040,3637,960,0,11954
1517,8,0,12,13,43458840,3636,960,0,11962
1518,7,0,13,12,43474200,3636,960,0,11969
1519,5,0,14,11,43485660,3635,960,0,11974
1520,7,0,12,13,43529100,3636,960,0,11981
1521,12,0,18,7,43543200,3636,960,0,11993
1522,17,0,19,6,43603140,3636,960,0,12010
1523,13,0,16,9,43650900,3635,960,0,12023
1524,8,0,19,6,43670100,3635,960,0,12031
1525,12,0,16,9,43716360,3634,960,0,12043
1526,11,0,17,8,43765620,3635,960,0,12054
1527,7,0,13,12,43797720,3635,960,0,12061
1528,12,0,20,5,43827360,3636,960,0,12073
1529,11,0,16,9,43874880,3635,960,0,12084
1530,10,0,19,6,43907220,3636,960,0,12094
1531,8,0,17,8,43958940,3637,960,0,12102
1532,8,0,18,7,43982880,3637,960,0,12110
1533,4,0,9,16,44036760,3637,960,0,12114
1534,6,0,8,17,44054880,3637,960,0,12120
1535,9,0,15,10,44059680,3637,960,0,12129
1536,4,0,12,13,44080980,3636,960,0,12133
1537,6,0,13,12,44100420,3636,960,0,12139
1538,5,0,14,11,44118300,3637,960,0,12144
1539,2,0,9,16,44157540,3638,960,0,12146
1540,5,0,12,13,44170080,3638,960,0,12151
1541,3,0,11,14,44187000,3638,960,0,12154
1542,4,0,11,14,44202600,3638,960,0,12158
1543,6,0,9,16,44236080,3639,960,0,12164
1544,11,0,13,12,44245740,3638,960,0,12175
1545,2,0,12,13,44257920,3638,960,0,12177
1546,4,0,9,16,44283240,3638,960,0,12181
1547,8,0,9,16,44304900,3637,960,0,12189
1548,6,0,11,14,44316840,3637,960,0,12195
1549,9,0,16,9,44327640,3636,960,0,12204
1550,14,0,19,6,44363940,3636,960,0,12218
1551,14,0,20,5,44405340,3636,960,0,12232
1552,7,0,14,11,44452080,3636,960,0,12239
1553,11,0,17,8,44483760,3636,960,0,12250
1554,3,0,16,9,44507460,3637,960,0,12253
1555,6,0,10,15,44561040,3637,960,0,12259
1556,9,0,15,10,44575560,3637,960,0,12268
1557,9,0,17,8,44599500,3637,960,0,12277
1558,3,0,12,13,44628480,3637,960,0,12280
1559,5,0,12,13,44667360,3639,960,0,12285
1560,3,0,12,13,44685060,3640,960,0,12288
1561,6,0,13,12,44710380,3640,960,0,12294
1562,7,0,11,14,44743440,3640,960,0,12301
1563,7,0,12,13,44776740,3641,960,0,12308
1564,7,0,14,11,44788320,3641,960,0,12315
1565,6,0,14,11,44811780,3641,960,0,12321
1566,8,0,10,15,44850480,3640,960,0,12329
1567,9,0,14,11,44866740,3640,960,0,12338
1568,5,0,9,16,44893320,3639,960,0,12343
1569,13,0,18,7,44908440,3639,960,0,12356
1570,10,0,18,7,44940240,3639,960,0,12366
1571,11,0,18,7,44979420,3639,960,0,12377
1572,9,0,16,9,45023340,3639,960,0,12386
1573,10,0,19,6,45054600,3640,960,0,12396
1574,7,0,12,13,45115920,3641,960,0,12403
1575,10,0,18,7,45128580,3640,960,0,12413
1576,13,0,21,4,45162540,3640,960,0,12426
1577,5,0,19,6,45194520,3641,960,0,12431
1578,10,0,14,11,45274380,3643,960,0,12441
1579,11,0,18,7,45296880,3642,960,0,12452
1580,7,0,13,12,45335880,3642,960,0,12459
1581,9,0,15,10,45360900,3642,960,0,12468
1582,6,0,13,12,45403680,3643,960,0,12474
1583,4,0,11,14,45428640,3643,960,0,12478
1584,6,0,10,15,45457980,3644,960,0,12484
1585,4,0,8,17,45484020,3644,960,0,12488
1586,10,0,17,8,45484680,3644,960,0,12498
1587,6,0,18,7,45503400,3644,960,0,12504
1588,3,0,12,13,45547800,3645,960,0,12507
1589,7,0,14,11,45585900,3646,960,0,12514
1590,6,0,14,11,45601980,3646,960,0,12520
1591,6,0,11,14,45642180,3646,960,0,12526
1592,8,0,13,12,45661980,3646,960,0,12534
1593,9,0,12,13,45690720,3646,960,0,12543
1594,14,0,15,10,45724980,3645,960,0,12557
1595,5,0,18,7,45733200,3645,960,0,12562
1596,6,0,17,8,45768120,3646,960,0,12568
1597,9,0,13,12,45815040,3646,960,0,12577
1598,12,0,14,11,45849780,3646,960,0,12589
1599,5,0,13,12,45877380,3646,960,0,12594
1600,10,0,16,9,45903480,3646,960,0,12604
1601,9,0,16,9,45934020,3646,960,0,12613
1602,5,0,15,10,45963960,3647,960,0,12618
1603,5,0,13,12,45996600,3647,960,0,12623
1604,11,0,17,8,46020060,3647,960,0,12634
1605,7,0,14,11,46054080,3647,960,0,12641
1606,7,0,12,13,46087080,3647,960,0,12648
1607,6,0,13,12,46109400,3647,960,0,12654
1608,7,0,13,12,46133580,3647,960,0,12661
1609,5,0,12,13,46152960,3647,960,0,12666
1610,4,0,12,13,46168080,3647,960,0,12670
1611,5,0,10,15,46199520,3647,960,0,12675
1612,7,0,12,13,46216920,3647,960,0,12682
1613,3,0,10,15,46232400,3647,960,0,12685
1614,6,0,10,15,46245240,3646,960,0,12691
1615,2,0,7,18,46258620,3646,960,0,12693
1616,8,0,12,13,46262760,3645,960,0,12701
1617,7,0,14,11,46279320,3645,960,0,12708
1618,14,0,19,6,46304460,3645,960,0,12722
1619,9,0,19,6,46348080,3646,960,0,12731
1620,15,0,25,0,46388040,3646,1020,0,12746
1621,15,0,21,4,46455360,3646,3960,0,12761
1622,9,0,17,8,46519380,3647,3960,0,12770
1623,12,0,14,11,46577940,3648,3960,0,12782
1624,9,0,15,10,46606200,3647,3960,0,12791
1625,8,0,16,9,46638240,3648,3960,0,12799
1626,7,0,13,12,46667100,3647,3960,0,12806
1627,6,0,11,14,46693020,3647,3960,0,12812
1628,6,0,11,14,46709280,3647,3960,0,12818
1629,7,0,12,13,46730160,3647,3960,0,12825
1630,4,0,12,13,46747920,3647,3960,0,12829
1631,8,0,13,12,46772460,3647,3960,0,12837
1632,7,0,14,11,46794240,3647,3960,0,12844
1633,8,0,13,12,46835460,3647,3960,0,12852
1634,3,0,11,14,46861020,3648,3960,0,12855
1635,5,0,13,12,46873020,3648,3960,0,12860
1636,5,0,10,15,46911240,3649,3960,0,12865
1637,12,0,12,13,46935120,3648,3960,0,12877
1638,4,0,12,13,46946280,3648,3960,0,12881
1639,5,0,12,13,46977420,3649,3960,0,12886
1640,14,0,15,10,47002860,3647,3960,0,12900
1641,9,0,14,11,47029560,3647,3960,0,12909
1642,11,0,19,6,47049960,3647,3960,0,12920
1643,9,0,18,7,47095200,3647,3960,0,12929
1644,7,0,18,7,47126220,3648,3960,0,12936
1645,9,0,15,10,47189400,3649,3960,0,12945
1646,6,0,15,10,47207580,3649,3960,0,12951
1647,10,0,12,13,47243580,3648,3960,0,12961
1648,8,0,14,11,47260680,3648,3960,0,12969
1649,11,0,15,10,47297520,3648,3960,0,12980
1650,10,0,18,7,47318340,3647,3960,0,12990
1651,8,0,16,9,47351040,3647,3960,0,12998
1652,5,0,11,14,47391840,3647,3960,0,13003
1653,4,0,11,14,47415780,3648,3960,0,13007
1654,5,0,11,14,47431140,3648,3960,0,13012
1655,6,0,12,13,47446740,3648,3960,0,13018
1656,7,0,15,10,47460360,3647,3960,0,13025
1657,2,0,11,14,47486700,3648,3960,0,13027
1658,8,0,13,12,47516940,3648,3960,0,13035
1659,5,0,15,10,47526360,3648,3960,0,13040
1660,6,0,13,12,47552280,3648,3960,0,13046
1661,3,0,9,16,47589300,3649,3960,0,13049
1662,9,0,11,14,47605800,3648,3960,0,13058
1663,7,0,13,12,47612280,3647,3960,0,13065
1664,9,0,18,7,47623740,3647,3960,0,13074
1665,8,0,17,8,47664420,3648,3960,0,13082
1666,8,0,14,11,47695200,3647,3960,0,13090
1667,5,0,13,12,47726220,3648,3960,0,13095
1668,11,0,22,3,47735400,3648,3960,0,13106
1669,3,0,16,9,47775420,3648,3960,0,13109
1670,9,0,18,7,47809560,3649,3960,0,13118
1671,11,0,12,13,47863860,3648,3960,0,13129
1672,6,0,11,14,47888940,3648,3960,0,13135
1673,7,0,11,14,47910660,3648,3960,0,13142
1674,8,0,14,11,47926860,3648,3960,0,13150
1675,5,0,12,13,47953800,3648,3960,0,13155
1676,12,0,15,10,47981100,3648,3960,0,13167
1677,9,0,17,8,47997900,3647,3960,0,13176
1678,5,0,12,13,48047160,3648,3960,0,13181
1679,6,0,14,11,48073260,3649,3960,0,13187
1680,4,0,8,17,48103020,3648,3960,0,13191
1681,8,0,13,12,48106980,3648,3960,0,13199
1682,4,0,10,15,48135720,3648,3960,0,13203
1683,6,0,11,14,48151800,3648,3960,0,13209
1684,8,0,15,10,48161040,3648,3960,0,13217
1685,7,0,13,12,48196920,3648,3960,0,13224
1686,9,0,16,9,48231000,3649,3960,0,13233
1687,11,0,17,8,48260880,3648,3960,0,13244
1688,4,0,12,13,48301380,3649,3960,0,13248
1689,8,0,16,9,48326040,3650,3960,0,13256
1690,9,0,17,8,48345060,3649,3960,0,13265
1691,13,0,21,4,48384060,3649,3960,0,13278
1692,15,0,24,1,48428460,3649,3960,0,13293
1693,9,0,17,8,48496560,3650,3960,0,13302
1694,11,0,20,5,48540960,3651,3960,0,13313
1695,7,0,12,13,48599220,3651,3960,0,13320
1696,8,0,12,13,48629460,3651,3960,0,13328
1697,13,0,20,5,48637620,3651,3960,0,13341
1698,6,0,13,12,48690480,3651,3960,0,13347
1699,8,0,12,13,48720900,3651,3960,0,13355
1700,8,0,11,14,48749940,3651,3960,0,13363
1701,8,0,13,12,48761760,3650,3960,0,13371
1702,8,0,15,10,48783300,3650,3960,0,13379
1703,4,0,10,15,48823980,3650,3960,0,13383
1704,6,0,10,15,48843120,3650,3960,0,13389
1705,2,0,9,16,48851340,3650,3960,0,13391
1706,7,0,13,12,48864300,3650,3960,0,13398
1707,5,0,10,15,48886440,3650,3960,0,13403
1708,1,0,8,17,48905220,3650,3960,0,13404
1709,5,0,8,17,48916560,3650,3960,0,13409
1710,6,0,10,15,48921480,3649,3960,0,13415
1711,6,0,11,14,48930060,3648,3960,0,13421
1712,7,0,14,11,48942720,3648,3960,0,13428
1713,12,0,17,8,48962820,3647,3960,0,13440
1714,10,0,17,8,48989280,3646,3960,0,13450
1715,15,0,16,9,49045920,3646,3960,0,13465
1716,8,0,15,10,49076700,3646,3960,0,13473
1717,15,0,17,8,49118460,3646,3960,0,13488
1718,14,0,20,5,49153620,3645,3960,0,13502
1719,12,0,19,6,49201860,3645,3960,0,13514
1720,11,0,18,7,49245780,3645,3960,0,13525
1721,7,0,16,9,49283220,3646,3960,0,13532
1722,11,0,17,8,49337460,3647,3960,0,13543
1723,8,0,14,11,49384080,3648,3960,0,13551
1724,9,0,15,10,49412100,3647,3960,0,13560
1725,6,0,11,14,49451580,3648,3960,0,13566
1726,1,0,8,17,49464480,3648,3960,0,13567
1727,2,0,8,17,49476000,3648,3960,0,13569
1728,10,0,12,13,49484940,3647,3960,0,13579
1729,5,0,11,14,49508700,3647,3960,0,13584
1730,4,0,9,16,49530240,3647,3960,0,13588
1731,9,0,13,12,49547040,3647,3960,0,13597
1732,4,0,13,12,49555140,3646,3960,0,13601
1733,6,0,9,16,49597680,3647,3960,0,13607
1734,4,0,9,16,49608540,3647,3960,0,13611
1735,11,0,12,13,49621560,3645,3960,0,13622
1736,11,0,14,11,49639440,3644,3960,0,13633
1737,1,0,10,15,49652760,3644,3960,0,13634
1738,9,0,15,10,49673340,3644,3960,0,13643
1739,8,0,14,11,49705620,3644,3960,0,13651
1740,3,0,11,14,49731300,3645,3960,0,13654
1741,7,0,13,12,49751280,3645,3960,0,13661
1742,9,0,13,12,49795740,3646,3960,0,13670
1743,7,0,15,10,49810200,3645,3960,0,13677
1744,4,0,12,13,49833540,3645,3960,0,13681
1745,4,0,8,17,49863960,3645,3960,0,13685
1746,6,0,11,14,49871340,3645,3960,0,13691
1747,15,0,20,5,49888860,3645,3960,0,13706
1748,5,0,18,7,49906860,3644,3960,0,13711
1749,4,0,11,14,49964820,3646,3960,0,13715
1750,6,0,10,15,49996860,3646,3960,0,13721
1751,5,0,10,15,50007600,3645,3960,0,13726
1752,6,0,10,15,50027580,3645,3960,0,13732
1753,10,0,15,10,50039640,3645,3960,0,13742
1754,3,0,11,14,50071980,3645,3960,0,13745
1755,5,0,11,14,50096280,3646,3960,0,13750
1756,4,0,9,16,50126580,3646,3960,0,13754
1757,3,0,10,15,50132340,3646,3960,0,13757
1758,7,0,15,10,50135640,3646,3960,0,13764
1759,9,0,16,9,50167620,3646,3960,0,13773
1760,10,0,20,5,50194800,3647,3960,0,13783
1761,8,0,17,8,50233500,3646,3960,0,13791
1762,4,0,14,11,50271180,3647,3960,0,13795
1763,12,0,21,4,50286960,3647,3960,0,13807
1764,13,0,16,9,50357460,3648,3960,0,13820
1765,9,0,15,10,50381520,3647,3960,0,13829
1766,9,0,16,9,50431860,3648,3960,0,13838
1767,10,0,17,8,50457060,3648,3960,0,13848
1768,12,0,20,5,50491740,3648,3960,0,13860
1769,9,0,18,7,50548980,3649,3960,0,13869
1770,9,0,12,13,50601000,3649,3960,0,13878
1771,7,0,13,12,50631540,3649,3960,0,13885
1772,8,0,15,10,50654580,3649,3960,0,13893
1773,10,0,12,13,50688360,3649,3960,0,13903
1774,5,0,12,13,50709600,3649,3960,0,13908
1775,5,0,13,12,50726400,3649,3960,0,13913
1776,7,0,10,15,50760480,3649,3960,0,13920
1777,6,0,12,13,50773020,3649,3960,0,13926
1778,6,0,12,13,50779680,3647,3960,0,13932
1779,3,0,10,15,50806980,3648,3960,0,13935
1780,6,0,10,15,50822760,3648,3960,0,13941
1781,4,0,12,13,50830560,3648,3960,0,13945
1782,9,0,13,12,50859120,3648,3960,0,13954
1783,10,0,12,13,50884200,3647,3960,0,13964
1784,8,0,14,11,50898120,3646,3960,0,13972
1785,10,0,16,9,50926020,3646,3960,0,13982
1786,13,0,22,3,50952480,3646,3960,0,13995
1787,7,0,15,10,51016320,3647,3960,0,14002
1788,10,0,15,10,51058500,3647,3960,0,14012
1789,10,0,16,9,51096120,3648,3960,0,14022
1790,10,0,17,8,51126540,3647,3960,0,14032
1791,7,0,14,11,51163140,3647,3960,0,14039
1792,10,0,18,7,51196920,3648,3960,0,14049
1793,4,0,15,10,51223020,3648,3960,0,14053
1794,7,0,15,10,51263040,3649,3960,0,14060
1795,6,0,12,13,51299040,3650,3960,0,14066
1796,3,0,10,15,51317340,3650,3960,0,14069
1797,1,0,8,17,51334380,3650,3960,0,14070
1798,4,0,9,16,51344280,3650,3960,0,14074
1799,4,0,12,13,51346740,3650,3960,0,14078
1800,4,0,9,16,51364800,3649,3960,0,14082
1801,10,0,13,12,51395340,3650,3960,0,14092
1802,9,0,13,12,51417240,3649,3960,0,14101
1803,9,0,14,11,51447480,3649,3960,0,14110
1804,5,0,16,9,51458220,3649,3960,0,14115
1805,5,0,15,10,51494580,3650,3960,0,14120
1806,4,0,10,15,51543060,3651,3960,0,14124
1807,7,0,15,10,51547200,3651,3960,0,14131
1808,6,0,12,13,51583080,3651,3960,0,14137
1809,18,0,19,6,51606600,3650,3960,0,14155
1810,12,0,17,8,51653160,3650,3960,0,14167
1811,7,0,16,9,51680280,3650,3960,0,14174
1812,7,0,13,12,51728640,3651,3960,0,14181
1813,7,0,16,9,51747180,3651,3960,0,14188
1814,12,0,16,9,51796800,3651,3960,0,14200
1815,9,0,14,11,51827100,3651,3960,0,14209
1816,9,0,15,10,51857820,3651,3960,0,14218
1817,9,0,19,6,51878940,3651,3960,0,14227
1818,9,0,15,10,51915720,3650,3960,0,14236
1819,9,0,18,7,51941640,3650,3960,0,14245
1820,5,0,14,11,51970440,3650,3960,0,14250
1821,10,0,13,12,52015680,3650,3960,0,14260
1822,4,0,10,15,52050900,3651,3960,0,14264
1823,3,0,11,14,52057800,3651,3960,0,14267
1824,7,0,12,13,52088940,3652,3960,0,14274
1825,7,0,10,15,52114020,3651,3960,0,14281
1826,1,0,7,18,52123260,3651,3960,0,14282
1827,6,0,11,14,52134120,3651,3960,0,14288
1828,5,0,12,13,52149600,3651,3960,0,14293
1829,5,0,15,10,52153740,3651,3960,0,14298
1830,4,0,13,12,52196940,3652,3960,0,14302
1831,11,0,15,10,52229880,3652,3960,0,14313
1832,10,0,14,11,52254300,3651,3960,0,14323
1833,7,0,15,10,52273440,3651,3960,0,14330
1834,10,0,20,5,52301340,3652,3960,0,14340
1835,7,0,13,12,52366620,3653,3960,0,14347
1836,14,0,18,7,52397520,3653,3960,0,14361
1837,10,0,16,9,52438080,3652,3960,0,14371
1838,9,0,18,7,52463880,3652,3960,0,14380
1839,15,0,18,7,52522440,3653,3960,0,14395
1840,7,0,17,8,52551360,3653,3960,0,14402
1841,10,0,17,8,52596420,3653,3960,0,14412
1842,10,0,16,9,52645860,3654,3960,0,14422
1843,2,0,11,14,52676460,3654,3960,0,14424
1844,8,0,12,13,52710480,3655,3960,0,14432
1845,9,0,13,12,52723560,3654,3960,0,14441
1846,9,0,16,9,52745640,3654,3960,0,14450
1847,6,0,15,10,52783440,3655,3960,0,14456
1848,6,0,12,13,52826880,3655,3960,0,14462
1849,3,0,10,15,52845480,3655,3960,0,14465
1850,3,0,8,17,52864320,3655,3960,0,14468
1851,3,0,8,17,52867200,3655,3960,0,14471
1852,7,0,11,14,52879440,3655,3960,0,14478
1853,5,0,12,13,52893780,3655,3960,0,14483
1854,6,0,13,12,52910640,3655,3960,0,14489
1855,5,0,11,14,52935300,3654,3960,0,14494
1856,11,0,15,10,52970940,3655,3960,0,14505
1857,12,0,19,6,52990440,3655,3960,0,14517
1858,4,0,11,14,53048400,3655,3960,0,14521
1859,16,0,19,6,53061600,3654,3960,0,14537
1860,12,0,18,7,53103060,3654,3960,0,14549
1861,15,0,18,7,53169360,3655,3960,0,14564
1862,10,0,18,7,53206140,3655,3960,0,14574
1863,7,0,14,11,53253120,3655,3960,0,14581
1864,5,0,12,13,53286000,3656,3960,0,14586
1865,8,0,12,13,53303400,3655,3960,0,14594
1866,8,0,18,7,53311140,3655,3960,0,14602
1867,8,0,18,7,53347200,3655,3960,0,14610
1868,6,0,14,11,53400420,3657,3960,0,14616
1869,5,0,10,15,53440020,3657,3960,0,14621
1870,9,0,13,12,53455740,3657,3960,0,14630
1871,6,0,12,13,53477220,3656,3960,0,14636
1872,4,0,9,16,53501100,3656,3960,0,14640
1873,6,0,10,15,53509980,3656,3960,0,14646
1874,6,0,12,13,53519760,3655,3960,0,14652
1875,4,0,9,16,53548680,3655,3960,0,14656
1876,6,0,9,16,53566560,3655,3960,0,14662
1877,11,0,16,9,53573820,3655,3960,0,14673
1878,12,0,18,7,53605980,3654,3960,0,14685
1879,9,0,18,7,53636280,3654,3960,0,14694
1880,9,0,17,8,53678400,3655,3960,0,14703
1881,6,0,14,11,53715240,3655,3960,0,14709
1882,8,0,13,12,53752260,3655,3960,0,14717
1883,4,0,11,14,53774400,3655,3960,0,14721
1884,7,0,11,14,53796900,3655,3960,0,14728
1885,12,0,13,12,53823000,3654,3960,0,14740
1886,10,0,17,8,53840040,3654,3960,0,14750
1887,8,0,14,11,53874480,3653,3960,0,14758
1888,8,0,15,10,53909340,3654,3960,0,14766
1889,7,0,14,11,53937600,3654,3960,0,14773
1890,3,0,11,14,53975940,3655,3960,0,14776
1891,3,0,12,13,53986500,3655,3960,0,14779
1892,11,0,16,9,54019320,3656,3960,0,14790
1893,3,0,14,11,54038880,3656,3960,0,14793
1894,1,0,10,15,54067380,3657,3960,0,14794
1895,9,0,13,12,54097920,3657,3960,0,14803
1896,6,0,10,15,54119160,3656,3960,0,14809
1897,7,0,12,13,54137340,3656,3960,0,14816
1898,4,0,11,14,54156240,3656,3960,0,14820
1899,6,0,13,12,54173220,3657,3960,0,14826
1900,6,0,13,12,54199800,3657,3960,0,14832
1901,5,0,12,13,54219180,3657,3960,0,14837
1902,7,0,12,13,54246540,3657,3960,0,14844
1903,11,0,17,8,54262740,3657,3960,0,14855
1904,4,0,11,14,54306420,3657,3960,0,14859
1905,8,0,15,10,54327300,3657,3960,0,14867
1906,8,0,18,7,54342840,3657,3960,0,14875
1907,11,0,15,10,54388980,3657,3960,0,14886
1908,10,0,17,8,54413880,3657,3960,0,14896
1909,10,0,19,6,54440700,3656,3960,0,14906
1910,10,0,19,6,54487860,3657,3960,0,14916
1911,6,0,14,11,54552960,3659,3960,0,14922
1912,9,0,17,8,54581460,3659,3960,0,14931
1913,10,0,18,7,54620580,3660,3960,0,14941
1914,9,0,17,8,54660720,3660,3960,0,14950
1915,10,0,17,8,54695460,3660,3960,0,14960
1916,10,0,14,11,54746760,3660,3960,0,14970
1917,3,0,11,14,54775380,3660,3960,0,14973
1918,3,0,8,17,54809100,3661,3960,0,14976
1919,3,0,9,16,54815580,3661,3960,0,14979
1920,6,0,9,16,54834780,3661,3960,0,14985
1921,5,0,10,15,54850020,3661,3960,0,14990
1922,5,0,11,14,54862620,3661,3960,0,14995
1923,5,0,11,14,54886260,3661,3960,0,15000
1924,7,0,13,12,54903300,3661,3960,0,15007
1925,5,0,12,13,54925020,3661,3960,0,15012
1926,7,0,11,14,54951840,3661,3960,0,15019
1927,8,0,13,12,54973140,3661,3960,0,15027
1928,12,0,19,6,54999720,3661,3960,0,15039
1929,15,0,25,0,55028460,3661,4020,0,15054
1930,13,0,18,7,55123200,3662,4500,0,15067
1931,14,0,21,4,55163040,3662,4500,0,15081
1932,11,0,18,7,55209900,3662,4500,0,15092
1933,9,0,18,7,55253160,3663,4500,0,15101
1934,7,0,12,13,55306560,3663,4500,0,15108
1935,11,0,18,7,55321080,3663,4500,0,15119
1936,12,0,15,10,55367100,3662,4500,0,15131
1937,11,0,17,8,55391460,3662,4500,0,15142
1938,7,0,13,12,55423500,3661,4500,0,15149
1939,7,0,12,13,55443540,3661,4500,0,15156
1940,8,0,12,13,55469460,3660,4500,0,15164
1941,6,0,10,15,55492260,3660,4500,0,15170
1942,7,0,12,13,55516260,3660,4500,0,15177
1943,6,0,12,13,55530360,3660,4500,0,15183
1944,7,0,14,11,55547640,3660,4500,0,15190
1945,9,0,16,9,55581420,3660,4500,0,15199
1946,5,0,14,11,55613880,3661,4500,0,15204
1947,9,0,12,13,55645440,3660,4500,0,15213
1948,11,0,14,11,55672200,3660,4500,0,15224
1949,7,0,15,10,55691280,3660,4500,0,15231
1950,7,0,10,15,55732620,3659,4500,0,15238
1951,5,0,11,14,55745280,3659,4500,0,15243
1952,14,0,20,5,55758240,3659,4500,0,15257
1953,13,0,19,6,55793940,3658,4500,0,15270
1954,7,0,10,15,55854540,3658,4500,0,15277
1955,13,0,13,12,55879140,3657,4500,0,15290
1956,11,0,18,7,55904220,3657,4500,0,15301
1957,12,0,16,9,55948200,3657,4500,0,15313
1958,11,0,17,8,55984740,3657,4500,0,15324
1959,14,0,18,7,56038620,3657,4500,0,15338
1960,11,0,19,6,56077620,3658,4500,0,15349
1961,10,0,20,5,56111220,3658,4500,0,15359
1962,7,0,15,10,56159520,3658,4500,0,15366
1963,8,0,13,12,56205300,3658,4500,0,15374
1964,4,0,11,14,56225700,3658,4500,0,15378
1965,7,0,13,12,56241900,3658,4500,0,15385
1966,7,0,12,13,56263980,3658,4500,0,15392
1967,3,0,11,14,56278140,3658,4500,0,15395
1968,8,0,14,11,56303460,3658,4500,0,15403
1969,8,0,15,10,56329380,3658,4500,0,15411
1970,7,0,12,13,56359560,3658,4500,0,15418
1971,6,0,14,11,56379840,3658,4500,0,15424
1972,4,0,10,15,56412060,3658,4500,0,15428
1973,8,0,14,11,56432100,3659,4500,0,15436
1974,6,0,13,12,56455680,3659,4500,0,15442
1975,9,0,14,11,56486940,3659,4500,0,15451
1976,7,0,16,9,56504400,3659,4500,0,15458
1977,7,0,16,9,56535840,3659,4500,0,15465
1978,12,0,17,8,56568360,3659,4500,0,15477
1979,12,0,16,9,56622540,3659,4500,0,15489
1980,9,0,14,11,56665140,3659,4500,0,15498
1981,7,0,16,9,56680260,3659,4500,0,15505
1982,11,0,18,7,56715300,3659,4500,0,15516
1983,9,0,14,11,56762460,3659,4500,0,15525
1984,6,0,12,13,56787240,3659,4500,0,15531
1985,8,0,14,11,56816160,3659,4500,0,15539
1986,7,0,13,12,56838000,3659,4500,0,15546
1987,9,0,17,8,56853240,3658,4500,0,15555
1988,6,0,14,11,56897280,3659,4500,0,15561
1989,3,0,12,13,56927880,3660,4500,0,15564
1990,8,0,13,12,56951580,3660,4500,0,15572
1991,4,0,10,15,56985360,3660,4500,0,15576
1992,2,0,8,17,57004620,3661,4500,0,15578
1993,5,0,11,14,57017880,3661,4500,0,15583
1994,6,0,10,15,57033060,3660,4500,0,15589
1995,3,0,10,15,57039660,3660,4500,0,15592
1996,6,0,10,15,57064320,3660,4500,0,15598
1997,9,0,12,13,57074400,3659,4500,0,15607
1998,8,0,16,9,57083580,3659,4500,0,15615
1999,8,0,13,12,57126420,3659,4500,0,15623
2000,12,0,20,5,57146580,3659,4500,0,15635
2001,12,0,18,7,57188820,3659,4500,0,15647
2002,14,0,25,0,57214680,3659,4500,0,15661
2003,14,0,24,1,57289200,3660,7440,0,15675
2004,9,0,18,7,57355500,3661,7560,0,15684
2005,13,0,21,4,57410400,3662,7560,0,15697
2006,10,0,16,9,57462660,3662,7560,0,15707
2007,10,0,17,8,57496200,3662,7560,0,15717
2008,11,0,20,5,57521640,3661,7560,0,15728
2009,10,0,14,11,57583320,3662,7560,0,15738
2010,8,0,16,9,57603240,3661,7560,0,15746
2011,10,0,12,13,57661680,3662,7560,0,15756
2012,6,0,12,13,57681720,3662,7560,0,15762
2013,5,0,11,14,57699780,3662,7560,0,15767
2014,3,0,10,15,57719940,3662,7560,0,15770
2015,4,0,10,15,57742140,3662,7560,0,15774
2016,5,0,13,12,57744000,3662,7560,0,15779
2017,4,0,16,9,57744300,3662,7560,0,15783
2018,2,0,16,9,57752820,3662,7560,0,15785
2019,4,0,17,8,57766440,3662,7560,0,15789
2020,3,0,14,11,57794340,3662,7560,0,15792
2021,1,0,12,13,57801840,3662,7560,0,15793
2022,1,0,13,12,57801840,3662,7560,0,15794
2023,6,0,18,7,57802620,3662,7560,0,15800
2024,12,0,23,2,57814320,3661,7560,0,15812
2025,6,0,23,2,57836040,3661,7560,0,15818
2026,15,0,24,1,57883920,3661,7560,0,15833
2027,11,0,18,7,57929280,3660,7860,0,15844
2028,13,1,25,0,57956340,3660,7860,0,15857
2029,9,2,25,0,57984060,3660,8880,0,15866
2030,16,7,25,0,58033020,3661,9960,0,15882
2031,10,11,25,0,58054260,3661,15660,0,15892
2032,8,6,25,0,58135260,3663,47700,3,15900
2033,8,0,22,3,58175340,3662,77040,4,15908
2034,8,0,19,6,58221060,3662,77040,4,15916
2035,6,0,18,7,58250100,3662,77040,4,15922
2036,6,0,19,6,58260840,3662,77040,4,15928
2037,6,0,20,5,58291140,3662,77040,4,15934
2038,5,0,15,10,58324680,3662,77040,4,15939
2039,4,0,15,10,58335780,3662,77040,4,15943
2040,6,0,16,9,58353360,3662,77040,4,15949
2041,3,0,16,9,58365960,3662,77040,4,15952
2042,5,0,15,10,58392900,3662,77040,4,15957
2043,11,0,20,5,58405980,3662,77040,4,15968
2044,8,0,22,3,58425480,3662,77040,4,15976
2045,10,0,21,4,58462740,3661,77520,4,15986
2046,4,0,17,8,58491120,3661,77520,4,15990
2047,6,0,16,9,58512540,3661,77520,4,15996
2048,10,0,23,2,58520280,3661,77520,4,16006
2049,11,0,25,0,58553040,3661,77520,4,16017
2050,7,0,18,7,58600920,3661,77640,4,16024
2051,10,0,22,3,58618860,3660,77640,4,16034
2052,8,0,23,2,58651920,3661,77640,4,16042
2053,14,1,25,0,58686780,3661,79980,4,16056
2054,7,0,22,3,58725120,3660,80580,5,16063
2055,11,0,24,1,58771440,3661,80880,5,16074
2056,9,0,23,2,58812000,3662,80880,5,16083
2057,9,0,24,1,58843920,3662,84660,5,16092
2058,5,0,20,5,58889040,3662,84660,5,16097
2059,9,0,23,2,58912080,3663,84660,5,16106
2060,8,0,19,6,58960680,3663,84780,5,16114
2061,10,0,20,5,58983660,3662,84780,5,16124
2062,2,0,16,9,59016540,3663,84780,5,16126
2063,5,0,17,8,59036640,3663,84780,5,16131
2064,7,0,21,4,59050080,3663,84780,5,16138
2065,4,0,17,8,59073060,3663,84780,5,16142
2066,7,0,18,7,59098740,3663,84780,5,16149
2067,4,0,19,6,59118240,3664,84780,5,16153
2068,8,0,19,6,59141880,3663,84780,5,16161
2069,3,0,16,9,59165640,3663,84780,5,16164
2070,4,0,15,10,59186760,3664,84780,5,16168
2071,8,0,18,7,59194740,3663,84780,5,16176
2072,12,0,23,2,59210160,3662,84780,5,16188
2073,9,0,24,1,59247540,3663,84780,5,16197
2074,11,1,25,0,59275380,3663,89460,5,16208
2075,12,0,25,0,59334180,3663,94380,5,16220
2076,9,0,24,1,59377320,3664,94380,5,16229
2077,9,0,25,0,59416200,3664,94380,5,16238
2078,8,0,21,4,59457840,3664,94500,5,16246
2079,12,0,22,3,59489520,3664,94500,5,16258
2080,9,0,22,3,59519460,3663,94500,5,16267
2081,13,1,25,0,59560020,3664,96240,5,16280
2082,10,2,25,0,59593680,3664,102840,6,16290
2083,6,0,19,6,59660160,3665,106980,6,16296
2084,3,0,16,9,59687700,3665,106980,6,16299
2085,3,0,14,11,59705160,3665,106980,6,16302
2086,3,0,15,10,59715540,3665,106980,6,16305
2087,5,0,18,7,59727780,3666,106980,6,16310
2088,10,0,22,3,59747460,3665,106980,6,16320
2089,6,0,21,4,59776740,3666,106980,6,16326
2090,8,0,22,3,59802660,3666,106980,6,16334
2091,5,0,18,7,59831400,3665,106980,6,16339
2092,9,0,20,5,59869680,3666,106980,6,16348
2093,9,0,24,1,59882580,3666,106980,6,16357
2094,13,5,25,0,59916360,3666,115200,7,16370
2095,9,4,25,0,59965920,3667,129300,7,16379
2096,4,0,17,8,60029400,3667,144240,8,16383
2097,9,0,21,4,60052980,3668,144240,8,16392
2098,9,0,25,0,60068880,3668,144240,8,16401
2099,11,0,23,2,60122460,3668,147780,9,16412
2100,4,0,21,4,60149640,3668,147780,9,16416
2101,9,0,22,3,60186180,3669,147780,8,16425
2102,10,0,25,0,60214080,3669,150300,9,16435
2103,12,0,23,2,60275220,3669,151920,9,16447
2104,5,0,21,4,60300600,3669,151920,9,16452
2105,7,0,19,6,60338280,3670,151920,9,16459
2106,4,0,17,8,60366420,3670,151920,9,16463
2107,14,0,21,4,60396600,3670,151920,9,16477
2108,7,0,20,5,60418620,3669,151920,9,16484
2109,7,0,19,6,60456180,3670,151920,9,16491
2110,2,0,16,9,60475740,3670,151920,9,16493
2111,6,0,18,7,60499080,3670,151920,9,16499
2112,6,0,18,7,60515040,3670,151920,9,16505
2113,6,0,19,6,60541560,3670,151920,9,16511
2114,3,0,17,8,60561720,3671,151920,9,16514
2115,2,0,15,10,60582060,3671,151920,9,16516
2116,6,0,18,7,60599520,3671,151920,9,16522
2117,10,0,19,6,60622320,3671,151920,9,16532
2118,4,0,17,8,60642300,3671,151920,9,16536
2119,7,0,17,8,60667560,3671,151920,9,16543
2120,8,0,19,6,60682860,3670,151920,9,16551
2121,12,1,25,0,60697440,3670,151920,9,16563
2122,8,1,25,0,60726360,3670,154740,9,16571
2123,8,0,23,2,60788460,3671,156420,9,16579
2124,7,0,23,2,60811080,3671,156420,9,16586
2125,4,0,19,6,60851340,3672,156420,9,16590
2126,8,0,17,8,60900900,3672,156420,9,16598
2127,12,0,22,3,60917340,3672,156420,9,16610
2128,15,1,25,0,60951660,3672,156420,9,16625
2129,12,0,22,3,61004880,3671,157680,9,16637
2130,12,0,25,0,61028880,3671,157680,9,16649
2131,11,5,25,0,61057620,3671,162120,9,16660
2132,5,3,25,0,61096020,3672,176100,10,16665
2133,5,0,19,6,61153680,3672,190860,11,16670
2134,8,0,19,6,61194060,3673,190860,11,16678
2135,7,0,17,8,61227780,3673,190860,11,16685
2136,7,0,19,6,61249620,3673,190860,11,16692
2137,3,0,15,10,61275240,3673,190860,11,16695
2138,8,0,21,4,61281060,3673,190860,11,16703
2139,3,0,15,10,61308600,3673,190860,11,16706
2140,5,0,15,10,61328520,3673,190860,11,16711
2141,8,0,16,9,61340040,3672,190860,11,16719
2142,7,0,19,6,61352280,3672,190860,11,16726
2143,6,0,20,5,61372500,3672,190860,11,16732
2144,8,0,20,5,61404420,3672,190860,11,16740
2145,13,0,20,5,61433160,3671,190860,11,16753
2146,9,0,20,5,61459260,3670,190860,11,16762
2147,11,0,20,5,61499760,3670,190860,11,16773
2148,16,3,25,0,61519920,3670,191580,11,16789
2149,11,0,24,1,61572960,3670,206580,12,16800
2150,9,0,20,5,61604940,3669,206580,12,16809
2151,12,0,22,3,61633620,3668,206580,12,16821
2152,14,0,24,1,61667160,3668,206580,12,16835
2153,12,0,24,1,61697160,3667,207300,12,16847
2154,7,0,23,2,61729200,3667,207300,12,16854
2155,7,0,17,8,61794060,3668,207300,12,16861
2156,13,0,23,2,61807140,3667,207300,12,16874
2157,5,0,16,9,61849920,3667,207300,12,16879
2158,7,0,18,7,61863660,3667,207300,12,16886
2159,2,0,16,9,61878540,3667,207300,12,16888
2160,3,0,15,10,61897860,3667,207300,12,16891
2161,4,0,18,7,61899480,3667,207300,12,16895
2162,7,0,19,6,61913820,3667,207300,12,16902
2163,5,0,18,7,61939980,3667,207300,12,16907
2164,6,0,17,8,61961640,3667,207300,12,16913
2165,9,0,18,7,61994520,3667,207300,12,16922
2166,9,0,23,2,62000760,3666,207300,12,16931
2167,13,1,25,0,62049660,3667,207300,12,16944
2168,10,0,21,4,62081340,3666,207420,12,16954
2169,5,0,18,7,62114640,3666,207420,12,16959
2170,6,0,21,4,62128560,3666,207420,12,16965
2171,9,0,19,6,62179440,3667,207480,12,16974
2172,11,0,20,5,62220960,3667,207480,12,16985
2173,9,0,22,3,62244660,3667,207480,12,16994
2174,15,0,22,3,62285640,3666,207480,12,17009
2175,10,0,22,3,62309640,3665,207480,12,17019
2176,9,0,23,2,62339580,3665,207480,12,17028
2177,8,1,25,0,62363580,3666,209100,12,17036
2178,12,3,25,0,62409120,3666,209820,12,17048
2179,10,1,25,0,62464560,3667,216060,12,17058
2180,10,4,25,0,62505000,3668,223920,13,17068
2181,8,3,25,0,62559120,3669,246000,14,17076
2182,4,0,17,8,62616480,3669,255180,14,17080
2183,6,0,17,8,62641860,3669,255180,14,17086
2184,9,0,21,4,62655240,3669,255180,14,17095
2185,1,0,14,11,62684940,3669,255180,14,17096
2186,6,0,17,8,62697180,3669,255180,14,17102
2187,10,0,20,5,62713800,3669,255180,14,17112
2188,7,0,23,2,62733840,3669,255180,14,17119
2189,6,0,22,3,62775240,3670,256380,14,17125
2190,8,0,18,7,62818200,3670,256380,14,17133
2191,6,0,22,3,62826780,3670,256380,14,17139
2192,7,0,20,5,62860860,3670,256380,14,17146
2193,8,0,22,3,62895120,3671,256380,14,17154
2194,11,0,21,4,62946780,3671,257160,14,17165
2195,11,0,24,1,62967240,3671,257160,14,17176
2196,8,0,20,5,63008100,3670,257160,14,17184
2197,16,0,25,0,63046800,3670,261060,15,17200
2198,8,0,21,4,63080280,3670,261720,15,17208
2199,12,0,24,1,63117120,3670,261720,15,17220
2200,8,0,17,8,63157320,3669,261900,15,17228
2201,14,0,24,1,63181800,3669,261900,15,17242
2202,9,0,19,6,63225720,3669,261900,15,17251
2203,11,0,19,6,63259200,3668,261900,15,17262
2204,5,0,16,9,63287940,3668,261900,15,17267
2205,5,0,17,8,63295560,3668,261900,15,17272
2206,5,0,13,12,63323340,3667,261900,15,17277
2207,5,0,14,11,63330480,3667,261900,15,17282
2208,6,0,17,8,63336420,3667,261900,15,17288
2209,5,0,19,6,63346200,3667,261900,15,17293
2210,8,0,21,4,63371460,3667,261900,15,17301
2211,6,0,20,5,63395460,3667,261900,15,17307
2212,4,0,18,7,63426900,3667,261900,15,17311
2213,7,0,17,8,63449700,3667,261900,15,17318
2214,9,0,18,7,63480180,3667,261900,15,17327
2215,7,0,17,8,63500460,3666,261900,15,17334
2216,7,0,18,7,63516060,3666,261900,15,17341
2217,7,0,20,5,63527880,3666,261900,15,17348
2218,8,0,19,6,63558180,3666,261900,15,17356
2219,8,0,18,7,63584640,3665,261900,15,17364
2220,12,1,25,0,63602580,3665,261900,15,17376
2221,14,5,25,0,63643980,3666,267840,15,17390
2222,9,1,25,0,63687780,3665,288000,16,17399
2223,6,0,22,3,63732840,3666,288060,16,17405
2224,8,0,23,2,63757740,3666,288060,16,17413
2225,12,1,25,0,63796260,3666,289380,16,17425
2226,6,0,18,7,63863100,3667,290100,16,17431
2227,14,0,23,2,63884400,3666,290100,16,17445
2228,12,0,25,0,63912900,3666,290100,16,17457
2229,8,0,21,4,63952860,3666,290100,16,17465
2230,5,0,18,7,63982920,3666,290100,16,17470
2231,7,0,20,5,64001940,3666,290100,16,17477
2232,5,0,18,7,64024860,3666,290100,16,17482
2233,6,0,20,5,64040400,3666,290100,16,17488
2234,7,0,18,7,64078740,3666,290100,16,17495
2235,8,0,17,8,64110000,3666,290100,16,17503
2236,5,0,18,7,64120680,3666,290100,16,17508
2237,14,0,25,0,64142040,3665,292020,16,17522
2238,4,0,22,3,64162620,3665,292020,16,17526
2239,6,0,17,8,64219260,3666,292020,16,17532
2240,10,0,18,7,64242720,3665,292020,16,17542
2241,11,0,21,4,64264560,3665,292020,16,17553
2242,11,0,24,1,64285020,3665,292020,16,17564
2243,11,0,22,3,64323420,3664,292020,16,17575
2244,4,0,21,4,64347120,3664,292020,16,17579
2245,8,0,20,5,64390620,3665,292020,16,17587
2246,6,0,20,5,64405680,3665,292020,16,17593
2247,8,0,21,4,64438260,3665,292020,16,17601
2248,12,0,20,5,64478820,3665,292020,16,17613
2249,9,0,21,4,64508400,3665,292020,16,17622
2250,10,0,24,1,64534260,3665,292020,16,17632
2251,3,0,17,8,64565220,3664,292020,16,17635
2252,9,0,21,4,64588740,3665,292020,16,17644
2253,7,0,20,5,64615200,3664,292020,16,17651
2254,3,0,16,9,64638600,3664,292020,16,17654
2255,9,0,17,8,64660500,3664,292020,16,17663
2256,5,0,18,7,64670460,3664,292020,16,17668
2257,4,0,18,7,64691100,3664,292020,16,17672
2258,7,0,17,8,64727940,3664,292020,16,17679
2259,6,0,19,6,64745580,3664,292020,16,17685
2260,6,0,18,7,64770720,3664,292020,16,17691
2261,8,0,20,5,64786140,3664,292020,16,17699
2262,9,0,21,4,64812780,3664,292020,16,17708
2263,8,0,19,6,64846380,3664,292020,16,17716
2264,9,0,22,3,64871880,3664,292020,16,17725
2265,20,9,25,0,64902840,3664,294780,16,17745
2266,14,15,25,0,64941420,3665,308280,17,17759
2267,13,15,25,0,65001540,3665,328740,18,17772
2268,10,15,25,0,65051760,3666,345240,19,17782
2269,9,9,25,0,65094600,3665,393960,22,17791
2270,7,0,21,4,65148840,3664,510000,28,17798
2271,14,3,25,0,65180280,3665,512760,28,17812
2272,16,9,25,0,65225700,3665,522900,29,17828
2273,11,12,25,0,65273700,3666,535320,30,17839
2274,10,7,25,0,65329560,3666,565140,31,17849
2275,10,1,25,0,65365860,3665,628500,35,17859
2276,9,0,21,4,65412000,3665,628800,35,17868
2277,5,0,17,8,65460120,3666,628800,35,17873
2278,8,0,18,7,65484060,3665,628800,35,17881
2279,5,0,18,7,65496120,3665,628800,35,17886
2280,1,0,13,12,65516640,3665,628800,35,17887
2281,5,0,14,11,65529540,3665,628800,35,17892
2282,4,0,17,8,65530680,3665,628800,35,17896
2283,5,0,17,8,65549100,3665,628800,35,17901
2284,2,0,14,11,65565060,3665,628800,35,17903
2285,6,0,18,7,65576160,3665,628800,35,17909
2286,11,0,20,5,65597280,3664,628800,35,17920
2287,10,1,25,0,65619000,3665,628800,35,17930
2288,5,0,17,8,65677620,3665,629220,35,17935
2289,4,0,17,8,65689260,3665,629220,35,17939
2290,9,0,17,8,65721480,3665,629220,35,17948
2291,15,0,25,0,65742120,3664,631980,35,17963
2292,8,0,24,1,65776080,3665,632040,35,17971
2293,7,0,22,3,65809920,3665,632040,35,17978
2294,11,0,21,4,65869380,3665,632040,35,17989
2295,9,0,24,1,65892780,3666,632040,35,17998
2296,10,3,25,0,65915520,3666,635940,35,18008
2297,6,0,18,7,65989380,3666,642120,35,18014
2298,8,0,23,2,66004560,3667,642120,35,18022
2299,5,0,20,5,66037500,3667,642120,35,18027
2300,8,0,19,6,66067080,3667,642120,35,18035
2301,11,0,21,4,66088500,3666,642120,35,18046
2302,5,0,16,9,66126960,3666,642120,35,18051
2303,8,0,19,6,66143100,3666,642120,35,18059
2304,5,0,21,4,66151860,3666,642120,35,18064
2305,5,0,20,5,66186660,3667,642120,35,18069
2306,4,0,17,8,66215520,3667,642120,35,18073
2307,7,0,18,7,66237900,3667,642120,35,18080
2308,7,0,20,5,66257280,3667,642120,35,18087
2309,5,0,19,6,66278100,3667,642120,35,18092
2310,6,0,20,5,66303600,3667,642120,35,18098
2311,8,0,19,6,66338040,3667,642120,35,18106
2312,10,0,18,7,66372180,3667,642120,35,18116
2313,9,0,21,4,66386940,3666,642120,35,18125
2314,7,0,20,5,66415200,3666,642120,35,18132
2315,12,0,23,2,66446040,3666,642120,35,18144
2316,12,1,25,0,66469320,3666,642540,35,18156
2317,10,0,24,1,66501480,3665,642540,35,18166
2318,10,0,24,1,66548580,3666,642540,35,18176
2319,13,3,25,0,66584820,3666,648360,35,18189
2320,10,3,25,0,66629940,3666,651300,35,18199
2321,7,2,25,0,66668640,3667,676140,37,18206
2322,6,0,20,5,66727980,3667,679620,37,18212
2323,9,0,18,7,66768840,3668,679620,37,18221
2324,9,0,21,4,66792960,3668,679620,37,18230
2325,6,0,18,7,66820980,3667,679620,37,18236
2326,6,0,18,7,66846660,3668,679620,37,18242
2327,8,0,17,8,66869280,3667,679620,37,18250
2328,9,0,21,4,66883980,3667,679620,37,18259
2329,4,0,17,8,66926220,3667,679620,37,18263
2330,5,0,16,9,66955980,3668,679620,37,18268
2331,4,0,14,11,66969780,3667,679620,37,18272
2332,10,0,21,4,66978060,3667,679620,37,18282
2333,3,0,15,10,67005660,3667,679620,37,18285
2334,2,0,13,12,67019460,3667,679620,37,18287
2335,9,0,16,9,67032120,3666,679620,37,18296
2336,4,0,17,8,67041240,3666,679620,37,18300
2337,9,0,20,5,67062720,3666,679620,37,18309
2338,10,0,19,6,67091940,3666,679620,37,18319
2339,9,0,21,4,67104060,3665,679620,37,18328
2340,13,0,25,0,67142460,3665,680880,37,18341
2341,9,0,19,6,67191600,3665,683400,37,18350
2342,13,0,24,1,67219140,3665,683400,37,18363
2343,9,0,25,0,67241340,3664,683400,37,18372
2344,3,0,20,5,67281000,3665,683460,37,18375
2345,9,0,17,8,67324920,3665,683460,37,18384
2346,7,0,17,8,67351500,3665,683460,37,18391
2347,3,0,15,10,67371060,3665,683460,37,18394
2348,4,0,17,8,67381020,3665,683460,37,18398
2349,10,0,18,7,67411680,3665,683460,37,18408
2350,9,0,21,4,67434240,3665,683460,37,18417
2351,7,0,17,8,67475400,3665,683460,37,18424
2352,4,0,16,9,67488600,3665,683460,37,18428
2353,2,0,15,10,67498380,3665,683460,37,18430
2354,7,0,17,8,67514460,3665,683460,37,18437
2355,3,0,15,10,67531260,3665,683460,37,18440
2356,2,0,16,9,67533420,3665,683460,37,18442
2357,6,0,17,8,67554180,3665,683460,37,18448
2358,7,0,17,8,67568640,3664,683460,37,18455
2359,9,0,20,5,67587720,3664,683460,37,18464
2360,11,0,23,2,67610340,3664,683460,36,18475
2361,7,0,18,7,67666680,3664,683460,36,18482
2362,10,0,21,4,67682820,3664,683460,36,18492
2363,5,0,17,8,67713480,3664,683460,36,18497
2364,6,0,18,7,67736580,3664,683460,36,18503
2365,7,0,19,6,67750920,3663,683460,36,18510
2366,10,0,22,3,67774800,3663,683460,36,18520
2367,11,0,22,3,67808880,3663,683580,36,18531
2368,17,6,25,0,67835280,3663,687000,37,18548
2369,10,4,25,0,67897380,3664,703440,37,18558
2370,12,0,23,2,67949700,3663,711360,38,18570
2371,5,0,19,6,67977420,3663,711360,38,18575
2372,5,0,17,8,68002080,3663,711360,38,18580
2373,4,0,16,9,68023860,3663,711360,38,18584
2374,4,0,13,12,68058840,3664,711360,38,18588
2375,14,0,22,3,68064660,3663,711360,38,18602
2376,2,0,16,9,68094180,3663,711360,38,18604
2377,9,0,21,4,68110920,3663,711360,38,18613
2378,4,0,18,7,68136600,3663,711360,38,18617
2379,4,0,16,9,68169300,3664,711360,38,18621
2380,7,0,16,9,68188440,3663,711360,38,18628
2381,7,0,17,8,68202240,3663,711360,38,18635
2382,1,0,14,11,68218320,3663,711360,38,18636
2383,9,0,17,8,68233200,3662,711360,38,18645
2384,10,0,22,3,68247660,3662,711360,38,18655
2385,9,0,24,1,68261580,3662,711360,38,18664
2386,9,0,23,2,68301240,3662,711360,38,18673
2387,12,1,25,0,68339880,3662,712440,38,18685
2388,15,3,25,0,68377800,3662,715020,38,18700
2389,14,4,25,0,68423400,3661,721380,38,18714
2390,11,0,24,1,68468220,3661,730560,39,18725
2391,12,0,23,2,68512800,3661,730800,39,18737
2392,7,0,19,6,68552700,3661,730800,38,18744
2393,10,0,17,8,68594100,3660,730800,38,18754
2394,7,0,21,4,68600700,3660,730800,38,18761
2395,6,0,19,6,68627760,3660,730800,38,18767
2396,4,0,19,6,68639460,3660,730800,38,18771
2397,6,0,19,6,68686800,3661,730800,38,18777
2398,4,0,19,6,68692560,3661,730800,38,18781
2399,8,0,18,7,68733000,3661,730800,38,18789

