Hour,Arrivals,Waiting,Treating,Available Rooms,Total Treatment Time,Average Treatment Time,Total Wait Time,Average Wait Time,Total Arrivals
1,8,0,7,18,900,900,0,0,8
2,4,0,7,18,16800,3360,0,0,12
3,5,0,6,19,39000,3545,0,0,17
4,4,0,5,20,64740,4046,0,0,21
5,2,0,2,23,93000,4428,0,0,23
6,6,0,5,20,102720,4280,0,0,29
7,8,0,6,19,118920,3836,0,0,37
8,10,0,12,13,133440,3812,0,0,47
9,11,0,12,13,168780,3669,0,0,58
10,8,0,9,16,221820,3891,0,0,66
11,9,0,10,15,256140,3940,0,0,75
12,11,0,7,18,296760,3756,0,0,86
13,11,0,9,16,329040,3739,0,0,97
14,14,0,16,9,350040,3684,0,0,111
15,11,0,12,13,396540,3604,0,0,122
16,11,0,9,16,452700,3650,0,0,133
17,8,0,10,15,481080,3672,0,0,141
18,11,0,9,16,519360,3631,0,0,152
19,7,0,10,15,547500,3674,0,0,159
20,9,0,8,17,573420,3583,0,0,168
21,6,0,7,18,606540,3631,0,0,174
22,4,0,5,20,631860,3652,0,0,178
23,5,0,3,22,658200,3656,0,0,183
24,3,0,3,22,677760,3703,0,0,186
25,8,0,7,18,688740,3683,0,0,194
26,5,0,4,21,708060,3631,0,0,199
27,7,0,6,19,720780,3603,0,0,206
28,7,0,8,17,740160,3610,0,0,213
29,7,0,7,18,766980,3600,0,0,220
30,12,0,12,13,784380,3565,0,0,232
31,9,0,11,14,822960,3578,0,0,241
32,7,0,11,14,848520,3580,0,0,248
33,7,0,9,16,896400,3643,0,0,255
34,8,0,7,18,931920,3640,0,0,263
35,6,0,6,19,957900,3642,0,0,269
36,5,0,5,20,986880,3668,0,0,274
37,9,0,10,15,1000320,3664,0,0,283
38,9,0,6,19,1045740,3656,0,0,292
39,5,0,7,18,1064400,3670,0,0,297
40,10,0,6,19,1101480,3659,0,0,307
41,12,0,12,13,1121940,3654,0,0,319
42,12,0,14,11,1156680,3648,0,0,331
43,4,0,10,15,1202460,3699,0,0,335
44,7,0,4,21,1262160,3734,0,0,342
45,5,0,6,19,1274580,3737,0,0,347
46,8,0,5,20,1302540,3721,0,0,355
47,8,0,7,18,1315260,3694,0,0,363
48,2,0,8,17,1319400,3695,0,0,365
49,1,0,3,22,1364880,3760,0,0,366
50,6,0,5,20,1382820,3767,0,0,372
51,7,0,4,21,1402260,3739,0,0,379
52,4,0,3,22,1418400,3732,0,0,383
53,6,0,3,22,1429020,3702,0,0,389
54,4,0,4,21,1436400,3692,0,0,393
55,6,0,5,20,1451760,3684,0,0,399
56,6,0,5,20,1476660,3691,0,0,405
57,8,0,9,16,1484940,3675,0,0,413
58,8,0,9,16,1511400,3668,0,0,421
59,14,0,12,13,1546500,3656,0,0,435
60,14,0,15,10,1590120,3663,0,0,449
61,12,0,7,18,1654800,3644,0,0,461
62,7,0,6,19,1683600,3644,0,0,468
63,7,0,7,18,1701780,3636,0,0,475
64,5,0,7,18,1718760,3633,0,0,480
65,8,0,9,16,1753440,3660,0,0,488
66,13,0,14,11,1774500,3643,0,0,501
67,15,0,16,9,1812780,3625,0,0,516
68,8,0,8,17,1878360,3640,0,0,524
69,5,0,7,18,1897860,3635,0,0,529
70,5,0,7,18,1928160,3658,0,0,534
71,7,0,6,19,1954020,3652,0,0,541
72,5,0,5,20,1970820,3642,0,0,546
73,5,0,2,23,2004060,3650,0,0,551
74,3,0,4,21,2006280,3647,0,0,554
75,7,0,8,17,2014440,3642,0,0,561
76,5,0,5,20,2051460,3656,0,0,566
77,5,0,6,19,2066700,3657,0,0,571
78,5,0,6,19,2084280,3656,0,0,576
79,5,0,5,20,2107680,3659,0,0,581
80,12,0,8,17,2130840,3642,0,0,593
81,7,0,8,17,2152680,3636,0,0,600
82,10,0,10,15,2172240,3620,0,0,610
83,14,0,11,14,2218920,3619,0,0,624
84,12,0,14,11,2232240,3588,0,0,636
85,10,0,9,16,2297820,3607,0,0,646
86,9,0,11,14,2320440,3603,0,0,655
87,12,0,12,13,2377260,3629,0,0,667
88,13,0,10,15,2421000,3613,0,0,680
89,5,0,7,18,2451780,3616,0,0,685
90,7,0,10,15,2464860,3614,0,0,692
91,11,0,11,14,2520000,3641,0,0,703
92,10,0,13,12,2541480,3630,0,0,713
93,6,0,10,15,2575620,3632,0,0,719
94,4,0,5,20,2632380,3666,0,0,723
95,3,0,4,21,2654520,3676,0,0,726
96,5,0,5,20,2663820,3669,0,0,731
97,3,0,4,21,2680500,3671,0,0,734
98,8,0,6,19,2703000,3672,0,0,742
99,6,0,7,18,2714820,3663,0,0,748
100,6,0,10,15,2719620,3655,0,0,754
101,6,0,10,15,2759340,3679,0,0,760
102,9,0,12,13,2790960,3686,0,0,769
103,8,0,8,17,2834280,3685,0,0,777
104,11,0,11,14,2865600,3688,0,0,788
105,9,0,9,16,2905920,3687,0,0,797
106,9,0,13,12,2917680,3679,0,0,806
107,7,0,9,16,2968620,3692,0,0,813
108,12,0,15,10,2998200,3701,0,0,825
109,13,0,13,12,3054420,3702,0,0,838
110,7,0,10,15,3084780,3694,0,0,845
111,9,0,10,15,3140460,3720,0,0,854
112,9,0,11,14,3165480,3715,0,0,863
113,15,0,14,11,3212220,3717,0,0,878
114,7,0,8,17,3270840,3729,0,0,885
115,3,0,4,21,3296520,3729,0,0,888
116,5,0,5,20,3316800,3735,0,0,893
117,4,0,6,19,3328320,3735,0,0,897
118,5,0,4,21,3353280,3734,0,0,902
119,9,0,6,19,3378840,3733,0,0,911
120,6,0,7,18,3393840,3729,0,0,917
121,2,0,3,22,3416580,3729,0,0,919
122,3,0,3,22,3432300,3734,0,0,922
123,2,0,3,22,3441300,3736,0,0,924
124,7,0,6,19,3456600,3736,0,0,931
125,5,0,6,19,3468180,3729,0,0,936
126,7,0,7,18,3492360,3731,0,0,943
127,9,0,5,20,3525360,3722,0,0,952
128,9,0,7,18,3537420,3707,0,0,961
129,9,0,8,17,3561420,3702,0,0,970
130,11,0,10,15,3590280,3697,0,0,981
131,6,0,8,17,3620280,3697,0,0,987
132,19,0,15,10,3655500,3688,0,0,1006
133,13,0,14,11,3695880,3677,0,0,1019
134,15,0,18,7,3734160,3675,0,0,1034
135,11,0,15,10,3801300,3690,0,0,1045
136,7,0,12,13,3853740,3705,0,0,1052
137,5,0,3,22,3923400,3722,0,0,1057
138,10,0,8,17,3937500,3718,0,0,1067
139,5,0,7,18,3961020,3719,0,0,1072
140,4,0,3,22,3996300,3724,0,0,1076
141,4,0,3,22,4010640,3723,0,0,1080
142,4,0,4,21,4017240,3719,0,0,1084
143,2,0,2,23,4041420,3728,0,0,1086
144,5,0,5,20,4045680,3725,0,0,1091
145,4,0,2,23,4067160,3721,0,0,1095
146,7,0,5,20,4078260,3717,0,0,1102
147,3,0,4,21,4090680,3715,0,0,1105
148,6,0,7,18,4099320,3713,0,0,1111
149,6,0,4,21,4137960,3717,0,0,1117
150,8,0,6,19,4145820,3704,0,0,1125
151,6,0,5,20,4172700,3705,0,0,1131
152,5,0,6,19,4180500,3699,0,0,1136
153,10,0,6,19,4211940,3694,0,0,1146
154,9,0,8,17,4233840,3691,0,0,1155
155,14,0,9,16,4265940,3677,0,0,1169
156,12,0,10,15,4295400,3668,0,0,1181
157,12,0,12,13,4329660,3666,0,0,1193
158,12,0,10,15,4376040,3661,0,0,1205
159,6,0,7,18,4402200,3656,0,0,1211
160,11,0,12,13,4425420,3657,0,0,1222
161,5,0,8,17,4466640,3664,0,0,1227
162,13,0,10,15,4506060,3663,0,0,1240
163,9,0,12,13,4528620,3660,0,0,1249
164,10,0,10,15,4574880,3662,0,0,1259
165,3,0,7,18,4597380,3663,0,0,1262
166,4,0,6,19,4631100,3675,0,0,1266
167,4,0,5,20,4652580,3677,0,0,1270
168,7,0,5,20,4676040,3676,0,0,1277
169,6,0,6,19,4687140,3670,0,0,1283
170,8,0,7,18,4703520,3663,0,0,1291
171,6,0,7,18,4725840,3663,0,0,1297
172,2,0,5,20,4747080,3668,0,0,1299
173,10,0,9,16,4772460,3671,0,0,1309
174,4,0,5,20,4788840,3661,0,0,1313
175,12,0,9,16,4809120,3654,0,0,1325
176,8,0,7,18,4842960,3652,0,0,1333
177,17,0,12,13,4877160,3645,0,0,1350
178,18,0,13,12,4930440,3638,0,0,1368
179,16,0,15,10,4985940,3642,0,0,1384
180,15,0,15,10,5032260,3636,0,0,1399
181,8,0,11,14,5087220,3644,0,0,1407
182,18,0,14,11,5147580,3648,0,0,1425
183,10,0,14,11,5181420,3646,0,0,1435
184,9,0,9,16,5240520,3651,0,0,1444
185,11,0,12,13,5268720,3651,0,0,1455
186,12,0,10,15,5316360,3648,0,0,1467
187,2,0,3,22,5344440,3645,0,0,1469
188,8,0,4,21,5361240,3639,0,0,1477
189,6,0,7,18,5373000,3640,0,0,1483
190,7,0,8,17,5394840,3640,0,0,1490
191,8,0,6,19,5431980,3640,0,0,1498
192,4,0,4,21,5454720,3641,0,0,1502
193,7,0,7,18,5460120,3635,0,0,1509
194,2,0,4,21,5479620,3636,0,0,1511
195,4,0,5,20,5493780,3638,0,0,1515
196,5,0,4,21,5516700,3638,0,0,1520
197,7,0,6,19,5529720,3635,0,0,1527
198,7,0,7,18,5551200,3635,0,0,1534
199,8,0,7,18,5572560,3630,0,0,1542
200,7,0,7,18,5600220,3631,0,0,1549
201,7,0,5,20,5631180,3630,0,0,1556
202,11,0,6,19,5658300,3624,0,0,1567
203,7,0,7,18,5675940,3622,0,0,1574
204,10,0,12,13,5693580,3621,0,0,1584
205,12,0,15,10,5722620,3619,0,0,1596
206,12,0,13,12,5787360,3628,0,0,1608
207,14,0,14,11,5822940,3621,0,0,1622
208,8,0,10,15,5882220,3631,0,0,1630
209,12,0,8,17,5933100,3631,0,0,1642
210,10,0,8,17,5966220,3629,0,0,1652
211,8,0,9,16,5985900,3625,0,0,1660
212,7,0,5,20,6021600,3623,0,0,1667
213,7,0,6,19,6037800,3619,0,0,1674
214,5,0,4,21,6065940,3621,0,0,1679
215,6,0,8,17,6076080,3623,0,0,1685
216,6,0,5,20,6103500,3620,0,0,1691
217,6,0,5,20,6131820,3624,0,0,1697
218,4,0,5,20,6138060,3619,0,0,1701
219,9,0,10,15,6152940,3619,0,0,1710
220,5,0,4,21,6188220,3616,0,0,1715
221,5,0,4,21,6200760,3613,0,0,1720
222,5,0,4,21,6220020,3614,0,0,1725
223,6,0,5,20,6233400,3611,0,0,1731
224,9,0,10,15,6245400,3610,0,0,1740
225,10,0,9,16,6276840,3605,0,0,1750
226,11,0,8,17,6319260,3604,0,0,1761
227,8,0,4,21,6367740,3607,0,0,1769
228,12,0,12,13,6383160,3608,0,0,1781
229,16,0,15,10,6409380,3596,0,0,1797
230,11,0,11,14,6462300,3596,0,0,1808
231,13,0,10,15,6513540,3596,0,0,1821
232,18,0,18,7,6535440,3588,0,0,1839
233,16,0,13,12,6614400,3590,0,0,1855
234,6,0,6,19,6653100,3586,0,0,1861
235,12,0,8,17,6686640,3585,0,0,1873
236,6,0,8,17,6702900,3582,0,0,1879
237,8,0,8,17,6750600,3592,0,0,1887
238,5,0,5,20,6785280,3595,0,0,1892
239,2,0,2,23,6799380,3593,0,0,1894
240,2,0,3,22,6800160,3592,0,0,1896
241,7,0,4,21,6817320,3589,0,0,1903
242,3,0,3,22,6829680,3588,0,0,1906
243,5,0,7,18,6834300,3589,0,0,1911
244,8,0,9,16,6855660,3589,0,0,1919
245,4,0,8,17,6876960,3591,0,0,1923
246,8,0,5,20,6917340,3591,0,0,1931
247,14,0,9,16,6939900,3584,0,0,1945
248,13,0,13,12,6960900,3578,0,0,1958
249,8,0,7,18,7009800,3578,0,0,1966
250,6,0,7,18,7032540,3578,0,0,1972
251,6,0,8,17,7048980,3578,0,0,1978
252,9,0,13,12,7078920,3586,0,0,1987
253,6,0,11,14,7120500,3592,0,0,1993
254,6,0,7,18,7164600,3596,0,0,1999
255,11,0,10,15,7180140,3590,0,0,2010
256,13,0,12,13,7221960,3591,0,0,2023
257,17,0,15,10,7260540,3585,0,0,2040
258,14,0,13,12,7309380,3581,0,0,2054
259,7,0,12,13,7346580,3585,0,0,2061
260,5,0,6,19,7407120,3595,0,0,2066
261,6,0,5,20,7435500,3597,0,0,2072
262,4,0,4,21,7459920,3600,0,0,2076
263,7,0,6,19,7477080,3599,0,0,2083
264,2,0,1,24,7506900,3602,0,0,2085
265,7,0,7,18,7511040,3602,0,0,2092
266,8,0,9,16,7520280,3596,0,0,2100
267,8,0,8,17,7554480,3597,0,0,2108
268,7,0,9,16,7571940,3595,0,0,2115
269,7,0,8,17,7596720,3593,0,0,2122
270,3,0,5,20,7630260,3599,0,0,2125
271,10,0,11,14,7647120,3600,0,0,2135
272,10,0,13,12,7681260,3602,0,0,2145
273,6,0,9,16,7724100,3606,0,0,2151
274,12,0,9,16,7767360,3606,0,0,2163
275,10,0,13,12,7799760,3611,0,0,2173
276,15,0,17,8,7832460,3607,0,0,2188
277,8,0,9,16,7887060,3606,0,0,2196
278,7,0,7,18,7934220,3613,0,0,2203
279,8,0,10,15,7950900,3612,0,0,2211
280,13,0,14,11,7984140,3612,0,0,2224
281,10,0,6,19,8040240,3608,0,0,2234
282,8,0,5,20,8064720,3605,0,0,2242
283,7,0,9,16,8072040,3603,0,0,2249
284,7,0,7,18,8097000,3600,0,0,2256
285,4,0,6,19,8129400,3606,0,0,2260
286,4,0,5,20,8150820,3608,0,0,2264
287,9,0,7,18,8172540,3606,0,0,2273
288,8,0,6,19,8194620,3602,0,0,2281
289,4,0,8,17,8207220,3604,0,0,2285
290,5,0,6,19,8250780,3612,0,0,2290
291,5,0,6,19,8266740,3611,0,0,2295
292,4,0,4,21,8294160,3614,0,0,2299
293,5,0,5,20,8310540,3614,0,0,2304
294,11,0,13,12,8323740,3615,0,0,2315
295,7,0,9,16,8367120,3617,0,0,2322
296,10,0,13,12,8383740,3615,0,0,2332
297,9,0,11,14,8432100,3618,0,0,2341
298,5,0,9,16,8461380,3620,0,0,2346
299,3,0,3,22,8507100,3626,0,0,2349
300,13,0,11,14,8528820,3627,0,0,2362
301,9,0,13,12,8549220,3625,0,0,2371
302,13,0,16,9,8580240,3623,0,0,2384
303,13,0,17,8,8640840,3630,0,0,2397
304,10,0,14,11,8683920,3628,0,0,2407
305,12,0,11,14,8741580,3630,0,0,2419
306,6,0,7,18,8799120,3639,0,0,2425
307,8,0,6,19,8828160,3637,0,0,2433
308,8,0,8,17,8839680,3633,0,0,2441
309,6,0,11,14,8861640,3637,0,0,2447
310,7,0,5,20,8910480,3638,0,0,2454
311,3,0,4,21,8927580,3639,0,0,2457
312,4,0,4,21,8942040,3639,0,0,2461
313,5,0,3,22,8960700,3638,0,0,2466
314,4,0,4,21,8969460,3637,0,0,2470
315,5,0,3,22,8981220,3633,0,0,2475
316,3,0,2,23,8994600,3632,0,0,2478
317,10,0,9,16,9001200,3630,0,0,2488
318,9,0,6,19,9023100,3622,0,0,2497
319,4,0,4,21,9043380,3621,0,0,2501
320,8,0,6,19,9052800,3616,0,0,2509
321,10,0,10,15,9080040,3618,0,0,2519
322,8,0,9,16,9105000,3615,0,0,2527
323,9,0,8,17,9149400,3619,0,0,2536
324,8,0,6,19,9179160,3616,0,0,2544
325,10,0,8,17,9208800,3616,0,0,2554
326,6,0,9,16,9229320,3617,0,0,2560
327,10,0,10,15,9253200,3614,0,0,2570
328,9,0,11,14,9289200,3617,0,0,2579
329,10,0,5,20,9345720,3616,0,0,2589
330,9,0,8,17,9367560,3616,0,0,2598
331,12,0,12,13,9386220,3612,0,0,2610
332,12,0,12,13,9431640,3613,0,0,2622
333,5,0,7,18,9466380,3613,0,0,2627
334,5,0,4,21,9500760,3615,0,0,2632
335,3,0,2,23,9523620,3617,0,0,2635
336,4,0,4,21,9525600,3615,0,0,2639
337,5,0,4,21,9540900,3613,0,0,2644
338,5,0,4,21,9557460,3613,0,0,2649
339,7,0,7,18,9564540,3610,0,0,2656
340,5,0,8,17,9579060,3610,0,0,2661
341,9,0,7,18,9619200,3612,0,0,2670
342,10,0,10,15,9646740,3613,0,0,2680
343,11,0,13,12,9675780,3613,0,0,2691
344,8,0,14,11,9696780,3611,0,0,2699
345,8,0,10,15,9767340,3621,0,0,2707
346,10,0,9,16,9803100,3620,0,0,2717
347,5,0,8,17,9829560,3621,0,0,2722
348,10,0,7,18,9868920,3621,0,0,2732
349,7,0,7,18,9902280,3624,0,0,2739
350,16,0,17,8,9917220,3622,0,0,2755
351,15,0,12,13,9985320,3620,0,0,2770
352,8,0,8,17,10019760,3617,0,0,2778
353,9,0,6,19,10059120,3617,0,0,2787
354,14,0,14,11,10072380,3614,0,0,2801
355,10,0,9,16,10119600,3611,0,0,2811
356,9,0,12,13,10150200,3614,0,0,2820
357,5,0,8,17,10192980,3618,0,0,2825
358,4,0,4,21,10229220,3620,0,0,2829
359,3,0,3,22,10252260,3623,0,0,2832
360,8,0,7,18,10267740,3624,0,0,2840
361,3,0,6,19,10277880,3622,0,0,2843
362,5,0,7,18,10298460,3624,0,0,2848
363,7,0,9,16,10321380,3626,0,0,2855
364,3,0,5,20,10358580,3630,0,0,2858
365,6,0,6,19,10380300,3632,0,0,2864
366,5,0,7,18,10392660,3631,0,0,2869
367,6,0,8,17,10414620,3632,0,0,2875
368,13,0,10,15,10458000,3633,0,0,2888
369,11,0,10,15,10487280,3630,0,0,2899
370,4,0,4,21,10536600,3634,0,0,2903
371,9,0,10,15,10545780,3633,0,0,2912
372,11,0,10,15,10584540,3633,0,0,2923
373,19,0,18,7,10614000,3629,0,0,2942
374,12,0,15,10,10671360,3630,0,0,2954
375,11,0,16,9,10719360,3634,0,0,2965
376,6,0,12,13,10772520,3640,0,0,2971
377,7,0,12,13,10814580,3646,0,0,2978
378,5,0,8,17,10872600,3654,0,0,2983
379,10,0,12,13,10901040,3656,0,0,2993
380,5,0,8,17,10935240,3657,0,0,2998
381,8,0,9,16,10975140,3662,0,0,3006
382,1,0,4,21,11001960,3663,0,0,3007
383,6,0,6,19,11030280,3668,0,0,3013
384,8,0,9,16,11039640,3665,0,0,3021
385,4,0,4,21,11076840,3666,0,0,3025
386,6,0,6,19,11091780,3666,0,0,3031
387,11,0,7,18,11114700,3662,0,0,3042
388,4,0,7,18,11133300,3663,0,0,3046
389,7,0,7,18,11169780,3667,0,0,3053
390,7,0,7,18,11192580,3666,0,0,3060
391,7,0,9,16,11215380,3667,0,0,3067
392,8,0,8,17,11245200,3666,0,0,3075
393,7,0,6,19,11275440,3665,0,0,3082
394,8,0,7,18,11304540,3666,0,0,3090
395,12,0,12,13,11326500,3665,0,0,3102
396,8,0,7,18,11376120,3666,0,0,3110
397,5,0,5,20,11401980,3666,0,0,3115
398,10,0,9,16,11428500,3667,0,0,3125
399,6,0,8,17,11454240,3667,0,0,3131
400,3,0,3,22,11482380,3667,0,0,3134
401,15,0,12,13,11497320,3665,0,0,3149
402,12,0,14,11,11527020,3662,0,0,3161
403,9,0,9,16,11575320,3661,0,0,3170
404,7,0,7,18,11610480,3662,0,0,3177
405,5,0,6,19,11635200,3663,0,0,3182
406,6,0,5,20,11656740,3662,0,0,3188
407,2,0,4,21,11673180,3663,0,0,3190
408,8,0,5,20,11688780,3660,0,0,3198
409,6,0,8,17,11707680,3663,0,0,3204
410,3,0,4,21,11735220,3663,0,0,3207
411,4,0,3,22,11756700,3664,0,0,3211
412,6,0,4,21,11775240,3664,0,0,3217
413,10,0,9,16,11783040,3661,0,0,3227
414,6,0,4,21,11814900,3658,0,0,3233
415,9,0,5,20,11842380,3658,0,0,3242
416,9,0,8,17,11856300,3655,0,0,3251
417,4,0,6,19,11883720,3657,0,0,3255
418,13,0,8,17,11916240,3655,0,0,3268
419,9,0,8,17,11946420,3654,0,0,3277
420,13,0,9,16,11980080,3651,0,0,3290
421,10,0,9,16,12010440,3649,0,0,3300
422,13,0,14,11,12044760,3651,0,0,3313
423,10,0,12,13,12087600,3650,0,0,3323
424,18,0,19,6,12141840,3654,0,0,3341
425,11,0,18,7,12188520,3655,0,0,3352
426,7,0,11,14,12251280,3659,0,0,3359
427,11,0,8,17,12304620,3659,0,0,3370
428,9,0,12,13,12320460,3659,0,0,3379
429,2,0,2,23,12393360,3667,0,0,3381
430,5,0,4,21,12399720,3666,0,0,3386
431,8,0,6,19,12410820,3663,0,0,3394
432,2,0,2,23,12433620,3663,0,0,3396
433,4,0,4,21,12438780,3662,0,0,3400
434,3,0,4,21,12453000,3663,0,0,3403
435,2,0,4,21,12466440,3665,0,0,3405
436,7,0,7,18,12483180,3666,0,0,3412
437,6,0,6,19,12502800,3664,0,0,3418
438,6,0,6,19,12537540,3668,0,0,3424
439,15,0,15,10,12547140,3664,0,0,3439
440,10,0,7,18,12600000,3660,0,0,3449
441,8,0,8,17,12623400,3660,0,0,3457
442,2,0,4,21,12657840,3663,0,0,3459
443,14,0,10,15,12685260,3663,0,0,3473
444,4,0,4,21,12718320,3662,0,0,3477
445,16,0,14,11,12733860,3660,0,0,3493
446,10,0,9,16,12774540,3656,0,0,3503
447,15,0,15,10,12801720,3654,0,0,3518
448,11,0,15,10,12844680,3655,0,0,3529
449,12,0,10,15,12904020,3654,0,0,3541
450,10,0,10,15,12956040,3658,0,0,3551
451,9,0,13,12,12980580,3659,0,0,3560
452,7,0,10,15,13027740,3662,0,0,3567
453,5,0,8,17,13067460,3666,0,0,3572
454,5,0,8,17,13083060,3665,0,0,3577
455,5,0,5,20,13122120,3668,0,0,3582
456,6,0,8,17,13138440,3669,0,0,3588
457,9,0,7,18,13175640,3670,0,0,3597
458,6,0,9,16,13190340,3670,0,0,3603
459,6,0,5,20,13234500,3672,0,0,3609
460,3,0,6,19,13242660,3672,0,0,3612
461,10,0,10,15,13268640,3673,0,0,3622
462,6,0,7,18,13293480,3671,0,0,3628
463,3,0,4,21,13318860,3672,0,0,3631
464,10,0,8,17,13343160,3672,0,0,3641
465,6,0,10,15,13354080,3671,0,0,3647
466,12,0,10,15,13396500,3671,0,0,3659
467,12,0,12,13,13432800,3671,0,0,3671
468,7,0,10,15,13479300,3674,0,0,3678
469,8,0,9,16,13513680,3675,0,0,3686
470,12,0,12,13,13538220,3672,0,0,3698
471,9,0,13,12,13580040,3676,0,0,3707
472,10,0,12,13,13641000,3681,0,0,3717
473,9,0,12,13,13691340,3686,0,0,3726
474,6,0,11,14,13721400,3687,0,0,3732
475,6,0,11,14,13751520,3689,0,0,3738
476,8,0,9,16,13790040,3690,0,0,3746
477,8,0,10,15,13830660,3694,0,0,3754
478,6,0,4,21,13876020,3694,0,0,3760
479,5,0,4,21,13900500,3695,0,0,3765
480,4,0,4,21,13919520,3697,0,0,3769
481,7,0,6,19,13929300,3694,0,0,3776
482,6,0,4,21,13947840,3691,0,0,3782
483,5,0,7,18,13956060,3692,0,0,3787
484,6,0,6,19,13993680,3695,0,0,3793
485,7,0,7,18,14020920,3696,0,0,3800
486,7,0,7,18,14046540,3696,0,0,3807
487,7,0,10,15,14063520,3697,0,0,3814
488,7,0,7,18,14113560,3700,0,0,3821
489,5,0,4,21,14142540,3700,0,0,3826
490,10,0,10,15,14154540,3699,0,0,3836
491,15,0,14,11,14194620,3699,0,0,3851
492,7,0,10,15,14226960,3697,0,0,3858
493,13,0,11,14,14263140,3695,0,0,3871
494,8,0,12,13,14290320,3695,0,0,3879
495,12,0,15,10,14343300,3700,0,0,3891
496,13,0,12,13,14402640,3700,0,0,3904
497,3,0,6,19,14437500,3700,0,0,3907
498,7,0,7,18,14476560,3705,0,0,3914
499,7,0,7,18,14495340,3703,0,0,3921
500,8,0,9,16,14520240,3704,0,0,3929
501,5,0,6,19,14553480,3705,0,0,3934
502,10,0,12,13,14579160,3707,0,0,3944
503,6,0,10,15,14607060,3707,0,0,3950
504,5,0,5,20,14663280,3712,0,0,3955
505,2,0,3,22,14679960,3712,0,0,3957
506,8,0,7,18,14698440,3713,0,0,3965
507,4,0,4,21,14717820,3711,0,0,3969
508,8,0,7,18,14733360,3711,0,0,3977
509,4,0,6,19,14751840,3711,0,0,3981
510,8,0,9,16,14777160,3712,0,0,3989
511,6,0,9,16,14809260,3715,0,0,3995
512,4,0,5,20,14840400,3715,0,0,3999
513,4,0,4,21,14862720,3716,0,0,4003
514,6,0,7,18,14870220,3715,0,0,4009
515,8,0,7,18,14900100,3715,0,0,4017
516,8,0,5,20,14929920,3713,0,0,4025
517,9,0,6,19,14951220,3711,0,0,4034
518,12,0,11,14,14976180,3711,0,0,4046
519,17,0,16,9,15015300,3710,0,0,4063
520,9,0,11,14,15070380,3711,0,0,4072
521,5,0,6,19,15116280,3713,0,0,4077
522,13,0,10,15,15146940,3712,0,0,4090
523,6,0,9,16,15165120,3710,0,0,4096
524,4,0,7,18,15197700,3713,0,0,4100
525,4,0,5,20,15226320,3714,0,0,4104
526,4,0,5,20,15244500,3715,0,0,4108
527,6,0,7,18,15259200,3715,0,0,4114
528,8,0,6,19,15280500,3712,0,0,4122
529,2,0,4,21,15297840,3713,0,0,4124
530,2,0,2,23,15318600,3714,0,0,4126
531,7,0,3,22,15329760,3711,0,0,4133
532,7,0,5,20,15340320,3709,0,0,4140
533,5,0,7,18,15352620,3710,0,0,4145
534,7,0,7,18,15377220,3709,0,0,4152
535,6,0,6,19,15404040,3710,0,0,4158
536,9,0,10,15,15416820,3708,0,0,4167
537,13,0,13,12,15453120,3708,0,0,4180
538,9,0,9,16,15498180,3707,0,0,4189
539,8,0,10,15,15523320,3707,0,0,4197
540,6,0,6,19,15556380,3706,0,0,4203
541,8,0,7,18,15579120,3705,0,0,4211
542,12,0,13,12,15598620,3705,0,0,4223
543,17,0,17,8,15643440,3704,0,0,4240
544,8,0,12,13,15689160,3703,0,0,4248
545,13,0,10,15,15732660,3700,0,0,4261
546,12,0,15,10,15769260,3703,0,0,4273
547,11,0,13,12,15818940,3703,0,0,4284
548,13,0,14,11,15864480,3704,0,0,4297
549,10,0,9,16,15910320,3701,0,0,4307
550,2,0,5,20,15937860,3703,0,0,4309
551,10,0,8,17,15954780,3700,0,0,4319
552,6,0,5,20,15990840,3701,0,0,4325
553,4,0,4,21,16008000,3701,0,0,4329
554,3,0,3,22,16024320,3701,0,0,4332
555,4,0,4,21,16030800,3700,0,0,4336
556,1,0,1,24,16043700,3700,0,0,4337
557,8,0,4,21,16050420,3697,0,0,4345
558,10,0,11,14,16053720,3695,0,0,4355
559,7,0,5,20,16103760,3696,0,0,4362
560,6,0,5,20,16117920,3694,0,0,4368
561,12,0,8,17,16143840,3692,0,0,4380
562,4,0,8,17,16153380,3691,0,0,4384
563,12,0,10,15,16195200,3692,0,0,4396
564,11,0,12,13,16226400,3692,0,0,4407
565,8,0,9,16,16276740,3694,0,0,4415
566,10,0,11,14,16307100,3694,0,0,4425
567,10,0,13,12,16346280,3696,0,0,4435
568,7,0,8,17,16397760,3698,0,0,4442
569,15,0,14,11,16425480,3696,0,0,4457
570,4,0,8,17,16474440,3699,0,0,4461
571,5,0,6,19,16504980,3700,0,0,4466
572,10,0,9,16,16532880,3701,0,0,4476
573,4,0,2,23,16564980,3699,0,0,4480
574,14,0,8,17,16580220,3695,0,0,4494
575,4,0,7,18,16596660,3695,0,0,4498
576,7,0,8,17,16624560,3696,0,0,4505
577,6,0,8,17,16640340,3695,0,0,4511
578,5,0,5,20,16681260,3697,0,0,4516
579,4,0,3,22,16706880,3698,0,0,4520
580,6,0,8,17,16707540,3697,0,0,4526
581,10,0,9,16,16730580,3695,0,0,4536
582,11,0,7,18,16766160,3692,0,0,4547
583,6,0,4,21,16795320,3692,0,0,4553
584,8,0,6,19,16815300,3691,0,0,4561
585,7,0,7,18,16833240,3690,0,0,4568
586,12,0,9,16,16868460,3690,0,0,4580
587,10,0,10,15,16892760,3688,0,0,4590
588,12,0,14,11,16926960,3689,0,0,4602
589,13,0,13,12,16984080,3690,0,0,4615
590,20,0,19,6,17022060,3687,0,0,4635
591,14,0,19,6,17076720,3688,0,0,4649
592,10,0,11,14,17149320,3689,0,0,4659
593,10,0,9,16,17197320,3690,0,0,4669
594,3,0,6,19,17220960,3690,0,0,4672
595,11,0,8,17,17252520,3690,0,0,4683
596,7,0,9,16,17275380,3690,0,0,4690
597,10,0,7,18,17309700,3688,0,0,4700
598,8,0,9,16,17332740,3688,0,0,4708
599,5,0,8,17,17354160,3688,0,0,4713
600,6,0,6,19,17393520,3690,0,0,4719
601,4,0,4,21,17413680,3690,0,0,4723
602,2,0,3,22,17427480,3690,0,0,4725
603,4,0,3,22,17445060,3691,0,0,4729
604,3,0,2,23,17463240,3692,0,0,4732
605,4,0,6,19,17463240,3692,0,0,4736
606,6,0,6,19,17487840,3692,0,0,4742
607,9,0,9,16,17509560,3692,0,0,4751
608,10,0,14,11,17521260,3691,0,0,4761
609,6,0,7,18,17579580,3693,0,0,4767
610,7,0,5,20,17616480,3693,0,0,4774
611,13,0,11,14,17638380,3693,0,0,4787
612,7,0,13,12,17653740,3692,0,0,4794
613,12,0,11,14,17704860,3692,0,0,4806
614,9,0,5,20,17768820,3694,0,0,4815
615,9,0,8,17,17789160,3693,0,0,4824
616,9,0,10,15,17804640,3691,0,0,4833
617,8,0,9,16,17839920,3692,0,0,4841
618,15,0,18,7,17866020,3692,0,0,4856
619,6,0,9,16,17922360,3693,0,0,4862
620,9,0,10,15,17954460,3693,0,0,4871
621,4,0,4,21,17999520,3695,0,0,4875
622,4,0,6,19,18009060,3695,0,0,4879
623,10,0,7,18,18034380,3694,0,0,4889
624,6,0,6,19,18049920,3691,0,0,4895
625,9,0,5,20,18080220,3690,0,0,4904
626,2,0,5,20,18082980,3689,0,0,4906
627,5,0,5,20,18112920,3691,0,0,4911
628,5,0,5,20,18133200,3692,0,0,4916
629,9,0,9,16,18141660,3690,0,0,4925
630,9,0,10,15,18171480,3690,0,0,4934
631,10,0,6,19,18214200,3688,0,0,4944
632,3,0,5,20,18235560,3689,0,0,4947
633,3,0,4,21,18259440,3691,0,0,4950
634,14,0,9,16,18277680,3688,0,0,4964
635,7,0,10,15,18298380,3688,0,0,4971
636,10,0,10,15,18339000,3689,0,0,4981
637,9,0,8,17,18376140,3688,0,0,4990
638,7,0,8,17,18405300,3689,0,0,4997
639,12,0,12,13,18435180,3689,0,0,5009
640,8,0,10,15,18463620,3687,0,0,5017
641,13,0,15,10,18489120,3686,0,0,5030
642,12,0,9,16,18555000,3686,0,0,5042
643,6,0,8,17,18572520,3685,0,0,5048
644,9,0,8,17,18610920,3686,0,0,5057
645,7,0,8,17,18634320,3685,0,0,5064
646,11,0,12,13,18659280,3685,0,0,5075
647,5,0,8,17,18700740,3687,0,0,5080
648,5,0,6,19,18731580,3688,0,0,5085
649,4,0,4,21,18758700,3689,0,0,5089
650,4,0,3,22,18778080,3689,0,0,5093
651,9,0,4,21,18802980,3688,0,0,5102
652,5,0,5,20,18813240,3687,0,0,5107
653,6,0,8,17,18827880,3688,0,0,5113
654,3,0,3,22,18861900,3689,0,0,5116
655,7,0,4,21,18883380,3688,0,0,5123
656,9,0,11,14,18886020,3687,0,0,5132
657,8,0,5,20,18930780,3686,0,0,5140
658,9,0,12,13,18936720,3686,0,0,5149
659,10,0,14,11,18971460,3687,0,0,5159
660,8,0,9,16,19025580,3688,0,0,5167
661,13,0,12,13,19072080,3690,0,0,5180
662,15,0,18,7,19094700,3688,0,0,5195
663,5,0,6,19,19172520,3691,0,0,5200
664,12,0,10,15,19203600,3691,0,0,5212
665,7,0,10,15,19237380,3693,0,0,5219
666,5,0,4,21,19282260,3693,0,0,5224
667,8,0,5,20,19304580,3693,0,0,5232
668,8,0,5,20,19325700,3691,0,0,5240
669,7,0,5,20,19344660,3690,0,0,5247
670,9,0,9,16,19358700,3689,0,0,5256
671,6,0,5,20,19402020,3690,0,0,5262
672,5,0,6,19,19416360,3690,0,0,5267
673,4,0,9,16,19419300,3690,0,0,5271
674,5,0,9,16,19430460,3689,0,0,5276
675,5,0,9,16,19443120,3687,0,0,5281
676,6,0,11,14,19456920,3687,0,0,5287
677,6,0,12,13,19477740,3688,0,0,5293
678,4,0,9,16,19507380,3688,0,0,5297
679,12,0,18,7,19511280,3687,0,0,5309
680,10,0,16,9,19548240,3686,0,0,5319
681,12,0,15,10,19599480,3686,0,0,5331
682,10,0,15,10,19627620,3685,0,0,5341
683,7,0,14,11,19656240,3685,0,0,5348
684,9,0,16,9,19686960,3686,0,0,5357
685,10,0,16,9,19721700,3685,0,0,5367
686,5,0,8,17,19778100,3687,0,0,5372
687,12,0,16,9,19782600,3685,0,0,5384
688,8,0,15,10,19815960,3685,0,0,5392
689,8,0,17,8,19842900,3686,0,0,5400
690,12,0,14,11,19893480,3685,0,0,5412
691,16,0,21,4,19918800,3683,0,0,5428
692,11,0,16,9,19985460,3685,0,0,5439
693,7,0,10,15,20045040,3687,0,0,5446
694,6,0,7,18,20063640,3684,0,0,5452
695,2,0,7,18,20080500,3686,0,0,5454
696,5,0,10,15,20083920,3685,0,0,5459
697,3,0,9,16,20102880,3686,0,0,5462
698,4,0,11,14,20106840,3685,0,0,5466
699,2,0,9,16,20133600,3688,0,0,5468
700,5,0,9,16,20151720,3688,0,0,5473
701,6,0,10,15,20166420,3687,0,0,5479
702,5,0,8,17,20187180,3686,0,0,5484
703,9,0,13,12,20200800,3686,0,0,5493
704,9,0,12,13,20229840,3684,0,0,5502
705,10,0,15,10,20249760,3683,0,0,5512
706,10,0,17,8,20285160,3684,0,0,5522
707,5,0,13,12,20336640,3688,0,0,5527
708,13,0,15,10,20377140,3688,0,0,5540
709,9,0,14,11,20407260,3686,0,0,5549
710,10,0,13,12,20433960,3684,0,0,5559
711,11,0,15,10,20473260,3685,0,0,5570
712,8,0,15,10,20504880,3685,0,0,5578
713,9,0,16,9,20529540,3685,0,0,5587
714,4,0,10,15,20584380,3688,0,0,5591
715,2,0,10,15,20594880,3688,0,0,5593
716,6,0,10,15,20624460,3690,0,0,5599
717,7,0,12,13,20635140,3688,0,0,5606
718,14,0,18,7,20660100,3687,0,0,5620
719,5,0,12,13,20702340,3688,0,0,5625
720,2,0,7,18,20737800,3690,0,0,5627
721,2,0,8,17,20743920,3690,0,0,5629
722,2,0,6,19,20761020,3690,0,0,5631
723,9,0,10,15,20768520,3688,0,0,5640
724,10,0,14,11,20783460,3687,0,0,5650
725,5,0,9,16,20813040,3686,0,0,5655
726,10,0,11,14,20841840,3686,0,0,5665
727,10,0,13,12,20857080,3683,0,0,5675
728,9,0,13,12,20882340,3682,0,0,5684
729,12,0,17,8,20909040,3681,0,0,5696
730,9,0,15,10,20952540,3682,0,0,5705
731,16,0,17,8,21004380,3682,0,0,5721
732,12,0,18,7,21038640,3681,0,0,5733
733,7,0,14,11,21087120,3682,0,0,5740
734,10,0,18,7,21117960,3684,0,0,5750
735,11,0,16,9,21166020,3684,0,0,5761
736,10,0,15,10,21205140,3684,0,0,5771
737,14,0,19,6,21242880,3684,0,0,5785
738,6,0,16,9,21277860,3684,0,0,5791
739,10,0,15,10,21330480,3686,0,0,5801
740,4,0,12,13,21357840,3686,0,0,5805
741,4,0,13,12,21372660,3687,0,0,5809
742,4,0,7,18,21423360,3689,0,0,5813
743,5,0,9,16,21434160,3689,0,0,5818
744,3,0,8,17,21439620,3688,0,0,5821
745,3,0,6,19,21456600,3687,0,0,5824
746,5,0,11,14,21456600,3687,0,0,5829
747,4,0,13,12,21464400,3688,0,0,5833
748,8,0,9,16,21498240,3686,0,0,5841
749,6,0,10,15,21526140,3687,0,0,5847
750,8,0,13,12,21544920,3687,0,0,5855
751,9,0,11,14,21568800,3685,0,0,5864
752,9,0,14,11,21592080,3685,0,0,5873
753,14,0,16,9,21631140,3684,0,0,5887
754,13,0,19,6,21660300,3683,0,0,5900
755,11,0,20,5,21712140,3685,0,0,5911
756,10,0,15,10,21770640,3686,0,0,5921
757,14,0,12,13,21817620,3683,0,0,5935
758,6,0,13,12,21828600,3682,0,0,5941
759,10,0,15,10,21861720,3682,0,0,5951
760,10,0,12,13,21907980,3682,0,0,5961
761,9,0,13,12,21932640,3681,0,0,5970
762,7,0,14,11,21949800,3680,0,0,5977
763,12,0,13,12,21986040,3679,0,0,5989
764,9,0,15,10,22012140,3679,0,0,5998
765,4,0,9,16,22031760,3676,0,0,6002
766,5,0,13,12,22038240,3676,0,0,6007
767,6,0,8,17,22073520,3675,0,0,6013
768,2,0,6,19,22080960,3674,0,0,6015
769,1,0,6,19,22087200,3675,0,0,6016
770,10,0,11,14,22096020,3673,0,0,6026
771,3,0,10,15,22108560,3673,0,0,6029
772,5,0,10,15,22140480,3675,0,0,6034
773,3,0,9,16,22157880,3675,0,0,6037
774,8,0,12,13,22172040,3675,0,0,6045
775,5,0,10,15,22191900,3674,0,0,6050
776,8,0,9,16,22217820,3672,0,0,6058
777,3,0,7,18,22226580,3671,0,0,6061
778,11,0,14,11,22238520,3670,0,0,6072
779,3,0,10,15,22268460,3671,0,0,6075
780,14,0,19,6,22287960,3671,0,0,6089
781,15,0,18,7,22343100,3671,0,0,6104
782,8,0,14,11,22389660,3671,0,0,6112
783,6,0,10,15,22421520,3670,0,0,6118
784,12,0,14,11,22451040,3670,0,0,6130
785,12,0,17,8,22472880,3669,0,0,6142
786,5,0,10,15,22515600,3668,0,0,6147
787,5,0,11,14,22534020,3669,0,0,6152
788,8,0,12,13,22555020,3668,0,0,6160
789,5,0,12,13,22565340,3667,0,0,6165
790,4,0,8,17,22603500,3668,0,0,6169
791,5,0,8,17,22617960,3668,0,0,6174
792,2,0,8,17,22626000,3668,0,0,6176
793,7,0,11,14,22642140,3668,0,0,6183
794,9,0,14,11,22663440,3668,0,0,6192
795,6,0,10,15,22692840,3667,0,0,6198
796,3,0,8,17,22704540,3666,0,0,6201
797,3,0,8,17,22714560,3666,0,0,6204
798,11,0,17,8,22718100,3665,0,0,6215
799,7,0,13,12,22756200,3665,0,0,6222
800,7,0,12,13,22784460,3664,0,0,6229
801,12,0,17,8,22811640,3665,0,0,6241
802,9,0,18,7,22842660,3665,0,0,6250
803,9,0,14,11,22908060,3668,0,0,6259
804,9,0,13,12,22939020,3667,0,0,6268
805,11,0,17,8,22956120,3665,0,0,6279
806,10,0,19,6,22996440,3667,0,0,6289
807,13,0,21,4,23046780,3669,0,0,6302
808,15,0,16,9,23118840,3669,0,0,6317
809,14,0,18,7,23162340,3668,0,0,6331
810,5,0,15,10,23198520,3670,0,0,6336
811,10,0,15,10,23241060,3670,0,0,6346
812,6,0,12,13,23271120,3670,0,0,6352
813,5,0,10,15,23294100,3670,0,0,6357
814,8,0,11,14,23316420,3669,0,0,6365
815,6,0,14,11,23320980,3668,0,0,6371
816,9,0,14,11,23358360,3669,0,0,6380
817,5,0,14,11,23385960,3670,0,0,6385
818,9,0,16,9,23410080,3670,0,0,6394
819,3,0,11,14,23447220,3671,0,0,6397
820,9,0,14,11,23478420,3673,0,0,6406
821,4,0,9,16,23516400,3673,0,0,6410
822,3,0,8,17,23534040,3674,0,0,6413
823,11,0,13,12,23557920,3674,0,0,6424
824,6,0,15,10,23578020,3675,0,0,6430
825,13,0,19,6,23614140,3675,0,0,6443
826,11,0,15,10,23659380,3674,0,0,6454
827,14,0,20,5,23693520,3674,0,0,6468
828,8,0,16,9,23739660,3674,0,0,6476
829,23,0,25,0,23787420,3674,3300,0,6499
830,12,0,23,2,23829960,3672,3300,0,6511
831,10,0,21,4,23896140,3676,3300,0,6521
832,7,0,12,13,23973540,3679,3300,0,6528
833,7,0,11,14,24000540,3678,3300,0,6535
834,12,0,19,6,24008700,3677,3300,0,6547
835,12,0,18,7,24068640,3679,3300,0,6559
836,6,0,16,9,24104400,3680,3300,0,6565
837,6,0,11,14,24153120,3681,3300,0,6571
838,7,0,13,12,24177420,3682,3300,0,6578
839,5,0,12,13,24204360,3683,3300,0,6583
840,7,0,12,13,24221820,3682,3300,0,6590
841,7,0,13,12,24255000,3683,3300,0,6597
842,5,0,9,16,24284580,3683,3300,0,6602
843,7,0,7,18,24314820,3682,3300,0,6609
844,7,0,8,17,24325560,3681,3300,0,6616
845,4,0,9,16,24336900,3681,3300,0,6620
846,5,0,12,13,24339420,3680,3300,0,6625
847,11,0,13,12,24368700,3679,3300,0,6636
848,12,0,16,9,24391140,3677,3300,0,6648
849,8,0,16,9,24426480,3678,3300,0,6656
850,13,0,19,6,24455880,3677,3300,0,6669
851,10,0,13,12,24509040,3676,3300,0,6679
852,16,0,20,5,24544980,3677,3300,0,6695
853,11,0,17,8,24597480,3677,3300,0,6706
854,12,0,14,11,24650100,3676,3300,0,6718
855,11,0,13,12,24679380,3674,3300,0,6729
856,6,0,11,14,24705660,3674,3300,0,6735
857,9,0,12,13,24721920,3672,3300,0,6744
858,8,0,15,10,24734880,3671,3300,0,6752
859,9,0,14,11,24775740,3672,3300,0,6761
860,3,0,12,13,24803400,3673,3300,0,6764
861,11,0,13,12,24842040,3673,3300,0,6775
862,4,0,9,16,24868680,3673,3300,0,6779
863,6,0,11,14,24880320,3672,3300,0,6785
864,4,0,11,14,24884160,3671,3300,0,6789
865,6,0,7,18,24914580,3670,3300,0,6795
866,9,0,12,13,24923400,3669,3300,0,6804
867,8,0,10,15,24939540,3666,3300,0,6812
868,4,0,12,13,24948480,3666,3300,0,6816
869,6,0,12,13,24975180,3667,3300,0,6822
870,5,0,8,17,25012740,3668,3300,0,6827
871,11,0,16,9,25017660,3667,3300,0,6838
872,7,0,13,12,25052880,3666,3300,0,6845
873,10,0,15,10,25077420,3666,3300,0,6855
874,8,0,13,12,25107060,3665,3300,0,6863
875,12,0,14,11,25142520,3664,3300,0,6875
876,11,0,15,10,25177080,3664,3300,0,6886
877,10,0,12,13,25219560,3663,3300,0,6896
878,6,0,8,17,25257480,3663,3300,0,6902
879,11,0,13,12,25272600,3662,3300,0,6913
880,10,0,16,9,25283940,3660,3300,0,6923
881,12,0,19,6,25312140,3659,3300,0,6935
882,9,0,19,6,25352940,3661,3300,0,6944
883,8,0,16,9,25405500,3662,3300,0,6952
884,5,0,12,13,25443300,3663,3300,0,6957
885,8,0,11,14,25493520,3666,3300,0,6965
886,10,0,15,10,25506720,3664,3300,0,6975
887,6,0,11,14,25545660,3665,3300,0,6981
888,4,0,9,16,25579860,3666,3300,0,6985
889,4,0,11,14,25585020,3666,3300,0,6989
890,4,0,10,15,25600980,3666,3300,0,6993
891,7,0,12,13,25616880,3665,3300,0,7000
892,6,0,10,15,25649280,3666,3300,0,7006
893,11,0,14,11,25675920,3666,3300,0,7017
894,7,0,14,11,25708380,3667,3300,0,7024
895,7,0,12,13,25734780,3666,3300,0,7031
896,9,0,14,11,25762260,3666,3300,0,7040
897,13,0,16,9,25797840,3666,3300,0,7053
898,12,0,17,8,25828500,3664,3300,0,7065
899,13,0,22,3,25855860,3664,3300,0,7078
900,14,0,17,8,25927800,3664,3300,0,7092
901,10,0,18,7,25959420,3664,3300,0,7102
902,11,0,20,5,26004180,3666,3300,0,7113
903,4,0,15,10,26056080,3668,3300,0,7117
904,6,0,11,14,26112060,3671,3300,0,7123
905,10,0,13,12,26135940,3670,3300,0,7133
906,5,0,12,13,26161320,3671,3300,0,7138
907,9,0,13,12,26192640,3671,3300,0,7147
908,2,0,12,13,26207220,3672,3300,0,7149
909,4,0,9,16,26246160,3673,3300,0,7153
910,5,0,11,14,26253240,3673,3300,0,7158
911,2,0,8,17,26280480,3674,3300,0,7160
912,4,0,9,16,26290680,3674,3300,0,7164
913,6,0,12,13,26306760,3675,3300,0,7170
914,3,0,13,12,26318580,3675,3300,0,7173
915,4,0,10,15,26350980,3676,3300,0,7177
916,4,0,9,16,26370180,3676,3300,0,7181
917,3,0,7,18,26392920,3677,3300,0,7184
918,11,0,16,9,26398380,3677,3300,0,7195
919,9,0,12,13,26437920,3676,3300,0,7204
920,11,0,17,8,26457180,3675,3300,0,7215
921,6,0,12,13,26481660,3673,3300,0,7221
922,13,0,14,11,26518140,3672,3300,0,7234
923,11,0,10,15,26572380,3672,3300,0,7245
924,12,0,13,12,26597520,3671,3300,0,7257
925,14,0,16,9,26622720,3669,3300,0,7271
926,12,0,16,9,26664060,3669,3300,0,7283
927,15,0,17,8,26717100,3669,3300,0,7298
928,10,0,15,10,26760240,3669,3300,0,7308
929,7,0,15,10,26793540,3670,3300,0,7315
930,9,0,17,8,26828880,3671,3300,0,7324
931,10,0,21,4,26848920,3671,3300,0,7334
932,12,0,18,7,26916300,3673,3960,0,7346
933,3,0,9,16,26969400,3674,3960,0,7349
934,7,0,8,17,27009840,3675,3960,0,7356
935,3,0,10,15,27013920,3675,3960,0,7359
936,1,0,8,17,27027240,3676,3960,0,7360
937,4,0,9,16,27041760,3676,3960,0,7364
938,4,0,10,15,27054300,3676,3960,0,7368
939,7,0,12,13,27068520,3676,3960,0,7375
940,5,0,11,14,27087420,3675,3960,0,7380
941,7,0,10,15,27119100,3676,3960,0,7387
942,6,0,8,17,27137700,3674,3960,0,7393
943,8,0,13,12,27141600,3673,3960,0,7401
944,9,0,12,13,27183960,3674,3960,0,7410
945,5,0,9,16,27207840,3673,3960,0,7415
946,11,0,13,12,27224880,3672,3960,0,7426
947,7,0,13,12,27238860,3671,3960,0,7433
948,9,0,10,15,27276300,3670,3960,0,7442
949,7,0,12,13,27286860,3669,3960,0,7449
950,4,0,10,15,27314220,3669,3960,0,7453
951,18,0,17,8,27345540,3668,3960,0,7471
952,22,2,25,0,27368160,3665,5460,0,7493
953,12,0,19,6,27434160,3664,6000,0,7505
954,11,0,18,7,27477780,3664,6000,0,7516
955,6,0,12,13,27535620,3666,6000,0,7522
956,7,0,12,13,27565260,3667,6000,0,7529
957,8,0,15,10,27587340,3667,6000,0,7537
958,3,0,8,17,27623880,3667,6000,0,7540
959,10,0,12,13,27641880,3667,6000,0,7550
960,5,0,9,16,27659460,3665,6000,0,7555
961,5,0,11,14,27666780,3664,6000,0,7560
962,11,0,12,13,27693900,3663,6000,0,7571
963,4,0,12,13,27711240,3664,6000,0,7575
964,6,0,11,14,27741720,3664,6000,0,7581
965,7,0,14,11,27751500,3664,6000,0,7588
966,12,0,14,11,27796920,3664,6000,0,7600
967,8,0,12,13,27824520,3663,6000,0,7608
968,6,0,13,12,27846780,3663,6000,0,7614
969,10,0,10,15,27884400,3662,6000,0,7624
970,11,0,15,10,27894840,3660,6000,0,7635
971,5,0,13,12,27921180,3660,6000,0,7640
972,7,0,11,14,27968580,3662,6000,0,7647
973,7,0,14,11,27975960,3661,6000,0,7654
974,15,0,20,5,28008840,3661,6000,0,7669
975,7,0,15,10,28056720,3662,6000,0,7676
976,7,0,10,15,28104720,3662,6000,0,7683
977,16,0,16,9,28125900,3660,6000,0,7699
978,14,0,21,4,28158060,3660,6000,0,7713
979,7,0,11,14,28228440,3661,6000,0,7720
980,12,0,14,11,28253400,3660,6000,0,7732
981,7,0,17,8,28268280,3660,6000,0,7739
982,4,0,10,15,28332480,3663,6000,0,7743
983,6,0,10,15,28357980,3664,6000,0,7749
984,2,0,8,17,28376520,3664,6000,0,7751
985,2,0,9,16,28381920,3665,6000,0,7753
986,7,0,14,11,28395780,3665,6000,0,7760
987,4,0,11,14,28421520,3665,6000,0,7764
988,3,0,8,17,28450020,3666,6000,0,7767
989,5,0,9,16,28460340,3666,6000,0,7772
990,6,0,12,13,28470960,3666,6000,0,7778
991,9,0,11,14,28492620,3664,6000,0,7787
992,9,0,18,7,28499400,3664,6000,0,7796
993,7,0,12,13,28553220,3664,6000,0,7803
994,9,0,16,9,28572900,3665,6000,0,7812
995,9,0,13,12,28610700,3664,6000,0,7821
996,9,0,13,12,28648080,3664,6000,0,7830
997,7,0,12,13,28680180,3665,6000,0,7837
998,7,0,12,13,28712580,3666,6000,0,7844
999,13,0,13,12,28747140,3664,6000,0,7857
1000,8,0,12,13,28774680,3664,6000,0,7865
1001,8,0,11,14,28807860,3664,6000,0,7873
1002,14,0,16,9,28819620,3661,6000,0,7887
1003,9,0,14,11,28859040,3661,6000,0,7896
1004,8,0,17,8,28881900,3661,6000,0,7904
1005,8,0,16,9,28920060,3662,6000,0,7912
1006,7,0,14,11,28950660,3662,6000,0,7919
1007,5,0,9,16,29004120,3664,6000,0,7924
1008,7,0,10,15,29020860,3663,6000,0,7931
1009,4,0,10,15,29040600,3664,6000,0,7935
1010,2,0,6,19,29056380,3663,6000,0,7937
1011,5,0,9,16,29065500,3663,6000,0,7942
1012,1,0,7,18,29076180,3663,6000,0,7943
1013,5,0,11,14,29079060,3663,6000,0,7948
1014,10,0,11,14,29102580,3662,6000,0,7958
1015,7,0,12,13,29120940,3661,6000,0,7965
1016,5,0,10,15,29141700,3661,6000,0,7970
1017,5,0,12,13,29149080,3660,6000,0,7975
1018,15,0,16,9,29185680,3660,6000,0,7990
1019,12,0,20,5,29210340,3659,6000,0,8002
1020,10,0,13,12,29267040,3658,6000,0,8012
1021,5,0,12,13,29299200,3660,6000,0,8017
1022,11,0,13,12,29340960,3660,6000,0,8028
1023,13,0,17,8,29369940,3660,6000,0,8041
1024,10,0,18,7,29397660,3659,6000,0,8051
1025,4,0,8,17,29462040,3661,6000,0,8055
1026,11,0,14,11,29468460,3659,6000,0,8066
1027,7,0,16,9,29488740,3660,6000,0,8073
1028,4,0,14,11,29517180,3660,6000,0,8077
1029,8,0,11,14,29562360,3661,6000,0,8085
1030,8,0,12,13,29575260,3659,6000,0,8093
1031,9,0,14,11,29610840,3661,6000,0,8102
1032,5,0,12,13,29637480,3661,6000,0,8107
1033,6,0,11,14,29661840,3661,6000,0,8113
1034,6,0,13,12,29674440,3660,6000,0,8119
1035,6,0,11,14,29710800,3661,6000,0,8125
1036,3,0,10,15,29737260,3663,6000,0,8128
1037,8,0,11,14,29770260,3664,6000,0,8136
1038,6,0,9,16,29790600,3662,6000,0,8142
1039,10,0,14,11,29804160,3662,6000,0,8152
1040,15,0,20,5,29824200,3660,6000,0,8167
1041,9,0,20,5,29857140,3660,6000,0,8176
1042,7,0,14,11,29910540,3661,6000,0,8183
1043,10,0,17,8,29940540,3662,6000,0,8193
1044,5,0,13,12,29979300,3662,6000,0,8198
1045,9,0,13,12,30023820,3664,6000,0,8207
1046,11,0,18,7,30039000,3663,6000,0,8218
1047,19,0,21,4,30079620,3661,6000,0,8237
1048,8,0,16,9,30120900,3660,6000,0,8245
1049,6,0,12,13,30173340,3662,6000,0,8251
1050,11,0,12,13,30203280,3661,6000,0,8262
1051,6,0,9,16,30237480,3661,6000,0,8268
1052,6,0,8,17,30250020,3659,6000,0,8274
1053,4,0,8,17,30259560,3658,6000,0,8278
1054,3,0,9,16,30263580,3658,6000,0,8281
1055,3,0,11,14,30273480,3659,6000,0,8284
1056,6,0,12,13,30292620,3659,6000,0,8290
1057,6,0,11,14,30325140,3660,6000,0,8296
1058,8,0,13,12,30337260,3659,6000,0,8304
1059,7,0,12,13,30366840,3659,6000,0,8311
1060,4,0,9,16,30402960,3660,6000,0,8315
1061,7,0,12,13,30423000,3661,6000,0,8322
1062,5,0,13,12,30437940,3661,6000,0,8327
1063,8,0,14,11,30461280,3660,6000,0,8335
1064,8,0,13,12,30491700,3660,6000,0,8343
1065,10,0,13,12,30527580,3660,6000,0,8353
1066,10,0,13,12,30544560,3658,6000,0,8363
1067,12,0,17,8,30569340,3657,6000,0,8375
1068,10,0,16,9,30615360,3658,6000,0,8385
1069,15,0,18,7,30661200,3657,6000,0,8400
1070,10,0,17,8,30696720,3657,6000,0,8410
1071,11,0,18,7,30747180,3659,6000,0,8421
1072,11,0,16,9,30803580,3660,6000,0,8432
1073,7,0,9,16,30839820,3658,6000,0,8439
1074,14,0,17,8,30862740,3658,6000,0,8453
1075,3,0,13,12,30890820,3658,6000,0,8456
1076,6,0,10,15,30930240,3659,6000,0,8462
1077,16,0,16,9,30955860,3658,6000,0,8478
1078,4,0,15,10,30976500,3658,6000,0,8482
1079,7,0,16,9,31011240,3660,6000,0,8489
1080,6,0,11,14,31058880,3660,6000,0,8495
1081,5,0,13,12,31069920,3660,6000,0,8500
1082,7,0,12,13,31112340,3662,6000,0,8507
1083,8,0,11,14,31142880,3662,6000,0,8515
1084,4,0,8,17,31172340,3662,6000,0,8519
1085,6,0,10,15,31183140,3662,6000,0,8525
1086,7,0,10,15,31193280,3660,6000,0,8532
1087,6,0,11,14,31217940,3661,6000,0,8538
1088,9,0,15,10,31235160,3660,6000,0,8547
1089,8,0,17,8,31263060,3661,6000,0,8555
1090,10,0,16,9,31301160,3661,6000,0,8565
1091,12,0,14,11,31357140,3661,6000,0,8577
1092,10,0,16,9,31382340,3661,6000,0,8587
1093,8,0,15,10,31426440,3662,6000,0,8595
1094,14,0,21,4,31467180,3664,6000,0,8609
1095,8,0,13,12,31523280,3663,6000,0,8617
1096,9,0,14,11,31561140,3664,6000,0,8626
1097,8,0,13,12,31592400,3664,6000,0,8634
1098,8,0,13,12,31619820,3664,6000,0,8642
1099,4,0,13,12,31632180,3664,6000,0,8646
1100,8,0,11,14,31674360,3664,6000,0,8654
1101,8,0,16,9,31692480,3665,6000,0,8662
1102,7,0,15,10,31722840,3665,6000,0,8669
1103,9,0,13,12,31761900,3665,6000,0,8678
1104,4,0,7,18,31796160,3665,6000,0,8682
1105,4,0,9,16,31806540,3665,6000,0,8686
1106,4,0,10,15,31813080,3665,6000,0,8690
1107,3,0,7,18,31830840,3664,6000,0,8693
1108,9,0,12,13,31846200,3664,6000,0,8702
1109,6,0,14,11,31859100,3664,6000,0,8708
1110,5,0,10,15,31900080,3665,6000,0,8713
1111,6,0,13,12,31910640,3665,6000,0,8719
1112,16,0,15,10,31958100,3664,6000,0,8735
1113,15,0,15,10,31997160,3663,6000,0,8750
1114,13,0,16,9,32035080,3662,6000,0,8763
1115,10,0,12,13,32076660,3661,6000,0,8773
1116,9,0,16,9,32099760,3661,6000,0,8782
1117,7,0,15,10,32132940,3662,6000,0,8789
1118,8,0,16,9,32161260,3662,6000,0,8797
1119,5,0,13,12,32201580,3663,6000,0,8802
1120,7,0,12,13,32221740,3662,6000,0,8809
1121,14,0,19,6,32254800,3663,6000,0,8823
1122,12,0,17,8,32301060,3663,6000,0,8835
1123,2,0,8,17,32349660,3664,6000,0,8837
1124,5,0,10,15,32365440,3664,6000,0,8842
1125,7,0,11,14,32387160,3664,6000,0,8849
1126,6,0,12,13,32403180,3664,6000,0,8855
1127,5,0,10,15,32436000,3665,6000,0,8860
1128,4,0,8,17,32461620,3665,6000,0,8864
1129,3,0,6,19,32474760,3664,6000,0,8867
1130,1,0,6,19,32481600,3665,6000,0,8868
1131,4,0,6,19,32486340,3664,6000,0,8872
1132,6,0,10,15,32487960,3663,6000,0,8878
1133,5,0,9,16,32505900,3663,6000,0,8883
1134,5,0,10,15,32519520,3662,6000,0,8888
1135,11,0,16,9,32544840,3663,6000,0,8899
1136,8,0,16,9,32559120,3662,6000,0,8907
1137,9,0,13,12,32616720,3663,6000,0,8916
1138,6,0,11,14,32648700,3663,6000,0,8922
1139,11,0,12,13,32677740,3663,6000,0,8933
1140,11,0,15,10,32692080,3661,6000,0,8944
1141,12,0,12,13,32738640,3660,6000,0,8956
1142,6,0,11,14,32766300,3660,6000,0,8962
1143,3,0,9,16,32780220,3660,6000,0,8965
1144,9,0,12,13,32797740,3659,6000,0,8974
1145,11,0,15,10,32815200,3658,6000,0,8985
1146,7,0,13,12,32836320,3657,6000,0,8992
1147,8,0,15,10,32860260,3657,6000,0,9000
1148,6,0,10,15,32904720,3657,6000,0,9006
1149,10,0,12,13,32929380,3657,6000,0,9016
1150,6,0,13,12,32949000,3657,6000,0,9022
1151,6,0,12,13,32978520,3657,6000,0,9028
1152,3,0,10,15,33003660,3658,6000,0,9031
1153,6,0,10,15,33028620,3658,6000,0,9037
1154,9,0,13,12,33037980,3657,6000,0,9046
1155,4,0,13,12,33056040,3657,6000,0,9050
1156,4,0,11,14,33091560,3659,6000,0,9054
1157,12,0,15,10,33122280,3659,6000,0,9066
1158,7,0,17,8,33143160,3659,6000,0,9073
1159,6,0,11,14,33203340,3661,6000,0,9079
1160,8,0,14,11,33216480,3661,6000,0,9087
1161,12,0,17,8,33236580,3659,6000,0,9099
1162,8,0,13,12,33287400,3660,6000,0,9107
1163,13,0,18,7,33320340,3660,6000,0,9120
1164,10,0,18,7,33359940,3661,6000,0,9130
1165,14,0,19,6,33413280,3661,6000,0,9144
1166,9,0,16,9,33456120,3661,6000,0,9153
1167,11,0,12,13,33512640,3661,6000,0,9164
1168,6,0,12,13,33528060,3661,6000,0,9170
1169,11,0,18,7,33554160,3661,6000,0,9181
1170,10,0,18,7,33593160,3662,6000,0,9191
1171,4,0,9,16,33644640,3662,6000,0,9195
1172,3,0,10,15,33658260,3663,6000,0,9198
1173,6,0,15,10,33664740,3663,6000,0,9204
1174,7,0,12,13,33694260,3662,6000,0,9211
1175,6,0,11,14,33720420,3662,6000,0,9217
1176,2,0,7,18,33751680,3663,6000,0,9219
1177,5,0,10,15,33762000,3664,6000,0,9224
1178,4,0,9,16,33772320,3663,6000,0,9228
1179,8,0,14,11,33779940,3662,6000,0,9236
1180,6,0,10,15,33804420,3661,6000,0,9242
1181,3,0,8,17,33822180,3661,6000,0,9245
1182,5,0,10,15,33830640,3661,6000,0,9250
1183,5,0,10,15,33845340,3660,6000,0,9255
1184,8,0,14,11,33858420,3660,6000,0,9263
1185,9,0,15,10,33891900,3661,6000,0,9272
1186,8,0,11,14,33935340,3661,6000,0,9280
1187,9,0,12,13,33954000,3660,6000,0,9289
1188,14,0,20,5,33984120,3660,6000,0,9303
1189,8,0,17,8,34026000,3661,6000,0,9311
1190,7,0,14,11,34064760,3661,6000,0,9318
1191,12,0,16,9,34104840,3661,6000,0,9330
1192,15,0,19,6,34140000,3660,6000,0,9345
1193,6,0,15,10,34190400,3662,6000,0,9351
1194,8,0,15,10,34232460,3663,6000,0,9359
1195,9,0,16,9,34266360,3664,6000,0,9368
1196,9,0,17,8,34305060,3665,6000,0,9377
1197,8,0,11,14,34350540,3664,6000,0,9385
1198,3,0,8,17,34379700,3665,6000,0,9388
1199,8,0,14,11,34381440,3664,6000,0,9396
1200,10,0,16,9,34410000,3664,6000,0,9406
1201,2,0,11,14,34446480,3665,6000,0,9408
1202,3,0,9,16,34468080,3666,6000,0,9411
1203,5,0,7,18,34489800,3665,6000,0,9416
1204,7,0,8,17,34502340,3664,6000,0,9423
1205,13,0,17,8,34509060,3663,6000,0,9436
1206,2,0,14,11,34536840,3664,6000,0,9438
1207,8,0,16,9,34569480,3665,6000,0,9446
1208,8,0,14,11,34616520,3667,6000,0,9454
1209,6,0,10,15,34660140,3667,6000,0,9460
1210,3,0,10,15,34680660,3668,6000,0,9463
1211,6,0,8,17,34708680,3668,6000,0,9469
1212,11,0,14,11,34719240,3667,6000,0,9480
1213,11,0,16,9,34744020,3666,6000,0,9491
1214,5,0,12,13,34797780,3669,6000,0,9496
1215,10,0,14,11,34829400,3669,6000,0,9506
1216,12,0,14,11,34871160,3669,6000,0,9518
1217,9,0,13,12,34899240,3668,6000,0,9527
1218,9,0,13,12,34934280,3668,6000,0,9536
1219,8,0,14,11,34951500,3667,6000,0,9544
1220,6,0,12,13,34980840,3667,6000,0,9550
1221,11,0,15,10,34999800,3666,6000,0,9561
1222,6,0,13,12,35026440,3666,6000,0,9567
1223,10,0,16,9,35058360,3666,6000,0,9577
1224,4,0,11,14,35087820,3666,6000,0,9581
1225,3,0,8,17,35111820,3666,6000,0,9584
1226,4,0,9,16,35124900,3666,6000,0,9588
1227,1,0,6,19,35138520,3666,6000,0,9589
1228,4,0,6,19,35146560,3666,6000,0,9593
1229,7,0,9,16,35149680,3664,6000,0,9600
1230,6,0,12,13,35154960,3664,6000,0,9606
1231,12,0,16,9,35184420,3664,6000,0,9618
1232,9,0,16,9,35213400,3663,6000,0,9627
1233,5,0,10,15,35244600,3662,6000,0,9632
1234,16,0,19,6,35275620,3663,6000,0,9648
1235,11,0,18,7,35304600,3661,6000,0,9659
1236,20,1,25,0,35340780,3661,8280,0,9679
1237,11,0,23,2,35417460,3663,10320,1,9690
1238,5,0,15,10,35482920,3665,10320,1,9695
1239,12,0,20,5,35513220,3666,10320,1,9707
1240,10,0,14,11,35572140,3666,10320,1,9717
1241,6,0,12,13,35608980,3666,10320,1,9723
1242,9,0,10,15,35646780,3666,10320,1,9732
1243,10,0,16,9,35653260,3665,10320,1,9742
1244,14,0,14,11,35696940,3664,10320,1,9756
1245,8,0,12,13,35719380,3662,10320,1,9764
1246,3,0,7,18,35753100,3663,10320,1,9767
1247,5,0,8,17,35760600,3662,10320,1,9772
1248,5,0,13,12,35760600,3662,10320,1,9777
1249,3,0,8,17,35794260,3662,10320,1,9780
1250,5,0,9,16,35811960,3663,10320,1,9785
1251,4,0,8,17,35820240,3662,10320,1,9789
1252,3,0,7,18,35835540,3662,10320,1,9792
1253,6,0,12,13,35836620,3662,10320,1,9798
1254,7,0,13,12,35854260,3661,10320,1,9805
1255,9,0,11,14,35883360,3660,10320,1,9814
1256,11,0,12,13,35915400,3659,10320,1,9825
1257,12,0,15,10,35942880,3659,10320,1,9837
1258,12,0,16,9,35979900,3659,10320,1,9849
1259,9,0,14,11,36013140,3658,10320,1,9858
1260,8,0,14,11,36031380,3657,10320,1,9866
1261,9,0,15,10,36063780,3657,10320,1,9875
1262,4,0,12,13,36088200,3657,10320,1,9879
1263,13,0,14,11,36128280,3657,10320,1,9892
1264,10,0,13,12,36160800,3656,10320,1,9902
1265,9,0,16,9,36186720,3657,10320,1,9911
1266,8,0,14,11,36226980,3657,10320,1,9919
1267,8,0,14,11,36255600,3657,10320,1,9927
1268,10,0,14,11,36282060,3656,10320,1,9937
1269,6,0,12,13,36308820,3656,10320,1,9943
1270,8,0,10,15,36345900,3656,10320,1,9951
1271,11,0,14,11,36370920,3656,10320,1,9962
1272,4,0,9,16,36402780,3655,10320,1,9966
1273,3,0,10,15,36410040,3655,10320,1,9969
1274,4,0,10,15,36427440,3656,10320,1,9973
1275,4,0,10,15,36438240,3655,10320,1,9977
1276,9,0,8,17,36474060,3655,10320,1,9986
1277,14,0,17,8,36481920,3654,10320,1,10000
1278,6,0,9,16,36524520,3653,10320,1,10006
1279,5,0,11,14,36540120,3654,10320,1,10011
1280,7,0,11,14,36558660,3653,10320,1,10018
1281,4,0,11,14,36569700,3652,10320,1,10022
1282,13,0,13,12,36603780,3652,10320,1,10035
1283,11,0,15,10,36625920,3651,10320,1,10046
1284,8,0,14,11,36658260,3651,10320,1,10054
1285,8,0,12,13,36695700,3651,10320,1,10062
1286,8,0,11,14,36729780,3651,10320,1,10070
1287,16,0,20,5,36752160,3651,10320,1,10086
1288,6,0,11,14,36800220,3650,10320,1,10092
1289,8,0,13,12,36820800,3650,10320,1,10100
1290,11,0,14,11,36841860,3648,10320,1,10111
1291,5,0,11,14,36887760,3650,10320,1,10116
1292,15,0,17,8,36910140,3649,10320,1,10131
1293,5,0,13,12,36945720,3649,10320,1,10136
1294,7,0,11,14,36978300,3649,10320,1,10143
1295,3,0,7,18,37008960,3650,10320,1,10146
1296,6,0,9,16,37012860,3649,10320,1,10152
1297,3,0,8,17,37036620,3650,10320,1,10155
1298,3,0,6,19,37052280,3649,10320,1,10158
1299,6,0,9,16,37060740,3649,10320,1,10164
1300,11,0,13,12,37077120,3648,10320,1,10175
1301,4,0,7,18,37106580,3647,10320,1,10179
1302,10,0,14,11,37112580,3647,10320,1,10189
1303,4,0,10,15,37136640,3646,10320,1,10193
1304,2,0,7,18,37161480,3647,10320,1,10195
1305,8,0,12,13,37173180,3647,10320,1,10203
1306,9,0,15,10,37188120,3646,10320,1,10212
1307,8,0,17,8,37212900,3647,10320,1,10220
1308,12,0,18,7,37252620,3647,10320,1,10232
1309,14,0,21,4,37305660,3648,10320,1,10246
1310,5,0,18,7,37342440,3649,10320,1,10251
1311,10,0,14,11,37416120,3651,10320,1,10261
1312,10,0,18,7,37447920,3652,10320,1,10271
1313,10,0,14,11,37485240,3651,10320,1,10281
1314,6,0,10,15,37531740,3652,10320,1,10287
1315,7,0,10,15,37547760,3651,10320,1,10294
1316,6,0,13,12,37560720,3651,10320,1,10300
1317,9,0,12,13,37599000,3651,10320,1,10309
1318,3,0,8,17,37626420,3651,10320,1,10312
1319,7,0,14,11,37628760,3651,10320,1,10319
1320,5,0,9,16,37672860,3652,10320,0,10324
1321,2,0,7,18,37683120,3651,10320,0,10326
1322,2,0,6,19,37694100,3651,10320,0,10328
1323,3,0,8,17,37698120,3651,10320,0,10331
1324,5,0,8,17,37709400,3651,10320,0,10336
1325,16,0,13,12,37726200,3648,10320,0,10352
1326,6,0,8,17,37751520,3647,10320,0,10358
1327,10,0,14,11,37773060,3648,10320,0,10368
1328,11,0,14,11,37792740,3646,10320,0,10379
1329,8,0,17,8,37811700,3646,10320,0,10387
1330,8,0,14,11,37862100,3647,10320,0,10395
1331,9,0,12,13,37901640,3647,10320,0,10404
1332,2,0,9,16,37922940,3647,10320,0,10406
1333,8,0,10,15,37939800,3646,10320,0,10414
1334,13,0,18,7,37962720,3647,10320,0,10427
1335,9,0,16,9,37994280,3646,10320,0,10436
1336,8,0,14,11,38036400,3646,10320,0,10444
1337,9,0,14,11,38068620,3646,10320,0,10453
1338,6,0,12,13,38111280,3648,10320,0,10459
1339,11,0,18,7,38129700,3648,10320,0,10470
1340,5,0,13,12,38185440,3649,10320,0,10475
1341,8,0,11,14,38218500,3649,10320,0,10483
1342,8,0,12,13,38239980,3649,10320,0,10491
1343,7,0,12,13,38265600,3649,10320,0,10498
1344,8,0,14,11,38292480,3649,10320,0,10506
1345,1,0,15,10,38292480,3649,10320,0,10507
1346,2,0,15,10,38299260,3649,10320,0,10509
1347,5,0,15,10,38305500,3648,10320,0,10514
1348,3,0,14,11,38318340,3648,10320,0,10517
1349,7,0,18,7,38323500,3647,10320,0,10524
1350,11,0,25,0,38334240,3647,12480,1,10535
1351,5,0,19,6,38378940,3647,12480,1,10540
1352,5,0,19,6,38399040,3648,12480,1,10545
1353,8,0,20,5,38419680,3647,12480,1,10553
1354,7,0,19,6,38439960,3646,12480,1,10560
1355,12,0,23,2,38472240,3647,12480,1,10572
1356,9,0,24,1,38495460,3646,13740,1,10581
1357,7,0,19,6,38541420,3646,13740,1,10588
1358,19,2,25,0,38578680,3646,14100,1,10607
1359,7,5,25,0,38590560,3646,18780,1,10614
1360,6,0,23,2,38647260,3647,34740,3,10620
1361,11,0,23,2,38687640,3647,36780,3,10631
1362,10,0,22,3,38735340,3647,36780,3,10641
1363,10,0,22,3,38761260,3646,36780,3,10651
1364,6,0,21,4,38788560,3646,36780,3,10657
1365,12,1,25,0,38813580,3646,38280,3,10669
1366,7,0,20,5,38862960,3647,42000,3,10676
1367,6,0,22,3,38885700,3647,42000,3,10682
1368,6,0,18,7,38920140,3647,42000,3,10688
1369,3,0,18,7,38932740,3647,42000,3,10691
1370,3,0,17,8,38950140,3648,42000,3,10694
1371,7,0,19,6,38967840,3647,42000,3,10701
1372,6,0,19,6,38982180,3647,42000,3,10707
1373,7,0,17,8,39009660,3646,42000,3,10714
1374,3,0,17,8,39017820,3646,42000,3,10717
1375,11,0,24,1,39035940,3646,42000,3,10728
1376,8,0,24,1,39060480,3646,42840,3,10736
1377,5,0,17,8,39112380,3647,42840,3,10741
1378,10,0,24,1,39119040,3646,42840,3,10751
1379,11,0,24,1,39161760,3647,42840,3,10762
1380,13,0,23,2,39206040,3646,42840,3,10775
1381,12,0,22,3,39234360,3644,42900,3,10787
1382,16,3,25,0,39270240,3644,44460,4,10803
1383,7,0,23,2,39297480,3643,50700,4,10810
1384,9,0,22,3,39345900,3644,50700,4,10819
1385,6,0,21,4,39371580,3644,50700,4,10825
1386,8,0,17,8,39429360,3645,50700,4,10833
1387,4,0,15,10,39442380,3644,50700,4,10837
1388,4,0,14,11,39448440,3643,50700,4,10841
1389,5,0,18,7,39451440,3643,50700,4,10846
1390,5,0,16,9,39471960,3643,50700,4,10851
1391,9,0,21,4,39482100,3642,50700,4,10860
1392,5,0,19,6,39506520,3642,50700,4,10865
1393,1,0,14,11,39526500,3642,50700,4,10866
1394,7,0,19,6,39535500,3642,50700,4,10873
1395,4,0,18,7,39550620,3642,50700,4,10877
1396,12,0,23,2,39570120,3641,50700,4,10889
1397,3,0,21,4,39586860,3641,50700,4,10892
1398,7,0,22,3,39615060,3642,50700,4,10899
1399,5,0,18,7,39656460,3642,50700,4,10904
1400,6,0,19,6,39674880,3642,50700,4,10910
1401,9,0,21,4,39697620,3642,50700,4,10919
1402,7,0,22,3,39716400,3642,50700,4,10926
1403,15,2,25,0,39749460,3642,51360,4,10941
1404,12,3,25,0,39780300,3641,57300,5,10953
1405,11,0,25,0,39828960,3641,61980,5,10964
1406,10,0,24,1,39868320,3640,62340,5,10974
1407,14,5,25,0,39903120,3641,63900,5,10988
1408,8,1,25,0,39960780,3642,76020,6,10996
1409,7,0,20,5,40001160,3642,79560,7,11003
1410,12,0,23,2,40032240,3641,79560,7,11015
1411,5,0,20,5,40070460,3642,79560,7,11020
1412,5,0,20,5,40093980,3643,79560,7,11025
1413,9,0,21,4,40122480,3643,79920,7,11034
1414,9,0,20,5,40159680,3643,79920,7,11043
1415,4,0,17,8,40190640,3643,79920,7,11047
1416,9,0,24,1,40197780,3643,79920,7,11056
1417,12,0,25,0,40233000,3643,82860,7,11068
1418,2,0,21,4,40261800,3643,82860,7,11070
1419,3,0,16,9,40308180,3645,82860,7,11073
1420,6,0,17,8,40325340,3645,82860,7,11079
1421,5,0,18,7,40337520,3645,82860,7,11084
1422,8,0,20,5,40362180,3645,82860,7,11092
1423,9,0,23,2,40378320,3644,82860,7,11101
1424,7,0,24,1,40408740,3645,82860,7,11108
1425,9,0,22,3,40449540,3645,82860,7,11117
1426,8,0,18,7,40486320,3645,82860,7,11125
1427,7,0,19,6,40496220,3644,82860,7,11132
1428,8,0,20,5,40530600,3644,82860,7,11140
1429,11,0,21,4,40558140,3644,82860,7,11151
1430,6,0,20,5,40578900,3643,82860,7,11157
1431,8,0,20,5,40601460,3643,82860,7,11165
1432,10,0,22,3,40624980,3642,82860,7,11175
1433,9,0,19,6,40654980,3641,82860,7,11184
1434,9,0,19,6,40683660,3640,82860,7,11193
1435,5,0,18,7,40702860,3640,82860,7,11198
1436,10,0,25,0,40705680,3639,82860,7,11208
1437,5,0,24,1,40738260,3640,82860,7,11213
1438,6,0,20,5,40789020,3642,82860,7,11219
1439,7,0,20,5,40818480,3642,82860,7,11226
1440,9,0,17,8,40855740,3641,82860,7,11235
1441,9,0,24,1,40865100,3642,82860,7,11244
1442,7,0,21,4,40896060,3641,83100,7,11251
1443,3,0,16,9,40928700,3641,83100,7,11254
1444,4,0,17,8,40941540,3642,83100,7,11258
1445,10,0,21,4,40960860,3641,83100,7,11268
1446,9,0,24,1,40982700,3641,84840,7,11277
1447,8,0,22,3,41011020,3641,84840,7,11285
1448,9,0,24,1,41046420,3642,84840,7,11294
1449,7,0,21,4,41080920,3641,84840,7,11301
1450,11,0,22,3,41121600,3642,85020,7,11312
1451,13,3,25,0,41148420,3642,85320,7,11325
1452,12,4,25,0,41191200,3642,88320,7,11337
1453,12,8,25,0,41230020,3643,94380,8,11349
1454,8,6,25,0,41279100,3644,106500,9,11357
1455,8,0,23,2,41326920,3643,139920,12,11365
1456,9,0,24,1,41363880,3644,140040,12,11374
1457,10,0,23,2,41403300,3644,140040,12,11384
1458,9,2,25,0,41422140,3644,141000,12,11393
1459,5,0,21,4,41474220,3645,143220,12,11398
1460,2,0,17,8,41503860,3646,143220,12,11400
1461,8,0,19,6,41529660,3646,143220,12,11408
1462,4,0,18,7,41548440,3646,143220,12,11412
1463,5,0,18,7,41570040,3646,143220,12,11417
1464,7,0,21,4,41590920,3647,143220,12,11424
1465,6,0,18,7,41620140,3647,143220,12,11430
1466,6,0,18,7,41642400,3647,143220,12,11436
1467,3,0,17,8,41653500,3646,143220,12,11439
1468,4,0,17,8,41665560,3646,143220,12,11443
1469,5,0,17,8,41688180,3646,143220,12,11448
1470,7,0,21,4,41694000,3646,143220,12,11455
1471,5,0,23,2,41705460,3646,143220,12,11460
1472,13,4,25,0,41745060,3647,146340,12,11473
1473,9,5,25,0,41780280,3648,152640,13,11482
1474,13,11,25,0,41820780,3649,160440,13,11495
1475,10,3,25,0,41886840,3649,200040,17,11505
1476,5,0,20,5,41922120,3648,226080,19,11510
1477,13,0,23,2,41958720,3648,227100,19,11523
1478,8,0,21,4,41993820,3648,227100,19,11531
1479,5,0,22,3,42017760,3649,227100,19,11536
1480,6,0,21,4,42056700,3650,227100,19,11542
1481,7,0,20,5,42086040,3650,227100,19,11549
1482,7,0,21,4,42114180,3650,227100,19,11556
1483,10,0,23,2,42149100,3651,227100,19,11566
1484,8,0,20,5,42183120,3650,227100,19,11574
1485,8,0,20,5,42216120,3651,227100,19,11582
1486,9,0,22,3,42236580,3650,227100,19,11591
1487,5,0,21,4,42253440,3650,227100,19,11596
1488,3,0,19,6,42279840,3651,227100,19,11599
1489,4,0,15,10,42316260,3651,227100,19,11603
1490,3,0,14,11,42328260,3651,227100,19,11606
1491,10,0,22,3,42329520,3650,227100,19,11616
1492,8,0,22,3,42351240,3650,227100,19,11624
1493,7,0,19,6,42389880,3650,227160,19,11631
1494,11,0,21,4,42426420,3650,227160,19,11642
1495,9,0,24,1,42448020,3650,227160,19,11651
1496,7,0,22,3,42482640,3650,227160,19,11658
1497,13,1,25,0,42511860,3650,227820,19,11671
1498,8,0,21,4,42558780,3650,228480,19,11679
1499,15,2,25,0,42584040,3649,228540,19,11694
1500,10,0,23,2,42627300,3649,232260,19,11704
1501,7,0,22,3,42662700,3649,232260,19,11711
1502,9,0,19,6,42703680,3649,232260,19,11720
1503,14,0,25,0,42727260,3649,232440,19,11734
1504,3,0,17,8,42764340,3648,232500,19,11737
1505,8,0,21,4,42781680,3649,232500,19,11745
1506,10,0,20,5,42816000,3648,232500,19,11755
1507,12,0,23,2,42841080,3647,233760,19,11767
1508,4,0,18,7,42871440,3647,233760,19,11771
1509,7,0,22,3,42887460,3648,233760,19,11778
1510,3,0,19,6,42909720,3648,233760,19,11781
1511,5,0,18,7,42946500,3649,233760,19,11786
1512,5,0,20,5,42955260,3649,233760,19,11791
1513,5,0,17,8,42979020,3648,233760,19,11796
1514,7,0,21,4,42982440,3648,233760,19,11803
1515,4,0,18,7,43008480,3648,233760,19,11807
1516,5,0,19,6,43023420,3648,233760,19,11812
1517,6,0,20,5,43039200,3648,233760,19,11818
1518,6,0,17,8,43077660,3648,233760,19,11824
1519,8,0,23,2,43086060,3648,233760,19,11832
1520,11,2,25,0,43109640,3648,234240,19,11843
1521,10,2,25,0,43159680,3649,248460,20,11853
1522,19,13,25,0,43187460,3649,254160,21,11872
1523,7,13,25,0,43230480,3650,264900,22,11879
1524,19,28,25,0,43257960,3652,270840,22,11898
1525,13,32,25,0,43322100,3654,290520,24,11911
1526,8,33,25,0,43365300,3656,313020,26,11919
1527,15,38,25,0,43415280,3657,328560,27,11934
1528,8,37,25,0,43450860,3658,375840,31,11942
1529,10,35,25,0,43498740,3659,453000,37,11952
1530,3,22,25,0,43548540,3658,749220,62,11955
1531,10,6,25,0,43588200,3653,1089360,91,11965
1532,6,0,19,6,43635720,3652,1204800,100,11971
1533,4,0,17,8,43657560,3652,1204800,100,11975
1534,2,0,15,10,43669980,3651,1204800,100,11977
1535,7,0,17,8,43682160,3651,1204800,100,11984
1536,8,0,21,4,43693560,3651,1204800,100,11992
1537,3,0,15,10,43721940,3650,1204800,100,11995
1538,7,0,19,6,43740180,3651,1204800,100,12002
1539,5,0,19,6,43751400,3650,1204800,100,12007
1540,3,0,15,10,43777260,3650,1204800,100,12010
1541,5,0,18,7,43782120,3650,1204800,100,12015
1542,13,0,22,3,43804320,3649,1204800,100,12028
1543,7,0,22,3,43828140,3649,1204800,100,12035
1544,7,0,20,5,43863300,3649,1204800,100,12042
1545,7,0,19,6,43891620,3649,1204800,100,12049
1546,10,0,20,5,43911360,3648,1204800,99,12059
1547,10,0,24,1,43934580,3648,1204800,99,12069
1548,10,0,21,4,43973400,3648,1204800,99,12079
1549,11,0,24,1,43996380,3647,1205760,99,12090
1550,16,0,24,1,44042460,3646,1206360,99,12106
1551,8,0,23,2,44086980,3647,1206360,99,12114
1552,15,5,25,0,44114340,3647,1207380,99,12129
1553,7,7,25,0,44136840,3647,1213440,100,12136
1554,10,1,25,0,44204100,3648,1244220,102,12146
1555,8,0,19,6,44252880,3647,1244340,102,12154
1556,12,0,20,5,44275740,3646,1244340,102,12166
1557,2,0,16,9,44298300,3646,1244340,102,12168
1558,7,0,20,5,44308200,3646,1244340,102,12175
1559,7,0,20,5,44328120,3646,1244340,102,12182
1560,4,0,16,9,44358360,3646,1244340,102,12186
1561,7,0,16,9,44374080,3645,1244340,102,12193
1562,4,0,16,9,44387220,3645,1244340,102,12197
1563,7,0,18,7,44397000,3644,1244340,101,12204
1564,3,0,19,6,44401680,3644,1244340,101,12207
1565,10,0,21,4,44430420,3644,1244340,101,12217
1566,8,0,21,4,44455800,3643,1244340,101,12225
1567,7,0,20,5,44478180,3643,1244340,101,12232
1568,13,2,25,0,44500020,3643,1244340,101,12245
1569,7,1,25,0,44529780,3643,1255620,102,12252
1570,10,0,20,5,44586720,3643,1256220,102,12262
1571,3,0,17,8,44607840,3643,1256220,102,12265
1572,6,0,17,8,44630340,3643,1256220,102,12271
1573,4,0,18,7,44637660,3642,1256220,102,12275
1574,10,0,22,3,44650980,3642,1256220,102,12285
1575,8,0,23,2,44677680,3642,1256220,102,12293
1576,7,0,18,7,44719560,3642,1256220,102,12300
1577,9,0,17,8,44753340,3642,1256220,102,12309
1578,9,0,22,3,44768340,3642,1256220,102,12318
1579,4,0,20,5,44791680,3642,1256220,101,12322
1580,11,0,21,4,44823000,3641,1256220,101,12333
1581,6,0,21,4,44844240,3641,1256220,101,12339
1582,5,0,16,9,44883000,3641,1256220,101,12344
1583,6,0,17,8,44894340,3641,1256220,101,12350
1584,7,0,21,4,44908860,3641,1256220,101,12357
1585,4,0,17,8,44930460,3641,1256220,101,12361
1586,5,0,20,5,44941440,3641,1256220,101,12366
1587,4,0,16,9,44967780,3641,1256220,101,12370
1588,7,0,19,6,44990520,3641,1256220,101,12377
1589,5,0,19,6,44999820,3641,1256220,101,12382
1590,6,0,20,5,45029640,3641,1256220,101,12388
1591,18,7,25,0,45052500,3642,1256880,101,12406
1592,5,1,25,0,45094020,3642,1276260,102,12411
1593,8,0,22,3,45136860,3642,1279800,103,12419
1594,12,0,24,1,45170700,3641,1280580,103,12431
1595,7,1,25,0,45191580,3642,1281600,103,12438
1596,12,0,21,4,45255420,3642,1284780,103,12450
1597,10,0,19,6,45292200,3641,1284780,103,12460
1598,7,0,23,2,45302460,3641,1284780,103,12467
1599,8,0,22,3,45337140,3641,1284780,103,12475
1600,5,0,20,5,45369060,3642,1284780,102,12480
1601,11,0,22,3,45409320,3642,1284780,102,12491
1602,9,1,25,0,45426840,3642,1285020,102,12500
1603,9,0,21,4,45483840,3643,1286040,102,12509
1604,3,0,16,9,45509340,3643,1286040,102,12512
1605,4,0,15,10,45533220,3643,1286040,102,12516
1606,11,0,21,4,45545580,3643,1286040,102,12527
1607,5,0,21,4,45561960,3642,1286040,102,12532
1608,7,0,17,8,45598920,3642,1286040,102,12539
1609,9,0,21,4,45620580,3642,1286040,102,12548
1610,1,0,15,10,45645960,3642,1286040,102,12549
1611,4,0,17,8,45654060,3642,1286040,102,12553
1612,3,0,15,10,45664440,3642,1286040,102,12556
1613,6,0,19,6,45668880,3642,1286040,102,12562
1614,6,0,20,5,45692340,3642,1286040,102,12568
1615,8,0,24,1,45699420,3641,1286040,102,12576
1616,6,0,18,7,45756480,3643,1286040,102,12582
1617,7,0,20,5,45773340,3642,1286040,102,12589
1618,6,0,20,5,45795960,3642,1286040,102,12595
1619,9,0,23,2,45816420,3642,1286040,102,12604
1620,14,3,25,0,45859020,3643,1292160,102,12618
1621,15,8,25,0,45896820,3643,1300560,102,12633
1622,9,8,25,0,45934080,3644,1320180,104,12642
1623,10,3,25,0,45978240,3643,1363260,107,12652
1624,11,2,25,0,46027200,3643,1367880,108,12663
1625,4,0,22,3,46058640,3643,1369560,108,12667
1626,10,0,23,2,46103760,3644,1371000,108,12677
1627,5,0,22,3,46137180,3645,1371000,108,12682
1628,4,0,21,4,46156620,3645,1371000,108,12686
1629,7,0,21,4,46194720,3646,1371000,108,12693
1630,6,0,21,4,46236120,3648,1371000,107,12699
1631,6,0,19,6,46265460,3648,1371000,107,12705
1632,5,0,19,6,46290600,3648,1371000,107,12710
1633,3,0,18,7,46305840,3648,1371000,107,12713
1634,3,0,18,7,46329840,3649,1371000,107,12716
1635,4,0,18,7,46350960,3650,1371000,107,12720
1636,10,0,18,7,46382280,3649,1371000,107,12730
1637,2,0,18,7,46390380,3649,1371000,107,12732
1638,6,0,17,8,46411860,3649,1371000,107,12738
1639,9,0,20,5,46430340,3649,1371000,107,12747
1640,10,0,25,0,46440420,3648,1371360,107,12757
1641,6,0,19,6,46486080,3648,1371660,107,12763
1642,7,0,18,7,46510140,3648,1371660,107,12770
1643,12,0,21,4,46527720,3647,1371660,107,12782
1644,6,0,19,6,46564560,3647,1371660,107,12788
1645,11,0,21,4,46585320,3646,1371660,107,12799
1646,8,0,21,4,46603740,3646,1371660,107,12807
1647,5,0,18,7,46639140,3646,1371660,107,12812
1648,5,0,20,5,46653780,3646,1371660,107,12817
1649,6,0,17,8,46680480,3646,1371660,107,12823
1650,10,0,20,5,46698480,3645,1371660,106,12833
1651,10,0,24,1,46720980,3645,1371660,106,12843
1652,9,0,20,5,46765260,3645,1371960,106,12852
1653,5,0,17,8,46793100,3645,1371960,106,12857
1654,5,0,18,7,46797300,3644,1371960,106,12862
1655,10,0,23,2,46829760,3645,1371960,106,12872
1656,4,0,19,6,46852920,3645,1371960,106,12876
1657,5,0,19,6,46868040,3645,1371960,106,12881
1658,3,0,18,7,46884240,3645,1371960,106,12884
1659,7,0,18,7,46920720,3646,1371960,106,12891
1660,5,0,20,5,46929720,3645,1371960,106,12896
1661,5,0,18,7,46965420,3646,1371960,106,12901
1662,6,0,17,8,46989960,3646,1371960,106,12907
1663,7,0,17,8,47006160,3645,1371960,106,12914
1664,12,0,25,0,47015820,3645,1372920,106,12926
1665,8,3,25,0,47043840,3646,1378200,106,12934
1666,16,7,25,0,47108640,3647,1387080,107,12950
1667,11,11,25,0,47136540,3648,1393980,107,12961
1668,7,3,25,0,47187420,3647,1450020,111,12968
1669,12,1,25,0,47232240,3647,1451940,111,12980
1670,8,0,20,5,47274480,3646,1452120,111,12988
1671,8,0,21,4,47302080,3646,1452120,111,12996
1672,12,1,25,0,47335500,3647,1454340,111,13008
1673,6,0,20,5,47370480,3646,1456260,111,13014
1674,11,0,24,1,47395320,3646,1456320,111,13025
1675,4,0,18,7,47440200,3647,1456320,111,13029
1676,9,0,19,6,47473080,3647,1456320,111,13038
1677,4,0,17,8,47486340,3646,1456320,111,13042
1678,7,0,19,6,47500440,3646,1456320,111,13049
1679,10,0,20,5,47530440,3646,1456320,111,13059
1680,6,0,19,6,47547000,3645,1456320,111,13065
1681,5,0,18,7,47578500,3646,1456320,111,13070
1682,6,0,20,5,47590980,3646,1456320,111,13076
1683,5,0,18,7,47617800,3646,1456320,111,13081
1684,7,0,19,6,47643420,3646,1456320,111,13088
1685,5,0,15,10,47662800,3645,1456320,111,13093
1686,6,0,18,7,47667540,3645,1456320,111,13099
1687,15,0,21,4,47696280,3643,1456320,111,13114
1688,11,1,25,0,47711220,3643,1456440,111,13125
1689,13,8,25,0,47740860,3644,1458600,111,13138
1690,5,0,24,1,47799000,3644,1491480,113,13143
1691,8,0,21,4,47828340,3643,1491480,113,13151
1692,4,0,19,6,47871000,3645,1491480,113,13155
1693,16,1,25,0,47897880,3644,1492320,113,13171
1694,8,0,23,2,47928720,3644,1493580,113,13179
1695,17,7,25,0,47966280,3644,1493880,113,13196
1696,12,12,25,0,48010140,3646,1506120,114,13208
1697,8,11,25,0,48048780,3646,1531140,115,13216
1698,10,7,25,0,48093420,3646,1576620,119,13226
1699,13,0,23,2,48155400,3644,1617300,122,13239
1700,4,0,19,6,48179100,3644,1617300,122,13243
1701,7,0,18,7,48205800,3644,1617300,122,13250
1702,6,0,18,7,48225180,3644,1617300,122,13256
1703,10,0,19,6,48245100,3643,1617300,121,13266
1704,6,0,21,4,48257640,3642,1617300,121,13272
1705,5,0,18,7,48291180,3643,1617300,121,13277
1706,5,0,20,5,48298320,3642,1617300,121,13282
1707,2,0,15,10,48332760,3643,1617300,121,13284
1708,6,0,18,7,48339720,3643,1617300,121,13290
1709,4,0,20,5,48348660,3643,1617300,121,13294
1710,5,0,19,6,48373860,3643,1617300,121,13299
1711,10,0,19,6,48401520,3643,1617300,121,13309
1712,6,0,18,7,48417780,3642,1617300,121,13315
1713,9,0,21,4,48434520,3641,1617300,121,13324
1714,14,1,25,0,48467460,3641,1618680,121,13338
1715,7,0,24,1,48502620,3642,1619640,121,13345
1716,14,1,25,0,48546180,3642,1620660,121,13359
1717,8,1,25,0,48577800,3642,1624740,121,13367
1718,14,0,25,0,48637080,3642,1626360,121,13381
1719,18,11,25,0,48660240,3642,1628520,121,13399
1720,14,15,25,0,48721440,3644,1639440,122,13413
1721,10,20,25,0,48737100,3644,1643160,122,13423
1722,12,24,25,0,48778080,3645,1670580,124,13435
1723,4,14,25,0,48844440,3646,1749300,130,13439
1724,8,8,25,0,48891480,3645,1843080,137,13447
1725,5,0,23,2,48917640,3643,1960380,145,13452
1726,1,0,16,9,48963420,3645,1960380,145,13453
1727,6,0,18,7,48989760,3645,1960380,145,13459
1728,5,0,16,9,49007400,3645,1960380,145,13464
1729,2,0,16,9,49021680,3645,1960380,145,13466
1730,4,0,16,9,49032180,3645,1960380,145,13470
1731,7,0,20,5,49038660,3645,1960380,145,13477
1732,6,0,20,5,49057320,3644,1960380,145,13483
1733,9,0,20,5,49088820,3644,1960380,145,13492
1734,9,0,23,2,49110180,3644,1960380,145,13501
1735,7,0,21,4,49141380,3644,1960380,145,13508
1736,12,0,25,0,49176960,3645,1960380,145,13520
1737,8,0,24,1,49210620,3645,1962900,145,13528
1738,9,0,19,6,49267200,3645,1963140,145,13537
1739,10,0,24,1,49281900,3645,1963140,144,13547
1740,13,0,25,0,49331280,3645,1963320,144,13560
1741,11,3,25,0,49347900,3644,1963500,144,13571
1742,10,7,25,0,49384380,3645,1967940,144,13581
1743,9,3,25,0,49441980,3646,1994580,146,13590
1744,12,1,25,0,49482900,3645,2003460,147,13602
1745,7,0,22,3,49526100,3646,2005620,147,13609
1746,10,0,22,3,49570860,3646,2005620,147,13619
1747,9,0,23,2,49585560,3645,2005620,147,13628
1748,8,0,20,5,49628940,3645,2005620,147,13636
1749,12,0,25,0,49654140,3645,2005620,146,13648
1750,8,0,20,5,49698780,3645,2012040,147,13656
1751,7,0,19,6,49717020,3644,2012040,147,13663
1752,7,0,20,5,49740180,3645,2012040,147,13670
1753,7,0,21,4,49758780,3644,2012040,147,13677
1754,9,0,23,2,49781700,3644,2012040,147,13686
1755,3,0,18,7,49819260,3645,2012040,147,13689
1756,8,0,20,5,49840920,3645,2012040,146,13697
1757,5,0,17,8,49860540,3644,2012040,146,13702
1758,8,0,19,6,49883820,3644,2012040,146,13710
1759,13,0,23,2,49906200,3643,2012040,146,13723
1760,6,0,19,6,49928820,3642,2012040,146,13729
1761,9,0,17,8,49962300,3642,2012040,146,13738
1762,7,0,17,8,49982820,3642,2012040,146,13745
1763,3,0,15,10,49990200,3641,2012040,146,13748
1764,14,0,19,6,50002380,3639,2012040,146,13762
1765,10,0,18,7,50023020,3638,2012040,146,13772
1766,10,0,22,3,50042100,3637,2012040,146,13782
1767,15,5,25,0,50066940,3637,2013720,146,13797
1768,15,10,25,0,50115120,3638,2025420,146,13812
1769,16,17,25,0,50153820,3639,2044260,147,13828
1770,12,22,25,0,50197020,3640,2052840,148,13840
1771,15,31,25,0,50224620,3640,2060640,148,13855
1772,1,18,25,0,50285640,3641,2145300,154,13856
1773,8,0,19,6,50341800,3637,2368500,170,13864
1774,5,0,15,10,50368260,3636,2368500,170,13869
1775,3,0,15,10,50373720,3636,2368500,170,13872
1776,5,0,16,9,50390880,3636,2368500,170,13877
1777,3,0,16,9,50398020,3636,2368500,170,13880
1778,3,0,15,10,50414280,3636,2368500,170,13883
1779,6,0,18,7,50425680,3636,2368500,170,13889
1780,4,0,17,8,50445540,3636,2368500,170,13893
1781,3,0,18,7,50451660,3636,2368500,170,13896
1782,13,0,22,3,50482800,3636,2368500,170,13909
1783,6,0,20,5,50501880,3635,2368500,170,13915
1784,14,2,25,0,50524980,3635,2370600,170,13929
1785,10,2,25,0,50569080,3635,2377320,170,13939
1786,13,1,25,0,50604540,3634,2390580,171,13952
1787,15,0,25,0,50650440,3633,2390580,171,13967
1788,10,0,22,3,50679840,3632,2393340,171,13977
1789,2,0,21,4,50702340,3633,2393340,171,13979
1790,11,0,21,4,50752980,3634,2393340,171,13990
1791,11,0,22,3,50773440,3633,2393340,170,14001
1792,13,2,25,0,50795400,3632,2395140,170,14014
1793,6,0,25,0,50827260,3632,2402520,171,14020
1794,5,0,17,8,50897640,3634,2402520,171,14025
1795,6,0,20,5,50907300,3634,2402520,171,14031
1796,7,0,20,5,50931420,3634,2402520,171,14038
1797,9,0,23,2,50954400,3634,2402520,171,14047
1798,6,0,21,4,50977620,3633,2402520,171,14053
1799,4,0,15,10,51019980,3634,2402520,170,14057
1800,2,0,15,10,51029220,3634,2402520,170,14059
1801,2,0,14,11,51036900,3634,2402520,170,14061
1802,6,0,16,9,51046200,3633,2402520,170,14067
1803,5,0,17,8,51058320,3633,2402520,170,14072
1804,8,0,19,6,51069060,3632,2402520,170,14080
1805,2,0,17,8,51084900,3633,2402520,170,14082
1806,3,0,14,11,51105840,3633,2402520,170,14085
1807,11,0,22,3,51113820,3632,2402520,170,14096
1808,6,0,22,3,51133800,3632,2402520,170,14102
1809,11,0,22,3,51174300,3632,2402520,170,14113
1810,5,0,20,5,51203100,3632,2402520,170,14118
1811,5,0,20,5,51222000,3633,2402520,170,14123
1812,12,0,24,1,51261300,3633,2402520,170,14135
1813,13,0,24,1,51296640,3632,2409360,170,14148
1814,14,2,25,0,51330900,3632,2409960,170,14162
1815,15,7,25,0,51373020,3632,2415120,170,14177
1816,14,9,25,0,51413460,3632,2430000,171,14191
1817,9,7,25,0,51462780,3633,2454540,172,14200
1818,7,2,25,0,51490620,3632,2491560,175,14207
1819,10,0,25,0,51528000,3631,2500920,175,14217
1820,11,4,25,0,51551280,3631,2503440,176,14228
1821,5,0,21,4,51628800,3633,2509740,176,14233
1822,4,0,19,6,51668280,3635,2509740,176,14237
1823,7,0,18,7,51695580,3634,2509740,176,14244
1824,2,0,16,9,51708600,3634,2509740,176,14246
1825,5,0,18,7,51721500,3634,2509740,176,14251
1826,7,0,21,4,51734940,3634,2509740,176,14258
1827,7,0,21,4,51764100,3635,2509740,175,14265
1828,8,0,23,2,51792720,3635,2509740,175,14273
1829,13,3,25,0,51820500,3635,2511180,175,14286
1830,17,13,25,0,51851940,3635,2514600,175,14303
1831,7,14,25,0,51893820,3637,2522880,176,14310
1832,5,4,25,0,51967980,3638,2608320,182,14315
1833,10,0,21,4,51999060,3636,2628900,183,14325
1834,14,1,25,0,52028100,3636,2634480,183,14339
1835,13,0,23,2,52066200,3634,2636220,183,14352
1836,6,0,19,6,52101720,3634,2636220,183,14358
1837,12,0,20,5,52133640,3634,2636220,183,14370
1838,10,0,24,1,52143480,3633,2636220,183,14380
1839,11,0,24,1,52183080,3633,2636700,183,14391
1840,7,0,20,5,52225740,3633,2636700,183,14398
1841,9,0,22,3,52245120,3632,2637060,183,14407
1842,6,0,21,4,52274820,3633,2637060,183,14413
1843,7,0,22,3,52300500,3633,2637060,182,14420
1844,11,0,25,0,52325160,3633,2637720,182,14431
1845,8,0,21,4,52375680,3633,2638620,182,14439
1846,4,0,17,8,52412040,3634,2638620,182,14443
1847,6,0,18,7,52417920,3633,2638620,182,14449
1848,4,0,17,8,52434420,3633,2638620,182,14453
1849,9,0,20,5,52451520,3632,2638620,182,14462
1850,2,0,17,8,52468020,3632,2638620,182,14464
1851,7,0,18,7,52492320,3632,2638620,182,14471
1852,4,0,19,6,52505220,3633,2638620,182,14475
1853,8,0,21,4,52528560,3633,2638620,182,14483
1854,3,0,15,10,52563600,3633,2638620,182,14486
1855,5,0,17,8,52581060,3633,2638620,182,14491
1856,8,0,18,7,52594200,3632,2638620,182,14499
1857,3,0,16,9,52614660,3633,2638620,181,14502
1858,11,0,18,7,52631460,3632,2638620,181,14513
1859,7,0,19,6,52643640,3631,2638620,181,14520
1860,15,2,25,0,52661220,3630,2642040,181,14535
1861,14,8,25,0,52701000,3631,2647200,182,14549
1862,8,7,25,0,52746240,3632,2667300,183,14557
1863,16,10,25,0,52785060,3631,2691660,184,14573
1864,11,12,25,0,52832700,3632,2700000,185,14584
1865,6,11,25,0,52875780,3634,2715480,186,14590
1866,8,3,25,0,52932360,3633,2797200,191,14598
1867,4,0,18,7,52959300,3632,2830080,193,14602
1868,13,0,24,1,52986240,3632,2830080,193,14615
1869,3,0,20,5,53017860,3632,2830080,193,14618
1870,7,0,20,5,53061420,3634,2830080,193,14625
1871,5,0,22,3,53070720,3633,2830080,193,14630
1872,5,0,21,4,53098320,3634,2830080,193,14635
1873,3,0,18,7,53126640,3634,2830080,193,14638
1874,5,0,20,5,53142600,3635,2830080,193,14643
1875,10,0,23,2,53167860,3635,2830260,193,14653
1876,5,0,20,5,53203320,3635,2830260,193,14658
1877,4,0,17,8,53221860,3635,2830260,193,14662
1878,7,0,16,9,53256060,3635,2830260,192,14669
1879,4,0,19,6,53261820,3635,2830260,192,14673
1880,7,0,21,4,53273640,3635,2830260,192,14680
1881,5,0,16,9,53318040,3635,2830260,192,14685
1882,7,0,21,4,53320740,3635,2830260,192,14692
1883,14,0,25,0,53347920,3634,2830260,192,14706
1884,10,0,23,2,53381460,3634,2832000,192,14716
1885,14,0,25,0,53426880,3634,2832000,192,14730
1886,14,10,25,0,53441820,3634,2837700,192,14744
1887,10,9,25,0,53493600,3635,2852460,193,14754
1888,10,13,25,0,53522520,3635,2858580,193,14764
1889,13,18,25,0,53582760,3637,2882280,195,14777
1890,10,19,25,0,53617800,3637,2894400,195,14787
1891,8,17,25,0,53665680,3638,2948100,199,14795
1892,8,9,25,0,53716140,3638,3068400,207,14803
1893,8,0,23,2,53761860,3636,3170940,214,14811
1894,3,0,17,8,53797620,3636,3170940,214,14814
1895,10,0,21,4,53806140,3635,3170940,213,14824
1896,5,0,19,6,53833020,3635,3170940,213,14829
1897,4,0,16,9,53864520,3636,3170940,213,14833
1898,4,0,19,6,53869260,3636,3170940,213,14837
1899,6,0,17,8,53891460,3635,3170940,213,14843
1900,8,0,21,4,53910060,3636,3170940,213,14851
1901,7,0,18,7,53926500,3634,3170940,213,14858
1902,6,0,18,7,53947320,3634,3170940,213,14864
1903,6,0,18,7,53964060,3634,3170940,213,14870
1904,7,0,18,7,53983920,3634,3170940,213,14877
1905,14,3,25,0,53995380,3633,3172740,213,14891
1906,4,0,19,6,54038280,3633,3178200,213,14895
1907,6,0,18,7,54075180,3634,3178200,213,14901
1908,11,1,25,0,54080160,3633,3178200,213,14912
1909,5,0,23,2,54121560,3634,3178440,213,14917
1910,9,0,19,6,54176220,3635,3178440,213,14926
1911,7,0,22,3,54186540,3634,3178440,212,14933
1912,10,0,22,3,54228840,3635,3179940,212,14943
1913,10,0,25,0,54257400,3635,3179940,212,14953
1914,14,3,25,0,54292860,3635,3184740,212,14967
1915,11,6,25,0,54339060,3636,3187080,212,14978
1916,5,0,23,2,54373680,3635,3206400,214,14983
1917,7,0,22,3,54409380,3636,3206400,213,14990
1918,3,0,18,7,54447900,3636,3206400,213,14993
1919,8,0,22,3,54464400,3637,3206400,213,15001
1920,4,0,19,6,54491460,3637,3206400,213,15005
1921,4,0,18,7,54506160,3636,3206400,213,15009
1922,7,0,16,9,54536460,3636,3206400,213,15016
1923,5,0,18,7,54543240,3636,3206400,213,15021
1924,10,0,20,5,54564120,3635,3206400,213,15031
1925,5,0,20,5,54574140,3635,3206400,213,15036
1926,2,0,19,6,54593400,3635,3206400,213,15038
1927,9,0,19,6,54628260,3636,3206400,213,15047
1928,8,0,18,7,54655320,3635,3206400,213,15055
1929,10,0,23,2,54667260,3635,3206400,212,15065
1930,14,1,25,0,54707220,3635,3207720,212,15079
1931,10,1,25,0,54747360,3635,3212040,212,15089
1932,13,5,25,0,54778500,3635,3217920,213,15102
1933,9,8,25,0,54819840,3636,3224100,213,15111
1934,11,2,25,0,54876600,3636,3255060,215,15122
1935,10,4,25,0,54908580,3636,3261600,215,15132
1936,14,2,25,0,54968340,3636,3281400,216,15146
1937,9,0,22,3,55005840,3635,3283800,216,15155
1938,11,0,23,2,55045140,3635,3283800,216,15166
1939,6,0,20,5,55063320,3635,3283800,216,15172
1940,5,0,19,6,55100040,3636,3283800,216,15177
1941,7,0,22,3,55113600,3635,3283800,216,15184
1942,1,0,15,10,55138680,3635,3283800,216,15185
1943,4,0,17,8,55146060,3635,3283800,216,15189
1944,6,0,18,7,55167720,3635,3283800,216,15195
1945,5,0,19,6,55185900,3636,3283800,216,15200
1946,8,0,23,2,55200660,3636,3283800,215,15208
1947,11,1,25,0,55227720,3636,3283980,215,15219
1948,3,0,16,9,55269720,3635,3284220,215,15222
1949,11,0,22,3,55280640,3635,3284220,215,15233
1950,6,0,19,6,55310100,3634,3284220,215,15239
1951,9,0,20,5,55341300,3635,3284220,215,15248
1952,13,1,25,0,55364400,3634,3284340,215,15261
1953,10,2,25,0,55391340,3634,3287100,215,15271
1954,7,0,22,3,55448820,3635,3292860,215,15278
1955,5,0,20,5,55481520,3635,3292860,215,15283
1956,13,2,25,0,55506960,3636,3292860,215,15296
1957,10,0,24,1,55548420,3635,3298800,215,15306
1958,11,0,25,0,55578600,3635,3299160,215,15317
1959,6,0,21,4,55610580,3635,3301920,215,15323
1960,10,0,23,2,55658340,3636,3302160,215,15333
1961,5,0,18,7,55703640,3636,3302160,215,15338
1962,9,0,21,4,55720620,3636,3302160,215,15347
1963,8,0,22,3,55751160,3636,3302160,215,15355
1964,8,0,18,7,55793940,3636,3302160,214,15363
1965,6,0,22,3,55800840,3636,3302160,214,15369
1966,9,0,22,3,55834140,3636,3302160,214,15378
1967,3,0,15,10,55871460,3636,3302160,214,15381
1968,5,0,17,8,55882080,3636,3302160,214,15386
1969,4,0,19,6,55886820,3636,3302160,214,15390
1970,6,0,20,5,55910760,3637,3302160,214,15396
1971,3,0,19,6,55933980,3637,3302160,214,15399
1972,6,0,16,9,55953660,3636,3302160,214,15405
1973,8,0,21,4,55969800,3637,3302160,214,15413
1974,7,0,20,5,55993800,3636,3302160,214,15420
1975,12,0,23,2,56029140,3637,3302160,214,15432
1976,6,0,21,4,56051040,3636,3302160,213,15438
1977,15,1,25,0,56092980,3636,3302580,213,15453
1978,8,2,25,0,56118360,3636,3304800,213,15461
1979,8,0,24,1,56178720,3638,3306180,213,15469
1980,11,0,23,2,56207340,3637,3306180,213,15480
1981,11,6,25,0,56214360,3637,3306840,213,15491
1982,9,5,25,0,56276280,3638,3320460,214,15500
1983,11,3,25,0,56330940,3639,3344400,215,15511
1984,13,8,25,0,56351880,3638,3348960,215,15524
1985,16,11,25,0,56409180,3639,3357960,216,15540
1986,8,2,25,0,56455980,3638,3403260,218,15548
1987,4,0,18,7,56494740,3637,3430320,220,15552
1988,9,0,21,4,56523360,3638,3430320,220,15561
1989,9,0,25,0,56543160,3638,3431160,220,15570
1990,7,0,21,4,56588040,3638,3431160,220,15577
1991,4,0,17,8,56618280,3638,3431160,220,15581
1992,5,0,17,8,56631900,3638,3431160,220,15586
1993,4,0,17,8,56643660,3638,3431160,220,15590
1994,4,0,18,7,56658780,3638,3431160,220,15594
1995,4,0,17,8,56681040,3638,3431160,220,15598
1996,2,0,16,9,56692920,3638,3431160,220,15600
1997,8,0,21,4,56713680,3639,3431160,219,15608
1998,6,0,19,6,56736840,3639,3431160,219,15614
1999,9,0,18,7,56772900,3639,3431160,219,15623
2000,10,0,21,4,56788560,3638,3431160,219,15633
2001,9,0,24,1,56811960,3638,3431160,219,15642
2002,8,0,22,3,56858280,3639,3431160,219,15650
2003,8,0,23,2,56886300,3639,3431280,219,15658
2004,13,3,25,0,56916900,3639,3432780,219,15671
2005,20,12,25,0,56964600,3639,3439560,219,15691
2006,7,10,25,0,57007500,3640,3452760,220,15698
2007,9,1,25,0,57053460,3639,3510540,223,15707
2008,9,0,23,2,57100020,3639,3511380,223,15716
2009,12,0,25,0,57133260,3639,3513780,223,15728
2010,9,3,25,0,57162480,3639,3520260,223,15737
2011,10,0,20,5,57240000,3640,3526800,224,15747
2012,8,0,18,7,57257760,3639,3526800,223,15755
2013,4,0,15,10,57283200,3639,3526800,223,15759
2014,7,0,21,4,57286380,3639,3526800,223,15766
2015,7,0,23,2,57293460,3638,3526800,223,15773
2016,3,0,21,4,57313860,3638,3526800,223,15776
2017,6,0,24,1,57316800,3638,3526800,223,15782
2018,4,1,25,0,57321540,3638,3526800,223,15786
2019,9,5,25,0,57346020,3638,3530400,223,15795
2020,4,7,25,0,57356040,3638,3535500,223,15799
2021,6,10,25,0,57374220,3639,3540180,224,15805
2022,9,15,25,0,57395340,3639,3549600,224,15814
2023,8,22,25,0,57398340,3639,3551100,224,15822
2024,6,25,25,0,57426540,3640,3554340,224,15828
2025,9,32,25,0,57441960,3641,3560940,224,15837
2026,15,40,25,0,57460860,3641,3574200,225,15852
2027,9,40,25,0,57482460,3642,3583500,226,15861
2028,8,40,25,0,57498360,3642,3595740,226,15869
2029,9,40,25,0,57527940,3643,3628620,228,15878
2030,9,39,25,0,57539280,3643,3651180,230,15887
2031,8,40,25,0,57557700,3643,3697920,233,15895
2032,17,40,25,0,57575940,3643,3744480,236,15912
2033,4,40,25,0,57587880,3643,3773100,237,15916
2034,9,39,25,0,57613020,3644,3868980,243,15925
2035,6,39,25,0,57631080,3644,4026360,253,15931
2036,1,35,25,0,57649560,3644,4186140,263,15932
2037,9,36,25,0,57675480,3643,4232520,266,15941
2038,9,38,25,0,57690900,3643,4235820,266,15950
2039,6,40,25,0,57699540,3643,4241520,266,15956
2040,4,39,25,0,57724620,3644,4255380,267,15960
2041,5,38,25,0,57739980,3643,4273740,268,15965
2042,2,35,25,0,57757320,3643,4326180,271,15967
2043,1,28,25,0,57770520,3642,4789200,300,15968
2044,4,19,25,0,57799860,3641,5429880,341,15972
2045,8,18,25,0,57808740,3640,5759040,361,15980
2046,9,25,25,0,57822720,3640,5765400,361,15989
2047,7,29,25,0,57843300,3641,5776560,362,15996
2048,10,37,25,0,57854280,3641,5788200,362,16006
2049,15,40,25,0,57879420,3642,5800620,363,16021
2050,10,40,25,0,57894660,3642,5818080,364,16031
2051,11,40,25,0,57907320,3643,5848860,366,16042
2052,7,39,25,0,57930180,3643,5883120,368,16049
2053,6,40,25,0,57951660,3644,5913840,370,16055
2054,6,39,25,0,57978360,3645,6026640,377,16061
2055,7,36,25,0,57998820,3645,6072300,380,16068
2056,14,39,25,0,58011000,3645,6114480,382,16082
2057,11,40,25,0,58013820,3645,6117240,382,16093
2058,6,39,25,0,58044840,3646,6126000,383,16099
2059,10,40,25,0,58056000,3645,6220080,389,16109
2060,3,37,25,0,58085340,3646,6251820,390,16112
2061,7,36,25,0,58105560,3645,6498840,406,16119
2062,4,37,25,0,58117440,3645,6505020,406,16123
2063,3,39,25,0,58125840,3646,6505020,406,16126
2064,4,40,25,0,58147500,3646,6524520,407,16130
2065,4,38,25,0,58165800,3646,6539820,408,16134
2066,7,40,25,0,58189740,3647,6692640,417,16141
2067,10,40,25,0,58205700,3647,6698040,418,16151
2068,6,40,25,0,58216620,3647,6700920,418,16157
2069,3,34,25,0,58243620,3646,6943140,433,16160
2070,5,26,25,0,58264440,3645,7880160,491,16165
2071,8,28,25,0,58279380,3644,8032380,500,16173
2072,8,34,25,0,58290120,3644,8037240,500,16181
2073,6,37,25,0,58314600,3645,8041740,500,16187
2074,13,40,25,0,58320300,3645,8044680,500,16200
2075,14,39,25,0,58347120,3646,8076600,502,16214
2076,4,36,25,0,58376100,3646,8120820,505,16218
2077,6,37,25,0,58387260,3646,8145180,506,16224
2078,12,40,25,0,58399140,3646,8151480,506,16236
2079,3,37,25,0,58425900,3646,8169840,507,16239
2080,9,40,25,0,58440180,3646,8206680,510,16248
2081,11,40,25,0,58448100,3646,8210760,510,16259
2082,10,40,25,0,58471080,3646,8221740,510,16269
2083,7,40,25,0,58487100,3647,8226840,510,16276
2084,7,39,25,0,58499040,3647,8229780,511,16283
2085,10,39,25,0,58530240,3648,8243880,511,16293
2086,9,39,25,0,58548660,3648,8248980,512,16302
2087,2,34,25,0,58561920,3647,8542260,530,16304
2088,6,26,25,0,58593060,3646,9597300,595,16310
2089,3,14,25,0,58607340,3644,11222580,696,16313
2090,4,3,25,0,58629720,3642,12048420,747,16317
2091,7,5,25,0,58639860,3641,12186720,755,16324
2092,7,7,25,0,58660440,3641,12265380,759,16331
2093,3,4,25,0,58674900,3641,12276840,760,16334
2094,11,12,25,0,58688820,3641,12278460,760,16345
2095,4,14,25,0,58700460,3641,12283140,760,16349
2096,11,21,25,0,58726140,3642,12292320,760,16360
2097,11,30,25,0,58741560,3642,12294300,759,16371
2098,10,38,25,0,58750200,3642,12300000,760,16381
2099,8,40,25,0,58775520,3643,12309240,760,16389
2100,13,40,25,0,58791000,3644,12328020,761,16402
2101,12,40,25,0,58810440,3644,12340620,761,16414
2102,4,39,25,0,58834440,3645,12383520,764,16418
2103,20,40,25,0,58856640,3645,12455880,768,16438
2104,11,40,25,0,58872000,3646,12477120,769,16449
2105,6,39,25,0,58884960,3646,12527820,772,16455
2106,14,40,25,0,58900140,3646,12588420,776,16469
2107,6,40,25,0,58928880,3646,12670800,781,16475
2108,7,39,25,0,58944060,3646,12709500,783,16482
2109,10,40,25,0,58961760,3647,12810120,789,16492
2110,5,39,25,0,58978800,3646,12865560,792,16497
2111,4,40,25,0,58992120,3647,12923160,795,16501
2112,10,40,25,0,59014380,3647,12937800,796,16511
2113,7,40,25,0,59034840,3647,13092000,805,16518
2114,7,40,25,0,59052900,3647,13097460,805,16525
2115,7,40,25,0,59066280,3647,13104780,806,16532
2116,8,40,25,0,59090040,3648,13111380,806,16540
2117,8,40,25,0,59098140,3648,13121580,806,16548
2118,7,39,25,0,59127120,3648,13350060,820,16555
2119,8,39,25,0,59134320,3648,13356960,820,16563
2120,10,40,25,0,59164920,3649,13374600,821,16573
2121,11,40,25,0,59171040,3648,13379760,821,16584
2122,7,39,25,0,59189880,3649,13386180,822,16591
2123,8,39,25,0,59211960,3649,13396860,822,16599
2124,9,39,25,0,59228220,3649,13414020,823,16608
2125,11,38,25,0,59257080,3650,13448640,825,16619
2126,6,36,25,0,59269260,3649,13659960,837,16625
2127,17,40,25,0,59283720,3649,13662660,837,16642
2128,3,37,25,0,59311140,3650,13682760,838,16645
2129,13,40,25,0,59322060,3649,13689420,839,16658
2130,16,39,25,0,59345640,3650,13704120,839,16674
2131,11,38,25,0,59363220,3650,13716780,840,16685
2132,4,37,25,0,59377020,3650,13745160,841,16689
2133,6,36,25,0,59403240,3650,13955820,854,16695
2134,5,37,25,0,59412540,3649,13966260,854,16700
2135,6,38,25,0,59431620,3649,14052000,859,16706
2136,9,40,25,0,59434920,3649,14053260,859,16715
2137,6,38,25,0,59473680,3650,14070000,860,16721
2138,5,37,25,0,59483760,3650,14158500,865,16726
2139,6,33,25,0,59510100,3649,14546820,888,16732
2140,7,30,25,0,59529780,3648,15091860,921,16739
2141,6,31,25,0,59534460,3647,15389940,939,16745
2142,8,35,25,0,59557020,3648,15396540,939,16753
2143,10,40,25,0,59568240,3648,15402060,939,16763
2144,7,39,25,0,59595180,3649,15421440,940,16770
2145,6,39,25,0,59615640,3649,15437160,941,16776
2146,9,40,25,0,59622600,3649,15442260,941,16785
2147,10,38,25,0,59652960,3649,15474300,943,16795
2148,11,38,25,0,59663340,3649,15484500,943,16806
2149,15,37,25,0,59684040,3649,15518460,945,16821
2150,8,32,25,0,59707620,3648,15893340,967,16829
2151,12,40,25,0,59718780,3648,15895440,967,16841
2152,8,40,25,0,59724060,3648,15899280,967,16849
2153,11,40,25,0,59759400,3649,15923580,968,16860
2154,6,39,25,0,59772240,3649,15944280,969,16866
2155,7,37,25,0,59796180,3649,16064580,976,16873
2156,6,32,25,0,59812080,3647,16455960,1000,16879
2157,8,33,25,0,59823900,3647,16691580,1014,16887
2158,5,34,25,0,59844000,3647,16695720,1013,16892
2159,2,31,25,0,59862900,3647,16948620,1029,16894
2160,5,26,25,0,59883660,3646,18166620,1102,16899
2161,4,22,25,0,59898180,3645,18632400,1130,16903
2162,6,26,25,0,59908080,3645,18635580,1130,16909
2163,6,28,25,0,59931960,3646,18640140,1130,16915
2164,5,31,25,0,59943120,3646,18645480,1130,16920
2165,8,36,25,0,59964780,3647,18654120,1130,16928
2166,4,37,25,0,59986200,3647,18660600,1130,16932
2167,3,36,25,0,60007680,3648,18699420,1132,16935
2168,8,39,25,0,60029640,3648,18704880,1132,16943
2169,10,40,25,0,60033960,3648,18707580,1132,16953
2170,7,40,25,0,60048000,3649,18716460,1133,16960
2171,8,39,25,0,60082200,3650,18735780,1133,16968
2172,11,40,25,0,60096660,3650,18768360,1135,16979
2173,14,40,25,0,60116340,3650,18807840,1137,16993
2174,7,40,25,0,60124860,3650,18812280,1137,17000
2175,14,40,25,0,60146580,3651,18861900,1140,17014
2176,6,40,25,0,60162840,3651,18869880,1140,17020
2177,12,40,25,0,60181680,3651,18924960,1143,17032
2178,16,40,25,0,60196860,3651,18994980,1147,17048
2179,11,39,25,0,60228120,3651,19035180,1149,17059
2180,7,39,25,0,60240780,3651,19043940,1149,17066
2181,3,37,25,0,60259380,3651,19148520,1156,17069
2182,8,38,25,0,60274800,3651,19448460,1173,17077
2183,3,34,25,0,60300900,3651,19551360,1179,17080
2184,4,28,25,0,60316740,3650,20186520,1217,17084
2185,9,35,25,0,60321600,3649,20186820,1217,17093
2186,4,36,25,0,60340800,3650,20195820,1217,17097
2187,5,37,25,0,60364320,3650,20207100,1217,17102
2188,11,40,25,0,60369720,3650,20209680,1217,17113
2189,8,39,25,0,60402480,3651,20226960,1218,17121
2190,11,39,25,0,60422640,3652,20240700,1218,17132
2191,5,39,25,0,60442560,3652,20252400,1219,17137
2192,8,38,25,0,60462480,3651,20304660,1221,17145
2193,10,38,25,0,60475860,3651,20313240,1221,17155
2194,9,39,25,0,60492540,3651,20715180,1245,17164
2195,11,40,25,0,60503220,3651,20721180,1245,17175
2196,14,40,25,0,60526740,3651,20729580,1245,17189
2197,12,40,25,0,60549060,3651,20736120,1245,17201
2198,11,40,25,0,60557520,3651,20737380,1245,17212
2199,9,39,25,0,60586860,3651,20781420,1247,17221
2200,11,39,25,0,60604140,3650,20908380,1254,17232
2201,6,39,25,0,60614400,3650,20912220,1254,17238
2202,6,38,25,0,60642060,3650,20956980,1256,17244
2203,9,40,25,0,60648780,3650,20960220,1256,17253
2204,4,36,25,0,60676020,3650,21194040,1270,17257
2205,8,38,25,0,60691020,3650,21239280,1272,17265
2206,9,40,25,0,60698460,3649,21241080,1272,17274
2207,7,39,25,0,60721500,3650,21253620,1272,17281
2208,9,39,25,0,60750720,3650,21272340,1273,17290
2209,4,38,25,0,60761760,3650,21721380,1300,17294
2210,3,29,25,0,60788040,3649,22403820,1340,17297
2211,3,25,25,0,60799740,3648,23461320,1403,17300
2212,4,17,25,0,60817140,3647,25008060,1496,17304
2213,7,15,25,0,60835560,3646,25644420,1533,17311
2214,7,20,25,0,60844320,3646,25647480,1533,17318
2215,5,23,25,0,60859620,3646,25651620,1533,17323
2216,9,30,25,0,60874980,3647,25656900,1532,17332
2217,4,30,25,0,60907980,3648,25677720,1533,17336
2218,15,40,25,0,60922980,3648,25681020,1532,17351
2219,11,40,25,0,60935100,3649,25700520,1533,17362
2220,9,40,25,0,60952080,3649,25720740,1534,17371
2221,6,40,25,0,60981600,3650,25765140,1536,17377
2222,9,40,25,0,60998640,3650,25782960,1537,17386
2223,15,40,25,0,61009920,3650,25786200,1536,17401
2224,7,40,25,0,61039320,3650,25852560,1540,17408
2225,10,40,25,0,61053120,3650,25864560,1540,17418
2226,6,40,25,0,61056000,3650,25901820,1542,17424
2227,11,40,25,0,61092660,3651,25968720,1546,17435
2228,4,39,25,0,61102680,3651,26062980,1551,17439
2229,6,39,25,0,61119540,3651,26205780,1559,17445
2230,4,38,25,0,61144140,3651,26231520,1560,17449
2231,2,28,25,0,61162680,3649,27214860,1618,17451
2232,5,23,25,0,61175820,3648,27929460,1660,17456
2233,5,14,25,0,61202520,3647,28971360,1722,17461
2234,4,10,25,0,61211640,3645,29386080,1746,17465
2235,3,10,25,0,61223100,3645,29396760,1747,17468
2236,4,6,25,0,61246380,3645,29534820,1754,17472
2237,15,14,25,0,61269840,3645,29539680,1753,17487
2238,5,17,25,0,61279260,3645,29541900,1753,17492
2239,4,19,25,0,61293000,3646,29545680,1753,17496
2240,5,21,25,0,61316820,3646,29552460,1753,17501
2241,16,33,25,0,61339260,3647,29565000,1752,17517
2242,8,38,25,0,61353540,3647,29571840,1751,17525
2243,12,40,25,0,61360320,3647,29574180,1751,17537
2244,10,39,25,0,61386840,3648,29599020,1752,17547
2245,10,39,25,0,61390560,3648,29613900,1753,17557
2246,12,40,25,0,61427820,3649,29615100,1752,17569
2247,9,38,25,0,61445640,3650,29674620,1756,17578
2248,8,38,25,0,61468200,3650,29740080,1759,17586
2249,13,40,25,0,61480860,3650,29775360,1761,17599
2250,8,39,25,0,61498740,3650,29861880,1765,17607
2251,8,40,25,0,61521180,3650,29951340,1770,17615
2252,5,36,25,0,61540560,3650,30198660,1784,17620
2253,6,38,25,0,61554000,3650,30202920,1784,17626
2254,6,39,25,0,61573440,3650,30209280,1784,17632
2255,6,40,25,0,61580040,3650,30209820,1784,17638
2256,7,39,25,0,61609020,3651,30235260,1785,17645
2257,5,38,25,0,61626540,3650,30274200,1786,17650
2258,6,38,25,0,61646340,3650,30280080,1786,17656
2259,6,33,25,0,61671900,3650,30611940,1805,17662
2260,3,26,25,0,61683360,3648,31128240,1835,17665
2261,3,24,25,0,61686960,3647,31334640,1847,17668
2262,6,19,25,0,61721040,3647,32198340,1898,17674
2263,4,20,25,0,61729380,3647,32202660,1897,17678
2264,11,26,25,0,61759800,3648,32211300,1897,17689
2265,10,34,25,0,61765980,3648,32214840,1896,17699
2266,9,40,25,0,61783980,3648,32221440,1895,17708
2267,8,40,25,0,61796400,3648,32233740,1896,17716
2268,7,40,25,0,61818840,3649,32250180,1896,17723
2269,5,34,25,0,61848540,3649,32298780,1899,17728
2270,8,36,25,0,61868160,3649,32304300,1898,17736
2271,9,40,25,0,61872060,3649,32305140,1898,17745
2272,12,40,25,0,61901700,3650,32349780,1900,17757
2273,7,40,25,0,61912860,3649,32420820,1904,17764
2274,6,38,25,0,61934040,3649,32429340,1904,17770
2275,7,38,25,0,61953360,3650,32476680,1906,17777
2276,9,38,25,0,61969440,3649,32519940,1908,17786
2277,8,39,25,0,61988400,3649,32563260,1909,17794
2278,3,37,25,0,62006940,3649,32573100,1910,17797
2279,1,26,25,0,62029500,3648,33422040,1959,17798
2280,4,20,25,0,62044260,3647,34012680,1994,17802
2281,3,12,25,0,62059620,3645,34744140,2036,17805
2282,4,2,25,0,62084700,3644,35865900,2101,17809
2283,7,0,24,1,62094780,3642,36081360,2113,17816
2284,7,1,25,0,62101740,3641,36082320,2112,17823
2285,4,0,24,1,62121420,3641,36082740,2112,17827
2286,5,0,23,2,62134260,3641,36082740,2111,17832
2287,7,2,25,0,62139420,3640,36083520,2110,17839
2288,12,9,25,0,62161440,3641,36085920,2109,17851
2289,9,15,25,0,62178060,3641,36089100,2108,17860
2290,14,27,25,0,62190660,3641,36095400,2108,17874
2291,13,37,25,0,62204940,3641,36102660,2106,17887
2292,13,40,25,0,62210280,3642,36112800,2106,17900
2293,5,39,25,0,62253780,3643,36134520,2106,17905
2294,8,38,25,0,62266680,3643,36168780,2108,17913
2295,10,39,25,0,62284920,3644,36198600,2109,17923
2296,7,40,25,0,62299020,3644,36243660,2112,17930
2297,6,40,25,0,62320680,3644,36270660,2113,17936
2298,9,40,25,0,62335680,3644,36302580,2114,17945
2299,7,40,25,0,62360640,3645,36314460,2114,17952
2300,5,37,25,0,62381400,3645,36397140,2119,17957
2301,7,38,25,0,62397240,3645,36524400,2126,17964
2302,8,40,25,0,62413440,3645,36534840,2126,17972
2303,7,40,25,0,62424540,3645,36538260,2126,17979
2304,6,38,25,0,62443560,3645,36702420,2135,17985
2305,4,35,25,0,62473440,3646,36842700,2142,17989
2306,5,36,25,0,62483820,3645,36900180,2145,17994
2307,7,37,25,0,62503440,3645,36960720,2148,18001
2308,8,40,25,0,62520120,3646,36967500,2147,18009
2309,7,39,25,0,62533440,3646,36974520,2147,18016
2310,10,40,25,0,62555400,3646,36977700,2147,18026
2311,15,40,25,0,62571060,3646,37072020,2152,18041
2312,11,39,25,0,62590560,3647,37078740,2152,18052
2313,4,40,25,0,62601120,3647,37087320,2152,18056
2314,6,40,25,0,62621640,3647,37092420,2152,18062
2315,9,39,25,0,62638020,3647,37099500,2152,18071
2316,10,40,25,0,62666460,3647,37194840,2157,18081
2317,13,40,25,0,62674680,3647,37199700,2157,18094
2318,8,36,25,0,62707020,3647,37305240,2162,18102
2319,7,38,25,0,62722620,3647,37310880,2161,18109
2320,7,39,25,0,62734500,3647,37316880,2161,18116
2321,11,39,25,0,62756220,3647,37331340,2161,18127
2322,6,32,25,0,62780580,3645,37772640,2186,18133
2323,9,37,25,0,62786100,3645,37775340,2185,18142
2324,8,39,25,0,62798640,3645,37782240,2185,18150
2325,6,40,25,0,62815140,3646,37793280,2185,18156
2326,9,40,25,0,62838240,3646,37808100,2186,18165
2327,2,33,25,0,62865720,3646,38039700,2199,18167
2328,6,22,25,0,62887500,3644,39389940,2276,18173
2329,6,20,25,0,62907780,3643,39739560,2295,18179
2330,1,2,25,0,62925180,3640,41261580,2383,18180
2331,8,0,23,2,62937960,3638,41548980,2399,18188
2332,6,2,25,0,62943240,3638,41552100,2398,18194
2333,7,4,25,0,62955600,3638,41556060,2397,18201
2334,8,10,25,0,62970420,3638,41556180,2397,18209
2335,4,11,25,0,62994060,3639,41563560,2396,18213
2336,9,18,25,0,63012060,3640,41568180,2395,18222
2337,6,21,25,0,63032940,3640,41576100,2395,18228
2338,11,30,25,0,63047100,3641,41587800,2394,18239
2339,8,36,25,0,63062640,3641,41618100,2395,18247
2340,6,40,25,0,63080280,3642,41623140,2394,18253
2341,10,40,25,0,63099960,3642,41638620,2395,18263
2342,14,40,25,0,63116640,3643,41676720,2396,18277
2343,10,40,25,0,63134160,3643,41703900,2397,18287
2344,10,40,25,0,63155700,3644,41715180,2398,18297
2345,7,40,25,0,63177480,3644,41785440,2401,18304
2346,9,40,25,0,63189840,3644,41789700,2401,18313
2347,15,40,25,0,63207240,3645,41835000,2403,18328
2348,6,38,25,0,63233940,3645,41926680,2408,18334
2349,12,39,25,0,63250920,3645,41931780,2408,18346
2350,4,39,25,0,63265560,3646,41978220,2410,18350
2351,6,37,25,0,63293760,3646,42150660,2419,18356
2352,7,38,25,0,63309840,3646,42255300,2424,18363
2353,3,36,25,0,63322380,3645,42317520,2427,18366
2354,3,31,25,0,63343800,3645,42528480,2439,18369
2355,6,32,25,0,63357120,3645,42628200,2444,18375
2356,6,32,25,0,63379140,3645,42772860,2452,18381
2357,8,36,25,0,63391920,3645,42853140,2455,18389
2358,11,40,25,0,63411900,3645,42864300,2455,18400
2359,11,40,25,0,63430020,3645,42879060,2455,18411
2360,15,40,25,0,63453660,3645,42881760,2454,18426
2361,12,39,25,0,63463140,3645,42891240,2454,18438
2362,13,40,25,0,63470400,3645,42895020,2454,18451
2363,12,40,25,0,63495780,3646,42903000,2454,18463
2364,14,40,25,0,63521220,3646,42925260,2455,18477
2365,20,40,25,0,63536580,3646,42930720,2454,18497
2366,10,40,25,0,63556740,3646,42939960,2454,18507
2367,5,33,25,0,63580920,3645,43307580,2475,18512
2368,11,32,25,0,63595020,3644,43574580,2488,18523
2369,11,40,25,0,63602820,3644,43575540,2487,18534
2370,9,38,25,0,63631500,3644,43599240,2488,18543
2371,9,39,25,0,63650280,3645,43618500,2488,18552
2372,13,40,25,0,63667260,3644,43624860,2488,18565
2373,8,40,25,0,63675900,3644,43629660,2488,18573
2374,5,40,25,0,63689460,3645,43633920,2488,18578
2375,4,39,25,0,63722940,3645,43641660,2487,18582
2376,7,40,25,0,63737160,3645,43668900,2488,18589
2377,4,36,25,0,63754800,3645,43981320,2505,18593
2378,4,32,25,0,63774720,3644,44301540,2523,18597
2379,5,26,25,0,63785640,3643,44927760,2558,18602
2380,5,29,25,0,63796080,3643,45236820,2575,18607
2381,4,27,25,0,63818160,3643,45246360,2575,18611
2382,6,27,25,0,63846060,3643,45256200,2575,18617
2383,9,34,25,0,63852600,3643,45258300,2574,18626
2384,7,39,25,0,63867360,3643,45261840,2573,18633
2385,6,40,25,0,63894120,3644,45274140,2573,18639
2386,10,39,25,0,63919680,3644,45308280,2574,18649
2387,10,40,25,0,63933720,3644,45312060,2573,18659
2388,5,37,25,0,63955140,3644,45385200,2577,18664
2389,13,40,25,0,63970500,3644,45499860,2583,18677
2390,10,40,25,0,63988980,3644,45504780,2582,18687
2391,11,40,25,0,63998700,3644,45509460,2582,18698
2392,17,40,25,0,64020240,3644,45516300,2582,18715
2393,8,29,25,0,64051680,3643,46026900,2609,18723
2394,10,34,25,0,64059840,3642,46029120,2608,18733
2395,6,38,25,0,64072440,3642,46034700,2608,18739
2396,13,40,25,0,64077420,3642,46035120,2607,18752
2397,4,39,25,0,64106940,3643,46054860,2608,18756
2398,4,40,25,0,64116420,3644,46055100,2608,18760
2399,6,38,25,0,64150440,3645,46077540,2608,18766

