Hour,Arrivals,Waiting,Treating,Available Rooms,Total Treatment Time,Average Treatment Time,Total Wait Time,Average Wait Time,Total Arrivals
1,5,0,5,20,0,0,0,0,5
2,6,0,3,22,10980,1372,0,0,11
3,4,0,3,22,26100,2175,0,0,15
4,5,0,3,22,44400,2611,0,0,20
5,2,0,2,23,51840,2592,0,0,22
6,4,0,3,22,61680,2681,0,0,26
7,7,0,3,22,74160,2472,0,0,33
8,9,0,8,17,85680,2520,0,0,42
9,10,0,9,16,104640,2433,0,0,52
10,14,0,14,11,129060,2481,0,0,66
11,11,0,13,12,181500,2835,0,0,77
12,13,0,12,13,241740,3099,0,0,90
13,9,0,8,17,278580,3061,0,0,99
14,18,0,16,9,312120,3090,0,0,117
15,9,0,13,12,351480,3110,0,0,126
16,9,0,6,19,414540,3213,0,0,135
17,12,0,12,13,432420,3203,0,0,147
18,13,0,16,9,457680,3178,0,0,160
19,11,0,12,13,530280,3335,0,0,171
20,7,0,9,16,572400,3386,0,0,178
21,10,0,10,15,606780,3408,0,0,188
22,10,0,8,17,650700,3424,0,0,198
23,9,0,12,13,675480,3464,0,0,207
24,5,0,5,20,707400,3417,0,0,212
25,6,0,4,21,745560,3483,0,0,218
26,6,0,4,21,760860,3458,0,0,224
27,4,0,6,19,769020,3464,0,0,228
28,7,0,7,18,789000,3460,0,0,235
29,11,0,11,14,817380,3478,0,0,246
30,7,0,10,15,848760,3492,0,0,253
31,9,0,8,17,889020,3500,0,0,262
32,12,0,11,14,922800,3508,0,0,274
33,8,0,7,18,964140,3505,0,0,282
34,10,0,12,13,974100,3478,0,0,292
35,7,0,6,19,1022220,3488,0,0,299
36,10,0,13,12,1033440,3491,0,0,309
37,11,0,8,17,1101180,3529,0,0,320
38,4,0,6,19,1125540,3539,0,0,324
39,11,0,14,11,1135860,3538,0,0,335
40,9,0,9,16,1196940,3572,0,0,344
41,9,0,6,19,1235340,3560,0,0,353
42,13,0,11,14,1263000,3557,0,0,366
43,6,0,7,18,1286640,3525,0,0,372
44,6,0,9,16,1306980,3541,0,0,378
45,3,0,5,20,1342800,3571,0,0,381
46,6,0,6,19,1359000,3566,0,0,387
47,5,0,6,19,1378200,3570,0,0,392
48,6,0,7,18,1401240,3583,0,0,398
49,11,0,11,14,1422660,3574,0,0,409
50,4,0,7,18,1456980,3588,0,0,413
51,4,0,5,20,1485240,3604,0,0,417
52,4,0,4,21,1508280,3616,0,0,421
53,9,0,8,17,1522500,3607,0,0,430
54,5,0,7,18,1545720,3611,0,0,435
55,9,0,8,17,1572300,3606,0,0,444
56,4,0,7,18,1590060,3605,0,0,448
57,12,0,9,16,1627380,3608,0,0,460
58,12,0,12,13,1647600,3581,0,0,472
59,12,0,11,14,1689300,3571,0,0,484
60,14,0,15,10,1739040,3600,0,0,498
61,13,0,15,10,1789380,3607,0,0,511
62,16,0,15,10,1841280,3596,0,0,527
63,14,0,16,9,1912380,3642,0,0,541
64,13,0,15,10,1955460,3627,0,0,554
65,3,0,6,19,2006460,3641,0,0,557
66,8,0,5,20,2046180,3653,0,0,565
67,15,0,14,11,2058120,3636,0,0,580
68,3,0,10,15,2081520,3632,0,0,583
69,7,0,6,19,2139300,3663,0,0,590
70,7,0,10,15,2150760,3663,0,0,597
71,2,0,6,19,2173680,3665,0,0,599
72,7,0,7,18,2207100,3684,0,0,606
73,2,0,3,22,2226540,3680,0,0,608
74,7,0,5,20,2241300,3674,0,0,615
75,7,0,6,19,2260860,3670,0,0,622
76,5,0,5,20,2271240,3651,0,0,627
77,9,0,9,16,2293020,3657,0,0,636
78,11,0,11,14,2321460,3650,0,0,647
79,8,0,8,17,2349480,3631,0,0,655
80,9,0,9,16,2392200,3652,0,0,664
81,13,0,10,15,2439420,3657,0,0,677
82,5,0,7,18,2461560,3646,0,0,682
83,11,0,8,17,2498580,3647,0,0,693
84,16,0,16,9,2523840,3641,0,0,709
85,11,0,11,14,2582160,3641,0,0,720
86,5,0,8,17,2625600,3661,0,0,725
87,10,0,10,15,2646180,3649,0,0,735
88,15,0,14,11,2690940,3656,0,0,750
89,7,0,8,17,2728740,3643,0,0,757
90,13,0,10,15,2773680,3649,0,0,770
91,7,0,9,16,2796960,3641,0,0,777
92,7,0,5,20,2842020,3648,0,0,784
93,13,0,12,13,2865840,3650,0,0,797
94,7,0,9,16,2892240,3638,0,0,804
95,2,0,2,23,2926980,3640,0,0,806
96,3,0,2,23,2935380,3637,0,0,809
97,7,0,5,20,2943000,3628,0,0,816
98,6,0,6,19,2955420,3621,0,0,822
99,4,0,5,20,2979780,3629,0,0,826
100,3,0,4,21,3000120,3636,0,0,829
101,9,0,10,15,3013560,3639,0,0,838
102,11,0,14,11,3031500,3630,0,0,849
103,9,0,10,15,3093480,3647,0,0,858
104,7,0,6,19,3142200,3657,0,0,865
105,13,0,11,14,3160560,3645,0,0,878
106,8,0,13,12,3183900,3647,0,0,886
107,9,0,9,16,3236460,3652,0,0,895
108,12,0,10,15,3271620,3647,0,0,907
109,14,0,16,9,3305520,3652,0,0,921
110,9,0,12,13,3345900,3644,0,0,930
111,16,0,17,8,3389400,3648,0,0,946
112,11,0,14,11,3438660,3646,0,0,957
113,18,0,18,7,3491640,3648,0,0,975
114,7,0,10,15,3555660,3658,0,0,982
115,12,0,6,19,3622620,3666,0,0,994
116,13,0,9,16,3648660,3655,0,0,1007
117,4,0,5,20,3682200,3660,0,0,1011
118,7,0,7,18,3704520,3664,0,0,1018
119,4,0,2,23,3738300,3665,0,0,1022
120,4,0,6,19,3738300,3665,0,0,1026
121,6,0,8,17,3749340,3661,0,0,1032
122,5,0,4,21,3800220,3678,0,0,1037
123,7,0,7,18,3812100,3676,0,0,1044
124,7,0,9,16,3825060,3670,0,0,1051
125,6,0,6,19,3853680,3666,0,0,1057
126,6,0,3,22,3885240,3665,0,0,1063
127,8,0,7,18,3901560,3666,0,0,1071
128,5,0,6,19,3919860,3663,0,0,1076
129,12,0,9,16,3948060,3658,0,0,1088
130,11,0,11,14,3966540,3645,0,0,1099
131,4,0,7,18,4003140,3652,0,0,1103
132,16,0,13,12,4036140,3649,0,0,1119
133,17,0,18,7,4076940,3646,0,0,1136
134,9,0,10,15,4136160,3644,0,0,1145
135,10,0,8,17,4186740,3650,0,0,1155
136,10,0,11,14,4212000,3649,0,0,1165
137,10,0,10,15,4248300,3646,0,0,1175
138,15,0,14,11,4278360,3638,0,0,1190
139,5,0,11,14,4313520,3643,0,0,1195
140,7,0,7,18,4391340,3674,0,0,1202
141,9,0,13,12,4397820,3670,0,0,1211
142,7,0,10,15,4438320,3674,0,0,1218
143,13,0,9,16,4496880,3679,0,0,1231
144,4,0,4,21,4523400,3674,0,0,1235
145,6,0,7,18,4531800,3672,0,0,1241
146,5,0,4,21,4565460,3675,0,0,1246
147,4,0,2,23,4588740,3676,0,0,1250
148,4,0,3,22,4600680,3677,0,0,1254
149,8,0,6,19,4606260,3667,0,0,1262
150,9,0,7,18,4632960,3665,0,0,1271
151,8,0,8,17,4659960,3666,0,0,1279
152,5,0,7,18,4689540,3672,0,0,1284
153,19,0,13,12,4723800,3661,0,0,1303
154,11,0,13,12,4762200,3660,0,0,1314
155,13,0,14,11,4816080,3667,0,0,1327
156,10,0,14,11,4862400,3675,0,0,1337
157,12,0,15,10,4911840,3682,0,0,1349
158,16,0,16,9,4964040,3679,0,0,1365
159,8,0,12,13,5022960,3690,0,0,1373
160,10,0,7,18,5081040,3692,0,0,1383
161,7,0,7,18,5098800,3686,0,0,1390
162,10,0,10,15,5131500,3691,0,0,1400
163,5,0,7,18,5160480,3691,0,0,1405
164,6,0,6,19,5184180,3689,0,0,1411
165,9,0,7,18,5210100,3687,0,0,1420
166,4,0,5,20,5234220,3688,0,0,1424
167,6,0,7,18,5249520,3689,0,0,1430
168,6,0,6,19,5276340,3689,0,0,1436
169,6,0,8,17,5287080,3686,0,0,1442
170,4,0,5,20,5326200,3696,0,0,1446
171,6,0,6,19,5345940,3697,0,0,1452
172,7,0,8,17,5361780,3695,0,0,1459
173,5,0,9,16,5376840,3695,0,0,1464
174,11,0,12,13,5398560,3690,0,0,1475
175,4,0,8,17,5454540,3708,0,0,1479
176,4,0,4,21,5482920,3707,0,0,1483
177,10,0,9,16,5508780,3712,0,0,1493
178,10,0,12,13,5527500,3707,0,0,1503
179,14,0,12,13,5568420,3699,0,0,1517
180,9,0,11,14,5604420,3699,0,0,1526
181,1,0,3,22,5651280,3708,0,0,1527
182,8,0,7,18,5668560,3709,0,0,1535
183,6,0,7,18,5682960,3704,0,0,1541
184,7,0,8,17,5697060,3699,0,0,1548
185,4,0,3,22,5746140,3709,0,0,1552
186,9,0,6,19,5760000,3704,0,0,1561
187,8,0,8,17,5776080,3700,0,0,1569
188,4,0,2,23,5810040,3698,0,0,1573
189,3,0,4,21,5816820,3700,0,0,1576
190,5,0,7,18,5823480,3699,0,0,1581
191,5,0,8,17,5836560,3698,0,0,1586
192,4,0,5,20,5883300,3711,0,0,1590
193,5,0,6,19,5897520,3711,0,0,1595
194,7,0,7,18,5918760,3710,0,0,1602
195,4,0,3,22,5950320,3711,0,0,1606
196,3,0,4,21,5960880,3713,0,0,1609
197,6,0,5,20,5970960,3708,0,0,1615
198,7,0,7,18,5978640,3701,0,0,1622
199,8,0,8,17,6015180,3708,0,0,1630
200,12,0,7,18,6047760,3698,0,0,1642
201,12,0,13,12,6067980,3697,0,0,1654
202,13,0,14,11,6094500,3686,0,0,1667
203,10,0,11,14,6152100,3692,0,0,1677
204,9,0,13,12,6186900,3698,0,0,1686
205,11,0,10,15,6237900,3697,0,0,1697
206,5,0,4,21,6286200,3702,0,0,1702
207,9,0,10,15,6299820,3703,0,0,1711
208,12,0,13,12,6329340,3701,0,0,1723
209,9,0,12,13,6370740,3703,0,0,1732
210,14,0,14,11,6434940,3715,0,0,1746
211,7,0,13,12,6470400,3718,0,0,1753
212,6,0,9,16,6511740,3720,0,0,1759
213,7,0,9,16,6543180,3724,0,0,1766
214,7,0,10,15,6563940,3723,0,0,1773
215,7,0,7,18,6618180,3732,0,0,1780
216,7,0,8,17,6631440,3727,0,0,1787
217,3,0,3,22,6671940,3733,0,0,1790
218,7,0,4,21,6687540,3729,0,0,1797
219,9,0,5,20,6706920,3723,0,0,1806
220,9,0,8,17,6717840,3717,0,0,1815
221,11,0,11,14,6742800,3715,0,0,1826
222,12,0,13,12,6778920,3714,0,0,1838
223,10,0,11,14,6821700,3713,0,0,1848
224,7,0,9,16,6862020,3717,0,0,1855
225,8,0,9,16,6903540,3723,0,0,1863
226,10,0,11,14,6921720,3717,0,0,1873
227,9,0,11,14,6957900,3718,0,0,1882
228,7,0,11,14,6992820,3723,0,0,1889
229,15,0,15,10,7038780,3726,0,0,1904
230,13,0,16,9,7086660,3727,0,0,1917
231,12,0,14,11,7143720,3730,0,0,1929
232,7,0,6,19,7205640,3733,0,0,1936
233,9,0,7,18,7226400,3728,0,0,1945
234,13,0,11,14,7261080,3729,0,0,1958
235,5,0,10,15,7275780,3725,0,0,1963
236,9,0,8,17,7329600,3731,0,0,1972
237,6,0,7,18,7358700,3733,0,0,1978
238,6,0,7,18,7386300,3736,0,0,1984
239,6,0,8,17,7413660,3740,0,0,1990
240,6,0,9,16,7433700,3741,0,0,1996
241,7,0,8,17,7468140,3743,0,0,2003
242,8,0,9,16,7498980,3745,0,0,2011
243,2,0,4,21,7530660,3748,0,0,2013
244,10,0,9,16,7545780,3746,0,0,2023
245,11,0,12,13,7570680,3744,0,0,2034
246,5,0,6,19,7617480,3746,0,0,2039
247,8,0,5,20,7635480,3739,0,0,2047
248,10,0,11,14,7657680,3742,0,0,2057
249,7,0,10,15,7682640,3740,0,0,2064
250,8,0,8,17,7716600,3738,0,0,2072
251,5,0,7,18,7751040,3744,0,0,2077
252,12,0,10,15,7779360,3741,0,0,2089
253,9,0,13,12,7807920,3744,0,0,2098
254,6,0,9,16,7853700,3748,0,0,2104
255,10,0,7,18,7907640,3753,0,0,2114
256,7,0,6,19,7928040,3748,0,0,2121
257,8,0,6,19,7959300,3749,0,0,2129
258,6,0,8,17,7975560,3749,0,0,2135
259,11,0,10,15,8007840,3748,0,0,2146
260,6,0,7,18,8045160,3750,0,0,2152
261,8,0,7,18,8079000,3752,0,0,2160
262,7,0,7,18,8098320,3749,0,0,2167
263,2,0,1,24,8121000,3745,0,0,2169
264,4,0,3,22,8122320,3743,0,0,2173
265,6,0,6,19,8130600,3741,0,0,2179
266,8,0,8,17,8151720,3741,0,0,2187
267,9,0,8,17,8175840,3736,0,0,2196
268,6,0,6,19,8202840,3735,0,0,2202
269,6,0,6,19,8232480,3738,0,0,2208
270,6,0,7,18,8251740,3738,0,0,2214
271,9,0,7,18,8278740,3735,0,0,2223
272,8,0,8,17,8300340,3733,0,0,2231
273,6,0,8,17,8333580,3738,0,0,2237
274,9,0,10,15,8364420,3740,0,0,2246
275,17,0,19,6,8382540,3735,0,0,2263
276,6,0,8,17,8447040,3735,0,0,2269
277,6,0,4,21,8483700,3735,0,0,2275
278,14,0,9,16,8509860,3732,0,0,2289
279,13,0,10,15,8538060,3725,0,0,2302
280,12,0,10,15,8578980,3723,0,0,2314
281,7,0,8,17,8613120,3723,0,0,2321
282,10,0,8,17,8655960,3726,0,0,2331
283,11,0,12,13,8671680,3721,0,0,2342
284,5,0,5,20,8714820,3721,0,0,2347
285,7,0,7,18,8732940,3720,0,0,2354
286,6,0,7,18,8753820,3720,0,0,2360
287,5,0,6,19,8779080,3721,0,0,2365
288,10,0,10,15,8792280,3717,0,0,2375
289,7,0,6,19,8832540,3717,0,0,2382
290,7,0,6,19,8858880,3717,0,0,2389
291,3,0,6,19,8870580,3717,0,0,2392
292,8,0,9,16,8891700,3718,0,0,2400
293,8,0,9,16,8924880,3720,0,0,2408
294,7,0,12,13,8946600,3723,0,0,2415
295,8,0,8,17,8991840,3723,0,0,2423
296,8,0,8,17,9013500,3719,0,0,2431
297,13,0,15,10,9036660,3720,0,0,2444
298,7,0,13,12,9067200,3719,0,0,2451
299,14,0,15,10,9126600,3725,0,0,2465
300,13,0,18,7,9172440,3728,0,0,2478
301,13,0,14,11,9235020,3728,0,0,2491
302,11,0,9,16,9299040,3730,0,0,2502
303,11,0,7,18,9364380,3736,0,0,2513
304,6,0,8,17,9375600,3733,0,0,2519
305,10,0,9,16,9396840,3728,0,0,2529
306,12,0,9,16,9446460,3730,0,0,2541
307,11,0,13,12,9463680,3727,0,0,2552
308,8,0,10,15,9491760,3722,0,0,2560
309,6,0,5,20,9550620,3729,0,0,2566
310,6,0,7,18,9566520,3729,0,0,2572
311,3,0,3,22,9590940,3728,0,0,2575
312,4,0,3,22,9604200,3728,0,0,2579
313,7,0,7,18,9619920,3730,0,0,2586
314,9,0,9,16,9636660,3726,0,0,2595
315,1,0,2,23,9675720,3730,0,0,2596
316,3,0,1,24,9685020,3727,0,0,2599
317,8,0,5,20,9690780,3724,0,0,2607
318,8,0,9,16,9706860,3724,0,0,2615
319,10,0,12,13,9738120,3726,0,0,2625
320,5,0,4,21,9778680,3723,0,0,2630
321,10,0,8,17,9802560,3724,0,0,2640
322,17,0,17,8,9819840,3719,0,0,2657
323,9,0,13,12,9866460,3718,0,0,2666
324,17,0,18,7,9912300,3719,0,0,2683
325,8,0,17,8,9960600,3724,0,0,2691
326,12,0,15,10,10047120,3737,0,0,2703
327,9,0,10,15,10098720,3737,0,0,2712
328,11,0,14,11,10134600,3741,0,0,2723
329,13,0,14,11,10186320,3742,0,0,2736
330,11,0,12,13,10235580,3742,0,0,2747
331,9,0,11,14,10277040,3743,0,0,2756
332,4,0,6,19,10333260,3752,0,0,2760
333,5,0,5,20,10361160,3754,0,0,2765
334,8,0,8,17,10382160,3754,0,0,2773
335,3,0,4,21,10407240,3754,0,0,2776
336,6,0,5,20,10425780,3754,0,0,2782
337,8,0,7,18,10438740,3750,0,0,2790
338,4,0,3,22,10464540,3749,0,0,2794
339,9,0,8,17,10477260,3748,0,0,2803
340,6,0,9,16,10496520,3748,0,0,2809
341,16,0,19,6,10523460,3750,0,0,2825
342,7,0,9,16,10581300,3748,0,0,2832
343,6,0,9,16,10624920,3755,0,0,2838
344,11,0,11,14,10657860,3755,0,0,2849
345,15,0,14,11,10703580,3755,0,0,2864
346,8,0,8,17,10764000,3758,0,0,2872
347,14,0,12,13,10796220,3756,0,0,2886
348,7,0,9,16,10832340,3756,0,0,2893
349,15,0,12,13,10876620,3755,0,0,2908
350,5,0,7,18,10909500,3754,0,0,2913
351,15,0,12,13,10949580,3755,0,0,2928
352,13,0,16,9,10979280,3753,0,0,2941
353,7,0,9,16,11031240,3753,0,0,2948
354,17,0,14,11,11079660,3754,0,0,2965
355,6,0,10,15,11119740,3755,0,0,2971
356,7,0,7,18,11172300,3760,0,0,2978
357,9,0,10,15,11201280,3762,0,0,2987
358,3,0,3,22,11242980,3763,0,0,2990
359,7,0,5,20,11260440,3763,0,0,2997
360,6,0,7,18,11273940,3762,0,0,3003
361,7,0,7,18,11299740,3762,0,0,3010
362,8,0,12,13,11315700,3764,0,0,3018
363,6,0,10,15,11345640,3764,0,0,3024
364,7,0,10,15,11390040,3770,0,0,3031
365,11,0,16,9,11409540,3770,0,0,3042
366,9,0,14,11,11469780,3776,0,0,3051
367,5,0,10,15,11516700,3780,0,0,3056
368,11,0,12,13,11559780,3783,0,0,3067
369,14,0,12,13,11601360,3780,0,0,3081
370,10,0,10,15,11640300,3778,0,0,3091
371,8,0,8,17,11676120,3777,0,0,3099
372,10,0,8,17,11714280,3777,0,0,3109
373,9,0,8,17,11744280,3776,0,0,3118
374,11,0,10,15,11772420,3774,0,0,3129
375,12,0,11,14,11801280,3770,0,0,3141
376,12,0,10,15,11846100,3769,0,0,3153
377,6,0,8,17,11878500,3769,0,0,3159
378,15,0,17,8,11905920,3771,0,0,3174
379,5,0,9,16,11953800,3770,0,0,3179
380,5,0,5,20,12006600,3776,0,0,3184
381,4,0,7,18,12012000,3776,0,0,3188
382,8,0,5,20,12045000,3774,0,0,3196
383,11,0,9,16,12059700,3771,0,0,3207
384,4,0,8,17,12077400,3770,0,0,3211
385,9,0,8,17,12120720,3773,0,0,3220
386,4,0,5,20,12159060,3777,0,0,3224
387,6,0,2,23,12179280,3773,0,0,3230
388,6,0,6,19,12191880,3774,0,0,3236
389,5,0,2,23,12212280,3770,0,0,3241
390,9,0,7,18,12222240,3768,0,0,3250
391,9,0,7,18,12239460,3763,0,0,3259
392,14,0,9,16,12266940,3758,0,0,3273
393,10,0,7,18,12304860,3756,0,0,3283
394,10,0,8,17,12332160,3754,0,0,3293
395,5,0,6,19,12364500,3755,0,0,3298
396,15,0,11,14,12390660,3752,0,0,3313
397,9,0,9,16,12419340,3748,0,0,3322
398,9,0,9,16,12450900,3748,0,0,3331
399,9,0,7,18,12488160,3746,0,0,3340
400,9,0,10,15,12515460,3748,0,0,3349
401,10,0,13,12,12528660,3744,0,0,3359
402,8,0,13,12,12577500,3750,0,0,3367
403,9,0,15,10,12620460,3754,0,0,3376
404,10,0,14,11,12675000,3758,0,0,3386
405,5,0,10,15,12717600,3761,0,0,3391
406,7,0,8,17,12768000,3766,0,0,3398
407,7,0,9,16,12796920,3768,0,0,3405
408,2,0,4,21,12837900,3772,0,0,3407
409,11,0,9,16,12857760,3771,0,0,3418
410,5,0,7,18,12875700,3769,0,0,3423
411,4,0,4,21,12907800,3770,0,0,3427
412,4,0,4,21,12920520,3770,0,0,3431
413,3,0,3,22,12936960,3770,0,0,3434
414,11,0,11,14,12947340,3770,0,0,3445
415,13,0,12,13,12980160,3766,0,0,3458
416,8,0,10,15,13025760,3769,0,0,3466
417,12,0,14,11,13058220,3769,0,0,3478
418,13,0,14,11,13103460,3768,0,0,3491
419,11,0,14,11,13145760,3768,0,0,3502
420,11,0,13,12,13202820,3772,0,0,3513
421,11,0,14,11,13252740,3775,0,0,3524
422,10,0,9,16,13306800,3774,0,0,3534
423,13,0,13,12,13334700,3773,0,0,3547
424,9,0,11,14,13370040,3771,0,0,3556
425,13,0,11,14,13426440,3773,0,0,3569
426,11,0,15,10,13460580,3775,0,0,3580
427,4,0,7,18,13508220,3776,0,0,3584
428,12,0,11,14,13540980,3777,0,0,3596
429,3,0,5,20,13579260,3778,0,0,3599
430,5,0,5,20,13605480,3780,0,0,3604
431,8,0,8,17,13622700,3779,0,0,3612
432,6,0,9,16,13641540,3779,0,0,3618
433,1,0,3,22,13674480,3781,0,0,3619
434,4,0,5,20,13693140,3784,0,0,3623
435,4,0,3,22,13708380,3782,0,0,3627
436,11,0,6,19,13717560,3776,0,0,3638
437,8,0,7,18,13735680,3774,0,0,3646
438,8,0,11,14,13753680,3775,0,0,3654
439,7,0,7,18,13788120,3773,0,0,3661
440,13,0,10,15,13813740,3770,0,0,3674
441,7,0,10,15,13838640,3769,0,0,3681
442,5,0,6,19,13881660,3772,0,0,3686
443,17,0,13,12,13916820,3771,0,0,3703
444,13,0,17,8,13947360,3770,0,0,3716
445,12,0,17,8,14007480,3774,0,0,3728
446,18,0,16,9,14075640,3773,0,0,3746
447,7,0,7,18,14146740,3776,0,0,3753
448,10,0,9,16,14179020,3777,0,0,3763
449,9,0,10,15,14206980,3776,0,0,3772
450,11,0,11,14,14243760,3776,0,0,3783
451,12,0,14,11,14272380,3774,0,0,3795
452,9,0,10,15,14308380,3771,0,0,3804
453,9,0,9,16,14360100,3775,0,0,3813
454,6,0,7,18,14395380,3776,0,0,3819
455,4,0,5,20,14418360,3776,0,0,3823
456,3,0,2,23,14447220,3778,0,0,3826
457,8,0,7,18,14453940,3776,0,0,3834
458,8,0,9,16,14462280,3773,0,0,3842
459,4,0,6,19,14508420,3778,0,0,3846
460,6,0,5,20,14528160,3776,0,0,3852
461,6,0,5,20,14556840,3778,0,0,3858
462,5,0,8,17,14559540,3776,0,0,3863
463,12,0,14,11,14591580,3779,0,0,3875
464,9,0,6,19,14657040,3779,0,0,3884
465,11,0,12,13,14668620,3777,0,0,3895
466,10,0,9,16,14716380,3777,0,0,3905
467,9,0,11,14,14742480,3777,0,0,3914
468,12,0,16,9,14762700,3775,0,0,3926
469,9,0,13,12,14806020,3775,0,0,3935
470,13,0,11,14,14877240,3778,0,0,3948
471,9,0,10,15,14916900,3779,0,0,3957
472,11,0,15,10,14938620,3779,0,0,3968
473,12,0,14,11,14986020,3778,0,0,3980
474,12,0,12,13,15057360,3783,0,0,3992
475,5,0,6,19,15098700,3783,0,0,3997
476,9,0,9,16,15130260,3785,0,0,4006
477,12,0,11,14,15162300,3783,0,0,4018
478,8,0,8,17,15189540,3780,0,0,4026
479,5,0,8,17,15210960,3780,0,0,4031
480,3,0,2,23,15264120,3785,0,0,4034
481,6,0,4,21,15275520,3784,0,0,4040
482,7,0,6,19,15292740,3784,0,0,4047
483,8,0,9,16,15303060,3782,0,0,4055
484,13,0,10,15,15333240,3778,0,0,4068
485,6,0,7,18,15367980,3778,0,0,4074
486,7,0,8,17,15386520,3777,0,0,4081
487,5,0,2,23,15427020,3777,0,0,4086
488,6,0,6,19,15428940,3776,0,0,4092
489,11,0,13,12,15437220,3774,0,0,4103
490,12,0,11,14,15480000,3771,0,0,4115
491,12,0,13,12,15526440,3774,0,0,4127
492,11,0,15,10,15569100,3776,0,0,4138
493,12,0,11,14,15624360,3774,0,0,4150
494,12,0,9,16,15678960,3775,0,0,4162
495,7,0,9,16,15706080,3775,0,0,4169
496,6,0,9,16,15738480,3777,0,0,4175
497,4,0,8,17,15759960,3778,0,0,4179
498,8,0,9,16,15787620,3778,0,0,4187
499,9,0,9,16,15816060,3777,0,0,4196
500,5,0,6,19,15849660,3778,0,0,4201
501,6,0,4,21,15877320,3777,0,0,4207
502,5,0,6,19,15887640,3777,0,0,4212
503,7,0,6,19,15905880,3775,0,0,4219
504,4,0,4,21,15929760,3775,0,0,4223
505,7,0,7,18,15941280,3774,0,0,4230
506,10,0,11,14,15967140,3775,0,0,4240
507,4,0,6,19,15996840,3774,0,0,4244
508,7,0,9,16,16012020,3774,0,0,4251
509,8,0,8,17,16049100,3775,0,0,4259
510,7,0,7,18,16083240,3776,0,0,4266
511,8,0,8,17,16100220,3774,0,0,4274
512,6,0,6,19,16130280,3774,0,0,4280
513,7,0,5,20,16160760,3774,0,0,4287
514,10,0,9,16,16173120,3771,0,0,4297
515,6,0,4,21,16212360,3771,0,0,4303
516,15,0,13,12,16235160,3771,0,0,4318
517,10,0,13,12,16263000,3768,0,0,4328
518,6,0,9,16,16299900,3768,0,0,4334
519,11,0,9,16,16340580,3768,0,0,4345
520,5,0,9,16,16364940,3769,0,0,4350
521,13,0,17,8,16398900,3773,0,0,4363
522,9,0,16,9,16426860,3771,0,0,4372
523,6,0,8,17,16504860,3776,0,0,4378
524,6,0,6,19,16534560,3776,0,0,4384
525,4,0,7,18,16540140,3775,0,0,4388
526,6,0,4,21,16583640,3777,0,0,4394
527,9,0,7,18,16609140,3778,0,0,4403
528,7,0,4,21,16631640,3774,0,0,4410
529,2,0,4,21,16638960,3774,0,0,4412
530,8,0,6,19,16658400,3773,0,0,4420
531,3,0,4,21,16680720,3774,0,0,4423
532,6,0,7,18,16690980,3774,0,0,4429
533,4,0,3,22,16723500,3775,0,0,4433
534,7,0,3,22,16750080,3775,0,0,4440
535,5,0,6,19,16751520,3773,0,0,4445
536,12,0,9,16,16777200,3771,0,0,4457
537,5,0,8,17,16804020,3772,0,0,4462
538,11,0,10,15,16848060,3775,0,0,4473
539,13,0,13,12,16876860,3773,0,0,4486
540,10,0,10,15,16929000,3773,0,0,4496
541,8,0,13,12,16948680,3773,0,0,4504
542,10,0,9,16,17001240,3773,0,0,4514
543,13,0,10,15,17039640,3772,0,0,4527
544,9,0,8,17,17081400,3772,0,0,4536
545,6,0,9,16,17099940,3772,0,0,4542
546,17,0,15,10,17137380,3771,0,0,4559
547,11,0,14,11,17164500,3767,0,0,4570
548,10,0,8,17,17229660,3768,0,0,4580
549,6,0,3,22,17274060,3769,0,0,4586
550,7,0,8,17,17284680,3769,0,0,4593
551,8,0,7,18,17305320,3766,0,0,4601
552,4,0,3,22,17330400,3765,0,0,4605
553,3,0,2,23,17347560,3766,0,0,4608
554,3,0,3,22,17351580,3765,0,0,4611
555,5,0,5,20,17355720,3763,0,0,4616
556,4,0,5,20,17378220,3765,0,0,4620
557,11,0,7,18,17400960,3763,0,0,4631
558,8,0,6,19,17419380,3759,0,0,4639
559,4,0,7,18,17425680,3758,0,0,4643
560,13,0,10,15,17463360,3758,0,0,4656
561,18,0,17,8,17493120,3756,0,0,4674
562,12,0,16,9,17528220,3753,0,0,4686
563,11,0,14,11,17579100,3753,0,0,4697
564,12,0,8,17,17656200,3755,0,0,4709
565,11,0,5,20,17699100,3753,0,0,4720
566,17,0,16,9,17707740,3750,0,0,4737
567,8,0,10,15,17751600,3749,0,0,4745
568,11,0,9,16,17795940,3748,0,0,4756
569,11,0,10,15,17836260,3749,0,0,4767
570,5,0,4,21,17877720,3749,0,0,4772
571,9,0,7,18,17901720,3749,0,0,4781
572,7,0,8,17,17922660,3749,0,0,4788
573,9,0,10,15,17954220,3750,0,0,4797
574,9,0,11,14,17979420,3749,0,0,4806
575,3,0,6,19,18012960,3750,0,0,4809
576,9,0,8,17,18037380,3749,0,0,4818
577,6,0,7,18,18069780,3751,0,0,4824
578,6,0,9,16,18089100,3752,0,0,4830
579,3,0,3,22,18117180,3750,0,0,4833
580,6,0,3,22,18136320,3750,0,0,4839
581,4,0,6,19,18142620,3750,0,0,4843
582,9,0,5,20,18167700,3748,0,0,4852
583,6,0,9,16,18173520,3747,0,0,4858
584,10,0,13,12,18203700,3749,0,0,4868
585,18,0,20,5,18246180,3749,0,0,4886
586,12,0,12,13,18316380,3748,0,0,4898
587,16,0,11,14,18366360,3745,0,0,4914
588,16,0,16,9,18402780,3744,0,0,4930
589,11,0,12,13,18458160,3744,0,0,4941
590,10,0,10,15,18508020,3745,0,0,4951
591,14,0,10,15,18544920,3742,0,0,4965
592,8,0,10,15,18588540,3745,0,0,4973
593,6,0,6,19,18620280,3744,0,0,4979
594,15,0,11,14,18660240,3744,0,0,4994
595,7,0,12,13,18676860,3743,0,0,5001
596,5,0,8,17,18712800,3744,0,0,5006
597,7,0,5,20,18764040,3746,0,0,5013
598,5,0,4,21,18783720,3746,0,0,5018
599,8,0,10,15,18789120,3745,0,0,5026
600,5,0,8,17,18812280,3745,0,0,5031
601,4,0,3,22,18854820,3746,0,0,5035
602,7,0,5,20,18867060,3745,0,0,5042
603,2,0,3,22,18879000,3745,0,0,5044
604,4,0,3,22,18895560,3745,0,0,5048
605,6,0,7,18,18902460,3745,0,0,5054
606,8,0,7,18,18929700,3744,0,0,5062
607,7,0,9,16,18942540,3743,0,0,5069
608,7,0,9,16,18973200,3744,0,0,5076
609,14,0,12,13,19008900,3743,0,0,5090
610,9,0,11,14,19037760,3741,0,0,5099
611,8,0,9,16,19084140,3743,0,0,5107
612,8,0,10,15,19118220,3744,0,0,5115
613,8,0,10,15,19147080,3744,0,0,5123
614,10,0,12,13,19186260,3746,0,0,5133
615,15,0,10,15,19237020,3744,0,0,5148
616,7,0,10,15,19254780,3742,0,0,5155
617,6,0,5,20,19299720,3743,0,0,5161
618,11,0,7,18,19335720,3743,0,0,5172
619,4,0,6,19,19357980,3744,0,0,5176
620,9,0,9,16,19379040,3744,0,0,5185
621,7,0,9,16,19402620,3743,0,0,5192
622,6,0,8,17,19421220,3742,0,0,5198
623,3,0,3,22,19463880,3744,0,0,5201
624,6,0,5,20,19476120,3743,0,0,5207
625,6,0,8,17,19491240,3744,0,0,5213
626,3,0,4,21,19515360,3744,0,0,5216
627,11,0,9,16,19534680,3743,0,0,5227
628,8,0,7,18,19569360,3743,0,0,5235
629,7,0,7,18,19595280,3743,0,0,5242
630,6,0,6,19,19624560,3743,0,0,5248
631,7,0,7,18,19648020,3743,0,0,5255
632,2,0,7,18,19656180,3744,0,0,5257
633,4,0,5,20,19689720,3746,0,0,5261
634,9,0,8,17,19706880,3745,0,0,5270
635,9,0,6,19,19732620,3742,0,0,5279
636,17,0,14,11,19749840,3739,0,0,5296
637,9,0,12,13,19791660,3739,0,0,5305
638,3,0,7,18,19834740,3741,0,0,5308
639,11,0,7,18,19880520,3742,0,0,5319
640,16,0,17,8,19891740,3740,0,0,5335
641,14,0,18,7,19941660,3740,0,0,5349
642,5,0,7,18,20008260,3741,0,0,5354
643,13,0,11,14,20046240,3742,0,0,5367
644,1,0,8,17,20069940,3744,0,0,5368
645,7,0,9,16,20107200,3747,0,0,5375
646,5,0,9,16,20137740,3749,0,0,5380
647,5,0,6,19,20174940,3750,0,0,5385
648,8,0,6,19,20197980,3749,0,0,5393
649,8,0,6,19,20219160,3747,0,0,5401
650,5,0,5,20,20235120,3746,0,0,5406
651,8,0,4,21,20260320,3744,0,0,5414
652,6,0,6,19,20270340,3744,0,0,5420
653,4,0,6,19,20287380,3744,0,0,5424
654,7,0,8,17,20308260,3744,0,0,5431
655,7,0,7,18,20346420,3746,0,0,5438
656,4,0,6,19,20362620,3745,0,0,5442
657,14,0,10,15,20400960,3746,0,0,5456
658,7,0,9,16,20415600,3743,0,0,5463
659,10,0,8,17,20464800,3744,0,0,5473
660,11,0,10,15,20489100,3742,0,0,5484
661,9,0,6,19,20528340,3741,0,0,5493
662,9,0,9,16,20548980,3740,0,0,5502
663,9,0,7,18,20590140,3740,0,0,5511
664,10,0,13,12,20598360,3739,0,0,5521
665,18,0,20,5,20638320,3739,0,0,5539
666,10,0,14,11,20694660,3738,0,0,5549
667,6,0,7,18,20757480,3741,0,0,5555
668,8,0,9,16,20792940,3743,0,0,5563
669,4,0,6,19,20817600,3743,0,0,5567
670,1,0,1,24,20846880,3744,0,0,5568
671,8,0,5,20,20854860,3743,0,0,5576
672,7,0,7,18,20865660,3742,0,0,5583
673,5,0,11,14,20866260,3741,0,0,5588
674,2,0,10,15,20875020,3741,0,0,5590
675,2,0,11,14,20875920,3740,0,0,5592
676,1,0,7,18,20905320,3742,0,0,5593
677,8,0,11,14,20913900,3741,0,0,5601
678,10,0,16,9,20931840,3741,0,0,5611
679,5,0,14,11,20967180,3742,0,0,5616
680,7,0,12,13,21002640,3743,0,0,5623
681,8,0,12,13,21034560,3743,0,0,5631
682,12,0,16,9,21053280,3741,0,0,5643
683,9,0,16,9,21080700,3740,0,0,5652
684,21,0,23,2,21119100,3737,0,0,5673
685,14,0,23,2,21177000,3738,1920,0,5687
686,13,0,23,2,21240540,3741,5580,0,5700
687,9,0,17,8,21308220,3743,5580,0,5709
688,9,0,15,10,21347340,3743,5580,0,5718
689,10,0,17,8,21390360,3745,5580,0,5728
690,16,0,20,5,21431340,3744,5580,0,5744
691,6,0,12,13,21468300,3741,5580,0,5750
692,9,0,10,15,21502320,3740,5580,0,5759
693,11,0,16,9,21512640,3738,5580,0,5770
694,4,0,12,13,21536880,3737,5580,0,5774
695,5,0,11,14,21569880,3739,5580,0,5779
696,4,0,10,15,21593400,3740,5580,0,5783
697,6,0,10,15,21610020,3739,5580,0,5789
698,5,0,9,16,21630000,3738,5580,0,5794
699,4,0,9,16,21637380,3737,5580,0,5798
700,6,0,13,12,21641280,3737,5580,0,5804
701,2,0,9,16,21673260,3738,5580,0,5806
702,9,0,11,14,21690900,3737,5580,0,5815
703,2,0,10,15,21697440,3736,5580,0,5817
704,15,0,16,9,21730740,3736,5580,0,5832
705,14,0,18,7,21763500,3734,5580,0,5846
706,14,0,20,5,21801120,3733,5580,0,5860
707,14,0,20,5,21850680,3732,5580,0,5874
708,10,0,18,7,21887880,3731,5580,0,5884
709,14,0,16,9,21944640,3730,5580,0,5898
710,12,0,16,9,21983040,3729,5580,0,5910
711,10,0,13,12,22019820,3727,5580,0,5920
712,10,0,15,10,22039260,3725,5580,0,5930
713,11,0,15,10,22073580,3724,5580,0,5941
714,7,0,12,13,22106220,3724,5580,0,5948
715,7,0,14,11,22118040,3722,5580,0,5955
716,7,0,14,11,22151820,3724,5580,0,5962
717,6,0,12,13,22175760,3723,5580,0,5968
718,3,0,8,17,22203180,3723,5580,0,5971
719,4,0,9,16,22217880,3724,5580,0,5975
720,5,0,13,12,22221360,3724,5580,0,5980
721,6,0,14,11,22234260,3723,5580,0,5986
722,6,0,10,15,22272180,3723,5580,0,5992
723,7,0,14,11,22285800,3723,5580,0,5999
724,3,0,9,16,22314960,3723,5580,0,6002
725,8,0,14,11,22331340,3724,5580,0,6010
726,10,0,14,11,22358520,3722,5580,0,6020
727,10,0,13,12,22389900,3721,5580,0,6030
728,6,0,11,14,22411860,3719,5580,0,6036
729,8,0,15,10,22420320,3718,5580,0,6044
730,11,0,19,6,22447380,3718,5580,0,6055
731,9,0,16,9,22473180,3715,5580,0,6064
732,11,0,17,8,22524540,3718,5580,0,6075
733,15,0,24,1,22549320,3717,5580,0,6090
734,14,0,21,4,22609320,3716,5580,0,6104
735,9,0,18,7,22661460,3718,5580,0,6113
736,16,0,21,4,22719120,3719,5580,0,6129
737,13,0,16,9,22794660,3720,5580,0,6142
738,7,0,16,9,22823220,3721,5580,0,6149
739,6,0,12,13,22870560,3723,5580,0,6155
740,9,0,12,13,22899540,3722,5580,0,6164
741,10,0,11,14,22933560,3721,5580,0,6174
742,6,0,11,14,22953900,3720,5580,0,6180
743,5,0,12,13,22970160,3721,5580,0,6185
744,3,0,10,15,22980900,3719,5580,0,6188
745,4,0,9,16,23006220,3720,5580,0,6192
746,6,0,13,12,23010660,3720,5580,0,6198
747,3,0,11,14,23031420,3720,5580,0,6201
748,2,0,10,15,23041980,3720,5580,0,6203
749,5,0,9,16,23057220,3719,5580,0,6208
750,4,0,11,14,23074320,3721,5580,0,6212
751,12,0,17,8,23086080,3719,5580,0,6224
752,3,0,13,12,23114400,3719,5580,0,6227
753,9,0,12,13,23158380,3720,5580,0,6236
754,13,0,16,9,23175660,3718,5580,0,6249
755,10,0,19,6,23201400,3718,5580,0,6259
756,12,0,17,8,23251680,3717,5580,0,6271
757,10,0,17,8,23290200,3718,5580,0,6281
758,9,0,18,7,23324400,3718,5580,0,6290
759,9,0,17,8,23359740,3718,5580,0,6299
760,11,0,15,10,23407920,3718,5580,0,6310
761,8,0,12,13,23445480,3717,5580,0,6318
762,8,0,13,12,23465700,3717,5580,0,6326
763,12,0,17,8,23482500,3714,5580,0,6338
764,16,0,25,0,23495340,3712,6780,1,6354
765,5,0,15,10,23568240,3715,6780,1,6359
766,8,0,12,13,23617140,3716,6780,1,6367
767,8,0,15,10,23637840,3716,6780,1,6375
768,5,0,11,14,23661060,3715,6780,1,6380
769,5,0,12,13,23693520,3717,6780,1,6385
770,3,0,10,15,23707800,3717,6780,1,6388
771,5,0,9,16,23741520,3718,6780,1,6393
772,6,0,11,14,23754180,3718,6780,1,6399
773,7,0,13,12,23774520,3718,6780,1,6406
774,5,0,8,17,23796600,3716,6780,1,6411
775,8,0,9,16,23817000,3715,6780,1,6419
776,7,0,12,13,23828520,3715,6780,1,6426
777,10,0,16,9,23837160,3712,6780,1,6436
778,13,0,15,10,23873040,3710,6780,1,6449
779,10,0,17,8,23899080,3709,6780,1,6459
780,7,0,14,11,23937420,3710,6780,1,6466
781,15,0,21,4,23969280,3710,6780,1,6481
782,14,0,17,8,24033720,3710,6780,1,6495
783,9,0,17,8,24066480,3709,6780,1,6504
784,10,0,13,12,24115680,3709,6780,1,6514
785,6,0,11,14,24144720,3709,6780,1,6520
786,8,0,15,10,24162900,3709,6780,1,6528
787,3,0,9,16,24197100,3710,6780,1,6531
788,11,0,15,10,24208860,3709,6780,1,6542
789,3,0,11,14,24240180,3709,6780,1,6545
790,6,0,12,13,24270660,3711,6780,1,6551
791,5,0,12,13,24284820,3711,6780,1,6556
792,11,0,18,7,24300060,3710,6780,1,6567
793,8,0,12,13,24341220,3708,6780,1,6575
794,3,0,9,16,24373080,3710,6780,1,6578
795,6,0,11,14,24386400,3710,6780,1,6584
796,8,0,14,11,24398760,3709,6780,1,6592
797,8,0,14,11,24415920,3707,6780,1,6600
798,9,0,16,9,24450360,3708,6780,1,6609
799,11,0,17,8,24471060,3706,6780,1,6620
800,7,0,15,10,24504660,3706,6780,1,6627
801,12,0,18,7,24545700,3707,6780,1,6639
802,10,0,14,11,24604680,3708,6780,1,6649
803,9,0,13,12,24634800,3707,6780,1,6658
804,10,0,16,9,24666720,3708,6780,1,6668
805,11,0,16,9,24692520,3705,6780,1,6679
806,17,0,22,3,24736920,3706,6780,1,6696
807,13,0,23,2,24778620,3706,6780,1,6709
808,7,0,14,11,24845160,3707,6780,1,6716
809,6,0,15,10,24877980,3709,6780,1,6722
810,5,0,16,9,24896340,3709,6780,1,6727
811,4,0,13,12,24932340,3711,6780,1,6731
812,10,0,16,9,24952260,3710,6780,1,6741
813,10,0,16,9,25000740,3712,6780,1,6751
814,4,0,12,13,25038360,3713,6780,1,6755
815,2,0,11,14,25058520,3714,6780,1,6757
816,3,0,9,16,25083540,3715,6780,1,6760
817,4,0,12,13,25092480,3716,6780,1,6764
818,7,0,14,11,25109640,3716,6780,1,6771
819,7,0,14,11,25131180,3715,6780,1,6778
820,6,0,14,11,25158300,3716,6780,0,6784
821,5,0,12,13,25186860,3716,6780,0,6789
822,10,0,15,10,25215540,3716,6780,0,6799
823,6,0,13,12,25245600,3716,6780,0,6805
824,14,0,20,5,25258140,3714,6780,0,6819
825,9,0,19,6,25298820,3715,6780,0,6828
826,12,0,14,11,25361880,3715,6780,0,6840
827,7,0,16,9,25385520,3716,6780,0,6847
828,11,0,19,6,25422300,3717,6780,0,6858
829,13,0,17,8,25471860,3716,6780,0,6871
830,11,0,18,7,25511580,3716,6780,0,6882
831,12,0,19,6,25560000,3717,6780,0,6894
832,15,0,21,4,25607460,3717,6780,0,6909
833,9,0,19,6,25652280,3718,6780,0,6918
834,6,0,15,10,25706640,3720,6780,0,6924
835,6,0,13,12,25732380,3720,6780,0,6930
836,6,0,11,14,25767060,3720,6780,0,6936
837,4,0,11,14,25782840,3721,6780,0,6940
838,3,0,8,17,25805400,3721,6780,0,6943
839,7,0,11,14,25813380,3720,6780,0,6950
840,3,0,8,17,25831860,3719,6780,0,6953
841,3,0,10,15,25838220,3719,6780,0,6956
842,7,0,12,13,25852020,3719,6780,0,6963
843,3,0,11,14,25870740,3719,6780,0,6966
844,7,0,13,12,25892880,3720,6780,0,6973
845,5,0,12,13,25912260,3719,6780,0,6978
846,4,0,11,14,25928220,3719,6780,0,6982
847,8,0,16,9,25947480,3720,6780,0,6990
848,3,0,13,12,25969260,3720,6780,0,6993
849,12,0,15,10,26007240,3720,6780,0,7005
850,3,0,13,12,26042940,3723,6780,0,7008
851,23,0,23,2,26081520,3721,6780,0,7031
852,5,0,12,13,26130540,3720,6780,0,7036
853,11,0,15,10,26164140,3720,6780,0,7047
854,13,0,17,8,26182380,3717,6780,0,7060
855,12,0,17,8,26226120,3717,6780,0,7072
856,13,0,20,5,26263740,3717,6780,0,7085
857,12,0,21,4,26299200,3716,6780,0,7097
858,13,0,23,2,26347980,3717,7920,1,7110
859,6,0,14,11,26414640,3719,7920,1,7116
860,5,0,11,14,26465880,3722,7920,1,7121
861,4,0,9,16,26487180,3722,7920,1,7125
862,1,0,9,16,26493900,3722,7920,1,7126
863,3,0,9,16,26508060,3723,7920,1,7129
864,5,0,11,14,26512680,3722,7920,1,7134
865,4,0,14,11,26513280,3721,7920,1,7138
866,4,0,14,11,26540880,3723,7920,1,7142
867,1,0,8,17,26580540,3725,7920,1,7143
868,14,0,13,12,26600820,3723,7920,1,7157
869,1,0,10,15,26611740,3722,7920,1,7158
870,4,0,8,17,26634600,3723,7920,1,7162
871,10,0,13,12,26647020,3722,7920,1,7172
872,9,0,12,13,26674860,3720,7920,1,7181
873,10,0,15,10,26688360,3719,7920,1,7191
874,7,0,15,10,26726820,3720,7920,1,7198
875,10,0,16,9,26754180,3719,7920,1,7208
876,11,0,19,6,26779200,3719,7920,1,7219
877,8,0,15,10,26838840,3721,7920,1,7227
878,7,0,13,12,26870280,3721,7920,1,7234
879,10,0,15,10,26898240,3720,7920,1,7244
880,12,0,21,4,26918460,3720,7920,1,7256
881,13,0,19,6,26977800,3721,7920,1,7269
882,7,0,18,7,27007920,3721,7920,1,7276
883,4,0,14,11,27052980,3723,7920,1,7280
884,6,0,12,13,27095520,3724,7920,1,7286
885,5,0,16,9,27099540,3725,7920,1,7291
886,6,0,12,13,27137700,3725,7920,1,7297
887,8,0,14,11,27153600,3724,7920,1,7305
888,8,0,16,9,27179820,3724,7920,1,7313
889,8,0,14,11,27214560,3724,7920,1,7321
890,1,0,9,16,27243600,3725,7920,1,7322
891,7,0,10,15,27257520,3724,7920,1,7329
892,4,0,9,16,27283800,3725,7920,1,7333
893,4,0,9,16,27289500,3724,7920,1,7337
894,7,0,12,13,27303960,3723,7920,1,7344
895,7,0,10,15,27328140,3722,7920,1,7351
896,8,0,13,12,27338280,3721,7920,1,7359
897,7,0,14,11,27350400,3720,7920,1,7366
898,13,0,17,8,27372660,3718,7920,1,7379
899,8,0,15,10,27407280,3717,7920,1,7387
900,10,0,16,9,27450060,3719,7920,1,7397
901,6,0,14,11,27484560,3719,7920,1,7403
902,9,0,16,9,27509460,3719,7920,1,7412
903,6,0,13,12,27543360,3719,7920,1,7418
904,11,0,13,12,27586680,3719,7920,1,7429
905,5,0,11,14,27614580,3720,7920,1,7434
906,16,0,22,3,27628740,3719,7920,1,7450
907,4,0,17,8,27662340,3719,7920,1,7454
908,8,0,12,13,27733080,3722,7920,1,7462
909,5,0,10,15,27754260,3721,7920,1,7467
910,3,0,10,15,27765780,3721,7920,1,7470
911,7,0,13,12,27776760,3721,7920,1,7477
912,6,0,12,13,27798900,3720,7920,1,7483
913,9,0,15,10,27829680,3722,7920,1,7492
914,4,0,14,11,27849120,3722,7920,1,7496
915,3,0,12,13,27881880,3724,7920,1,7499
916,9,0,14,11,27914280,3724,7920,1,7508
917,8,0,13,12,27934140,3723,7920,1,7516
918,6,0,11,14,27959640,3722,7920,1,7522
919,6,0,12,13,27981960,3722,7920,1,7528
920,5,0,13,12,27989580,3722,7920,1,7533
921,8,0,17,8,28014180,3723,7920,1,7541
922,12,0,17,8,28051980,3722,7920,1,7553
923,6,0,9,16,28112580,3723,7920,1,7559
924,12,0,12,13,28134540,3721,7920,1,7571
925,14,0,19,6,28147020,3720,7920,1,7585
926,12,0,16,9,28191900,3718,7920,1,7597
927,12,0,21,4,28218720,3718,7920,1,7609
928,7,0,19,6,28246320,3718,7920,1,7616
929,7,0,14,11,28321020,3722,7920,1,7623
930,9,0,18,7,28341360,3722,7920,1,7632
931,2,0,10,15,28393380,3724,7920,1,7634
932,9,0,13,12,28411020,3723,7920,1,7643
933,9,0,17,8,28432020,3723,7920,1,7652
934,13,0,17,8,28474980,3723,7920,1,7665
935,6,0,15,10,28502880,3722,7920,1,7671
936,2,0,10,15,28540080,3724,7920,1,7673
937,7,0,11,14,28566540,3724,7920,1,7680
938,10,0,13,12,28588380,3723,7920,1,7690
939,3,0,11,14,28607700,3723,7920,1,7693
940,7,0,11,14,28632180,3723,7920,1,7700
941,5,0,12,13,28642080,3723,7920,1,7705
942,5,0,9,16,28667100,3722,7920,1,7710
943,6,0,13,12,28674780,3722,7920,1,7716
944,16,0,17,8,28702320,3720,7920,1,7732
945,6,0,14,11,28730220,3719,7920,1,7738
946,9,0,16,9,28760400,3720,7920,1,7747
947,9,0,16,9,28797960,3720,7920,1,7756
948,12,0,16,9,28829280,3718,7920,1,7768
949,11,0,19,6,28863480,3719,7920,1,7779
950,8,0,13,12,28925760,3720,7920,1,7787
951,12,0,15,10,28944480,3718,7920,1,7799
952,6,0,12,13,28966740,3717,7920,1,7805
953,8,0,13,12,28989420,3716,7920,1,7813
954,10,0,17,8,29013600,3716,7920,1,7823
955,7,0,14,11,29053080,3717,7920,1,7830
956,8,0,14,11,29091780,3718,7920,1,7838
957,4,0,11,14,29125020,3719,7920,1,7842
958,7,0,15,10,29139780,3719,7920,1,7849
959,9,0,15,10,29170500,3719,7920,1,7858
960,6,0,13,12,29204340,3719,7920,1,7864
961,3,0,9,16,29224800,3719,7920,1,7867
962,7,0,13,12,29240760,3719,7920,1,7874
963,2,0,11,14,29254500,3719,7920,1,7876
964,5,0,8,17,29283840,3719,7920,1,7881
965,1,0,7,18,29292240,3719,7920,1,7882
966,2,0,8,17,29292840,3719,7920,1,7884
967,6,0,12,13,29296740,3718,7920,1,7890
968,11,0,20,5,29302080,3718,7920,1,7901
969,8,0,14,11,29346900,3717,7920,1,7909
970,6,0,13,12,29382120,3718,7920,1,7915
971,7,0,12,13,29402400,3717,7920,0,7922
972,13,0,15,10,29430780,3716,7920,0,7935
973,8,0,16,9,29444040,3714,7920,0,7943
974,9,0,15,10,29479020,3714,7920,0,7952
975,10,0,19,6,29496360,3713,7920,0,7962
976,15,0,18,7,29542440,3711,7920,0,7977
977,12,0,19,6,29583900,3711,7920,0,7989
978,10,0,18,7,29635020,3713,7920,0,7999
979,3,0,14,11,29670840,3714,7920,0,8002
980,8,0,16,9,29704140,3715,7920,0,8010
981,5,0,16,9,29731560,3716,7920,0,8015
982,7,0,14,11,29772960,3717,7920,0,8022
983,5,0,13,12,29792460,3717,7920,0,8027
984,3,0,12,13,29815920,3718,7920,0,8030
985,7,0,13,12,29835120,3718,7920,0,8037
986,11,0,17,8,29876700,3720,7920,0,8048
987,8,0,17,8,29904420,3719,7920,0,8056
988,7,0,14,11,29932860,3718,7920,0,8063
989,4,0,12,13,29969940,3720,7920,0,8067
990,5,0,9,16,30004980,3721,7920,0,8072
991,7,0,13,12,30009300,3720,7920,0,8079
992,5,0,14,11,30021780,3720,7920,0,8084
993,9,0,17,8,30041640,3719,7920,0,8093
994,9,0,22,3,30071760,3721,7920,0,8102
995,9,0,17,8,30140940,3723,7920,0,8111
996,17,0,20,5,30177540,3721,7920,0,8128
997,9,0,17,8,30223440,3722,7920,0,8137
998,10,0,19,6,30247200,3721,7920,0,8147
999,17,0,20,5,30294240,3719,7920,0,8164
1000,18,0,23,2,30354360,3720,7920,0,8182
1001,10,0,17,8,30401100,3718,7920,0,8192
1002,15,0,24,1,30433560,3719,7920,0,8207
1003,16,0,17,8,30520140,3719,8580,1,8223
1004,11,0,16,9,30567720,3719,8580,1,8234
1005,9,0,17,8,30596220,3719,8580,1,8243
1006,3,0,13,12,30629460,3720,8580,1,8246
1007,4,0,10,15,30658740,3720,8580,1,8250
1008,4,0,8,17,30679020,3720,8580,1,8254
1009,7,0,13,12,30680160,3719,8580,1,8261
1010,4,0,14,11,30695160,3720,8580,1,8265
1011,6,0,11,14,30729060,3720,8580,1,8271
1012,4,0,10,15,30744000,3719,8580,1,8275
1013,4,0,10,15,30761820,3720,8580,1,8279
1014,6,0,10,15,30779400,3719,8580,1,8285
1015,10,0,16,9,30784920,3718,8580,1,8295
1016,6,0,13,12,30825660,3719,8580,1,8301
1017,11,0,16,9,30853980,3719,8580,1,8312
1018,9,0,14,11,30890880,3718,8580,1,8321
1019,12,0,19,6,30926460,3719,8580,1,8333
1020,6,0,15,10,30958740,3719,8580,1,8339
1021,7,0,14,11,30992760,3719,8580,1,8346
1022,7,0,15,10,31019640,3720,8580,1,8353
1023,8,0,14,11,31065720,3721,8580,1,8361
1024,11,0,15,10,31093860,3720,8580,1,8372
1025,11,0,16,9,31129800,3720,8580,1,8383
1026,7,0,13,12,31161720,3719,8580,1,8390
1027,4,0,8,17,31192620,3719,8580,1,8394
1028,3,0,7,18,31200120,3718,8580,1,8397
1029,6,0,10,15,31214100,3719,8580,1,8403
1030,1,0,9,16,31217460,3718,8580,1,8404
1031,6,0,11,14,31234740,3718,8580,1,8410
1032,4,0,11,14,31248900,3718,8580,1,8414
1033,3,0,8,17,31270080,3718,8580,1,8417
1034,7,0,11,14,31280160,3718,8580,1,8424
1035,2,0,10,15,31290060,3717,8580,1,8426
1036,4,0,9,16,31306680,3717,8580,1,8430
1037,6,0,11,14,31317180,3717,8580,1,8436
1038,5,0,14,11,31326540,3717,8580,1,8441
1039,11,0,17,8,31356720,3717,8580,1,8452
1040,10,0,14,11,31395120,3716,8580,1,8462
1041,9,0,16,9,31439820,3718,8580,1,8471
1042,3,0,9,16,31475760,3718,8580,1,8474
1043,11,0,17,8,31480320,3717,8580,1,8485
1044,8,0,19,6,31504020,3717,8580,1,8493
1045,13,0,20,5,31559220,3718,8580,1,8506
1046,10,0,19,6,31602240,3719,8580,1,8516
1047,9,0,14,11,31653060,3719,8580,1,8525
1048,12,0,22,3,31660320,3718,8580,1,8537
1049,6,0,16,9,31712280,3719,8580,1,8543
1050,9,0,15,10,31756560,3719,8580,1,8552
1051,8,0,17,8,31776060,3719,8580,1,8560
1052,7,0,14,11,31826280,3721,8580,1,8567
1053,8,0,14,11,31857540,3721,8580,1,8575
1054,7,0,11,14,31889640,3720,8580,0,8582
1055,11,0,11,14,31918680,3719,8580,0,8593
1056,8,0,13,12,31939440,3719,8580,0,8601
1057,8,0,13,12,31959660,3717,8580,0,8609
1058,7,0,11,14,31999800,3718,8580,0,8616
1059,6,0,14,11,32011020,3718,8580,0,8622
1060,7,0,13,12,32050020,3719,8580,0,8629
1061,5,0,14,11,32068200,3720,8580,0,8634
1062,10,0,16,9,32097780,3720,8580,0,8644
1063,6,0,14,11,32128920,3720,8580,0,8650
1064,6,0,13,12,32148720,3719,8580,0,8656
1065,11,0,18,7,32174100,3719,8580,0,8667
1066,8,0,16,9,32221440,3721,8580,0,8675
1067,8,0,13,12,32269800,3722,8580,0,8683
1068,17,0,18,7,32296920,3719,8580,0,8700
1069,12,0,21,4,32326980,3719,8580,0,8712
1070,12,0,21,4,32385360,3721,8580,0,8724
1071,11,0,21,4,32432160,3721,8580,0,8735
1072,8,0,13,12,32497080,3722,8580,0,8743
1073,8,0,14,11,32522040,3722,8580,0,8751
1074,4,0,13,12,32542860,3722,8580,0,8755
1075,6,0,12,13,32575080,3723,8580,0,8761
1076,7,0,10,15,32597820,3722,8580,0,8768
1077,7,0,11,14,32619000,3721,8580,0,8775
1078,6,0,10,15,32636820,3720,8580,0,8781
1079,5,0,9,16,32654640,3720,8580,0,8786
1080,6,0,10,15,32664060,3719,8580,0,8792
1081,8,0,12,13,32677320,3718,8580,0,8800
1082,7,0,14,11,32693460,3718,8580,0,8807
1083,2,0,11,14,32713500,3718,8580,0,8809
1084,10,0,11,14,32737440,3716,8580,0,8819
1085,3,0,8,17,32767920,3717,8580,0,8822
1086,3,0,9,16,32771280,3717,8580,0,8825
1087,3,0,11,14,32772300,3716,8580,0,8828
1088,7,0,13,12,32793120,3717,8580,0,8835
1089,5,0,14,11,32810100,3717,8580,0,8840
1090,8,0,14,11,32845200,3718,8580,0,8848
1091,8,0,14,11,32874600,3718,8580,0,8856
1092,15,0,15,10,32900160,3715,8580,0,8871
1093,9,0,16,9,32925780,3714,8580,0,8880
1094,11,0,17,8,32966760,3714,8580,0,8891
1095,8,0,15,10,33001140,3714,8580,0,8899
1096,16,0,20,5,33042900,3714,8580,0,8915
1097,8,0,15,10,33078480,3713,8580,0,8923
1098,12,0,16,9,33113280,3712,8580,0,8935
1099,13,0,18,7,33152160,3712,8580,0,8948
1100,8,0,11,14,33192060,3710,8580,0,8956
1101,11,0,14,11,33220920,3710,8580,0,8967
1102,4,0,13,12,33234000,3709,8580,0,8971
1103,5,0,12,13,33267600,3711,8580,0,8976
1104,3,0,9,16,33291780,3711,8580,0,8979
1105,6,0,9,16,33306660,3710,8580,0,8985
1106,7,0,11,14,33315360,3709,8580,0,8992
1107,4,0,10,15,33333840,3709,8580,0,8996
1108,5,0,11,14,33336900,3708,8580,0,9001
1109,12,0,16,9,33367020,3708,8580,0,9013
1110,7,0,11,14,33405660,3708,8580,0,9020
1111,7,0,12,13,33419520,3707,8580,0,9027
1112,6,0,14,11,33434820,3707,8580,0,9033
1113,8,0,15,10,33458340,3706,8580,0,9041
1114,5,0,14,11,33489600,3707,8580,0,9046
1115,6,0,11,14,33531900,3708,8580,0,9052
1116,11,0,11,14,33553560,3706,8580,0,9063
1117,15,0,18,7,33573060,3705,8580,0,9078
1118,6,0,16,9,33601140,3705,8580,0,9084
1119,15,0,20,5,33642840,3705,8580,0,9099
1120,5,0,16,9,33680760,3706,8580,0,9104
1121,9,0,17,8,33713040,3706,8580,0,9113
1122,10,0,13,12,33776760,3707,8580,0,9123
1123,8,0,15,10,33792240,3706,8580,0,9131
1124,13,0,19,6,33814620,3705,8580,0,9144
1125,12,0,17,8,33880920,3707,8580,0,9156
1126,7,0,13,12,33914880,3706,8580,0,9163
1127,3,0,10,15,33948060,3707,8580,0,9166
1128,9,0,13,12,33964620,3707,8580,0,9175
1129,5,0,13,12,33978900,3706,8580,0,9180
1130,6,0,14,11,34004640,3707,8580,0,9186
1131,2,0,9,16,34037700,3708,8580,0,9188
1132,4,0,10,15,34053420,3708,8580,0,9192
1133,8,0,13,12,34064160,3707,8580,0,9200
1134,6,0,14,11,34084380,3708,8580,0,9206
1135,4,0,11,14,34112580,3708,8580,0,9210
1136,10,0,16,9,34134000,3708,8580,0,9220
1137,9,0,18,7,34150560,3707,8580,0,9229
1138,14,0,19,6,34202280,3707,8580,0,9243
1139,17,0,21,4,34249260,3707,8580,0,9260
1140,11,0,19,6,34289700,3706,8580,0,9271
1141,10,0,17,8,34340580,3706,8580,0,9281
1142,7,0,14,11,34386480,3707,8580,0,9288
1143,15,0,19,6,34419720,3707,8580,0,9303
1144,15,0,23,2,34453380,3706,8580,0,9318
1145,9,0,24,1,34483920,3706,9780,1,9327
1146,11,0,15,10,34583880,3709,9780,1,9338
1147,7,0,15,10,34610040,3709,9780,1,9345
1148,12,0,18,7,34639860,3709,9780,1,9357
1149,8,0,14,11,34684380,3709,9780,1,9365
1150,6,0,11,14,34709460,3708,9780,1,9371
1151,8,0,13,12,34735620,3708,9780,1,9379
1152,8,0,12,13,34769040,3708,9780,1,9387
1153,5,0,12,13,34782240,3708,9780,1,9392
1154,5,0,11,14,34806420,3708,9780,1,9397
1155,3,0,9,16,34824120,3708,9780,1,9400
1156,2,0,9,16,34843500,3709,9780,1,9402
1157,8,0,14,11,34850220,3709,9780,1,9410
1158,8,0,14,11,34878180,3708,9780,1,9418
1159,9,0,15,10,34907520,3708,9780,1,9427
1160,6,0,13,12,34939860,3709,9780,1,9433
1161,4,0,10,15,34958280,3708,9780,1,9437
1162,10,0,15,10,34974960,3708,9780,1,9447
1163,15,0,21,4,34997580,3706,9780,1,9462
1164,9,0,17,8,35042580,3706,9780,1,9471
1165,4,0,13,12,35083020,3707,9780,1,9475
1166,14,0,23,2,35105520,3708,9780,1,9489
1167,6,0,15,10,35165520,3709,9780,1,9495
1168,13,0,17,8,35213340,3710,9780,1,9508
1169,8,0,14,11,35246160,3709,9780,1,9516
1170,6,0,13,12,35272620,3709,9780,1,9522
1171,4,0,10,15,35294400,3708,9780,1,9526
1172,7,0,13,12,35318340,3709,9780,1,9533
1173,5,0,15,10,35329800,3709,9780,1,9538
1174,8,0,12,13,35368680,3709,9780,1,9546
1175,7,0,14,11,35390400,3710,9780,1,9553
1176,5,0,14,11,35415780,3710,9780,1,9558
1177,5,0,12,13,35444700,3711,9780,1,9563
1178,6,0,12,13,35471940,3711,9780,1,9569
1179,8,0,9,16,35501280,3710,9780,1,9577
1180,6,0,11,14,35512560,3710,9780,1,9583
1181,7,0,13,12,35524680,3709,9780,1,9590
1182,6,0,12,13,35549280,3709,9780,1,9596
1183,7,0,13,12,35571480,3709,9780,1,9603
1184,6,0,10,15,35603340,3709,9780,1,9609
1185,9,0,13,12,35618220,3708,9780,1,9618
1186,9,0,10,15,35653260,3707,9780,1,9627
1187,9,0,13,12,35667300,3706,9780,1,9636
1188,13,0,17,8,35686140,3704,9780,1,9649
1189,8,0,13,12,35737380,3705,9780,1,9657
1190,13,0,18,7,35752500,3704,9780,1,9670
1191,11,0,19,6,35778660,3703,9780,1,9681
1192,8,0,17,8,35835840,3705,9780,1,9689
1193,11,0,20,5,35864880,3705,9780,1,9700
1194,6,0,12,13,35939100,3707,9780,1,9706
1195,6,0,12,13,35968800,3708,9780,1,9712
1196,8,0,16,9,35981460,3707,9780,1,9720
1197,6,0,16,9,36006480,3708,9780,1,9726
1198,6,0,13,12,36049680,3709,9780,1,9732
1199,9,0,16,9,36074700,3709,9780,1,9741
1200,6,0,14,11,36100860,3709,9780,1,9747
1201,7,0,12,13,36128100,3708,9780,1,9754
1202,7,0,12,13,36164220,3709,9780,1,9761
1203,7,0,15,10,36182640,3709,9780,1,9768
1204,5,0,10,15,36214140,3709,9780,1,9773
1205,6,0,10,15,36237060,3709,9780,1,9779
1206,5,0,12,13,36243600,3708,9780,0,9784
1207,7,0,15,10,36256200,3708,9780,0,9791
1208,14,0,15,10,36301740,3708,9780,0,9805
1209,9,0,15,10,36322320,3706,9780,0,9814
1210,10,0,16,9,36366840,3707,9780,0,9824
1211,11,0,22,3,36389160,3708,9780,0,9835
1212,10,0,17,8,36451740,3708,10620,1,9845
1213,7,0,13,12,36497160,3709,10620,1,9852
1214,8,0,12,13,36534180,3709,10620,1,9860
1215,13,0,15,10,36552120,3707,10620,1,9873
1216,13,0,17,8,36596880,3708,10620,1,9886
1217,9,0,19,6,36626160,3708,10620,1,9895
1218,9,0,14,11,36686040,3709,10620,1,9904
1219,5,0,11,14,36722940,3710,10620,1,9909
1220,12,0,15,10,36744840,3709,10620,1,9921
1221,4,0,12,13,36765240,3708,10620,1,9925
1222,8,0,11,14,36804480,3709,10620,1,9933
1223,4,0,10,15,36818640,3708,10620,1,9937
1224,3,0,8,17,36833880,3708,10620,1,9940
1225,5,0,11,14,36838500,3708,10620,1,9945
1226,2,0,10,15,36849660,3708,10620,1,9947
1227,3,0,9,16,36866280,3708,10620,1,9950
1228,7,0,14,11,36883560,3709,10620,1,9957
1229,6,0,15,10,36895140,3708,10620,1,9963
1230,7,0,14,11,36936060,3709,10620,1,9970
1231,10,0,15,10,36953640,3708,10620,1,9980
1232,6,0,16,9,36968880,3708,10620,1,9986
1233,10,0,16,9,37019760,3709,10620,1,9996
1234,8,0,15,10,37054320,3709,10620,1,10004
1235,6,0,12,13,37078440,3708,10620,1,10010
1236,11,0,12,13,37112580,3707,10620,1,10021
1237,9,0,15,10,37128720,3707,10620,1,10030
1238,17,0,21,4,37160280,3706,10620,1,10047
1239,7,0,14,11,37212060,3706,10620,1,10054
1240,9,0,13,12,37250340,3706,10620,1,10063
1241,6,0,16,9,37266360,3706,10620,1,10069
1242,9,0,15,10,37304820,3707,10620,1,10078
1243,6,0,17,8,37334400,3708,10620,1,10084
1244,10,0,15,10,37381320,3708,10620,1,10094
1245,7,0,12,13,37423200,3709,10620,1,10101
1246,6,0,13,12,37433220,3708,10620,1,10107
1247,3,0,13,12,37447680,3708,10620,1,10110
1248,8,0,12,13,37491600,3709,10620,1,10118
1249,8,0,14,11,37509960,3709,10620,1,10126
1250,4,0,12,13,37534080,3709,10620,1,10130
1251,2,0,9,16,37551600,3709,10620,1,10132
1252,5,0,9,16,37570800,3709,10620,1,10137
1253,4,0,9,16,37578900,3708,10620,1,10141
1254,6,0,11,14,37586220,3708,10620,1,10147
1255,9,0,13,12,37614780,3708,10620,1,10156
1256,11,0,18,7,37627500,3707,10620,1,10167
1257,7,0,13,12,37653960,3705,10620,1,10174
1258,9,0,13,12,37691280,3706,10620,1,10183
1259,8,0,13,12,37721280,3706,10620,1,10191
1260,9,0,15,10,37746600,3706,10620,1,10200
1261,11,0,12,13,37782480,3704,10620,1,10211
1262,9,0,16,9,37808580,3705,10620,1,10220
1263,9,0,14,11,37845180,3704,10620,1,10229
1264,13,0,11,14,37882080,3702,10620,1,10242
1265,13,0,16,9,37898940,3701,10620,1,10255
1266,10,0,16,9,37932780,3701,10620,1,10265
1267,12,0,15,10,37972200,3700,10620,1,10277
1268,2,0,10,15,37999560,3700,10620,1,10279
1269,7,0,13,12,38017380,3700,10620,1,10286
1270,12,0,14,11,38055120,3700,10620,1,10298
1271,4,0,9,16,38082240,3699,10620,1,10302
1272,6,0,12,13,38093160,3699,10620,1,10308
1273,7,0,14,11,38108520,3699,10620,1,10315
1274,6,0,14,11,38126280,3699,10620,1,10321
1275,6,0,12,13,38161140,3699,10620,1,10327
1276,6,0,10,15,38186580,3699,10620,1,10333
1277,5,0,9,16,38209560,3699,10620,1,10338
1278,5,0,11,14,38223840,3699,10620,1,10343
1279,5,0,12,13,38237760,3699,10620,1,10348
1280,2,0,9,16,38264400,3700,10620,1,10350
1281,6,0,13,12,38273340,3700,10620,1,10356
1282,9,0,13,12,38297220,3699,10620,1,10365
1283,13,0,17,8,38321880,3698,10620,1,10378
1284,9,0,14,11,38370180,3699,10620,1,10387
1285,10,0,17,8,38395200,3698,10620,1,10397
1286,16,0,20,5,38434140,3698,10620,1,10413
1287,13,0,18,7,38483280,3697,10620,1,10426
1288,11,0,19,6,38521680,3697,10620,1,10437
1289,5,0,12,13,38568960,3697,10620,1,10442
1290,10,0,14,11,38599080,3697,10620,1,10452
1291,8,0,15,10,38615520,3697,10620,1,10460
1292,4,0,10,15,38650980,3697,10620,1,10464
1293,8,0,14,11,38661720,3696,10620,1,10472
1294,5,0,12,13,38683140,3696,10620,1,10477
1295,4,0,11,14,38705100,3696,10620,1,10481
1296,3,0,10,15,38713200,3696,10620,1,10484
1297,8,0,12,13,38739000,3696,10620,1,10492
1298,8,0,12,13,38758680,3695,10620,1,10500
1299,4,0,13,12,38776740,3696,10620,1,10504
1300,6,0,12,13,38810640,3696,10620,1,10510
1301,4,0,10,15,38833260,3696,10620,1,10514
1302,1,0,10,15,38839980,3697,10620,1,10515
1303,10,0,13,12,38865420,3697,10620,1,10525
1304,7,0,14,11,38880600,3696,10620,1,10532
1305,9,0,16,9,38907660,3696,10620,1,10541
1306,12,0,17,8,38949480,3696,10620,1,10553
1307,9,0,18,7,38979480,3696,10620,1,10562
1308,10,0,14,11,39021240,3695,10620,1,10572
1309,13,0,21,4,39049740,3696,10620,1,10585
1310,9,0,17,8,39094800,3696,10620,1,10594
1311,9,0,16,9,39136920,3696,10620,1,10603
1312,11,0,15,10,39183720,3696,10620,1,10614
1313,10,0,19,6,39203040,3696,10620,0,10624
1314,13,0,23,2,39249600,3697,10620,0,10637
1315,3,0,11,14,39309240,3698,10620,0,10640
1316,7,0,12,13,39330960,3698,10620,0,10647
1317,4,0,13,12,39336720,3697,10620,0,10651
1318,4,0,9,16,39378780,3698,10620,0,10655
1319,10,0,14,11,39396180,3698,10620,0,10665
1320,5,0,13,12,39414840,3698,10620,0,10670
1321,5,0,13,12,39439800,3699,10620,0,10675
1322,7,0,14,11,39477660,3700,10620,0,10682
1323,6,0,14,11,39502680,3700,10620,0,10688
1324,0,0,7,18,39543720,3702,10620,0,10688
1325,3,0,8,17,39550260,3702,10620,0,10691
1326,11,0,15,10,39559500,3701,10620,0,10702
1327,5,0,12,13,39582780,3701,10620,0,10707
1328,10,0,14,11,39610680,3700,10620,0,10717
1329,8,0,15,10,39636360,3700,10620,0,10725
1330,10,0,16,9,39670260,3700,10620,0,10735
1331,10,0,15,10,39709920,3700,10620,0,10745
1332,10,0,15,10,39746340,3700,10620,0,10755
1333,12,0,16,9,39780960,3700,10620,0,10767
1334,17,0,19,6,39823200,3699,10620,0,10784
1335,9,0,15,10,39860640,3698,10620,0,10793
1336,11,0,17,8,39902880,3699,10620,0,10804
1337,8,0,17,8,39928020,3698,10620,0,10812
1338,4,0,12,13,39977940,3700,10620,0,10816
1339,2,0,11,14,39999960,3701,10620,0,10818
1340,8,0,14,11,40023360,3701,10620,0,10826
1341,7,0,14,11,40040100,3700,10620,0,10833
1342,6,0,15,10,40061100,3701,10620,0,10839
1343,5,0,13,12,40090920,3701,10620,0,10844
1344,8,0,15,10,40116240,3701,10620,0,10852
1345,5,0,19,6,40119000,3701,10620,0,10857
1346,5,0,21,4,40124940,3701,10620,0,10862
1347,12,0,24,1,40151940,3700,11400,1,10874
1348,7,0,22,3,40191000,3701,11400,1,10881
1349,3,0,16,9,40218180,3700,11400,1,10884
1350,3,0,18,7,40218600,3700,11400,1,10887
1351,10,0,23,2,40225800,3699,11400,1,10897
1352,10,0,24,1,40263240,3699,11400,1,10907
1353,6,0,19,6,40296120,3698,11400,1,10913
1354,11,1,25,0,40311240,3698,11400,1,10924
1355,14,1,25,0,40353180,3698,15120,1,10938
1356,11,3,25,0,40379280,3697,17340,1,10949
1357,14,9,25,0,40417020,3698,22560,2,10963
1358,12,11,25,0,40458600,3698,37920,3,10975
1359,12,14,25,0,40494180,3698,54480,4,10987
1360,7,6,25,0,40552800,3699,123780,11,10994
1361,10,0,23,2,40576380,3695,177180,16,11004
1362,9,0,23,2,40605480,3694,177180,16,11013
1363,5,0,21,4,40625940,3694,177180,16,11018
1364,11,0,25,0,40654080,3694,177180,16,11029
1365,11,3,25,0,40682520,3694,179100,16,11040
1366,7,0,24,1,40729800,3694,188340,17,11047
1367,5,0,23,2,40757760,3695,188340,17,11052
1368,3,0,16,9,40806900,3696,188340,17,11055
1369,3,0,17,8,40810140,3696,188340,17,11058
1370,7,0,22,3,40811940,3695,188340,17,11065
1371,6,0,20,5,40841700,3695,188340,17,11071
1372,4,0,17,8,40866960,3695,188340,17,11075
1373,12,0,25,0,40877940,3695,188340,16,11087
1374,8,0,23,2,40903800,3694,188700,17,11095
1375,8,0,25,0,40934400,3695,188700,16,11103
1376,8,0,24,1,40974660,3695,188940,17,11111
1377,11,0,25,0,41007240,3695,189720,17,11122
1378,13,0,25,0,41051640,3695,190320,17,11135
1379,9,0,22,3,41100120,3695,191160,17,11144
1380,11,0,22,3,41130240,3694,191820,17,11155
1381,10,0,24,1,41155920,3694,191820,17,11165
1382,9,0,25,0,41183460,3693,194040,17,11174
1383,8,0,23,2,41217420,3693,194040,17,11182
1384,11,0,24,1,41259840,3694,194040,17,11193
1385,11,1,25,0,41281020,3693,197040,17,11204
1386,6,0,21,4,41332440,3694,197700,17,11210
1387,9,0,22,3,41354460,3693,197700,17,11219
1388,5,0,20,5,41383500,3693,197760,17,11224
1389,5,0,20,5,41410980,3694,197760,17,11229
1390,6,0,21,4,41431500,3694,197760,17,11235
1391,2,0,19,6,41440860,3694,197760,17,11237
1392,4,0,17,8,41476860,3695,197760,17,11241
1393,5,0,18,7,41488800,3695,197760,17,11246
1394,5,0,19,6,41498580,3694,197760,17,11251
1395,7,0,21,4,41514540,3694,197760,17,11258
1396,7,1,25,0,41526120,3694,198000,17,11265
1397,14,4,25,0,41570940,3695,200580,17,11279
1398,2,0,19,6,41612640,3694,208680,18,11281
1399,10,0,23,2,41629260,3694,208740,18,11291
1400,7,0,20,5,41664780,3694,208740,18,11298
1401,3,0,18,7,41688660,3694,208740,18,11301
1402,9,0,22,3,41704260,3694,208740,18,11310
1403,10,0,22,3,41735280,3694,208740,18,11320
1404,12,2,25,0,41753760,3693,212100,18,11332
1405,12,7,25,0,41787300,3694,215460,19,11344
1406,19,17,25,0,41837100,3695,225420,19,11363
1407,14,24,25,0,41872860,3696,238620,20,11377
1408,9,28,25,0,41911620,3698,253560,22,11386
1409,5,29,25,0,41939820,3699,284880,25,11391
1410,11,23,25,0,42014460,3700,370260,32,11402
1411,6,16,25,0,42045780,3698,475200,41,11408
1412,7,4,25,0,42089160,3696,688260,60,11415
1413,10,0,22,3,42117660,3693,766020,67,11425
1414,4,0,19,6,42139140,3693,766020,67,11429
1415,7,0,18,7,42169080,3693,766020,66,11436
1416,5,0,20,5,42178800,3693,766020,66,11441
1417,4,0,16,9,42198240,3692,766020,66,11445
1418,4,0,19,6,42205740,3692,766020,66,11449
1419,2,0,16,9,42220980,3692,766020,66,11451
1420,5,0,18,7,42229500,3692,766020,66,11456
1421,4,0,17,8,42250920,3692,766020,66,11460
1422,7,0,21,4,42255060,3691,766020,66,11467
1423,5,0,19,6,42278160,3691,766020,66,11472
1424,8,0,20,5,42297420,3690,766020,66,11480
1425,13,3,25,0,42316560,3690,766680,66,11493
1426,6,6,25,0,42333660,3691,773760,67,11499
1427,9,3,25,0,42396960,3693,804540,69,11508
1428,5,0,21,4,42438240,3692,810240,70,11513
1429,8,0,20,5,42461460,3691,810240,70,11521
1430,13,0,24,1,42489720,3691,812400,70,11534
1431,12,0,24,1,42515460,3689,813180,70,11546
1432,6,0,22,3,42555000,3690,813180,70,11552
1433,14,1,25,0,42590760,3690,816240,70,11566
1434,13,4,25,0,42621960,3690,820920,70,11579
1435,5,0,21,4,42660660,3689,835080,72,11584
1436,11,0,23,2,42695520,3689,835080,72,11595
1437,6,0,20,5,42725580,3689,835080,71,11601
1438,5,0,20,5,42743160,3689,835080,71,11606
1439,5,0,18,7,42775680,3689,835080,71,11611
1440,9,0,23,2,42784440,3689,835080,71,11620
1441,4,0,19,6,42816480,3689,835080,71,11624
1442,3,0,18,7,42835380,3689,835080,71,11627
1443,6,0,20,5,42844080,3689,835080,71,11633
1444,5,0,17,8,42874500,3689,835080,71,11638
1445,6,0,21,4,42881340,3689,835080,71,11644
1446,3,0,19,6,42902400,3689,835080,71,11647
1447,7,0,23,2,42916980,3689,835080,71,11654
1448,6,0,21,4,42943380,3689,835080,71,11660
1449,3,0,17,8,42983940,3690,835080,71,11663
1450,5,0,18,7,42999240,3690,835080,71,11668
1451,14,2,25,0,43008300,3690,836280,71,11682
1452,16,1,25,0,43061520,3689,849660,72,11698
1453,14,7,25,0,43081920,3688,852180,72,11712
1454,9,8,25,0,43124280,3689,862140,73,11721
1455,11,13,25,0,43161120,3690,872640,74,11732
1456,10,14,25,0,43203060,3691,882660,75,11742
1457,10,8,25,0,43255380,3691,955320,81,11752
1458,12,9,25,0,43290660,3690,978360,83,11764
1459,3,0,22,3,43332000,3689,1055100,89,11767
1460,2,0,18,7,43355940,3689,1055100,89,11769
1461,6,0,18,7,43384200,3690,1055100,89,11775
1462,4,0,17,8,43396200,3689,1055100,89,11779
1463,5,0,19,6,43403280,3689,1055100,89,11784
1464,7,0,21,4,43419900,3689,1055100,89,11791
1465,2,0,15,10,43447800,3688,1055100,89,11793
1466,4,0,17,8,43451880,3688,1055100,89,11797
1467,9,0,20,5,43462020,3687,1055100,89,11806
1468,5,0,17,8,43494240,3687,1055100,89,11811
1469,3,0,17,8,43504620,3687,1055100,89,11814
1470,11,0,22,3,43516620,3686,1055100,89,11825
1471,8,0,21,4,43539480,3686,1055100,89,11833
1472,14,5,25,0,43563540,3686,1058220,89,11847
1473,12,12,25,0,43594620,3687,1063740,89,11859
1474,12,17,25,0,43644600,3689,1078500,90,11871
1475,11,22,25,0,43681680,3690,1087140,91,11882
1476,15,30,25,0,43719120,3691,1094160,91,11897
1477,16,39,25,0,43758960,3693,1104600,92,11913
1478,15,40,25,0,43797840,3693,1139640,95,11928
1479,10,39,25,0,43832760,3694,1143900,95,11938
1480,10,39,25,0,43879860,3696,1192680,99,11948
1481,11,39,25,0,43924620,3697,1239180,103,11959
1482,7,40,25,0,43952580,3698,1298220,108,11966
1483,6,36,25,0,44014260,3700,1365180,114,11972
1484,7,35,25,0,44038980,3699,1498860,125,11979
1485,8,30,25,0,44087820,3699,1625460,135,11987
1486,10,29,25,0,44131680,3700,1796880,150,11997
1487,7,29,25,0,44153340,3699,1801800,150,12004
1488,6,28,25,0,44192040,3700,1811340,151,12010
1489,2,15,25,0,44251740,3701,2323380,193,12012
1490,4,0,17,8,44291400,3696,2944920,245,12016
1491,5,0,19,6,44298420,3695,2944920,245,12021
1492,8,0,20,5,44313900,3694,2944920,245,12029
1493,9,0,22,3,44344020,3695,2944920,244,12038
1494,6,0,20,5,44366700,3694,2944920,244,12044
1495,4,0,20,5,44379720,3694,2944920,244,12048
1496,10,0,21,4,44411340,3694,2944920,244,12058
1497,7,0,22,3,44432220,3694,2944920,244,12065
1498,11,3,25,0,44448780,3694,2944920,244,12076
1499,13,6,25,0,44494260,3694,2952180,244,12089
1500,13,15,25,0,44510460,3695,2955180,244,12102
1501,9,16,25,0,44561880,3696,2969940,245,12111
1502,13,21,25,0,44606160,3698,2980260,246,12124
1503,8,20,25,0,44644500,3698,3014100,248,12132
1504,11,15,25,0,44702640,3698,3111720,256,12143
1505,6,8,25,0,44734260,3697,3214860,264,12149
1506,5,0,21,4,44765460,3694,3316620,273,12154
1507,7,0,21,4,44793540,3694,3316620,273,12161
1508,10,0,21,4,44813580,3693,3316620,272,12171
1509,13,2,25,0,44835180,3692,3316680,272,12184
1510,4,0,24,1,44873640,3693,3326100,273,12188
1511,5,0,22,3,44912820,3695,3326100,273,12193
1512,3,0,19,6,44947740,3696,3326100,273,12196
1513,4,0,19,6,44965920,3696,3326100,272,12200
1514,8,0,19,6,44988180,3695,3326100,272,12208
1515,7,0,20,5,45003600,3695,3326100,272,12215
1516,8,0,21,4,45026760,3694,3326100,272,12223
1517,6,0,18,7,45051360,3694,3326100,272,12229
1518,7,0,22,3,45069000,3694,3326100,272,12236
1519,9,3,25,0,45081600,3694,3326100,272,12245
1520,12,11,25,0,45102780,3695,3329040,272,12257
1521,9,7,25,0,45169200,3696,3351060,273,12266
1522,12,9,25,0,45199320,3696,3362880,274,12278
1523,12,14,25,0,45225780,3696,3366600,274,12290
1524,9,11,25,0,45290340,3698,3391260,276,12299
1525,11,10,25,0,45325980,3697,3414360,277,12310
1526,9,3,25,0,45366300,3695,3526140,286,12319
1527,17,9,25,0,45397560,3695,3552540,288,12336
1528,11,11,25,0,45435000,3695,3558960,288,12347
1529,11,13,25,0,45475380,3695,3567540,289,12358
1530,9,16,25,0,45511860,3697,3571380,289,12367
1531,6,12,25,0,45566700,3698,3613560,292,12373
1532,9,4,25,0,45599700,3696,3723540,301,12382
1533,8,1,25,0,45624360,3694,3783600,305,12390
1534,6,0,21,4,45671340,3695,3783960,305,12396
1535,8,0,22,3,45707400,3696,3783960,305,12404
1536,6,0,20,5,45734760,3696,3783960,305,12410
1537,6,0,21,4,45757080,3696,3783960,305,12416
1538,3,0,19,6,45776340,3696,3783960,305,12419
1539,5,0,20,5,45800820,3697,3783960,304,12424
1540,6,0,21,4,45817140,3697,3783960,304,12430
1541,10,0,21,4,45840300,3695,3783960,304,12440
1542,7,0,21,4,45868500,3696,3783960,304,12447
1543,4,0,16,9,45885240,3694,3783960,304,12451
1544,6,0,19,6,45899040,3694,3783960,304,12457
1545,5,0,19,6,45908820,3694,3783960,304,12462
1546,8,0,22,3,45924480,3694,3783960,303,12470
1547,4,0,20,5,45943140,3693,3783960,303,12474
1548,3,0,17,8,45979020,3694,3783960,303,12477
1549,13,0,23,2,45986700,3693,3783960,303,12490
1550,10,0,25,0,46004160,3692,3783960,303,12500
1551,12,6,25,0,46031520,3692,3790020,303,12512
1552,8,1,25,0,46084440,3693,3811860,304,12520
1553,4,0,19,6,46119600,3692,3813540,304,12524
1554,6,0,19,6,46142160,3692,3813540,304,12530
1555,6,0,23,2,46147020,3692,3813540,304,12536
1556,6,0,20,5,46185660,3693,3813540,304,12542
1557,4,0,19,6,46206240,3693,3813540,304,12546
1558,2,0,17,8,46222680,3693,3813540,304,12548
1559,3,0,17,8,46240920,3693,3813540,304,12551
1560,5,0,18,7,46247100,3693,3813540,304,12556
1561,6,0,20,5,46252620,3692,3813540,303,12562
1562,5,0,18,7,46277700,3692,3813540,303,12567
1563,5,0,21,4,46288680,3692,3813540,303,12572
1564,5,0,20,5,46309080,3692,3813540,303,12577
1565,3,0,17,8,46339920,3693,3813540,303,12580
1566,4,0,18,7,46349160,3693,3813540,303,12584
1567,2,0,18,7,46352580,3692,3813540,303,12586
1568,6,0,21,4,46355160,3692,3813540,303,12592
1569,12,0,25,0,46388820,3692,3814080,302,12604
1570,14,1,25,0,46431720,3692,3816600,302,12618
1571,15,3,25,0,46475460,3691,3819720,302,12633
1572,13,2,25,0,46510800,3690,3823500,302,12646
1573,9,0,25,0,46548960,3690,3832320,303,12655
1574,18,4,25,0,46592520,3689,3833700,302,12673
1575,10,5,25,0,46621140,3689,3842520,303,12683
1576,8,0,23,2,46668480,3688,3860700,304,12691
1577,7,0,19,6,46701780,3688,3860700,304,12698
1578,9,0,20,5,46725360,3687,3860700,304,12707
1579,5,0,20,5,46734660,3686,3860700,304,12712
1580,5,0,19,6,46762440,3687,3860700,303,12717
1581,5,0,19,6,46771740,3686,3860700,303,12722
1582,8,0,23,2,46785480,3686,3860700,303,12730
1583,4,0,18,7,46815420,3686,3860700,303,12734
1584,3,0,17,8,46840380,3687,3860700,303,12737
1585,6,0,19,6,46849080,3686,3860700,303,12743
1586,1,0,19,6,46852560,3686,3860700,303,12744
1587,7,0,18,7,46883880,3686,3860700,303,12751
1588,5,0,16,9,46904220,3686,3860700,303,12756
1589,8,0,20,5,46909560,3685,3860700,302,12764
1590,6,0,19,6,46928400,3684,3860700,302,12770
1591,8,0,23,2,46940100,3684,3860700,302,12778
1592,12,1,25,0,46966080,3684,3860700,302,12790
1593,9,2,25,0,47013000,3685,3863760,302,12799
1594,15,7,25,0,47058180,3686,3871740,302,12814
1595,6,6,25,0,47087280,3686,3880080,303,12820
1596,20,20,25,0,47114640,3686,3883440,302,12840
1597,14,26,25,0,47170200,3688,3897780,303,12854
1598,10,28,25,0,47215200,3690,3918780,305,12864
1599,2,23,25,0,47250660,3690,3970980,309,12866
1600,11,21,25,0,47305620,3691,4023480,312,12877
1601,5,9,25,0,47343480,3689,4248300,330,12882
1602,8,0,23,2,47372820,3686,4370880,339,12890
1603,9,0,24,1,47393160,3685,4371000,339,12899
1604,6,0,21,4,47436660,3686,4371000,339,12905
1605,12,0,24,1,47460060,3685,4375320,339,12917
1606,11,0,22,3,47503860,3685,4375320,338,12928
1607,4,0,21,4,47522220,3685,4375320,338,12932
1608,6,0,22,3,47540460,3685,4375740,338,12938
1609,7,0,20,5,47593200,3686,4375740,338,12945
1610,8,0,20,5,47618820,3686,4375740,338,12953
1611,4,0,21,4,47628960,3686,4375740,338,12957
1612,3,0,18,7,47659620,3687,4375740,338,12960
1613,11,0,18,7,47679660,3685,4375740,337,12971
1614,4,0,19,6,47685300,3685,4375740,337,12975
1615,7,0,20,5,47706900,3685,4375740,337,12982
1616,8,0,19,6,47733780,3684,4375740,337,12990
1617,0,0,16,9,47756640,3685,4375740,337,12990
1618,8,0,21,4,47773260,3685,4375740,337,12998
1619,12,0,22,3,47794740,3684,4375740,336,13010
1620,19,4,25,0,47827020,3683,4378980,336,13029
1621,11,6,25,0,47851140,3682,4386000,336,13040
1622,7,4,25,0,47893620,3683,4398600,337,13047
1623,7,0,24,1,47926020,3682,4424280,339,13054
1624,12,0,21,4,47974380,3682,4424400,339,13066
1625,6,0,22,3,47995140,3682,4424400,338,13072
1626,7,0,22,3,48018720,3682,4424400,338,13079
1627,7,0,20,5,48052980,3682,4424400,338,13086
1628,9,0,21,4,48081000,3682,4424400,338,13095
1629,5,0,19,6,48100920,3681,4424400,338,13100
1630,6,0,20,5,48126060,3682,4424400,337,13106
1631,7,0,19,6,48139800,3680,4424400,337,13113
1632,8,0,20,5,48160740,3680,4424400,337,13121
1633,4,0,21,4,48172320,3680,4424400,337,13125
1634,1,0,15,10,48210480,3681,4424400,337,13126
1635,1,0,15,10,48217560,3681,4424400,337,13127
1636,4,0,16,9,48220260,3681,4424400,337,13131
1637,7,0,21,4,48226440,3681,4424400,337,13138
1638,11,0,25,0,48253260,3681,4424400,336,13149
1639,5,0,20,5,48279840,3680,4424640,336,13154
1640,11,0,24,1,48311340,3680,4424640,336,13165
1641,11,1,25,0,48336060,3680,4428660,336,13176
1642,10,0,20,5,48374280,3678,4429440,336,13186
1643,8,0,17,8,48415860,3678,4429440,336,13194
1644,11,1,25,0,48419040,3678,4429500,335,13205
1645,11,0,23,2,48454260,3677,4431600,335,13216
1646,11,5,25,0,48477120,3677,4433340,335,13227
1647,10,10,25,0,48515760,3679,4435440,335,13237
1648,9,12,25,0,48558300,3680,4443540,335,13246
1649,11,16,25,0,48594120,3681,4455720,336,13257
1650,9,13,25,0,48655860,3682,4513380,340,13266
1651,7,14,25,0,48672060,3682,4518180,340,13273
1652,10,14,25,0,48730260,3683,4539300,342,13283
1653,5,13,25,0,48764520,3684,4554540,343,13288
1654,6,0,23,2,48822540,3683,4771860,359,13294
1655,4,0,22,3,48836340,3682,4771860,359,13298
1656,9,0,23,2,48864120,3682,4772400,359,13307
1657,5,0,17,8,48914400,3683,4772400,358,13312
1658,5,0,17,8,48930420,3683,4772400,358,13317
1659,4,0,19,6,48933780,3683,4772400,358,13321
1660,4,0,17,8,48953460,3682,4772400,358,13325
1661,9,0,22,3,48970320,3683,4772400,358,13334
1662,9,0,24,1,48979320,3681,4772400,358,13343
1663,9,0,23,2,49020060,3682,4772580,357,13352
1664,11,0,22,3,49053180,3681,4773480,357,13363
1665,6,0,21,4,49080600,3681,4773480,357,13369
1666,12,0,24,1,49112340,3681,4773720,357,13381
1667,9,0,25,0,49144560,3681,4774260,356,13390
1668,11,0,24,1,49184520,3681,4778400,356,13401
1669,9,0,23,2,49213440,3680,4778400,356,13410
1670,5,0,22,3,49244460,3681,4778400,356,13415
1671,8,0,24,1,49267260,3681,4778400,356,13423
1672,6,0,20,5,49304520,3681,4778400,356,13429
1673,13,2,25,0,49325760,3681,4778820,355,13442
1674,9,1,25,0,49355040,3680,4785000,356,13451
1675,12,0,23,2,49400220,3679,4790880,356,13463
1676,7,0,20,5,49433820,3679,4790880,356,13470
1677,5,0,16,9,49468680,3679,4790880,355,13475
1678,8,0,20,5,49478640,3679,4790880,355,13483
1679,6,0,21,4,49495020,3679,4790880,355,13489
1680,1,0,16,9,49520460,3679,4790880,355,13490
1681,4,0,17,8,49536300,3679,4790880,355,13494
1682,7,0,17,8,49547580,3678,4790880,355,13501
1683,5,0,19,6,49557300,3678,4790880,355,13506
1684,4,0,20,5,49571340,3679,4790880,355,13510
1685,6,0,18,7,49592220,3678,4790880,354,13516
1686,10,0,23,2,49604460,3677,4790880,354,13526
1687,5,0,17,8,49653660,3678,4790880,354,13531
1688,13,0,21,4,49663980,3676,4790880,354,13544
1689,9,0,25,0,49685220,3677,4790880,353,13553
1690,12,0,25,0,49724100,3676,4791540,353,13565
1691,14,6,25,0,49754940,3676,4794660,353,13579
1692,10,8,25,0,49799340,3677,4802760,353,13589
1693,8,9,25,0,49826880,3678,4814040,354,13597
1694,8,7,25,0,49863180,3678,4863180,357,13605
1695,14,7,25,0,49917060,3678,4875240,358,13619
1696,6,0,25,0,49945020,3676,4928580,362,13625
1697,10,0,24,1,49989480,3677,4929120,361,13635
1698,3,0,17,8,50028660,3677,4929120,361,13638
1699,5,0,19,6,50033340,3676,4929120,361,13643
1700,6,0,21,4,50044320,3676,4929120,361,13649
1701,11,0,25,0,50062380,3675,4929120,361,13660
1702,7,0,21,4,50093640,3675,4929540,361,13667
1703,5,0,21,4,50116020,3675,4929540,360,13672
1704,7,0,23,2,50141760,3676,4929540,360,13679
1705,2,0,22,3,50156040,3676,4929540,360,13681
1706,2,0,18,7,50187180,3676,4929540,360,13683
1707,6,0,18,7,50218500,3677,4929540,360,13689
1708,7,0,21,4,50226660,3677,4929540,360,13696
1709,6,0,20,5,50257860,3677,4929540,360,13702
1710,2,0,18,7,50273400,3677,4929540,360,13704
1711,5,0,19,6,50288940,3677,4929540,360,13709
1712,12,0,24,1,50312340,3677,4929540,359,13721
1713,13,1,25,0,50344080,3676,4930560,359,13734
1714,8,0,20,5,50381460,3675,4931940,359,13742
1715,7,0,21,4,50402220,3675,4931940,359,13749
1716,12,0,25,0,50441160,3676,4935660,359,13761
1717,15,7,25,0,50466120,3676,4939140,359,13776
1718,11,11,25,0,50504760,3677,4948140,359,13787
1719,8,13,25,0,50536920,3677,4955760,359,13795
1720,11,15,25,0,50588640,3679,4975800,360,13806
1721,8,10,25,0,50642760,3679,5023320,364,13814
1722,10,14,25,0,50665320,3679,5028720,364,13824
1723,11,12,25,0,50700060,3678,5077560,367,13835
1724,14,20,25,0,50732760,3679,5080260,367,13849
1725,8,15,25,0,50793480,3680,5106300,368,13857
1726,8,7,25,0,50826480,3678,5224980,377,13865
1727,6,0,22,3,50865720,3677,5334900,385,13871
1728,4,0,22,3,50887200,3677,5334900,384,13875
1729,4,0,23,2,50912820,3678,5334900,384,13879
1730,6,0,20,5,50952660,3679,5334900,384,13885
1731,5,0,20,5,50979120,3679,5334900,384,13890
1732,4,0,18,7,50999280,3679,5334900,384,13894
1733,12,0,24,1,51008400,3678,5334900,384,13906
1734,4,0,20,5,51048660,3679,5334900,383,13910
1735,7,0,20,5,51074940,3679,5334900,383,13917
1736,4,0,18,7,51092700,3679,5334900,383,13921
1737,1,0,16,9,51111480,3679,5334900,383,13922
1738,5,0,18,7,51120240,3679,5334900,383,13927
1739,6,0,19,6,51137880,3679,5334900,383,13933
1740,14,3,25,0,51154620,3679,5335260,383,13947
1741,8,0,25,0,51195300,3679,5348220,383,13955
1742,13,3,25,0,51229080,3679,5348940,383,13968
1743,11,7,25,0,51256020,3679,5354400,383,13979
1744,12,8,25,0,51308340,3680,5373540,384,13991
1745,5,0,23,2,51338160,3678,5408880,386,13996
1746,7,0,23,2,51375300,3679,5408880,386,14003
1747,10,0,25,0,51400680,3678,5408880,386,14013
1748,8,0,25,0,51432300,3678,5408880,386,14021
1749,8,0,24,1,51458820,3678,5409120,386,14029
1750,7,0,21,4,51504060,3679,5409120,385,14036
1751,7,0,22,3,51521760,3678,5409120,385,14043
1752,4,0,18,7,51559560,3679,5409120,385,14047
1753,7,0,18,7,51580860,3679,5409120,385,14054
1754,3,0,20,5,51584280,3679,5409120,385,14057
1755,9,0,21,4,51609540,3678,5409120,384,14066
1756,4,0,21,4,51621600,3678,5409120,384,14070
1757,3,0,18,7,51658020,3679,5409120,384,14073
1758,8,0,20,5,51682680,3679,5409120,384,14081
1759,5,0,21,4,51696120,3679,5409120,384,14086
1760,6,0,21,4,51723480,3680,5409120,384,14092
1761,8,0,20,5,51757380,3680,5409120,384,14100
1762,12,0,25,0,51791640,3680,5409120,383,14112
1763,8,0,24,1,51812340,3679,5412720,383,14120
1764,8,0,23,2,51854700,3680,5412720,383,14128
1765,12,0,22,3,51896340,3680,5412720,383,14140
1766,12,2,25,0,51909300,3679,5415300,383,14152
1767,9,0,24,1,51948240,3678,5424720,383,14161
1768,6,0,24,1,51982620,3679,5424720,383,14167
1769,5,0,20,5,52024620,3680,5424720,383,14172
1770,5,0,20,5,52046580,3680,5424720,383,14177
1771,8,0,21,4,52063920,3679,5424720,382,14185
1772,5,0,20,5,52084920,3679,5424720,382,14190
1773,12,0,23,2,52110780,3679,5424780,382,14202
1774,7,0,25,0,52132080,3679,5425800,382,14209
1775,3,0,17,8,52185300,3680,5425800,382,14212
1776,9,0,21,4,52196760,3679,5425800,381,14221
1777,6,0,22,3,52215240,3679,5425800,381,14227
1778,4,0,19,6,52252620,3680,5425800,381,14231
1779,8,0,21,4,52270380,3680,5425800,381,14239
1780,6,0,20,5,52293660,3680,5425800,381,14245
1781,6,0,20,5,52310460,3679,5425800,381,14251
1782,8,0,22,3,52332060,3679,5425800,380,14259
1783,6,0,21,4,52360920,3680,5425800,380,14265
1784,9,0,22,3,52380780,3679,5425800,380,14274
1785,11,0,25,0,52412520,3679,5425800,380,14285
1786,9,0,24,1,52447200,3679,5428500,380,14294
1787,5,0,22,3,52475340,3679,5428680,380,14299
1788,7,0,20,5,52524300,3680,5428740,379,14306
1789,12,2,25,0,52536180,3680,5428980,379,14318
1790,13,2,25,0,52583640,3680,5430120,379,14331
1791,9,4,25,0,52606980,3680,5433060,379,14340
1792,6,0,25,0,52656360,3680,5449620,380,14346
1793,8,0,20,5,52702740,3680,5449620,380,14354
1794,7,0,24,1,52709820,3680,5449620,379,14361
1795,5,0,15,10,52766580,3680,5450520,379,14366
1796,9,0,20,5,52775580,3680,5450520,379,14375
1797,10,0,23,2,52793040,3679,5450520,379,14385
1798,3,0,18,7,52817100,3679,5450520,379,14388
1799,3,0,17,8,52841760,3680,5450520,379,14391
1800,5,0,19,6,52845600,3679,5450520,379,14396
1801,3,0,19,6,52859460,3679,5450520,378,14399
1802,7,0,21,4,52882140,3680,5450520,378,14406
1803,5,0,22,3,52895820,3680,5450520,378,14411
1804,6,0,20,5,52934220,3680,5450520,378,14417
1805,9,0,22,3,52955520,3680,5450520,378,14426
1806,5,0,19,6,52975140,3679,5450520,378,14431
1807,9,0,24,1,52992900,3680,5450520,377,14440
1808,6,0,22,3,53032740,3680,5450520,377,14446
1809,12,1,25,0,53059200,3680,5451180,377,14458
1810,7,0,23,2,53085660,3679,5451840,377,14465
1811,8,0,23,2,53113680,3679,5451840,377,14473
1812,11,0,22,3,53167680,3680,5452260,376,14484
1813,9,0,23,2,53188320,3679,5452260,376,14493
1814,11,0,23,2,53232600,3680,5452260,376,14504
1815,10,0,25,0,53250120,3679,5452260,376,14514
1816,12,4,25,0,53276040,3679,5454300,375,14526
1817,9,0,21,4,53338260,3679,5465160,376,14535
1818,8,0,20,5,53357340,3678,5465160,376,14543
1819,11,0,24,1,53377080,3677,5465160,375,14554
1820,8,0,22,3,53403360,3676,5465160,375,14562
1821,6,0,24,1,53430060,3677,5465160,375,14568
1822,9,0,22,3,53470980,3677,5465160,375,14577
1823,9,0,23,2,53498880,3677,5465160,375,14586
1824,5,0,17,8,53540160,3677,5465160,374,14591
1825,4,0,17,8,53552880,3677,5465160,374,14595
1826,4,0,17,8,53560680,3677,5465160,374,14599
1827,11,0,24,1,53575620,3677,5465160,374,14610
1828,5,0,19,6,53610480,3676,5465160,374,14615
1829,3,0,17,8,53625840,3676,5465160,374,14618
1830,8,0,21,4,53634420,3676,5465160,374,14626
1831,4,0,23,2,53640660,3676,5465160,373,14630
1832,4,0,20,5,53679840,3677,5465160,373,14634
1833,10,0,24,1,53704560,3677,5465160,373,14644
1834,3,0,20,5,53728380,3677,5465160,373,14647
1835,15,1,25,0,53762040,3677,5465160,373,14662
1836,9,3,25,0,53790420,3677,5470680,373,14671
1837,10,4,25,0,53824800,3677,5481120,373,14681
1838,13,10,25,0,53864820,3678,5485560,373,14694
1839,8,11,25,0,53904900,3679,5503500,374,14702
1840,10,10,25,0,53958060,3680,5529540,376,14712
1841,8,0,19,6,54004200,3677,5598240,380,14720
1842,6,0,20,5,54018120,3677,5598240,380,14726
1843,5,0,20,5,54047340,3677,5598240,380,14731
1844,8,0,24,1,54061560,3677,5598360,380,14739
1845,7,0,20,5,54108540,3678,5598360,380,14746
1846,11,0,25,0,54125460,3678,5599080,379,14757
1847,5,0,25,0,54149340,3678,5606820,380,14762
1848,7,0,22,3,54193800,3678,5607180,380,14769
1849,8,0,17,8,54238320,3678,5607180,379,14777
1850,5,0,18,7,54258840,3679,5607180,379,14782
1851,6,0,18,7,54270780,3678,5607180,379,14788
1852,9,0,21,4,54283680,3677,5607180,379,14797
1853,6,0,21,4,54306480,3677,5607180,379,14803
1854,9,0,20,5,54345480,3677,5607180,378,14812
1855,9,0,23,2,54363000,3677,5607180,378,14821
1856,10,0,22,3,54396120,3677,5607180,378,14831
1857,14,3,25,0,54430860,3677,5608740,378,14845
1858,9,4,25,0,54455640,3677,5615700,378,14854
1859,9,3,25,0,54496200,3677,5629800,379,14863
1860,14,1,25,0,54542760,3676,5635980,379,14877
1861,10,0,22,3,54583500,3675,5636820,379,14887
1862,12,2,25,0,54599940,3675,5636820,378,14899
1863,17,14,25,0,54620340,3675,5640660,378,14916
1864,13,20,25,0,54676020,3677,5646540,378,14929
1865,11,23,25,0,54714660,3678,5671500,380,14940
1866,9,21,25,0,54767520,3678,5706540,382,14949
1867,10,22,25,0,54808320,3679,5736180,383,14959
1868,5,21,25,0,54833880,3679,5764380,385,14964
1869,8,13,25,0,54891480,3679,5924100,396,14972
1870,8,2,25,0,54918720,3676,6124020,409,14980
1871,3,0,18,7,54966060,3676,6124380,409,14983
1872,13,2,25,0,54978720,3676,6124380,408,14996
1873,7,0,23,2,54999060,3675,6125400,408,15003
1874,2,0,15,10,55056420,3676,6125400,408,15005
1875,3,0,16,9,55063020,3676,6125400,408,15008
1876,8,0,19,6,55072740,3676,6125400,408,15016
1877,8,0,22,3,55089960,3676,6125400,408,15024
1878,12,4,25,0,55106880,3675,6125580,407,15036
1879,9,3,25,0,55142400,3675,6131100,408,15045
1880,14,10,25,0,55181880,3676,6136740,408,15059
1881,10,15,25,0,55217760,3677,6148200,408,15069
1882,12,13,25,0,55280220,3678,6181380,410,15081
1883,11,15,25,0,55306740,3678,6184380,410,15092
1884,12,18,25,0,55347600,3678,6194100,410,15104
1885,16,23,25,0,55393560,3679,6213540,411,15120
1886,13,26,25,0,55427640,3678,6233820,412,15133
1887,9,21,25,0,55474080,3678,6253740,413,15142
1888,14,24,25,0,55502280,3677,6332880,418,15156
1889,13,28,25,0,55548360,3678,6343740,418,15169
1890,12,32,25,0,55586820,3679,6348600,418,15181
1891,11,40,25,0,55603380,3679,6352200,418,15192
1892,11,38,25,0,55654680,3681,6384240,420,15203
1893,4,34,25,0,55701000,3682,6425400,423,15207
1894,6,26,25,0,55752960,3682,6621000,435,15213
1895,6,13,25,0,55788060,3680,7004400,460,15219
1896,5,0,23,2,55822140,3677,7462080,490,15224
1897,1,0,15,10,55860360,3677,7462080,490,15225
1898,4,0,17,8,55866780,3677,7462080,490,15229
1899,4,0,20,5,55867800,3677,7462080,490,15233
1900,7,0,17,8,55895160,3677,7462080,490,15240
1902,2,0,15,10,55917300,3677,7462080,490,15242
1901,0,0,15,10,55917300,3677,7462080,490,15242
1903,14,0,22,3,55927500,3676,7462080,489,15256
1904,7,0,19,6,55949580,3675,7462080,489,15263
1905,7,0,20,5,55971000,3675,7462080,489,15270
1906,12,0,24,1,55998420,3675,7462080,488,15282
1907,12,0,23,2,56027940,3674,7463220,488,15294
1908,7,0,21,4,56067300,3674,7463340,488,15301
1909,9,0,25,0,56089140,3674,7466580,488,15310
1910,5,0,20,5,56135640,3675,7467180,488,15315
1911,15,3,25,0,56157480,3675,7468440,487,15330
1912,13,0,25,0,56202960,3674,7472460,487,15343
1913,16,10,25,0,56220660,3674,7475760,487,15359
1914,4,8,25,0,56263380,3675,7489980,488,15363
1915,5,0,22,3,56318160,3675,7541280,491,15368
1916,5,0,19,6,56348880,3675,7541280,491,15373
1917,3,0,19,6,56357880,3675,7541280,491,15376
1918,10,0,22,3,56380560,3674,7541280,490,15386
1919,6,0,23,2,56403900,3675,7541280,490,15392
1920,6,0,18,7,56434500,3674,7541280,490,15398
1921,3,0,16,9,56459580,3675,7541280,490,15401
1922,1,0,15,10,56471820,3675,7541280,490,15402
1923,4,0,18,7,56472960,3675,7541280,490,15406
1924,7,0,24,1,56474220,3675,7541280,489,15413
1925,7,0,21,4,56518440,3675,7541280,489,15420
1926,5,0,19,6,56534580,3674,7541280,489,15425
1927,10,0,22,3,56570400,3675,7541280,489,15435
1928,15,4,25,0,56590080,3674,7544100,489,15450
1929,8,1,25,0,56633640,3675,7562040,489,15458
1930,13,1,25,0,56671140,3674,7563540,489,15471
1931,13,7,25,0,56696040,3674,7566960,489,15484
1932,16,16,25,0,56736180,3675,7571460,489,15500
1933,9,20,25,0,56769540,3676,7585200,489,15509
1934,7,18,25,0,56823420,3677,7612620,491,15516
1935,8,21,25,0,56856540,3678,7659300,494,15524
1936,13,23,25,0,56914200,3679,7690680,495,15537
1937,12,28,25,0,56940060,3679,7698060,495,15549
1938,5,28,25,0,56970900,3680,7724160,497,15554
1939,13,34,25,0,57012720,3681,7746480,498,15567
1940,2,26,25,0,57059460,3682,7857300,505,15569
1941,3,19,25,0,57104460,3682,7999800,514,15572
1942,5,0,19,6,57150060,3678,8429820,541,15577
1943,7,0,20,5,57162660,3677,8429820,541,15584
1944,6,0,22,3,57187200,3678,8429820,541,15590
1945,7,0,21,4,57208620,3678,8429820,541,15597
1946,7,0,20,5,57237900,3678,8429820,540,15604
1947,5,0,19,6,57260820,3678,8429820,540,15609
1948,10,0,22,3,57286080,3678,8429820,540,15619
1949,5,0,20,5,57313260,3678,8429820,540,15624
1950,6,0,21,4,57333960,3678,8429820,540,15630
1951,11,0,19,6,57369000,3677,8429820,539,15641
1952,10,0,24,1,57383820,3677,8429820,539,15651
1953,12,3,25,0,57417480,3677,8434020,539,15663
1954,13,2,25,0,57456300,3676,8448060,539,15676
1955,11,2,25,0,57495900,3676,8449440,539,15687
1956,7,1,25,0,57534660,3677,8456700,539,15694
1957,20,11,25,0,57574260,3677,8463180,539,15714
1958,8,11,25,0,57605580,3677,8484540,540,15722
1959,6,5,25,0,57657960,3678,8509680,541,15728
1960,14,5,25,0,57695100,3677,8549820,543,15742
1961,10,7,25,0,57728100,3677,8559000,544,15752
1962,6,7,25,0,57758820,3677,8571960,544,15758
1963,7,0,24,1,57805020,3677,8632200,548,15765
1964,6,0,21,4,57836040,3677,8632380,548,15771
1965,2,0,15,10,57881700,3678,8632380,548,15773
1966,3,0,16,9,57893220,3678,8632380,547,15776
1967,6,0,18,7,57900540,3678,8632380,547,15782
1968,5,0,18,7,57918480,3678,8632380,547,15787
1969,6,0,22,3,57926460,3678,8632380,547,15793
1970,4,0,22,3,57942240,3678,8632380,547,15797
1971,5,0,21,4,57967260,3678,8632380,547,15802
1972,3,0,19,6,57996600,3679,8632380,546,15805
1973,8,0,19,6,58017600,3678,8632380,546,15813
1974,15,0,24,1,58041240,3677,8632920,546,15828
1975,7,0,25,0,58059000,3677,8633760,545,15835
1976,12,4,25,0,58106040,3678,8638260,545,15847
1977,14,11,25,0,58128240,3678,8647260,546,15861
1978,8,12,25,0,58170300,3679,8655180,546,15869
1979,13,20,25,0,58206780,3680,8662020,546,15882
1980,19,32,25,0,58255680,3681,8680680,546,15901
1981,6,29,25,0,58297440,3682,8724720,549,15907
1982,10,26,25,0,58350840,3682,8782320,552,15917
1983,10,28,25,0,58371300,3682,8828280,555,15927
1984,6,22,25,0,58412280,3682,8876280,557,15933
1985,13,28,25,0,58449540,3682,8880660,557,15946
1986,8,25,25,0,58495500,3683,8913000,559,15954
1987,3,6,25,0,58546380,3681,9375180,588,15957
1988,5,0,17,8,58581420,3679,9490200,595,15962
1989,10,0,23,2,58587420,3678,9490200,594,15972
1990,7,0,22,3,58611240,3678,9490200,594,15979
1991,8,0,21,4,58646280,3678,9490200,594,15987
1992,4,0,18,7,58666080,3677,9490200,594,15991
1993,4,0,17,8,58681980,3677,9490200,594,15995
1994,4,0,19,6,58698720,3678,9490200,593,15999
1995,5,0,17,8,58716780,3677,9490200,593,16004
1996,6,0,20,5,58726800,3677,9490200,593,16010
1997,8,0,21,4,58747320,3677,9490200,593,16018
1998,5,0,19,6,58771080,3677,9490200,593,16023
1999,4,0,18,7,58801140,3678,9490200,592,16027
2000,8,0,22,3,58810200,3677,9490200,592,16035
2001,14,0,25,0,58846440,3677,9491460,592,16049
2002,10,0,23,2,58876080,3676,9491820,591,16059
2003,8,0,23,2,58905000,3676,9491820,591,16067
2004,5,0,21,4,58937940,3676,9491820,591,16072
2005,7,0,20,5,58976280,3677,9491820,591,16079
2006,9,0,22,3,58997400,3677,9491820,590,16088
2007,8,0,23,2,59018040,3676,9491820,590,16096
2008,10,0,20,5,59062380,3676,9491820,590,16106
2009,7,0,21,4,59088960,3676,9491820,589,16113
2010,7,0,23,2,59102760,3676,9491820,589,16120
2011,8,0,20,5,59136240,3676,9491820,589,16128
2012,10,0,19,6,59175180,3676,9491820,588,16138
2013,6,0,20,5,59183400,3675,9491820,588,16144
2014,8,0,23,2,59198640,3675,9491820,588,16152
2015,5,0,20,5,59227080,3675,9491820,588,16157
2016,4,0,19,6,59251020,3675,9491820,588,16161
2017,8,0,25,0,59252880,3675,9491820,587,16169
2018,4,0,25,0,59265540,3675,9492240,587,16173
2019,4,0,22,3,59295840,3675,9492240,587,16177
2020,4,0,22,3,59308860,3675,9492240,587,16181
2021,6,0,25,0,59316720,3675,9492420,587,16187
2022,5,0,25,0,59329980,3674,9498600,587,16192
2023,8,0,25,0,59369040,3675,9498660,587,16200
2024,7,0,25,0,59388540,3675,9498960,586,16207
2025,6,0,22,3,59421780,3675,9501720,586,16213
2026,12,5,25,0,59431980,3674,9504480,586,16225
2027,8,0,25,0,59462220,3673,9510960,586,16233
2028,10,4,25,0,59475480,3673,9511740,586,16243
2029,9,7,25,0,59505060,3673,9519840,586,16252
2030,9,16,25,0,59505060,3673,9519840,586,16261
2031,9,19,25,0,59554080,3675,9545100,587,16270
2032,12,27,25,0,59570640,3675,9552180,587,16282
2033,4,26,25,0,59606400,3676,9561720,587,16286
2034,9,28,25,0,59632080,3676,9580620,588,16295
2035,6,29,25,0,59646540,3676,9597300,589,16301
2036,8,33,25,0,59679540,3677,9605940,589,16309
2037,7,37,25,0,59698860,3677,9619200,590,16316
2038,6,38,25,0,59723220,3678,9621900,590,16322
2039,5,38,25,0,59750220,3678,9642240,591,16327
2040,8,39,25,0,59788380,3679,9658920,592,16335
2041,6,39,25,0,59802300,3679,9662460,592,16341
2042,5,38,25,0,59827260,3679,9697560,594,16346
2043,9,40,25,0,59848920,3680,9749940,597,16355
2044,4,38,25,0,59882820,3680,9856020,603,16359
2045,15,39,25,0,59906820,3680,9989400,611,16374
2046,5,37,25,0,59933700,3680,9996960,611,16379
2047,6,36,25,0,59956920,3680,10045620,614,16385
2048,5,35,25,0,59978640,3680,10168020,621,16390
2049,11,40,25,0,60002820,3681,10170060,621,16401
2050,12,40,25,0,60020460,3681,10173780,621,16413
2051,8,39,25,0,60054840,3682,10195140,622,16421
2052,9,34,25,0,60090240,3681,10468680,639,16430
2053,7,32,25,0,60109320,3680,10794300,658,16437
2054,15,40,25,0,60122880,3680,10797300,658,16452
2055,9,40,25,0,60158340,3681,10809720,658,16461
2056,9,37,25,0,60190800,3682,10832400,660,16470
2057,4,26,25,0,60217980,3680,11448600,697,16474
2058,6,11,25,0,60244920,3677,12425520,756,16480
2059,2,0,21,4,60264360,3674,13029540,793,16482
2060,3,0,23,2,60270600,3675,13029540,793,16485
2061,7,0,22,3,60291360,3674,13032060,793,16492
2062,6,0,22,3,60305820,3674,13032060,792,16498
2063,7,0,24,1,60322140,3673,13032420,792,16505
2064,2,0,22,3,60335340,3673,13032420,792,16507
2065,7,0,23,2,60357360,3673,13032420,792,16514
2066,2,0,21,4,60374880,3674,13032420,792,16516
2067,6,0,23,2,60384960,3673,13032420,791,16522
2068,8,0,24,1,60404520,3673,13032720,791,16530
2069,7,0,25,0,60421920,3673,13035720,791,16537
2070,5,0,24,1,60440700,3672,13035720,791,16542
2071,10,4,25,0,60456960,3672,13039680,790,16552
2072,14,10,25,0,60496920,3673,13044600,790,16566
2073,11,18,25,0,60509580,3673,13048800,790,16577
2074,7,19,25,0,60538740,3673,13070400,791,16584
2075,7,21,25,0,60558480,3673,13078260,791,16591
2076,8,23,25,0,60589800,3674,13083060,791,16599
2077,5,23,25,0,60617640,3675,13086840,791,16604
2078,5,24,25,0,60637080,3675,13116660,792,16609
2079,12,31,25,0,60663480,3675,13119060,792,16621
2080,8,36,25,0,60682800,3676,13123980,792,16629
2081,11,40,25,0,60719100,3677,13140360,792,16640
2082,13,38,25,0,60733080,3677,13151040,793,16653
2083,5,38,25,0,60767640,3678,13186320,795,16658
2084,8,34,25,0,60802980,3678,13304400,802,16666
2085,11,38,25,0,60821160,3678,13379040,806,16677
2086,9,38,25,0,60843000,3678,13438560,809,16686
2087,6,38,25,0,60868860,3678,13453800,809,16692
2088,7,38,25,0,60894060,3678,13605660,818,16699
2089,4,37,25,0,60918660,3679,13703880,824,16703
2090,6,37,25,0,60945720,3679,13835280,832,16709
2091,7,34,25,0,60972540,3678,13963680,839,16716
2092,7,35,25,0,60991140,3678,13968180,839,16723
2093,7,31,25,0,61028460,3678,14233020,854,16730
2094,6,20,25,0,61050120,3675,14869020,892,16736
2095,6,9,25,0,61075560,3673,15334020,920,16742
2096,11,10,25,0,61096800,3672,15420180,925,16753
2097,9,11,25,0,61117800,3672,15426660,924,16762
2098,9,12,25,0,61153200,3672,15432120,924,16771
2099,14,18,25,0,61174140,3672,15442500,924,16785
2100,10,25,25,0,61181520,3671,15444300,924,16795
2101,13,33,25,0,61218540,3673,15453240,924,16808
2102,14,39,25,0,61245240,3673,15460320,923,16822
2103,17,40,25,0,61261020,3673,15471300,924,16839
2104,9,40,25,0,61288500,3674,15512580,926,16848
2105,9,40,25,0,61319760,3674,15543180,927,16857
2106,10,39,25,0,61345740,3674,15562320,928,16867
2107,10,38,25,0,61372740,3675,15590820,930,16877
2108,6,38,25,0,61402560,3675,15627660,932,16883
2109,4,37,25,0,61424820,3676,15691200,935,16887
2110,9,32,25,0,61454160,3674,15939360,949,16896
2111,5,31,25,0,61471500,3674,15997260,953,16901
2112,4,24,25,0,61503960,3674,16265580,968,16905
2113,5,17,25,0,61523580,3672,16659840,992,16910
2114,4,0,25,0,61557720,3670,17530200,1043,16914
2115,6,1,25,0,61568460,3669,17530260,1043,16920
2116,6,2,25,0,61586220,3669,17535540,1043,16926
2117,3,0,24,1,61614180,3669,17541540,1043,16929
2118,3,0,21,4,61642680,3670,17541540,1043,16932
2119,3,0,22,3,61650900,3670,17541540,1042,16935
2120,6,0,24,1,61665960,3670,17541900,1042,16941
2121,9,2,25,0,61690320,3670,17545920,1042,16950
2122,22,22,25,0,61703340,3670,17547720,1041,16972
2123,16,32,25,0,61738980,3671,17563800,1041,16988
2124,12,39,25,0,61752540,3672,17568600,1040,17000
2125,10,40,25,0,61789740,3673,17587860,1041,17010
2126,16,40,25,0,61795260,3673,17593260,1041,17026
2127,9,39,25,0,61832040,3674,17619240,1043,17035
2128,9,40,25,0,61860360,3675,17633700,1043,17044
2129,8,39,25,0,61883220,3675,17708100,1047,17052
2130,6,38,25,0,61903740,3676,17762340,1050,17058
2131,10,40,25,0,61934880,3676,17841780,1055,17068
2132,2,31,25,0,61974240,3676,18033780,1066,17070
2133,11,35,25,0,61997760,3676,18081900,1068,17081
2134,4,35,25,0,62010420,3676,18128820,1071,17085
2135,9,38,25,0,62036580,3676,18221760,1076,17094
2136,0,31,25,0,62065140,3676,18353460,1083,17094
2137,0,14,25,0,62099160,3675,19126500,1129,17094
2138,7,4,25,0,62124600,3672,19425600,1146,17101
2139,7,0,23,2,62145120,3671,19561860,1154,17108
2140,6,2,25,0,62154360,3671,19561860,1153,17114
2141,7,3,25,0,62186400,3672,19567200,1153,17121
2142,15,17,25,0,62194440,3672,19569000,1153,17136
2143,8,19,25,0,62235420,3673,19578300,1152,17144
2144,5,20,25,0,62254200,3673,19606080,1153,17149
2145,14,29,25,0,62280540,3674,19609320,1153,17163
2146,14,40,25,0,62298600,3674,19610580,1152,17177
2147,10,40,25,0,62330520,3675,19643700,1153,17187
2148,15,39,25,0,62355300,3675,19662180,1154,17202
2149,17,39,25,0,62382840,3675,19711860,1157,17219
2150,12,39,25,0,62415180,3676,19779600,1160,17231
2151,10,40,25,0,62440020,3675,19888920,1166,17241
2152,8,40,25,0,62457600,3675,19928340,1168,17249
2153,21,40,25,0,62481120,3675,19971120,1170,17270
2154,6,27,25,0,62522460,3673,20289000,1188,17276
2155,7,30,25,0,62531340,3673,20292720,1188,17283
2156,4,30,25,0,62557020,3674,20295600,1188,17287
2157,8,33,25,0,62582460,3674,20302620,1188,17295
2158,7,37,25,0,62601060,3675,20307660,1187,17302
2159,7,38,25,0,62627520,3675,20316660,1188,17309
2160,6,35,25,0,62668560,3676,20357160,1189,17315
2161,7,28,25,0,62696580,3674,20638860,1206,17322
2162,5,16,25,0,62719860,3672,21228720,1240,17327
2163,5,9,25,0,62735280,3670,21581940,1260,17332
2164,1,2,25,0,62758260,3670,21949200,1281,17333
2165,10,5,25,0,62789460,3670,21954720,1281,17343
2166,8,6,25,0,62815500,3670,21957300,1280,17351
2167,6,0,24,1,62842140,3669,22082700,1287,17357
2168,7,0,25,0,62859600,3669,22083180,1287,17364
2169,7,0,24,1,62885640,3669,22091460,1287,17371
2170,9,4,25,0,62897640,3668,22093020,1286,17380
2171,13,13,25,0,62926260,3669,22096560,1285,17393
2172,11,23,25,0,62933280,3670,22097640,1285,17404
2173,8,24,25,0,62986980,3671,22113960,1285,17412
2174,8,29,25,0,62996160,3671,22126680,1286,17420
2175,14,37,25,0,63026640,3672,22130880,1285,17434
2176,4,38,25,0,63046740,3672,22137600,1284,17438
2177,9,40,25,0,63067980,3673,22145220,1285,17447
2178,10,37,25,0,63113400,3674,22184820,1286,17457
2179,11,38,25,0,63142680,3674,22220220,1288,17468
2180,3,38,25,0,63155520,3674,22233300,1288,17471
2181,11,38,25,0,63186420,3675,22285800,1291,17482
2182,8,38,25,0,63212880,3675,22322400,1293,17490
2183,7,35,25,0,63245640,3675,22525800,1304,17497
2184,6,34,25,0,63267360,3675,22690020,1313,17503
2185,9,39,25,0,63279060,3674,22694220,1313,17512
2186,3,37,25,0,63308100,3675,22702680,1313,17515
2187,6,39,25,0,63327120,3675,22712400,1313,17521
2188,6,40,25,0,63348360,3675,22776720,1316,17527
2189,8,40,25,0,63384840,3676,22794300,1317,17535
2190,6,34,25,0,63418440,3675,22912500,1323,17541
2191,11,33,25,0,63440640,3674,23079840,1332,17552
2192,9,38,25,0,63456060,3674,23084280,1331,17561
2193,9,40,25,0,63477960,3674,23087400,1331,17570
2194,12,39,25,0,63504540,3675,23100840,1332,17582
2195,10,40,25,0,63538620,3676,23108040,1332,17592
2196,7,33,25,0,63567420,3674,23337240,1344,17599
2197,7,36,25,0,63573660,3674,23338920,1344,17606
2198,11,36,25,0,63621720,3675,23376780,1345,17617
2199,1,23,25,0,63640260,3673,24067680,1385,17618
2200,4,7,25,0,63671640,3670,25266480,1454,17622
2201,12,17,25,0,63673080,3670,25266900,1453,17634
2202,7,19,25,0,63709740,3671,25281120,1453,17641
2203,6,21,25,0,63736920,3672,25290900,1453,17647
2204,7,24,25,0,63759900,3672,25311240,1453,17654
2205,8,28,25,0,63777300,3672,25319220,1453,17662
2206,6,27,25,0,63812340,3673,25341060,1454,17668
2207,8,29,25,0,63836940,3673,25349340,1454,17676
2208,3,29,25,0,63848760,3673,25355220,1454,17679
2209,8,29,25,0,63896220,3674,25367520,1454,17687
2210,1,22,25,0,63913140,3674,25490460,1461,17688
2211,5,6,25,0,63952800,3671,26343120,1509,17693
2212,6,0,24,1,63964620,3669,26630760,1525,17699
2213,5,0,22,3,63987900,3669,26630760,1525,17704
2214,7,1,25,0,63995760,3669,26630760,1524,17711
2215,6,0,25,0,64026360,3669,26631000,1524,17717
2216,5,3,25,0,64033260,3669,26631540,1524,17722
2217,9,9,25,0,64049520,3670,26634660,1523,17731
2218,8,14,25,0,64081440,3671,26638320,1522,17739
2219,10,19,25,0,64118640,3672,26647740,1522,17749
2220,11,26,25,0,64140360,3672,26658120,1522,17760
2221,13,35,25,0,64165740,3673,26675880,1522,17773
2222,7,38,25,0,64184880,3673,26693880,1522,17780
2223,12,39,25,0,64224420,3674,26699700,1522,17792
2224,6,38,25,0,64244460,3674,26768880,1525,17798
2225,7,39,25,0,64270080,3674,26802060,1527,17805
2226,7,35,25,0,64296900,3674,26873700,1530,17812
2227,15,40,25,0,64326300,3674,26966280,1534,17827
2228,11,40,25,0,64338660,3674,27011580,1537,17838
2229,4,38,25,0,64365600,3675,27062760,1539,17842
2230,1,29,25,0,64411200,3675,27270240,1551,17843
2231,7,27,25,0,64429920,3674,27426420,1559,17850
2232,6,20,25,0,64452480,3673,27709740,1575,17856
2233,11,25,25,0,64476420,3673,27718080,1574,17867
2234,3,25,25,0,64494900,3673,27724260,1574,17870
2235,0,16,25,0,64527000,3673,27952980,1587,17870
2236,2,0,20,5,64563300,3671,28622820,1625,17872
2237,10,3,25,0,64566540,3670,28622820,1625,17882
2238,8,7,25,0,64573500,3670,28624800,1624,17890
2239,6,6,25,0,64610580,3671,28636920,1624,17896
2240,10,11,25,0,64630500,3671,28639860,1623,17906
2241,9,14,25,0,64665600,3671,28644060,1622,17915
2242,9,17,25,0,64688700,3671,28652400,1622,17924
2243,2,16,25,0,64701180,3672,28669980,1623,17926
2244,13,17,25,0,64736160,3671,28724520,1625,17939
2245,9,21,25,0,64755600,3671,28729440,1624,17948
2246,11,28,25,0,64781400,3672,28734660,1624,17959
2247,7,31,25,0,64811340,3673,28743780,1624,17966
2248,9,37,25,0,64830720,3673,28746240,1623,17975
2249,13,38,25,0,64859040,3674,28762860,1623,17988
2250,8,40,25,0,64866900,3674,28764360,1623,17996
2251,9,40,25,0,64910880,3676,28798620,1625,18005
2252,7,40,25,0,64935660,3676,28853760,1627,18012
2253,9,38,25,0,64973760,3676,28896900,1629,18021
2254,6,36,25,0,65000220,3676,28968420,1632,18027
2255,5,34,25,0,65020320,3675,29006760,1634,18032
2256,4,32,25,0,65046900,3676,29121240,1640,18036
2257,6,30,25,0,65067960,3675,29236140,1646,18042
2258,4,21,25,0,65094960,3674,29703120,1672,18046
2259,6,15,25,0,65117580,3673,29954460,1686,18052
2260,2,14,25,0,65133120,3673,29958960,1685,18054
2261,5,2,25,0,65177040,3672,30655800,1724,18059
2262,9,1,25,0,65191080,3671,30702960,1726,18068
2263,7,0,24,1,65221380,3670,30709320,1726,18075
2264,9,6,25,0,65229660,3670,30709980,1725,18084
2265,11,11,25,0,65271960,3672,30720900,1724,18095
2266,12,22,25,0,65279820,3672,30721860,1723,18107
2267,6,23,25,0,65313960,3673,30738600,1724,18113
2268,11,31,25,0,65331900,3673,30745380,1723,18124
2269,16,40,25,0,65359020,3674,30753900,1722,18140
2270,9,40,25,0,65391780,3675,30770460,1723,18149
2271,10,38,25,0,65423520,3675,30836100,1726,18159
2272,13,40,25,0,65437200,3676,30851520,1727,18172
2273,12,40,25,0,65456580,3676,30918000,1730,18184
2274,14,36,25,0,65507220,3677,31041840,1736,18198
2275,7,39,25,0,65516520,3677,31062480,1737,18205
2276,3,36,25,0,65542500,3677,31172340,1743,18208
2277,5,35,25,0,65561460,3677,31195860,1743,18213
2278,3,31,25,0,65592600,3677,31390080,1754,18216
2279,5,27,25,0,65631000,3677,31580340,1764,18221
2280,5,24,25,0,65650920,3677,31729200,1772,18226
2281,3,17,25,0,65669400,3676,31945080,1784,18229
2282,5,3,25,0,65700780,3674,32518200,1815,18234
2283,7,0,22,3,65729760,3673,32657760,1822,18241
2284,5,1,25,0,65734680,3673,32657760,1822,18246
2285,6,1,25,0,65770680,3673,32666280,1822,18252
2286,2,0,20,5,65796420,3673,32669220,1822,18254
2287,7,0,25,0,65803980,3673,32669220,1821,18261
2288,6,0,21,4,65831880,3673,32669220,1820,18267
2289,8,0,25,0,65840760,3672,32669520,1819,18275
2290,13,7,25,0,65854500,3672,32670600,1818,18288
2291,15,15,25,0,65893800,3673,32678100,1817,18303
2292,5,15,25,0,65915400,3673,32701860,1818,18308
2293,8,16,25,0,65934120,3673,32718720,1818,18316
2294,6,15,25,0,65963340,3673,32722800,1818,18322
2295,8,20,25,0,65983320,3673,32727300,1817,18330
2296,5,22,25,0,66001500,3674,32733120,1817,18335
2297,8,26,25,0,66028560,3674,32743380,1817,18343
2298,8,30,25,0,66054360,3675,32744880,1816,18351
2299,9,34,25,0,66084600,3676,32751000,1815,18360
2300,8,39,25,0,66105600,3676,32754180,1815,18368
2301,5,39,25,0,66131700,3677,32776380,1816,18373
2302,6,39,25,0,66161880,3677,32797740,1816,18379
2303,3,37,25,0,66188580,3678,32817480,1817,18382
2304,7,33,25,0,66228360,3678,32971200,1825,18389
2305,3,29,25,0,66244740,3677,33138720,1834,18392
2306,2,11,25,0,66272880,3675,33779940,1869,18394
2307,2,0,23,2,66288660,3673,34216560,1893,18396
2308,5,0,20,5,66318060,3673,34216560,1893,18401
2309,5,0,21,4,66321540,3672,34216560,1892,18406
2310,9,0,23,2,66338220,3671,34216560,1891,18415
2311,4,0,20,5,66351060,3671,34216560,1891,18419
2312,10,2,25,0,66357840,3671,34217160,1890,18429
2313,10,5,25,0,66387060,3671,34222740,1889,18439
2314,7,7,25,0,66403440,3671,34227600,1889,18446
2315,12,12,25,0,66440760,3671,34232400,1888,18458
2316,20,30,25,0,66447180,3671,34233300,1886,18478
2317,13,40,25,0,66467880,3672,34239660,1885,18491
2318,15,40,25,0,66494880,3673,34258860,1885,18506
2319,8,40,25,0,66534720,3674,34290300,1886,18514
2320,9,40,25,0,66558600,3674,34322880,1888,18523
2321,12,39,25,0,66589380,3674,34381080,1890,18535
2322,12,37,25,0,66611940,3674,34475580,1895,18547
2323,6,38,25,0,66630900,3674,34513020,1896,18553
2324,8,40,25,0,66656340,3674,34543980,1897,18561
2325,5,40,25,0,66680160,3674,34570620,1898,18566
2326,9,37,25,0,66714420,3675,34652040,1902,18575
2327,8,34,25,0,66747540,3674,34900500,1915,18583
2328,5,24,25,0,66766920,3672,35272920,1935,18588
2329,6,18,25,0,66788760,3671,35616540,1953,18594
2330,6,11,25,0,66818820,3670,35813580,1963,18600
2331,5,8,25,0,66839160,3670,35924460,1969,18605
2332,5,0,23,2,66865560,3668,36174660,1982,18610
2333,9,0,25,0,66890580,3668,36174840,1981,18619
2334,6,1,25,0,66908760,3668,36182040,1981,18625
2335,10,3,25,0,66938100,3668,36182820,1980,18635
2336,8,6,25,0,66954480,3668,36190500,1980,18643
2337,10,10,25,0,66982080,3668,36195060,1978,18653
2338,6,11,25,0,67001520,3668,36206100,1978,18659
2339,14,19,25,0,67032600,3669,36212280,1977,18673
2340,10,26,25,0,67052460,3669,36221220,1976,18683
2341,10,30,25,0,67090980,3670,36240120,1977,18693
2342,6,29,25,0,67115040,3670,36266700,1977,18699
2343,8,32,25,0,67131840,3670,36267720,1976,18707
2344,9,36,25,0,67156200,3670,36279240,1976,18716
2345,6,35,25,0,67191600,3671,36316860,1977,18722
2346,7,37,25,0,67211220,3671,36353340,1979,18729
2347,7,39,25,0,67229100,3671,36360960,1979,18736
2348,6,39,25,0,67260240,3672,36383820,1979,18742
2349,11,39,25,0,67290600,3672,36449040,1982,18753
2350,7,36,25,0,67321020,3672,36547140,1987,18760
2351,10,38,25,0,67334400,3672,36604500,1989,18770
2352,9,40,25,0,67356360,3672,36609600,1989,18779
2353,8,40,25,0,67383120,3672,36620820,1989,18787
2354,4,32,25,0,67424280,3672,36872640,2002,18791
2355,9,33,25,0,67437660,3671,36941580,2004,18800
2356,0,23,25,0,67463400,3670,37399800,2029,18800
2357,5,14,25,0,67482780,3669,37966680,2060,18805
2358,4,0,22,3,67523460,3667,38502480,2088,18809
2359,10,3,25,0,67536060,3667,38503380,2087,18819
2360,9,9,25,0,67544940,3666,38504460,2087,18828
2361,4,6,25,0,67588200,3667,38528700,2087,18832
2362,16,15,25,0,67614420,3667,38537580,2086,18848
2363,16,25,25,0,67638720,3668,38546100,2084,18864
2364,13,37,25,0,67644720,3668,38546640,2084,18877
2365,11,40,25,0,67677660,3668,38569920,2083,18888
2366,10,39,25,0,67710720,3669,38611200,2085,18898
2367,6,39,25,0,67733640,3669,38633640,2085,18904
2368,9,38,25,0,67754820,3669,38688540,2088,18913
2369,11,40,25,0,67775880,3669,38697960,2088,18924
2370,8,40,25,0,67805880,3670,38822580,2094,18932
2371,5,38,25,0,67829100,3670,38947800,2100,18937
2372,4,27,25,0,67862100,3669,39240420,2115,18941
2373,7,27,25,0,67880220,3668,39283800,2117,18948
2374,8,30,25,0,67904820,3669,39287820,2116,18956
2375,6,33,25,0,67923540,3669,39297000,2116,18962
2376,3,28,25,0,67959960,3669,39350880,2118,18965
2377,6,25,25,0,67979520,3669,39475740,2125,18971
2378,3,15,25,0,68010720,3668,39929940,2149,18974
2379,5,9,25,0,68045220,3668,40136340,2159,18979
2380,11,9,25,0,68058540,3666,40339080,2169,18990
2381,5,10,25,0,68073540,3666,40344180,2169,18995
2382,5,7,25,0,68112660,3667,40429440,2173,19000
2383,7,2,25,0,68129580,3665,40580400,2180,19007
2384,2,0,21,4,68164380,3665,40582380,2180,19009
2385,7,0,21,4,68177460,3665,40582380,2179,19016
2386,8,0,25,0,68186520,3664,40582380,2178,19024
2387,6,3,25,0,68193300,3664,40582980,2177,19030
2388,11,7,25,0,68230620,3665,40594080,2176,19041
2389,12,14,25,0,68250780,3665,40600920,2176,19053
2390,8,12,25,0,68281740,3665,40623780,2176,19061
2391,14,18,25,0,68305620,3664,40629360,2175,19075
2392,10,23,25,0,68328480,3665,40638600,2174,19085
2393,14,34,25,0,68346840,3665,40647660,2173,19099
2394,9,40,25,0,68366880,3665,40652760,2173,19108
2395,12,40,25,0,68393340,3666,40661400,2172,19120
2396,10,40,25,0,68421180,3667,40693860,2173,19130
2397,9,40,25,0,68452200,3667,40724400,2174,19139
2398,11,38,25,0,68484360,3668,40786620,2177,19150
2399,10,36,25,0,68509200,3668,40859700,2180,19160

