Hour,Arrivals,Waiting,Treating,Available Rooms,Total Treatment Time,Average Treatment Time,Total Wait Time,Average Wait Time,Total Arrivals
1,5,0,3,22,3480,1740,0,0,5
2,9,0,10,15,6360,1590,0,0,14
3,3,0,5,20,37440,3120,0,0,17
4,9,0,10,15,53460,3341,0,0,26
5,9,0,8,17,86340,3197,0,0,35
6,3,0,5,20,105660,3201,0,0,38
7,6,0,5,20,124380,3189,0,0,44
8,8,0,7,18,154200,3426,0,0,52
9,10,0,9,16,174540,3293,0,0,62
10,14,0,14,11,212100,3420,0,0,76
11,14,0,14,11,258180,3397,0,0,90
12,5,0,9,16,302040,3512,0,0,95
13,11,0,13,12,330060,3549,0,0,106
14,8,0,10,15,371100,3568,0,0,114
15,6,0,6,19,408240,3581,0,0,120
16,11,0,11,14,434460,3620,0,0,131
17,11,0,8,17,476100,3552,0,0,142
18,6,0,8,17,494820,3534,0,0,148
19,10,0,10,15,517860,3499,0,0,158
20,7,0,6,19,561000,3528,0,0,165
21,4,0,5,20,588000,3585,0,0,169
22,4,0,4,21,613140,3628,0,0,173
23,7,0,6,19,627540,3606,0,0,180
24,6,0,6,19,648540,3603,0,0,186
25,2,0,4,21,667920,3630,0,0,188
26,8,0,5,20,688620,3605,0,0,196
27,4,0,5,20,702900,3604,0,0,200
28,5,0,5,20,715080,3575,0,0,205
29,3,0,2,23,744480,3613,0,0,208
30,7,0,6,19,754560,3610,0,0,215
31,6,0,7,18,769500,3595,0,0,221
32,9,0,10,15,787320,3578,0,0,230
33,8,0,12,13,814560,3604,0,0,238
34,6,0,8,17,864720,3664,0,0,244
35,16,0,15,10,899100,3669,0,0,260
36,9,0,13,12,929520,3630,0,0,269
37,5,0,5,20,988500,3674,0,0,274
38,11,0,6,19,1027560,3683,0,0,285
39,8,0,10,15,1042020,3682,0,0,293
40,10,0,9,16,1069980,3639,0,0,303
41,7,0,7,18,1101180,3634,0,0,310
42,13,0,11,14,1121580,3594,0,0,323
43,7,0,6,19,1170300,3612,0,0,330
44,12,0,9,16,1194780,3587,0,0,342
45,5,0,7,18,1231020,3620,0,0,347
46,7,0,6,19,1249260,3589,0,0,354
47,5,0,4,21,1282380,3612,0,0,359
48,8,0,8,17,1296960,3612,0,0,367
49,4,0,2,23,1333380,3613,0,0,371
50,5,0,2,23,1341120,3585,0,0,376
51,8,0,6,19,1346580,3562,0,0,384
52,9,0,9,16,1363980,3552,0,0,393
53,5,0,4,21,1396020,3543,0,0,398
54,6,0,4,21,1416360,3540,0,0,404
55,13,0,11,14,1423680,3506,0,0,417
56,18,0,18,7,1439040,3450,0,0,435
57,9,0,8,17,1517040,3479,0,0,444
58,14,0,11,14,1559100,3487,0,0,458
59,10,0,15,10,1586400,3501,0,0,468
60,11,0,13,12,1632120,3502,0,0,479
61,16,0,18,7,1676520,3514,0,0,495
62,7,0,8,17,1755960,3554,0,0,502
63,11,0,11,14,1790220,3566,0,0,513
64,7,0,10,15,1817940,3564,0,0,520
65,5,0,7,18,1855920,3582,0,0,525
66,7,0,5,20,1887360,3581,0,0,532
67,8,0,8,17,1905300,3581,0,0,540
68,9,0,10,15,1926000,3573,0,0,549
69,7,0,7,18,1956840,3564,0,0,556
70,4,0,7,18,1976460,3574,0,0,560
71,7,0,8,17,1994880,3568,0,0,567
72,2,0,2,23,2033520,3586,0,0,569
73,4,0,3,22,2046720,3590,0,0,573
74,5,0,2,23,2059440,3575,0,0,578
75,3,0,3,22,2064060,3571,0,0,581
76,7,0,4,21,2082120,3565,0,0,588
77,8,0,6,19,2092260,3546,0,0,596
78,3,0,3,22,2114880,3548,0,0,599
79,6,0,5,20,2128200,3547,0,0,605
80,8,0,9,16,2131800,3529,0,0,613
81,12,0,10,15,2169120,3527,0,0,625
82,9,0,8,17,2204820,3522,0,0,634
83,8,0,11,14,2215140,3510,0,0,642
84,8,0,11,14,2258400,3534,0,0,650
85,10,0,8,17,2307660,3539,0,0,660
86,9,0,10,15,2332740,3539,0,0,669
87,6,0,11,14,2356320,3548,0,0,675
88,13,0,9,16,2411940,3552,0,0,688
89,7,0,6,19,2438640,3539,0,0,695
90,10,0,7,18,2465160,3531,0,0,705
91,7,0,9,16,2480700,3528,0,0,712
92,5,0,6,19,2522700,3548,0,0,717
93,5,0,6,19,2537280,3543,0,0,722
94,8,0,6,19,2561280,3537,0,0,730
95,5,0,6,19,2584740,3545,0,0,735
96,8,0,7,18,2606580,3541,0,0,743
97,8,0,5,20,2631600,3527,0,0,751
98,2,0,2,23,2654460,3534,0,0,753
99,2,0,3,22,2659920,3537,0,0,755
100,4,0,4,21,2670840,3537,0,0,759
101,7,0,6,19,2678700,3524,0,0,766
102,7,0,7,18,2694480,3517,0,0,773
103,15,0,17,8,2703420,3506,0,0,788
104,8,0,12,13,2755200,3514,0,0,796
105,7,0,7,18,2813220,3534,0,0,803
106,7,0,7,18,2843220,3540,0,0,810
107,12,0,13,12,2860440,3535,0,0,822
108,14,0,14,11,2916300,3547,0,0,836
109,17,0,17,8,2955300,3535,0,0,853
110,7,0,11,14,3006480,3541,0,0,860
111,12,0,13,12,3060240,3562,0,0,872
112,10,0,10,15,3113520,3570,0,0,882
113,3,0,4,21,3145800,3570,0,0,885
114,7,0,6,19,3162720,3569,0,0,892
115,11,0,9,16,3191160,3569,0,0,903
116,6,0,9,16,3211440,3568,0,0,909
117,10,0,9,16,3251640,3573,0,0,919
118,13,0,13,12,3270720,3558,0,0,932
119,3,0,3,22,3321540,3563,0,0,935
120,6,0,6,19,3338640,3570,0,0,941
121,9,0,5,20,3367140,3563,0,0,950
122,8,0,7,18,3381420,3555,0,0,958
123,6,0,8,17,3405780,3562,0,0,964
124,11,0,13,12,3427620,3563,0,0,975
125,4,0,4,21,3488220,3577,0,0,979
126,8,0,7,18,3502920,3574,0,0,987
127,6,0,9,16,3520500,3577,0,0,993
128,11,0,11,14,3560040,3585,0,0,1004
129,7,0,9,16,3607440,3600,0,0,1011
130,11,0,10,15,3635580,3592,0,0,1022
131,7,0,7,18,3677280,3598,0,0,1029
132,16,0,11,14,3712500,3590,0,0,1045
133,15,0,17,8,3736620,3582,0,0,1060
134,13,0,15,10,3775320,3568,0,0,1073
135,13,0,15,10,3832860,3578,0,0,1086
136,14,0,17,8,3885300,3587,0,0,1100
137,6,0,8,17,3957240,3604,0,0,1106
138,8,0,9,16,3991140,3611,0,0,1114
139,6,0,5,20,4017180,3602,0,0,1120
140,9,0,11,14,4028640,3603,0,0,1129
141,6,0,8,17,4064040,3606,0,0,1135
142,7,0,7,18,4106220,3617,0,0,1142
143,3,0,3,22,4127820,3614,0,0,1145
144,2,0,4,21,4136400,3618,0,0,1147
145,3,0,5,20,4142820,3618,0,0,1150
146,5,0,5,20,4165920,3622,0,0,1155
147,4,0,5,20,4182660,3624,0,0,1159
148,6,0,6,19,4201500,3625,0,0,1165
149,10,0,8,17,4223460,3619,0,0,1175
150,6,0,8,17,4243020,3617,0,0,1181
151,9,0,8,17,4276860,3618,0,0,1190
152,12,0,7,18,4316280,3611,0,0,1202
153,7,0,9,16,4327800,3606,0,0,1209
154,10,0,10,15,4351920,3599,0,0,1219
155,9,0,10,15,4382160,3597,0,0,1228
156,6,0,6,19,4419720,3599,0,0,1234
157,9,0,10,15,4435260,3597,0,0,1243
158,20,0,14,11,4480980,3587,0,0,1263
159,14,0,14,11,4527960,3585,0,0,1277
160,19,0,13,12,4592460,3579,0,0,1296
161,10,0,12,13,4640160,3585,0,0,1306
162,9,0,9,16,4688760,3590,0,0,1315
163,3,0,7,18,4716720,3597,0,0,1318
164,6,0,4,21,4754100,3601,0,0,1324
165,6,0,8,17,4758900,3599,0,0,1330
166,6,0,8,17,4780560,3599,0,0,1336
167,4,0,7,18,4801620,3602,0,0,1340
168,8,0,8,17,4820700,3597,0,0,1348
169,4,0,5,20,4863120,3610,0,0,1352
170,5,0,4,21,4896120,3618,0,0,1357
171,7,0,6,19,4912440,3617,0,0,1364
172,6,0,6,19,4929840,3614,0,0,1370
173,5,0,6,19,4947840,3614,0,0,1375
174,5,0,3,22,4975860,3613,0,0,1380
175,5,0,5,20,4986420,3613,0,0,1385
176,4,0,6,19,5000040,3615,0,0,1389
177,8,0,10,15,5021460,3620,0,0,1397
178,11,0,13,12,5044860,3616,0,0,1408
179,13,0,15,10,5080680,3613,0,0,1421
180,12,0,15,10,5135400,3621,0,0,1433
181,14,0,13,12,5194440,3622,0,0,1447
182,11,0,6,19,5247900,3614,0,0,1458
183,10,0,12,13,5264400,3615,0,0,1468
184,11,0,11,14,5303160,3612,0,0,1479
185,13,0,11,14,5363820,3621,0,0,1492
186,3,0,5,20,5392440,3619,0,0,1495
187,10,0,10,15,5418240,3624,0,0,1505
188,7,0,12,13,5437620,3625,0,0,1512
189,3,0,6,19,5484660,3634,0,0,1515
190,9,0,6,19,5521140,3637,0,0,1524
191,5,0,6,19,5542620,3639,0,0,1529
192,6,0,6,19,5566200,3640,0,0,1535
193,5,0,6,19,5580660,3637,0,0,1540
194,7,0,6,19,5608440,3639,0,0,1547
195,7,0,10,15,5616000,3637,0,0,1554
196,8,0,9,16,5650380,3638,0,0,1562
197,11,0,7,18,5686020,3630,0,0,1573
198,7,0,6,19,5721720,3635,0,0,1580
199,6,0,4,21,5747400,3632,0,0,1586
200,8,0,6,19,5762100,3628,0,0,1594
201,7,0,8,17,5781120,3629,0,0,1601
202,13,0,12,13,5815080,3629,0,0,1614
203,7,0,9,16,5853960,3631,0,0,1621
204,9,0,8,17,5899440,3637,0,0,1630
205,10,0,9,16,5935620,3639,0,0,1640
206,6,0,7,18,5962020,3637,0,0,1646
207,7,0,10,15,5982660,3641,0,0,1653
208,7,0,8,17,6021840,3645,0,0,1660
209,11,0,10,15,6044340,3638,0,0,1671
210,9,0,11,14,6087000,3647,0,0,1680
211,6,0,8,17,6115860,3644,0,0,1686
212,8,0,7,18,6156420,3649,0,0,1694
213,5,0,5,20,6185580,3651,0,0,1699
214,9,0,7,18,6205920,3648,0,0,1708
215,8,0,9,16,6228000,3648,0,0,1716
216,5,0,6,19,6264600,3652,0,0,1721
217,1,0,1,24,6292800,3656,0,0,1722
218,4,0,4,21,6294780,3655,0,0,1726
219,9,0,5,20,6308400,3646,0,0,1735
220,9,0,8,17,6324180,3642,0,0,1744
221,4,0,6,19,6338880,3638,0,0,1748
222,4,0,4,21,6377040,3648,0,0,1752
223,7,0,9,16,6387060,3649,0,0,1759
224,5,0,7,18,6410700,3648,0,0,1764
225,4,0,3,22,6446280,3652,0,0,1768
226,9,0,7,18,6459480,3649,0,0,1777
227,12,0,9,16,6487560,3644,0,0,1789
228,12,0,10,15,6514920,3637,0,0,1801
229,10,0,8,17,6550620,3633,0,0,1811
230,12,0,9,16,6589260,3632,0,0,1823
231,10,0,9,16,6626520,3632,0,0,1833
232,7,0,8,17,6654300,3632,0,0,1840
233,10,0,5,20,6693480,3627,0,0,1850
234,6,0,6,19,6710460,3627,0,0,1856
235,3,0,3,22,6727740,3624,0,0,1859
236,8,0,6,19,6741240,3622,0,0,1867
237,9,0,6,19,6758700,3614,0,0,1876
238,1,0,2,23,6781860,3616,0,0,1877
239,9,0,9,16,6788340,3616,0,0,1886
240,5,0,4,21,6823620,3616,0,0,1891
241,3,0,4,21,6835500,3616,0,0,1894
242,6,0,3,22,6853440,3612,0,0,1900
243,6,0,2,23,6867000,3606,0,0,1906
244,8,0,8,17,6870180,3604,0,0,1914
245,8,0,8,17,6896220,3603,0,0,1922
246,7,0,7,18,6927600,3604,0,0,1929
247,5,0,7,18,6961200,3612,0,0,1934
248,6,0,7,18,6981060,3611,0,0,1940
249,7,0,6,19,7008240,3610,0,0,1947
250,6,0,2,23,7041120,3608,0,0,1953
251,5,0,2,23,7053180,3605,0,0,1958
252,12,0,12,13,7056240,3603,0,0,1970
253,12,0,15,10,7095840,3607,0,0,1982
254,14,0,11,14,7147140,3600,0,0,1996
255,10,0,9,16,7185300,3598,0,0,2006
256,10,0,13,12,7215120,3602,0,0,2016
257,6,0,5,20,7264080,3601,0,0,2022
258,7,0,10,15,7270920,3601,0,0,2029
259,8,0,10,15,7308240,3605,0,0,2037
260,9,0,5,20,7356360,3604,0,0,2046
261,7,0,7,18,7371900,3603,0,0,2053
262,6,0,8,17,7394520,3605,0,0,2059
263,5,0,6,19,7423500,3607,0,0,2064
264,4,0,3,22,7452540,3608,0,0,2068
265,4,0,5,20,7461960,3610,0,0,2072
266,5,0,6,19,7469820,3606,0,0,2077
267,7,0,6,19,7494120,3606,0,0,2084
268,6,0,4,21,7510980,3600,0,0,2090
269,12,0,7,18,7534560,3596,0,0,2102
270,11,0,11,14,7549500,3591,0,0,2113
271,4,0,6,19,7591680,3596,0,0,2117
272,7,0,7,18,7612260,3595,0,0,2124
273,7,0,8,17,7634340,3596,0,0,2131
274,11,0,5,20,7673100,3590,0,0,2142
275,13,0,10,15,7685220,3582,0,0,2155
276,10,0,13,12,7718760,3586,0,0,2165
277,10,0,10,15,7760160,3584,0,0,2175
278,11,0,11,14,7808820,3590,0,0,2186
279,12,0,9,16,7843380,3583,0,0,2198
280,18,0,11,14,7877940,3572,0,0,2216
281,8,0,11,14,7909500,3574,0,0,2224
282,7,0,10,15,7943280,3576,0,0,2231
283,11,0,12,13,7980600,3578,0,0,2242
284,5,0,10,15,8012400,3581,0,0,2247
285,11,0,7,18,8064660,3582,0,0,2258
286,10,0,10,15,8078580,3577,0,0,2268
287,7,0,8,17,8108940,3576,0,0,2275
288,5,0,6,19,8140860,3579,0,0,2280
289,6,0,5,20,8165940,3579,0,0,2286
290,5,0,4,21,8182860,3577,0,0,2291
291,5,0,4,21,8197740,3576,0,0,2296
292,2,0,3,22,8204400,3574,0,0,2298
293,2,0,3,22,8210220,3574,0,0,2300
294,11,0,8,17,8230260,3573,0,0,2311
295,9,0,7,18,8250780,3567,0,0,2320
296,8,0,9,16,8272740,3567,0,0,2328
297,10,0,8,17,8317320,3569,0,0,2338
298,11,0,7,18,8344500,3562,0,0,2349
299,13,0,11,14,8369760,3560,0,0,2362
300,10,0,17,8,8393940,3564,0,0,2372
301,7,0,7,18,8457840,3565,0,0,2379
302,7,0,9,16,8484540,3569,0,0,2386
303,7,0,8,17,8514840,3570,0,0,2393
304,9,0,9,16,8539440,3568,0,0,2402
305,12,0,10,15,8580420,3569,0,0,2414
306,7,0,7,18,8607960,3565,0,0,2421
307,9,0,7,18,8639820,3565,0,0,2430
308,8,0,10,15,8662500,3567,0,0,2438
309,2,0,1,24,8704380,3568,0,0,2440
310,10,0,7,18,8708760,3564,0,0,2450
311,4,0,4,21,8740920,3567,0,0,2454
312,10,0,9,16,8753820,3565,0,0,2464
313,1,0,3,22,8784540,3568,0,0,2465
314,8,0,5,20,8804940,3567,0,0,2473
315,1,0,4,21,8816520,3569,0,0,2474
316,3,0,1,24,8843160,3571,0,0,2477
317,9,0,6,19,8854440,3570,0,0,2486
318,7,0,7,18,8872620,3569,0,0,2493
319,7,0,10,15,8878260,3565,0,0,2500
320,7,0,8,17,8904420,3563,0,0,2507
321,7,0,8,17,8945220,3569,0,0,2514
322,9,0,8,17,8977980,3569,0,0,2523
323,10,0,10,15,9000120,3567,0,0,2533
324,12,0,13,12,9028860,3565,0,0,2545
325,14,0,13,12,9065220,3560,0,0,2559
326,10,0,11,14,9110640,3561,0,0,2569
327,13,0,14,11,9141600,3559,0,0,2582
328,10,0,11,14,9201240,3564,0,0,2592
329,10,0,9,16,9232620,3560,0,0,2602
330,6,0,6,19,9269400,3562,0,0,2608
331,10,0,10,15,9294420,3563,0,0,2618
332,13,0,18,7,9303360,3560,0,0,2631
333,9,0,10,15,9371280,3563,0,0,2640
334,7,0,10,15,9406440,3567,0,0,2647
335,7,0,8,17,9447480,3570,0,0,2654
336,3,0,6,19,9480900,3576,0,0,2657
337,5,0,6,19,9504900,3578,0,0,2662
338,3,0,4,21,9530040,3581,0,0,2665
339,4,0,2,23,9547740,3579,0,0,2669
340,3,0,2,23,9558540,3579,0,0,2672
341,6,0,5,20,9568920,3579,0,0,2678
342,4,0,4,21,9580200,3577,0,0,2682
343,6,0,5,20,9600240,3578,0,0,2688
344,5,0,5,20,9617160,3577,0,0,2693
345,12,0,8,17,9642060,3575,0,0,2705
346,13,0,12,13,9671040,3573,0,0,2718
347,10,0,13,12,9702480,3573,0,0,2728
348,12,0,11,14,9744540,3570,0,0,2740
349,14,0,13,12,9790260,3571,0,0,2754
350,9,0,13,12,9830640,3574,0,0,2763
351,11,0,12,13,9882600,3578,0,0,2774
352,14,0,14,11,9919740,3575,0,0,2788
353,9,0,6,19,9971340,3572,0,0,2797
354,11,0,7,18,10003980,3571,0,0,2808
355,12,0,11,14,10033500,3571,0,0,2820
356,0,0,2,23,10074300,3574,0,0,2820
357,6,0,2,23,10093140,3574,0,0,2826
358,5,0,4,21,10099020,3572,0,0,2831
359,2,0,2,23,10114440,3572,0,0,2833
360,5,0,4,21,10118040,3570,0,0,2838
361,4,0,3,22,10139100,3571,0,0,2842
362,5,0,7,18,10144320,3571,0,0,2847
363,4,0,6,19,10163520,3572,0,0,2851
364,8,0,6,19,10196640,3574,0,0,2859
365,6,0,7,18,10208460,3571,0,0,2865
366,3,0,5,20,10228020,3572,0,0,2868
367,6,0,4,21,10254480,3572,0,0,2874
368,8,0,8,17,10274280,3574,0,0,2882
369,9,0,8,17,10292760,3570,0,0,2891
370,9,0,10,15,10319520,3570,0,0,2900
371,9,0,7,18,10354260,3567,0,0,2909
372,8,0,10,15,10374660,3568,0,0,2917
373,5,0,2,23,10434180,3573,0,0,2922
374,9,0,7,18,10446300,3572,0,0,2931
375,6,0,7,18,10463580,3571,0,0,2937
376,10,0,8,17,10495860,3571,0,0,2947
377,10,0,6,19,10518540,3564,0,0,2957
378,10,0,6,19,10548180,3562,0,0,2967
379,14,0,7,18,10580580,3557,0,0,2981
380,14,0,14,11,10595340,3554,0,0,2995
381,5,0,5,20,10647960,3555,0,0,3000
382,6,0,8,17,10658640,3555,0,0,3006
383,3,0,4,21,10693140,3558,0,0,3009
384,9,0,5,20,10716000,3556,0,0,3018
385,3,0,2,23,10739880,3557,0,0,3021
386,5,0,4,21,10749480,3557,0,0,3026
387,5,0,4,21,10760520,3554,0,0,3031
388,10,0,10,15,10768680,3552,0,0,3041
389,4,0,7,18,10787040,3550,0,0,3045
390,6,0,8,17,10815000,3554,0,0,3051
391,2,0,7,18,10836840,3557,0,0,3053
392,4,0,5,20,10866180,3560,0,0,3057
393,12,0,4,21,10898040,3555,0,0,3069
394,10,0,8,17,10912800,3553,0,0,3079
395,6,0,6,19,10935660,3551,0,0,3085
396,12,0,9,16,10955160,3547,0,0,3097
397,14,0,18,7,10974060,3548,0,0,3111
398,11,0,11,14,11041260,3549,0,0,3122
399,6,0,7,18,11079060,3549,0,0,3128
400,3,0,5,20,11097300,3550,0,0,3131
401,7,0,3,22,11129400,3550,0,0,3138
402,7,0,8,17,11130600,3548,0,0,3145
403,7,0,8,17,11160660,3549,0,0,3152
404,2,0,3,22,11184900,3549,0,0,3154
405,8,0,7,18,11208120,3552,0,0,3162
406,5,0,8,17,11218080,3551,0,0,3167
407,9,0,13,12,11239260,3553,0,0,3176
408,3,0,5,20,11280600,3554,0,0,3179
409,5,0,6,19,11304600,3557,0,0,3184
410,6,0,7,18,11320980,3556,0,0,3190
411,13,0,12,13,11345820,3555,0,0,3203
412,5,0,7,18,11379000,3554,0,0,3208
413,11,0,9,16,11419980,3557,0,0,3219
414,9,0,8,17,11445780,3554,0,0,3228
415,6,0,6,19,11468100,3552,0,0,3234
416,6,0,5,20,11506020,3556,0,0,3240
417,8,0,8,17,11522400,3556,0,0,3248
418,9,0,8,17,11554380,3556,0,0,3257
419,10,0,9,16,11590500,3557,0,0,3267
420,12,0,14,11,11612040,3556,0,0,3279
421,13,0,13,12,11661300,3556,0,0,3292
422,16,0,17,8,11708220,3557,0,0,3308
423,8,0,11,14,11761560,3558,0,0,3316
424,11,0,13,12,11793480,3558,0,0,3327
425,11,0,11,14,11852340,3562,0,0,3338
426,7,0,11,14,11891220,3566,0,0,3345
427,10,0,8,17,11941020,3567,0,0,3355
428,8,0,7,18,11970960,3567,0,0,3363
429,11,0,9,16,12006480,3568,0,0,3374
430,8,0,10,15,12020280,3564,0,0,3382
431,5,0,8,17,12061020,3569,0,0,3387
432,6,0,7,18,12086040,3569,0,0,3393
433,3,0,3,22,12121920,3572,0,0,3396
434,5,0,4,21,12140220,3573,0,0,3401
435,5,0,7,18,12144240,3572,0,0,3406
436,7,0,7,18,12167520,3572,0,0,3413
437,6,0,10,15,12181440,3573,0,0,3419
438,10,0,9,16,12223260,3574,0,0,3429
439,8,0,10,15,12245400,3573,0,0,3437
440,7,0,6,19,12286380,3573,0,0,3444
441,9,0,10,15,12303180,3573,0,0,3453
442,6,0,10,15,12333300,3575,0,0,3459
443,12,0,10,15,12380220,3577,0,0,3471
444,11,0,9,16,12416520,3575,0,0,3482
445,15,0,18,7,12435300,3574,0,0,3497
446,12,0,14,11,12484440,3572,0,0,3509
447,10,0,12,13,12528180,3572,0,0,3519
448,8,0,8,17,12569940,3572,0,0,3527
449,9,0,9,16,12602280,3573,0,0,3536
450,10,0,11,14,12625200,3571,0,0,3546
451,6,0,8,17,12658920,3571,0,0,3552
452,2,0,4,21,12688740,3574,0,0,3554
453,4,0,3,22,12706440,3574,0,0,3558
454,5,0,3,22,12721020,3573,0,0,3563
455,4,0,2,23,12733920,3571,0,0,3567
456,4,0,3,22,12743940,3571,0,0,3571
457,3,0,5,20,12749640,3572,0,0,3574
458,7,0,7,18,12771180,3573,0,0,3581
459,3,0,7,18,12775560,3571,0,0,3584
460,9,0,7,18,12819540,3574,0,0,3593
461,7,0,7,18,12841260,3573,0,0,3600
462,4,0,8,17,12857460,3575,0,0,3604
463,9,0,10,15,12909240,3582,0,0,3613
464,10,0,6,19,12950700,3580,0,0,3623
465,8,0,6,19,12970440,3578,0,0,3631
466,14,0,11,14,12990420,3574,0,0,3645
467,6,0,7,18,13038420,3578,0,0,3651
468,10,0,7,18,13067580,3576,0,0,3661
469,8,0,8,17,13083360,3573,0,0,3669
470,13,0,11,14,13120500,3574,0,0,3682
471,8,0,10,15,13153200,3574,0,0,3690
472,11,0,10,15,13182000,3571,0,0,3701
473,12,0,9,16,13235040,3573,0,0,3713
474,5,0,8,17,13256280,3573,0,0,3718
475,8,0,7,18,13292340,3574,0,0,3726
476,4,0,6,19,13307760,3573,0,0,3730
477,5,0,2,23,13357920,3578,0,0,3735
478,3,0,0,25,13366260,3575,0,0,3738
479,7,0,6,19,13367100,3575,0,0,3745
480,3,0,4,21,13381140,3574,0,0,3748
481,1,0,1,24,13404120,3576,0,0,3749
482,6,0,6,19,13404840,3575,0,0,3755
483,6,0,7,18,13418880,3574,0,0,3761
484,9,0,11,14,13440060,3575,0,0,3770
485,10,0,7,18,13477980,3572,0,0,3780
486,9,0,11,14,13504140,3574,0,0,3789
487,5,0,5,20,13538340,3573,0,0,3794
488,7,0,9,16,13556580,3575,0,0,3801
489,9,0,5,20,13594080,3572,0,0,3810
490,10,0,8,17,13604220,3568,0,0,3820
491,13,0,12,13,13632600,3567,0,0,3833
492,9,0,10,15,13675200,3568,0,0,3842
493,15,0,9,16,13729320,3567,0,0,3857
494,16,0,15,10,13764000,3567,0,0,3873
495,12,0,14,11,13791840,3562,0,0,3885
496,6,0,5,20,13862100,3567,0,0,3891
497,8,0,9,16,13872060,3566,0,0,3899
498,1,0,3,22,13910100,3569,0,0,3900
499,5,0,4,21,13926120,3569,0,0,3905
500,10,0,7,18,13948020,3569,0,0,3915
501,4,0,7,18,13961220,3568,0,0,3919
502,9,0,5,20,14001900,3569,0,0,3928
503,4,0,2,23,14023680,3568,0,0,3932
504,5,0,3,22,14029560,3566,0,0,3937
505,7,0,6,19,14044620,3566,0,0,3944
506,6,0,8,17,14057040,3565,0,0,3950
507,7,0,6,19,14088120,3565,0,0,3957
508,6,0,6,19,14120220,3568,0,0,3963
509,4,0,5,20,14143800,3569,0,0,3967
510,4,0,4,21,14169360,3571,0,0,3971
511,8,0,9,16,14173320,3570,0,0,3979
512,8,0,7,18,14206140,3569,0,0,3987
513,8,0,5,20,14242920,3569,0,0,3995
514,11,0,10,15,14252160,3566,0,0,4006
515,6,0,7,18,14297220,3569,0,0,4012
516,14,0,13,12,14322060,3568,0,0,4026
517,15,0,19,6,14349000,3567,0,0,4041
518,11,0,15,10,14411880,3569,0,0,4052
519,11,0,9,16,14480580,3571,0,0,4063
520,12,0,12,13,14516040,3572,0,0,4075
521,10,0,7,18,14561520,3570,0,0,4085
522,4,0,4,21,14581980,3569,0,0,4089
523,5,0,6,19,14591100,3569,0,0,4094
524,9,0,10,15,14623260,3572,0,0,4103
525,4,0,6,19,14651100,3572,0,0,4107
526,6,0,4,21,14674680,3571,0,0,4113
527,5,0,5,20,14687940,3571,0,0,4118
528,5,0,3,22,14712360,3570,0,0,4123
529,4,0,4,21,14722020,3570,0,0,4127
530,5,0,4,21,14737680,3570,0,0,4132
531,5,0,5,20,14746500,3568,0,0,4137
532,6,0,7,18,14756940,3567,0,0,4143
533,7,0,8,17,14784540,3569,0,0,4150
534,9,0,7,18,14833080,3572,0,0,4159
535,7,0,6,19,14852040,3570,0,0,4166
536,6,0,9,16,14867880,3571,0,0,4172
537,16,0,17,8,14901000,3572,0,0,4188
538,10,0,10,15,14964060,3573,0,0,4198
539,13,0,11,14,15003780,3572,0,0,4211
540,17,0,17,8,15040680,3571,0,0,4228
541,14,0,18,7,15091140,3572,0,0,4242
542,9,0,12,13,15148080,3573,0,0,4251
543,12,0,10,15,15201660,3574,0,0,4263
544,10,0,13,12,15236880,3576,0,0,4273
545,10,0,9,16,15289080,3577,0,0,4283
546,6,0,6,19,15321240,3577,0,0,4289
547,9,0,9,16,15337740,3576,0,0,4298
548,6,0,8,17,15373260,3578,0,0,4304
549,10,0,10,15,15405240,3579,0,0,4314
550,5,0,4,21,15441840,3578,0,0,4319
551,6,0,6,19,15453060,3577,0,0,4325
552,5,0,7,18,15471540,3578,0,0,4330
553,8,0,6,19,15505380,3579,0,0,4338
554,4,0,4,21,15527580,3579,0,0,4342
555,3,0,5,20,15531720,3578,0,0,4345
556,3,0,5,20,15547680,3579,0,0,4348
557,6,0,3,22,15575700,3579,0,0,4354
558,6,0,4,21,15579960,3576,0,0,4360
559,8,0,8,17,15594420,3576,0,0,4368
560,6,0,8,17,15614640,3576,0,0,4374
561,11,0,10,15,15634020,3573,0,0,4385
562,6,0,8,17,15669840,3575,0,0,4391
563,12,0,9,16,15701940,3573,0,0,4403
564,17,0,13,12,15736800,3570,0,0,4420
565,14,0,15,10,15771420,3569,0,0,4434
566,10,0,9,16,15827400,3568,0,0,4444
567,8,0,9,16,15872220,3572,0,0,4452
568,14,0,15,10,15901740,3572,0,0,4466
569,11,0,6,19,15968340,3571,0,0,4477
570,4,0,3,22,15999240,3572,0,0,4481
571,4,0,3,22,16017180,3573,0,0,4485
572,4,0,5,20,16024860,3573,0,0,4489
573,6,0,6,19,16041660,3573,0,0,4495
574,8,0,6,19,16062300,3571,0,0,4503
575,4,0,3,22,16080600,3570,0,0,4507
576,2,0,2,23,16093260,3570,0,0,4509
577,4,0,4,21,16097940,3570,0,0,4513
578,5,0,2,23,16115580,3568,0,0,4518
579,9,0,9,16,16124580,3568,0,0,4527
580,1,0,2,23,16154580,3569,0,0,4528
581,3,0,1,24,16171080,3569,0,0,4531
582,8,0,5,20,16180740,3568,0,0,4539
583,8,0,8,17,16194240,3567,0,0,4547
584,5,0,6,19,16211820,3566,0,0,4552
585,13,0,15,10,16229940,3567,0,0,4565
586,15,0,13,12,16288800,3566,0,0,4580
587,7,0,12,13,16320720,3567,0,0,4587
588,15,0,17,8,16365060,3569,0,0,4602
589,16,0,17,8,16405320,3565,0,0,4618
590,9,0,14,11,16463820,3569,0,0,4627
591,9,0,12,13,16508940,3570,0,0,4636
592,8,0,9,16,16557960,3572,0,0,4644
593,9,0,6,19,16608420,3574,0,0,4653
594,4,0,6,19,16623840,3574,0,0,4657
595,6,0,5,20,16640820,3572,0,0,4663
596,10,0,7,18,16673580,3573,0,0,4673
597,6,0,7,18,16689660,3572,0,0,4679
598,11,0,13,12,16713660,3573,0,0,4690
599,2,0,8,17,16737900,3573,0,0,4692
600,5,0,5,20,16782060,3576,0,0,4697
601,4,0,5,20,16800840,3577,0,0,4701
602,2,0,3,22,16820760,3578,0,0,4703
603,7,0,7,18,16832640,3579,0,0,4710
604,9,0,9,16,16859280,3579,0,0,4719
605,4,0,2,23,16902660,3580,0,0,4723
606,3,0,3,22,16907220,3579,0,0,4726
607,10,0,8,17,16917780,3578,0,0,4736
608,8,0,8,17,16943040,3577,0,0,4744
609,9,0,7,18,16971480,3575,0,0,4753
610,11,0,11,14,16988940,3574,0,0,4764
611,10,0,10,15,17030160,3574,0,0,4774
612,12,0,11,14,17066520,3574,0,0,4786
613,12,0,10,15,17115000,3574,0,0,4798
614,11,0,9,16,17151360,3573,0,0,4809
615,10,0,11,14,17177880,3572,0,0,4819
616,12,0,8,17,17224440,3571,0,0,4831
617,12,0,13,12,17247000,3570,0,0,4843
618,5,0,6,19,17296080,3572,0,0,4848
619,4,0,3,22,17324580,3572,0,0,4852
620,9,0,6,19,17333580,3570,0,0,4861
621,5,0,6,19,17346720,3569,0,0,4866
622,6,0,6,19,17371740,3570,0,0,4872
623,6,0,1,24,17406240,3569,0,0,4878
624,5,0,4,21,17412540,3568,0,0,4883
625,5,0,4,21,17422080,3567,0,0,4888
626,7,0,9,16,17425380,3566,0,0,4895
627,5,0,6,19,17459160,3567,0,0,4900
628,8,0,7,18,17489820,3568,0,0,4908
629,6,0,8,17,17503800,3567,0,0,4914
630,6,0,7,18,17531220,3568,0,0,4920
631,8,0,9,16,17552520,3568,0,0,4928
632,11,0,11,14,17589660,3569,0,0,4939
633,9,0,9,16,17619480,3567,0,0,4948
634,9,0,11,14,17645460,3567,0,0,4957
635,9,0,11,14,17684280,3568,0,0,4966
636,14,0,12,13,17727660,3568,0,0,4980
637,8,0,10,15,17767440,3569,0,0,4988
638,12,0,14,11,17810580,3572,0,0,5000
639,15,0,12,13,17866020,3571,0,0,5015
640,14,0,11,14,17907060,3568,0,0,5029
641,10,0,13,12,17935800,3568,0,0,5039
642,10,0,7,18,17999520,3569,0,0,5049
643,6,0,7,18,18023640,3570,0,0,5055
644,6,0,9,16,18030780,3569,0,0,5061
645,9,0,6,19,18084180,3571,0,0,5070
646,3,0,3,22,18108780,3571,0,0,5073
647,5,0,4,21,18124620,3572,0,0,5078
648,5,0,5,20,18130320,3570,0,0,5083
649,7,0,5,20,18148920,3569,0,0,5090
650,6,0,7,18,18162600,3568,0,0,5096
651,3,0,7,18,18180360,3570,0,0,5099
652,7,0,8,17,18199860,3570,0,0,5106
653,6,0,7,18,18235020,3571,0,0,5112
654,7,0,7,18,18267360,3573,0,0,5119
655,5,0,8,17,18284460,3573,0,0,5124
656,4,0,6,19,18315720,3575,0,0,5128
657,7,0,8,17,18328740,3574,0,0,5135
658,6,0,8,17,18354120,3575,0,0,5141
659,11,0,11,14,18385560,3576,0,0,5152
660,12,0,11,14,18419760,3574,0,0,5164
661,11,0,11,14,18452460,3573,0,0,5175
662,7,0,5,20,18496920,3572,0,0,5182
663,9,0,6,19,18521640,3572,0,0,5191
664,8,0,7,18,18545160,3571,0,0,5199
665,10,0,10,15,18571740,3572,0,0,5209
666,4,0,7,18,18593100,3571,0,0,5213
667,7,0,7,18,18621900,3572,0,0,5220
668,9,0,6,19,18655200,3571,0,0,5229
669,6,0,10,15,18671280,3573,0,0,5235
670,3,0,7,18,18700380,3574,0,0,5238
671,2,0,4,21,18732240,3577,0,0,5240
672,3,0,3,22,18752580,3578,0,0,5243
673,7,0,8,17,18754320,3577,0,0,5250
674,6,0,7,18,18776640,3577,0,0,5256
675,4,0,8,17,18791340,3577,0,0,5260
676,6,0,10,15,18807480,3578,0,0,5266
677,10,0,9,16,18849480,3578,0,0,5276
678,4,0,8,17,18872520,3579,0,0,5280
679,4,0,8,17,18889920,3580,0,0,5284
680,11,0,10,15,18917820,3579,0,0,5295
681,12,0,14,11,18946680,3579,0,0,5307
682,10,0,15,10,18977100,3579,0,0,5317
683,13,0,13,12,19042560,3581,0,0,5330
684,7,0,8,17,19078740,3580,0,0,5337
685,13,0,14,11,19102800,3579,0,0,5350
686,12,0,11,14,19139580,3576,0,0,5362
687,6,0,8,17,19178700,3578,0,0,5368
688,13,0,14,11,19198200,3577,0,0,5381
689,9,0,12,13,19243980,3578,0,0,5390
690,16,0,16,9,19282500,3577,0,0,5406
691,6,0,11,14,19316880,3576,0,0,5412
692,12,0,11,14,19347300,3574,0,0,5424
693,4,0,8,17,19383780,3576,0,0,5428
694,13,0,13,12,19417860,3577,0,0,5441
695,5,0,12,13,19433280,3576,0,0,5446
696,7,0,14,11,19455420,3577,0,0,5453
697,2,0,7,18,19508820,3580,0,0,5455
698,5,0,7,18,19534020,3582,0,0,5460
699,5,0,5,20,19567200,3583,0,0,5465
700,4,0,5,20,19580400,3583,0,0,5469
701,5,0,5,20,19591380,3582,0,0,5474
702,8,0,10,15,19599300,3581,0,0,5482
703,7,0,9,16,19624920,3581,0,0,5489
704,6,0,6,19,19660740,3581,0,0,5495
705,7,0,7,18,19674960,3580,0,0,5502
706,2,0,4,21,19692900,3580,0,0,5504
707,7,0,7,18,19698840,3579,0,0,5511
708,16,0,15,10,19713540,3576,0,0,5527
709,6,0,10,15,19745220,3575,0,0,5533
710,8,0,9,16,19770480,3573,0,0,5541
711,8,0,11,14,19800180,3575,0,0,5549
712,10,0,12,13,19825200,3574,0,0,5559
713,10,0,10,15,19877220,3575,0,0,5569
714,12,0,9,16,19911720,3573,0,0,5581
715,11,0,13,12,19930380,3572,0,0,5592
716,8,0,8,17,19980360,3573,0,0,5600
717,8,0,9,16,20004600,3572,0,0,5608
718,6,0,9,16,20030820,3573,0,0,5614
719,9,0,10,15,20052000,3572,0,0,5623
720,3,0,7,18,20077860,3573,0,0,5626
721,6,0,8,17,20098740,3573,0,0,5632
722,3,0,6,19,20123280,3574,0,0,5635
723,4,0,5,20,20147580,3576,0,0,5639
724,4,0,6,19,20160420,3576,0,0,5643
725,8,0,9,16,20167800,3574,0,0,5651
726,7,0,9,16,20182320,3572,0,0,5658
727,12,0,11,14,20211000,3571,0,0,5670
728,7,0,8,17,20250180,3572,0,0,5677
729,8,0,11,14,20263620,3571,0,0,5685
730,10,0,14,11,20285400,3570,0,0,5695
731,11,0,11,14,20319900,3568,0,0,5706
732,9,0,10,15,20362380,3569,0,0,5715
733,14,0,12,13,20403600,3568,0,0,5729
734,7,0,11,14,20428500,3568,0,0,5736
735,9,0,12,13,20465040,3569,0,0,5745
736,15,0,15,10,20499300,3568,0,0,5760
737,9,0,14,11,20540520,3569,0,0,5769
738,13,0,14,11,20590200,3569,0,0,5782
739,10,0,17,8,20617680,3570,0,0,5792
740,11,0,14,11,20681640,3572,0,0,5803
741,6,0,9,16,20728440,3573,0,0,5809
742,11,0,8,17,20763420,3572,0,0,5820
743,5,0,5,20,20793540,3572,0,0,5825
744,9,0,11,14,20801100,3572,0,0,5834
745,4,0,10,15,20819040,3572,0,0,5838
746,3,0,6,19,20847720,3572,0,0,5841
747,4,0,6,19,20873280,3574,0,0,5845
748,7,0,9,16,20889060,3575,0,0,5852
749,5,0,11,14,20900400,3575,0,0,5857
750,4,0,7,18,20938920,3576,0,0,5861
751,2,0,5,20,20952180,3576,0,0,5863
752,8,0,9,16,20972040,3577,0,0,5871
753,10,0,14,11,20984520,3576,0,0,5881
754,11,0,13,12,21014580,3574,0,0,5892
755,5,0,10,15,21054360,3576,0,0,5897
756,5,0,8,17,21093660,3578,0,0,5902
757,13,0,13,12,21129960,3580,0,0,5915
758,18,0,17,8,21173820,3579,0,0,5933
759,9,0,15,10,21213780,3579,0,0,5942
760,19,0,14,11,21284100,3578,0,0,5961
761,8,0,11,14,21328560,3579,0,0,5969
762,11,0,13,12,21364200,3580,0,0,5980
763,8,0,11,14,21414300,3582,0,0,5988
764,3,0,6,19,21437760,3581,0,0,5991
765,6,0,8,17,21453480,3582,0,0,5997
766,5,0,9,16,21460380,3580,0,0,6002
767,8,0,11,14,21476280,3579,0,0,6010
768,7,0,11,14,21522900,3583,0,0,6017
769,10,0,11,14,21572340,3585,0,0,6027
770,9,0,13,12,21592680,3585,0,0,6036
771,4,0,9,16,21629580,3586,0,0,6040
772,4,0,4,21,21671700,3588,0,0,6044
773,7,0,10,15,21674820,3587,0,0,6051
774,5,0,11,14,21685500,3587,0,0,6056
775,12,0,13,12,21722520,3587,0,0,6068
776,13,0,12,13,21775740,3588,0,0,6081
777,7,0,7,18,21815460,3587,0,0,6088
778,8,0,8,17,21836220,3586,0,0,6096
779,10,0,10,15,21850740,3584,0,0,6106
780,9,0,12,13,21874020,3584,0,0,6115
781,12,0,16,9,21901680,3583,0,0,6127
782,9,0,14,11,21941580,3584,0,0,6136
783,7,0,11,14,21997620,3587,0,0,6143
784,8,0,12,13,22027080,3588,0,0,6151
785,7,0,14,11,22057620,3590,0,0,6158
786,13,0,18,7,22089360,3590,0,0,6171
787,4,0,8,17,22177080,3596,0,0,6175
788,7,0,10,15,22200660,3596,0,0,6182
789,4,0,7,18,22222920,3596,0,0,6186
790,7,0,11,14,22232640,3596,0,0,6193
791,7,0,11,14,22268700,3598,0,0,6200
792,4,0,8,17,22292700,3597,0,0,6204
793,4,0,7,18,22331700,3601,0,0,6208
794,4,0,7,18,22346040,3601,0,0,6212
795,8,0,12,13,22356360,3601,0,0,6220
796,8,0,8,17,22393560,3600,0,0,6228
797,6,0,11,14,22410540,3601,0,0,6234
798,3,0,7,18,22437300,3601,0,0,6237
799,9,0,10,15,22459800,3601,0,0,6246
800,12,0,10,15,22496760,3600,0,0,6258
801,11,0,17,8,22516980,3601,0,0,6269
802,11,0,12,13,22567140,3600,0,0,6280
803,7,0,13,12,22613340,3604,0,0,6287
804,11,0,12,13,22649880,3603,0,0,6298
805,18,0,23,2,22681680,3604,0,0,6316
806,9,0,16,9,22734180,3603,0,0,6325
807,3,0,12,13,22778700,3606,0,0,6328
808,8,0,8,17,22841760,3609,0,0,6336
809,12,0,11,14,22880040,3610,0,0,6348
810,17,0,18,7,22903560,3608,0,0,6365
811,9,0,15,10,22928460,3605,0,0,6374
812,7,0,11,14,22999740,3610,0,0,6381
813,4,0,7,18,23031600,3611,0,0,6385
814,2,0,5,20,23048100,3611,0,0,6387
815,2,0,4,21,23066880,3612,0,0,6389
816,4,0,4,21,23077920,3612,0,0,6393
817,2,0,4,21,23083680,3611,0,0,6395
818,6,0,8,17,23087700,3611,0,0,6401
819,10,0,13,12,23103000,3610,0,0,6411
820,5,0,9,16,23127060,3609,0,0,6416
821,5,0,9,16,23146620,3609,0,0,6421
822,9,0,9,16,23183520,3610,0,0,6430
823,3,0,4,21,23217900,3611,0,0,6433
824,10,0,12,13,23221200,3610,0,0,6443
825,8,0,12,13,23241480,3609,0,0,6451
826,6,0,8,17,23279460,3609,0,0,6457
827,13,0,13,12,23318760,3611,0,0,6470
828,11,0,11,14,23357880,3610,0,0,6481
829,11,0,13,12,23391660,3610,0,0,6492
830,14,0,17,8,23419980,3609,0,0,6506
831,12,0,17,8,23461680,3608,0,0,6518
832,6,0,10,15,23532240,3612,0,0,6524
833,12,0,13,12,23551440,3610,0,0,6536
834,13,0,14,11,23595060,3610,0,0,6549
835,7,0,10,15,23634240,3610,0,0,6556
836,6,0,10,15,23668320,3612,0,0,6562
837,3,0,5,20,23702880,3613,0,0,6565
838,12,0,10,15,23718060,3611,0,0,6577
839,5,0,11,14,23734440,3611,0,0,6582
840,4,0,3,22,23784540,3613,0,0,6586
841,4,0,6,19,23788140,3613,0,0,6590
842,8,0,12,13,23795640,3613,0,0,6598
843,5,0,12,13,23810820,3612,0,0,6603
844,8,0,12,13,23843640,3613,0,0,6611
845,1,0,8,17,23871720,3614,0,0,6612
846,5,0,6,19,23906100,3616,0,0,6617
847,9,0,9,16,23923860,3615,0,0,6626
848,15,0,13,12,23965860,3615,0,0,6641
849,7,0,10,15,24000240,3615,0,0,6648
850,18,0,19,6,24027120,3614,0,0,6666
851,10,0,16,9,24082500,3615,0,0,6676
852,8,0,9,16,24132120,3615,0,0,6684
853,12,0,14,11,24149280,3614,0,0,6696
854,12,0,12,13,24189660,3612,0,0,6708
855,8,0,8,17,24235980,3612,0,0,6716
856,7,0,10,15,24252420,3612,0,0,6723
857,12,0,16,9,24276480,3613,0,0,6735
858,3,0,10,15,24317700,3614,0,0,6738
859,10,0,13,12,24366060,3617,0,0,6748
860,6,0,11,14,24392880,3617,0,0,6754
861,6,0,10,15,24427620,3618,0,0,6760
862,2,0,6,19,24457080,3620,0,0,6762
863,4,0,7,18,24473460,3620,0,0,6766
864,8,0,12,13,24486120,3621,0,0,6774
865,8,0,11,14,24520380,3621,0,0,6782
866,6,0,11,14,24550680,3622,0,0,6788
867,5,0,10,15,24570780,3622,0,0,6793
868,6,0,9,16,24601020,3623,0,0,6799
869,5,0,8,17,24629880,3624,0,0,6804
870,10,0,11,14,24651180,3623,0,0,6814
871,8,0,10,15,24672360,3621,0,0,6822
872,4,0,5,20,24708300,3622,0,0,6826
873,7,0,8,17,24721800,3622,0,0,6833
874,11,0,15,10,24727620,3620,0,0,6844
875,12,0,17,8,24757140,3619,0,0,6856
876,6,0,10,15,24815220,3621,0,0,6862
877,11,0,11,14,24850140,3621,0,0,6873
878,9,0,10,15,24891540,3622,0,0,6882
879,9,0,13,12,24908880,3621,0,0,6891
880,10,0,13,12,24948060,3621,0,0,6901
881,12,0,14,11,24991920,3622,0,0,6913
882,9,0,12,13,25020180,3620,0,0,6922
883,12,0,9,16,25069380,3620,0,0,6934
884,8,0,11,14,25081500,3618,0,0,6942
885,5,0,9,16,25117500,3620,0,0,6947
886,6,0,8,17,25149660,3621,0,0,6953
887,6,0,8,17,25171560,3621,0,0,6959
888,6,0,8,17,25202820,3622,0,0,6965
889,6,0,9,16,25219140,3622,0,0,6971
890,9,0,10,15,25242000,3621,0,0,6980
891,3,0,7,18,25276920,3623,0,0,6983
892,7,0,11,14,25290240,3623,0,0,6990
893,7,0,13,12,25315800,3624,0,0,6997
894,2,0,6,19,25357200,3626,0,0,6999
895,5,0,7,18,25370880,3625,0,0,7004
896,5,0,7,18,25395240,3626,0,0,7009
897,7,0,8,17,25417320,3626,0,0,7016
898,6,0,12,13,25427160,3627,0,0,7022
899,6,0,13,12,25452840,3628,0,0,7028
900,8,0,10,15,25495800,3628,0,0,7036
901,9,0,9,16,25535820,3629,0,0,7045
902,8,0,10,15,25554300,3628,0,0,7053
903,6,0,10,15,25573200,3627,0,0,7059
904,4,0,6,19,25605840,3628,0,0,7063
905,14,0,17,8,25616400,3628,0,0,7077
906,10,0,11,14,25674060,3628,0,0,7087
907,3,0,4,21,25706040,3627,0,0,7090
908,6,0,7,18,25715820,3627,0,0,7096
909,14,0,14,11,25727580,3625,0,0,7110
910,4,0,13,12,25751880,3626,0,0,7114
911,5,0,9,16,25801380,3628,0,0,7119
912,3,0,3,22,25844580,3630,0,0,7122
913,8,0,8,17,25846620,3629,0,0,7130
914,9,0,11,14,25862340,3628,0,0,7139
915,5,0,10,15,25877160,3627,0,0,7144
916,5,0,8,17,25896360,3626,0,0,7149
917,3,0,5,20,25927680,3627,0,0,7152
918,5,0,5,20,25942020,3627,0,0,7157
919,3,0,5,20,25944840,3626,0,0,7160
920,9,0,10,15,25965840,3627,0,0,7169
921,8,0,12,13,25981380,3626,0,0,7177
922,6,0,12,13,26006520,3626,0,0,7183
923,9,0,13,12,26043120,3627,0,0,7192
924,9,0,14,11,26079840,3628,0,0,7201
925,8,0,11,14,26123640,3629,0,0,7209
926,5,0,11,14,26149080,3630,0,0,7214
927,13,0,14,11,26197500,3631,0,0,7227
928,8,0,12,13,26238240,3632,0,0,7235
929,14,0,12,13,26280660,3631,0,0,7249
930,10,0,10,15,26316540,3630,0,0,7259
931,12,0,13,12,26349600,3630,0,0,7271
932,4,0,10,15,26372820,3630,0,0,7275
933,9,0,11,14,26415180,3631,0,0,7284
934,8,0,12,13,26431800,3630,0,0,7292
935,6,0,7,18,26486820,3632,0,0,7298
936,5,0,7,18,26500260,3632,0,0,7303
937,8,0,9,16,26532180,3633,0,0,7311
938,5,0,10,15,26552220,3634,0,0,7316
939,6,0,9,16,26577960,3634,0,0,7322
940,8,0,8,17,26623020,3636,0,0,7330
941,11,0,13,12,26638500,3635,0,0,7341
942,3,0,7,18,26673840,3635,0,0,7344
943,9,0,7,18,26703660,3635,0,0,7353
944,4,0,8,17,26716740,3635,0,0,7357
945,11,0,14,11,26727540,3634,0,0,7368
946,10,0,13,12,26759880,3633,0,0,7378
947,17,0,15,10,26802300,3631,0,0,7395
948,8,0,16,9,26827380,3631,0,0,7403
949,11,0,11,14,26893860,3632,0,0,7414
950,8,0,14,11,26919780,3633,0,0,7422
951,13,0,13,12,26956320,3631,0,0,7435
952,11,0,15,10,26997780,3633,0,0,7446
953,14,0,18,7,27041640,3633,0,0,7460
954,8,0,8,17,27090420,3631,0,0,7468
955,7,0,10,15,27114780,3632,0,0,7475
956,8,0,11,14,27143340,3632,0,0,7483
957,7,0,9,16,27181860,3633,0,0,7490
958,7,0,7,18,27207840,3632,0,0,7497
959,5,0,9,16,27218340,3632,0,0,7502
960,7,0,13,12,27240600,3634,0,0,7509
961,6,0,11,14,27277440,3635,0,0,7515
962,4,0,7,18,27304680,3634,0,0,7519
963,5,0,9,16,27314400,3634,0,0,7524
964,10,0,12,13,27353520,3636,0,0,7534
965,8,0,12,13,27381120,3636,0,0,7542
966,9,0,5,20,27435900,3635,0,0,7551
967,5,0,7,18,27447480,3635,0,0,7556
968,5,0,6,19,27472200,3636,0,0,7561
969,8,0,10,15,27480720,3635,0,0,7569
970,12,0,11,14,27512520,3634,0,0,7581
971,7,0,10,15,27549480,3635,0,0,7588
972,11,0,14,11,27574500,3635,0,0,7599
973,8,0,17,8,27585840,3634,0,0,7607
974,8,0,15,10,27647100,3637,0,0,7615
975,12,0,12,13,27702300,3637,0,0,7627
976,10,0,13,12,27739740,3638,0,0,7637
977,7,0,9,16,27787800,3639,0,0,7644
978,8,0,10,15,27816780,3639,0,0,7652
979,5,0,4,21,27857460,3640,0,0,7657
980,8,0,9,16,27866340,3639,0,0,7665
981,3,0,6,19,27876660,3638,0,0,7668
982,5,0,6,19,27888960,3637,0,0,7673
983,1,0,3,22,27910200,3638,0,0,7674
984,4,0,5,20,27911940,3637,0,0,7678
985,5,0,6,19,27921840,3637,0,0,7683
986,5,0,11,14,27921840,3637,0,0,7688
987,7,0,12,13,27946140,3637,0,0,7695
988,8,0,15,10,27968040,3637,0,0,7703
989,5,0,8,17,28030320,3640,0,0,7708
990,8,0,7,18,28066320,3640,0,0,7716
991,5,0,8,17,28077480,3640,0,0,7721
992,13,0,12,13,28107120,3639,0,0,7734
993,8,0,11,14,28141200,3640,0,0,7742
994,8,0,9,16,28184460,3640,0,0,7750
995,12,0,11,14,28207740,3639,0,0,7762
996,6,0,12,13,28230180,3639,0,0,7768
997,10,0,12,13,28269540,3640,0,0,7778
998,10,0,14,11,28291860,3639,0,0,7788
999,9,0,12,13,28347120,3641,0,0,7797
1000,8,0,11,14,28386600,3642,0,0,7805
1001,12,0,14,11,28408800,3640,0,0,7817
1002,5,0,9,16,28451340,3641,0,0,7822
1003,8,0,7,18,28484880,3641,0,0,7830
1004,7,0,8,17,28500900,3640,0,0,7837
1005,6,0,11,14,28508640,3640,0,0,7843
1006,5,0,7,18,28540020,3639,0,0,7848
1007,4,0,5,20,28565400,3640,0,0,7852
1008,9,0,10,15,28574400,3639,0,0,7861
1009,5,0,9,16,28587840,3638,0,0,7866
1010,3,0,6,19,28611600,3638,0,0,7869
1011,3,0,5,20,28633200,3639,0,0,7872
1012,6,0,10,15,28633620,3639,0,0,7878
1013,9,0,11,14,28671900,3640,0,0,7887
1014,6,0,8,17,28700640,3639,0,0,7893
1015,9,0,10,15,28727820,3640,0,0,7902
1016,13,0,18,7,28741200,3639,0,0,7915
1017,13,0,17,8,28779300,3637,0,0,7928
1018,6,0,11,14,28850940,3641,0,0,7934
1019,10,0,17,8,28872960,3642,0,0,7944
1020,13,0,18,7,28927560,3643,0,0,7957
1021,8,0,14,11,28982280,3645,0,0,7965
1022,11,0,10,15,29052240,3647,0,0,7976
1023,12,0,15,10,29077800,3647,0,0,7988
1024,17,0,20,5,29109600,3645,0,0,8005
1025,7,0,13,12,29156580,3645,0,0,8012
1026,9,0,10,15,29218620,3647,0,0,8021
1027,11,0,12,13,29240520,3645,0,0,8032
1028,6,0,13,12,29264580,3646,0,0,8038
1029,12,0,16,9,29303040,3647,0,0,8050
1030,7,0,12,13,29336160,3646,0,0,8057
1031,6,0,7,18,29397780,3649,0,0,8063
1032,3,0,5,20,29416380,3649,0,0,8066
1033,6,0,6,19,29433300,3649,0,0,8072
1034,1,0,4,21,29442180,3648,0,0,8073
1035,5,0,7,18,29449500,3648,0,0,8078
1036,9,0,11,14,29462700,3648,0,0,8087
1037,3,0,9,16,29484420,3648,0,0,8090
1038,5,0,5,20,29513760,3648,0,0,8095
1039,11,0,9,16,29534880,3647,0,0,8106
1040,4,0,8,17,29564220,3649,0,0,8110
1041,10,0,9,16,29596320,3648,0,0,8120
1042,6,0,10,15,29624640,3650,0,0,8126
1043,9,0,10,15,29652060,3649,0,0,8135
1044,14,0,10,15,29684460,3647,0,0,8149
1045,9,0,13,12,29708460,3647,0,0,8158
1046,15,0,14,11,29742900,3645,0,0,8173
1047,11,0,15,10,29792760,3647,0,0,8184
1048,14,0,14,11,29846160,3646,0,0,8198
1049,10,0,15,10,29874480,3646,0,0,8208
1050,7,0,14,11,29911680,3647,0,0,8215
1051,9,0,13,12,29960160,3648,0,0,8224
1052,6,0,9,16,29994360,3648,0,0,8230
1053,8,0,9,16,30030480,3649,0,0,8238
1054,5,0,5,20,30066900,3649,0,0,8243
1055,5,0,6,19,30074340,3648,0,0,8248
1056,3,0,4,21,30091020,3648,0,0,8251
1057,4,0,5,20,30099840,3648,0,0,8255
1058,4,0,6,19,30105180,3647,0,0,8259
1059,6,0,6,19,30121680,3647,0,0,8265
1060,5,0,9,16,30129600,3647,0,0,8270
1061,9,0,10,15,30153540,3646,0,0,8279
1062,10,0,8,17,30186960,3645,0,0,8289
1063,13,0,15,10,30200520,3644,0,0,8302
1064,13,0,15,10,30232620,3642,0,0,8315
1065,11,0,11,14,30293820,3643,0,0,8326
1066,11,0,12,13,30327960,3642,0,0,8337
1067,6,0,10,15,30368700,3644,0,0,8343
1068,11,0,13,12,30396780,3644,0,0,8354
1069,8,0,13,12,30428040,3644,0,0,8362
1070,5,0,10,15,30467940,3645,0,0,8367
1071,14,0,10,15,30501120,3643,0,0,8381
1072,9,0,14,11,30519780,3643,0,0,8390
1073,10,0,11,14,30557820,3642,0,0,8400
1074,11,0,14,11,30594600,3643,0,0,8411
1075,12,0,14,11,30627600,3642,0,0,8423
1076,4,0,9,16,30665640,3642,0,0,8427
1077,7,0,5,20,30701700,3642,0,0,8434
1078,3,0,5,20,30709500,3642,0,0,8437
1079,6,0,7,18,30723780,3641,0,0,8443
1080,5,0,7,18,30733560,3640,0,0,8448
1081,3,0,5,20,30755460,3641,0,0,8451
1082,8,0,8,17,30767760,3640,0,0,8459
1083,9,0,11,14,30780780,3639,0,0,8468
1084,2,0,7,18,30813900,3641,0,0,8470
1085,11,0,13,12,30842220,3642,0,0,8481
1086,6,0,14,11,30856920,3641,0,0,8487
1087,4,0,8,17,30907140,3643,0,0,8491
1088,5,0,8,17,30927780,3643,0,0,8496
1089,7,0,8,17,30958080,3644,0,0,8503
1090,9,0,9,16,30981900,3643,0,0,8512
1091,8,0,13,12,30994620,3643,0,0,8520
1092,18,0,12,13,31051200,3641,0,0,8538
1093,9,0,14,11,31071600,3641,0,0,8547
1094,7,0,7,18,31120140,3641,0,0,8554
1095,10,0,10,15,31147680,3641,0,0,8564
1096,9,0,10,15,31167420,3639,0,0,8573
1097,10,0,11,14,31198080,3639,0,0,8583
1098,5,0,6,19,31236540,3639,0,0,8588
1099,10,0,14,11,31246260,3640,0,0,8598
1100,5,0,8,17,31289460,3640,0,0,8603
1101,8,0,6,19,31316940,3639,0,0,8611
1102,2,0,5,20,31334760,3640,0,0,8613
1103,7,0,10,15,31336680,3639,0,0,8620
1104,6,0,11,14,31364700,3640,0,0,8626
1105,3,0,7,18,31402920,3642,0,0,8629
1106,7,0,11,14,31412880,3642,0,0,8636
1107,3,0,5,20,31446480,3642,0,0,8639
1108,6,0,7,18,31455180,3641,0,0,8645
1109,8,0,11,14,31469880,3641,0,0,8653
1110,8,0,7,18,31500300,3639,0,0,8661
1111,10,0,13,12,31514100,3639,0,0,8671
1112,11,0,17,8,31536600,3639,0,0,8682
1113,9,0,15,10,31576860,3639,0,0,8691
1114,12,0,15,10,31624260,3639,0,0,8703
1115,10,0,13,12,31682880,3641,0,0,8713
1116,14,0,14,11,31733460,3642,0,0,8727
1117,12,0,14,11,31774920,3641,0,0,8739
1118,17,0,18,7,31811460,3640,0,0,8756
1119,10,0,17,8,31855920,3641,0,0,8766
1120,10,0,11,14,31923240,3642,0,0,8776
1121,11,0,14,11,31959060,3642,0,0,8787
1122,9,0,14,11,32002500,3644,0,0,8796
1123,9,0,10,15,32041560,3643,0,0,8805
1124,11,0,14,11,32066220,3643,0,0,8816
1125,13,0,15,10,32112360,3643,0,0,8829
1126,5,0,7,18,32157240,3643,0,0,8834
1127,4,0,4,21,32190060,3643,0,0,8838
1128,7,0,8,17,32200620,3643,0,0,8845
1129,2,0,5,20,32218140,3643,0,0,8847
1130,3,0,5,20,32235420,3644,0,0,8850
1131,4,0,6,19,32243760,3644,0,0,8854
1132,11,0,13,12,32261400,3644,0,0,8865
1133,9,0,18,7,32275980,3644,0,0,8874
1134,3,0,8,17,32345040,3646,0,0,8877
1135,10,0,11,14,32376240,3647,0,0,8887
1136,8,0,11,14,32393460,3646,0,0,8895
1137,13,0,16,9,32429220,3647,0,0,8908
1138,11,0,15,10,32470380,3646,0,0,8919
1139,14,0,13,12,32530020,3646,0,0,8933
1140,13,0,14,11,32580840,3647,0,0,8946
1141,7,0,9,16,32615100,3646,0,0,8953
1142,9,0,14,11,32632620,3646,0,0,8962
1143,9,0,10,15,32684160,3647,0,0,8971
1144,14,0,13,12,32726820,3647,0,0,8985
1145,8,0,11,14,32767140,3648,0,0,8993
1146,12,0,14,11,32805660,3648,0,0,9005
1147,3,0,10,15,32834520,3649,0,0,9008
1148,9,0,12,13,32878140,3651,0,0,9017
1149,5,0,9,16,32905740,3650,0,0,9022
1150,7,0,8,17,32937900,3651,0,0,9029
1151,7,0,9,16,32970180,3652,0,0,9036
1152,2,0,3,22,33001920,3652,0,0,9038
1153,8,0,6,19,33006780,3651,0,0,9046
1154,5,0,10,15,33014520,3651,0,0,9051
1155,7,0,7,18,33050820,3651,0,0,9058
1156,5,0,9,16,33059040,3651,0,0,9063
1157,4,0,6,19,33099000,3652,0,0,9067
1158,9,0,12,13,33108840,3652,0,0,9076
1159,6,0,11,14,33135720,3652,0,0,9082
1160,11,0,10,15,33187860,3653,0,0,9093
1161,9,0,13,12,33207360,3653,0,0,9102
1162,5,0,8,17,33245160,3653,0,0,9107
1163,7,0,6,19,33281400,3654,0,0,9114
1164,17,0,17,8,33288780,3652,0,0,9131
1165,5,0,14,11,33320580,3652,0,0,9136
1166,10,0,13,12,33375060,3654,0,0,9146
1167,15,0,12,13,33417180,3652,0,0,9161
1168,4,0,9,16,33438540,3652,0,0,9165
1169,8,0,13,12,33445860,3651,0,0,9173
1170,12,0,18,7,33483720,3652,0,0,9185
1171,7,0,11,14,33561420,3655,0,0,9192
1172,13,0,14,11,33594660,3655,0,0,9205
1173,12,0,14,11,33638100,3655,0,0,9217
1174,6,0,10,15,33681900,3655,0,0,9223
1175,5,0,9,16,33704820,3656,0,0,9228
1176,7,0,9,16,33735900,3656,0,0,9235
1177,6,0,7,18,33760380,3656,0,0,9241
1178,9,0,11,14,33770700,3655,0,0,9250
1179,2,0,8,17,33793920,3655,0,0,9252
1180,9,0,9,16,33824400,3655,0,0,9261
1181,3,0,8,17,33841320,3656,0,0,9264
1182,6,0,4,21,33876060,3655,0,0,9270
1183,13,0,14,11,33881820,3655,0,0,9283
1184,4,0,11,14,33898080,3654,0,0,9287
1185,10,0,9,16,33947340,3654,0,0,9297
1186,8,0,10,15,33967740,3654,0,0,9305
1187,10,0,14,11,33986040,3654,0,0,9315
1188,8,0,11,14,34031160,3654,0,0,9323
1189,9,0,14,11,34055940,3654,0,0,9332
1190,4,0,8,17,34110780,3656,0,0,9336
1191,12,0,13,12,34137240,3656,0,0,9348
1192,9,0,13,12,34172220,3657,0,0,9357
1193,10,0,13,12,34214280,3657,0,0,9367
1194,11,0,15,10,34244880,3657,0,0,9378
1195,9,0,13,12,34292520,3658,0,0,9387
1196,9,0,13,12,34312980,3656,0,0,9396
1197,9,0,11,14,34375920,3659,0,0,9405
1198,9,0,11,14,34403940,3658,0,0,9414
1199,7,0,10,15,34437660,3659,0,0,9421
1200,7,0,9,16,34474800,3660,0,0,9428
1201,3,0,6,19,34495500,3660,0,0,9431
1202,2,0,4,21,34524720,3661,0,0,9433
1203,5,0,6,19,34530600,3661,0,0,9438
1204,10,0,14,11,34537020,3660,0,0,9448
1205,10,0,15,10,34567800,3660,0,0,9458
1206,6,0,10,15,34614240,3661,0,0,9464
1207,10,0,10,15,34651800,3661,0,0,9474
1208,4,0,5,20,34687380,3661,0,0,9478
1209,3,0,6,19,34697100,3661,0,0,9481
1210,11,0,12,13,34713720,3661,0,0,9492
1211,11,0,12,13,34754700,3661,0,0,9503
1212,8,0,8,17,34797360,3661,0,0,9511
1213,9,0,11,14,34812900,3661,0,0,9520
1214,15,0,17,8,34840260,3660,0,0,9535
1215,15,0,18,7,34895520,3660,0,0,9550
1216,7,0,15,10,34929960,3660,0,0,9557
1217,11,0,14,11,34996380,3663,0,0,9568
1218,5,0,11,14,35030760,3663,0,0,9573
1219,7,0,11,14,35062620,3664,0,0,9580
1220,8,0,11,14,35110260,3666,0,0,9588
1221,6,0,8,17,35147040,3666,0,0,9594
1222,9,0,12,13,35168220,3666,0,0,9603
1223,2,0,9,16,35194860,3667,0,0,9605
1224,5,0,7,18,35235120,3669,0,0,9610
1225,5,0,5,20,35262000,3669,0,0,9615
1226,9,0,11,14,35270400,3669,0,0,9624
1227,5,0,8,17,35297940,3668,0,0,9629
1228,7,0,11,14,35315820,3669,0,0,9636
1229,4,0,11,14,35339040,3670,0,0,9640
1230,6,0,10,15,35376900,3671,0,0,9646
1231,8,0,9,16,35403900,3670,0,0,9654
1232,8,0,12,13,35425620,3671,0,0,9662
1233,11,0,14,11,35452560,3670,0,0,9673
1234,15,0,21,4,35479680,3670,0,0,9688
1235,8,0,16,9,35548620,3672,0,0,9696
1236,12,0,13,12,35604900,3672,0,0,9708
1237,12,0,14,11,35651280,3673,0,0,9720
1238,10,0,11,14,35693700,3672,0,0,9730
1239,10,0,9,16,35733060,3672,0,0,9740
1240,7,0,9,16,35749740,3671,0,0,9747
1241,10,0,12,13,35783700,3672,0,0,9757
1242,14,0,12,13,35812320,3669,0,0,9771
1243,6,0,11,14,35847060,3670,0,0,9777
1244,11,0,14,11,35881440,3671,0,0,9788
1245,4,0,9,16,35918880,3671,0,0,9792
1246,10,0,8,17,35948820,3670,0,0,9802
1247,5,0,7,18,35984340,3671,0,0,9807
1248,7,0,10,15,35997720,3671,0,0,9814
1249,9,0,10,15,36026820,3671,0,0,9823
1250,7,0,8,17,36061440,3671,0,0,9830
1251,9,0,8,17,36090000,3671,0,0,9839
1252,5,0,7,18,36112800,3671,0,0,9844
1253,6,0,6,19,36135360,3670,0,0,9850
1254,5,0,4,21,36145560,3669,0,0,9855
1255,7,0,7,18,36150660,3668,0,0,9862
1256,9,0,11,14,36166920,3668,0,0,9871
1257,12,0,16,9,36187620,3667,0,0,9883
1258,9,0,10,15,36238800,3667,0,0,9892
1259,4,0,8,17,36273120,3668,0,0,9896
1260,18,0,16,9,36311880,3668,0,0,9914
1261,9,0,14,11,36334380,3666,0,0,9923
1262,9,0,7,18,36391080,3666,0,0,9932
1263,7,0,8,17,36410460,3666,0,0,9939
1264,8,0,10,15,36436320,3666,0,0,9947
1265,12,0,15,10,36451560,3665,0,0,9959
1266,4,0,10,15,36490620,3666,0,0,9963
1267,8,0,7,18,36537480,3666,0,0,9971
1268,11,0,10,15,36564540,3666,0,0,9982
1269,5,0,10,15,36582120,3666,0,0,9987
1270,5,0,6,19,36606840,3665,0,0,9992
1271,5,0,7,18,36626160,3666,0,0,9997
1272,5,0,7,18,36641580,3665,0,0,10002
1273,8,0,11,14,36657420,3666,0,0,10010
1274,6,0,5,20,36696600,3665,0,0,10016
1275,8,0,9,16,36704820,3664,0,0,10024
1276,5,0,5,20,36730620,3664,0,0,10029
1277,9,0,7,18,36750000,3663,0,0,10038
1278,4,0,8,17,36761820,3663,0,0,10042
1279,14,0,12,13,36783600,3662,0,0,10056
1280,4,0,8,17,36812100,3662,0,0,10060
1281,6,0,8,17,36844440,3663,0,0,10066
1282,11,0,11,14,36860700,3661,0,0,10077
1283,12,0,15,10,36885660,3661,0,0,10089
1284,9,0,11,14,36926340,3660,0,0,10098
1285,11,0,13,12,36957000,3660,0,0,10109
1286,14,0,14,11,36996720,3659,0,0,10123
1287,19,0,16,9,37037520,3657,0,0,10142
1288,14,0,20,5,37070520,3657,0,0,10156
1289,9,0,13,12,37129020,3657,0,0,10165
1290,7,0,10,15,37171500,3657,0,0,10172
1291,6,0,9,16,37197960,3657,0,0,10178
1292,6,0,8,17,37226520,3658,0,0,10184
1293,9,0,10,15,37244700,3657,0,0,10193
1294,4,0,7,18,37274880,3657,0,0,10197
1295,10,0,11,14,37295580,3657,0,0,10207
1296,10,0,13,12,37318260,3657,0,0,10217
1297,15,0,18,7,37362720,3657,0,0,10232
1298,3,0,14,11,37405080,3659,0,0,10235
1299,4,0,7,18,37459080,3660,0,0,10239
1300,3,0,5,20,37489080,3662,0,0,10242
1301,6,0,8,17,37502700,3662,0,0,10248
1302,8,0,12,13,37512240,3661,0,0,10256
1303,3,0,11,14,37529520,3662,0,0,10259
1304,9,0,10,15,37570320,3662,0,0,10268
1305,3,0,4,21,37618920,3664,0,0,10271
1306,9,0,9,16,37624560,3663,0,0,10280
1307,11,0,16,9,37638180,3663,0,0,10291
1308,11,0,14,11,37679040,3662,0,0,10302
1309,14,0,15,10,37725240,3662,0,0,10316
1310,18,0,21,4,37750320,3660,0,0,10334
1311,13,0,22,3,37805700,3661,0,0,10347
1312,4,0,10,15,37873860,3662,0,0,10351
1313,6,0,6,19,37918440,3663,0,0,10357
1314,8,0,9,16,37943460,3663,0,0,10365
1315,12,0,11,14,37972140,3663,0,0,10377
1316,12,0,15,10,37996080,3662,0,0,10389
1317,7,0,9,16,38032500,3661,0,0,10396
1318,9,0,14,11,38047140,3661,0,0,10405
1319,6,0,10,15,38092680,3662,0,0,10411
1320,5,0,7,18,38123100,3662,0,0,10416
1321,5,0,7,18,38148840,3663,0,0,10421
1322,4,0,10,15,38152500,3663,0,0,10425
1323,5,0,7,18,38182800,3663,0,0,10430
1324,8,0,8,17,38198340,3662,0,0,10438
1325,4,0,6,19,38218920,3662,0,0,10442
1326,10,0,7,18,38235000,3660,0,0,10452
1327,7,0,11,14,38240760,3660,0,0,10459
1328,11,0,15,10,38269200,3660,0,0,10470
1329,5,0,9,16,38315520,3660,0,0,10475
1330,14,0,14,11,38341620,3660,0,0,10489
1331,13,0,13,12,38388840,3659,0,0,10502
1332,10,0,13,12,38422140,3659,0,0,10512
1333,17,0,13,12,38477640,3658,0,0,10529
1334,6,0,10,15,38512860,3659,0,0,10535
1335,7,0,9,16,38542140,3659,0,0,10542
1336,15,0,15,10,38575440,3659,0,0,10557
1337,8,0,9,16,38616240,3658,0,0,10565
1338,12,0,15,10,38633820,3657,0,0,10577
1339,11,0,15,10,38684580,3658,0,0,10588
1340,8,0,9,16,38754600,3660,0,0,10596
1341,4,0,8,17,38774160,3660,0,0,10600
1342,4,0,8,17,38790600,3660,0,0,10604
1343,1,0,5,20,38816700,3661,0,0,10605
1344,5,0,7,18,38831100,3662,0,0,10610
1345,3,0,8,17,38832840,3661,0,0,10613
1346,4,0,8,17,38840940,3661,0,0,10617
1347,12,0,14,11,38847840,3659,0,0,10629
1348,1,0,12,13,38859420,3659,0,0,10630
1349,3,0,7,18,38890980,3659,0,0,10633
1350,3,0,9,16,38898540,3660,0,0,10636
1351,11,0,14,11,38911320,3659,0,0,10647
1352,5,0,14,11,38932680,3659,0,0,10652
1353,12,0,15,10,38977920,3660,0,0,10664
1354,8,0,15,10,38995860,3659,0,0,10672
1355,7,0,14,11,39027900,3659,0,0,10679
1356,9,0,17,8,39044760,3658,0,0,10688
1357,11,0,18,7,39079860,3658,0,0,10699
1358,10,0,16,9,39123060,3658,0,0,10709
1359,11,0,17,8,39161280,3658,0,0,10720
1360,8,0,13,12,39199200,3658,0,0,10728
1361,13,0,18,7,39227220,3658,0,0,10741
1362,10,0,17,8,39262980,3657,0,0,10751
1363,7,0,12,13,39307740,3657,0,0,10758
1364,6,0,12,13,39325320,3657,0,0,10764
1365,5,0,11,14,39345000,3657,0,0,10769
1366,5,0,11,14,39362880,3657,0,0,10774
1367,3,0,8,17,39386220,3657,0,0,10777
1368,6,0,12,13,39391800,3657,0,0,10783
1369,5,0,13,12,39409740,3657,0,0,10788
1370,10,0,14,11,39440160,3657,0,0,10798
1371,5,0,12,13,39466620,3657,0,0,10803
1372,10,0,13,12,39501360,3657,0,0,10813
1373,7,0,15,10,39515220,3657,0,0,10820
1374,3,0,11,14,39545400,3657,0,0,10823
1375,9,0,17,8,39557520,3657,0,0,10832
1376,14,0,21,4,39587160,3657,0,0,10846
1377,3,0,14,11,39637800,3658,0,0,10849
1378,12,0,18,7,39675480,3659,0,0,10861
1379,15,0,22,3,39714960,3659,0,0,10876
1380,11,0,17,8,39776520,3659,0,0,10887
1381,10,0,17,8,39809400,3658,0,0,10897
1382,13,0,17,8,39862980,3659,0,0,10910
1383,14,0,23,2,39886440,3658,0,0,10924
1384,7,0,15,10,39950700,3659,0,0,10931
1385,15,0,16,9,40007520,3660,0,0,10946
1386,10,0,17,8,40032780,3659,0,0,10956
1387,6,0,12,13,40087500,3660,0,0,10962
1388,8,0,13,12,40112340,3660,0,0,10970
1389,4,0,8,17,40137720,3660,0,0,10974
1390,3,0,8,17,40144440,3659,0,0,10977
1391,7,0,10,15,40157160,3659,0,0,10984
1392,5,0,13,12,40162680,3659,0,0,10989
1393,7,0,12,13,40189560,3658,0,0,10996
1394,4,0,9,16,40208580,3658,0,0,11000
1395,2,0,9,16,40218300,3658,0,0,11002
1396,4,0,12,13,40224360,3658,0,0,11006
1397,6,0,15,10,40233660,3658,0,0,11012
1398,9,0,16,9,40267260,3658,0,0,11021
1399,7,0,15,10,40305420,3659,0,0,11028
1400,12,0,16,9,40348380,3660,0,0,11040
1401,9,0,10,15,40387920,3658,0,0,11049
1402,11,0,16,9,40402140,3658,0,0,11060
1403,9,0,13,12,40433880,3657,0,0,11069
1404,9,0,13,12,40469460,3657,0,0,11078
1405,4,0,10,15,40492140,3657,0,0,11082
1406,20,0,20,5,40518900,3656,0,0,11102
1407,9,0,20,5,40535640,3654,0,0,11111
1408,9,0,17,8,40587240,3655,0,0,11120
1409,4,0,14,11,40633800,3657,0,0,11124
1410,10,0,15,10,40681260,3658,0,0,11134
1411,7,0,14,11,40705500,3658,0,0,11141
1412,7,0,15,10,40731840,3658,0,0,11148
1413,3,0,9,16,40771320,3659,0,0,11151
1414,10,0,16,9,40780920,3659,0,0,11161
1415,11,0,14,11,40815480,3657,0,0,11172
1416,5,0,15,10,40832040,3658,0,0,11177
1417,4,0,11,14,40877700,3659,0,0,11181
1418,4,0,11,14,40897740,3660,0,0,11185
1419,5,0,10,15,40921260,3660,0,0,11190
1420,9,0,15,10,40933980,3660,0,0,11199
1421,8,0,12,13,40960380,3658,0,0,11207
1422,4,0,11,14,40986060,3659,0,0,11211
1423,4,0,11,14,40993080,3658,0,0,11215
1424,8,0,14,11,41012880,3658,0,0,11223
1425,8,0,15,10,41037120,3658,0,0,11231
1426,7,0,10,15,41064900,3657,0,0,11238
1427,9,0,15,10,41070000,3656,0,0,11247
1428,13,0,17,8,41108280,3656,0,0,11260
1429,12,0,19,6,41145840,3656,0,0,11272
1430,13,0,19,6,41188860,3656,0,0,11285
1431,12,0,18,7,41232720,3655,0,0,11297
1432,18,0,24,1,41285880,3656,540,0,11315
1433,6,0,18,7,41334060,3656,540,0,11321
1434,7,0,15,10,41389440,3658,540,0,11328
1435,9,0,15,10,41429040,3659,540,0,11337
1436,8,0,14,11,41443620,3657,540,0,11345
1437,8,0,13,12,41496600,3659,540,0,11353
1438,4,0,11,14,41527380,3660,540,0,11357
1439,9,0,12,13,41551800,3659,540,0,11366
1440,7,0,15,10,41568240,3659,540,0,11373
1441,5,0,13,12,41591880,3659,540,0,11378
1442,5,0,11,14,41626200,3660,540,0,11383
1443,4,0,9,16,41646120,3660,540,0,11387
1444,3,0,10,15,41653440,3660,540,0,11390
1445,6,0,11,14,41667600,3659,540,0,11396
1446,7,0,13,12,41681400,3659,540,0,11403
1447,9,0,14,11,41700900,3658,540,0,11412
1448,7,0,15,10,41718840,3658,540,0,11419
1449,8,0,11,14,41761980,3658,540,0,11427
1450,12,0,16,9,41789520,3658,540,0,11439
1451,7,0,16,9,41812020,3658,540,0,11446
1452,11,0,13,12,41860500,3657,540,0,11457
1453,12,0,16,9,41893740,3657,540,0,11469
1454,7,0,13,12,41927940,3657,540,0,11476
1455,4,0,11,14,41948820,3657,540,0,11480
1456,7,0,14,11,41974080,3658,540,0,11487
1457,8,0,11,14,41996760,3656,540,0,11495
1458,6,0,12,13,42015480,3657,540,0,11501
1459,2,0,9,16,42048480,3658,540,0,11503
1460,10,0,11,14,42067140,3657,540,0,11513
1461,6,0,14,11,42071880,3656,540,0,11519
1462,6,0,14,11,42091980,3656,540,0,11525
1463,1,0,10,15,42117420,3657,540,0,11526
1464,4,0,11,14,42136080,3657,540,0,11530
1465,4,0,10,15,42159120,3658,540,0,11534
1466,3,0,11,14,42169800,3658,540,0,11537
1467,4,0,9,16,42195180,3658,540,0,11541
1468,1,0,9,16,42198540,3658,540,0,11542
1469,4,0,9,16,42209640,3658,540,0,11546
1470,10,0,13,12,42234060,3658,540,0,11556
1471,11,0,22,3,42238920,3658,540,0,11567
1472,10,0,18,7,42287280,3658,1920,0,11577
1473,7,0,15,10,42348300,3660,1920,0,11584
1474,9,0,17,8,42373080,3660,1920,0,11593
1475,7,0,14,11,42417180,3661,1920,0,11600
1476,6,0,12,13,42442740,3660,1920,0,11606
1477,12,0,20,5,42459780,3660,1920,0,11618
1478,10,0,20,5,42489720,3660,1920,0,11628
1479,12,0,18,7,42551880,3661,1920,0,11640
1480,12,0,19,6,42597840,3661,1920,0,11652
1481,14,0,19,6,42645360,3661,1920,0,11666
1482,10,0,16,9,42692700,3661,1920,0,11676
1483,10,0,16,9,42728700,3661,1920,0,11686
1484,11,0,14,11,42764580,3660,1920,0,11697
1485,7,0,16,9,42781920,3660,1920,0,11704
1486,5,0,14,11,42812760,3660,1920,0,11709
1487,4,0,11,14,42849300,3661,1920,0,11713
1488,9,0,13,12,42860760,3660,1920,0,11722
1489,9,0,16,9,42874980,3659,1920,0,11731
1490,4,0,11,14,42918840,3660,1920,0,11735
1491,3,0,8,17,42967980,3663,1920,0,11738
1492,3,0,9,16,42973140,3662,1920,0,11741
1493,7,0,14,11,42984600,3663,1920,0,11748
1494,9,0,11,14,43008600,3661,1920,0,11757
1495,6,0,13,12,43025280,3661,1920,0,11763
1496,15,0,19,6,43049940,3661,1920,0,11778
1497,14,0,21,4,43083540,3660,1920,0,11792
1498,8,0,17,8,43138620,3661,1920,0,11800
1499,10,0,17,8,43169340,3660,1920,0,11810
1500,8,0,16,9,43208760,3661,1920,0,11818
1501,9,0,14,11,43248000,3661,1920,0,11827
1502,11,0,14,11,43291500,3661,1920,0,11838
1503,8,0,16,9,43303920,3660,1920,0,11846
1504,16,0,17,8,43349160,3659,1920,0,11862
1505,13,0,18,7,43378740,3658,1920,0,11875
1506,9,0,19,6,43411200,3658,1920,0,11884
1507,13,0,22,3,43459080,3659,1920,0,11897
1508,9,0,17,8,43516260,3660,1920,0,11906
1509,6,0,15,10,43553040,3660,1920,0,11912
1510,5,0,12,13,43589580,3661,1920,0,11917
1511,4,0,9,16,43618560,3661,1920,0,11921
1512,9,0,14,11,43630320,3661,1920,0,11930
1513,4,0,14,11,43643580,3661,1920,0,11934
1514,7,0,13,12,43676340,3661,1920,0,11941
1515,4,0,12,13,43696740,3661,1920,0,11945
1516,5,0,10,15,43726740,3662,1920,0,11950
1517,12,0,17,8,43734120,3661,1920,0,11962
1518,5,0,15,10,43753740,3660,1920,0,11967
1519,9,0,12,13,43797300,3660,1920,0,11976
1520,6,0,10,15,43828440,3660,1920,0,11982
1521,10,0,14,11,43841160,3660,1920,0,11992
1522,9,0,16,9,43864260,3659,1920,0,12001
1523,15,0,18,7,43898040,3658,1920,0,12016
1524,14,0,21,4,43937520,3658,1920,0,12030
1525,10,0,21,4,43976040,3658,1920,0,12040
1526,18,0,22,3,44040540,3659,2040,0,12058
1527,4,0,15,10,44090640,3659,2040,0,12062
1528,4,0,13,12,44127480,3661,2040,0,12066
1529,9,0,14,11,44168520,3662,2040,0,12075
1530,9,0,16,9,44202060,3662,2040,0,12084
1531,9,0,18,7,44220360,3662,2040,0,12093
1532,11,0,18,7,44265420,3662,2040,0,12104
1533,7,0,15,10,44306340,3662,2040,0,12111
1534,4,0,12,13,44336940,3663,2040,0,12115
1535,4,0,12,13,44359200,3663,2040,0,12119
1536,5,0,10,15,44385240,3663,2040,0,12124
1537,6,0,10,15,44409900,3664,2040,0,12130
1538,4,0,11,14,44420460,3664,2040,0,12134
1539,8,0,10,15,44449020,3663,2040,0,12142
1540,3,0,10,15,44456520,3663,2040,0,12145
1541,6,0,11,14,44478000,3663,2040,0,12151
1542,9,0,14,11,44490600,3662,2040,0,12160
1543,9,0,19,6,44509860,3663,2040,0,12169
1544,11,0,20,5,44554080,3663,2040,0,12180
1545,8,0,16,9,44600880,3664,2040,0,12188
1546,10,0,15,10,44645460,3664,2040,0,12198
1547,15,0,18,7,44681700,3663,2040,0,12213
1548,17,0,20,5,44713560,3662,2040,0,12230
1549,13,0,20,5,44758620,3661,2040,0,12243
1550,9,0,15,10,44802180,3661,2040,0,12252
1551,13,0,17,8,44840940,3661,2040,0,12265
1552,11,0,17,8,44887020,3661,2040,0,12276
1553,8,0,12,13,44927220,3660,2040,0,12284
1554,8,0,12,13,44947260,3660,2040,0,12292
1555,5,0,11,14,44969700,3660,2040,0,12297
1556,10,0,17,8,44977980,3659,2040,0,12307
1557,5,0,13,12,45013560,3659,2040,0,12312
1558,6,0,12,13,45043380,3660,2040,0,12318
1559,6,0,16,9,45050040,3660,2040,0,12324
1560,6,0,12,13,45095760,3660,2040,0,12330
1561,4,0,9,16,45123360,3661,2040,0,12334
1562,12,0,14,11,45138780,3660,2040,0,12346
1563,4,0,10,15,45153720,3659,2040,0,12350
1564,4,0,9,16,45173580,3659,2040,0,12354
1565,8,0,13,12,45181320,3658,2040,0,12362
1566,8,0,11,14,45210480,3658,2040,0,12370
1567,5,0,13,12,45224940,3658,2040,0,12375
1568,6,0,9,16,45260880,3658,2040,0,12381
1569,7,0,12,13,45273660,3658,2040,0,12388
1570,13,0,19,6,45289860,3657,2040,0,12401
1571,13,0,14,11,45340020,3656,2040,0,12414
1572,4,0,12,13,45359460,3656,2040,0,12418
1573,9,0,9,16,45403740,3656,2040,0,12427
1574,22,0,19,6,45427680,3654,2040,0,12449
1575,11,0,23,2,45449400,3654,2040,0,12460
1576,14,0,23,2,45511740,3655,2160,0,12474
1577,8,0,18,7,45563220,3655,2160,0,12482
1578,8,0,14,11,45619980,3656,2160,0,12490
1579,10,0,19,6,45637020,3656,2160,0,12500
1580,3,0,9,16,45690060,3656,2160,0,12503
1581,9,0,11,14,45709620,3656,2160,0,12512
1582,6,0,11,14,45726960,3656,2160,0,12518
1583,5,0,10,15,45747540,3656,2160,0,12523
1584,3,0,12,13,45750360,3655,2160,0,12526
1585,4,0,11,14,45776700,3656,2160,0,12530
1586,1,0,8,17,45791460,3656,2160,0,12531
1587,6,0,13,12,45792660,3656,2160,0,12537
1588,6,0,11,14,45824760,3656,2160,0,12543
1589,6,0,13,12,45834540,3656,2160,0,12549
1590,11,0,16,9,45854340,3655,2160,0,12560
1591,6,0,12,13,45890460,3655,2160,0,12566
1592,7,0,11,14,45919920,3655,2160,0,12573
1593,11,0,14,11,45939840,3654,2160,0,12584
1594,8,0,13,12,45955200,3653,2160,0,12592
1595,5,0,16,9,45967980,3653,2160,0,12597
1596,16,0,15,10,46027080,3653,2160,0,12613
1597,11,0,14,11,46066200,3653,2160,0,12624
1598,15,0,15,10,46097280,3651,2160,0,12639
1599,11,0,16,9,46128600,3651,2160,0,12650
1600,10,0,17,8,46159920,3651,2160,0,12660
1601,11,0,15,10,46201260,3650,2160,0,12671
1602,7,0,14,11,46234920,3650,2160,0,12678
1603,5,0,11,14,46264620,3650,2160,0,12683
1604,5,0,12,13,46275780,3650,2160,0,12688
1605,10,0,13,12,46299720,3649,2160,0,12698
1606,4,0,13,12,46312020,3649,2160,0,12702
1607,8,0,10,15,46348980,3649,2160,0,12710
1608,7,0,13,12,46362660,3649,2160,0,12717
1609,5,0,11,14,46389600,3649,2160,0,12722
1610,4,0,10,15,46409580,3649,2160,0,12726
1611,5,0,12,13,46422120,3649,2160,0,12731
1612,3,0,11,14,46439220,3650,2160,0,12734
1613,6,0,12,13,46459680,3650,2160,0,12740
1614,6,0,10,15,46493820,3650,2160,0,12746
1615,9,0,12,13,46514580,3650,2160,0,12755
1616,1,0,10,15,46526820,3650,2160,0,12756
1617,15,0,19,6,46550280,3650,2160,0,12771
1618,7,0,19,6,46570080,3649,2160,0,12778
1619,8,0,15,10,46630620,3651,2160,0,12786
1620,12,0,21,4,46659420,3651,2160,0,12798
1621,10,0,17,8,46720380,3652,2160,0,12808
1622,12,0,17,8,46772040,3653,2160,0,12820
1623,5,0,15,10,46797120,3653,2160,0,12825
1624,12,0,18,7,46843980,3654,2160,0,12837
1625,8,0,18,7,46867560,3653,2160,0,12845
1626,8,0,14,11,46918080,3654,2160,0,12853
1627,5,0,13,12,46949700,3655,2160,0,12858
1628,9,0,18,7,46959720,3654,2160,0,12867
1629,9,0,14,11,47024760,3656,2160,0,12876
1630,2,0,8,17,47050140,3655,2160,0,12878
1631,3,0,9,16,47062500,3656,2160,0,12881
1632,11,0,14,11,47075100,3655,2160,0,12892
1633,5,0,15,10,47087940,3655,2160,0,12897
1634,6,0,14,11,47130480,3656,2160,0,12903
1635,6,0,12,13,47166660,3657,2160,0,12909
1636,7,0,14,11,47181180,3656,2160,0,12916
1637,6,0,14,11,47197980,3656,2160,0,12922
1638,10,0,14,11,47238300,3656,2160,0,12932
1639,7,0,12,13,47265840,3656,2160,0,12939
1640,6,0,12,13,47295660,3656,2160,0,12945
1641,9,0,16,9,47306400,3656,2160,0,12954
1642,19,0,23,2,47345640,3656,2160,0,12973
1643,10,0,15,10,47396520,3654,2160,0,12983
1644,5,0,11,14,47440020,3655,2160,0,12988
1645,7,0,14,11,47467800,3656,2160,0,12995
1646,9,0,13,12,47482200,3655,2160,0,13004
1647,7,0,12,13,47512200,3655,2160,0,13011
1648,3,0,13,12,47523660,3655,2160,0,13014
1649,8,0,14,11,47550180,3655,2160,0,13022
1650,6,0,13,12,47581440,3655,2160,0,13028
1651,6,0,12,13,47606520,3655,2160,0,13034
1652,6,0,10,15,47634420,3655,2160,0,13040
1653,10,0,14,11,47649780,3655,2160,0,13050
1654,6,0,11,14,47678820,3654,2160,0,13056
1655,4,0,10,15,47705100,3655,2160,0,13060
1656,6,0,13,12,47710260,3655,2160,0,13066
1657,7,0,14,11,47732160,3655,2160,0,13073
1658,7,0,14,11,47763120,3655,2160,0,13080
1659,6,0,16,9,47775780,3655,2160,0,13086
1660,7,0,16,9,47813820,3656,2160,0,13093
1661,4,0,12,13,47845500,3656,2160,0,13097
1662,9,0,15,10,47867280,3656,2160,0,13106
1663,8,0,17,8,47896440,3657,2160,0,13114
1664,10,0,17,8,47942460,3657,2160,0,13124
1665,8,0,13,12,47988480,3657,2160,0,13132
1666,13,0,16,9,48019200,3657,2160,0,13145
1667,7,0,19,6,48036600,3657,2160,0,13152
1668,7,0,14,11,48095640,3658,2160,0,13159
1669,13,0,19,6,48112920,3657,2160,0,13172
1670,7,0,13,12,48165240,3658,2160,0,13179
1671,6,0,12,13,48190560,3658,2160,0,13185
1672,8,0,13,12,48213600,3658,2160,0,13193
1673,7,0,14,11,48241260,3658,2160,0,13200
1674,11,0,16,9,48268860,3658,2160,0,13211
1675,7,0,13,12,48303540,3657,2160,0,13218
1676,6,0,12,13,48324060,3657,2160,0,13224
1677,10,0,13,12,48345360,3656,2160,0,13234
1678,4,0,12,13,48369720,3657,2160,0,13238
1679,7,0,13,12,48388500,3656,2160,0,13245
1680,4,0,13,12,48406200,3657,2160,0,13249
1681,3,0,8,17,48445800,3657,2160,0,13252
1682,6,0,10,15,48452580,3657,2160,0,13258
1683,3,0,7,18,48475920,3657,2160,0,13261
1684,3,0,9,16,48478500,3657,2160,0,13264
1685,4,0,11,14,48481800,3657,2160,0,13268
1686,9,0,15,10,48493740,3656,2160,0,13277
1687,9,0,14,11,48522900,3656,2160,0,13286
1688,12,0,18,7,48552120,3656,2160,0,13298
1689,11,0,19,6,48587700,3655,2160,0,13309
1690,7,0,17,8,48628140,3656,2160,0,13316
1691,15,0,17,8,48667680,3655,2160,0,13331
1692,5,0,13,12,48712740,3656,2160,0,13336
1693,12,0,14,11,48744660,3655,2160,0,13348
1694,18,0,19,6,48782700,3654,2160,0,13366
1695,10,0,12,13,48840000,3654,2160,0,13376
1696,9,0,15,10,48862080,3654,2160,0,13385
1697,6,0,14,11,48879780,3654,2160,0,13391
1698,8,0,16,9,48908820,3654,2160,0,13399
1699,8,0,13,12,48946080,3654,2160,0,13407
1700,11,0,18,7,48962760,3653,2160,0,13418
1701,4,0,15,10,48993000,3654,2160,0,13422
1702,2,0,10,15,49037460,3655,2160,0,13424
1703,6,0,11,14,49061700,3656,2160,0,13430
1704,8,0,14,11,49072560,3655,2160,0,13438
1705,5,0,14,11,49093860,3655,2160,0,13443
1706,4,0,11,14,49128660,3656,2160,0,13447
1707,7,0,11,14,49154760,3656,2160,0,13454
1708,8,0,14,11,49172160,3656,2160,0,13462
1709,5,0,10,15,49205640,3656,2160,0,13467
1710,7,0,13,12,49221000,3656,2160,0,13474
1711,6,0,12,13,49241400,3656,2160,0,13480
1712,12,0,15,10,49260960,3655,2160,0,13492
1713,4,0,9,16,49298940,3655,2160,0,13496
1714,7,0,13,12,49312920,3655,2160,0,13503
1715,12,0,14,11,49343040,3654,2160,0,13515
1716,14,0,18,7,49369140,3653,2160,0,13529
1717,14,0,25,0,49390980,3653,2160,0,13543
1718,14,0,19,6,49449660,3652,2160,0,13557
1719,13,0,18,7,49511880,3653,2160,0,13570
1720,6,0,10,15,49560780,3653,2160,0,13576
1721,4,0,11,14,49579920,3653,2160,0,13580
1722,5,0,11,14,49598160,3653,2160,0,13585
1723,10,0,13,12,49615080,3653,2160,0,13595
1724,6,0,13,12,49637880,3653,2160,0,13601
1725,7,0,14,11,49661100,3653,2160,0,13608
1726,4,0,12,13,49678020,3652,2160,0,13612
1727,7,0,10,15,49715040,3653,2160,0,13619
1728,4,0,13,12,49715580,3652,2160,0,13623
1729,6,0,11,14,49747620,3653,2160,0,13629
1730,8,0,13,12,49764960,3652,2160,0,13637
1731,4,0,11,14,49790940,3653,2160,0,13641
1732,8,0,15,10,49806540,3653,2160,0,13649
1733,3,0,12,13,49835460,3653,2160,0,13652
1734,6,0,12,13,49871220,3654,2160,0,13658
1735,13,0,13,12,49903200,3653,2160,0,13671
1736,9,0,15,10,49923600,3653,2160,0,13680
1737,10,0,15,10,49957080,3653,2160,0,13690
1738,10,0,15,10,49995840,3653,2160,0,13700
1739,12,0,17,8,50026680,3652,2160,0,13712
1740,11,0,24,1,50052840,3653,2160,0,13723
1741,10,0,15,10,50127540,3654,2160,0,13733
1742,12,0,19,6,50155260,3654,2160,0,13745
1743,8,0,16,9,50200260,3654,2160,0,13753
1744,14,0,19,6,50234940,3653,2160,0,13767
1745,10,0,17,8,50280000,3654,2160,0,13777
1746,7,0,16,9,50322240,3655,2160,0,13784
1747,7,0,12,13,50367660,3655,2160,0,13791
1748,7,0,11,14,50391660,3655,2160,0,13798
1749,5,0,9,16,50407740,3654,2160,0,13803
1750,10,0,15,10,50418600,3654,2160,0,13813
1751,10,0,15,10,50440560,3652,2160,0,13823
1752,4,0,13,12,50476620,3654,2160,0,13827
1753,7,0,14,11,50502180,3654,2160,0,13834
1754,2,0,10,15,50528700,3654,2160,0,13836
1755,4,0,8,17,50553000,3654,2160,0,13840
1756,6,0,12,13,50556960,3654,2160,0,13846
1757,6,0,13,12,50577420,3654,2160,0,13852
1758,6,0,14,11,50596320,3654,2160,0,13858
1759,6,0,15,10,50612400,3654,2160,0,13864
1760,11,0,14,11,50653140,3654,2160,0,13875
1761,6,0,15,10,50670720,3654,2160,0,13881
1762,7,0,13,12,50724660,3655,2160,0,13888
1763,5,0,11,14,50750580,3655,2160,0,13893
1764,4,0,9,16,50779500,3656,2160,0,13897
1765,2,0,10,15,50781540,3656,2160,0,13899
1766,16,0,21,4,50800020,3656,2160,0,13915
1767,13,0,18,7,50842620,3655,2160,0,13928
1768,8,0,18,7,50871840,3655,2160,0,13936
1769,16,0,23,2,50913900,3655,2160,0,13952
1770,13,0,21,4,50961600,3654,2160,0,13965
1771,7,0,14,11,51028140,3655,2160,0,13972
1772,8,0,15,10,51055380,3655,2160,0,13980
1773,8,0,10,15,51101220,3655,2160,0,13988
1774,2,0,10,15,51108660,3655,2160,0,13990
1775,8,0,11,14,51134460,3655,2160,0,13998
1776,10,0,17,8,51140340,3655,2160,0,14008
1777,6,0,13,12,51178020,3655,2160,0,14014
1778,4,0,12,13,51199200,3655,2160,0,14018
1779,5,0,13,12,51220200,3655,2160,0,14023
1780,5,0,12,13,51236280,3655,2160,0,14028
1781,6,0,8,17,51274200,3655,2160,0,14034
1782,7,0,9,16,51295200,3655,2160,0,14041
1783,5,0,9,16,51308040,3655,2160,0,14046
1784,4,0,11,14,51315480,3655,2160,0,14050
1785,7,0,14,11,51329820,3655,2160,0,14057
1786,7,0,16,9,51341160,3654,2160,0,14064
1787,11,0,15,10,51389700,3655,2160,0,14075
1788,15,0,20,5,51429660,3655,2160,0,14090
1789,9,0,18,7,51469200,3655,2160,0,14099
1790,12,0,18,7,51512880,3655,2160,0,14111
1791,9,0,18,7,51549420,3655,2160,0,14120
1792,13,0,19,6,51582120,3654,2160,0,14133
1793,12,0,16,9,51646560,3655,2160,0,14145
1794,8,0,16,9,51674040,3655,2160,0,14153
1795,7,0,14,11,51716640,3655,2160,0,14160
1796,3,0,11,14,51751560,3656,2160,0,14163
1797,9,0,10,15,51775200,3655,2160,0,14172
1798,5,0,12,13,51786000,3655,2160,0,14177
1799,3,0,11,14,51802080,3656,2160,0,14180
1800,3,0,9,16,51832620,3656,2160,0,14183
1801,6,0,11,14,51840720,3656,2160,0,14189
1802,5,0,12,13,51859500,3656,2160,0,14194
1803,8,0,15,10,51882000,3657,2160,0,14202
1804,5,0,17,8,51896040,3657,2160,0,14207
1805,7,0,14,11,51933960,3657,2160,0,14214
1806,6,0,11,14,51981780,3658,2160,0,14220
1807,10,0,14,11,51994800,3657,2160,0,14230
1808,10,0,10,15,52036320,3656,2160,0,14240
1809,11,0,15,10,52054140,3656,2160,0,14251
1810,10,0,14,11,52084680,3655,2160,0,14261
1811,11,0,16,9,52107240,3655,2160,0,14272
1812,20,0,25,0,52139760,3654,2160,0,14292
1813,8,0,15,10,52205400,3654,2160,0,14300
1814,11,0,16,9,52247760,3654,2160,0,14311
1815,8,0,16,9,52280640,3655,2160,0,14319
1816,6,0,11,14,52316640,3654,2160,0,14325
1817,4,0,9,16,52339500,3654,2160,0,14329
1818,13,0,20,5,52340820,3654,2160,0,14342
1819,8,0,14,11,52392060,3654,2160,0,14350
1820,8,0,10,15,52446840,3655,2160,0,14358
1821,3,0,11,14,52452480,3655,2160,0,14361
1822,9,0,12,13,52479360,3655,2160,0,14370
1823,7,0,15,10,52493760,3655,2160,0,14377
1824,6,0,13,12,52518420,3654,2160,0,14383
1825,2,0,8,17,52544760,3654,2160,0,14385
1826,5,0,9,16,52561560,3654,2160,0,14390
1827,4,0,11,14,52563720,3654,2160,0,14394
1828,3,0,11,14,52580700,3654,2160,0,14397
1829,9,0,13,12,52604460,3654,2160,0,14406
1830,11,0,18,7,52625460,3654,2160,0,14417
1831,16,0,24,1,52663980,3654,2160,0,14433
1832,9,0,16,9,52721880,3654,2160,0,14442
1833,10,0,17,8,52747320,3654,2160,0,14452
1834,9,0,15,10,52790460,3654,2160,0,14461
1835,12,0,21,4,52807800,3654,2160,0,14473
1836,11,0,13,12,52897560,3655,2160,0,14484
1837,14,0,21,4,52913220,3654,2160,0,14498
1838,16,0,23,2,52959540,3654,2160,0,14514
1839,12,0,13,12,53027520,3653,2160,0,14526
1840,8,0,12,13,53049480,3653,2160,0,14534
1841,8,0,15,10,53066820,3652,2160,0,14542
1842,10,0,17,8,53097120,3653,2160,0,14552
1843,11,0,10,15,53140680,3651,2160,0,14563
1844,6,0,12,13,53155080,3651,2160,0,14569
1845,8,0,13,12,53172660,3650,2160,0,14577
1846,8,0,12,13,53205300,3650,2160,0,14585
1847,8,0,11,14,53232900,3650,2160,0,14593
1848,5,0,12,13,53244300,3650,2160,0,14598
1849,5,0,10,15,53264880,3650,2160,0,14603
1850,4,0,12,13,53273400,3650,2160,0,14607
1851,5,0,10,15,53308620,3650,2160,0,14612
1852,8,0,17,8,53309640,3650,2160,0,14620
1853,11,0,18,7,53359200,3651,2160,0,14631
1854,11,0,17,8,53394360,3650,2160,0,14642
1855,13,0,19,6,53438880,3651,2160,0,14655
1856,11,0,15,10,53490420,3650,2160,0,14666
1857,5,0,14,11,53514180,3651,2160,0,14671
1858,13,0,17,8,53557680,3651,2160,0,14684
1859,9,0,14,11,53592060,3650,2160,0,14693
1860,6,0,15,10,53619840,3651,2160,0,14699
1861,15,0,17,8,53655840,3650,2160,0,14714
1862,10,0,14,11,53687280,3649,2160,0,14724
1863,9,0,16,9,53713020,3649,2160,0,14733
1864,12,0,19,6,53752560,3650,2160,0,14745
1865,10,0,21,4,53775660,3649,2160,0,14755
1866,6,0,14,11,53837880,3650,2160,0,14761
1867,9,0,13,12,53877660,3650,2160,0,14770
1868,5,0,10,15,53901660,3650,2160,0,14775
1869,4,0,9,16,53911980,3650,2160,0,14779
1870,9,0,15,10,53921340,3649,2160,0,14788
1871,7,0,10,15,53958660,3649,2160,0,14795
1872,6,0,14,11,53967420,3649,2160,0,14801
1873,6,0,15,10,53984700,3649,2160,0,14807
1874,5,0,12,13,54013980,3649,2160,0,14812
1875,7,0,14,11,54029760,3649,2160,0,14819
1876,4,0,11,14,54058200,3649,2160,0,14823
1877,7,0,15,10,54070200,3649,2160,0,14830
1878,9,0,13,12,54103800,3649,2160,0,14839
1879,8,0,15,10,54123300,3649,2160,0,14847
1880,4,0,15,10,54148020,3649,2160,0,14851
1881,7,0,14,11,54188880,3650,2160,0,14858
1882,6,0,15,10,54210000,3650,2160,0,14864
1883,11,0,16,9,54239940,3650,2160,0,14875
1884,11,0,14,11,54276060,3649,2160,0,14886
1885,6,0,16,9,54297240,3649,2160,0,14892
1886,10,0,16,9,54333420,3649,2160,0,14902
1887,4,0,12,13,54361140,3649,2160,0,14906
1888,10,0,15,10,54384240,3649,2160,0,14916
1889,12,0,20,5,54399660,3649,2160,0,14928
1890,14,0,17,8,54457800,3648,2160,0,14942
1891,12,0,19,6,54499500,3649,2160,0,14954
1892,5,0,14,11,54530700,3648,2160,0,14959
1893,9,0,14,11,54570300,3649,2160,0,14968
1894,8,0,11,14,54601740,3648,2160,0,14976
1895,9,0,15,10,54620340,3648,2160,0,14985
1896,4,0,11,14,54650760,3648,2160,0,14989
1897,10,0,17,8,54665400,3648,2160,0,14999
1898,1,0,10,15,54702480,3649,2160,0,15000
1899,5,0,9,16,54722940,3649,2160,0,15005
1900,8,0,13,12,54733860,3648,2160,0,15013
1901,9,0,16,9,54750180,3648,2160,0,15022
1902,15,0,23,2,54797580,3649,2160,0,15037
1903,6,0,16,9,54851520,3650,2160,0,15043
1904,5,0,10,15,54903540,3650,2160,0,15048
1905,8,0,12,13,54922980,3650,2160,0,15056
1906,7,0,14,11,54935940,3650,2160,0,15063
1907,14,0,19,6,54970440,3650,2160,0,15077
1908,10,0,17,8,55017720,3650,2160,0,15087
1909,16,0,22,3,55059840,3650,2160,0,15103
1910,11,0,17,8,55122060,3651,2160,0,15114
1911,13,0,19,6,55161420,3651,2160,0,15127
1912,6,0,16,9,55198380,3651,2160,0,15133
1913,7,0,15,10,55243140,3652,2160,0,15140
1914,8,0,16,9,55269300,3652,2160,0,15148
1915,6,0,10,15,55323480,3653,2160,0,15154
1916,6,0,12,13,55340580,3653,2160,0,15160
1917,5,0,14,11,55357560,3653,2160,0,15165
1918,4,0,7,18,55392420,3653,2160,0,15169
1919,5,0,10,15,55400220,3653,2160,0,15174
1920,11,0,16,9,55411140,3652,2160,0,15185
1921,5,0,16,9,55426680,3652,2160,0,15190
1922,1,0,9,16,55469820,3653,2160,0,15191
1923,3,0,9,16,55487220,3654,2160,0,15194
1924,11,0,15,10,55494840,3653,2160,0,15205
1925,4,0,13,12,55519200,3653,2160,0,15209
1926,8,0,12,13,55545540,3653,2160,0,15217
1927,6,0,13,12,55571160,3653,2160,0,15223
1928,7,0,13,12,55596420,3653,2160,0,15230
1929,12,0,18,7,55625280,3653,2160,0,15242
1930,6,0,14,11,55661700,3653,2160,0,15248
1931,12,0,18,7,55692300,3653,2160,0,15260
1932,10,0,14,11,55744200,3653,2160,0,15270
1933,8,0,17,8,55775460,3654,2160,0,15278
1934,10,0,15,10,55823100,3655,2160,0,15288
1935,7,0,12,13,55863120,3655,2160,0,15295
1936,9,0,13,12,55891380,3655,2160,0,15304
1937,8,0,18,7,55903500,3655,2160,0,15312
1938,7,0,16,9,55943640,3655,2160,0,15319
1939,6,0,11,14,55989480,3656,2160,0,15325
1940,2,0,10,15,56004000,3656,2160,0,15327
1941,5,0,13,12,56020260,3656,2160,0,15332
1942,6,0,16,9,56030760,3656,2160,0,15338
1943,11,0,18,7,56069580,3657,2160,0,15349
1944,6,0,14,11,56115780,3657,2160,0,15355
1945,6,0,11,14,56150580,3658,2160,0,15361
1946,4,0,11,14,56162880,3657,2160,0,15365
1947,3,0,11,14,56170140,3657,2160,0,15368
1948,6,0,12,13,56192520,3657,2160,0,15374
1949,6,0,13,12,56210280,3657,2160,0,15380
1950,7,0,13,12,56231100,3657,2160,0,15387
1951,13,0,16,9,56265240,3657,2160,0,15400
1952,5,0,13,12,56293920,3657,2160,0,15405
1953,12,0,17,8,56315400,3656,2160,0,15417
1954,10,0,14,11,56354760,3656,2160,0,15427
1955,16,0,21,4,56376060,3655,2160,0,15443
1956,8,0,16,9,56431860,3656,2160,0,15451
1957,12,0,16,9,56466120,3655,2160,0,15463
1958,20,0,23,2,56503440,3654,2160,0,15483
1959,12,0,23,2,56541420,3654,2160,0,15495
1960,7,0,19,6,56595720,3655,2160,0,15502
1961,8,0,13,12,56663700,3656,2160,0,15510
1962,13,0,22,3,56673300,3656,2160,0,15523
1963,11,0,17,8,56722560,3655,2160,0,15534
1964,8,0,15,10,56775720,3656,2160,0,15542
1965,5,0,13,12,56794200,3656,2160,0,15547
1966,8,0,12,13,56838780,3656,2160,0,15555
1967,3,0,10,15,56854740,3656,2160,0,15558
1968,4,0,8,17,56876280,3656,2160,0,15562
1969,6,0,10,15,56880240,3656,2160,0,15568
1970,2,0,8,17,56896020,3656,2160,0,15570
1971,4,0,11,14,56896980,3655,2160,0,15574
1972,6,0,16,9,56903820,3656,2160,0,15580
1973,8,0,17,8,56932680,3656,2160,0,15588
1974,5,0,13,12,56970840,3656,2160,0,15593
1975,8,0,14,11,57008880,3657,2160,0,15601
1976,9,0,14,11,57040500,3657,2160,0,15610
1977,5,0,11,14,57077520,3657,2160,0,15615
1978,10,0,15,10,57098100,3657,2160,0,15625
1979,13,0,20,5,57121380,3657,2160,0,15638
1980,18,0,20,5,57170580,3656,2160,0,15656
1981,6,0,14,11,57211140,3656,2160,0,15662
1982,5,0,13,12,57241260,3656,2160,0,15667
1983,16,0,17,8,57276360,3656,2160,0,15683
1984,11,0,20,5,57293760,3655,2160,0,15694
1985,4,0,15,10,57343020,3656,2160,0,15698
1986,9,0,15,10,57383580,3656,2160,0,15707
1987,8,0,16,9,57418260,3657,2160,0,15715
1988,8,0,13,12,57448020,3656,2160,0,15723
1989,8,0,16,9,57478800,3657,2160,0,15731
1990,5,0,11,14,57512700,3657,2160,0,15736
1991,4,0,12,13,57528480,3657,2160,0,15740
1992,8,0,13,12,57561480,3658,2160,0,15748
1993,6,0,13,12,57587940,3658,2160,0,15754
1994,5,0,10,15,57622440,3658,2160,0,15759
1995,5,0,10,15,57638340,3658,2160,0,15764
1996,1,0,9,16,57646800,3658,2160,0,15765
1997,7,0,9,16,57669780,3658,2160,0,15772
1998,4,0,12,13,57670680,3658,2160,0,15776
1999,7,0,9,16,57701040,3657,2160,0,15783
2000,5,0,12,13,57706260,3657,2160,0,15788
2001,8,0,13,12,57727140,3657,2160,0,15796
2002,10,0,15,10,57751020,3657,2160,0,15806
2003,9,0,11,14,57781980,3656,2160,0,15815
2004,10,0,16,9,57801180,3656,2160,0,15825
2005,9,0,18,7,57822840,3655,2160,0,15834
2006,10,0,16,9,57877980,3656,2160,0,15844
2007,16,0,22,3,57906240,3656,2160,0,15860
2008,8,0,20,5,57957420,3657,2160,0,15868
2009,17,0,25,0,58009440,3657,3240,0,15885
2010,10,0,19,6,58073100,3657,3360,0,15895
2011,7,0,13,12,58128300,3658,3360,0,15902
2012,7,0,14,11,58147620,3658,3360,0,15909
2013,6,0,11,14,58189200,3658,3360,0,15915
2014,5,0,11,14,58215300,3659,3360,0,15920
2015,4,0,12,13,58227480,3659,3360,0,15924
2016,4,0,10,15,58246500,3659,3360,0,15928
2017,6,0,12,13,58253640,3658,3360,0,15934
2018,6,0,14,11,58260060,3658,3360,0,15940
2019,4,0,14,11,58274460,3658,3360,0,15944
2020,7,0,13,12,58304280,3658,3360,0,15951
2021,10,0,16,9,58319760,3657,3360,0,15961
2022,8,0,14,11,58345860,3656,3360,0,15969
2023,8,0,18,7,58365540,3657,3360,0,15977
2024,11,0,22,3,58381320,3656,3360,0,15988
2025,10,0,20,5,58426800,3656,3360,0,15998
2026,9,0,20,5,58454940,3656,3360,0,16007
2027,4,0,19,6,58481220,3656,3360,0,16011
2028,7,0,18,7,58529340,3658,3360,0,16018
2029,11,0,23,2,58557180,3658,3360,0,16029
2030,10,0,19,6,58606620,3658,3360,0,16039
2031,6,0,16,9,58644240,3658,3360,0,16045
2032,18,0,20,5,58684200,3657,3360,0,16063
2033,11,0,20,5,58718220,3657,3360,0,16074
2034,10,0,20,5,58748580,3657,3360,0,16084
2035,11,0,22,3,58783200,3657,3360,0,16095
2036,8,0,23,2,58820340,3657,3360,0,16103
2037,6,0,17,8,58876440,3658,3360,0,16109
2038,3,0,15,10,58911060,3659,3360,0,16112
2039,7,0,15,10,58940340,3659,3360,0,16119
2040,7,0,19,6,58945920,3659,3360,0,16126
2041,3,0,12,13,58990500,3660,3360,0,16129
2042,3,0,11,14,59010600,3660,3360,0,16132
2043,7,0,15,10,59016600,3660,3360,0,16139
2044,4,0,14,11,59031120,3659,3360,0,16143
2045,9,0,17,8,59050260,3659,3360,0,16152
2046,4,0,16,9,59056980,3659,3360,0,16156
2047,7,0,15,10,59105160,3660,3360,0,16163
2048,6,0,14,11,59118600,3659,3360,0,16169
2049,9,0,15,10,59147400,3659,3360,0,16178
2050,9,0,20,5,59157720,3659,3360,0,16187
2051,12,0,24,1,59183880,3658,4020,0,16199
2052,11,0,20,5,59249760,3659,4200,0,16210
2053,12,0,23,2,59297340,3660,4200,0,16222
2054,15,3,25,0,59343900,3661,7560,0,16237
2055,12,4,25,0,59397420,3661,20100,1,16249
2056,5,0,20,5,59448060,3661,41460,2,16254
2057,7,0,16,9,59509560,3663,41460,2,16261
2058,5,0,15,10,59538240,3663,41460,2,16266
2059,7,0,12,13,59561460,3662,41460,2,16273
2060,7,0,14,11,59574900,3662,41460,2,16280
2061,8,0,15,10,59592420,3662,41460,2,16288
2062,4,0,12,13,59612700,3661,41460,2,16292
2063,4,0,12,13,59635920,3662,41460,2,16296
2064,1,0,11,14,59640180,3662,41460,2,16297
2065,6,0,15,10,59641500,3661,41460,2,16303
2066,3,0,12,13,59664360,3661,41460,2,16306
2067,5,0,13,12,59672040,3661,41460,2,16311
2068,2,0,12,13,59687220,3661,41460,2,16313
2069,7,0,16,9,59693520,3661,41460,2,16320
2070,11,0,19,6,59716680,3660,41460,2,16331
2071,10,0,17,8,59751660,3660,41460,2,16341
2072,8,0,20,5,59777460,3660,41460,2,16349
2073,8,0,20,5,59804940,3660,41460,2,16357
2074,9,0,18,7,59853540,3661,41460,2,16366
2075,17,0,25,0,59878080,3660,41460,2,16383
2076,8,0,18,7,59929860,3660,43140,2,16391
2077,12,0,22,3,59966400,3660,43140,2,16403
2078,12,0,22,3,59999100,3660,43980,2,16415
2079,12,0,20,5,60052740,3660,43980,2,16427
2080,14,0,25,0,60083040,3660,43980,2,16441
2081,4,0,13,12,60141000,3659,44760,2,16445
2082,9,0,17,8,60161640,3660,44760,2,16454
2083,9,0,16,9,60195660,3659,44760,2,16463
2084,8,0,18,7,60214920,3659,44760,2,16471
2085,4,0,18,7,60230760,3659,44760,2,16475
2086,9,0,18,7,60262260,3659,44760,2,16484
2087,5,0,12,13,60304980,3659,44760,2,16489
2088,7,0,14,11,60316920,3659,44760,2,16496
2089,4,0,11,14,60343500,3659,44760,2,16500
2090,6,0,14,11,60348960,3659,44760,2,16506
2091,2,0,14,11,60357540,3659,44760,2,16508
2092,6,0,14,11,60384180,3659,44760,2,16514
2093,7,0,17,8,60387660,3658,44760,2,16521
2094,5,0,14,11,60424500,3659,44760,2,16526
2095,4,0,13,12,60455280,3660,44760,2,16530
2096,9,0,18,7,60462300,3659,44760,2,16539
2097,4,0,18,7,60481380,3659,44760,2,16543
2098,14,3,25,0,60512220,3660,44760,2,16557
2099,4,0,17,8,60563580,3660,46140,2,16561
2100,8,0,16,9,60605220,3661,46140,2,16569
2101,25,3,25,0,60644400,3660,47100,2,16594
2102,8,0,25,0,60675600,3660,50520,3,16602
2103,13,0,22,3,60743820,3660,50520,3,16615
2104,7,0,16,9,60796440,3661,50520,3,16622
2105,6,0,15,10,60831120,3661,50520,3,16628
2106,8,0,19,6,60843240,3661,50520,3,16636
2107,16,0,24,1,60882540,3661,51780,3,16652
2108,8,0,19,6,60933660,3661,51780,3,16660
2109,10,0,20,5,60977580,3662,51780,3,16670
2110,9,0,18,7,61012740,3662,51780,3,16679
2111,8,0,18,7,61051200,3662,51780,3,16687
2112,8,0,17,8,61091040,3662,51780,3,16695
2113,4,0,14,11,61113000,3662,51780,3,16699
2114,5,0,13,12,61139820,3663,51780,3,16704
2115,5,0,13,12,61149720,3662,51780,3,16709
2116,12,0,18,7,61170060,3662,51780,3,16721
2117,8,0,14,11,61204080,3661,51780,3,16729
2118,8,0,20,5,61218660,3662,51780,3,16737
2119,6,0,19,6,61245600,3662,51780,3,16743
2120,11,0,19,6,61290240,3662,51780,3,16754
2121,9,0,22,3,61313460,3662,51780,3,16763
2122,14,0,22,3,61374360,3663,51780,3,16777
2123,10,0,23,2,61409040,3663,51780,3,16787
2124,9,0,21,4,61457940,3663,51780,3,16796
2125,14,0,18,7,61513380,3663,51780,3,16810
2126,7,0,15,10,61550160,3663,51780,3,16817
2127,15,0,21,4,61573680,3662,51780,3,16832
2128,15,0,23,2,61603020,3661,51780,3,16847
2129,11,0,21,4,61650060,3661,51780,3,16858
2130,16,1,25,0,61682880,3661,53760,3,16874
2131,8,0,16,9,61755300,3661,55500,3,16882
2132,8,0,16,9,61790880,3661,55500,3,16890
2133,5,0,16,9,61814340,3662,55500,3,16895
2134,8,0,16,9,61842060,3662,55500,3,16903
2135,7,0,18,7,61858500,3661,55500,3,16910
2136,11,0,16,9,61906200,3662,55500,3,16921
2137,7,0,18,7,61919820,3661,55500,3,16928
2138,8,0,18,7,61945020,3661,55500,3,16936
2139,11,0,19,6,61974720,3661,55500,3,16947
2140,9,0,17,8,62022780,3661,55500,3,16956
2141,5,0,16,9,62049480,3661,55500,3,16961
2142,9,0,17,8,62072220,3661,55500,3,16970
2143,3,0,15,10,62096700,3661,55500,3,16973
2144,5,0,13,12,62135880,3662,55500,3,16978
2145,8,0,18,7,62138760,3662,55500,3,16986
2146,11,0,21,4,62172660,3662,55500,3,16997
2147,5,0,17,8,62208780,3662,55500,3,17002
2148,9,0,18,7,62241540,3662,55500,3,17011
2149,13,0,22,3,62273760,3662,55500,3,17024
2150,8,0,21,4,62313420,3663,55500,3,17032
2151,13,0,23,2,62351700,3663,55500,3,17045
2152,15,0,20,5,62421000,3663,56760,3,17060
2153,10,0,16,9,62478840,3663,56760,3,17070
2154,14,0,21,4,62504640,3663,56760,3,17084
2155,4,0,19,6,62531460,3663,56760,3,17088
2156,5,0,16,9,62576220,3664,56760,3,17093
2157,11,0,21,4,62593740,3664,56760,3,17104
2158,8,0,23,2,62618220,3664,56760,3,17112
2159,10,0,18,7,62666220,3663,56760,3,17122
2160,5,0,13,12,62727660,3665,56760,3,17127
2161,5,0,16,9,62741700,3665,56760,3,17132
2162,5,0,15,10,62756640,3665,56760,3,17137
2163,4,0,14,11,62783040,3665,56760,3,17141
2164,6,0,12,13,62812140,3665,56760,3,17147
2165,6,0,15,10,62820300,3665,56760,3,17153
2166,12,0,21,4,62835780,3665,56760,3,17165
2167,8,0,16,9,62872860,3664,56760,3,17173
2168,9,0,18,7,62902740,3664,56760,3,17182
2169,5,0,19,6,62921940,3665,56760,3,17187
2170,7,0,16,9,62980680,3666,56760,3,17194
2171,10,0,18,7,63000300,3665,56760,3,17204
2172,10,0,20,5,63025920,3665,56760,3,17214
2173,17,0,23,2,63062040,3664,56760,3,17231
2174,9,0,22,3,63109440,3665,56760,3,17240
2175,7,0,16,9,63176160,3666,56760,3,17247
2176,7,0,15,10,63204300,3666,56760,3,17254
2177,9,0,14,11,63240900,3666,56760,3,17263
2178,9,0,11,14,63269100,3665,56760,3,17272
2179,9,0,19,6,63270120,3665,56760,3,17281
2180,10,0,23,2,63286140,3664,56760,3,17291
2181,5,0,18,7,63327360,3665,56760,3,17296
2182,9,0,19,6,63371520,3666,56760,3,17305
2183,10,0,17,8,63415320,3666,56760,3,17315
2184,6,0,18,7,63431460,3665,56760,3,17321
2185,7,0,17,8,63460920,3665,56760,3,17328
2186,3,0,13,12,63487260,3665,56760,3,17331
2187,2,0,12,13,63503640,3666,56760,3,17333
2188,3,0,11,14,63513480,3666,56760,3,17336
2189,6,0,12,13,63523200,3665,56760,3,17342
2190,5,0,15,10,63529560,3665,56760,3,17347
2191,9,0,18,7,63542400,3664,56760,3,17356
2192,7,0,17,8,63568260,3664,56760,3,17363
2193,9,0,18,7,63600000,3664,56760,3,17372
2194,5,0,18,7,63620100,3664,56760,3,17377
2195,9,0,18,7,63656760,3665,56760,3,17386
2196,9,0,20,5,63683220,3665,56760,3,17395
2197,14,0,20,5,63726480,3664,56760,3,17409
2198,5,0,16,9,63758700,3664,56760,3,17414
2199,13,0,19,6,63790980,3664,56760,3,17427
2200,6,0,14,11,63815280,3663,56760,3,17433
2201,4,0,13,12,63835740,3663,56760,3,17437
2202,5,0,13,12,63848880,3663,56760,3,17442
2203,12,0,20,5,63869700,3663,56760,3,17454
2204,8,0,18,7,63904020,3663,56760,3,17462
2205,8,0,17,8,63942420,3663,56760,3,17470
2206,4,0,14,11,63961620,3663,56760,3,17474
2207,4,0,15,10,63970380,3663,56760,3,17478
2208,5,0,13,12,63998460,3663,56760,3,17483
2209,5,0,13,12,64013940,3663,56760,3,17488
2210,5,0,14,11,64026120,3663,56760,3,17493
2211,8,0,15,10,64043940,3662,56760,3,17501
2212,5,0,15,10,64058400,3662,56760,3,17506
2213,4,0,14,11,64078800,3662,56760,3,17510
2214,16,0,23,2,64102080,3662,56760,3,17526
2215,3,0,13,12,64154220,3662,56760,3,17529
2216,6,0,14,11,64169820,3662,56760,3,17535
2217,7,0,17,8,64181820,3662,56760,3,17542
2218,5,0,14,11,64204620,3661,56760,3,17547
2219,10,0,17,8,64227720,3661,56760,3,17557
2220,7,0,17,8,64246920,3661,56760,3,17564
2221,22,3,25,0,64280100,3661,57060,3,17586
2222,13,0,25,0,64322700,3660,64620,3,17599
2223,13,0,21,4,64381440,3659,64620,3,17612
2224,8,0,18,7,64408560,3659,64620,3,17620
2225,15,0,23,2,64448100,3659,64620,3,17635
2226,9,0,20,5,64496760,3659,64620,3,17644
2227,10,0,19,6,64538580,3659,64620,3,17654
2228,6,0,14,11,64581120,3659,64620,3,17660
2229,8,0,11,14,64620300,3659,64620,3,17668
2230,4,0,13,12,64626540,3659,64620,3,17672
2231,8,0,16,9,64644420,3659,64620,3,17680
2232,4,0,14,11,64664400,3659,64620,3,17684
2233,2,0,11,14,64686060,3659,64620,3,17686
2234,7,0,13,12,64690080,3658,64620,3,17693
2235,5,0,14,11,64701840,3658,64620,3,17698
2236,5,0,14,11,64720500,3658,64620,3,17703
2237,2,0,10,15,64742760,3658,64620,3,17705
2238,8,0,15,10,64745700,3658,64620,3,17713
2239,8,0,14,11,64771440,3657,64620,3,17721
2240,9,0,17,8,64779600,3657,64620,3,17730
2241,6,0,16,9,64804680,3657,64620,3,17736
2242,9,0,17,8,64830180,3656,64620,3,17745
2243,9,0,24,1,64841220,3657,64620,3,17754
2244,9,0,21,4,64873920,3656,64620,3,17763
2245,14,0,22,3,64923900,3656,66240,3,17777
2246,10,0,20,5,64982520,3657,66240,3,17787
2247,13,0,21,4,65006700,3656,66360,3,17800
2248,14,0,16,9,65079780,3656,66360,3,17814
2249,11,0,20,5,65100000,3656,66360,3,17825
2250,6,0,19,6,65118300,3655,66360,3,17831
2251,9,0,19,6,65159160,3656,66360,3,17840
2252,13,0,25,0,65187420,3656,66360,3,17853
2253,13,1,25,0,65217420,3655,67920,3,17866
2254,10,0,21,4,65296440,3657,67920,3,17876
2255,4,0,15,10,65338860,3657,67920,3,17880
2256,4,0,13,12,65371920,3657,67920,3,17884
2257,8,0,15,10,65383560,3657,67920,3,17892
2258,3,0,13,12,65404080,3657,67920,3,17895
2259,4,0,15,10,65420460,3658,67920,3,17899
2260,3,0,13,12,65442900,3658,67920,3,17902
2261,6,0,12,13,65467620,3658,67920,3,17908
2262,8,0,15,10,65482860,3658,67920,3,17916
2263,2,0,11,14,65504400,3658,67920,3,17918
2264,6,0,14,11,65508300,3657,67920,3,17924
2265,12,0,20,5,65524500,3657,67920,3,17936
2266,12,0,23,2,65552220,3657,67920,3,17948
2267,6,0,18,7,65594280,3657,67920,3,17954
2268,11,0,18,7,65633640,3657,67920,3,17965
2269,16,0,25,0,65665260,3657,67980,3,17981
2270,11,0,24,1,65710380,3657,73860,4,17992
2271,8,0,18,7,65778540,3658,73860,4,18000
2272,19,0,25,0,65819340,3657,73860,4,18019
2273,5,0,19,6,65855340,3657,75540,4,18024
2274,9,0,19,6,65905920,3658,75540,4,18033
2275,17,0,22,3,65941140,3657,75540,4,18050
2276,9,0,15,10,66004860,3657,75540,4,18059
2277,8,0,17,8,66023700,3657,75540,4,18067
2278,14,0,20,5,66054000,3657,75540,4,18081
2279,3,0,14,11,66083580,3657,75540,4,18084
2280,5,0,12,13,66112500,3657,75540,4,18089
2281,4,0,13,12,66118200,3656,75540,4,18093
2282,6,0,15,10,66126360,3656,75540,4,18099
2283,15,0,18,7,66159540,3656,75540,4,18114
2284,10,0,19,6,66191220,3655,75540,4,18124
2285,7,0,17,8,66219000,3655,75540,4,18131
2286,9,0,20,5,66236460,3655,75540,4,18140
2287,11,0,23,2,66282300,3656,75540,4,18151
2288,9,0,25,0,66303360,3656,75840,4,18160
2289,8,0,18,7,66377640,3657,75840,4,18168
2290,8,0,17,8,66423240,3657,75840,4,18176
2291,13,0,24,1,66439080,3657,75840,4,18189
2292,11,0,25,0,66474900,3657,76080,4,18200
2293,18,3,25,0,66543840,3658,80940,4,18218
2294,9,0,24,1,66596940,3658,88080,4,18227
2295,7,0,22,3,66641040,3659,88080,4,18234
2296,10,0,18,7,66705960,3659,88080,4,18244
2297,7,0,16,9,66735300,3659,88080,4,18251
2298,6,0,12,13,66761760,3659,88080,4,18257
2299,12,0,20,5,66778140,3659,88080,4,18269
2300,9,0,19,6,66804420,3658,88080,4,18278
2301,2,0,14,11,66837780,3659,88080,4,18280
2302,6,0,14,11,66871500,3659,88080,4,18286
2303,6,0,12,13,66895320,3659,88080,4,18292
2304,3,0,13,12,66898560,3659,88080,4,18295
2305,3,0,10,15,66920040,3659,88080,4,18298
2306,4,0,12,13,66924660,3659,88080,4,18302
2307,6,0,12,13,66936600,3658,88080,4,18308
2308,6,0,12,13,66952440,3658,88080,4,18314
2309,6,0,16,9,66956220,3658,88080,4,18320
2310,5,0,15,10,66983040,3658,88080,4,18325
2311,13,0,20,5,67010580,3658,88080,4,18338
2312,7,0,18,7,67044360,3658,88080,4,18345
2313,5,0,11,14,67086180,3658,88080,4,18350
2314,10,0,13,12,67110240,3657,88080,4,18360
2315,11,0,19,6,67125540,3657,88080,4,18371
2316,16,1,25,0,67151460,3657,88080,4,18387
2317,10,0,24,1,67197240,3657,89340,4,18397
2318,10,0,17,8,67265280,3657,89340,4,18407
2319,8,0,17,8,67288020,3657,89340,4,18415
2320,8,0,19,6,67312380,3657,89340,4,18423
2321,10,0,19,6,67351980,3657,89340,4,18433
2322,10,0,16,9,67388160,3657,89340,4,18443
2323,6,0,17,8,67401900,3656,89340,4,18449
2324,9,0,18,7,67432200,3656,89340,4,18458
2325,3,0,13,12,67461780,3656,89340,4,18461
2326,7,0,16,9,67471860,3656,89340,4,18468
2327,3,0,12,13,67494900,3656,89340,4,18471
2328,7,0,16,9,67508280,3656,89340,4,18478
2329,10,0,21,4,67526040,3656,89340,4,18488
2330,3,0,14,11,67566360,3656,89340,4,18491
2331,6,0,14,11,67598520,3657,89340,4,18497
2332,5,0,15,10,67613700,3657,89340,4,18502
2333,8,0,18,7,67631940,3657,89340,4,18510
2334,5,0,15,10,67657020,3657,89340,4,18515
2335,10,0,19,6,67682760,3657,89340,4,18525
2336,5,0,15,10,67714500,3657,89340,4,18530
2337,13,0,20,5,67745880,3657,89340,4,18543
2338,10,0,19,6,67783260,3657,89340,4,18553
2339,14,1,25,0,67806540,3657,89700,4,18567
2340,9,0,16,9,67890660,3657,90780,4,18576
2341,5,0,15,10,67914180,3657,90780,4,18581
2342,6,0,13,12,67935000,3657,90780,4,18587
2343,13,0,16,9,67966800,3657,90780,4,18600
2344,9,0,16,9,67993320,3656,90780,4,18609
2345,10,0,17,8,68008860,3655,90780,4,18619
2346,11,0,19,6,68036940,3655,90780,4,18630
2347,5,0,13,12,68080620,3655,90780,4,18635
2348,3,0,11,14,68100000,3655,90780,4,18638
2349,5,0,13,12,68108160,3655,90780,4,18643
2350,6,0,13,12,68121120,3655,90780,4,18649
2351,3,0,14,11,68136240,3655,90780,4,18652
2352,3,0,12,13,68156460,3655,90780,4,18655
2353,7,0,16,9,68176200,3656,90780,4,18662
2354,4,0,12,13,68195100,3655,90780,4,18666
2355,7,0,17,8,68201940,3655,90780,4,18673
2356,3,0,13,12,68228460,3655,90780,4,18676
2357,5,0,13,12,68248980,3655,90780,4,18681
2358,7,0,16,9,68264520,3655,90780,4,18688
2359,11,0,19,6,68280600,3655,90780,4,18699
2360,7,0,17,8,68323080,3655,90780,4,18706
2361,11,0,17,8,68350800,3655,90780,4,18717
2362,7,0,17,8,68374740,3655,90780,4,18724
2363,6,0,14,11,68410380,3655,90780,4,18730
2364,7,0,15,10,68438880,3655,90780,4,18737
2365,9,0,15,10,68463120,3655,90780,4,18746
2366,9,0,19,6,68486760,3655,90780,4,18755
2367,7,0,20,5,68503680,3655,90780,4,18762
2368,5,0,15,10,68550660,3655,90780,4,18767
2369,11,0,18,7,68568300,3655,90780,4,18778
2370,5,0,15,10,68600520,3655,90780,4,18783
2371,7,0,17,8,68615220,3654,90780,4,18790
2372,6,0,18,7,68640000,3655,90780,4,18796
2373,7,0,16,9,68673720,3655,90780,4,18803
2374,9,0,17,8,68710620,3655,90780,4,18812
2375,6,0,19,6,68725620,3655,90780,4,18818
2376,9,0,21,4,68754660,3655,90780,4,18827
2377,4,0,16,9,68804880,3656,90780,4,18831
2378,6,0,15,10,68846160,3657,90780,4,18837
2379,5,0,12,13,68870820,3657,90780,4,18842
2380,5,0,12,13,68887920,3657,90780,4,18847
2381,4,0,12,13,68898480,3657,90780,4,18851
2382,6,0,12,13,68911260,3656,90780,4,18857
2383,9,0,15,10,68926620,3656,90780,4,18866
2384,6,0,15,10,68943420,3656,90780,4,18872
2385,16,0,20,5,68967360,3655,90780,4,18888
2386,6,0,18,7,68986620,3654,90780,4,18894
2387,9,0,16,9,69028380,3654,90780,4,18903
2388,11,0,21,4,69058740,3655,90780,4,18914
2389,9,0,15,10,69092340,3654,90780,4,18923
2390,15,0,24,1,69114720,3654,90780,4,18938
2391,12,0,17,8,69171840,3653,91500,4,18950
2392,8,0,18,7,69198780,3653,91500,4,18958
2393,6,0,20,5,69212400,3653,91500,4,18964
2394,9,0,13,12,69266580,3653,91500,4,18973
2395,8,0,15,10,69285240,3653,91500,4,18981
2396,11,0,18,7,69308100,3652,91500,4,18992
2397,9,0,19,6,69326760,3652,91500,4,19001
2398,4,0,17,8,69344940,3652,91500,4,19005
2399,7,0,16,9,69395280,3653,91500,4,19012

