Hour,Arrivals,Waiting,Treating,Available Rooms,Total Treatment Time,Average Treatment Time,Total Wait Time,Average Wait Time,Total Arrivals
1,3,0,1,24,1680,840,0,0,3
2,6,0,3,22,7200,1200,0,0,9
3,8,0,7,18,14040,1404,0,0,17
4,7,0,5,20,42060,2213,0,0,24
5,12,0,11,14,58500,2340,0,0,36
6,6,0,8,17,89460,2631,0,0,42
7,10,0,9,16,123600,2874,0,0,52
8,2,0,5,20,155220,3167,0,0,54
9,8,0,5,20,183120,3212,0,0,62
10,13,0,12,13,191100,3033,0,0,75
11,16,0,19,6,213060,2959,0,0,91
12,9,0,11,14,284940,3201,0,0,100
13,6,0,5,20,330000,3267,0,0,106
14,10,0,9,16,352680,3296,0,0,116
15,9,0,10,15,381420,3316,0,0,125
16,10,0,7,18,426840,3334,0,0,135
17,7,0,7,18,456360,3380,0,0,142
18,10,0,10,15,484620,3412,0,0,152
19,10,0,9,16,515220,3367,0,0,162
20,9,0,10,15,543720,3377,0,0,171
21,3,0,9,16,567060,3436,0,0,174
22,8,0,7,18,612960,3502,0,0,182
23,5,0,6,19,637200,3520,0,0,187
24,7,0,6,19,667920,3552,0,0,194
25,5,0,6,19,682620,3536,0,0,199
26,3,0,3,22,718440,3610,0,0,202
27,7,0,6,19,729480,3593,0,0,209
28,2,0,3,22,753240,3621,0,0,211
29,4,0,5,20,763080,3633,0,0,215
30,7,0,5,20,785220,3618,0,0,222
31,10,0,8,17,798540,3564,0,0,232
32,16,0,16,9,824880,3555,0,0,248
33,3,0,5,20,881640,3583,0,0,251
34,10,0,7,18,911460,3588,0,0,261
35,4,0,5,20,927780,3568,0,0,265
36,8,0,7,18,958620,3603,0,0,273
37,9,0,4,21,986340,3547,0,0,282
38,12,0,11,14,998760,3529,0,0,294
39,7,0,8,17,1026360,3502,0,0,301
40,10,0,9,16,1052880,3486,0,0,311
41,8,0,8,17,1091640,3510,0,0,319
42,6,0,5,20,1139340,3560,0,0,325
43,6,0,4,21,1162980,3556,0,0,331
44,3,0,4,21,1177980,3569,0,0,334
45,8,0,6,19,1195380,3557,0,0,342
46,7,0,8,17,1217580,3570,0,0,349
47,7,0,5,20,1248600,3557,0,0,356
48,6,0,5,20,1270800,3559,0,0,362
49,1,0,1,24,1286160,3552,0,0,363
50,3,0,0,25,1292760,3532,0,0,366
51,6,0,5,20,1293660,3524,0,0,372
52,9,0,10,15,1302900,3511,0,0,381
53,7,0,8,17,1336440,3516,0,0,388
54,6,0,6,19,1360800,3507,0,0,394
55,9,0,6,19,1391040,3503,0,0,403
56,12,0,12,13,1408740,3495,0,0,415
57,12,0,10,15,1452660,3483,0,0,427
58,9,0,10,15,1490760,3499,0,0,436
59,8,0,8,17,1532340,3514,0,0,444
60,10,0,8,17,1569600,3519,0,0,454
61,12,0,10,15,1593300,3494,0,0,466
62,10,0,11,14,1628520,3502,0,0,476
63,9,0,10,15,1663080,3501,0,0,485
64,13,0,7,18,1710480,3483,0,0,498
65,13,0,16,9,1720920,3476,0,0,511
66,10,0,12,13,1767600,3472,0,0,521
67,6,0,7,18,1815300,3490,0,0,527
68,6,0,6,19,1850040,3510,0,0,533
69,8,0,6,19,1876380,3507,0,0,541
70,9,0,9,16,1898400,3509,0,0,550
71,4,0,5,20,1927980,3511,0,0,554
72,4,0,4,21,1955160,3529,0,0,558
73,7,0,7,18,1966980,3525,0,0,565
74,3,0,6,19,1981560,3525,0,0,568
75,5,0,6,19,2010660,3546,0,0,573
76,8,0,5,20,2037780,3537,0,0,581
77,8,0,8,17,2050980,3530,0,0,589
78,4,0,5,20,2076120,3530,0,0,593
79,13,0,7,18,2105820,3515,0,0,606
80,9,0,8,17,2125920,3502,0,0,615
81,5,0,5,20,2161800,3515,0,0,620
82,15,0,13,12,2177280,3500,0,0,635
83,9,0,12,13,2216220,3506,0,0,644
84,9,0,9,16,2266920,3520,0,0,653
85,10,0,11,14,2294820,3519,0,0,663
86,9,0,9,16,2325960,3508,0,0,672
87,3,0,3,22,2370540,3527,0,0,675
88,13,0,10,15,2389920,3524,0,0,688
89,10,0,11,14,2416800,3517,0,0,698
90,6,0,8,17,2447700,3516,0,0,704
91,7,0,6,19,2491020,3533,0,0,711
92,1,0,1,24,2515080,3537,0,0,712
93,7,0,7,18,2523300,3543,0,0,719
94,7,0,8,17,2537760,3534,0,0,726
95,4,0,7,18,2558280,3538,0,0,730
96,8,0,5,20,2600100,3547,0,0,738
97,4,0,6,19,2614140,3551,0,0,742
98,7,0,4,21,2642340,3546,0,0,749
99,7,0,6,19,2652600,3536,0,0,756
100,5,0,7,18,2669700,3540,0,0,761
101,1,0,3,22,2693400,3548,0,0,762
102,7,0,5,20,2712120,3549,0,0,769
103,7,0,4,21,2744580,3555,0,0,776
104,5,0,4,21,2757960,3549,0,0,781
105,11,0,11,14,2767500,3543,0,0,792
106,8,0,7,18,2812260,3546,0,0,800
107,6,0,4,21,2837580,3538,0,0,806
108,15,0,12,13,2853300,3526,0,0,821
109,13,0,17,8,2871480,3514,0,0,834
110,15,0,19,6,2923260,3522,0,0,849
111,10,0,13,12,2991300,3535,0,0,859
112,10,0,13,12,3046860,3559,0,0,869
113,11,0,10,15,3087540,3548,0,0,880
114,9,0,6,19,3134400,3549,0,0,889
115,8,0,7,18,3162900,3553,0,0,897
116,5,0,6,19,3180960,3550,0,0,902
117,3,0,3,22,3206880,3555,0,0,905
118,9,0,10,15,3208980,3549,0,0,914
119,7,0,5,20,3240120,3537,0,0,921
120,2,0,2,23,3257220,3536,0,0,923
121,4,0,2,23,3277500,3543,0,0,927
122,4,0,5,20,3280620,3542,0,0,931
123,7,0,8,17,3289560,3537,0,0,938
124,2,0,4,21,3317100,3543,0,0,940
125,6,0,6,19,3345600,3559,0,0,946
126,6,0,8,17,3351900,3550,0,0,952
127,9,0,7,18,3384900,3548,0,0,961
128,2,0,7,18,3390360,3546,0,0,963
129,11,0,9,16,3429720,3554,0,0,974
130,17,0,20,5,3446640,3549,0,0,991
131,12,0,11,14,3525000,3553,0,0,1003
132,12,0,10,15,3579000,3561,0,0,1015
133,11,0,11,14,3601680,3548,0,0,1026
134,9,0,14,11,3628740,3554,0,0,1035
135,13,0,16,9,3677460,3563,0,0,1048
136,6,0,11,14,3734760,3580,0,0,1054
137,9,0,6,19,3789180,3584,0,0,1063
138,8,0,8,17,3814620,3588,0,0,1071
139,9,0,7,18,3832860,3572,0,0,1080
140,11,0,11,14,3871800,3585,0,0,1091
141,6,0,10,15,3915000,3601,0,0,1097
142,3,0,6,19,3952860,3613,0,0,1100
143,9,0,6,19,3982200,3610,0,0,1109
144,3,0,3,22,4010280,3616,0,0,1112
145,8,0,7,18,4018560,3610,0,0,1120
146,4,0,3,22,4043040,3606,0,0,1124
148,3,0,0,25,4075740,3616,0,0,1127
147,0,0,0,25,4075740,3616,0,0,1127
149,6,0,5,20,4076340,3613,0,0,1133
150,4,0,7,18,4080540,3611,0,0,1137
151,5,0,6,19,4111680,3619,0,0,1142
152,4,0,4,21,4132320,3618,0,0,1146
153,12,0,9,16,4147860,3609,0,0,1158
154,8,0,9,16,4169400,3603,0,0,1166
155,11,0,10,15,4202880,3601,0,0,1177
156,9,0,15,10,4213680,3598,0,0,1186
157,12,0,11,14,4278360,3604,0,0,1198
158,8,0,7,18,4320240,3603,0,0,1206
159,10,0,8,17,4348320,3599,0,0,1216
160,6,0,6,19,4370880,3594,0,0,1222
161,8,0,6,19,4402320,3596,0,0,1230
162,9,0,7,18,4425900,3592,0,0,1239
163,10,0,9,16,4451160,3589,0,0,1249
164,4,0,4,21,4479420,3586,0,0,1253
165,10,0,7,18,4502760,3585,0,0,1263
166,5,0,4,21,4526520,3581,0,0,1268
167,11,0,9,16,4539480,3574,0,0,1279
168,5,0,9,16,4556640,3573,0,0,1284
169,5,0,6,19,4597800,3583,0,0,1289
170,6,0,6,19,4612680,3578,0,0,1295
171,7,0,8,17,4633980,3581,0,0,1302
172,5,0,9,16,4655880,3586,0,0,1307
173,3,0,7,18,4679100,3591,0,0,1310
174,6,0,6,19,4719900,3602,0,0,1316
175,2,0,3,22,4750500,3612,0,0,1318
176,8,0,8,17,4762020,3613,0,0,1326
177,5,0,6,19,4785300,3611,0,0,1331
178,6,0,8,17,4805160,3615,0,0,1337
179,12,0,8,17,4830600,3602,0,0,1349
180,17,0,16,9,4852860,3594,0,0,1366
181,11,0,7,18,4927380,3596,0,0,1377
182,4,0,4,21,4958280,3600,0,0,1381
183,11,0,10,15,4975380,3600,0,0,1392
184,9,0,10,15,5000040,3594,0,0,1401
185,8,0,6,19,5053320,3601,0,0,1409
186,9,0,8,17,5073840,3598,0,0,1418
187,4,0,3,22,5111760,3602,0,0,1422
188,4,0,3,22,5125380,3601,0,0,1426
189,9,0,8,17,5139600,3601,0,0,1435
190,5,0,8,17,5151300,3597,0,0,1440
191,3,0,4,21,5191440,3607,0,0,1443
192,6,0,6,19,5199960,3603,0,0,1449
193,8,0,8,17,5222100,3603,0,0,1457
194,10,0,8,17,5253540,3600,0,0,1467
195,4,0,7,18,5270100,3599,0,0,1471
196,4,0,6,19,5296560,3605,0,0,1475
197,9,0,4,21,5327760,3599,0,0,1484
198,7,0,5,20,5342760,3595,0,0,1491
199,4,0,3,22,5360400,3592,0,0,1495
200,9,0,10,15,5369460,3594,0,0,1504
201,6,0,9,16,5391840,3592,0,0,1510
202,11,0,13,12,5425860,3598,0,0,1521
203,4,0,5,20,5468040,3597,0,0,1525
204,9,0,9,16,5487000,3598,0,0,1534
205,10,0,12,13,5511000,3597,0,0,1544
206,12,0,12,13,5556600,3598,0,0,1556
207,14,0,16,9,5592180,3598,0,0,1570
208,9,0,15,10,5625000,3596,0,0,1579
209,11,0,11,14,5702040,3611,0,0,1590
210,14,0,13,12,5733900,3603,0,0,1604
211,8,0,12,13,5773380,3608,0,0,1612
212,3,0,6,19,5821380,3618,0,0,1615
213,4,0,3,22,5849940,3620,0,0,1619
214,9,0,7,18,5866140,3618,0,0,1628
215,5,0,4,21,5886840,3613,0,0,1633
216,5,0,5,20,5897100,3611,0,0,1638
217,5,0,5,20,5922000,3615,0,0,1643
218,7,0,6,19,5936640,3611,0,0,1650
219,7,0,8,17,5958060,3613,0,0,1657
220,7,0,6,19,5991780,3613,0,0,1664
221,8,0,10,15,6003000,3611,0,0,1672
222,9,0,13,12,6026880,3613,0,0,1681
223,12,0,14,11,6075660,3618,0,0,1693
224,7,0,7,18,6137280,3625,0,0,1700
225,6,0,6,19,6165780,3626,0,0,1706
226,8,0,7,18,6191040,3626,0,0,1714
227,15,0,15,10,6211440,3623,0,0,1729
228,6,0,10,15,6241860,3618,0,0,1735
229,12,0,12,13,6294780,3628,0,0,1747
230,8,0,10,15,6332820,3629,0,0,1755
231,11,0,6,19,6390720,3631,0,0,1766
232,6,0,9,16,6398220,3629,0,0,1772
233,7,0,5,20,6435900,3627,0,0,1779
234,7,0,6,19,6459120,3628,0,0,1786
235,14,0,12,13,6473940,3620,0,0,1800
236,6,0,8,17,6511320,3621,0,0,1806
237,10,0,6,19,6543240,3615,0,0,1816
238,8,0,7,18,6573720,3617,0,0,1824
239,6,0,8,17,6589080,3616,0,0,1830
240,4,0,6,19,6615900,3619,0,0,1834
241,3,0,3,22,6648420,3625,0,0,1837
242,5,0,6,19,6658380,3626,0,0,1842
243,3,0,2,23,6680700,3624,0,0,1845
244,5,0,5,20,6688020,3624,0,0,1850
245,2,0,3,22,6701460,3624,0,0,1852
246,4,0,4,21,6719400,3628,0,0,1856
247,9,0,7,18,6729600,3621,0,0,1865
248,10,0,10,15,6745200,3616,0,0,1875
249,4,0,7,18,6775800,3619,0,0,1879
250,8,0,8,17,6815340,3627,0,0,1887
251,11,0,11,14,6839220,3624,0,0,1898
252,9,0,6,19,6871740,3614,0,0,1907
253,7,0,4,21,6895980,3610,0,0,1914
254,5,0,5,20,6905520,3607,0,0,1919
255,15,0,11,14,6926400,3601,0,0,1934
256,13,0,15,10,6958500,3601,0,0,1947
257,9,0,10,15,7004700,3599,0,0,1956
258,4,0,7,18,7043280,3606,0,0,1960
259,4,0,5,20,7069800,3608,0,0,1964
260,9,0,7,18,7096260,3609,0,0,1973
261,9,0,9,16,7119660,3608,0,0,1982
262,3,0,3,22,7151460,3608,0,0,1985
263,3,0,4,21,7159200,3608,0,0,1988
264,8,0,10,15,7171860,3611,0,0,1996
265,6,0,8,17,7196040,3608,0,0,2002
266,5,0,4,21,7242840,3615,0,0,2007
267,5,0,5,20,7255560,3615,0,0,2012
268,10,0,8,17,7263780,3606,0,0,2022
269,8,0,6,19,7296960,3605,0,0,2030
270,2,0,2,23,7326720,3609,0,0,2032
271,8,0,6,19,7340640,3608,0,0,2040
272,7,0,9,16,7349160,3606,0,0,2047
273,12,0,13,12,7384860,3609,0,0,2059
274,6,0,11,14,7419060,3612,0,0,2065
275,10,0,12,13,7456320,3614,0,0,2075
276,13,0,14,11,7514460,3623,0,0,2088
277,8,0,9,16,7554720,3619,0,0,2096
278,12,0,9,16,7597800,3619,0,0,2108
279,12,0,11,14,7630920,3618,0,0,2120
280,14,0,13,12,7667340,3614,0,0,2134
281,9,0,9,16,7704300,3610,0,0,2143
282,4,0,4,21,7749300,3616,0,0,2147
283,7,0,5,20,7766340,3613,0,0,2154
284,10,0,5,20,7796760,3611,0,0,2164
285,3,0,7,18,7801920,3612,0,0,2167
286,8,0,7,18,7833240,3613,0,0,2175
287,6,0,4,21,7866360,3613,0,0,2181
288,7,0,8,17,7874160,3612,0,0,2188
289,5,0,6,19,7897380,3611,0,0,2193
290,5,0,7,18,7912980,3611,0,0,2198
291,5,0,4,21,7949700,3615,0,0,2203
292,5,0,6,19,7969620,3619,0,0,2208
293,7,0,5,20,7993200,3616,0,0,2215
294,11,0,11,14,8009940,3616,0,0,2226
295,4,0,5,20,8043660,3615,0,0,2230
296,11,0,11,14,8063760,3616,0,0,2241
297,10,0,10,15,8100420,3614,0,0,2251
298,10,0,13,12,8133840,3618,0,0,2261
299,8,0,5,20,8185020,3615,0,0,2269
300,13,0,11,14,8213100,3616,0,0,2282
301,7,0,8,17,8247420,3615,0,0,2289
302,3,0,7,18,8265120,3617,0,0,2292
303,13,0,11,14,8308080,3621,0,0,2305
304,10,0,8,17,8344440,3617,0,0,2315
305,9,0,8,17,8370900,3614,0,0,2324
306,11,0,8,17,8403720,3611,0,0,2335
307,6,0,7,18,8424900,3609,0,0,2341
308,9,0,6,19,8453460,3606,0,0,2350
309,4,0,5,20,8466000,3604,0,0,2354
310,7,0,3,22,8495160,3602,0,0,2361
311,3,0,4,21,8501460,3602,0,0,2364
312,3,0,3,22,8515740,3602,0,0,2367
313,8,0,4,21,8526060,3595,0,0,2375
314,4,0,4,21,8556060,3602,0,0,2379
315,6,0,5,20,8564400,3598,0,0,2385
316,11,0,9,16,8582580,3595,0,0,2396
317,5,0,10,15,8605260,3599,0,0,2401
318,11,0,14,11,8645760,3605,0,0,2412
319,4,0,9,16,8688300,3609,0,0,2416
320,9,0,9,16,8731320,3613,0,0,2425
321,12,0,15,10,8746800,3611,0,0,2437
322,8,0,11,14,8800320,3615,0,0,2445
323,11,0,11,14,8851080,3620,0,0,2456
324,7,0,8,17,8892120,3622,0,0,2463
325,11,0,7,18,8933100,3621,0,0,2474
326,13,0,13,12,8951340,3618,0,0,2487
327,14,0,13,12,8998020,3616,0,0,2501
328,12,0,11,14,9056460,3619,0,0,2513
329,5,0,9,16,9077880,3618,0,0,2518
330,10,0,9,16,9126000,3622,0,0,2528
331,10,0,13,12,9144660,3621,0,0,2538
332,7,0,10,15,9190440,3625,0,0,2545
333,2,0,3,22,9232500,3629,0,0,2547
334,8,0,7,18,9250980,3630,0,0,2555
335,6,0,4,21,9276360,3627,0,0,2561
336,4,0,5,20,9280260,3625,0,0,2565
337,14,0,11,14,9302520,3622,0,0,2579
338,6,0,9,16,9323160,3619,0,0,2585
339,2,0,5,20,9356160,3623,0,0,2587
340,3,0,4,21,9380760,3627,0,0,2590
341,9,0,8,17,9396540,3626,0,0,2599
342,11,0,9,16,9427980,3624,0,0,2610
343,9,0,12,13,9452340,3625,0,0,2619
344,7,0,10,15,9487860,3626,0,0,2626
345,8,0,7,18,9532980,3628,0,0,2634
346,16,0,14,11,9556020,3625,0,0,2650
347,11,0,11,14,9585300,3617,0,0,2661
348,6,0,6,19,9642000,3623,0,0,2667
349,8,0,5,20,9672360,3622,0,0,2675
350,11,0,10,15,9691320,3621,0,0,2686
351,13,0,18,7,9710700,3622,0,0,2699
352,7,0,9,16,9772500,3623,0,0,2706
353,8,0,8,17,9793320,3619,0,0,2714
354,7,0,7,18,9817680,3617,0,0,2721
355,4,0,4,21,9859920,3623,0,0,2725
356,6,0,6,19,9877920,3624,0,0,2731
357,11,0,10,15,9898500,3623,0,0,2742
358,7,0,7,18,9931260,3621,0,0,2749
359,5,0,2,23,9966540,3621,0,0,2754
360,10,0,12,13,9966540,3621,0,0,2764
361,4,0,10,15,9979200,3618,0,0,2768
362,4,0,4,21,10033740,3624,0,0,2772
363,4,0,4,21,10049940,3625,0,0,2776
364,9,0,4,21,10071180,3621,0,0,2785
365,8,0,5,20,10089000,3618,0,0,2793
366,7,0,7,18,10100100,3616,0,0,2800
367,5,0,4,21,10135500,3618,0,0,2805
368,12,0,11,14,10151280,3617,0,0,2817
369,11,0,11,14,10180380,3613,0,0,2828
370,6,0,7,18,10221300,3615,0,0,2834
371,5,0,9,16,10241100,3618,0,0,2839
372,10,0,14,11,10268220,3621,0,0,2849
373,11,0,11,14,10321860,3622,0,0,2860
374,14,0,15,10,10356360,3622,0,0,2874
375,7,0,12,13,10403460,3626,0,0,2881
376,6,0,5,20,10466940,3631,0,0,2887
377,13,0,11,14,10486140,3629,0,0,2900
378,14,0,17,8,10504080,3625,0,0,2914
379,8,0,11,14,10563720,3628,0,0,2922
380,7,0,8,17,10609380,3632,0,0,2929
381,10,0,10,15,10642380,3633,0,0,2939
382,3,0,4,21,10680840,3635,0,0,2942
383,10,0,6,19,10699320,3631,0,0,2952
384,4,0,4,21,10721400,3631,0,0,2956
385,4,0,5,20,10741740,3635,0,0,2960
386,7,0,5,20,10758540,3632,0,0,2967
387,3,0,3,22,10776900,3632,0,0,2970
388,9,0,6,19,10786380,3628,0,0,2979
389,6,0,4,21,10806300,3625,0,0,2985
390,4,0,4,21,10818300,3624,0,0,2989
391,11,0,9,16,10842060,3624,0,0,3000
392,11,0,10,15,10876920,3624,0,0,3011
393,9,0,8,17,10917240,3624,0,0,3020
394,6,0,6,19,10934760,3620,0,0,3026
395,12,0,8,17,10961280,3617,0,0,3038
396,11,0,6,19,10991040,3611,0,0,3049
397,9,0,10,15,11007000,3611,0,0,3058
398,12,0,11,14,11028720,3605,0,0,3070
399,10,0,9,16,11084760,3609,0,0,3080
400,9,0,11,14,11110260,3609,0,0,3089
401,13,0,12,13,11148480,3607,0,0,3102
402,6,0,5,20,11193480,3607,0,0,3108
403,12,0,10,15,11220060,3607,0,0,3120
404,3,0,8,17,11232840,3606,0,0,3123
405,5,0,4,21,11267400,3606,0,0,3128
406,8,0,6,19,11287500,3606,0,0,3136
407,4,0,6,19,11294760,3603,0,0,3140
408,5,0,2,23,11330160,3604,0,0,3145
409,7,0,7,18,11334600,3604,0,0,3152
410,5,0,6,19,11354880,3603,0,0,3157
411,5,0,4,21,11384700,3605,0,0,3162
412,7,0,4,21,11404500,3603,0,0,3169
413,7,0,8,17,11413260,3602,0,0,3176
414,7,0,9,16,11434380,3602,0,0,3183
415,9,0,8,17,11479380,3605,0,0,3192
416,12,0,10,15,11511420,3604,0,0,3204
417,14,0,14,11,11549760,3604,0,0,3218
418,10,0,11,14,11591220,3603,0,0,3228
419,6,0,5,20,11652300,3608,0,0,3234
420,5,0,6,19,11662080,3607,0,0,3239
421,12,0,13,12,11683920,3608,0,0,3251
422,11,0,14,11,11705340,3603,0,0,3262
423,6,0,7,18,11757660,3605,0,0,3268
424,8,0,8,17,11802120,3611,0,0,3276
425,10,0,9,16,11831160,3610,0,0,3286
426,15,0,10,15,11873040,3607,0,0,3301
427,5,0,5,20,11908560,3607,0,0,3306
428,9,0,13,12,11911380,3607,0,0,3315
429,7,0,8,17,11970660,3612,0,0,3322
430,7,0,9,16,11989860,3611,0,0,3329
431,2,0,4,21,12021120,3613,0,0,3331
432,7,0,5,20,12054240,3616,0,0,3338
433,9,0,10,15,12063120,3614,0,0,3347
434,7,0,6,19,12105900,3615,0,0,3354
435,2,0,4,21,12128700,3618,0,0,3356
436,6,0,5,20,12154740,3620,0,0,3362
437,3,0,6,19,12167580,3622,0,0,3365
438,8,0,5,20,12197220,3621,0,0,3373
439,9,0,4,21,12221640,3618,0,0,3382
440,9,0,8,17,12237480,3617,0,0,3391
441,12,0,10,15,12268320,3615,0,0,3403
442,6,0,7,18,12302340,3616,0,0,3409
443,5,0,4,21,12330900,3616,0,0,3414
444,14,0,10,15,12350460,3613,0,0,3428
445,9,0,10,15,12382020,3613,0,0,3437
446,11,0,13,12,12405960,3611,0,0,3448
447,8,0,12,13,12449340,3614,0,0,3456
448,7,0,12,13,12495840,3620,0,0,3463
449,12,0,8,17,12553380,3620,0,0,3475
450,7,0,8,17,12571560,3618,0,0,3482
451,12,0,10,15,12608040,3618,0,0,3494
452,6,0,11,14,12633900,3621,0,0,3500
453,9,0,9,16,12673980,3621,0,0,3509
454,6,0,6,19,12709800,3622,0,0,3515
455,5,0,4,21,12737460,3622,0,0,3520
456,9,0,10,15,12744900,3621,0,0,3529
457,8,0,6,19,12793080,3623,0,0,3537
458,4,0,4,21,12819120,3624,0,0,3541
459,4,0,3,22,12839160,3624,0,0,3545
460,4,0,5,20,12846600,3624,0,0,3549
461,10,0,8,17,12863640,3622,0,0,3559
462,5,0,9,16,12880560,3623,0,0,3564
463,8,0,9,16,12927360,3628,0,0,3572
464,9,0,10,15,12952020,3627,0,0,3581
465,9,0,9,16,12983160,3625,0,0,3590
466,13,0,14,11,13013520,3625,0,0,3603
467,21,0,19,6,13064160,3623,0,0,3624
468,13,0,16,9,13095000,3616,0,0,3637
469,11,0,13,12,13167840,3622,0,0,3648
470,8,0,9,16,13213620,3623,0,0,3656
471,10,0,11,14,13250640,3625,0,0,3666
472,8,0,7,18,13289400,3624,0,0,3674
473,9,0,7,18,13338120,3628,0,0,3683
474,11,0,9,16,13355160,3624,0,0,3694
475,7,0,6,19,13383120,3621,0,0,3701
476,3,0,4,21,13409880,3624,0,0,3704
477,7,0,9,16,13426860,3626,0,0,3711
478,8,0,6,19,13459860,3625,0,0,3719
479,6,0,8,17,13484220,3627,0,0,3725
480,4,0,5,20,13510380,3627,0,0,3729
481,5,0,4,21,13521780,3625,0,0,3734
482,2,0,3,22,13540920,3627,0,0,3736
483,10,0,6,19,13556160,3624,0,0,3746
484,4,0,6,19,13566480,3623,0,0,3750
485,5,0,5,20,13586640,3623,0,0,3755
486,6,0,6,19,13612020,3625,0,0,3761
487,10,0,11,14,13631340,3625,0,0,3771
488,6,0,7,18,13672800,3626,0,0,3777
489,9,0,12,13,13681500,3625,0,0,3786
490,6,0,8,17,13724220,3626,0,0,3792
491,7,0,10,15,13752840,3629,0,0,3799
492,8,0,8,17,13791840,3630,0,0,3807
493,10,0,11,14,13814640,3629,0,0,3817
494,7,0,6,19,13847400,3626,0,0,3824
495,12,0,10,15,13869300,3625,0,0,3836
496,11,0,10,15,13901520,3623,0,0,3847
497,14,0,10,15,13941480,3620,0,0,3861
498,6,0,5,20,13978560,3619,0,0,3867
499,9,0,7,18,13995540,3617,0,0,3876
500,8,0,8,17,14023140,3617,0,0,3884
501,10,0,9,16,14058900,3618,0,0,3894
502,8,0,9,16,14084040,3617,0,0,3902
503,3,0,3,22,14117520,3618,0,0,3905
504,5,0,5,20,14133840,3619,0,0,3910
505,7,0,9,16,14140320,3618,0,0,3917
506,9,0,8,17,14185200,3620,0,0,3926
507,4,0,5,20,14211000,3620,0,0,3930
508,10,0,7,18,14238060,3620,0,0,3940
509,5,0,7,18,14254980,3619,0,0,3945
510,8,0,5,20,14289960,3619,0,0,3953
511,6,0,8,17,14305560,3620,0,0,3959
512,7,0,5,20,14336160,3619,0,0,3966
513,10,0,7,18,14356740,3617,0,0,3976
514,10,0,9,16,14382180,3616,0,0,3986
515,7,0,6,19,14412900,3614,0,0,3993
516,9,0,9,16,14433120,3614,0,0,4002
517,14,0,16,9,14460840,3615,0,0,4016
518,10,0,10,15,14524800,3616,0,0,4026
519,6,0,6,19,14570700,3619,0,0,4032
520,8,0,8,17,14590980,3618,0,0,4040
521,7,0,8,17,14617260,3619,0,0,4047
522,10,0,11,14,14637840,3617,0,0,4057
523,7,0,6,19,14684640,3618,0,0,4064
524,7,0,10,15,14693940,3618,0,0,4071
525,10,0,14,11,14724000,3620,0,0,4081
526,9,0,13,12,14778660,3624,0,0,4090
527,7,0,9,16,14829540,3627,0,0,4097
528,5,0,11,14,14846460,3629,0,0,4102
529,7,0,8,17,14900580,3633,0,0,4109
530,4,0,4,21,14935020,3634,0,0,4113
531,3,0,5,20,14951940,3637,0,0,4116
532,4,0,6,19,14969820,3638,0,0,4120
533,11,0,10,15,14989320,3637,0,0,4131
534,9,0,9,16,15027540,3637,0,0,4140
535,6,0,8,17,15066120,3640,0,0,4146
536,7,0,8,17,15098820,3642,0,0,4153
537,8,0,7,18,15128940,3642,0,0,4161
538,8,0,8,17,15165660,3644,0,0,4169
539,18,0,14,11,15193140,3640,0,0,4187
540,10,0,12,13,15237000,3640,0,0,4197
541,5,0,8,17,15276000,3642,0,0,4202
542,12,0,9,16,15308880,3640,0,0,4214
543,12,0,9,16,15366300,3643,0,0,4226
544,9,0,9,16,15395520,3643,0,0,4235
545,11,0,14,11,15423360,3644,0,0,4246
546,5,0,4,21,15499920,3649,0,0,4251
547,7,0,7,18,15512400,3649,0,0,4258
548,10,0,5,20,15542700,3645,0,0,4268
549,4,0,6,19,15550920,3645,0,0,4272
550,6,0,6,19,15572400,3645,0,0,4278
551,6,0,4,21,15597480,3644,0,0,4284
552,7,0,6,19,15611460,3643,0,0,4291
553,7,0,6,19,15637080,3643,0,0,4298
554,3,0,5,20,15649980,3642,0,0,4301
555,8,0,9,16,15670680,3644,0,0,4309
556,6,0,5,20,15697440,3642,0,0,4315
557,10,0,8,17,15720600,3641,0,0,4325
558,5,0,8,17,15741120,3642,0,0,4330
559,5,0,5,20,15766980,3641,0,0,4335
560,9,0,11,14,15785280,3643,0,0,4344
561,12,0,16,9,15817080,3644,0,0,4356
562,9,0,10,15,15864480,3642,0,0,4365
563,6,0,10,15,15893040,3644,0,0,4371
564,10,0,11,14,15938880,3647,0,0,4381
565,5,0,5,20,15972480,3645,0,0,4386
566,12,0,10,15,16005300,3647,0,0,4398
567,11,0,13,12,16034580,3647,0,0,4409
568,13,0,14,11,16079580,3647,0,0,4422
569,12,0,11,14,16134480,3647,0,0,4434
570,7,0,9,16,16158900,3645,0,0,4441
571,12,0,8,17,16205160,3645,0,0,4453
572,6,0,9,16,16217640,3644,0,0,4459
573,3,0,3,22,16258020,3646,0,0,4462
574,6,0,5,20,16282860,3648,0,0,4468
575,5,0,5,20,16298940,3647,0,0,4473
576,4,0,4,21,16318860,3648,0,0,4477
577,4,0,3,22,16334400,3647,0,0,4481
578,6,0,3,22,16346460,3645,0,0,4487
579,3,0,4,21,16350240,3644,0,0,4490
580,2,0,2,23,16362540,3644,0,0,4492
581,10,0,6,19,16371960,3641,0,0,4502
582,9,0,5,20,16391220,3637,0,0,4511
583,14,0,10,15,16408320,3634,0,0,4525
584,9,0,13,12,16436220,3635,0,0,4534
585,7,0,5,20,16496160,3636,0,0,4541
586,9,0,7,18,16521900,3636,0,0,4550
587,10,0,9,16,16542360,3634,0,0,4560
588,17,0,14,11,16582620,3634,0,0,4577
589,17,0,15,10,16626000,3630,0,0,4594
590,8,0,8,17,16682160,3631,0,0,4602
591,12,0,12,13,16714980,3632,0,0,4614
592,3,0,5,20,16755180,3632,0,0,4617
593,4,0,3,22,16780320,3633,0,0,4621
594,13,0,6,19,16803480,3630,0,0,4634
595,9,0,6,19,16827240,3628,0,0,4643
596,6,0,5,20,16845540,3627,0,0,4649
597,8,0,8,17,16867980,3628,0,0,4657
598,8,0,6,19,16900560,3627,0,0,4665
599,7,0,8,17,16921980,3628,0,0,4672
600,4,0,7,18,16942740,3628,0,0,4676
601,4,0,3,22,16989600,3632,0,0,4680
602,5,0,3,22,17007360,3632,0,0,4685
603,5,0,3,22,17012880,3629,0,0,4690
604,11,0,10,15,17025420,3629,0,0,4701
605,4,0,7,18,17053920,3630,0,0,4705
606,8,0,6,19,17085960,3629,0,0,4713
607,10,0,10,15,17096400,3627,0,0,4723
608,8,0,6,19,17148960,3629,0,0,4731
609,14,0,11,14,17181600,3629,0,0,4745
610,9,0,13,12,17198040,3627,0,0,4754
611,12,0,11,14,17252820,3628,0,0,4766
612,4,0,8,17,17286360,3630,0,0,4770
613,13,0,9,16,17336280,3631,0,0,4783
614,11,0,12,13,17362140,3630,0,0,4794
615,11,0,12,13,17412840,3632,0,0,4805
616,7,0,7,18,17456520,3632,0,0,4812
617,6,0,6,19,17478540,3632,0,0,4818
618,10,0,11,14,17492100,3631,0,0,4828
619,5,0,7,18,17529000,3632,0,0,4833
620,7,0,9,16,17546040,3631,0,0,4840
621,5,0,6,19,17584260,3633,0,0,4845
622,8,0,8,17,17603880,3633,0,0,4853
623,6,0,9,16,17624940,3634,0,0,4859
624,5,0,9,16,17647680,3634,0,0,4864
625,2,0,6,19,17673240,3636,0,0,4866
626,8,0,3,22,17712180,3636,0,0,4874
627,10,0,11,14,17718300,3636,0,0,4884
628,11,0,10,15,17751180,3633,0,0,4895
629,4,0,8,17,17772060,3633,0,0,4899
630,6,0,7,18,17803980,3634,0,0,4905
631,15,0,12,13,17834100,3633,0,0,4920
632,6,0,9,16,17863740,3633,0,0,4926
633,17,0,15,10,17908020,3633,0,0,4943
634,9,0,15,10,17930160,3631,0,0,4952
635,11,0,13,12,18005520,3637,0,0,4963
636,11,0,14,11,18044820,3638,0,0,4974
637,16,0,10,15,18100740,3634,0,0,4990
638,14,0,15,10,18121920,3632,0,0,5004
639,14,0,13,12,18183900,3633,0,0,5018
640,15,0,18,7,18234360,3635,0,0,5033
641,8,0,9,16,18288780,3634,0,0,5041
642,4,0,3,22,18327060,3634,0,0,5045
643,18,0,14,11,18343320,3633,0,0,5063
644,4,0,8,17,18385020,3634,0,0,5067
645,5,0,4,21,18434100,3637,0,0,5072
646,9,0,9,16,18449400,3637,0,0,5081
647,6,0,7,18,18475560,3636,0,0,5087
648,7,0,7,18,18503100,3637,0,0,5094
649,4,0,3,22,18526020,3636,0,0,5098
650,6,0,3,22,18536220,3633,0,0,5104
651,7,0,5,20,18557580,3634,0,0,5111
652,7,0,7,18,18568500,3633,0,0,5118
653,3,0,3,22,18601500,3634,0,0,5121
654,10,0,8,17,18607080,3632,0,0,5131
655,19,0,19,6,18630120,3630,0,0,5150
656,11,0,16,9,18683340,3631,0,0,5161
657,8,0,12,13,18736440,3633,0,0,5169
658,10,0,11,14,18794820,3636,0,0,5179
659,6,0,10,15,18823320,3637,0,0,5185
660,10,0,7,18,18869280,3637,0,0,5195
661,16,0,16,9,18888600,3635,0,0,5211
662,7,0,12,13,18939900,3638,0,0,5218
663,6,0,7,18,18978000,3637,0,0,5224
664,10,0,12,13,18991380,3636,0,0,5234
665,4,0,5,20,19050000,3640,0,0,5238
666,11,0,8,17,19074720,3639,0,0,5249
667,7,0,8,17,19096380,3638,0,0,5256
668,7,0,6,19,19133040,3639,0,0,5263
669,11,0,10,15,19160940,3639,0,0,5274
670,7,0,10,15,19178820,3638,0,0,5281
671,7,0,8,17,19232040,3642,0,0,5288
672,5,0,8,17,19256880,3643,0,0,5293
673,6,0,13,12,19257900,3643,0,0,5299
674,7,0,13,12,19274760,3641,0,0,5306
675,6,0,11,14,19295040,3639,0,0,5312
676,8,0,14,11,19309740,3639,0,0,5320
677,2,0,8,17,19333020,3638,0,0,5322
678,5,0,12,13,19342320,3639,0,0,5327
679,5,0,11,14,19367220,3639,0,0,5332
680,13,0,16,9,19381800,3637,0,0,5345
681,8,0,17,8,19399200,3635,0,0,5353
682,8,0,16,9,19436580,3636,0,0,5361
683,10,0,14,11,19477200,3635,0,0,5371
684,14,0,19,6,19492260,3632,0,0,5385
685,11,0,17,8,19543620,3633,0,0,5396
686,7,0,13,12,19573740,3631,0,0,5403
687,12,0,16,9,19602720,3630,0,0,5415
688,12,0,22,3,19617360,3629,0,0,5427
689,13,0,24,1,19661340,3630,3180,0,5440
690,8,0,15,10,19724460,3630,3180,0,5448
691,11,0,14,11,19777020,3632,3180,0,5459
692,8,0,16,9,19798020,3631,3180,0,5467
693,9,0,17,8,19824840,3631,3180,0,5476
694,9,0,15,10,19864860,3631,3180,0,5485
695,5,0,15,10,19890420,3632,3180,0,5490
696,7,0,16,9,19917480,3633,3180,0,5497
697,2,0,14,11,19941780,3635,3180,0,5499
698,5,0,15,10,19953840,3635,3180,0,5504
699,6,0,13,12,20004360,3639,3180,0,5510
700,5,0,14,11,20019660,3639,3180,0,5515
701,9,0,16,9,20045460,3639,3180,0,5524
702,7,0,13,12,20082540,3639,3180,0,5531
703,9,0,14,11,20104680,3638,3180,0,5540
704,9,0,14,11,20130300,3636,3180,0,5549
705,9,0,14,11,20169720,3638,3180,0,5558
706,7,0,14,11,20188740,3636,3180,0,5565
707,8,0,15,10,20216340,3637,3180,0,5573
708,12,0,15,10,20255940,3636,3180,0,5585
709,13,0,21,4,20273940,3635,3180,0,5598
710,14,0,21,4,20319960,3634,3180,0,5612
711,15,0,21,4,20386800,3636,3180,0,5627
712,12,0,21,4,20425980,3635,3180,0,5639
713,12,0,18,7,20486700,3636,3180,0,5651
714,5,0,16,9,20504280,3635,3180,0,5656
715,4,0,12,13,20550780,3638,3180,0,5660
716,12,0,19,6,20568540,3638,3180,0,5672
717,8,0,17,8,20595420,3636,3180,0,5680
718,5,0,11,14,20653320,3639,3180,0,5685
719,5,0,14,11,20661540,3640,3180,0,5690
720,4,0,12,13,20689380,3641,3180,0,5694
721,7,0,16,9,20703360,3641,3180,0,5701
722,6,0,11,14,20739480,3641,3180,0,5707
723,3,0,9,16,20758860,3641,3180,0,5710
724,6,0,14,11,20760960,3640,3180,0,5716
725,7,0,13,12,20793180,3641,3180,0,5723
726,8,0,13,12,20826060,3642,3180,0,5731
727,4,0,10,15,20838420,3639,3180,0,5735
728,11,0,18,7,20850540,3640,3180,0,5746
729,8,0,20,5,20869320,3639,3180,0,5754
730,4,0,13,12,20916540,3640,3180,0,5758
731,6,0,11,14,20947800,3641,3180,0,5764
732,11,0,15,10,20961060,3639,3180,0,5775
733,11,0,20,5,20980860,3638,3180,0,5786
734,11,0,19,6,21020100,3637,3180,0,5797
735,11,0,18,7,21056580,3636,3180,0,5808
736,8,0,15,10,21098400,3637,3180,0,5816
737,15,0,18,7,21135840,3635,3180,0,5831
738,8,0,15,10,21168060,3634,3180,0,5839
739,9,0,14,11,21214740,3636,3180,0,5848
740,5,0,14,11,21228600,3635,3180,0,5853
741,4,0,11,14,21261240,3636,3180,0,5857
742,3,0,9,16,21274440,3636,3180,0,5860
743,7,0,13,12,21288900,3636,3180,0,5867
744,7,0,14,11,21304140,3635,3180,0,5874
745,5,0,12,13,21327120,3635,3180,0,5879
746,3,0,8,17,21351780,3634,3180,0,5882
747,8,0,12,13,21355980,3633,3180,0,5890
748,5,0,12,13,21371160,3632,3180,0,5895
749,6,0,9,16,21389160,3630,3180,0,5901
750,9,0,13,12,21395400,3628,3180,0,5910
751,17,0,21,4,21414360,3625,3180,0,5927
752,8,0,21,4,21448260,3626,3180,0,5935
753,9,0,15,10,21504240,3626,3180,0,5944
754,7,0,15,10,21533040,3627,3180,0,5951
755,10,0,14,11,21573480,3627,3180,0,5961
756,10,0,18,7,21595860,3627,3180,0,5971
757,12,0,18,7,21631680,3626,3180,0,5983
758,13,0,19,6,21669600,3625,3180,0,5996
759,10,0,15,10,21707160,3623,3180,0,6006
760,5,0,12,13,21749520,3625,3180,0,6011
761,8,0,13,12,21766980,3624,3180,0,6019
762,12,0,16,9,21788280,3622,3180,0,6031
763,8,0,17,8,21808500,3621,3180,0,6039
764,2,0,10,15,21852900,3623,3180,0,6041
765,4,0,10,15,21869760,3623,3180,0,6045
766,3,0,9,16,21883140,3623,3180,0,6048
767,4,0,10,15,21887940,3622,3180,0,6052
768,4,0,10,15,21900540,3622,3180,0,6056
769,7,0,9,16,21913620,3619,3180,0,6063
770,6,0,13,12,21919500,3619,3180,0,6069
771,2,0,11,14,21939060,3620,3180,0,6071
772,8,0,14,11,21960360,3620,3180,0,6079
773,7,0,18,7,21970740,3620,3180,0,6086
774,6,0,17,8,22007580,3622,3180,0,6092
775,11,0,17,8,22044180,3622,3180,0,6103
776,11,0,16,9,22079100,3620,3180,0,6114
777,6,0,14,11,22106700,3620,3180,0,6120
778,9,0,17,8,22132620,3621,3180,0,6129
779,12,0,19,6,22166580,3620,3180,0,6141
780,10,0,23,2,22190760,3621,3180,0,6151
781,4,0,15,10,22237080,3621,3180,0,6155
782,11,0,15,10,22293120,3624,3180,0,6166
783,5,0,15,10,22309320,3623,3180,0,6171
784,8,0,17,8,22336020,3624,3180,0,6179
785,6,0,14,11,22367460,3624,3180,0,6185
786,5,0,9,16,22398720,3623,3180,0,6190
787,11,0,15,10,22407240,3622,3180,0,6201
788,8,0,15,10,22428960,3621,3180,0,6209
789,7,0,15,10,22456560,3621,3180,0,6216
790,8,0,16,9,22482900,3621,3180,0,6224
791,8,0,15,10,22513800,3621,3180,0,6232
792,5,0,13,12,22535820,3620,3180,0,6237
793,6,0,12,13,22564560,3621,3180,0,6243
794,5,0,10,15,22596900,3622,3180,0,6248
795,4,0,14,11,22596900,3622,3180,0,6252
796,4,0,12,13,22616040,3622,3180,0,6256
797,8,0,13,12,22641480,3622,3180,0,6264
798,3,0,11,14,22663620,3622,3180,0,6267
799,4,0,13,12,22675860,3623,3180,0,6271
800,12,0,19,6,22693500,3622,3180,0,6283
801,13,0,20,5,22737060,3622,3180,0,6296
802,3,0,13,12,22783440,3624,3180,0,6299
803,12,0,12,13,22820160,3622,3180,0,6311
804,6,0,11,14,22847040,3623,3180,0,6317
805,7,0,13,12,22868640,3623,3180,0,6324
806,13,0,16,9,22891140,3621,3180,0,6337
807,9,0,19,6,22907040,3620,3180,0,6346
808,12,0,19,6,22951680,3620,3180,0,6358
809,4,0,17,8,22975320,3621,3180,0,6362
810,12,0,20,5,23020980,3623,3180,0,6374
811,3,0,15,10,23061780,3624,3180,0,6377
812,9,0,14,11,23110980,3626,3180,0,6386
813,10,0,18,7,23119740,3624,3180,0,6396
814,5,0,13,12,23159940,3625,3180,0,6401
815,5,0,12,13,23191500,3627,3180,0,6406
816,8,0,11,14,23214540,3625,3180,0,6414
817,3,0,10,15,23226840,3625,3180,0,6417
818,7,0,11,14,23253000,3625,3180,0,6424
819,2,0,11,14,23261520,3626,3180,0,6426
820,6,0,11,14,23281620,3625,3180,0,6432
821,7,0,13,12,23290500,3624,3180,0,6439
822,3,0,11,14,23313720,3625,3180,0,6442
823,1,0,9,16,23326140,3625,3180,0,6443
824,7,0,12,13,23335260,3624,3180,0,6450
825,11,0,17,8,23356260,3624,3180,0,6461
826,10,0,17,8,23388660,3623,3180,0,6471
827,8,0,14,11,23433900,3624,3180,0,6479
828,12,0,18,7,23461740,3624,3180,0,6491
829,8,0,19,6,23480760,3623,3180,0,6499
830,10,0,17,8,23527800,3624,3180,0,6509
831,9,0,17,8,23562360,3624,3180,0,6518
832,12,0,20,5,23597460,3624,3180,0,6530
833,11,0,20,5,23629140,3623,3180,0,6541
834,2,0,10,15,23675700,3624,3180,0,6543
835,6,0,10,15,23705520,3625,3180,0,6549
836,7,0,12,13,23716500,3624,3180,0,6556
837,6,0,11,14,23740860,3624,3180,0,6562
838,3,0,10,15,23760300,3624,3180,0,6565
839,5,0,13,12,23769300,3625,3180,0,6570
840,2,0,10,15,23786940,3624,3180,0,6572
841,2,0,7,18,23800320,3624,3180,0,6574
842,3,0,9,16,23801340,3623,3180,0,6577
843,5,0,13,12,23802420,3623,3180,0,6582
844,5,0,14,11,23813880,3622,3180,0,6587
845,8,0,15,10,23844660,3623,3180,0,6595
846,9,0,16,9,23878860,3624,3180,0,6604
847,6,0,15,10,23908020,3625,3180,0,6610
848,10,0,15,10,23946360,3625,3180,0,6620
849,6,0,11,14,23966700,3623,3180,0,6626
850,9,0,15,10,23991420,3624,3180,0,6635
851,4,0,13,12,24019800,3625,3180,0,6639
852,8,0,12,13,24046440,3624,3180,0,6647
853,12,0,18,7,24063420,3623,3180,0,6659
854,8,0,16,9,24091560,3622,3180,0,6667
855,11,0,16,9,24126300,3621,3180,0,6678
856,9,0,20,5,24146280,3621,3180,0,6687
857,7,0,17,8,24178320,3621,3180,0,6694
858,9,0,15,10,24233880,3623,3180,0,6703
859,10,0,20,5,24264960,3625,3180,0,6713
860,10,0,15,10,24320340,3625,3180,0,6723
861,6,0,15,10,24345060,3626,3180,0,6729
862,5,0,13,12,24379980,3627,3180,0,6734
863,8,0,14,11,24416700,3629,3180,0,6742
864,2,0,10,15,24432240,3628,3180,0,6744
865,5,0,11,14,24457380,3629,3180,0,6749
866,7,0,11,14,24474300,3628,3180,0,6756
867,3,0,12,13,24478680,3628,3180,0,6759
868,4,0,12,13,24494520,3628,3180,0,6763
869,5,0,13,12,24511920,3628,3180,0,6768
870,8,0,14,11,24545520,3629,3180,0,6776
871,4,0,15,10,24559920,3630,3180,0,6780
872,4,0,11,14,24600120,3632,3180,0,6784
873,11,0,16,9,24616680,3631,3180,0,6795
874,10,0,22,3,24632280,3631,3180,0,6805
875,9,0,13,12,24697320,3631,3180,0,6814
876,6,0,13,12,24720720,3631,3180,0,6820
877,13,0,20,5,24743760,3631,3180,0,6833
878,17,1,25,0,24783960,3631,3480,0,6850
879,10,0,25,0,24828300,3632,5580,0,6860
880,11,0,20,5,24889560,3632,5760,0,6871
881,7,0,16,9,24943020,3634,5760,0,6878
882,10,0,14,11,24985740,3634,5760,0,6888
883,10,0,17,8,25003320,3633,5760,0,6898
884,5,0,17,8,25034820,3635,5760,0,6903
885,5,0,13,12,25078020,3637,5760,0,6908
886,7,0,14,11,25114080,3639,5760,0,6915
887,4,0,13,12,25134360,3639,5760,0,6919
888,6,0,13,12,25155780,3639,5760,0,6925
889,2,0,11,14,25180380,3640,5760,0,6927
890,8,0,12,13,25204320,3640,5760,0,6935
891,7,0,13,12,25222740,3640,5760,0,6942
892,6,0,16,9,25233000,3640,5760,0,6948
893,10,0,16,9,25267020,3639,5760,0,6958
894,10,0,20,5,25287240,3639,5760,0,6968
895,4,0,14,11,25328340,3640,5760,0,6972
896,12,0,19,6,25362180,3641,5760,0,6984
897,9,0,19,6,25389900,3640,5760,0,6993
898,15,0,19,6,25443480,3640,5760,0,7008
899,9,0,21,4,25468860,3640,5760,0,7017
900,13,0,19,6,25546260,3643,5760,0,7030
901,9,0,14,11,25594200,3643,5760,0,7039
902,5,0,14,11,25616040,3643,5760,0,7044
903,9,0,16,9,25639260,3643,5760,0,7053
904,10,0,14,11,25675380,3642,5760,0,7063
905,6,0,13,12,25698240,3642,5760,0,7069
906,8,0,14,11,25731840,3643,5760,0,7077
907,6,0,14,11,25751520,3642,5760,0,7083
908,9,0,17,8,25771620,3642,5760,0,7092
909,10,0,19,6,25801740,3642,5760,0,7102
910,7,0,13,12,25849740,3642,5760,0,7109
911,5,0,12,13,25860840,3641,5760,0,7114
912,7,0,12,13,25884300,3641,5760,0,7121
913,7,0,15,10,25897440,3640,5760,0,7128
914,4,0,10,15,25927620,3640,5760,0,7132
915,3,0,8,17,25942500,3640,5760,0,7135
916,7,0,13,12,25946280,3639,5760,0,7142
917,6,0,10,15,25969500,3638,5760,0,7148
918,2,0,12,13,25969500,3638,5760,0,7150
919,6,0,12,13,25992300,3638,5760,0,7156
920,8,0,15,10,26004180,3637,5760,0,7164
921,6,0,17,8,26022300,3637,5760,0,7170
922,11,0,16,9,26068740,3638,5760,0,7181
923,10,0,15,10,26098740,3636,5760,0,7191
924,10,0,19,6,26120100,3636,5760,0,7201
925,10,0,17,8,26167860,3637,5760,0,7211
926,13,0,20,5,26200560,3636,5760,0,7224
927,11,0,18,7,26260620,3638,5760,0,7235
928,11,0,18,7,26295360,3637,5760,0,7246
929,12,0,22,3,26336580,3639,5760,0,7258
930,9,0,22,3,26385240,3641,5880,0,7267
931,8,0,18,7,26451300,3644,5880,0,7275
932,12,0,17,8,26509320,3646,5880,0,7287
933,3,0,12,13,26545920,3647,5880,0,7290
934,4,0,13,12,26561040,3647,5880,0,7294
935,5,0,15,10,26564640,3646,5880,0,7299
936,6,0,14,11,26601720,3648,5880,0,7305
937,6,0,15,10,26633160,3650,5880,0,7311
938,4,0,11,14,26660760,3650,5880,0,7315
939,8,0,10,15,26685540,3649,5880,0,7323
940,4,0,11,14,26693820,3648,5880,0,7327
941,6,0,12,13,26706900,3647,5880,0,7333
942,11,0,18,7,26717520,3646,5880,0,7344
943,3,0,12,13,26747760,3646,5880,0,7347
944,11,0,19,6,26769120,3647,5880,0,7358
945,8,0,17,8,26801700,3646,5880,0,7366
946,8,0,17,8,26834880,3647,5880,0,7374
947,16,0,22,3,26872800,3647,5880,0,7390
948,12,0,23,2,26905440,3646,5880,0,7402
949,7,0,15,10,26972160,3647,5880,0,7409
950,13,0,21,4,27006000,3648,5880,0,7422
951,10,0,22,3,27040680,3649,5880,0,7432
952,10,0,19,6,27099300,3650,5880,0,7442
953,10,0,20,5,27143400,3652,5880,0,7452
954,9,0,18,7,27198300,3654,5880,0,7461
955,6,0,11,14,27248400,3654,5880,0,7467
956,4,0,12,13,27259740,3654,5880,0,7471
957,3,0,11,14,27271320,3654,5880,0,7474
958,5,0,11,14,27291240,3654,5880,0,7479
959,5,0,10,15,27305640,3653,5880,0,7484
960,8,0,15,10,27313020,3652,5880,0,7492
961,8,0,14,11,27348240,3653,5880,0,7500
962,6,0,14,11,27370560,3653,5880,0,7506
963,4,0,10,15,27401040,3653,5880,0,7510
964,6,0,13,12,27407340,3652,5880,0,7516
965,7,0,10,15,27428700,3650,5880,0,7523
966,6,0,13,12,27442560,3651,5880,0,7529
967,10,0,16,9,27460500,3650,5880,0,7539
968,13,0,16,9,27496980,3648,5880,0,7552
969,8,0,18,7,27520080,3648,5880,0,7560
970,14,0,18,7,27567360,3648,5880,0,7574
971,11,0,21,4,27593880,3648,5880,0,7585
972,10,0,19,6,27640800,3648,5880,0,7595
973,17,0,23,2,27694860,3649,5880,0,7612
974,6,0,17,8,27732780,3648,5880,0,7618
975,3,0,9,16,27793680,3651,5880,0,7621
976,10,0,14,11,27815040,3651,5880,0,7631
977,9,0,15,10,27833940,3650,5880,0,7640
978,8,0,12,13,27860820,3648,5880,0,7648
979,15,0,18,7,27881220,3646,5880,0,7663
980,7,0,12,13,27911700,3644,5880,0,7670
981,6,0,13,12,27931380,3644,5880,0,7676
982,4,0,13,12,27940380,3644,5880,0,7680
983,1,0,8,17,27983940,3647,5880,0,7681
984,3,0,10,15,27984420,3646,5880,0,7684
985,4,0,11,14,27996600,3646,5880,0,7688
986,8,0,15,10,28005900,3646,5880,0,7696
987,6,0,14,11,28032000,3646,5880,0,7702
988,7,0,17,8,28045560,3646,5880,0,7709
989,7,0,16,9,28077420,3646,5880,0,7716
990,11,0,15,10,28113780,3645,5880,0,7727
991,8,0,17,8,28148880,3647,5880,0,7735
992,7,0,19,6,28161480,3646,5880,0,7742
993,11,0,21,4,28200060,3647,5880,0,7753
994,6,0,17,8,28241880,3647,5880,0,7759
995,12,0,21,4,28286040,3649,5880,0,7771
996,10,0,16,9,28334700,3649,5880,0,7781
997,10,0,22,3,28350540,3649,5880,0,7791
998,10,0,23,2,28390080,3650,5880,0,7801
999,10,0,18,7,28460220,3652,5880,0,7811
1000,9,0,19,6,28491720,3652,5880,0,7820
1001,6,0,15,10,28537620,3653,5880,0,7826
1002,8,0,18,7,28566900,3654,5880,0,7834
1003,6,0,14,11,28604400,3655,5880,0,7840
1004,5,0,12,13,28633560,3655,5880,0,7845
1005,7,0,11,14,28656660,3654,5880,0,7852
1006,6,0,12,13,28676640,3654,5880,0,7858
1007,4,0,12,13,28689120,3654,5880,0,7862
1008,3,0,11,14,28709340,3655,5880,0,7865
1009,4,0,12,13,28717500,3655,5880,0,7869
1010,3,0,11,14,28737420,3655,5880,0,7872
1011,4,0,10,15,28750080,3654,5880,0,7876
1012,6,0,11,14,28763520,3654,5880,0,7882
1013,3,0,11,14,28771620,3654,5880,0,7885
1014,5,0,12,13,28780500,3653,5880,0,7890
1015,7,0,15,10,28800360,3653,5880,0,7897
1016,7,0,15,10,28821420,3653,5880,0,7904
1017,5,0,16,9,28854120,3655,5880,0,7909
1018,5,0,13,12,28884000,3655,5880,0,7914
1019,9,0,16,9,28910460,3656,5880,0,7923
1020,12,0,19,6,28947720,3656,5880,0,7935
1021,7,0,16,9,28983480,3656,5880,0,7942
1022,9,0,16,9,29005980,3655,5880,0,7951
1023,8,0,16,9,29043480,3656,5880,0,7959
1024,10,0,16,9,29096280,3658,5880,0,7969
1025,14,0,20,5,29122020,3657,5880,0,7983
1026,6,0,15,10,29165280,3657,5880,0,7989
1027,12,0,19,6,29194800,3657,5880,0,8001
1028,11,0,18,7,29244540,3658,5880,0,8012
1029,12,0,20,5,29277360,3657,5880,0,8024
1030,5,0,14,11,29336220,3660,5880,0,8029
1031,6,0,14,11,29355060,3659,5880,0,8035
1032,4,0,10,15,29397780,3661,5880,0,8039
1033,4,0,12,13,29406180,3661,5880,0,8043
1034,4,0,14,11,29416560,3661,5880,0,8047
1035,9,0,16,9,29442960,3662,5880,0,8056
1036,5,0,15,10,29463180,3661,5880,0,8061
1037,4,0,13,12,29492640,3662,5880,0,8065
1038,7,0,15,10,29524860,3664,5880,0,8072
1039,6,0,17,8,29544600,3665,5880,0,8078
1040,9,0,16,9,29581560,3665,5880,0,8087
1041,11,0,12,13,29626080,3663,5880,0,8098
1042,11,0,14,11,29654820,3663,5880,0,8109
1043,7,0,16,9,29679900,3664,5880,0,8116
1044,6,0,12,13,29706480,3662,5880,0,8122
1045,6,0,12,13,29727960,3662,5880,0,8128
1046,10,0,18,7,29737800,3662,5880,0,8138
1047,12,0,22,3,29772000,3662,5880,0,8150
1048,7,0,14,11,29830380,3663,5880,0,8157
1049,7,0,15,10,29858220,3664,5880,0,8164
1050,5,0,12,13,29890560,3664,5880,0,8169
1051,12,0,21,4,29897820,3663,5880,0,8181
1052,10,0,18,7,29942160,3663,5880,0,8191
1053,9,0,18,7,29981340,3664,5880,0,8200
1054,6,0,12,13,30026400,3664,5880,0,8206
1055,5,0,14,11,30040500,3664,5880,0,8211
1056,5,0,9,16,30068040,3663,5880,0,8216
1057,6,0,10,15,30083160,3663,5880,0,8222
1058,9,0,16,9,30090420,3662,5880,0,8231
1059,8,0,19,6,30105660,3662,5880,0,8239
1060,3,0,13,12,30149160,3663,5880,0,8242
1061,6,0,15,10,30178380,3665,5880,0,8248
1062,2,0,10,15,30203820,3665,5880,0,8250
1063,8,0,12,13,30220800,3664,5880,0,8258
1064,8,0,12,13,30237600,3663,5880,0,8266
1065,8,0,16,9,30249180,3663,5880,0,8274
1066,11,0,19,6,30276720,3662,5880,0,8285
1067,11,0,15,10,30326220,3662,5880,0,8296
1068,11,0,18,7,30345000,3660,5880,0,8307
1069,10,0,15,10,30392400,3660,5880,0,8317
1070,13,1,25,0,30404460,3661,5880,0,8330
1071,10,0,21,4,30469980,3662,6780,0,8340
1072,10,0,19,6,30522420,3663,6780,0,8350
1073,13,0,17,8,30581880,3664,6780,0,8363
1074,6,0,16,9,30606960,3664,6780,0,8369
1075,7,0,14,11,30640200,3664,6780,0,8376
1076,4,0,15,10,30646260,3663,6780,0,8380
1077,4,0,13,12,30684540,3665,6780,0,8384
1078,10,0,15,10,30704340,3664,6780,0,8394
1079,7,0,14,11,30728580,3663,6780,0,8401
1080,10,0,16,9,30748200,3662,6780,0,8411
1081,4,0,11,14,30779100,3662,6780,0,8415
1082,5,0,11,14,30804480,3663,6780,0,8420
1083,4,0,10,15,30823380,3663,6780,0,8424
1084,9,0,16,9,30829200,3662,6780,0,8433
1085,10,0,15,10,30862740,3661,6780,0,8443
1086,4,0,13,12,30873480,3660,6780,0,8447
1087,8,0,15,10,30906120,3661,6780,0,8455
1088,14,0,20,5,30925080,3660,6780,0,8469
1089,13,0,18,7,30984900,3660,6780,0,8482
1090,12,0,19,6,31011180,3659,6780,0,8494
1091,14,0,23,2,31041480,3658,6780,0,8508
1092,9,0,23,2,31086780,3659,6780,0,8517
1093,8,0,17,8,31143780,3660,7020,0,8525
1094,10,0,16,9,31199820,3662,7020,0,8535
1095,13,0,15,10,31239720,3661,7020,0,8548
1096,9,0,16,9,31274280,3661,7020,0,8557
1097,4,0,15,10,31281060,3660,7020,0,8561
1098,8,0,14,11,31311720,3660,7020,0,8569
1099,7,0,15,10,31339740,3660,7020,0,8576
1100,5,0,18,7,31351200,3661,7020,0,8581
1101,7,0,12,13,31407720,3662,7020,0,8588
1102,6,0,11,14,31429140,3661,7020,0,8594
1103,8,0,14,11,31447860,3661,7020,0,8602
1104,4,0,13,12,31467180,3661,7020,0,8606
1105,8,0,15,10,31482000,3661,7020,0,8614
1106,6,0,16,9,31501320,3661,7020,0,8620
1107,2,0,12,13,31532700,3662,7020,0,8622
1108,6,0,12,13,31558920,3662,7020,0,8628
1109,6,0,12,13,31581180,3662,7020,0,8634
1110,6,0,11,14,31599240,3661,7020,0,8640
1111,11,0,21,4,31600260,3661,7020,0,8651
1112,12,0,18,7,31655700,3661,7020,0,8663
1113,10,0,13,12,31701840,3660,7020,0,8673
1114,11,0,19,6,31715160,3660,7020,0,8684
1115,6,0,16,9,31757700,3661,7020,0,8690
1116,10,0,16,9,31805100,3662,7020,0,8700
1117,8,0,15,10,31834680,3662,7020,0,8708
1118,8,0,16,9,31875300,3663,7020,0,8716
1119,9,0,12,13,31910940,3662,7020,0,8725
1120,7,0,14,11,31923000,3661,7020,0,8732
1121,7,0,15,10,31947780,3662,7020,0,8739
1122,5,0,12,13,31985400,3663,7020,0,8744
1123,13,0,19,6,31998180,3661,7020,0,8757
1124,11,0,18,7,32044800,3662,7020,0,8768
1125,5,0,13,12,32081820,3662,7020,0,8773
1126,7,0,14,11,32106780,3662,7020,0,8780
1127,12,0,17,8,32132940,3661,7020,0,8792
1128,6,0,15,10,32180160,3663,7020,0,8798
1129,2,0,12,13,32201280,3664,7020,0,8800
1130,5,0,14,11,32215860,3664,7020,0,8805
1131,5,0,12,13,32244240,3664,7020,0,8810
1132,4,0,10,15,32269320,3665,7020,0,8814
1133,10,0,17,8,32277780,3665,7020,0,8824
1134,7,0,16,9,32313720,3665,7020,0,8831
1135,6,0,15,10,32340480,3665,7020,0,8837
1136,4,0,10,15,32375220,3666,7020,0,8841
1137,10,0,13,12,32395320,3665,7020,0,8851
1138,8,0,14,11,32421120,3665,7020,0,8859
1139,11,0,16,9,32445540,3664,7020,0,8870
1140,13,0,13,12,32488380,3662,7020,0,8883
1141,11,0,17,8,32516640,3663,7020,0,8894
1142,13,0,18,7,32554560,3662,7020,0,8907
1143,8,0,14,11,32596860,3662,7020,0,8915
1144,10,0,17,8,32610240,3660,7020,0,8925
1145,10,0,17,8,32645640,3660,7020,0,8935
1146,7,0,12,13,32692140,3660,7020,0,8942
1147,7,0,14,11,32716080,3661,7020,0,8949
1148,7,0,13,12,32742240,3661,7020,0,8956
1149,12,0,20,5,32762400,3661,7020,0,8968
1150,6,0,12,13,32810400,3661,7020,0,8974
1151,4,0,12,13,32824620,3661,7020,0,8978
1152,4,0,12,13,32849880,3662,7020,0,8982
1153,5,0,14,11,32859000,3661,7020,0,8987
1154,7,0,10,15,32885460,3660,7020,0,8994
1155,8,0,14,11,32897100,3660,7020,0,9002
1156,7,0,12,13,32909100,3657,7020,0,9009
1157,2,0,8,17,32925480,3657,7020,0,9011
1158,5,0,8,17,32934780,3656,7020,0,9016
1159,11,0,14,11,32939820,3654,7020,0,9027
1160,12,0,18,7,32958600,3653,7020,0,9039
1161,12,0,18,7,32999760,3653,7020,0,9051
1162,11,0,20,5,33024120,3652,7020,0,9062
1163,6,0,14,11,33066120,3652,7020,0,9068
1164,14,0,18,7,33105720,3652,7020,0,9082
1165,13,0,20,5,33135900,3651,7020,0,9095
1166,9,0,16,9,33175080,3650,7020,0,9104
1167,10,0,12,13,33225300,3650,7020,0,9114
1168,10,0,15,10,33243840,3649,7020,0,9124
1169,4,0,10,15,33270360,3648,7020,0,9128
1170,7,0,12,13,33284760,3648,7020,0,9135
1171,5,0,12,13,33310500,3649,7020,0,9140
1172,10,0,14,11,33334440,3648,7020,0,9150
1173,8,0,16,9,33350940,3648,7020,0,9158
1174,7,0,14,11,33380220,3647,7020,0,9165
1175,4,0,14,11,33403200,3648,7020,0,9169
1176,4,0,13,12,33427920,3649,7020,0,9173
1177,6,0,17,8,33431220,3648,7020,0,9179
1178,13,0,16,9,33496320,3650,7020,0,9192
1179,6,0,14,11,33540000,3652,7020,0,9198
1180,5,0,13,12,33573840,3653,7020,0,9203
1181,4,0,10,15,33599340,3653,7020,0,9207
1182,5,0,10,15,33622560,3653,7020,0,9212
1183,9,0,15,10,33635820,3653,7020,0,9221
1184,5,0,12,13,33660960,3653,7020,0,9226
1185,8,0,17,8,33672600,3653,7020,0,9234
1186,9,0,11,14,33723120,3652,7020,0,9243
1187,13,0,17,8,33744900,3652,7020,0,9256
1188,10,0,18,7,33768060,3651,7020,0,9266
1189,13,0,22,3,33808500,3652,7020,0,9279
1190,12,0,19,6,33872640,3653,7020,0,9291
1191,13,0,18,7,33917580,3652,7020,0,9304
1192,12,0,15,10,33959940,3651,7020,0,9316
1193,12,0,21,4,33988980,3651,7020,0,9328
1194,9,0,20,5,34027560,3652,7020,0,9337
1195,5,0,17,8,34052520,3651,7020,0,9342
1196,6,0,13,12,34106400,3653,7020,0,9348
1197,9,0,13,12,34130820,3652,7020,0,9357
1198,6,0,11,14,34157520,3652,7020,0,9363
1199,2,0,13,12,34157520,3652,7020,0,9365
1200,3,0,11,14,34173420,3652,7020,0,9368
1201,5,0,14,11,34182480,3652,7020,0,9373
1202,5,0,13,12,34217700,3653,7020,0,9378
1203,4,0,8,17,34247040,3653,7020,0,9382
1204,5,0,11,14,34254420,3653,7020,0,9387
1205,3,0,11,14,34262760,3653,7020,0,9390
1206,11,0,16,9,34281000,3652,7020,0,9401
1207,10,0,18,7,34299240,3651,7020,0,9411
1208,10,0,18,7,34338720,3651,7020,0,9421
1209,10,0,16,9,34377780,3651,7020,0,9431
1210,11,0,19,6,34404120,3651,7020,0,9442
1211,13,0,20,5,34441260,3650,7020,0,9455
1212,9,0,17,8,34495860,3651,7020,0,9464
1213,11,0,16,9,34537260,3651,7020,0,9475
1214,9,0,17,8,34561140,3650,7020,0,9484
1215,10,0,17,8,34595100,3650,7020,0,9494
1216,7,0,17,8,34626720,3651,7020,0,9501
1217,9,0,15,10,34673940,3651,7020,0,9510
1218,10,0,17,8,34697700,3651,7020,0,9520
1219,8,0,15,10,34732140,3651,7020,0,9528
1220,7,0,13,12,34765500,3651,7020,0,9535
1221,11,0,15,10,34796100,3650,7020,0,9546
1222,6,0,13,12,34816500,3649,7020,0,9552
1223,4,0,12,13,34834140,3649,7020,0,9556
1224,7,0,13,12,34861560,3650,7020,0,9563
1225,9,0,18,7,34875300,3650,7020,0,9572
1226,5,0,14,11,34915200,3651,7020,0,9577
1227,8,0,14,11,34940520,3650,7020,0,9585
1228,2,0,14,11,34954440,3651,7020,0,9587
1229,6,0,9,16,34998720,3651,7020,0,9593
1230,6,0,13,12,35002560,3651,7020,0,9599
1231,14,0,18,7,35021820,3650,7020,0,9613
1232,8,0,15,10,35055360,3649,7020,0,9621
1233,6,0,11,14,35089500,3649,7020,0,9627
1234,10,0,14,11,35107800,3648,7020,0,9637
1235,6,0,14,11,35121120,3647,7020,0,9643
1236,9,0,14,11,35155380,3647,7020,0,9652
1237,9,0,15,10,35181120,3647,7020,0,9661
1238,13,0,20,5,35211780,3647,7020,0,9674
1239,11,0,20,5,35241420,3646,7020,0,9685
1240,8,0,17,8,35286720,3646,7020,0,9693
1241,9,0,16,9,35327400,3647,7020,0,9702
1242,4,0,12,13,35360220,3647,7020,0,9706
1243,10,0,15,10,35377380,3646,7020,0,9716
1244,10,0,16,9,35403720,3646,7020,0,9726
1245,5,0,15,10,35428980,3646,7020,0,9731
1246,4,0,12,13,35472480,3648,7020,0,9735
1247,5,0,13,12,35490000,3648,7020,0,9740
1248,5,0,11,14,35521800,3649,7020,0,9745
1249,8,0,14,11,35542500,3649,7020,0,9753
1250,2,0,12,13,35562480,3650,7020,0,9755
1251,4,0,9,16,35591580,3650,7020,0,9759
1252,5,0,12,13,35598180,3650,7020,0,9764
1253,6,0,13,12,35619540,3650,7020,0,9770
1254,2,0,10,15,35629920,3649,7020,0,9772
1255,5,0,11,14,35648460,3650,7020,0,9777
1256,8,0,17,8,35656020,3650,7020,0,9785
1257,7,0,13,12,35694720,3650,7020,0,9792
1258,9,0,17,8,35718660,3650,7020,0,9801
1259,11,0,19,6,35748960,3650,7020,0,9812
1260,9,0,18,7,35789280,3650,7020,0,9821
1261,11,0,19,6,35820360,3650,7020,0,9832
1262,15,0,20,5,35876280,3650,7020,0,9847
1263,11,0,20,5,35907900,3649,7020,0,9858
1264,11,0,19,6,35949360,3649,7020,0,9869
1265,13,0,17,8,36008940,3650,7020,0,9882
1266,5,0,10,15,36058560,3650,7020,0,9887
1267,10,0,14,11,36068160,3649,7020,0,9897
1268,4,0,13,12,36088380,3649,7020,0,9901
1269,6,0,12,13,36106620,3648,7020,0,9907
1270,6,0,12,13,36133200,3649,7020,0,9913
1271,9,0,15,10,36164400,3650,7020,0,9922
1272,9,0,19,6,36179820,3650,7020,0,9931
1273,9,0,17,8,36224040,3650,7020,0,9940
1274,7,0,16,9,36246900,3649,7020,0,9947
1275,7,0,15,10,36283200,3650,7020,0,9954
1276,8,0,18,7,36305160,3650,7020,0,9962
1277,10,0,16,9,36356040,3651,7020,0,9972
1278,6,0,13,12,36395580,3652,7020,0,9978
1279,9,0,16,9,36418080,3652,7020,0,9987
1280,12,0,19,6,36451860,3652,7020,0,9999
1281,9,0,16,9,36496620,3652,7020,0,10008
1282,20,1,25,0,36527220,3651,7200,0,10028
1283,10,0,20,5,36588000,3652,7980,0,10038
1284,12,0,20,5,36631200,3652,7980,0,10050
1285,10,0,16,9,36680700,3652,7980,0,10060
1286,9,0,20,5,36701940,3652,7980,0,10069
1287,14,0,23,2,36754800,3653,7980,0,10083
1288,7,0,17,8,36802620,3653,7980,0,10090
1289,8,0,13,12,36840540,3653,7980,0,10098
1290,7,0,16,9,36863160,3653,7980,0,10105
1291,12,0,17,8,36898920,3653,7980,0,10117
1292,11,0,19,6,36930780,3653,7980,0,10128
1293,9,0,14,11,36986520,3653,7980,0,10137
1294,10,0,19,6,37007280,3653,7980,0,10147
1295,3,0,15,10,37032360,3653,7980,0,10150
1296,6,0,11,14,37077960,3654,7980,0,10156
1297,3,0,9,16,37092540,3654,7980,0,10159
1298,5,0,13,12,37094700,3654,7980,0,10164
1299,4,0,13,12,37110660,3654,7980,0,10168
1300,10,0,18,7,37129860,3654,7980,0,10178
1301,4,0,14,11,37166100,3655,7980,0,10182
1302,8,0,14,11,37208340,3656,7980,0,10190
1303,4,0,15,10,37220400,3656,7980,0,10194
1304,3,0,14,11,37236360,3656,7980,0,10197
1305,8,0,14,11,37275480,3657,7980,0,10205
1306,12,0,14,11,37308900,3656,7980,0,10217
1307,11,0,19,6,37317060,3655,7980,0,10228
1308,13,0,20,5,37378080,3656,7980,0,10241
1309,13,0,19,6,37421580,3656,7980,0,10254
1310,12,0,18,7,37459920,3655,7980,0,10266
1311,7,0,16,9,37492860,3655,7980,0,10273
1312,8,0,17,8,37518300,3655,7980,0,10281
1313,7,0,17,8,37550760,3655,7980,0,10288
1314,11,0,17,8,37589760,3655,7980,0,10299
1315,12,0,16,9,37637880,3655,7980,0,10311
1316,7,0,10,15,37675680,3654,7980,0,10318
1317,6,0,13,12,37687560,3655,7980,0,10324
1318,5,0,12,13,37705140,3654,7980,0,10329
1319,4,0,12,13,37722780,3654,7980,0,10333
1320,9,0,14,11,37748700,3654,7980,0,10342
1321,5,0,14,11,37760940,3654,7980,0,10347
1322,6,0,14,11,37787700,3654,7980,0,10353
1323,1,0,10,15,37822080,3656,7980,0,10354
1324,5,0,8,17,37840080,3655,7980,0,10359
1325,6,0,12,13,37846140,3655,7980,0,10365
1326,16,0,21,4,37854840,3653,7980,0,10381
1327,7,0,19,6,37884180,3653,7980,0,10388
1328,5,0,13,12,37961460,3657,7980,0,10393
1329,9,0,16,9,37983180,3657,7980,0,10402
1330,7,0,13,12,38012460,3656,7980,0,10409
1331,12,0,16,9,38046540,3656,7980,0,10421
1332,10,0,20,5,38063340,3656,7980,0,10431
1333,9,0,15,10,38115300,3656,7980,0,10440
1334,11,0,14,11,38152440,3655,7980,0,10451
1335,6,0,14,11,38169060,3654,7980,0,10457
1336,12,0,19,6,38197080,3655,7980,0,10469
1337,16,0,22,3,38235540,3654,7980,0,10485
1338,9,0,18,7,38275620,3653,7980,0,10494
1339,9,0,19,6,38310960,3654,7980,0,10503
1340,8,0,14,11,38372460,3655,7980,0,10511
1341,4,0,12,13,38390040,3655,7980,0,10515
1342,9,0,11,14,38411640,3653,7980,0,10524
1343,5,0,11,14,38434080,3654,7980,0,10529
1344,4,0,12,13,38448480,3654,7980,0,10533
1345,3,0,11,14,38453520,3653,7980,0,10536
1346,6,0,16,9,38454300,3653,7980,0,10542
1347,6,0,17,8,38462820,3652,7980,0,10548
1348,7,0,19,6,38482080,3652,7980,0,10555
1349,7,0,16,9,38526540,3653,7980,0,10562
1350,7,0,20,5,38533440,3652,7980,0,10569
1351,9,0,20,5,38564160,3652,7980,0,10578
1352,8,0,20,5,38596380,3652,7980,0,10586
1353,6,0,17,8,38624040,3652,7980,0,10592
1354,7,0,19,6,38643900,3652,7980,0,10599
1355,8,0,19,6,38660820,3651,7980,0,10607
1356,6,0,18,7,38689860,3651,7980,0,10613
1357,8,0,19,6,38706420,3650,7980,0,10621
1358,10,0,19,6,38736600,3650,7980,0,10631
1359,10,0,22,3,38764080,3650,7980,0,10641
1360,5,0,19,6,38803800,3651,7980,0,10646
1361,12,0,21,4,38839920,3651,7980,0,10658
1362,14,0,18,7,38883660,3649,7980,0,10672
1363,8,0,22,3,38893440,3649,7980,0,10680
1364,12,0,24,1,38935020,3649,7980,0,10692
1365,4,0,18,7,38982300,3650,7980,0,10696
1366,5,0,17,8,39008160,3651,7980,0,10701
1367,7,0,18,7,39036840,3651,7980,0,10708
1368,4,0,16,9,39054960,3651,7980,0,10712
1369,11,0,19,6,39077460,3650,7980,0,10723
1370,7,0,21,4,39093480,3650,7980,0,10730
1371,8,0,19,6,39138480,3651,7980,0,10738
1372,5,0,17,8,39169980,3651,7980,0,10743
1373,9,0,20,5,39189480,3651,7980,0,10752
1374,7,0,18,7,39223500,3651,7980,0,10759
1375,7,0,14,11,39257460,3651,7980,0,10766
1376,9,0,17,8,39271200,3650,7980,0,10775
1377,5,0,16,9,39293400,3650,7980,0,10780
1378,8,0,18,7,39311100,3650,7980,0,10788
1379,8,0,17,8,39340620,3649,7980,0,10796
1380,11,0,23,2,39355140,3649,7980,0,10807
1381,9,0,21,4,39400920,3649,7980,0,10816
1382,14,0,23,2,39435240,3649,8880,0,10830
1383,14,0,23,2,39485100,3648,9660,0,10844
1384,8,0,18,7,39530460,3648,9660,0,10852
1385,7,0,17,8,39558240,3648,9660,0,10859
1386,4,0,13,12,39582060,3648,9660,0,10863
1387,11,0,19,6,39588900,3647,9660,0,10874
1388,9,0,19,6,39626820,3647,9660,0,10883
1389,7,0,16,9,39654600,3646,9660,0,10890
1390,9,0,20,5,39670440,3646,9660,0,10899
1391,5,0,20,5,39688560,3646,9660,0,10904
1392,6,0,14,11,39735120,3646,9660,0,10910
1393,6,0,17,8,39741060,3646,9660,0,10916
1394,4,0,15,10,39757500,3645,9660,0,10920
1395,5,0,15,10,39781740,3646,9660,0,10925
1396,6,0,18,7,39791760,3646,9660,0,10931
1397,7,0,17,8,39817620,3645,9660,0,10938
1398,1,0,13,12,39841860,3646,9660,0,10939
1399,5,0,17,8,39842880,3646,9660,0,10944
1400,13,0,24,1,39861120,3645,9660,0,10957
1401,8,0,22,3,39903420,3646,9660,0,10965
1402,6,0,20,5,39930000,3646,9660,0,10971
1403,8,0,15,10,39983940,3646,9660,0,10979
1404,7,0,19,6,39992820,3646,9660,0,10986
1405,13,0,20,5,40020120,3645,10020,0,10999
1406,11,0,22,3,40048620,3644,10020,0,11010
1407,11,0,23,2,40081500,3644,10020,0,11021
1408,6,0,19,6,40115640,3644,10020,0,11027
1409,8,0,23,2,40141740,3645,10020,0,11035
1410,12,0,23,2,40181520,3644,10020,0,11047
1411,10,0,22,3,40215300,3644,10020,0,11057
1412,5,0,20,5,40247040,3644,10020,0,11062
1413,9,0,24,1,40273140,3645,10020,0,11071
1414,5,0,22,3,40312260,3646,10020,0,11076
1415,6,0,19,6,40361400,3648,10020,0,11082
1416,4,0,19,6,40379520,3648,10020,0,11086
1417,9,0,21,4,40415220,3649,10020,0,11095
1418,9,0,22,3,40450620,3650,10020,0,11104
1419,8,0,19,6,40483080,3649,10020,0,11112
1420,8,0,20,5,40514940,3649,10020,0,11120
1421,10,0,21,4,40550220,3650,10020,0,11130
1422,6,0,20,5,40573620,3650,10020,0,11136
1423,13,0,22,3,40611120,3649,10020,0,11149
1424,10,0,20,5,40650900,3649,10020,0,11159
1425,13,0,22,3,40688040,3649,10020,0,11172
1426,9,0,21,4,40726380,3649,10020,0,11181
1427,6,0,20,5,40760580,3650,10020,0,11187
1428,12,0,24,1,40791420,3650,10020,0,11199
1429,9,0,23,2,40831560,3650,10080,0,11208
1430,6,0,20,5,40864080,3650,10080,0,11214
1431,6,0,16,9,40920660,3652,10080,0,11220
1432,9,0,18,7,40940940,3651,10080,0,11229
1433,5,0,19,6,40960200,3652,10080,0,11234
1434,8,0,16,9,40996140,3651,10080,0,11242
1435,4,0,16,9,40999320,3650,10080,0,11246
1436,8,0,18,7,41026440,3651,10080,0,11254
1437,10,0,16,9,41056920,3650,10080,0,11264
1438,6,0,17,8,41064960,3649,10080,0,11270
1439,5,0,15,10,41089260,3649,10080,0,11275
1440,8,0,16,9,41110740,3648,10080,0,11283
1441,4,0,14,11,41131920,3648,10080,0,11287
1442,5,0,13,12,41147760,3648,10080,0,11292
1443,7,0,18,7,41151300,3647,10080,0,11299
1444,6,0,21,4,41162880,3647,10080,0,11305
1445,4,0,17,8,41199600,3648,10080,0,11309
1446,8,0,19,6,41221200,3648,10080,0,11317
1447,9,0,21,4,41243580,3648,10080,0,11326
1448,15,4,25,0,41277000,3648,12540,1,11341
1449,10,0,20,5,41345520,3648,24300,2,11351
1450,18,0,24,1,41374140,3646,24360,2,11369
1451,14,3,25,0,41413140,3647,25020,2,11383
1452,12,5,25,0,41448840,3647,31920,2,11395
1453,7,0,23,2,41509920,3647,37740,3,11402
1454,16,2,25,0,41556720,3648,39120,3,11418
1455,9,2,25,0,41599560,3649,46440,4,11427
1456,10,0,23,2,41656260,3649,58260,5,11437
1457,9,0,23,2,41691660,3649,58620,5,11446
1458,8,0,21,4,41742600,3651,58620,5,11454
1459,12,0,23,2,41782260,3651,58620,5,11466
1460,6,0,20,5,41818860,3651,58620,5,11472
1461,9,0,19,6,41862540,3652,58620,5,11481
1462,4,0,19,6,41875380,3652,58620,5,11485
1463,11,0,20,5,41917800,3652,58620,5,11496
1464,3,0,16,9,41949840,3653,58620,5,11499
1465,2,0,11,14,41976960,3653,58620,5,11501
1466,1,0,12,13,41976960,3653,58620,5,11502
1467,8,0,19,6,41977860,3653,58620,5,11510
1468,5,0,18,7,41993340,3652,58620,5,11515
1469,5,0,18,7,42019980,3653,58620,5,11520
1470,6,0,16,9,42044580,3652,58620,5,11526
1471,5,0,15,10,42059160,3652,58620,5,11531
1472,11,0,18,7,42089940,3652,58620,5,11542
1473,8,0,19,6,42105360,3651,58620,5,11550
1474,11,0,23,2,42140340,3652,58620,5,11561
1475,9,0,21,4,42181320,3652,58620,5,11570
1476,8,0,18,7,42213060,3651,58620,5,11578
1477,12,0,23,2,42250800,3652,58620,5,11590
1478,4,0,15,10,42298200,3653,58620,5,11594
1479,10,0,18,7,42317460,3652,58620,5,11604
1480,12,0,22,3,42334440,3651,58620,5,11616
1481,7,0,18,7,42371160,3651,58620,5,11623
1482,9,0,21,4,42396900,3651,58620,5,11632
1483,10,0,22,3,42415260,3650,58620,5,11642
1484,7,0,19,6,42456480,3650,58620,5,11649
1485,9,0,17,8,42495000,3650,58620,5,11658
1486,4,0,15,10,42517800,3650,58620,5,11662
1487,4,0,16,9,42523680,3650,58620,5,11666
1488,6,0,18,7,42540120,3650,58620,5,11672
1489,6,0,19,6,42562740,3650,58620,5,11678
1490,7,0,18,7,42591600,3650,58620,5,11685
1491,7,0,18,7,42611940,3650,58620,5,11692
1492,6,0,17,8,42628980,3649,58620,5,11698
1493,9,0,21,4,42649560,3649,58620,5,11707
1494,5,0,19,6,42675420,3649,58620,5,11712
1495,7,0,16,9,42729720,3651,58620,5,11719
1496,9,0,20,5,42740760,3650,58620,4,11728
1497,7,0,21,4,42760980,3650,58620,4,11735
1498,6,0,13,12,42829680,3651,58980,5,11741
1499,13,0,17,8,42845700,3650,58980,5,11754
1500,12,0,22,3,42864000,3649,58980,5,11766
1501,7,0,20,5,42890280,3649,58980,5,11773
1502,15,2,25,0,42919680,3649,58980,5,11788
1503,12,3,25,0,42963360,3649,63600,5,11800
1504,13,0,23,2,43023060,3649,69060,5,11813
1505,9,0,20,5,43075200,3649,69060,5,11822
1506,4,0,20,5,43089180,3649,69060,5,11826
1507,6,0,18,7,43133160,3651,69060,5,11832
1508,10,0,20,5,43165560,3651,69060,5,11842
1509,4,0,16,9,43190340,3650,69060,5,11846
1510,6,0,14,11,43211100,3650,69060,5,11852
1511,12,0,21,4,43216200,3649,69060,5,11864
1512,3,0,15,10,43261620,3650,69060,5,11867
1513,7,0,18,7,43282980,3650,69060,5,11874
1514,6,0,18,7,43293780,3649,69060,5,11880
1515,8,0,19,6,43328520,3650,69060,5,11888
1516,5,0,17,8,43354980,3650,69060,5,11893
1517,10,0,18,7,43377240,3649,69060,5,11903
1518,8,0,21,4,43389300,3649,69060,5,11911
1519,8,0,20,5,43434240,3650,69060,5,11919
1520,10,0,19,6,43475640,3650,69060,5,11929
1521,14,0,25,0,43501680,3650,69060,5,11943
1522,14,0,24,1,43562220,3650,69180,5,11957
1523,6,0,18,7,43592580,3649,69180,5,11963
1524,13,0,22,3,43623480,3649,69180,5,11976
1525,19,3,25,0,43659660,3648,72000,6,11995
1526,9,2,25,0,43701480,3648,83640,6,12004
1527,13,2,25,0,43748580,3648,86760,7,12017
1528,6,0,19,6,43798980,3648,91800,7,12023
1529,12,0,19,6,43847580,3649,91800,7,12035
1530,10,0,22,3,43864860,3648,91800,7,12045
1531,8,0,20,5,43907580,3648,91800,7,12053
1532,6,0,16,9,43942260,3648,91800,7,12059
1533,8,0,16,9,43966500,3648,91800,7,12067
1534,7,0,16,9,43992060,3648,91800,7,12074
1535,3,0,14,11,44005320,3647,91800,7,12077
1536,6,0,16,9,44019660,3647,91800,7,12083
1537,3,0,15,10,44030880,3647,91800,7,12086
1538,4,0,17,8,44035620,3647,91800,7,12090
1539,2,0,15,10,44056380,3647,91800,7,12092
1540,6,0,19,6,44068560,3648,91800,7,12098
1541,9,0,20,5,44101920,3648,91800,7,12107
1542,8,0,21,4,44126640,3648,91800,7,12115
1543,7,0,20,5,44164320,3649,91800,7,12122
1544,8,0,22,3,44193180,3649,91800,7,12130
1545,16,0,23,2,44233920,3648,91800,7,12146
1546,6,0,19,6,44274300,3649,91800,7,12152
1547,13,0,20,5,44308080,3648,91800,7,12165
1548,14,0,22,3,44335380,3646,91800,7,12179
1549,21,7,25,0,44356560,3645,93840,7,12200
1550,13,13,25,0,44397660,3646,99840,8,12213
1551,6,5,25,0,44472360,3648,132960,10,12219
1552,16,3,25,0,44518380,3646,166380,13,12235
1553,10,0,24,1,44570760,3647,182100,14,12245
1554,6,0,18,7,44622420,3647,182100,14,12251
1555,16,0,24,1,44654220,3647,182100,14,12267
1556,7,0,20,5,44690340,3647,182100,14,12274
1557,6,0,17,8,44728200,3647,182100,14,12280
1558,3,0,16,9,44746920,3647,182100,14,12283
1559,7,0,17,8,44772840,3648,182100,14,12290
1560,8,0,18,7,44796900,3647,182100,14,12298
1561,3,0,14,11,44817240,3647,182100,14,12301
1562,5,0,16,9,44830620,3647,182100,14,12306
1563,7,0,15,10,44851680,3647,182100,14,12313
1564,6,0,19,6,44859720,3647,182100,14,12319
1565,11,0,24,1,44891460,3647,182100,14,12330
1566,8,0,24,1,44922780,3648,182400,14,12338
1567,14,0,21,4,44981760,3647,182400,14,12352
1568,11,1,25,0,45003780,3647,182400,14,12363
1569,8,0,24,1,45049620,3648,182520,14,12371
1570,9,0,22,3,45097560,3649,182700,14,12380
1571,4,0,18,7,45135000,3649,182700,14,12384
1572,17,0,23,2,45181680,3650,183060,14,12401
1573,8,0,18,7,45221700,3649,183060,14,12409
1574,16,4,25,0,45236880,3649,183420,14,12425
1575,10,6,25,0,45274200,3649,190740,15,12435
1576,8,2,25,0,45332460,3651,210780,16,12443
1577,17,7,25,0,45380820,3651,213240,17,12460
1578,8,9,25,0,45417840,3652,225000,18,12468
1579,8,3,25,0,45481620,3653,261180,20,12476
1580,8,0,21,4,45535500,3653,273540,21,12484
1581,4,0,16,9,45572100,3653,273540,21,12488
1582,4,0,15,10,45590100,3653,273540,21,12492
1583,5,0,18,7,45600180,3654,273540,21,12497
1584,7,0,20,5,45614520,3653,273540,21,12504
1585,6,0,16,9,45654780,3654,273540,21,12510
1586,6,0,18,7,45671640,3654,273540,21,12516
1587,5,0,13,12,45709920,3654,273540,21,12521
1588,4,0,14,11,45718740,3654,273540,21,12525
1589,8,0,16,9,45736380,3653,273540,21,12533
1590,4,0,16,9,45746280,3653,273540,21,12537
1591,10,0,21,4,45759600,3653,273540,21,12547
1592,12,0,23,2,45789720,3652,274920,21,12559
1593,13,0,23,2,45837360,3652,275220,21,12572
1594,11,0,23,2,45882000,3653,275220,21,12583
1595,8,0,20,5,45933360,3653,275220,21,12591
1596,6,0,12,13,45972540,3652,275220,21,12597
1597,12,0,22,3,45975960,3652,275220,21,12609
1598,11,0,20,5,46006260,3651,275220,21,12620
1599,15,0,24,1,46037160,3650,275220,21,12635
1600,9,0,22,3,46071300,3650,275820,21,12644
1601,8,0,23,2,46102680,3650,276000,21,12652
1602,10,0,22,3,46162500,3652,276000,21,12662
1603,9,0,23,2,46196220,3652,276060,21,12671
1604,11,0,21,4,46235100,3651,276060,21,12682
1605,4,0,18,7,46271400,3652,276060,21,12686
1606,6,0,19,6,46293240,3652,276060,21,12692
1607,7,0,19,6,46323360,3653,276060,21,12699
1608,5,0,16,9,46360920,3653,276060,21,12704
1609,6,0,13,12,46385400,3653,276060,21,12710
1610,4,0,15,10,46393260,3653,276060,21,12714
1611,5,0,16,9,46403820,3652,276060,21,12719
1612,8,0,18,7,46423320,3652,276060,21,12727
1613,8,0,20,5,46444440,3652,276060,21,12735
1614,6,0,16,9,46474800,3652,276060,21,12741
1615,12,1,25,0,46485120,3652,276060,21,12753
1616,10,0,21,4,46534620,3652,276300,21,12763
1617,8,0,22,3,46563600,3652,276300,21,12771
1618,12,0,21,4,46605660,3651,276300,21,12783
1619,12,0,18,7,46650180,3651,276300,21,12795
1620,10,0,24,1,46655340,3650,276300,21,12805
1621,11,0,23,2,46694700,3650,276300,21,12816
1622,11,0,25,0,46745820,3651,279120,21,12827
1623,7,0,21,4,46789440,3651,279240,21,12834
1624,7,0,18,7,46835940,3652,279240,21,12841
1625,10,0,21,4,46865520,3652,279240,21,12851
1626,5,0,18,7,46898220,3653,279240,21,12856
1627,6,0,16,9,46927500,3653,279240,21,12862
1628,4,0,17,8,46934340,3652,279240,21,12866
1629,10,0,19,6,46961340,3652,279240,21,12876
1630,4,0,15,10,46991760,3652,279240,21,12880
1631,5,0,16,9,47006700,3652,279240,21,12885
1632,6,0,17,8,47022840,3652,279240,21,12891
1633,2,0,14,11,47042220,3652,279240,21,12893
1634,13,0,22,3,47059200,3652,279240,21,12906
1635,7,0,22,3,47084100,3652,279480,21,12913
1636,6,0,18,7,47132460,3653,279480,21,12919
1637,10,0,19,6,47156220,3652,279480,21,12929
1638,9,0,21,4,47194380,3653,279480,21,12938
1639,7,0,19,6,47225280,3653,279480,21,12945
1640,9,0,18,7,47254260,3652,279480,21,12954
1641,6,0,18,7,47270700,3652,279480,21,12960
1642,12,0,24,1,47292900,3652,279480,21,12972
1643,10,0,22,3,47336760,3652,279540,21,12982
1644,6,0,19,6,47375700,3652,279540,21,12988
1645,13,0,23,2,47403720,3652,279540,21,13001
1646,7,0,18,7,47455080,3653,279540,21,13008
1647,14,0,21,4,47481840,3652,279600,21,13022
1648,10,0,25,0,47510400,3652,279600,21,13032
1649,8,0,25,0,47549940,3653,281100,21,13040
1650,10,0,23,2,47592300,3653,281100,21,13050
1651,13,0,21,4,47659680,3654,281100,21,13063
1652,9,0,22,3,47683440,3653,281100,21,13072
1653,11,0,22,3,47718540,3653,281100,21,13083
1654,8,0,21,4,47748180,3653,281100,21,13091
1655,9,0,21,4,47786880,3653,281100,21,13100
1656,8,0,23,2,47811420,3653,281100,21,13108
1657,3,0,16,9,47853660,3654,281100,21,13111
1658,5,0,14,11,47878620,3654,281100,21,13116
1659,6,0,16,9,47906040,3655,281100,21,13122
1660,9,0,16,9,47927280,3654,281100,21,13131
1661,8,0,18,7,47948220,3654,281100,21,13139
1662,5,0,17,8,47973300,3654,281100,21,13144
1663,9,0,20,5,47995980,3654,281100,21,13153
1664,9,0,23,2,48017640,3654,281100,21,13162
1665,10,0,18,7,48075060,3654,281340,21,13172
1666,6,0,19,6,48095520,3654,281340,21,13178
1667,9,0,19,6,48140220,3655,281340,21,13187
1668,11,0,18,7,48165120,3654,281340,21,13198
1669,9,0,21,4,48185400,3654,281340,21,13207
1670,13,0,24,1,48201600,3652,282840,21,13220
1671,8,0,24,1,48244980,3653,282840,21,13228
1672,10,0,24,1,48302820,3655,282840,21,13238
1673,7,0,24,1,48341340,3656,282840,21,13245
1674,13,0,25,0,48400260,3657,282840,21,13258
1675,9,0,22,3,48431580,3656,282840,21,13267
1676,5,0,23,2,48452280,3657,282840,21,13272
1677,8,0,19,6,48514380,3658,282840,21,13280
1678,6,0,14,11,48558420,3658,282840,21,13286
1679,8,0,14,11,48569160,3657,282840,21,13294
1680,8,0,18,7,48576120,3656,282840,21,13302
1681,5,0,16,9,48602640,3656,282840,21,13307
1682,4,0,15,10,48621420,3656,282840,21,13311
1683,8,0,17,8,48634980,3656,282840,21,13319
1684,4,0,18,7,48644100,3656,282840,21,13323
1685,5,0,16,9,48675540,3656,282840,21,13328
1686,10,0,20,5,48688200,3655,282840,21,13338
1687,7,0,21,4,48706920,3655,282840,21,13345
1688,4,0,15,10,48765720,3657,282840,21,13349
1689,14,0,20,5,48787200,3656,282840,21,13363
1690,6,0,16,9,48817320,3655,282840,21,13369
1691,9,0,19,6,48840480,3655,282840,21,13378
1692,16,0,25,0,48862500,3654,282840,21,13394
1693,7,0,19,6,48913200,3655,283080,21,13401
1694,5,0,19,6,48932640,3655,283080,21,13406
1695,9,0,20,5,48963240,3655,283080,21,13415
1696,10,0,20,5,49006980,3655,283080,21,13425
1697,4,0,17,8,49039680,3656,283080,21,13429
1698,5,0,15,10,49064580,3656,283080,21,13434
1699,11,0,21,4,49078920,3656,283080,21,13445
1700,12,0,23,2,49101780,3655,284880,21,13457
1701,4,0,17,8,49146360,3655,284880,21,13461
1702,7,0,14,11,49173900,3654,284880,21,13468
1703,10,0,16,9,49202340,3654,284880,21,13478
1704,6,0,18,7,49209300,3654,284880,21,13484
1705,4,0,15,10,49239240,3654,284880,21,13488
1706,3,0,14,11,49253340,3654,284880,21,13491
1707,5,0,16,9,49262700,3654,284880,21,13496
1708,9,0,17,8,49287480,3654,284880,21,13505
1709,4,0,16,9,49301880,3653,284880,21,13509
1710,6,0,16,9,49322100,3653,284880,21,13515
1711,11,0,19,6,49340400,3652,284880,21,13526
1712,17,6,25,0,49357200,3652,286500,21,13543
1713,7,4,25,0,49403760,3653,296640,21,13550
1714,14,0,25,0,49465560,3653,318720,23,13564
1715,13,0,25,0,49515180,3653,319560,23,13577
1716,12,1,25,0,49551600,3653,319620,23,13589
1717,14,1,25,0,49598160,3653,319620,23,13603
1718,8,0,24,1,49646700,3653,322620,23,13611
1719,13,3,25,0,49689720,3654,326700,23,13624
1720,13,0,22,3,49765980,3655,329340,24,13637
1721,7,0,20,5,49793700,3654,329340,24,13644
1722,10,0,20,5,49825440,3654,329340,24,13654
1723,10,0,17,8,49861020,3653,329340,24,13664
1724,8,0,20,5,49883220,3653,329340,24,13672
1725,7,0,17,8,49914180,3653,329340,24,13679
1726,7,0,19,6,49929600,3653,329340,24,13686
1727,8,0,20,5,49964700,3653,329340,24,13694
1728,4,0,18,7,50001540,3655,329340,24,13698
1729,5,0,16,9,50033160,3655,329340,24,13703
1730,8,0,20,5,50046960,3655,329340,24,13711
1731,10,0,22,3,50086440,3656,329340,24,13721
1732,10,0,18,7,50123940,3655,329340,23,13731
1733,7,0,18,7,50153220,3655,329340,23,13738
1734,7,0,19,6,50172540,3655,329340,23,13745
1735,6,0,16,9,50202780,3655,329340,23,13751
1736,9,0,18,7,50231340,3655,329340,23,13760
1737,13,0,19,6,50266740,3654,329340,23,13773
1738,7,0,20,5,50281740,3654,329340,23,13780
1739,10,0,22,3,50322420,3655,329340,23,13790
1740,14,1,25,0,50351700,3654,330060,23,13804
1741,13,1,25,0,50406480,3655,334500,24,13817
1742,6,0,23,2,50440980,3655,335460,24,13823
1743,11,0,23,2,50494860,3656,335460,24,13834
1744,10,0,23,2,50529060,3655,335460,24,13844
1745,6,0,18,7,50573460,3656,335460,24,13850
1746,12,0,24,1,50595900,3656,335460,24,13862
1747,11,2,25,0,50623980,3656,342000,24,13873
1748,5,0,19,6,50679120,3656,346200,24,13878
1749,5,0,19,6,50706180,3657,346200,24,13883
1750,10,0,22,3,50741160,3658,346200,24,13893
1751,6,0,18,7,50767320,3657,346200,24,13899
1752,10,0,19,6,50812620,3658,346200,24,13909
1753,5,0,15,10,50834040,3657,346200,24,13914
1754,5,0,16,9,50848800,3657,346200,24,13919
1755,4,0,16,9,50865480,3657,346200,24,13923
1756,7,0,20,5,50876220,3657,346200,24,13930
1757,7,0,18,7,50910720,3657,346200,24,13937
1758,6,0,22,3,50921520,3657,346200,24,13943
1759,9,0,21,4,50966160,3658,346200,24,13952
1760,11,0,22,3,51001260,3658,346200,24,13963
1761,13,0,22,3,51032100,3657,346200,24,13976
1762,10,0,24,1,51074940,3658,346200,24,13986
1763,9,0,19,6,51119700,3657,346200,24,13995
1764,9,0,23,2,51132960,3657,346200,24,14004
1765,12,3,25,0,51178320,3658,346200,24,14016
1766,8,0,23,2,51241080,3659,350340,24,14024
1767,13,6,25,0,51272460,3660,353280,25,14037
1768,16,13,25,0,51324900,3662,361740,25,14053
1769,9,12,25,0,51372600,3662,391800,27,14062
1770,8,0,22,3,51437400,3661,453420,32,14070
1771,12,0,22,3,51463980,3660,453420,32,14082
1772,4,0,15,10,51520440,3661,453420,32,14086
1773,7,0,14,11,51549300,3661,453420,32,14093
1774,6,0,16,9,51555000,3660,453420,32,14099
1775,4,0,14,11,51579900,3661,453420,32,14103
1776,6,0,14,11,51590460,3660,453420,32,14109
1777,5,0,14,11,51606000,3660,453420,32,14114
1778,2,0,13,12,51612480,3659,453420,32,14116
1779,7,0,19,6,51613380,3659,453420,32,14123
1780,6,0,16,9,51639180,3658,453420,32,14129
1781,6,0,15,10,51666720,3659,453420,32,14135
1782,5,0,16,9,51680760,3659,453420,32,14140
1783,13,0,19,6,51710460,3658,453420,32,14153
1784,12,0,20,5,51733920,3657,453420,32,14165
1785,11,0,22,3,51769320,3657,453420,31,14176
1786,11,0,24,1,51811800,3658,453420,31,14187
1787,8,0,20,5,51855660,3658,453420,31,14195
1788,9,0,21,4,51872340,3657,453420,31,14204
1789,11,0,20,5,51922500,3657,453420,31,14215
1790,7,0,18,7,51949860,3657,453420,31,14222
1791,9,0,21,4,51976080,3657,453420,31,14231
1792,12,0,25,0,52002900,3657,453780,31,14243
1793,13,0,24,1,52057920,3657,456180,31,14256
1794,10,0,19,6,52107060,3657,457800,32,14266
1795,5,0,14,11,52142100,3657,457800,32,14271
1796,4,0,14,11,52156740,3657,457800,32,14275
1797,6,0,13,12,52179360,3657,457800,32,14281
1798,11,0,18,7,52184940,3655,457800,32,14292
1799,8,0,20,5,52204140,3655,457800,32,14300
1800,7,0,19,6,52234680,3655,457800,31,14307
1801,8,0,20,5,52266300,3656,457800,31,14315
1802,5,0,16,9,52304280,3656,457800,31,14320
1803,4,0,17,8,52319280,3656,457800,31,14324
1804,7,0,16,9,52348140,3656,457800,31,14331
1805,5,0,17,8,52364040,3656,457800,31,14336
1806,8,0,22,3,52386420,3657,457800,31,14344
1807,4,0,16,9,52419000,3657,457800,31,14348
1808,7,0,17,8,52445280,3657,457800,31,14355
1809,12,0,25,0,52449600,3657,457800,31,14367
1810,14,0,24,1,52498500,3656,457800,31,14381
1811,14,1,25,0,52535580,3656,458400,31,14395
1812,12,0,24,1,52575540,3655,458460,31,14407
1813,5,0,18,7,52630800,3656,458460,31,14412
1814,19,2,25,0,52659360,3655,458640,31,14431
1815,10,3,25,0,52692960,3655,465600,32,14441
1816,10,1,25,0,52747980,3656,475560,32,14451
1817,8,0,22,3,52792500,3656,475740,32,14459
1818,5,0,17,8,52841580,3657,475740,32,14464
1819,12,0,23,2,52858620,3657,475740,32,14476
1820,9,0,21,4,52907700,3657,475740,32,14485
1821,13,1,25,0,52932360,3657,479580,33,14498
1822,4,0,19,6,52981260,3658,480300,33,14502
1823,3,0,16,9,53004960,3658,480300,33,14505
1824,3,0,14,11,53032560,3658,480300,33,14508
1825,6,0,16,9,53043360,3658,480300,33,14514
1826,6,0,18,7,53055900,3658,480300,33,14520
1827,3,0,13,12,53086440,3658,480300,33,14523
1828,8,0,19,6,53097000,3658,480300,33,14531
1829,4,0,18,7,53109300,3658,480300,33,14535
1830,4,0,13,12,53146860,3658,480300,33,14539
1831,5,0,16,9,53158380,3659,480300,33,14544
1832,10,0,18,7,53170740,3657,480300,33,14554
1833,8,0,20,5,53193600,3657,480300,32,14562
1834,14,0,22,3,53227740,3657,480300,32,14576
1835,11,0,22,3,53266740,3657,480300,32,14587
1836,8,0,19,6,53301120,3656,480300,32,14595
1837,7,0,22,3,53319660,3657,480300,32,14602
1838,10,0,23,2,53361180,3657,480300,32,14612
1839,13,0,24,1,53407740,3657,480600,32,14625
1840,11,0,24,1,53455800,3658,480600,32,14636
1841,7,0,17,8,53512680,3658,480600,32,14643
1842,5,0,18,7,53525340,3658,480600,32,14648
1843,11,0,22,3,53553540,3658,480600,32,14659
1844,5,0,17,8,53587980,3658,480600,32,14664
1845,4,0,17,8,53609220,3659,480600,32,14668
1846,10,0,21,4,53634840,3659,480600,32,14678
1847,6,0,20,5,53656920,3659,480600,32,14684
1848,7,0,17,8,53692860,3659,480600,32,14691
1849,9,0,20,5,53721720,3659,480600,32,14700
1850,4,0,12,13,53760420,3659,480600,32,14704
1851,7,0,15,10,53768580,3658,480600,32,14711
1852,3,0,15,10,53773980,3658,480600,32,14714
1853,8,0,16,9,53790960,3657,480600,32,14722
1854,4,0,18,7,53799960,3657,480600,32,14726
1855,7,0,21,4,53822460,3658,480600,32,14733
1856,7,0,18,7,53867640,3658,480600,32,14740
1857,6,0,21,4,53879640,3659,480600,32,14746
1858,13,0,21,4,53926680,3659,480600,32,14759
1859,12,0,23,2,53966220,3659,480600,32,14771
1860,10,0,24,1,54004800,3659,480600,32,14781
1861,18,0,25,0,54049740,3658,481860,32,14799
1862,15,3,25,0,54090240,3658,485820,32,14814
1863,7,1,25,0,54126900,3658,493800,33,14821
1864,10,0,19,6,54201060,3659,498900,33,14831
1865,5,0,19,6,54212820,3658,498900,33,14836
1866,8,0,20,5,54238320,3658,498900,33,14844
1867,4,0,15,10,54282000,3659,498900,33,14848
1868,6,0,18,7,54291480,3659,498900,33,14854
1869,5,0,15,10,54323640,3659,498900,33,14859
1870,3,0,16,9,54328500,3659,498900,33,14862
1871,2,0,15,10,54347280,3659,498900,33,14864
1872,7,0,17,8,54372960,3660,498900,33,14871
1873,4,0,14,11,54393960,3660,498900,33,14875
1874,9,0,17,8,54405960,3659,498900,33,14884
1875,6,0,16,9,54432060,3659,498900,33,14890
1876,6,0,17,8,54445080,3659,498900,33,14896
1877,8,0,20,5,54468300,3659,498900,33,14904
1878,4,0,16,9,54502020,3659,498900,33,14908
1879,3,0,15,10,54515160,3659,498900,33,14911
1880,9,0,19,6,54535500,3659,498900,33,14920
1881,10,0,21,4,54559680,3659,498900,33,14930
1882,16,3,25,0,54583560,3658,500280,33,14946
1883,8,1,25,0,54627960,3659,505500,33,14954
1884,11,0,22,3,54689520,3659,506220,33,14965
1885,8,0,22,3,54728880,3660,506220,33,14973
1886,9,0,23,2,54761700,3660,506220,33,14982
1887,3,0,18,7,54805020,3661,506220,33,14985
1888,13,0,20,5,54852060,3662,506220,33,14998
1889,13,0,21,4,54889380,3661,506220,33,15011
1890,9,0,22,3,54916440,3661,506220,33,15020
1891,6,0,20,5,54950880,3661,506220,33,15026
1892,7,0,17,8,54987660,3661,506220,33,15033
1893,7,0,19,6,55016700,3662,506220,33,15040
1894,2,0,15,10,55036560,3662,506220,33,15042
1895,6,0,16,9,55060920,3662,506220,33,15048
1896,2,0,17,8,55067880,3663,506220,33,15050
1897,3,0,14,11,55096860,3663,506220,33,15053
1898,7,0,15,10,55115940,3663,506220,33,15060
1899,2,0,13,12,55127280,3663,506220,33,15062
1900,6,0,18,7,55128660,3663,506220,33,15068
1901,8,0,16,9,55156500,3662,506220,33,15076
1902,5,0,16,9,55173240,3662,506220,33,15081
1903,7,0,18,7,55186800,3662,506220,33,15088
1904,10,0,21,4,55211760,3661,506220,33,15098
1905,8,0,19,6,55233120,3660,506220,33,15106
1906,5,0,16,9,55270740,3661,506220,33,15111
1907,11,0,14,11,55298160,3660,506220,33,15122
1908,10,0,17,8,55311420,3659,506220,33,15132
1909,11,0,22,3,55335480,3659,506220,33,15143
1910,6,0,24,1,55348260,3659,506220,33,15149
1911,14,0,24,1,55410420,3660,507060,33,15163
1912,14,0,24,1,55457160,3659,507060,33,15177
1913,0,0,17,8,55486980,3660,507060,33,15177
1914,8,0,18,7,55534080,3661,507060,33,15185
1915,4,0,17,8,55544760,3661,507060,33,15189
1916,6,0,17,8,55572060,3661,507060,33,15195
1917,10,0,19,6,55595280,3660,507060,33,15205
1918,6,0,20,5,55614000,3660,507060,33,15211
1919,2,0,16,9,55641180,3661,507060,33,15213
1920,6,0,13,12,55678500,3661,507060,33,15219
1921,3,0,14,11,55686180,3661,507060,33,15222
1922,2,0,15,10,55691160,3661,507060,33,15224
1923,5,0,16,9,55696920,3661,507060,33,15229
1924,7,0,20,5,55716360,3661,507060,33,15236
1925,7,0,20,5,55738080,3661,507060,33,15243
1926,9,0,20,5,55778340,3661,507060,33,15252
1927,11,0,18,7,55817280,3661,507060,33,15263
1928,7,0,17,8,55839000,3660,507060,33,15270
1929,12,0,20,5,55866900,3660,507060,33,15282
1930,7,0,19,6,55886340,3659,507060,33,15289
1931,13,0,24,1,55908000,3659,507060,33,15302
1932,10,0,20,5,55952160,3658,507060,33,15312
1933,10,0,23,2,55987740,3659,507060,33,15322
1934,10,0,25,0,56021700,3659,508800,33,15332
1935,17,0,24,1,56079360,3659,509040,33,15349
1936,12,0,21,4,56120820,3658,509220,33,15361
1937,5,0,15,10,56163360,3658,509220,33,15366
1938,6,0,17,8,56182020,3658,509220,33,15372
1939,6,0,15,10,56207640,3658,509220,33,15378
1940,5,0,15,10,56227260,3658,509220,33,15383
1941,6,0,18,7,56246100,3659,509220,33,15389
1942,2,0,14,11,56279700,3659,509220,33,15391
1943,7,0,17,8,56295720,3660,509220,33,15398
1944,3,0,15,10,56311380,3659,509220,33,15401
1945,6,0,18,7,56324220,3660,509220,33,15407
1946,5,0,16,9,56352600,3660,509220,33,15412
1947,9,0,16,9,56375040,3659,509220,33,15421
1948,5,0,19,6,56381520,3659,509220,33,15426
1949,4,0,17,8,56403300,3659,509220,33,15430
1950,10,0,21,4,56416620,3658,509220,32,15440
1951,7,0,21,4,56462820,3660,509220,32,15447
1952,5,0,16,9,56509140,3660,509220,32,15452
1953,6,0,17,8,56523660,3660,509220,32,15458
1954,13,0,18,7,56569260,3660,509220,32,15471
1955,7,0,21,4,56578560,3660,509220,32,15478
1956,15,0,21,4,56627460,3659,509220,32,15493
1957,13,1,25,0,56646840,3659,509220,32,15506
1958,9,0,25,0,56686920,3659,509880,32,15515
1959,12,1,25,0,56744340,3660,511800,32,15527
1960,11,1,25,0,56789160,3660,514500,33,15538
1961,4,0,18,7,56835120,3661,514980,33,15542
1962,8,0,20,5,56867880,3661,514980,33,15550
1963,7,0,16,9,56908620,3661,514980,33,15557
1964,4,0,18,7,56917680,3661,514980,33,15561
1965,6,0,16,9,56952780,3662,514980,33,15567
1966,8,0,16,9,56983140,3662,514980,33,15575
1967,4,0,17,8,56989200,3662,514980,33,15579
1968,6,0,18,7,57014820,3662,514980,33,15585
1969,7,0,17,8,57039060,3662,514980,33,15592
1970,8,0,18,7,57056220,3661,514980,33,15600
1971,13,0,24,1,57080940,3661,514980,32,15613
1972,3,0,20,5,57118680,3662,514980,32,15616
1973,7,0,18,7,57150300,3662,514980,32,15623
1974,6,0,17,8,57172560,3662,514980,32,15629
1975,2,0,14,11,57190080,3662,514980,32,15631
1976,11,0,20,5,57210420,3662,514980,32,15642
1977,9,0,18,7,57237960,3661,514980,32,15651
1978,7,0,14,11,57276180,3661,514980,32,15658
1979,11,0,20,5,57283620,3660,514980,32,15669
1980,16,4,25,0,57299700,3659,515640,32,15685
1981,10,1,25,0,57360000,3660,527520,33,15695
1982,6,0,22,3,57390120,3660,527580,33,15701
1983,9,0,24,1,57427740,3661,527580,33,15710
1984,10,0,21,4,57482100,3661,529140,33,15720
1985,4,0,13,12,57532920,3661,529140,33,15724
1986,12,0,22,3,57539820,3661,529140,33,15736
1987,6,0,17,8,57569940,3661,529140,33,15742
1988,3,0,14,11,57599880,3661,529140,33,15745
1989,9,0,16,9,57622440,3661,529140,33,15754
1990,5,0,18,7,57629220,3661,529140,33,15759
1991,8,0,19,6,57653040,3660,529140,33,15767
1992,9,0,21,4,57675960,3660,529140,33,15776
1993,3,0,14,11,57716940,3661,529140,33,15779
1994,5,0,15,10,57732120,3661,529140,33,15784
1995,7,0,19,6,57744420,3661,529140,33,15791
1996,7,0,20,5,57759180,3660,529140,33,15798
1997,8,0,18,7,57803580,3661,529140,33,15806
1998,11,0,20,5,57825840,3660,529140,33,15817
1999,8,0,24,1,57841920,3660,529140,33,15825
2000,8,0,20,5,57889380,3660,529140,33,15833
2001,12,0,21,4,57934500,3661,529140,33,15845
2002,5,0,14,11,57975300,3660,529140,33,15850
2003,8,0,16,9,57995040,3660,529140,33,15858
2004,11,0,21,4,58006020,3660,529140,33,15869
2005,7,0,19,6,58029060,3659,529140,33,15876
2006,9,0,18,7,58068240,3659,529140,33,15885
2007,10,0,23,2,58093260,3660,529140,33,15895
2008,6,0,19,6,58130580,3660,529140,33,15901
2009,13,1,25,0,58152360,3660,529140,33,15914
2010,5,0,18,7,58208820,3660,529500,33,15919
2011,7,0,19,6,58229400,3660,529500,33,15926
2012,8,0,20,5,58258380,3660,529500,33,15934
2013,7,0,20,5,58297980,3661,529500,33,15941
2014,8,0,21,4,58333320,3662,529500,33,15949
2015,8,0,20,5,58366380,3662,529500,33,15957
2016,3,0,16,9,58393680,3662,529500,33,15960
2017,9,0,21,4,58399620,3661,529500,33,15969
2018,7,0,21,4,58416300,3661,529500,33,15976
2019,8,0,25,0,58433580,3661,529500,33,15984
2020,3,0,21,4,58455000,3661,529500,33,15987
2021,4,0,20,5,58480320,3661,529500,33,15991
2022,9,0,22,3,58515600,3662,529500,33,16000
2023,11,1,25,0,58537440,3662,536100,33,16011
2024,12,3,25,0,58568760,3661,545640,34,16023
2025,15,10,25,0,58603440,3662,553020,34,16038
2026,7,10,25,0,58636560,3662,556080,34,16045
2027,6,9,25,0,58671060,3663,578340,36,16051
2028,11,11,25,0,58709940,3663,589500,36,16062
2029,8,6,25,0,58752300,3663,657660,40,16070
2030,10,0,24,1,58786440,3661,702960,43,16080
2031,11,1,25,0,58816440,3661,702960,43,16091
2032,14,11,25,0,58826220,3660,704940,43,16105
2033,7,11,25,0,58877640,3662,720000,44,16112
2034,9,13,25,0,58916640,3663,745680,46,16121
2035,12,16,25,0,58953360,3663,750060,46,16133
2036,6,20,25,0,58967220,3663,750360,46,16139
2037,6,19,25,0,59018160,3665,772320,47,16145
2038,8,17,25,0,59067420,3666,791220,48,16153
2039,6,0,23,2,59111760,3663,1094580,67,16159
2040,4,0,17,8,59134560,3662,1094580,67,16163
2041,5,0,18,7,59141040,3661,1094580,67,16168
2042,6,0,19,6,59154300,3661,1094580,67,16174
2043,4,0,18,7,59171820,3661,1094580,67,16178
2044,7,0,23,2,59179740,3661,1094580,67,16185
2045,3,0,21,4,59206860,3662,1094580,67,16188
2046,6,0,21,4,59230440,3662,1094580,67,16194
2047,5,0,19,6,59253060,3662,1094580,67,16199
2048,9,0,21,4,59272920,3661,1094580,67,16208
2049,8,0,24,1,59283780,3661,1094580,67,16216
2050,14,7,25,0,59308560,3661,1097820,67,16230
2051,10,12,25,0,59335800,3662,1103220,67,16240
2052,6,10,25,0,59393640,3663,1127340,69,16246
2053,8,3,25,0,59424360,3662,1196820,73,16254
2054,11,0,21,4,59469060,3660,1217340,74,16265
2055,11,2,25,0,59486940,3660,1218780,74,16276
2056,9,5,25,0,59515920,3661,1221000,74,16285
2057,10,5,25,0,59562960,3662,1227480,75,16295
2058,13,4,25,0,59589360,3660,1256160,77,16308
2059,13,11,25,0,59621460,3661,1263660,77,16321
2060,11,13,25,0,59665740,3661,1274520,78,16332
2061,6,4,25,0,59701620,3660,1347720,82,16338
2062,7,0,18,7,59747880,3659,1370700,83,16345
2063,7,0,21,4,59759880,3659,1370700,83,16352
2064,3,0,22,3,59767080,3659,1370700,83,16355
2065,11,0,22,3,59804820,3659,1371180,83,16366
2066,7,0,23,2,59829120,3659,1371180,83,16373
2067,8,0,20,5,59863380,3658,1372740,83,16381
2068,8,0,23,2,59883540,3659,1372740,83,16389
2069,4,0,20,5,59910120,3659,1372740,83,16393
2070,6,0,18,7,59924400,3658,1372740,83,16399
2071,4,0,19,6,59936100,3658,1372740,83,16403
2072,4,0,19,6,59951400,3658,1372740,83,16407
2073,11,0,24,1,59964300,3657,1374480,83,16418
2074,9,0,23,2,59996700,3657,1374480,83,16427
2075,15,4,25,0,60025200,3657,1380060,83,16442
2076,9,0,24,1,60060780,3656,1388460,84,16451
2077,11,2,25,0,60088020,3656,1390620,84,16462
2078,12,9,25,0,60111660,3656,1395540,84,16474
2079,5,6,25,0,60165840,3657,1420080,86,16479
2080,15,15,25,0,60194400,3658,1424400,86,16494
2081,3,13,25,0,60225180,3659,1437900,87,16497
2082,10,12,25,0,60268860,3659,1471260,89,16507
2083,10,12,25,0,60312720,3659,1488180,90,16517
2084,3,10,25,0,60332520,3659,1516260,91,16520
2085,2,0,20,5,60380220,3658,1684200,101,16522
2086,2,0,16,9,60400980,3658,1684200,101,16524
2087,5,0,18,7,60413940,3659,1684200,101,16529
2088,5,0,20,5,60420420,3658,1684200,101,16534
2089,7,0,21,4,60439020,3658,1684200,101,16541
2090,2,0,18,7,60461880,3658,1684200,101,16543
2091,7,0,19,6,60477840,3658,1684200,101,16550
2092,5,0,21,4,60487920,3658,1684200,101,16555
2093,8,0,21,4,60512280,3658,1684200,101,16563
2094,13,0,25,0,60527760,3657,1684200,101,16576
2095,8,1,25,0,60548040,3656,1684200,101,16584
2096,6,0,25,0,60579060,3657,1690080,101,16590
2097,6,0,25,0,60604680,3657,1691040,101,16596
2098,9,1,25,0,60640740,3657,1692420,101,16605
2099,10,0,24,1,60680820,3657,1698300,102,16615
2100,11,0,22,3,60712980,3656,1698300,102,16626
2101,11,2,25,0,60743520,3657,1699560,102,16637
2102,8,0,22,3,60784440,3656,1703700,102,16645
2103,12,0,24,1,60816180,3656,1705080,102,16657
2104,7,2,25,0,60836700,3656,1705860,102,16664
2105,8,3,25,0,60876420,3657,1710960,102,16672
2106,8,4,25,0,60905760,3657,1715160,102,16680
2107,13,10,25,0,60948300,3658,1719960,103,16693
2108,5,0,24,1,60995940,3658,1768020,105,16698
2109,4,0,19,6,61021980,3657,1768020,105,16702
2110,3,0,18,7,61037700,3657,1768020,105,16705
2111,6,0,23,2,61042380,3657,1768020,105,16711
2112,5,0,18,7,61075860,3657,1768020,105,16716
2113,3,0,18,7,61091220,3657,1768020,105,16719
2114,5,0,18,7,61108860,3657,1768020,105,16724
2115,7,0,19,6,61119600,3657,1768020,105,16731
2116,6,0,23,2,61123800,3657,1768020,105,16737
2117,5,0,19,6,61155720,3656,1768020,105,16742
2118,8,0,23,2,61163460,3656,1768020,105,16750
2119,5,0,19,6,61203420,3656,1768020,105,16755
2120,7,0,23,2,61215960,3657,1768440,105,16762
2121,14,3,25,0,61246980,3656,1770060,105,16776
2122,6,1,25,0,61273980,3656,1777620,105,16782
2123,14,2,25,0,61332300,3657,1788240,106,16796
2124,13,2,25,0,61352340,3655,1792740,106,16809
2125,14,8,25,0,61384080,3655,1795680,106,16823
2126,14,13,25,0,61422840,3656,1805040,107,16837
2127,16,24,25,0,61451640,3656,1808820,107,16853
2128,10,23,25,0,61501440,3657,1848180,109,16863
2129,12,24,25,0,61537800,3657,1878780,111,16875
2130,8,25,25,0,61570620,3657,1920420,113,16883
2131,8,21,25,0,61602300,3657,1969800,116,16891
2132,9,5,25,0,61653720,3654,2228940,131,16900
2133,8,5,25,0,61680780,3654,2259240,133,16908
2134,3,0,20,5,61710000,3653,2310660,136,16911
2135,9,0,25,0,61733520,3653,2310660,136,16920
2136,6,0,20,5,61769820,3653,2310780,136,16926
2137,10,1,25,0,61785480,3653,2311020,136,16936
2138,4,0,20,5,61813380,3653,2313600,136,16940
2139,4,0,19,6,61840020,3653,2313600,136,16944
2140,4,0,18,7,61856340,3653,2313600,136,16948
2141,5,0,19,6,61862760,3653,2313600,136,16953
2142,3,0,18,7,61877580,3653,2313600,136,16956
2143,9,0,20,5,61892820,3652,2313600,136,16965
2144,3,0,19,6,61900440,3652,2313600,136,16968
2145,6,0,21,4,61923480,3652,2313600,136,16974
2146,14,1,25,0,61948980,3652,2314740,136,16988
2147,6,0,24,1,61969980,3651,2316780,136,16994
2148,11,2,25,0,62013840,3652,2318700,136,17005
2149,13,8,25,0,62048880,3653,2325120,136,17018
2150,16,18,25,0,62072940,3653,2332920,136,17034
2151,11,27,25,0,62087520,3653,2340480,137,17045
2152,7,26,25,0,62151300,3655,2371020,139,17052
2153,8,29,25,0,62181060,3656,2390160,140,17060
2154,5,25,25,0,62222700,3656,2419380,141,17065
2155,10,27,25,0,62255640,3657,2468460,144,17075
2156,10,28,25,0,62296980,3657,2501640,146,17085
2157,7,29,25,0,62324280,3657,2504820,146,17092
2158,6,26,25,0,62364000,3658,2563920,149,17098
2159,4,21,25,0,62402580,3658,2681820,156,17102
2160,4,5,25,0,62452500,3657,3163500,184,17106
2161,7,0,19,6,62481300,3655,3267900,190,17113
2162,5,0,19,6,62496060,3654,3267900,190,17118
2163,10,0,19,6,62522220,3654,3267900,190,17128
2164,8,1,25,0,62523480,3654,3267900,190,17136
2165,10,3,25,0,62559240,3654,3272280,190,17146
2166,8,3,25,0,62589540,3654,3283500,191,17154
2167,8,0,21,4,62643360,3654,3288720,191,17162
2168,6,0,20,5,62660160,3654,3288720,191,17168
2169,9,0,23,2,62678460,3653,3288720,191,17177
2170,13,1,25,0,62713380,3653,3292680,191,17190
2171,13,8,25,0,62732160,3653,3296040,191,17203
2172,3,0,24,1,62783160,3654,3329520,193,17206
2173,13,1,25,0,62810640,3653,3330120,193,17219
2174,11,7,25,0,62846100,3654,3339360,193,17230
2175,13,15,25,0,62871300,3654,3345180,194,17243
2176,12,17,25,0,62919300,3655,3358800,194,17255
2177,9,17,25,0,62955600,3655,3382260,195,17264
2178,6,8,25,0,62991300,3654,3486780,201,17270
2179,10,0,25,0,63026100,3652,3564660,206,17280
2180,7,0,23,2,63062880,3652,3565560,206,17287
2181,7,0,24,1,63084540,3652,3565680,206,17294
2182,7,0,20,5,63132780,3653,3566220,206,17301
2183,8,0,21,4,63149580,3652,3566220,206,17309
2184,4,0,20,5,63169080,3652,3566220,205,17313
2185,2,0,17,8,63189960,3653,3566220,205,17315
2186,3,0,18,7,63196380,3652,3566220,205,17318
2187,6,0,20,5,63204120,3652,3566220,205,17324
2188,6,0,20,5,63229440,3652,3566220,205,17330
2189,8,0,22,3,63245880,3652,3566220,205,17338
2190,7,0,24,1,63263640,3652,3566880,205,17345
2191,11,5,25,0,63296340,3653,3571980,205,17356
2192,10,2,25,0,63352080,3653,3588840,206,17366
2193,15,7,25,0,63373260,3652,3598620,207,17381
2194,14,17,25,0,63396240,3653,3600180,207,17395
2195,15,25,25,0,63448440,3654,3620040,207,17410
2196,8,30,25,0,63467220,3655,3627660,208,17418
2197,11,35,25,0,63509940,3656,3645840,209,17429
2198,12,39,25,0,63554940,3657,3654060,209,17441
2199,14,39,25,0,63585480,3657,3669540,210,17455
2200,6,38,25,0,63620640,3658,3706800,212,17461
2201,4,31,25,0,63673080,3659,3855360,220,17465
2202,8,30,25,0,63700020,3659,3963960,226,17473
2203,8,26,25,0,63744660,3659,4143900,237,17481
2204,3,16,25,0,63774720,3658,4331460,247,17484
2205,4,0,25,0,63820920,3656,4792740,274,17488
2206,4,0,19,6,63838680,3655,4792740,274,17492
2207,4,0,19,6,63855120,3655,4792740,274,17496
2208,10,1,25,0,63861780,3655,4792740,273,17506
2209,5,0,24,1,63882720,3655,4792800,273,17511
2210,7,0,23,2,63922080,3655,4792800,273,17518
2211,7,0,25,0,63950160,3656,4792800,273,17525
2212,8,0,21,4,63990300,3656,4792980,273,17533
2213,7,0,22,3,64010100,3656,4792980,273,17540
2214,9,0,25,0,64026120,3655,4792980,273,17549
2215,6,0,19,6,64068420,3655,4793040,273,17555
2216,11,2,25,0,64076700,3655,4793280,273,17566
2217,9,1,25,0,64111740,3655,4795560,273,17575
2218,14,8,25,0,64147140,3655,4803120,273,17589
2219,12,14,25,0,64171500,3656,4808160,273,17601
2220,4,10,25,0,64221900,3657,4823220,274,17605
2221,9,9,25,0,64259100,3657,4851720,275,17614
2222,6,0,19,6,64299060,3655,4942800,280,17620
2223,9,0,20,5,64325040,3655,4942800,280,17629
2224,16,4,25,0,64342320,3654,4943820,280,17645
2225,10,3,25,0,64374240,3654,4950780,280,17655
2226,8,0,25,0,64414800,3654,4967880,281,17663
2227,7,0,21,4,64450140,3653,4967940,281,17670
2228,4,0,18,7,64482480,3654,4967940,281,17674
2229,9,0,23,2,64492620,3653,4967940,281,17683
2230,4,0,20,5,64518840,3654,4967940,281,17687
2231,2,0,16,9,64549080,3654,4967940,281,17689
2232,10,0,21,4,64556160,3653,4967940,280,17699
2233,6,0,24,1,64567560,3653,4967940,280,17705
2234,4,0,19,6,64602420,3653,4967940,280,17709
2235,2,0,17,8,64627140,3654,4967940,280,17711
2236,5,0,20,5,64637700,3654,4967940,280,17716
2237,6,0,22,3,64650360,3654,4967940,280,17722
2238,4,0,21,4,64673280,3654,4967940,280,17726
2239,5,0,22,3,64697820,3655,4967940,280,17731
2240,10,0,22,3,64723500,3654,4968000,280,17741
2241,10,0,25,0,64741380,3654,4969860,280,17751
2242,9,0,22,3,64784940,3654,4970460,280,17760
2243,10,1,25,0,64813140,3654,4973580,280,17770
2244,11,1,25,0,64848600,3654,4977360,280,17781
2245,12,0,24,1,64887780,3653,4979220,279,17793
2246,1,0,19,6,64910760,3653,4979220,279,17794
2247,15,0,25,0,64937820,3653,4979220,279,17809
2248,8,0,23,2,64965840,3653,4979220,279,17817
2249,9,1,25,0,64986540,3652,4979520,279,17826
2250,8,0,23,2,65018940,3652,4983000,279,17834
2251,10,0,25,0,65049360,3652,4983360,279,17844
2252,8,1,25,0,65078700,3652,4987860,279,17852
2253,9,2,25,0,65111880,3653,4990800,279,17861
2254,2,0,20,5,65150280,3653,4992360,279,17863
2255,6,0,21,4,65175840,3653,4992360,279,17869
2256,2,0,20,5,65190360,3653,4992360,279,17871
2257,5,0,21,4,65217240,3654,4992360,279,17876
2258,1,0,16,9,65241720,3654,4992360,279,17877
2259,7,0,20,5,65252220,3654,4992360,279,17884
2260,8,0,23,2,65262840,3654,4992600,279,17892
2261,6,0,21,4,65295240,3654,4992600,279,17898
2262,7,0,23,2,65323080,3655,4992600,278,17905
2263,4,0,22,3,65343960,3655,4992600,278,17909
2264,6,0,23,2,65365140,3655,4992600,278,17915
2265,9,0,25,0,65400780,3655,4992600,278,17924
2266,6,0,21,4,65434620,3655,4992900,278,17930
2267,10,0,24,1,65461560,3655,4992900,278,17940
2268,10,0,24,1,65493840,3655,4992900,278,17950
2269,9,0,23,2,65523060,3655,4993680,278,17959
2270,13,0,25,0,65553120,3654,4994340,278,17972
2271,12,3,25,0,65576160,3654,4995300,277,17984
2272,12,10,25,0,65604000,3654,5002800,278,17996
2273,9,7,25,0,65654220,3654,5020560,278,18005
2274,12,9,25,0,65692860,3655,5032440,279,18017
2275,8,4,25,0,65724480,3654,5072040,281,18025
2276,6,0,23,2,65756580,3653,5104740,283,18031
2277,5,0,19,6,65794080,3653,5104740,283,18036
2278,8,0,22,3,65801760,3653,5104740,283,18044
2279,4,0,19,6,65836080,3653,5104740,282,18048
2280,7,0,23,2,65847120,3653,5104800,282,18055
2281,5,0,20,5,65887440,3654,5104800,282,18060
2282,9,0,21,4,65907120,3653,5104800,282,18069
2283,8,0,25,0,65926380,3654,5105220,282,18077
2284,8,0,21,4,65963820,3653,5106780,282,18085
2285,3,0,16,9,65992680,3653,5106780,282,18088
2286,6,0,19,6,65997480,3653,5106780,282,18094
2287,7,0,20,5,66004560,3652,5106780,282,18101
2288,9,0,25,0,66018600,3652,5106780,282,18110
2289,12,0,25,0,66050220,3651,5107560,281,18122
2290,8,0,24,1,66084540,3651,5107560,281,18130
2291,14,6,25,0,66107460,3651,5110980,281,18144
2292,10,13,25,0,66122460,3651,5113980,281,18154
2293,7,14,25,0,66166080,3653,5126580,282,18161
2294,12,18,25,0,66215160,3654,5157120,283,18173
2295,9,17,25,0,66258180,3654,5190780,285,18182
2296,8,13,25,0,66286680,3653,5217600,286,18190
2297,17,17,25,0,66334200,3653,5242620,288,18207
2298,6,13,25,0,66361320,3653,5287620,290,18213
2299,7,8,25,0,66399960,3652,5426160,297,18220
2300,5,2,25,0,66424260,3652,5514240,302,18225
2301,6,0,24,1,66450960,3651,5530020,303,18231
2302,7,0,22,3,66506280,3652,5530020,303,18238
2303,6,0,22,3,66524100,3652,5530020,303,18244
2304,8,0,23,2,66559140,3653,5530020,303,18252
2305,7,0,21,4,66582120,3652,5530020,303,18259
2306,6,0,23,2,66592740,3652,5530020,302,18265
2307,7,0,21,4,66622080,3652,5530020,302,18272
2308,11,2,25,0,66641940,3652,5530620,302,18283
2309,6,0,23,2,66675360,3652,5535900,302,18289
2310,8,0,25,0,66703560,3652,5537220,302,18297
2311,8,0,24,1,66733020,3652,5537880,302,18305
2312,7,0,23,2,66770580,3652,5537880,302,18312
2313,10,0,25,0,66800640,3652,5538480,302,18322
2314,13,1,25,0,66834660,3652,5540220,302,18335
2315,14,6,25,0,66875640,3652,5544000,302,18349
2316,8,2,25,0,66906240,3652,5566740,303,18357
2317,11,2,25,0,66944040,3651,5568240,303,18368
2318,7,0,22,3,66976440,3651,5569680,303,18375
2319,16,3,25,0,67015080,3651,5569860,303,18391
2320,6,6,25,0,67025100,3651,5571960,303,18397
2321,4,3,25,0,67069380,3652,5592120,304,18401
2322,11,0,24,1,67117380,3652,5608800,304,18412
2323,7,0,22,3,67149840,3652,5608800,304,18419
2324,8,0,21,4,67170660,3651,5608800,304,18427
2325,8,0,20,5,67201080,3651,5608800,304,18435
2326,13,3,25,0,67213320,3650,5610000,304,18448
2327,9,6,25,0,67243980,3651,5620620,304,18457
2328,4,3,25,0,67278600,3651,5636460,305,18461
2329,7,0,21,4,67317540,3651,5650500,306,18468
2330,2,0,15,10,67351860,3651,5650500,306,18470
2331,1,0,16,9,67351860,3651,5650500,306,18471
2332,9,0,21,4,67359660,3651,5650500,305,18480
2333,7,0,23,2,67377180,3651,5650500,305,18487
2334,5,0,23,2,67388640,3650,5650500,305,18492
2335,8,0,22,3,67432320,3651,5650860,305,18500
2336,10,0,25,0,67466700,3651,5652420,305,18510
2337,9,0,25,0,67495920,3651,5652660,305,18519
2338,17,6,25,0,67525620,3651,5657040,305,18536
2339,14,10,25,0,67564020,3651,5665620,305,18550
2340,16,20,25,0,67592280,3651,5672580,305,18566
2341,7,22,25,0,67623600,3652,5684220,306,18573
2342,7,22,25,0,67671180,3653,5695020,306,18580
2343,13,29,25,0,67696620,3653,5724840,308,18593
2344,10,30,25,0,67743420,3654,5735280,308,18603
2345,8,28,25,0,67787460,3654,5772720,310,18611
2346,3,24,25,0,67818180,3654,5848800,314,18614
2347,8,20,25,0,67855200,3654,5973900,320,18622
2348,4,0,22,3,67901640,3651,6402060,343,18626
2349,13,0,24,1,67916160,3650,6402360,343,18639
2350,7,0,24,1,67944840,3650,6403500,343,18646
2351,5,0,22,3,67975020,3650,6403500,343,18651
2352,6,0,22,3,68001600,3651,6403500,343,18657
2353,6,0,18,7,68030820,3650,6403500,343,18663
2354,6,0,18,7,68044500,3650,6403500,343,18669
2355,1,0,19,6,68044500,3650,6403500,343,18670
2356,7,0,20,5,68065140,3650,6403500,343,18677
2357,9,0,19,6,68087580,3649,6403500,342,18686
2358,10,0,25,0,68093460,3648,6403500,342,18696
2359,5,0,23,2,68116800,3648,6403500,342,18701
2360,7,0,25,0,68144160,3649,6403740,342,18708
2361,9,0,23,2,68181540,3649,6403740,342,18717
2362,6,0,23,2,68201100,3649,6403740,342,18723
2363,11,0,24,1,68233500,3648,6403740,342,18734
2364,13,6,25,0,68260800,3649,6406260,341,18747
2365,11,10,25,0,68299080,3649,6412560,342,18758
2366,23,26,25,0,68332500,3650,6421440,342,18781
2367,10,31,25,0,68358600,3650,6430800,342,18791
2368,14,40,25,0,68393520,3651,6439920,342,18805
2369,9,38,25,0,68418780,3652,6466920,344,18814
2370,7,37,25,0,68476380,3654,6496740,345,18821
2371,10,39,25,0,68502900,3654,6514740,346,18831
2372,4,36,25,0,68553900,3656,6583020,349,18835
2373,3,28,25,0,68593680,3656,6763920,359,18838
2374,6,18,25,0,68635800,3655,7067880,375,18844
2375,5,0,25,0,68663940,3652,7507860,398,18849
2376,5,0,19,6,68693640,3651,7507860,398,18854
2377,3,0,18,7,68709120,3651,7507860,398,18857
2378,5,0,19,6,68717340,3651,7507860,398,18862
2379,4,0,18,7,68738460,3651,7507860,398,18866
2380,3,0,19,6,68748780,3651,7507860,398,18869
2381,5,0,20,5,68766060,3651,7507860,398,18874
2382,12,0,24,1,68789520,3651,7508280,398,18886
2383,8,0,22,3,68825820,3651,7508280,397,18894
2384,4,0,20,5,68851860,3651,7508280,397,18898
2385,10,0,24,1,68868960,3651,7508280,397,18908
2386,12,3,25,0,68895480,3651,7512420,397,18920
2387,9,6,25,0,68928000,3652,7519860,397,18929
2388,16,13,25,0,68969100,3652,7526820,397,18945
2389,16,21,25,0,69002340,3652,7532580,397,18961
2390,6,19,25,0,69042360,3653,7539600,398,18967
2391,14,29,25,0,69066180,3653,7550520,398,18981
2392,9,29,25,0,69114660,3654,7579860,399,18990
2393,8,29,25,0,69151620,3654,7628700,402,18998
2394,9,24,25,0,69199980,3654,7729140,407,19007
2395,8,12,25,0,69230220,3652,7982400,420,19015
2396,6,12,25,0,69252660,3652,7985100,420,19021
2397,6,9,25,0,69299160,3653,8022120,422,19027
2398,3,0,19,6,69340980,3652,8246400,433,19030
2399,4,0,19,6,69359640,3652,8246400,433,19034

