Hour,Arrivals,Waiting,Treating,Available Rooms,Total Treatment Time,Average Treatment Time,Total Wait Time,Average Wait Time,Total Arrivals
1,6,0,4,21,2100,1050,0,0,6
2,4,0,4,21,10080,1680,0,0,10
3,5,0,4,21,25260,2296,0,0,15
4,10,0,5,20,44940,2247,0,0,25
5,2,0,3,22,57480,2395,0,0,27
6,8,0,8,17,71400,2644,0,0,35
7,8,0,9,16,91320,2685,0,0,43
8,14,0,15,10,124500,2964,0,0,57
9,6,0,8,17,187020,3400,0,0,63
10,13,0,11,14,225060,3462,0,0,76
11,10,0,7,18,276720,3502,0,0,86
12,15,0,14,11,291720,3353,0,0,101
13,10,0,9,16,336840,3302,0,0,111
14,10,0,11,14,364380,3312,0,0,121
15,9,0,9,16,408060,3372,0,0,130
16,9,0,8,17,447960,3419,0,0,139
17,13,0,15,10,464340,3389,0,0,152
18,6,0,6,19,530400,3489,0,0,158
19,4,0,7,18,546120,3523,0,0,162
20,7,0,9,16,566580,3541,0,0,169
21,8,0,10,15,593820,3555,0,0,177
22,5,0,8,17,631740,3630,0,0,182
23,4,0,3,22,676440,3696,0,0,186
24,6,0,8,17,678060,3685,0,0,192
25,3,0,2,23,715920,3709,0,0,195
26,3,0,2,23,730920,3729,0,0,198
27,1,0,1,24,738600,3730,0,0,199
28,6,0,7,18,738600,3730,0,0,205
29,8,0,9,16,754920,3700,0,0,213
30,3,0,7,18,779580,3730,0,0,216
31,8,0,10,15,796080,3720,0,0,224
32,7,0,5,20,844920,3738,0,0,231
33,6,0,7,18,860160,3739,0,0,237
34,5,0,5,20,888240,3747,0,0,242
35,14,0,16,9,904620,3769,0,0,256
36,9,0,12,13,945000,3735,0,0,265
37,14,0,11,14,994440,3710,0,0,279
38,9,0,7,18,1030080,3665,0,0,288
39,12,0,10,15,1074480,3705,0,0,300
40,3,0,3,22,1104240,3680,0,0,303
41,10,0,5,20,1128180,3662,0,0,313
42,8,0,10,15,1140300,3666,0,0,321
43,8,0,11,14,1169880,3678,0,0,329
44,5,0,8,17,1208220,3706,0,0,334
45,3,0,8,17,1228080,3732,0,0,337
46,8,0,6,19,1271220,3749,0,0,345
47,8,0,10,15,1283940,3743,0,0,353
48,3,0,4,21,1323480,3759,0,0,356
49,6,0,7,18,1334220,3758,0,0,362
50,3,0,4,21,1356120,3756,0,0,365
51,7,0,7,18,1373340,3762,0,0,372
52,11,0,8,17,1402920,3741,0,0,383
53,6,0,3,22,1439940,3730,0,0,389
54,4,0,4,21,1447500,3721,0,0,393
55,4,0,1,24,1466040,3702,0,0,397
56,8,0,5,20,1477200,3693,0,0,405
57,6,0,6,19,1487160,3672,0,0,411
58,8,0,3,22,1520280,3654,0,0,419
59,12,0,6,19,1549260,3645,0,0,431
60,7,0,6,19,1562760,3617,0,0,438
61,9,0,10,15,1587060,3631,0,0,447
62,11,0,13,12,1615620,3630,0,0,458
63,11,0,14,11,1660020,3648,0,0,469
64,9,0,8,17,1723320,3666,0,0,478
65,10,0,8,17,1758300,3663,0,0,488
66,6,0,6,19,1785360,3658,0,0,494
67,4,0,8,17,1789200,3651,0,0,498
68,7,0,8,17,1820820,3663,0,0,505
69,4,0,6,19,1854360,3686,0,0,509
70,6,0,7,18,1878120,3697,0,0,515
71,7,0,9,16,1893180,3690,0,0,522
72,10,0,11,14,1924680,3694,0,0,532
73,5,0,9,16,1950060,3693,0,0,537
74,7,0,6,19,2000340,3718,0,0,544
75,4,0,4,21,2018340,3710,0,0,548
76,2,0,3,22,2039460,3728,0,0,550
77,5,0,8,17,2039460,3728,0,0,555
78,5,0,3,22,2079360,3733,0,0,560
79,17,0,12,13,2093160,3704,0,0,577
80,10,0,10,15,2123700,3680,0,0,587
81,8,0,9,16,2160780,3687,0,0,595
82,7,0,7,18,2196420,3691,0,0,602
83,8,0,13,12,2199720,3684,0,0,610
84,6,0,6,19,2256180,3698,0,0,616
85,7,0,8,17,2279760,3706,0,0,623
86,11,0,7,18,2311920,3687,0,0,634
87,8,0,5,20,2337660,3669,0,0,642
88,4,0,4,21,2360520,3676,0,0,646
89,9,0,11,14,2364840,3672,0,0,655
90,4,0,7,18,2401620,3683,0,0,659
91,7,0,7,18,2431260,3689,0,0,666
92,5,0,7,18,2448960,3688,0,0,671
93,9,0,5,20,2491500,3691,0,0,680
94,3,0,4,21,2503500,3687,0,0,683
95,6,0,7,18,2514840,3687,0,0,689
96,7,0,6,19,2538300,3678,0,0,696
97,4,0,5,20,2556060,3677,0,0,700
98,5,0,5,20,2577420,3682,0,0,705
99,8,0,6,19,2597640,3674,0,0,713
100,8,0,9,16,2610300,3666,0,0,721
101,2,0,3,22,2641380,3668,0,0,723
102,7,0,6,19,2659080,3672,0,0,730
103,7,0,9,16,2664240,3659,0,0,737
104,2,0,4,21,2699220,3672,0,0,739
105,2,0,3,22,2717220,3681,0,0,741
106,5,0,6,19,2730600,3690,0,0,746
107,9,0,7,18,2749920,3676,0,0,755
108,14,0,10,15,2773080,3653,0,0,769
109,12,0,10,15,2810340,3645,0,0,781
110,7,0,9,16,2844000,3650,0,0,788
111,11,0,10,15,2877720,3647,0,0,799
112,9,0,9,16,2908500,3640,0,0,808
113,5,0,8,17,2947560,3661,0,0,813
114,8,0,8,17,2977980,3662,0,0,821
115,9,0,6,19,3024900,3670,0,0,830
116,10,0,10,15,3050580,3675,0,0,840
117,4,0,7,18,3070140,3668,0,0,844
118,5,0,5,20,3113040,3688,0,0,849
119,3,0,3,22,3136920,3694,0,0,852
120,5,0,3,22,3149880,3688,0,0,857
121,7,0,7,18,3158220,3685,0,0,864
122,4,0,3,22,3181920,3678,0,0,868
123,7,0,5,20,3192300,3669,0,0,875
124,5,0,7,18,3198780,3664,0,0,880
125,8,0,6,19,3234000,3666,0,0,888
126,3,0,4,21,3253020,3667,0,0,891
127,7,0,7,18,3272400,3672,0,0,898
128,6,0,7,18,3292440,3670,0,0,904
129,8,0,8,17,3316320,3668,0,0,912
130,13,0,11,14,3343740,3658,0,0,925
131,12,0,12,13,3375300,3648,0,0,937
132,13,0,13,12,3416220,3645,0,0,950
133,8,0,11,14,3457620,3651,0,0,958
134,6,0,9,16,3499080,3663,0,0,964
135,6,0,7,18,3530880,3666,0,0,970
136,10,0,10,15,3564060,3674,0,0,980
137,11,0,11,14,3596760,3670,0,0,991
138,3,0,6,19,3640980,3685,0,0,994
139,6,0,8,17,3661500,3691,0,0,1000
140,6,0,7,18,3688200,3691,0,0,1006
141,4,0,7,18,3709920,3698,0,0,1010
142,5,0,4,21,3743460,3702,0,0,1015
143,7,0,6,19,3754680,3695,0,0,1022
144,3,0,5,20,3773940,3699,0,0,1025
145,7,0,3,22,3803700,3696,0,0,1032
146,4,0,4,21,3811920,3693,0,0,1036
147,3,0,3,22,3820740,3687,0,0,1039
148,8,0,7,18,3836640,3689,0,0,1047
149,4,0,2,23,3862800,3682,0,0,1051
150,15,0,15,10,3870360,3682,0,0,1066
151,9,0,13,12,3898620,3671,0,0,1075
152,8,0,10,15,3954900,3685,0,0,1083
153,7,0,9,16,4003320,3703,0,0,1090
154,10,0,13,12,4025760,3703,0,0,1100
155,15,0,7,18,4088700,3690,0,0,1115
156,11,0,12,13,4099500,3679,0,0,1126
157,11,0,10,15,4158420,3689,0,0,1137
158,12,0,15,10,4181580,3687,0,0,1149
159,12,0,14,11,4234980,3692,0,0,1161
160,11,0,10,15,4290240,3692,0,0,1172
161,8,0,6,19,4339080,3695,0,0,1180
162,11,0,9,16,4365240,3693,0,0,1191
163,6,0,4,21,4402320,3690,0,0,1197
164,6,0,7,18,4413180,3689,0,0,1203
165,2,0,4,21,4428120,3687,0,0,1205
166,2,0,5,20,4436160,3690,0,0,1207
167,7,0,6,19,4462500,3694,0,0,1214
168,7,0,8,17,4481700,3694,0,0,1221
169,6,0,7,18,4509240,3696,0,0,1227
170,7,0,9,16,4528560,3696,0,0,1234
171,6,0,6,19,4559160,3694,0,0,1240
172,4,0,5,20,4580880,3697,0,0,1244
173,11,0,11,14,4606440,3702,0,0,1255
174,8,0,10,15,4629780,3694,0,0,1263
175,11,0,10,15,4682040,3704,0,0,1274
176,10,0,9,16,4719120,3701,0,0,1284
177,6,0,5,20,4752900,3698,0,0,1290
178,10,0,10,15,4760400,3690,0,0,1300
179,12,0,11,14,4796280,3686,0,0,1312
180,12,0,14,11,4829280,3686,0,0,1324
181,10,0,12,13,4871580,3685,0,0,1334
182,8,0,11,14,4906080,3686,0,0,1342
183,10,0,12,13,4952460,3695,0,0,1352
184,3,0,5,20,4994400,3699,0,0,1355
185,8,0,8,17,5013780,3700,0,0,1363
186,4,0,7,18,5037720,3704,0,0,1367
187,9,0,10,15,5061300,3705,0,0,1376
188,6,0,7,18,5096820,3706,0,0,1382
189,5,0,8,17,5118180,3711,0,0,1387
190,6,0,6,19,5156640,3717,0,0,1393
191,6,0,7,18,5173200,3716,0,0,1399
192,5,0,7,18,5199480,3721,0,0,1404
193,6,0,7,18,5227200,3725,0,0,1410
194,5,0,7,18,5245860,3725,0,0,1415
195,10,0,11,14,5275500,3730,0,0,1425
196,3,0,5,20,5313960,3734,0,0,1428
197,4,0,3,22,5338380,3735,0,0,1432
198,5,0,4,21,5353080,3735,0,0,1437
199,11,0,6,19,5371980,3725,0,0,1448
200,14,0,13,12,5392800,3721,0,0,1462
201,13,0,10,15,5447820,3718,0,0,1475
202,3,0,6,19,5483520,3725,0,0,1478
203,13,0,12,13,5511000,3726,0,0,1491
204,11,0,10,15,5559540,3726,0,0,1502
205,14,0,7,18,5614020,3720,0,0,1516
206,3,0,4,21,5635620,3719,0,0,1519
207,10,0,7,18,5659800,3718,0,0,1529
208,13,0,12,13,5672880,3707,0,0,1542
209,4,0,6,19,5712900,3709,0,0,1546
210,12,0,9,16,5742780,3707,0,0,1558
211,6,0,6,19,5768580,3702,0,0,1564
212,6,0,4,21,5797440,3702,0,0,1570
213,6,0,5,20,5821500,3705,0,0,1576
214,2,0,1,24,5843160,3705,0,0,1578
215,7,0,4,21,5848260,3699,0,0,1585
216,7,0,6,19,5860500,3695,0,0,1592
217,6,0,8,17,5876700,3696,0,0,1598
218,7,0,7,18,5908080,3697,0,0,1605
219,3,0,6,19,5929860,3701,0,0,1608
220,6,0,7,18,5944800,3699,0,0,1614
221,3,0,6,19,5974620,3708,0,0,1617
222,7,0,5,20,6014040,3714,0,0,1624
223,7,0,8,17,6030960,3715,0,0,1631
224,7,0,7,18,6066240,3719,0,0,1638
225,8,0,5,20,6094380,3713,0,0,1646
226,0,0,1,24,6108900,3713,0,0,1646
227,12,0,9,16,6122460,3712,0,0,1658
228,14,0,15,10,6142860,3707,0,0,1672
229,12,0,10,15,6200400,3703,0,0,1684
230,11,0,11,14,6247500,3709,0,0,1695
231,15,0,13,12,6282720,3702,0,0,1710
232,14,0,16,9,6333180,3707,0,0,1724
233,13,0,18,7,6371760,3706,0,0,1737
234,6,0,8,17,6447840,3716,0,0,1743
235,4,0,5,20,6492900,3727,0,0,1747
236,7,0,6,19,6514680,3726,0,0,1754
237,3,0,3,22,6529020,3722,0,0,1757
238,8,0,4,21,6539100,3713,0,0,1765
239,3,0,2,23,6552060,3710,0,0,1768
240,5,0,5,20,6565500,3713,0,0,1773
241,5,0,5,20,6582840,3712,0,0,1778
242,3,0,3,22,6600720,3712,0,0,1781
243,5,0,4,21,6609900,3709,0,0,1786
244,2,0,2,23,6627600,3710,0,0,1788
245,2,0,4,21,6627600,3710,0,0,1790
246,6,0,3,22,6648240,3707,0,0,1796
247,10,0,8,17,6656460,3702,0,0,1806
248,6,0,8,17,6676740,3701,0,0,1812
249,7,0,8,17,6701820,3700,0,0,1819
250,15,0,13,12,6744060,3703,0,0,1834
251,15,0,17,8,6778380,3699,0,0,1849
252,10,0,14,11,6841440,3708,0,0,1859
253,11,0,14,11,6892920,3713,0,0,1870
254,9,0,10,15,6952620,3719,0,0,1879
255,7,0,8,17,6982080,3717,0,0,1886
256,14,0,10,15,7034220,3721,0,0,1900
257,14,0,14,11,7051800,3711,0,0,1914
258,15,0,11,14,7101480,3702,0,0,1929
259,7,0,10,15,7146600,3710,0,0,1936
260,9,0,11,14,7181400,3713,0,0,1945
261,2,0,1,24,7229460,3715,0,0,1947
262,3,0,4,21,7229460,3715,0,0,1950
263,3,0,5,20,7238820,3716,0,0,1953
264,10,0,4,21,7260000,3705,0,0,1963
265,4,0,4,21,7279740,3708,0,0,1967
266,3,0,4,21,7289040,3707,0,0,1970
267,6,0,5,20,7305960,3706,0,0,1976
268,3,0,7,18,7312680,3708,0,0,1979
269,8,0,2,23,7342140,3698,0,0,1987
270,6,0,7,18,7345620,3698,0,0,1993
271,9,0,9,16,7359060,3692,0,0,2002
272,10,0,10,15,7397940,3695,0,0,2012
273,7,0,9,16,7427220,3695,0,0,2019
274,11,0,11,14,7464120,3696,0,0,2030
275,12,0,11,14,7513860,3699,0,0,2042
276,9,0,10,15,7542720,3695,0,0,2051
277,16,0,11,14,7589400,3691,0,0,2067
278,7,0,13,12,7614780,3694,0,0,2074
279,9,0,10,15,7668480,3699,0,0,2083
280,2,0,5,20,7707900,3705,0,0,2085
281,17,0,12,13,7728420,3697,0,0,2102
282,6,0,7,18,7775160,3700,0,0,2108
283,5,0,4,21,7809540,3702,0,0,2113
284,8,0,6,19,7826640,3700,0,0,2121
285,7,0,7,18,7848660,3700,0,0,2128
286,8,0,8,17,7868520,3697,0,0,2136
287,6,0,7,18,7888800,3694,0,0,2142
288,5,0,3,22,7916820,3692,0,0,2147
289,7,0,5,20,7936320,3693,0,0,2154
290,5,0,4,21,7955820,3691,0,0,2159
291,3,0,3,22,7966620,3689,0,0,2162
292,6,0,5,20,7981860,3690,0,0,2168
293,7,0,6,19,7993380,3685,0,0,2175
294,7,0,9,16,8016000,3688,0,0,2182
295,12,0,9,16,8046300,3682,0,0,2194
296,12,0,10,15,8079000,3678,0,0,2206
297,6,0,10,15,8107020,3681,0,0,2212
298,8,0,6,19,8149260,3680,0,0,2220
299,12,0,11,14,8172900,3679,0,0,2232
300,9,0,9,16,8209980,3678,0,0,2241
301,10,0,14,11,8231760,3679,0,0,2251
302,10,0,8,17,8285520,3677,0,0,2261
303,9,0,9,16,8314320,3677,0,0,2270
304,6,0,11,14,8337120,3680,0,0,2276
305,8,0,6,19,8388780,3682,0,0,2284
306,4,0,6,19,8400540,3681,0,0,2288
307,6,0,8,17,8417580,3682,0,0,2294
308,7,0,6,19,8449500,3681,0,0,2301
309,9,0,6,19,8485440,3682,0,0,2310
310,7,0,6,19,8501700,3678,0,0,2317
311,7,0,9,16,8517720,3679,0,0,2324
312,1,0,5,20,8540820,3681,0,0,2325
313,5,0,3,22,8578020,3686,0,0,2330
314,7,0,8,17,8581260,3684,0,0,2337
315,5,0,7,18,8600220,3683,0,0,2342
316,5,0,7,18,8618460,3683,0,0,2347
317,4,0,8,17,8634360,3685,0,0,2351
318,13,0,13,12,8674020,3689,0,0,2364
319,8,0,11,14,8702100,3685,0,0,2372
320,9,0,10,15,8738100,3685,0,0,2381
321,13,0,9,16,8787180,3684,0,0,2394
322,16,0,15,10,8806020,3676,0,0,2410
323,12,0,15,10,8847420,3675,0,0,2422
324,10,0,12,13,8924880,3687,0,0,2432
325,9,0,8,17,8967900,3685,0,0,2441
326,11,0,10,15,9003480,3686,0,0,2452
327,10,0,10,15,9039060,3686,0,0,2462
328,9,0,9,16,9068460,3683,0,0,2471
329,12,0,12,13,9098820,3682,0,0,2483
330,1,0,5,20,9137460,3685,0,0,2484
331,6,0,2,23,9174540,3687,0,0,2490
332,11,0,6,19,9183480,3680,0,0,2501
333,5,0,6,19,9201840,3680,0,0,2506
334,4,0,4,21,9228960,3682,0,0,2510
335,4,0,6,19,9237480,3683,0,0,2514
336,4,0,6,19,9257460,3685,0,0,2518
337,4,0,5,20,9280500,3687,0,0,2522
338,4,0,3,22,9301260,3686,0,0,2526
339,3,0,2,23,9323340,3689,0,0,2529
340,3,0,3,22,9330000,3689,0,0,2532
341,10,0,10,15,9334080,3686,0,0,2542
342,5,0,7,18,9358320,3684,0,0,2547
343,7,0,5,20,9397560,3686,0,0,2554
344,7,0,8,17,9415860,3688,0,0,2561
345,7,0,9,16,9425940,3683,0,0,2568
346,8,0,9,16,9463200,3686,0,0,2576
347,8,0,7,18,9498600,3685,0,0,2584
348,9,0,4,21,9529320,3680,0,0,2593
349,9,0,8,17,9544320,3679,0,0,2602
350,17,0,13,12,9583560,3677,0,0,2619
351,9,0,13,12,9620520,3678,0,0,2628
352,6,0,10,15,9662220,3682,0,0,2634
353,11,0,11,14,9705180,3684,0,0,2645
354,9,0,7,18,9745740,3681,0,0,2654
355,2,0,4,21,9767760,3683,0,0,2656
356,7,0,8,17,9778260,3682,0,0,2663
357,7,0,8,17,9813900,3686,0,0,2670
358,3,0,4,21,9839700,3686,0,0,2673
359,4,0,4,21,9863100,3689,0,0,2677
360,7,0,7,18,9884460,3692,0,0,2684
361,3,0,4,21,9905940,3692,0,0,2687
362,11,0,9,16,9928140,3692,0,0,2698
363,7,0,9,16,9943980,3688,0,0,2705
364,6,0,7,18,9973080,3688,0,0,2711
365,7,0,7,18,10001880,3689,0,0,2718
366,9,0,12,13,10017960,3689,0,0,2727
367,11,0,12,13,10065900,3692,0,0,2738
368,9,0,6,19,10112400,3689,0,0,2747
369,9,0,3,22,10140600,3683,0,0,2756
370,13,0,14,11,10142280,3681,0,0,2769
371,10,0,14,11,10184340,3683,0,0,2779
372,4,0,5,20,10234800,3684,0,0,2783
373,9,0,6,19,10260180,3682,0,0,2792
374,10,0,11,14,10276860,3682,0,0,2802
375,10,0,7,18,10326420,3681,0,0,2812
376,13,0,10,15,10351680,3677,0,0,2825
377,6,0,8,17,10376880,3675,0,0,2831
378,6,0,6,19,10407540,3676,0,0,2837
379,4,0,2,23,10448940,3680,0,0,2841
380,8,0,7,18,10455600,3678,0,0,2849
381,5,0,6,19,10474140,3677,0,0,2854
382,10,0,8,17,10506660,3678,0,0,2864
383,3,0,5,20,10532040,3679,0,0,2867
384,6,0,7,18,10549320,3680,0,0,2873
385,6,0,4,21,10574400,3678,0,0,2879
386,7,0,7,18,10591080,3678,0,0,2886
387,4,0,4,21,10607460,3675,0,0,2890
388,5,0,4,21,10625580,3675,0,0,2895
389,4,0,6,19,10627320,3673,0,0,2899
390,4,0,4,21,10649880,3673,0,0,2903
391,6,0,3,22,10670880,3672,0,0,2909
392,7,0,8,17,10677180,3671,0,0,2916
393,10,0,11,14,10699320,3670,0,0,2926
394,13,0,12,13,10757280,3675,0,0,2939
395,12,0,13,12,10793400,3673,0,0,2951
396,9,0,13,12,10823220,3672,0,0,2960
397,11,0,8,17,10882260,3672,0,0,2971
398,4,0,8,17,10908240,3676,0,0,2975
399,1,0,3,22,10939800,3679,0,0,2976
400,12,0,9,16,10959960,3679,0,0,2988
401,3,0,5,20,10980780,3677,0,0,2991
402,6,0,3,22,11014740,3678,0,0,2997
403,12,0,10,15,11023380,3675,0,0,3009
404,11,0,11,14,11046240,3671,0,0,3020
405,7,0,6,19,11099460,3674,0,0,3027
406,7,0,8,17,11111400,3671,0,0,3034
407,6,0,8,17,11150520,3677,0,0,3040
408,5,0,7,18,11170080,3676,0,0,3045
409,2,0,4,21,11200800,3680,0,0,3047
410,4,0,2,23,11219880,3679,0,0,3051
411,3,0,4,21,11221020,3679,0,0,3054
412,5,0,5,20,11231280,3677,0,0,3059
413,6,0,7,18,11249640,3678,0,0,3065
414,2,0,3,22,11270460,3678,0,0,3067
415,6,0,6,19,11280840,3678,0,0,3073
416,6,0,8,17,11293620,3677,0,0,3079
417,5,0,6,19,11322060,3678,0,0,3084
418,8,0,5,20,11350020,3676,0,0,3092
419,8,0,11,14,11354400,3675,0,0,3100
420,9,0,9,16,11388960,3673,0,0,3109
421,10,0,8,17,11439840,3677,0,0,3119
422,7,0,7,18,11458800,3673,0,0,3126
423,6,0,5,20,11497980,3677,0,0,3132
424,9,0,11,14,11510160,3677,0,0,3141
425,11,0,6,19,11553120,3672,0,0,3152
426,7,0,8,17,11569020,3671,0,0,3159
427,8,0,9,16,11592600,3670,0,0,3167
428,11,0,9,16,11626020,3668,0,0,3178
429,9,0,12,13,11655960,3671,0,0,3187
430,4,0,3,22,11708760,3672,0,0,3191
431,5,0,3,22,11724060,3671,0,0,3196
432,8,0,6,19,11742240,3671,0,0,3204
433,7,0,7,18,11765640,3672,0,0,3211
434,5,0,4,21,11792220,3671,0,0,3216
435,7,0,7,18,11804880,3670,0,0,3223
436,9,0,9,16,11818740,3666,0,0,3232
437,9,0,8,17,11842980,3663,0,0,3241
438,5,0,4,21,11879340,3664,0,0,3246
439,10,0,10,15,11884980,3661,0,0,3256
440,6,0,5,20,11934240,3664,0,0,3262
441,10,0,10,15,11953980,3664,0,0,3272
442,10,0,12,13,11985240,3665,0,0,3282
443,10,0,9,16,12035040,3665,0,0,3292
444,9,0,11,14,12060780,3665,0,0,3301
445,17,0,11,14,12112260,3662,0,0,3318
446,6,0,7,18,12147420,3662,0,0,3324
447,11,0,5,20,12186300,3659,0,0,3335
448,8,0,9,16,12192480,3657,0,0,3343
449,9,0,12,13,12227940,3661,0,0,3352
450,9,0,11,14,12260280,3659,0,0,3361
451,6,0,6,19,12312420,3663,0,0,3367
452,5,0,4,21,12334140,3662,0,0,3372
453,6,0,2,23,12368460,3663,0,0,3378
454,10,0,7,18,12374880,3660,0,0,3388
455,6,0,7,18,12395700,3659,0,0,3394
456,5,0,5,20,12415380,3658,0,0,3399
457,11,0,9,16,12440100,3657,0,0,3410
458,4,0,5,20,12461340,3655,0,0,3414
459,8,0,5,20,12493380,3656,0,0,3422
460,8,0,5,20,12514800,3653,0,0,3430
461,7,0,7,18,12523620,3651,0,0,3437
462,5,0,8,17,12533520,3649,0,0,3442
463,5,0,8,17,12552480,3650,0,0,3447
464,8,0,6,19,12599100,3652,0,0,3455
465,12,0,12,13,12624480,3653,0,0,3467
466,7,0,11,14,12660960,3656,0,0,3474
467,11,0,13,12,12701040,3658,0,0,3485
468,9,0,10,15,12738000,3656,0,0,3494
469,9,0,8,17,12779700,3656,0,0,3503
470,19,0,17,8,12814140,3655,0,0,3522
471,9,0,12,13,12870540,3657,0,0,3531
472,6,0,6,19,12928020,3661,0,0,3537
473,8,0,10,15,12951540,3663,0,0,3545
474,13,0,8,17,12996240,3660,0,0,3558
475,14,0,16,9,13020060,3661,0,0,3572
476,9,0,11,14,13063140,3659,0,0,3581
477,6,0,4,21,13121400,3662,0,0,3587
478,6,0,5,20,13136100,3661,0,0,3593
479,4,0,6,19,13154520,3663,0,0,3597
480,5,0,5,20,13180560,3664,0,0,3602
481,4,0,4,21,13204260,3665,0,0,3606
482,4,0,6,19,13217400,3667,0,0,3610
483,7,0,7,18,13234980,3666,0,0,3617
484,4,0,2,23,13270860,3666,0,0,3621
485,5,0,4,21,13274700,3665,0,0,3626
486,13,0,10,15,13295520,3663,0,0,3639
487,17,0,12,13,13329900,3658,0,0,3656
488,6,0,5,20,13369260,3655,0,0,3662
489,11,0,10,15,13389720,3655,0,0,3673
490,11,0,13,12,13409520,3652,0,0,3684
491,11,0,9,16,13473300,3655,0,0,3695
492,11,0,15,10,13501980,3658,0,0,3706
493,14,0,13,12,13572780,3661,0,0,3720
494,19,0,16,9,13608600,3655,0,0,3739
495,4,0,7,18,13669680,3658,0,0,3743
496,3,0,2,23,13702200,3659,0,0,3746
497,5,0,5,20,13712220,3660,0,0,3751
498,9,0,6,19,13729620,3657,0,0,3760
499,4,0,4,21,13748820,3656,0,0,3764
500,9,0,5,20,13773240,3655,0,0,3773
501,9,0,9,16,13783020,3653,0,0,3782
502,5,0,7,18,13808760,3653,0,0,3787
503,5,0,3,22,13843800,3653,0,0,3792
504,7,0,5,20,13859400,3652,0,0,3799
505,6,0,3,22,13874640,3649,0,0,3805
506,6,0,6,19,13879860,3647,0,0,3811
507,5,0,6,19,13891440,3646,0,0,3816
508,6,0,5,20,13923900,3647,0,0,3822
509,6,0,10,15,13929660,3648,0,0,3828
510,13,0,12,13,13961640,3646,0,0,3841
511,14,0,9,16,14016060,3644,0,0,3855
512,9,0,8,17,14047020,3642,0,0,3864
513,13,0,8,17,14087460,3641,0,0,3877
514,9,0,13,12,14100960,3640,0,0,3886
515,3,0,8,17,14145840,3644,0,0,3889
516,6,0,8,17,14169240,3645,0,0,3895
517,12,0,7,18,14209020,3643,0,0,3907
518,4,0,4,21,14233200,3642,0,0,3911
519,11,0,10,15,14245980,3641,0,0,3922
520,13,0,8,17,14287680,3638,0,0,3935
521,15,0,16,9,14302680,3635,0,0,3950
522,10,0,15,10,14342100,3635,0,0,3960
523,8,0,10,15,14402640,3638,0,0,3968
524,9,0,8,17,14449560,3640,0,0,3977
525,9,0,6,19,14488860,3640,0,0,3986
526,3,0,8,17,14497080,3641,0,0,3989
527,3,0,3,22,14528100,3642,0,0,3992
528,6,0,4,21,14542620,3641,0,0,3998
529,8,0,8,17,14555580,3640,0,0,4006
530,4,0,6,19,14574840,3640,0,0,4010
531,7,0,6,19,14605380,3641,0,0,4017
532,7,0,8,17,14620680,3640,0,0,4024
533,11,0,9,16,14649900,3638,0,0,4035
534,5,0,6,19,14678400,3638,0,0,4040
535,8,0,6,19,14704920,3638,0,0,4048
536,7,0,11,14,14715900,3638,0,0,4055
537,9,0,9,16,14757120,3639,0,0,4064
538,13,0,10,15,14796780,3638,0,0,4077
539,10,0,11,14,14823540,3636,0,0,4087
540,17,0,17,8,14853720,3634,0,0,4104
541,9,0,13,12,14912520,3637,0,0,4113
542,12,0,11,14,14963100,3637,0,0,4125
543,10,0,7,18,15015060,3637,0,0,4135
544,11,0,9,16,15049380,3637,0,0,4146
545,10,0,13,12,15065100,3636,0,0,4156
546,12,0,16,9,15111900,3639,0,0,4168
547,5,0,9,16,15166680,3642,0,0,4173
548,6,0,8,17,15199740,3644,0,0,4179
549,6,0,7,18,15225720,3644,0,0,4185
550,4,0,5,20,15251160,3645,0,0,4189
551,3,0,4,21,15269520,3646,0,0,4192
552,4,0,3,22,15287160,3645,0,0,4196
553,0,0,0,25,15308580,3648,0,0,4196
554,6,0,4,21,15310920,3647,0,0,4202
555,4,0,5,20,15320100,3646,0,0,4206
556,6,0,6,19,15343800,3648,0,0,4212
557,4,0,6,19,15362580,3649,0,0,4216
558,11,0,12,13,15383640,3649,0,0,4227
559,8,0,11,14,15416640,3649,0,0,4235
560,9,0,11,14,15456420,3651,0,0,4244
561,9,0,8,17,15506760,3652,0,0,4253
562,9,0,10,15,15524280,3651,0,0,4262
563,9,0,13,12,15550140,3651,0,0,4271
564,13,0,9,16,15606420,3650,0,0,4284
565,11,0,11,14,15639420,3650,0,0,4295
566,5,0,9,16,15672480,3652,0,0,4300
567,3,0,4,21,15703500,3652,0,0,4303
568,7,0,6,19,15731340,3655,0,0,4310
569,11,0,9,16,15750600,3652,0,0,4321
570,15,0,16,9,15784260,3653,0,0,4336
571,9,0,14,11,15823500,3653,0,0,4345
572,6,0,12,13,15867300,3656,0,0,4351
573,8,0,9,16,15932460,3662,0,0,4359
574,10,0,7,18,15983820,3664,0,0,4369
575,5,0,6,19,16003860,3663,0,0,4374
576,3,0,5,20,16026300,3665,0,0,4377
577,9,0,4,21,16047600,3662,0,0,4386
578,4,0,4,21,16060740,3661,0,0,4390
579,5,0,6,19,16075980,3662,0,0,4395
580,4,0,8,17,16082820,3662,0,0,4399
581,5,0,6,19,16117140,3664,0,0,4404
582,7,0,10,15,16119360,3662,0,0,4411
583,7,0,7,18,16162980,3664,0,0,4418
584,4,0,5,20,16188420,3665,0,0,4422
585,12,0,7,18,16219380,3663,0,0,4434
586,7,0,5,20,16245180,3662,0,0,4441
587,8,0,7,18,16266420,3661,0,0,4449
588,6,0,5,20,16288320,3660,0,0,4455
589,10,0,10,15,16313520,3661,0,0,4465
590,9,0,11,14,16333140,3659,0,0,4474
591,11,0,12,13,16367640,3659,0,0,4485
592,6,0,5,20,16419840,3660,0,0,4491
593,7,0,7,18,16431780,3658,0,0,4498
594,8,0,9,16,16449240,3657,0,0,4506
595,8,0,6,19,16492260,3658,0,0,4514
596,7,0,6,19,16508700,3656,0,0,4521
597,7,0,6,19,16532820,3656,0,0,4528
598,5,0,8,17,16540320,3655,0,0,4533
599,7,0,9,16,16564320,3655,0,0,4540
600,7,0,5,20,16606680,3656,0,0,4547
601,6,0,6,19,16617540,3654,0,0,4553
603,1,0,2,23,16639140,3655,0,0,4554
602,0,0,2,23,16639140,3655,0,0,4554
604,7,0,6,19,16652520,3655,0,0,4561
605,3,0,7,18,16660200,3655,0,0,4564
606,8,0,10,15,16688760,3658,0,0,4572
607,8,0,12,13,16706760,3657,0,0,4580
608,11,0,12,13,16756500,3659,0,0,4591
609,10,0,10,15,16815540,3662,0,0,4601
610,11,0,12,13,16842720,3661,0,0,4612
611,6,0,9,16,16868460,3659,0,0,4618
612,11,0,9,16,16911600,3660,0,0,4629
613,13,0,11,14,16947000,3659,0,0,4642
614,5,0,6,19,16988760,3660,0,0,4647
615,9,0,7,18,17011320,3659,0,0,4656
616,5,0,4,21,17043180,3659,0,0,4661
617,14,0,10,15,17058000,3656,0,0,4675
618,9,0,11,14,17094540,3658,0,0,4684
619,11,0,12,13,17117100,3655,0,0,4695
620,10,0,10,15,17172420,3657,0,0,4705
621,7,0,7,18,17208420,3657,0,0,4712
622,9,0,11,14,17221560,3656,0,0,4721
623,6,0,6,19,17267640,3657,0,0,4727
624,10,0,8,17,17290020,3656,0,0,4737
625,4,0,5,20,17319900,3657,0,0,4741
626,8,0,4,21,17347380,3655,0,0,4749
627,9,0,5,20,17363520,3653,0,0,4758
628,5,0,2,23,17383560,3651,0,0,4763
629,6,0,5,20,17393400,3651,0,0,4769
630,11,0,8,17,17414940,3649,0,0,4780
631,6,0,4,21,17448720,3648,0,0,4786
632,5,0,4,21,17463300,3648,0,0,4791
633,17,0,12,13,17480280,3644,0,0,4808
634,7,0,10,15,17509200,3643,0,0,4815
635,4,0,6,19,17562120,3648,0,0,4819
636,8,0,10,15,17566020,3646,0,0,4827
637,15,0,16,9,17606340,3648,0,0,4842
638,11,0,11,14,17670840,3649,0,0,4853
639,12,0,13,12,17717340,3651,0,0,4865
640,11,0,16,9,17744400,3651,0,0,4876
641,3,0,8,17,17795400,3653,0,0,4879
642,7,0,5,20,17849220,3656,0,0,4886
643,11,0,6,19,17871180,3653,0,0,4897
644,10,0,7,18,17890080,3651,0,0,4907
645,6,0,9,16,17907720,3651,0,0,4913
646,7,0,8,17,17944560,3653,0,0,4920
647,6,0,8,17,17968200,3653,0,0,4926
648,6,0,9,16,17990940,3654,0,0,4932
649,6,0,5,20,18033780,3655,0,0,4938
650,6,0,5,20,18055320,3655,0,0,4944
651,6,0,9,16,18064140,3655,0,0,4950
652,7,0,6,19,18105180,3656,0,0,4957
653,3,0,5,20,18127800,3658,0,0,4960
654,7,0,6,19,18157320,3660,0,0,4967
655,10,0,10,15,18174720,3659,0,0,4977
656,8,0,8,17,18211080,3659,0,0,4985
657,16,0,15,10,18243900,3659,0,0,5001
658,12,0,17,8,18282660,3659,0,0,5013
659,12,0,19,6,18328860,3661,0,0,5025
660,16,0,13,12,18423600,3664,0,0,5041
661,11,0,11,14,18472020,3664,0,0,5052
662,5,0,7,18,18507060,3664,0,0,5057
663,11,0,11,14,18548520,3667,0,0,5068
664,6,0,9,16,18572220,3666,0,0,5074
665,5,0,9,16,18606840,3669,0,0,5079
666,14,0,9,16,18652260,3668,0,0,5093
667,11,0,11,14,18682620,3668,0,0,5104
668,8,0,6,19,18725640,3667,0,0,5112
669,7,0,8,17,18739440,3666,0,0,5119
670,5,0,6,19,18777420,3668,0,0,5124
671,4,0,7,18,18795120,3670,0,0,5128
672,4,0,4,21,18826620,3671,0,0,5132
673,7,0,7,18,18831840,3669,0,0,5139
674,6,0,10,15,18840780,3669,0,0,5145
675,3,0,8,17,18864840,3670,0,0,5148
676,6,0,9,16,18886560,3670,0,0,5154
677,6,0,8,17,18904380,3669,0,0,5160
678,6,0,9,16,18925680,3669,0,0,5166
679,8,0,9,16,18952200,3669,0,0,5174
680,6,0,9,16,18967920,3668,0,0,5180
681,8,0,12,13,18980160,3666,0,0,5188
682,13,0,15,10,19029540,3669,0,0,5201
683,15,0,18,7,19063500,3667,0,0,5216
684,18,0,23,2,19107900,3666,0,0,5234
685,14,0,18,7,19168680,3665,60,0,5248
686,17,0,20,5,19214760,3663,60,0,5265
687,17,0,18,7,19282920,3663,60,0,5282
688,11,0,14,11,19330740,3661,60,0,5293
689,13,0,15,10,19361580,3659,60,0,5306
690,8,0,14,11,19421220,3664,60,0,5314
691,7,0,11,14,19455120,3663,60,0,5321
692,6,0,9,16,19484640,3663,60,0,5327
693,3,0,6,19,19506420,3663,60,0,5330
694,7,0,9,16,19528320,3665,60,0,5337
695,7,0,12,13,19536720,3664,60,0,5344
696,4,0,7,18,19573200,3664,60,0,5348
697,3,0,9,16,19579260,3665,60,0,5351
698,5,0,8,17,19609200,3666,60,0,5356
699,4,0,9,16,19621500,3666,60,0,5360
700,8,0,8,17,19651920,3666,60,0,5368
701,3,0,5,20,19664520,3664,60,0,5371
702,4,0,7,18,19668360,3664,60,0,5375
703,4,0,6,19,19683660,3663,60,0,5379
704,4,0,7,18,19693920,3663,60,0,5383
705,7,0,10,15,19702980,3662,60,0,5390
706,9,0,8,17,19729320,3659,60,0,5399
707,10,0,11,14,19748340,3658,60,0,5409
708,12,0,14,11,19769760,3656,60,0,5421
709,9,0,14,11,19797480,3655,60,0,5430
710,11,0,14,11,19839900,3655,60,0,5441
711,16,0,19,6,19889400,3657,60,0,5457
712,10,0,14,11,19945620,3657,60,0,5467
713,5,0,10,15,19978560,3657,60,0,5472
714,6,0,10,15,20011320,3659,60,0,5478
715,8,0,11,14,20030520,3658,60,0,5486
716,8,0,10,15,20063820,3658,60,0,5494
717,8,0,9,16,20093460,3658,60,0,5502
718,8,0,11,14,20108760,3656,60,0,5510
719,6,0,10,15,20140380,3657,60,0,5516
720,4,0,6,19,20169840,3657,60,0,5520
721,2,0,5,20,20183280,3658,60,0,5522
722,5,0,7,18,20198100,3659,60,0,5527
723,9,0,8,17,20215320,3656,60,0,5536
724,5,0,7,18,20232240,3655,60,0,5541
725,6,0,9,16,20248500,3656,60,0,5547
726,5,0,12,13,20255040,3656,60,0,5552
727,4,0,6,19,20300040,3657,60,0,5556
728,14,0,16,9,20306760,3656,60,0,5570
729,9,0,16,9,20329260,3654,60,0,5579
730,10,0,18,7,20365560,3655,60,0,5589
731,12,0,13,12,20432580,3656,60,0,5601
732,7,0,7,18,20472420,3655,60,0,5608
733,15,0,13,12,20491320,3652,60,0,5623
734,9,0,16,9,20505240,3651,60,0,5632
735,5,0,10,15,20553540,3652,60,0,5637
736,7,0,9,16,20589060,3653,60,0,5644
737,6,0,12,13,20596920,3653,60,0,5650
738,9,0,14,11,20626740,3653,60,0,5659
739,8,0,14,11,20654340,3653,60,0,5667
740,4,0,9,16,20697300,3655,60,0,5671
741,10,0,13,12,20716560,3655,60,0,5681
742,6,0,11,14,20743140,3654,60,0,5687
743,9,0,12,13,20776740,3655,60,0,5696
744,7,0,14,11,20796960,3655,60,0,5703
745,4,0,9,16,20839140,3657,60,0,5707
746,10,0,13,12,20862960,3657,60,0,5717
747,6,0,11,14,20895300,3658,60,0,5723
748,3,0,5,20,20929440,3658,60,0,5726
749,5,0,6,19,20939520,3657,60,0,5731
750,5,0,6,19,20946720,3655,60,0,5736
751,8,0,7,18,20963520,3654,60,0,5744
752,7,0,8,17,20983200,3653,60,0,5751
753,13,0,15,10,20998200,3652,60,0,5764
754,8,0,14,11,21021900,3650,60,0,5772
755,8,0,14,11,21051420,3650,60,0,5780
756,17,0,18,7,21099600,3651,60,0,5797
757,11,0,11,14,21159960,3650,60,0,5808
758,10,0,15,10,21182220,3650,60,0,5818
759,11,0,14,11,21220260,3649,60,0,5829
760,7,0,14,11,21257460,3651,60,0,5836
761,11,0,10,15,21310740,3650,60,0,5847
762,7,0,10,15,21330240,3649,60,0,5854
763,4,0,8,17,21345900,3648,60,0,5858
764,10,0,14,11,21364020,3649,60,0,5868
765,0,0,5,20,21399720,3649,60,0,5868
766,5,0,7,18,21408420,3649,60,0,5873
767,4,0,6,19,21422820,3648,60,0,5877
768,6,0,9,16,21433920,3648,60,0,5883
769,8,0,13,12,21444240,3648,60,0,5891
770,9,0,12,13,21482580,3648,60,0,5900
771,4,0,7,18,21528780,3650,60,0,5904
772,3,0,8,17,21538620,3651,60,0,5907
773,8,0,11,14,21556380,3651,60,0,5915
774,5,0,10,15,21573840,3650,60,0,5920
775,12,0,12,13,21613620,3650,60,0,5932
776,8,0,12,13,21642540,3650,60,0,5940
777,5,0,9,16,21667500,3650,60,0,5945
778,13,0,12,13,21699900,3649,60,0,5958
779,15,0,13,12,21735780,3646,60,0,5973
780,13,0,18,7,21760080,3646,60,0,5986
781,11,0,14,11,21816360,3646,60,0,5997
782,10,0,13,12,21867780,3648,60,0,6007
783,17,0,18,7,21903240,3646,60,0,6024
784,13,0,13,12,21956820,3644,60,0,6037
785,13,0,13,12,21992340,3642,60,0,6050
786,10,0,12,13,22019580,3640,60,0,6060
787,4,0,10,15,22052580,3642,60,0,6064
788,10,0,10,15,22095780,3643,60,0,6074
789,8,0,9,16,22123500,3642,60,0,6082
790,3,0,7,18,22136760,3642,60,0,6085
791,8,0,10,15,22153860,3641,60,0,6093
792,6,0,12,13,22164300,3641,60,0,6099
793,6,0,10,15,22195860,3641,60,0,6105
794,3,0,6,19,22230360,3643,60,0,6108
795,10,0,12,13,22238400,3642,60,0,6118
796,5,0,14,11,22255260,3643,60,0,6123
797,10,0,8,17,22307340,3642,60,0,6133
798,8,0,8,17,22335900,3641,60,0,6141
799,6,0,11,14,22346040,3641,60,0,6147
800,9,0,15,10,22364220,3641,60,0,6156
801,10,0,14,11,22401780,3641,60,0,6166
802,13,0,12,13,22473960,3644,60,0,6179
803,7,0,10,15,22509420,3644,60,0,6186
804,11,0,11,14,22533000,3642,60,0,6197
805,12,0,13,12,22557180,3640,60,0,6209
806,16,0,13,12,22602780,3638,60,0,6225
807,4,0,9,16,22629480,3638,60,0,6229
808,7,0,10,15,22651860,3638,60,0,6236
809,9,0,13,12,22669680,3637,60,0,6245
810,13,0,16,9,22712400,3638,60,0,6258
811,9,0,13,12,22767840,3640,60,0,6267
812,11,0,13,12,22812180,3641,60,0,6278
813,8,0,13,12,22844700,3641,60,0,6286
814,5,0,9,16,22876020,3641,60,0,6291
815,8,0,10,15,22896780,3640,60,0,6299
816,3,0,6,19,22922820,3640,60,0,6302
817,3,0,4,21,22945020,3641,60,0,6305
818,2,0,5,20,22949820,3641,60,0,6307
819,1,0,4,21,22954500,3641,60,0,6308
820,8,0,11,14,22954980,3640,60,0,6316
821,8,0,12,13,22974480,3639,60,0,6324
822,6,0,10,15,23010960,3640,60,0,6330
823,9,0,9,16,23046240,3640,60,0,6339
824,10,0,15,10,23061000,3640,60,0,6349
825,11,0,16,9,23098980,3641,60,0,6360
826,11,0,17,8,23141700,3642,60,0,6371
827,13,0,17,8,23189700,3642,60,0,6384
828,11,0,16,9,23248680,3644,60,0,6395
829,12,0,15,10,23286960,3643,60,0,6407
830,12,0,16,9,23321100,3642,60,0,6419
831,8,0,12,13,23380440,3644,60,0,6427
832,6,0,7,18,23410380,3643,60,0,6433
833,5,0,9,16,23427600,3644,60,0,6438
834,5,0,9,16,23446920,3644,60,0,6443
835,5,0,5,20,23471040,3642,60,0,6448
836,6,0,7,18,23475960,3641,60,0,6454
837,5,0,10,15,23477940,3640,60,0,6459
838,4,0,6,19,23516940,3642,60,0,6463
839,6,0,7,18,23529000,3641,60,0,6469
840,5,0,10,15,23534520,3640,60,0,6474
841,7,0,10,15,23565300,3641,60,0,6481
842,4,0,8,17,23587920,3641,60,0,6485
843,6,0,9,16,23603700,3641,60,0,6491
844,5,0,7,18,23627940,3641,60,0,6496
845,9,0,12,13,23637660,3640,60,0,6505
846,8,0,12,13,23662920,3639,60,0,6513
847,5,0,9,16,23691420,3639,60,0,6518
848,15,0,19,6,23721780,3641,60,0,6533
849,6,0,11,14,23757120,3639,60,0,6539
850,11,0,12,13,23809860,3641,60,0,6550
851,12,0,18,7,23831520,3641,60,0,6562
852,4,0,9,16,23888040,3643,60,0,6566
853,7,0,9,16,23923440,3644,60,0,6573
854,13,0,15,10,23935920,3642,60,0,6586
855,7,0,15,10,23954940,3641,60,0,6593
856,11,0,15,10,23993640,3641,60,0,6604
857,10,0,14,11,24037440,3642,60,0,6614
858,9,0,15,10,24064920,3641,60,0,6623
859,6,0,13,12,24112680,3644,60,0,6629
860,13,0,17,8,24156480,3646,60,0,6642
861,7,0,13,12,24192240,3645,60,0,6649
862,8,0,10,15,24247500,3647,60,0,6657
863,4,0,8,17,24271200,3648,60,0,6661
864,7,0,11,14,24283800,3647,60,0,6668
865,8,0,11,14,24312060,3647,60,0,6676
866,6,0,10,15,24336960,3647,60,0,6682
867,2,0,6,19,24368400,3649,60,0,6684
868,6,0,5,20,24378000,3646,60,0,6690
869,9,0,12,13,24390300,3647,60,0,6699
870,8,0,10,15,24417660,3646,60,0,6707
871,9,0,15,10,24432420,3646,60,0,6716
872,13,0,17,8,24470340,3645,60,0,6729
873,11,0,13,12,24529380,3646,60,0,6740
874,8,0,11,14,24561300,3645,60,0,6748
875,15,0,19,6,24586740,3645,60,0,6763
876,13,0,13,12,24645060,3644,60,0,6776
877,15,0,12,13,24688740,3641,60,0,6791
878,9,0,15,10,24712620,3642,60,0,6800
879,12,0,13,12,24764340,3642,60,0,6812
880,14,0,20,5,24785880,3641,60,0,6826
881,10,0,13,12,24855000,3642,60,0,6836
882,10,0,11,14,24888120,3641,60,0,6846
883,9,0,15,10,24906360,3641,60,0,6855
884,6,0,10,15,24954660,3642,60,0,6861
885,5,0,9,16,24973620,3642,60,0,6866
886,4,0,9,16,24996120,3643,60,0,6870
887,5,0,10,15,25014060,3643,60,0,6875
888,7,0,9,16,25041000,3643,60,0,6882
889,0,0,7,18,25056300,3644,60,0,6882
890,5,0,9,16,25075260,3645,60,0,6887
891,4,0,10,15,25086180,3645,60,0,6891
892,9,0,14,11,25114920,3647,60,0,6900
893,5,0,8,17,25149540,3646,60,0,6905
894,10,0,13,12,25170120,3646,60,0,6915
895,11,0,13,12,25212360,3647,60,0,6926
896,6,0,12,13,25241220,3647,60,0,6932
897,11,0,14,11,25267980,3646,60,0,6943
898,8,0,13,12,25305600,3647,60,0,6951
899,12,0,15,10,25334340,3646,60,0,6963
900,10,0,13,12,25381800,3646,60,0,6973
901,11,0,15,10,25406640,3645,60,0,6984
902,8,0,8,17,25454640,3644,60,0,6992
903,6,0,8,17,25465920,3643,60,0,6998
904,11,0,13,12,25489560,3643,60,0,7009
905,14,0,17,8,25535640,3644,60,0,7023
906,7,0,13,12,25574220,3644,60,0,7030
907,8,0,11,14,25611480,3644,60,0,7038
908,11,0,15,10,25651440,3646,60,0,7049
909,8,0,13,12,25685520,3646,60,0,7057
910,6,0,10,15,25727400,3647,60,0,7063
911,4,0,7,18,25762140,3649,60,0,7067
912,6,0,10,15,25770900,3648,60,0,7073
913,5,0,8,17,25801080,3649,60,0,7078
914,9,0,11,14,25814520,3648,60,0,7087
915,4,0,9,16,25829940,3647,60,0,7091
916,12,0,12,13,25862340,3647,60,0,7103
917,9,0,13,12,25893480,3647,60,0,7112
918,6,0,10,15,25920360,3646,60,0,7118
919,12,0,16,9,25949460,3647,60,0,7130
920,8,0,15,10,25982940,3647,60,0,7138
921,8,0,9,16,26045160,3649,60,0,7146
922,6,0,7,18,26068320,3648,60,0,7152
923,9,0,9,16,26080500,3646,60,0,7161
924,12,0,11,14,26100480,3644,60,0,7173
925,4,0,9,16,26131860,3645,60,0,7177
926,12,0,15,10,26148960,3644,60,0,7189
927,18,0,14,11,26196180,3641,60,0,7207
928,9,0,15,10,26220780,3641,60,0,7216
929,13,0,15,10,26265300,3640,60,0,7229
930,11,0,13,12,26318040,3641,60,0,7240
931,8,0,9,16,26354700,3640,60,0,7248
932,13,0,9,16,26394960,3639,60,0,7261
933,9,0,13,12,26417280,3640,60,0,7270
934,5,0,9,16,26449680,3640,60,0,7275
935,7,0,10,15,26471340,3640,60,0,7282
936,4,0,8,17,26498640,3640,60,0,7286
937,8,0,11,14,26511180,3640,60,0,7294
938,5,0,7,18,26538180,3639,60,0,7299
939,4,0,6,19,26549880,3638,60,0,7303
940,3,0,6,19,26562480,3638,60,0,7306
941,6,0,8,17,26569020,3637,60,0,7312
942,5,0,8,17,26591580,3638,60,0,7317
943,9,0,10,15,26611680,3637,60,0,7326
944,7,0,10,15,26627580,3636,60,0,7333
945,15,0,15,10,26659080,3635,60,0,7348
946,8,0,11,14,26693640,3634,60,0,7356
947,7,0,12,13,26719860,3634,60,0,7363
948,9,0,9,16,26775900,3636,60,0,7372
949,14,0,17,8,26807280,3637,60,0,7386
950,8,0,14,11,26840220,3636,60,0,7394
951,14,0,17,8,26889420,3638,60,0,7408
952,16,0,24,1,26927520,3638,60,0,7424
953,11,0,16,9,27005640,3640,120,0,7435
954,11,0,13,12,27074400,3642,120,0,7446
955,9,0,16,9,27097200,3642,120,0,7455
956,9,0,8,17,27151200,3641,120,0,7464
957,4,0,8,17,27175680,3642,120,0,7468
958,3,0,8,17,27196320,3644,120,0,7471
959,4,0,5,20,27220920,3644,120,0,7475
960,2,0,6,19,27224700,3644,120,0,7477
961,12,0,14,11,27231000,3642,120,0,7489
962,6,0,13,12,27258360,3643,120,0,7495
963,6,0,11,14,27288180,3643,120,0,7501
964,5,0,6,19,27332460,3644,120,0,7506
965,8,0,11,14,27344880,3644,120,0,7514
966,5,0,8,17,27368460,3643,120,0,7519
967,3,0,8,17,27378420,3643,120,0,7522
968,7,0,11,14,27389760,3643,120,0,7529
969,6,0,10,15,27431220,3645,120,0,7535
970,7,0,8,17,27458160,3644,120,0,7542
971,13,0,16,9,27476280,3644,120,0,7555
972,7,0,11,14,27519060,3644,120,0,7562
973,9,0,10,15,27548760,3643,120,0,7571
974,10,0,11,14,27575040,3642,120,0,7581
975,11,0,14,11,27603660,3642,120,0,7592
976,9,0,17,8,27631680,3643,120,0,7601
977,17,0,21,4,27682860,3643,120,0,7618
978,9,0,13,12,27757320,3645,120,0,7627
979,9,0,13,12,27776520,3643,120,0,7636
980,6,0,10,15,27836160,3647,120,0,7642
981,8,0,8,17,27869040,3646,120,0,7650
982,5,0,8,17,27887460,3646,120,0,7655
983,7,0,9,16,27902880,3646,120,0,7662
984,7,0,12,13,27925560,3647,120,0,7669
985,6,0,9,16,27958200,3647,120,0,7675
986,5,0,8,17,27983160,3647,120,0,7680
987,6,0,10,15,28003200,3648,120,0,7686
988,4,0,10,15,28019160,3648,120,0,7690
989,2,0,6,19,28066140,3651,120,0,7692
990,3,0,7,18,28076760,3652,120,0,7695
991,6,0,8,17,28093320,3651,120,0,7701
992,9,0,10,15,28108860,3650,120,0,7710
993,7,0,13,12,28122660,3650,120,0,7717
994,15,0,19,6,28160220,3651,120,0,7732
995,18,0,19,6,28221420,3650,120,0,7750
996,8,0,16,9,28263960,3650,120,0,7758
997,7,0,13,12,28308540,3651,120,0,7765
998,13,0,16,9,28362420,3654,120,0,7778
999,7,0,9,16,28408320,3653,120,0,7785
1000,6,0,9,16,28431840,3653,120,0,7791
1001,7,0,11,14,28457400,3654,120,0,7798
1002,5,0,11,14,28483500,3655,120,0,7803
1003,10,0,13,12,28522500,3656,120,0,7813
1004,6,0,9,16,28546320,3655,120,0,7819
1005,6,0,10,15,28573440,3656,120,0,7825
1006,7,0,10,15,28597140,3655,120,0,7832
1007,6,0,9,16,28630680,3657,120,0,7838
1008,7,0,10,15,28659540,3657,120,0,7845
1009,4,0,8,17,28679820,3657,120,0,7849
1010,3,0,5,20,28698840,3657,120,0,7852
1011,15,0,15,10,28711800,3656,120,0,7867
1012,3,0,12,13,28730880,3656,120,0,7870
1013,9,0,11,14,28779720,3657,120,0,7879
1014,5,0,13,12,28797120,3658,120,0,7884
1015,8,0,11,14,28834140,3658,120,0,7892
1016,8,0,11,14,28872780,3659,120,0,7900
1017,13,0,15,10,28901940,3659,120,0,7913
1018,9,0,14,11,28935300,3658,120,0,7922
1019,10,0,12,13,28968720,3657,120,0,7932
1020,8,0,11,14,28997040,3657,120,0,7940
1021,8,0,12,13,29026080,3657,120,0,7948
1022,12,0,17,8,29046060,3656,120,0,7960
1023,8,0,9,16,29110680,3657,120,0,7968
1024,13,0,12,13,29139840,3656,120,0,7981
1025,7,0,12,13,29158080,3655,120,0,7988
1026,11,0,11,14,29199360,3655,120,0,7999
1027,8,0,15,10,29206140,3654,120,0,8007
1028,10,0,13,12,29261520,3655,120,0,8017
1029,3,0,8,17,29292420,3656,120,0,8020
1030,5,0,7,18,29320380,3656,120,0,8025
1031,8,0,7,18,29345160,3656,120,0,8033
1032,9,0,11,14,29366220,3656,120,0,8042
1033,2,0,5,20,29390760,3656,120,0,8044
1034,4,0,8,17,29392320,3655,120,0,8048
1035,2,0,7,18,29404440,3655,120,0,8050
1036,5,0,8,17,29423220,3656,120,0,8055
1037,10,0,9,16,29442480,3654,120,0,8065
1038,7,0,11,14,29457660,3654,120,0,8072
1039,6,0,10,15,29479980,3653,120,0,8078
1040,6,0,7,18,29517840,3654,120,0,8084
1041,6,0,8,17,29538600,3654,120,0,8090
1042,6,0,8,17,29555880,3654,120,0,8096
1043,7,0,11,14,29571300,3654,120,0,8103
1044,6,0,8,17,29602800,3654,120,0,8109
1045,16,0,12,13,29640840,3653,120,0,8125
1046,10,0,11,14,29675700,3652,120,0,8135
1047,11,0,13,12,29709240,3652,120,0,8146
1048,4,0,8,17,29742600,3652,120,0,8150
1049,6,0,9,16,29757720,3652,120,0,8156
1050,14,0,14,11,29792340,3652,120,0,8170
1051,11,0,13,12,29820840,3650,120,0,8181
1052,6,0,11,14,29847900,3650,120,0,8187
1053,14,0,15,10,29874180,3649,120,0,8201
1054,6,0,10,15,29933100,3651,120,0,8207
1055,7,0,13,12,29946840,3651,120,0,8214
1056,4,0,4,21,30004920,3652,120,0,8218
1057,7,0,8,17,30009360,3652,120,0,8225
1058,11,0,13,12,30028380,3651,120,0,8236
1059,8,0,12,13,30057360,3651,120,0,8244
1060,3,0,7,18,30088800,3651,120,0,8247
1061,6,0,5,20,30120060,3651,120,0,8253
1062,9,0,11,14,30124380,3650,120,0,8262
1063,10,0,15,10,30149400,3651,120,0,8272
1064,10,0,12,13,30195120,3651,120,0,8282
1065,7,0,11,14,30226440,3651,120,0,8289
1066,14,0,21,4,30236160,3650,120,0,8303
1067,7,0,12,13,30300120,3651,120,0,8310
1068,16,0,20,5,30324900,3650,120,0,8326
1069,12,0,22,3,30372600,3652,480,0,8338
1070,7,0,12,13,30449220,3654,480,0,8345
1071,12,0,15,10,30499800,3656,480,0,8357
1072,10,0,8,17,30554880,3655,480,0,8367
1073,14,0,12,13,30579960,3653,480,0,8381
1074,14,0,18,7,30609840,3654,480,0,8395
1075,6,0,13,12,30653700,3654,480,0,8401
1076,7,0,7,18,30695400,3653,480,0,8408
1077,5,0,7,18,30713580,3653,480,0,8413
1078,7,0,8,17,30726540,3652,480,0,8420
1079,7,0,10,15,30750660,3653,480,0,8427
1080,6,0,8,17,30773580,3652,480,0,8433
1081,11,0,11,14,30794280,3651,480,0,8444
1082,7,0,11,14,30818820,3651,480,0,8451
1083,4,0,9,16,30841980,3651,480,0,8455
1084,6,0,6,19,30873900,3651,480,0,8461
1085,6,0,9,16,30888060,3651,480,0,8467
1086,6,0,9,16,30907560,3651,480,0,8473
1087,15,0,13,12,30931620,3649,480,0,8488
1088,13,0,16,9,30955260,3648,480,0,8501
1089,11,0,17,8,30987840,3647,480,0,8512
1090,14,0,17,8,31041240,3648,480,0,8526
1091,14,0,20,5,31088160,3648,480,0,8540
1092,13,0,18,7,31149660,3649,480,0,8553
1093,13,0,17,8,31211400,3650,480,0,8566
1094,9,0,15,10,31266420,3652,480,0,8575
1095,13,0,17,8,31311960,3653,480,0,8588
1096,9,0,13,12,31358760,3653,480,0,8597
1097,12,0,12,13,31405200,3653,480,0,8609
1098,9,0,9,16,31436040,3651,480,0,8618
1099,9,0,10,15,31462080,3651,480,0,8627
1100,7,0,6,19,31500240,3650,480,0,8634
1101,5,0,8,17,31515840,3651,480,0,8639
1102,8,0,11,14,31536000,3651,480,0,8647
1103,6,0,9,16,31563060,3651,480,0,8653
1104,11,0,13,12,31590180,3651,480,0,8664
1105,10,0,12,13,31614300,3649,480,0,8674
1106,4,0,12,13,31638540,3650,480,0,8678
1107,9,0,13,12,31675500,3651,480,0,8687
1108,7,0,12,13,31711920,3652,480,0,8694
1109,9,0,14,11,31741860,3653,480,0,8703
1110,8,0,14,11,31777500,3653,480,0,8711
1111,9,0,14,11,31809540,3653,480,0,8720
1112,8,0,12,13,31858380,3655,480,0,8728
1113,11,0,12,13,31903320,3655,480,0,8739
1114,12,0,16,9,31931640,3655,480,0,8751
1115,5,0,7,18,31986720,3656,480,0,8756
1116,7,0,9,16,32008320,3656,480,0,8763
1117,8,0,12,13,32019000,3655,480,0,8771
1118,7,0,14,11,32042340,3656,480,0,8778
1119,9,0,11,14,32089380,3656,480,0,8787
1120,8,0,10,15,32118960,3656,480,0,8795
1121,5,0,9,16,32151360,3657,480,0,8800
1122,8,0,10,15,32166840,3656,480,0,8808
1123,5,0,9,16,32180640,3655,480,0,8813
1124,7,0,10,15,32215080,3656,480,0,8820
1125,7,0,11,14,32238000,3656,480,0,8827
1126,10,0,12,13,32277180,3657,480,0,8837
1127,8,0,12,13,32310360,3657,480,0,8845
1128,3,0,6,19,32356440,3659,480,0,8848
1129,5,0,8,17,32372880,3660,480,0,8853
1130,9,0,9,16,32389560,3658,480,0,8862
1131,4,0,8,17,32411940,3659,480,0,8866
1132,3,0,7,18,32430120,3659,480,0,8869
1133,4,0,7,18,32445360,3659,480,0,8873
1134,6,0,7,18,32459580,3658,480,0,8879
1135,13,0,12,13,32474100,3656,480,0,8892
1136,10,0,10,15,32513520,3656,480,0,8902
1137,8,0,10,15,32527200,3654,480,0,8910
1138,12,0,14,11,32553360,3654,480,0,8922
1139,8,0,6,19,32609820,3654,480,0,8930
1140,13,0,13,12,32623920,3653,480,0,8943
1141,9,0,14,11,32643780,3652,480,0,8952
1142,10,0,16,9,32668560,3651,480,0,8962
1143,10,0,12,13,32723160,3652,480,0,8972
1144,8,0,11,14,32748660,3651,480,0,8980
1145,8,0,10,15,32785860,3651,480,0,8988
1146,8,0,11,14,32808960,3651,480,0,8996
1147,6,0,9,16,32841840,3651,480,0,9002
1148,6,0,8,17,32862600,3651,480,0,9008
1149,6,0,10,15,32880000,3651,480,0,9014
1150,6,0,11,14,32891820,3650,480,0,9020
1151,4,0,7,18,32927700,3651,480,0,9024
1152,6,0,9,16,32939220,3651,480,0,9030
1153,4,0,10,15,32955780,3652,480,0,9034
1154,8,0,9,16,32983560,3651,480,0,9042
1155,11,0,11,14,33011040,3650,480,0,9053
1156,5,0,10,15,33028200,3650,480,0,9058
1157,2,0,8,17,33052560,3651,480,0,9060
1158,7,0,8,17,33074340,3650,480,0,9067
1159,6,0,9,16,33086640,3650,480,0,9073
1160,6,0,7,18,33109740,3649,480,0,9079
1161,15,0,15,10,33122400,3648,480,0,9094
1162,9,0,14,11,33145560,3646,480,0,9103
1163,11,0,12,13,33202440,3647,480,0,9114
1164,13,0,17,8,33227760,3647,480,0,9127
1165,7,0,10,15,33277320,3647,480,0,9134
1166,11,0,11,14,33314460,3647,480,0,9145
1167,11,0,11,14,33339120,3645,480,0,9156
1168,13,0,13,12,33368160,3644,480,0,9169
1169,12,0,13,12,33405780,3643,480,0,9181
1170,11,0,16,9,33434280,3643,480,0,9192
1171,7,0,11,14,33483600,3644,480,0,9199
1172,12,0,13,12,33518880,3644,480,0,9211
1173,10,0,14,11,33548820,3643,480,0,9221
1174,3,0,5,20,33611880,3645,480,0,9224
1175,6,0,8,17,33616560,3645,480,0,9230
1176,7,0,10,15,33628380,3644,480,0,9237
1177,5,0,8,17,33664140,3645,480,0,9242
1178,6,0,10,15,33682500,3646,480,0,9248
1179,8,0,8,17,33711900,3645,480,0,9256
1180,5,0,6,19,33727140,3644,480,0,9261
1181,5,0,9,16,33740940,3644,480,0,9266
1182,7,0,11,14,33760200,3645,480,0,9273
1183,5,0,5,20,33798840,3644,480,0,9278
1184,11,0,8,17,33811140,3643,480,0,9289
1185,13,0,12,13,33833940,3641,480,0,9302
1186,12,0,14,11,33855900,3640,480,0,9314
1187,7,0,14,11,33883320,3640,480,0,9321
1188,15,0,16,9,33931560,3640,480,0,9336
1189,13,0,14,11,33981720,3640,480,0,9349
1190,9,0,10,15,34025700,3639,480,0,9358
1191,12,0,14,11,34039260,3638,480,0,9370
1192,9,0,14,11,34070040,3638,480,0,9379
1193,9,0,14,11,34104000,3638,480,0,9388
1194,11,0,12,13,34156740,3638,480,0,9399
1195,7,0,9,16,34188840,3638,480,0,9406
1196,5,0,8,17,34224660,3639,480,0,9411
1197,8,0,12,13,34249020,3640,480,0,9419
1198,4,0,10,15,34281180,3641,480,0,9423
1199,10,0,12,13,34310880,3641,480,0,9433
1200,5,0,13,12,34330260,3642,480,0,9438
1201,9,0,12,13,34369800,3642,480,0,9447
1202,6,0,9,16,34412460,3643,480,0,9453
1203,6,0,9,16,34428120,3643,480,0,9459
1204,4,0,6,19,34452420,3643,480,0,9463
1205,5,0,8,17,34466100,3643,480,0,9468
1206,9,0,12,13,34486680,3643,480,0,9477
1207,8,0,11,14,34513620,3642,480,0,9485
1208,8,0,10,15,34546920,3643,480,0,9493
1209,5,0,9,16,34564200,3642,480,0,9498
1210,12,0,14,11,34592760,3642,480,0,9510
1211,8,0,13,12,34620420,3642,480,0,9518
1212,17,0,18,7,34662240,3642,480,0,9535
1213,7,0,12,13,34719480,3643,480,0,9542
1214,13,0,12,13,34765380,3643,480,0,9555
1215,11,0,15,10,34798860,3643,480,0,9566
1216,7,0,13,12,34822020,3642,480,0,9573
1217,9,0,12,13,34860480,3642,480,0,9582
1218,6,0,10,15,34888500,3642,480,0,9588
1219,9,0,10,15,34927080,3643,480,0,9597
1220,6,0,10,15,34946040,3642,480,0,9603
1221,7,0,8,17,34969980,3641,480,0,9610
1222,10,0,12,13,34997100,3642,480,0,9620
1223,9,0,13,12,35027100,3642,480,0,9629
1224,2,0,7,18,35060400,3643,480,0,9631
1225,6,0,8,17,35073180,3642,480,0,9637
1226,5,0,7,18,35092800,3642,480,0,9642
1227,5,0,7,18,35108520,3641,480,0,9647
1228,10,0,14,11,35122140,3642,480,0,9657
1229,7,0,11,14,35156700,3642,480,0,9664
1230,4,0,8,17,35182860,3642,480,0,9668
1231,8,0,9,16,35209320,3642,480,0,9676
1232,6,0,10,15,35220000,3641,480,0,9682
1233,10,0,7,18,35254080,3640,480,0,9692
1234,13,0,18,7,35265660,3640,480,0,9705
1235,15,0,14,11,35316540,3638,480,0,9720
1236,7,0,13,12,35343060,3638,480,0,9727
1237,11,0,13,12,35381340,3638,480,0,9738
1238,9,0,11,14,35424240,3638,480,0,9747
1239,9,0,10,15,35459100,3638,480,0,9756
1240,6,0,7,18,35486820,3637,480,0,9762
1241,14,0,14,11,35510220,3637,480,0,9776
1242,10,0,13,12,35541300,3636,480,0,9786
1243,9,0,13,12,35577660,3637,480,0,9795
1244,5,0,11,14,35610300,3637,480,0,9800
1245,3,0,6,19,35646420,3638,480,0,9803
1246,10,0,8,17,35664420,3637,480,0,9813
1247,4,0,9,16,35672520,3637,480,0,9817
1248,6,0,7,18,35703120,3637,480,0,9823
1249,3,0,6,19,35716260,3637,480,0,9826
1250,4,0,7,18,35726760,3637,480,0,9830
1251,8,0,13,12,35733360,3636,480,0,9838
1252,12,0,14,11,35768580,3636,480,0,9850
1253,5,0,10,15,35804760,3636,480,0,9855
1254,4,0,7,18,35823360,3636,480,0,9859
1255,8,0,9,16,35852940,3636,480,0,9867
1256,10,0,10,15,35872560,3635,480,0,9877
1257,4,0,11,14,35890200,3636,480,0,9881
1258,12,0,9,16,35937540,3635,480,0,9893
1259,3,0,5,20,35950080,3634,480,0,9896
1260,7,0,9,16,35960280,3634,480,0,9903
1261,9,0,10,15,35972940,3632,480,0,9912
1262,12,0,12,13,36010080,3632,480,0,9924
1263,11,0,13,12,36028740,3631,480,0,9935
1264,14,0,16,9,36060120,3630,480,0,9949
1265,10,0,16,9,36102720,3630,480,0,9959
1266,7,0,11,14,36143100,3630,480,0,9966
1267,6,0,9,16,36184980,3631,480,0,9972
1268,8,0,7,18,36208860,3630,480,0,9980
1269,4,0,7,18,36222120,3630,480,0,9984
1270,4,0,7,18,36242520,3631,480,0,9988
1271,7,0,10,15,36250800,3630,480,0,9995
1272,1,0,5,20,36278040,3631,480,0,9996
1273,6,0,6,19,36293760,3630,480,0,10002
1274,10,0,13,12,36299040,3630,480,0,10012
1275,5,0,8,17,36319320,3628,480,0,10017
1276,8,0,12,13,36344880,3629,480,0,10025
1277,6,0,11,14,36378120,3630,480,0,10031
1278,5,0,10,15,36408300,3631,480,0,10036
1279,7,0,9,16,36442560,3631,480,0,10043
1280,9,0,10,15,36461520,3630,480,0,10052
1281,12,0,13,12,36481860,3629,480,0,10064
1282,9,0,14,11,36501000,3628,480,0,10073
1283,9,0,13,12,36538260,3628,480,0,10082
1284,12,0,14,11,36581580,3629,480,0,10094
1285,19,0,21,4,36625200,3629,480,0,10113
1286,13,0,17,8,36679200,3628,480,0,10126
1287,12,0,18,7,36717540,3628,480,0,10138
1288,10,0,16,9,36785460,3630,480,0,10148
1289,6,0,8,17,36844980,3631,480,0,10154
1290,12,0,12,13,36871980,3631,480,0,10166
1291,8,0,12,13,36900720,3631,480,0,10174
1292,10,0,13,12,36925560,3630,480,0,10184
1293,5,0,11,14,36953400,3630,480,0,10189
1294,2,0,6,19,36990840,3631,480,0,10191
1295,2,0,5,20,37005660,3632,480,0,10193
1296,3,0,6,19,37011300,3632,480,0,10196
1297,7,0,7,18,37019760,3630,480,0,10203
1298,9,0,9,16,37039860,3630,480,0,10212
1299,2,0,9,16,37050120,3630,480,0,10214
1300,7,0,9,16,37073520,3630,480,0,10221
1301,10,0,9,16,37098840,3629,480,0,10231
1302,9,0,11,14,37122360,3629,480,0,10240
1303,7,0,12,13,37135560,3628,480,0,10247
1304,3,0,7,18,37172580,3629,480,0,10250
1305,11,0,13,12,37194180,3629,480,0,10261
1306,11,0,16,9,37221180,3629,480,0,10272
1307,14,0,19,6,37261980,3629,480,0,10286
1308,13,0,19,6,37312140,3629,480,0,10299
1309,16,0,18,7,37369740,3629,480,0,10315
1310,14,0,23,2,37428420,3631,480,0,10329
1311,10,0,11,14,37500540,3630,480,0,10339
1312,16,0,15,10,37541640,3630,480,0,10355
1313,10,0,14,11,37575060,3630,480,0,10365
1314,7,0,13,12,37606320,3630,480,0,10372
1315,7,0,12,13,37647600,3631,480,0,10379
1316,8,0,8,17,37699500,3632,480,0,10387
1317,4,0,8,17,37718100,3632,480,0,10391
1318,8,0,9,16,37739400,3632,480,0,10399
1319,4,0,6,19,37751520,3631,480,0,10403
1320,6,0,9,16,37767300,3631,480,0,10409
1321,3,0,8,17,37779660,3631,480,0,10412
1322,4,0,9,16,37790940,3631,480,0,10416
1323,4,0,7,18,37804380,3630,480,0,10420
1324,4,0,7,18,37829760,3631,480,0,10424
1325,6,0,10,15,37836060,3631,480,0,10430
1326,13,0,15,10,37860240,3630,480,0,10443
1327,10,0,14,11,37900920,3630,480,0,10453
1328,8,0,7,18,37954020,3630,480,0,10461
1329,14,0,14,11,37969200,3629,480,0,10475
1330,13,0,12,13,37999260,3627,480,0,10488
1331,7,0,9,16,38019960,3625,480,0,10495
1332,12,0,16,9,38044260,3626,480,0,10507
1333,10,0,15,10,38078400,3625,480,0,10517
1334,7,0,14,11,38116380,3626,480,0,10524
1335,6,0,9,16,38150280,3626,480,0,10530
1336,12,0,11,14,38187720,3626,480,0,10542
1337,10,0,12,13,38225700,3626,480,0,10552
1338,10,0,12,13,38249340,3625,480,0,10562
1339,12,0,14,11,38283660,3625,480,0,10574
1340,9,0,11,14,38326080,3625,480,0,10583
1341,10,0,18,7,38337900,3625,480,0,10593
1342,2,0,9,16,38390100,3626,480,0,10595
1343,6,0,8,17,38418120,3626,480,0,10601
1344,4,0,9,16,38433780,3627,480,0,10605
1345,7,0,12,13,38437920,3626,480,0,10612
1346,7,0,16,9,38447580,3626,480,0,10619
1347,8,0,19,6,38466300,3626,480,0,10627
1348,6,0,16,9,38518260,3627,480,0,10633
1349,4,0,11,14,38545560,3627,480,0,10637
1350,8,0,16,9,38560260,3627,480,0,10645
1351,10,0,16,9,38595120,3627,480,0,10655
1352,5,0,12,13,38631480,3628,480,0,10660
1353,6,0,13,12,38637300,3626,480,0,10666
1354,11,0,16,9,38658240,3626,480,0,10677
1355,7,0,16,9,38682120,3625,480,0,10684
1356,9,0,17,8,38707620,3625,480,0,10693
1357,13,0,18,7,38749800,3625,480,0,10706
1358,12,0,23,2,38760840,3624,480,0,10718
1359,14,0,23,2,38812320,3624,480,0,10732
1360,11,0,21,4,38856000,3623,480,0,10743
1361,11,0,18,7,38909880,3624,480,0,10754
1362,3,0,13,12,38952240,3625,480,0,10757
1363,7,0,17,8,38959320,3625,480,0,10764
1364,8,0,17,8,38993100,3625,480,0,10772
1365,11,0,17,8,39026280,3624,480,0,10783
1366,7,0,16,9,39057600,3625,480,0,10790
1367,8,0,19,6,39077040,3625,480,0,10798
1368,3,0,13,12,39120420,3626,480,0,10801
1369,6,0,12,13,39155580,3627,480,0,10807
1370,5,0,13,12,39167820,3626,480,0,10812
1371,10,0,18,7,39184500,3626,480,0,10822
1372,5,0,15,10,39203700,3625,480,0,10827
1373,14,0,20,5,39233280,3625,480,0,10841
1374,8,0,18,7,39281340,3626,480,0,10849
1375,9,0,16,9,39317160,3626,480,0,10858
1376,7,0,17,8,39350040,3627,480,0,10865
1377,6,0,15,10,39376860,3627,480,0,10871
1378,10,0,17,8,39399780,3626,480,0,10881
1379,7,0,19,6,39417900,3626,480,0,10888
1380,5,0,14,11,39472260,3628,480,0,10893
1381,9,0,18,7,39494700,3628,480,0,10902
1382,17,0,25,0,39513120,3627,480,0,10919
1383,9,0,21,4,39569220,3627,2040,0,10928
1384,13,0,21,4,39610440,3627,2040,0,10941
1385,12,0,25,0,39656040,3628,3060,0,10953
1386,6,0,19,6,39715260,3630,3240,0,10959
1387,6,0,17,8,39769680,3632,3240,0,10965
1388,7,0,15,10,39796980,3632,3240,0,10972
1389,5,0,14,11,39826740,3632,3240,0,10977
1390,5,0,13,12,39850680,3633,3240,0,10982
1391,5,0,13,12,39869940,3633,3240,0,10987
1392,3,0,12,13,39885300,3633,3240,0,10990
1393,4,0,9,16,39900720,3632,3240,0,10994
1394,7,0,13,12,39906780,3631,3240,0,11001
1395,4,0,13,12,39919320,3631,3240,0,11005
1396,7,0,16,9,39930000,3631,3240,0,11012
1397,6,0,11,14,39973860,3631,3240,0,11018
1398,6,0,11,14,39987840,3630,3240,0,11024
1399,6,0,13,12,39995520,3630,3240,0,11030
1400,9,0,13,12,40025820,3630,3240,0,11039
1401,7,0,14,11,40042020,3629,3240,0,11046
1402,4,0,13,12,40061460,3629,3240,0,11050
1403,7,0,16,9,40078080,3629,3240,0,11057
1404,11,0,19,6,40111500,3630,3240,0,11068
1405,13,0,22,3,40140240,3629,3240,0,11081
1406,13,0,20,5,40183440,3628,3240,0,11094
1407,7,0,17,8,40214160,3628,3240,0,11101
1408,10,0,17,8,40266060,3629,3240,0,11111
1409,8,0,17,8,40280880,3628,3240,0,11119
1410,11,0,21,4,40307160,3628,3240,0,11130
1411,7,0,20,5,40342380,3628,3240,0,11137
1412,5,0,14,11,40390620,3629,3240,0,11142
1413,9,0,15,10,40418160,3629,3240,0,11151
1414,6,0,12,13,40442220,3628,3240,0,11157
1415,9,0,18,7,40453020,3628,3240,0,11166
1416,3,0,13,12,40483440,3628,3240,0,11169
1417,4,0,12,13,40501800,3628,3240,0,11173
1418,4,0,14,11,40517220,3629,3240,0,11177
1419,5,0,14,11,40532520,3629,3240,0,11182
1420,7,0,16,9,40558380,3630,3240,0,11189
1421,9,0,18,7,40578840,3629,3240,0,11198
1422,8,0,14,11,40614540,3628,3240,0,11206
1423,6,0,13,12,40639800,3628,3240,0,11212
1424,9,0,17,8,40661100,3629,3240,0,11221
1425,11,0,21,4,40676040,3628,3240,0,11232
1426,12,0,17,8,40732860,3628,3240,0,11244
1427,16,0,22,3,40771560,3628,3240,0,11260
1428,5,0,17,8,40811760,3628,3240,0,11265
1429,6,0,16,9,40842960,3628,3240,0,11271
1430,14,0,19,6,40887180,3629,3240,0,11285
1431,8,0,18,7,40921140,3629,3240,0,11293
1432,9,0,18,7,40955220,3629,3240,0,11302
1433,8,0,16,9,41006340,3630,3240,0,11310
1434,5,0,15,10,41032920,3631,3240,0,11315
1435,7,0,12,13,41059380,3630,3240,0,11322
1436,6,0,15,10,41077320,3630,3240,0,11328
1437,5,0,15,10,41098320,3631,3240,0,11333
1438,5,0,16,9,41112300,3631,3240,0,11338
1439,6,0,10,15,41158080,3631,3240,0,11344
1440,2,0,10,15,41161740,3631,3240,0,11346
1441,5,0,15,10,41161740,3631,3240,0,11351
1442,7,0,16,9,41186340,3631,3240,0,11358
1443,3,0,13,12,41213400,3631,3240,0,11361
1444,3,0,13,12,41228340,3632,3240,0,11364
1445,5,0,17,8,41236020,3632,3240,0,11369
1446,11,0,18,7,41270760,3632,3240,0,11380
1447,2,0,11,14,41316360,3633,3240,0,11382
1448,6,0,14,11,41326080,3633,3240,0,11388
1449,10,0,18,7,41345280,3633,3240,0,11398
1450,4,0,12,13,41374980,3632,3240,0,11402
1451,5,0,14,11,41389680,3632,3240,0,11407
1452,11,0,16,9,41409300,3631,3240,0,11418
1453,6,0,18,7,41425980,3631,3240,0,11424
1454,7,0,17,8,41454000,3631,3240,0,11431
1455,14,0,22,3,41495580,3632,3240,0,11445
1456,10,0,20,5,41540340,3632,3240,0,11455
1457,9,0,21,4,41575500,3633,3240,0,11464
1458,9,0,23,2,41593020,3632,3240,0,11473
1459,9,0,18,7,41661840,3634,3240,0,11482
1460,8,0,20,5,41697600,3635,3240,0,11490
1461,6,0,14,11,41741940,3635,3240,0,11496
1462,6,0,10,15,41778300,3635,3240,0,11502
1463,10,0,15,10,41785440,3634,3240,0,11512
1464,5,0,14,11,41804340,3634,3240,0,11517
1465,6,0,18,7,41820420,3634,3240,0,11523
1466,3,0,13,12,41864760,3636,3240,0,11526
1467,11,0,15,10,41886120,3635,3240,0,11537
1468,5,0,14,11,41904960,3635,3240,0,11542
1469,7,0,15,10,41928120,3635,3240,0,11549
1470,14,0,20,5,41950380,3634,3240,0,11563
1471,6,0,18,7,41975400,3633,3240,0,11569
1472,8,0,19,6,42033120,3636,3240,0,11577
1473,8,0,20,5,42053280,3636,3240,0,11585
1474,17,4,25,0,42087420,3636,3300,0,11602
1475,14,3,25,0,42168540,3638,11160,0,11616
1476,9,0,23,2,42210660,3638,19860,1,11625
1477,8,0,16,9,42285120,3639,19860,1,11633
1478,9,0,14,11,42311580,3638,19860,1,11642
1479,9,0,17,8,42327720,3638,19860,1,11651
1480,13,0,17,8,42360120,3636,19860,1,11664
1481,10,0,14,11,42403740,3636,19860,1,11674
1482,4,0,11,14,42429120,3636,19860,1,11678
1483,8,0,14,11,42448980,3636,19860,1,11686
1484,8,0,14,11,42467760,3635,19860,1,11694
1485,3,0,12,13,42481260,3635,19860,1,11697
1486,7,0,13,12,42500880,3635,19860,1,11704
1487,2,0,11,14,42512280,3635,19860,1,11706
1488,6,0,15,10,42520980,3635,19860,1,11712
1489,8,0,16,9,42550440,3635,19860,1,11720
1490,2,0,12,13,42579600,3636,19860,1,11722
1491,6,0,12,13,42599040,3635,19860,1,11728
1492,1,0,10,15,42614400,3636,19860,1,11729
1493,3,0,10,15,42619320,3635,19860,1,11732
1494,7,0,16,9,42629220,3636,19860,1,11739
1495,13,0,19,6,42653280,3635,19860,1,11752
1496,5,0,13,12,42692820,3635,19860,1,11757
1497,3,0,13,12,42709380,3635,19860,1,11760
1498,8,0,15,10,42724260,3635,19860,1,11768
1499,14,0,20,5,42753900,3634,19860,1,11782
1500,17,3,25,0,42778620,3634,21240,1,11799
1501,13,0,18,7,42857940,3633,26280,2,11812
1502,10,0,20,5,42889560,3634,26280,2,11822
1503,12,0,19,6,42925740,3633,26280,2,11834
1504,7,0,16,9,42971400,3633,26280,2,11841
1505,9,0,15,10,43012380,3634,26280,2,11850
1506,9,0,16,9,43042140,3634,26280,2,11859
1507,10,0,19,6,43050900,3632,26280,2,11869
1508,14,0,21,4,43100100,3633,26280,2,11883
1509,6,0,15,10,43157400,3634,26280,2,11889
1510,4,0,13,12,43181220,3634,26280,2,11893
1511,11,0,19,6,43198020,3634,26280,2,11904
1512,4,0,18,7,43219020,3634,26280,2,11908
1513,6,0,16,9,43257900,3635,26280,2,11914
1514,5,0,10,15,43299420,3635,26280,2,11919
1515,3,0,11,14,43310760,3636,26280,2,11922
1516,2,0,10,15,43315200,3635,26280,2,11924
1517,5,0,11,14,43326660,3635,26280,2,11929
1518,8,0,15,10,43331280,3634,26280,2,11937
1519,6,0,16,9,43347840,3634,26280,2,11943
1520,10,0,18,7,43363800,3633,26280,2,11953
1521,10,0,16,9,43409520,3633,26280,2,11963
1522,8,0,17,8,43440060,3633,26280,2,11971
1523,8,0,18,7,43467000,3634,26280,2,11979
1524,8,0,15,10,43509240,3634,26280,2,11987
1525,12,0,18,7,43531140,3633,26280,2,11999
1526,13,0,21,4,43554600,3632,26280,2,12012
1527,11,0,21,4,43593000,3632,26280,2,12023
1528,14,0,17,8,43644540,3630,26280,2,12037
1529,5,0,13,12,43674660,3630,26280,2,12042
1530,8,0,15,10,43697100,3630,26280,2,12050
1531,10,0,20,5,43713960,3630,26280,2,12060
1532,11,0,19,6,43759380,3630,26280,2,12071
1533,14,0,20,5,43801680,3630,26280,2,12085
1534,12,0,18,7,43840320,3629,26280,2,12097
1535,5,0,14,11,43880100,3630,26280,2,12102
1536,6,0,13,12,43913340,3630,26280,2,12108
1537,4,0,10,15,43931400,3630,26280,2,12112
1538,4,0,12,13,43936860,3629,26280,2,12116
1539,3,0,14,11,43942080,3630,26280,2,12119
1540,4,0,15,10,43950300,3629,26280,2,12123
1541,8,0,18,7,43972020,3630,26280,2,12131
1542,11,0,16,9,44020500,3630,26280,2,12142
1543,8,0,19,6,44039640,3630,26280,2,12150
1544,6,0,17,8,44075640,3630,26280,2,12156
1545,10,0,16,9,44114220,3630,26280,2,12166
1546,8,0,17,8,44131500,3630,26280,2,12174
1547,12,0,16,9,44178660,3630,26280,2,12186
1548,7,0,14,11,44218260,3630,26280,2,12193
1549,7,0,18,7,44226960,3630,26280,2,12200
1550,12,0,18,7,44259360,3629,26280,2,12212
1551,11,0,17,8,44297760,3629,26280,2,12223
1552,9,0,16,9,44337300,3629,26280,2,12232
1553,8,0,15,10,44367000,3629,26280,2,12240
1554,4,0,13,12,44384820,3628,26280,2,12244
1555,10,0,16,9,44412360,3629,26280,2,12254
1556,11,0,20,5,44437980,3629,26280,2,12265
1557,4,0,14,11,44475420,3629,26280,2,12269
1558,13,0,18,7,44510460,3629,26280,2,12282
1559,4,0,13,12,44543640,3629,26280,2,12286
1560,4,0,15,10,44551740,3629,26280,2,12290
1561,9,0,14,11,44576460,3628,26280,2,12299
1562,6,0,16,9,44599500,3629,26280,2,12305
1563,7,0,18,7,44631600,3630,26280,2,12312
1564,7,0,18,7,44657100,3630,26280,2,12319
1565,4,0,13,12,44703180,3631,26280,2,12323
1566,7,0,15,10,44718480,3631,26280,2,12330
1567,13,0,19,6,44735700,3629,26280,2,12343
1568,9,0,20,5,44764500,3629,26280,2,12352
1569,13,0,21,4,44813580,3630,26280,2,12365
1570,9,0,23,2,44845860,3630,26280,2,12374
1571,9,0,16,9,44914680,3631,26280,2,12383
1572,9,0,17,8,44948580,3632,26280,2,12392
1573,12,0,21,4,44979600,3632,26280,2,12404
1574,8,0,19,6,45016620,3632,26280,2,12412
1575,4,0,9,16,45080400,3633,26280,2,12416
1576,15,0,17,8,45091020,3632,26280,2,12431
1577,13,0,23,2,45101940,3631,26280,2,12444
1578,4,0,11,14,45164580,3631,26280,2,12448
1579,4,0,12,13,45173880,3631,26280,2,12452
1580,10,0,19,6,45178080,3630,26280,2,12462
1581,6,0,17,8,45205680,3630,26280,2,12468
1582,4,0,14,11,45258720,3632,26280,2,12472
1583,5,0,11,14,45286080,3632,26280,2,12477
1584,3,0,11,14,45299880,3633,26280,2,12480
1585,4,0,14,11,45303780,3633,26280,2,12484
1586,6,0,11,14,45334080,3632,26280,2,12490
1587,8,0,14,11,45344220,3632,26280,2,12498
1588,4,0,12,13,45358860,3631,26280,2,12502
1589,8,0,16,9,45366540,3631,26280,2,12510
1590,6,0,13,12,45387300,3630,26280,2,12516
1591,6,0,14,11,45411540,3630,26280,2,12522
1592,6,0,15,10,45435660,3631,26280,2,12528
1593,10,0,19,6,45451800,3630,26280,2,12538
1594,12,0,19,6,45491160,3630,26280,2,12550
1595,15,0,20,5,45541320,3630,26280,2,12565
1596,12,0,23,2,45575580,3630,26280,2,12577
1597,11,0,18,7,45628980,3629,26280,2,12588
1598,14,0,19,6,45676440,3630,26280,2,12602
1599,8,0,17,8,45707760,3629,26280,2,12610
1600,8,0,16,9,45742380,3629,26280,2,12618
1601,11,0,17,8,45781560,3630,26280,2,12629
1602,8,0,16,9,45817560,3630,26280,2,12637
1603,9,0,17,8,45851220,3630,26280,2,12646
1604,6,0,14,11,45881520,3630,26280,2,12652
1605,4,0,11,14,45910260,3630,26280,2,12656
1606,3,0,11,14,45924240,3630,26280,2,12659
1607,4,0,12,13,45935460,3630,26280,2,12663
1608,6,0,11,14,45951120,3630,26280,2,12669
1609,2,0,11,14,45960000,3630,26280,2,12671
1610,4,0,10,15,45975900,3630,26280,2,12675
1611,2,0,12,13,45975900,3630,26280,2,12677
1612,6,0,13,12,45986520,3629,26280,2,12683
1613,10,0,16,9,46004760,3628,26280,2,12693
1614,7,0,15,10,46030560,3628,26280,2,12700
1615,6,0,14,11,46051200,3628,26280,2,12706
1616,5,0,12,13,46078920,3628,26280,2,12711
1617,13,0,18,7,46093740,3627,26280,2,12724
1618,10,0,18,7,46120500,3626,26280,2,12734
1619,8,0,16,9,46165800,3627,26280,2,12742
1620,10,0,17,8,46197120,3627,26280,2,12752
1621,6,0,14,11,46225860,3627,26280,2,12758
1622,13,0,16,9,46256760,3626,26280,2,12771
1623,8,0,17,8,46277520,3626,26280,2,12779
1624,11,0,17,8,46321380,3626,26280,2,12790
1625,5,0,16,9,46347360,3626,26280,2,12795
1626,7,0,12,13,46384560,3626,26280,2,12802
1627,9,0,16,9,46407420,3626,26280,2,12811
1628,4,0,13,12,46431720,3626,26280,2,12815
1629,7,0,15,10,46455180,3627,26280,2,12822
1630,6,0,15,10,46474560,3627,26280,2,12828
1631,5,0,13,12,46500360,3627,26280,2,12833
1632,5,0,13,12,46522560,3627,26280,2,12838
1633,3,0,10,15,46544040,3627,26280,2,12841
1634,5,0,13,12,46550820,3627,26280,2,12846
1635,7,0,15,10,46564800,3627,26280,2,12853
1636,6,0,14,11,46590180,3627,26280,2,12859
1637,8,0,16,9,46616940,3627,26280,2,12867
1638,9,0,19,6,46637520,3627,26280,2,12876
1639,10,0,22,3,46667040,3627,26280,2,12886
1640,16,0,22,3,46728780,3628,26280,2,12902
1641,8,0,21,4,46764360,3628,26280,2,12910
1642,12,0,24,1,46817760,3629,29220,2,12922
1643,7,0,18,7,46864500,3629,29220,2,12929
1644,10,0,14,11,46927020,3630,29220,2,12939
1645,6,0,14,11,46939680,3630,29220,2,12945
1646,13,0,22,3,46950480,3629,29220,2,12958
1647,13,0,22,3,46993200,3629,29340,2,12971
1648,20,0,25,0,47042940,3628,30360,2,12991
1649,8,0,15,10,47116020,3628,30360,2,12999
1650,6,0,18,7,47127660,3628,30360,2,13005
1651,7,0,13,12,47175720,3629,30360,2,13012
1652,4,0,15,10,47186880,3629,30360,2,13016
1653,6,0,19,6,47196180,3629,30360,2,13022
1654,8,0,14,11,47253600,3630,30360,2,13030
1655,5,0,14,11,47269560,3630,30360,2,13035
1656,5,0,14,11,47294520,3630,30360,2,13040
1657,10,0,19,6,47317020,3631,30360,2,13050
1658,8,0,17,8,47354340,3631,30360,2,13058
1659,8,0,14,11,47399160,3631,30360,2,13066
1660,4,0,14,11,47417760,3631,30360,2,13070
1661,6,0,13,12,47446020,3632,30360,2,13076
1662,4,0,14,11,47456400,3632,30360,2,13080
1663,10,0,15,10,47480100,3631,30360,2,13090
1664,7,0,14,11,47514300,3631,30360,2,13097
1665,6,0,15,10,47532720,3631,30360,2,13103
1666,13,0,15,10,47573340,3631,30360,2,13116
1667,14,0,22,3,47585280,3630,30360,2,13130
1668,5,0,15,10,47637600,3630,30360,2,13135
1669,13,0,20,5,47666280,3630,30360,2,13148
1670,5,0,15,10,47698620,3630,30360,2,13153
1671,16,0,25,0,47726700,3631,30360,2,13169
1672,14,0,25,0,47781360,3631,36720,2,13183
1673,10,0,25,0,47822880,3631,37200,2,13193
1674,7,0,18,7,47877600,3632,37200,2,13200
1675,10,0,20,5,47923680,3633,37200,2,13210
1676,4,0,15,10,47961000,3633,37200,2,13214
1677,4,0,15,10,47983200,3634,37200,2,13218
1678,9,0,14,11,48024060,3634,37200,2,13227
1679,8,0,15,10,48044760,3634,37200,2,13235
1680,7,0,17,8,48063600,3634,37200,2,13242
1681,4,0,17,8,48086460,3634,37200,2,13246
1682,6,0,12,13,48135900,3635,37200,2,13252
1683,5,0,11,14,48155580,3635,37200,2,13257
1684,11,0,17,8,48168120,3635,37200,2,13268
1685,9,0,16,9,48193440,3634,37200,2,13277
1686,11,0,20,5,48221460,3634,37200,2,13288
1687,9,0,18,7,48260160,3634,37200,2,13297
1688,5,0,16,9,48298620,3635,37200,2,13302
1689,7,0,15,10,48325680,3635,37200,2,13309
1690,11,0,17,8,48362220,3635,37200,2,13320
1691,8,0,17,8,48380400,3634,37200,2,13328
1692,9,0,16,9,48418320,3634,37200,2,13337
1693,6,0,14,11,48447180,3634,37200,2,13343
1694,8,0,15,10,48482940,3635,37200,2,13351
1695,9,0,14,11,48502800,3634,37200,2,13360
1696,6,0,15,10,48525720,3634,37200,2,13366
1697,13,0,20,5,48548760,3634,37200,2,13379
1698,14,0,21,4,48593160,3633,37440,2,13393
1699,6,0,14,11,48643260,3634,37440,2,13399
1700,6,0,11,14,48681420,3634,37440,2,13405
1701,7,0,12,13,48696660,3634,37440,2,13412
1702,4,0,12,13,48707520,3633,37440,2,13416
1703,8,0,14,11,48727920,3633,37440,2,13424
1704,3,0,15,10,48732600,3633,37440,2,13427
1705,3,0,12,13,48763500,3634,37440,2,13430
1706,8,0,16,9,48776640,3634,37440,2,13438
1707,7,0,14,11,48805140,3633,37440,2,13445
1708,6,0,18,7,48817980,3634,37440,2,13451
1709,4,0,13,12,48851220,3634,37440,2,13455
1710,7,0,14,11,48879660,3634,37440,2,13462
1711,6,0,15,10,48896640,3634,37440,2,13468
1712,10,0,19,6,48913260,3634,37440,2,13478
1713,10,0,16,9,48955140,3633,37440,2,13488
1714,7,0,15,10,48976560,3633,37440,2,13495
1715,9,0,13,12,49014420,3633,37440,2,13504
1716,12,0,16,9,49038300,3632,37440,2,13516
1717,11,0,15,10,49063500,3631,37440,2,13527
1718,11,0,19,6,49096620,3631,37440,2,13538
1719,7,0,12,13,49142580,3631,37440,2,13545
1720,15,0,18,7,49157460,3630,37440,2,13560
1721,10,0,19,6,49180740,3629,37440,2,13570
1722,7,0,16,9,49227480,3630,37440,2,13577
1723,5,0,13,12,49248660,3629,37440,2,13582
1724,7,0,14,11,49278420,3630,37440,2,13589
1725,11,0,21,4,49286520,3629,37440,2,13600
1726,7,0,17,8,49323240,3629,37440,2,13607
1727,6,0,15,10,49365540,3630,37440,2,13613
1728,3,0,13,12,49389840,3630,37440,2,13616
1729,7,0,16,9,49409880,3631,37440,2,13623
1730,6,0,14,11,49442820,3631,37440,2,13629
1731,4,0,10,15,49478100,3631,37440,2,13633
1732,5,0,14,11,49479360,3631,37440,2,13638
1733,10,0,19,6,49493400,3631,37440,2,13648
1734,7,0,15,10,49539000,3631,37440,2,13655
1735,6,0,12,13,49570260,3631,37440,2,13661
1736,9,0,13,12,49587720,3630,37440,2,13670
1737,13,0,22,3,49602780,3630,37440,2,13683
1738,8,0,21,4,49635600,3630,37440,2,13691
1739,12,0,18,7,49700160,3631,37440,2,13703
1740,12,0,22,3,49724760,3631,37440,2,13715
1741,5,0,18,7,49764600,3631,37440,2,13720
1742,13,0,22,3,49818540,3633,37440,2,13733
1743,6,0,14,11,49857240,3632,37440,2,13739
1744,10,0,18,7,49889520,3633,37440,2,13749
1745,11,0,19,6,49910280,3632,37440,2,13760
1746,7,0,15,10,49954560,3632,37440,2,13767
1747,6,0,13,12,49979400,3632,37440,2,13773
1748,3,0,12,13,49994220,3632,37440,2,13776
1749,5,0,16,9,49999620,3632,37440,2,13781
1750,7,0,16,9,50017740,3631,37440,2,13788
1751,9,0,14,11,50069940,3632,37440,2,13797
1752,3,0,11,14,50084760,3632,37440,2,13800
1753,8,0,14,11,50102100,3632,37440,2,13808
1754,7,0,15,10,50122260,3632,37440,2,13815
1755,5,0,12,13,50148300,3631,37440,2,13820
1756,4,0,13,12,50159580,3631,37440,2,13824
1757,4,0,13,12,50173740,3631,37440,2,13828
1758,5,0,13,12,50186160,3631,37440,2,13833
1759,11,0,19,6,50211780,3631,37440,2,13844
1760,5,0,17,8,50245680,3632,37440,2,13849
1761,2,0,11,14,50282400,3633,37440,2,13851
1762,5,0,13,12,50299680,3633,37440,2,13856
1763,7,0,17,8,50304060,3633,37440,2,13863
1764,8,0,17,8,50329860,3632,37440,2,13871
1765,13,0,19,6,50374740,3633,37440,2,13884
1766,12,0,20,5,50402100,3632,37440,2,13896
1767,11,0,22,3,50440800,3632,37500,2,13907
1768,8,0,17,8,50512680,3634,37500,2,13915
1769,7,0,15,10,50553480,3635,37500,2,13922
1770,5,0,13,12,50586120,3635,37500,2,13927
1771,10,0,15,10,50608620,3635,37500,2,13937
1772,5,0,14,11,50624640,3634,37500,2,13942
1773,10,0,15,10,50660760,3634,37500,2,13952
1774,7,0,18,7,50669880,3634,37500,2,13959
1775,7,0,12,13,50709060,3634,37500,2,13966
1776,1,0,8,17,50730540,3634,37500,2,13967
1777,5,0,12,13,50731560,3634,37500,2,13972
1778,6,0,17,8,50736720,3634,37500,2,13978
1779,9,0,14,11,50774580,3633,37500,2,13987
1780,12,0,20,5,50795460,3633,37500,2,13999
1781,10,0,18,7,50825400,3632,37500,2,14009
1782,11,0,18,7,50852880,3631,37500,2,14020
1783,8,0,13,12,50906760,3632,37500,2,14028
1784,7,0,14,11,50926020,3632,37500,2,14035
1785,7,0,18,7,50934720,3631,37500,2,14042
1786,8,0,16,9,50970960,3631,37500,2,14050
1787,12,0,17,8,51008220,3631,37500,2,14062
1788,8,0,18,7,51026580,3631,37500,2,14070
1789,8,0,17,8,51071160,3632,37500,2,14078
1790,11,0,17,8,51107340,3631,37500,2,14089
1791,15,0,19,6,51139980,3630,37500,2,14104
1792,11,0,21,4,51173640,3630,37500,2,14115
1793,9,0,19,6,51207120,3630,37500,2,14124
1794,8,0,18,7,51248340,3631,37500,2,14132
1795,4,0,16,9,51270180,3631,37500,2,14136
1796,6,0,13,12,51314160,3631,37500,2,14142
1797,11,0,19,6,51335160,3632,37500,2,14153
1798,3,0,11,14,51366120,3631,37500,2,14156
1799,10,0,14,11,51384780,3630,37500,2,14166
1800,6,0,14,11,51400320,3630,37500,2,14172
1801,7,0,21,4,51400320,3630,37500,2,14179
1802,4,0,13,12,51457740,3631,37500,2,14183
1803,3,0,11,14,51470460,3631,37500,2,14186
1804,8,0,15,10,51486420,3631,37500,2,14194
1805,2,0,11,14,51498480,3630,37500,2,14196
1806,10,0,16,9,51513000,3630,37500,2,14206
1807,9,0,15,10,51539940,3629,37500,2,14215
1808,11,0,18,7,51563400,3629,37500,2,14226
1809,6,0,15,10,51602220,3629,37500,2,14232
1810,6,0,16,9,51619140,3629,37500,2,14238
1811,6,0,16,9,51644280,3629,37500,2,14244
1812,17,1,25,0,51663900,3629,38160,2,14261
1813,15,1,25,0,51716700,3629,38580,2,14276
1814,9,0,18,7,51775260,3629,39900,2,14285
1815,12,0,18,7,51824400,3629,39900,2,14297
1816,6,0,11,14,51877140,3629,39900,2,14303
1817,7,0,13,12,51888420,3629,39900,2,14310
1818,15,0,21,4,51902880,3628,39900,2,14325
1819,10,0,21,4,51924060,3627,39900,2,14335
1820,7,0,19,6,51972960,3628,39900,2,14342
1821,12,0,18,7,52026000,3629,39900,2,14354
1822,10,0,18,7,52062960,3629,39900,2,14364
1823,4,0,13,12,52104240,3629,39900,2,14368
1824,4,0,11,14,52120320,3629,39900,2,14372
1825,8,0,16,9,52130160,3629,39900,2,14380
1826,4,0,14,11,52152240,3629,39900,2,14384
1827,5,0,14,11,52180200,3629,39900,2,14389
1828,5,0,15,10,52189260,3629,39900,2,14394
1829,12,0,15,10,52223280,3628,39900,2,14406
1830,4,0,13,12,52244820,3628,39900,2,14410
1831,6,0,13,12,52267320,3628,39900,2,14416
1832,4,0,11,14,52286340,3628,39900,2,14420
1833,16,0,20,5,52295880,3627,39900,2,14436
1834,12,0,23,2,52330500,3627,39900,2,14448
1835,10,0,18,7,52382340,3627,39900,2,14458
1836,9,0,17,8,52426440,3628,39900,2,14467
1837,3,0,14,11,52459620,3628,39900,2,14470
1838,9,0,20,5,52471980,3629,39900,2,14479
1839,15,0,24,1,52516020,3629,40200,2,14494
1840,14,0,23,2,52565400,3628,40200,2,14508
1841,9,0,21,4,52621920,3630,40200,2,14517
1842,11,0,18,7,52668600,3629,40200,2,14528
1843,10,0,16,9,52726020,3630,40200,2,14538
1844,4,0,12,13,52755960,3630,40200,2,14542
1845,3,0,12,13,52762140,3630,40200,2,14545
1846,7,0,12,13,52789680,3630,40200,2,14552
1847,3,0,12,13,52799760,3630,40200,2,14555
1848,6,0,15,10,52812960,3630,40200,2,14561
1849,1,0,12,13,52831920,3631,40200,2,14562
1850,4,0,12,13,52849380,3631,40200,2,14566
1851,3,0,11,14,52870680,3631,40200,2,14569
1852,9,0,15,10,52876680,3630,40200,2,14578
1853,2,0,11,14,52899240,3630,40200,2,14580
1854,2,0,10,15,52914420,3631,40200,2,14582
1855,4,0,13,12,52915380,3631,40200,2,14586
1856,8,0,17,8,52924860,3630,40200,2,14594
1857,5,0,16,9,52935420,3629,40200,2,14599
1858,9,0,16,9,52980720,3630,40200,2,14608
1859,9,0,20,5,52998840,3630,40200,2,14617
1860,15,1,25,0,53030880,3630,41940,2,14632
1861,11,0,23,2,53083980,3630,45060,3,14643
1862,11,0,18,7,53167800,3632,45060,3,14654
1863,8,0,17,8,53194620,3632,45060,3,14662
1864,9,0,15,10,53232420,3632,45060,3,14671
1865,5,0,16,9,53259900,3633,45060,3,14676
1866,9,0,18,7,53288580,3633,45060,3,14685
1867,9,0,17,8,53315460,3632,45060,3,14694
1868,9,0,15,10,53355540,3632,45060,3,14703
1869,9,0,18,7,53370180,3632,45060,3,14712
1870,5,0,17,8,53405460,3633,45060,3,14717
1871,8,0,16,9,53450580,3633,45060,3,14725
1872,6,0,17,8,53470980,3634,45060,3,14731
1873,5,0,15,10,53496480,3634,45060,3,14736
1874,9,0,15,10,53533020,3634,45060,3,14745
1875,4,0,15,10,53562660,3635,45060,3,14749
1876,1,0,10,15,53604420,3636,45060,3,14750
1877,5,0,12,13,53613720,3636,45060,3,14755
1878,9,0,14,11,53626140,3635,45060,3,14764
1879,3,0,11,14,53644260,3635,45060,3,14767
1880,13,0,18,7,53656380,3634,45060,3,14780
1881,9,0,22,3,53671800,3634,45060,3,14789
1882,8,0,18,7,53717820,3634,45060,3,14797
1883,11,0,19,6,53758860,3635,45060,3,14808
1884,17,0,25,0,53786520,3634,45240,3,14825
1885,9,0,19,6,53847960,3634,45240,3,14834
1886,5,0,13,12,53895660,3635,45240,3,14839
1887,14,0,20,5,53914380,3634,45240,3,14853
1888,9,0,16,9,53969880,3635,45240,3,14862
1889,5,0,14,11,53990520,3634,45240,3,14867
1890,9,0,18,7,54022080,3635,45240,3,14876
1891,8,0,20,5,54045300,3635,45240,3,14884
1892,7,0,14,11,54094140,3636,45240,3,14891
1893,8,0,15,10,54120660,3636,45240,3,14899
1894,5,0,12,13,54148440,3636,45240,3,14904
1895,3,0,11,14,54165840,3636,45240,3,14907
1896,7,0,16,9,54175320,3636,45240,3,14914
1897,4,0,13,12,54200820,3636,45240,3,14918
1898,3,0,15,10,54208620,3636,45240,3,14921
1899,6,0,14,11,54240540,3637,45240,3,14927
1900,7,0,17,8,54261000,3637,45240,3,14934
1901,4,0,12,13,54285120,3636,45240,3,14938
1902,9,0,17,8,54299940,3636,45240,3,14947
1903,8,0,22,3,54305520,3636,45240,3,14955
1904,3,0,13,12,54375960,3638,45240,3,14958
1905,10,0,19,6,54392640,3638,45240,3,14968
1906,8,0,21,4,54413760,3638,45240,3,14976
1907,13,0,22,3,54451500,3638,45240,3,14989
1908,8,0,20,5,54501720,3639,45240,3,14997
1909,9,0,18,7,54555960,3639,45240,3,15006
1910,10,0,19,6,54590580,3640,45240,3,15016
1911,9,0,16,9,54634320,3640,45240,3,15025
1912,11,0,21,4,54655860,3640,45240,3,15036
1913,7,0,17,8,54696600,3640,45240,3,15043
1914,6,0,15,10,54745620,3641,45240,3,15049
1915,5,0,10,15,54778320,3641,45240,3,15054
1916,6,0,14,11,54781800,3640,45240,3,15060
1917,5,0,12,13,54798840,3640,45240,3,15065
1918,7,0,11,14,54817380,3639,45240,3,15072
1919,4,0,12,13,54827460,3639,45240,3,15076
1920,7,0,16,9,54835140,3639,45240,2,15083
1921,4,0,12,13,54861000,3639,45240,2,15087
1922,3,0,12,13,54877920,3639,45240,2,15090
1923,8,0,15,10,54889860,3639,45240,2,15098
1924,10,0,18,7,54910560,3638,45240,2,15108
1925,10,0,19,6,54942300,3638,45240,2,15118
1926,8,0,16,9,54990120,3639,45240,2,15126
1927,11,0,21,4,55014240,3639,45240,2,15137
1928,4,0,16,9,55061520,3640,45240,2,15141
1929,10,0,19,6,55092720,3640,45240,2,15151
1930,14,0,19,6,55137780,3640,45240,2,15165
1931,8,0,17,8,55184400,3641,45240,2,15173
1932,10,0,17,8,55220940,3641,45240,2,15183
1933,13,0,21,4,55243920,3640,45240,2,15196
1934,9,0,14,11,55288080,3639,45240,2,15205
1935,8,0,15,10,55318440,3639,45240,2,15213
1936,8,0,15,10,55347780,3639,45240,2,15221
1937,6,0,12,13,55377960,3639,45240,2,15227
1938,10,0,16,9,55393980,3639,45240,2,15237
1939,4,0,12,13,55420620,3639,45240,2,15241
1940,4,0,12,13,55435020,3639,45240,2,15245
1941,7,0,14,11,55450140,3638,45240,2,15252
1942,3,0,12,13,55466400,3638,45240,2,15255
1943,12,0,19,6,55481460,3638,45240,2,15267
1944,4,0,12,13,55523280,3638,45240,2,15271
1945,6,0,15,10,55532040,3638,45240,2,15277
1946,9,0,18,7,55558380,3638,45240,2,15286
1947,4,0,16,9,55584300,3639,45240,2,15290
1948,3,0,11,14,55626120,3639,45240,2,15293
1949,3,0,10,15,55641600,3640,45240,2,15296
1950,8,0,14,11,55646280,3639,45240,2,15304
1951,14,0,21,4,55666980,3639,45240,2,15318
1952,5,0,14,11,55710420,3639,45240,2,15323
1953,12,0,18,7,55737540,3638,45240,2,15335
1954,9,0,15,10,55769760,3638,45240,2,15344
1955,14,0,24,1,55783800,3637,45240,2,15358
1956,16,0,25,0,55827420,3637,53880,3,15374
1957,9,0,21,4,55882560,3637,53880,3,15383
1958,9,0,20,5,55940160,3639,53880,3,15392
1959,14,0,22,3,55992900,3639,53880,3,15406
1960,8,0,21,4,56022000,3639,53880,3,15414
1961,18,0,23,2,56084820,3639,54240,3,15432
1962,7,0,15,10,56143680,3640,54240,3,15439
1963,2,0,11,14,56173320,3640,54240,3,15441
1964,7,0,14,11,56187480,3640,54240,3,15448
1965,8,0,15,10,56212800,3640,54240,3,15456
1966,8,0,14,11,56236860,3639,54240,3,15464
1967,1,0,9,16,56254140,3639,54240,3,15465
1968,1,0,9,16,56259480,3639,54240,3,15466
1969,8,0,13,12,56263500,3639,54240,3,15474
1970,5,0,13,12,56277540,3638,54240,3,15479
1971,7,0,12,13,56299680,3638,54240,3,15486
1972,3,0,11,14,56321760,3638,54240,3,15489
1973,5,0,13,12,56329620,3638,54240,3,15494
1974,11,0,17,8,56343000,3637,54240,3,15505
1975,9,0,18,7,56367360,3637,54240,3,15514
1976,5,0,15,10,56386320,3636,54240,3,15519
1977,7,0,15,10,56422620,3637,54240,3,15526
1978,17,0,25,0,56452980,3637,54240,3,15543
1979,12,0,24,1,56497860,3637,54240,3,15555
1980,15,0,22,3,56550180,3637,54240,3,15570
1981,13,0,21,4,56606460,3637,54240,3,15583
1982,6,0,15,10,56641020,3636,54240,3,15589
1983,8,0,17,8,56662320,3636,54240,3,15597
1984,7,0,18,7,56685660,3636,54240,3,15604
1985,5,0,12,13,56731500,3637,54240,3,15609
1986,4,0,9,16,56750220,3636,54240,3,15613
1987,13,0,16,9,56758020,3636,54240,3,15626
1988,3,0,16,9,56769840,3636,54240,3,15629
1989,8,0,13,12,56800860,3635,54240,3,15637
1990,11,0,15,10,56834280,3635,54240,3,15648
1991,8,0,16,9,56854560,3635,54240,3,15656
1992,6,0,16,9,56877480,3635,54240,3,15662
1993,9,0,16,9,56906460,3635,54240,3,15671
1994,5,0,15,10,56939280,3635,54240,3,15676
1995,5,0,15,10,56959980,3635,54240,3,15681
1996,7,0,14,11,56994060,3636,54240,3,15688
1997,10,0,18,7,57010260,3635,54240,3,15698
1998,10,0,22,3,57043140,3636,54240,3,15708
1999,6,0,13,12,57108000,3637,54240,3,15714
2000,6,0,14,11,57126240,3637,54240,3,15720
2001,8,0,14,11,57145260,3636,54240,3,15728
2002,16,0,25,0,57158760,3636,54240,3,15744
2003,5,0,20,5,57200640,3636,54420,3,15749
2004,7,0,17,8,57252720,3637,54420,3,15756
2005,8,0,20,5,57281400,3638,54420,3,15764
2006,13,0,23,2,57320160,3638,54420,3,15777
2007,7,0,19,6,57364140,3638,54420,3,15784
2008,16,0,23,2,57413100,3639,54420,3,15800
2009,6,0,14,11,57465360,3638,54420,3,15806
2010,9,0,15,10,57494040,3638,54420,3,15815
2011,4,0,13,12,57511500,3638,54420,3,15819
2012,8,0,14,11,57538920,3638,54420,3,15827
2013,2,0,12,13,57552420,3638,54420,3,15829
2014,10,0,15,10,57572220,3638,54420,3,15839
2015,10,0,13,12,57603300,3637,54420,3,15849
2016,8,0,15,10,57628380,3637,54420,3,15857
2017,4,0,17,8,57631500,3637,54420,3,15861
2018,3,0,19,6,57631920,3637,54420,3,15864
2019,6,0,19,6,57651000,3637,54420,3,15870
2020,9,0,21,4,57673620,3636,54420,3,15879
2021,5,0,21,4,57691440,3636,54420,3,15884
2022,3,0,16,9,57724140,3637,54420,3,15887
2023,7,0,21,4,57725880,3636,54420,3,15894
2024,8,1,25,0,57729300,3636,54420,3,15902
2025,6,0,21,4,57782700,3637,54660,3,15908
2026,11,0,24,1,57807540,3636,54660,3,15919
2027,12,2,25,0,57836820,3636,56580,3,15931
2028,15,13,25,0,57862920,3637,59160,3,15946
2029,9,14,25,0,57907740,3638,77520,4,15955
2030,14,17,25,0,57966180,3639,91200,5,15969
2031,10,14,25,0,57996900,3638,133740,8,15979
2032,8,4,25,0,58046820,3637,261840,16,15987
2033,11,0,25,0,58067880,3635,272400,17,15998
2034,8,0,21,4,58106580,3635,272820,17,16006
2035,7,0,22,3,58131900,3635,272820,17,16013
2036,9,0,25,0,58159440,3635,272820,17,16022
2037,5,0,20,5,58195620,3635,272820,17,16027
2038,4,0,19,6,58219920,3636,272820,17,16031
2039,6,0,20,5,58236780,3635,272820,17,16037
2040,3,0,21,4,58246620,3636,272820,17,16040
2041,8,0,22,3,58279080,3636,272820,17,16048
2042,3,0,16,9,58318380,3636,272820,16,16051
2043,2,0,15,10,58326420,3636,272820,16,16053
2044,6,0,16,9,58333980,3636,272820,16,16059
2045,7,0,20,5,58340580,3635,272820,16,16066
2046,8,0,23,2,58357080,3635,272820,16,16074
2047,6,0,20,5,58394400,3636,272820,16,16080
2048,8,0,23,2,58405620,3635,272820,16,16088
2049,7,0,24,1,58428360,3635,274500,17,16095
2050,12,3,25,0,58469040,3636,275340,17,16107
2051,18,11,25,0,58519140,3637,288120,17,16125
2052,10,18,25,0,58536180,3637,290040,17,16135
2053,11,19,25,0,58595700,3639,319740,19,16146
2054,4,15,25,0,58633140,3639,370920,22,16150
2055,8,1,25,0,58689240,3638,517440,32,16158
2056,16,0,25,0,58716600,3635,517620,32,16174
2057,6,1,25,0,58730520,3635,518160,32,16180
2058,5,0,20,5,58775760,3635,518220,32,16185
2059,9,0,21,4,58806900,3636,518220,32,16194
2060,8,0,22,3,58823100,3635,518220,31,16202
2061,8,0,23,2,58845720,3635,518220,31,16210
2062,10,0,24,1,58877340,3635,518220,31,16220
2063,6,0,24,1,58898100,3635,518220,31,16226
2064,7,0,22,3,58946520,3636,518220,31,16233
2065,6,0,20,5,58984740,3636,518220,31,16239
2066,3,0,19,6,58998000,3636,518220,31,16242
2067,6,0,18,7,59018280,3636,518220,31,16248
2068,7,0,21,4,59025720,3635,518220,31,16255
2069,6,0,21,4,59045940,3635,518220,31,16261
2070,12,1,25,0,59075040,3636,520440,31,16273
2071,8,1,25,0,59108340,3636,524520,32,16281
2072,10,1,25,0,59161620,3637,535920,32,16291
2073,6,0,20,5,59192100,3636,538860,33,16297
2074,13,2,25,0,59208300,3636,538860,33,16310
2075,10,0,24,1,59253000,3636,539940,33,16320
2076,10,0,25,0,59275020,3635,541320,33,16330
2077,10,0,23,2,59317140,3635,541320,33,16340
2078,11,0,23,2,59344740,3634,541380,33,16351
2079,14,3,25,0,59373060,3634,541800,33,16365
2080,12,5,25,0,59419200,3634,548340,33,16377
2081,5,2,25,0,59447880,3634,571080,34,16382
2082,12,0,22,3,59503740,3634,571740,34,16394
2083,11,2,25,0,59523780,3634,571860,34,16405
2084,3,0,19,6,59564700,3634,573540,34,16408
2085,5,0,18,7,59591820,3634,573540,34,16413
2086,9,0,21,4,59607000,3634,573600,34,16422
2087,3,0,18,7,59632980,3634,573600,34,16425
2088,4,0,18,7,59651820,3634,573600,34,16429
2089,4,0,18,7,59671680,3635,573600,34,16433
2090,4,0,19,6,59677920,3634,573600,34,16437
2091,2,0,16,9,59698080,3635,573600,34,16439
2092,1,0,15,10,59709720,3635,573600,34,16440
2093,5,0,18,7,59711940,3634,573600,34,16445
2094,9,0,20,5,59722440,3634,573600,34,16454
2095,9,0,21,4,59743260,3633,573600,34,16463
2096,8,0,23,2,59768640,3633,573600,34,16471
2097,10,4,25,0,59784900,3633,575400,34,16481
2098,11,7,25,0,59826180,3634,584280,35,16492
2099,10,12,25,0,59861100,3635,597240,36,16502
2100,18,21,25,0,59926800,3637,603600,36,16520
2101,17,31,25,0,59956260,3637,608880,36,16537
2102,14,38,25,0,59998320,3638,616980,37,16551
2103,11,40,25,0,60012240,3639,621240,37,16562
2104,8,36,25,0,60068880,3640,671700,40,16570
2105,12,37,25,0,60125940,3641,744600,44,16582
2106,11,37,25,0,60158160,3641,775140,46,16593
2107,8,35,25,0,60199380,3642,837060,50,16601
2108,8,33,25,0,60235620,3642,964500,58,16609
2109,9,30,25,0,60282600,3642,1188960,71,16618
2110,8,23,25,0,60323340,3641,1413540,85,16626
2111,5,0,25,0,60364680,3637,1970820,118,16631
2112,7,0,20,5,60397740,3637,1970820,118,16638
2113,11,0,25,0,60410100,3636,1970820,118,16649
2114,11,1,25,0,60444480,3636,1971360,118,16660
2115,3,0,21,4,60479880,3636,1972560,118,16663
2116,8,0,20,5,60518160,3637,1972560,118,16671
2117,14,0,24,1,60556620,3637,1973580,118,16685
2118,14,5,25,0,60586860,3637,1977180,118,16699
2119,6,1,25,0,60613260,3636,1991580,119,16705
2120,11,0,25,0,60668640,3637,1993380,119,16716
2121,14,6,25,0,60690600,3636,1995900,119,16730
2122,10,11,25,0,60724320,3637,2002560,119,16740
2123,7,6,25,0,60791700,3639,2032980,121,16747
2124,11,9,25,0,60821040,3639,2037480,121,16758
2125,17,21,25,0,60849660,3639,2044560,121,16775
2126,8,22,25,0,60900600,3641,2077560,123,16783
2127,11,29,25,0,60920220,3641,2080800,123,16794
2128,10,33,25,0,60963960,3643,2096880,124,16804
2129,8,30,25,0,61019760,3644,2167980,129,16812
2130,5,22,25,0,61067460,3644,2281560,135,16817
2131,6,0,25,0,61113660,3640,2686080,159,16823
2132,7,0,20,5,61127880,3638,2686080,159,16830
2133,9,0,20,5,61146900,3638,2686080,159,16839
2134,6,0,21,4,61162620,3638,2686080,159,16845
2135,6,0,20,5,61197720,3638,2686080,159,16851
2136,3,0,18,7,61215060,3638,2686080,159,16854
2137,9,0,18,7,61235400,3637,2686080,159,16863
2138,4,0,18,7,61253760,3638,2686080,159,16867
2139,4,0,17,8,61267320,3637,2686080,159,16871
2140,7,0,19,6,61283400,3637,2686080,159,16878
2141,2,0,17,8,61299120,3637,2686080,159,16880
2142,16,2,25,0,61310040,3637,2686140,159,16896
2143,8,2,25,0,61332840,3636,2688840,159,16904
2144,5,0,17,8,61395240,3637,2689680,159,16909
2145,8,0,22,3,61401720,3636,2689680,159,16917
2146,10,0,24,1,61419720,3636,2689680,159,16927
2147,6,0,21,4,61447560,3635,2689680,158,16933
2148,12,0,24,1,61487820,3636,2690700,158,16945
2149,9,2,25,0,61508760,3636,2690700,158,16954
2150,11,5,25,0,61530060,3635,2692920,158,16965
2151,14,11,25,0,61579320,3637,2706720,159,16979
2152,8,4,25,0,61636620,3637,2732160,160,16987
2153,6,0,18,7,61675980,3635,2745660,161,16993
2154,8,0,19,6,61685880,3634,2745660,161,17001
2155,11,0,24,1,61701720,3634,2745660,161,17012
2156,11,1,25,0,61724760,3634,2746440,161,17023
2157,5,0,23,2,61757280,3634,2746620,161,17028
2158,7,0,21,4,61802400,3635,2746620,161,17035
2159,3,0,18,7,61826160,3635,2746620,161,17038
2160,3,0,17,8,61841280,3635,2746620,161,17041
2161,4,0,18,7,61848480,3634,2746620,161,17045
2162,2,0,17,8,61862280,3635,2746620,161,17047
2163,2,0,16,9,61869420,3634,2746620,161,17049
2164,3,0,18,7,61879620,3635,2746620,161,17052
2165,3,0,18,7,61893780,3635,2746620,161,17055
2166,6,0,16,9,61916100,3635,2746620,161,17061
2167,9,0,20,5,61933920,3635,2746620,161,17070
2168,8,0,19,6,61957500,3634,2746620,160,17078
2169,7,0,22,3,61971000,3634,2746620,160,17085
2170,15,2,25,0,61998600,3633,2746620,160,17100
2171,11,0,22,3,62039640,3632,2758860,161,17111
2172,6,0,21,4,62064720,3632,2758860,161,17117
2173,15,0,24,1,62103120,3632,2758920,161,17132
2174,12,6,25,0,62113980,3632,2761140,161,17144
2175,12,8,25,0,62164080,3632,2772540,161,17156
2176,7,4,25,0,62215860,3633,2795280,162,17163
2177,15,9,25,0,62240760,3633,2825100,164,17178
2178,7,9,25,0,62283780,3634,2830740,164,17185
2179,1,0,17,8,62333100,3633,2888460,168,17186
2180,7,0,19,6,62358300,3633,2888460,168,17193
2181,5,0,23,2,62360280,3633,2888460,168,17198
2182,7,0,21,4,62403060,3634,2888460,168,17205
2183,5,0,21,4,62428620,3634,2888460,167,17210
2184,10,0,24,1,62466000,3635,2888460,167,17220
2185,3,0,23,2,62483460,3635,2888460,167,17223
2186,5,0,19,6,62532120,3636,2888460,167,17228
2187,4,0,18,7,62547600,3636,2888460,167,17232
2188,4,0,18,7,62559240,3635,2888460,167,17236
2189,9,0,19,6,62573580,3635,2888460,167,17245
2190,16,0,22,3,62601360,3633,2888460,167,17261
2191,11,3,25,0,62613600,3633,2888940,167,17272
2192,9,0,24,1,62659680,3633,2891640,167,17281
2193,11,0,22,3,62692620,3632,2891640,167,17292
2194,11,3,25,0,62705340,3632,2891880,167,17303
2195,13,8,25,0,62747640,3633,2899080,167,17316
2196,10,10,25,0,62790960,3633,2912580,168,17326
2197,14,17,25,0,62819160,3634,2916900,168,17340
2198,9,18,25,0,62864940,3635,2923620,168,17349
2199,13,25,25,0,62901780,3635,2927160,168,17362
2200,11,28,25,0,62943180,3636,2953380,170,17373
2201,11,31,25,0,62981340,3637,2961720,170,17384
2202,10,34,25,0,63019020,3637,2967360,170,17394
2203,5,32,25,0,63069900,3639,2990100,171,17399
2204,11,33,25,0,63107820,3639,3052380,175,17410
2205,10,31,25,0,63153600,3639,3111540,178,17420
2206,10,37,25,0,63176280,3640,3116520,178,17430
2207,5,33,25,0,63226500,3641,3180960,182,17435
2208,3,25,25,0,63273060,3641,3354360,192,17438
2209,8,7,25,0,63319440,3638,4005360,229,17446
2210,2,0,19,6,63333900,3636,4230720,242,17448
2211,10,0,23,2,63363600,3636,4230720,242,17458
2212,6,0,23,2,63390600,3637,4230720,242,17464
2213,3,0,20,5,63413760,3637,4230720,242,17467
2214,8,0,20,5,63447840,3637,4230720,242,17475
2215,7,0,23,2,63463500,3637,4230720,242,17482
2216,8,0,20,5,63493680,3636,4230720,242,17490
2217,7,0,22,3,63518940,3637,4230720,241,17497
2218,8,0,22,3,63558780,3637,4230720,241,17505
2219,14,3,25,0,63585060,3637,4233300,241,17519
2220,7,1,25,0,63605940,3637,4239420,242,17526
2221,11,0,23,2,63658020,3637,4240140,241,17537
2222,10,0,23,2,63696900,3637,4243140,241,17547
2223,6,0,23,2,63720060,3637,4243320,241,17553
2224,6,0,17,8,63767940,3637,4243320,241,17559
2225,5,0,19,6,63779700,3637,4243320,241,17564
2226,6,0,20,5,63796920,3637,4243320,241,17570
2227,9,0,23,2,63817200,3637,4243560,241,17579
2228,5,0,22,3,63840180,3637,4243560,241,17584
2229,8,0,21,4,63868500,3637,4243560,241,17592
2230,7,0,22,3,63896640,3637,4243560,241,17599
2231,8,0,23,2,63920640,3637,4243560,241,17607
2232,7,0,22,3,63946260,3637,4243560,241,17614
2233,8,0,18,7,63978120,3636,4243560,240,17622
2234,8,0,20,5,64002600,3636,4243560,240,17630
2235,7,0,19,6,64020480,3636,4243560,240,17637
2236,8,0,21,4,64039320,3636,4243560,240,17645
2237,9,0,23,2,64064220,3636,4243560,240,17654
2238,11,1,25,0,64096440,3636,4244220,240,17665
2239,8,0,22,3,64141860,3636,4246140,240,17673
2240,8,0,25,0,64162920,3636,4246860,240,17681
2241,14,3,25,0,64199700,3636,4251300,240,17695
2242,10,4,25,0,64236240,3636,4255800,240,17705
2243,20,12,25,0,64285020,3636,4260960,240,17725
2244,9,15,25,0,64317120,3637,4272000,241,17734
2245,16,26,25,0,64348080,3638,4275600,241,17750
2246,6,25,25,0,64391520,3639,4295040,242,17756
2247,15,32,25,0,64440120,3640,4323780,243,17771
2248,9,31,25,0,64486560,3640,4383540,246,17780
2249,11,34,25,0,64508820,3640,4421040,248,17791
2250,9,32,25,0,64558680,3641,4488660,252,17800
2251,10,33,25,0,64595580,3641,4522800,254,17810
2252,10,29,25,0,64645020,3641,4584720,257,17820
2253,8,26,25,0,64678680,3640,4651320,261,17828
2254,4,10,25,0,64732620,3639,5108160,286,17832
2255,7,0,20,5,64754160,3636,5369100,301,17839
2256,2,0,15,10,64784520,3636,5369100,301,17841
2257,6,0,17,8,64789020,3636,5369100,301,17847
2258,3,0,16,9,64800180,3635,5369100,300,17850
2259,5,0,19,6,64805940,3635,5369100,300,17855
2260,8,0,21,4,64812840,3635,5369100,300,17863
2261,7,0,21,4,64827780,3634,5369100,300,17870
2262,6,0,23,2,64848960,3634,5369100,300,17876
2263,6,0,22,3,64876740,3634,5369100,300,17882
2264,12,4,25,0,64897740,3635,5371200,300,17894
2265,6,0,19,6,64958940,3635,5381400,300,17900
2266,5,0,22,3,64969740,3635,5381400,300,17905
2267,11,0,25,0,65007300,3635,5381400,300,17916
2268,10,3,25,0,65030880,3635,5384280,300,17926
2269,9,3,25,0,65067540,3636,5396940,301,17935
2270,12,9,25,0,65100600,3636,5402580,301,17947
2271,11,14,25,0,65142600,3637,5407140,301,17958
2272,15,25,25,0,65173380,3638,5412720,301,17973
2273,9,27,25,0,65221980,3640,5430600,302,17982
2274,11,30,25,0,65269980,3641,5469720,304,17993
2275,10,30,25,0,65311440,3641,5521800,306,18003
2276,9,25,25,0,65356080,3641,5596320,310,18012
2277,6,12,25,0,65394000,3639,5809560,322,18018
2278,1,0,16,9,65437920,3637,6032400,335,18019
2279,3,0,15,10,65454900,3637,6032400,334,18022
2280,3,0,17,8,65458800,3637,6032400,334,18025
2281,6,0,19,6,65467860,3637,6032400,334,18031
2282,5,0,20,5,65481120,3637,6032400,334,18036
2283,4,0,20,5,65493540,3636,6032400,334,18040
2284,7,0,19,6,65524620,3637,6032400,334,18047
2285,8,0,25,0,65528640,3636,6032400,334,18055
2286,12,1,25,0,65569440,3636,6038160,334,18067
2287,5,0,22,3,65598600,3636,6040380,334,18072
2288,8,0,23,2,65635740,3637,6040380,334,18080
2289,7,0,24,1,65663940,3637,6040380,334,18087
2290,9,0,24,1,65696220,3637,6040380,334,18096
2291,5,0,18,7,65737440,3637,6040380,333,18101
2292,7,0,22,3,65743740,3637,6040380,333,18108
2293,9,0,22,3,65779680,3637,6040380,333,18117
2294,10,0,25,0,65798340,3637,6041220,333,18127
2295,10,0,25,0,65842800,3637,6042660,333,18137
2296,15,5,25,0,65877060,3637,6046380,333,18152
2297,11,7,25,0,65908920,3637,6051960,333,18163
2298,4,0,21,4,65963040,3637,6074700,334,18167
2299,5,0,18,7,65990880,3637,6074700,334,18172
2300,13,0,23,2,66019920,3637,6075360,334,18185
2301,8,0,22,3,66057660,3637,6077460,334,18193
2302,6,0,19,6,66095580,3638,6077460,334,18199
2303,5,0,19,6,66106140,3637,6077460,334,18204
2304,5,0,16,9,66130740,3637,6077460,333,18209
2305,5,0,17,8,66137220,3636,6077460,333,18214
2306,4,0,18,7,66149880,3637,6077460,333,18218
2307,7,0,19,6,66170940,3636,6077460,333,18225
2308,7,0,21,4,66178320,3636,6077460,333,18232
2309,5,0,21,4,66198720,3636,6077460,333,18237
2310,7,0,21,4,66217800,3636,6077460,333,18244
2311,8,0,21,4,66255600,3636,6077460,333,18252
2312,11,2,25,0,66273420,3636,6077940,333,18263
2313,8,0,19,6,66321000,3636,6082320,333,18271
2314,10,0,23,2,66335820,3635,6082320,332,18281
2315,7,0,21,4,66369660,3635,6082320,332,18288
2316,9,1,25,0,66388740,3635,6083520,332,18297
2317,11,0,24,1,66428460,3635,6083940,332,18308
2318,13,0,25,0,66467760,3635,6087180,332,18321
2319,11,2,25,0,66491340,3634,6087960,332,18332
2320,7,3,25,0,66530760,3635,6096420,332,18339
2321,7,0,21,4,66582000,3635,6100980,332,18346
2322,6,0,22,3,66600060,3635,6100980,332,18352
2323,10,0,22,3,66637080,3635,6100980,332,18362
2324,9,2,25,0,66655920,3636,6100980,332,18371
2325,10,2,25,0,66693360,3636,6106080,332,18381
2326,3,0,21,4,66743880,3637,6108360,332,18384
2327,9,0,25,0,66764580,3637,6109260,332,18393
2328,7,0,20,5,66815820,3637,6109260,332,18400
2329,3,0,19,6,66822660,3637,6109260,332,18403
2330,4,0,17,8,66850020,3637,6109260,332,18407
2331,3,0,17,8,66862200,3637,6109260,332,18410
2332,10,0,24,1,66868380,3637,6109440,331,18420
2333,8,0,21,4,66905160,3637,6109440,331,18428
2334,5,0,19,6,66928320,3637,6109440,331,18433
2335,8,0,22,3,66941820,3636,6109440,331,18441
2336,9,0,19,6,66978720,3636,6109440,331,18450
2337,5,0,19,6,66992700,3636,6109440,331,18455
2338,10,0,22,3,67009740,3635,6109440,331,18465
2339,11,0,22,3,67044060,3635,6110100,330,18476
2340,9,0,24,1,67069740,3635,6110100,330,18485
2341,10,0,23,2,67103880,3635,6110400,330,18495
2342,9,0,22,3,67136460,3634,6110520,330,18504
2343,17,3,25,0,67166160,3634,6111120,330,18521
2344,13,11,25,0,67181820,3634,6115140,330,18534
2345,7,9,25,0,67239300,3635,6134160,331,18541
2346,8,5,25,0,67284420,3635,6184080,333,18549
2347,13,1,25,0,67323540,3634,6211920,334,18562
2348,10,0,24,1,67361820,3634,6212700,334,18572
2349,9,0,24,1,67388700,3633,6212700,334,18581
2350,4,0,21,4,67410480,3633,6212700,334,18585
2351,4,0,18,7,67446480,3634,6212700,334,18589
2352,4,0,18,7,67461240,3634,6212700,334,18593
2353,3,0,16,9,67483920,3634,6212700,334,18596
2354,6,0,16,9,67495920,3633,6212700,334,18602
2355,5,0,17,8,67509060,3633,6212700,334,18607
2356,5,0,18,7,67516320,3633,6212700,334,18612
2357,6,0,20,5,67525320,3633,6212700,333,18618
2358,7,0,22,3,67538160,3632,6212700,333,18625
2359,5,0,18,7,67576980,3633,6212700,333,18630
2360,9,0,19,6,67593600,3632,6212700,333,18639
2361,14,1,25,0,67612800,3632,6215460,333,18653
2362,8,6,25,0,67631340,3632,6218160,333,18661
2363,12,10,25,0,67677120,3633,6227220,333,18673
2364,8,10,25,0,67720560,3634,6230040,333,18681
2365,12,15,25,0,67761600,3635,6237660,333,18693
2366,15,23,25,0,67804200,3636,6244140,334,18708
2367,6,21,25,0,67841760,3636,6265200,335,18714
2368,7,16,25,0,67894500,3636,6319200,337,18721
2369,11,19,25,0,67922280,3636,6358980,339,18732
2370,11,18,25,0,67969920,3637,6407820,342,18743
2371,4,4,25,0,68012400,3635,6638460,354,18747
2372,7,0,19,6,68049480,3634,6708060,357,18754
2373,5,0,19,6,68064720,3634,6708060,357,18759
2374,7,0,16,9,68086020,3633,6708060,357,18766
2375,2,0,16,9,68091420,3633,6708060,357,18768
2376,5,0,18,7,68105100,3633,6708060,357,18773
2377,6,0,21,4,68113500,3633,6708060,357,18779
2378,2,0,18,7,68128740,3633,6708060,357,18781
2379,5,0,17,8,68151600,3633,6708060,357,18786
2380,6,0,21,4,68168460,3633,6708060,357,18792
2381,9,0,23,2,68183220,3633,6708060,357,18801
2382,3,0,17,8,68213760,3633,6708060,356,18804
2383,10,0,22,3,68229660,3633,6708060,356,18814
2384,6,0,22,3,68249940,3633,6708060,356,18820
2385,10,0,24,1,68283420,3633,6711120,356,18830
2386,12,3,25,0,68316960,3633,6713340,356,18842
2387,15,8,25,0,68359140,3633,6719160,356,18857
2388,16,17,25,0,68392380,3634,6722760,356,18873
2389,18,30,25,0,68420580,3634,6730680,356,18891
2390,8,31,25,0,68466060,3635,6747420,357,18899
2391,8,33,25,0,68501040,3636,6766200,358,18907
2392,12,39,25,0,68545140,3637,6775380,358,18919
2393,8,38,25,0,68595720,3639,6849660,362,18927
2394,6,37,25,0,68631720,3639,6887520,364,18933
2395,9,33,25,0,68684100,3639,7027800,371,18942
2396,6,28,25,0,68724180,3639,7191540,379,18948
2397,12,15,25,0,68763960,3637,7502940,396,18960
2398,8,1,25,0,68800380,3634,7821840,412,18968
2399,7,0,19,6,68837640,3634,7822680,412,18975

