Hour,Arrivals,Waiting,Treating,Available Rooms,Total Treatment Time,Average Treatment Time,Total Wait Time,Average Wait Time,Total Arrivals
1,7,0,4,21,5520,1840,0,0,7
2,6,0,5,20,18720,2340,0,0,13
3,3,0,5,20,28380,2580,0,0,16
4,7,0,6,19,47640,2802,0,0,23
5,6,0,7,18,62640,2847,0,0,29
6,6,0,8,17,89160,3302,0,0,35
7,4,0,6,19,117000,3545,0,0,39
8,4,0,3,22,153960,3849,0,0,43
9,8,0,8,17,163800,3809,0,0,51
10,7,0,6,19,192660,3705,0,0,58
11,8,0,9,16,206640,3625,0,0,66
12,14,0,13,12,244980,3656,0,0,80
13,10,0,12,13,287220,3682,0,0,90
14,10,0,11,14,324540,3646,0,0,100
15,14,0,16,9,373080,3806,0,0,114
16,8,0,11,14,411360,3705,0,0,122
17,8,0,6,19,459000,3701,0,0,130
18,13,0,11,14,482280,3653,0,0,143
19,9,0,10,15,520500,3665,0,0,152
20,7,0,6,19,557280,3642,0,0,159
21,7,0,6,19,587160,3669,0,0,166
22,5,0,5,20,610740,3679,0,0,171
23,6,0,3,22,631260,3627,0,0,177
24,3,0,3,22,644520,3641,0,0,180
25,5,0,6,19,656040,3665,0,0,185
26,4,0,5,20,671160,3647,0,0,189
27,7,0,8,17,682320,3629,0,0,196
28,3,0,5,20,713220,3676,0,0,199
29,5,0,6,19,730260,3688,0,0,204
30,10,0,9,16,755280,3684,0,0,214
31,9,0,9,16,782520,3656,0,0,223
32,14,0,15,10,809100,3644,0,0,237
33,8,0,12,13,862620,3702,0,0,245
34,13,0,11,14,916020,3708,0,0,258
35,13,0,10,15,970020,3716,0,0,271
36,9,0,11,14,992640,3690,0,0,280
37,13,0,15,10,1029840,3704,0,0,293
38,6,0,9,16,1075920,3710,0,0,299
39,15,0,18,7,1099560,3714,0,0,314
40,8,0,12,13,1163400,3752,0,0,322
41,16,0,13,12,1215240,3739,0,0,338
42,10,0,8,17,1260600,3707,0,0,348
43,6,0,5,20,1308180,3748,0,0,354
44,6,0,7,18,1328460,3763,0,0,360
45,8,0,8,17,1345500,3737,0,0,368
46,5,0,6,19,1374060,3744,0,0,373
47,3,0,6,19,1393380,3765,0,0,376
48,4,0,6,19,1416900,3788,0,0,380
49,3,0,4,21,1442220,3805,0,0,383
50,7,0,5,20,1459920,3792,0,0,390
51,8,0,9,16,1470600,3780,0,0,398
52,13,0,12,13,1501440,3763,0,0,411
53,7,0,12,13,1520220,3744,0,0,418
54,10,0,9,16,1573560,3755,0,0,428
55,9,0,10,15,1612620,3776,0,0,437
56,13,0,12,13,1638900,3741,0,0,450
57,5,0,3,22,1693260,3746,0,0,455
58,9,0,5,20,1709820,3725,0,0,464
59,15,0,12,13,1720260,3683,0,0,479
60,15,0,14,11,1745940,3637,0,0,494
61,12,0,16,9,1798380,3670,0,0,506
62,5,0,3,22,1861620,3664,0,0,511
63,10,0,7,18,1884480,3666,0,0,521
64,8,0,6,19,1902660,3637,0,0,529
65,10,0,7,18,1927380,3622,0,0,539
66,10,0,12,13,1941540,3615,0,0,549
67,13,0,15,10,1972620,3606,0,0,562
68,6,0,7,18,2034600,3626,0,0,568
69,11,0,7,18,2071800,3622,0,0,579
70,3,0,6,19,2087100,3623,0,0,582
71,9,0,10,15,2111940,3635,0,0,591
72,6,0,7,18,2145540,3636,0,0,597
73,4,0,7,18,2172060,3656,0,0,601
74,4,0,6,19,2192340,3660,0,0,605
75,8,0,5,20,2231880,3670,0,0,613
76,7,0,9,16,2239200,3664,0,0,620
77,5,0,9,16,2256540,3663,0,0,625
78,12,0,10,15,2306100,3677,0,0,637
79,12,0,12,13,2336700,3668,0,0,649
80,7,0,10,15,2369940,3668,0,0,656
81,11,0,12,13,2402880,3668,0,0,667
82,8,0,9,16,2441100,3665,0,0,675
83,18,0,13,12,2485440,3655,0,0,693
84,11,0,16,9,2517060,3658,0,0,704
85,8,0,11,14,2581680,3682,0,0,712
86,14,0,9,16,2639460,3681,0,0,726
87,10,0,6,19,2688840,3683,0,0,736
88,8,0,6,19,2713260,3676,0,0,744
89,9,0,8,17,2737800,3674,0,0,753
90,3,0,6,19,2757120,3676,0,0,756
91,12,0,6,19,2801100,3675,0,0,768
92,12,0,11,14,2819760,3666,0,0,780
93,6,0,4,21,2862000,3659,0,0,786
94,6,0,5,20,2869920,3646,0,0,792
95,5,0,4,21,2896140,3652,0,0,797
96,8,0,4,21,2914440,3638,0,0,805
97,5,0,6,19,2923140,3635,0,0,810
98,6,0,4,21,2949540,3632,0,0,816
99,4,0,6,19,2955420,3630,0,0,820
100,5,0,7,18,2971080,3632,0,0,825
101,8,0,10,15,2994000,3637,0,0,833
102,6,0,9,16,3027060,3647,0,0,839
103,8,0,9,16,3057600,3648,0,0,847
104,6,0,6,19,3099360,3659,0,0,853
105,11,0,12,13,3111300,3651,0,0,864
106,7,0,7,18,3151380,3647,0,0,871
107,12,0,8,17,3181680,3636,0,0,883
108,15,0,12,13,3216960,3630,0,0,898
109,14,0,16,9,3256800,3634,0,0,912
110,7,0,7,18,3320040,3640,0,0,919
111,11,0,9,16,3336780,3622,0,0,930
112,6,0,8,17,3373080,3634,0,0,936
113,6,0,7,18,3384780,3620,0,0,942
114,11,0,10,15,3423000,3629,0,0,953
115,8,0,9,16,3446880,3620,0,0,961
116,15,0,13,12,3495420,3629,0,0,976
117,1,0,3,22,3544740,3639,0,0,977
118,3,0,4,21,3554100,3641,0,0,980
119,6,0,7,18,3566940,3643,0,0,986
120,7,0,10,15,3590820,3652,0,0,993
121,5,0,6,19,3620100,3649,0,0,998
122,4,0,5,20,3638100,3649,0,0,1002
123,5,0,4,21,3659760,3648,0,0,1007
124,4,0,5,20,3667200,3645,0,0,1011
125,1,0,2,23,3681660,3645,0,0,1012
126,6,0,6,19,3684420,3640,0,0,1018
127,9,0,8,17,3707220,3638,0,0,1027
128,4,0,6,19,3742860,3651,0,0,1031
129,9,0,10,15,3750300,3641,0,0,1040
130,11,0,11,14,3786840,3641,0,0,1051
131,13,0,13,12,3822120,3636,0,0,1064
132,6,0,7,18,3874440,3644,0,0,1070
133,17,0,13,12,3908640,3639,0,0,1087
134,8,0,12,13,3933060,3631,0,0,1095
135,9,0,11,14,3989700,3650,0,0,1104
136,6,0,6,19,4042500,3661,0,0,1110
137,6,0,4,21,4075320,3664,0,0,1116
138,3,0,5,20,4085580,3667,0,0,1119
139,12,0,9,16,4108440,3661,0,0,1131
140,4,0,6,19,4128840,3657,0,0,1135
141,9,0,7,18,4162620,3661,0,0,1144
142,3,0,4,21,4184100,3660,0,0,1147
143,6,0,8,17,4194300,3663,0,0,1153
144,2,0,2,23,4220100,3660,0,0,1155
145,8,0,8,17,4231500,3663,0,0,1163
146,7,0,8,17,4256100,3662,0,0,1170
147,3,0,4,21,4280820,3661,0,0,1173
148,8,0,7,18,4293600,3657,0,0,1181
149,12,0,12,13,4315620,3654,0,0,1193
150,6,0,9,16,4356420,3660,0,0,1199
151,7,0,7,18,4388580,3660,0,0,1206
152,6,0,6,19,4423740,3668,0,0,1212
153,9,0,7,18,4444980,3661,0,0,1221
154,10,0,8,17,4469040,3654,0,0,1231
155,14,0,9,16,4504860,3644,0,0,1245
156,20,0,20,5,4539000,3645,0,0,1265
157,14,0,17,8,4591380,3638,0,0,1279
158,17,0,16,9,4655280,3636,0,0,1296
159,13,0,14,11,4711920,3638,0,0,1309
160,12,0,14,11,4750320,3634,0,0,1321
161,10,0,14,11,4801980,3646,0,0,1331
162,8,0,7,18,4852440,3642,0,0,1339
163,6,0,7,18,4891800,3656,0,0,1345
164,6,0,9,16,4899300,3650,0,0,1351
165,8,0,5,20,4957860,3661,0,0,1359
166,6,0,5,20,4967040,3652,0,0,1365
167,1,0,1,24,4999560,3662,0,0,1366
168,6,0,5,20,5002680,3659,0,0,1372
169,3,0,4,21,5015280,3658,0,0,1375
170,6,0,5,20,5028420,3654,0,0,1381
171,4,0,6,19,5039820,3654,0,0,1385
172,6,0,5,20,5068440,3656,0,0,1391
173,6,0,4,21,5082240,3648,0,0,1397
174,5,0,8,17,5084340,3647,0,0,1402
175,12,0,12,13,5112660,3646,0,0,1414
176,8,0,8,17,5152860,3644,0,0,1422
177,5,0,4,21,5180340,3640,0,0,1427
178,9,0,6,19,5189400,3628,0,0,1436
179,15,0,13,12,5214840,3626,0,0,1451
180,15,0,13,12,5264820,3623,0,0,1466
181,5,0,7,18,5304900,3623,0,0,1471
182,9,0,9,16,5336520,3627,0,0,1480
183,7,0,9,16,5359320,3626,0,0,1487
184,13,0,12,13,5391900,3623,0,0,1500
185,6,0,6,19,5435880,3623,0,0,1506
186,7,0,7,18,5468760,3631,0,0,1513
187,10,0,7,18,5488620,3620,0,0,1523
188,6,0,5,20,5519820,3621,0,0,1529
189,5,0,7,18,5525580,3618,0,0,1534
190,7,0,10,15,5538120,3617,0,0,1541
191,4,0,6,19,5580540,3626,0,0,1545
192,4,0,5,20,5603520,3629,0,0,1549
193,6,0,5,20,5624520,3628,0,0,1555
194,5,0,5,20,5639640,3626,0,0,1560
195,5,0,5,20,5653260,3623,0,0,1565
196,4,0,2,23,5680260,3624,0,0,1569
197,5,0,4,21,5688960,3623,0,0,1574
198,4,0,4,21,5698380,3620,0,0,1578
199,8,0,5,20,5713980,3614,0,0,1586
200,12,0,4,21,5740020,3601,0,0,1598
201,6,0,4,21,5751120,3594,0,0,1604
202,14,0,13,12,5764260,3591,0,0,1618
203,14,0,13,12,5812980,3590,0,0,1632
204,13,0,11,14,5854440,3582,0,0,1645
205,10,0,11,14,5888580,3581,0,0,1655
206,8,0,9,16,5919300,3578,0,0,1663
207,9,0,11,14,5948040,3580,0,0,1672
208,10,0,12,13,5981100,3581,0,0,1682
209,6,0,10,15,6030000,3593,0,0,1688
210,9,0,7,18,6078660,3596,0,0,1697
211,5,0,7,18,6100740,3599,0,0,1702
212,5,0,6,19,6128460,3602,0,0,1707
213,7,0,9,16,6141120,3601,0,0,1714
214,10,0,9,16,6182340,3604,0,0,1724
215,6,0,6,19,6214320,3604,0,0,1730
216,5,0,6,19,6233520,3605,0,0,1735
217,5,0,6,19,6270720,3616,0,0,1740
218,3,0,1,24,6307680,3620,0,0,1743
219,6,0,4,21,6312480,3617,0,0,1749
220,4,0,4,21,6324960,3616,0,0,1753
221,11,0,5,20,6350160,3610,0,0,1764
222,8,0,8,17,6360840,3605,0,0,1772
223,3,0,4,21,6395940,3611,0,0,1775
224,10,0,8,17,6411120,3607,0,0,1785
225,8,0,10,15,6436980,3610,0,0,1793
226,8,0,8,17,6469260,3608,0,0,1801
227,12,0,11,14,6491820,3602,0,0,1813
228,17,0,14,11,6533460,3597,0,0,1830
229,8,0,9,16,6575940,3595,0,0,1838
230,7,0,8,17,6611880,3599,0,0,1845
231,10,0,9,16,6633180,3593,0,0,1855
232,14,0,9,16,6675720,3589,0,0,1869
233,4,0,5,20,6703380,3588,0,0,1873
234,11,0,7,18,6734220,3587,0,0,1884
235,11,0,11,14,6755640,3585,0,0,1895
236,9,0,9,16,6795300,3585,0,0,1904
237,5,0,6,19,6818880,3583,0,0,1909
238,4,0,8,17,6835020,3587,0,0,1913
239,4,0,4,21,6873180,3592,0,0,1917
240,3,0,2,23,6892440,3593,0,0,1920
241,5,0,4,21,6904680,3594,0,0,1925
242,4,0,3,22,6920940,3593,0,0,1929
243,9,0,6,19,6940740,3592,0,0,1938
244,5,0,7,18,6956580,3593,0,0,1943
245,4,0,5,20,6983160,3595,0,0,1947
246,7,0,5,20,7000800,3591,0,0,1954
247,7,0,6,19,7014060,3587,0,0,1961
248,8,0,7,18,7043400,3589,0,0,1969
249,12,0,7,18,7082820,3588,0,0,1981
250,8,0,9,16,7095840,3583,0,0,1989
251,11,0,14,11,7120620,3585,0,0,2000
252,6,0,10,15,7167180,3590,0,0,2006
253,9,0,9,16,7204980,3591,0,0,2015
254,11,0,13,12,7232340,3592,0,0,2026
255,9,0,10,15,7274460,3592,0,0,2035
256,9,0,10,15,7307760,3592,0,0,2044
257,11,0,9,16,7349460,3592,0,0,2055
258,3,0,5,20,7391940,3600,0,0,2058
259,6,0,6,19,7416420,3603,0,0,2064
260,7,0,7,18,7430880,3600,0,0,2071
261,5,0,7,18,7460040,3605,0,0,2076
262,6,0,6,19,7490100,3607,0,0,2082
263,6,0,7,18,7507920,3607,0,0,2088
264,6,0,3,22,7557060,3614,0,0,2094
265,5,0,4,21,7573320,3614,0,0,2099
266,10,0,9,16,7585560,3612,0,0,2109
267,7,0,9,16,7606260,3609,0,0,2116
268,7,0,9,16,7639920,3613,0,0,2123
269,6,0,7,18,7669680,3614,0,0,2129
270,10,0,11,14,7691100,3614,0,0,2139
271,6,0,9,16,7723560,3615,0,0,2145
272,10,0,7,18,7762860,3613,0,0,2155
273,4,0,5,20,7791660,3617,0,0,2159
274,6,0,5,20,7817760,3619,0,0,2165
275,12,0,10,15,7828980,3612,0,0,2177
276,11,0,9,16,7877160,3615,0,0,2188
277,12,0,9,16,7906080,3608,0,0,2200
278,10,0,11,14,7929720,3606,0,0,2210
279,8,0,10,15,7958880,3604,0,0,2218
280,8,0,10,15,7999320,3609,0,0,2226
281,5,0,8,17,8033640,3613,0,0,2231
282,11,0,10,15,8070060,3615,0,0,2242
283,10,0,10,15,8100960,3613,0,0,2252
284,8,0,8,17,8132220,3611,0,0,2260
285,9,0,7,18,8166960,3610,0,0,2269
286,6,0,5,20,8185260,3605,0,0,2275
287,7,0,9,16,8201220,3608,0,0,2282
288,3,0,4,21,8239440,3612,0,0,2285
289,6,0,6,19,8257080,3613,0,0,2291
290,2,0,1,24,8283960,3614,0,0,2293
291,8,0,5,20,8293620,3612,0,0,2301
292,8,0,6,19,8302080,3604,0,0,2309
293,6,0,6,19,8323680,3604,0,0,2315
294,11,0,14,11,8335800,3605,0,0,2326
295,14,0,8,17,8395320,3600,0,0,2340
296,6,0,6,19,8418480,3597,0,0,2346
297,8,0,8,17,8442540,3598,0,0,2354
298,7,0,7,18,8467860,3597,0,0,2361
299,9,0,10,15,8488560,3596,0,0,2370
300,8,0,13,12,8508720,3597,0,0,2378
301,11,0,10,15,8575320,3604,0,0,2389
302,14,0,11,14,8615700,3601,0,0,2403
303,12,0,9,16,8649780,3595,0,0,2415
304,16,0,14,11,8693220,3596,0,0,2431
305,6,0,8,17,8741340,3598,0,0,2437
306,10,0,10,15,8776020,3601,0,0,2447
307,7,0,8,17,8815800,3604,0,0,2454
308,2,0,3,22,8847720,3606,0,0,2456
309,10,0,5,20,8868360,3603,0,0,2466
310,6,0,3,22,8892660,3601,0,0,2472
311,5,0,7,18,8895660,3601,0,0,2477
312,5,0,4,21,8922720,3600,0,0,2482
313,8,0,6,19,8939220,3598,0,0,2490
314,9,0,11,14,8957340,3600,0,0,2499
315,9,0,12,13,8978160,3597,0,0,2508
316,8,0,9,16,9021900,3598,0,0,2516
317,6,0,8,17,9045540,3598,0,0,2522
318,7,0,10,15,9069720,3600,0,0,2529
319,10,0,9,16,9108960,3600,0,0,2539
320,8,0,6,19,9160560,3605,0,0,2547
321,5,0,5,20,9175020,3602,0,0,2552
322,13,0,8,17,9216120,3604,0,0,2565
323,11,0,10,15,9240180,3601,0,0,2576
324,13,0,14,11,9279060,3603,0,0,2589
325,12,0,13,12,9312000,3598,0,0,2601
326,6,0,8,17,9355320,3599,0,0,2607
327,15,0,16,9,9386520,3601,0,0,2622
328,11,0,11,14,9425640,3594,0,0,2633
329,13,0,11,14,9474660,3595,0,0,2646
330,6,0,6,19,9512760,3595,0,0,2652
331,6,0,7,18,9534720,3596,0,0,2658
332,3,0,3,22,9558420,3596,0,0,2661
333,7,0,6,19,9579960,3598,0,0,2668
334,2,0,3,22,9589200,3595,0,0,2670
335,8,0,5,20,9608760,3594,0,0,2678
336,2,0,5,20,9613080,3593,0,0,2680
337,5,0,6,19,9632400,3595,0,0,2685
338,6,0,5,20,9661080,3596,0,0,2691
339,8,0,4,21,9686760,3594,0,0,2699
340,8,0,6,19,9703320,3592,0,0,2707
341,6,0,5,20,9713220,3586,0,0,2713
342,9,0,7,18,9740940,3587,0,0,2722
343,9,0,9,16,9774720,3591,0,0,2731
344,8,0,7,18,9804720,3588,0,0,2739
345,14,0,13,12,9827640,3586,0,0,2753
346,4,0,6,19,9869400,3587,0,0,2757
347,8,0,8,17,9882300,3584,0,0,2765
348,9,0,12,13,9907860,3587,0,0,2774
349,10,0,10,15,9954720,3588,0,0,2784
350,12,0,15,10,9984780,3590,0,0,2796
351,10,0,10,15,10030680,3587,0,0,2806
352,8,0,8,17,10074000,3590,0,0,2814
353,5,0,7,18,10108920,3594,0,0,2819
354,5,0,7,18,10124700,3594,0,0,2824
355,13,0,12,13,10159920,3596,0,0,2837
356,9,0,11,14,10189740,3594,0,0,2846
357,6,0,6,19,10238280,3597,0,0,2852
358,5,0,5,20,10256460,3596,0,0,2857
359,5,0,4,21,10291500,3600,0,0,2862
360,0,0,1,24,10302600,3601,0,0,2862
361,3,0,3,22,10303140,3599,0,0,2865
362,5,0,5,20,10316460,3600,0,0,2870
363,2,0,3,22,10327020,3599,0,0,2872
364,6,0,9,16,10327020,3599,0,0,2878
365,9,0,12,13,10349640,3599,0,0,2887
366,8,0,10,15,10400280,3604,0,0,2895
367,11,0,13,12,10428240,3604,0,0,2906
368,10,0,13,12,10475280,3608,0,0,2916
369,10,0,10,15,10526100,3609,0,0,2926
370,10,0,10,15,10570140,3612,0,0,2936
371,13,0,13,12,10596120,3609,0,0,2949
372,11,0,15,10,10627260,3608,0,0,2960
373,18,0,19,6,10687440,3611,0,0,2978
374,12,0,14,11,10754880,3613,0,0,2990
375,9,0,9,16,10830120,3622,0,0,2999
376,7,0,6,19,10862520,3620,0,0,3006
377,10,0,8,17,10880760,3617,0,0,3016
378,6,0,9,16,10903860,3618,0,0,3022
379,3,0,8,17,10924560,3621,0,0,3025
380,8,0,9,16,10950840,3621,0,0,3033
381,10,0,7,18,10982760,3617,0,0,3043
382,8,0,8,17,11011620,3618,0,0,3051
383,8,0,6,19,11052900,3620,0,0,3059
384,5,0,8,17,11064420,3620,0,0,3064
385,5,0,7,18,11085720,3620,0,0,3069
386,7,0,2,23,11119560,3617,0,0,3076
387,6,0,2,23,11140260,3616,0,0,3082
388,9,0,10,15,11141160,3616,0,0,3091
389,5,0,9,16,11163840,3616,0,0,3096
390,8,0,11,14,11183940,3615,0,0,3104
391,7,0,7,18,11238960,3620,0,0,3111
392,7,0,5,20,11255940,3615,0,0,3118
393,7,0,5,20,11277240,3614,0,0,3125
394,17,0,12,13,11292840,3607,0,0,3142
395,9,0,14,11,11315100,3606,0,0,3151
396,8,0,5,20,11382900,3609,0,0,3159
397,9,0,5,20,11399820,3604,0,0,3168
398,15,0,12,13,11414100,3599,0,0,3183
399,14,0,16,9,11450400,3599,0,0,3197
400,9,0,15,10,11482020,3598,0,0,3206
401,11,0,15,10,11538600,3603,0,0,3217
402,6,0,10,15,11606100,3612,0,0,3223
403,7,0,6,19,11646960,3612,0,0,3230
404,9,0,4,21,11679600,3610,0,0,3239
405,8,0,8,17,11693460,3610,0,0,3247
406,9,0,10,15,11716380,3609,0,0,3256
407,2,0,3,22,11753400,3610,0,0,3258
408,11,0,9,16,11770680,3610,0,0,3269
409,6,0,5,20,11800380,3608,0,0,3275
410,3,0,2,23,11831100,3611,0,0,3278
411,6,0,6,19,11835720,3610,0,0,3284
412,5,0,8,17,11847120,3610,0,0,3289
413,5,0,6,19,11870880,3610,0,0,3294
414,4,0,5,20,11890740,3610,0,0,3298
415,3,0,3,22,11912160,3611,0,0,3301
416,9,0,7,18,11922600,3609,0,0,3310
417,12,0,11,14,11945220,3607,0,0,3322
418,6,0,8,17,11970420,3605,0,0,3328
419,14,0,17,8,11996580,3607,0,0,3342
420,11,0,9,16,12068880,3609,0,0,3353
421,8,0,7,18,12106980,3609,0,0,3361
422,10,0,10,15,12128400,3608,0,0,3371
423,10,0,11,14,12156960,3607,0,0,3381
424,9,0,11,14,12190500,3607,0,0,3390
425,8,0,8,17,12243720,3611,0,0,3398
426,8,0,7,18,12274080,3611,0,0,3406
427,7,0,7,18,12287400,3607,0,0,3413
428,7,0,3,22,12319440,3605,0,0,3420
429,8,0,4,21,12336360,3602,0,0,3428
430,3,0,5,20,12340740,3602,0,0,3431
431,4,0,3,22,12365040,3602,0,0,3435
432,1,0,2,23,12371160,3602,0,0,3436
433,5,0,4,21,12377820,3601,0,0,3441
434,7,0,8,17,12393900,3602,0,0,3448
435,9,0,6,19,12423960,3600,0,0,3457
436,6,0,7,18,12440340,3599,0,0,3463
437,7,0,11,14,12447480,3598,0,0,3470
438,5,0,7,18,12490560,3601,0,0,3475
439,8,0,8,17,12520800,3603,0,0,3483
440,7,0,9,16,12547260,3604,0,0,3490
441,8,0,7,18,12580200,3603,0,0,3498
442,15,0,14,11,12605820,3602,0,0,3513
443,13,0,13,12,12658680,3603,0,0,3526
444,15,0,12,13,12706740,3600,0,0,3541
445,18,0,19,6,12732600,3596,0,0,3559
446,16,0,18,7,12778080,3592,0,0,3575
447,9,0,12,13,12860340,3600,0,0,3584
448,5,0,4,21,12915240,3602,0,0,3589
449,7,0,9,16,12929700,3604,0,0,3596
450,11,0,9,16,12951720,3599,0,0,3607
451,9,0,10,15,12966900,3595,0,0,3616
452,5,0,5,20,13026660,3602,0,0,3621
453,14,0,11,14,13045020,3599,0,0,3635
454,4,0,4,21,13081320,3598,0,0,3639
455,11,0,5,20,13100040,3593,0,0,3650
456,5,0,6,19,13115820,3594,0,0,3655
457,2,0,5,20,13130400,3595,0,0,3657
458,5,0,4,21,13164720,3598,0,0,3662
459,4,0,6,19,13170900,3598,0,0,3666
460,9,0,9,16,13190460,3598,0,0,3675
461,6,0,9,16,13209180,3597,0,0,3681
462,11,0,9,16,13258680,3599,0,0,3692
463,3,0,5,20,13284180,3600,0,0,3695
464,7,0,7,18,13299000,3599,0,0,3702
465,6,0,5,20,13333380,3600,0,0,3708
466,11,0,7,18,13360440,3599,0,0,3719
467,13,0,13,12,13378860,3597,0,0,3732
468,5,0,4,21,13421460,3595,0,0,3737
469,11,0,7,18,13443660,3593,0,0,3748
470,4,0,4,21,13461180,3591,0,0,3752
471,14,0,10,15,13483020,3589,0,0,3766
472,5,0,10,15,13500480,3589,0,0,3771
473,9,0,6,19,13553100,3591,0,0,3780
474,4,0,3,22,13574400,3590,0,0,3784
475,18,0,12,13,13599120,3588,0,0,3802
476,7,0,9,16,13639440,3589,0,0,3809
477,9,0,7,18,13675440,3588,0,0,3818
478,6,0,8,17,13701720,3590,0,0,3824
479,4,0,5,20,13733040,3592,0,0,3828
480,4,0,5,20,13748820,3592,0,0,3832
481,6,0,5,20,13774380,3593,0,0,3838
482,3,0,3,22,13793400,3593,0,0,3841
483,7,0,8,17,13805280,3595,0,0,3848
484,4,0,8,17,13818900,3594,0,0,3852
485,10,0,11,14,13848120,3595,0,0,3862
486,5,0,8,17,13890480,3599,0,0,3867
487,7,0,3,22,13932240,3599,0,0,3874
488,4,0,3,22,13942380,3598,0,0,3878
489,8,0,5,20,13952880,3595,0,0,3886
490,9,0,9,16,13974840,3596,0,0,3895
491,7,0,12,13,13986840,3595,0,0,3902
492,2,0,4,21,14031180,3597,0,0,3904
493,11,0,8,17,14049360,3595,0,0,3915
494,8,0,12,13,14068200,3597,0,0,3923
495,13,0,18,7,14098620,3598,0,0,3936
496,15,0,18,7,14163360,3601,0,0,3951
497,4,0,9,16,14212020,3601,0,0,3955
498,4,0,5,20,14248620,3603,0,0,3959
499,6,0,6,19,14275080,3605,0,0,3965
500,4,0,6,19,14288280,3605,0,0,3969
501,14,0,11,14,14320020,3605,0,0,3983
502,5,0,7,18,14346900,3603,0,0,3988
503,6,0,6,19,14382960,3606,0,0,3994
504,3,0,3,22,14402280,3605,0,0,3997
505,3,0,3,22,14410200,3605,0,0,4000
506,10,0,9,16,14416620,3603,0,0,4010
507,1,0,1,24,14461740,3606,0,0,4011
508,8,0,5,20,14466720,3604,0,0,4019
509,12,0,9,16,14482260,3600,0,0,4031
510,6,0,11,14,14500440,3601,0,0,4037
511,6,0,4,21,14546640,3601,0,0,4043
512,10,0,8,17,14561760,3599,0,0,4053
513,7,0,7,18,14590800,3600,0,0,4060
514,5,0,6,19,14609280,3599,0,0,4065
515,11,0,10,15,14631120,3598,0,0,4076
516,13,0,10,15,14666160,3595,0,0,4089
517,13,0,12,13,14693400,3592,0,0,4102
518,15,0,16,9,14725740,3590,0,0,4117
519,11,0,14,11,14776020,3591,0,0,4128
520,2,0,6,19,14840220,3598,0,0,4130
521,9,0,11,14,14865360,3601,0,0,4139
522,7,0,9,16,14884860,3597,0,0,4146
523,8,0,4,21,14947260,3601,0,0,4154
524,5,0,4,21,14958960,3600,0,0,4159
525,8,0,9,16,14964720,3599,0,0,4167
526,9,0,9,16,14998860,3599,0,0,4176
527,9,0,11,14,15022500,3599,0,0,4185
528,6,0,9,16,15066420,3602,0,0,4191
529,8,0,8,17,15095040,3601,0,0,4199
530,5,0,7,18,15131820,3605,0,0,4204
531,12,0,13,12,15153840,3605,0,0,4216
532,3,0,4,21,15204060,3607,0,0,4219
533,6,0,5,20,15221400,3606,0,0,4225
534,5,0,6,19,15239760,3607,0,0,4230
535,5,0,7,18,15257340,3608,0,0,4235
536,6,0,8,17,15289980,3612,0,0,4241
537,13,0,15,10,15303420,3610,0,0,4254
538,8,0,17,8,15327660,3610,0,0,4262
539,13,0,16,9,15400260,3615,0,0,4275
540,18,0,19,6,15454020,3615,0,0,4293
541,10,0,11,14,15524580,3617,0,0,4303
542,11,0,9,16,15572880,3617,0,0,4314
543,11,0,11,14,15596520,3615,0,0,4325
544,14,0,15,10,15625680,3613,0,0,4339
545,10,0,12,13,15670440,3613,0,0,4349
546,10,0,10,15,15720540,3614,0,0,4359
547,12,0,14,11,15742980,3613,0,0,4371
548,5,0,9,16,15783120,3614,0,0,4376
549,8,0,10,15,15810900,3614,0,0,4384
550,8,0,7,18,15863580,3617,0,0,4392
551,7,0,4,21,15897540,3617,0,0,4399
552,8,0,8,17,15911580,3617,0,0,4407
553,7,0,7,18,15945180,3618,0,0,4414
554,2,0,4,21,15959400,3617,0,0,4416
555,5,0,4,21,15972000,3616,0,0,4421
556,7,0,5,20,15988080,3614,0,0,4428
557,3,0,4,21,15999360,3614,0,0,4431
558,7,0,7,18,16008480,3612,0,0,4438
559,9,0,9,16,16032300,3612,0,0,4447
560,12,0,13,12,16049280,3609,0,0,4459
561,6,0,8,17,16090380,3610,0,0,4465
562,16,0,14,11,16129560,3610,0,0,4481
563,4,0,5,20,16171740,3609,0,0,4485
564,5,0,7,18,16188900,3611,0,0,4490
565,14,0,10,15,16226580,3610,0,0,4504
566,12,0,13,12,16253160,3609,0,0,4516
567,13,0,12,13,16301820,3608,0,0,4529
568,12,0,13,12,16339440,3608,0,0,4541
569,10,0,10,15,16403040,3612,0,0,4551
570,11,0,11,14,16452840,3615,0,0,4562
571,12,0,10,15,16489020,3612,0,0,4574
572,12,0,11,14,16519740,3610,0,0,4586
573,5,0,5,20,16565520,3612,0,0,4591
574,4,0,7,18,16571280,3611,0,0,4595
575,7,0,7,18,16608480,3614,0,0,4602
576,4,0,2,23,16641540,3614,0,0,4606
577,1,0,0,25,16651620,3614,0,0,4607
578,2,0,1,24,16652520,3613,0,0,4609
579,4,0,3,22,16657200,3613,0,0,4613
580,4,0,6,19,16661520,3613,0,0,4617
581,8,0,6,19,16680540,3611,0,0,4625
582,10,0,9,16,16707000,3611,0,0,4635
583,6,0,11,14,16726380,3612,0,0,4641
584,12,0,7,18,16781580,3612,0,0,4653
585,14,0,15,10,16789080,3609,0,0,4667
586,10,0,14,11,16847340,3612,0,0,4677
587,11,0,12,13,16902900,3614,0,0,4688
588,10,0,8,17,16943940,3612,0,0,4698
589,12,0,13,12,16960440,3610,0,0,4710
590,7,0,9,16,17003040,3611,0,0,4717
591,7,0,7,18,17046780,3613,0,0,4724
592,13,0,9,16,17075400,3611,0,0,4737
593,10,0,9,16,17095980,3608,0,0,4747
594,7,0,6,19,17128260,3607,0,0,4754
595,10,0,11,14,17144520,3607,0,0,4764
596,12,0,10,15,17192040,3607,0,0,4776
597,11,0,12,13,17223000,3606,0,0,4787
598,3,0,6,19,17271960,3610,0,0,4790
599,9,0,10,15,17296200,3611,0,0,4799
600,3,0,8,17,17311620,3611,0,0,4802
601,5,0,2,23,17362560,3613,0,0,4807
602,4,0,3,22,17369040,3612,0,0,4811
603,3,0,5,20,17369820,3611,0,0,4814
604,2,0,5,20,17380620,3612,0,0,4816
605,3,0,4,21,17405640,3614,0,0,4819
606,7,0,6,19,17414100,3612,0,0,4826
607,5,0,6,19,17440680,3614,0,0,4831
608,5,0,6,19,17459580,3614,0,0,4836
609,9,0,6,19,17487180,3613,0,0,4845
610,8,0,8,17,17500920,3612,0,0,4853
611,7,0,6,19,17524620,3610,0,0,4860
612,18,0,16,9,17545140,3608,0,0,4878
613,4,0,10,15,17578380,3608,0,0,4882
614,13,0,7,18,17645640,3609,0,0,4895
615,13,0,12,13,17668020,3608,0,0,4908
616,7,0,7,18,17720280,3610,0,0,4915
617,12,0,13,12,17733960,3608,0,0,4927
618,9,0,7,18,17785080,3608,0,0,4936
619,9,0,7,18,17809380,3606,0,0,4945
620,10,0,11,14,17835120,3607,0,0,4955
621,4,0,6,19,17884020,3610,0,0,4959
622,9,0,9,16,17908200,3611,0,0,4968
623,6,0,7,18,17938620,3611,0,0,4974
624,4,0,1,24,17981820,3612,0,0,4978
625,5,0,5,20,17984220,3612,0,0,4983
626,4,0,3,22,18003360,3612,0,0,4987
627,9,0,6,19,18014220,3610,0,0,4996
628,3,0,2,23,18038100,3609,0,0,4999
629,8,0,5,20,18050640,3608,0,0,5007
630,7,0,5,20,18070500,3607,0,0,5014
631,11,0,11,14,18089760,3607,0,0,5025
632,12,0,8,17,18131460,3605,0,0,5037
633,4,0,6,19,18151800,3605,0,0,5041
634,13,0,8,17,18188640,3604,0,0,5054
635,7,0,10,15,18205140,3604,0,0,5061
636,13,0,13,12,18242640,3604,0,0,5074
637,2,0,7,18,18270000,3604,0,0,5076
638,13,0,12,13,18306120,3605,0,0,5089
639,9,0,8,17,18364860,3608,0,0,5098
640,5,0,4,21,18393240,3607,0,0,5103
641,3,0,5,20,18401700,3607,0,0,5106
642,8,0,7,18,18432720,3609,0,0,5114
643,5,0,8,17,18438360,3607,0,0,5119
644,8,0,12,13,18463140,3609,0,0,5127
645,6,0,4,21,18526260,3612,0,0,5133
646,5,0,4,21,18542520,3611,0,0,5138
647,6,0,3,22,18561420,3610,0,0,5144
648,4,0,5,20,18565200,3609,0,0,5148
649,7,0,5,20,18585840,3608,0,0,5155
650,7,0,8,17,18597960,3608,0,0,5162
651,5,0,3,22,18638820,3609,0,0,5167
652,5,0,2,23,18653640,3608,0,0,5172
653,2,0,4,21,18653640,3608,0,0,5174
654,3,0,2,23,18676560,3608,0,0,5177
655,2,0,4,21,18676560,3608,0,0,5179
656,11,0,6,19,18700560,3607,0,0,5190
657,10,0,8,17,18712560,3604,0,0,5200
658,5,0,7,18,18730680,3603,0,0,5205
659,9,0,8,17,18767460,3604,0,0,5214
660,11,0,9,16,18798660,3604,0,0,5225
661,16,0,14,11,18836400,3603,0,0,5241
662,7,0,10,15,18867480,3602,0,0,5248
663,12,0,14,11,18897240,3602,0,0,5260
664,15,0,14,11,18950100,3601,0,0,5275
665,14,0,11,14,19017360,3603,0,0,5289
666,12,0,10,15,19042740,3599,0,0,5301
667,9,0,11,14,19076520,3600,0,0,5310
668,8,0,11,14,19100160,3599,0,0,5318
669,9,0,5,20,19146780,3597,0,0,5327
670,7,0,3,22,19171320,3596,0,0,5334
671,4,0,5,20,19175100,3595,0,0,5338
672,4,0,4,21,19199460,3596,0,0,5342
673,5,0,5,20,19203540,3594,0,0,5347
674,7,0,10,15,19209780,3594,0,0,5354
675,5,0,8,17,19223940,3592,0,0,5359
676,6,0,9,16,19237500,3591,0,0,5365
677,8,0,12,13,19266420,3593,0,0,5373
678,14,0,16,9,19286220,3590,0,0,5387
679,11,0,17,8,19324200,3591,0,0,5398
680,13,0,22,3,19365720,3593,0,0,5411
681,10,0,14,11,19450560,3597,0,0,5421
682,12,0,15,10,19493640,3597,0,0,5433
683,14,0,15,10,19551600,3599,0,0,5447
684,3,0,10,15,19585740,3600,0,0,5450
685,11,0,13,12,19623900,3602,0,0,5461
686,8,0,11,14,19650900,3600,0,0,5469
687,12,0,16,9,19676400,3600,0,0,5481
688,9,0,14,11,19722660,3601,0,0,5490
689,9,0,13,12,19762500,3602,0,0,5499
690,10,0,15,10,19791300,3602,0,0,5509
691,10,0,19,6,19821360,3603,0,0,5519
692,4,0,10,15,19892640,3608,0,0,5523
693,4,0,9,16,19917240,3609,0,0,5527
694,6,0,8,17,19951020,3611,0,0,5533
695,6,0,6,19,19968480,3608,0,0,5539
696,6,0,10,15,19975680,3608,0,0,5545
697,4,0,9,16,19987860,3607,0,0,5549
698,7,0,7,18,20014500,3606,0,0,5556
699,4,0,7,18,20029860,3607,0,0,5560
700,9,0,11,14,20039580,3605,0,0,5569
701,9,0,13,12,20065740,3605,0,0,5578
702,10,0,11,14,20096760,3603,0,0,5588
703,9,0,13,12,20106540,3600,0,0,5597
704,12,0,15,10,20142780,3600,0,0,5609
705,14,0,18,7,20184840,3601,0,0,5623
706,7,0,8,17,20243160,3600,0,0,5630
707,12,0,11,14,20270100,3599,0,0,5642
708,11,0,16,9,20286300,3598,0,0,5653
709,14,0,16,9,20331120,3597,0,0,5667
710,8,0,11,14,20376120,3597,0,0,5675
711,10,0,12,13,20407500,3597,0,0,5685
712,11,0,14,11,20437560,3596,0,0,5696
713,7,0,12,13,20472180,3597,0,0,5703
714,7,0,9,16,20511840,3597,0,0,5710
715,13,0,11,14,20535240,3595,0,0,5723
716,8,0,13,12,20556360,3595,0,0,5731
717,3,0,9,16,20582220,3595,0,0,5734
718,5,0,6,19,20616000,3596,0,0,5739
719,5,0,7,18,20628600,3595,0,0,5744
720,6,0,8,17,20637840,3594,0,0,5750
721,5,0,9,16,20650080,3593,0,0,5755
722,3,0,6,19,20671560,3593,0,0,5758
723,6,0,10,15,20675760,3593,0,0,5764
724,11,0,12,13,20712420,3594,0,0,5775
725,7,0,10,15,20736600,3592,0,0,5782
726,7,0,9,16,20771700,3593,0,0,5789
727,8,0,11,14,20785680,3592,0,0,5797
728,6,0,10,15,20822220,3594,0,0,5803
729,15,0,12,13,20855760,3592,0,0,5818
730,6,0,9,16,20886420,3591,0,0,5824
731,10,0,11,14,20899860,3589,0,0,5834
732,9,0,10,15,20938140,3589,0,0,5843
733,8,0,8,17,20962020,3587,0,0,5851
734,6,0,10,15,20970900,3586,0,0,5857
735,5,0,7,18,21015000,3589,0,0,5862
736,2,0,6,19,21019680,3588,0,0,5864
737,11,0,13,12,21028920,3587,0,0,5875
738,9,0,8,17,21070260,3585,0,0,5884
739,9,0,10,15,21096600,3586,0,0,5893
740,10,0,12,13,21122160,3585,0,0,5903
741,9,0,12,13,21151680,3585,0,0,5912
742,13,0,15,10,21187080,3584,0,0,5925
743,6,0,11,14,21225120,3585,0,0,5931
744,8,0,8,17,21270540,3586,0,0,5939
745,1,0,4,21,21292260,3586,0,0,5940
746,5,0,7,18,21294000,3586,0,0,5945
747,4,0,4,21,21310920,3584,0,0,5949
748,6,0,8,17,21312720,3583,0,0,5955
749,11,0,15,10,21321780,3582,0,0,5966
750,5,0,11,14,21351060,3582,0,0,5971
751,5,0,8,17,21400980,3585,0,0,5976
752,6,0,8,17,21414360,3584,0,0,5982
753,8,0,11,14,21423780,3583,0,0,5990
754,16,0,16,9,21461580,3582,0,0,6006
755,12,0,16,9,21492600,3580,0,0,6018
756,6,0,12,13,21532020,3581,0,0,6024
757,14,0,17,8,21567720,3582,0,0,6038
758,12,0,17,8,21625320,3584,0,0,6050
759,15,0,20,5,21659880,3583,0,0,6065
760,9,0,13,12,21729780,3585,0,0,6074
761,10,0,12,13,21766680,3584,0,0,6084
762,6,0,7,18,21812760,3585,0,0,6090
763,5,0,9,16,21823380,3585,0,0,6095
764,11,0,17,8,21839100,3586,0,0,6106
765,4,0,8,17,21889080,3587,0,0,6110
766,7,0,12,13,21902700,3587,0,0,6117
767,3,0,8,17,21932760,3588,0,0,6120
768,5,0,7,18,21949260,3587,0,0,6125
769,4,0,7,18,21969120,3588,0,0,6129
770,5,0,10,15,21973140,3588,0,0,6134
771,9,0,13,12,22000260,3588,0,0,6143
772,1,0,5,20,22045620,3591,0,0,6144
773,6,0,8,17,22059180,3591,0,0,6150
774,7,0,9,16,22067940,3589,0,0,6157
775,7,0,9,16,22095960,3589,0,0,6164
776,14,0,14,11,22112460,3587,0,0,6178
777,8,0,14,11,22141800,3587,0,0,6186
778,9,0,9,16,22205220,3589,0,0,6195
779,12,0,14,11,22227360,3589,0,0,6207
780,18,0,20,5,22256400,3586,0,0,6225
781,14,0,19,6,22319160,3588,0,0,6239
782,8,0,15,10,22375080,3590,0,0,6247
783,8,0,12,13,22418880,3591,0,0,6255
784,9,0,7,18,22468080,3590,0,0,6264
785,10,0,13,12,22475760,3589,0,0,6274
786,9,0,13,12,22509900,3590,0,0,6283
787,5,0,9,16,22546080,3590,0,0,6288
788,7,0,9,16,22573020,3590,0,0,6295
789,6,0,9,16,22592700,3590,0,0,6301
790,10,0,13,12,22618740,3591,0,0,6311
791,9,0,12,13,22649400,3590,0,0,6320
792,5,0,13,12,22670700,3591,0,0,6325
793,5,0,7,18,22720140,3593,0,0,6330
794,7,0,12,13,22731840,3593,0,0,6337
795,7,0,14,11,22754520,3594,0,0,6344
796,10,0,13,12,22800480,3595,0,0,6354
797,7,0,12,13,22845180,3598,0,0,6361
798,8,0,13,12,22871400,3598,0,0,6369
799,7,0,11,14,22900140,3597,0,0,6376
800,4,0,8,17,22930560,3598,0,0,6380
801,10,0,12,13,22947300,3597,0,0,6390
802,5,0,10,15,22972260,3597,0,0,6395
803,14,0,17,8,22989960,3596,0,0,6409
804,11,0,16,9,23021820,3594,0,0,6420
805,14,0,20,5,23068800,3596,0,0,6434
806,9,0,15,10,23120460,3596,0,0,6443
807,10,0,14,11,23161320,3597,0,0,6453
808,11,0,11,14,23205300,3596,0,0,6464
809,8,0,11,14,23230500,3595,0,0,6472
810,10,0,12,13,23265420,3595,0,0,6482
811,9,0,13,12,23290320,3595,0,0,6491
812,5,0,9,16,23333700,3596,0,0,6496
813,9,0,8,17,23355720,3594,0,0,6505
814,4,0,8,17,23369280,3594,0,0,6509
815,7,0,11,14,23390820,3595,0,0,6516
816,5,0,9,16,23413980,3595,0,0,6521
817,5,0,10,15,23435220,3596,0,0,6526
818,5,0,8,17,23456880,3596,0,0,6531
819,8,0,10,15,23486640,3597,0,0,6539
820,6,0,9,16,23501880,3595,0,0,6545
821,8,0,11,14,23523000,3595,0,0,6553
822,9,0,12,13,23557800,3596,0,0,6562
823,6,0,13,12,23595720,3599,0,0,6568
824,11,0,18,7,23624160,3600,0,0,6579
825,8,0,16,9,23671620,3602,0,0,6587
826,8,0,11,14,23726460,3603,0,0,6595
827,10,0,14,11,23772900,3606,0,0,6605
828,11,0,15,10,23794620,3604,0,0,6616
829,14,0,21,4,23832900,3606,0,0,6630
830,7,0,14,11,23901540,3608,0,0,6637
831,10,0,14,11,23956260,3611,0,0,6647
832,13,0,18,7,23984520,3611,0,0,6660
833,15,0,16,9,24036660,3609,0,0,6675
834,15,0,21,4,24083640,3611,0,0,6690
835,7,0,13,12,24142680,3612,0,0,6697
836,2,0,6,19,24184980,3613,0,0,6699
837,9,0,9,16,24205140,3613,0,0,6708
838,5,0,8,17,24219780,3612,0,0,6713
839,11,0,10,15,24251520,3612,0,0,6724
840,4,0,8,17,24271560,3611,0,0,6728
841,3,0,7,18,24283560,3611,0,0,6731
842,6,0,10,15,24292800,3611,0,0,6737
843,4,0,8,17,24319680,3612,0,0,6741
844,9,0,12,13,24335520,3611,0,0,6750
845,7,0,9,16,24366300,3610,0,0,6757
846,3,0,7,18,24385500,3611,0,0,6760
847,10,0,10,15,24406740,3610,0,0,6770
848,17,0,15,10,24434220,3608,0,0,6787
849,10,0,13,12,24488640,3609,0,0,6797
850,12,0,13,12,24530340,3609,0,0,6809
851,8,0,13,12,24556320,3609,0,0,6817
852,9,0,12,13,24591000,3608,0,0,6826
853,7,0,13,12,24620640,3610,0,0,6833
854,7,0,11,14,24656520,3610,0,0,6840
855,4,0,8,17,24682920,3610,0,0,6844
856,12,0,13,12,24713340,3611,0,0,6856
857,10,0,16,9,24733800,3610,0,0,6866
858,5,0,10,15,24781560,3611,0,0,6871
859,7,0,11,14,24812880,3613,0,0,6878
860,7,0,13,12,24836400,3614,0,0,6885
861,9,0,9,16,24877080,3613,0,0,6894
862,4,0,8,17,24898500,3613,0,0,6898
863,3,0,6,19,24913380,3613,0,0,6901
864,5,0,7,18,24931860,3613,0,0,6906
865,7,0,11,14,24940440,3613,0,0,6913
866,3,0,12,13,24946500,3613,0,0,6916
867,4,0,7,18,24999240,3616,0,0,6920
868,3,0,8,17,25016220,3617,0,0,6923
869,9,0,10,15,25042980,3617,0,0,6932
870,7,0,11,14,25062600,3617,0,0,6939
871,14,0,17,8,25081560,3616,0,0,6953
872,6,0,14,11,25115280,3616,0,0,6959
873,5,0,8,17,25171080,3618,0,0,6964
874,7,0,10,15,25191000,3618,0,0,6971
875,8,0,11,14,25212300,3618,0,0,6979
876,13,0,15,10,25237800,3617,0,0,6992
877,7,0,14,11,25270740,3617,0,0,6999
878,14,0,19,6,25310940,3618,0,0,7013
879,13,0,17,8,25369680,3619,0,0,7026
880,5,0,11,14,25420860,3621,0,0,7031
881,6,0,11,14,25447980,3621,0,0,7037
882,11,0,9,16,25493580,3621,0,0,7048
883,8,0,8,17,25517640,3620,0,0,7056
884,7,0,9,16,25531920,3619,0,0,7063
885,3,0,8,17,25546920,3619,0,0,7066
886,6,0,8,17,25570680,3619,0,0,7072
887,7,0,12,13,25580220,3619,0,0,7079
888,4,0,10,15,25603080,3619,0,0,7083
889,10,0,15,10,25623420,3620,0,0,7093
890,11,0,16,9,25663560,3620,0,0,7104
891,9,0,15,10,25707180,3621,0,0,7113
892,8,0,7,18,25764180,3621,0,0,7121
893,6,0,10,15,25782420,3622,0,0,7127
894,4,0,8,17,25804800,3622,0,0,7131
895,9,0,10,15,25826160,3622,0,0,7140
896,13,0,17,8,25847280,3622,0,0,7153
897,10,0,13,12,25898160,3622,0,0,7163
898,16,0,12,13,25939800,3619,0,0,7179
899,15,0,15,10,25969440,3617,0,0,7194
900,13,0,19,6,26001660,3617,0,0,7207
901,11,0,16,9,26048220,3616,0,0,7218
902,11,0,17,8,26087100,3617,0,0,7229
903,9,0,11,14,26147580,3618,0,0,7238
904,11,0,15,10,26170920,3617,0,0,7249
905,11,0,13,12,26211840,3616,0,0,7260
906,10,0,13,12,26242620,3616,0,0,7270
907,9,0,12,13,26278680,3616,0,0,7279
908,3,0,8,17,26314260,3617,0,0,7282
909,5,0,7,18,26337780,3617,0,0,7287
910,8,0,9,16,26352240,3616,0,0,7295
911,8,0,14,11,26367240,3617,0,0,7303
912,7,0,9,16,26415840,3618,0,0,7310
913,3,0,8,17,26435400,3618,0,0,7313
914,5,0,7,18,26459820,3619,0,0,7318
915,9,0,12,13,26474040,3619,0,0,7327
916,9,0,15,10,26482260,3617,0,0,7336
917,5,0,12,13,26517600,3618,0,0,7341
918,8,0,10,15,26565300,3619,0,0,7349
919,10,0,11,14,26593920,3619,0,0,7359
920,5,0,6,19,26626440,3618,0,0,7364
921,11,0,11,14,26638020,3617,0,0,7375
922,6,0,6,19,26667960,3615,0,0,7381
923,7,0,11,14,26677260,3616,0,0,7388
924,17,0,18,7,26705880,3615,0,0,7405
925,12,0,21,4,26738640,3615,0,0,7417
926,7,0,12,13,26806020,3616,0,0,7424
927,9,0,14,11,26837460,3617,0,0,7433
928,8,0,17,8,26860440,3618,0,0,7441
929,8,0,12,13,26900640,3617,0,0,7449
930,9,0,10,15,26965140,3620,0,0,7458
931,6,0,11,14,26983680,3620,0,0,7464
932,7,0,10,15,27010620,3620,0,0,7471
933,7,0,8,17,27044040,3620,0,0,7478
934,9,0,12,13,27059100,3619,0,0,7487
935,3,0,6,19,27099780,3621,0,0,7490
936,11,0,11,14,27117000,3620,0,0,7501
937,3,0,8,17,27136620,3620,0,0,7504
938,9,0,11,14,27165720,3621,0,0,7513
939,6,0,12,13,27178980,3620,0,0,7519
940,6,0,13,12,27216780,3623,0,0,7525
941,3,0,7,18,27256080,3623,0,0,7528
942,6,0,8,17,27278880,3624,0,0,7534
943,6,0,9,16,27294720,3624,0,0,7540
944,14,0,13,12,27324660,3623,0,0,7554
945,11,0,11,14,27360660,3622,0,0,7565
946,13,0,12,13,27399120,3621,0,0,7578
947,11,0,12,13,27431880,3620,0,0,7589
948,13,0,15,10,27459300,3619,0,0,7602
949,13,0,14,11,27507120,3618,0,0,7615
950,7,0,11,14,27548400,3619,0,0,7622
951,15,0,13,12,27581100,3617,0,0,7637
952,11,0,16,9,27606840,3617,0,0,7648
953,18,0,21,4,27651360,3616,0,0,7666
954,7,0,10,15,27729240,3618,0,0,7673
955,8,0,14,11,27748620,3619,0,0,7681
956,7,0,13,12,27782100,3619,0,0,7688
957,4,0,11,14,27820260,3621,0,0,7692
958,11,0,11,14,27866520,3622,0,0,7703
959,10,0,13,12,27885840,3621,0,0,7713
960,3,0,8,17,27917940,3621,0,0,7716
961,4,0,6,19,27948960,3623,0,0,7720
962,3,0,7,18,27954420,3622,0,0,7723
963,7,0,7,18,27972960,3622,0,0,7730
964,8,0,8,17,27998700,3622,0,0,7738
965,8,0,12,13,28013940,3622,0,0,7746
966,6,0,7,18,28045860,3621,0,0,7752
967,7,0,9,16,28060080,3620,0,0,7759
968,5,0,9,16,28077360,3620,0,0,7764
969,16,0,18,7,28104180,3620,0,0,7780
970,12,0,17,8,28132560,3618,0,0,7792
971,7,0,11,14,28199280,3620,0,0,7799
972,15,0,12,13,28243560,3620,0,0,7814
973,15,0,22,3,28253520,3618,0,0,7829
974,11,0,17,8,28314420,3619,0,0,7840
975,10,0,16,9,28361580,3620,0,0,7850
976,12,0,16,9,28412460,3621,0,0,7862
977,10,0,13,12,28458060,3621,0,0,7872
978,9,0,12,13,28495560,3621,0,0,7881
979,9,0,14,11,28519200,3621,0,0,7890
980,11,0,16,9,28558800,3621,0,0,7901
981,8,0,14,11,28592100,3621,0,0,7909
982,4,0,10,15,28640520,3624,0,0,7913
983,4,0,7,18,28674780,3625,0,0,7917
984,1,0,4,21,28692180,3625,0,0,7918
985,3,0,7,18,28692180,3625,0,0,7921
986,3,0,7,18,28704480,3625,0,0,7924
987,4,0,8,17,28710240,3625,0,0,7928
988,7,0,6,19,28735980,3624,0,0,7935
989,11,0,12,13,28742880,3622,0,0,7946
990,6,0,13,12,28761780,3622,0,0,7952
991,6,0,8,17,28809180,3623,0,0,7958
992,8,0,12,13,28821960,3623,0,0,7966
993,9,0,13,12,28838040,3621,0,0,7975
994,9,0,14,11,28867020,3621,0,0,7984
995,16,0,17,8,28917480,3622,0,0,8000
996,10,0,14,11,28960620,3621,0,0,8010
997,9,0,13,12,29001420,3622,0,0,8019
998,9,0,13,12,29039340,3623,0,0,8028
999,15,0,14,11,29083980,3622,0,0,8043
1000,9,0,15,10,29106780,3621,0,0,8052
1001,13,0,16,9,29149020,3621,0,0,8065
1002,10,0,14,11,29187840,3620,0,0,8075
1003,8,0,11,14,29227500,3620,0,0,8083
1004,10,0,15,10,29251740,3621,0,0,8093
1005,6,0,16,9,29278440,3622,0,0,8099
1006,9,0,11,14,29345640,3624,0,0,8108
1007,6,0,10,15,29374560,3624,0,0,8114
1008,4,0,7,18,29408100,3625,0,0,8118
1009,3,0,4,21,29432220,3625,0,0,8121
1010,5,0,7,18,29434740,3625,0,0,8126
1011,4,0,8,17,29443920,3625,0,0,8130
1012,12,0,16,9,29461500,3625,0,0,8142
1013,4,0,11,14,29499000,3626,0,0,8146
1014,5,0,6,19,29553660,3628,0,0,8151
1015,9,0,11,14,29563380,3627,0,0,8160
1016,12,0,12,13,29588460,3626,0,0,8172
1017,14,0,13,12,29632200,3625,0,0,8186
1018,10,0,16,9,29655960,3625,0,0,8196
1019,7,0,12,13,29690700,3624,0,0,8203
1020,14,0,14,11,29732640,3624,0,0,8217
1021,5,0,7,18,29785080,3625,0,0,8222
1022,6,0,9,16,29796960,3625,0,0,8228
1023,15,0,17,8,29814180,3624,0,0,8243
1024,8,0,11,14,29856600,3623,0,0,8251
1025,4,0,8,17,29887800,3624,0,0,8255
1026,7,0,10,15,29905200,3623,0,0,8262
1027,4,0,8,17,29932200,3624,0,0,8266
1028,6,0,8,17,29964600,3625,0,0,8272
1029,6,0,12,13,29968140,3625,0,0,8278
1030,10,0,14,11,30002580,3626,0,0,8288
1031,4,0,8,17,30037860,3626,0,0,8292
1032,3,0,9,16,30043320,3625,0,0,8295
1033,8,0,14,11,30058020,3626,0,0,8303
1034,1,0,6,19,30100800,3627,0,0,8304
1035,12,0,13,12,30121560,3627,0,0,8316
1036,5,0,9,16,30146700,3626,0,0,8321
1037,8,0,10,15,30173880,3627,0,0,8329
1038,9,0,12,13,30191400,3626,0,0,8338
1039,6,0,10,15,30227820,3627,0,0,8344
1040,7,0,10,15,30262320,3628,0,0,8351
1041,12,0,14,11,30277860,3626,0,0,8363
1042,8,0,12,13,30308940,3625,0,0,8371
1043,8,0,9,16,30345360,3625,0,0,8379
1044,13,0,12,13,30370140,3624,0,0,8392
1045,13,0,13,12,30402180,3622,0,0,8405
1046,12,0,17,8,30429840,3622,0,0,8417
1047,9,0,14,11,30473580,3622,0,0,8426
1048,12,0,13,12,30518940,3622,0,0,8438
1049,9,0,11,14,30557040,3622,0,0,8447
1050,7,0,7,18,30587100,3621,0,0,8454
1051,7,0,9,16,30605160,3621,0,0,8461
1052,4,0,8,17,30625980,3621,0,0,8465
1053,6,0,11,14,30638400,3621,0,0,8471
1054,8,0,13,12,30661020,3621,0,0,8479
1055,10,0,17,8,30688080,3622,0,0,8489
1056,4,0,10,15,30739800,3623,0,0,8493
1057,8,0,11,14,30775380,3624,0,0,8501
1058,4,0,8,17,30804360,3625,0,0,8505
1059,5,0,10,15,30815580,3625,0,0,8510
1060,8,0,12,13,30847440,3626,0,0,8518
1061,5,0,13,12,30864180,3626,0,0,8523
1062,11,0,12,13,30927180,3629,0,0,8534
1063,7,0,13,12,30947760,3628,0,0,8541
1064,10,0,12,13,30984420,3628,0,0,8551
1065,8,0,11,14,31022580,3629,0,0,8559
1066,5,0,9,16,31049220,3629,0,0,8564
1067,12,0,13,12,31077180,3629,0,0,8576
1068,11,0,15,10,31097640,3627,0,0,8587
1069,12,0,13,12,31152180,3628,0,0,8599
1070,17,0,21,4,31186200,3628,0,0,8616
1071,6,0,13,12,31239240,3628,0,0,8622
1072,9,0,12,13,31271880,3628,0,0,8631
1073,9,0,8,17,31327200,3629,0,0,8640
1074,8,0,9,16,31345200,3628,0,0,8648
1075,10,0,13,12,31364760,3628,0,0,8658
1076,6,0,9,16,31401660,3628,0,0,8664
1077,4,0,8,17,31420380,3628,0,0,8668
1078,5,0,5,20,31442400,3627,0,0,8673
1079,5,0,7,18,31449600,3626,0,0,8678
1080,7,0,13,12,31450500,3626,0,0,8685
1081,7,0,10,15,31482240,3626,0,0,8692
1082,6,0,9,16,31517880,3627,0,0,8698
1083,4,0,8,17,31537200,3627,0,0,8702
1084,8,0,10,15,31557180,3627,0,0,8710
1085,5,0,9,16,31576260,3626,0,0,8715
1086,3,0,7,18,31597200,3627,0,0,8718
1087,9,0,11,14,31618200,3627,0,0,8727
1088,5,0,10,15,31638120,3627,0,0,8732
1089,10,0,11,14,31665780,3626,0,0,8742
1090,8,0,9,16,31708500,3627,0,0,8750
1091,11,0,15,10,31719120,3626,0,0,8761
1092,10,0,13,12,31762860,3626,0,0,8771
1093,12,0,16,9,31782360,3625,0,0,8783
1094,13,0,12,13,31842900,3625,0,0,8796
1095,11,0,17,8,31863360,3624,0,0,8807
1096,12,0,11,14,31925640,3624,0,0,8819
1097,9,0,12,13,31957260,3624,0,0,8828
1098,7,0,8,17,31998060,3625,0,0,8835
1099,11,0,12,13,32018220,3624,0,0,8846
1100,8,0,12,13,32039460,3623,0,0,8854
1101,5,0,11,14,32073780,3624,0,0,8859
1102,4,0,9,16,32096520,3625,0,0,8863
1103,4,0,8,17,32129040,3626,0,0,8867
1104,7,0,7,18,32155380,3626,0,0,8874
1105,4,0,5,20,32172360,3625,0,0,8878
1106,9,0,9,16,32180040,3624,0,0,8887
1107,4,0,7,18,32196780,3624,0,0,8891
1108,10,0,10,15,32217540,3623,0,0,8901
1109,5,0,9,16,32231940,3622,0,0,8906
1110,6,0,11,14,32247360,3622,0,0,8912
1111,10,0,9,16,32295540,3623,0,0,8922
1112,4,0,10,15,32303580,3623,0,0,8926
1113,5,0,8,17,32336520,3623,0,0,8931
1114,9,0,11,14,32359140,3624,0,0,8940
1115,12,0,11,14,32384220,3621,0,0,8952
1116,14,0,20,5,32397480,3621,0,0,8966
1117,11,0,8,17,32485200,3621,0,0,8977
1118,12,0,12,13,32500020,3620,0,0,8989
1119,10,0,9,16,32541540,3619,0,0,8999
1120,11,0,12,13,32560080,3618,0,0,9010
1121,11,0,14,11,32597340,3619,0,0,9021
1122,11,0,13,12,32637000,3618,0,0,9032
1123,3,0,6,19,32673600,3618,0,0,9035
1124,5,0,7,18,32687520,3618,0,0,9040
1125,6,0,8,17,32710260,3619,0,0,9046
1126,7,0,11,14,32724600,3619,0,0,9053
1127,3,0,7,18,32755680,3619,0,0,9056
1128,5,0,8,17,32772720,3620,0,0,9061
1129,5,0,8,17,32787840,3619,0,0,9066
1130,3,0,5,20,32814060,3620,0,0,9069
1131,4,0,7,18,32816940,3619,0,0,9073
1132,5,0,9,16,32830800,3620,0,0,9078
1133,4,0,6,19,32857680,3620,0,0,9082
1134,3,0,4,21,32868600,3619,0,0,9085
1135,7,0,8,17,32874000,3618,0,0,9092
1136,6,0,10,15,32885400,3618,0,0,9098
1137,4,0,7,18,32909220,3618,0,0,9102
1138,5,0,9,16,32928060,3619,0,0,9107
1139,9,0,11,14,32945160,3618,0,0,9116
1140,12,0,15,10,32963820,3617,0,0,9128
1141,9,0,11,14,33020460,3618,0,0,9137
1142,14,0,17,8,33047280,3618,0,0,9151
1143,7,0,12,13,33085680,3617,0,0,9158
1144,5,0,9,16,33125100,3618,0,0,9163
1145,11,0,12,13,33148620,3618,0,0,9174
1146,11,0,16,9,33172080,3617,0,0,9185
1147,10,0,16,9,33214260,3618,0,0,9195
1148,9,0,14,11,33264780,3619,0,0,9204
1149,9,0,10,15,33312300,3619,0,0,9213
1150,6,0,9,16,33346680,3620,0,0,9219
1151,9,0,14,11,33358800,3620,0,0,9228
1152,4,0,12,13,33380340,3620,0,0,9232
1153,4,0,8,17,33408900,3620,0,0,9236
1154,3,0,6,19,33441720,3621,0,0,9239
1155,2,0,5,20,33450780,3621,0,0,9241
1156,4,0,5,20,33458820,3621,0,0,9245
1157,6,0,8,17,33461940,3620,0,0,9251
1158,2,0,6,19,33486960,3621,0,0,9253
1159,7,0,7,18,33499740,3620,0,0,9260
1160,12,0,14,11,33512940,3619,0,0,9272
1161,16,0,17,8,33540240,3617,0,0,9288
1162,7,0,13,12,33579300,3617,0,0,9295
1163,13,0,15,10,33625680,3618,0,0,9308
1164,12,0,15,10,33668400,3618,0,0,9320
1165,10,0,14,11,33703620,3617,0,0,9330
1166,12,0,21,4,33730980,3618,0,0,9342
1167,8,0,13,12,33811080,3621,0,0,9350
1168,10,0,14,11,33845460,3621,0,0,9360
1169,7,0,9,16,33891720,3621,0,0,9367
1170,14,0,13,12,33922140,3621,0,0,9381
1171,7,0,11,14,33954240,3621,0,0,9388
1172,7,0,8,17,33987060,3620,0,0,9395
1173,8,0,8,17,34010760,3620,0,0,9403
1174,5,0,8,17,34024440,3619,0,0,9408
1175,6,0,8,17,34048320,3619,0,0,9414
1176,8,0,9,16,34068060,3619,0,0,9422
1177,7,0,9,16,34090740,3618,0,0,9429
1178,1,0,5,20,34112520,3619,0,0,9430
1179,9,0,11,14,34125960,3619,0,0,9439
1180,8,0,12,13,34144260,3618,0,0,9447
1181,8,0,11,14,34173840,3618,0,0,9455
1182,2,0,7,18,34208520,3619,0,0,9457
1183,5,0,8,17,34227660,3620,0,0,9462
1184,6,0,12,13,34233420,3620,0,0,9468
1185,5,0,11,14,34255980,3620,0,0,9473
1186,13,0,13,12,34299780,3620,0,0,9486
1187,12,0,15,10,34336080,3620,0,0,9498
1188,10,0,16,9,34369800,3620,0,0,9508
1189,12,0,12,13,34426380,3620,0,0,9520
1190,7,0,12,13,34446840,3620,0,0,9527
1191,12,0,16,9,34492440,3622,0,0,9539
1192,10,0,12,13,34537080,3621,0,0,9549
1193,7,0,10,15,34566900,3621,0,0,9556
1194,5,0,7,18,34599240,3621,0,0,9561
1195,10,0,12,13,34611600,3620,0,0,9571
1196,8,0,10,15,34647360,3620,0,0,9579
1197,7,0,11,14,34664340,3620,0,0,9586
1198,7,0,11,14,34698600,3621,0,0,9593
1199,4,0,10,15,34721160,3621,0,0,9597
1200,6,0,9,16,34756140,3622,0,0,9603
1201,6,0,8,17,34780380,3622,0,0,9609
1202,8,0,8,17,34813260,3622,0,0,9617
1203,4,0,6,19,34833480,3622,0,0,9621
1204,5,0,7,18,34840560,3622,0,0,9626
1205,10,0,13,12,34850400,3621,0,0,9636
1206,10,0,17,8,34872960,3621,0,0,9646
1207,6,0,15,10,34904940,3621,0,0,9652
1208,6,0,11,14,34966320,3624,0,0,9658
1209,11,0,10,15,35014500,3625,0,0,9669
1210,8,0,14,11,35026020,3624,0,0,9677
1211,10,0,12,13,35068200,3624,0,0,9687
1212,8,0,13,12,35099280,3625,0,0,9695
1213,13,0,16,9,35136780,3625,0,0,9708
1214,10,0,14,11,35178060,3625,0,0,9718
1215,11,0,11,14,35233620,3625,0,0,9729
1216,3,0,8,17,35257620,3625,0,0,9732
1217,11,0,9,16,35279700,3624,0,0,9743
1218,9,0,11,14,35291940,3623,0,0,9752
1219,8,0,12,13,35320500,3623,0,0,9760
1220,7,0,11,14,35349060,3623,0,0,9767
1221,10,0,15,10,35376240,3623,0,0,9777
1222,9,0,12,13,35427420,3624,0,0,9786
1223,6,0,10,15,35453280,3624,0,0,9792
1224,6,0,8,17,35488020,3624,0,0,9798
1225,5,0,10,15,35495640,3624,0,0,9803
1226,5,0,9,16,35519880,3624,0,0,9808
1227,4,0,8,17,35547540,3625,0,0,9812
1228,5,0,9,16,35561340,3625,0,0,9817
1229,4,0,8,17,35572200,3625,0,0,9821
1230,6,0,9,16,35593620,3625,0,0,9827
1231,6,0,9,16,35607060,3624,0,0,9833
1232,11,0,14,11,35620020,3623,0,0,9844
1233,12,0,15,10,35680620,3625,0,0,9856
1234,12,0,19,6,35713260,3626,0,0,9868
1235,15,0,17,8,35769660,3625,0,0,9883
1236,9,0,11,14,35828100,3625,0,0,9892
1237,7,0,6,19,35862240,3625,0,0,9899
1238,13,0,11,14,35875620,3623,0,0,9912
1239,12,0,15,10,35895420,3622,0,0,9924
1240,5,0,11,14,35934300,3623,0,0,9929
1241,7,0,9,16,35967180,3623,0,0,9936
1242,12,0,14,11,35979000,3621,0,0,9948
1243,7,0,11,14,36019500,3622,0,0,9955
1244,7,0,8,17,36052560,3621,0,0,9962
1245,5,0,8,17,36079740,3622,0,0,9967
1246,4,0,8,17,36086520,3622,0,0,9971
1247,7,0,6,19,36116280,3621,0,0,9978
1248,4,0,7,18,36125340,3621,0,0,9982
1249,2,0,5,20,36143820,3621,0,0,9984
1250,7,0,8,17,36153300,3621,0,0,9991
1251,9,0,12,13,36170820,3621,0,0,10000
1252,7,0,9,16,36207300,3621,0,0,10007
1253,5,0,8,17,36222480,3620,0,0,10012
1254,4,0,9,16,36241740,3621,0,0,10016
1255,4,0,7,18,36269100,3622,0,0,10020
1256,5,0,8,17,36281640,3622,0,0,10025
1257,12,0,13,12,36301440,3621,0,0,10037
1258,8,0,14,11,36317580,3620,0,0,10045
1259,15,0,19,6,36373500,3622,0,0,10060
1260,8,0,12,13,36416040,3621,0,0,10068
1261,12,0,14,11,36464160,3622,0,0,10080
1262,6,0,8,17,36492600,3621,0,0,10086
1263,16,0,14,11,36520020,3620,0,0,10102
1264,6,0,12,13,36548220,3620,0,0,10108
1265,9,0,13,12,36580860,3620,0,0,10117
1266,10,0,12,13,36622560,3620,0,0,10127
1267,7,0,10,15,36649200,3620,0,0,10134
1268,3,0,7,18,36671640,3620,0,0,10137
1269,8,0,11,14,36690180,3620,0,0,10145
1270,10,0,16,9,36709500,3620,0,0,10155
1271,11,0,17,8,36743220,3620,0,0,10166
1272,8,0,14,11,36776220,3619,0,0,10174
1273,5,0,8,17,36839940,3622,0,0,10179
1274,4,0,8,17,36864240,3623,0,0,10183
1275,4,0,7,18,36880080,3622,0,0,10187
1276,10,0,13,12,36893520,3622,0,0,10197
1277,8,0,17,8,36908040,3622,0,0,10205
1278,7,0,10,15,36970140,3623,0,0,10212
1279,14,0,13,12,37014300,3624,0,0,10226
1280,9,0,15,10,37035600,3623,0,0,10235
1281,6,0,10,15,37082460,3624,0,0,10241
1282,8,0,12,13,37111080,3625,0,0,10249
1283,8,0,8,17,37148160,3624,0,0,10257
1284,9,0,12,13,37162740,3624,0,0,10266
1285,5,0,8,17,37199640,3624,0,0,10271
1286,13,0,14,11,37226520,3624,0,0,10284
1287,11,0,13,12,37254780,3623,0,0,10295
1288,11,0,17,8,37277340,3623,0,0,10306
1289,8,0,12,13,37328640,3623,0,0,10314
1290,8,0,13,12,37364460,3624,0,0,10322
1291,8,0,10,15,37399800,3624,0,0,10330
1292,9,0,13,12,37420380,3623,0,0,10339
1293,8,0,12,13,37458420,3624,0,0,10347
1294,5,0,11,14,37482600,3624,0,0,10352
1295,3,0,9,16,37507500,3625,0,0,10355
1296,4,0,7,18,37538100,3626,0,0,10359
1297,2,0,5,20,37552620,3626,0,0,10361
1298,7,0,9,16,37561440,3625,0,0,10368
1299,5,0,9,16,37575360,3625,0,0,10373
1300,8,0,11,14,37589940,3624,0,0,10381
1301,9,0,11,14,37627980,3625,0,0,10390
1302,7,0,10,15,37646880,3624,0,0,10397
1303,8,0,12,13,37659780,3623,0,0,10405
1304,9,0,10,15,37700280,3623,0,0,10414
1305,14,0,13,12,37732980,3622,0,0,10428
1306,7,0,11,14,37763700,3622,0,0,10435
1307,14,0,17,8,37794360,3622,0,0,10449
1308,8,0,12,13,37839960,3622,0,0,10457
1309,14,0,17,8,37871040,3622,0,0,10471
1310,15,0,19,6,37905840,3621,0,0,10486
1311,11,0,15,10,37964820,3621,0,0,10497
1312,13,0,13,12,38020260,3622,0,0,10510
1313,10,0,13,12,38051460,3621,0,0,10520
1314,12,0,14,11,38090940,3621,0,0,10532
1315,12,0,15,10,38129040,3621,0,0,10544
1316,9,0,12,13,38171760,3621,0,0,10553
1317,7,0,13,12,38199720,3621,0,0,10560
1318,6,0,8,17,38252400,3623,0,0,10566
1319,6,0,10,15,38260920,3622,0,0,10572
1320,2,0,8,17,38281440,3623,0,0,10574
1321,8,0,9,16,38305500,3622,0,0,10582
1322,7,0,11,14,38327820,3623,0,0,10589
1323,5,0,8,17,38361420,3623,0,0,10594
1324,3,0,8,17,38377140,3624,0,0,10597
1325,8,0,5,20,38410080,3623,0,0,10605
1326,7,0,9,16,38414040,3622,0,0,10612
1327,8,0,14,11,38417580,3622,0,0,10620
1328,10,0,11,14,38463660,3622,0,0,10630
1329,13,0,13,12,38483220,3620,0,0,10643
1330,10,0,10,15,38522460,3619,0,0,10653
1331,11,0,13,12,38554140,3619,0,0,10664
1332,11,0,16,9,38581920,3619,0,0,10675
1333,15,0,19,6,38609040,3618,0,0,10690
1334,12,0,18,7,38673000,3619,0,0,10702
1335,13,0,20,5,38719560,3620,0,0,10715
1336,7,0,9,16,38794920,3621,0,0,10722
1337,16,0,16,9,38819580,3620,0,0,10738
1338,8,0,13,12,38850780,3619,0,0,10746
1339,6,0,10,15,38887500,3620,0,0,10752
1340,15,0,15,10,38909520,3618,0,0,10767
1341,5,0,8,17,38952480,3618,0,0,10772
1342,4,0,8,17,38970780,3619,0,0,10776
1343,1,0,4,21,38996400,3619,0,0,10777
1344,2,0,5,20,39004020,3620,0,0,10779
1345,8,0,10,15,39010380,3619,0,0,10787
1346,5,0,10,15,39023640,3619,0,0,10792
1347,7,0,9,16,39057960,3619,0,0,10799
1348,5,0,10,15,39069840,3619,0,0,10804
1349,4,0,9,16,39096960,3620,0,0,10808
1350,5,0,10,15,39109320,3620,0,0,10813
1351,4,0,7,18,39136440,3620,0,0,10817
1352,18,0,15,10,39152640,3618,0,0,10835
1353,9,0,13,12,39189660,3618,0,0,10844
1354,8,0,11,14,39222840,3618,0,0,10852
1355,15,0,17,8,39247800,3617,0,0,10867
1356,15,0,19,6,39290220,3616,0,0,10882
1357,5,0,15,10,39330960,3617,0,0,10887
1358,11,0,12,13,39390480,3618,0,0,10898
1359,11,0,12,13,39420300,3617,0,0,10909
1360,6,0,11,14,39446640,3617,0,0,10915
1361,9,0,14,11,39462420,3617,0,0,10924
1362,13,0,14,11,39500820,3616,0,0,10937
1363,5,0,10,15,39530460,3616,0,0,10942
1364,10,0,13,12,39555720,3616,0,0,10952
1365,6,0,10,15,39589920,3616,0,0,10958
1366,4,0,11,14,39604980,3616,0,0,10962
1367,7,0,11,14,39639780,3617,0,0,10969
1368,2,0,7,18,39655800,3616,0,0,10971
1369,4,0,8,17,39672900,3617,0,0,10975
1370,9,0,12,13,39686400,3617,0,0,10984
1371,8,0,14,11,39705780,3616,0,0,10992
1372,8,0,13,12,39744540,3617,0,0,11000
1373,7,0,13,12,39776040,3617,0,0,11007
1374,9,0,13,12,39819660,3618,0,0,11016
1375,8,0,12,13,39847320,3618,0,0,11024
1376,6,0,7,18,39874140,3617,0,0,11030
1377,8,0,10,15,39891900,3617,0,0,11038
1378,9,0,13,12,39905100,3616,0,0,11047
1379,18,0,20,5,39934980,3615,0,0,11065
1380,9,0,17,8,39978900,3615,0,0,11074
1381,9,0,13,12,40039740,3616,0,0,11083
1382,13,0,13,12,40085100,3616,0,0,11096
1383,12,0,13,12,40117620,3615,0,0,11108
1384,12,0,17,8,40148880,3616,0,0,11120
1385,11,0,13,12,40200660,3615,0,0,11131
1386,6,0,14,11,40224720,3616,0,0,11137
1387,5,0,8,17,40269000,3616,0,0,11142
1388,8,0,11,14,40294320,3617,0,0,11150
1389,7,0,10,15,40309860,3616,0,0,11157
1390,7,0,10,15,40342440,3616,0,0,11164
1391,3,0,9,16,40356780,3616,0,0,11167
1392,3,0,7,18,40381200,3617,0,0,11170
1393,6,0,8,17,40394880,3617,0,0,11176
1394,9,0,12,13,40402920,3616,0,0,11185
1395,7,0,10,15,40433640,3615,0,0,11192
1396,2,0,8,17,40445400,3615,0,0,11194
1397,2,0,4,21,40462320,3615,0,0,11196
1398,6,0,9,16,40464600,3615,0,0,11202
1399,10,0,13,12,40476000,3614,0,0,11212
1400,8,0,13,12,40502700,3614,0,0,11220
1401,16,0,18,7,40535160,3613,0,0,11236
1402,13,0,17,8,40594560,3614,0,0,11249
1403,5,0,12,13,40629900,3614,0,0,11254
1404,6,0,12,13,40660860,3614,0,0,11260
1405,10,0,16,9,40679640,3614,0,0,11270
1406,15,0,18,7,40728420,3614,0,0,11285
1407,12,0,18,7,40772580,3614,0,0,11297
1408,12,0,21,4,40817520,3616,0,0,11309
1409,11,0,17,8,40876920,3616,0,0,11320
1410,10,0,14,11,40922640,3616,0,0,11330
1411,9,0,13,12,40972200,3617,0,0,11339
1412,9,0,13,12,41000820,3617,0,0,11348
1413,9,0,6,19,41044440,3615,0,0,11357
1414,3,0,7,18,41055480,3616,0,0,11360
1415,5,0,10,15,41057280,3615,0,0,11365
1416,7,0,7,18,41085000,3615,0,0,11372
1417,6,0,8,17,41094720,3614,0,0,11378
1418,1,0,6,19,41113020,3614,0,0,11379
1419,5,0,10,15,41120460,3615,0,0,11384
1420,11,0,14,11,41133240,3614,0,0,11395
1421,8,0,12,13,41172960,3614,0,0,11403
1422,9,0,15,10,41197860,3614,0,0,11412
1423,11,0,16,9,41227260,3614,0,0,11423
1424,9,0,16,9,41265120,3614,0,0,11432
1425,6,0,14,11,41299200,3615,0,0,11438
1426,10,0,11,14,41357520,3616,0,0,11448
1427,10,0,12,13,41384280,3615,0,0,11458
1428,10,0,15,10,41419200,3616,0,0,11468
1429,10,0,19,6,41444160,3616,0,0,11478
1430,9,0,13,12,41516820,3618,0,0,11487
1431,14,0,15,10,41556600,3618,0,0,11501
1432,9,0,13,12,41596200,3618,0,0,11510
1433,8,0,13,12,41628780,3618,0,0,11518
1434,9,0,14,11,41668320,3619,0,0,11527
1435,7,0,13,12,41696880,3619,0,0,11534
1436,8,0,16,9,41720880,3619,0,0,11542
1437,4,0,8,17,41763900,3619,0,0,11546
1438,6,0,9,16,41781600,3619,0,0,11552
1439,4,0,11,14,41790960,3619,0,0,11556
1440,5,0,8,17,41817780,3619,0,0,11561
1441,6,0,9,16,41840220,3620,0,0,11567
1442,11,0,17,8,41847480,3619,0,0,11578
1443,5,0,9,16,41896620,3619,0,0,11583
1444,6,0,11,14,41916480,3620,0,0,11589
1445,4,0,10,15,41940300,3620,0,0,11593
1446,7,0,10,15,41968740,3621,0,0,11600
1447,14,0,15,10,41982120,3619,0,0,11614
1448,12,0,14,11,42024840,3619,0,0,11626
1449,10,0,12,13,42062760,3618,0,0,11636
1450,6,0,14,11,42079020,3618,0,0,11642
1451,15,0,15,10,42125340,3618,0,0,11657
1452,11,0,14,11,42158220,3617,0,0,11668
1453,12,0,19,6,42183720,3617,0,0,11680
1454,10,0,17,8,42233700,3618,0,0,11690
1455,9,0,15,10,42285360,3619,0,0,11699
1456,12,0,21,4,42308280,3619,0,0,11711
1457,10,0,14,11,42382440,3620,0,0,11721
1458,12,0,14,11,42434640,3621,0,0,11733
1459,9,0,11,14,42469680,3620,0,0,11742
1460,8,0,12,13,42487860,3619,0,0,11750
1461,7,0,13,12,42524100,3620,0,0,11757
1462,5,0,9,16,42560220,3621,0,0,11762
1463,8,0,13,12,42578100,3621,0,0,11770
1464,6,0,13,12,42595680,3621,0,0,11776
1465,7,0,14,11,42628320,3622,0,0,11783
1466,9,0,13,12,42670020,3622,0,0,11792
1467,6,0,12,13,42689760,3622,0,0,11798
1468,13,0,15,10,42738600,3623,0,0,11811
1469,10,0,13,12,42767940,3621,0,0,11821
1470,9,0,15,10,42799260,3622,0,0,11830
1471,6,0,10,15,42838560,3622,0,0,11836
1472,8,0,13,12,42851220,3621,0,0,11844
1473,8,0,11,14,42879240,3621,0,0,11852
1474,10,0,14,11,42910620,3621,0,0,11862
1475,14,0,18,7,42937680,3620,0,0,11876
1476,16,0,18,7,42994080,3620,0,0,11892
1477,14,0,20,5,43042920,3621,0,0,11906
1478,7,0,17,8,43076460,3621,0,0,11913
1479,10,0,12,13,43139280,3621,0,0,11923
1480,18,0,20,5,43173660,3621,0,0,11941
1481,12,0,20,5,43211640,3621,0,0,11953
1482,9,0,14,11,43281240,3622,0,0,11962
1483,8,0,13,12,43319640,3622,0,0,11970
1484,9,0,14,11,43358940,3623,0,0,11979
1485,12,0,19,6,43378500,3623,0,0,11991
1486,3,0,11,14,43437060,3624,0,0,11994
1487,7,0,7,18,43471800,3624,0,0,12001
1488,3,0,8,17,43484700,3624,0,0,12004
1489,4,0,10,15,43488000,3624,0,0,12008
1490,5,0,10,15,43502460,3624,0,0,12013
1491,6,0,8,17,43543740,3625,0,0,12019
1492,3,0,8,17,43555200,3625,0,0,12022
1493,3,0,7,18,43569120,3625,0,0,12025
1494,9,0,12,13,43575540,3624,0,0,12034
1495,6,0,12,13,43597560,3624,0,0,12040
1496,9,0,13,12,43625760,3624,0,0,12049
1497,7,0,14,11,43653240,3625,0,0,12056
1498,8,0,15,10,43686780,3625,0,0,12064
1499,12,0,16,9,43729560,3626,0,0,12076
1500,12,0,17,8,43770720,3626,0,0,12088
1501,15,0,16,9,43815180,3624,0,0,12103
1502,15,0,17,8,43853160,3623,0,0,12118
1503,11,0,15,10,43900080,3623,0,0,12129
1504,11,0,17,8,43927980,3623,0,0,12140
1505,7,0,9,16,43978860,3623,0,0,12147
1506,11,0,10,15,44019360,3623,0,0,12158
1507,6,0,12,13,44032860,3623,0,0,12164
1508,7,0,10,15,44064000,3623,0,0,12171
1509,9,0,12,13,44081760,3622,0,0,12180
1510,7,0,11,14,44100360,3621,0,0,12187
1511,6,0,12,13,44132820,3623,0,0,12193
1512,11,0,19,6,44141040,3622,0,0,12204
1513,6,0,17,8,44184300,3623,0,0,12210
1514,10,0,15,10,44245740,3625,0,0,12220
1515,7,0,15,10,44286480,3626,0,0,12227
1516,9,0,11,14,44328780,3626,0,0,12236
1517,6,0,13,12,44339100,3625,0,0,12242
1518,9,0,16,9,44367960,3626,0,0,12251
1519,7,0,15,10,44417160,3627,0,0,12258
1520,3,0,10,15,44456820,3628,0,0,12261
1521,11,0,13,12,44487780,3628,0,0,12272
1522,11,0,18,7,44507820,3628,0,0,12283
1523,13,0,16,9,44572500,3629,0,0,12296
1524,10,0,18,7,44594640,3629,0,0,12306
1525,7,0,12,13,44651460,3629,0,0,12313
1526,5,0,8,17,44685240,3629,0,0,12318
1527,11,0,15,10,44691000,3629,0,0,12329
1528,4,0,14,11,44717820,3629,0,0,12333
1529,16,0,18,7,44765520,3630,0,0,12349
1530,5,0,12,13,44802660,3630,0,0,12354
1531,6,0,11,14,44830680,3630,0,0,12360
1532,7,0,7,18,44869380,3630,0,0,12367
1533,7,0,10,15,44876100,3629,0,0,12374
1534,9,0,11,14,44897280,3628,0,0,12383
1535,4,0,11,14,44901840,3628,0,0,12387
1536,6,0,9,16,44940120,3628,0,0,12393
1537,6,0,7,18,44961300,3628,0,0,12399
1538,8,0,10,15,44973780,3627,0,0,12407
1539,6,0,9,16,44995380,3627,0,0,12413
1540,3,0,9,16,45013200,3628,0,0,12416
1541,6,0,10,15,45039180,3628,0,0,12422
1542,5,0,8,17,45069300,3629,0,0,12427
1543,13,0,19,6,45076500,3629,0,0,12440
1544,9,0,17,8,45111000,3628,0,0,12449
1545,7,0,15,10,45152640,3629,0,0,12456
1546,7,0,14,11,45195840,3630,0,0,12463
1547,12,0,17,8,45240300,3631,0,0,12475
1548,6,0,13,12,45275160,3631,0,0,12481
1549,14,0,16,9,45323100,3631,0,0,12495
1550,14,0,17,8,45367200,3631,0,0,12509
1551,9,0,15,10,45400620,3631,0,0,12518
1552,10,0,11,14,45446280,3630,0,0,12528
1553,9,0,13,12,45474240,3630,0,0,12537
1554,14,0,20,5,45491580,3630,0,0,12551
1555,8,0,15,10,45542580,3630,0,0,12559
1556,6,0,10,15,45576780,3630,0,0,12565
1557,4,0,10,15,45598680,3630,0,0,12569
1558,11,0,14,11,45628080,3631,0,0,12580
1559,8,0,11,14,45654780,3630,0,0,12588
1560,7,0,12,13,45679320,3630,0,0,12595
1561,5,0,8,17,45712920,3630,0,0,12600
1562,2,0,8,17,45722820,3630,0,0,12602
1563,7,0,13,12,45732960,3630,0,0,12609
1564,8,0,11,14,45763020,3630,0,0,12617
1565,10,0,10,15,45796440,3629,0,0,12627
1566,7,0,7,18,45826260,3629,0,0,12634
1567,7,0,10,15,45838560,3629,0,0,12641
1568,5,0,10,15,45853800,3628,0,0,12646
1569,7,0,10,15,45882060,3629,0,0,12653
1570,4,0,8,17,45897780,3628,0,0,12657
1571,11,0,12,13,45916080,3628,0,0,12668
1572,5,0,13,12,45936300,3628,0,0,12673
1573,11,0,16,9,45974700,3629,0,0,12684
1574,9,0,15,10,46006440,3628,0,0,12693
1575,10,0,12,13,46059180,3629,0,0,12703
1576,20,0,22,3,46081920,3628,0,0,12723
1577,10,0,21,4,46118460,3627,0,0,12733
1578,7,0,11,14,46204500,3629,0,0,12740
1579,6,0,12,13,46225620,3630,0,0,12746
1580,4,0,10,15,46247700,3630,0,0,12750
1581,10,0,14,11,46272120,3630,0,0,12760
1582,3,0,12,13,46284120,3629,0,0,12763
1583,6,0,12,13,46312380,3630,0,0,12769
1584,3,0,9,16,46336800,3630,0,0,12772
1585,4,0,7,18,46370160,3631,0,0,12776
1586,3,0,7,18,46380060,3631,0,0,12779
1587,4,0,9,16,46387500,3631,0,0,12783
1588,9,0,14,11,46403760,3631,0,0,12792
1589,4,0,8,17,46439220,3631,0,0,12796
1590,7,0,12,13,46456140,3631,0,0,12803
1591,12,0,18,7,46471260,3631,0,0,12815
1592,7,0,13,12,46533060,3632,0,0,12822
1593,11,0,18,7,46556760,3632,0,0,12833
1594,11,0,16,9,46604040,3632,0,0,12844
1595,6,0,10,15,46657980,3633,0,0,12850
1596,12,0,17,8,46669140,3633,0,0,12862
1597,7,0,13,12,46698780,3632,0,0,12869
1598,8,0,10,15,46743360,3632,0,0,12877
1599,8,0,12,13,46762440,3632,0,0,12885
1600,6,0,9,16,46798560,3632,0,0,12891
1601,9,0,10,15,46806540,3631,0,0,12900
1602,9,0,12,13,46824480,3630,0,0,12909
1603,6,0,10,15,46860300,3631,0,0,12915
1604,7,0,10,15,46880760,3630,0,0,12922
1605,5,0,11,14,46903320,3631,0,0,12927
1606,3,0,6,19,46932720,3631,0,0,12930
1607,2,0,7,18,46940820,3631,0,0,12932
1608,4,0,8,17,46945860,3631,0,0,12936
1609,5,0,9,16,46959840,3631,0,0,12941
1610,4,0,10,15,46976700,3631,0,0,12945
1611,3,0,8,17,46999980,3632,0,0,12948
1612,7,0,9,16,47021700,3632,0,0,12955
1613,6,0,7,18,47041260,3631,0,0,12961
1614,3,0,8,17,47045220,3631,0,0,12964
1615,2,0,7,18,47053860,3630,0,0,12966
1616,6,0,9,16,47064600,3630,0,0,12972
1617,6,0,12,13,47076000,3630,0,0,12978
1618,11,0,15,10,47110320,3631,0,0,12989
1619,7,0,11,14,47151240,3631,0,0,12996
1620,8,0,7,18,47188500,3630,0,0,13004
1621,12,0,9,16,47202360,3628,0,0,13016
1622,16,0,17,8,47210400,3627,0,0,13032
1623,7,0,14,11,47248560,3627,0,0,13039
1624,10,0,11,14,47291520,3627,0,0,13049
1625,10,0,14,11,47323740,3627,0,0,13059
1626,9,0,16,9,47336760,3626,0,0,13068
1627,3,0,11,14,47383440,3628,0,0,13071
1628,4,0,10,15,47412780,3628,0,0,13075
1629,6,0,10,15,47443980,3629,0,0,13081
1630,5,0,10,15,47467620,3630,0,0,13086
1631,4,0,8,17,47487900,3630,0,0,13090
1632,8,0,8,17,47506260,3629,0,0,13098
1633,6,0,10,15,47517840,3628,0,0,13104
1634,6,0,9,16,47537700,3628,0,0,13110
1635,6,0,10,15,47551620,3628,0,0,13116
1636,3,0,9,16,47564940,3628,0,0,13119
1637,10,0,12,13,47585220,3627,0,0,13129
1638,8,0,11,14,47621160,3628,0,0,13137
1639,9,0,14,11,47644020,3628,0,0,13146
1640,8,0,14,11,47666280,3627,0,0,13154
1641,8,0,9,16,47713440,3627,0,0,13162
1642,8,0,11,14,47733180,3627,0,0,13170
1643,9,0,14,11,47761380,3627,0,0,13179
1644,10,0,14,11,47791500,3627,0,0,13189
1645,15,0,18,7,47825280,3626,0,0,13204
1646,5,0,13,12,47855460,3626,0,0,13209
1647,11,0,16,9,47893440,3627,0,0,13220
1648,8,0,16,9,47921400,3627,0,0,13228
1649,13,0,19,6,47962620,3627,0,0,13241
1650,9,0,16,9,48012720,3627,0,0,13250
1651,10,0,13,12,48054660,3627,0,0,13260
1652,8,0,14,11,48086940,3628,0,0,13268
1653,6,0,11,14,48133080,3629,0,0,13274
1654,7,0,11,14,48170280,3630,0,0,13281
1655,2,0,8,17,48191400,3630,0,0,13283
1656,6,0,7,18,48213180,3629,0,0,13289
1657,5,0,8,17,48226380,3629,0,0,13294
1658,4,0,6,19,48246420,3629,0,0,13298
1659,7,0,13,12,48246420,3629,0,0,13305
1660,6,0,13,12,48257640,3628,0,0,13311
1661,9,0,16,9,48280380,3629,0,0,13320
1662,9,0,14,11,48340320,3630,0,0,13329
1663,6,0,8,17,48376380,3629,0,0,13335
1664,8,0,9,16,48398520,3629,0,0,13343
1665,13,0,14,11,48413280,3628,0,0,13356
1666,22,0,20,5,48452400,3627,240,0,13378
1667,11,0,15,10,48516180,3627,240,0,13389
1668,13,0,17,8,48558660,3627,240,0,13402
1669,5,0,11,14,48601680,3628,240,0,13407
1670,10,0,12,13,48637020,3628,240,0,13417
1671,15,0,18,7,48660360,3627,240,0,13432
1672,15,0,18,7,48700440,3626,240,0,13447
1673,8,0,11,14,48765840,3627,240,0,13455
1674,11,0,18,7,48778680,3627,240,0,13466
1675,6,0,11,14,48838320,3628,240,0,13472
1676,7,0,8,17,48885840,3628,240,0,13479
1677,5,0,10,15,48895560,3628,240,0,13484
1678,6,0,11,14,48921960,3629,240,0,13490
1679,8,0,10,15,48949440,3629,240,0,13498
1680,10,0,14,11,48963000,3628,240,0,13508
1681,4,0,9,16,49004820,3629,240,0,13512
1682,11,0,11,14,49032960,3628,240,0,13523
1683,7,0,11,14,49047900,3628,240,0,13530
1684,5,0,11,14,49066440,3628,240,0,13535
1685,6,0,9,16,49110180,3629,240,0,13541
1686,2,0,10,15,49115100,3629,240,0,13543
1687,6,0,11,14,49145340,3630,240,0,13549
1688,7,0,10,15,49175520,3630,240,0,13556
1689,11,0,16,9,49195680,3630,240,0,13567
1690,6,0,15,10,49227660,3630,240,0,13573
1691,10,0,16,9,49272600,3631,240,0,13583
1692,5,0,9,16,49308720,3631,240,0,13588
1693,6,0,9,16,49338600,3631,240,0,13594
1694,9,0,16,9,49341360,3631,240,0,13603
1695,8,0,14,11,49377480,3631,240,0,13611
1696,9,0,14,11,49430340,3632,240,0,13620
1697,11,0,15,10,49460640,3632,240,0,13631
1698,5,0,9,16,49508160,3633,240,0,13636
1699,9,0,12,13,49520520,3632,240,0,13645
1700,2,0,7,18,49545240,3632,240,0,13647
1701,10,0,12,13,49555740,3631,240,0,13657
1702,9,0,10,15,49580280,3630,240,0,13666
1703,11,0,13,12,49604400,3630,240,0,13677
1704,3,0,10,15,49626420,3630,240,0,13680
1705,4,0,7,18,49656060,3630,240,0,13684
1706,4,0,8,17,49673100,3631,240,0,13688
1707,5,0,9,16,49680240,3630,240,0,13693
1708,4,0,8,17,49709220,3631,240,0,13697
1709,5,0,10,15,49722960,3631,240,0,13702
1710,2,0,8,17,49740780,3631,240,0,13704
1711,7,0,10,15,49768260,3632,240,0,13711
1712,9,0,9,16,49787280,3631,240,0,13720
1713,6,0,8,17,49812360,3631,240,0,13726
1714,11,0,13,12,49820940,3630,240,0,13737
1715,10,0,16,9,49841160,3629,240,0,13747
1716,16,0,20,5,49878720,3629,240,0,13763
1717,12,0,20,5,49938900,3630,240,0,13775
1718,10,0,14,11,49998660,3630,240,0,13785
1719,6,0,9,16,50040060,3630,240,0,13791
1720,9,0,11,14,50079540,3631,240,0,13800
1721,10,0,15,10,50100780,3631,240,0,13810
1722,10,0,17,8,50137560,3632,240,0,13820
1723,6,0,9,16,50191860,3632,240,0,13826
1724,8,0,12,13,50202840,3632,240,0,13834
1725,7,0,11,14,50238780,3632,240,0,13841
1726,5,0,10,15,50261460,3632,240,0,13846
1727,4,0,10,15,50283720,3633,240,0,13850
1728,3,0,10,15,50293680,3633,240,0,13853
1729,7,0,12,13,50307660,3632,240,0,13860
1730,5,0,11,14,50337180,3633,240,0,13865
1731,6,0,11,14,50366400,3633,240,0,13871
1732,6,0,12,13,50386440,3634,240,0,13877
1733,7,0,12,13,50406780,3633,240,0,13884
1734,7,0,11,14,50436960,3633,240,0,13891
1735,6,0,12,13,50463540,3634,240,0,13897
1736,6,0,12,13,50497320,3635,240,0,13903
1737,12,0,17,8,50520540,3635,240,0,13915
1738,9,0,16,9,50556540,3635,240,0,13924
1739,12,0,15,10,50612280,3635,240,0,13936
1740,15,0,20,5,50650560,3635,240,0,13951
1741,9,0,18,7,50692560,3635,240,0,13960
1742,16,0,18,7,50748480,3635,240,0,13976
1743,8,0,13,12,50789880,3635,240,0,13984
1744,10,0,15,10,50820540,3635,240,0,13994
1745,9,0,9,16,50871360,3635,240,0,14003
1746,8,0,11,14,50884980,3634,240,0,14011
1747,6,0,13,12,50892660,3634,240,0,14017
1748,9,0,12,13,50933820,3634,240,0,14026
1749,7,0,12,13,50957040,3634,240,0,14033
1750,4,0,8,17,50986980,3634,240,0,14037
1751,5,0,11,14,50999160,3634,240,0,14042
1752,4,0,10,15,51011280,3634,240,0,14046
1753,8,0,12,13,51038880,3634,240,0,14054
1754,4,0,10,15,51063900,3634,240,0,14058
1755,6,0,11,14,51091200,3635,240,0,14064
1756,5,0,9,16,51116760,3635,240,0,14069
1757,8,0,14,11,51130140,3635,240,0,14077
1758,7,0,13,12,51155760,3635,240,0,14084
1759,8,0,12,13,51194520,3635,240,0,14092
1760,4,0,9,16,51217140,3635,240,0,14096
1761,8,0,10,15,51236220,3635,240,0,14104
1762,8,0,11,14,51257340,3635,240,0,14112
1763,15,0,15,10,51288600,3634,240,0,14127
1764,9,0,17,8,51311400,3634,240,0,14136
1765,23,1,25,0,51355320,3633,660,0,14159
1766,9,0,19,6,51411480,3633,1500,0,14168
1767,6,0,16,9,51464880,3635,1500,0,14174
1768,10,0,12,13,51521160,3635,1500,0,14184
1769,7,0,12,13,51541140,3635,1500,0,14191
1770,13,0,17,8,51569640,3634,1500,0,14204
1771,7,0,11,14,51619620,3635,1500,0,14211
1772,6,0,10,15,51640680,3634,1500,0,14217
1773,10,0,15,10,51662340,3635,1500,0,14227
1774,5,0,9,16,51704040,3635,1500,0,14232
1775,5,0,7,18,51735480,3635,1500,0,14237
1776,6,0,9,16,51746940,3635,1500,0,14243
1777,3,0,9,16,51760440,3635,1500,0,14246
1778,2,0,7,18,51780600,3636,1500,0,14248
1779,8,0,11,14,51786600,3635,1500,0,14256
1780,1,0,6,19,51811980,3635,1500,0,14257
1781,5,0,10,15,51817860,3635,1500,0,14262
1782,5,0,9,16,51844320,3636,1500,0,14267
1783,9,0,9,16,51870240,3635,1500,0,14276
1784,9,0,12,13,51887460,3635,1500,0,14285
1785,8,0,14,11,51906660,3635,1500,0,14293
1786,10,0,9,16,51958560,3634,1500,0,14303
1787,9,0,13,12,51973740,3634,1500,0,14312
1788,11,0,15,10,52001880,3634,1500,0,14323
1789,9,0,14,11,52038840,3634,1500,0,14332
1790,14,0,14,11,52081440,3633,1500,0,14346
1791,8,0,11,14,52110840,3633,1500,0,14354
1792,12,0,14,11,52141440,3633,1500,0,14366
1793,12,0,13,12,52170420,3631,1500,0,14378
1794,5,0,13,12,52190820,3631,1500,0,14383
1795,3,0,11,14,52223280,3632,1500,0,14386
1796,8,0,11,14,52265460,3633,1500,0,14394
1797,9,0,13,12,52295820,3634,1500,0,14403
1798,3,0,7,18,52329060,3634,1500,0,14406
1799,7,0,10,15,52337820,3633,1500,0,14413
1800,3,0,7,18,52353600,3633,1500,0,14416
1801,6,0,10,15,52370160,3633,1500,0,14422
1802,4,0,8,17,52387620,3633,1500,0,14426
1803,8,0,11,14,52393620,3632,1500,0,14434
1804,7,0,10,15,52416060,3632,1500,0,14441
1805,2,0,9,16,52429320,3632,1500,0,14443
1806,8,0,10,15,52450980,3632,1500,0,14451
1807,10,0,10,15,52471380,3630,1500,0,14461
1808,6,0,9,16,52494780,3630,1500,0,14467
1809,12,0,14,11,52512600,3630,1500,0,14479
1810,11,0,16,9,52549740,3630,1500,0,14490
1811,15,0,20,5,52593060,3630,1500,0,14505
1812,13,0,24,1,52625520,3630,1500,0,14518
1813,6,0,12,13,52708980,3632,2040,0,14524
1814,13,0,13,12,52758480,3632,2040,0,14537
1815,9,0,14,11,52777920,3631,2040,0,14546
1816,10,0,13,12,52813800,3631,2040,0,14556
1817,7,0,14,11,52823340,3630,2040,0,14563
1818,7,0,12,13,52873620,3631,2040,0,14570
1819,10,0,15,10,52905120,3632,2040,0,14580
1820,9,0,16,9,52942020,3632,2040,0,14589
1821,9,0,18,7,52967280,3632,2040,0,14598
1822,6,0,13,12,53022360,3633,2040,0,14604
1823,9,0,15,10,53050860,3634,2040,0,14613
1824,6,0,12,13,53093940,3634,2040,0,14619
1825,5,0,9,16,53126100,3635,2040,0,14624
1826,5,0,10,15,53142780,3635,2040,0,14629
1827,4,0,8,17,53175240,3635,2040,0,14633
1828,6,0,11,14,53194500,3636,2040,0,14639
1829,7,0,12,13,53214420,3636,2040,0,14646
1830,4,0,11,14,53240340,3636,2040,0,14650
1831,6,0,9,16,53269680,3636,2040,0,14656
1832,5,0,8,17,53296380,3637,2040,0,14661
1833,8,0,12,13,53304600,3636,2040,0,14669
1834,11,0,16,9,53328900,3636,2040,0,14680
1835,10,0,17,8,53353500,3636,2040,0,14690
1836,18,0,22,3,53394540,3635,2040,0,14708
1837,21,3,25,0,53454300,3636,3240,0,14729
1838,10,0,18,7,53540400,3637,4680,0,14739
1839,12,0,10,15,53604060,3636,4680,0,14751
1840,6,0,13,12,53620620,3636,4680,0,14757
1841,6,0,10,15,53645760,3636,4680,0,14763
1842,11,0,13,12,53668500,3635,4680,0,14774
1843,7,0,13,12,53700480,3636,4680,0,14781
1844,4,0,10,15,53728020,3636,4680,0,14785
1845,5,0,9,16,53752620,3636,4680,0,14790
1846,5,0,11,14,53772120,3637,4680,0,14795
1847,5,0,10,15,53799960,3637,4680,0,14800
1848,4,0,7,18,53822340,3637,4680,0,14804
1849,5,0,6,19,53837880,3636,4680,0,14809
1850,7,0,11,14,53845380,3636,4680,0,14816
1851,6,0,10,15,53869560,3636,4680,0,14822
1852,5,0,13,12,53879880,3637,4680,0,14827
1853,5,0,10,15,53912400,3637,4680,0,14832
1854,7,0,11,14,53928120,3636,4680,0,14839
1855,5,0,12,13,53940960,3636,4680,0,14844
1856,5,0,11,14,53977020,3637,4680,0,14849
1857,8,0,13,12,54003060,3638,4680,0,14857
1858,10,0,14,11,54034020,3637,4680,0,14867
1859,13,0,15,10,54066780,3637,4680,0,14880
1860,9,0,12,13,54106500,3636,4680,0,14889
1861,7,0,13,12,54131160,3637,4680,0,14896
1862,11,0,12,13,54176220,3637,4680,0,14907
1863,11,0,18,7,54204360,3637,4680,0,14918
1864,10,0,17,8,54247020,3638,4680,0,14928
1865,15,0,21,4,54291960,3638,4680,0,14943
1866,13,0,20,5,54354240,3639,4680,0,14956
1867,8,0,13,12,54421020,3639,4680,0,14964
1868,5,0,12,13,54442500,3639,4680,0,14969
1869,11,0,16,9,54469920,3640,4680,0,14980
1870,7,0,14,11,54517440,3641,4680,0,14987
1871,3,0,11,14,54546660,3641,4680,0,14990
1872,3,0,7,18,54579420,3642,4680,0,14993
1873,4,0,8,17,54591720,3642,4680,0,14997
1874,3,0,7,18,54608400,3642,4680,0,15000
1875,3,0,7,18,54622260,3642,4680,0,15003
1876,8,0,11,14,54628380,3641,4680,0,15011
1877,6,0,12,13,54650580,3642,4680,0,15017
1878,6,0,11,14,54677040,3642,4680,0,15023
1879,8,0,9,16,54709560,3641,4680,0,15031
1880,9,0,13,12,54716340,3641,4680,0,15040
1881,9,0,14,11,54736920,3640,4680,0,15049
1882,9,0,12,13,54780780,3640,4680,0,15058
1883,6,0,9,16,54812880,3640,4680,0,15064
1884,11,0,11,14,54836340,3640,4680,0,15075
1885,5,0,8,17,54868980,3640,4680,0,15080
1886,13,0,15,10,54889140,3640,4680,0,15093
1887,10,0,16,9,54921840,3640,4680,0,15103
1888,13,0,15,10,54969600,3640,4680,0,15116
1889,7,0,14,11,55009200,3640,4680,0,15123
1890,7,0,13,12,55043340,3641,4680,0,15130
1891,7,0,12,13,55081320,3641,4680,0,15137
1892,7,0,12,13,55101480,3641,4680,0,15144
1893,8,0,11,14,55123800,3640,4680,0,15152
1894,3,0,11,14,55137000,3640,4680,0,15155
1895,7,0,6,19,55182300,3640,4680,0,15162
1896,6,0,9,16,55186020,3640,4680,0,15168
1897,7,0,9,16,55201380,3639,4680,0,15175
1898,4,0,5,20,55227120,3639,4680,0,15179
1899,2,0,5,20,55234140,3639,4680,0,15181
1900,6,0,9,16,55237380,3639,4680,0,15187
1901,4,0,8,17,55248180,3638,4680,0,15191
1902,5,0,9,16,55259640,3638,4680,0,15196
1903,4,0,7,18,55274220,3638,4680,0,15200
1904,9,0,12,13,55283460,3637,4680,0,15209
1905,5,0,11,14,55306080,3637,4680,0,15214
1906,8,0,13,12,55339140,3638,4680,0,15222
1907,13,0,16,9,55359960,3637,4680,0,15235
1908,11,0,18,7,55400880,3638,4680,0,15246
1909,17,0,22,3,55446900,3638,4680,0,15263
1910,16,0,17,8,55514100,3637,4680,0,15279
1911,5,0,9,16,55564980,3637,4680,0,15284
1912,9,0,16,9,55576560,3637,4680,0,15293
1913,7,0,14,11,55620360,3638,4680,0,15300
1914,11,0,14,11,55667160,3639,4680,0,15311
1915,3,0,8,17,55699380,3639,4680,0,15314
1916,7,0,12,13,55708320,3638,4680,0,15321
1917,2,0,7,18,55735920,3639,4680,0,15323
1918,8,0,8,17,55752240,3638,4680,0,15331
1919,11,0,15,10,55764240,3638,4680,0,15342
1920,6,0,10,15,55798140,3637,4680,0,15348
1921,11,0,12,13,55825680,3637,4680,0,15359
1922,9,0,16,9,55840800,3637,4680,0,15368
1923,3,0,8,17,55887000,3637,4680,0,15371
1924,4,0,9,16,55905960,3638,4680,0,15375
1925,11,0,11,14,55924620,3637,4680,0,15386
1926,4,0,9,16,55951920,3637,4680,0,15390
1927,5,0,8,17,55973520,3637,4680,0,15395
1928,11,0,13,12,55989180,3637,4680,0,15406
1929,7,0,14,11,56011860,3637,4680,0,15413
1930,13,0,17,8,56037540,3636,4680,0,15426
1931,12,0,16,9,56074260,3635,4680,0,15438
1932,14,0,16,9,56129880,3636,4680,0,15452
1933,12,0,15,10,56175060,3636,4680,0,15464
1934,14,0,19,6,56212140,3636,4680,0,15478
1935,13,0,18,7,56262000,3636,4680,0,15491
1936,7,0,12,13,56310540,3636,4680,0,15498
1937,12,0,14,11,56345580,3636,4680,0,15510
1938,8,0,13,12,56384820,3636,4680,0,15518
1939,10,0,10,15,56421000,3635,4680,0,15528
1940,7,0,11,14,56446560,3636,4680,0,15535
1941,5,0,12,13,56459520,3635,4680,0,15540
1942,7,0,11,14,56485200,3635,4680,0,15547
1943,5,0,13,12,56495700,3635,4680,0,15552
1944,6,0,11,14,56532660,3636,4680,0,15558
1945,8,0,10,15,56560800,3635,4680,0,15566
1946,4,0,9,16,56583120,3636,4680,0,15570
1947,5,0,8,17,56595720,3635,4680,0,15575
1948,5,0,9,16,56609040,3635,4680,0,15580
1949,11,0,16,9,56621640,3635,4680,0,15591
1950,8,0,13,12,56664300,3635,4680,0,15599
1951,4,0,10,15,56687400,3635,4680,0,15603
1952,9,0,11,14,56713680,3635,4680,0,15612
1953,7,0,12,13,56736480,3635,4680,0,15619
1954,11,0,16,9,56771460,3635,4680,0,15630
1955,8,0,16,9,56801220,3635,4680,0,15638
1956,12,0,16,9,56855880,3636,4680,0,15650
1957,11,0,16,9,56897040,3636,4680,0,15661
1958,10,0,15,10,56940540,3636,4680,0,15671
1959,7,0,11,14,56982540,3637,4680,0,15678
1960,4,0,7,18,57006780,3636,4680,0,15682
1961,7,0,11,14,57014760,3636,4680,0,15689
1962,7,0,12,13,57036840,3636,4680,0,15696
1963,10,0,12,13,57070560,3636,4680,0,15706
1964,10,0,13,12,57097320,3636,4680,0,15716
1965,7,0,13,12,57121800,3636,4680,0,15723
1966,8,0,11,14,57154440,3635,4680,0,15731
1967,7,0,12,13,57180120,3636,4680,0,15738
1968,6,0,10,15,57208680,3635,4680,0,15744
1969,4,0,9,16,57235860,3636,4680,0,15748
1970,5,0,10,15,57251820,3636,4680,0,15753
1971,3,0,7,18,57274680,3636,4680,0,15756
1972,5,0,7,18,57281220,3635,4680,0,15761
1973,11,0,10,15,57298740,3635,4680,0,15772
1974,5,0,9,16,57320040,3635,4680,0,15777
1975,7,0,13,12,57334860,3635,4680,0,15784
1976,10,0,14,11,57361740,3635,4680,0,15794
1977,8,0,12,13,57397020,3635,4680,0,15802
1978,13,0,16,9,57422400,3634,4680,0,15815
1979,6,0,12,13,57470640,3635,4680,0,15821
1980,12,0,15,10,57515580,3636,4680,0,15833
1981,12,0,16,9,57541260,3635,4680,0,15845
1982,6,0,11,14,57587160,3635,4680,0,15851
1983,9,0,11,14,57614940,3635,4680,0,15860
1984,8,0,14,11,57636360,3635,4680,0,15868
1985,11,0,15,10,57667080,3635,4680,0,15879
1986,8,0,10,15,57714360,3635,4680,0,15887
1987,9,0,14,11,57736080,3635,4680,0,15896
1988,8,0,11,14,57771900,3635,4680,0,15904
1989,8,0,11,14,57792180,3634,4680,0,15912
1990,6,0,10,15,57819780,3634,4680,0,15918
1991,5,0,9,16,57845400,3634,4680,0,15923
1992,3,0,9,16,57854400,3634,4680,0,15926
1993,2,0,6,19,57881400,3635,4680,0,15928
1994,5,0,6,19,57893820,3634,4680,0,15933
1995,4,0,6,19,57901740,3634,4680,0,15937
1996,8,0,10,15,57908520,3634,4680,0,15945
1997,10,0,13,12,57934560,3634,4680,0,15955
1998,8,0,12,13,57967860,3634,4680,0,15963
1999,5,0,11,14,57986760,3633,4680,0,15968
2000,7,0,13,12,58007280,3634,4680,0,15975
2001,10,0,9,16,58061880,3634,4680,0,15985
2002,12,0,17,8,58075860,3634,4680,0,15997
2003,5,0,14,11,58107540,3634,4680,0,16002
2004,6,0,7,18,58169520,3635,4680,0,16008
2005,14,0,16,9,58183500,3635,4680,0,16022
2006,13,0,17,8,58217460,3634,4680,0,16035
2007,7,0,10,15,58264680,3634,4680,0,16042
2008,8,0,14,11,58282260,3634,4680,0,16050
2009,8,0,12,13,58333560,3635,4680,0,16058
2010,12,0,18,7,58356540,3635,4680,0,16070
2011,11,0,15,10,58398660,3634,4680,0,16081
2012,4,0,10,15,58443660,3635,4680,0,16085
2013,8,0,12,13,58469100,3635,4680,0,16093
2014,5,0,11,14,58495560,3636,4680,0,16098
2015,4,0,9,16,58519200,3636,4680,0,16102
2016,4,0,11,14,58530840,3636,4680,0,16106
2017,6,0,13,12,58534560,3635,4680,0,16112
2018,4,0,12,13,58545420,3635,4680,0,16116
2019,3,0,14,11,58552860,3635,4680,0,16119
2020,7,0,16,9,58567260,3635,4680,0,16126
2021,4,0,14,11,58595100,3635,4680,0,16130
2022,4,0,16,9,58602720,3635,4680,0,16134
2023,4,0,17,8,58616520,3636,4680,0,16138
2024,14,0,22,3,58640100,3635,4680,0,16152
2025,9,0,21,4,58680900,3635,4680,0,16161
2026,13,1,25,0,58724340,3636,4680,0,16174
2027,6,0,19,6,58777800,3637,4740,0,16180
2028,12,0,20,5,58817100,3636,4740,0,16192
2029,14,0,25,0,58843260,3636,4740,0,16206
2030,12,0,22,3,58897980,3636,4740,0,16218
2031,16,2,25,0,58934100,3636,4740,0,16234
2032,12,3,25,0,58973640,3636,9300,0,16246
2033,9,0,24,1,59025660,3636,17340,1,16255
2034,7,0,18,7,59085600,3637,17340,1,16262
2035,9,0,19,6,59114340,3637,17340,1,16271
2036,7,0,18,7,59152080,3637,17340,1,16278
2037,2,0,17,8,59165220,3638,17340,1,16280
2038,6,0,14,11,59207340,3638,17340,1,16286
2039,2,0,13,12,59218380,3638,17340,1,16288
2040,5,0,14,11,59234280,3638,17340,1,16293
2041,6,0,14,11,59248620,3638,17340,1,16299
2042,6,0,15,10,59268720,3638,17340,1,16305
2043,2,0,13,12,59281860,3638,17340,1,16307
2044,7,0,16,9,59297220,3638,17340,1,16314
2045,9,0,15,10,59322480,3637,17340,1,16323
2046,6,0,16,9,59341920,3637,17340,1,16329
2047,6,0,19,6,59356140,3637,17340,1,16335
2048,16,0,22,3,59388420,3636,17340,1,16351
2049,6,0,19,6,59422080,3637,17340,1,16357
2050,11,0,22,3,59455920,3637,17340,1,16368
2051,18,5,25,0,59492280,3637,20040,1,16386
2052,13,8,25,0,59549100,3638,28200,1,16399
2053,11,5,25,0,59610240,3639,53640,3,16410
2054,13,2,25,0,59659500,3638,80220,4,16423
2055,11,1,25,0,59701980,3638,83280,5,16434
2056,7,0,22,3,59747520,3638,84780,5,16441
2057,11,0,20,5,59821200,3640,84780,5,16452
2058,11,0,19,6,59847720,3639,84780,5,16463
2059,7,0,17,8,59881260,3639,84780,5,16470
2060,7,0,22,3,59885160,3639,84780,5,16477
2061,4,0,13,12,59946660,3640,84780,5,16481
2062,3,0,13,12,59957160,3640,84780,5,16484
2063,3,0,13,12,59974500,3640,84780,5,16487
2064,3,0,13,12,59988660,3640,84780,5,16490
2065,4,0,15,10,59998320,3640,84780,5,16494
2066,6,0,16,9,60019980,3641,84780,5,16500
2067,6,0,15,10,60035580,3640,84780,5,16506
2068,4,0,14,11,60051420,3640,84780,5,16510
2069,9,0,18,7,60063180,3639,84780,5,16519
2070,7,0,17,8,60084180,3639,84780,5,16526
2071,4,0,14,11,60112680,3639,84780,5,16530
2072,6,0,16,9,60119940,3639,84780,5,16536
2073,15,1,25,0,60137280,3639,84780,5,16551
2074,15,6,25,0,60174780,3639,88020,5,16566
2075,17,14,25,0,60228900,3640,93180,5,16583
2076,4,7,25,0,60292920,3641,129840,7,16587
2077,9,0,17,8,60366660,3641,177600,10,16596
2078,13,0,22,3,60394680,3641,177600,10,16609
2079,10,0,20,5,60431220,3640,177600,10,16619
2080,9,0,22,3,60465600,3641,177600,10,16628
2081,7,0,21,4,60492960,3641,177600,10,16635
2082,12,0,22,3,60550980,3642,177600,10,16647
2083,4,0,19,6,60568980,3641,177600,10,16651
2084,5,0,14,11,60622620,3642,177600,10,16656
2085,5,0,14,11,60645180,3643,177600,10,16661
2086,9,0,19,6,60658200,3642,177600,10,16670
2087,4,0,15,10,60685500,3642,177600,10,16674
2088,4,0,16,9,60695160,3642,177600,10,16678
2089,5,0,15,10,60716280,3642,177600,10,16683
2090,5,0,15,10,60733680,3642,177600,10,16688
2091,6,0,13,12,60756720,3642,177600,10,16694
2092,9,0,18,7,60770100,3642,177600,10,16703
2093,5,0,17,8,60784980,3641,177600,10,16708
2094,7,0,15,10,60823800,3642,177600,10,16715
2095,7,0,16,9,60838500,3641,177600,10,16722
2096,8,0,19,6,60854040,3641,177600,10,16730
2097,10,0,19,6,60887460,3641,177600,10,16740
2098,18,0,24,1,60921660,3640,177600,10,16758
2099,13,3,25,0,60954960,3640,178020,10,16771
2100,8,0,20,5,61013040,3640,178860,10,16779
2101,6,0,17,8,61047420,3640,178860,10,16785
2102,10,0,17,8,61085520,3640,178860,10,16795
2103,9,0,18,7,61109340,3640,178860,10,16804
2104,15,2,25,0,61145040,3641,181560,10,16819
2105,10,0,20,5,61196100,3640,182100,10,16829
2106,8,0,19,6,61243500,3641,182100,10,16837
2107,6,0,18,7,61266660,3641,182100,10,16843
2108,6,0,17,8,61299420,3641,182100,10,16849
2109,10,0,19,6,61321140,3641,182100,10,16859
2110,7,0,14,11,61355340,3640,182100,10,16866
2111,3,0,14,11,61372380,3641,182100,10,16869
2112,3,0,14,11,61382760,3641,182100,10,16872
2113,8,0,18,7,61403400,3641,182100,10,16880
2114,6,0,18,7,61423560,3641,182100,10,16886
2115,9,0,20,5,61450140,3641,182100,10,16895
2116,9,0,20,5,61480020,3641,182100,10,16904
2117,8,0,19,6,61511460,3641,182100,10,16912
2118,5,0,20,5,61535880,3641,182100,10,16917
2119,11,0,20,5,61584720,3642,182100,10,16928
2120,9,0,23,2,61601220,3642,182100,10,16937
2121,11,0,21,4,61653000,3642,182940,10,16948
2122,6,0,15,10,61695720,3642,182940,10,16954
2123,6,0,15,10,61721040,3642,182940,10,16960
2124,10,0,17,8,61742940,3642,182940,10,16970
2125,7,0,17,8,61752840,3641,182940,10,16977
2126,10,0,17,8,61785900,3640,182940,10,16987
2127,14,0,21,4,61820220,3640,182940,10,17001
2128,5,0,18,7,61845840,3640,182940,10,17006
2129,5,0,16,9,61879620,3641,182940,10,17011
2130,8,0,19,6,61898640,3641,182940,10,17019
2131,8,0,19,6,61925880,3640,182940,10,17027
2132,9,0,18,7,61958040,3640,182940,10,17036
2133,5,0,18,7,61978140,3640,182940,10,17041
2134,7,0,17,8,62017320,3641,182940,10,17048
2135,3,0,14,11,62038920,3641,182940,10,17051
2136,7,0,17,8,62056320,3641,182940,10,17058
2137,2,0,14,11,62076900,3641,182940,10,17060
2138,6,0,16,9,62094780,3641,182940,10,17066
2139,2,0,13,12,62110680,3641,182940,10,17068
2140,6,0,15,10,62129520,3642,182940,10,17074
2141,5,0,17,8,62135880,3641,182940,10,17079
2142,10,0,19,6,62166420,3641,182940,10,17089
2143,11,0,21,4,62192940,3641,182940,10,17100
2144,16,0,24,1,62242560,3641,182940,10,17116
2145,12,0,21,4,62266860,3639,183060,10,17128
2146,13,0,22,3,62316060,3640,183060,10,17141
2147,14,2,25,0,62348160,3640,184380,10,17155
2148,13,4,25,0,62386680,3640,190200,11,17168
2149,10,2,25,0,62455800,3641,205200,11,17178
2150,6,0,22,3,62484600,3640,216120,12,17184
2151,6,0,15,10,62547360,3641,216120,12,17190
2152,6,0,14,11,62585220,3642,216120,12,17196
2153,7,0,16,9,62601660,3642,216120,12,17203
2154,6,0,17,8,62618220,3642,216120,12,17209
2155,8,0,20,5,62635380,3642,216120,12,17217
2156,7,0,18,7,62662080,3641,216120,12,17224
2157,6,0,17,8,62698320,3642,216120,12,17230
2158,9,0,18,7,62731260,3642,216120,12,17239
2159,6,0,16,9,62751840,3642,216120,12,17245
2160,4,0,17,8,62764140,3642,216120,12,17249
2161,4,0,15,10,62788080,3642,216120,12,17253
2162,8,0,18,7,62807040,3642,216120,12,17261
2163,6,0,20,5,62818020,3642,216120,12,17267
2164,2,0,17,8,62840820,3642,216120,12,17269
2165,5,0,13,12,62882100,3643,216120,12,17274
2166,5,0,12,13,62904060,3643,216120,12,17279
2167,11,0,19,6,62909940,3642,216120,12,17290
2168,8,0,19,6,62932380,3642,216120,12,17298
2169,13,0,24,1,62954880,3641,216120,12,17311
2170,11,0,24,1,62988360,3641,216120,12,17322
2171,12,1,25,0,63044580,3642,220740,12,17334
2172,10,0,25,0,63088680,3642,220860,12,17344
2173,17,5,25,0,63141180,3643,226920,13,17361
2174,7,0,19,6,63205980,3643,240060,13,17368
2175,7,0,16,9,63247260,3643,240060,13,17375
2176,15,0,19,6,63274200,3642,240060,13,17390
2177,8,0,18,7,63297060,3641,240060,13,17398
2178,7,0,18,7,63323460,3642,240060,13,17405
2179,6,0,17,8,63360840,3642,240060,13,17411
2180,2,0,12,13,63390420,3642,240060,13,17413
2181,7,0,17,8,63398760,3642,240060,13,17420
2182,5,0,15,10,63423300,3642,240060,13,17425
2183,7,0,16,9,63438900,3642,240060,13,17432
2184,5,0,17,8,63450900,3642,240060,13,17437
2185,12,0,22,3,63477960,3642,240060,13,17449
2186,7,0,20,5,63513420,3642,240060,13,17456
2187,2,0,14,11,63555660,3643,240060,13,17458
2188,6,0,13,12,63582960,3643,240060,13,17464
2189,7,0,14,11,63598440,3643,240060,13,17471
2190,8,0,16,9,63611520,3642,240060,13,17479
2191,4,0,15,10,63633000,3642,240060,13,17483
2192,6,0,18,7,63638280,3642,240060,13,17489
2193,8,0,19,6,63674160,3643,240060,13,17497
2194,14,0,17,8,63723480,3642,240060,13,17511
2195,15,0,24,1,63739860,3641,240060,13,17526
2196,10,0,20,5,63785040,3641,240060,13,17536
2197,14,0,21,4,63829140,3641,240060,13,17550
2198,7,0,18,7,63868860,3641,240060,13,17557
2199,8,0,21,4,63888300,3641,240060,13,17565
2200,9,0,21,4,63936240,3642,240060,13,17574
2201,10,0,24,1,63964260,3642,240060,13,17584
2202,13,0,21,4,64021260,3642,240060,13,17597
2203,5,0,18,7,64054740,3642,240060,13,17602
2204,9,0,17,8,64093500,3642,240060,13,17611
2205,5,0,17,8,64111860,3642,240060,13,17616
2206,6,0,16,9,64138140,3642,240060,13,17622
2207,4,0,14,11,64166460,3643,240060,13,17626
2208,4,0,14,11,64177560,3643,240060,13,17630
2209,1,0,13,12,64190100,3643,240060,13,17631
2210,7,0,18,7,64206780,3643,240060,13,17638
2211,7,0,20,5,64221060,3643,240060,13,17645
2212,9,0,18,7,64254300,3643,240060,13,17654
2213,11,0,22,3,64291020,3643,240060,13,17665
2214,7,0,19,6,64333500,3644,240060,13,17672
2215,5,0,15,10,64366680,3644,240060,13,17677
2216,8,0,17,8,64394940,3644,240060,13,17685
2217,13,0,20,5,64423620,3644,240060,13,17698
2218,14,0,21,4,64459680,3643,240060,13,17712
2219,12,0,22,3,64492920,3643,240060,13,17724
2220,14,6,25,0,64511700,3643,240060,13,17738
2221,10,7,25,0,64564500,3644,249480,14,17748
2222,18,10,25,0,64625280,3644,268620,15,17766
2223,6,0,22,3,64695780,3644,304980,17,17772
2224,8,0,16,9,64741560,3644,304980,17,17780
2225,6,0,17,8,64754760,3644,304980,17,17786
2226,10,0,21,4,64775340,3644,304980,17,17796
2227,13,1,25,0,64802040,3644,305700,17,17809
2228,10,0,20,5,64855860,3643,306120,17,17819
2229,10,0,22,3,64902180,3644,306120,17,17829
2230,8,0,23,2,64941900,3645,306120,17,17837
2231,3,0,13,12,64990080,3645,306120,17,17840
2232,2,0,11,14,65005560,3645,306120,17,17842
2233,3,0,14,11,65005560,3645,306120,17,17845
2234,4,0,13,12,65023500,3645,306120,17,17849
2235,4,0,15,10,65030940,3645,306120,17,17853
2236,5,0,15,10,65053500,3645,306120,17,17858
2237,7,0,16,9,65066460,3645,306120,17,17865
2238,1,0,15,10,65069460,3645,306120,17,17866
2239,10,0,15,10,65103480,3645,306120,17,17876
2240,7,0,17,8,65117880,3644,306120,17,17883
2241,11,0,19,6,65152320,3644,306120,17,17894
2242,14,0,21,4,65176440,3643,306120,17,17908
2243,9,0,25,0,65198040,3643,308100,17,17917
2244,10,0,21,4,65255880,3644,308100,17,17927
2245,8,0,24,1,65286600,3645,308100,17,17935
2246,12,0,22,3,65334000,3644,308220,17,17947
2247,14,0,21,4,65385060,3644,308220,17,17961
2248,5,0,15,10,65426940,3644,308220,17,17966
2249,15,0,20,5,65453700,3644,308220,17,17981
2250,11,0,19,6,65488380,3643,308220,17,17992
2251,7,0,17,8,65516100,3643,308220,17,17999
2252,8,0,18,7,65542320,3643,308220,17,18007
2253,10,0,22,3,65557020,3643,308220,17,18017
2254,7,0,19,6,65595480,3643,308220,17,18024
2255,6,0,17,8,65632920,3643,308220,17,18030
2256,6,0,16,9,65671740,3644,308220,17,18036
2257,6,0,20,5,65678580,3644,308220,17,18042
2258,5,0,14,11,65729160,3644,308220,17,18047
2259,5,0,17,8,65733960,3644,308220,17,18052
2260,8,0,18,7,65761920,3644,308220,17,18060
2261,11,0,19,6,65794200,3644,308220,17,18071
2262,6,0,20,5,65820420,3645,308220,17,18077
2263,7,0,19,6,65855220,3645,308220,17,18084
2264,18,0,23,2,65896560,3644,308220,17,18102
2265,7,0,16,9,65944560,3644,308220,17,18109
2266,15,0,23,2,65972640,3644,308220,17,18124
2267,11,0,22,3,66010080,3644,309180,17,18135
2268,11,0,23,2,66049560,3644,309240,17,18146
2269,2,0,15,10,66108360,3645,309240,17,18148
2270,10,0,18,7,66129840,3645,309240,17,18158
2271,10,0,21,4,66158040,3645,309240,17,18168
2272,6,0,18,7,66179760,3645,309240,17,18174
2273,6,0,16,9,66215820,3645,309240,17,18180
2274,9,0,18,7,66238620,3645,309240,17,18189
2275,5,0,15,10,66260880,3644,309240,16,18194
2276,4,0,15,10,66273780,3644,309240,16,18198
2277,4,0,16,9,66284640,3644,309240,16,18202
2278,4,0,14,11,66312720,3645,309240,16,18206
2279,6,0,13,12,66330300,3644,309240,16,18212
2280,4,0,12,13,66341460,3644,309240,16,18216
2281,4,0,12,13,66350280,3644,309240,16,18220
2282,2,0,13,12,66352920,3643,309240,16,18222
2283,8,0,15,10,66368100,3643,309240,16,18230
2284,6,0,17,8,66381600,3643,309240,16,18236
2285,8,0,18,7,66408720,3643,309240,16,18244
2286,5,0,18,7,66429060,3643,309240,16,18249
2287,8,0,18,7,66469560,3644,309240,16,18257
2288,10,0,23,2,66487020,3644,309240,16,18267
2289,9,0,21,4,66520740,3643,309240,16,18276
2290,10,0,19,6,66577620,3644,309240,16,18286
2291,10,0,18,7,66595740,3643,309240,16,18296
2292,6,0,16,9,66633240,3643,309240,16,18302
2293,7,0,16,9,66650460,3643,309240,16,18309
2294,7,0,17,8,66677580,3643,309240,16,18316
2295,7,0,17,8,66694920,3643,309240,16,18323
2296,12,0,22,3,66728940,3643,309240,16,18335
2297,9,0,23,2,66752460,3643,309240,16,18344
2298,10,0,23,2,66786960,3643,309240,16,18354
2299,4,0,17,8,66837960,3644,309240,16,18358
2300,12,0,18,7,66873000,3643,309240,16,18370
2301,7,0,19,6,66890400,3643,309240,16,18377
2302,3,0,17,8,66916680,3644,309240,16,18380
2303,5,0,14,11,66961680,3644,309240,16,18385
2304,7,0,14,11,66981960,3644,309240,16,18392
2305,7,0,19,6,66986460,3644,309240,16,18399
2306,5,0,18,7,67003260,3644,309240,16,18404
2307,1,0,10,15,67054020,3645,309240,16,18405
2308,8,0,14,11,67057620,3644,309240,16,18413
2309,7,0,15,10,67068840,3644,309240,16,18420
2310,10,0,18,7,67089420,3643,309240,16,18430
2311,8,0,18,7,67106880,3643,309240,16,18438
2312,8,0,18,7,67135380,3643,309240,16,18446
2313,9,0,24,1,67147800,3643,309240,16,18455
2314,13,0,21,4,67210440,3643,309360,16,18468
2315,17,0,25,0,67255560,3643,310020,16,18485
2316,16,3,25,0,67303440,3643,312420,16,18501
2317,10,0,23,2,67351020,3642,314460,16,18511
2318,13,0,24,1,67407360,3643,315780,17,18524
2319,12,7,25,0,67437060,3644,319620,17,18536
2320,13,0,23,2,67522920,3644,338040,18,18549
2321,12,0,20,5,67573380,3644,338040,18,18561
2322,6,0,20,5,67594140,3644,338040,18,18567
2323,9,0,21,4,67620900,3644,338040,18,18576
2324,9,0,19,6,67677780,3645,338040,18,18585
2325,8,0,21,4,67701480,3645,338040,18,18593
2326,4,0,15,10,67730460,3644,338040,18,18597
2327,8,0,19,6,67747680,3645,338040,18,18605
2328,5,0,16,9,67790880,3645,338040,18,18610
2329,3,0,14,11,67810620,3645,338040,18,18613
2330,10,0,16,9,67832880,3645,338040,18,18623
2331,8,0,19,6,67844160,3645,338040,18,18631
2332,4,0,18,7,67861380,3645,338040,18,18635
2333,3,0,13,12,67901040,3645,338040,18,18638
2334,5,0,14,11,67913460,3645,338040,18,18643
2335,6,0,14,11,67930860,3645,338040,18,18649
2336,8,0,19,6,67940760,3645,338040,18,18657
2337,8,0,23,2,67960920,3645,338040,18,18665
2338,17,1,25,0,68005800,3645,338160,18,18682
2339,13,0,23,2,68048220,3644,339480,18,18695
2340,9,0,17,8,68114340,3645,339480,18,18704
2341,15,0,20,5,68154360,3644,339480,18,18719
2342,4,0,15,10,68189220,3644,339480,18,18723
2343,9,0,19,6,68206500,3644,339480,18,18732
2344,10,0,19,6,68234460,3644,339480,18,18742
2345,11,0,20,5,68268540,3644,339480,18,18753
2346,19,9,25,0,68296020,3644,342420,18,18772
2347,13,14,25,0,68332800,3645,350880,18,18785
2348,9,12,25,0,68390940,3646,370080,19,18794
2349,5,0,21,4,68463600,3645,450540,23,18799
2350,8,0,18,7,68508000,3646,450540,23,18807
2351,2,0,12,13,68536320,3646,450540,23,18809
2352,6,0,15,10,68548140,3646,450540,23,18815
2353,6,0,17,8,68557080,3645,450540,23,18821
2354,5,0,17,8,68579280,3646,450540,23,18826
2355,4,0,13,12,68610840,3646,450540,23,18830
2356,4,0,13,12,68623620,3646,450540,23,18834
2357,9,0,16,9,68643420,3646,450540,23,18843
2358,4,0,14,11,68660880,3645,450540,23,18847
2359,7,0,17,8,68670300,3645,450540,23,18854
2360,3,0,18,7,68679900,3645,450540,23,18857
2361,10,0,21,4,68706420,3645,450540,23,18867
2362,10,0,22,3,68732580,3645,450540,23,18877
2363,11,0,20,5,68779020,3645,450540,23,18888
2364,13,0,24,1,68811960,3645,450540,23,18901
2365,11,2,25,0,68846160,3645,451860,23,18912
2366,6,0,14,11,68930520,3646,453120,23,18918
2367,9,0,18,7,68944020,3646,453120,23,18927
2368,9,0,20,5,68972160,3646,453120,23,18936
2369,10,0,20,5,69004020,3645,453120,23,18946
2370,8,0,20,5,69030060,3645,453120,23,18954
2371,9,0,17,8,69080340,3646,453120,23,18963
2372,4,0,17,8,69099540,3646,453120,23,18967
2373,6,0,17,8,69129600,3646,453120,23,18973
2374,4,0,18,7,69146700,3647,453120,23,18977
2375,6,0,20,5,69164340,3647,453120,23,18983
2376,6,0,16,9,69209100,3647,453120,23,18989
2377,3,0,13,12,69225000,3647,453120,23,18992
2378,5,0,14,11,69250560,3648,453120,23,18997
2379,2,0,13,12,69261060,3648,453120,23,18999
2380,8,0,19,6,69264720,3647,453120,23,19007
2381,2,0,15,10,69300780,3648,453120,23,19009
2382,5,0,15,10,69322860,3648,453120,23,19014
2383,7,0,13,12,69356160,3648,453120,23,19021
2384,5,0,17,8,69360000,3648,453120,23,19026
2385,18,0,25,0,69378660,3647,453120,23,19044
2386,9,0,21,4,69436980,3648,453300,23,19053
2387,6,0,18,7,69472620,3648,453300,23,19059
2388,12,0,20,5,69503760,3648,453300,23,19071
2389,10,0,24,1,69522240,3648,453300,23,19081
2390,11,0,22,3,69571200,3648,453300,23,19092
2391,5,0,17,8,69615720,3648,453300,23,19097
2392,12,0,19,6,69655860,3648,453300,23,19109
2393,12,0,18,7,69680040,3647,453300,23,19121
2394,11,0,23,2,69698700,3647,453300,23,19132
2395,12,0,24,1,69737640,3647,453600,23,19144
2396,9,0,21,4,69789600,3647,453600,23,19153
2397,11,0,22,3,69837780,3648,453780,23,19164
2398,7,0,18,7,69882060,3648,453780,23,19171
2399,2,0,14,11,69907080,3648,453780,23,19173

