Hour,Arrivals,Waiting,Treating,Available Rooms,Total Treatment Time,Average Treatment Time,Total Wait Time,Average Wait Time,Total Arrivals
1,6,0,5,20,2880,2880,0,0,6
2,4,0,7,18,14160,4720,0,0,10
3,5,0,8,17,36660,5237,0,0,15
4,4,0,6,19,67320,5178,0,0,19
5,6,0,5,20,104640,5232,0,0,25
6,7,0,10,15,114780,5217,0,0,32
7,8,0,11,14,144120,4969,0,0,40
8,10,0,10,15,185340,4633,0,0,50
9,12,0,16,9,211500,4597,0,0,62
10,9,0,11,14,276240,4604,0,0,71
11,7,0,10,15,323760,4761,0,0,78
12,14,0,18,7,360000,4864,0,0,92
13,10,0,10,15,429120,4664,0,0,102
14,8,0,10,15,467940,4679,0,0,110
15,15,0,16,9,505860,4640,0,0,125
16,12,0,21,4,541260,4666,0,0,137
17,10,0,16,9,609240,4650,0,0,147
18,8,0,12,13,672300,4701,0,0,155
19,9,0,8,17,730620,4683,0,0,164
20,9,0,9,16,759360,4630,0,0,173
21,6,0,10,15,780660,4619,0,0,179
22,4,0,8,17,817620,4672,0,0,183
23,3,0,4,21,854880,4697,0,0,186
24,4,0,5,20,866700,4684,0,0,190
25,3,0,5,20,884460,4704,0,0,193
26,3,0,4,21,904980,4713,0,0,196
27,6,0,6,19,925200,4720,0,0,202
28,5,0,8,17,931800,4682,0,0,207
29,6,0,8,17,956460,4665,0,0,213
30,10,0,10,15,999360,4691,0,0,223
31,3,0,7,18,1022280,4667,0,0,226
32,10,0,9,16,1062000,4678,0,0,236
33,7,0,9,16,1093380,4672,0,0,243
34,18,0,16,9,1129260,4609,0,0,261
35,8,0,13,12,1177680,4600,0,0,269
36,8,0,14,11,1214880,4619,0,0,277
37,9,0,11,14,1270800,4621,0,0,286
38,10,0,14,11,1302960,4620,0,0,296
39,13,0,13,12,1361640,4600,0,0,309
40,6,0,8,17,1408260,4587,0,0,315
41,14,0,15,10,1441560,4590,0,0,329
42,5,0,10,15,1483800,4579,0,0,334
43,10,0,11,14,1535100,4609,0,0,344
44,5,0,6,19,1582380,4613,0,0,349
45,7,0,9,16,1607160,4631,0,0,356
46,7,0,15,10,1613880,4637,0,0,363
47,5,0,7,18,1688400,4677,0,0,368
48,6,0,7,18,1712640,4666,0,0,374
49,7,0,8,17,1746900,4683,0,0,381
50,3,0,6,19,1770180,4683,0,0,384
51,6,0,9,16,1787640,4691,0,0,390
52,8,0,11,14,1813560,4686,0,0,398
53,5,0,9,16,1842360,4676,0,0,403
54,8,0,10,15,1880100,4688,0,0,411
55,6,0,10,15,1910820,4694,0,0,417
56,8,0,10,15,1949340,4697,0,0,425
57,7,0,6,19,1991940,4675,0,0,432
58,13,0,15,10,2007000,4667,0,0,445
59,6,0,10,15,2061840,4675,0,0,451
60,10,0,11,14,2107860,4684,0,0,461
61,4,0,11,14,2126820,4684,0,0,465
62,11,0,12,13,2172960,4683,0,0,476
63,5,0,6,19,2226660,4687,0,0,481
64,12,0,14,11,2245380,4687,0,0,493
65,6,0,8,17,2291220,4666,0,0,499
66,10,0,11,14,2319960,4658,0,0,509
67,7,0,10,15,2354340,4652,0,0,516
68,9,0,14,11,2374680,4647,0,0,525
69,8,0,10,15,2433600,4653,0,0,533
70,8,0,12,13,2469000,4667,0,0,541
71,9,0,11,14,2526420,4687,0,0,550
72,5,0,11,14,2550960,4689,0,0,555
73,5,0,6,19,2609400,4710,0,0,560
74,4,0,6,19,2626920,4707,0,0,564
75,6,0,8,17,2646300,4708,0,0,570
76,4,0,5,20,2678520,4707,0,0,574
77,4,0,6,19,2694780,4711,0,0,578
78,7,0,9,16,2719740,4721,0,0,585
79,5,0,8,17,2750580,4726,0,0,590
80,6,0,7,18,2779860,4719,0,0,596
81,3,0,3,22,2813700,4720,0,0,599
82,14,0,15,10,2819640,4715,0,0,613
83,4,0,7,18,2870700,4706,0,0,617
84,7,0,7,18,2905440,4708,0,0,624
85,7,0,9,16,2931480,4712,0,0,631
86,12,0,17,8,2948460,4710,0,0,643
87,9,0,11,14,3011100,4697,0,0,652
88,12,0,16,9,3050880,4708,0,0,664
89,9,0,16,9,3096840,4713,0,0,673
90,8,0,12,13,3166440,4733,0,0,681
91,7,0,10,15,3215820,4743,0,0,688
92,5,0,5,20,3255120,4731,0,0,693
93,8,0,10,15,3268740,4730,0,0,701
94,11,0,12,13,3303780,4719,0,0,712
95,8,0,9,16,3354480,4717,0,0,720
96,7,0,7,18,3391320,4710,0,0,727
97,6,0,9,16,3404820,4702,0,0,733
98,8,0,11,14,3429600,4698,0,0,741
99,7,0,9,16,3480300,4709,0,0,748
100,3,0,7,18,3509760,4717,0,0,751
101,4,0,7,18,3534060,4724,0,0,755
102,5,0,6,19,3572520,4738,0,0,760
103,2,0,5,20,3581700,4731,0,0,762
104,11,0,13,12,3588600,4721,0,0,773
105,12,0,17,8,3633900,4731,0,0,785
106,11,0,18,7,3676980,4726,0,0,796
107,5,0,9,16,3743040,4726,0,0,801
108,6,0,8,17,3775500,4725,0,0,807
109,10,0,12,13,3806940,4729,0,0,817
110,10,0,11,14,3854520,4723,0,0,827
111,10,0,14,11,3892560,4729,0,0,837
112,7,0,9,16,3942960,4722,0,0,844
113,10,0,11,14,3976320,4716,0,0,854
114,6,0,8,17,4014000,4711,0,0,860
115,10,0,9,16,4057560,4712,0,0,870
116,9,0,10,15,4091220,4707,0,0,879
117,4,0,7,18,4128840,4713,0,0,883
118,8,0,8,17,4161720,4713,0,0,891
119,8,0,9,16,4186560,4704,0,0,899
120,8,0,11,14,4219020,4708,0,0,907
121,6,0,8,17,4262400,4709,0,0,913
122,6,0,7,18,4298160,4712,0,0,919
123,3,0,6,19,4315200,4710,0,0,922
124,7,0,8,17,4350120,4723,0,0,929
125,10,0,16,9,4358160,4721,0,0,939
126,4,0,8,17,4413780,4720,0,0,943
127,12,0,13,12,4450440,4724,0,0,955
128,6,0,10,15,4491720,4723,0,0,961
129,6,0,9,16,4529580,4728,0,0,967
130,8,0,10,15,4562280,4727,0,0,975
131,14,0,16,9,4600080,4727,0,0,989
132,14,0,20,5,4651620,4732,0,0,1003
133,13,0,17,8,4725060,4729,0,0,1016
134,13,0,18,7,4783860,4731,0,0,1029
135,16,0,19,6,4835760,4713,0,0,1045
136,6,0,11,14,4913640,4724,0,0,1051
137,7,0,7,18,4969500,4728,0,0,1058
138,3,0,7,18,4979160,4724,0,0,1061
139,5,0,6,19,5015580,4731,0,0,1066
140,7,0,10,15,5030160,4732,0,0,1073
141,4,0,5,20,5071980,4731,0,0,1077
142,6,0,6,19,5092740,4728,0,0,1083
143,5,0,5,20,5116680,4724,0,0,1088
144,4,0,5,20,5132460,4721,0,0,1092
145,3,0,5,20,5139420,4715,0,0,1095
146,6,0,6,19,5164620,4716,0,0,1101
147,8,0,11,14,5177640,4715,0,0,1109
148,8,0,10,15,5230620,4725,0,0,1117
149,5,0,7,18,5261040,4718,0,0,1122
150,6,0,6,19,5300820,4724,0,0,1128
151,8,0,13,12,5304060,4723,0,0,1136
152,8,0,14,11,5343720,4728,0,0,1144
153,7,0,10,15,5405100,4737,0,0,1151
154,15,0,17,8,5430540,4726,0,0,1166
155,12,0,18,7,5488860,4731,0,0,1178
156,4,0,6,19,5570880,4737,0,0,1182
157,6,0,6,19,5600700,4738,0,0,1188
158,8,0,9,16,5619660,4734,0,0,1196
159,8,0,9,16,5657760,4734,0,0,1204
160,7,0,9,16,5691120,4734,0,0,1211
161,8,0,8,17,5718360,4722,0,0,1219
162,9,0,12,13,5746620,4725,0,0,1228
163,7,0,11,14,5779740,4722,0,0,1235
164,3,0,6,19,5825880,4728,0,0,1238
165,7,0,9,16,5851200,4733,0,0,1245
166,5,0,5,20,5890320,4731,0,0,1250
167,10,0,10,15,5912400,4729,0,0,1260
168,5,0,6,19,5955120,4730,0,0,1265
169,4,0,7,18,5970960,4731,0,0,1269
170,6,0,8,17,5994840,4731,0,0,1275
171,7,0,11,14,6008640,4727,0,0,1282
172,3,0,9,16,6043680,4736,0,0,1285
173,8,0,6,19,6096720,4737,0,0,1293
174,5,0,8,17,6107220,4734,0,0,1298
175,3,0,5,20,6139320,4737,0,0,1301
176,11,0,12,13,6158940,4737,0,0,1312
177,8,0,11,14,6194040,4731,0,0,1320
178,16,0,22,3,6220800,4734,0,0,1336
179,10,0,13,12,6306120,4730,0,0,1346
180,12,0,15,10,6360360,4735,0,0,1358
181,7,0,16,9,6393720,4739,0,0,1365
182,12,0,15,10,6460140,4743,0,0,1377
183,10,0,14,11,6507300,4739,0,0,1387
184,13,0,14,11,6573060,4742,0,0,1400
185,10,0,17,8,6609300,4744,0,0,1410
186,4,0,7,18,6684060,4750,0,0,1414
187,13,0,16,9,6709680,4755,0,0,1427
188,3,0,9,16,6748860,4749,0,0,1430
189,8,0,8,17,6811740,4763,0,0,1438
190,9,0,14,11,6824040,4762,0,0,1447
191,7,0,9,16,6898020,4773,0,0,1454
192,4,0,5,20,6929640,4769,0,0,1458
193,3,0,4,21,6950760,4770,0,0,1461
194,15,0,14,11,6967980,4766,0,0,1476
195,7,0,10,15,7008660,4758,0,0,1483
196,10,0,10,15,7054320,4756,0,0,1493
197,9,0,11,14,7090620,4755,0,0,1502
198,4,0,6,19,7134960,4756,0,0,1506
199,13,0,16,9,7153440,4759,0,0,1519
200,4,0,7,18,7207560,4754,0,0,1523
201,10,0,10,15,7244700,4756,0,0,1533
202,9,0,12,13,7276380,4755,0,0,1542
203,10,0,13,12,7320540,4756,0,0,1552
204,11,0,17,8,7355820,4757,0,0,1563
205,11,0,15,10,7413120,4755,0,0,1574
206,13,0,16,9,7470180,4755,0,0,1587
207,11,0,14,11,7530540,4754,0,0,1598
208,12,0,13,12,7585980,4750,0,0,1610
209,9,0,13,12,7631640,4751,0,0,1619
210,7,0,11,14,7678320,4754,0,0,1626
211,5,0,6,19,7729260,4756,0,0,1631
212,9,0,11,14,7755660,4760,0,0,1640
213,4,0,8,17,7786620,4759,0,0,1644
214,7,0,11,14,7812720,4763,0,0,1651
215,4,0,7,18,7846080,4760,0,0,1655
216,7,0,7,18,7878720,4760,0,0,1662
217,4,0,6,19,7900200,4759,0,0,1666
218,13,0,15,10,7917060,4757,0,0,1679
219,4,0,7,18,7962120,4750,0,0,1683
220,3,0,4,21,7992000,4751,0,0,1686
221,8,0,7,18,8012160,4749,0,0,1694
222,8,0,11,14,8028780,4747,0,0,1702
223,4,0,9,16,8064000,4751,0,0,1706
224,9,0,11,14,8102640,4755,0,0,1715
225,15,0,17,8,8141220,4752,0,0,1730
226,8,0,11,14,8189700,4742,0,0,1738
227,11,0,11,14,8244240,4743,0,0,1749
228,3,0,8,17,8271540,4742,0,0,1752
229,9,0,12,13,8298180,4744,0,0,1761
230,13,0,17,8,8340900,4747,0,0,1774
231,13,0,16,9,8402460,4744,0,0,1787
232,8,0,11,14,8463900,4744,0,0,1795
233,4,0,6,19,8514180,4748,0,0,1799
234,5,0,5,20,8536740,4745,0,0,1804
235,10,0,11,14,8545800,4739,0,0,1814
236,4,0,6,19,8593800,4742,0,0,1818
237,7,0,9,16,8610180,4741,0,0,1825
238,5,0,9,16,8636940,4742,0,0,1830
239,8,0,11,14,8676900,4749,0,0,1838
240,4,0,6,19,8719680,4749,0,0,1842
241,4,0,6,19,8740860,4750,0,0,1846
242,3,0,7,18,8748300,4749,0,0,1849
243,6,0,7,18,8779620,4750,0,0,1855
244,8,0,7,18,8806200,4744,0,0,1863
245,8,0,9,16,8820900,4737,0,0,1871
246,8,0,12,13,8846460,4738,0,0,1879
247,10,0,12,13,8898660,4740,0,0,1889
248,12,0,12,13,8938260,4731,0,0,1901
249,10,0,8,17,8988420,4723,0,0,1911
250,15,0,18,7,9010320,4722,0,0,1926
251,14,0,23,2,9049860,4720,0,0,1940
252,14,0,20,5,9128880,4720,0,0,1954
253,12,0,21,4,9188460,4724,0,0,1966
254,10,0,13,12,9276960,4725,0,0,1976
255,10,0,14,11,9318480,4725,0,0,1986
256,10,0,9,16,9375360,4718,0,0,1996
257,13,0,14,11,9414180,4718,0,0,2009
258,5,0,9,16,9458340,4717,0,0,2014
259,5,0,8,17,9496980,4722,0,0,2019
260,4,0,6,19,9524760,4722,0,0,2023
261,10,0,10,15,9543540,4717,0,0,2033
262,6,0,10,15,9575700,4719,0,0,2039
263,2,0,6,19,9613260,4723,0,0,2041
264,2,0,1,24,9646260,4723,0,0,2043
265,4,0,5,20,9646260,4723,0,0,2047
266,6,0,7,18,9662100,4722,0,0,2053
267,5,0,6,19,9688080,4721,0,0,2058
268,1,0,2,23,9714900,4722,0,0,2059
269,6,0,5,20,9728640,4722,0,0,2065
270,6,0,8,17,9740580,4721,0,0,2071
271,9,0,15,10,9751980,4722,0,0,2080
272,10,0,15,10,9806280,4725,0,0,2090
273,5,0,10,15,9859080,4728,0,0,2095
274,6,0,8,17,9900960,4730,0,0,2101
275,8,0,6,19,9939900,4726,0,0,2109
276,13,0,12,13,9967620,4723,0,0,2122
277,8,0,9,16,10009860,4719,0,0,2130
278,12,0,14,11,10039680,4717,0,0,2142
279,13,0,19,6,10069200,4714,0,0,2155
280,11,0,19,6,10119840,4713,360,0,2166
281,3,0,7,18,10206360,4720,360,0,2169
282,5,0,8,17,10227600,4721,360,0,2174
283,8,0,8,17,10275240,4726,360,0,2182
284,8,0,10,15,10306800,4727,360,0,2190
285,7,0,6,19,10347360,4722,360,0,2197
286,5,0,5,20,10375680,4722,360,0,2202
287,5,0,7,18,10384620,4720,360,0,2207
288,6,0,8,17,10405260,4718,360,0,2213
289,4,0,7,18,10433220,4720,360,0,2217
290,7,0,11,14,10448040,4721,360,0,2224
291,4,0,6,19,10504500,4727,360,0,2228
292,10,0,12,13,10522440,4727,360,0,2238
293,3,0,8,17,10558980,4728,360,0,2241
294,5,0,7,18,10592340,4730,360,0,2246
295,5,0,7,18,10616280,4730,360,0,2251
296,6,0,9,16,10638900,4732,360,0,2257
297,9,0,12,13,10669800,4733,360,0,2266
298,9,0,12,13,10717440,4735,360,0,2275
299,7,0,9,16,10765860,4736,360,0,2282
300,10,0,14,11,10790400,4736,360,0,2292
301,8,0,12,13,10846200,4740,360,0,2300
302,8,0,9,16,10906020,4743,360,0,2308
303,14,0,18,7,10928460,4743,360,0,2322
304,12,0,16,9,10982460,4737,360,0,2334
305,9,0,15,10,11049720,4746,360,0,2343
306,14,0,18,7,11110140,4749,360,0,2357
307,10,0,17,8,11161080,4749,360,0,2367
308,8,0,12,13,11225100,4750,360,0,2375
309,7,0,9,16,11276040,4751,360,0,2382
310,5,0,8,17,11300400,4750,360,0,2387
311,2,0,8,17,11311800,4750,360,0,2389
312,3,0,5,20,11353320,4756,360,0,2392
313,2,0,3,22,11383680,4761,360,0,2394
314,5,0,6,19,11390100,4759,360,0,2399
315,6,0,7,18,11415780,4760,360,0,2405
316,4,0,9,16,11423280,4759,360,0,2409
317,9,0,10,15,11463120,4760,360,0,2418
318,5,0,8,17,11496840,4760,360,0,2423
319,8,0,8,17,11528520,4757,360,0,2431
320,10,0,14,11,11545500,4757,360,0,2441
321,5,0,9,16,11580960,4752,360,0,2446
322,7,0,11,14,11610720,4754,360,0,2453
323,13,0,13,12,11664540,4755,360,0,2466
324,8,0,13,12,11702580,4755,360,0,2474
325,22,0,23,2,11740380,4747,360,0,2496
326,7,0,18,7,11798280,4747,360,0,2503
327,11,0,13,12,11887920,4753,360,0,2514
328,6,0,9,16,11939160,4754,360,0,2520
329,8,0,9,16,11978220,4755,360,0,2528
330,10,0,13,12,12009720,4756,360,0,2538
331,3,0,11,14,12045360,4761,360,0,2541
332,6,0,9,16,12097080,4766,360,0,2547
333,9,0,13,12,12119160,4765,360,0,2556
334,5,0,11,14,12165420,4770,360,0,2561
335,3,0,5,20,12221820,4776,360,0,2564
336,8,0,8,17,12246840,4776,360,0,2572
337,7,0,9,16,12274260,4775,360,0,2579
338,4,0,7,18,12302040,4775,360,0,2583
339,7,0,7,18,12335820,4775,360,0,2590
340,5,0,7,18,12361920,4776,360,0,2595
341,7,0,8,17,12387360,4775,360,0,2602
342,8,0,11,14,12412020,4775,360,0,2610
343,7,0,12,13,12446580,4777,360,0,2617
344,8,0,12,13,12489120,4779,360,0,2625
345,10,0,15,10,12523200,4779,360,0,2635
346,14,0,15,10,12597660,4782,360,0,2649
347,9,0,16,9,12634260,4782,360,0,2658
348,12,0,14,11,12703560,4782,360,0,2670
349,14,0,14,11,12764220,4780,360,0,2684
350,10,0,14,11,12801240,4776,360,0,2694
351,6,0,10,15,12857940,4779,360,0,2700
352,11,0,11,14,12906420,4780,360,0,2711
353,8,0,12,13,12933060,4777,360,0,2719
354,7,0,12,13,12968820,4778,360,0,2726
355,6,0,11,14,13005960,4779,360,0,2732
356,6,0,10,15,13042500,4780,360,0,2738
357,7,0,8,17,13088940,4782,360,0,2745
358,4,0,6,19,13111380,4779,360,0,2749
359,4,0,5,20,13139520,4781,360,0,2753
360,3,0,4,21,13158600,4781,360,0,2756
361,5,0,7,18,13167240,4781,360,0,2761
362,8,0,12,13,13188120,4783,360,0,2769
363,9,0,10,15,13236180,4781,360,0,2778
364,7,0,4,21,13284240,4776,360,0,2785
365,3,0,6,19,13288860,4776,360,0,2788
366,6,0,6,19,13314840,4775,360,0,2794
367,12,0,13,12,13332660,4773,360,0,2806
368,7,0,13,12,13367100,4773,360,0,2813
369,11,0,15,10,13420920,4777,360,0,2824
370,11,0,15,10,13472520,4777,360,0,2835
371,12,0,16,9,13520340,4775,360,0,2847
372,13,0,17,8,13578480,4776,360,0,2860
373,11,0,15,10,13632060,4773,360,0,2871
374,10,0,15,10,13682640,4774,360,0,2881
375,5,0,7,18,13745520,4774,360,0,2886
376,13,0,15,10,13768380,4774,360,0,2899
377,12,0,15,10,13816620,4770,360,0,2911
378,7,0,14,11,13859580,4772,360,0,2918
379,8,0,10,15,13918380,4773,360,0,2926
380,11,0,13,12,13959360,4774,360,0,2937
381,4,0,8,17,13997340,4772,360,0,2941
382,6,0,9,16,14028300,4774,360,0,2947
383,4,0,7,18,14059920,4775,360,0,2951
384,8,0,9,16,14088660,4775,360,0,2959
385,5,0,8,17,14117400,4775,360,0,2964
386,5,0,5,20,14155860,4775,360,0,2969
387,2,0,4,21,14169660,4775,360,0,2971
388,6,0,7,18,14186220,4776,360,0,2977
389,6,0,8,17,14213760,4777,360,0,2983
390,8,0,8,17,14245320,4775,360,0,2991
391,9,0,14,11,14257200,4774,360,0,3000
392,5,0,9,16,14305920,4775,360,0,3005
393,11,0,10,15,14351820,4774,360,0,3016
394,13,0,16,9,14379060,4772,360,0,3029
395,8,0,14,11,14430540,4773,360,0,3037
396,14,0,17,8,14480460,4772,360,0,3051
397,13,0,20,5,14535300,4775,360,0,3064
398,16,0,17,8,14614500,4771,360,0,3080
399,4,0,9,16,14677080,4773,360,0,3084
400,8,0,7,18,14727120,4773,360,0,3092
401,6,0,9,16,14739840,4771,360,0,3098
402,8,0,7,18,14778300,4768,360,0,3106
403,4,0,5,20,14801400,4766,360,0,3110
404,10,0,9,16,14825220,4765,360,0,3120
405,5,0,10,15,14845560,4765,360,0,3125
406,7,0,5,20,14902020,4765,360,0,3132
407,2,0,4,21,14915820,4765,360,0,3134
408,12,0,8,17,14947440,4763,360,0,3146
409,7,0,9,16,14966100,4760,360,0,3153
410,5,0,6,19,15011580,4762,360,0,3158
411,13,0,17,8,15016620,4761,360,0,3171
412,4,0,8,17,15090240,4764,360,0,3175
413,6,0,8,17,15121200,4765,360,0,3181
414,9,0,14,11,15142800,4767,360,0,3190
415,11,0,12,13,15203040,4767,360,0,3201
416,3,0,7,18,15241800,4767,360,0,3204
417,16,0,16,9,15275940,4767,360,0,3220
418,8,0,10,15,15321900,4761,360,0,3228
419,9,0,11,14,15359340,4761,360,0,3237
420,8,0,11,14,15389280,4758,360,0,3245
421,9,0,15,10,15419940,4760,360,0,3254
422,12,0,17,8,15472500,4762,360,0,3266
423,10,0,13,12,15539520,4762,360,0,3276
424,4,0,4,21,15587220,4758,360,0,3280
425,6,0,6,19,15606480,4758,360,0,3286
426,8,0,10,15,15622740,4757,360,0,3294
427,14,0,15,10,15665340,4757,360,0,3308
428,12,0,17,8,15711900,4756,360,0,3320
429,7,0,16,9,15749760,4756,360,0,3327
430,6,0,8,17,15833700,4762,360,0,3333
431,5,0,7,18,15863940,4762,360,0,3338
432,8,0,11,14,15890700,4764,360,0,3346
433,4,0,10,15,15915180,4765,360,0,3350
434,2,0,2,23,15968040,4766,360,0,3352
435,5,0,5,20,15976980,4766,360,0,3357
436,7,0,9,16,15990300,4766,360,0,3364
437,1,0,5,20,16019640,4767,360,0,3365
438,4,0,5,20,16038720,4767,360,0,3369
439,4,0,4,21,16064340,4768,360,0,3373
440,9,0,8,17,16084440,4767,360,0,3382
441,7,0,11,14,16101660,4766,360,0,3389
442,3,0,7,18,16133580,4766,360,0,3392
443,17,0,14,11,16172820,4763,360,0,3409
444,4,0,8,17,16219200,4763,360,0,3413
445,11,0,16,9,16241220,4765,360,0,3424
446,12,0,18,7,16285800,4764,360,0,3436
447,15,0,17,8,16369860,4766,360,0,3451
448,7,0,14,11,16419840,4767,360,0,3458
449,10,0,11,14,16477620,4766,360,0,3468
450,6,0,10,15,16513980,4767,360,0,3474
451,12,0,14,11,16557060,4768,360,0,3486
452,16,0,21,4,16586580,4764,360,0,3502
453,7,0,16,9,16638660,4763,360,0,3509
454,6,0,7,18,16718880,4765,360,0,3515
455,2,0,5,20,16740660,4766,360,0,3517
456,6,0,7,18,16760700,4766,360,0,3523
457,4,0,7,18,16783800,4768,360,0,3527
458,5,0,7,18,16805700,4767,360,0,3532
459,3,0,3,22,16843860,4768,360,0,3535
460,7,0,6,19,16858920,4767,360,0,3542
461,6,0,5,20,16892700,4767,360,0,3548
462,7,0,8,17,16904700,4765,360,0,3555
463,9,0,7,18,16942560,4763,360,0,3564
464,6,0,8,17,16958940,4761,360,0,3570
465,10,0,12,13,16983900,4760,360,0,3580
466,10,0,14,11,17020020,4759,360,0,3590
467,14,0,15,10,17084640,4760,360,0,3604
468,12,0,18,7,17131620,4761,360,0,3616
469,9,0,14,11,17197380,4762,360,0,3625
470,11,0,17,8,17247360,4765,360,0,3636
471,6,0,17,8,17287200,4768,360,0,3642
472,12,0,16,9,17363640,4772,360,0,3654
473,11,0,18,7,17414160,4774,360,0,3665
474,7,0,12,13,17479680,4775,360,0,3672
475,7,0,11,14,17518020,4775,360,0,3679
476,10,0,14,11,17551020,4775,360,0,3689
477,3,0,8,17,17605260,4778,360,0,3692
478,4,0,6,19,17642640,4781,360,0,3696
479,6,0,7,18,17669400,4781,360,0,3702
480,2,0,5,20,17690220,4782,360,0,3704
481,5,0,5,20,17715120,4782,360,0,3709
482,5,0,7,18,17727900,4782,360,0,3714
483,3,0,5,20,17754660,4783,360,0,3717
484,8,0,9,16,17773440,4782,360,0,3725
485,4,0,9,16,17787600,4781,360,0,3729
486,4,0,6,19,17830380,4784,360,0,3733
487,6,0,7,18,17860680,4785,360,0,3739
488,6,0,10,15,17876760,4786,360,0,3745
489,9,0,10,15,17915880,4785,360,0,3754
490,10,0,13,12,17949900,4785,360,0,3764
491,11,0,16,9,17994480,4787,360,0,3775
492,17,0,24,1,18039900,4787,360,0,3792
493,11,0,22,3,18107640,4789,1740,0,3803
494,7,0,12,13,18182640,4787,1740,0,3810
495,7,0,11,14,18236820,4791,1740,0,3817
496,10,0,10,15,18297780,4793,1740,0,3827
497,3,0,8,17,18317280,4792,1740,0,3830
498,10,0,11,14,18362280,4795,1740,0,3840
499,6,0,6,19,18406920,4793,1740,0,3846
500,11,0,10,15,18436560,4792,1740,0,3857
501,12,0,14,11,18467760,4790,1740,0,3869
502,8,0,11,14,18515940,4789,1740,0,3877
503,5,0,10,15,18558360,4792,1740,0,3882
504,4,0,6,19,18597840,4793,1740,0,3886
505,5,0,5,20,18627540,4793,1740,0,3891
506,5,0,4,21,18650700,4792,1740,0,3896
507,7,0,9,16,18655380,4790,1740,0,3903
508,2,0,6,19,18678600,4790,1740,0,3905
509,5,0,7,18,18709860,4793,1740,0,3910
510,7,0,8,17,18731940,4792,1740,0,3917
511,9,0,11,14,18763860,4792,1740,0,3926
512,8,0,11,14,18802620,4792,1740,0,3934
513,5,0,9,16,18836160,4792,1740,0,3939
514,7,0,9,16,18867420,4792,1740,0,3946
515,13,0,12,13,18898260,4788,1740,0,3959
516,15,0,16,9,18947640,4787,1740,0,3974
517,11,0,14,11,19014960,4788,1740,0,3985
518,20,0,25,0,19056480,4788,1740,0,4005
519,7,0,15,10,19125900,4785,1740,0,4012
520,9,0,10,15,19205160,4788,1740,0,4021
521,8,0,14,11,19227840,4789,1740,0,4029
522,4,0,8,17,19287840,4792,1740,0,4033
523,9,0,11,14,19325400,4794,1740,0,4042
524,4,0,6,19,19360680,4792,1740,0,4046
525,5,0,6,19,19384920,4792,1740,0,4051
526,7,0,8,17,19412940,4793,1740,0,4058
527,1,0,5,20,19438320,4794,1740,0,4059
528,2,0,0,25,19472100,4794,1740,0,4061
529,5,0,4,21,19473120,4793,1740,0,4066
530,1,0,1,24,19481040,4791,1740,0,4067
531,6,0,6,19,19488780,4791,1740,0,4073
532,9,0,12,13,19504140,4792,1740,0,4082
533,8,0,11,14,19544820,4791,1740,0,4090
534,8,0,9,16,19591800,4791,1740,0,4098
535,11,0,12,13,19622340,4789,1740,0,4109
536,5,0,10,15,19657800,4789,1740,0,4114
537,7,0,9,16,19698300,4790,1740,0,4121
538,10,0,10,15,19738320,4789,1740,0,4131
539,21,2,25,0,19756080,4789,1740,0,4152
540,13,0,22,3,19847820,4790,1980,0,4165
541,10,0,18,7,19921980,4792,1980,0,4175
542,12,0,18,7,19983000,4793,1980,0,4187
543,12,0,13,12,20067600,4793,1980,0,4199
544,14,0,15,10,20129880,4795,1980,0,4213
545,11,0,16,9,20167920,4792,1980,0,4224
546,9,0,12,13,20239920,4795,1980,0,4233
547,7,0,12,13,20270100,4794,1980,0,4240
548,7,0,10,15,20315280,4794,1980,0,4247
549,9,0,9,16,20360400,4794,1980,0,4256
550,4,0,10,15,20374020,4793,1980,0,4260
551,6,0,6,19,20420820,4793,1980,0,4266
552,2,0,5,20,20436060,4793,1980,0,4268
553,2,0,2,23,20464200,4794,1980,0,4270
554,5,0,5,20,20471940,4794,1980,0,4275
555,6,0,5,20,20492880,4792,1980,0,4281
556,7,0,9,16,20507160,4792,1980,0,4288
557,3,0,6,19,20533080,4791,1980,0,4291
558,10,0,9,16,20567460,4792,1980,0,4301
559,6,0,7,18,20591520,4788,1980,0,4307
560,7,0,9,16,20617980,4789,1980,0,4314
561,7,0,9,16,20649960,4788,1980,0,4321
562,10,0,13,12,20684280,4790,1980,0,4331
563,16,0,20,5,20730780,4791,1980,0,4347
564,11,0,20,5,20787660,4791,1980,0,4358
565,8,0,9,16,20882220,4792,1980,0,4366
566,9,0,12,13,20910420,4792,1980,0,4375
567,10,0,14,11,20950320,4793,1980,0,4385
568,14,0,16,9,20999640,4791,1980,0,4399
569,10,0,16,9,21045960,4790,1980,0,4409
570,8,0,15,10,21102000,4793,1980,0,4417
571,10,0,11,14,21184620,4797,1980,0,4427
572,9,0,13,12,21213360,4796,1980,0,4436
573,6,0,6,19,21275940,4796,1980,0,4442
574,5,0,9,16,21286920,4796,1980,0,4447
575,9,0,10,15,21323340,4796,1980,0,4456
576,1,0,6,19,21349620,4796,1980,0,4457
577,6,0,7,18,21386160,4799,1980,0,4463
578,6,0,8,17,21409560,4799,1980,0,4469
579,5,0,5,20,21445860,4798,1980,0,4474
580,5,0,6,19,21472500,4800,1980,0,4479
581,2,0,5,20,21486480,4800,1980,0,4481
582,5,0,5,20,21515100,4801,1980,0,4486
583,6,0,6,19,21533460,4800,1980,0,4492
584,9,0,11,14,21554760,4800,1980,0,4501
585,12,0,11,14,21600360,4797,1980,0,4513
586,12,0,19,6,21612300,4796,1980,0,4525
587,8,0,12,13,21683400,4796,1980,0,4533
588,8,0,7,18,21742140,4795,1980,0,4541
589,12,0,14,11,21766200,4795,1980,0,4553
590,14,0,22,3,21791100,4794,1980,0,4567
591,10,0,13,12,21884700,4795,1980,0,4577
592,10,0,12,13,21939360,4795,1980,0,4587
593,8,0,10,15,21980280,4793,1980,0,4595
594,11,0,12,13,22027500,4794,1980,0,4606
595,14,0,15,10,22074360,4793,1980,0,4620
596,6,0,10,15,22123320,4792,1980,0,4626
597,5,0,6,19,22169700,4793,1980,0,4631
598,6,0,8,17,22188120,4793,1980,0,4637
599,8,0,10,15,22217940,4793,1980,0,4645
600,3,0,5,20,22249560,4792,1980,0,4648
601,9,0,9,16,22276920,4792,1980,0,4657
602,4,0,9,16,22295040,4792,1980,0,4661
603,2,0,3,22,22344000,4794,1980,0,4663
604,5,0,4,21,22359060,4793,1980,0,4668
605,6,0,8,17,22366680,4793,1980,0,4674
606,11,0,14,11,22390380,4793,1980,0,4685
607,3,0,7,18,22441920,4794,1980,0,4688
608,8,0,9,16,22473060,4794,1980,0,4696
609,7,0,8,17,22501200,4792,1980,0,4703
610,11,0,12,13,22534860,4792,1980,0,4714
611,9,0,15,10,22556100,4791,1980,0,4723
612,7,0,11,14,22613220,4791,1980,0,4730
613,5,0,7,18,22661220,4792,1980,0,4735
614,18,0,18,7,22686720,4791,1980,0,4753
615,15,0,21,4,22733160,4788,1980,0,4768
616,3,0,13,12,22799280,4791,1980,0,4771
617,12,0,17,8,22856640,4795,1980,0,4783
618,8,0,14,11,22918740,4797,1980,0,4791
619,12,0,14,11,22981020,4798,1980,0,4803
620,18,0,22,3,23019480,4796,1980,0,4821
621,7,0,14,11,23090040,4796,1980,0,4828
622,6,0,10,15,23145360,4797,1980,0,4834
623,5,0,7,18,23189400,4799,1980,0,4839
624,9,0,9,16,23220000,4798,1980,0,4848
625,5,0,7,18,23245320,4796,1980,0,4853
626,4,0,7,18,23267580,4797,1980,0,4857
627,4,0,5,20,23298480,4797,1980,0,4861
628,12,0,11,14,23320260,4796,1980,0,4873
629,10,0,12,13,23357280,4795,1980,0,4883
630,5,0,8,17,23397900,4794,1980,0,4888
631,4,0,5,20,23435760,4795,1980,0,4892
632,15,0,15,10,23463060,4796,1980,0,4907
633,13,0,18,7,23507280,4795,1980,0,4920
634,13,0,14,11,23589180,4795,1980,0,4933
635,8,0,12,13,23639460,4795,1980,0,4941
636,7,0,12,13,23673840,4796,1980,0,4948
637,9,0,13,12,23708760,4795,1980,0,4957
638,8,0,11,14,23768940,4797,1980,0,4965
639,18,0,20,5,23809560,4797,1980,0,4983
640,14,0,23,2,23863680,4797,1980,0,4997
641,11,0,18,7,23937300,4797,1980,0,5008
642,8,0,11,14,24021660,4799,1980,0,5016
643,11,0,11,14,24077280,4800,1980,0,5027
644,6,0,8,17,24124800,4800,1980,0,5033
645,5,0,8,17,24150360,4801,1980,0,5038
646,5,0,6,19,24182100,4800,1980,0,5043
647,5,0,5,20,24204900,4799,1980,0,5048
648,7,0,7,18,24233400,4800,1980,0,5055
649,3,0,6,19,24253020,4800,1980,0,5058
650,3,0,6,19,24271500,4801,1980,0,5061
651,4,0,5,20,24297780,4801,1980,0,5065
652,4,0,5,20,24315240,4801,1980,0,5069
653,6,0,7,18,24330540,4800,1980,0,5075
654,8,0,10,15,24361740,4802,1980,0,5083
655,7,0,8,17,24396540,4800,1980,0,5090
656,12,0,14,11,24416940,4798,1980,0,5102
657,8,0,15,10,24451680,4799,1980,0,5110
658,12,0,16,9,24520260,4802,1980,0,5122
659,13,0,19,6,24569220,4802,1980,0,5135
660,9,0,15,10,24640200,4804,1980,0,5144
661,17,0,19,6,24711900,4805,1980,0,5161
662,12,0,24,1,24753060,4807,1980,0,5173
663,14,0,17,8,24849840,4806,2100,0,5187
664,10,0,11,14,24925260,4806,2100,0,5197
665,8,0,10,15,24971460,4806,2100,0,5205
666,5,0,5,20,25016220,4806,2100,0,5210
667,10,0,13,12,25023720,4805,2100,0,5220
668,7,0,10,15,25074300,4806,2100,0,5227
669,9,0,14,11,25098600,4806,2100,0,5236
670,3,0,5,20,25159140,4806,2100,0,5239
671,1,0,0,25,25190520,4807,2100,0,5240
672,7,0,7,18,25190520,4807,2100,0,5247
673,5,0,12,13,25190520,4807,2100,0,5252
674,4,0,12,13,25201500,4805,2100,0,5256
675,11,0,20,5,25215720,4805,2100,0,5267
676,4,0,15,10,25259760,4805,2100,0,5271
677,4,0,8,17,25318680,4807,2100,0,5275
678,8,0,14,11,25325580,4806,2100,0,5283
679,10,0,20,5,25338300,4805,2100,0,5293
680,8,0,21,4,25365420,4804,2100,0,5301
681,7,0,19,6,25421580,4806,2100,0,5308
682,11,0,24,1,25463340,4808,2100,0,5319
683,13,0,25,0,25530240,4810,6300,1,5332
684,12,2,25,0,25580040,4810,6840,1,5344
685,8,0,18,7,25661880,4811,8160,1,5352
686,12,0,20,5,25712460,4811,8160,1,5364
687,10,0,19,6,25775100,4813,8160,1,5374
688,15,0,23,2,25822920,4812,8280,1,5389
689,15,0,25,0,25884600,4812,8280,1,5404
690,10,0,21,4,25951740,4812,8280,1,5414
691,5,0,16,9,25998180,4811,8280,1,5419
692,3,0,13,12,26039940,4814,8280,1,5422
693,4,0,14,11,26055780,4814,8280,1,5426
694,6,0,14,11,26091840,4815,8280,1,5432
695,4,0,13,12,26117220,4816,8280,1,5436
696,7,0,16,9,26136960,4816,8280,1,5443
697,7,0,14,11,26175420,4815,8280,1,5450
698,5,0,12,13,26199060,4813,8280,1,5455
699,7,0,14,11,26221860,4813,8280,1,5462
700,7,0,15,10,26252760,4813,8280,1,5469
701,9,0,17,8,26287380,4813,8280,1,5478
702,5,0,12,13,26335200,4813,8280,1,5483
703,3,0,11,14,26353080,4813,8280,1,5486
704,4,0,11,14,26375700,4813,8280,1,5490
705,7,0,14,11,26387880,4812,8280,1,5497
706,8,0,17,8,26411340,4812,8280,1,5505
707,11,0,20,5,26447640,4812,8280,1,5516
708,6,0,18,7,26489220,4812,8280,1,5522
709,9,0,19,6,26535180,4814,8280,1,5531
710,9,0,20,5,26574840,4814,8280,1,5540
711,15,0,22,3,26635980,4814,8280,1,5555
712,8,0,24,1,26669700,4814,8340,1,5563
713,8,0,19,6,26740200,4816,8340,1,5571
714,19,1,25,0,26801280,4816,8760,1,5590
715,6,0,22,3,26845740,4816,9060,1,5596
716,5,0,15,10,26911320,4817,9060,1,5601
717,9,0,17,8,26950440,4818,9060,1,5610
718,7,0,20,5,26976360,4819,9060,1,5617
719,7,0,15,10,27038040,4820,9060,1,5624
720,8,0,16,9,27074520,4820,9060,1,5632
721,6,0,14,11,27113040,4820,9060,1,5638
722,5,0,11,14,27148080,4820,9060,1,5643
723,10,0,18,7,27166380,4821,9060,1,5653
724,8,0,19,6,27195780,4820,9060,1,5661
725,5,0,14,11,27258000,4822,9060,1,5666
726,9,0,17,8,27288600,4823,9060,1,5675
727,8,0,19,6,27318840,4823,9060,1,5683
728,11,0,19,6,27366300,4822,9060,1,5694
729,21,5,25,0,27415020,4822,11220,1,5715
730,4,0,23,2,27470100,4822,21900,3,5719
731,11,0,18,7,27551160,4823,21900,3,5730
732,15,0,24,1,27591720,4822,21900,3,5745
733,8,0,18,7,27644160,4820,21900,3,5753
734,12,0,20,5,27697560,4821,21900,3,5765
735,7,0,18,7,27740220,4821,21900,3,5772
736,5,0,15,10,27782400,4821,21900,3,5777
737,14,0,23,2,27813840,4822,21900,3,5791
738,5,0,19,6,27856140,4821,21900,3,5796
739,3,0,12,13,27925860,4825,21900,3,5799
740,11,0,19,6,27947640,4826,21900,3,5810
741,8,0,19,6,27983400,4825,21900,3,5818
742,5,0,11,14,28043760,4825,21900,3,5823
743,8,0,14,11,28063140,4824,21900,3,5831
744,4,0,15,10,28078140,4824,21900,3,5835
745,6,0,12,13,28127220,4825,21900,3,5841
746,2,0,10,15,28141680,4824,21900,3,5843
747,10,0,16,9,28164900,4825,21900,3,5853
748,10,0,19,6,28191360,4823,21900,3,5863
749,5,0,17,8,28230300,4824,21900,3,5868
750,6,0,14,11,28277100,4825,21900,3,5874
751,8,0,16,9,28306920,4825,21900,3,5882
752,8,0,16,9,28350540,4826,21900,3,5890
753,7,0,14,11,28386420,4825,21900,3,5897
754,5,0,13,12,28418640,4825,21900,3,5902
755,6,0,14,11,28443000,4825,21900,3,5908
756,13,0,23,2,28461240,4825,21900,3,5921
757,12,0,22,3,28515300,4824,21900,3,5933
758,7,0,18,7,28569480,4824,21900,3,5940
759,10,0,20,5,28609260,4824,21900,3,5950
760,7,0,17,8,28658760,4824,21900,3,5957
761,12,0,19,6,28710780,4825,21900,3,5969
762,13,0,22,3,28744800,4822,21900,3,5982
763,7,0,16,9,28800480,4821,21900,3,5989
764,10,0,18,7,28833540,4820,21900,3,5999
765,4,0,13,12,28877400,4820,21900,3,6003
766,4,0,12,13,28906080,4821,21900,3,6007
767,11,0,17,8,28927260,4820,21900,3,6018
768,4,0,12,13,28962480,4819,21900,3,6022
769,4,0,11,14,28986840,4819,21900,3,6026
770,5,0,12,13,29006760,4819,21900,3,6031
771,7,0,12,13,29032200,4817,21900,3,6038
772,3,0,10,15,29060460,4818,21900,3,6041
773,9,0,12,13,29080260,4816,21900,3,6050
774,9,0,15,10,29098080,4814,21900,3,6059
775,4,0,15,10,29120280,4814,21900,3,6063
776,7,0,14,11,29158320,4814,21900,3,6070
777,8,0,18,7,29182860,4815,21900,3,6078
778,11,0,18,7,29236740,4815,21900,3,6089
779,9,0,17,8,29278500,4814,21900,3,6098
780,10,0,20,5,29312640,4814,21900,3,6108
781,11,0,18,7,29362560,4812,21900,3,6119
782,13,0,22,3,29411700,4813,21900,3,6132
783,10,0,22,3,29453100,4812,21900,3,6142
784,8,0,17,8,29523540,4813,21900,3,6150
785,9,0,14,11,29582880,4814,21900,3,6159
786,11,0,19,6,29606940,4813,21900,3,6170
787,5,0,14,11,29655300,4813,21900,3,6175
788,9,0,15,10,29693700,4813,21900,3,6184
789,9,0,16,9,29724840,4812,21900,3,6193
790,6,0,15,10,29755380,4811,21900,3,6199
791,8,0,16,9,29789580,4811,21900,3,6207
792,3,0,12,13,29828460,4812,21900,3,6210
793,6,0,14,11,29850840,4813,21900,3,6216
794,4,0,15,10,29864580,4812,21900,3,6220
795,4,0,13,12,29912640,4816,21900,3,6224
796,6,0,14,11,29934720,4815,21900,3,6230
797,7,0,13,12,29970840,4815,21900,3,6237
798,7,0,16,9,29986500,4814,21900,3,6244
799,13,0,22,3,30017760,4814,21900,3,6257
800,10,0,23,2,30063480,4814,21900,3,6267
801,10,0,24,1,30106500,4814,21900,3,6277
802,13,0,21,4,30196560,4816,23460,3,6290
803,9,0,20,5,30245760,4816,23460,3,6299
804,7,0,18,7,30299040,4818,23460,3,6306
805,7,0,16,9,30350640,4819,23460,3,6313
806,11,0,17,8,30392160,4818,23460,3,6324
807,9,0,18,7,30427380,4818,23460,3,6333
808,15,3,25,0,30447120,4817,25380,3,6348
809,13,4,25,0,30514920,4819,32520,5,6361
810,7,0,19,6,30599700,4819,38580,6,6368
811,7,0,16,9,30653940,4820,38580,6,6375
812,3,0,11,14,30692340,4820,38580,6,6378
813,5,0,12,13,30712980,4820,38580,6,6383
814,3,0,11,14,30727860,4820,38580,6,6386
815,9,0,17,8,30746460,4820,38580,6,6395
816,4,0,13,12,30785940,4820,38580,6,6399
817,4,0,12,13,30817320,4821,38580,6,6403
818,4,0,10,15,30846120,4821,38580,6,6407
819,8,0,15,10,30862860,4822,38580,6,6415
820,10,0,17,8,30890460,4820,38580,6,6425
821,4,0,15,10,30920940,4820,38580,6,6429
822,9,0,17,8,30962160,4822,38580,5,6438
823,9,0,21,4,30984300,4821,38580,5,6447
824,9,0,23,2,31028100,4823,38580,5,6456
825,12,0,21,4,31089660,4822,38580,5,6468
826,7,0,14,11,31155240,4822,38580,5,6475
827,9,0,16,9,31187460,4821,38580,5,6484
828,12,0,21,4,31224540,4822,38580,5,6496
829,12,0,23,2,31273560,4822,38580,5,6508
830,14,7,24,1,31303740,4822,42120,6,6522
831,10,2,25,0,31401000,4827,60120,9,6532
832,10,0,22,3,31471020,4826,81720,12,6542
833,8,0,15,10,31533900,4825,81720,12,6550
834,4,0,15,10,31555800,4825,81720,12,6554
835,6,0,12,13,31601400,4826,81720,12,6560
836,15,0,21,4,31621260,4824,81720,12,6575
837,5,0,20,5,31650480,4824,81720,12,6580
838,3,0,13,12,31710060,4826,81720,12,6583
839,6,0,12,13,31746600,4826,81720,12,6589
840,6,0,16,9,31761840,4827,81720,12,6595
841,3,0,10,15,31808220,4828,81720,12,6598
842,4,0,11,14,31825980,4828,81720,12,6602
843,5,0,14,11,31832760,4828,81720,12,6607
844,3,0,12,13,31862700,4829,81720,12,6610
845,4,0,11,14,31881660,4828,81720,12,6614
846,6,0,14,11,31905720,4829,81720,12,6620
847,6,0,14,11,31935960,4830,81720,12,6626
848,13,0,18,7,31969500,4828,81720,12,6639
849,10,0,19,6,32017080,4829,81720,12,6649
850,17,1,25,0,32055240,4827,82620,12,6666
851,9,0,23,2,32111280,4827,82860,12,6675
852,9,0,20,5,32170200,4827,82860,12,6684
853,10,0,19,6,32232600,4828,82860,12,6694
854,15,3,25,0,32272080,4830,83760,12,6709
855,12,3,25,0,32339040,4831,90960,13,6721
856,7,0,20,5,32415240,4832,100560,14,6728
857,7,0,14,11,32474940,4831,100560,14,6735
858,10,0,20,5,32497320,4832,100560,14,6745
859,11,0,22,3,32536860,4831,100560,14,6756
860,2,0,11,14,32594160,4830,100560,14,6758
861,6,0,11,14,32627220,4831,100560,14,6764
862,7,0,13,12,32643900,4830,100560,14,6771
863,8,0,16,9,32670240,4830,100560,14,6779
864,9,0,15,10,32707620,4829,100560,14,6788
865,3,0,15,10,32722260,4829,100560,14,6791
866,2,0,9,16,32774880,4831,100560,14,6793
867,9,0,16,9,32784000,4831,100560,14,6802
868,5,0,13,12,32811060,4829,100560,14,6807
869,10,0,15,10,32847300,4829,100560,14,6817
870,10,0,20,5,32874960,4829,100560,14,6827
871,8,0,18,7,32926560,4830,100560,14,6835
872,5,0,15,10,32962260,4829,100560,14,6840
873,12,0,20,5,33000120,4830,100560,14,6852
874,17,5,25,0,33035760,4830,105660,15,6869
875,6,0,20,5,33113760,4830,119580,17,6875
876,10,0,20,5,33157560,4829,119580,17,6885
877,8,0,17,8,33227280,4832,119580,17,6893
878,16,1,25,0,33263820,4832,120300,17,6909
879,4,0,15,10,33333180,4832,120660,17,6913
880,14,0,23,2,33360720,4832,120660,17,6927
881,7,0,19,6,33414900,4832,120660,17,6934
882,12,0,21,4,33466500,4832,120660,17,6946
883,3,0,12,13,33520500,4832,120660,17,6949
884,7,0,14,11,33549120,4832,120660,17,6956
885,8,0,19,6,33564540,4832,120660,17,6964
886,11,0,21,4,33605820,4832,120660,17,6975
887,5,0,19,6,33647820,4833,120660,17,6980
888,9,0,17,8,33718260,4836,120660,17,6989
889,5,0,13,12,33759540,4835,120660,17,6994
890,8,0,14,11,33787080,4835,120660,17,7002
891,4,0,12,13,33814980,4834,120660,17,7006
892,7,0,13,12,33849120,4835,120660,17,7013
893,4,0,16,9,33853320,4835,120660,17,7017
894,6,0,15,10,33896160,4836,120660,17,7023
895,6,0,15,10,33934320,4838,120660,17,7029
896,13,0,20,5,33975480,4838,120660,17,7042
897,3,0,11,14,34034040,4838,120660,17,7045
898,14,0,20,5,34058520,4838,120660,17,7059
899,11,0,20,5,34096380,4836,120720,17,7070
900,8,0,18,7,34141440,4835,120720,17,7078
901,6,0,16,9,34188480,4837,120720,17,7084
902,16,0,24,1,34229340,4837,120720,17,7100
903,10,0,23,2,34277760,4836,120840,16,7110
904,8,0,19,6,34354860,4839,120840,16,7118
905,5,0,14,11,34409700,4840,120840,16,7123
906,5,0,13,12,34435920,4839,120840,16,7128
907,7,0,14,11,34471140,4840,120840,16,7135
908,8,0,16,9,34502760,4841,120840,16,7143
909,4,0,17,8,34520280,4841,120840,16,7147
910,4,0,12,13,34575660,4843,120840,16,7151
911,5,0,13,12,34595220,4843,120840,16,7156
912,8,0,18,7,34603860,4842,120840,16,7164
913,4,0,14,11,34655040,4844,120840,16,7168
914,4,0,10,15,34701540,4845,120840,16,7172
915,4,0,9,16,34717980,4844,120840,16,7176
916,5,0,13,12,34724280,4844,120840,16,7181
917,10,0,19,6,34742460,4844,120840,16,7191
918,3,0,11,14,34796400,4844,120840,16,7194
919,4,0,10,15,34821180,4844,120840,16,7198
920,12,0,18,7,34840980,4844,120840,16,7210
921,5,0,14,11,34875960,4843,120840,16,7215
922,8,0,15,10,34909860,4843,120840,16,7223
923,9,0,15,10,34951980,4843,120840,16,7232
924,9,0,20,5,34974540,4843,120840,16,7241
925,18,3,25,0,35021880,4843,122880,16,7259
926,12,1,25,0,35094060,4843,126060,17,7271
927,15,0,24,1,35164080,4842,129000,17,7286
928,14,0,21,4,35236920,4840,129960,17,7300
929,11,0,22,3,35288760,4841,129960,17,7311
930,6,0,16,9,35344380,4841,129960,17,7317
931,9,0,18,7,35382180,4841,129960,17,7326
932,6,0,17,8,35420280,4842,129960,17,7332
933,9,0,17,8,35472660,4843,129960,17,7341
934,6,0,15,10,35507940,4842,129960,17,7347
935,5,0,11,14,35549340,4842,129960,17,7352
936,5,0,15,10,35554200,4842,129960,17,7357
937,3,0,11,14,35588040,4842,129960,17,7360
938,5,0,12,13,35608860,4842,129960,17,7365
939,8,0,15,10,35634480,4842,129960,17,7373
940,7,0,19,6,35646660,4842,129960,17,7380
941,9,0,15,10,35714520,4843,129960,17,7389
942,7,0,16,9,35735940,4842,129960,17,7396
943,14,0,21,4,35788740,4843,129960,17,7410
944,15,0,25,0,35835240,4842,132840,17,7425
945,14,2,25,0,35893080,4842,139020,18,7439
946,8,0,20,5,35977920,4844,145080,19,7447
947,11,0,20,5,36035220,4844,145080,19,7458
948,13,0,21,4,36087420,4843,145260,19,7471
949,10,0,20,5,36133680,4843,145260,19,7481
950,8,0,19,6,36181740,4843,145260,19,7489
951,9,0,20,5,36224940,4844,145260,19,7498
952,10,0,21,4,36278520,4845,145260,19,7508
953,11,0,20,5,36325080,4843,145260,19,7519
954,8,0,16,9,36380400,4843,145260,19,7527
955,10,0,24,1,36394080,4844,145260,19,7537
956,5,0,16,9,36461160,4844,145260,19,7542
957,9,0,18,7,36510360,4846,145260,19,7551
958,7,0,17,8,36542100,4845,145260,19,7558
959,6,0,12,13,36597480,4846,145260,19,7564
960,5,0,15,10,36607740,4846,145260,19,7569
961,3,0,11,14,36651420,4847,145260,19,7572
962,6,0,12,13,36676200,4847,145260,19,7578
963,8,0,15,10,36695940,4846,145260,19,7586
964,7,0,15,10,36723240,4846,145260,19,7593
965,6,0,15,10,36749760,4845,145260,19,7599
966,12,0,20,5,36781080,4845,145260,19,7611
967,12,0,20,5,36828420,4843,145260,19,7623
968,6,0,15,10,36884940,4844,145260,19,7629
969,10,0,18,7,36921840,4844,145260,19,7639
970,3,0,13,12,36964800,4845,145260,19,7642
971,10,0,17,8,36995460,4845,145260,18,7652
972,11,0,21,4,37034340,4846,145260,18,7663
973,13,0,22,3,37088700,4845,145260,18,7676
974,12,0,25,0,37130040,4845,145440,18,7688
975,7,0,19,6,37203780,4846,145860,18,7695
976,11,0,21,4,37253280,4847,145860,18,7706
977,9,1,25,0,37275540,4847,145860,18,7715
978,8,0,20,5,37359240,4849,145920,18,7723
979,7,0,18,7,37394700,4848,145920,18,7730
980,9,0,18,7,37453860,4850,145920,18,7739
981,11,0,20,5,37495800,4850,145920,18,7750
982,6,0,19,6,37533900,4851,145920,18,7756
983,8,0,13,12,37602840,4851,145920,18,7764
984,9,0,17,8,37628040,4851,145920,18,7773
985,8,0,16,9,37667460,4850,145920,18,7781
986,5,0,15,10,37700280,4851,145920,18,7786
987,2,0,10,15,37736340,4851,145920,18,7788
988,4,0,10,15,37756200,4851,145920,18,7792
989,5,0,13,12,37761120,4851,145920,18,7797
990,4,0,13,12,37778160,4850,145920,18,7801
991,8,0,16,9,37803360,4850,145920,18,7809
992,7,0,16,9,37846140,4852,145920,18,7816
993,13,0,22,3,37885500,4852,145920,18,7829
994,10,0,21,4,37932180,4851,145920,18,7839
995,10,0,20,5,38001240,4853,145920,18,7849
996,14,0,23,2,38056080,4854,145920,18,7863
997,15,0,25,0,38106540,4852,146400,18,7878
998,11,0,23,2,38164740,4851,146400,18,7889
999,5,0,15,10,38226360,4851,146400,18,7894
1000,5,0,14,11,38260740,4852,146400,18,7899
1001,9,0,16,9,38289900,4851,146400,18,7908
1002,3,0,12,13,38329080,4852,146400,18,7911
1003,9,0,16,9,38350920,4852,146400,18,7920
1004,12,0,19,6,38394240,4852,146400,18,7932
1005,10,0,18,7,38445360,4851,146400,18,7942
1006,4,0,15,10,38476980,4851,146400,18,7946
1007,7,0,14,11,38522280,4852,146400,18,7953
1008,6,0,17,8,38542620,4853,146400,18,7959
1009,4,0,13,12,38579100,4852,146400,18,7963
1010,4,0,11,14,38605020,4852,146400,18,7967
1011,10,0,17,8,38627220,4852,146400,18,7977
1012,7,0,18,7,38645820,4851,146400,18,7984
1013,8,0,16,9,38701320,4852,146400,18,7992
1014,6,0,14,11,38730360,4850,146400,18,7998
1015,4,0,12,13,38760180,4851,146400,18,8002
1016,5,0,13,12,38777880,4850,146400,18,8007
1017,8,0,15,10,38807940,4850,146400,18,8015
1018,10,0,20,5,38827920,4850,146400,18,8025
1019,10,0,19,6,38878380,4850,146400,18,8035
1020,15,0,23,2,38928120,4849,148020,18,8050
1021,14,0,23,2,38993640,4849,149520,18,8064
1022,8,0,17,8,39061080,4849,149520,18,8072
1023,4,0,13,12,39099060,4849,149520,18,8076
1024,4,0,9,16,39134520,4848,149520,18,8080
1025,7,0,14,11,39147360,4849,149520,18,8087
1026,8,0,17,8,39165360,4848,149520,18,8095
1027,16,1,25,0,39204180,4849,149940,18,8111
1028,7,0,22,3,39256740,4848,155520,19,8118
1029,5,0,13,12,39331200,4849,155520,19,8123
1030,4,0,14,11,39350700,4850,155520,19,8127
1031,9,0,18,7,39375960,4850,155520,19,8136
1032,5,0,16,9,39413640,4850,155520,19,8141
1033,8,0,17,8,39444420,4850,155520,19,8149
1034,5,0,15,10,39479340,4850,155520,19,8154
1035,8,0,17,8,39510240,4850,155520,19,8162
1036,9,0,15,10,39559860,4850,155520,19,8171
1037,5,0,14,11,39586080,4850,155520,19,8176
1038,7,0,15,10,39612060,4849,155520,19,8183
1039,13,0,23,2,39637440,4849,155520,18,8196
1040,9,0,24,1,39667680,4848,155520,18,8205
1041,10,0,20,5,39751320,4850,155580,18,8215
1042,7,0,17,8,39795660,4850,155580,18,8222
1043,7,0,15,10,39843360,4850,155580,18,8229
1044,11,0,17,8,39870720,4848,155580,18,8240
1045,9,0,18,7,39910860,4848,155580,18,8249
1046,12,0,20,5,39954360,4848,155580,18,8261
1047,16,2,25,0,39991620,4847,156840,18,8277
1048,8,0,21,4,40050240,4846,159840,19,8285
1049,7,0,16,9,40115580,4847,159840,19,8292
1050,8,0,18,7,40152600,4848,159840,19,8300
1051,6,0,18,7,40185480,4848,159840,19,8306
1052,7,0,15,10,40239480,4849,159840,19,8313
1053,10,0,21,4,40257420,4849,159840,19,8323
1054,7,0,17,8,40302660,4848,159840,19,8330
1055,3,0,11,14,40362000,4850,159840,19,8333
1056,4,0,12,13,40380300,4850,159840,19,8337
1057,2,0,12,13,40394760,4851,159840,19,8339
1058,7,0,14,11,40421820,4851,159840,19,8346
1059,5,0,12,13,40453440,4851,159840,19,8351
1060,0,0,6,19,40489680,4851,159840,19,8351
1061,2,0,7,18,40491480,4851,159840,19,8353
1062,3,0,10,15,40491480,4851,159840,19,8356
1063,8,0,15,10,40505040,4851,159840,19,8364
1064,6,0,16,9,40529460,4851,159840,19,8370
1065,12,0,19,6,40565460,4850,159840,19,8382
1066,12,0,24,1,40599960,4850,159840,19,8394
1067,10,0,25,0,40642260,4850,159840,19,8404
1068,9,0,21,4,40721160,4852,159840,18,8413
1069,15,0,24,1,40782960,4852,162240,19,8428
1070,5,0,19,6,40827660,4852,162240,19,8433
1071,11,0,19,6,40883880,4852,162240,19,8444
1072,8,0,19,6,40921680,4852,162240,19,8452
1073,7,0,18,7,40963980,4852,162240,19,8459
1074,9,0,13,12,41026920,4852,162240,19,8468
1075,9,0,18,7,41046600,4852,162240,19,8477
1076,8,0,18,7,41083680,4852,162240,19,8485
1077,5,0,17,8,41123940,4853,162240,19,8490
1078,5,0,13,12,41166060,4853,162240,19,8495
1079,7,0,15,10,41187960,4853,162240,19,8502
1080,8,0,14,11,41239440,4853,162240,19,8510
1081,4,0,16,9,41243100,4853,162240,19,8514
1082,4,0,11,14,41295120,4854,162240,19,8518
1083,10,0,16,9,41321820,4854,162240,19,8528
1084,5,0,15,10,41334480,4852,162240,19,8533
1085,4,0,12,13,41368380,4852,162240,19,8537
1086,3,0,12,13,41391180,4853,162240,18,8540
1087,15,0,23,2,41413440,4853,162240,18,8555
1088,7,0,18,7,41465100,4853,162240,18,8562
1089,14,0,20,5,41519460,4852,162480,18,8576
1090,9,0,19,6,41561880,4851,162480,18,8585
1091,16,0,24,1,41620500,4852,162480,18,8601
1092,5,0,17,8,41665440,4851,162480,18,8606
1093,12,0,22,3,41709480,4852,162480,18,8618
1094,11,0,25,0,41748120,4852,162480,18,8629
1095,11,0,23,2,41817600,4852,165300,19,8640
1096,9,0,17,8,41890200,4852,165300,19,8649
1097,6,0,13,12,41935680,4852,165300,19,8655
1098,5,0,14,11,41954580,4852,165300,19,8660
1099,7,0,16,9,41978340,4852,165300,19,8667
1100,7,0,13,12,42023040,4851,165300,19,8674
1101,3,0,12,13,42047580,4852,165300,19,8677
1102,4,0,10,15,42072720,4852,165300,19,8681
1103,2,0,10,15,42082200,4852,165300,19,8683
1104,7,0,12,13,42103260,4851,165300,19,8690
1105,4,0,12,13,42117900,4851,165300,19,8694
1106,8,0,15,10,42139140,4850,165300,18,8702
1107,4,0,15,10,42168960,4852,165300,18,8706
1108,6,0,12,13,42215640,4852,165300,18,8712
1109,15,0,16,9,42244380,4849,165300,18,8727
1110,4,0,15,10,42258720,4848,165300,18,8731
1111,8,0,14,11,42309720,4849,165300,18,8739
1112,6,0,17,8,42321360,4848,165300,18,8745
1113,15,0,24,1,42362160,4849,165300,18,8760
1114,10,0,22,3,42416460,4848,166860,19,8770
1115,8,0,19,6,42475860,4849,166860,19,8778
1116,13,0,22,3,42524760,4849,166860,18,8791
1117,12,0,24,1,42570420,4849,168600,19,8803
1118,15,0,25,0,42639540,4849,168600,19,8818
1119,10,0,23,2,42699720,4849,168600,19,8828
1120,10,0,22,3,42752760,4849,168600,19,8838
1121,10,0,23,2,42803340,4850,168600,19,8848
1122,9,0,16,9,42884460,4850,168600,19,8857
1123,8,0,18,7,42914100,4850,168600,19,8865
1124,8,0,15,10,42959160,4849,168600,19,8873
1125,7,0,14,11,42999900,4849,168600,18,8880
1126,4,0,13,12,43021680,4849,168600,18,8884
1127,7,0,15,10,43046340,4849,168600,18,8891
1128,5,0,14,11,43080060,4850,168600,18,8896
1129,8,0,16,9,43113600,4850,168600,18,8904
1130,4,0,15,10,43135680,4850,168600,18,8908
1131,5,0,12,13,43173960,4850,168600,18,8913
1132,3,0,9,16,43197600,4849,168600,18,8916
1133,4,0,11,14,43205640,4849,168600,18,8920
1134,8,0,14,11,43226160,4849,168600,18,8928
1135,13,0,21,4,43258380,4849,168600,18,8941
1136,5,0,13,12,43314540,4848,168600,18,8946
1137,17,0,25,0,43339680,4848,169080,18,8963
1138,11,0,24,1,43400340,4849,181740,20,8974
1139,8,0,23,2,43448340,4849,181980,20,8982
1140,10,0,17,8,43529880,4850,181980,20,8992
1141,8,0,19,6,43558680,4850,181980,20,9000
1142,15,0,24,1,43609200,4850,181980,20,9015
1143,16,5,25,0,43656000,4850,185520,20,9031
1144,14,9,25,0,43715400,4851,189000,20,9045
1145,5,0,24,1,43807260,4853,226980,25,9050
1146,7,0,15,10,43872540,4852,226980,25,9057
1147,6,0,16,9,43899540,4852,226980,25,9063
1148,7,0,18,7,43929600,4853,226980,25,9070
1149,12,0,21,4,43976040,4853,226980,24,9082
1150,7,0,18,7,44025600,4853,226980,24,9089
1151,7,0,15,10,44084340,4854,226980,24,9096
1152,8,0,14,11,44118600,4853,226980,24,9104
1153,4,0,13,12,44147760,4854,226980,24,9108
1154,4,0,11,14,44176560,4854,226980,24,9112
1155,3,0,12,13,44187720,4854,226980,24,9115
1156,5,0,13,12,44208300,4854,226980,24,9120
1157,7,0,15,10,44236920,4854,226980,24,9127
1158,5,0,14,11,44265960,4854,226980,24,9132
1159,8,0,14,11,44304300,4854,226980,24,9140
1160,9,0,18,7,44328600,4854,226980,24,9149
1161,13,0,19,6,44384340,4854,226980,24,9162
1162,6,0,17,8,44410560,4853,226980,24,9168
1163,8,0,12,13,44480880,4853,226980,24,9176
1164,9,0,20,5,44487060,4854,226980,24,9185
1165,15,0,24,1,44537340,4853,226980,24,9200
1166,14,3,25,0,44585940,4853,230400,25,9214
1167,9,0,22,3,44663880,4854,238800,25,9223
1168,3,0,12,13,44730120,4854,238800,25,9226
1169,8,0,13,12,44765460,4854,238800,25,9234
1170,1,0,8,17,44785140,4853,238800,25,9235
1171,6,0,12,13,44799000,4854,238800,25,9241
1172,10,0,19,6,44811540,4853,238800,25,9251
1173,6,0,16,9,44842140,4852,238800,25,9257
1174,7,0,14,11,44891460,4853,238800,25,9264
1175,6,0,16,9,44915820,4853,238800,25,9270
1176,4,0,11,14,44966280,4854,238800,25,9274
1177,4,0,10,15,44983080,4853,238800,25,9278
1178,6,0,13,12,45001620,4854,238800,25,9284
1179,5,0,14,11,45020880,4854,238800,25,9289
1180,4,0,12,13,45045720,4853,238800,25,9293
1181,7,0,14,11,45072540,4853,238800,25,9300
1182,8,0,16,9,45101220,4853,238800,25,9308
1183,7,0,15,10,45131460,4852,238800,25,9315
1184,6,0,13,12,45177000,4853,238800,25,9321
1185,9,0,18,7,45197160,4853,238800,25,9330
1186,10,0,20,5,45228720,4852,238800,25,9340
1187,14,0,24,1,45287520,4853,238800,25,9354
1188,9,0,19,6,45348960,4853,238800,25,9363
1189,13,0,21,4,45401160,4853,238800,25,9376
1190,12,0,23,2,45439020,4852,238800,25,9388
1191,7,0,21,4,45475920,4851,238800,25,9395
1192,9,0,17,8,45552480,4852,238800,25,9404
1193,11,0,20,5,45588900,4852,238800,25,9415
1194,5,0,16,9,45643080,4853,238800,25,9420
1195,10,0,20,5,45679500,4854,238800,25,9430
1196,10,0,19,6,45731460,4854,238800,25,9440
1197,7,0,15,10,45780060,4853,238800,25,9447
1198,6,0,12,13,45817680,4853,238800,25,9453
1199,5,0,11,14,45837840,4852,238800,25,9458
1200,5,0,13,12,45855480,4852,238800,25,9463
1201,3,0,12,13,45872160,4852,238800,25,9466
1202,4,0,9,16,45909540,4852,238800,25,9470
1203,6,0,11,14,45925260,4852,238800,25,9476
1204,5,0,11,14,45941400,4851,238800,25,9481
1205,3,0,12,13,45952080,4851,238800,25,9484
1206,9,0,17,8,45967260,4850,238800,25,9493
1207,5,0,14,11,46009560,4851,238800,25,9498
1208,6,0,14,11,46039260,4851,238800,25,9504
1209,14,0,19,6,46066860,4849,238800,25,9518
1210,13,0,19,6,46124160,4849,238800,25,9531
1211,14,0,24,1,46166280,4848,239520,25,9545
1212,10,0,21,4,46228680,4848,239520,25,9555
1213,6,0,17,8,46275180,4848,239520,25,9561
1214,10,0,22,3,46310520,4849,239520,25,9571
1215,14,1,25,0,46353600,4849,239760,25,9585
1216,12,2,25,0,46423260,4850,243540,25,9597
1217,5,0,17,8,46491540,4850,246600,25,9602
1218,8,0,14,11,46551780,4851,246600,25,9610
1219,8,0,16,9,46576080,4850,246600,25,9618
1220,6,0,14,11,46610400,4850,246600,25,9624
1221,3,0,10,15,46637040,4849,246600,25,9627
1222,6,0,12,13,46657320,4849,246600,25,9633
1223,7,0,15,10,46672140,4849,246600,25,9640
1224,4,0,12,13,46701420,4848,246600,25,9644
1225,4,0,11,14,46723980,4848,246600,25,9648
1226,3,0,10,15,46741980,4848,246600,25,9651
1227,7,0,12,13,46761480,4847,246600,25,9658
1228,7,0,12,13,46785840,4846,246600,25,9665
1229,6,0,17,8,46786500,4846,246600,25,9671
1230,9,0,17,8,46832880,4846,246600,25,9680
1231,10,0,19,6,46867440,4846,246600,25,9690
1232,9,0,18,7,46914060,4845,246600,25,9699
1233,7,0,19,6,46942200,4845,246600,25,9706
1234,9,0,16,9,47011500,4847,246600,25,9715
1235,10,0,19,6,47036640,4846,246600,25,9725
1236,10,0,21,4,47081040,4846,246600,25,9735
1237,12,0,22,3,47133120,4846,246600,25,9747
1238,6,0,16,9,47194440,4846,246600,25,9753
1239,8,0,12,13,47251860,4846,246600,25,9761
1240,9,0,16,9,47268420,4846,246600,25,9770
1241,5,0,14,11,47296020,4845,246600,25,9775
1242,8,0,16,9,47329620,4845,246600,25,9783
1243,13,0,20,5,47357220,4844,246600,25,9796
1244,3,0,13,12,47405700,4844,246600,25,9799
1245,8,0,15,10,47437440,4844,246600,25,9807
1246,4,0,12,13,47464260,4843,246600,25,9811
1247,4,0,12,13,47485980,4844,246600,25,9815
1248,6,0,11,14,47519040,4843,246600,25,9821
1249,3,0,12,13,47524860,4843,246600,25,9824
1250,4,0,13,12,47549040,4844,246600,25,9828
1251,6,0,15,10,47563680,4844,246600,25,9834
1252,4,0,12,13,47600340,4844,246600,25,9838
1253,4,0,12,13,47626500,4845,246600,25,9842
1254,3,0,9,16,47659920,4845,246600,25,9845
1255,5,0,11,14,47679420,4845,246600,25,9850
1256,5,0,11,14,47692800,4844,246600,25,9855
1257,9,0,15,10,47716320,4844,246600,25,9864
1258,8,0,20,5,47729880,4844,246600,24,9872
1259,7,0,17,8,47779140,4844,246600,24,9879
1260,16,1,25,0,47811540,4844,246600,24,9895
1261,7,0,21,4,47875080,4845,246720,24,9902
1262,14,0,20,5,47939520,4844,246720,24,9916
1263,11,0,18,7,47982360,4842,246720,24,9927
1264,11,0,15,10,48043020,4841,246720,24,9938
1265,12,0,22,3,48066360,4841,246720,24,9950
1266,7,0,20,5,48107580,4841,246720,24,9957
1267,7,0,18,7,48161400,4842,246720,24,9964
1268,9,0,20,5,48196320,4842,246720,24,9973
1269,6,0,16,9,48250980,4843,246720,24,9979
1270,6,0,16,9,48283020,4843,246720,24,9985
1271,2,0,8,17,48340680,4844,246720,24,9987
1272,6,0,11,14,48352800,4843,246720,24,9993
1273,6,0,14,11,48361680,4843,246720,24,9999
1274,3,0,11,14,48399600,4844,246720,24,10002
1275,4,0,10,15,48421800,4844,246720,24,10006
1276,7,0,13,12,48440340,4844,246720,24,10013
1277,4,0,12,13,48459720,4843,246720,24,10017
1278,10,0,17,8,48485880,4843,246720,24,10027
1279,9,0,17,8,48521280,4842,246720,24,10036
1280,12,0,22,3,48559500,4843,246720,24,10048
1281,10,0,22,3,48613860,4843,246780,24,10058
1282,7,0,21,4,48657900,4844,246780,24,10065
1283,6,0,17,8,48714360,4845,246780,24,10071
1284,14,0,21,4,48765420,4845,246780,24,10085
1285,6,0,18,7,48803460,4844,246780,24,10091
1286,9,0,16,9,48858840,4845,246780,24,10100
1287,9,0,16,9,48897720,4844,246780,24,10109
1288,8,0,16,9,48928380,4843,246780,24,10117
1289,8,0,17,8,48957360,4843,246780,24,10125
1290,5,0,13,12,49014480,4844,246780,24,10130
1291,4,0,11,14,49040940,4844,246780,24,10134
1292,7,0,15,10,49049700,4843,246780,24,10141
1293,2,0,9,16,49091640,4844,246780,24,10143
1294,6,0,14,11,49099140,4844,246780,24,10149
1295,3,0,10,15,49131780,4844,246780,24,10152
1296,10,0,17,8,49146840,4844,246780,24,10162
1297,5,0,19,6,49160760,4844,246780,24,10167
1298,7,0,15,10,49223820,4845,246780,24,10174
1299,8,0,18,7,49252620,4845,246780,24,10182
1300,7,0,14,11,49308660,4846,246780,24,10189
1301,8,0,16,9,49336980,4845,246780,24,10197
1302,4,0,11,14,49376760,4845,246780,24,10201
1303,10,0,17,8,49391220,4845,246780,24,10211
1304,10,0,18,7,49426260,4844,246780,24,10221
1305,5,0,14,11,49475160,4844,246780,24,10226
1306,10,0,17,8,49508220,4844,246780,24,10236
1307,9,0,17,8,49545960,4844,246780,24,10245
1308,12,0,23,2,49571760,4843,246780,24,10257
1309,16,3,25,0,49623660,4843,254220,24,10273
1310,5,0,19,6,49700760,4844,261840,25,10278
1311,12,0,18,7,49761420,4844,261840,25,10290
1312,11,0,20,5,49806480,4844,261840,25,10301
1313,14,0,23,2,49852740,4843,262500,25,10315
1314,4,0,14,11,49924860,4844,262500,25,10319
1315,7,0,14,11,49966560,4845,262500,25,10326
1316,8,0,15,10,49995780,4845,262500,25,10334
1317,6,0,15,10,50023140,4844,262500,25,10340
1318,11,0,19,6,50064780,4845,262500,25,10351
1319,5,0,16,9,50102940,4845,262500,25,10356
1320,3,0,15,10,50126160,4845,262500,25,10359
1321,6,0,11,14,50181780,4846,262500,25,10365
1322,6,0,12,13,50194140,4845,262500,25,10371
1323,6,0,14,11,50212080,4845,262500,25,10377
1324,3,0,12,13,50241240,4845,262500,25,10380
1325,7,0,16,9,50256420,4845,262500,25,10387
1326,5,0,11,14,50306160,4845,262500,25,10392
1327,8,0,15,10,50327580,4846,262500,25,10400
1328,8,0,16,9,50349900,4845,262500,25,10408
1329,10,0,19,6,50384820,4845,262500,25,10418
1330,8,0,20,5,50413440,4844,262500,25,10426
1331,12,0,20,5,50482560,4845,262500,25,10438
1332,10,0,19,6,50531700,4845,262500,25,10448
1333,7,0,17,8,50581800,4845,262500,25,10455
1334,12,0,23,2,50610480,4845,262500,25,10467
1335,9,0,23,2,50664300,4846,263580,25,10476
1336,10,0,19,6,50748000,4848,263580,25,10486
1337,11,0,21,4,50792100,4848,265140,25,10497
1338,5,0,12,13,50867520,4849,265140,25,10502
1339,17,0,23,2,50900220,4849,265140,25,10519
1340,6,0,20,5,50938140,4848,265140,25,10525
1341,3,0,12,13,50998500,4849,265140,25,10528
1342,5,0,10,15,51038100,4850,265140,25,10533
1343,4,0,12,13,51044160,4849,265140,25,10537
1344,2,0,9,16,51073440,4850,265140,25,10539
1345,4,0,12,13,51076380,4850,265140,25,10543
1346,5,0,16,9,51079980,4849,265140,25,10548
1347,7,0,18,7,51105780,4850,265140,25,10555
1348,3,0,16,9,51132120,4850,265140,25,10558
1349,5,0,11,14,51186120,4850,265140,25,10563
1350,11,0,21,4,51192780,4851,265140,25,10574
1351,6,0,22,3,51211740,4850,265140,25,10580
1352,6,0,19,6,51259560,4850,265140,25,10586
1353,2,0,17,8,51283860,4851,265140,25,10588
1354,10,0,20,5,51328680,4852,265140,25,10598
1355,8,0,21,4,51362940,4852,265140,24,10606
1356,8,0,18,7,51416040,4852,265140,24,10614
1357,9,0,23,2,51438780,4852,265140,24,10623
1358,12,0,22,3,51497400,4852,265320,24,10635
1359,13,0,23,2,51544500,4851,265320,24,10648
1360,10,0,24,1,51593340,4851,265320,24,10658
1361,12,0,23,2,51644580,4850,265620,24,10670
1362,5,0,20,5,51690900,4851,265620,24,10675
1363,6,0,13,12,51756780,4851,265620,24,10681
1364,7,0,17,8,51768960,4851,265620,24,10688
1365,5,0,17,8,51788160,4850,265620,24,10693
1366,9,0,18,7,51829680,4851,265620,24,10702
1367,6,0,15,10,51859440,4849,265620,24,10708
1368,2,0,12,13,51884700,4849,265620,24,10710
1369,4,0,12,13,51906120,4850,265620,24,10714
1370,6,0,16,9,51911520,4849,265620,24,10720
1371,8,0,17,8,51948480,4850,265620,24,10728
1372,7,0,18,7,51970500,4849,265620,24,10735
1373,8,0,19,6,52014480,4850,265620,24,10743
1374,8,0,20,5,52053120,4850,265620,24,10751
1375,7,0,18,7,52090620,4850,265620,24,10758
1376,13,0,23,2,52135260,4850,265620,24,10771
1377,7,0,19,6,52184760,4850,265620,24,10778
1378,10,0,20,5,52234800,4850,265620,24,10788
1379,7,0,19,6,52270860,4850,265620,24,10795
1380,16,4,25,0,52297020,4850,265800,24,10811
1381,8,0,25,0,52366560,4851,278880,25,10819
1382,7,0,21,4,52416180,4851,278880,25,10826
1383,9,0,21,4,52465680,4851,278880,25,10835
1384,15,0,24,1,52525980,4851,278880,25,10850
1385,9,0,20,5,52574880,4850,279060,25,10859
1386,10,0,21,4,52615980,4850,279060,25,10869
1387,6,0,16,9,52660860,4849,279060,25,10875
1388,4,0,13,12,52705020,4850,279060,25,10879
1389,8,0,18,7,52717320,4850,279060,25,10887
1390,8,0,18,7,52747500,4849,279060,25,10895
1391,4,0,12,13,52792380,4849,279060,25,10899
1392,5,0,14,11,52814340,4849,279060,25,10904
1393,3,0,13,12,52830960,4849,279060,25,10907
1394,3,0,12,13,52851180,4849,279060,25,10910
1395,6,0,16,9,52857420,4849,279060,25,10916
1396,4,0,14,11,52890240,4849,279060,25,10920
1397,7,0,17,8,52909260,4849,279060,25,10927
1398,6,0,13,12,52946580,4848,279060,25,10933
1399,8,0,18,7,52960620,4848,279060,25,10941
1400,6,0,20,5,52983300,4848,279060,25,10947
1401,4,0,13,12,53042820,4849,279060,25,10951
1402,12,0,20,5,53059560,4848,279060,25,10963
1403,8,0,21,4,53095680,4848,279060,25,10971
1404,9,0,21,4,53141280,4849,279060,25,10980
1405,13,0,23,2,53187780,4848,279060,25,10993
1406,13,0,25,0,53226480,4847,279060,25,11006
1407,9,0,22,3,53289180,4847,280200,25,11015
1408,11,0,23,2,53335020,4847,280380,25,11026
1409,13,0,21,4,53403780,4846,280380,25,11039
1410,7,0,17,8,53444820,4845,280380,25,11046
1411,5,0,15,10,53476680,4845,280380,25,11051
1412,5,0,18,7,53483820,4845,280380,25,11056
1413,6,0,16,9,53527560,4845,280380,25,11062
1414,10,0,22,3,53550120,4846,280380,25,11072
1415,5,0,18,7,53603160,4847,280380,25,11077
1416,6,0,17,8,53643060,4847,280380,25,11083
1417,5,0,18,7,53667720,4848,280380,25,11088
1418,3,0,13,12,53707680,4848,280380,25,11091
1419,7,0,15,10,53728500,4847,280380,25,11098
1420,9,0,16,9,53762520,4847,280380,25,11107
1421,3,0,13,12,53786160,4846,280380,25,11110
1422,7,0,15,10,53799840,4845,280380,25,11117
1423,8,0,16,9,53834760,4846,280380,25,11125
1424,10,0,17,8,53870040,4845,280380,25,11135
1425,7,0,19,6,53890740,4844,280380,25,11142
1426,10,0,19,6,53934900,4844,280380,25,11152
1427,9,0,22,3,53961600,4844,280380,25,11161
1428,8,0,20,5,54007140,4844,280380,25,11169
1429,15,1,25,0,54051420,4844,281400,25,11184
1430,9,0,21,4,54108660,4843,283200,25,11193
1431,13,1,25,0,54149760,4843,283200,25,11206
1432,7,0,17,8,54221280,4842,283680,25,11213
1433,13,0,22,3,54259440,4842,283680,25,11226
1434,4,0,19,6,54293940,4842,283680,25,11230
1435,7,0,15,10,54344940,4842,283680,25,11237
1436,6,0,16,9,54365700,4842,283680,25,11243
1437,4,0,14,11,54394440,4842,283680,25,11247
1438,1,0,10,15,54424200,4842,283680,25,11248
1439,5,0,11,14,54433500,4841,283680,25,11253
1440,2,0,11,14,54442020,4841,283680,25,11255
1441,7,0,16,9,54449760,4841,283680,25,11262
1442,11,0,20,5,54471420,4840,283680,25,11273
1443,9,0,20,5,54509280,4840,283680,25,11282
1444,5,0,16,9,54547800,4839,283680,25,11287
1445,7,0,18,7,54576900,4840,283680,25,11294
1446,6,0,17,8,54615420,4840,283680,25,11300
1447,8,0,20,5,54642120,4840,283680,25,11308
1448,10,0,21,4,54692940,4841,283680,25,11318
1449,6,0,17,8,54739500,4841,283680,25,11324
1450,8,0,19,6,54762240,4840,283680,25,11332
1451,7,0,19,6,54795240,4840,283680,25,11339
1452,15,1,25,0,54831360,4840,286260,25,11354
1453,11,0,24,1,54898620,4840,295440,25,11365
1454,10,0,23,2,54949800,4840,295440,25,11375
1455,8,0,20,5,55007580,4840,295440,25,11383
1456,9,0,20,5,55045980,4840,295440,25,11392
1457,7,0,19,6,55094760,4841,295440,25,11399
1458,9,0,20,5,55142520,4842,295440,25,11408
1459,7,0,17,8,55186860,4841,295440,25,11415
1460,7,0,17,8,55223040,4842,295440,25,11422
1461,7,0,19,6,55240680,4841,295440,25,11429
1462,7,0,18,7,55277940,4841,295440,25,11436
1463,11,0,22,3,55316280,4841,295440,25,11447
1464,7,0,21,4,55352760,4841,295440,25,11454
1465,7,0,15,10,55419120,4841,295440,25,11461
1466,9,0,17,8,55453740,4841,295440,25,11470
1467,7,0,16,9,55490760,4841,295440,25,11477
1468,5,0,18,7,55505160,4841,295440,25,11482
1469,7,0,18,7,55545240,4842,295440,25,11489
1470,13,0,20,5,55585560,4841,295440,25,11502
1471,12,0,23,2,55621920,4840,295440,25,11514
1472,6,0,17,8,55675920,4840,295440,25,11520
1473,10,0,20,5,55702980,4839,295440,25,11530
1474,9,0,19,6,55756740,4839,295740,25,11539
1475,12,0,24,1,55794300,4840,295740,25,11551
1476,11,0,25,0,55835340,4839,295740,25,11562
1477,9,0,23,2,55900620,4840,295740,25,11571
1478,11,0,25,0,55948560,4841,295740,25,11582
1479,16,2,25,0,56011860,4840,299040,25,11598
1480,8,0,21,4,56079000,4840,306180,26,11606
1481,14,0,25,0,56119440,4839,306180,26,11620
1482,5,0,19,6,56182020,4840,306180,26,11625
1483,5,0,15,10,56220480,4840,306180,26,11630
1484,4,0,12,13,56253660,4840,306180,26,11634
1485,9,0,20,5,56261640,4840,306180,26,11643
1486,4,0,16,9,56302140,4840,306180,26,11647
1487,3,0,11,14,56343840,4840,306180,26,11650
1488,5,0,13,12,56355060,4840,306180,26,11655
1489,5,0,15,10,56369400,4840,306180,26,11660
1490,5,0,16,9,56387160,4840,306180,26,11665
1491,5,0,17,8,56406660,4840,306180,26,11670
1492,6,0,15,10,56446860,4840,306180,26,11676
1493,5,0,14,11,56479020,4840,306180,26,11681
1494,8,0,16,9,56503740,4840,306180,26,11689
1495,5,0,13,12,56541900,4840,306180,26,11694
1496,5,0,16,9,56553780,4840,306180,26,11699
1497,4,0,13,12,56591100,4840,306180,26,11703
1498,12,0,20,5,56616480,4841,306180,26,11715
1499,11,0,24,1,56647380,4840,306180,26,11726
1500,12,2,25,0,56692380,4840,307680,26,11738
1501,5,0,16,9,56772480,4841,311760,26,11743
1502,7,0,15,10,56804640,4840,311760,26,11750
1503,9,0,22,3,56813160,4840,311760,26,11759
1504,14,0,25,0,56863440,4840,313320,26,11773
1505,14,0,23,2,56925300,4838,315720,26,11787
1506,12,0,25,0,56974800,4839,315720,26,11799
1507,6,0,23,2,57018000,4839,318180,26,11805
1508,6,0,18,7,57086160,4840,318180,26,11811
1509,8,0,17,8,57125220,4840,318180,26,11819
1510,4,0,13,12,57165300,4840,318180,26,11823
1511,4,0,14,11,57177180,4840,318180,26,11827
1512,3,0,14,11,57193200,4840,318180,26,11830
1513,4,0,12,13,57226140,4840,318180,26,11834
1514,4,0,13,12,57236820,4840,318180,26,11838
1515,6,0,15,10,57251880,4839,318180,26,11844
1516,2,0,11,14,57281160,4839,318180,26,11846
1517,6,0,14,11,57294960,4839,318180,26,11852
1518,4,0,16,9,57305280,4839,318180,26,11856
1519,12,0,19,6,57340260,4839,318180,26,11868
1520,7,0,20,5,57372300,4839,318180,26,11875
1521,12,0,24,1,57418260,4840,318540,26,11887
1522,8,0,20,5,57472680,4839,318540,26,11895
1523,10,0,19,6,57526260,4839,318540,26,11905
1524,12,0,23,2,57557700,4839,318540,26,11917
1525,12,0,24,1,57617160,4839,318540,26,11929
1526,13,2,25,0,57659220,4839,325620,27,11942
1527,7,0,23,2,57718800,4839,329400,27,11949
1528,8,0,19,6,57783240,4840,329400,27,11957
1529,9,0,20,5,57816840,4839,329400,27,11966
1530,13,0,20,5,57876780,4839,329400,27,11979
1531,7,0,18,7,57908580,4838,329400,27,11986
1532,13,0,20,5,57961260,4838,329400,27,11999
1533,7,0,20,5,57986040,4837,329400,27,12006
1534,3,0,13,12,58039680,4838,329400,27,12009
1535,3,0,12,13,58057920,4838,329400,27,12012
1536,7,0,16,9,58072260,4838,329400,27,12019
1537,7,0,19,6,58089540,4837,329400,27,12026
1538,7,0,18,7,58133520,4838,329400,27,12033
1539,6,0,15,10,58178400,4838,329400,27,12039
1540,9,0,16,9,58205520,4837,329400,27,12048
1541,7,0,17,8,58225200,4836,329400,27,12055
1542,11,0,19,6,58267560,4836,329400,27,12066
1543,5,0,19,6,58294620,4836,329400,27,12071
1544,15,1,25,0,58335840,4837,330480,27,12086
1545,8,0,21,4,58392060,4836,330720,27,12094
1546,11,0,21,4,58450740,4837,330720,27,12105
1547,6,0,20,5,58491840,4837,330720,27,12111
1548,7,0,13,12,58559880,4837,330720,27,12118
1549,8,0,20,5,58565760,4837,330720,27,12126
1550,9,0,19,6,58603080,4836,330720,27,12135
1551,10,0,20,5,58651980,4837,330720,27,12145
1552,9,0,22,3,58681260,4836,330720,27,12154
1553,6,0,21,4,58709820,4836,330720,27,12160
1554,5,0,16,9,58779300,4838,330720,27,12165
1555,6,0,17,8,58803840,4838,330720,27,12171
1556,8,0,17,8,58846320,4838,330720,27,12179
1557,6,0,18,7,58866360,4838,330720,27,12185
1558,7,0,18,7,58907400,4838,330720,27,12192
1559,9,0,20,5,58939860,4838,330720,27,12201
1560,4,0,16,9,58987260,4839,330720,27,12205
1561,5,0,18,7,59003520,4839,330720,27,12210
1562,4,0,17,8,59037660,4840,330720,27,12214
1563,6,0,17,8,59067960,4840,330720,27,12220
1564,1,0,12,13,59098560,4840,330720,27,12221
1565,8,0,15,10,59121060,4840,330720,27,12229
1566,12,0,21,4,59136900,4839,330720,27,12241
1567,7,0,20,5,59178840,4839,330720,27,12248
1568,7,0,17,8,59230740,4839,330720,26,12255
1569,8,0,17,8,59263860,4839,330720,26,12263
1570,13,0,22,3,59295780,4838,330720,26,12276
1571,9,0,22,3,59330100,4838,330720,26,12285
1572,8,0,20,5,59387100,4838,330720,26,12293
1573,14,1,25,0,59435340,4839,330720,26,12307
1574,13,9,23,2,59470080,4839,332280,26,12320
1575,9,8,25,0,59519280,4840,348240,28,12329
1576,8,6,25,0,59591880,4842,372540,30,12337
1577,7,2,25,0,59653680,4843,411660,33,12344
1578,8,0,20,5,59720220,4842,428760,34,12352
1579,11,0,22,3,59770080,4843,428760,34,12363
1580,12,0,24,1,59806200,4842,432180,34,12375
1581,3,0,16,9,59869380,4843,432300,34,12378
1582,1,0,10,15,59911680,4843,432300,34,12379
1583,5,0,12,13,59929620,4843,432300,34,12384
1584,6,0,16,9,59935860,4843,432300,34,12390
1585,3,0,14,11,59957640,4843,432300,34,12393
1586,8,0,17,8,59986260,4843,432300,34,12401
1587,9,0,18,7,60014520,4843,432300,34,12410
1588,6,0,13,12,60058140,4842,432300,34,12416
1589,12,0,23,2,60068100,4842,432300,34,12428
1590,3,0,18,7,60107100,4842,432300,34,12431
1591,8,0,19,6,60151560,4843,432300,34,12439
1592,8,0,17,8,60203280,4843,432300,34,12447
1593,9,0,19,6,60233760,4843,432300,34,12456
1594,9,0,20,5,60262440,4842,432300,34,12465
1595,5,0,16,9,60308580,4842,432300,34,12470
1596,17,2,25,0,60335880,4842,432300,34,12487
1597,12,2,25,0,60388500,4841,441900,35,12499
1598,15,2,25,0,60450000,4841,449640,35,12514
1599,10,0,24,1,60506460,4840,452940,36,12524
1600,8,1,25,0,60540720,4840,454560,36,12532
1601,19,6,25,0,60628320,4842,459180,36,12551
1602,7,5,25,0,60663540,4842,469200,37,12558
1603,13,2,25,0,60757800,4843,492420,39,12571
1604,6,0,19,6,60804840,4841,496800,39,12577
1605,11,0,19,6,60861720,4842,496800,39,12588
1606,9,0,20,5,60895680,4841,496800,39,12597
1607,8,0,23,2,60923280,4842,496800,39,12605
1608,7,0,18,7,60980400,4842,496800,39,12612
1609,7,0,20,5,61013640,4842,496800,39,12619
1610,9,0,21,4,61059600,4843,496800,39,12628
1611,4,0,17,8,61102440,4843,496800,39,12632
1612,2,0,13,12,61139640,4844,496800,39,12634
1613,6,0,14,11,61166340,4844,496800,39,12640
1614,6,0,15,10,61184520,4843,496800,39,12646
1615,6,0,17,8,61202340,4843,496800,39,12652
1616,12,0,21,4,61236960,4843,496920,39,12664
1617,5,0,14,11,61289040,4843,496920,39,12669
1618,16,1,25,0,61310220,4843,497040,39,12685
1619,9,0,25,0,61357260,4843,502260,39,12694
1620,27,16,25,0,61407660,4842,508200,39,12721
1621,15,21,25,0,61472220,4844,519480,40,12736
1622,15,23,25,0,61549920,4845,546900,42,12751
1623,11,25,25,0,61607100,4846,566100,44,12762
1624,8,21,25,0,61666020,4846,628800,49,12770
1625,11,19,25,0,61723440,4845,665760,52,12781
1626,7,15,25,0,61785660,4846,720000,56,12788
1627,9,9,25,0,61851780,4846,846420,66,12797
1628,9,0,24,1,61906140,4843,1027920,80,12806
1629,8,0,18,7,61976220,4843,1027920,80,12814
1630,5,0,16,9,62004720,4842,1027920,80,12819
1631,9,0,18,7,62043900,4843,1027920,80,12828
1632,8,0,19,6,62076780,4843,1027920,80,12836
1633,5,0,13,12,62127000,4843,1027920,80,12841
1634,7,0,16,9,62147040,4843,1027920,80,12848
1635,6,0,16,9,62172240,4842,1027920,79,12854
1636,12,0,22,3,62200380,4842,1027920,79,12866
1637,5,0,17,8,62249040,4842,1027920,79,12871
1638,11,0,20,5,62290020,4842,1027920,79,12882
1639,2,0,12,13,62330280,4842,1027920,79,12884
1640,10,0,19,6,62345700,4842,1027920,79,12894
1641,12,2,25,0,62357340,4841,1028520,79,12906
1642,16,6,25,0,62435520,4843,1033380,79,12922
1643,16,11,25,0,62492940,4843,1039020,80,12938
1644,16,18,25,0,62542920,4844,1052340,81,12954
1645,10,15,25,0,62626200,4845,1062000,81,12964
1646,6,9,25,0,62682780,4845,1123200,86,12970
1647,15,7,25,0,62755260,4844,1192140,91,12985
1648,8,1,25,0,62814120,4844,1254000,96,12993
1649,10,0,20,5,62876700,4843,1270500,97,13003
1650,7,0,20,5,62910240,4842,1270500,97,13010
1651,7,0,20,5,62954160,4843,1270500,97,13017
1652,11,0,23,2,62997180,4844,1270500,97,13028
1653,5,0,17,8,63049500,4843,1270500,97,13033
1654,4,0,13,12,63105000,4845,1270500,97,13037
1655,6,0,11,14,63138300,4844,1270500,97,13043
1656,2,0,12,13,63143040,4844,1270500,97,13045
1657,11,0,19,6,63154860,4844,1270500,97,13056
1658,5,0,18,7,63180120,4843,1270500,97,13061
1659,5,0,14,11,63223440,4843,1270500,97,13066
1660,7,0,16,9,63247440,4843,1270500,97,13073
1661,8,0,19,6,63271200,4843,1270500,97,13081
1662,8,0,21,4,63303660,4844,1270500,97,13089
1663,7,0,18,7,63350220,4844,1270500,97,13096
1664,7,0,14,11,63394500,4843,1270500,96,13103
1665,7,0,17,8,63411720,4843,1270500,96,13110
1666,8,0,18,7,63440700,4842,1270500,96,13118
1667,9,0,21,4,63470040,4842,1270500,96,13127
1668,9,0,21,4,63507000,4842,1270500,96,13136
1669,13,0,25,0,63561600,4843,1271580,96,13149
1670,8,0,19,6,63623940,4842,1272180,96,13157
1671,11,0,20,5,63669420,4842,1272180,96,13168
1672,14,1,25,0,63703440,4842,1275600,96,13182
1673,10,1,25,0,63755340,4842,1282620,97,13192
1674,4,0,16,9,63832860,4843,1283040,97,13196
1675,8,0,17,8,63862980,4842,1283040,97,13204
1676,6,0,16,9,63897540,4842,1283040,97,13210
1677,5,0,14,11,63931200,4842,1283040,97,13215
1678,7,0,17,8,63951000,4842,1283040,97,13222
1679,6,0,16,9,63992280,4843,1283040,96,13228
1680,4,0,14,11,64017600,4843,1283040,96,13232
1681,8,0,17,8,64030500,4842,1283040,96,13240
1682,3,0,13,12,64070640,4842,1283040,96,13243
1683,1,0,11,14,64089120,4843,1283040,96,13244
1684,2,0,12,13,64096140,4843,1283040,96,13246
1685,8,0,15,10,64120440,4843,1283040,96,13254
1686,5,0,15,10,64138380,4842,1283040,96,13259
1687,9,0,20,5,64158600,4842,1283040,96,13268
1688,9,0,23,2,64185240,4842,1283040,96,13277
1689,9,0,23,2,64229940,4842,1283280,96,13286
1690,15,3,25,0,64286280,4843,1287900,96,13301
1691,8,0,25,0,64345740,4843,1293420,97,13309
1692,9,0,20,5,64414620,4843,1293420,97,13318
1693,12,0,23,2,64453680,4843,1293420,97,13330
1694,10,0,22,3,64509300,4843,1293420,96,13340
1695,11,0,23,2,64557480,4843,1293420,96,13351
1696,11,0,24,1,64602540,4843,1294020,96,13362
1697,4,0,16,9,64660980,4843,1294020,96,13366
1698,12,0,20,5,64691040,4842,1294020,96,13378
1699,5,0,19,6,64714680,4842,1294020,96,13383
1700,6,0,14,11,64773300,4842,1294020,96,13389
1701,5,0,14,11,64789920,4842,1294020,96,13394
1702,5,0,14,11,64810620,4842,1294020,96,13399
1703,8,0,14,11,64843260,4841,1294020,96,13407
1704,4,0,15,10,64851420,4841,1294020,96,13411
1705,7,0,17,8,64875120,4841,1294020,96,13418
1706,2,0,13,12,64906800,4841,1294020,96,13420
1707,8,0,17,8,64927380,4841,1294020,96,13428
1708,5,0,17,8,64956180,4841,1294020,96,13433
1709,7,0,18,7,64985220,4841,1294020,96,13440
1710,12,0,21,4,65026020,4841,1294020,96,13452
1711,11,0,24,1,65068320,4841,1294020,96,13463
1712,5,0,19,6,65115120,4841,1294020,96,13468
1713,7,0,17,8,65168100,4842,1294020,96,13475
1714,7,0,16,9,65211720,4842,1294020,95,13482
1715,11,0,23,2,65231160,4842,1294020,95,13493
1716,14,0,25,0,65290860,4842,1296660,95,13507
1717,11,0,23,2,65352120,4842,1299180,96,13518
1718,12,0,23,2,65406660,4842,1299300,96,13530
1719,6,0,19,6,65455020,4842,1299300,95,13536
1720,10,0,22,3,65490480,4842,1299300,95,13546
1721,16,1,25,0,65538780,4841,1299780,95,13562
1722,6,0,19,6,65597220,4841,1299840,95,13568
1723,9,0,18,7,65642220,4841,1299840,95,13577
1724,8,0,18,7,65680980,4841,1299840,95,13585
1725,7,0,17,8,65710560,4840,1299840,95,13592
1726,7,0,19,6,65733600,4840,1299840,95,13599
1727,3,0,11,14,65791380,4840,1299840,95,13602
1728,8,0,15,10,65809800,4840,1299840,95,13610
1729,5,0,16,9,65829240,4840,1299840,95,13615
1730,4,0,17,8,65847600,4841,1299840,95,13619
1731,2,0,15,10,65866140,4840,1299840,95,13621
1732,6,0,16,9,65906640,4842,1299840,95,13627
1733,5,0,16,9,65931960,4842,1299840,95,13632
1734,10,0,23,2,65945880,4842,1299840,95,13642
1735,10,0,22,3,66001920,4842,1299840,95,13652
1736,6,0,19,6,66049980,4842,1299840,95,13658
1737,3,0,11,14,66101100,4842,1299840,95,13661
1738,13,0,21,4,66113700,4842,1299840,95,13674
1739,18,5,25,0,66147600,4841,1303500,95,13692
1740,11,5,25,0,66207480,4842,1316220,96,13703
1741,9,0,21,4,66281580,4841,1335420,97,13712
1742,10,0,23,2,66318360,4841,1335420,97,13722
1743,10,0,24,1,66369540,4841,1335420,97,13732
1744,14,0,25,0,66426780,4841,1335420,97,13746
1745,14,5,25,0,66476820,4841,1337160,97,13760
1746,5,2,25,0,66525600,4842,1347240,97,13765
1747,9,0,22,3,66603600,4843,1362960,98,13774
1748,6,0,17,8,66663840,4843,1362960,98,13780
1749,7,0,14,11,66718560,4844,1362960,98,13787
1750,4,0,14,11,66731700,4843,1362960,98,13791
1751,9,0,19,6,66752280,4843,1362960,98,13800
1752,8,0,19,6,66779340,4842,1362960,98,13808
1753,5,0,15,10,66828240,4843,1362960,98,13813
1754,5,0,15,10,66855000,4843,1362960,98,13818
1755,10,0,21,4,66873600,4843,1362960,98,13828
1756,5,0,13,12,66926220,4842,1362960,98,13833
1757,6,0,15,10,66946200,4842,1362960,98,13839
1758,4,0,13,12,66974340,4842,1362960,98,13843
1759,7,0,15,10,66996540,4842,1362960,98,13850
1760,6,0,15,10,67014900,4841,1362960,98,13856
1761,9,0,21,4,67028640,4841,1362960,98,13865
1762,10,0,24,1,67062240,4841,1362960,98,13875
1763,12,0,25,0,67119900,4842,1363080,98,13887
1764,11,0,21,4,67188840,4841,1364520,98,13898
1765,13,0,25,0,67237080,4842,1365240,98,13911
1766,11,0,25,0,67301460,4842,1366200,98,13922
1767,11,0,23,2,67365960,4842,1368240,98,13933
1768,12,1,25,0,67405620,4842,1368660,98,13945
1769,7,0,19,6,67485900,4843,1370400,98,13952
1770,5,0,17,8,67523040,4843,1370400,98,13957
1771,9,0,17,8,67560900,4843,1370400,98,13966
1772,4,0,14,11,67593060,4843,1370400,98,13970
1773,3,0,11,14,67618380,4843,1370400,98,13973
1774,9,0,18,7,67628160,4843,1370400,98,13982
1775,3,0,19,6,67638840,4843,1370400,97,13985
1776,4,0,13,12,67698960,4843,1370400,97,13989
1777,4,0,13,12,67721760,4844,1370400,97,13993
1778,5,0,14,11,67732620,4843,1370400,97,13998
1779,4,0,13,12,67756200,4843,1370400,97,14002
1780,6,0,15,10,67771440,4843,1370400,97,14008
1781,4,0,17,8,67783320,4843,1370400,97,14012
1782,10,0,20,5,67822320,4843,1370400,97,14022
1783,4,0,17,8,67857420,4843,1370400,97,14026
1784,7,0,17,8,67899000,4844,1370400,97,14033
1785,6,0,20,5,67913880,4844,1370400,97,14039
1786,11,0,22,3,67967040,4845,1370400,97,14050
1787,9,0,25,0,67998780,4845,1370400,97,14059
1788,13,0,23,2,68063040,4844,1370460,97,14072
1789,12,0,24,1,68113380,4844,1370460,97,14084
1790,12,0,22,3,68173440,4843,1370640,97,14096
1791,5,0,15,10,68229060,4843,1370640,97,14101
1792,9,0,20,5,68244480,4843,1370640,97,14110
1793,14,0,25,0,68294040,4843,1370880,97,14124
1794,12,0,24,1,68347080,4843,1371180,96,14136
1795,11,0,22,3,68400180,4842,1371180,96,14147
1796,4,0,14,11,68454420,4842,1371180,96,14151
1797,3,0,13,12,68468340,4841,1371180,96,14154
1798,7,0,16,9,68490780,4842,1371180,96,14161
1799,2,0,11,14,68524620,4842,1371180,96,14163
1800,10,0,18,7,68541420,4842,1371180,96,14173
1801,8,0,19,6,68567220,4841,1371180,96,14181
1802,4,0,17,8,68590920,4841,1371180,96,14185
1803,8,0,17,8,68638200,4841,1371180,96,14193
1804,5,0,15,10,68671860,4841,1371180,96,14198
1805,4,0,15,10,68695080,4842,1371180,96,14202
1806,7,0,18,7,68718720,4842,1371180,96,14209
1807,9,0,18,7,68764980,4842,1371180,96,14218
1808,15,0,23,2,68807760,4842,1371900,96,14233
1809,13,0,24,1,68861700,4841,1371900,96,14246
1810,9,0,25,0,68904180,4842,1371960,96,14255
1811,11,0,22,3,68985060,4843,1376100,96,14266
1812,6,0,20,5,69027240,4843,1376100,96,14272
1813,7,0,17,8,69086700,4844,1376100,96,14279
1814,11,0,16,9,69139560,4843,1376100,96,14290
1815,10,0,21,4,69160680,4843,1376100,96,14300
1816,10,0,20,5,69200280,4842,1376100,96,14310
1817,6,0,14,11,69252600,4842,1376100,96,14316
1818,7,0,18,7,69267840,4842,1376100,96,14323
1819,11,0,18,7,69314700,4841,1376100,96,14334
1820,6,0,19,6,69340200,4841,1376100,95,14340
1821,4,0,14,11,69387540,4842,1376100,95,14344
1822,8,0,16,9,69416940,4842,1376100,95,14352
1823,2,0,15,10,69432900,4842,1376100,95,14354
1824,2,0,13,12,69458220,4842,1376100,95,14356
1825,8,0,15,10,69490080,4842,1376100,95,14364
1826,2,0,12,13,69516120,4842,1376100,95,14366
1827,3,0,12,13,69527100,4842,1376100,95,14369
1828,7,0,17,8,69536640,4842,1376100,95,14376
1829,6,0,17,8,69564300,4842,1376100,95,14382
1830,5,0,14,11,69603780,4842,1376100,95,14387
1831,4,0,14,11,69625200,4842,1376100,95,14391
1832,11,0,18,7,69656940,4842,1376100,95,14402
1833,8,0,20,5,69681240,4842,1376100,95,14410
1834,10,0,19,6,69739080,4842,1376100,95,14420
1835,10,0,21,4,69778020,4842,1376100,95,14430
1836,14,0,24,1,69825420,4842,1378200,95,14444
1837,12,0,24,1,69884220,4842,1378920,95,14456
1838,15,1,25,0,69941280,4841,1380300,95,14471
1839,12,1,25,0,70001760,4842,1396560,96,14483
1840,10,0,24,1,70067640,4842,1405440,96,14493
1841,10,0,22,3,70132020,4843,1409700,97,14503
1842,7,0,17,8,70182780,4842,1409700,97,14510
1843,10,0,19,6,70221900,4842,1409700,97,14520
1844,10,0,20,5,70269540,4842,1409700,97,14530
1845,4,0,18,7,70297920,4842,1409700,96,14534
1846,5,0,13,12,70354500,4843,1409700,96,14539
1847,8,0,17,8,70371060,4843,1409700,96,14547
1848,4,0,15,10,70399020,4843,1409700,96,14551
1849,2,0,13,12,70424700,4843,1409700,96,14553
1850,7,0,14,11,70452060,4843,1409700,96,14560
1851,3,0,15,10,70461900,4843,1409700,96,14563
1852,5,0,16,9,70480320,4843,1409700,96,14568
1853,6,0,15,10,70511220,4843,1409700,96,14574
1854,9,0,19,6,70526760,4842,1409700,96,14583
1855,10,0,21,4,70567980,4842,1409700,96,14593
1856,10,0,24,1,70605300,4842,1409700,96,14603
1857,11,0,24,1,70655220,4842,1409700,96,14614
1858,6,0,18,7,70725960,4843,1409700,96,14620
1859,8,0,16,9,70772400,4843,1409700,96,14628
1860,12,0,22,3,70798920,4843,1409700,96,14640
1861,8,0,23,2,70834140,4843,1409700,96,14648
1862,13,0,25,0,70895700,4843,1409700,96,14661
1863,7,0,19,6,70956720,4843,1409700,96,14668
1864,8,0,16,9,71007240,4843,1409700,96,14676
1865,13,0,22,3,71033640,4843,1409700,95,14689
1866,6,0,17,8,71085840,4843,1409700,95,14695
1867,9,0,18,7,71119680,4842,1409700,95,14704
1868,3,0,14,11,71152200,4842,1409700,95,14707
1869,7,0,16,9,71177940,4842,1409700,95,14714
1870,10,0,20,5,71203020,4842,1409700,95,14724
1871,1,0,13,12,71244060,4842,1409700,95,14725
1872,4,0,13,12,71268540,4842,1409700,95,14729
1873,3,0,14,11,71278020,4842,1409700,95,14732
1874,8,0,18,7,71297640,4842,1409700,95,14740
1875,2,0,13,12,71334000,4843,1409700,95,14742
1876,6,0,16,9,71345640,4842,1409700,95,14748
1877,5,0,15,10,71380920,4843,1409700,95,14753
1878,4,0,14,11,71407680,4843,1409700,95,14757
1879,6,0,16,9,71424900,4843,1409700,95,14763
1880,11,0,21,4,71450100,4843,1409700,95,14774
1881,10,0,19,6,71497560,4842,1409700,95,14784
1882,7,0,16,9,71539620,4841,1409700,95,14791
1883,10,0,20,5,71566500,4841,1409700,95,14801
1884,18,7,25,0,71600460,4842,1411500,95,14819
1885,6,1,25,0,71668200,4842,1427940,96,14825
1886,7,0,19,6,71730180,4842,1428000,96,14832
1887,9,0,19,6,71775720,4842,1428000,96,14841
1888,9,0,20,5,71819040,4842,1428000,96,14850
1889,7,0,16,9,71872320,4842,1428000,96,14857
1890,4,0,17,8,71889600,4843,1428000,96,14861
1891,8,0,16,9,71938860,4843,1428000,96,14869
1892,11,0,20,5,71968800,4843,1428000,95,14880
1893,6,0,19,6,72002700,4843,1428000,95,14886
1894,3,0,14,11,72045060,4843,1428000,95,14889
1895,6,0,13,12,72072240,4842,1428000,95,14895
1896,9,0,18,7,72101520,4843,1428000,95,14904
1897,3,0,12,13,72139200,4843,1428000,95,14907
1898,2,0,10,15,72158880,4843,1428000,95,14909
1899,7,0,16,9,72163560,4843,1428000,95,14916
1900,5,0,17,8,72179100,4842,1428000,95,14921
1901,6,0,15,10,72222420,4843,1428000,95,14927
1902,5,0,19,6,72228900,4843,1428000,95,14932
1903,6,0,15,10,72274320,4843,1428000,95,14938
1904,7,0,15,10,72307680,4843,1428000,95,14945
1905,8,0,17,8,72323700,4842,1428000,95,14953
1906,8,0,19,6,72352260,4842,1428000,95,14961
1907,7,0,18,7,72390060,4842,1428000,95,14968
1908,11,0,21,4,72426420,4841,1428000,95,14979
1909,8,0,22,3,72457740,4841,1428180,95,14987
1910,10,0,20,5,72520260,4842,1428180,95,14997
1911,9,0,18,7,72566820,4841,1428180,95,15006
1912,10,0,19,6,72609720,4841,1428180,95,15016
1913,5,0,20,5,72626760,4841,1428180,95,15021
1914,10,0,19,6,72686760,4841,1428180,95,15031
1915,5,0,18,7,72707760,4841,1428180,94,15036
1916,7,0,14,11,72764460,4841,1428180,94,15043
1917,10,0,17,8,72788040,4840,1428180,94,15053
1918,7,0,15,10,72823980,4840,1428180,94,15060
1919,6,0,14,11,72854220,4840,1428180,94,15066
1920,5,0,17,8,72863460,4840,1428180,94,15071
1921,6,0,17,8,72886680,4839,1428180,94,15077
1922,9,0,18,7,72926940,4839,1428180,94,15086
1923,4,0,15,10,72962400,4839,1428180,94,15090
1924,6,0,15,10,72995400,4840,1428180,94,15096
1925,5,0,16,9,73011480,4840,1428180,94,15101
1926,6,0,16,9,73044660,4840,1428180,94,15107
1927,7,0,13,12,73076640,4839,1428180,94,15114
1928,8,0,16,9,73105320,4839,1428180,94,15122
1929,8,0,19,6,73129860,4839,1428180,94,15130
1930,6,0,17,8,73159440,4838,1428180,94,15136
1931,9,0,21,4,73185480,4839,1428180,94,15145
1932,16,3,25,0,73225740,4838,1428480,94,15161
1933,10,0,25,0,73285260,4838,1433580,94,15171
1934,5,0,19,6,73329300,4837,1433580,94,15176
1935,4,0,14,11,73387800,4838,1433580,94,15180
1936,13,0,21,4,73417620,4839,1433580,94,15193
1937,7,0,18,7,73460940,4838,1433580,94,15200
1938,7,0,17,8,73508340,4839,1433580,94,15207
1939,6,0,19,6,73527780,4839,1433580,94,15213
1940,9,0,21,4,73567080,4839,1433580,94,15222
1941,7,0,18,7,73617540,4839,1433580,94,15229
1942,5,0,17,8,73653060,4840,1433580,94,15234
1943,6,0,15,10,73688400,4839,1433580,94,15240
1944,8,0,16,9,73711560,4839,1433580,94,15248
1945,1,0,11,14,73740120,4839,1433580,94,15249
1946,2,0,10,15,73753680,4839,1433580,93,15251
1947,6,0,15,10,73760640,4839,1433580,93,15257
1948,7,0,16,9,73781640,4838,1433580,93,15264
1949,8,0,21,4,73797420,4838,1433580,93,15272
1950,11,0,23,2,73837440,4838,1433580,93,15283
1951,7,0,19,6,73903080,4839,1433580,93,15290
1952,8,0,18,7,73953120,4839,1433580,93,15298
1953,11,0,22,3,73983480,4839,1433580,93,15309
1954,8,0,18,7,74036700,4839,1433580,93,15317
1955,14,0,24,1,74063460,4838,1433580,93,15331
1956,7,0,17,8,74124600,4838,1433580,93,15338
1957,6,0,15,10,74161380,4837,1433580,93,15344
1958,16,2,25,0,74182920,4838,1433760,93,15360
1959,11,5,25,0,74225160,4838,1442880,93,15371
1960,9,0,25,0,74297280,4838,1458720,94,15380
1961,5,0,18,7,74361120,4839,1458720,94,15385
1962,12,0,24,1,74393700,4839,1458720,94,15397
1963,10,0,25,0,74436960,4839,1458720,94,15407
1964,12,0,25,0,74506140,4839,1459740,94,15419
1965,4,0,17,8,74560920,4839,1459740,94,15423
1966,7,0,15,10,74613120,4840,1459740,94,15430
1967,5,0,17,8,74627100,4840,1459740,94,15435
1968,5,0,16,9,74650500,4839,1459740,94,15440
1969,3,0,11,14,74691780,4840,1459740,94,15443
1970,3,0,11,14,74705940,4840,1459740,94,15446
1971,5,0,14,11,74713320,4839,1459740,94,15451
1972,6,0,18,7,74722320,4839,1459740,94,15457
1973,12,0,23,2,74760900,4840,1459740,94,15469
1974,5,0,19,6,74800560,4839,1459740,94,15474
1975,4,0,15,10,74848500,4840,1459740,94,15478
1976,9,0,18,7,74875440,4840,1459740,94,15487
1977,12,0,23,2,74903280,4839,1459740,94,15499
1978,3,0,14,11,74954820,4839,1459740,94,15502
1979,5,0,15,10,74978280,4839,1459740,94,15507
1980,6,0,16,9,74994240,4839,1459740,94,15513
1981,12,0,20,5,75033480,4839,1459740,94,15525
1982,9,0,21,4,75065580,4838,1459740,93,15534
1983,11,0,21,4,75104520,4837,1459740,93,15545
1984,12,0,22,3,75153300,4837,1459740,93,15557
1985,7,0,14,11,75218160,4837,1459740,93,15564
1986,4,0,13,12,75242460,4837,1459740,93,15568
1987,6,0,16,9,75253920,4836,1459740,93,15574
1988,9,0,19,6,75276480,4836,1459740,93,15583
1989,10,0,19,6,75322920,4836,1459740,93,15593
1990,7,0,20,5,75353820,4836,1459740,93,15600
1991,2,0,13,12,75402000,4836,1459740,93,15602
1992,6,0,15,10,75419700,4836,1459740,93,15608
1993,7,0,17,8,75445860,4836,1459740,93,15615
1994,2,0,13,12,75476880,4837,1459740,93,15617
1995,6,0,13,12,75505440,4836,1459740,93,15623
1996,6,0,17,8,75512280,4836,1459740,93,15629
1997,7,0,20,5,75536940,4837,1459740,93,15636
1998,5,0,17,8,75579780,4837,1459740,93,15641
1999,11,0,21,4,75613740,4837,1459740,93,15652
2000,5,0,17,8,75651060,4837,1459740,93,15657
2001,9,0,15,10,75705960,4837,1459740,93,15666
2002,7,0,19,6,75717660,4836,1459740,93,15673
2003,7,0,21,4,75744480,4837,1459740,93,15680
2004,10,0,19,6,75807960,4837,1459740,93,15690
2005,14,0,25,0,75844080,4837,1459740,92,15704
2006,11,0,20,5,75905340,4836,1460160,92,15715
2007,16,2,25,0,75946260,4836,1461360,92,15731
2008,12,2,25,0,75998220,4835,1465260,93,15743
2009,7,0,21,4,76063620,4835,1470720,93,15750
2010,9,0,20,5,76124700,4836,1470720,93,15759
2011,11,0,22,3,76158840,4836,1470900,93,15770
2012,9,0,22,3,76203360,4836,1470900,93,15779
2013,4,0,17,8,76252680,4836,1470900,93,15783
2014,8,0,18,7,76291920,4836,1470900,93,15791
2015,4,0,15,10,76321980,4836,1470900,93,15795
2016,6,0,16,9,76348380,4836,1470900,93,15801
2017,4,0,19,6,76351680,4836,1470900,93,15805
2018,8,0,24,1,76364640,4836,1470900,93,15813
2019,7,0,25,0,76392720,4836,1472580,93,15820
2020,6,0,24,1,76428960,4836,1473540,93,15826
2021,5,0,23,2,76461660,4836,1473600,93,15831
2022,4,0,21,4,76493640,4837,1473840,93,15835
2023,8,0,25,0,76511100,4836,1473840,93,15843
2024,7,0,24,1,76548480,4836,1474380,93,15850
2025,6,0,23,2,76580820,4836,1474380,92,15856
2026,9,3,25,0,76603620,4837,1476960,93,15865
2027,14,11,25,0,76635600,4837,1480020,93,15879
2028,10,14,25,0,76675620,4837,1491540,93,15889
2029,10,18,25,0,76716000,4838,1505100,94,15899
2030,7,21,25,0,76739760,4838,1513200,95,15906
2031,16,30,25,0,76780680,4839,1522860,95,15922
2032,8,32,25,0,76819860,4839,1535220,96,15930
2033,6,34,25,0,76846320,4840,1549320,97,15936
2034,6,32,25,0,76890000,4840,1583400,99,15942
2035,13,39,25,0,76926720,4840,1590420,99,15955
2036,7,36,25,0,76967340,4841,1611360,100,15962
2037,2,34,25,0,76993860,4841,1661580,104,15964
2038,5,31,25,0,77043600,4842,1784940,111,15969
2039,9,34,25,0,77067720,4842,1835040,114,15978
2040,5,30,25,0,77109060,4842,1848960,115,15983
2041,8,31,25,0,77148660,4842,1856220,116,15991
2042,7,34,25,0,77175300,4842,1858080,116,15998
2043,8,35,25,0,77216700,4843,1909020,119,16006
2044,9,35,25,0,77257920,4843,1963440,122,16015
2045,2,28,25,0,77297400,4842,2176920,135,16017
2046,6,23,25,0,77331480,4841,2513400,156,16023
2047,5,20,25,0,77365080,4841,2589000,161,16028
2048,11,23,25,0,77401620,4841,2687340,167,16039
2049,8,25,25,0,77433420,4841,2694540,167,16047
2050,10,29,25,0,77464800,4841,2706300,168,16057
2051,9,32,25,0,77501640,4842,2709180,168,16066
2052,9,35,25,0,77535060,4842,2723040,169,16075
2053,14,40,25,0,77566380,4842,2736960,170,16089
2054,10,37,25,0,77626080,4843,2757840,171,16099
2055,14,39,25,0,77643240,4843,2766180,171,16113
2056,13,38,25,0,77687040,4844,2808900,174,16126
2057,12,40,25,0,77721600,4843,2813040,174,16138
2058,6,36,25,0,77766120,4844,2885040,179,16144
2059,5,32,25,0,77801880,4844,2969040,184,16149
2060,7,31,25,0,77833740,4843,3090180,191,16156
2061,9,31,25,0,77867700,4843,3178800,197,16165
2062,6,30,25,0,77904300,4843,3328380,206,16171
2063,7,26,25,0,77947500,4842,3514740,217,16178
2064,6,26,25,0,77967540,4842,3628260,224,16184
2065,5,21,25,0,78014760,4842,3972360,245,16189
2066,9,22,25,0,78051420,4841,4034700,249,16198
2067,2,18,25,0,78081120,4841,4190880,259,16200
2068,5,7,25,0,78130560,4840,5340780,330,16205
2069,7,0,23,2,78152520,4836,5892060,364,16212
2070,7,0,23,2,78181380,4836,5892060,363,16219
2071,8,4,25,0,78195540,4836,5892060,363,16227
2072,12,7,25,0,78247560,4837,5905080,364,16239
2073,16,19,25,0,78268560,4837,5909640,364,16255
2074,11,22,25,0,78316380,4837,5924880,365,16266
2075,15,30,25,0,78352740,4838,5934720,365,16281
2076,5,28,25,0,78388980,4838,5953800,366,16286
2077,12,34,25,0,78421980,4838,5968980,366,16298
2078,8,37,25,0,78454140,4838,5987280,367,16306
2079,7,36,25,0,78492960,4838,6043560,371,16313
2080,10,39,25,0,78526500,4839,6067320,372,16323
2081,7,39,25,0,78564900,4839,6079980,373,16330
2082,14,40,25,0,78592380,4840,6094500,373,16344
2083,5,35,25,0,78644340,4840,6192720,379,16349
2084,3,32,25,0,78675180,4840,6285780,385,16352
2085,7,33,25,0,78709200,4841,6360300,389,16359
2086,6,32,25,0,78745680,4841,6415740,393,16365
2087,4,28,25,0,78791400,4841,6519840,399,16369
2088,6,25,25,0,78828480,4841,6633540,406,16375
2089,4,21,25,0,78859500,4840,6882000,421,16379
2090,2,13,25,0,78891360,4839,7198860,440,16381
2091,5,6,25,0,78942420,4839,7586280,464,16386
2092,2,0,23,2,78961380,4837,7890060,482,16388
2093,10,0,24,1,78996900,4837,7890060,482,16398
2094,3,0,21,4,79026240,4837,7890060,482,16401
2095,9,0,24,1,79052220,4837,7890060,482,16410
2096,15,5,25,0,79088520,4836,7892640,481,16425
2097,4,0,25,0,79123260,4836,7914480,483,16429
2098,8,0,22,3,79164660,4835,7914480,482,16437
2099,11,6,25,0,79170660,4835,7915140,482,16448
2100,7,5,25,0,79212780,4835,7927620,483,16455
2101,10,7,25,0,79259400,4835,7937760,483,16465
2102,11,14,25,0,79281840,4836,7942380,483,16476
2103,12,17,25,0,79332720,4836,7954440,483,16488
2104,5,17,25,0,79355640,4836,7984980,485,16493
2105,6,17,25,0,79383720,4836,7996920,485,16499
2106,5,15,25,0,79429260,4837,8016540,487,16504
2107,6,16,25,0,79459980,4837,8062320,489,16510
2108,3,13,25,0,79498620,4838,8128680,493,16513
2109,5,9,25,0,79543980,4838,8251560,500,16518
2110,4,4,25,0,79579500,4837,8342220,506,16522
2111,3,0,17,8,79628280,4836,8431260,511,16525
2112,3,0,15,10,79641900,4835,8431260,511,16528
2113,5,0,20,5,79641900,4835,8431260,511,16533
2114,4,0,22,3,79648200,4835,8431260,511,16537
2115,8,0,24,1,79672740,4835,8431500,510,16545
2116,2,0,20,5,79713000,4835,8431500,510,16547
2117,1,0,18,7,79730340,4835,8431500,510,16548
2118,7,0,23,2,79744440,4836,8431500,510,16555
2119,6,1,25,0,79758960,4836,8432700,510,16561
2120,11,3,25,0,79798980,4836,8433300,510,16572
2121,6,1,25,0,79835580,4835,8440740,510,16578
2122,11,4,25,0,79869840,4835,8442480,510,16589
2123,9,8,25,0,79900500,4836,8451720,510,16598
2124,8,9,25,0,79937760,4836,8470380,511,16606
2125,9,13,25,0,79965660,4836,8476620,511,16615
2126,16,19,25,0,80021460,4836,8489220,511,16631
2127,9,22,25,0,80046960,4836,8497260,511,16640
2128,13,30,25,0,80077680,4837,8505660,512,16653
2129,6,29,25,0,80122500,4837,8527020,513,16659
2130,11,33,25,0,80158620,4837,8556660,514,16670
2131,10,37,25,0,80193480,4838,8570820,515,16680
2132,7,38,25,0,80228400,4838,8586540,515,16687
2133,4,35,25,0,80266560,4838,8646240,519,16691
2134,2,31,25,0,80302500,4839,8733600,524,16693
2135,4,28,25,0,80341080,4839,8814120,529,16697
2136,3,25,25,0,80363460,4839,8926740,535,16700
2137,4,18,25,0,80421240,4839,9192360,551,16704
2138,4,11,25,0,80455920,4838,9471000,568,16708
2139,4,0,22,3,80493420,4835,9863640,591,16712
2140,3,0,19,6,80512140,4834,9863640,591,16715
2141,7,0,24,1,80522820,4834,9863640,591,16722
2142,4,0,22,3,80546880,4834,9863640,591,16726
2143,9,0,22,3,80582760,4833,9863640,590,16735
2144,11,0,25,0,80612040,4833,9863760,590,16746
2145,3,0,22,3,80633640,4832,9864480,590,16749
2146,13,6,25,0,80657460,4833,9865620,590,16762
2147,11,8,25,0,80698200,4833,9871740,590,16773
2148,12,15,25,0,80728380,4833,9876000,589,16785
2149,10,17,25,0,80770140,4833,9884520,590,16795
2150,9,20,25,0,80802120,4833,9893100,590,16804
2151,4,19,25,0,80831940,4834,9907740,590,16808
2152,13,26,25,0,80870820,4834,9920400,591,16821
2153,4,22,25,0,80915580,4835,9990360,595,16825
2154,11,26,25,0,80945400,4834,9998040,595,16836
2155,7,25,25,0,80988120,4835,10007760,595,16843
2156,6,24,25,0,81021480,4835,10026480,596,16849
2157,3,17,25,0,81060900,4834,10172220,605,16852
2158,3,9,25,0,81101280,4833,10464960,622,16855
2159,4,1,25,0,81139440,4832,10644960,633,16859
2160,3,0,19,6,81168960,4831,10692180,635,16862
2161,8,0,20,5,81187800,4830,10692180,635,16870
2162,4,0,22,3,81192720,4830,10692180,635,16874
2163,4,0,18,7,81234240,4830,10692180,635,16878
2164,5,0,21,4,81244380,4830,10692180,634,16883
2165,5,0,24,1,81254400,4830,10692180,634,16888
2166,10,0,25,0,81299160,4830,10693140,634,16898
2167,3,0,23,2,81321780,4830,10693140,634,16901
2168,10,3,25,0,81355980,4831,10694580,634,16911
2169,10,7,25,0,81386940,4831,10700040,634,16921
2170,14,13,25,0,81428280,4831,10711080,634,16935
2171,7,14,25,0,81460920,4831,10718220,634,16942
2172,13,22,25,0,81490260,4831,10737480,635,16955
2173,5,20,25,0,81539520,4832,10748580,635,16960
2174,20,35,25,0,81571260,4833,10756680,635,16980
2175,8,36,25,0,81610080,4833,10801920,637,16988
2176,10,40,25,0,81632400,4833,10814040,638,16998
2177,8,37,25,0,81689700,4833,10858800,640,17006
2178,7,40,25,0,81701220,4833,10865400,640,17013
2179,4,37,25,0,81744180,4834,10881660,641,17017
2180,7,38,25,0,81787260,4835,10976700,646,17024
2181,2,33,25,0,81827580,4835,11067780,651,17026
2182,7,34,25,0,81856020,4835,11141700,655,17033
2183,9,36,25,0,81900240,4836,11157060,656,17042
2184,1,30,25,0,81928740,4835,11327220,666,17043
2185,7,26,25,0,81974700,4835,11541240,678,17050
2186,4,18,25,0,82014840,4834,11940000,702,17054
2187,7,14,25,0,82051020,4833,12136800,713,17061
2188,4,12,25,0,82073700,4832,12316260,723,17065
2189,4,0,21,4,82124640,4830,12635580,742,17069
2190,10,0,25,0,82146660,4829,12636420,741,17079
2191,7,1,25,0,82179840,4830,12647700,742,17086
2192,7,0,25,0,82213920,4829,12650100,742,17093
2193,11,2,25,0,82259340,4829,12652500,741,17104
2194,8,6,25,0,82277220,4829,12653940,741,17112
2195,12,10,25,0,82323420,4830,12661020,741,17124
2196,6,9,25,0,82357080,4830,12673140,741,17130
2197,13,16,25,0,82384200,4830,12680580,741,17143
2198,13,21,25,0,82428540,4830,12693480,741,17156
2199,15,28,25,0,82467240,4830,12703860,741,17171
2200,12,33,25,0,82503720,4830,12721200,742,17183
2201,12,39,25,0,82521480,4830,12727080,742,17195
2202,9,40,25,0,82569420,4831,12752700,743,17204
2203,6,38,25,0,82606800,4832,12770520,744,17210
2204,6,39,25,0,82633860,4832,12794220,745,17216
2205,8,37,25,0,82693320,4833,12886800,750,17224
2206,3,34,25,0,82716600,4832,12939000,753,17227
2207,7,35,25,0,82752780,4833,13061220,760,17234
2208,4,30,25,0,82793040,4832,13160820,765,17238
2209,1,24,25,0,82822380,4832,13324740,775,17239
2210,4,18,25,0,82868700,4832,13627020,792,17243
2211,2,13,25,0,82897680,4832,13823520,804,17245
2212,7,10,25,0,82939260,4831,13992840,813,17252
2213,9,11,25,0,82969200,4831,13998720,813,17261
2214,11,15,25,0,83008320,4831,14008500,813,17272
2215,6,17,25,0,83031000,4831,14015700,813,17278
2216,4,14,25,0,83076180,4832,14038020,814,17282
2217,8,15,25,0,83107440,4832,14065680,816,17290
2218,7,14,25,0,83150040,4832,14072400,816,17297
2219,9,19,25,0,83174400,4832,14078160,816,17306
2220,15,26,25,0,83222460,4833,14086800,815,17321
2221,12,34,25,0,83248740,4833,14089020,815,17333
2222,8,34,25,0,83294040,4834,14114940,816,17341
2223,13,38,25,0,83315760,4834,14125020,816,17354
2224,5,36,25,0,83364720,4835,14150520,817,17359
2225,11,39,25,0,83404560,4835,14177160,818,17370
2226,6,35,25,0,83445480,4835,14248380,822,17376
2227,7,36,25,0,83473080,4835,14311800,826,17383
2228,8,37,25,0,83508540,4835,14320740,826,17391
2229,5,35,25,0,83543760,4835,14399940,830,17396
2230,7,31,25,0,83590020,4835,14461980,833,17403
2231,5,26,25,0,83625840,4834,14740440,849,17408
2232,5,22,25,0,83661360,4834,14990880,863,17413
2233,12,23,25,0,83697060,4833,15068760,867,17425
2234,5,18,25,0,83734740,4832,15170640,873,17430
2235,2,9,25,0,83767200,4831,15710220,904,17432
2236,5,0,21,4,83804460,4828,16477680,948,17437
2237,6,0,23,2,83822460,4828,16477920,947,17443
2238,3,0,20,5,83854560,4828,16477920,947,17446
2239,9,2,25,0,83870820,4829,16477920,947,17455
2240,8,6,25,0,83896920,4829,16482540,947,17463
2241,2,1,25,0,83942580,4830,16505220,948,17465
2242,11,7,25,0,83972280,4830,16512540,948,17476
2243,13,13,25,0,84013800,4830,16517820,947,17489
2244,12,20,25,0,84041520,4831,16529940,947,17501
2245,15,28,25,0,84082620,4831,16545060,947,17516
2246,6,25,25,0,84134220,4831,16569000,948,17522
2247,8,28,25,0,84158520,4831,16587360,949,17530
2248,10,33,25,0,84195120,4832,16611480,950,17540
2249,8,36,25,0,84228240,4833,16622580,950,17548
2250,7,37,25,0,84262860,4833,16635120,950,17555
2251,4,38,25,0,84278160,4833,16644480,951,17559
2252,8,39,25,0,84335040,4834,16674960,952,17567
2253,7,38,25,0,84373140,4835,16688280,952,17574
2254,6,39,25,0,84403440,4835,16705320,953,17580
2255,13,40,25,0,84438900,4835,16725120,954,17593
2256,5,40,25,0,84465600,4836,16775400,956,17598
2257,7,39,25,0,84518400,4837,16967700,967,17605
2258,6,38,25,0,84554340,4837,17060040,972,17611
2259,9,39,25,0,84593580,4837,17214720,980,17620
2260,3,36,25,0,84627240,4838,17322240,986,17623
2261,8,36,25,0,84667260,4838,17484060,995,17631
2262,6,33,25,0,84699840,4837,17525340,997,17637
2263,5,28,25,0,84749040,4837,17702760,1007,17642
2264,5,24,25,0,84781020,4836,17957580,1021,17647
2265,13,31,25,0,84805320,4836,17962200,1021,17660
2266,11,38,25,0,84827400,4836,17967360,1020,17671
2267,3,33,25,0,84873360,4837,18016740,1023,17674
2268,9,28,25,0,84932100,4836,18125160,1029,17683
2269,7,28,25,0,84952020,4835,18471300,1048,17690
2270,9,28,25,0,84986820,4835,18544980,1052,17699
2271,6,29,25,0,85019160,4835,18556140,1052,17705
2272,12,33,25,0,85066680,4836,18571020,1052,17717
2273,10,40,25,0,85085880,4836,18581640,1052,17727
2274,6,38,25,0,85128120,4837,18596700,1052,17733
2275,10,38,25,0,85166940,4837,18609240,1053,17743
2276,5,37,25,0,85201440,4837,18630360,1054,17748
2277,8,37,25,0,85236120,4838,18645780,1054,17756
2278,5,35,25,0,85278240,4838,18698160,1057,17761
2279,4,31,25,0,85315980,4838,18993000,1073,17765
2280,3,23,25,0,85358520,4838,19344960,1093,17768
2281,4,15,25,0,85395840,4836,19966200,1128,17772
2282,13,18,25,0,85427640,4835,19987020,1128,17785
2283,5,18,25,0,85453860,4836,19999200,1129,17790
2284,12,24,25,0,85494000,4836,20002260,1128,17802
2285,3,20,25,0,85526160,4836,20011320,1128,17805
2286,6,20,25,0,85559940,4836,20036400,1129,17811
2287,7,18,25,0,85605660,4837,20065800,1131,17818
2288,9,21,25,0,85634700,4837,20093460,1132,17827
2289,10,21,25,0,85675440,4836,20163120,1135,17837
2290,8,19,25,0,85720620,4836,20179260,1135,17845
2291,9,24,25,0,85739760,4836,20186640,1135,17854
2292,2,20,25,0,85776480,4836,20210160,1136,17856
2293,11,24,25,0,85818540,4837,20221080,1136,17867
2294,15,33,25,0,85852680,4837,20227560,1136,17882
2295,8,33,25,0,85892700,4837,20238960,1136,17890
2296,14,40,25,0,85914300,4837,20245560,1135,17904
2297,7,38,25,0,85963500,4838,20257680,1136,17911
2298,14,37,25,0,86009040,4838,20294580,1137,17925
2299,8,37,25,0,86040240,4838,20307900,1138,17933
2300,9,39,25,0,86069460,4838,20324340,1138,17942
2301,4,35,25,0,86106780,4838,20367120,1140,17946
2302,6,37,25,0,86131620,4838,20425800,1143,17952
2303,7,37,25,0,86168940,4839,20435520,1143,17959
2304,3,30,25,0,86223000,4839,20586660,1151,17962
2305,8,27,25,0,86265000,4838,20655660,1155,17970
2306,5,23,25,0,86289540,4837,20874960,1167,17975
2307,3,17,25,0,86324820,4837,21215880,1186,17978
2308,7,8,25,0,86365320,4835,22402800,1251,17985
2309,2,0,22,3,86390700,4833,23700360,1324,17987
2310,7,0,23,2,86429400,4833,23700360,1323,17994
2311,7,0,24,1,86458620,4833,23700360,1323,18001
2312,10,1,25,0,86494680,4833,23705760,1322,18011
2313,7,1,25,0,86524440,4833,23707260,1322,18018
2314,9,0,25,0,86566560,4832,23711940,1321,18027
2315,9,4,25,0,86593560,4833,23715480,1321,18036
2316,9,2,25,0,86643660,4832,23724420,1321,18045
2317,12,11,25,0,86654400,4832,23727120,1321,18057
2318,11,15,25,0,86690160,4832,23739420,1320,18068
2319,7,15,25,0,86737980,4833,23761320,1321,18075
2320,9,18,25,0,86773080,4833,23777820,1321,18084
2321,10,21,25,0,86811420,4834,23784660,1321,18094
2322,8,24,25,0,86837460,4834,23797920,1321,18102
2323,9,23,25,0,86890380,4834,23846160,1323,18111
2324,6,25,25,0,86906400,4834,23857320,1323,18117
2325,13,29,25,0,86959260,4834,23870220,1323,18130
2326,10,35,25,0,86980560,4834,23877600,1322,18140
2327,6,32,25,0,87032220,4835,23965560,1327,18146
2328,8,35,25,0,87057360,4835,23989800,1328,18154
2329,7,34,25,0,87101460,4835,23999040,1328,18161
2330,5,32,25,0,87134340,4835,24038520,1329,18166
2331,6,29,25,0,87181380,4835,24128340,1334,18172
2332,10,32,25,0,87210000,4835,24176520,1336,18182
2333,4,30,25,0,87247200,4836,24210120,1337,18186
2334,11,34,25,0,87281640,4836,24213540,1337,18197
2335,7,36,25,0,87306840,4836,24268020,1339,18204
2336,11,40,25,0,87344160,4836,24296940,1340,18215
2337,14,40,25,0,87369420,4836,24305760,1340,18229
2338,6,39,25,0,87405060,4837,24325500,1341,18235
2339,6,39,25,0,87445740,4837,24333720,1341,18241
2340,13,38,25,0,87498360,4838,24341580,1341,18254
2341,11,40,25,0,87524880,4838,24470700,1347,18265
2342,13,40,25,0,87557640,4838,24553140,1352,18278
2343,12,40,25,0,87596760,4838,24561480,1351,18290
2344,11,39,25,0,87630900,4839,24570240,1352,18301
2345,9,40,25,0,87677220,4839,24581220,1352,18310
2346,9,39,25,0,87714360,4839,24627840,1353,18319
2347,6,37,25,0,87747720,4839,24744000,1360,18325
2348,14,38,25,0,87789120,4839,24844920,1364,18339
2349,3,33,25,0,87817740,4838,25093980,1378,18342
2350,6,27,25,0,87867360,4838,25608540,1406,18348
2351,3,20,25,0,87895920,4837,26212800,1439,18351
2352,3,12,25,0,87934380,4836,26785380,1470,18354
2353,7,0,25,0,87971160,4833,27731700,1521,18361
2354,2,0,22,3,87995220,4833,27731700,1521,18363
2355,7,0,24,1,88025640,4833,27731760,1520,18370
2356,5,1,25,0,88039680,4833,27732960,1520,18375
2357,8,2,25,0,88091880,4834,27736440,1520,18383
2358,8,3,25,0,88130340,4835,27743100,1519,18391
2359,5,1,25,0,88160760,4834,27752880,1519,18396
2360,12,9,25,0,88184340,4835,27755880,1519,18408
2361,10,10,25,0,88232460,4835,27765480,1518,18418
2362,21,23,25,0,88270380,4835,27774900,1517,18439
2363,16,33,25,0,88307520,4835,27784740,1516,18455
2364,5,31,25,0,88344660,4836,27800460,1517,18460
2365,11,36,25,0,88377000,4836,27820740,1517,18471
2366,9,39,25,0,88407300,4836,27835680,1517,18480
2367,12,38,25,0,88455900,4836,27858480,1518,18492
2368,9,40,25,0,88481580,4836,27898080,1519,18501
2369,13,39,25,0,88517700,4837,27912720,1520,18514
2370,11,40,25,0,88550340,4838,27918000,1520,18525
2371,5,36,25,0,88599420,4838,28012320,1524,18530
2372,5,36,25,0,88624320,4838,28145760,1531,18535
2373,6,33,25,0,88674480,4838,28161240,1531,18541
2374,13,40,25,0,88692420,4838,28207440,1533,18554
2375,5,37,25,0,88738560,4839,28230840,1534,18559
2376,4,34,25,0,88777920,4839,28290780,1537,18563
2377,4,36,25,0,88790520,4839,28398600,1542,18567
2378,9,36,25,0,88847520,4840,28574040,1551,18576
2379,4,33,25,0,88874820,4839,28581000,1551,18580
2380,4,30,25,0,88917540,4840,28719180,1558,18584
2381,6,26,25,0,88959240,4840,28991820,1573,18590
2382,7,27,25,0,88982340,4839,29157720,1581,18597
2383,10,29,25,0,89029440,4840,29163720,1580,18607
2384,7,30,25,0,89062500,4840,29226240,1583,18614
2385,13,36,25,0,89099460,4840,29232720,1582,18627
2386,12,40,25,0,89139360,4840,29245620,1582,18639
2387,8,40,25,0,89154840,4840,29252460,1582,18647
2388,10,38,25,0,89212800,4841,29368440,1588,18657
2389,7,37,25,0,89246400,4840,29381640,1588,18664
2390,9,39,25,0,89275920,4840,29471700,1592,18673
2391,5,38,25,0,89304420,4840,29480100,1592,18678
2392,7,35,25,0,89356140,4840,29504400,1593,18685
2393,12,40,25,0,89385960,4840,29507520,1592,18697
2394,8,39,25,0,89423580,4840,29517360,1592,18705
2395,6,37,25,0,89456460,4840,29659080,1599,18711
2396,7,35,25,0,89496600,4840,29919300,1612,18718
2397,5,33,25,0,89530920,4840,30060360,1620,18723
2398,10,34,25,0,89575560,4840,30163560,1624,18733
2399,9,34,25,0,89609940,4840,30237000,1628,18742

