Hour,Arrivals,Waiting,Treating,Available Rooms,Total Treatment Time,Average Treatment Time,Total Wait Time,Average Wait Time,Total Arrivals
1,4,0,4,21,0,0,0,0,4
2,2,0,4,21,5280,2640,0,0,6
3,5,0,6,19,23520,4704,0,0,11
4,7,0,8,17,46320,4632,0,0,18
5,7,0,11,14,61200,4371,0,0,25
6,5,0,5,20,112260,4490,0,0,30
7,8,0,8,17,137100,4570,0,0,38
8,6,0,9,16,155280,4436,0,0,44
9,10,0,9,16,200220,4449,0,0,54
10,8,0,7,18,237960,4326,0,0,62
11,9,0,11,14,262200,4370,0,0,71
12,17,0,19,6,295860,4287,0,0,88
13,13,0,19,6,357300,4357,0,0,101
14,7,0,10,15,427920,4366,0,0,108
15,8,0,12,13,461700,4439,0,0,116
16,11,0,16,9,496860,4476,0,0,127
17,11,0,12,13,576360,4574,0,0,138
18,6,0,8,17,621480,4569,0,0,144
19,7,0,6,19,652260,4498,0,0,151
20,6,0,9,16,666480,4503,0,0,157
21,3,0,7,18,691260,4518,0,0,160
22,7,0,8,17,723780,4552,0,0,167
23,7,0,9,16,754080,4570,0,0,174
24,3,0,5,20,783960,4557,0,0,177
25,6,0,5,20,812880,4566,0,0,183
26,7,0,9,16,824100,4553,0,0,190
27,5,0,7,18,856440,4555,0,0,195
28,5,0,6,19,879300,4532,0,0,200
29,4,0,3,22,907800,4516,0,0,204
30,9,0,9,16,920580,4512,0,0,213
31,11,0,14,11,942660,4488,0,0,224
32,5,0,8,17,991620,4486,0,0,229
33,7,0,10,15,1020480,4515,0,0,236
34,9,0,13,12,1050300,4527,0,0,245
35,9,0,12,13,1094940,4524,0,0,254
36,9,0,12,13,1134240,4518,0,0,263
37,5,0,10,15,1177020,4562,0,0,268
38,12,0,16,9,1211400,4588,0,0,280
39,12,0,18,7,1264500,4614,0,0,292
40,15,0,22,3,1324440,4647,0,0,307
41,7,0,9,16,1416900,4645,0,0,314
42,11,0,12,13,1459260,4662,0,0,325
43,7,0,9,16,1494780,4627,0,0,332
44,12,0,14,11,1534740,4650,0,0,344
45,2,0,9,16,1569360,4656,0,0,346
46,8,0,8,17,1622100,4688,0,0,354
47,2,0,4,21,1652220,4693,0,0,356
48,8,0,8,17,1679460,4717,0,0,364
49,5,0,8,17,1703220,4718,0,0,369
50,6,0,6,19,1741320,4719,0,0,375
51,4,0,5,20,1759380,4704,0,0,379
52,3,0,6,19,1770300,4708,0,0,382
53,6,0,8,17,1791060,4713,0,0,388
54,11,0,15,10,1814460,4725,0,0,399
55,5,0,11,14,1860960,4735,0,0,404
56,6,0,7,18,1916400,4755,0,0,410
57,7,0,9,16,1941720,4759,0,0,417
58,10,0,13,12,1970580,4759,0,0,427
59,10,0,13,12,2014680,4751,0,0,437
60,12,0,17,8,2055060,4757,0,0,449
61,6,0,13,12,2106300,4765,0,0,455
62,8,0,8,17,2169180,4767,0,0,463
63,10,0,13,12,2192580,4766,0,0,473
64,8,0,15,10,2224800,4774,0,0,481
65,10,0,15,10,2286180,4802,0,0,491
66,8,0,13,12,2334120,4802,0,0,499
67,6,0,10,15,2382360,4812,0,0,505
68,1,0,4,21,2418240,4817,0,0,506
69,12,0,11,14,2443200,4818,0,0,518
70,3,0,11,14,2458920,4821,0,0,521
71,6,0,7,18,2517900,4842,0,0,527
72,6,0,8,17,2541600,4841,0,0,533
73,9,0,12,13,2566800,4843,0,0,542
74,3,0,7,18,2601660,4835,0,0,545
75,3,0,6,19,2621820,4837,0,0,548
76,5,0,7,18,2642820,4840,0,0,553
77,4,0,5,20,2666220,4830,0,0,557
78,9,0,8,17,2687820,4816,0,0,566
79,4,0,8,17,2705460,4813,0,0,570
80,3,0,4,21,2732520,4802,0,0,573
81,10,0,11,14,2742180,4794,0,0,583
82,16,0,16,9,2790300,4786,0,0,599
83,9,0,14,11,2844300,4788,0,0,608
84,8,0,14,11,2884380,4791,0,0,616
85,12,0,13,12,2943360,4785,0,0,628
86,6,0,11,14,2980860,4784,0,0,634
87,18,0,20,5,3015960,4772,0,0,652
88,9,0,13,12,3090960,4770,0,0,661
89,3,0,7,18,3148980,4792,0,0,664
90,6,0,6,19,3185640,4797,0,0,670
91,7,0,10,15,3196440,4792,0,0,677
92,5,0,9,16,3233460,4804,0,0,682
93,6,0,5,20,3271140,4789,0,0,688
94,6,0,7,18,3284220,4780,0,0,694
95,5,0,3,22,3320160,4770,0,0,699
96,9,0,10,15,3330600,4771,0,0,708
97,6,0,8,17,3357540,4755,0,0,714
98,4,0,7,18,3380460,4754,0,0,718
99,6,0,9,16,3401760,4757,0,0,724
100,5,0,7,18,3433140,4755,0,0,729
101,5,0,8,17,3456900,4761,0,0,734
102,5,0,7,18,3483960,4759,0,0,739
103,7,0,9,16,3503760,4754,0,0,746
104,5,0,5,20,3545280,4752,0,0,751
105,13,0,15,10,3559920,4752,0,0,764
106,9,0,13,12,3607080,4746,0,0,773
107,9,0,13,12,3648300,4744,0,0,782
108,18,0,23,2,3688920,4747,0,0,800
109,16,0,24,1,3756180,4742,60,0,816
110,11,0,17,8,3850620,4753,60,0,827
111,6,0,12,13,3915480,4769,60,0,833
112,9,0,7,18,3982440,4769,60,0,842
113,7,0,12,13,3994680,4772,60,0,849
114,5,0,9,16,4035480,4775,60,0,854
115,6,0,7,18,4074840,4777,60,0,860
116,8,0,10,15,4094760,4772,60,0,868
117,7,0,5,20,4144800,4764,60,0,875
118,8,0,10,15,4155960,4760,60,0,883
119,3,0,8,17,4183800,4765,60,0,886
120,4,0,5,20,4222020,4770,60,0,890
121,6,0,6,19,4239600,4763,60,0,896
122,5,0,7,18,4258980,4763,60,0,901
123,7,0,8,17,4291560,4768,60,0,908
124,4,0,7,18,4310820,4763,60,0,912
125,8,0,9,16,4337220,4760,60,0,920
126,8,0,11,14,4363560,4758,60,0,928
127,5,0,6,19,4407180,4754,60,0,933
128,12,0,13,12,4433460,4756,60,0,945
129,5,0,13,12,4458360,4758,60,0,950
130,12,0,14,11,4513020,4760,60,0,962
131,13,0,19,6,4557120,4766,60,0,975
132,11,0,18,7,4629420,4782,60,0,986
133,9,0,15,10,4694640,4790,60,0,995
134,12,0,11,14,4764180,4783,60,0,1007
135,13,0,17,8,4792260,4777,60,0,1020
136,6,0,12,13,4836780,4770,60,0,1026
137,11,0,14,11,4882740,4772,60,0,1037
138,16,0,20,5,4932720,4775,60,0,1053
139,2,0,12,13,4990380,4784,60,0,1055
140,9,0,11,14,5054520,4800,60,0,1064
141,9,0,9,16,5108100,4800,60,0,1073
142,7,0,10,15,5137500,4801,60,0,1080
143,6,0,9,16,5173200,4803,60,0,1086
144,8,0,11,14,5200620,4802,60,0,1094
145,3,0,5,20,5238900,4797,60,0,1097
146,6,0,6,19,5257740,4792,60,0,1103
147,6,0,7,18,5282580,4793,60,0,1109
148,7,0,10,15,5293020,4785,60,0,1116
149,7,0,7,18,5336820,4782,60,0,1123
150,4,0,6,19,5357520,4779,60,0,1127
151,8,0,9,16,5375580,4774,60,0,1135
152,9,0,10,15,5410980,4771,60,0,1144
153,13,0,17,8,5432820,4765,60,0,1157
154,11,0,17,8,5484180,4764,60,0,1168
155,11,0,16,9,5541240,4764,60,0,1179
156,19,0,23,2,5597700,4764,60,0,1198
157,6,0,14,11,5670360,4765,60,0,1204
158,8,0,8,17,5744460,4771,60,0,1212
159,6,0,10,15,5765820,4773,60,0,1218
160,12,0,14,11,5798640,4768,60,0,1230
161,4,0,8,17,5848500,4770,60,0,1234
162,13,0,15,10,5881080,4773,60,0,1247
163,7,0,12,13,5928060,4772,60,0,1254
164,11,0,14,11,5973300,4774,60,0,1265
165,4,0,9,16,6019080,4777,60,0,1269
166,8,0,10,15,6053400,4777,60,0,1277
167,3,0,6,19,6085320,4776,60,0,1280
168,6,0,6,19,6119220,4780,60,0,1286
169,3,0,5,20,6133620,4776,60,0,1289
170,2,0,4,21,6147360,4776,60,0,1291
171,4,0,3,22,6167100,4773,60,0,1295
172,5,0,5,20,6176340,4769,60,0,1300
173,7,0,11,14,6179760,4768,60,0,1307
174,10,0,15,10,6212160,4771,60,0,1317
175,8,0,13,12,6271800,4780,60,0,1325
176,12,0,15,10,6323640,4783,60,0,1337
177,17,0,23,2,6367740,4784,60,0,1354
178,10,0,13,12,6453720,4776,60,0,1364
179,9,0,15,10,6490380,4779,60,0,1373
180,5,0,8,17,6551580,4782,60,0,1378
181,11,0,12,13,6583800,4781,60,0,1389
182,8,0,13,12,6606300,4773,60,0,1397
183,11,0,15,10,6658140,4779,60,0,1408
184,1,0,5,20,6721560,4787,60,0,1409
185,13,0,13,12,6741480,4784,60,0,1422
186,15,0,20,5,6772980,4779,60,0,1437
187,7,0,15,10,6844560,4789,60,0,1444
188,7,0,8,17,6910560,4789,60,0,1451
189,7,0,10,15,6938520,4791,60,0,1458
190,3,0,6,19,6973860,4793,60,0,1461
191,3,0,6,19,6981960,4788,60,0,1464
192,5,0,8,17,7008840,4797,60,0,1469
193,4,0,7,18,7041540,4803,60,0,1473
194,8,0,10,15,7060560,4799,60,0,1481
195,5,0,8,17,7098240,4802,60,0,1486
196,6,0,9,16,7124220,4803,60,0,1492
197,7,0,10,15,7163160,4810,60,0,1499
198,9,0,11,14,7199880,4809,60,0,1508
199,6,0,11,14,7224360,4806,60,0,1514
200,10,0,13,12,7266780,4809,60,0,1524
201,13,0,17,8,7301940,4803,60,0,1537
202,8,0,11,14,7365360,4801,60,0,1545
203,10,0,13,12,7414440,4808,60,0,1555
204,14,0,15,10,7464660,4803,60,0,1569
205,8,0,13,12,7508280,4800,60,0,1577
206,11,0,14,11,7566900,4807,60,0,1588
207,14,0,17,8,7609440,4800,60,0,1602
208,9,0,16,9,7663440,4804,60,0,1611
209,7,0,11,14,7722060,4805,60,0,1618
210,7,0,10,15,7764300,4807,60,0,1625
211,10,0,14,11,7794480,4808,60,0,1635
212,8,0,13,12,7845720,4813,60,0,1643
213,4,0,8,17,7888740,4813,60,0,1647
214,6,0,6,19,7927440,4813,60,0,1653
215,5,0,6,19,7953120,4814,60,0,1658
216,7,0,9,16,7972320,4814,60,0,1665
217,6,0,8,17,8011920,4817,60,0,1671
218,6,0,5,20,8044380,4811,60,0,1677
219,5,0,4,21,8069220,4808,60,0,1682
220,4,0,2,23,8092260,4805,60,0,1686
221,14,0,15,10,8098800,4806,60,0,1700
222,8,0,16,9,8133300,4806,60,0,1708
223,6,0,10,15,8199840,4812,60,0,1714
224,10,0,12,13,8242140,4814,60,0,1724
225,7,0,11,14,8276100,4811,60,0,1731
226,8,0,9,16,8324640,4811,60,0,1739
227,5,0,7,18,8355780,4810,60,0,1744
228,8,0,9,16,8384820,4810,60,0,1752
229,15,0,17,8,8415360,4808,60,0,1767
230,14,0,20,5,8449200,4797,60,0,1781
231,10,0,11,14,8545500,4800,60,0,1791
232,9,0,13,12,8574660,4798,60,0,1800
233,7,0,12,13,8630280,4807,60,0,1807
234,8,0,11,14,8680200,4811,60,0,1815
235,9,0,9,16,8729040,4809,60,0,1824
236,4,0,5,20,8772540,4812,60,0,1828
237,12,0,15,10,8780640,4811,60,0,1840
238,4,0,11,14,8827080,4815,60,0,1844
239,9,0,11,14,8876220,4818,60,0,1853
240,7,0,10,15,8909220,4815,60,0,1860
241,8,0,12,13,8933580,4813,60,0,1868
242,6,0,8,17,8982600,4813,60,0,1874
243,4,0,5,20,9018600,4815,60,0,1878
244,4,0,6,19,9036780,4817,60,0,1882
245,8,0,10,15,9054360,4816,60,0,1890
246,4,0,8,17,9081480,4815,60,0,1894
247,10,0,13,12,9105660,4815,60,0,1904
248,8,0,11,14,9147720,4812,60,0,1912
249,10,0,11,14,9188280,4808,60,0,1922
250,10,0,15,10,9221640,4810,60,0,1932
251,7,0,11,14,9280560,4813,60,0,1939
252,9,0,11,14,9327720,4815,60,0,1948
253,15,0,16,9,9367740,4811,60,0,1963
254,12,0,17,8,9425460,4813,60,0,1975
255,7,0,11,14,9485220,4812,60,0,1982
256,12,0,13,12,9521100,4806,60,0,1994
257,4,0,9,16,9569340,4811,60,0,1998
258,9,0,10,15,9611040,4812,60,0,2007
259,6,0,11,14,9634440,4812,60,0,2013
260,6,0,10,15,9671640,4814,60,0,2019
261,11,0,13,12,9710700,4814,60,0,2030
262,7,0,10,15,9755520,4812,60,0,2037
263,6,0,7,18,9801360,4814,60,0,2043
264,4,0,7,18,9818640,4813,60,0,2047
265,5,0,5,20,9847260,4810,60,0,2052
266,5,0,7,18,9860160,4809,60,0,2057
267,2,0,3,22,9891600,4811,60,0,2059
268,8,0,6,19,9910740,4808,60,0,2067
269,6,0,9,16,9920400,4806,60,0,2073
270,6,0,9,16,9950460,4806,60,0,2079
271,6,0,10,15,9981780,4810,60,0,2085
272,14,0,14,11,10025160,4808,60,0,2099
273,6,0,9,16,10062660,4800,60,0,2105
274,7,0,11,14,10090440,4802,60,0,2112
275,17,0,18,7,10134780,4800,60,0,2129
276,10,0,18,7,10173300,4796,60,0,2139
277,5,0,10,15,10258680,4807,60,0,2144
278,8,0,11,14,10298520,4810,60,0,2152
279,7,0,9,16,10339920,4809,60,0,2159
280,16,0,19,6,10366440,4808,60,0,2175
281,8,0,21,4,10394700,4807,60,0,2183
282,2,0,8,17,10471320,4809,60,0,2185
283,6,0,6,19,10532820,4820,60,0,2191
284,9,0,12,13,10545780,4819,60,0,2200
285,7,0,14,11,10560660,4815,60,0,2207
286,5,0,6,19,10639980,4823,60,0,2212
287,5,0,10,15,10646760,4824,60,0,2217
288,4,0,6,19,10688700,4825,60,0,2221
289,3,0,4,21,10708500,4823,60,0,2224
290,7,0,6,19,10724400,4819,60,0,2231
291,5,0,7,18,10744020,4820,60,0,2236
292,8,0,9,16,10769100,4818,60,0,2244
293,5,0,8,17,10801620,4820,60,0,2249
294,5,0,6,19,10835160,4819,60,0,2254
295,5,0,6,19,10859520,4820,60,0,2259
296,10,0,14,11,10866960,4819,60,0,2269
297,9,0,14,11,10917960,4822,60,0,2278
298,8,0,10,15,10975860,4822,60,0,2286
299,11,0,13,12,11010000,4820,60,0,2297
300,13,0,13,12,11061600,4815,60,0,2310
301,8,0,12,13,11106180,4816,60,0,2318
302,10,0,13,12,11147700,4815,60,0,2328
303,11,0,16,9,11180760,4813,60,0,2339
304,11,0,14,11,11254560,4817,60,0,2350
305,6,0,14,11,11287980,4819,60,0,2356
306,5,0,5,20,11354340,4819,60,0,2361
307,9,0,10,15,11378100,4821,60,0,2370
308,2,0,6,19,11412240,4823,60,0,2372
309,4,0,6,19,11439540,4826,60,0,2376
310,6,0,6,19,11466420,4825,60,0,2382
311,4,0,8,17,11477880,4826,60,0,2386
312,3,0,7,18,11504940,4829,60,0,2389
313,4,0,5,20,11539140,4832,60,0,2393
314,9,0,10,15,11552280,4829,60,0,2402
315,7,0,9,16,11581620,4825,60,0,2409
316,3,0,3,22,11627820,4826,60,0,2412
317,5,0,7,18,11638140,4829,60,0,2417
318,4,0,8,17,11653620,4829,60,0,2421
319,8,0,12,13,11677320,4831,60,0,2429
320,10,0,14,11,11716020,4831,60,0,2439
321,11,0,11,14,11776500,4828,60,0,2450
322,6,0,7,18,11822460,4827,60,0,2456
323,9,0,10,15,11852400,4827,60,0,2465
324,10,0,14,11,11877180,4826,60,0,2475
325,16,0,21,4,11924820,4827,60,0,2491
326,3,0,9,16,11997300,4827,60,0,2494
327,11,0,12,13,12047040,4832,60,0,2505
328,8,0,14,11,12069660,4829,60,0,2513
329,6,0,11,14,12125040,4834,60,0,2519
330,6,0,8,17,12168060,4834,60,0,2525
331,5,0,5,20,12208440,4835,60,0,2530
332,8,0,9,16,12217200,4830,60,0,2538
333,5,0,5,20,12261780,4831,60,0,2543
334,11,0,10,15,12286440,4829,60,0,2554
335,5,0,8,17,12314940,4827,60,0,2559
336,5,0,5,20,12346680,4824,60,0,2564
337,5,0,5,20,12379440,4828,60,0,2569
338,4,0,7,18,12388740,4828,60,0,2573
339,3,0,4,21,12415560,4827,60,0,2576
340,0,0,0,25,12437220,4828,60,0,2576
341,5,0,5,20,12437220,4828,60,0,2581
342,6,0,8,17,12449580,4827,60,0,2587
343,7,0,11,14,12468420,4827,60,0,2594
344,5,0,8,17,12517020,4830,60,0,2599
345,10,0,14,11,12530700,4828,60,0,2609
346,10,0,12,13,12584460,4827,60,0,2619
347,7,0,8,17,12630300,4824,60,0,2626
348,13,0,15,10,12655680,4823,60,0,2639
349,11,0,14,11,12711660,4822,60,0,2650
350,14,0,21,4,12745800,4822,60,0,2664
351,14,0,21,4,12828360,4828,60,0,2678
352,12,0,16,9,12902700,4825,60,0,2690
353,5,0,9,16,12961200,4825,60,0,2695
354,1,0,1,24,13018620,4830,60,0,2696
355,2,0,2,23,13023360,4830,60,0,2698
356,4,0,5,20,13028340,4830,60,0,2702
357,6,0,8,17,13041480,4830,60,0,2708
358,6,0,10,15,13061100,4830,60,0,2714
359,3,0,5,20,13101300,4830,60,0,2717
360,5,0,5,20,13122480,4829,60,0,2722
361,3,0,4,21,13137180,4828,60,0,2725
362,2,0,3,22,13156140,4829,60,0,2727
363,3,0,4,21,13164060,4829,60,0,2730
364,9,0,10,15,13173300,4827,60,0,2739
365,5,0,9,16,13201020,4826,60,0,2744
366,5,0,8,17,13238880,4829,60,0,2749
367,5,0,7,18,13268040,4830,60,0,2754
368,6,0,7,18,13296720,4829,60,0,2760
369,5,0,7,18,13321560,4830,60,0,2765
370,9,0,12,13,13342920,4830,60,0,2774
371,9,0,15,10,13373400,4831,60,0,2783
372,11,0,19,6,13414680,4834,60,0,2794
373,14,0,20,5,13480200,4835,60,0,2808
374,10,0,15,10,13554540,4835,60,0,2818
375,11,0,17,8,13604820,4838,60,0,2829
376,11,0,15,10,13676040,4841,60,0,2840
377,8,0,8,17,13741440,4838,60,0,2848
378,6,0,8,17,13764840,4836,60,0,2854
379,8,0,6,19,13813920,4836,60,0,2862
380,8,0,7,18,13841520,4834,60,0,2870
381,5,0,7,18,13860840,4832,60,0,2875
382,9,0,11,14,13883700,4832,60,0,2884
383,8,0,11,14,13924020,4833,60,0,2892
384,4,0,11,14,13944900,4833,60,0,2896
385,5,0,7,18,14000820,4837,60,0,2901
386,3,0,4,21,14032080,4838,60,0,2904
387,13,0,13,12,14047380,4837,60,0,2917
388,7,0,10,15,14088840,4834,60,0,2924
389,8,0,12,13,14123040,4836,60,0,2932
390,4,0,7,18,14164320,4835,60,0,2936
391,6,0,8,17,14182380,4833,60,0,2942
392,16,0,18,7,14217480,4835,60,0,2958
393,13,0,18,7,14270460,4832,60,0,2971
394,11,0,19,6,14316480,4831,60,0,2982
395,10,0,12,13,14409660,4835,60,0,2992
396,15,0,21,4,14440560,4836,60,0,3007
397,10,0,16,9,14516040,4837,60,0,3017
398,6,0,8,17,14583180,4836,60,0,3023
399,11,0,14,11,14617020,4840,60,0,3034
400,6,0,9,16,14661540,4837,60,0,3040
401,14,0,11,14,14711820,4834,60,0,3054
402,6,0,11,14,14741400,4834,60,0,3060
403,7,0,8,17,14790180,4834,60,0,3067
404,3,0,6,19,14816880,4835,60,0,3070
405,5,0,6,19,14842920,4836,60,0,3075
406,7,0,7,18,14869020,4835,60,0,3082
407,7,0,13,12,14874600,4835,60,0,3089
408,0,0,5,20,14919960,4837,60,0,3089
409,3,0,3,22,14949420,4839,60,0,3092
410,6,0,4,21,14962020,4835,60,0,3098
411,5,0,7,18,14967180,4834,60,0,3103
412,2,0,5,20,14983860,4833,60,0,3105
413,3,0,4,21,15009360,4835,60,0,3108
414,6,0,7,18,15025080,4835,60,0,3114
415,7,0,9,16,15047160,4835,60,0,3121
416,8,0,9,16,15085380,4835,60,0,3129
417,12,0,16,9,15101580,4832,60,0,3141
418,9,0,12,13,15163500,4832,60,0,3150
419,10,0,16,9,15192240,4832,60,0,3160
420,8,0,13,12,15247920,4832,60,0,3168
421,20,0,25,0,15295380,4835,60,0,3188
422,10,0,18,7,15366240,4832,60,0,3198
423,10,0,17,8,15428520,4835,60,0,3208
424,8,0,11,14,15510900,4839,60,0,3216
425,14,0,18,7,15552900,4842,60,0,3230
426,8,0,12,13,15611940,4839,60,0,3238
427,13,0,15,10,15657540,4838,60,0,3251
428,4,0,7,18,15718020,4839,60,0,3255
429,6,0,8,17,15745140,4840,60,0,3261
430,6,0,9,16,15768660,4839,60,0,3267
431,6,0,8,17,15798660,4838,60,0,3273
432,8,0,12,13,15821940,4839,60,0,3281
433,6,0,10,15,15857040,4838,60,0,3287
434,9,0,11,14,15903600,4841,60,0,3296
435,1,0,5,20,15942060,4842,60,0,3297
436,5,0,6,19,15970740,4845,60,0,3302
437,9,0,13,12,15980220,4845,60,0,3311
438,8,0,13,12,16018920,4845,60,0,3319
439,6,0,12,13,16058580,4847,60,0,3325
440,8,0,11,14,16114140,4850,60,0,3333
441,4,0,6,19,16157580,4850,60,0,3337
442,11,0,12,13,16182240,4850,60,0,3348
443,7,0,11,14,16219560,4850,60,0,3355
444,14,0,17,8,16258260,4850,60,0,3369
445,12,0,12,13,16322100,4844,60,0,3381
446,9,0,12,13,16361700,4843,60,0,3390
447,10,0,14,11,16404360,4844,60,0,3400
448,8,0,11,14,16465500,4847,60,0,3408
449,4,0,7,18,16512420,4849,60,0,3412
450,11,0,10,15,16537440,4845,60,0,3423
451,10,0,14,11,16562160,4844,60,0,3433
452,9,0,13,12,16607220,4843,60,0,3442
453,10,0,10,15,16669140,4842,60,0,3452
454,4,0,7,18,16700040,4841,60,0,3456
455,7,0,6,19,16732620,4840,60,0,3463
456,8,0,9,16,16749660,4838,60,0,3471
457,7,0,8,17,16785480,4837,60,0,3478
458,6,0,7,18,16817280,4836,60,0,3484
459,6,0,7,18,16847820,4837,60,0,3490
460,5,0,6,19,16874400,4836,60,0,3495
461,5,0,6,19,16901340,4837,60,0,3500
462,10,0,11,14,16916520,4834,60,0,3510
463,8,0,13,12,16944120,4834,60,0,3518
464,7,0,13,12,16981080,4835,60,0,3525
465,13,0,15,10,17039640,4836,60,0,3538
466,10,0,14,11,17082660,4833,60,0,3548
467,11,0,16,9,17124300,4833,60,0,3559
468,13,0,19,6,17166420,4831,60,0,3572
469,8,0,15,10,17228760,4832,60,0,3580
470,9,0,10,15,17292720,4831,60,0,3589
471,8,0,11,14,17323680,4830,60,0,3597
472,11,0,13,12,17367060,4830,60,0,3608
473,7,0,8,17,17418060,4828,60,0,3615
474,6,0,10,15,17434560,4828,60,0,3621
475,9,0,8,17,17485620,4827,60,0,3630
476,3,0,6,19,17508300,4827,60,0,3633
477,5,0,5,20,17534400,4826,60,0,3638
478,7,0,7,18,17549160,4823,60,0,3645
479,4,0,8,17,17564940,4824,60,0,3649
480,8,0,8,17,17598960,4822,60,0,3657
481,6,0,8,17,17628240,4823,60,0,3663
482,6,0,10,15,17649180,4823,60,0,3669
483,8,0,9,16,17696580,4824,60,0,3677
484,3,0,7,18,17718780,4824,60,0,3680
485,4,0,5,20,17758680,4827,60,0,3684
486,7,0,7,18,17779740,4826,60,0,3691
487,6,0,8,17,17799540,4825,60,0,3697
488,6,0,7,18,17827080,4823,60,0,3703
489,8,0,11,14,17847840,4823,60,0,3711
490,6,0,10,15,17883180,4824,60,0,3717
491,10,0,11,14,17930040,4825,60,0,3727
492,12,0,13,12,17967480,4822,60,0,3739
493,16,0,18,7,18015420,4820,60,0,3755
494,9,0,16,9,18063000,4819,60,0,3764
495,14,0,16,9,18139260,4821,60,0,3778
496,4,0,12,13,18184680,4823,60,0,3782
497,7,0,9,16,18239040,4825,60,0,3789
498,8,0,9,16,18282480,4826,60,0,3797
499,5,0,7,18,18311880,4825,60,0,3802
500,7,0,7,18,18340620,4823,60,0,3809
501,9,0,11,14,18367260,4824,60,0,3818
502,7,0,13,12,18384480,4822,60,0,3825
503,4,0,4,21,18463860,4827,60,0,3829
504,7,0,7,18,18480360,4826,60,0,3836
505,5,0,10,15,18488880,4826,60,0,3841
506,6,0,11,14,18516240,4826,60,0,3847
507,11,0,14,11,18557340,4827,60,0,3858
508,11,0,15,10,18607680,4828,60,0,3869
509,14,0,19,6,18657840,4828,60,0,3883
510,5,0,13,12,18713640,4829,60,0,3888
511,2,0,6,19,18769320,4832,60,0,3890
512,10,0,10,15,18792300,4830,60,0,3900
513,5,0,8,17,18829080,4831,60,0,3905
514,7,0,8,17,18867060,4832,60,0,3912
515,11,0,9,16,18907080,4830,60,0,3923
516,11,0,13,12,18943140,4831,60,0,3934
517,15,0,21,4,18975060,4830,60,0,3949
518,14,0,24,1,19030260,4831,960,0,3963
519,12,0,17,8,19123080,4831,960,0,3975
520,6,0,11,14,19191660,4834,960,0,3981
521,11,0,13,12,19231980,4833,960,0,3992
522,10,0,12,13,19279620,4831,960,0,4002
523,5,0,5,20,19341060,4832,960,0,4007
524,9,0,10,15,19358880,4832,960,0,4016
525,8,0,10,15,19391940,4831,960,0,4024
526,5,0,8,17,19428060,4831,960,0,4029
527,5,0,5,20,19469280,4832,960,0,4034
528,6,0,9,16,19480380,4832,960,0,4040
529,5,0,8,17,19503000,4831,960,0,4045
530,8,0,9,16,19534620,4830,960,0,4053
531,7,0,9,16,19559160,4828,960,0,4060
532,8,0,13,12,19581120,4828,960,0,4068
533,6,0,10,15,19630440,4830,960,0,4074
534,8,0,10,15,19671360,4830,960,0,4082
535,8,0,15,10,19689240,4831,960,0,4090
536,8,0,11,14,19749960,4832,960,0,4098
537,6,0,11,14,19775580,4831,960,0,4104
538,14,0,15,10,19828500,4832,960,0,4118
539,8,0,17,8,19853700,4831,960,0,4126
540,8,0,14,11,19917120,4834,960,0,4134
541,15,0,14,11,19992000,4834,960,0,4149
542,8,0,12,13,20037240,4834,960,0,4157
543,14,0,17,8,20085240,4835,960,0,4171
544,14,0,15,10,20146380,4831,960,0,4185
545,13,0,18,7,20189220,4829,960,0,4198
546,8,0,14,11,20244660,4829,960,0,4206
547,5,0,9,16,20297520,4830,960,0,4211
548,6,0,9,16,20333580,4832,960,0,4217
549,2,0,4,21,20370420,4832,960,0,4219
550,1,0,3,22,20382180,4833,960,0,4220
551,7,0,7,18,20399160,4833,960,0,4227
552,8,0,9,16,20421120,4832,960,0,4235
553,4,0,7,18,20450040,4832,960,0,4239
554,3,0,6,19,20469360,4832,960,0,4242
555,5,0,5,20,20501940,4833,960,0,4247
556,5,0,7,18,20515740,4832,960,0,4252
557,6,0,7,18,20544960,4832,960,0,4258
558,7,0,7,18,20573580,4831,960,0,4265
559,9,0,11,14,20586120,4829,960,0,4274
560,4,0,9,16,20610180,4827,960,0,4278
561,13,0,16,9,20646420,4829,960,0,4291
562,11,0,13,12,20714280,4829,960,0,4302
563,9,0,14,11,20743620,4827,960,0,4311
564,13,0,16,9,20807820,4830,960,0,4324
565,9,0,11,14,20855280,4825,960,0,4333
566,11,0,12,13,20908320,4826,960,0,4344
567,5,0,7,18,20948100,4824,960,0,4349
568,14,0,19,6,20964420,4826,960,0,4363
569,10,0,16,9,21029640,4826,960,0,4373
570,5,0,8,17,21099540,4828,960,0,4378
571,7,0,8,17,21133860,4828,960,0,4385
572,8,0,7,18,21179040,4828,960,0,4393
573,2,0,6,19,21187140,4827,960,0,4395
574,6,0,7,18,21216780,4828,960,0,4401
575,6,0,6,19,21241860,4826,960,0,4407
576,2,0,3,22,21274560,4828,960,0,4409
577,7,0,7,18,21289800,4828,960,0,4416
578,6,0,9,16,21308940,4828,960,0,4422
579,6,0,8,17,21346800,4829,960,0,4428
580,8,0,8,17,21385380,4829,960,0,4436
581,7,0,8,17,21414480,4828,960,0,4443
582,13,0,15,10,21435780,4826,960,0,4456
583,8,0,14,11,21470820,4824,960,0,4464
584,7,0,12,13,21522480,4826,960,0,4471
585,12,0,13,12,21577860,4827,960,0,4483
586,9,0,14,11,21610620,4825,960,0,4492
587,7,0,9,16,21673740,4827,960,0,4499
588,10,0,12,13,21706140,4826,960,0,4509
589,13,0,17,8,21734340,4824,960,0,4522
590,12,0,18,7,21793380,4825,960,0,4534
591,10,0,17,8,21855420,4827,960,0,4544
592,14,0,22,3,21912360,4830,960,0,4558
593,12,0,18,7,21993600,4831,960,0,4570
594,10,0,17,8,22047360,4831,960,0,4580
595,9,0,15,10,22108020,4833,960,0,4589
596,5,0,11,14,22156560,4834,960,0,4594
597,5,0,9,16,22193640,4835,960,0,4599
598,6,0,7,18,22234380,4835,960,0,4605
599,5,0,7,18,22259880,4835,960,0,4610
600,7,0,9,16,22282860,4835,960,0,4617
601,7,0,9,16,22318260,4836,960,0,4624
602,4,0,5,20,22362720,4837,960,0,4628
603,8,0,11,14,22373400,4837,960,0,4636
604,6,0,12,13,22399020,4837,960,0,4642
605,6,0,6,19,22460880,4838,960,0,4648
606,10,0,13,12,22477020,4838,960,0,4658
607,8,0,12,13,22519800,4838,960,0,4666
608,11,0,13,12,22562700,4837,960,0,4677
609,14,0,17,8,22608780,4837,960,0,4691
610,11,0,17,8,22654740,4835,960,0,4702
611,10,0,17,8,22712340,4837,960,0,4712
612,13,0,16,9,22782480,4838,960,0,4725
613,15,0,22,3,22831440,4839,960,0,4740
614,13,0,22,3,22888020,4837,1260,0,4753
615,11,0,12,13,22991220,4838,1260,0,4764
616,11,0,14,11,23036940,4838,1260,0,4775
617,7,0,10,15,23092020,4839,1260,0,4782
618,11,0,14,11,23128020,4839,1260,0,4793
619,7,0,13,12,23172960,4840,1260,0,4800
620,5,0,7,18,23232600,4842,1260,0,4805
621,5,0,8,17,23247480,4841,1260,0,4810
622,7,0,7,18,23290320,4842,1260,0,4817
623,7,0,10,15,23309880,4842,1260,0,4824
624,8,0,9,16,23345640,4840,1260,0,4832
625,3,0,3,22,23382240,4839,1260,0,4835
626,7,0,6,19,23399640,4838,1260,0,4842
627,5,0,7,18,23415900,4837,1260,0,4847
628,7,0,8,17,23439480,4836,1260,0,4854
629,7,0,10,15,23465400,4837,1260,0,4861
630,7,0,8,17,23513700,4838,1260,0,4868
631,14,0,17,8,23530080,4836,1260,0,4882
632,9,0,16,9,23576160,4836,1260,0,4891
633,10,0,13,12,23646660,4837,1260,0,4901
634,9,0,9,16,23711940,4838,1260,0,4910
635,15,0,16,9,23738820,4835,1260,0,4925
636,7,0,12,13,23792760,4835,1260,0,4932
637,14,0,11,14,23854440,4833,1260,0,4946
638,14,0,16,9,23894820,4833,1260,0,4960
639,8,0,12,13,23960760,4834,1260,0,4968
640,14,0,14,11,24007560,4832,1260,0,4982
641,16,0,21,4,24052920,4832,1260,0,4998
642,16,0,21,4,24133260,4833,1260,0,5014
643,9,0,15,10,24211080,4834,1260,0,5023
644,8,0,14,11,24259680,4835,1260,0,5031
645,7,0,11,14,24303180,4834,1260,0,5038
646,5,0,8,17,24356040,4837,1260,0,5043
647,7,0,7,18,24386280,4835,1260,0,5050
648,4,0,8,17,24403500,4836,1260,0,5054
649,6,0,7,18,24445860,4837,1260,0,5060
650,8,0,8,17,24471720,4836,1260,0,5068
651,6,0,7,18,24499740,4835,1260,0,5074
652,7,0,9,16,24522660,4834,1260,0,5081
653,7,0,8,17,24560940,4834,1260,0,5088
654,6,0,9,16,24581100,4834,1260,0,5094
655,4,0,8,17,24604020,4833,1260,0,5098
656,8,0,11,14,24636600,4835,1260,0,5106
657,7,0,9,16,24675240,4834,1260,0,5113
658,15,0,17,8,24707520,4834,1260,0,5128
659,14,0,23,2,24740400,4833,1260,0,5142
660,14,0,21,4,24818220,4833,1260,0,5156
661,11,0,18,7,24886620,4833,1260,0,5167
662,9,0,14,11,24951660,4833,1260,0,5176
663,7,0,11,14,25005300,4834,1260,0,5183
664,16,0,21,4,25042380,4836,1260,0,5199
665,7,0,7,18,25136580,4834,1260,0,5206
666,4,0,5,20,25160220,4833,1260,0,5210
667,9,0,9,16,25192080,4835,1260,0,5219
668,5,0,8,17,25216320,4834,1260,0,5224
669,3,0,4,21,25248120,4834,1260,0,5227
670,8,0,9,16,25268520,4835,1260,0,5235
671,3,0,8,17,25288140,4835,1260,0,5238
672,5,0,5,20,25331700,4836,1260,0,5243
673,4,0,9,16,25331700,4836,1260,0,5247
674,7,0,13,12,25342560,4835,1260,0,5254
675,6,0,12,13,25372080,4834,1260,0,5260
676,6,0,9,16,25417260,4834,1260,0,5266
677,3,0,12,13,25417260,4834,1260,0,5269
678,2,0,8,17,25454940,4836,1260,0,5271
679,5,0,11,14,25467840,4837,1260,0,5276
680,4,0,12,13,25488660,4838,1260,0,5280
681,9,0,14,11,25528020,4839,1260,0,5289
682,8,0,10,15,25571640,4836,1260,0,5297
683,12,0,18,7,25593480,4837,1260,0,5309
684,9,0,20,5,25623180,4836,1260,0,5318
685,12,0,20,5,25682580,4836,1260,0,5330
686,14,0,22,3,25745820,4837,1260,0,5344
687,6,0,19,6,25797060,4839,1260,0,5350
688,9,0,15,10,25873260,4841,1260,0,5359
689,6,0,13,12,25909800,4841,1260,0,5365
690,6,0,10,15,25956840,4841,1260,0,5371
691,11,0,16,9,25972980,4840,1260,0,5382
692,7,0,11,14,26015700,4837,1260,0,5389
693,7,0,12,13,26037300,4836,1260,0,5396
694,8,0,15,10,26064900,4836,1260,0,5404
695,5,0,15,10,26091420,4837,1260,0,5409
696,4,0,8,17,26152560,4838,1260,0,5413
697,5,0,9,16,26168100,4837,1260,0,5418
698,8,0,11,14,26192280,4836,1260,0,5426
699,5,0,12,13,26208540,4836,1260,0,5431
700,5,0,10,15,26245200,4836,1260,0,5436
701,6,0,13,12,26263020,4837,1260,0,5442
702,12,0,18,7,26296020,4837,1260,0,5454
703,12,0,20,5,26344260,4837,1260,0,5466
704,6,0,11,14,26424360,4838,1260,0,5472
705,16,0,20,5,26450820,4837,1260,0,5488
706,8,0,20,5,26476980,4835,1260,0,5496
707,11,0,19,6,26544780,4836,1260,0,5507
708,9,0,17,8,26595360,4836,1260,0,5516
709,9,0,18,7,26638980,4837,1260,0,5525
710,15,0,17,8,26705220,4835,1260,0,5540
711,7,0,16,9,26745060,4835,1260,0,5547
712,15,0,24,1,26784720,4836,1260,0,5562
713,5,0,17,8,26836020,4835,1260,0,5567
714,9,0,15,10,26895060,4836,1260,0,5576
715,8,0,18,7,26920080,4836,1260,0,5584
716,11,0,18,7,26981880,4838,1260,0,5595
717,3,0,9,16,27036180,4837,1260,0,5598
718,9,0,12,13,27065940,4837,1260,0,5607
719,7,0,16,9,27077880,4837,1260,0,5614
720,5,0,13,12,27118020,4837,1260,0,5619
721,4,0,10,15,27160260,4838,1260,0,5623
722,9,0,15,10,27176460,4838,1260,0,5632
723,5,0,15,10,27205620,4839,1260,0,5637
724,5,0,12,13,27245280,4839,1260,0,5642
725,3,0,10,15,27272760,4839,1260,0,5645
726,8,0,12,13,27300840,4839,1260,0,5653
727,6,0,11,14,27328080,4838,1260,0,5659
728,7,0,13,12,27349260,4838,1260,0,5666
729,9,0,17,8,27373020,4837,1260,0,5675
730,12,0,16,9,27426240,4836,1260,0,5687
731,12,0,21,4,27455280,4835,1260,0,5699
732,8,0,18,7,27505920,4834,1260,0,5707
733,12,0,16,9,27573600,4834,1260,0,5719
734,8,0,13,12,27613980,4832,1260,0,5727
735,8,0,15,10,27644040,4832,1260,0,5735
736,9,0,16,9,27677820,4832,1260,0,5744
737,10,0,19,6,27710280,4831,1260,0,5754
738,10,0,19,6,27756360,4831,1260,0,5764
739,2,0,12,13,27805620,4832,1260,0,5766
740,4,0,10,15,27850320,4835,1260,0,5770
741,7,0,13,12,27870180,4835,1260,0,5777
742,8,0,16,9,27895800,4835,1260,0,5785
743,8,0,14,11,27936900,4834,1260,0,5793
744,3,0,14,11,27956820,4835,1260,0,5796
745,4,0,7,18,28021020,4837,1260,0,5800
746,10,0,13,12,28031400,4835,1260,0,5810
747,3,0,10,15,28059240,4835,1260,0,5813
748,5,0,9,16,28089180,4835,1260,0,5818
749,6,0,12,13,28103220,4835,1260,0,5824
750,9,0,15,10,28125540,4834,1260,0,5833
751,6,0,13,12,28160760,4833,1260,0,5839
752,7,0,11,14,28197420,4832,1260,0,5846
753,5,0,9,16,28218360,4830,1260,0,5851
754,4,0,10,15,28236780,4830,1260,0,5855
755,10,0,14,11,28255500,4829,1260,0,5865
756,5,0,13,12,28290600,4830,1260,0,5870
757,11,0,15,10,28329720,4829,1260,0,5881
758,10,0,18,7,28359480,4828,1260,0,5891
759,9,0,15,10,28416300,4828,1260,0,5900
760,12,0,18,7,28453920,4827,1260,0,5912
761,11,0,22,3,28488660,4827,1260,0,5923
762,12,0,19,6,28566600,4828,1260,0,5935
763,8,0,18,7,28613640,4829,1260,0,5943
764,10,0,15,10,28669380,4828,1260,0,5953
765,4,0,9,16,28720080,4828,1260,0,5957
766,6,0,14,11,28724820,4828,1260,0,5963
767,7,0,11,14,28771860,4828,1260,0,5970
768,4,0,13,12,28780680,4828,1260,0,5974
769,1,0,7,18,28817700,4828,1260,0,5975
770,5,0,8,17,28840500,4829,1260,0,5980
771,8,0,12,13,28854000,4828,1260,0,5988
772,4,0,13,12,28864380,4827,1260,0,5992
773,5,0,10,15,28913640,4829,1260,0,5997
774,6,0,9,16,28941060,4828,1260,0,6003
775,5,0,12,13,28946580,4827,1260,0,6008
776,10,0,16,9,28973820,4827,1260,0,6018
777,12,0,17,8,29020620,4826,1260,0,6030
778,13,0,21,4,29059320,4825,1260,0,6043
779,15,0,24,1,29110260,4824,1260,0,6058
780,14,0,18,7,29195760,4822,2220,0,6072
781,7,0,12,13,29267640,4824,2220,0,6079
782,9,0,16,9,29284440,4822,2220,0,6088
783,11,0,15,10,29333760,4821,2220,0,6099
784,6,0,14,11,29368980,4821,2220,0,6105
785,7,0,17,8,29390520,4822,2220,0,6112
786,7,0,14,11,29437920,4821,2220,0,6119
787,9,0,16,9,29485440,4824,2220,0,6128
788,8,0,17,8,29517840,4823,2220,0,6136
789,11,0,17,8,29569680,4823,2220,0,6147
790,2,0,12,13,29608740,4824,2220,0,6149
791,6,0,11,14,29648580,4825,2220,0,6155
792,10,0,17,8,29665020,4825,2220,0,6165
793,5,0,13,12,29709360,4825,2220,0,6170
794,5,0,12,13,29741040,4825,2220,0,6175
795,5,0,11,14,29770020,4825,2220,0,6180
796,3,0,9,16,29801400,4826,2220,0,6183
797,3,0,5,20,29830980,4826,2220,0,6186
798,5,0,8,17,29835420,4825,2220,0,6191
799,15,0,17,8,29851920,4823,2220,0,6206
800,10,0,17,8,29891820,4822,2220,0,6216
801,13,0,20,5,29945280,4822,2220,0,6229
802,16,0,22,3,30002820,4821,2220,0,6245
803,10,0,23,2,30053340,4822,2220,0,6255
804,13,0,23,2,30114960,4822,2220,0,6268
805,9,0,20,5,30181080,4823,2220,0,6277
806,6,0,16,9,30247680,4826,2220,0,6283
807,11,0,18,7,30297780,4827,2220,0,6294
808,10,0,20,5,30341100,4828,2220,0,6304
809,5,0,12,13,30404160,4828,2220,0,6309
810,8,0,13,12,30440280,4828,2220,0,6317
811,9,0,15,10,30476220,4829,2220,0,6326
812,7,0,16,9,30506160,4829,2220,0,6333
813,5,0,13,12,30551760,4830,2220,0,6338
814,7,0,12,13,30591420,4830,2220,0,6345
815,5,0,10,15,30622080,4829,2220,0,6350
816,5,0,10,15,30637440,4828,2220,0,6355
817,2,0,7,18,30660540,4828,2220,0,6357
818,6,0,10,15,30674520,4828,2220,0,6363
819,4,0,10,15,30692460,4828,2220,0,6367
820,4,0,11,14,30713580,4829,2220,0,6371
821,10,0,17,8,30728880,4828,2220,0,6381
822,4,0,15,10,30755700,4828,2220,0,6385
823,11,0,17,8,30810060,4829,2220,0,6396
824,5,0,14,11,30846000,4829,2220,0,6401
825,10,0,14,11,30884460,4827,2220,0,6411
826,7,0,16,9,30913380,4828,2220,0,6418
827,11,0,17,8,30951720,4827,2220,0,6429
828,13,1,25,0,30973860,4827,2220,0,6442
829,8,0,18,7,31055940,4828,2580,0,6450
830,12,0,16,9,31129200,4829,2580,0,6462
831,14,0,20,5,31158480,4826,2580,0,6476
832,9,0,21,4,31199160,4826,2580,0,6485
833,8,0,15,10,31285860,4829,2580,0,6493
834,5,0,12,13,31325520,4829,2580,0,6498
835,7,0,13,12,31353720,4829,2580,0,6505
836,11,0,19,6,31377120,4829,2580,0,6516
837,5,0,9,16,31439940,4828,2580,0,6521
838,10,0,15,10,31456560,4827,2580,0,6531
839,7,0,13,12,31495680,4826,2580,0,6538
840,8,0,14,11,31526340,4826,2580,0,6546
841,3,0,12,13,31551540,4826,2580,0,6549
842,0,0,8,17,31573920,4827,2580,0,6549
843,5,0,7,18,31609140,4828,2580,0,6554
844,8,0,14,11,31613700,4827,2580,0,6562
845,2,0,10,15,31645140,4828,2580,0,6564
846,6,0,11,14,31675920,4829,2580,0,6570
847,6,0,11,14,31702740,4829,2580,0,6576
848,8,0,15,10,31722000,4829,2580,0,6584
849,15,0,25,0,31753620,4830,2880,0,6599
850,12,0,24,1,31823340,4831,7080,1,6611
851,9,0,17,8,31898760,4830,7080,1,6620
852,12,0,20,5,31943340,4831,7080,1,6632
853,6,0,13,12,32008380,4831,7080,1,6638
854,13,0,20,5,32040540,4831,7080,1,6651
855,8,0,17,8,32097720,4832,7080,1,6659
856,10,0,15,10,32156400,4832,7080,1,6669
857,11,0,20,5,32177280,4831,7080,1,6680
858,8,0,16,9,32231340,4830,7080,1,6688
859,6,0,15,10,32274180,4832,7080,1,6694
860,4,0,9,16,32327760,4832,7080,1,6698
861,6,0,11,14,32348100,4833,7080,1,6704
862,6,0,12,13,32364360,4831,7080,1,6710
863,4,0,11,14,32390280,4832,7080,1,6714
864,4,0,12,13,32407140,4832,7080,1,6718
865,11,0,16,9,32438400,4832,7080,1,6729
866,3,0,11,14,32478900,4832,7080,1,6732
867,9,0,14,11,32512200,4833,7080,1,6741
868,3,0,10,15,32545200,4832,7080,1,6744
869,11,0,16,9,32573340,4833,7080,1,6755
870,6,0,14,11,32605620,4832,7080,1,6761
871,4,0,11,14,32644080,4833,7080,1,6765
872,9,0,13,12,32683740,4834,7080,1,6774
873,11,0,20,5,32701320,4833,7080,1,6785
874,14,0,20,5,32775960,4834,7080,1,6799
875,9,0,16,9,32834100,4834,7080,1,6808
876,11,0,16,9,32883480,4833,7080,1,6819
877,7,0,17,8,32914020,4833,7080,1,6826
878,12,0,19,6,32964780,4834,7080,1,6838
879,17,0,25,0,33005160,4832,7140,1,6855
880,3,0,15,10,33077400,4833,7140,1,6858
881,4,0,9,16,33135360,4835,7140,1,6862
882,10,0,15,10,33158340,4835,7140,1,6872
883,4,0,11,14,33197460,4835,7140,1,6876
884,5,0,12,13,33220680,4836,7140,1,6881
885,7,0,12,13,33254160,4836,7140,1,6888
886,8,0,15,10,33282480,4836,7140,1,6896
887,8,0,13,12,33327660,4836,7140,1,6904
888,7,0,13,12,33364080,4836,7140,1,6911
889,7,0,13,12,33402900,4837,7140,1,6918
890,6,0,12,13,33431220,4836,7140,1,6924
891,8,0,14,11,33463920,4837,7140,1,6932
892,6,0,14,11,33491220,4836,7140,1,6938
893,5,0,9,16,33542340,4837,7140,1,6943
894,3,0,9,16,33556920,4837,7140,1,6946
895,9,0,13,12,33574740,4836,7140,1,6955
896,7,0,11,14,33603480,4834,7140,1,6962
897,7,0,11,14,33634080,4833,7140,1,6969
898,13,0,22,3,33645240,4834,7140,1,6982
899,6,0,15,10,33706380,4833,7140,1,6988
900,8,0,15,10,33749940,4834,7140,1,6996
901,6,0,12,13,33792000,4834,7140,1,7002
902,18,0,24,1,33820020,4834,7140,1,7020
903,5,0,14,11,33888660,4833,7140,1,7025
904,10,0,14,11,33935160,4833,7140,1,7035
905,10,0,19,6,33965400,4834,7140,1,7045
906,4,0,17,8,34001700,4835,7140,1,7049
907,10,0,15,10,34069020,4836,7140,1,7059
908,10,0,19,6,34102260,4837,7140,1,7069
909,5,0,11,14,34156140,4835,7140,1,7074
910,6,0,15,10,34170000,4836,7140,1,7080
911,7,0,15,10,34207920,4837,7140,1,7087
912,6,0,10,15,34254840,4836,7140,1,7093
913,8,0,13,12,34275180,4835,7140,1,7101
914,6,0,11,14,34312260,4835,7140,1,7107
915,5,0,13,12,34323000,4834,7140,1,7112
916,12,0,18,7,34353420,4834,7140,1,7124
917,9,0,14,11,34408380,4833,7140,1,7133
918,7,0,14,11,34442940,4833,7140,1,7140
919,6,0,15,10,34470420,4833,7140,0,7146
920,6,0,12,13,34516800,4834,7140,0,7152
921,7,0,14,11,34545240,4834,7140,0,7159
922,6,0,15,10,34572060,4835,7140,0,7165
923,10,0,18,7,34613820,4836,7140,0,7175
924,9,0,18,7,34664700,4837,7140,0,7184
925,12,0,20,5,34711740,4837,7140,0,7196
926,5,0,15,10,34765980,4838,7140,0,7201
927,8,0,13,12,34812120,4837,7140,0,7209
928,8,0,13,12,34856160,4838,7140,0,7217
929,3,0,12,13,34878420,4838,7140,0,7220
930,11,0,16,9,34915140,4839,7140,0,7231
931,6,0,15,10,34940160,4838,7140,0,7237
932,5,0,11,14,34986840,4838,7140,0,7242
933,3,0,12,13,34998660,4838,7140,0,7245
934,3,0,9,16,35039280,4840,7140,0,7248
935,6,0,10,15,35070780,4841,7140,0,7254
936,3,0,9,16,35092920,4841,7140,0,7257
937,7,0,11,14,35114640,4841,7140,0,7264
938,10,0,17,8,35136360,4841,7140,0,7274
939,3,0,9,16,35185020,4841,7140,0,7277
940,5,0,8,17,35211600,4840,7140,0,7282
941,5,0,11,14,35222280,4840,7140,0,7287
942,9,0,15,10,35241420,4840,7140,0,7296
943,10,0,18,7,35274060,4840,7140,0,7306
944,5,0,14,11,35313180,4839,7140,0,7311
945,3,0,8,17,35359860,4839,7140,0,7314
946,7,0,12,13,35377080,4840,7140,0,7321
947,8,0,16,9,35392980,4839,7140,0,7329
948,5,0,12,13,35443800,4840,7140,0,7334
949,10,0,18,7,35461380,4840,7140,0,7344
950,9,0,15,10,35523300,4841,7140,0,7353
951,12,0,18,7,35567820,4841,7140,0,7365
952,14,0,19,6,35615640,4839,7140,0,7379
953,8,0,19,6,35648820,4838,7140,0,7387
954,15,0,22,3,35716500,4839,7140,0,7402
955,5,0,13,12,35784000,4839,7140,0,7407
956,13,0,15,10,35835900,4839,7140,0,7420
957,11,0,19,6,35868600,4839,7140,0,7431
958,7,0,15,10,35931780,4840,7140,0,7438
959,7,0,11,14,35983260,4840,7140,0,7445
960,10,0,16,9,36004860,4840,7140,0,7455
961,2,0,11,14,36038220,4839,7140,0,7457
962,6,0,11,14,36070620,4840,7140,0,7463
963,7,0,13,12,36091620,4839,7140,0,7470
964,1,0,8,17,36114660,4839,7140,0,7471
965,7,0,11,14,36137280,4839,7140,0,7478
966,8,0,13,12,36161400,4838,7140,0,7486
967,13,0,23,2,36180660,4839,7140,0,7499
968,8,0,18,7,36241920,4839,7140,0,7507
969,10,0,18,7,36303240,4841,7140,0,7517
970,9,0,18,7,36350760,4841,7140,0,7526
971,7,0,13,12,36408060,4841,7140,0,7533
972,7,0,18,7,36418740,4841,7140,0,7540
973,11,0,16,9,36478740,4841,7140,0,7551
974,8,0,16,9,36518100,4841,7140,0,7559
975,5,0,14,11,36554220,4841,7140,0,7564
976,13,0,19,6,36597960,4842,7140,0,7577
977,6,0,14,11,36643200,4841,7140,0,7583
978,10,0,13,12,36696240,4841,7140,0,7593
979,3,0,12,13,36710400,4840,7140,0,7596
980,4,0,8,17,36750240,4840,7140,0,7600
981,5,0,10,15,36767220,4840,7140,0,7605
982,7,0,14,11,36780000,4840,7140,0,7612
983,5,0,11,14,36818760,4840,7140,0,7617
984,4,0,10,15,36842520,4840,7140,0,7621
985,10,0,17,8,36860040,4841,7140,0,7631
986,9,0,16,9,36905880,4840,7140,0,7640
987,3,0,10,15,36952620,4841,7140,0,7643
988,3,0,6,19,36982020,4840,7140,0,7646
989,2,0,8,17,36982020,4840,7140,0,7648
990,6,0,11,14,36993480,4840,7140,0,7654
991,7,0,16,9,37004100,4840,7140,0,7661
992,5,0,14,11,37039860,4840,7140,0,7666
993,12,0,16,9,37087980,4840,7140,0,7678
994,13,0,20,5,37124040,4839,7140,0,7691
995,9,0,18,7,37169280,4838,7140,0,7700
996,6,0,14,11,37212840,4837,7140,0,7706
997,15,0,20,5,37257060,4837,7140,0,7721
998,13,0,21,4,37307040,4836,7140,0,7734
999,11,0,19,6,37365180,4836,7200,0,7745
1000,6,0,15,10,37429680,4838,7200,0,7751
1001,8,0,15,10,37478460,4839,7200,0,7759
1002,9,0,17,8,37505880,4838,7200,0,7768
1003,7,0,14,11,37566840,4840,7200,0,7775
1004,14,0,21,4,37598280,4840,7200,0,7789
1005,9,0,18,7,37650480,4839,7200,0,7798
1006,7,0,15,10,37701120,4839,7200,0,7805
1007,4,0,11,14,37744860,4840,7200,0,7809
1008,3,0,12,13,37756980,4840,7200,0,7812
1009,4,0,10,15,37800480,4842,7200,0,7816
1010,9,0,13,12,37824060,4841,7200,0,7825
1011,4,0,13,12,37845540,4842,7200,0,7829
1012,6,0,11,14,37895700,4843,7200,0,7835
1013,5,0,11,14,37917540,4843,7200,0,7840
1014,8,0,13,12,37940580,4842,7200,0,7848
1015,9,0,13,12,37979040,4841,7200,0,7857
1016,14,0,19,6,38009340,4840,7200,0,7871
1017,11,0,19,6,38055360,4839,7200,0,7882
1018,16,0,24,1,38101080,4838,7320,0,7898
1019,11,0,17,8,38188860,4838,7320,0,7909
1020,7,0,14,11,38229360,4837,7320,0,7916
1021,9,0,15,10,38266440,4837,7320,0,7925
1022,5,0,11,14,38315160,4838,7320,0,7930
1023,9,0,16,9,38329260,4837,7320,0,7939
1024,13,0,24,1,38361660,4838,7320,0,7952
1025,7,0,17,8,38429220,4838,7320,0,7959
1026,3,0,11,14,38478360,4839,7320,0,7962
1027,4,0,8,17,38517540,4840,7320,0,7966
1028,8,0,14,11,38524680,4839,7320,0,7974
1029,6,0,13,12,38562180,4840,7320,0,7980
1030,8,0,12,13,38600460,4839,7320,0,7988
1031,0,0,6,19,38631840,4839,7320,0,7988
1032,5,0,7,18,38648700,4839,7320,0,7993
1033,4,0,9,16,38656920,4839,7320,0,7997
1034,7,0,12,13,38675760,4839,7320,0,8004
1035,8,0,16,9,38691240,4838,7320,0,8012
1036,2,0,10,15,38730780,4838,7320,0,8014
1037,1,0,5,20,38768460,4840,7320,0,8015
1038,2,0,6,19,38770500,4839,7320,0,8017
1039,13,0,18,7,38772780,4839,7320,0,8030
1040,8,0,17,8,38819460,4839,7320,0,8038
1041,6,0,15,10,38860920,4840,7320,0,8044
1042,8,0,13,12,38915460,4840,7320,0,8052
1043,9,0,14,11,38952120,4840,7320,0,8061
1044,10,0,18,7,38983800,4840,7320,0,8071
1045,12,0,19,6,39036120,4840,7320,0,8083
1046,12,0,20,5,39090060,4840,7320,0,8095
1047,11,0,20,5,39144360,4841,7320,0,8106
1048,12,0,19,6,39199800,4840,7320,0,8118
1049,6,0,15,10,39256860,4841,7320,0,8124
1050,10,0,17,8,39294900,4841,7320,0,8134
1051,5,0,13,12,39335580,4840,7320,0,8139
1052,6,0,14,11,39369600,4841,7320,0,8145
1053,4,0,9,16,39419820,4842,7320,0,8149
1054,8,0,12,13,39442440,4842,7320,0,8157
1055,3,0,9,16,39471900,4842,7320,0,8160
1056,9,0,13,12,39490500,4841,7320,0,8169
1057,5,0,12,13,39517020,4841,7320,0,8174
1058,1,0,7,18,39549000,4841,7320,0,8175
1059,7,0,12,13,39562860,4842,7320,0,8182
1060,1,0,9,16,39578460,4841,7320,0,8183
1061,5,0,8,17,39606720,4841,7320,0,8188
1062,2,0,6,19,39622560,4841,7320,0,8190
1063,4,0,9,16,39628500,4841,7320,0,8194
1064,10,0,17,8,39634920,4841,7320,0,8204
1065,11,0,18,7,39679980,4840,7320,0,8215
1066,4,0,11,14,39723600,4839,7320,0,8219
1067,10,0,15,10,39761100,4840,7320,0,8229
1068,11,0,19,6,39785880,4839,7320,0,8240
1069,8,0,19,6,39823860,4839,7320,0,8248
1070,13,0,18,7,39894000,4839,7320,0,8261
1071,15,0,23,2,39947460,4840,9780,1,8276
1072,10,0,24,1,39999360,4841,9780,1,8286
1073,16,0,23,2,40079940,4841,9900,1,8302
1074,5,0,13,12,40151640,4841,9900,1,8307
1075,8,0,15,10,40183200,4841,9900,1,8315
1076,7,0,11,14,40225800,4840,9900,1,8322
1077,4,0,11,14,40254000,4841,9900,1,8326
1078,9,0,17,8,40271040,4841,9900,1,8335
1079,6,0,14,11,40320000,4842,9900,1,8341
1080,8,0,16,9,40350120,4842,9900,1,8349
1081,3,0,11,14,40387500,4842,9900,1,8352
1082,4,0,8,17,40421220,4842,9900,1,8356
1083,6,0,9,16,40437300,4841,9900,1,8362
1084,10,0,16,9,40450500,4840,9900,1,8372
1085,4,0,15,10,40471260,4840,9900,1,8376
1086,6,0,12,13,40518720,4840,9900,1,8382
1087,3,0,8,17,40555500,4841,9900,1,8385
1088,8,0,10,15,40575360,4840,9900,1,8393
1089,9,0,14,11,40589940,4839,9900,1,8402
1090,8,0,15,10,40625640,4839,9900,1,8410
1091,8,0,13,12,40667760,4838,9900,1,8418
1092,8,0,14,11,40701180,4838,9900,1,8426
1093,9,0,15,10,40733880,4837,9900,1,8435
1094,16,0,21,4,40767900,4836,9900,1,8451
1095,7,0,17,8,40815360,4835,9900,1,8458
1096,12,0,15,10,40889220,4836,9900,1,8470
1097,4,0,11,14,40922580,4835,9900,1,8474
1098,10,0,16,9,40953420,4836,9900,1,8484
1099,6,0,16,9,40981980,4836,9900,1,8490
1100,4,0,10,15,41036820,4836,9900,1,8494
1101,6,0,14,11,41055600,4838,9900,1,8500
1102,9,0,15,10,41087280,4837,9900,1,8509
1103,3,0,13,12,41117520,4837,9900,1,8512
1104,6,0,10,15,41167260,4838,9900,1,8518
1105,1,0,7,18,41191860,4839,9900,1,8519
1106,5,0,10,15,41207340,4839,9900,1,8524
1107,9,0,14,11,41223840,4839,9900,1,8533
1108,6,0,11,14,41266320,4838,9900,1,8539
1109,4,0,10,15,41299920,4840,9900,1,8543
1110,6,0,12,13,41318580,4839,9900,1,8549
1111,11,0,16,9,41356260,4840,9900,1,8560
1112,10,0,17,8,41388900,4839,9900,1,8570
1113,11,0,20,5,41428140,4839,9900,1,8581
1114,12,0,19,6,41492460,4839,9900,1,8593
1115,15,0,23,2,41541840,4838,9900,1,8608
1116,7,0,18,7,41610000,4840,9900,1,8615
1117,14,0,18,7,41675280,4839,9900,1,8629
1118,11,0,18,7,41719860,4838,9900,1,8640
1119,14,0,21,4,41768160,4838,9900,1,8654
1120,12,0,23,2,41812560,4837,10020,1,8666
1121,8,0,14,11,41908500,4839,10020,1,8674
1122,7,0,13,12,41940240,4838,10020,1,8681
1123,4,0,10,15,41972880,4838,10020,1,8685
1124,6,0,11,14,41993400,4837,10020,1,8691
1125,10,0,14,11,42020460,4837,10020,1,8701
1126,3,0,11,14,42050220,4837,10020,1,8704
1127,10,0,14,11,42088260,4837,10020,1,8714
1128,3,0,9,16,42120420,4836,10020,1,8717
1129,5,0,10,15,42147840,4837,10020,1,8722
1130,3,0,10,15,42159660,4837,10020,1,8725
1131,6,0,13,12,42177900,4838,10020,1,8731
1132,11,0,18,7,42206940,4838,10020,1,8742
1133,4,0,15,10,42246240,4838,10020,1,8746
1134,8,0,15,10,42279060,4837,10020,1,8754
1135,8,0,15,10,42320640,4838,10020,1,8762
1136,5,0,12,13,42365940,4839,10020,1,8767
1137,6,0,9,16,42409320,4839,10020,1,8773
1138,10,0,16,9,42420720,4838,10020,1,8783
1139,9,0,16,9,42459360,4838,10020,1,8792
1140,10,0,14,11,42506340,4836,10020,1,8802
1141,7,0,13,12,42549180,4837,10020,1,8809
1142,5,0,12,13,42580680,4837,10020,1,8814
1143,12,0,17,8,42607560,4836,10020,1,8826
1144,10,0,19,6,42642240,4836,10020,1,8836
1145,7,0,13,12,42708840,4836,10020,1,8843
1146,5,0,13,12,42736260,4837,10020,1,8848
1147,9,0,14,11,42772560,4836,10020,1,8857
1148,9,0,19,6,42790320,4836,10020,1,8866
1149,5,0,15,10,42843600,4837,10020,1,8871
1150,7,0,11,14,42907740,4839,10020,1,8878
1151,4,0,13,12,42918120,4839,10020,1,8882
1152,7,0,13,12,42955980,4839,10020,1,8889
1153,5,0,11,14,42992760,4839,10020,1,8894
1154,3,0,8,17,43022460,4839,10020,1,8897
1155,9,0,11,14,43046640,4839,10020,1,8906
1156,5,0,15,10,43050660,4839,10020,1,8911
1157,6,0,14,11,43089180,4839,10020,1,8917
1158,7,0,13,12,43128660,4839,10020,1,8924
1159,3,0,9,16,43165140,4840,10020,1,8927
1160,9,0,16,9,43171860,4839,10020,1,8936
1161,10,0,18,7,43215060,4840,10020,1,8946
1162,13,0,21,4,43252740,4839,10020,1,8959
1163,16,2,25,0,43312080,4840,11100,1,8975
1164,8,0,21,4,43400160,4842,15480,1,8983
1165,11,0,19,6,43469940,4843,15480,1,8994
1166,10,0,21,4,43512720,4843,15480,1,9004
1167,12,0,17,8,43588740,4843,15480,1,9016
1168,11,0,16,9,43629900,4841,15480,1,9027
1169,9,0,15,10,43677720,4841,15480,1,9036
1170,8,0,12,13,43725360,4841,15480,1,9044
1171,4,0,10,15,43750080,4840,15480,1,9048
1172,5,0,11,14,43773060,4841,15480,1,9053
1173,2,0,9,16,43794540,4841,15480,1,9055
1174,7,0,13,12,43812960,4841,15480,1,9062
1175,2,0,9,16,43842600,4841,15480,1,9064
1176,5,0,11,14,43859220,4842,15480,1,9069
1177,9,0,12,13,43889700,4841,15480,1,9078
1178,8,0,14,11,43912740,4840,15480,1,9086
1179,7,0,16,9,43932540,4839,15480,1,9093
1180,7,0,12,13,43985880,4839,15480,1,9100
1181,7,0,16,9,43999080,4839,15480,1,9107
1182,10,0,15,10,44049060,4839,15480,1,9117
1183,7,0,13,12,44089620,4839,15480,1,9124
1184,14,0,20,5,44123520,4839,15480,1,9138
1185,9,0,18,7,44177520,4839,15480,1,9147
1186,15,0,23,2,44226240,4839,15480,1,9162
1187,12,2,25,0,44263980,4839,17880,1,9174
1188,13,0,18,7,44381220,4840,18540,2,9187
1189,10,0,19,6,44422320,4840,18540,2,9197
1190,11,0,19,6,44466480,4839,18540,2,9208
1191,11,0,18,7,44522760,4838,18540,2,9219
1192,11,0,20,5,44568360,4839,18540,2,9230
1193,10,0,20,5,44615880,4839,18540,2,9240
1194,8,0,16,9,44680500,4839,18540,2,9248
1195,12,0,22,3,44713380,4840,18540,2,9260
1196,4,0,16,9,44772540,4841,18540,2,9264
1197,8,0,16,9,44824200,4842,18540,1,9272
1198,9,0,17,8,44866560,4843,18540,1,9281
1199,6,0,13,12,44911380,4842,18540,1,9287
1200,4,0,10,15,44944080,4842,18540,1,9291
1201,5,0,10,15,44978100,4843,18540,1,9296
1202,9,0,16,9,44997480,4844,18540,1,9305
1203,4,0,10,15,45035760,4843,18540,1,9309
1204,0,0,7,18,45052920,4843,18540,1,9309
1205,6,0,9,16,45076320,4843,18540,1,9315
1206,8,0,15,10,45084420,4843,18540,1,9323
1207,14,0,16,9,45132060,4841,18540,1,9337
1208,6,0,16,9,45157560,4841,18540,1,9343
1209,12,0,20,5,45199680,4841,18540,1,9355
1210,9,0,17,8,45249000,4841,18540,1,9364
1211,6,0,17,8,45284820,4841,18540,1,9370
1212,11,0,16,9,45349920,4842,18540,1,9381
1213,10,0,17,8,45404100,4843,18540,1,9391
1214,12,0,21,4,45452340,4844,18540,1,9403
1215,8,0,16,9,45517860,4844,18540,1,9411
1216,10,0,18,7,45555300,4844,18540,1,9421
1217,6,0,15,10,45600360,4844,18540,1,9427
1218,7,0,13,12,45655500,4846,18540,1,9434
1219,3,0,10,15,45684720,4846,18540,1,9437
1220,11,0,13,12,45719880,4845,18540,1,9448
1221,6,0,12,13,45745140,4844,18540,1,9454
1222,6,0,11,14,45771840,4844,18540,1,9460
1223,6,0,12,13,45793140,4843,18540,1,9466
1224,5,0,11,14,45819720,4843,18540,1,9471
1225,3,0,9,16,45844260,4843,18540,1,9474
1226,7,0,14,11,45855180,4843,18540,1,9481
1227,9,0,19,6,45877020,4843,18540,1,9490
1228,5,0,14,11,45930000,4844,18540,1,9495
1229,10,0,17,8,45966240,4844,18540,1,9505
1230,5,0,10,15,46027200,4844,18540,1,9510
1231,14,0,19,6,46042320,4844,18540,1,9524
1232,9,0,18,7,46093500,4844,18540,1,9533
1233,6,0,15,10,46136340,4844,18540,1,9539
1234,9,0,15,10,46183920,4844,18540,1,9548
1235,12,0,19,6,46221900,4844,18540,1,9560
1236,15,0,23,2,46267860,4843,18540,1,9575
1237,12,0,22,3,46337940,4844,18540,1,9587
1238,9,0,19,6,46406940,4845,18540,1,9596
1239,11,0,15,10,46473300,4845,18540,1,9607
1240,10,0,18,7,46502340,4844,18540,1,9617
1241,11,0,19,6,46551660,4844,18540,1,9628
1242,12,0,20,5,46611780,4845,18540,1,9640
1243,5,0,14,11,46664220,4845,18540,1,9645
1244,11,0,15,10,46712580,4845,18540,1,9656
1245,10,0,16,9,46742220,4843,18540,1,9666
1246,5,0,9,16,46798440,4843,18540,1,9671
1247,3,0,7,18,46827060,4844,18540,1,9674
1248,2,0,8,17,46830120,4843,18540,1,9676
1249,3,0,8,17,46843620,4843,18540,1,9679
1250,3,0,8,17,46859040,4843,18540,1,9682
1251,6,0,12,13,46864980,4843,18540,1,9688
1252,6,0,12,13,46895880,4843,18540,1,9694
1253,5,0,12,13,46924800,4844,18540,1,9699
1254,6,0,12,13,46960920,4844,18540,1,9705
1255,5,0,14,11,46974660,4844,18540,1,9710
1256,11,0,18,7,47016120,4845,18540,1,9721
1257,15,0,24,1,47050740,4844,18540,1,9736
1258,7,0,18,7,47119500,4845,18540,1,9743
1259,11,0,18,7,47173500,4845,18540,1,9754
1260,7,0,16,9,47219040,4845,18540,1,9761
1261,13,0,18,7,47270640,4845,18540,1,9774
1262,7,0,18,7,47300280,4844,18540,1,9781
1263,10,0,17,8,47364780,4845,18540,1,9791
1264,9,0,17,8,47397000,4844,18540,1,9800
1265,16,0,19,6,47459400,4844,18540,1,9816
1266,4,0,16,9,47489820,4843,18540,1,9820
1267,4,0,11,14,47541060,4844,18540,1,9824
1268,7,0,11,14,47578200,4845,18540,1,9831
1269,3,0,9,16,47598420,4844,18540,1,9834
1270,12,0,17,8,47625060,4845,18540,1,9846
1271,4,0,9,16,47679300,4844,18540,1,9850
1272,9,0,14,11,47700000,4845,18540,1,9859
1273,4,0,12,13,47728620,4845,18540,1,9863
1274,7,0,12,13,47761020,4844,18540,1,9870
1275,7,0,13,12,47796420,4845,18540,1,9877
1276,6,0,15,10,47814540,4845,18540,1,9883
1277,6,0,12,13,47857440,4845,18540,1,9889
1278,4,0,9,16,47895000,4845,18540,1,9893
1279,6,0,10,15,47909700,4844,18540,1,9899
1280,5,0,10,15,47926080,4843,18540,1,9904
1281,6,0,12,13,47945520,4843,18540,1,9910
1282,10,0,17,8,47968500,4843,18540,1,9920
1283,11,0,18,7,48015600,4843,18540,1,9931
1284,13,0,20,5,48060120,4842,18540,1,9944
1285,11,0,21,4,48116640,4843,18540,1,9955
1286,9,0,17,8,48185040,4844,18540,1,9964
1287,13,0,23,2,48221880,4844,18540,1,9977
1288,14,1,25,0,48281940,4845,26040,2,9991
1289,6,0,14,11,48383460,4846,26220,2,9997
1290,7,0,12,13,48422160,4846,26220,2,10004
1291,2,0,7,18,48452640,4845,26220,2,10006
1292,6,0,9,16,48473880,4845,26220,2,10012
1293,6,0,13,12,48482460,4845,26220,2,10018
1294,6,0,16,9,48496920,4845,26220,2,10024
1295,3,0,9,16,48543420,4845,26220,2,10027
1296,6,0,12,13,48562140,4846,26220,2,10033
1297,3,0,9,16,48595080,4846,26220,2,10036
1298,5,0,11,14,48614100,4846,26220,2,10041
1299,7,0,9,16,48647340,4845,26220,2,10048
1300,5,0,12,13,48658440,4845,26220,2,10053
1301,9,0,17,8,48679080,4846,26220,2,10062
1302,10,0,21,4,48710520,4846,26220,2,10072
1303,4,0,14,11,48772740,4847,26220,2,10076
1304,3,0,7,18,48828000,4847,26220,2,10079
1305,10,0,14,11,48836940,4847,26220,2,10089
1306,4,0,14,11,48852060,4846,26220,2,10093
1307,3,0,8,17,48896280,4846,26220,2,10096
1308,11,0,16,9,48913740,4847,26220,2,10107
1309,7,0,14,11,48954540,4846,26220,2,10114
1310,12,0,20,5,48990240,4847,26220,2,10126
1311,10,0,20,5,49034880,4847,26220,2,10136
1312,3,0,9,16,49112400,4848,26220,2,10139
1313,8,0,11,14,49137360,4847,26220,2,10147
1314,3,0,10,15,49152600,4847,26220,2,10150
1315,7,0,14,11,49166760,4847,26220,2,10157
1316,7,0,13,12,49212180,4848,26220,2,10164
1317,7,0,15,10,49229340,4847,26220,2,10171
1318,8,0,15,10,49276920,4848,26220,2,10179
1319,4,0,14,11,49304460,4848,26220,2,10183
1320,3,0,7,18,49366860,4849,26220,2,10186
1321,8,0,13,12,49378200,4850,26220,2,10194
1322,8,0,16,9,49401120,4849,26220,2,10202
1323,6,0,13,12,49451220,4850,26220,2,10208
1324,7,0,13,12,49481700,4850,26220,2,10215
1325,8,0,13,12,49521000,4850,26220,2,10223
1326,7,0,15,10,49537920,4849,26220,2,10230
1327,8,0,12,13,49593360,4849,26220,2,10238
1328,0,0,8,17,49614720,4849,26220,2,10238
1329,7,0,10,15,49639980,4850,26220,2,10245
1330,10,0,17,8,49654980,4850,26220,2,10255
1331,12,0,21,4,49686780,4849,26220,2,10267
1332,8,0,15,10,49745040,4848,26220,2,10275
1333,8,0,12,13,49788900,4847,26220,2,10283
1334,5,0,9,16,49822200,4846,26220,2,10288
1335,7,0,14,11,49839360,4847,26220,2,10295
1336,13,0,16,9,49888620,4847,26220,2,10308
1337,8,0,15,10,49927920,4846,26220,2,10316
1338,5,0,12,13,49974600,4847,26220,2,10321
1339,9,0,17,8,49995360,4847,26220,2,10330
1340,10,0,17,8,50050320,4848,26220,2,10340
1341,9,0,16,9,50090520,4847,26220,2,10349
1342,6,0,14,11,50137140,4848,26220,2,10355
1343,6,0,14,11,50170680,4848,26220,2,10361
1344,3,0,13,12,50189340,4848,26220,2,10364
1345,6,0,18,7,50192820,4848,26220,2,10370
1346,6,0,20,5,50210580,4848,26220,2,10376
1347,7,0,24,1,50225940,4848,26220,2,10383
1348,9,3,25,0,50252100,4848,28680,2,10392
1349,7,1,25,0,50309160,4850,37440,3,10399
1350,4,0,17,8,50371800,4849,38160,3,10403
1351,12,1,25,0,50384460,4849,38940,3,10415
1352,9,3,25,0,50417580,4849,42960,4,10424
1353,2,0,21,4,50461800,4849,46920,4,10426
1354,8,0,21,4,50519520,4851,46920,4,10434
1355,8,0,22,3,50554980,4851,46920,4,10442
1356,14,5,25,0,50585940,4851,48180,4,10456
1357,14,11,25,0,50635980,4852,58860,5,10470
1358,11,14,25,0,50685120,4853,77220,7,10481
1359,8,14,25,0,50725200,4854,107340,10,10489
1360,8,11,25,0,50786280,4854,151020,14,10497
1361,8,10,25,0,50814060,4853,188700,17,10505
1362,9,7,25,0,50875800,4853,244260,23,10514
1363,4,1,25,0,50924040,4853,292740,27,10518
1364,6,0,20,5,50965440,4852,293280,27,10524
1365,11,2,25,0,50986800,4852,293280,27,10535
1366,6,0,23,2,51030540,4851,293580,27,10541
1367,4,0,20,5,51069540,4852,293580,27,10545
1368,6,0,19,6,51105300,4852,293580,27,10551
1369,4,0,18,7,51131580,4852,293580,27,10555
1370,6,0,18,7,51154740,4852,293580,27,10561
1371,3,0,17,8,51180300,4852,293580,27,10564
1372,9,0,21,4,51202320,4852,293580,27,10573
1373,5,0,19,6,51229260,4851,293580,27,10578
1374,7,0,20,5,51263460,4852,293580,27,10585
1375,9,0,25,0,51283260,4852,293580,27,10594
1376,13,8,25,0,51307560,4852,295200,27,10607
1377,10,9,25,0,51361140,4853,307800,28,10617
1378,9,10,25,0,51409740,4854,330420,31,10626
1379,8,9,25,0,51460860,4854,346980,32,10634
1380,9,8,25,0,51508560,4854,376620,35,10643
1381,11,4,25,0,51570240,4853,408840,38,10654
1382,12,8,25,0,51608220,4853,414780,38,10666
1383,10,12,25,0,51639000,4853,419580,39,10676
1384,6,8,25,0,51699180,4854,439920,41,10682
1385,10,13,25,0,51730680,4855,446640,41,10692
1386,4,7,25,0,51790740,4856,485400,45,10696
1387,8,0,24,1,51851700,4855,603480,56,10704
1388,5,0,23,2,51873000,4854,603480,56,10709
1389,8,0,22,3,51919080,4854,603480,56,10717
1390,5,0,20,5,51957600,4854,603480,56,10722
1391,9,0,21,4,51992940,4854,603480,56,10731
1392,6,0,22,3,52017900,4854,603480,56,10737
1393,3,0,18,7,52057020,4855,603480,56,10740
1394,10,0,23,2,52081020,4855,603480,56,10750
1395,2,0,21,4,52098000,4854,603480,56,10752
1396,7,0,22,3,52139160,4856,603480,56,10759
1397,8,0,24,1,52175280,4856,603480,56,10767
1398,5,0,22,3,52212420,4856,603480,56,10772
1399,10,0,24,1,52254960,4857,603480,55,10782
1400,12,3,25,0,52297740,4857,607680,56,10794
1401,17,10,25,0,52350180,4858,618180,57,10811
1402,14,16,25,0,52392720,4858,632760,58,10825
1403,8,15,25,0,52439520,4858,652200,60,10833
1404,7,13,25,0,52484160,4858,693060,63,10840
1405,15,17,25,0,52542960,4859,703500,64,10855
1406,4,15,25,0,52574880,4859,735720,67,10859
1407,14,18,25,0,52629600,4859,777600,71,10873
1408,12,21,25,0,52667400,4859,795660,73,10885
1409,3,12,25,0,52718340,4858,897420,82,10888
1410,16,15,25,0,52768320,4857,1004880,92,10904
1411,9,17,25,0,52802160,4857,1038000,95,10913
1412,12,21,25,0,52850880,4858,1050180,96,10925
1413,9,20,25,0,52909140,4858,1077420,98,10934
1414,5,14,25,0,52957260,4858,1114260,101,10939
1415,6,7,25,0,53006220,4857,1237020,113,10945
1416,3,0,14,11,53059260,4852,1463400,133,10948
1417,5,0,18,7,53063880,4852,1463400,133,10953
1418,5,0,19,6,53084580,4852,1463400,133,10958
1419,9,0,22,3,53103960,4851,1463400,133,10967
1420,7,0,24,1,53131800,4852,1463400,133,10974
1421,6,0,22,3,53172180,4852,1463400,133,10980
1422,11,0,24,1,53219940,4852,1463400,133,10991
1423,6,0,24,1,53241120,4852,1463400,133,10997
1424,11,0,23,2,53297100,4851,1463880,132,11008
1425,8,0,23,2,53330340,4851,1465080,132,11016
1426,10,0,23,2,53373900,4850,1465080,132,11026
1427,10,0,22,3,53418120,4850,1465080,132,11036
1428,13,1,25,0,53452200,4849,1466640,132,11049
1429,7,0,25,0,53491140,4849,1467720,132,11056
1430,11,4,25,0,53532000,4849,1468200,132,11067
1431,10,5,25,0,53582880,4850,1477260,133,11077
1432,8,5,25,0,53630880,4851,1482780,133,11085
1433,7,3,25,0,53675100,4851,1511100,136,11092
1434,11,4,25,0,53713260,4850,1527660,137,11103
1435,12,5,25,0,53775540,4851,1538760,138,11115
1436,10,5,25,0,53819100,4850,1546560,139,11125
1437,4,0,25,0,53867280,4851,1577580,141,11129
1438,12,1,25,0,53914260,4850,1580460,141,11141
1439,3,0,20,5,53955600,4850,1580940,141,11144
1440,4,0,18,7,53989740,4850,1580940,141,11148
1441,4,0,16,9,54019920,4850,1580940,141,11152
1442,3,0,17,8,54028980,4850,1580940,141,11155
1443,6,0,16,9,54057960,4850,1580940,141,11161
1444,2,0,15,10,54071820,4850,1580940,141,11163
1445,6,0,17,8,54090660,4850,1580940,141,11169
1446,4,0,19,6,54100380,4850,1580940,141,11173
1447,7,0,20,5,54130380,4850,1580940,141,11180
1448,13,0,21,4,54170220,4848,1580940,141,11193
1449,12,0,25,0,54198960,4847,1581000,141,11205
1450,11,2,25,0,54232860,4846,1584840,141,11216
1451,8,0,25,0,54282840,4847,1587660,141,11224
1452,17,8,25,0,54331260,4847,1591440,141,11241
1453,8,11,25,0,54354960,4847,1595340,141,11249
1454,6,2,25,0,54438180,4848,1636440,145,11255
1455,9,0,25,0,54471900,4846,1647660,146,11264
1456,12,5,25,0,54499500,4846,1650180,146,11276
1457,12,6,25,0,54553500,4846,1666200,147,11288
1458,9,5,25,0,54608700,4846,1676760,148,11297
1459,4,2,25,0,54643800,4846,1690620,149,11301
1460,4,0,22,3,54690540,4847,1692180,149,11305
1461,10,0,24,1,54737220,4847,1692180,149,11315
1462,3,0,21,4,54765120,4847,1692180,149,11318
1463,7,0,17,8,54809760,4846,1692180,149,11325
1464,8,0,23,2,54813960,4846,1692180,149,11333
1465,5,0,23,2,54834780,4846,1692180,149,11338
1466,6,0,21,4,54885120,4847,1692180,149,11344
1467,8,0,22,3,54921480,4847,1692180,149,11352
1468,6,0,20,5,54955500,4847,1692180,148,11358
1469,5,0,19,6,54980640,4846,1692180,148,11363
1470,4,0,19,6,55001400,4846,1692180,148,11367
1471,3,0,16,9,55037580,4847,1692180,148,11370
1472,10,0,23,2,55055100,4847,1692180,148,11380
1473,9,2,25,0,55074960,4847,1693260,148,11389
1474,12,5,25,0,55122000,4847,1701300,149,11401
1475,12,12,25,0,55146780,4847,1704480,149,11413
1476,16,18,25,0,55214100,4849,1726500,151,11429
1477,6,18,25,0,55254900,4850,1743300,152,11435
1478,10,20,25,0,55303860,4851,1765020,154,11445
1479,5,16,25,0,55353540,4851,1808340,157,11450
1480,13,18,25,0,55408020,4851,1824240,159,11463
1481,6,12,25,0,55459740,4851,1864860,162,11469
1482,7,11,25,0,55486440,4850,1947240,169,11476
1483,5,2,25,0,55556580,4850,2108220,183,11481
1484,15,6,25,0,55590300,4848,2152200,187,11496
1485,3,0,24,1,55638720,4848,2172660,188,11499
1486,2,0,16,9,55698420,4849,2172660,188,11501
1487,4,0,16,9,55720380,4849,2172660,188,11505
1488,4,0,15,10,55743120,4849,2172660,188,11509
1489,3,0,17,8,55749780,4849,2172660,188,11512
1490,5,0,18,7,55766760,4849,2172660,188,11517
1491,3,0,16,9,55790280,4849,2172660,188,11520
1492,4,0,17,8,55798620,4849,2172660,188,11524
1493,9,0,20,5,55824720,4848,2172660,188,11533
1494,11,2,25,0,55839660,4848,2174700,188,11544
1495,2,0,20,5,55887720,4848,2178060,188,11546
1496,8,0,21,4,55923060,4848,2178060,188,11554
1497,10,2,25,0,55943460,4849,2184480,188,11564
1498,8,0,25,0,55993080,4849,2189760,189,11572
1499,14,6,25,0,56029560,4848,2195760,189,11586
1500,3,3,25,0,56066340,4849,2208240,190,11589
1501,16,8,25,0,56125620,4850,2220840,191,11605
1502,7,6,25,0,56174400,4850,2229420,192,11612
1503,7,3,25,0,56232480,4851,2251800,193,11619
1504,8,0,19,6,56291580,4849,2280060,196,11627
1505,12,0,23,2,56306940,4847,2280180,195,11639
1506,7,0,22,3,56344680,4847,2280180,195,11646
1507,8,0,20,5,56389560,4846,2280180,195,11654
1508,5,0,19,6,56416380,4846,2280180,195,11659
1509,4,0,16,9,56446020,4846,2280180,195,11663
1510,7,0,21,4,56456580,4846,2280180,195,11670
1511,5,0,19,6,56485800,4846,2280180,195,11675
1512,6,0,20,5,56513040,4846,2280180,195,11681
1513,7,0,20,5,56543220,4846,2280180,195,11688
1514,5,0,21,4,56557740,4845,2280180,195,11693
1515,4,0,16,9,56604300,4845,2280180,194,11697
1516,8,0,20,5,56617320,4845,2280180,194,11705
1517,5,0,19,6,56639580,4844,2280180,194,11710
1518,12,1,25,0,56661480,4844,2280780,194,11722
1519,4,0,19,6,56710620,4844,2281440,194,11726
1520,6,0,22,3,56726820,4844,2281440,194,11732
1521,6,0,20,5,56769720,4844,2281440,194,11738
1522,15,4,25,0,56791500,4844,2282100,194,11753
1523,10,6,25,0,56837700,4844,2293320,194,11763
1524,8,7,25,0,56884740,4845,2304900,195,11771
1525,9,8,25,0,56927760,4846,2326500,197,11780
1526,8,2,25,0,56988900,4845,2379480,201,11788
1527,6,0,22,3,57023340,4843,2386200,202,11794
1528,9,0,21,4,57073380,4844,2386200,202,11803
1529,6,0,22,3,57101460,4844,2386200,202,11809
1530,7,0,21,4,57140100,4844,2386500,201,11816
1531,7,0,19,6,57194820,4845,2386500,201,11823
1532,7,0,23,2,57204180,4844,2386500,201,11830
1533,6,0,21,4,57246060,4845,2386500,201,11836
1534,6,0,18,7,57286980,4844,2386500,201,11842
1535,4,0,19,6,57299160,4844,2386500,201,11846
1536,8,0,21,4,57340020,4845,2386500,201,11854
1537,2,0,18,7,57364560,4845,2386500,201,11856
1538,9,0,20,5,57396600,4845,2386500,201,11865
1539,5,0,21,4,57415200,4845,2386500,201,11870
1540,6,0,19,6,57453720,4845,2386500,200,11876
1541,5,0,18,7,57487740,4845,2386500,200,11881
1542,8,0,21,4,57510840,4845,2386500,200,11889
1543,1,0,19,6,57522660,4845,2386500,200,11890
1544,6,0,20,5,57557760,4846,2386500,200,11896
1545,7,0,21,4,57585720,4846,2386500,200,11903
1546,12,1,25,0,57616140,4846,2386500,200,11915
1547,10,0,25,0,57668640,4846,2394960,200,11925
1548,9,0,24,1,57704580,4845,2395440,200,11934
1549,10,1,25,0,57749580,4845,2399880,200,11944
1550,10,4,25,0,57789480,4846,2406240,201,11954
1551,15,11,25,0,57840420,4847,2415000,201,11969
1552,11,18,23,2,57874020,4847,2417400,201,11980
1553,4,15,23,2,57921660,4848,2441460,203,11984
1554,5,13,25,0,57958860,4849,2475540,206,11989
1555,8,13,25,0,58010760,4850,2496840,208,11997
1556,9,17,25,0,58042320,4851,2504880,208,12006
1557,8,16,25,0,58102680,4852,2517960,209,12014
1558,3,12,25,0,58141980,4853,2588100,215,12017
1559,3,0,20,5,58205040,4850,2831040,235,12020
1560,7,0,19,6,58237980,4849,2831040,235,12027
1561,4,0,18,7,58263300,4850,2831040,235,12031
1562,10,0,21,4,58292040,4849,2831040,235,12041
1563,6,0,24,1,58302420,4849,2831040,234,12047
1564,6,0,21,4,58345260,4849,2831040,234,12053
1565,12,2,25,0,58371720,4848,2833440,234,12065
1566,4,0,23,2,58414260,4849,2835540,234,12069
1567,8,1,25,0,58453320,4850,2835600,234,12077
1568,10,0,25,0,58519560,4851,2836920,234,12087
1569,8,0,24,1,58568640,4852,2843520,235,12095
1570,14,6,25,0,58599960,4851,2846280,235,12109
1571,7,6,25,0,58641180,4852,2858040,235,12116
1572,12,7,25,0,58702260,4853,2872140,236,12128
1573,15,14,25,0,58751100,4853,2879640,237,12143
1574,11,21,25,0,58773060,4854,2888520,237,12154
1575,14,26,25,0,58828020,4854,2909160,239,12168
1576,11,26,25,0,58895400,4856,2929020,240,12179
1577,15,35,25,0,58924440,4856,2945400,241,12194
1578,6,33,25,0,58975620,4857,2981940,244,12200
1579,7,33,25,0,59025240,4858,3012300,246,12207
1580,8,32,25,0,59077260,4859,3132180,256,12215
1581,8,30,25,0,59131140,4859,3147840,257,12223
1582,5,29,25,0,59161380,4859,3248100,265,12228
1583,7,20,25,0,59232120,4859,3464100,283,12235
1584,7,18,25,0,59263560,4858,3567840,291,12242
1585,3,10,25,0,59317860,4858,3731040,304,12245
1586,6,4,25,0,59360280,4856,3971280,324,12251
1587,2,0,15,10,59414100,4854,4101000,334,12253
1588,10,0,20,5,59432280,4854,4101000,334,12263
1589,6,0,22,3,59450460,4854,4101000,334,12269
1590,7,0,22,3,59484660,4854,4101000,334,12276
1591,10,0,25,0,59512980,4853,4101240,333,12286
1592,12,4,25,0,59555220,4854,4105680,333,12298
1593,10,4,25,0,59612400,4854,4114020,334,12308
1594,4,1,25,0,59638200,4854,4133640,335,12312
1595,9,0,23,2,59698560,4854,4133700,335,12321
1596,15,7,25,0,59725320,4854,4134840,335,12336
1597,11,10,25,0,59767080,4854,4143480,335,12347
1598,9,9,25,0,59828820,4855,4161180,336,12356
1599,19,26,22,3,59858940,4855,4165140,336,12375
1600,13,29,25,0,59907060,4857,4189320,338,12388
1601,6,32,25,0,59928180,4857,4203240,339,12394
1602,9,31,25,0,59985480,4858,4241160,342,12403
1603,9,30,25,0,60040620,4858,4262400,343,12412
1604,10,33,25,0,60082200,4859,4270080,343,12422
1605,5,27,25,0,60142320,4859,4361580,350,12427
1606,5,24,25,0,60184980,4860,4448280,357,12432
1607,5,21,25,0,60225780,4860,4644360,373,12437
1608,4,9,25,0,60288540,4859,4965960,399,12441
1609,5,0,20,5,60334080,4855,5176800,415,12446
1610,6,0,18,7,60366240,4854,5176800,415,12452
1611,3,0,18,7,60377580,4854,5176800,415,12455
1612,5,0,18,7,60400440,4854,5176800,415,12460
1613,3,0,17,8,60416280,4854,5176800,415,12463
1614,12,0,25,0,60436440,4854,5176800,414,12475
1615,6,0,25,0,60465660,4854,5177280,414,12481
1616,15,6,25,0,60517920,4855,5186700,415,12496
1617,9,8,25,0,60557040,4855,5194680,415,12505
1618,12,8,25,0,60609900,4855,5213520,416,12517
1619,9,7,25,0,60647700,4854,5221920,416,12526
1620,12,12,25,0,60694140,4855,5228880,417,12538
1621,14,18,25,0,60743580,4855,5243040,417,12552
1622,8,16,25,0,60798600,4856,5259900,418,12560
1623,11,22,25,0,60831120,4857,5270220,419,12571
1624,8,20,25,0,60889500,4857,5292300,420,12579
1625,9,20,25,0,60933720,4857,5303580,421,12588
1626,8,17,25,0,60983460,4857,5390160,427,12596
1627,12,17,25,0,61035540,4857,5439120,431,12608
1628,7,15,25,0,61077240,4857,5474520,433,12615
1629,7,9,25,0,61137180,4856,5677320,449,12622
1630,13,6,25,0,61171980,4853,5864700,464,12635
1631,6,0,24,1,61221540,4852,5911560,467,12641
1632,4,0,21,4,61248120,4851,5911560,467,12645
1633,1,0,15,10,61284000,4851,5911560,467,12646
1634,3,0,15,10,61304700,4852,5911560,467,12649
1635,10,0,22,3,61309680,4851,5911560,466,12659
1636,6,0,24,1,61325400,4851,5911560,466,12665
1637,2,0,17,8,61378320,4852,5911560,466,12667
1638,11,0,23,2,61399200,4851,5911560,466,12678
1639,5,0,21,4,61433280,4851,5911560,466,12683
1640,9,0,22,3,61478640,4852,5911560,465,12692
1641,9,0,25,0,61511460,4852,5911860,465,12701
1642,8,0,24,1,61547880,4852,5911920,465,12709
1643,6,0,22,3,61590660,4852,5911920,464,12715
1644,12,3,25,0,61616460,4852,5913780,464,12727
1645,5,0,24,1,61672500,4853,5923680,465,12732
1646,8,0,20,5,61728600,4852,5923680,464,12740
1647,14,4,25,0,61746540,4852,5924340,464,12754
1648,11,4,25,0,61800840,4852,5937960,465,12765
1649,11,11,25,0,61824480,4852,5943480,465,12776
1650,7,7,25,0,61889460,4853,5969880,467,12783
1651,5,2,25,0,61932000,4853,6008820,469,12788
1652,6,0,20,5,61983660,4852,6029160,471,12794
1653,7,0,22,3,62007660,4852,6029160,470,12801
1654,12,1,25,0,62045820,4852,6029160,470,12813
1655,5,0,22,3,62079540,4851,6029160,470,12818
1656,3,0,18,7,62118060,4851,6029160,470,12821
1657,4,0,16,9,62152740,4852,6029160,470,12825
1658,2,0,16,9,62162520,4852,6029160,470,12827
1659,5,0,19,6,62176140,4852,6029160,469,12832
1660,4,0,19,6,62196480,4852,6029160,469,12836
1661,3,0,19,6,62212380,4852,6029160,469,12839
1662,6,0,19,6,62248980,4853,6029160,469,12845
1663,7,0,23,2,62265540,4853,6029160,469,12852
1664,9,0,24,1,62303400,4853,6029160,468,12861
1665,7,0,24,1,62339100,4853,6029160,468,12868
1666,10,2,25,0,62380920,4854,6030960,468,12878
1667,13,6,25,0,62429280,4854,6038580,468,12891
1668,17,17,25,0,62466540,4855,6050220,468,12908
1669,10,20,25,0,62526540,4857,6069660,469,12918
1670,10,26,25,0,62548440,4857,6076320,470,12928
1671,11,27,25,0,62612460,4858,6088620,470,12939
1672,10,27,25,0,62666340,4858,6120360,472,12949
1673,10,28,25,0,62713500,4859,6168240,475,12959
1674,7,26,25,0,62764620,4859,6218820,479,12966
1675,9,28,25,0,62800800,4859,6228420,480,12975
1676,8,26,25,0,62857380,4860,6241980,480,12983
1677,4,20,25,0,62893440,4859,6367680,490,12987
1678,4,7,25,0,62963820,4858,6739740,518,12991
1679,7,3,25,0,63000780,4857,6877560,529,12998
1680,1,0,16,9,63045900,4856,6993540,538,12999
1681,2,0,13,12,63067320,4855,6993540,537,13001
1682,3,0,16,9,63067320,4855,6993540,537,13004
1683,1,0,16,9,63071760,4855,6993540,537,13005
1684,3,0,16,9,63087780,4855,6993540,537,13008
1685,6,0,17,8,63105900,4855,6993540,537,13014
1686,10,0,22,3,63123720,4854,6993540,536,13024
1687,6,0,20,5,63159600,4854,6993540,536,13030
1688,10,0,25,0,63183840,4854,6993540,536,13040
1689,7,0,22,3,63227580,4854,6993540,536,13047
1690,12,0,25,0,63264960,4853,6994680,535,13059
1691,14,4,25,0,63306480,4853,6997500,535,13073
1692,6,2,25,0,63348780,4853,7011480,536,13079
1693,9,6,25,0,63381420,4854,7019340,536,13088
1694,8,6,25,0,63430620,4855,7034760,537,13096
1695,5,1,25,0,63478200,4854,7051140,538,13101
1696,14,2,25,0,63539520,4854,7053240,537,13115
1697,7,0,22,3,63593520,4854,7059780,538,13122
1698,4,0,20,5,63621240,4854,7059780,537,13126
1699,6,0,18,7,63655740,4854,7059780,537,13132
1700,7,0,23,2,63666840,4854,7059780,537,13139
1701,6,0,20,5,63709800,4854,7059780,537,13145
1702,7,0,20,5,63740820,4853,7059780,536,13152
1703,9,0,22,3,63778080,4854,7059780,536,13161
1704,5,0,21,4,63803940,4853,7059780,536,13166
1705,8,0,23,2,63840840,4854,7059780,535,13174
1706,2,0,19,6,63868800,4854,7059780,535,13176
1707,5,0,18,7,63906660,4855,7059780,535,13181
1708,5,0,20,5,63916320,4854,7059780,535,13186
1709,9,0,24,1,63941460,4854,7059780,535,13195
1710,5,0,21,4,63977580,4854,7059780,534,13200
1711,9,0,25,0,64011000,4855,7059780,534,13209
1712,12,3,25,0,64044360,4854,7060080,534,13221
1713,14,7,25,0,64091700,4854,7066380,533,13235
1714,12,11,25,0,64137120,4854,7073640,533,13247
1715,9,11,25,0,64184160,4855,7092600,535,13256
1716,12,11,25,0,64233180,4854,7123020,537,13268
1717,16,17,25,0,64284960,4854,7134060,537,13284
1718,11,22,25,0,64321320,4855,7140420,537,13295
1719,7,18,25,0,64381980,4855,7181100,539,13302
1720,11,22,25,0,64413960,4855,7207380,541,13313
1721,12,25,25,0,64464120,4856,7217940,541,13325
1722,10,27,25,0,64514520,4856,7235700,542,13335
1723,4,28,25,0,64533360,4857,7246440,543,13339
1724,6,21,25,0,64611420,4858,7408320,555,13345
1725,4,14,25,0,64661400,4858,7586220,568,13349
1726,2,0,24,1,64719120,4856,7894800,591,13351
1727,5,0,18,7,64747860,4854,7894800,591,13356
1728,5,0,17,8,64770840,4853,7894800,590,13361
1729,6,0,20,5,64788840,4854,7894800,590,13367
1730,4,0,20,5,64816920,4854,7894800,590,13371
1731,4,0,20,5,64838160,4854,7894800,590,13375
1732,10,0,24,1,64870380,4855,7895100,589,13385
1733,6,0,22,3,64912620,4855,7897980,589,13391
1734,9,0,23,2,64950120,4855,7897980,589,13400
1735,10,1,25,0,64984800,4855,7899900,589,13410
1736,10,0,25,0,65030220,4854,7900560,588,13420
1737,10,0,25,0,65071440,4854,7901580,588,13430
1738,12,3,25,0,65115120,4854,7906800,588,13442
1739,10,5,25,0,65155980,4854,7912680,588,13452
1740,11,6,25,0,65212380,4855,7921440,588,13463
1741,8,7,25,0,65253180,4855,7933860,589,13471
1742,12,12,25,0,65292240,4855,7952820,590,13483
1743,5,5,25,0,65352900,4856,7988100,592,13488
1744,6,0,22,3,65402820,4854,8024880,594,13494
1745,12,2,25,0,65432820,4854,8026380,594,13506
1746,14,7,25,0,65480280,4854,8032980,594,13520
1747,10,11,25,0,65509680,4854,8040060,594,13530
1748,2,0,23,2,65584380,4854,8099340,598,13532
1749,11,0,22,3,65622960,4853,8099340,598,13543
1750,3,0,19,6,65653860,4853,8099340,597,13546
1751,3,0,18,7,65675700,4853,8099340,597,13549
1752,4,0,17,8,65707680,4854,8099340,597,13553
1753,6,0,19,6,65727420,4854,8099340,597,13559
1754,6,0,22,3,65744880,4854,8099340,597,13565
1755,4,0,20,5,65778300,4854,8099340,596,13569
1756,7,0,20,5,65822820,4855,8099340,596,13576
1757,9,0,19,6,65847900,4853,8099340,596,13585
1758,10,0,20,5,65884140,4853,8099340,595,13595
1759,12,0,25,0,65907840,4852,8099340,595,13607
1760,8,0,22,3,65949840,4851,8101980,595,13615
1761,6,0,21,4,65992800,4852,8101980,594,13621
1762,8,0,18,7,66037440,4851,8101980,594,13629
1763,14,3,25,0,66054360,4851,8102700,593,13643
1764,9,4,25,0,66100980,4852,8109240,593,13652
1765,5,3,25,0,66140400,4852,8117760,594,13657
1766,15,9,25,0,66194820,4853,8125140,594,13672
1767,10,10,25,0,66243240,4854,8132340,594,13682
1768,7,8,25,0,66289860,4854,8178900,597,13689
1769,4,3,25,0,66330540,4854,8223420,600,13693
1770,9,0,23,2,66386880,4853,8258220,602,13702
1771,2,0,17,8,66413280,4852,8258220,602,13704
1772,6,0,21,4,66426780,4852,8258220,602,13710
1773,13,1,25,0,66463500,4852,8258220,601,13723
1774,7,0,23,2,66499860,4851,8263020,601,13730
1775,6,0,18,7,66545100,4850,8263020,601,13736
1776,8,0,25,0,66551880,4851,8264400,601,13744
1777,4,0,18,7,66610680,4851,8264400,601,13748
1778,6,0,19,6,66630960,4851,8264400,600,13754
1779,3,0,17,8,66654720,4851,8264400,600,13757
1780,8,0,21,4,66672240,4851,8264400,600,13765
1781,3,0,18,7,66701820,4851,8264400,600,13768
1782,5,0,19,6,66716580,4850,8264400,600,13773
1783,10,0,21,4,66750420,4850,8264400,599,13783
1784,5,0,18,7,66781020,4849,8264400,599,13788
1785,14,2,25,0,66798960,4849,8264580,598,13802
1786,12,2,25,0,66856140,4849,8271420,598,13814
1787,10,3,25,0,66892680,4848,8280240,599,13824
1788,10,4,25,0,66943560,4849,8285760,598,13834
1789,13,9,25,0,66984660,4849,8289360,598,13847
1790,8,8,25,0,67036980,4850,8304840,599,13855
1791,11,13,25,0,67075380,4850,8308740,599,13866
1792,10,12,25,0,67143960,4851,8325540,599,13876
1793,8,13,25,0,67174980,4851,8341140,600,13884
1794,9,12,25,0,67229760,4852,8372820,602,13893
1795,9,14,25,0,67259820,4851,8375520,602,13902
1796,9,12,25,0,67313280,4851,8402880,604,13911
1797,7,11,25,0,67355100,4851,8457840,607,13918
1798,5,0,21,4,67422480,4849,8658240,621,13923
1799,10,0,23,2,67451040,4849,8658240,621,13933
1800,6,0,24,1,67474980,4849,8658240,621,13939
1801,4,0,19,6,67522740,4849,8658240,620,13943
1802,4,0,18,7,67555260,4849,8658240,620,13947
1803,4,0,16,9,67579500,4849,8658240,620,13951
1804,6,0,20,5,67591680,4849,8658240,620,13957
1805,6,0,19,6,67629780,4850,8658240,620,13963
1806,3,0,18,7,67650840,4850,8658240,619,13966
1807,9,0,24,1,67666320,4850,8658240,619,13975
1808,8,0,24,1,67705800,4850,8661600,619,13983
1809,1,0,18,7,67750440,4851,8661600,619,13984
1810,10,0,20,5,67793460,4851,8661600,618,13994
1811,12,3,25,0,67804560,4850,8661840,618,14006
1812,8,0,25,0,67847820,4850,8665860,618,14014
1813,17,8,25,0,67898940,4850,8667660,617,14031
1814,8,8,25,0,67940820,4850,8676360,618,14039
1815,9,10,25,0,67987380,4851,8687760,618,14048
1816,13,14,25,0,68033880,4851,8705820,619,14061
1817,13,18,25,0,68091720,4852,8715960,619,14074
1818,4,16,25,0,68124840,4853,8739360,620,14078
1819,10,13,25,0,68182680,4852,8786100,623,14088
1820,6,5,25,0,68237460,4851,8933700,633,14094
1821,8,0,22,3,68282940,4849,8995260,637,14102
1822,7,0,19,6,68322360,4848,8995260,637,14109
1823,6,0,22,3,68334720,4848,8995260,637,14115
1824,7,0,22,3,68369820,4848,8995260,636,14122
1825,1,0,14,11,68416320,4849,8995260,636,14123
1826,3,0,14,11,68428800,4848,8995260,636,14126
1827,8,0,21,4,68434980,4849,8995260,636,14134
1828,8,1,25,0,68450760,4849,8997720,636,14142
1829,3,0,17,8,68509200,4849,8998740,636,14145
1830,8,0,19,6,68535780,4849,8998740,635,14153
1831,9,1,25,0,68545320,4848,8998740,635,14162
1832,11,6,25,0,68584560,4849,9005940,635,14173
1833,12,6,25,0,68642820,4849,9019920,635,14185
1834,8,5,25,0,68680440,4849,9038340,636,14193
1835,11,7,25,0,68722320,4849,9055980,637,14204
1836,4,3,25,0,68762280,4849,9071160,638,14208
1837,13,0,25,0,68830560,4848,9091320,639,14221
1838,14,8,25,0,68857140,4848,9093900,638,14235
1839,12,10,25,0,68916480,4849,9108840,639,14247
1840,7,10,25,0,68954640,4849,9125640,640,14254
1841,7,8,25,0,69007560,4850,9140220,640,14261
1842,6,5,25,0,69054960,4850,9185880,643,14267
1843,9,2,25,0,69115620,4850,9241320,647,14276
1844,13,4,25,0,69157380,4849,9248340,647,14289
1845,6,0,24,1,69189480,4848,9285060,649,14295
1846,6,1,23,2,69214440,4847,9285960,649,14301
1847,5,0,23,2,69258300,4849,9285960,649,14306
1848,6,0,20,5,69319200,4850,9285960,648,14312
1849,5,0,18,7,69356400,4850,9285960,648,14317
1850,9,0,24,1,69367620,4850,9285960,648,14326
1851,8,0,23,2,69407880,4849,9286860,647,14334
1852,5,0,19,6,69444180,4849,9286860,647,14339
1853,2,0,16,9,69474600,4849,9286860,647,14341
1854,6,0,20,5,69486000,4850,9286860,647,14347
1855,8,0,21,4,69508980,4849,9286860,646,14355
1856,4,0,20,5,69534300,4849,9286860,646,14359
1857,8,0,22,3,69567780,4849,9286860,646,14367
1858,18,7,25,0,69597240,4848,9290100,645,14385
1859,4,0,25,0,69659220,4849,9312000,647,14389
1860,10,0,24,1,69692100,4848,9314820,646,14399
1861,16,5,25,0,69742080,4848,9317340,646,14415
1862,7,2,25,0,69795300,4848,9328500,646,14422
1863,16,12,25,0,69828900,4848,9332040,646,14438
1864,8,11,25,0,69871020,4848,9348360,647,14446
1865,11,13,25,0,69914160,4848,9371100,648,14457
1866,6,9,25,0,69970500,4849,9386940,649,14463
1867,9,6,25,0,70023180,4848,9446700,652,14472
1868,5,1,25,0,70069740,4848,9510360,656,14477
1869,8,0,23,2,70108860,4847,9526020,657,14485
1870,3,0,20,5,70143780,4848,9526020,657,14488
1871,4,0,19,6,70174620,4848,9526020,657,14492
1872,5,0,19,6,70201800,4848,9526020,657,14497
1873,5,0,19,6,70231500,4849,9526020,656,14502
1874,7,0,22,3,70249800,4849,9526020,656,14509
1875,2,0,18,7,70281480,4849,9526020,656,14511
1876,6,0,19,6,70304700,4849,9526020,656,14517
1877,3,0,17,8,70329720,4849,9526020,656,14520
1878,6,0,18,7,70351140,4849,9526020,655,14526
1879,7,0,21,4,70370940,4849,9526020,655,14533
1880,11,2,25,0,70401480,4849,9528240,655,14544
1881,14,7,25,0,70451760,4850,9538200,655,14558
1882,5,3,25,0,70500300,4850,9562800,656,14563
1883,9,2,25,0,70543620,4850,9580200,657,14572
1884,13,6,25,0,70585800,4849,9585240,657,14585
1885,9,7,25,0,70623300,4849,9592800,657,14594
1886,12,5,25,0,70688640,4849,9602220,657,14606
1887,9,5,25,0,70732200,4849,9615480,658,14615
1888,13,10,25,0,70770840,4849,9622080,657,14628
1889,10,11,25,0,70823760,4850,9635820,658,14638
1890,8,10,25,0,70872360,4850,9648480,658,14646
1891,5,0,24,1,70930200,4849,9760860,666,14651
1892,10,0,24,1,70954980,4847,9760860,665,14661
1893,6,0,20,5,71006580,4847,9760860,665,14667
1894,7,0,21,4,71039520,4848,9760860,665,14674
1895,6,0,19,6,71073900,4847,9760860,664,14680
1896,9,0,22,3,71096340,4847,9760860,664,14689
1897,4,0,20,5,71124360,4847,9760860,664,14693
1898,4,0,16,9,71159040,4847,9760860,664,14697
1899,7,0,19,6,71181960,4847,9760860,663,14704
1900,4,0,18,7,71195700,4846,9760860,663,14708
1901,3,0,16,9,71223180,4846,9760860,663,14711
1902,5,0,17,8,71237700,4846,9760860,663,14716
1903,5,0,18,7,71253360,4846,9760860,663,14721
1904,10,0,25,0,71265000,4845,9760860,662,14731
1905,11,0,25,0,71303640,4844,9765840,662,14742
1906,11,0,22,3,71359020,4844,9766440,661,14753
1907,10,0,25,0,71386260,4843,9767280,661,14763
1908,8,1,25,0,71422980,4843,9767820,661,14771
1909,10,2,25,0,71470260,4844,9772860,661,14781
1910,8,2,25,0,71517480,4844,9774900,661,14789
1911,7,0,23,2,71570640,4844,9782100,661,14796
1912,16,4,25,0,71614560,4844,9788520,660,14812
1913,13,8,25,0,71656800,4844,9795600,660,14825
1914,5,7,25,0,71694420,4844,9813180,661,14830
1915,8,2,25,0,71759520,4845,9846720,663,14838
1916,9,2,25,0,71787840,4843,9868200,664,14847
1917,10,2,25,0,71846940,4844,9878100,664,14857
1918,4,0,21,4,71901000,4845,9890580,665,14861
1919,3,0,17,8,71924280,4844,9890580,665,14864
1920,8,0,21,4,71954940,4845,9890580,665,14872
1921,3,0,22,3,71968320,4845,9890580,664,14875
1922,4,0,16,9,72019320,4845,9890580,664,14879
1923,3,0,17,8,72029100,4845,9890580,664,14882
1924,5,0,19,6,72044640,4845,9890580,664,14887
1925,2,0,17,8,72068100,4845,9890580,664,14889
1926,8,0,23,2,72079800,4846,9890580,663,14897
1927,5,0,23,2,72114120,4846,9890580,663,14902
1928,13,1,25,0,72160320,4846,9891420,663,14915
1929,9,0,24,1,72206040,4846,9893100,662,14924
1930,12,2,25,0,72247560,4845,9893100,662,14936
1931,11,7,25,0,72279720,4846,9898620,662,14947
1932,2,0,24,1,72337260,4846,9921180,663,14949
1933,3,0,18,7,72377640,4846,9921180,663,14952
1934,10,0,22,3,72409140,4846,9921180,663,14962
1935,9,0,23,2,72435780,4845,9921180,662,14971
1936,10,0,25,0,72473460,4845,9921180,662,14981
1937,8,0,20,5,72521040,4844,9921180,661,14989
1938,8,0,24,1,72545040,4845,9921180,661,14997
1939,11,2,25,0,72583620,4845,9921180,661,15008
1940,7,0,25,0,72627660,4845,9923340,660,15015
1941,9,0,25,0,72667740,4844,9923940,660,15024
1942,5,0,18,7,72726000,4844,9923940,660,15029
1943,5,0,19,6,72748680,4845,9923940,660,15034
1944,4,0,18,7,72766440,4844,9923940,659,15038
1945,5,0,20,5,72783960,4844,9923940,659,15043
1946,5,0,20,5,72808500,4844,9923940,659,15048
1947,6,0,21,4,72831660,4844,9923940,659,15054
1948,9,0,24,1,72858960,4844,9923940,658,15063
1949,8,0,24,1,72898140,4844,9927420,658,15071
1950,9,0,21,4,72947520,4844,9929700,658,15080
1951,8,0,22,3,72987900,4844,9929700,658,15088
1952,8,0,20,5,73027080,4843,9929700,657,15096
1953,6,0,20,5,73051440,4843,9929700,657,15102
1954,11,1,25,0,73073100,4843,9929700,657,15113
1955,11,2,25,0,73112460,4842,9932400,656,15124
1956,13,4,25,0,73169880,4843,9937080,656,15137
1957,12,5,25,0,73230180,4843,9952980,657,15149
1958,11,9,25,0,73259820,4843,9958560,656,15160
1959,6,9,25,0,73297620,4843,9975300,657,15166
1960,14,14,25,0,73349460,4844,9990180,658,15180
1961,12,18,25,0,73393260,4844,10004820,658,15192
1962,8,19,25,0,73440300,4845,10017660,659,15200
1963,5,15,25,0,73496880,4846,10089120,663,15205
1964,10,13,25,0,73556700,4846,10121520,665,15215
1965,9,14,25,0,73588680,4846,10171200,668,15224
1966,4,7,25,0,73637220,4845,10309920,677,15228
1967,4,0,17,8,73696140,4843,10410720,683,15232
1968,5,0,18,7,73714140,4843,10410720,683,15237
1969,9,0,24,1,73726080,4843,10410720,682,15246
1970,4,0,21,4,73757760,4843,10410720,682,15250
1971,6,0,22,3,73786080,4843,10410720,682,15256
1972,3,0,21,4,73807920,4843,10410720,682,15259
1973,8,0,21,4,73861260,4844,10410720,681,15267
1974,6,0,24,1,73872060,4844,10410720,681,15273
1975,9,0,23,2,73922400,4844,10410720,681,15282
1976,8,0,22,3,73969560,4844,10411020,680,15290
1977,5,0,20,5,74007420,4845,10411020,680,15295
1978,10,0,24,1,74034060,4844,10411020,680,15305
1979,17,11,25,0,74065740,4845,10418220,679,15322
1980,4,7,25,0,74119140,4846,10438380,681,15326
1981,7,7,25,0,74162940,4846,10445820,681,15333
1982,10,5,25,0,74230620,4847,10466160,682,15343
1983,8,5,25,0,74257140,4846,10504320,684,15351
1984,14,10,25,0,74310240,4847,10509540,684,15365
1985,4,4,25,0,74368800,4848,10550220,686,15369
1986,8,2,25,0,74410440,4847,10578240,687,15377
1987,9,3,25,0,74448240,4847,10581480,687,15386
1988,9,2,25,0,74500860,4847,10588380,687,15395
1989,3,0,20,5,74546100,4847,10608300,688,15398
1990,6,0,18,7,74597280,4848,10608300,688,15404
1991,5,0,21,4,74604780,4848,10608300,688,15409
1992,5,0,18,7,74638680,4847,10608300,688,15414
1993,5,0,17,8,74666580,4847,10608300,688,15419
1994,5,0,17,8,74688480,4847,10608300,687,15424
1995,4,0,19,6,74700420,4847,10608300,687,15428
1996,3,0,15,10,74730420,4847,10608300,687,15431
1997,10,0,23,2,74736900,4847,10608300,687,15441
1998,10,0,25,0,74775480,4847,10609320,686,15451
1999,5,0,20,5,74816460,4846,10609440,686,15456
2000,14,2,25,0,74854800,4847,10609440,685,15470
2001,13,10,25,0,74879820,4847,10614180,685,15483
2002,6,7,25,0,74929740,4847,10632180,686,15489
2003,10,6,25,0,74988780,4847,10660740,687,15499
2004,10,6,25,0,75031860,4847,10667340,687,15509
2005,9,6,25,0,75071100,4847,10681680,688,15518
2006,10,7,25,0,75118200,4847,10689660,688,15528
2007,9,8,25,0,75164040,4848,10702020,688,15537
2008,11,11,25,0,75208920,4848,10707120,688,15548
2009,8,10,25,0,75262920,4849,10723200,689,15556
2010,11,11,25,0,75311100,4849,10741980,690,15567
2011,8,8,25,0,75362520,4848,10796220,693,15575
2012,11,7,25,0,75403980,4847,10892340,698,15586
2013,7,2,25,0,75446520,4846,10966500,703,15593
2014,6,0,21,4,75497700,4846,10977960,703,15599
2015,5,0,18,7,75532500,4846,10977960,703,15604
2016,4,0,18,7,75551100,4846,10977960,703,15608
2017,4,0,22,3,75551100,4846,10977960,703,15612
2018,3,0,24,1,75553920,4845,10977960,703,15615
2019,6,1,25,0,75575640,4846,10977960,702,15621
2020,5,0,25,0,75605280,4846,10987080,703,15626
2021,5,1,25,0,75630360,4846,10989120,703,15631
2022,7,3,25,0,75660120,4846,10993860,703,15638
2023,13,10,25,0,75693360,4847,10999620,702,15651
2024,7,14,25,0,75714900,4847,11003040,702,15658
2025,8,16,25,0,75750360,4848,11033700,704,15666
2026,17,29,25,0,75774360,4848,11047500,704,15683
2027,6,30,25,0,75806520,4848,11064960,705,15689
2028,5,30,25,0,75831540,4848,11098920,707,15694
2029,6,31,25,0,75858060,4849,11125020,708,15700
2030,8,33,25,0,75890460,4849,11155020,710,15708
2031,7,35,25,0,75919260,4849,11180640,711,15715
2032,6,37,25,0,75938280,4849,11189940,711,15721
2033,13,40,25,0,75979920,4849,11232240,714,15734
2034,6,36,25,0,76009680,4850,11284200,717,15740
2035,12,39,25,0,76031640,4849,11295720,717,15752
2036,7,40,25,0,76065180,4850,11347440,720,15759
2037,8,40,25,0,76090560,4850,11365740,721,15767
2038,5,39,25,0,76123740,4850,11374440,721,15772
2039,9,40,25,0,76138260,4850,11381160,722,15781
2040,4,34,25,0,76185720,4851,11610060,736,15785
2041,7,37,25,0,76209120,4851,11668920,739,15792
2042,5,37,25,0,76236360,4851,11679360,740,15797
2043,3,37,25,0,76256220,4852,11691300,740,15800
2044,6,35,25,0,76302780,4852,11964000,758,15806
2045,2,32,25,0,76326540,4852,12159300,770,15808
2046,7,35,25,0,76347240,4852,12292020,778,15815
2047,6,35,25,0,76374720,4852,12303540,778,15821
2048,8,38,25,0,76407180,4853,12317940,779,15829
2049,11,40,25,0,76424460,4853,12322680,779,15840
2050,13,39,25,0,76463700,4853,12352440,780,15853
2051,17,40,25,0,76484160,4854,12365460,781,15870
2052,7,39,25,0,76523580,4854,12404520,783,15877
2053,10,37,25,0,76551300,4854,12414480,784,15887
2054,14,40,25,0,76568940,4854,12511380,790,15901
2055,15,40,25,0,76604100,4855,12525060,790,15916
2056,12,40,25,0,76634940,4855,12557100,792,15928
2057,5,40,25,0,76655280,4856,12564660,792,15933
2058,7,40,25,0,76679700,4856,12571560,793,15940
2059,6,38,25,0,76724760,4857,12828540,808,15946
2060,4,34,25,0,76762020,4857,13254300,835,15950
2061,7,35,25,0,76781760,4856,13266060,835,15957
2062,6,35,25,0,76818720,4857,13291800,837,15963
2063,5,35,25,0,76842480,4856,13352040,840,15968
2064,7,32,25,0,76875300,4855,13524060,851,15975
2065,7,33,25,0,76902960,4855,13527960,851,15982
2066,3,32,25,0,76926480,4856,13676100,860,15985
2067,8,30,25,0,76969380,4855,13926000,875,15993
2068,0,23,25,0,76989540,4854,14556780,915,15993
2069,6,22,25,0,77017080,4854,15004800,943,15999
2070,12,27,25,0,77047620,4854,15011700,942,16011
2071,8,30,25,0,77068860,4854,15025440,943,16019
2072,13,37,25,0,77101620,4854,15036900,943,16032
2073,7,38,25,0,77130060,4854,15049740,943,16039
2074,8,40,25,0,77146620,4854,15059820,943,16047
2075,9,39,25,0,77189640,4854,15078720,944,16056
2076,9,39,25,0,77207220,4855,15085080,944,16065
2077,8,39,25,0,77250960,4856,15132000,947,16073
2078,12,40,25,0,77259900,4856,15160080,949,16085
2079,6,39,25,0,77303880,4856,15254400,954,16091
2080,10,38,25,0,77338260,4856,15490140,968,16101
2081,10,40,25,0,77359200,4856,15493860,968,16111
2082,10,40,25,0,77378940,4856,15499800,968,16121
2083,8,39,25,0,77415180,4857,15506040,969,16129
2084,5,36,25,0,77456460,4857,15579120,973,16134
2085,8,38,25,0,77476680,4856,15601800,974,16142
2086,5,38,25,0,77501280,4856,15651180,976,16147
2087,5,35,25,0,77538720,4856,15673080,978,16152
2088,3,30,25,0,77569200,4856,15986760,997,16155
2089,2,21,25,0,77592300,4854,17072040,1065,16157
2090,3,5,25,0,77620200,4850,18503040,1154,16160
2091,5,0,23,2,77649960,4848,19365360,1207,16165
2092,6,2,25,0,77658060,4848,19365360,1207,16171
2093,6,3,25,0,77692440,4849,19371180,1207,16177
2094,8,5,25,0,77722740,4849,19374240,1206,16185
2095,9,10,25,0,77746500,4849,19387380,1206,16194
2096,17,17,25,0,77785260,4848,19395180,1206,16211
2097,13,26,25,0,77805420,4848,19400220,1205,16224
2098,9,31,25,0,77830560,4849,19415700,1205,16233
2099,10,35,25,0,77866080,4849,19422720,1205,16243
2100,10,40,25,0,77889840,4849,19445340,1206,16253
2101,15,39,25,0,77935380,4850,19469100,1207,16268
2102,12,40,25,0,77950380,4850,19498980,1208,16280
2103,9,39,25,0,77979960,4851,19512660,1209,16289
2104,14,39,25,0,78022980,4851,19574340,1212,16303
2105,13,39,25,0,78031200,4851,19612080,1214,16316
2106,10,40,25,0,78063720,4851,19642320,1215,16326
2107,7,40,25,0,78089700,4852,19724760,1220,16333
2108,11,39,25,0,78124680,4852,19805280,1225,16344
2109,8,37,25,0,78159000,4853,19891800,1230,16352
2110,6,36,25,0,78193080,4853,20081220,1241,16358
2111,6,37,25,0,78208620,4852,20084100,1241,16364
2112,7,40,25,0,78229680,4852,20089020,1241,16371
2113,8,40,25,0,78265920,4853,20093940,1241,16379
2114,3,33,25,0,78305940,4853,20418060,1260,16382
2115,6,31,25,0,78336240,4852,20655720,1275,16388
2116,10,34,25,0,78356700,4852,20656800,1274,16398
2117,11,37,25,0,78389820,4852,20669820,1274,16409
2118,4,37,25,0,78411780,4852,20682300,1275,16413
2119,8,38,25,0,78448440,4852,20698200,1275,16421
2120,7,40,25,0,78466320,4852,20713860,1276,16428
2121,9,37,25,0,78505560,4852,20761080,1278,16437
2122,10,38,25,0,78527700,4852,20780100,1279,16447
2123,10,39,25,0,78552480,4852,20807040,1280,16457
2124,14,40,25,0,78573480,4852,20894460,1285,16471
2125,19,40,25,0,78610680,4853,20898780,1285,16490
2126,13,38,25,0,78639960,4853,20929020,1286,16503
2127,11,40,25,0,78668160,4853,20949000,1287,16514
2128,7,40,25,0,78693600,4853,21081540,1295,16521
2129,10,39,25,0,78735420,4853,21202860,1301,16531
2130,7,40,25,0,78752340,4853,21326220,1309,16538
2131,6,40,25,0,78779100,4853,21340200,1309,16544
2132,8,38,25,0,78819120,4853,21479400,1317,16552
2133,6,36,25,0,78853920,4853,21498720,1318,16558
2134,11,40,25,0,78875340,4852,21894360,1341,16569
2135,8,40,25,0,78898020,4852,21897780,1341,16577
2136,6,39,25,0,78930660,4853,21905160,1341,16583
2137,2,39,25,0,78948960,4853,21906720,1341,16585
2138,4,33,25,0,78999000,4854,22542540,1380,16589
2139,2,25,25,0,79029180,4852,23228700,1422,16591
2140,3,3,25,0,79066980,4847,25101060,1536,16594
2141,9,3,25,0,79077240,4845,25283880,1546,16603
2142,6,5,25,0,79094040,4845,25285800,1546,16609
2143,7,8,25,0,79118340,4845,25293180,1546,16616
2144,9,12,25,0,79150320,4846,25302540,1545,16625
2145,9,18,25,0,79171320,4846,25309800,1545,16634
2146,12,23,25,0,79213140,4847,25322520,1545,16646
2147,12,29,25,0,79242720,4847,25343640,1545,16658
2148,13,36,25,0,79274520,4847,25358520,1544,16671
2149,11,39,25,0,79290240,4847,25367340,1544,16682
2150,12,38,25,0,79327380,4848,25379220,1545,16694
2151,11,38,25,0,79357860,4848,25395960,1545,16705
2152,9,40,25,0,79374780,4848,25436700,1547,16714
2153,13,38,25,0,79418580,4849,25496460,1550,16727
2154,9,37,25,0,79442700,4849,25522740,1552,16736
2155,10,39,25,0,79476240,4849,25538520,1552,16746
2156,6,40,25,0,79493940,4849,25545900,1552,16752
2157,1,33,25,0,79532160,4849,25797780,1567,16753
2158,14,40,25,0,79556460,4850,25842300,1569,16767
2159,4,39,25,0,79590120,4850,25854960,1569,16771
2160,8,37,25,0,79620780,4850,25909380,1572,16779
2161,6,39,25,0,79644000,4851,25972800,1575,16785
2162,4,38,25,0,79674000,4851,26038380,1579,16789
2163,9,40,25,0,79701900,4851,26047740,1579,16798
2164,5,38,25,0,79737720,4851,26116800,1583,16803
2165,5,37,25,0,79766460,4851,26187840,1586,16808
2166,9,40,25,0,79784940,4851,26281500,1592,16817
2167,10,40,25,0,79807740,4852,26286240,1592,16827
2168,10,37,25,0,79849140,4852,26324880,1593,16837
2169,13,40,25,0,79877520,4853,26338440,1594,16850
2170,14,40,25,0,79910160,4852,26428740,1598,16864
2171,13,39,25,0,79930500,4852,26435760,1598,16877
2172,14,38,25,0,79969380,4853,26441880,1598,16891
2173,15,39,25,0,79995000,4853,26547900,1604,16906
2174,5,35,25,0,80024640,4852,26876640,1623,16911
2175,11,39,25,0,80047260,4852,26881080,1623,16922
2176,8,38,25,0,80076840,4852,26892480,1623,16930
2177,6,35,25,0,80118900,4852,27141900,1637,16936
2178,11,38,25,0,80139600,4851,27147420,1637,16947
2179,8,40,25,0,80161620,4852,27151260,1637,16955
2180,7,40,25,0,80195880,4852,27182460,1638,16962
2181,8,40,25,0,80224620,4852,27228720,1640,16970
2182,8,36,25,0,80261280,4851,27263400,1642,16978
2183,6,37,25,0,80276700,4851,27332880,1645,16984
2184,8,39,25,0,80308800,4851,27337800,1645,16992
2185,3,38,25,0,80329440,4851,27343800,1645,16995
2186,1,35,25,0,80353500,4851,27535920,1656,16996
2187,2,30,25,0,80387100,4851,27894060,1678,16998
2188,10,30,25,0,80431800,4851,28234740,1697,17008
2189,5,30,25,0,80450580,4851,28399140,1706,17013
2190,14,39,25,0,80478540,4851,28406820,1706,17027
2191,7,40,25,0,80499420,4851,28420260,1706,17034
2192,7,36,25,0,80543100,4851,28445520,1707,17041
2193,10,40,25,0,80556480,4851,28458240,1707,17051
2194,10,39,25,0,80592060,4852,28467960,1707,17061
2195,7,39,25,0,80625120,4852,28480920,1707,17068
2196,13,39,25,0,80656020,4852,28485480,1707,17081
2197,11,40,25,0,80679000,4852,28502340,1707,17092
2198,7,38,25,0,80711040,4852,28630860,1714,17099
2199,10,39,25,0,80744280,4851,28638960,1714,17109
2200,9,39,25,0,80756460,4851,28643040,1714,17118
2201,10,39,25,0,80793540,4852,28686060,1716,17128
2202,10,39,25,0,80816700,4852,28691580,1716,17138
2203,7,39,25,0,80842680,4852,28740480,1718,17145
2204,5,37,25,0,80888520,4852,29025780,1735,17150
2205,5,34,25,0,80917440,4852,29242680,1747,17155
2206,6,34,25,0,80941980,4852,29455560,1759,17161
2207,3,29,25,0,80972760,4851,29904180,1785,17164
2208,6,28,25,0,81001380,4851,30311340,1809,17170
2209,1,12,25,0,81037020,4848,32528460,1941,17171
2210,4,0,20,5,81069120,4844,33955020,2026,17175
2211,4,0,23,2,81072780,4844,33955020,2026,17179
2212,7,3,25,0,81079260,4844,33955020,2025,17186
2213,1,0,24,1,81105300,4844,33958920,2025,17187
2214,6,0,22,3,81147360,4844,33958920,2024,17193
2215,3,0,21,4,81162240,4844,33958920,2024,17196
2216,6,0,25,0,81171060,4844,33958920,2023,17202
2217,10,4,25,0,81200880,4844,33965700,2023,17212
2218,10,6,25,0,81235440,4843,33973860,2022,17222
2219,9,12,25,0,81247440,4843,33979800,2021,17231
2220,7,13,25,0,81285360,4844,33990000,2021,17238
2221,8,15,25,0,81319080,4844,34015440,2021,17246
2222,9,19,25,0,81343020,4844,34032000,2021,17255
2223,12,26,25,0,81372660,4844,34039800,2020,17267
2224,10,32,25,0,81395940,4844,34048500,2019,17277
2225,4,33,25,0,81414720,4845,34069080,2020,17281
2226,20,40,25,0,81460380,4846,34086240,2020,17301
2227,6,40,25,0,81474840,4846,34089660,2020,17307
2228,12,40,25,0,81513540,4846,34114380,2020,17319
2229,2,37,25,0,81544500,4847,34174020,2023,17321
2230,6,39,25,0,81566040,4847,34181220,2023,17327
2231,8,40,25,0,81595080,4847,34190040,2023,17335
2232,2,35,25,0,81637740,4848,34299300,2029,17337
2233,6,39,25,0,81645900,4848,34333620,2031,17343
2234,1,33,25,0,81691740,4848,34463700,2038,17344
2235,3,31,25,0,81719580,4848,34581540,2045,17347
2236,8,32,25,0,81748140,4848,34695240,2051,17355
2237,11,39,25,0,81764100,4848,34697580,2049,17366
2238,8,40,25,0,81804000,4849,34716480,2050,17374
2239,4,39,25,0,81827100,4849,34730640,2050,17378
2240,5,40,25,0,81851760,4849,34745760,2051,17383
2241,9,40,25,0,81881280,4849,34760220,2051,17392
2242,8,40,25,0,81910140,4850,34766460,2051,17400
2243,7,39,25,0,81946200,4850,34779240,2051,17407
2244,12,40,25,0,81975480,4850,34787880,2050,17419
2245,12,39,25,0,81996720,4851,34793460,2050,17431
2246,10,39,25,0,82029360,4851,34878900,2055,17441
2247,20,40,25,0,82068000,4851,34908420,2055,17461
2248,12,40,25,0,82090680,4851,34918740,2056,17473
2249,8,40,25,0,82125120,4851,35094960,2065,17481
2250,13,40,25,0,82153380,4851,35104920,2065,17494
2251,7,40,25,0,82171380,4851,35114520,2065,17501
2252,6,38,25,0,82197420,4851,35123820,2065,17507
2253,6,37,25,0,82237680,4851,35303400,2075,17513
2254,2,31,25,0,82268220,4851,35720340,2099,17515
2255,2,24,25,0,82305600,4850,36442380,2141,17517
2256,8,24,25,0,82325340,4849,36741180,2158,17525
2257,7,24,25,0,82352940,4849,36883560,2165,17532
2258,1,19,25,0,82378860,4849,37047720,2175,17533
2259,7,16,25,0,82418580,4848,37450260,2198,17540
2260,9,17,25,0,82445940,4848,37584720,2204,17549
2261,4,19,25,0,82456320,4848,37587240,2204,17553
2262,7,23,24,1,82482780,4848,37592220,2203,17560
2263,8,26,25,0,82517160,4849,37601040,2203,17568
2264,7,30,25,0,82536480,4849,37604220,2203,17575
2265,11,36,25,0,82569240,4850,37614000,2201,17586
2266,9,40,25,0,82601100,4850,37623720,2201,17595
2267,8,37,25,0,82641780,4851,37644420,2201,17603
2268,11,39,25,0,82660200,4851,37658160,2202,17614
2269,9,38,25,0,82697040,4851,37710720,2204,17623
2270,5,39,25,0,82716600,4851,37736460,2205,17628
2271,11,40,25,0,82756500,4852,37745760,2205,17639
2272,9,38,25,0,82773540,4852,37758420,2205,17648
2273,13,40,25,0,82804260,4852,37775040,2205,17661
2274,5,38,25,0,82832160,4853,37785720,2205,17666
2275,5,38,25,0,82862760,4853,37868640,2210,17671
2276,6,39,25,0,82889100,4853,37956300,2214,17677
2277,6,38,25,0,82925760,4853,38046180,2218,17683
2278,5,35,25,0,82955340,4853,38107800,2221,17688
2279,2,32,25,0,82977660,4853,38185020,2225,17690
2280,4,25,25,0,83018580,4852,38682060,2254,17694
2281,8,26,25,0,83040300,4851,38710020,2254,17702
2282,6,25,25,0,83074140,4851,38719320,2254,17708
2283,5,25,25,0,83095620,4851,38742360,2255,17713
2284,7,24,25,0,83130900,4851,38944020,2266,17720
2285,15,33,25,0,83149920,4850,38951880,2265,17735
2286,7,34,25,0,83187480,4851,38962980,2264,17742
2287,7,38,25,0,83203560,4851,38985060,2265,17749
2288,6,37,25,0,83242320,4851,38995200,2264,17755
2289,7,38,25,0,83268120,4851,39031740,2265,17762
2290,8,40,25,0,83285340,4851,39038280,2265,17770
2291,8,40,25,0,83324820,4852,39064560,2266,17778
2292,5,35,25,0,83358720,4851,39110100,2268,17783
2293,15,40,25,0,83384460,4852,39111780,2267,17798
2294,11,40,25,0,83411520,4852,39129540,2267,17809
2295,9,39,25,0,83445660,4852,39150960,2268,17818
2296,9,39,25,0,83473260,4851,39196620,2269,17827
2297,7,39,25,0,83498700,4851,39282240,2274,17834
2298,13,40,25,0,83515020,4851,39293100,2274,17847
2299,15,40,25,0,83555580,4852,39322680,2275,17862
2300,10,40,25,0,83583780,4852,39334380,2275,17872
2301,4,39,25,0,83601660,4852,39342780,2275,17876
2302,7,39,25,0,83640540,4852,39359940,2275,17883
2303,4,34,25,0,83677920,4852,39553320,2285,17887
2304,9,36,25,0,83703420,4851,39560340,2285,17896
2305,3,35,25,0,83724720,4851,39566820,2284,17899
2306,2,24,25,0,83769840,4850,41100840,2373,17901
2307,3,10,25,0,83793960,4847,43310220,2500,17904
2308,5,0,24,1,83823960,4844,44711220,2580,17909
2309,4,0,24,1,83839620,4844,44711220,2579,17913
2310,4,0,22,3,83867040,4844,44711220,2579,17917
2311,8,2,25,0,83881200,4844,44711220,2578,17925
2312,6,4,25,0,83896560,4844,44716740,2577,17931
2313,11,11,25,0,83932800,4845,44724480,2576,17942
2314,4,8,25,0,83966700,4845,44748060,2577,17946
2315,7,11,25,0,83992320,4845,44752560,2576,17953
2316,10,16,25,0,84020340,4845,44766180,2575,17963
2317,11,23,25,0,84044160,4845,44787060,2575,17974
2318,12,29,25,0,84087360,4846,44807520,2574,17986
2319,5,30,25,0,84105660,4846,44844540,2576,17991
2320,9,35,25,0,84129060,4846,44850060,2575,18000
2321,9,38,25,0,84168600,4847,44866620,2574,18009
2322,9,38,25,0,84200160,4847,44879700,2574,18018
2323,9,40,25,0,84221040,4847,44891640,2574,18027
2324,8,38,25,0,84258720,4848,44919240,2575,18035
2325,6,40,25,0,84275280,4848,44922060,2574,18041
2326,5,37,25,0,84311040,4848,45017700,2579,18046
2327,3,34,25,0,84342360,4848,45131520,2585,18049
2328,9,37,25,0,84374700,4848,45294060,2594,18058
2329,8,38,25,0,84404520,4848,45300060,2593,18066
2330,7,40,25,0,84419460,4848,45441660,2600,18073
2331,9,40,25,0,84447180,4849,45453000,2600,18082
2332,9,40,25,0,84478380,4849,45465240,2600,18091
2333,10,36,25,0,84517920,4849,45485340,2600,18101
2334,4,34,25,0,84545040,4849,45640320,2609,18105
2335,7,34,25,0,84577740,4849,45848040,2620,18112
2336,15,39,25,0,84609840,4848,45855240,2618,18127
2337,7,40,25,0,84624240,4848,45865320,2618,18134
2338,7,39,25,0,84659940,4849,45874260,2618,18141
2339,6,38,25,0,84693000,4849,45945780,2621,18147
2340,12,40,25,0,84706800,4849,45948660,2621,18159
2341,11,39,25,0,84748320,4850,46066440,2626,18170
2342,9,39,25,0,84783360,4850,46147020,2630,18179
2343,12,39,25,0,84796680,4849,46152900,2630,18191
2344,6,39,25,0,84828660,4850,46165980,2629,18197
2345,7,40,25,0,84861420,4850,46207260,2631,18204
2346,11,40,25,0,84885360,4850,46211760,2631,18215
2347,13,40,25,0,84917340,4851,46236780,2631,18228
2348,7,39,25,0,84943080,4851,46277640,2633,18235
2349,7,38,25,0,84980940,4851,46444560,2642,18242
2350,6,38,25,0,85003980,4850,46465800,2642,18248
2351,8,40,25,0,85024440,4851,46471560,2641,18256
2352,6,38,25,0,85066860,4851,46501980,2642,18262
2353,7,39,25,0,85088040,4851,46505820,2642,18269
2354,5,36,25,0,85126920,4851,46717620,2653,18274
2355,2,32,25,0,85153200,4851,46782060,2656,18276
2356,8,30,25,0,85186020,4850,47264700,2682,18284
2357,7,29,25,0,85216200,4849,47280120,2682,18291
2358,9,36,25,0,85225860,4849,47281860,2681,18300
2359,7,37,25,0,85262100,4850,47299140,2681,18307
2360,7,38,25,0,85291320,4850,47311080,2680,18314
2361,8,40,25,0,85317960,4850,47326980,2681,18322
2362,5,38,25,0,85342860,4850,47358900,2682,18327
2363,10,40,25,0,85372500,4851,47375220,2682,18337
2364,16,40,25,0,85405500,4851,47408880,2683,18353
2365,11,40,25,0,85426680,4852,47437620,2684,18364
2366,13,40,25,0,85450080,4852,47442060,2684,18377
2367,12,39,25,0,85504560,4852,47490600,2685,18389
2368,7,38,25,0,85519920,4852,47503980,2685,18396
2369,3,32,25,0,85558620,4852,47960040,2711,18399
2370,7,32,25,0,85583220,4851,48223680,2725,18406
2371,9,36,25,0,85603020,4851,48229440,2724,18415
2372,7,38,25,0,85628160,4851,48233880,2723,18422
2373,10,40,25,0,85667400,4852,48247020,2723,18432
2374,5,39,25,0,85690380,4851,48260700,2723,18437
2375,6,40,25,0,85716300,4852,48266940,2722,18443
2376,7,38,25,0,85753560,4852,48314460,2724,18450
2377,7,39,25,0,85776060,4852,48342600,2725,18457
2378,7,40,25,0,85792620,4852,48345480,2725,18464
2379,5,37,25,0,85845600,4853,48600720,2738,18469
2380,10,38,25,0,85874760,4853,48641040,2739,18479
2381,4,39,25,0,85888980,4853,48647820,2738,18483
2382,14,40,25,0,85929480,4853,48659400,2738,18497
2383,11,37,25,0,85965960,4853,48671160,2738,18508
2384,3,34,25,0,85990020,4853,48757860,2742,18511
2385,3,31,25,0,86016000,4853,49893120,2806,18514
2386,5,24,25,0,86052480,4851,50767260,2854,18519
2387,7,21,25,0,86077860,4850,51436080,2890,18526
2388,10,25,25,0,86095380,4849,51654840,2901,18536
2389,15,34,25,0,86127120,4850,51661620,2899,18551
2390,12,40,23,2,86142480,4850,51662520,2898,18563
2391,8,40,24,1,86169660,4850,51682500,2898,18571
2392,7,39,25,0,86209920,4851,51712560,2899,18578
2393,15,39,25,0,86238840,4851,51726900,2899,18593
2394,15,40,25,0,86251440,4851,51745860,2900,18608
2395,10,38,25,0,86297340,4851,51823740,2903,18618
2396,7,38,25,0,86330460,4851,51827640,2902,18625
2397,6,40,25,0,86346300,4852,51830580,2902,18631
2398,5,35,25,0,86383980,4851,51880380,2904,18636
2399,6,35,25,0,86410380,4851,51885060,2903,18642

