Hour,Arrivals,Waiting,Treating,Available Rooms,Total Treatment Time,Average Treatment Time,Total Wait Time,Average Wait Time,Total Arrivals
1,5,0,5,20,0,0,0,0,5
2,7,0,9,16,10020,3340,0,0,12
3,5,0,7,18,47280,4728,0,0,17
4,7,0,10,15,62520,4465,0,0,24
5,5,0,7,18,95820,4355,0,0,29
6,7,0,7,18,134940,4653,0,0,36
7,8,0,8,17,170160,4726,0,0,44
8,11,0,10,15,210000,4666,0,0,55
9,10,0,16,9,234480,4785,0,0,65
10,9,0,13,12,293640,4813,0,0,74
11,5,0,9,16,337020,4814,0,0,79
12,10,0,13,12,375780,4944,0,0,89
13,14,0,17,8,413880,4812,0,0,103
14,8,0,13,12,475440,4851,0,0,111
15,12,0,15,10,515340,4771,0,0,123
16,5,0,12,13,561480,4840,0,0,128
17,7,0,9,16,616320,4891,0,0,135
18,9,0,12,13,650100,4925,0,0,144
19,10,0,11,14,698520,4884,0,0,154
20,8,0,7,18,748860,4831,0,0,162
21,7,0,9,16,770220,4813,0,0,169
22,5,0,8,17,796080,4795,0,0,174
23,5,0,4,21,835860,4776,0,0,179
24,5,0,8,17,838320,4763,0,0,184
25,8,0,12,13,851160,4728,0,0,192
26,5,0,6,19,914340,4787,0,0,197
27,3,0,5,20,929400,4766,0,0,200
28,7,0,7,18,952320,4761,0,0,207
29,11,0,14,11,968460,4747,0,0,218
30,3,0,5,20,1018860,4716,0,0,221
31,1,0,3,22,1032480,4714,0,0,222
32,10,0,9,16,1044840,4685,0,0,232
33,11,0,11,14,1083180,4668,0,0,243
34,15,0,20,5,1108260,4656,0,0,258
35,11,0,15,10,1177080,4634,0,0,269
36,10,0,13,12,1243260,4673,0,0,279
37,6,0,12,13,1270200,4652,0,0,285
38,10,0,9,16,1336500,4673,0,0,295
39,11,0,14,11,1359780,4656,0,0,306
40,6,0,11,14,1403220,4661,0,0,312
41,6,0,9,16,1456680,4714,0,0,318
42,17,0,20,5,1486140,4717,0,0,335
43,5,0,14,11,1538160,4718,0,0,340
44,9,0,11,14,1602900,4742,0,0,349
45,8,0,9,16,1649460,4739,0,0,357
46,10,0,11,14,1690620,4748,0,0,367
47,3,0,7,18,1715280,4725,0,0,370
48,4,0,8,17,1734540,4739,0,0,374
49,4,0,4,21,1784580,4771,0,0,378
50,3,0,5,20,1798980,4784,0,0,381
51,3,0,3,22,1822320,4782,0,0,384
52,8,0,9,16,1829640,4777,0,0,392
53,9,0,13,12,1851000,4770,0,0,401
54,11,0,16,9,1885140,4760,0,0,412
55,6,0,8,17,1951920,4760,0,0,418
56,8,0,10,15,1980960,4761,0,0,426
57,9,0,13,12,2013780,4771,0,0,435
58,9,0,13,12,2059260,4777,0,0,444
59,6,0,11,14,2105580,4796,0,0,450
60,8,0,10,15,2139780,4776,0,0,458
61,12,0,13,12,2187360,4786,0,0,470
62,11,0,15,10,2223060,4770,0,0,481
63,11,0,16,9,2269200,4767,0,0,492
64,12,0,16,9,2333220,4781,0,0,504
65,11,0,13,12,2403000,4786,0,0,515
66,9,0,11,14,2448000,4771,0,0,524
67,8,0,10,15,2490360,4770,0,0,532
68,6,0,9,16,2518200,4760,0,0,538
69,5,0,10,15,2541600,4768,0,0,543
70,4,0,4,21,2599980,4788,0,0,547
71,5,0,4,21,2616660,4774,0,0,552
72,2,0,3,22,2632020,4776,0,0,554
73,3,0,2,23,2653620,4781,0,0,557
74,4,0,5,20,2654340,4773,0,0,561
75,2,0,2,23,2674680,4767,0,0,563
76,3,0,4,21,2679480,4767,0,0,566
77,3,0,3,22,2700420,4771,0,0,569
78,10,0,9,16,2712360,4758,0,0,579
79,7,0,9,16,2749200,4764,0,0,586
80,8,0,11,14,2781420,4770,0,0,594
81,8,0,9,16,2825220,4764,0,0,602
82,7,0,11,14,2849400,4764,0,0,609
83,11,0,15,10,2883600,4766,0,0,620
84,15,0,17,8,2945040,4765,0,0,635
85,5,0,9,16,3004560,4761,0,0,640
86,9,0,6,19,3066000,4768,0,0,649
87,16,0,19,6,3077640,4764,0,0,665
88,11,0,18,7,3137160,4767,0,0,676
89,5,0,8,17,3216780,4779,0,0,681
90,10,0,12,13,3246540,4781,0,0,691
91,9,0,12,13,3282300,4770,0,0,700
92,8,0,11,14,3333720,4782,0,0,708
93,7,0,10,15,3376860,4789,0,0,715
94,8,0,11,14,3413460,4794,0,0,723
95,4,0,7,18,3451500,4793,0,0,727
96,3,0,5,20,3487440,4810,0,0,730
97,5,0,6,19,3513540,4819,0,0,735
98,7,0,8,17,3534720,4815,0,0,742
99,4,0,7,18,3559440,4816,0,0,746
100,5,0,6,19,3593820,4823,0,0,751
101,9,0,12,13,3606300,4821,0,0,760
102,10,0,15,10,3636840,4817,0,0,770
103,9,0,14,11,3687600,4820,0,0,779
104,15,0,18,7,3740520,4820,0,0,794
105,9,0,13,12,3814440,4828,0,0,803
106,15,0,18,7,3863040,4828,0,0,818
107,6,0,12,13,3924660,4833,0,0,824
108,6,0,6,19,3984660,4835,0,0,830
109,14,0,16,9,4000980,4832,0,0,844
110,9,0,16,9,4037040,4823,0,0,853
111,12,0,15,10,4101720,4825,0,0,865
112,10,0,14,11,4164720,4837,0,0,875
113,13,0,20,5,4196040,4834,0,0,888
114,9,0,12,13,4263960,4818,0,0,897
115,10,0,9,16,4349700,4843,0,0,907
116,8,0,12,13,4370880,4840,0,0,915
117,6,0,11,14,4412700,4849,0,0,921
118,10,0,10,15,4463220,4846,0,0,931
119,5,0,8,17,4495560,4844,0,0,936
120,9,0,9,16,4533180,4843,0,0,945
121,2,0,4,21,4560720,4836,0,0,947
122,7,0,7,18,4585860,4842,0,0,954
123,7,0,9,16,4607820,4840,0,0,961
124,7,0,11,14,4632000,4840,0,0,968
125,7,0,9,16,4673700,4838,0,0,975
126,4,0,6,19,4718460,4849,0,0,979
127,5,0,9,16,4730400,4851,0,0,984
128,8,0,11,14,4760640,4852,0,0,992
129,11,0,16,9,4786920,4849,0,0,1003
130,4,0,10,15,4849680,4864,0,0,1007
131,9,0,11,14,4897860,4873,0,0,1016
132,11,0,12,13,4942320,4869,0,0,1027
133,11,0,12,13,4987800,4861,0,0,1038
134,8,0,13,12,5018040,4857,0,0,1046
135,9,0,13,12,5062080,4858,0,0,1055
136,11,0,16,9,5106300,4863,0,0,1066
137,14,0,14,11,5174700,4854,0,0,1080
138,3,0,8,17,5218260,4854,0,0,1083
139,8,0,8,17,5261400,4858,0,0,1091
140,6,0,12,13,5268300,4855,0,0,1097
141,12,0,12,13,5320380,4849,0,0,1109
142,8,0,15,10,5342100,4847,0,0,1117
143,8,0,12,13,5402460,4853,0,0,1125
144,8,0,11,14,5451840,4859,0,0,1133
145,8,0,13,12,5481540,4859,0,0,1141
146,8,0,11,14,5531340,4860,0,0,1149
147,11,0,13,12,5571720,4857,0,0,1160
148,4,0,7,18,5622780,4859,0,0,1164
149,9,0,10,15,5650440,4858,0,0,1173
150,8,0,13,12,5671740,4855,0,0,1181
151,6,0,7,18,5737800,4862,0,0,1187
152,4,0,5,20,5762700,4858,0,0,1191
153,8,0,10,15,5771460,4854,0,0,1199
154,10,0,15,10,5801520,4858,0,0,1209
155,16,0,22,3,5835060,4850,0,0,1225
156,10,0,16,9,5918280,4855,0,0,1235
157,8,0,10,15,5989680,4857,0,0,1243
158,11,0,13,12,6024660,4854,0,0,1254
159,7,0,11,14,6066780,4853,0,0,1261
160,7,0,8,17,6127140,4862,0,0,1268
161,11,0,15,10,6144120,4860,0,0,1279
162,7,0,14,11,6188340,4865,0,0,1286
163,8,0,12,13,6241560,4868,0,0,1294
164,11,0,13,12,6289200,4867,0,0,1305
165,9,0,11,14,6332520,4859,0,0,1314
166,3,0,5,20,6372780,4857,0,0,1317
167,7,0,7,18,6399300,4858,0,0,1324
168,6,0,11,14,6405360,4856,0,0,1330
169,1,0,3,22,6460740,4865,0,0,1331
170,12,0,11,14,6479760,4864,0,0,1343
171,3,0,7,18,6509100,4861,0,0,1346
172,11,0,12,13,6545820,4866,0,0,1357
173,7,0,13,12,6567000,4860,0,0,1364
174,8,0,13,12,6612180,4865,0,0,1372
175,3,0,8,17,6654960,4868,0,0,1375
176,10,0,11,14,6699540,4875,0,0,1385
177,10,0,15,10,6730980,4877,0,0,1395
178,5,0,12,13,6762900,4872,0,0,1400
179,19,0,22,3,6808560,4873,0,0,1419
180,15,0,24,1,6881940,4880,0,0,1434
181,12,2,17,8,6964980,4880,840,0,1446
182,6,0,16,9,7019160,4887,2040,1,1452
183,11,0,14,11,7100880,4900,2040,1,1463
184,7,0,11,14,7149240,4900,2040,1,1470
185,11,0,12,13,7197240,4899,2040,1,1481
186,6,0,11,14,7228260,4897,2040,1,1487
187,8,0,9,16,7269360,4891,2040,1,1495
188,5,0,7,18,7295580,4886,2040,1,1500
189,8,0,11,14,7314060,4885,2040,1,1508
190,13,0,16,9,7352520,4885,2040,1,1521
191,9,0,14,11,7402980,4883,2040,1,1530
192,7,0,10,15,7453740,4881,2040,1,1537
193,6,0,7,18,7503060,4884,2040,1,1543
194,5,0,7,18,7531260,4887,2040,1,1548
195,9,0,12,13,7551000,4887,2040,1,1557
196,5,0,9,16,7592940,4889,2040,1,1562
197,5,0,9,16,7624080,4893,2040,1,1567
198,10,0,12,13,7659960,4894,2040,1,1577
199,9,0,12,13,7696560,4889,2040,1,1586
200,7,0,10,15,7739460,4889,2040,1,1593
201,10,0,12,13,7779240,4889,2040,1,1603
202,9,0,11,14,7821180,4885,2040,1,1612
203,9,0,10,15,7876560,4889,2040,1,1621
204,11,0,12,13,7910580,4883,2040,1,1632
205,8,0,13,12,7941840,4881,2040,1,1640
206,10,0,13,12,8003100,4888,2040,1,1650
207,13,0,12,13,8057100,4880,2040,1,1663
208,8,0,11,14,8098680,4878,2040,1,1671
209,11,0,14,11,8137740,4878,2040,1,1682
210,9,0,12,13,8184900,4874,2040,1,1691
211,6,0,10,15,8227260,4876,2040,1,1697
212,6,0,7,18,8264640,4873,2040,1,1703
213,6,0,9,16,8288640,4875,2040,1,1709
214,5,0,8,17,8310120,4871,2040,1,1714
215,7,0,8,17,8345160,4871,2040,1,1721
216,4,0,5,20,8373240,4868,2040,1,1725
217,3,0,2,23,8403300,4868,2040,1,1728
218,4,0,4,21,8413320,4868,2040,1,1732
219,7,0,8,17,8423940,4866,2040,1,1739
220,7,0,7,18,8451900,4860,2040,1,1746
221,4,0,6,19,8475240,4859,2040,1,1750
222,8,0,7,18,8505480,4857,2040,1,1758
223,7,0,8,17,8527500,4853,2040,1,1765
224,7,0,9,16,8551740,4850,2040,1,1772
225,16,0,16,9,8585220,4844,2040,1,1788
226,7,0,13,12,8631780,4843,2040,1,1795
227,10,0,11,14,8685600,4841,2040,1,1805
228,14,0,17,8,8719140,4838,2040,1,1819
229,10,0,13,12,8792460,4841,2040,1,1829
230,11,0,19,6,8817540,4842,2040,1,1840
231,15,0,18,7,8897520,4843,2040,1,1855
232,8,0,13,12,8958660,4842,2040,1,1863
233,10,0,14,11,9003300,4843,2040,1,1873
234,8,0,15,10,9044280,4846,2040,1,1881
235,12,0,16,9,9106500,4851,2040,1,1893
236,5,0,11,14,9162060,4855,2040,1,1898
237,4,0,7,18,9204000,4856,2040,1,1902
238,6,0,4,21,9244260,4855,2040,1,1908
239,3,0,5,20,9249900,4853,2040,1,1911
240,7,0,6,19,9276960,4851,2040,1,1918
241,6,0,8,17,9292380,4849,2040,1,1924
242,8,0,10,15,9322860,4850,2040,1,1932
243,3,0,4,21,9359100,4846,2040,1,1935
244,6,0,8,17,9370620,4847,2040,1,1941
245,9,0,14,11,9384240,4847,2040,1,1950
246,7,0,12,13,9429540,4848,2040,1,1957
247,11,0,18,7,9459660,4851,2040,1,1968
248,7,0,9,16,9539100,4852,2040,1,1975
249,7,0,8,17,9577320,4851,2040,1,1982
250,14,0,18,7,9597960,4852,2040,1,1996
251,4,0,14,11,9642240,4855,2040,1,2000
252,9,0,12,13,9700500,4857,2040,1,2009
253,13,0,17,8,9746520,4861,2040,1,2022
254,12,0,15,10,9820440,4864,2040,1,2034
255,13,0,18,7,9863460,4861,2040,0,2047
256,8,0,15,10,9919440,4862,2040,0,2055
257,8,0,11,14,9990720,4868,2040,0,2063
258,6,0,7,18,10041000,4869,2040,0,2069
259,10,0,12,13,10057740,4865,2040,0,2079
260,8,0,11,14,10094400,4862,2040,0,2087
261,7,0,10,15,10136040,4863,2040,0,2094
262,4,0,7,18,10174560,4865,2040,0,2098
263,6,0,7,18,10203900,4865,2040,0,2104
264,9,0,12,13,10221420,4865,2040,0,2113
265,6,0,11,14,10257720,4866,2040,0,2119
266,4,0,7,18,10299900,4867,2040,0,2123
267,6,0,8,17,10323480,4867,2040,0,2129
268,3,0,3,22,10364340,4868,2040,0,2132
269,6,0,4,21,10374120,4861,2040,0,2138
270,9,0,11,14,10381260,4860,2040,0,2147
271,7,0,11,14,10412280,4858,2040,0,2154
272,10,0,15,10,10448100,4861,3840,1,2164
273,5,0,11,14,10496340,4863,3840,1,2169
274,9,0,11,14,10547340,4867,3840,1,2178
275,7,0,11,14,10588020,4870,3840,1,2185
276,16,0,16,9,10641900,4870,3840,1,2201
277,15,0,21,4,10682280,4866,3840,1,2216
278,13,0,18,7,10749300,4861,3840,1,2229
279,4,0,9,16,10821840,4865,3840,1,2233
280,5,0,7,18,10867080,4870,3840,1,2238
281,13,0,14,11,10886340,4866,3840,1,2251
282,12,0,16,9,10932600,4865,3840,1,2263
283,12,0,17,8,10992060,4868,3840,1,2275
284,9,0,11,14,11061180,4866,3840,1,2284
285,9,0,13,12,11107620,4871,3840,1,2293
286,8,0,11,14,11162760,4874,3840,1,2301
287,5,0,8,17,11203620,4875,3840,1,2306
288,7,0,9,16,11231220,4874,3840,1,2313
289,9,0,11,14,11262540,4873,3840,1,2322
290,4,0,3,22,11312820,4869,3840,1,2326
291,5,0,7,18,11319300,4870,3840,1,2331
292,8,0,12,13,11332860,4870,3840,1,2339
293,5,0,7,18,11383620,4871,3840,1,2344
294,5,0,7,18,11411760,4872,3840,1,2349
295,5,0,5,20,11445240,4872,3840,1,2354
296,6,0,8,17,11461080,4872,3840,1,2360
297,9,0,12,13,11482800,4871,3840,1,2369
298,4,0,8,17,11516460,4869,3840,1,2373
299,9,0,11,14,11544180,4868,3840,1,2382
300,10,0,16,9,11578200,4872,3840,1,2392
301,7,0,10,15,11647860,4875,3840,1,2399
302,14,0,17,8,11683200,4876,3840,1,2413
303,14,0,21,4,11729280,4875,3840,1,2427
304,9,0,16,9,11792280,4872,3840,1,2436
305,9,0,11,14,11873340,4878,3840,1,2445
306,5,0,6,19,11926800,4880,3840,1,2450
307,10,0,12,13,11949660,4881,3840,1,2460
308,2,0,6,19,11979420,4877,3840,1,2462
309,8,0,8,17,12005820,4876,3840,1,2470
310,6,0,10,15,12025380,4876,3840,1,2476
311,4,0,5,20,12061620,4873,3840,1,2480
312,6,0,8,17,12076860,4873,3840,1,2486
313,6,0,9,16,12094020,4870,3840,1,2492
314,5,0,7,18,12126540,4870,3840,1,2497
315,4,0,2,23,12163140,4867,3840,1,2501
316,6,0,6,19,12164280,4863,3840,1,2507
317,10,0,8,17,12196380,4861,3840,1,2517
318,7,0,10,15,12212100,4857,3840,1,2524
319,4,0,7,18,12244020,4856,3840,1,2528
320,5,0,7,18,12278040,4860,3840,1,2533
321,9,0,12,13,12290940,4858,3840,1,2542
322,13,0,12,13,12347940,4855,3840,1,2555
323,12,0,17,8,12372900,4852,3840,1,2567
324,6,0,11,14,12420240,4847,3840,1,2573
325,14,0,14,11,12474840,4848,3840,1,2587
326,6,0,11,14,12520740,4849,3840,1,2593
327,6,0,6,19,12581400,4852,3840,1,2599
328,8,0,10,15,12598440,4851,3840,1,2607
329,8,0,13,12,12620220,4850,3840,1,2615
330,11,0,15,10,12661260,4849,3840,1,2626
331,8,0,11,14,12724860,4851,3840,1,2634
332,15,0,19,6,12760920,4852,3840,1,2649
333,11,0,15,10,12825300,4848,3840,1,2660
334,4,0,11,14,12861480,4847,3840,1,2664
335,6,0,7,18,12912420,4848,3840,1,2670
336,4,0,5,20,12938880,4847,3840,1,2674
337,7,0,8,17,12958620,4847,3840,1,2681
338,5,0,7,18,12981000,4845,3840,1,2686
339,3,0,3,22,13011300,4844,3840,1,2689
340,9,0,9,16,13025220,4843,3840,1,2698
341,9,0,12,13,13053060,4843,3840,1,2707
342,6,0,11,14,13082820,4841,3840,1,2713
343,12,0,12,13,13137600,4842,3840,1,2725
344,7,0,13,12,13168140,4843,3840,1,2732
345,14,0,18,7,13214160,4843,3840,1,2746
346,12,0,20,5,13257300,4841,3840,1,2758
347,4,0,12,13,13332300,4848,3840,1,2762
348,9,0,9,16,13397520,4850,3840,1,2771
349,8,0,15,10,13408800,4851,3840,1,2779
350,8,0,12,13,13456140,4849,3840,1,2787
351,9,0,14,11,13506960,4855,3840,1,2796
352,8,0,12,13,13558740,4856,3840,1,2804
353,8,0,10,15,13608840,4856,3840,1,2812
354,11,0,12,13,13644600,4854,3840,1,2823
355,6,0,10,15,13682520,4853,3840,1,2829
356,8,0,9,16,13722540,4852,3840,1,2837
357,1,0,4,21,13751220,4852,3840,1,2838
358,1,0,1,24,13772760,4852,3840,1,2839
359,8,0,8,17,13773900,4851,3840,1,2847
360,1,0,6,19,13788600,4851,3840,1,2848
361,2,0,2,23,13824000,4853,3840,1,2850
362,8,0,6,19,13835280,4851,3840,1,2858
363,3,0,4,21,13852860,4848,3840,1,2861
364,15,0,14,11,13876200,4848,3840,1,2876
365,7,0,13,12,13915800,4848,3840,1,2883
366,8,0,7,18,13987260,4849,3840,1,2891
367,2,0,6,19,13999200,4849,3840,1,2893
368,13,0,14,11,14026200,4850,3840,1,2906
369,3,0,9,16,14061120,4848,3840,1,2909
370,6,0,9,16,14105280,4853,3840,1,2915
371,13,0,11,14,14155440,4852,3840,1,2928
372,15,0,17,8,14188680,4849,3840,1,2943
373,10,0,17,8,14234700,4848,3840,1,2953
374,8,0,12,13,14298480,4848,3840,1,2961
375,19,0,17,8,14356020,4845,3840,1,2980
376,8,0,16,9,14398260,4844,3840,1,2988
377,7,0,12,13,14457060,4846,3840,1,2995
378,4,0,6,19,14505960,4846,3840,1,2999
379,9,0,10,15,14527860,4845,3840,1,3008
380,9,0,16,9,14544540,4846,3840,1,3017
381,4,0,5,20,14624580,4848,3840,1,3021
382,3,0,4,21,14644500,4849,3840,1,3024
383,8,0,7,18,14657340,4845,3840,1,3032
384,7,0,8,17,14675940,4841,3840,1,3039
385,6,0,7,18,14714280,4843,3840,1,3045
386,4,0,4,21,14744460,4842,3840,1,3049
387,4,0,3,22,14767320,4841,3840,1,3053
388,8,0,8,17,14778780,4840,3840,1,3061
389,4,0,6,19,14801160,4838,3840,1,3065
390,9,0,12,13,14817840,4839,3840,1,3074
391,3,0,6,19,14863860,4840,3840,1,3077
392,8,0,10,15,14891580,4842,3840,1,3085
393,7,0,10,15,14923380,4842,3840,1,3092
394,13,0,13,12,14966520,4840,3840,1,3105
395,13,0,17,8,15009900,4840,3840,1,3118
396,11,0,16,9,15065640,4839,3840,1,3129
397,10,0,8,17,15152280,4839,3840,1,3139
398,13,0,19,6,15163020,4839,3840,1,3152
399,10,0,17,8,15226920,4841,3840,1,3162
400,12,0,17,8,15294960,4844,3840,1,3174
401,9,0,15,10,15350400,4845,3840,1,3183
402,8,0,12,13,15417180,4849,3840,1,3191
403,4,0,8,17,15458160,4850,3840,1,3195
404,6,0,5,20,15501720,4850,3840,1,3201
405,9,0,11,14,15511680,4848,3840,1,3210
406,9,0,13,12,15536760,4846,3840,1,3219
407,8,0,10,15,15583380,4844,3840,1,3227
408,3,0,5,20,15629820,4846,3840,1,3230
409,9,0,8,17,15659460,4846,3840,1,3239
410,8,0,9,16,15687600,4844,3840,1,3247
411,8,0,12,13,15711120,4844,3840,1,3255
412,5,0,8,17,15758280,4845,3840,1,3260
413,9,0,8,17,15802440,4845,3840,1,3269
414,4,0,6,19,15828720,4845,3840,1,3273
415,4,0,5,20,15848100,4843,3840,1,3277
416,11,0,10,15,15877200,4843,3840,1,3288
417,12,0,12,13,15913800,4839,3840,1,3300
418,6,0,10,15,15946920,4838,3840,1,3306
419,5,0,6,19,15991320,4838,3840,1,3311
420,11,0,12,13,16014300,4838,3840,1,3322
421,9,0,16,9,16040580,4838,3840,1,3331
422,6,0,9,16,16097820,4837,3840,1,3337
423,4,0,5,20,16150980,4841,3840,1,3341
424,11,0,11,14,16173960,4841,3840,1,3352
425,10,0,15,10,16194600,4838,3840,1,3362
426,9,0,13,12,16237980,4835,3840,1,3371
427,6,0,4,21,16301220,4832,3840,1,3377
428,9,0,9,16,16312920,4830,3840,1,3386
429,3,0,7,18,16332900,4829,3840,1,3389
430,5,0,5,20,16365780,4829,3840,1,3394
431,3,0,5,20,16380480,4829,3840,1,3397
432,6,0,5,20,16404600,4827,3840,1,3403
433,4,0,6,19,16416600,4826,3840,1,3407
434,2,0,5,20,16432440,4827,3840,1,3409
435,4,0,5,20,16460580,4829,3840,1,3413
436,3,0,6,19,16469820,4829,3840,1,3416
437,6,0,7,18,16493160,4829,3840,1,3422
438,9,0,8,17,16517460,4825,3840,1,3431
439,3,0,5,20,16542780,4824,3840,1,3434
440,4,0,7,18,16556760,4825,3840,1,3438
441,12,0,12,13,16588020,4824,3840,1,3450
442,14,0,18,7,16625460,4824,3840,1,3464
443,7,0,12,13,16691220,4825,3840,1,3471
444,9,0,11,14,16744860,4826,3840,1,3480
445,13,0,16,9,16785360,4827,3840,1,3493
446,11,0,14,11,16851240,4828,3840,1,3504
447,16,0,22,3,16890300,4828,3840,1,3520
448,9,0,17,8,16953480,4827,3840,1,3529
449,7,0,13,12,17032560,4834,3840,1,3536
450,10,0,13,12,17080140,4834,3840,1,3546
451,8,0,11,14,17126220,4833,3840,1,3554
452,9,0,14,11,17159280,4834,3840,1,3563
453,3,0,6,19,17227860,4839,3840,1,3566
454,6,0,6,19,17255940,4839,3840,1,3572
455,6,0,7,18,17274780,4837,3840,1,3578
456,5,0,8,17,17298180,4838,3840,1,3583
457,4,0,8,17,17321640,4839,3840,1,3587
458,5,0,6,19,17352420,4838,3840,1,3592
459,6,0,6,19,17388300,4840,3840,1,3598
460,2,0,3,22,17417280,4842,3840,1,3600
461,9,0,8,17,17433480,4841,3840,1,3609
462,3,0,7,18,17452740,4841,3840,1,3612
463,8,0,8,17,17487060,4841,3840,1,3620
464,8,0,9,16,17508360,4837,3840,1,3628
465,10,0,12,13,17543700,4838,3840,1,3638
466,14,0,17,8,17585340,4837,3840,1,3652
467,15,0,20,5,17632380,4834,3840,1,3667
468,9,0,13,12,17704980,4833,3840,1,3676
469,17,0,18,7,17758800,4832,3840,1,3693
470,20,0,23,2,17820540,4829,3840,1,3713
471,4,0,19,6,17864160,4830,3840,1,3717
472,13,0,12,13,17974320,4834,3840,1,3730
473,12,0,16,9,18017760,4835,3840,1,3742
474,9,0,15,10,18055920,4832,3840,1,3751
475,7,0,7,18,18128040,4832,3840,1,3758
476,8,0,8,17,18164880,4833,3840,1,3766
477,8,0,12,13,18184380,4833,3840,1,3774
478,7,0,10,15,18228120,4833,3840,1,3781
479,3,0,5,20,18269760,4834,3840,1,3784
480,5,0,5,20,18295680,4835,3840,1,3789
481,5,0,5,20,18310680,4832,3840,1,3794
482,4,0,9,16,18310680,4832,3840,1,3798
483,5,0,7,18,18353580,4834,3840,1,3803
484,7,0,9,16,18381240,4835,3840,1,3810
485,6,0,11,14,18399060,4835,3840,1,3816
486,6,0,8,17,18447960,4836,3840,1,3822
487,8,0,12,13,18463380,4835,3840,1,3830
488,12,0,16,9,18509400,4837,3840,0,3842
489,9,0,18,7,18551880,4840,3840,0,3851
490,8,0,14,11,18613500,4840,3840,0,3859
491,13,0,16,9,18679860,4844,3840,0,3872
492,14,0,21,4,18715620,4842,3840,0,3886
493,9,0,14,11,18807060,4845,3840,0,3895
494,11,0,19,6,18842760,4847,3840,0,3906
495,8,0,15,10,18907740,4849,3840,0,3914
496,13,0,16,9,18982620,4853,3840,0,3927
497,13,0,18,7,19035420,4853,3840,0,3940
498,13,0,19,6,19098000,4854,3840,0,3953
499,8,0,13,12,19176420,4857,3840,0,3961
500,8,0,12,13,19220400,4857,3840,0,3969
501,6,0,10,15,19270500,4860,3840,0,3975
502,9,0,9,16,19310280,4857,3840,0,3984
503,5,0,6,19,19343340,4856,3840,0,3989
504,4,0,3,22,19381200,4857,3840,0,3993
505,6,0,7,18,19391580,4857,3840,0,3999
506,4,0,7,18,19405920,4856,3840,0,4003
507,7,0,7,18,19435800,4855,3840,0,4010
508,1,0,3,22,19470900,4858,3840,0,4011
509,7,0,7,18,19488060,4858,3840,0,4018
510,10,0,14,11,19497180,4857,3840,0,4028
511,10,0,12,13,19552620,4856,3840,0,4038
512,8,0,13,12,19593720,4858,3840,0,4046
513,8,0,15,10,19617180,4856,3840,0,4054
514,8,0,11,14,19678740,4857,3840,0,4062
515,9,0,11,14,19722960,4857,3840,0,4071
516,11,0,15,10,19758000,4858,3840,0,4082
517,6,0,7,18,19816860,4855,3840,0,4088
518,9,0,11,14,19838160,4855,3840,0,4097
519,7,0,9,16,19887840,4856,3840,0,4104
520,11,0,13,12,19921620,4856,3840,0,4115
521,9,0,14,11,19959780,4856,3840,0,4124
522,13,0,16,9,20017560,4857,3840,0,4137
523,8,0,13,12,20067180,4856,3840,0,4145
524,5,0,12,13,20098500,4857,3840,0,4150
525,10,0,11,14,20162940,4859,3840,0,4160
526,8,0,12,13,20194260,4859,3840,0,4168
527,5,0,7,18,20242380,4858,3840,0,4173
528,10,0,12,13,20275380,4861,3840,0,4183
529,5,0,8,17,20319600,4861,3840,0,4188
530,9,0,12,13,20348100,4862,3840,0,4197
531,8,0,8,17,20401500,4860,3840,0,4205
532,7,0,7,18,20430900,4858,3840,0,4212
533,6,0,10,15,20444700,4858,3840,0,4218
534,5,0,8,17,20481360,4859,3840,0,4223
535,2,0,3,22,20522040,4860,3840,0,4225
536,10,0,11,14,20529420,4860,3840,0,4235
537,8,0,12,13,20552100,4857,3840,0,4243
538,15,0,19,6,20591220,4857,3840,0,4258
539,10,0,14,11,20665860,4857,3840,0,4268
540,13,0,19,6,20701980,4857,3840,0,4281
541,4,0,12,13,20756520,4857,3840,0,4285
542,12,0,14,11,20816400,4860,3840,0,4297
543,8,0,12,13,20864400,4860,3840,0,4305
544,9,0,16,9,20890920,4860,3840,0,4314
545,7,0,10,15,20957040,4861,3840,0,4321
546,4,0,9,16,20978400,4860,3840,0,4325
547,13,0,15,10,21015840,4861,3840,0,4338
548,5,0,10,15,21065820,4861,3840,0,4343
549,7,0,7,18,21101940,4858,3840,0,4350
550,4,0,5,20,21136440,4860,3840,0,4354
551,5,0,6,19,21153600,4859,3840,0,4359
552,7,0,10,15,21168540,4859,3840,0,4366
553,1,0,5,20,21195660,4859,3840,0,4367
554,6,0,8,17,21218820,4861,3840,0,4373
555,5,0,8,17,21244140,4861,3840,0,4378
556,14,0,15,10,21279900,4861,3840,0,4392
557,3,0,5,20,21326760,4858,3840,0,4395
558,4,0,4,21,21361260,4860,3840,0,4399
559,14,0,12,13,21373980,4856,3840,0,4413
560,11,0,16,9,21400380,4854,3840,0,4424
561,5,0,11,14,21449700,4855,3840,0,4429
562,15,0,16,9,21515100,4858,3840,0,4444
563,11,0,15,10,21557820,4855,3840,0,4455
564,18,0,25,0,21604440,4857,3840,0,4473
565,13,0,18,7,21691380,4854,3840,0,4486
566,13,0,14,11,21760740,4851,3840,0,4499
567,6,0,13,12,21807720,4854,3840,0,4505
568,10,0,14,11,21858660,4856,3840,0,4515
569,9,0,12,13,21910620,4856,3840,0,4524
570,6,0,10,15,21946980,4855,3840,0,4530
571,6,0,10,15,21978660,4856,3840,0,4536
572,11,0,9,16,22031580,4854,3840,0,4547
573,6,0,9,16,22055520,4853,3840,0,4553
574,4,0,7,18,22087440,4854,3840,0,4557
575,11,0,13,12,22112700,4854,3840,0,4568
576,6,0,9,16,22160580,4854,3840,0,4574
577,7,0,9,16,22194840,4854,3840,0,4581
578,7,0,7,18,22235220,4853,3840,0,4588
579,4,0,6,19,22264740,4854,3840,0,4592
580,4,0,5,20,22284240,4853,3840,0,4596
581,8,0,9,16,22306380,4854,3840,0,4604
582,9,0,12,13,22331820,4853,3840,0,4613
583,7,0,8,17,22383000,4853,3840,0,4620
584,4,0,7,18,22409520,4853,3840,0,4624
585,10,0,11,14,22437540,4853,3840,0,4634
586,6,0,11,14,22467900,4853,3840,0,4640
587,12,0,15,10,22510860,4854,3840,0,4652
588,9,0,14,11,22559040,4854,3840,0,4661
589,7,0,12,13,22607340,4855,3840,0,4668
590,8,0,7,18,22672620,4855,3840,0,4676
591,10,0,9,16,22703700,4854,3840,0,4686
592,10,0,13,12,22721640,4851,3840,0,4696
593,12,0,15,10,22772820,4852,3840,0,4708
594,7,0,8,17,22836900,4851,3840,0,4715
595,14,0,17,8,22862700,4852,3840,0,4729
596,7,0,15,10,22912080,4853,3840,0,4736
597,2,0,6,19,22976040,4855,3840,0,4738
598,2,0,3,22,23006760,4856,3840,0,4740
599,4,0,4,21,23021580,4856,3840,0,4744
600,5,0,5,20,23040780,4856,3840,0,4749
601,6,0,8,17,23056980,4857,3840,0,4755
602,8,0,11,14,23080380,4856,3840,0,4763
603,8,0,12,13,23112960,4856,3840,0,4771
604,10,0,15,10,23152980,4857,3840,0,4781
605,10,0,13,12,23223120,4860,3840,0,4791
606,6,0,8,17,23267100,4858,3840,0,4797
607,7,0,9,16,23298540,4858,3840,0,4804
608,8,0,10,15,23330940,4858,3840,0,4812
609,10,0,13,12,23363760,4858,3840,0,4822
610,4,0,8,17,23408640,4858,3840,0,4826
611,12,0,13,12,23438460,4857,3840,0,4838
612,20,0,24,1,23473860,4855,3840,0,4858
613,9,0,17,8,23548440,4855,3840,0,4867
614,9,0,12,13,23628480,4857,3840,0,4876
615,5,0,13,12,23656260,4859,3840,0,4881
616,9,0,12,13,23717580,4862,3840,0,4890
617,3,0,9,16,23751540,4863,3840,0,4893
618,11,0,9,16,23808840,4863,3840,0,4904
619,10,0,15,10,23821140,4862,3840,0,4914
620,10,0,14,11,23870400,4861,3840,0,4924
621,3,0,7,18,23932680,4864,3840,0,4927
622,7,0,9,16,23953620,4863,3840,0,4934
623,6,0,8,17,23991420,4864,3840,0,4940
624,5,0,7,18,24021480,4864,3840,0,4945
625,2,0,3,22,24048180,4864,3840,0,4947
626,9,0,9,16,24064020,4864,3840,0,4956
627,2,0,6,19,24090120,4864,3840,0,4958
628,7,0,10,15,24112980,4866,3840,0,4965
629,6,0,12,13,24135720,4867,3840,0,4971
630,5,0,6,19,24192720,4867,3840,0,4976
631,3,0,4,21,24216480,4867,3840,0,4979
632,13,0,11,14,24241740,4866,3840,0,4992
633,13,0,17,8,24268020,4865,3840,0,5005
634,9,0,12,13,24325920,4863,3840,0,5014
635,7,0,10,15,24376080,4864,3840,0,5021
636,11,0,14,11,24420360,4866,3840,0,5032
637,13,0,17,8,24470580,4866,3840,0,5045
638,10,0,14,11,24529080,4865,3840,0,5055
639,10,0,15,10,24579420,4867,3840,0,5065
640,18,0,14,11,24659880,4864,3840,0,5083
641,11,0,18,7,24684600,4863,3840,0,5094
642,7,0,11,14,24759240,4864,3840,0,5101
643,13,0,13,12,24816540,4865,3840,0,5114
644,13,0,17,8,24851100,4863,3840,0,5127
645,4,0,12,13,24901500,4864,3840,0,5131
646,3,0,7,18,24945780,4865,3840,0,5134
647,8,0,8,17,24986100,4866,3840,0,5142
648,6,0,11,14,25000800,4866,3840,0,5148
649,9,0,13,12,25038360,4867,3840,0,5157
650,7,0,12,13,25081500,4868,3840,0,5164
651,9,0,10,15,25135620,4868,3840,0,5173
652,7,0,11,14,25164960,4868,3840,0,5180
653,6,0,7,18,25210740,4867,3840,0,5186
654,10,0,11,14,25236960,4867,3840,0,5196
655,2,0,7,18,25270500,4868,3840,0,5198
656,6,0,6,19,25303680,4867,3840,0,5204
657,14,0,15,10,25330140,4868,3840,0,5218
658,8,0,14,11,25372620,4868,3840,0,5226
659,10,0,11,14,25436280,4868,3840,0,5236
660,8,0,10,15,25484820,4869,3840,0,5244
661,13,0,16,9,25512780,4867,3840,0,5257
662,10,0,16,9,25562520,4868,3840,0,5267
663,9,0,13,12,25628700,4869,3840,0,5276
664,16,0,20,5,25673220,4869,3840,0,5292
665,15,0,21,4,25735140,4868,3840,0,5307
666,12,0,20,5,25808880,4870,3840,0,5319
667,10,0,16,9,25878840,4870,3840,0,5329
668,9,0,14,11,25943040,4872,3840,0,5338
669,6,0,8,17,26005680,4873,3840,0,5344
670,4,0,5,20,26040180,4873,3840,0,5348
671,6,0,7,18,26067240,4875,3840,0,5354
672,4,0,7,18,26087460,4875,3840,0,5358
673,5,0,11,14,26089260,4874,3840,0,5363
674,5,0,14,11,26096580,4874,3840,0,5368
675,8,0,14,11,26130180,4873,3840,0,5376
676,8,0,19,6,26147040,4873,3840,0,5384
677,8,0,19,6,26189100,4874,3840,0,5392
678,7,0,17,8,26240580,4875,3840,0,5399
679,5,0,14,11,26281620,4875,3840,0,5404
680,12,0,21,4,26309460,4876,3840,0,5416
681,7,0,19,6,26347080,4875,3840,0,5423
682,10,0,16,9,26411340,4875,3840,0,5433
683,12,0,23,2,26435460,4875,3840,0,5445
684,13,0,23,2,26488320,4873,3840,0,5458
685,21,6,25,0,26555400,4874,13620,2,5479
686,16,9,25,0,26619720,4874,24660,4,5495
687,16,17,25,0,26670480,4876,34020,6,5511
688,6,9,25,0,26759700,4880,58380,10,5517
689,7,0,24,1,26824380,4877,154560,27,5524
690,7,0,18,7,26883360,4876,154560,27,5531
691,12,0,19,6,26939940,4876,154560,27,5543
692,14,0,22,3,26993340,4876,154560,27,5557
693,5,0,18,7,27033840,4876,154560,27,5562
694,6,0,12,13,27094620,4876,154560,27,5568
695,5,0,12,13,27119580,4876,154560,27,5573
696,5,0,15,10,27127020,4876,154560,27,5578
697,2,0,12,13,27161400,4878,154560,27,5580
698,4,0,10,15,27199080,4879,154560,27,5584
699,4,0,12,13,27206400,4879,154560,27,5588
700,4,0,12,13,27225120,4879,154560,27,5592
701,7,0,14,11,27249900,4879,154560,27,5599
702,8,0,17,8,27274380,4879,154560,27,5607
703,8,0,16,9,27326460,4880,154560,27,5615
704,6,0,16,9,27350160,4879,154560,27,5621
705,5,0,13,12,27393900,4880,154560,27,5626
706,9,0,21,4,27399600,4880,154560,27,5635
707,12,0,23,2,27449100,4880,155340,27,5647
708,6,0,20,5,27499200,4881,155340,27,5653
709,11,0,19,6,27573120,4884,155340,27,5664
710,16,0,24,1,27616920,4882,156120,27,5680
711,11,0,23,2,27664740,4880,156120,27,5691
712,7,0,21,4,27710040,4881,156120,27,5698
713,7,0,17,8,27778800,4883,156120,27,5705
714,11,0,21,4,27806640,4882,156120,27,5716
715,8,0,17,8,27864360,4882,156120,27,5724
716,6,0,15,10,27894720,4880,156120,27,5730
717,2,0,10,15,27930420,4881,156120,27,5732
718,5,0,11,14,27958860,4882,156120,27,5737
719,2,0,10,15,27972660,4882,156120,27,5739
720,5,0,12,13,27989940,4883,156120,27,5744
721,4,0,13,12,28002660,4882,156120,27,5748
722,6,0,14,11,28025400,4882,156120,27,5754
723,2,0,12,13,28045860,4882,156120,27,5756
724,3,0,9,16,28074060,4882,156120,27,5759
725,8,0,16,9,28076940,4882,156120,27,5767
726,7,0,18,7,28091700,4880,156120,27,5774
727,6,0,16,9,28137600,4881,156120,27,5780
728,12,0,19,6,28179180,4881,156120,26,5792
729,6,0,16,9,28225020,4881,156120,26,5798
730,7,0,13,12,28269600,4880,156120,26,5805
731,6,0,12,13,28312440,4882,156120,26,5811
732,8,0,17,8,28324980,4881,156120,26,5819
733,8,0,13,12,28372260,4879,156120,26,5827
734,11,0,18,7,28399500,4879,156120,26,5838
735,8,0,19,6,28429140,4878,156120,26,5846
736,9,0,19,6,28473840,4878,156120,26,5855
737,6,0,16,9,28518600,4879,156120,26,5861
738,6,0,14,11,28561020,4879,156120,26,5867
739,4,0,11,14,28593420,4879,156120,26,5871
740,9,0,14,11,28618080,4878,156120,26,5880
741,10,0,19,6,28638600,4877,156120,26,5890
742,9,0,17,8,28685820,4876,156120,26,5899
743,11,0,21,4,28721580,4877,156120,26,5910
744,4,0,18,7,28762560,4878,156120,26,5914
745,7,0,15,10,28822020,4880,156120,26,5921
746,6,0,14,11,28859880,4880,156120,26,5927
747,12,0,19,6,28885920,4879,156120,26,5939
748,6,0,17,8,28919640,4878,156120,26,5945
749,9,0,16,9,28961820,4877,156120,26,5954
750,7,0,15,10,29010780,4879,156120,26,5961
751,6,0,14,11,29045160,4879,156120,26,5967
752,5,0,13,12,29077140,4879,156120,26,5972
753,8,0,16,9,29102820,4879,156120,26,5980
754,12,0,20,5,29130060,4877,156120,26,5992
755,10,0,19,6,29173200,4876,156120,26,6002
756,11,0,20,5,29218380,4875,156120,25,6013
757,9,0,20,5,29258820,4874,156120,25,6022
758,10,0,21,4,29307000,4875,156120,25,6032
759,11,0,22,3,29359380,4876,156120,25,6043
760,8,0,15,10,29433120,4876,156120,25,6051
761,5,0,11,14,29466360,4874,156120,25,6056
762,8,0,15,10,29487060,4874,156120,25,6064
763,5,0,15,10,29508600,4874,156120,25,6069
764,9,0,18,7,29540040,4874,156120,25,6078
765,5,0,13,12,29584740,4873,156120,25,6083
766,5,0,13,12,29609280,4873,156120,25,6088
767,8,0,19,6,29623080,4874,156120,25,6096
768,5,0,16,9,29666100,4875,156120,25,6101
769,7,0,15,10,29705880,4875,156120,25,6108
770,6,0,14,11,29743560,4875,156120,25,6114
771,6,0,15,10,29764320,4875,156120,25,6120
772,8,0,13,12,29809740,4874,156120,25,6128
773,8,0,17,8,29828700,4874,156120,25,6136
774,13,0,22,3,29858460,4873,156120,25,6149
775,8,0,21,4,29898900,4872,156120,25,6157
776,5,0,13,12,29969880,4873,156120,25,6162
777,8,0,16,9,29991180,4873,156120,25,6170
778,10,0,20,5,30014040,4872,156120,25,6180
779,12,0,20,5,30072120,4872,156300,25,6192
780,7,0,17,8,30114960,4871,156300,25,6199
781,8,0,19,6,30154080,4872,156300,25,6207
782,12,0,21,4,30199020,4872,156300,25,6219
783,7,0,18,7,30245760,4872,156300,25,6226
784,14,0,22,3,30297480,4872,156300,25,6240
785,5,0,17,8,30343320,4872,156300,25,6245
786,7,0,16,9,30384540,4872,156300,25,6252
787,9,0,16,9,30434340,4873,156300,24,6261
788,4,0,14,11,30464760,4873,156300,24,6265
789,4,0,11,14,30497400,4873,156300,24,6269
790,11,0,17,8,30519300,4872,156300,24,6280
791,10,0,19,6,30552360,4872,156300,24,6290
792,2,0,15,10,30589440,4873,156300,24,6292
793,4,0,10,15,30643140,4874,156300,24,6296
794,3,0,9,16,30671880,4876,156300,24,6299
795,7,0,12,13,30683100,4874,156300,24,6306
796,4,0,12,13,30702480,4874,156300,24,6310
797,10,0,16,9,30720900,4873,156300,24,6320
798,10,0,18,7,30760860,4873,156300,24,6330
799,6,0,17,8,30793560,4873,156300,24,6336
800,3,0,11,14,30851520,4875,156300,24,6339
801,1,0,10,15,30866220,4876,156300,24,6340
802,13,0,19,6,30881940,4875,156300,24,6353
803,13,0,20,5,30922320,4872,156300,24,6366
804,10,0,18,7,30980580,4872,156300,24,6376
805,14,0,19,6,31025820,4869,156480,24,6390
806,11,0,22,3,31054440,4868,156480,24,6401
807,10,0,19,6,31120140,4868,156480,24,6411
808,11,0,21,4,31158240,4867,156480,24,6422
809,8,0,21,4,31202220,4868,156480,24,6430
810,11,0,21,4,31269480,4870,156660,24,6441
811,13,0,24,1,31328520,4872,157380,24,6454
812,7,0,18,7,31401240,4873,157380,24,6461
813,3,0,11,14,31458360,4874,157380,24,6464
814,7,0,14,11,31474440,4874,157380,24,6471
815,6,0,13,12,31508700,4874,157380,24,6477
816,6,0,15,10,31530600,4874,157380,24,6483
817,5,0,15,10,31556100,4875,157380,24,6488
818,3,0,10,15,31599900,4875,157380,24,6491
819,6,0,13,12,31610520,4875,157380,24,6497
820,5,0,15,10,31634100,4876,157380,24,6502
821,9,0,18,7,31658580,4875,157380,24,6511
822,9,0,16,9,31719000,4876,157380,24,6520
823,7,0,18,7,31735020,4875,157380,24,6527
824,9,0,16,9,31787580,4875,157380,24,6536
825,9,0,18,7,31821240,4875,157380,24,6545
826,11,0,20,5,31861380,4874,157380,24,6556
827,14,0,24,1,31910040,4874,157380,23,6570
828,10,0,22,3,31964100,4874,157380,23,6580
829,7,0,18,7,32020380,4874,157380,23,6587
830,10,0,17,8,32080020,4875,157380,23,6597
831,9,0,16,9,32114940,4873,157380,23,6606
832,2,0,12,13,32141880,4872,157380,23,6608
833,11,0,20,5,32165760,4874,157380,23,6619
834,8,0,16,9,32218680,4873,157380,23,6627
835,7,0,13,12,32269020,4873,157380,23,6634
836,11,0,20,5,32284560,4873,157380,23,6645
837,12,2,25,0,32309040,4873,157380,23,6657
838,1,0,14,11,32374680,4872,158160,23,6658
839,5,0,11,14,32414400,4872,158160,23,6663
840,5,0,11,14,32446980,4874,158160,23,6668
841,4,0,11,14,32461440,4873,158160,23,6672
842,6,0,12,13,32486400,4873,158160,23,6678
843,6,0,14,11,32502780,4872,158160,23,6684
844,7,0,15,10,32532780,4873,158160,23,6691
845,3,0,10,15,32566980,4872,158160,23,6694
846,6,0,12,13,32592000,4873,158160,23,6700
847,9,0,16,9,32607900,4871,158160,23,6709
848,8,0,17,8,32641080,4871,158160,23,6717
849,10,0,22,3,32664720,4871,158160,23,6727
850,8,0,16,9,32737200,4872,158160,23,6735
851,10,0,20,5,32774160,4873,158160,23,6745
852,14,0,21,4,32827320,4871,158160,23,6759
853,7,0,17,8,32878800,4871,158160,23,6766
854,8,0,15,10,32925600,4871,158160,23,6774
855,14,0,23,2,32954700,4871,158160,23,6788
856,11,0,22,3,32997600,4869,158160,23,6799
857,9,0,18,7,33069300,4870,158160,23,6808
858,9,0,16,9,33121740,4870,158160,23,6817
859,8,0,15,10,33159840,4869,158160,23,6825
860,7,0,14,11,33204720,4870,158160,23,6832
861,3,0,12,13,33229140,4870,158160,23,6835
862,8,0,14,11,33250260,4868,158160,23,6843
863,3,0,12,13,33275940,4869,158160,23,6846
864,6,0,14,11,33297600,4869,158160,23,6852
865,7,0,13,12,33335400,4869,158160,23,6859
866,5,0,14,11,33349320,4868,158160,23,6864
867,10,0,17,8,33387660,4869,158160,23,6874
868,10,0,20,5,33419040,4868,158160,22,6884
869,3,0,13,12,33466080,4868,158160,22,6887
870,9,0,16,9,33495540,4868,158160,22,6896
871,6,0,18,7,33514260,4868,158160,22,6902
872,14,0,23,2,33572700,4870,158160,22,6916
873,15,0,25,0,33632460,4870,167700,24,6931
874,8,0,18,7,33695040,4868,167700,24,6939
875,13,0,20,5,33752580,4869,167700,24,6952
876,13,1,25,0,33776100,4867,167700,24,6965
877,11,0,20,5,33855960,4867,168180,24,6976
878,13,0,21,4,33905580,4865,168180,24,6989
879,8,0,15,10,33971940,4865,168180,24,6997
880,6,0,17,8,33995220,4866,168180,24,7003
881,11,0,20,5,34033440,4866,168180,23,7014
882,6,0,18,7,34065660,4865,168180,23,7020
883,8,0,15,10,34128360,4866,168180,23,7028
884,7,0,14,11,34164960,4866,168180,23,7035
885,9,0,18,7,34189920,4866,168180,23,7044
886,11,0,20,5,34237020,4866,168180,23,7055
887,5,0,15,10,34283640,4866,168180,23,7060
888,3,0,12,13,34311960,4866,168180,23,7063
889,4,0,10,15,34343760,4866,168180,23,7067
890,3,0,10,15,34359420,4866,168180,23,7070
891,4,0,11,14,34375320,4866,168180,23,7074
892,3,0,8,17,34398000,4866,168180,23,7077
893,4,0,12,13,34398000,4866,168180,23,7081
894,13,0,22,3,34408920,4865,168180,23,7094
895,11,0,21,4,34470480,4865,168180,23,7105
896,8,0,18,7,34528320,4866,168180,23,7113
897,8,0,16,9,34567800,4865,168180,23,7121
898,5,0,12,13,34615140,4865,168180,23,7126
899,10,0,19,6,34629720,4865,168180,23,7136
900,8,0,19,6,34665000,4865,168180,23,7144
901,11,0,19,6,34717080,4865,168180,23,7155
902,9,0,18,7,34768320,4865,168180,23,7164
903,5,0,13,12,34805760,4863,168180,23,7169
904,12,0,17,8,34841280,4863,168180,23,7181
905,8,0,17,8,34879140,4863,168180,23,7189
906,5,0,12,13,34925640,4862,168180,23,7194
907,11,0,19,6,34947180,4863,168180,23,7205
908,9,0,14,11,35009700,4862,168180,23,7214
909,9,0,15,10,35039280,4861,168180,23,7223
910,7,0,12,13,35080440,4860,168180,23,7230
911,8,0,16,9,35099820,4860,168180,23,7238
912,5,0,12,13,35133960,4858,168180,23,7243
913,7,0,14,11,35161860,4859,168180,23,7250
914,5,0,11,14,35186220,4857,168180,23,7255
915,7,0,13,12,35209080,4857,168180,23,7262
916,4,0,11,14,35230320,4856,168180,23,7266
917,6,0,14,11,35244060,4855,168180,23,7272
918,3,0,10,15,35276040,4855,168180,23,7275
919,6,0,12,13,35292300,4855,168180,23,7281
920,7,0,14,11,35308020,4854,168180,23,7288
921,19,1,25,0,35343480,4854,169020,23,7307
922,12,1,25,0,35396580,4853,172680,23,7319
923,17,4,25,0,35458920,4852,178080,24,7336
924,12,5,25,0,35520120,4853,187260,25,7348
925,17,4,25,0,35608980,4854,208560,28,7365
926,16,6,25,0,35674560,4853,215880,29,7381
927,10,4,25,0,35736060,4854,239100,32,7391
928,8,0,18,7,35814900,4852,257640,34,7399
929,15,1,25,0,35850120,4852,259080,34,7414
930,8,0,19,6,35924700,4852,259860,35,7422
931,6,0,13,12,35981400,4852,259860,34,7428
932,13,0,21,4,36006060,4852,259860,34,7441
933,3,0,15,10,36052560,4852,259860,34,7444
934,10,0,17,8,36103140,4854,259860,34,7454
935,4,0,11,14,36146640,4853,259860,34,7458
936,1,0,7,18,36173760,4854,259860,34,7459
937,5,0,9,16,36182880,4853,259860,34,7464
938,4,0,10,15,36193140,4852,259860,34,7468
939,5,0,12,13,36202260,4852,259860,34,7473
940,9,0,19,6,36213840,4852,259860,34,7482
941,10,0,22,3,36255360,4853,259860,34,7492
942,7,0,17,8,36308280,4852,259860,34,7499
943,9,0,15,10,36357480,4852,259860,34,7508
944,10,0,17,8,36391920,4851,259860,34,7518
945,7,0,19,6,36419580,4852,259860,34,7525
946,11,0,19,6,36484800,4853,259860,34,7536
947,8,0,21,4,36506100,4852,259860,34,7544
948,11,0,18,7,36579840,4853,259860,34,7555
949,11,0,21,4,36619800,4853,259860,34,7566
950,7,0,21,4,36658800,4854,259860,34,7573
951,8,0,16,9,36724800,4854,259860,34,7581
952,9,0,16,9,36763380,4853,259860,34,7590
953,8,0,15,10,36811620,4854,259860,34,7598
954,7,0,16,9,36837420,4854,259860,34,7605
955,10,0,17,8,36883440,4854,259860,34,7615
956,3,0,12,13,36920040,4854,259860,34,7618
957,6,0,11,14,36957660,4854,259860,34,7624
958,6,0,13,12,36973020,4854,259860,34,7630
959,1,0,8,17,37001580,4853,259860,34,7631
960,9,0,15,10,37011180,4853,259860,34,7640
961,3,0,12,13,37037760,4853,259860,33,7643
962,9,0,16,9,37065540,4854,259860,33,7652
963,4,0,12,13,37104540,4854,259860,33,7656
964,4,0,14,11,37113420,4853,259860,33,7660
965,6,0,15,10,37147320,4855,259860,33,7666
966,8,0,15,10,37173240,4853,259860,33,7674
967,6,0,16,9,37197300,4853,259860,33,7680
968,4,0,10,15,37251060,4854,259860,33,7684
969,7,0,15,10,37255620,4853,259860,33,7691
970,14,0,19,6,37298040,4852,259860,33,7705
971,9,0,22,3,37320780,4851,259860,33,7714
972,8,0,17,8,37386360,4852,259860,33,7722
973,10,0,20,5,37416300,4851,259860,33,7732
974,5,0,13,12,37477020,4852,259860,33,7737
975,7,0,14,11,37505940,4851,259860,33,7744
976,14,0,20,5,37523580,4849,259860,33,7758
977,7,0,21,4,37547820,4848,259860,33,7765
978,6,0,16,9,37617720,4850,259860,33,7771
979,11,0,19,6,37659660,4851,259860,33,7782
980,9,0,16,9,37717260,4851,259860,33,7791
981,5,0,16,9,37742940,4851,259860,33,7796
982,3,0,12,13,37779540,4851,259860,33,7799
983,8,0,18,7,37790700,4851,259860,33,7807
984,1,0,12,13,37828860,4852,259860,33,7808
985,8,0,13,12,37869960,4853,259860,33,7816
986,6,0,15,10,37887420,4853,259860,33,7822
987,6,0,14,11,37918140,4852,259860,33,7828
988,7,0,17,8,37930740,4851,259860,33,7835
989,8,0,17,8,37975020,4852,259860,33,7843
990,15,0,24,1,38014560,4852,259860,33,7858
991,6,0,18,7,38075280,4852,260160,33,7864
992,9,0,18,7,38132820,4854,260160,33,7873
993,6,0,17,8,38170560,4855,260160,33,7879
994,10,0,17,8,38218020,4854,260160,32,7889
995,8,0,19,6,38240160,4854,260160,32,7897
996,12,0,19,6,38297880,4853,260160,32,7909
997,9,0,18,7,38342940,4853,260160,32,7918
998,9,0,20,5,38373300,4853,260160,32,7927
999,11,0,17,8,38438580,4852,260160,32,7938
1000,9,0,15,10,38482680,4851,260160,32,7947
1001,6,0,14,11,38512740,4851,260160,32,7953
1002,9,0,18,7,38534160,4850,260160,32,7962
1003,8,0,18,7,38574960,4850,260160,32,7970
1004,7,0,18,7,38613660,4851,260160,32,7977
1005,4,0,12,13,38666400,4852,260160,32,7981
1006,4,0,12,13,38688000,4852,260160,32,7985
1007,12,0,20,5,38703540,4851,260160,32,7997
1008,5,0,15,10,38750280,4851,260160,32,8002
1009,8,0,14,11,38793900,4851,260160,32,8010
1010,6,0,14,11,38819760,4851,260160,32,8016
1011,5,0,12,13,38857680,4851,260160,32,8021
1012,5,0,15,10,38869320,4851,260160,32,8026
1013,7,0,15,10,38913660,4853,260160,32,8033
1014,5,0,16,9,38931960,4853,260160,32,8038
1015,6,0,14,11,38966760,4852,260160,32,8044
1016,14,0,25,0,38986680,4853,260160,32,8058
1017,13,0,19,6,39057720,4850,261360,32,8071
1018,16,0,25,0,39097920,4849,261600,32,8087
1019,10,1,25,0,39142980,4849,261600,32,8097
1020,12,0,22,3,39231660,4851,263100,32,8109
1021,12,0,18,7,39304260,4850,263100,32,8121
1022,9,0,17,8,39349560,4850,263100,32,8130
1023,10,0,20,5,39387960,4850,263100,32,8140
1024,7,0,17,8,39444060,4851,263100,32,8147
1025,9,0,17,8,39484980,4851,263100,32,8156
1026,10,0,20,5,39515820,4850,263100,32,8166
1027,10,0,23,2,39549900,4850,263100,32,8176
1028,6,0,14,11,39615120,4850,263100,32,8182
1029,0,0,10,15,39636480,4850,263100,32,8182
1030,9,0,15,10,39656820,4850,263100,32,8191
1031,1,0,12,13,39679740,4850,263100,32,8192
1032,6,0,12,13,39712800,4851,263100,32,8198
1033,7,0,13,12,39736380,4850,263100,32,8205
1034,2,0,11,14,39756000,4850,263100,32,8207
1035,8,0,14,11,39781380,4850,263100,32,8215
1036,5,0,13,12,39805860,4850,263100,32,8220
1037,9,0,16,9,39832620,4849,263100,31,8229
1038,3,0,13,12,39863580,4850,263100,31,8232
1039,9,0,18,7,39883920,4850,263100,31,8241
1040,12,0,18,7,39928080,4848,263100,31,8253
1041,16,1,25,0,39978060,4849,264360,31,8269
1042,14,2,25,0,40037760,4849,264660,31,8283
1043,12,2,25,0,40099680,4849,271740,32,8295
1044,13,2,25,0,40172040,4851,284700,34,8308
1045,7,0,17,8,40256640,4851,293040,35,8315
1046,14,0,23,2,40297320,4851,293040,35,8329
1047,13,3,25,0,40327860,4850,293040,35,8342
1048,7,0,20,5,40412280,4851,300180,35,8349
1049,2,0,12,13,40470240,4853,300180,35,8351
1050,6,0,13,12,40506120,4854,300180,35,8357
1051,2,0,13,12,40516740,4854,300180,35,8359
1052,8,0,13,12,40554600,4854,300180,35,8367
1053,9,0,19,6,40564200,4853,300180,35,8376
1054,2,0,11,14,40619640,4854,300180,35,8378
1055,4,0,11,14,40642440,4855,300180,35,8382
1056,8,0,14,11,40661580,4854,300180,35,8390
1057,4,0,15,10,40678560,4854,300180,35,8394
1058,3,0,13,12,40700940,4854,300180,35,8397
1059,2,0,9,16,40737900,4855,300180,35,8399
1060,9,0,16,9,40755000,4856,300180,35,8408
1061,10,0,19,6,40784040,4855,300180,35,8418
1062,8,0,20,5,40819320,4855,300180,35,8426
1063,9,0,19,6,40867080,4855,300180,35,8435
1064,11,0,24,1,40902900,4856,300180,35,8446
1065,8,0,18,7,40980540,4857,300540,35,8454
1066,6,0,15,10,41035140,4859,300540,35,8460
1067,4,0,13,12,41065440,4859,300540,35,8464
1068,12,0,18,7,41097120,4858,300540,35,8476
1069,6,0,15,10,41142900,4859,300540,35,8482
1070,9,0,17,8,41182740,4859,300540,35,8491
1071,10,0,22,3,41205480,4859,300540,35,8501
1072,11,0,21,4,41256600,4858,300540,35,8512
1073,9,0,17,8,41317920,4858,300540,35,8521
1074,7,0,17,8,41353800,4858,300540,35,8528
1075,12,0,22,3,41386140,4858,300540,35,8540
1076,7,0,19,6,41437140,4858,300540,35,8547
1077,9,0,17,8,41503260,4860,300540,35,8556
1078,4,0,15,10,41534220,4860,300540,35,8560
1079,2,0,11,14,41566320,4860,300540,35,8562
1080,7,0,15,10,41584740,4861,300540,35,8569
1081,7,0,16,9,41606820,4860,300540,35,8576
1082,5,0,11,14,41664600,4861,300540,35,8581
1083,0,0,9,16,41674860,4861,300540,35,8581
1084,9,0,12,13,41701500,4861,300540,34,8590
1085,8,0,13,12,41721300,4859,300540,34,8598
1086,8,0,15,10,41745720,4859,300540,34,8606
1087,9,0,17,8,41773800,4858,300540,34,8615
1088,10,0,18,7,41802420,4856,300540,34,8625
1089,7,0,17,8,41844240,4857,300540,34,8632
1090,7,0,14,11,41893920,4857,300540,34,8639
1091,9,0,20,5,41905920,4856,300540,34,8648
1092,6,0,19,6,41938440,4856,300540,34,8654
1093,9,0,18,7,41991960,4857,300540,34,8663
1094,15,0,24,1,42036780,4857,300540,34,8678
1095,13,0,25,0,42083820,4856,301080,34,8691
1096,8,0,19,6,42149640,4855,301080,34,8699
1097,10,0,17,8,42213360,4856,301080,34,8709
1098,7,0,16,9,42247260,4856,301080,34,8716
1099,6,0,16,9,42277260,4856,301080,34,8722
1100,10,0,20,5,42304140,4855,301080,34,8732
1101,9,0,20,5,42352680,4856,301080,34,8741
1102,10,0,17,8,42413280,4856,301080,34,8751
1103,5,0,13,12,42450540,4855,301080,34,8756
1104,5,0,13,12,42478380,4855,301080,34,8761
1105,8,0,13,12,42518040,4855,301080,34,8769
1106,8,0,15,10,42544440,4855,301080,34,8777
1107,8,0,15,10,42573120,4854,301080,34,8785
1108,1,0,9,16,42606420,4854,301080,34,8786
1109,12,0,17,8,42631020,4854,301080,34,8798
1110,8,0,19,6,42657480,4854,301080,34,8806
1111,12,0,18,7,42713220,4853,301080,34,8818
1112,4,0,14,11,42748680,4853,301080,34,8822
1113,7,0,13,12,42785100,4853,301080,34,8829
1114,9,0,17,8,42806580,4852,301080,34,8838
1115,8,0,16,9,42855360,4853,301080,34,8846
1116,13,0,22,3,42880440,4852,301080,33,8859
1117,13,0,25,0,42929040,4852,301080,33,8872
1118,10,0,18,7,43000620,4851,301680,33,8882
1119,7,0,16,9,43039680,4850,301680,33,8889
1120,5,0,14,11,43071780,4850,301680,33,8894
1121,5,0,11,14,43111020,4850,301680,33,8899
1122,9,0,16,9,43125900,4849,301680,33,8908
1123,6,0,15,10,43159980,4849,301680,33,8914
1124,8,0,17,8,43190220,4850,301680,33,8922
1125,1,0,12,13,43220220,4850,301680,33,8923
1126,7,0,13,12,43258140,4851,301680,33,8930
1127,7,0,16,9,43276320,4851,301680,33,8937
1128,3,0,10,15,43318680,4850,301680,33,8940
1129,4,0,12,13,43328880,4850,301680,33,8944
1130,4,0,12,13,43347240,4850,301680,33,8948
1131,0,0,8,17,43367700,4850,301680,33,8948
1132,6,0,11,14,43378080,4850,301680,33,8954
1133,7,0,15,10,43396020,4850,301680,33,8961
1134,8,0,14,11,43431180,4849,301680,33,8969
1135,5,0,15,10,43447920,4849,301680,33,8974
1136,9,0,17,8,43488240,4850,301680,33,8983
1137,14,0,24,1,43521060,4850,301680,33,8997
1138,12,0,24,1,43577460,4850,301680,33,9009
1139,7,0,15,10,43649580,4849,301680,33,9016
1140,13,0,18,7,43689600,4848,301680,33,9029
1141,18,3,25,0,43726740,4848,304500,33,9047
1142,12,2,25,0,43783980,4847,313860,34,9059
1143,5,0,13,12,43868400,4846,316080,34,9064
1144,7,0,13,12,43910220,4847,316080,34,9071
1145,4,0,14,11,43925820,4847,316080,34,9075
1146,7,0,16,9,43956060,4848,316080,34,9082
1147,9,0,17,8,43986840,4847,316080,34,9091
1148,10,0,20,5,44019060,4847,316080,34,9101
1149,12,0,21,4,44079120,4848,316080,34,9113
1150,5,0,14,11,44145240,4848,316080,34,9118
1151,6,0,14,11,44179680,4849,316080,34,9124
1152,4,0,15,10,44198220,4850,316080,34,9128
1153,6,0,12,13,44242920,4850,316080,34,9134
1154,5,0,10,15,44269980,4849,316080,34,9139
1155,6,0,12,13,44291220,4849,316080,34,9145
1156,4,0,10,15,44312760,4848,316080,34,9149
1157,7,0,12,13,44339400,4849,316080,34,9156
1158,8,0,16,9,44355660,4848,316080,34,9164
1159,5,0,13,12,44389560,4848,316080,34,9169
1160,9,0,18,7,44410260,4848,316080,34,9178
1161,7,0,19,6,44439420,4848,316080,34,9185
1162,6,0,11,14,44510880,4848,316080,34,9191
1163,8,0,16,9,44517960,4847,316080,34,9199
1164,13,0,22,3,44548860,4847,316080,34,9212
1165,9,0,19,6,44603700,4847,316080,34,9221
1166,12,0,22,3,44648520,4847,316080,34,9233
1167,10,0,20,5,44702700,4846,316080,34,9243
1168,7,0,19,6,44748600,4847,316080,34,9250
1169,12,0,21,4,44802300,4848,316080,34,9262
1170,9,0,19,6,44847960,4847,316080,34,9271
1171,8,0,17,8,44897340,4847,316080,34,9279
1172,2,0,10,15,44933520,4846,316080,34,9281
1173,7,0,13,12,44954340,4846,316080,34,9288
1174,5,0,11,14,44979720,4845,316080,34,9293
1175,6,0,13,12,44995380,4845,316080,33,9299
1176,5,0,13,12,45017100,4845,316080,33,9304
1177,4,0,11,14,45049080,4845,316080,33,9308
1178,6,0,13,12,45066480,4845,316080,33,9314
1179,6,0,16,9,45080100,4845,316080,33,9320
1180,4,0,13,12,45115800,4845,316080,33,9324
1181,7,0,14,11,45144120,4845,316080,33,9331
1182,10,0,17,8,45178440,4845,316080,33,9341
1183,5,0,17,8,45200940,4845,316080,33,9346
1184,6,0,13,12,45251700,4845,316080,33,9352
1185,6,0,13,12,45291660,4846,316080,33,9358
1186,13,0,20,5,45309240,4845,316080,33,9371
1187,14,1,25,0,45351360,4845,316080,33,9385
1188,11,1,25,0,45412320,4846,320220,34,9396
1189,9,0,21,4,45483540,4846,320520,34,9405
1190,8,0,18,7,45546840,4847,320520,34,9413
1191,10,0,22,3,45575400,4847,320520,34,9423
1192,12,1,25,0,45623160,4848,320520,33,9435
1193,7,0,21,4,45674220,4848,320520,33,9442
1194,13,0,19,6,45749580,4848,320520,33,9455
1195,4,0,14,11,45793860,4848,320520,33,9459
1196,6,0,11,14,45832140,4847,320520,33,9465
1197,6,0,16,9,45841260,4848,320520,33,9471
1198,5,0,13,12,45878100,4848,320520,33,9476
1199,3,0,12,13,45894660,4847,320520,33,9479
1200,3,0,13,12,45907680,4848,320520,33,9482
1201,1,0,7,18,45949980,4849,320520,33,9483
1202,3,0,9,16,45952800,4848,320520,33,9486
1203,5,0,13,12,45954360,4848,320520,33,9491
1204,5,0,11,14,45986580,4848,320520,33,9496
1205,4,0,13,12,45993300,4848,320520,33,9500
1206,9,0,14,11,46029000,4847,320520,33,9509
1207,7,0,16,9,46048200,4847,320520,33,9516
1208,6,0,15,10,46084020,4847,320520,33,9522
1209,3,0,11,14,46126320,4848,320520,33,9525
1210,13,0,21,4,46140180,4848,320520,33,9538
1211,13,0,24,1,46171380,4846,320520,33,9551
1212,13,0,21,4,46239060,4845,321360,33,9564
1213,8,0,17,8,46300320,4845,321360,33,9572
1214,13,0,21,4,46345860,4845,321360,33,9585
1215,10,0,15,10,46402440,4843,321360,33,9595
1216,13,0,21,4,46429860,4843,321360,33,9608
1217,4,0,14,11,46487520,4843,321360,33,9612
1218,10,0,17,8,46521480,4843,321360,33,9622
1219,5,0,15,10,46549500,4842,321360,33,9627
1220,9,0,17,8,46577700,4842,321360,33,9636
1221,7,0,20,5,46597860,4842,321360,33,9643
1222,7,0,17,8,46653120,4843,321360,33,9650
1223,7,0,13,12,46702140,4842,321360,33,9657
1224,6,0,13,12,46728600,4842,321360,33,9663
1225,8,0,17,8,46748460,4842,321360,33,9671
1226,4,0,13,12,46794600,4843,321360,33,9675
1227,8,0,14,11,46830660,4843,321360,33,9683
1228,6,0,15,10,46847340,4842,321360,33,9689
1229,7,0,15,10,46888140,4843,321360,33,9696
1230,9,0,20,5,46902660,4842,321360,33,9705
1231,11,0,19,6,46958460,4842,321900,33,9716
1232,13,0,21,4,47021340,4843,321900,33,9729
1233,8,0,19,6,47059500,4842,321900,33,9737
1234,11,0,18,7,47119680,4842,321900,33,9748
1235,2,0,12,13,47156520,4842,321900,33,9750
1236,12,0,16,9,47190540,4842,321900,32,9762
1237,7,0,14,11,47216220,4840,321900,32,9769
1238,6,0,15,10,47242320,4840,321900,32,9775
1239,10,0,19,6,47268060,4840,321900,32,9785
1240,11,0,23,2,47292540,4839,321900,32,9796
1241,4,0,13,12,47362380,4839,321900,32,9800
1242,7,0,15,10,47395320,4840,321900,32,9807
1243,11,0,20,5,47422260,4839,321900,32,9818
1244,7,0,17,8,47472540,4840,321900,32,9825
1245,5,0,14,11,47513940,4840,321900,32,9830
1246,6,0,15,10,47540160,4840,321900,32,9836
1247,6,0,14,11,47570940,4840,321900,32,9842
1248,5,0,10,15,47616240,4840,321900,32,9847
1249,6,0,12,13,47636040,4840,321900,32,9853
1250,7,0,15,10,47647980,4839,321900,32,9860
1251,3,0,10,15,47687100,4839,321900,32,9863
1252,10,0,15,10,47705340,4839,321900,32,9873
1253,9,0,18,7,47726820,4838,321900,32,9882
1254,5,0,18,7,47760240,4839,321900,32,9887
1255,8,0,15,10,47813940,4839,321900,32,9895
1256,13,0,20,5,47850240,4839,321900,32,9908
1257,5,0,14,11,47909340,4839,321900,32,9913
1258,9,0,16,9,47935620,4839,321900,32,9922
1259,8,0,17,8,47973300,4839,321900,32,9930
1260,13,0,21,4,48011280,4838,321900,32,9943
1261,11,0,20,5,48062700,4838,321900,32,9954
1262,8,0,19,6,48100800,4837,321900,32,9962
1263,11,0,22,3,48155340,4839,321900,32,9973
1264,17,0,25,0,48212580,4838,322320,32,9990
1265,14,2,25,0,48281040,4839,326040,32,10004
1266,10,1,25,0,48336720,4839,326940,32,10014
1267,4,0,17,8,48401280,4839,327120,32,10018
1268,5,0,12,13,48454500,4840,327120,32,10023
1269,2,0,9,16,48480300,4840,327120,32,10025
1270,4,0,8,17,48496980,4839,327120,32,10029
1271,4,0,9,16,48502140,4838,327120,32,10033
1272,5,0,10,15,48516300,4838,327120,32,10038
1273,4,0,10,15,48533100,4837,327120,32,10042
1274,5,0,12,13,48543540,4837,327120,32,10047
1275,4,0,11,14,48563340,4836,327120,32,10051
1276,6,0,15,10,48576720,4837,327120,32,10057
1277,4,0,11,14,48616620,4837,327120,32,10061
1278,8,0,17,8,48623880,4837,327120,32,10069
1279,4,0,12,13,48671760,4837,327120,32,10073
1280,7,0,12,13,48702420,4837,327120,32,10080
1281,7,0,14,11,48721800,4836,327120,32,10087
1282,7,0,16,9,48741480,4836,327120,32,10094
1283,14,0,23,2,48778200,4836,327120,32,10108
1284,10,0,23,2,48827880,4836,328380,32,10118
1285,5,0,14,11,48901020,4837,328380,32,10123
1286,8,0,17,8,48929220,4837,328380,32,10131
1287,8,0,17,8,48966660,4837,328380,32,10139
1288,5,0,15,10,49000560,4837,328380,32,10144
1289,12,0,20,5,49036080,4837,328380,32,10156
1290,8,0,17,8,49080600,4836,328380,32,10164
1291,8,0,18,7,49115580,4837,328380,32,10172
1292,7,0,16,9,49155840,4836,328380,32,10179
1293,6,0,16,9,49185360,4836,328380,32,10185
1294,3,0,15,10,49202460,4836,328380,32,10188
1295,4,0,10,15,49249260,4836,328380,32,10192
1296,5,0,11,14,49268400,4836,328380,32,10197
1297,9,0,17,8,49274640,4836,328380,32,10206
1298,4,0,14,11,49316880,4836,328380,32,10210
1299,7,0,15,10,49342620,4836,328380,32,10217
1300,6,0,16,9,49377780,4837,328380,32,10223
1301,2,0,12,13,49414380,4838,328380,32,10225
1302,7,0,15,10,49437600,4838,328380,32,10232
1303,4,0,14,11,49464480,4839,328380,32,10236
1304,5,0,13,12,49496220,4839,328380,32,10241
1305,5,0,14,11,49519980,4839,328380,32,10246
1306,9,0,14,11,49556880,4839,328380,32,10255
1307,11,0,20,5,49577040,4838,328380,31,10266
1308,5,0,15,10,49628700,4838,328380,31,10271
1309,12,0,19,6,49671120,4839,328380,31,10283
1310,13,0,25,0,49699680,4838,328620,31,10296
1311,12,0,22,3,49773180,4838,329820,31,10308
1312,10,0,21,4,49830960,4839,329820,31,10318
1313,8,0,14,11,49907880,4839,329820,31,10326
1314,5,0,11,14,49944480,4839,329820,31,10331
1315,5,0,13,12,49962840,4839,329820,31,10336
1316,7,0,15,10,49984020,4839,329820,31,10343
1317,8,0,15,10,50025660,4839,329820,31,10351
1318,3,0,12,13,50054160,4839,329820,31,10354
1319,7,0,15,10,50071980,4839,329820,31,10361
1320,3,0,13,12,50101140,4840,329820,31,10364
1321,7,0,13,12,50142240,4840,329820,31,10371
1322,6,0,15,10,50152320,4840,329820,31,10377
1323,7,0,12,13,50208600,4840,329820,31,10384
1324,6,0,16,9,50214840,4840,329820,31,10390
1325,8,0,18,7,50247180,4840,329820,31,10398
1326,13,0,21,4,50292660,4840,329820,31,10411
1327,11,0,22,3,50334900,4839,329820,31,10422
1328,9,0,19,6,50389440,4839,329820,31,10431
1329,18,4,25,0,50440140,4840,330240,31,10449
1330,10,0,21,4,50520540,4840,339360,32,10459
1331,12,0,20,5,50577420,4839,339360,32,10471
1332,11,0,18,7,50632500,4838,339360,32,10482
1333,9,0,17,8,50680680,4838,339360,32,10491
1334,9,0,17,8,50719920,4838,339360,32,10500
1335,10,0,21,4,50740800,4837,339360,32,10510
1336,9,0,17,8,50807160,4837,339360,32,10519
1337,9,0,19,6,50832480,4837,339360,32,10528
1338,13,0,20,5,50881920,4836,339360,32,10541
1339,14,0,23,2,50944740,4837,339360,32,10555
1340,7,0,17,8,50997360,4836,339360,32,10562
1341,12,0,25,0,51021420,4836,339360,32,10574
1342,2,0,15,10,51097440,4838,339360,32,10576
1343,5,0,12,13,51142860,4838,339360,32,10581
1344,4,0,12,13,51163140,4839,339360,32,10585
1345,2,0,14,11,51163140,4839,339360,32,10587
1346,7,0,17,8,51176400,4838,339360,32,10594
1347,6,0,18,7,51193200,4837,339360,32,10600
1348,4,0,17,8,51221700,4838,339360,32,10604
1349,10,0,21,4,51244260,4837,339360,31,10614
1350,13,4,25,0,51261000,4836,339720,31,10627
1351,7,0,23,2,51331860,4837,343980,32,10634
1352,10,1,25,0,51366540,4837,344160,32,10644
1353,6,0,25,0,51405480,4838,345660,32,10650
1354,8,0,23,2,51467820,4839,345660,32,10658
1355,9,0,23,2,51503100,4838,345660,32,10667
1356,11,1,25,0,51538020,4838,346680,32,10678
1357,14,7,25,0,51579060,4838,349020,32,10692
1358,13,10,25,0,51631980,4838,357060,33,10705
1359,5,7,25,0,51685200,4840,379020,35,10710
1360,10,5,25,0,51739920,4840,407160,37,10720
1361,12,6,25,0,51789720,4839,425700,39,10732
1362,7,2,25,0,51845520,4839,471240,43,10739
1363,14,0,25,0,51901740,4837,481140,44,10753
1364,8,0,22,3,51942360,4836,481140,44,10761
1365,6,0,20,5,51978600,4836,481140,44,10767
1366,5,0,19,6,52007220,4836,481140,44,10772
1367,6,0,17,8,52048260,4836,481140,44,10778
1368,4,0,17,8,52072200,4837,481140,44,10782
1369,5,0,17,8,52095780,4837,481140,44,10787
1370,7,0,23,2,52102020,4837,481140,44,10794
1371,12,0,25,0,52143900,4836,481980,44,10806
1372,4,0,18,7,52205280,4837,484620,44,10810
1373,4,0,17,8,52233060,4837,484620,44,10814
1374,1,0,13,12,52261380,4838,484620,44,10815
1375,12,0,21,4,52275060,4837,484620,44,10827
1376,8,1,25,0,52289400,4837,484920,44,10835
1377,10,0,22,3,52356660,4837,491100,45,10845
1378,6,0,21,4,52394040,4837,492120,45,10851
1379,9,0,24,1,52428000,4838,492120,45,10860
1380,7,0,21,4,52476600,4838,492120,45,10867
1381,10,0,25,0,52506540,4838,492120,45,10877
1382,20,13,25,0,52545180,4838,498000,45,10897
1383,17,23,25,0,52590540,4839,503400,46,10914
1384,10,26,25,0,52636920,4841,516000,47,10924
1385,10,26,25,0,52698480,4842,563520,51,10934
1386,15,32,25,0,52757760,4843,580140,52,10949
1387,12,35,25,0,52810980,4844,622140,56,10961
1388,5,32,25,0,52853580,4844,642360,58,10966
1389,10,35,25,0,52895880,4845,705900,64,10976
1390,6,33,25,0,52951620,4847,736920,67,10982
1391,3,26,25,0,53015160,4848,883740,80,10985
1392,3,20,25,0,53055900,4848,1051320,95,10988
1393,10,15,25,0,53125020,4848,1232160,112,10998
1394,3,7,25,0,53165040,4846,1485600,135,11001
1395,4,0,16,9,53224320,4843,1653300,150,11005
1396,3,0,15,10,53240040,4843,1653300,150,11008
1397,6,0,19,6,53252700,4843,1653300,150,11014
1398,6,0,19,6,53273880,4842,1653300,150,11020
1399,4,0,17,8,53303400,4842,1653300,149,11024
1400,4,0,17,8,53326800,4843,1653300,149,11028
1401,8,0,20,5,53344320,4842,1653300,149,11036
1402,9,0,23,2,53371200,4842,1653300,149,11045
1403,8,0,20,5,53429400,4842,1653300,149,11053
1404,8,0,22,3,53457240,4842,1654860,149,11061
1405,8,0,24,1,53491740,4843,1654860,149,11069
1406,9,0,25,0,53530800,4843,1654860,149,11078
1407,13,5,25,0,53571840,4843,1656900,149,11091
1408,15,11,25,0,53625300,4844,1666440,150,11106
1409,11,13,25,0,53676780,4844,1681620,151,11117
1410,4,7,25,0,53731080,4845,1705860,153,11121
1411,12,11,25,0,53775180,4845,1730160,155,11133
1412,8,8,25,0,53826180,4845,1749840,157,11141
1413,5,0,22,3,53893140,4844,1828500,164,11146
1414,3,0,16,9,53935020,4844,1828500,164,11149
1415,6,0,18,7,53959140,4845,1828500,163,11155
1416,7,0,22,3,53974920,4845,1828500,163,11162
1417,9,0,24,1,54006780,4844,1828680,163,11171
1418,4,0,18,7,54060360,4845,1828740,163,11175
1419,9,0,18,7,54105480,4845,1828740,163,11184
1420,8,0,19,6,54129840,4844,1828740,163,11192
1421,8,0,22,3,54155460,4844,1828740,163,11200
1422,3,0,17,8,54198660,4845,1828740,163,11203
1423,7,0,16,9,54235140,4845,1828740,163,11210
1424,12,0,24,1,54246660,4844,1828740,162,11222
1425,9,0,24,1,54283620,4843,1832580,163,11231
1426,6,0,23,2,54321360,4844,1832760,163,11237
1427,16,5,25,0,54377100,4845,1833300,162,11253
1428,8,2,25,0,54439980,4846,1847700,164,11261
1429,12,6,25,0,54472320,4845,1850820,164,11273
1430,15,15,25,0,54512340,4846,1856820,164,11288
1431,10,15,25,0,54575340,4847,1876560,166,11298
1432,9,14,25,0,54639180,4849,1911780,169,11307
1433,11,17,25,0,54676020,4848,1944360,171,11318
1434,6,16,25,0,54719460,4849,1976700,174,11324
1435,6,8,25,0,54800460,4850,2066220,182,11330
1436,5,0,21,4,54844980,4847,2170380,191,11335
1437,8,0,22,3,54874500,4847,2170380,191,11343
1438,3,0,20,5,54899820,4847,2170380,191,11346
1439,6,0,20,5,54933480,4847,2170380,191,11352
1440,5,0,17,8,54977580,4848,2170380,191,11357
1441,2,0,16,9,54992580,4848,2170380,191,11359
1442,3,0,15,10,55012260,4848,2170380,191,11362
1443,4,0,19,6,55012260,4848,2170380,190,11366
1444,5,0,16,9,55051560,4848,2170380,190,11371
1445,4,0,17,8,55063560,4847,2170380,190,11375
1446,7,0,19,6,55086360,4847,2170380,190,11382
1447,8,0,23,2,55105800,4847,2170380,190,11390
1448,12,1,25,0,55151160,4848,2172000,190,11402
1449,8,0,24,1,55197900,4847,2173620,190,11410
1450,15,2,25,0,55248060,4847,2174340,190,11425
1451,6,0,23,2,55297920,4847,2179500,190,11431
1452,11,0,21,4,55349400,4846,2179500,190,11442
1453,15,5,25,0,55372140,4845,2180100,190,11457
1454,11,10,25,0,55402620,4845,2184240,190,11468
1455,7,5,25,0,55474860,4847,2205780,192,11475
1456,13,7,25,0,55536600,4847,2216160,192,11488
1457,10,7,25,0,55581960,4847,2222400,193,11498
1458,12,10,25,0,55624500,4847,2243460,194,11510
1459,10,13,25,0,55665960,4848,2252220,195,11520
1460,13,14,25,0,55735020,4849,2274060,197,11533
1461,10,15,25,0,55785000,4849,2279940,197,11543
1462,8,14,25,0,55831440,4849,2304000,199,11551
1463,8,10,25,0,55880340,4849,2380800,205,11559
1464,5,1,25,0,55944480,4848,2546220,220,11564
1465,13,0,25,0,55979640,4845,2565240,221,11577
1466,4,0,21,4,56027760,4846,2565240,221,11581
1467,8,0,22,3,56065440,4847,2565240,221,11589
1468,8,0,21,4,56106180,4846,2565240,221,11597
1469,5,0,21,4,56138340,4847,2565240,221,11602
1470,7,0,21,4,56171640,4847,2565240,220,11609
1471,9,0,22,3,56211240,4847,2565240,220,11618
1472,6,0,21,4,56248620,4847,2565240,220,11624
1473,7,0,21,4,56289360,4848,2565240,220,11631
1474,9,0,19,6,56335320,4847,2565240,220,11640
1475,8,0,21,4,56353800,4846,2565240,220,11648
1476,11,0,24,1,56388240,4846,2565240,220,11659
1477,10,0,23,2,56431740,4845,2566260,219,11669
1478,12,0,24,1,56482740,4845,2566260,219,11681
1479,22,12,25,0,56518560,4844,2570040,219,11703
1480,7,9,25,0,56570820,4845,2587320,220,11710
1481,13,11,25,0,56628840,4845,2603520,222,11723
1482,8,11,25,0,56665860,4845,2623140,223,11731
1483,9,6,25,0,56728860,4844,2667000,227,11740
1484,3,0,18,7,56778900,4842,2737200,233,11743
1485,8,0,20,5,56809740,4842,2737200,232,11751
1486,7,0,22,3,56831160,4842,2737200,232,11758
1487,8,0,24,1,56862780,4842,2737200,232,11766
1488,9,0,24,1,56914440,4843,2740140,232,11775
1489,2,0,18,7,56959140,4843,2740140,232,11777
1490,5,0,18,7,56991180,4844,2740140,232,11782
1491,5,0,20,5,57003360,4844,2740140,232,11787
1492,6,0,21,4,57037980,4845,2740140,232,11793
1493,11,2,25,0,57071880,4846,2740140,232,11804
1494,4,0,19,6,57133200,4846,2741940,232,11808
1495,10,0,22,3,57162600,4845,2741940,232,11818
1496,8,0,22,3,57197220,4845,2741940,231,11826
1497,10,0,22,3,57230640,4844,2741940,231,11836
1498,10,0,21,4,57284400,4844,2741940,231,11846
1499,5,0,20,5,57310080,4844,2741940,231,11851
1500,10,0,23,2,57344460,4844,2741940,231,11861
1501,3,0,19,6,57378240,4844,2741940,231,11864
1502,8,0,20,5,57411720,4844,2741940,230,11872
1503,12,0,25,0,57440220,4843,2742300,230,11884
1504,6,0,25,0,57473460,4843,2743620,230,11890
1505,7,0,23,2,57526260,4844,2743620,230,11897
1506,6,0,19,6,57581520,4845,2743620,230,11903
1507,7,0,21,4,57611880,4845,2743620,230,11910
1508,8,0,25,0,57630180,4845,2743620,230,11918
1509,7,0,20,5,57698280,4846,2743620,230,11925
1510,4,0,19,6,57723240,4846,2743620,229,11929
1511,4,0,17,8,57751920,4846,2743620,229,11933
1512,4,0,14,11,57781080,4846,2743620,229,11937
1513,7,0,18,7,57791700,4845,2743620,229,11944
1514,5,0,20,5,57805500,4845,2743620,229,11949
1515,7,0,19,6,57834480,4844,2743620,229,11956
1516,10,0,22,3,57866160,4844,2743620,229,11966
1517,7,0,23,2,57894060,4844,2743620,229,11973
1518,9,0,24,1,57944160,4845,2745420,229,11982
1519,8,1,25,0,57970200,4845,2745660,229,11990
1520,11,1,25,0,58031520,4846,2750940,229,12001
1521,12,1,25,0,58092780,4846,2755140,229,12013
1522,6,0,23,2,58133940,4846,2759040,229,12019
1523,8,0,21,4,58180200,4845,2759460,229,12027
1524,4,0,18,7,58217700,4846,2759460,229,12031
1525,7,0,19,6,58249860,4846,2759460,229,12038
1526,16,2,25,0,58285320,4846,2763120,229,12054
1527,14,7,25,0,58318020,4845,2767200,229,12068
1528,8,5,25,0,58371180,4845,2785800,230,12076
1529,5,0,19,6,58439880,4844,2816100,233,12081
1530,12,0,24,1,58471860,4844,2816100,232,12093
1531,13,3,25,0,58507440,4844,2821920,233,12106
1532,6,0,23,2,58559160,4844,2832780,233,12112
1533,8,0,20,5,58606860,4843,2832780,233,12120
1534,6,0,21,4,58638120,4844,2832780,233,12126
1535,7,0,20,5,58685460,4844,2832780,233,12133
1536,6,0,20,5,58715160,4844,2832780,233,12139
1537,3,0,15,10,58753740,4844,2832780,233,12142
1538,7,0,20,5,58768440,4845,2832780,233,12149
1539,6,0,20,5,58804800,4845,2832780,233,12155
1540,5,0,19,6,58833480,4845,2832780,232,12160
1541,3,0,18,7,58855620,4846,2832780,232,12163
1542,10,0,21,4,58892940,4846,2832780,232,12173
1543,10,0,24,1,58916700,4845,2833800,232,12183
1544,10,0,23,2,58971300,4845,2833800,232,12193
1545,7,0,20,5,59013300,4845,2833800,232,12200
1546,4,0,17,8,59047140,4845,2833800,232,12204
1547,12,0,23,2,59067840,4844,2833800,231,12216
1548,7,0,24,1,59095740,4844,2833800,231,12223
1549,19,9,25,0,59140020,4844,2837640,231,12242
1550,9,9,25,0,59196000,4845,2846760,232,12251
1551,10,11,25,0,59239020,4845,2863680,233,12261
1552,8,10,25,0,59295420,4846,2892060,235,12269
1553,6,5,25,0,59352060,4847,2939700,239,12275
1554,9,0,24,1,59406780,4845,2992200,243,12284
1555,15,7,25,0,59434800,4845,2993700,243,12299
1556,8,7,25,0,59488440,4846,3004860,244,12307
1557,2,3,25,0,59533560,4847,3034020,246,12309
1558,9,1,25,0,59594640,4848,3055980,248,12318
1559,8,0,23,2,59650680,4848,3057060,248,12326
1560,4,0,18,7,59694180,4848,3057060,247,12330
1561,3,0,18,7,59711100,4848,3057060,247,12333
1562,3,0,16,9,59738280,4848,3057060,247,12336
1563,6,0,18,7,59758140,4848,3057060,247,12342
1564,8,0,21,4,59785980,4849,3057060,247,12350
1565,4,0,15,10,59829000,4848,3057060,247,12354
1566,2,0,15,10,59836500,4848,3057060,247,12356
1567,12,0,22,3,59853900,4848,3057060,247,12368
1568,13,3,25,0,59890560,4848,3059040,247,12381
1569,8,2,25,0,59938260,4848,3070800,247,12389
1570,7,0,23,2,59984520,4848,3077460,248,12396
1571,8,0,22,3,60033660,4848,3077580,248,12404
1572,7,0,17,8,60095700,4848,3077580,247,12411
1573,13,2,25,0,60105060,4848,3077820,247,12424
1574,12,1,25,0,60167640,4848,3084300,248,12436
1575,5,0,23,2,60206040,4848,3085380,248,12441
1576,9,0,24,1,60248880,4848,3085380,247,12450
1577,7,0,23,2,60284580,4848,3085380,247,12457
1578,8,0,20,5,60345540,4848,3085380,247,12465
1579,7,0,21,4,60372240,4848,3085380,247,12472
1580,8,0,20,5,60420660,4849,3085380,247,12480
1581,11,0,24,1,60447780,4848,3085380,247,12491
1582,2,0,18,7,60483600,4848,3085380,246,12493
1583,5,0,17,8,60514200,4848,3085380,246,12498
1584,7,0,17,8,60538260,4847,3085380,246,12505
1585,7,0,20,5,60553380,4847,3085380,246,12512
1586,9,0,23,2,60580500,4847,3085380,246,12521
1587,5,0,19,6,60626580,4847,3085380,246,12526
1588,5,0,18,7,60658620,4847,3085380,246,12531
1589,5,0,16,9,60692580,4847,3085380,246,12536
1590,2,0,14,11,60711420,4847,3085380,246,12538
1591,9,0,21,4,60718860,4847,3085380,245,12547
1592,10,1,25,0,60738480,4847,3085860,245,12557
1593,7,0,21,4,60788880,4846,3086880,245,12564
1594,8,0,22,3,60825480,4846,3086880,245,12572
1595,5,0,20,5,60850920,4845,3086880,245,12577
1596,9,0,21,4,60897360,4846,3087420,245,12586
1597,8,0,21,4,60934740,4846,3087420,245,12594
1598,12,1,25,0,60965640,4846,3088560,245,12606
1599,11,4,25,0,61013280,4846,3097680,245,12617
1600,8,5,25,0,61049400,4847,3111360,246,12625
1601,7,0,25,0,61110840,4847,3127200,247,12632
1602,7,0,17,8,61176780,4846,3127620,247,12639
1603,7,0,19,6,61197480,4846,3127620,247,12646
1604,8,0,20,5,61234380,4846,3127620,247,12654
1605,9,0,24,1,61256580,4846,3128460,247,12663
1606,8,0,22,3,61299960,4846,3128460,246,12671
1607,3,0,17,8,61343820,4846,3128460,246,12674
1608,5,0,18,7,61373580,4847,3128460,246,12679
1609,4,0,15,10,61402680,4847,3128460,246,12683
1610,4,0,17,8,61417020,4847,3128460,246,12687
1611,5,0,16,9,61444140,4847,3128460,246,12692
1612,3,0,16,9,61457040,4847,3128460,246,12695
1613,6,0,19,6,61471920,4847,3128460,246,12701
1614,10,0,20,5,61508340,4846,3128460,246,12711
1615,6,0,18,7,61541940,4846,3128460,246,12717
1616,8,0,22,3,61553460,4845,3128460,245,12725
1617,11,2,25,0,61580400,4845,3129600,245,12736
1618,15,10,25,0,61620360,4845,3134580,245,12751
1619,11,11,25,0,61681740,4846,3151680,247,12762
1620,7,7,25,0,61741140,4847,3187560,249,12769
1621,8,4,25,0,61791360,4847,3222780,252,12777
1622,16,2,25,0,61841580,4844,3249480,254,12793
1623,12,6,25,0,61873860,4843,3253620,254,12805
1624,12,8,25,0,61936440,4844,3261600,254,12817
1625,6,7,25,0,61974720,4845,3280800,255,12823
1626,15,10,25,0,62034840,4845,3292920,256,12838
1627,4,2,25,0,62088720,4845,3349740,260,12842
1628,12,0,22,3,62142120,4842,3363420,261,12854
1629,12,1,25,0,62178240,4842,3363840,261,12866
1630,8,1,25,0,62210400,4842,3366840,261,12874
1631,8,0,22,3,62274720,4842,3371220,261,12882
1632,3,0,16,9,62322240,4842,3371220,261,12885
1633,5,0,16,9,62344500,4842,3371220,261,12890
1634,6,0,18,7,62358240,4842,3371220,261,12896
1635,6,0,21,4,62373420,4842,3371220,261,12902
1636,6,0,20,5,62415120,4842,3371220,261,12908
1637,5,0,17,8,62454720,4842,3371220,261,12913
1638,9,0,19,6,62480640,4842,3371220,260,12922
1639,3,0,14,11,62513220,4841,3371220,260,12925
1640,5,0,16,9,62520780,4841,3371220,260,12930
1641,12,0,24,1,62532960,4840,3371220,260,12942
1642,10,0,24,1,62584980,4841,3372180,260,12952
1643,6,0,23,2,62620560,4841,3372180,260,12958
1644,15,3,25,0,62670480,4841,3377760,260,12973
1645,20,13,25,0,62720280,4841,3385440,260,12993
1646,13,19,25,0,62758800,4841,3392880,260,13006
1647,15,23,25,0,62825640,4842,3412380,262,13021
1648,8,22,25,0,62870160,4842,3429000,263,13029
1649,6,16,25,0,62934300,4843,3482400,267,13035
1650,3,12,25,0,62966880,4843,3553980,272,13038
1651,6,5,25,0,63029280,4843,3726240,285,13044
1652,6,0,17,8,63082800,4840,3771960,289,13050
1653,5,0,17,8,63101760,4839,3771960,288,13055
1654,4,0,17,8,63120540,4839,3771960,288,13059
1655,3,0,14,11,63144600,4839,3771960,288,13062
1656,7,0,17,8,63156660,4838,3771960,288,13069
1657,6,0,21,4,63162420,4838,3771960,288,13075
1658,2,0,16,9,63211560,4839,3771960,288,13077
1659,6,0,18,7,63228420,4839,3771960,288,13083
1660,3,0,19,6,63241020,4839,3771960,288,13086
1661,4,0,17,8,63276540,4840,3771960,288,13090
1662,4,0,17,8,63288420,4839,3771960,288,13094
1663,8,0,20,5,63316500,4839,3771960,287,13102
1664,10,0,21,4,63351960,4839,3771960,287,13112
1665,12,3,25,0,63366300,4838,3774600,287,13124
1666,4,0,19,6,63427980,4838,3779640,287,13128
1667,10,0,24,1,63459840,4839,3779640,287,13138
1668,13,6,25,0,63488460,4839,3783900,287,13151
1669,10,6,25,0,63548040,4839,3794700,288,13161
1670,8,5,25,0,63603360,4840,3818220,289,13169
1671,5,0,20,5,63651480,4838,3843600,291,13174
1672,5,0,18,7,63683520,4838,3843600,291,13179
1673,10,0,24,1,63706860,4839,3843600,291,13189
1674,18,8,25,0,63737640,4838,3847560,291,13207
1675,11,13,25,0,63772620,4838,3854820,291,13218
1676,8,9,25,0,63846600,4839,3883080,293,13226
1677,9,8,25,0,63895920,4839,3903180,294,13235
1678,4,0,21,4,63944040,4837,3985500,301,13239
1679,7,0,19,6,63994920,4838,3985500,300,13246
1680,1,0,14,11,64023780,4838,3985500,300,13247
1681,3,0,15,10,64036740,4838,3985500,300,13250
1682,6,0,18,7,64049580,4838,3985500,300,13256
1683,6,0,20,5,64065720,4838,3985500,300,13262
1684,6,0,20,5,64101180,4838,3985500,300,13268
1685,10,0,22,3,64144620,4838,3985680,300,13278
1686,5,0,17,8,64186380,4838,3985680,300,13283
1687,4,0,17,8,64215060,4839,3985680,299,13287
1688,13,0,24,1,64241340,4838,3986040,299,13300
1689,7,0,24,1,64273920,4838,3986040,299,13307
1690,17,6,25,0,64325640,4839,3990480,299,13324
1691,9,6,25,0,64358520,4838,4000440,300,13333
1692,14,9,25,0,64419120,4838,4007100,300,13347
1693,15,15,25,0,64464360,4838,4014000,300,13362
1694,9,15,25,0,64523400,4840,4044180,302,13371
1695,11,15,25,0,64576920,4840,4056540,303,13382
1696,7,12,25,0,64624380,4840,4086900,305,13389
1697,12,10,25,0,64676520,4838,4135680,308,13401
1698,14,17,25,0,64716840,4839,4139640,308,13415
1699,11,17,25,0,64780740,4840,4155360,309,13426
1700,9,19,25,0,64813440,4840,4162260,309,13435
1701,7,16,25,0,64875720,4841,4189860,311,13442
1702,7,14,25,0,64920720,4841,4213380,313,13449
1703,3,0,21,4,64986600,4838,4581120,340,13452
1704,6,0,19,6,65019240,4838,4581120,340,13458
1705,3,0,17,8,65040480,4837,4581120,340,13461
1706,7,0,20,5,65055360,4837,4581120,340,13468
1707,3,0,16,9,65089140,4837,4581120,340,13471
1708,11,0,22,3,65120100,4838,4581120,339,13482
1709,5,0,22,3,65132340,4837,4581120,339,13487
1710,14,2,25,0,65179860,4837,4581600,339,13501
1711,6,0,23,2,65220060,4836,4587900,339,13507
1712,5,0,18,7,65274060,4837,4587900,339,13512
1713,14,2,25,0,65288760,4836,4587900,339,13526
1714,11,2,25,0,65339940,4836,4592100,339,13537
1715,8,1,25,0,65391660,4837,4597020,339,13545
1716,12,0,25,0,65446680,4836,4597560,339,13557
1717,5,0,24,1,65474640,4836,4597560,339,13562
1718,9,0,21,4,65541840,4837,4600680,339,13571
1719,15,2,25,0,65578320,4836,4600680,338,13586
1720,10,5,25,0,65617080,4836,4608300,338,13596
1721,6,1,25,0,65670900,4837,4625460,340,13602
1722,7,0,20,5,65726520,4836,4628520,340,13609
1723,6,0,20,5,65750700,4836,4628520,339,13615
1724,7,0,19,6,65793180,4836,4628520,339,13622
1725,4,0,19,6,65816820,4836,4628520,339,13626
1726,7,0,22,3,65841360,4837,4628520,339,13633
1727,4,0,19,6,65884140,4838,4628520,339,13637
1728,3,0,16,9,65915640,4838,4628520,339,13640
1729,2,0,13,12,65944200,4838,4628520,339,13642
1730,6,0,19,6,65944200,4838,4628520,339,13648
1731,5,0,19,6,65969280,4838,4628520,339,13653
1732,1,0,14,11,65997360,4838,4628520,338,13654
1733,6,0,17,8,66013440,4838,4628520,338,13660
1734,7,0,20,5,66025800,4838,4628520,338,13667
1735,7,0,22,3,66056280,4838,4628520,338,13674
1736,12,0,24,1,66101580,4838,4629960,338,13686
1737,11,1,25,0,66143820,4838,4630620,338,13697
1738,7,0,22,3,66189660,4837,4630740,337,13704
1739,10,0,24,1,66230520,4837,4630740,337,13714
1740,13,5,25,0,66261480,4837,4634340,337,13727
1741,11,4,25,0,66320220,4837,4648620,338,13738
1742,15,7,25,0,66361620,4836,4661700,339,13753
1743,13,11,25,0,66410400,4836,4668900,339,13766
1744,12,14,25,0,66459780,4837,4673880,339,13778
1745,5,10,25,0,66516600,4838,4698900,340,13783
1746,3,0,25,0,66571800,4837,4810020,348,13786
1747,2,0,14,11,66621120,4836,4810020,348,13788
1748,9,0,22,3,66627060,4836,4810020,348,13797
1749,4,0,20,5,66654240,4836,4810020,348,13801
1750,6,0,20,5,66690900,4837,4810020,348,13807
1751,6,0,18,7,66726120,4836,4810020,348,13813
1752,3,0,17,8,66745020,4836,4810020,348,13816
1753,5,0,16,9,66773700,4836,4810020,348,13821
1754,6,0,18,7,66793260,4836,4810020,347,13827
1755,7,0,22,3,66810360,4837,4810020,347,13834
1756,6,0,17,8,66861720,4836,4810020,347,13840
1757,6,0,17,8,66880140,4836,4810020,347,13846
1758,7,0,20,5,66900480,4836,4810020,347,13853
1759,5,0,19,6,66927840,4836,4810020,347,13858
1760,14,1,25,0,66964740,4836,4810980,346,13872
1761,7,0,25,0,66999060,4836,4816860,347,13879
1762,7,0,23,2,67041300,4835,4819020,347,13886
1763,6,0,19,6,67099020,4836,4819020,346,13892
1764,15,1,25,0,67132080,4836,4822020,346,13907
1765,12,5,25,0,67168680,4836,4826100,346,13919
1766,8,4,25,0,67214520,4836,4839720,347,13927
1767,9,2,25,0,67265700,4836,4853700,348,13936
1768,13,4,25,0,67323000,4836,4863360,348,13949
1769,7,0,25,0,67368180,4835,4879080,349,13956
1770,8,0,22,3,67415400,4835,4879140,349,13964
1771,8,0,20,5,67461420,4835,4879140,349,13972
1772,4,0,18,7,67493880,4835,4879140,349,13976
1773,4,0,17,8,67526700,4836,4879140,349,13980
1774,6,0,18,7,67551000,4836,4879140,348,13986
1775,12,0,25,0,67563120,4835,4879140,348,13998
1776,9,0,24,1,67620180,4835,4879500,348,14007
1777,6,0,20,5,67672020,4836,4881000,348,14013
1778,6,0,17,8,67718340,4836,4881000,348,14019
1779,5,0,20,5,67728180,4836,4881000,348,14024
1780,6,0,17,8,67768980,4836,4881000,347,14030
1781,5,0,18,7,67795500,4836,4881000,347,14035
1782,4,0,15,10,67825440,4836,4881000,347,14039
1783,11,0,23,2,67840560,4836,4881000,347,14050
1784,8,0,23,2,67869540,4835,4881000,347,14058
1785,12,0,23,2,67927380,4835,4881960,346,14070
1786,8,0,23,2,67959720,4835,4881960,346,14078
1787,7,0,19,6,68017620,4835,4881960,346,14085
1788,16,3,25,0,68043000,4835,4883640,346,14101
1789,12,6,25,0,68088600,4835,4894140,346,14113
1790,8,4,25,0,68140080,4835,4916040,348,14121
1791,4,0,20,5,68189460,4834,4930980,349,14125
1792,12,0,24,1,68228700,4834,4931940,348,14137
1793,10,0,19,6,68285400,4833,4931940,348,14147
1794,15,1,25,0,68313600,4832,4932000,348,14162
1795,0,0,18,7,68347320,4832,4932360,348,14162
1796,3,0,15,10,68387280,4833,4932360,348,14165
1797,9,0,22,3,68395320,4832,4932360,347,14174
1798,0,0,15,10,68432460,4833,4932360,347,14174
1799,4,0,16,9,68456700,4833,4932360,347,14178
1800,7,0,19,6,68473560,4833,4932360,347,14185
1801,5,0,17,8,68513940,4834,4932360,347,14190
1802,4,0,14,11,68537580,4833,4932360,347,14194
1803,8,0,20,5,68547480,4833,4932360,347,14202
1804,6,0,19,6,68579580,4833,4932360,347,14208
1805,8,0,23,2,68605260,4833,4932360,346,14216
1806,6,0,18,7,68651520,4833,4932360,346,14222
1807,7,0,20,5,68672580,4833,4932360,346,14229
1808,7,0,23,2,68692140,4833,4932360,346,14236
1809,12,0,24,1,68736420,4832,4932360,346,14248
1810,11,5,25,0,68764800,4832,4933260,345,14259
1811,14,9,25,0,68833680,4834,4937640,345,14273
1812,5,5,25,0,68884260,4834,4972560,348,14278
1813,16,14,25,0,68924280,4835,4979580,348,14294
1814,9,16,25,0,68968920,4835,4986600,348,14303
1815,10,16,25,0,69032100,4836,5008860,349,14313
1816,6,14,25,0,69069780,4836,5048160,352,14319
1817,12,13,25,0,69137100,4837,5101740,356,14331
1818,6,9,25,0,69181620,4836,5149440,359,14337
1819,10,2,25,0,69238920,4835,5278140,367,14347
1820,11,1,25,0,69286560,4834,5283480,367,14358
1821,7,0,21,4,69343860,4834,5284980,367,14365
1822,5,0,15,10,69386040,4833,5284980,367,14370
1823,5,0,19,6,69388680,4833,5284980,367,14375
1824,3,0,15,10,69429120,4833,5284980,367,14378
1825,5,0,17,8,69446220,4834,5284980,367,14383
1826,4,0,15,10,69467520,4833,5284980,367,14387
1827,5,0,16,9,69481980,4833,5284980,367,14392
1828,4,0,16,9,69498960,4833,5284980,367,14396
1829,7,0,18,7,69522540,4832,5284980,366,14403
1830,5,0,19,6,69544080,4833,5284980,366,14408
1831,9,0,24,1,69568560,4833,5284980,366,14417
1832,4,0,16,9,69623460,4833,5284980,366,14421
1833,13,0,24,1,69642120,4832,5285760,366,14434
1834,12,3,25,0,69679860,4832,5286240,365,14446
1835,11,4,25,0,69726540,4832,5291340,366,14457
1836,18,11,25,0,69777000,4832,5301600,366,14475
1837,8,10,25,0,69829620,4833,5314140,366,14483
1838,9,12,25,0,69868680,4833,5325840,367,14492
1839,11,9,25,0,69948660,4834,5372700,370,14503
1840,19,19,25,0,69989460,4834,5381580,370,14522
1841,10,20,25,0,70037940,4834,5396280,371,14532
1842,5,17,25,0,70080120,4834,5432940,373,14537
1843,4,12,25,0,70128120,4835,5510460,379,14541
1844,2,0,19,6,70198860,4833,5696580,391,14543
1845,6,0,18,7,70228980,4833,5696580,391,14549
1846,4,0,19,6,70240980,4832,5696580,391,14553
1847,4,0,17,8,70272780,4833,5696580,391,14557
1848,8,0,20,5,70293960,4832,5696580,391,14565
1849,7,0,20,5,70335300,4833,5696580,390,14572
1850,3,0,16,9,70363800,4833,5696580,390,14575
1851,5,0,20,5,70368900,4833,5696580,390,14580
1852,9,0,21,4,70411920,4833,5696580,390,14589
1853,8,0,22,3,70438620,4832,5696580,390,14597
1854,9,0,23,2,70472520,4832,5696580,390,14606
1855,17,7,25,0,70512360,4832,5700120,389,14623
1856,8,10,25,0,70536480,4832,5706420,390,14631
1857,7,4,25,0,70618260,4833,5747940,392,14638
1858,9,0,23,2,70665840,4832,5766000,393,14647
1859,8,0,20,5,70714980,4831,5766000,393,14655
1860,7,0,20,5,70739700,4831,5766000,393,14662
1861,13,1,25,0,70781640,4831,5766000,392,14675
1862,11,4,25,0,70821780,4831,5771340,393,14686
1863,7,0,25,0,70871820,4831,5776860,393,14693
1864,12,5,25,0,70909320,4831,5779620,393,14705
1865,13,5,25,0,70979700,4832,5792100,393,14718
1866,6,0,24,1,71032260,4832,5817120,395,14724
1867,7,0,18,7,71083440,4831,5817420,394,14731
1868,8,0,20,5,71109660,4831,5817420,394,14739
1869,7,0,21,4,71130780,4830,5817420,394,14746
1870,4,0,16,9,71174280,4830,5817420,394,14750
1871,7,0,20,5,71192100,4830,5817420,394,14757
1872,4,0,19,6,71215500,4830,5817420,394,14761
1873,7,0,17,8,71261040,4830,5817420,393,14768
1874,3,0,14,11,71287200,4830,5817420,393,14771
1875,3,0,15,10,71297640,4830,5817420,393,14774
1876,5,0,16,9,71313120,4830,5817420,393,14779
1877,6,0,17,8,71335500,4830,5817420,393,14785
1878,5,0,19,6,71349960,4830,5817420,393,14790
1879,8,0,22,3,71372340,4830,5817420,393,14798
1880,9,1,25,0,71403480,4830,5817420,392,14807
1881,6,0,25,0,71433060,4830,5820540,392,14813
1882,10,1,25,0,71487240,4831,5820840,392,14823
1883,13,0,23,2,71560560,4830,5821200,392,14836
1884,12,1,25,0,71599800,4830,5825100,392,14848
1885,16,9,25,0,71638020,4830,5832240,392,14864
1886,16,18,25,0,71683080,4831,5840700,392,14880
1887,11,23,25,0,71720820,4831,5854440,393,14891
1888,12,25,25,0,71782920,4832,5871120,393,14903
1889,11,30,25,0,71828700,4834,5879640,394,14914
1890,10,30,25,0,71891220,4834,5892720,394,14924
1891,10,33,25,0,71937480,4835,5907600,395,14934
1892,4,26,25,0,71990280,4835,6014820,402,14938
1893,2,16,25,0,72051960,4836,6243420,417,14940
1894,7,9,25,0,72106260,4835,6421740,429,14947
1895,6,1,25,0,72148260,4833,6605400,441,14953
1896,2,0,16,9,72193620,4832,6635460,443,14955
1897,6,0,19,6,72213420,4832,6635460,443,14961
1898,9,0,25,0,72230040,4833,6635460,443,14970
1899,8,0,23,2,72281280,4833,6635460,443,14978
1900,6,0,22,3,72320760,4833,6635460,442,14984
1901,10,0,25,0,72361380,4834,6636540,442,14994
1902,1,0,16,9,72419940,4834,6636540,442,14995
1903,9,0,20,5,72444960,4834,6636540,442,15004
1904,11,0,23,2,72476640,4834,6636540,441,15015
1905,10,0,24,1,72512100,4833,6638940,441,15025
1906,10,0,24,1,72560040,4833,6639000,441,15035
1907,8,0,24,1,72602400,4834,6639000,441,15043
1908,8,0,22,3,72649920,4833,6639000,441,15051
1909,10,0,24,1,72690120,4834,6639660,440,15061
1910,11,1,25,0,72732480,4834,6642780,440,15072
1911,13,4,25,0,72787380,4834,6649020,440,15085
1912,6,2,25,0,72828000,4834,6655440,441,15091
1913,10,0,22,3,72889560,4833,6668460,441,15101
1914,4,0,19,6,72927720,4834,6668460,441,15105
1915,6,0,18,7,72958440,4833,6668460,441,15111
1916,2,0,14,11,72982020,4833,6668460,441,15113
1917,7,0,19,6,72995460,4833,6668460,441,15120
1918,6,0,22,3,73010520,4833,6668460,440,15126
1919,4,0,18,7,73049100,4833,6668460,440,15130
1920,5,0,18,7,73078140,4834,6668460,440,15135
1921,3,0,15,10,73111680,4834,6668460,440,15138
1922,7,0,20,5,73119720,4834,6668460,440,15145
1923,5,0,19,6,73143300,4834,6668460,440,15150
1924,4,0,18,7,73170720,4834,6668460,440,15154
1925,10,0,21,4,73208760,4834,6668460,439,15164
1926,7,0,19,6,73243620,4833,6668460,439,15171
1927,12,0,23,2,73274580,4833,6668460,439,15183
1928,12,2,25,0,73310580,4833,6672240,439,15195
1929,8,3,25,0,73349280,4833,6677280,439,15203
1930,9,0,20,5,73426680,4833,6679620,439,15212
1931,8,0,23,2,73448700,4833,6679620,438,15220
1932,9,1,25,0,73486800,4833,6679920,438,15229
1933,14,5,25,0,73542120,4834,6686100,438,15243
1934,11,6,25,0,73596240,4834,6697200,439,15254
1935,4,0,24,1,73636200,4833,6721140,440,15258
1936,7,0,20,5,73698300,4834,6721140,440,15265
1937,7,0,23,2,73720080,4834,6721140,440,15272
1938,16,7,25,0,73753380,4834,6723120,439,15288
1939,8,6,25,0,73806780,4835,6734160,440,15296
1940,7,2,25,0,73866720,4835,6764640,442,15303
1941,7,0,22,3,73922640,4835,6770340,442,15310
1942,8,0,21,4,73958340,4834,6770340,441,15318
1943,8,0,23,2,73991820,4835,6770340,441,15326
1944,6,0,21,4,74035500,4835,6770340,441,15332
1945,2,0,13,12,74086320,4835,6770340,441,15334
1946,4,0,15,10,74094180,4835,6770340,441,15338
1947,2,0,15,10,74104560,4835,6770340,441,15340
1948,5,0,15,10,74125800,4835,6770340,441,15345
1949,8,0,22,3,74130780,4835,6770340,440,15353
1950,6,0,22,3,74164500,4835,6770340,440,15359
1951,7,0,18,7,74206980,4834,6770340,440,15366
1952,9,0,21,4,74235660,4834,6770340,440,15375
1953,12,0,24,1,74271900,4834,6770340,440,15387
1954,7,0,23,2,74305500,4834,6770340,439,15394
1955,12,0,23,2,74362320,4834,6770340,439,15406
1956,11,0,25,0,74404620,4833,6771960,439,15417
1957,9,0,23,2,74452260,4833,6774660,439,15426
1958,15,2,25,0,74500620,4833,6779520,439,15441
1959,9,3,25,0,74542860,4833,6790860,439,15450
1960,10,3,25,0,74582700,4832,6810780,440,15460
1961,5,0,22,3,74644620,4833,6815280,440,15465
1962,7,0,23,2,74682900,4834,6815280,440,15472
1963,8,0,21,4,74733660,4834,6815280,440,15480
1964,8,0,21,4,74770560,4834,6815280,440,15488
1965,6,0,20,5,74806920,4834,6815280,439,15494
1966,8,0,19,6,74844300,4833,6815280,439,15502
1967,3,0,17,8,74872560,4834,6815280,439,15505
1968,6,0,19,6,74894040,4834,6815280,439,15511
1969,4,0,17,8,74925060,4834,6815280,439,15515
1970,10,0,22,3,74952180,4834,6815280,438,15525
1971,3,0,19,6,74973300,4834,6815280,438,15528
1972,4,0,16,9,75012960,4834,6815280,438,15532
1973,9,0,20,5,75032760,4834,6815280,438,15541
1974,5,0,16,9,75084660,4834,6815280,438,15546
1975,8,0,21,4,75098220,4834,6815280,438,15554
1976,8,0,22,3,75127860,4834,6815280,437,15562
1977,2,0,18,7,75153900,4834,6815280,437,15564
1978,8,0,21,4,75180540,4834,6815280,437,15572
1979,18,9,25,0,75215220,4835,6816300,437,15590
1980,16,14,25,0,75272760,4835,6827880,437,15606
1981,12,19,25,0,75315060,4835,6838920,437,15618
1982,10,20,25,0,75369420,4836,6870780,439,15628
1983,5,16,25,0,75419460,4837,6908580,441,15633
1984,11,17,25,0,75477840,4837,6960900,444,15644
1985,7,18,25,0,75511680,4838,6966180,445,15651
1986,11,17,25,0,75580740,4838,7018440,448,15662
1987,15,22,25,0,75622260,4838,7041240,449,15677
1988,3,17,25,0,75661800,4838,7089060,452,15680
1989,4,7,25,0,75734040,4838,7253340,462,15684
1990,7,0,25,0,75782820,4837,7432200,473,15691
1991,6,0,21,4,75820380,4836,7432200,473,15697
1992,3,0,16,9,75862200,4836,7432200,473,15700
1993,0,0,14,11,75881880,4837,7432200,473,15700
1994,6,0,16,9,75908160,4837,7432200,473,15706
1995,5,0,19,6,75916380,4837,7432200,473,15711
1996,5,0,20,5,75935280,4837,7432200,472,15716
1997,7,0,22,3,75960120,4837,7432200,472,15723
1998,3,0,16,9,76004880,4837,7432200,472,15726
1999,15,0,25,0,76022160,4837,7432200,472,15741
2000,9,0,24,1,76061340,4836,7434180,472,15750
2001,12,0,24,1,76116540,4836,7434180,471,15762
2002,10,3,25,0,76144260,4836,7434180,471,15772
2003,10,5,25,0,76187580,4836,7439100,471,15782
2004,8,4,25,0,76238520,4837,7446600,471,15790
2005,8,0,24,1,76301340,4837,7459020,472,15798
2006,11,0,25,0,76352340,4837,7459020,471,15809
2007,10,0,24,1,76393200,4836,7459680,471,15819
2008,11,4,25,0,76426560,4836,7460460,471,15830
2009,13,8,25,0,76475220,4837,7468080,471,15843
2010,7,4,25,0,76540800,4837,7485000,472,15850
2011,11,7,25,0,76587240,4838,7497720,472,15861
2012,7,4,25,0,76636740,4838,7509060,473,15868
2013,7,0,20,5,76705140,4837,7540080,474,15875
2014,7,0,21,4,76729440,4837,7540080,474,15882
2015,2,0,11,14,76789980,4837,7540080,474,15884
2016,2,0,13,12,76789980,4837,7540080,474,15886
2017,5,0,17,8,76790580,4837,7540080,474,15891
2018,2,0,16,9,76800120,4837,7540080,474,15893
2019,7,0,19,6,76818060,4837,7540080,474,15900
2020,7,0,20,5,76851420,4837,7540080,474,15907
2021,4,0,17,8,76879080,4836,7540080,473,15911
2022,9,0,21,4,76899720,4836,7540080,473,15920
2023,5,0,22,3,76925400,4837,7540080,473,15925
2024,11,0,24,1,76970400,4837,7540080,473,15936
2025,10,0,25,0,77004900,4836,7540200,472,15946
2026,10,0,23,2,77053200,4836,7541880,472,15956
2027,11,0,25,0,77091960,4835,7541880,472,15967
2028,17,7,25,0,77133660,4835,7546200,472,15984
2029,10,9,25,0,77172780,4835,7554180,472,15994
2030,15,17,25,0,77213100,4835,7562400,472,16009
2031,12,20,25,0,77269020,4836,7570800,472,16021
2032,6,16,25,0,77323740,4836,7626060,475,16027
2033,3,6,25,0,77372460,4836,7731720,482,16030
2034,8,0,23,2,77426700,4834,7812300,487,16038
2035,8,0,22,3,77457000,4833,7812300,486,16046
2036,8,0,21,4,77493780,4833,7812300,486,16054
2037,5,0,21,4,77520540,4833,7812300,486,16059
2038,4,0,19,6,77552580,4833,7812300,486,16063
2039,7,0,22,3,77578980,4834,7812300,486,16070
2040,6,0,19,6,77620380,4834,7812300,485,16076
2041,3,0,18,7,77640180,4834,7812300,485,16079
2042,4,0,17,8,77664960,4834,7812300,485,16083
2043,5,0,21,4,77669940,4834,7812300,485,16088
2044,7,0,21,4,77701920,4834,7812300,485,16095
2045,3,0,18,7,77734740,4834,7812300,485,16098
2046,5,0,18,7,77761860,4834,7812300,485,16103
2047,11,0,25,0,77775120,4834,7812300,484,16114
2048,3,0,20,5,77811840,4833,7812300,484,16117
2049,15,0,22,3,77861220,4833,7812300,484,16132
2050,9,0,23,2,77889540,4832,7812300,484,16141
2051,12,1,25,0,77934900,4832,7813680,483,16153
2052,11,2,25,0,77972760,4831,7819500,483,16164
2053,14,7,25,0,78021540,4832,7827660,483,16178
2054,13,11,25,0,78069720,4832,7831920,483,16191
2055,13,16,25,0,78115020,4832,7839840,483,16204
2056,11,19,25,0,78161280,4833,7855200,484,16215
2057,6,17,25,0,78207240,4833,7892340,486,16221
2058,4,11,25,0,78261660,4834,7959720,490,16225
2059,9,8,25,0,78308460,4833,8044680,495,16234
2060,4,5,25,0,78338940,4833,8107440,499,16238
2061,6,0,20,5,78402300,4832,8144520,501,16244
2062,8,0,21,4,78440940,4832,8144520,501,16252
2063,5,0,23,2,78452460,4832,8144520,500,16257
2064,7,0,22,3,78493440,4832,8144520,500,16264
2065,13,4,25,0,78525060,4832,8146260,500,16277
2066,6,0,25,0,78577380,4833,8158260,501,16283
2067,2,0,16,9,78631680,4833,8158380,500,16285
2068,8,0,21,4,78646620,4833,8158380,500,16293
2069,8,0,22,3,78679260,4833,8158380,500,16301
2070,6,0,19,6,78707820,4832,8158380,500,16307
2071,5,0,20,5,78731340,4832,8158380,500,16312
2072,3,0,18,7,78760860,4832,8158380,500,16315
2073,6,0,21,4,78780660,4833,8158380,499,16321
2074,11,0,22,3,78821820,4832,8158380,499,16332
2075,4,0,22,3,78842100,4832,8158380,499,16336
2076,6,0,20,5,78887460,4833,8158380,499,16342
2077,12,0,23,2,78927180,4832,8158860,498,16354
2078,13,2,25,0,78963300,4832,8159040,498,16367
2079,5,0,23,2,79003380,4832,8164860,498,16372
2080,9,0,24,1,79042620,4832,8164860,498,16381
2081,4,0,18,7,79079700,4831,8164860,498,16385
2082,9,0,23,2,79099620,4831,8164860,498,16394
2083,10,1,25,0,79138740,4832,8166840,497,16404
2084,2,0,21,4,79176840,4832,8167200,497,16406
2085,3,0,18,7,79215480,4832,8167200,497,16409
2086,6,0,21,4,79234920,4833,8167200,497,16415
2087,4,0,18,7,79275300,4833,8167200,497,16419
2088,8,0,21,4,79292760,4833,8167200,497,16427
2089,6,0,22,3,79319460,4833,8167200,496,16433
2090,7,0,21,4,79356840,4833,8167200,496,16440
2091,11,0,23,2,79396080,4832,8167200,496,16451
2092,5,0,19,6,79432980,4832,8168040,496,16456
2093,4,0,17,8,79473840,4833,8168040,496,16460
2094,4,0,18,7,79491060,4833,8168040,496,16464
2095,10,0,20,5,79520160,4832,8168040,495,16474
2096,4,0,18,7,79535820,4832,8168040,495,16478
2097,11,0,23,2,79562760,4831,8168040,495,16489
2098,7,0,22,3,79589640,4831,8168040,495,16496
2099,6,0,20,5,79626660,4831,8168040,494,16502
2100,8,0,20,5,79662000,4830,8168040,494,16510
2101,8,0,22,3,79688580,4830,8168040,494,16518
2102,10,0,23,2,79727220,4830,8168040,494,16528
2103,9,0,24,1,79767120,4830,8168040,493,16537
2104,7,0,25,0,79799520,4830,8173260,494,16544
2105,11,3,25,0,79852320,4831,8177040,493,16555
2106,9,3,25,0,79903980,4832,8193420,494,16564
2107,5,0,21,4,79948380,4831,8207400,495,16569
2108,8,0,21,4,79985160,4831,8207400,495,16577
2109,9,0,21,4,80020260,4830,8207400,494,16586
2110,5,0,17,8,80059260,4830,8207400,494,16591
2111,7,0,19,6,80085180,4830,8207400,494,16598
2112,9,0,23,2,80097000,4829,8207400,494,16607
2113,3,0,20,5,80131860,4830,8207400,494,16610
2114,3,0,17,8,80170500,4830,8207400,494,16613
2115,9,0,19,6,80199240,4830,8207400,493,16622
2116,9,0,22,3,80221200,4829,8207400,493,16631
2117,12,3,25,0,80245380,4829,8208720,493,16643
2118,4,0,24,1,80294280,4830,8218860,493,16647
2119,8,0,23,2,80335920,4830,8218860,493,16655
2120,11,6,25,0,80354760,4830,8219640,493,16666
2121,11,6,25,0,80430360,4831,8229480,493,16677
2122,11,9,25,0,80470260,4831,8237460,493,16688
2123,9,5,25,0,80533440,4831,8268960,495,16697
2124,10,8,25,0,80563380,4831,8273220,495,16707
2125,8,6,25,0,80615160,4831,8306280,496,16715
2126,7,0,23,2,80668200,4830,8359740,499,16722
2127,15,5,25,0,80704380,4830,8363940,499,16737
2128,13,9,25,0,80758200,4831,8368740,499,16750
2129,5,6,25,0,80808120,4831,8385540,500,16755
2130,9,5,25,0,80856000,4831,8408580,501,16764
2131,3,0,23,2,80899500,4831,8462640,504,16767
2132,8,0,20,5,80948940,4831,8462640,504,16775
2133,4,0,22,3,80961420,4831,8462640,504,16779
2134,7,0,21,4,81011580,4832,8462640,504,16786
2135,3,0,21,4,81030600,4832,8462640,504,16789
2136,6,0,20,5,81071520,4832,8462640,503,16795
2137,5,0,19,6,81105000,4833,8462640,503,16800
2138,4,0,19,6,81130500,4833,8462640,503,16804
2139,5,0,18,7,81160380,4833,8462640,503,16809
2140,8,0,22,3,81179580,4833,8462640,503,16817
2141,5,0,19,6,81216660,4833,8462640,503,16822
2142,10,0,24,1,81241860,4833,8464440,502,16832
2143,4,0,17,8,81288060,4833,8464440,502,16836
2144,9,0,20,5,81311220,4832,8464440,502,16845
2145,6,0,24,1,81316620,4832,8464440,502,16851
2146,7,0,20,5,81368100,4832,8464440,502,16858
2147,9,0,25,0,81391980,4832,8464680,501,16867
2148,8,0,22,3,81430980,4831,8464680,501,16875
2149,18,8,25,0,81476280,4832,8466000,501,16893
2150,10,10,25,0,81525960,4833,8476080,501,16903
2151,13,18,25,0,81559020,4833,8485560,501,16916
2152,10,19,25,0,81619440,4834,8502600,502,16926
2153,10,22,25,0,81653520,4834,8522700,503,16936
2154,12,26,25,0,81706320,4835,8548800,504,16948
2155,8,27,25,0,81747360,4835,8561580,505,16956
2156,8,24,25,0,81811500,4836,8608680,507,16964
2157,4,22,25,0,81844920,4836,8643180,509,16968
2158,11,21,25,0,81895260,4836,8759100,515,16979
2159,8,21,25,0,81937440,4836,8803680,518,16987
2160,4,13,25,0,81994860,4836,8963640,527,16991
2161,1,5,25,0,82033140,4836,9147360,538,16992
2162,3,0,14,11,82095120,4834,9307200,547,16995
2163,2,0,16,9,82095120,4834,9307200,547,16997
2164,7,0,21,4,82106520,4834,9307200,547,17004
2165,6,0,20,5,82141800,4834,9307200,547,17010
2166,6,0,22,3,82155900,4834,9307200,546,17016
2167,4,0,18,7,82203840,4834,9307200,546,17020
2168,11,0,22,3,82238460,4834,9307200,546,17031
2169,11,6,25,0,82244640,4834,9307560,546,17042
2170,14,9,25,0,82308660,4835,9323100,546,17056
2171,13,11,25,0,82359180,4835,9335460,546,17069
2172,11,16,25,0,82399200,4835,9344880,547,17080
2173,8,14,25,0,82453200,4836,9363240,547,17088
2174,10,18,25,0,82492500,4836,9382200,548,17098
2175,11,20,25,0,82547100,4837,9416700,550,17109
2176,12,26,25,0,82576860,4837,9440940,551,17121
2177,11,31,25,0,82620960,4838,9464520,552,17132
2178,6,27,25,0,82691340,4839,9487320,553,17138
2179,8,30,25,0,82716660,4839,9515460,555,17146
2180,7,26,25,0,82776300,4840,9555420,557,17153
2181,5,22,25,0,82823400,4840,9656040,562,17158
2182,8,16,25,0,82875900,4839,9847500,573,17166
2183,9,14,25,0,82916340,4838,9947100,579,17175
2184,3,7,25,0,82959420,4838,10050840,585,17178
2185,5,0,18,7,83023020,4836,10368720,603,17183
2186,4,0,19,6,83040360,4836,10368720,603,17187
2187,4,0,19,6,83063820,4837,10368720,603,17191
2188,3,0,19,6,83078940,4837,10368720,603,17194
2189,6,0,18,7,83109120,4836,10368720,602,17200
2190,6,0,20,5,83122980,4836,10368720,602,17206
2191,5,0,19,6,83148060,4836,10368720,602,17211
2192,6,0,19,6,83183280,4836,10368720,602,17217
2193,7,0,24,1,83195100,4836,10368720,601,17224
2194,4,0,22,3,83223120,4836,10368720,601,17228
2195,9,0,20,5,83288100,4837,10368720,601,17237
2196,13,0,25,0,83319000,4837,10371960,601,17250
2197,9,0,25,0,83365740,4837,10376700,601,17259
2198,6,0,22,3,83404380,4836,10376760,601,17265
2199,7,0,19,6,83446260,4836,10376760,600,17272
2200,14,2,25,0,83472420,4836,10377840,600,17286
2201,12,7,25,0,83508840,4836,10384680,600,17298
2202,5,2,25,0,83567160,4837,10410420,601,17303
2203,10,2,25,0,83605380,4836,10421340,601,17313
2204,9,0,23,2,83653920,4835,10431360,602,17322
2205,11,3,25,0,83689020,4836,10433580,601,17333
2206,11,3,25,0,83744760,4836,10444320,602,17344
2207,6,1,25,0,83783520,4836,10459200,602,17350
2208,5,0,20,5,83832480,4836,10459620,602,17355
2209,4,0,19,6,83864220,4836,10459620,602,17359
2210,6,0,17,8,83906400,4836,10459620,602,17365
2211,3,0,17,8,83922060,4836,10459620,602,17368
2212,5,0,19,6,83937840,4836,10459620,602,17373
2213,5,0,20,5,83958840,4836,10459620,601,17378
2214,8,0,22,3,83981160,4836,10460520,601,17386
2215,6,0,19,6,84022800,4836,10460520,601,17392
2216,8,0,21,4,84054660,4836,10460520,601,17400
2217,7,0,23,2,84081360,4836,10460520,600,17407
2218,7,0,19,6,84119040,4835,10460520,600,17414
2219,11,0,25,0,84142620,4835,10460820,600,17425
2220,16,8,25,0,84180960,4835,10465380,600,17441
2221,9,10,25,0,84220920,4836,10482060,600,17450
2222,7,10,25,0,84270960,4837,10489500,600,17457
2223,10,10,25,0,84318660,4837,10503600,601,17467
2224,8,10,25,0,84365340,4837,10524120,602,17475
2225,9,7,25,0,84425820,4837,10569840,604,17484
2226,8,5,25,0,84470340,4837,10595820,605,17492
2227,8,3,25,0,84508740,4836,10687560,610,17500
2228,7,3,25,0,84537660,4836,10693140,610,17507
2229,6,0,25,0,84591120,4837,10701960,611,17513
2230,10,0,24,1,84655500,4837,10705320,610,17523
2231,6,0,21,4,84698100,4837,10705320,610,17529
2232,4,0,19,6,84730620,4837,10705320,610,17533
2233,3,0,16,9,84763440,4838,10705320,610,17536
2234,7,0,19,6,84786720,4838,10705320,610,17543
2235,8,0,21,4,84807060,4837,10705320,609,17551
2236,4,0,19,6,84842160,4838,10705320,609,17555
2237,8,0,22,3,84868680,4838,10705320,609,17563
2238,7,0,20,5,84911400,4838,10705320,609,17570
2239,8,0,25,0,84922680,4838,10705440,609,17578
2240,4,0,18,7,84981900,4838,10705440,608,17582
2241,8,0,21,4,85004940,4838,10705440,608,17590
2242,8,0,23,2,85036740,4838,10705440,608,17598
2243,10,3,25,0,85056180,4838,10705800,608,17608
2244,15,11,25,0,85101840,4838,10711560,607,17623
2245,14,18,25,0,85155600,4840,10722360,608,17637
2246,7,17,25,0,85204080,4840,10746120,609,17644
2247,13,23,25,0,85252860,4841,10752600,609,17657
2248,10,24,25,0,85302420,4841,10764840,609,17667
2249,11,23,25,0,85363080,4841,10820400,612,17678
2250,5,26,25,0,85371540,4841,10850400,613,17683
2251,8,23,25,0,85443360,4842,10862580,614,17691
2252,9,22,25,0,85489860,4842,10942800,618,17700
2253,7,21,25,0,85526640,4842,11044080,623,17707
2254,7,18,25,0,85580280,4842,11056140,624,17714
2255,5,13,25,0,85624980,4842,11247060,634,17719
2256,4,3,25,0,85687560,4842,11525520,650,17723
2257,6,0,20,5,85717740,4840,11592600,653,17729
2258,7,0,23,2,85738380,4840,11592600,653,17736
2259,7,0,21,4,85780740,4840,11592600,653,17743
2260,7,0,23,2,85811880,4840,11592600,653,17750
2261,4,0,19,6,85846380,4840,11592600,652,17754
2262,7,0,21,4,85870560,4840,11592600,652,17761
2263,6,0,18,7,85909500,4840,11592600,652,17767
2264,10,0,23,2,85931400,4840,11592600,652,17777
2265,9,0,24,1,85963080,4839,11592600,651,17786
2266,11,1,25,0,86001660,4839,11593800,651,17797
2267,14,7,25,0,86041560,4839,11596560,651,17811
2268,12,8,25,0,86096760,4839,11608860,651,17823
2269,13,13,25,0,86141520,4839,11618640,651,17836
2270,12,19,25,0,86183700,4840,11624460,651,17848
2271,11,20,25,0,86238180,4841,11649420,652,17859
2272,13,25,25,0,86286360,4841,11658720,652,17872
2273,6,26,24,1,86321340,4841,11666100,652,17878
2274,15,36,22,3,86364060,4842,11673120,652,17893
2275,12,36,25,0,86411280,4843,11702400,653,17905
2276,5,33,25,0,86463180,4843,11756760,656,17910
2277,5,30,25,0,86508660,4844,11887980,663,17915
2278,9,30,25,0,86554980,4844,11928780,665,17924
2279,2,26,25,0,86592120,4844,12021300,670,17926
2280,4,21,25,0,86650980,4845,12189900,679,17930
2281,8,19,25,0,86691420,4845,12329040,687,17938
2282,2,10,25,0,86742960,4845,12573060,700,17940
2283,8,5,25,0,86780700,4843,12783660,712,17948
2284,6,0,19,6,86839980,4842,12919680,719,17954
2285,7,0,21,4,86865240,4842,12919680,719,17961
2286,10,0,24,1,86893740,4842,12919680,718,17971
2287,8,0,24,1,86922660,4841,12919680,718,17979
2288,11,2,25,0,86966520,4841,12926580,718,17990
2289,6,2,25,0,86996160,4841,12931500,718,17996
2290,8,0,24,1,87064680,4842,12936360,718,18004
2291,12,6,25,0,87087000,4842,12940320,718,18016
2292,16,14,25,0,87143820,4843,12944880,718,18032
2293,7,12,25,0,87199680,4844,12971820,719,18039
2294,16,21,25,0,87238200,4844,12980400,719,18055
2295,14,26,25,0,87286440,4844,12996600,719,18069
2296,13,32,25,0,87327360,4845,13013460,719,18082
2297,9,31,25,0,87390660,4846,13037640,720,18091
2298,6,30,25,0,87431040,4846,13063860,722,18097
2299,10,32,25,0,87477840,4846,13075860,722,18107
2300,5,30,25,0,87512220,4846,13141740,725,18112
2301,15,32,25,0,87573000,4846,13188660,727,18127
2302,9,34,25,0,87605700,4846,13206660,728,18136
2303,1,25,25,0,87660000,4847,13349820,736,18137
2304,8,20,25,0,87716160,4846,13667220,753,18145
2305,5,15,25,0,87752160,4846,13877880,764,18150
2306,5,4,25,0,87816900,4845,14158980,779,18155
2307,14,3,25,0,87849600,4843,14244240,784,18169
2308,4,1,25,0,87881220,4843,14250900,784,18173
2309,4,0,18,7,87945540,4843,14251080,784,18177
2310,6,0,20,5,87964980,4843,14251080,783,18183
2311,13,2,25,0,87986640,4843,14252460,783,18196
2312,11,0,25,0,88044540,4842,14257740,783,18207
2313,6,0,24,1,88075260,4842,14258160,782,18213
2314,11,0,25,0,88128660,4843,14261280,782,18224
2315,9,0,25,0,88179960,4843,14265480,782,18233
2316,12,5,25,0,88221240,4843,14268300,782,18245
2317,14,11,25,0,88263180,4844,14278680,782,18259
2318,11,18,25,0,88294200,4844,14285580,782,18270
2319,12,21,25,0,88355940,4845,14303520,782,18282
2320,7,22,25,0,88391820,4846,14317140,782,18289
2321,9,21,25,0,88458660,4847,14336880,783,18298
2322,10,23,25,0,88499580,4847,14363520,784,18308
2323,8,25,25,0,88533240,4847,14376600,785,18316
2324,12,29,25,0,88578420,4847,14400120,785,18328
2325,9,28,25,0,88638300,4848,14456040,788,18337
2326,4,24,25,0,88680240,4848,14516640,791,18341
2327,5,20,25,0,88726500,4848,14557200,793,18346
2328,5,12,25,0,88785420,4848,14862660,809,18351
2329,6,0,24,1,88837380,4846,15183000,827,18357
2330,4,0,21,4,88864440,4845,15183000,827,18361
2331,4,0,18,7,88901220,4846,15183000,826,18365
2332,9,0,21,4,88938540,4846,15183000,826,18374
2333,3,0,19,6,88957380,4846,15183000,826,18377
2334,11,0,24,1,88985100,4846,15183000,825,18388
2335,10,0,23,2,89039400,4846,15183000,825,18398
2336,6,0,22,3,89061660,4845,15183000,825,18404
2337,10,0,23,2,89101500,4845,15183000,824,18414
2338,8,2,24,1,89128320,4845,15183600,824,18422
2339,8,7,21,4,89162160,4845,15188580,824,18430
2340,13,11,25,0,89204340,4846,15205620,824,18443
2341,12,15,25,0,89254440,4847,15222120,825,18455
2342,15,22,25,0,89296200,4847,15231240,824,18470
2343,11,25,25,0,89339880,4847,15243540,825,18481
2344,17,35,25,0,89385180,4848,15250080,824,18498
2345,5,33,25,0,89433660,4849,15268140,825,18503
2346,12,38,24,1,89474400,4849,15288720,825,18515
2347,7,37,25,0,89531520,4851,15322980,827,18522
2348,4,32,25,0,89587080,4851,15387180,830,18526
2349,5,30,25,0,89624940,4851,15473760,835,18531
2350,3,23,25,0,89676420,4852,15697200,847,18534
2351,6,18,25,0,89729160,4852,15827520,853,18540
2352,9,14,25,0,89783940,4851,16058040,865,18549
2353,11,15,25,0,89815920,4850,16137420,869,18560
2354,4,10,25,0,89867100,4851,16284840,877,18564
2355,6,4,25,0,89918580,4850,16380000,882,18570
2356,4,0,16,9,89967900,4848,16507080,888,18574
2357,8,0,20,5,89986320,4848,16507080,888,18582
2358,8,0,21,4,90017880,4848,16507080,888,18590
2359,6,0,22,3,90037800,4848,16507080,887,18596
2360,11,0,23,2,90088500,4848,16507080,887,18607
2361,10,1,25,0,90113400,4848,16507080,886,18617
2362,7,2,25,0,90146880,4848,16509960,886,18624
2363,14,6,25,0,90195720,4848,16519020,886,18638
2364,12,9,25,0,90237720,4848,16528800,886,18650
2365,12,14,25,0,90286080,4849,16534080,886,18662
2366,10,15,25,0,90344400,4849,16553400,886,18672
2367,11,20,25,0,90371940,4849,16557780,886,18683
2368,11,23,25,0,90424500,4850,16572360,886,18694
2369,10,26,25,0,90466440,4851,16579080,886,18704
2370,13,26,25,0,90536160,4851,16589340,886,18717
2371,9,30,25,0,90563400,4851,16596360,886,18726
2372,7,29,25,0,90617100,4852,16612920,887,18733
2373,7,26,25,0,90677880,4852,16737060,893,18740
2374,6,22,25,0,90719760,4852,16847280,898,18746
2375,6,14,25,0,90769080,4851,17068860,910,18752
2376,4,0,17,8,90824400,4847,17424360,929,18756
2377,1,0,15,10,90840480,4847,17424360,929,18757
2378,2,0,16,9,90847980,4848,17424360,929,18759
2379,6,0,18,7,90871560,4848,17424360,928,18765
2380,2,0,17,8,90887400,4848,17424360,928,18767
2381,5,0,18,7,90906120,4848,17424360,928,18772
2382,8,0,24,1,90921120,4848,17424360,928,18780
2383,5,0,20,5,90962640,4848,17424360,927,18785
2384,6,0,20,5,90990420,4848,17424360,927,18791
2385,9,0,24,1,91024740,4848,17424360,927,18800
2386,17,7,25,0,91068000,4848,17427300,926,18817
2387,10,10,25,0,91102800,4848,17437200,926,18827
2388,10,13,25,0,91145280,4849,17451360,926,18837
2389,11,14,25,0,91206540,4850,17477460,927,18848
2390,9,15,25,0,91245960,4850,17504760,928,18857
2391,7,15,25,0,91284900,4850,17514780,928,18864
2392,13,15,25,0,91359000,4851,17558640,930,18877
2393,8,15,25,0,91388640,4850,17592660,931,18885
2394,10,15,25,0,91438980,4850,17617980,932,18895
2395,9,13,25,0,91487100,4850,17659080,934,18904
2396,11,4,25,0,91542000,4848,17858640,944,18915
2397,4,0,23,2,91572660,4847,17928720,947,18919
2398,9,0,22,3,91621800,4847,17928720,947,18928
2399,6,0,21,4,91652280,4847,17928720,947,18934

