Hour,Arrivals,Waiting,Treating,Available Rooms,Total Treatment Time,Average Treatment Time,Total Wait Time,Average Wait Time,Total Arrivals
1,5,0,5,20,0,0,0,0,5
2,5,0,7,18,14640,4880,0,0,10
3,5,0,7,18,31860,3982,0,0,15
4,5,0,8,17,58260,4855,0,0,20
5,6,0,9,16,82680,4863,0,0,26
6,5,0,8,17,113040,4914,0,0,31
7,5,0,8,17,138300,4939,0,0,36
8,8,0,10,15,164880,4849,0,0,44
9,8,0,11,14,200040,4879,0,0,52
10,6,0,12,13,231600,5034,0,0,58
11,12,0,15,10,283260,5150,0,0,70
12,12,0,13,12,353160,5118,0,0,82
13,7,0,12,13,390420,5070,0,0,89
14,7,0,8,17,439800,4997,0,0,96
15,11,0,12,13,473700,4986,0,0,107
16,5,0,10,15,501060,4912,0,0,112
17,8,0,8,17,552780,4935,0,0,120
18,17,0,19,6,578340,4901,0,0,137
19,5,0,16,9,619020,4912,0,0,142
20,2,0,3,22,708780,5026,0,0,144
21,11,0,8,17,734220,4994,0,0,155
22,7,0,11,14,752640,4984,0,0,162
23,7,0,8,17,798180,4957,0,0,169
24,5,0,6,19,826860,4921,0,0,174
25,6,0,9,16,846720,4951,0,0,180
26,5,0,6,19,888720,4964,0,0,185
27,4,0,6,19,908040,4961,0,0,189
28,8,0,12,13,919560,4970,0,0,197
29,14,0,16,9,960720,4926,0,0,211
30,7,0,10,15,1017540,4892,0,0,218
31,6,0,9,16,1055820,4910,0,0,224
32,3,0,6,19,1084920,4909,0,0,227
33,10,0,11,14,1108680,4905,0,0,237
34,10,0,18,7,1122000,4899,0,0,247
35,10,0,13,12,1198560,4912,0,0,257
36,8,0,12,13,1239900,4900,0,0,265
37,9,0,13,12,1281720,4910,0,0,274
38,11,0,12,13,1333500,4884,0,0,285
39,10,0,14,11,1364580,4856,0,0,295
40,5,0,4,21,1429680,4830,0,0,300
41,11,0,13,12,1441260,4836,0,0,311
42,12,0,16,9,1486020,4840,0,0,323
43,11,0,14,11,1544400,4826,0,0,334
44,9,0,10,15,1603320,4814,0,0,343
45,5,0,6,19,1650060,4824,0,0,348
46,5,0,7,18,1669860,4826,0,0,353
47,6,0,9,16,1689240,4826,0,0,359
48,7,0,9,16,1720680,4819,0,0,366
49,5,0,8,17,1752300,4827,0,0,371
50,9,0,15,10,1768440,4845,0,0,380
51,7,0,10,15,1826460,4844,0,0,387
52,4,0,9,16,1858500,4865,0,0,391
53,8,0,11,14,1896480,4887,0,0,399
54,9,0,11,14,1926180,4851,0,0,408
55,16,0,13,12,1989660,4841,0,0,424
56,13,0,18,7,2016240,4812,0,0,437
57,9,0,17,8,2071740,4829,0,0,446
58,6,0,10,15,2141160,4844,0,0,452
59,10,0,12,13,2183580,4852,0,0,462
60,12,0,18,7,2210280,4847,0,0,474
61,14,0,23,2,2263020,4866,0,0,488
62,12,0,17,8,2361720,4889,0,0,500
63,13,0,19,6,2411400,4881,0,0,513
64,18,0,24,1,2485920,4903,60,0,531
65,10,0,17,8,2573820,4911,240,0,541
66,7,0,11,14,2655120,4944,240,0,548
67,5,0,8,17,2695080,4945,240,0,553
68,9,0,10,15,2726340,4939,240,0,562
69,5,0,8,17,2760780,4938,240,0,567
70,10,0,13,12,2783880,4935,240,0,577
71,7,0,8,17,2834100,4920,240,0,584
72,9,0,13,12,2853120,4919,240,0,593
73,4,0,9,16,2892000,4918,240,0,597
74,7,0,7,18,2937360,4920,240,0,604
75,6,0,9,16,2954580,4916,240,0,610
76,6,0,7,18,2988660,4907,240,0,616
77,8,0,10,15,3009960,4902,240,0,624
78,6,0,10,15,3040680,4904,240,0,630
79,9,0,11,14,3072060,4891,240,0,639
80,9,0,13,12,3111900,4900,240,0,648
81,17,0,20,5,3157200,4894,240,0,665
82,5,0,14,11,3202680,4882,240,0,670
83,10,0,12,13,3271500,4897,240,0,680
84,10,0,13,12,3325980,4912,240,0,690
85,10,0,12,13,3370260,4898,240,0,700
86,7,0,9,16,3416520,4894,240,0,707
87,14,0,17,8,3434820,4879,240,0,721
88,12,0,19,6,3487440,4884,240,0,733
89,10,0,16,9,3551400,4885,240,0,743
90,21,1,25,0,3598020,4875,240,0,764
91,3,0,12,13,3687360,4883,360,0,767
92,8,0,10,15,3751500,4903,360,0,775
93,7,0,10,15,3777720,4893,360,0,782
94,9,0,10,15,3816960,4887,360,0,791
95,2,0,3,22,3859140,4884,360,0,793
96,2,0,3,22,3870720,4887,360,0,795
97,2,0,4,21,3876300,4888,360,0,797
98,3,0,5,20,3884400,4886,360,0,800
99,8,0,8,17,3907320,4884,360,0,808
100,7,0,12,13,3920760,4882,360,0,815
101,8,0,8,17,3975720,4878,360,0,823
102,4,0,5,20,4003380,4870,360,0,827
103,6,0,7,18,4027020,4875,360,0,833
104,2,0,4,21,4047120,4870,360,0,835
105,7,0,5,20,4074060,4867,360,0,842
106,7,0,11,14,4079580,4868,360,0,849
107,8,0,13,12,4115880,4876,360,0,857
108,13,0,16,9,4162320,4873,360,0,870
109,8,0,12,13,4218780,4871,360,0,878
110,10,0,14,11,4256100,4869,360,0,888
111,12,0,16,9,4311840,4877,360,0,900
112,8,0,13,12,4370820,4883,360,0,908
113,7,0,12,13,4417500,4892,360,0,915
114,9,0,12,13,4476360,4908,360,0,924
115,7,0,11,14,4511820,4904,360,0,931
116,7,0,11,14,4544400,4902,360,0,938
117,6,0,8,17,4591800,4905,360,0,944
118,5,0,10,15,4614480,4914,360,0,949
119,11,0,16,9,4641360,4916,360,0,960
120,6,0,11,14,4700640,4922,360,0,966
121,1,0,6,19,4733460,4925,360,0,967
122,5,0,5,20,4757340,4919,360,0,972
123,3,0,3,22,4784460,4922,360,0,975
124,4,0,3,22,4798980,4916,360,0,979
125,10,0,10,15,4801860,4904,360,0,989
126,2,0,5,20,4841700,4910,360,0,991
127,6,0,8,17,4853400,4907,360,0,997
128,12,0,13,12,4884000,4903,360,0,1009
129,13,0,12,13,4937460,4888,360,0,1022
130,6,0,10,15,4967700,4879,360,0,1028
131,8,0,9,16,5013240,4881,360,0,1036
132,11,0,16,9,5033760,4882,360,0,1047
133,12,0,15,10,5087220,4872,360,0,1059
134,11,0,16,9,5141580,4878,360,0,1070
135,8,0,10,15,5200980,4869,360,0,1078
136,7,0,7,18,5254860,4874,360,0,1085
137,11,0,11,14,5282340,4868,360,0,1096
138,9,0,11,14,5316720,4859,360,0,1105
139,6,0,10,15,5346480,4856,360,0,1111
140,4,0,7,18,5386440,4861,360,0,1115
141,12,0,10,15,5428440,4859,360,0,1127
142,9,0,11,14,5458740,4852,360,0,1136
143,5,0,6,19,5507880,4852,360,0,1141
144,6,0,6,19,5538600,4854,360,0,1147
145,7,0,9,16,5550960,4848,360,0,1154
146,4,0,8,17,5582400,4854,360,0,1158
147,5,0,7,18,5616060,4858,360,0,1163
148,3,0,7,18,5631960,4859,360,0,1166
149,4,0,7,18,5657400,4864,360,0,1170
150,8,0,8,17,5682420,4856,360,0,1178
151,7,0,7,18,5711460,4848,360,0,1185
152,6,0,10,15,5728140,4850,360,0,1191
153,8,0,11,14,5755680,4844,360,0,1199
154,10,0,15,10,5793180,4851,360,0,1209
155,12,0,15,10,5851740,4852,360,0,1221
156,12,0,17,8,5901420,4853,360,0,1233
157,10,0,15,10,5961960,4855,360,0,1243
158,18,0,24,1,6003060,4852,360,0,1261
159,11,0,15,10,6099540,4852,480,0,1272
160,14,0,18,7,6150360,4850,480,0,1286
161,15,0,23,2,6199260,4850,480,0,1301
162,6,0,13,12,6278280,4851,480,0,1307
163,10,0,12,13,6349740,4865,480,0,1317
164,6,0,13,12,6374460,4866,480,0,1323
165,5,0,10,15,6412320,4865,480,0,1328
166,7,0,9,16,6465960,4876,480,0,1335
167,13,0,13,12,6503700,4871,480,0,1348
168,3,0,8,17,6541440,4870,480,0,1351
169,4,0,6,19,6578100,4876,480,0,1355
170,5,0,5,20,6605880,4875,480,0,1360
171,6,0,10,15,6613320,4877,480,0,1366
172,7,0,11,14,6642060,4876,480,0,1373
173,9,0,12,13,6685920,4880,480,0,1382
174,5,0,5,20,6732960,4871,480,0,1387
175,12,0,15,10,6741180,4870,480,0,1399
176,4,0,6,19,6804060,4870,480,0,1403
177,7,0,9,16,6826320,4872,480,0,1410
178,8,0,11,14,6851040,4869,480,0,1418
179,5,0,6,19,6898260,4868,480,0,1423
180,17,0,19,6,6912180,4864,480,0,1440
181,15,0,21,4,6960480,4853,480,0,1455
182,8,0,14,11,7038780,4857,480,0,1463
183,7,0,10,15,7094280,4859,480,0,1470
184,7,0,12,13,7122060,4861,480,0,1477
185,3,0,8,17,7168140,4869,480,0,1480
186,6,0,7,18,7205280,4871,480,0,1486
187,7,0,7,18,7226940,4863,480,0,1493
188,11,0,13,12,7257360,4867,480,0,1504
189,3,0,7,18,7298940,4865,480,0,1507
190,2,0,3,22,7335420,4870,480,0,1509
191,10,0,12,13,7340760,4871,480,0,1519
192,5,0,13,12,7359660,4870,480,0,1524
193,3,0,3,22,7429860,4875,480,0,1527
194,3,0,2,23,7442400,4870,480,0,1530
195,5,0,4,21,7455660,4869,480,0,1535
196,9,0,12,13,7458900,4868,480,0,1544
197,11,0,13,12,7505820,4867,480,0,1555
198,12,0,15,10,7552800,4866,480,0,1567
199,9,0,14,11,7594920,4862,480,0,1576
200,9,0,10,15,7657080,4861,480,0,1585
201,9,0,10,15,7700640,4861,480,0,1594
202,13,0,13,12,7734480,4852,480,0,1607
203,13,0,20,5,7765260,4853,480,0,1620
204,19,0,23,2,7843080,4853,480,0,1639
205,10,0,20,5,7902900,4851,480,0,1649
206,13,0,13,12,7998060,4850,480,0,1662
207,12,0,16,9,8035740,4846,480,0,1674
208,14,0,16,9,8097900,4843,480,0,1688
209,11,0,12,13,8157360,4835,480,0,1699
210,9,0,15,10,8184480,4834,480,0,1708
211,5,0,5,20,8251500,4831,480,0,1713
212,6,0,6,19,8277900,4832,480,0,1719
213,7,0,10,15,8286540,4828,480,0,1726
214,7,0,10,15,8325540,4832,480,0,1733
215,7,0,8,17,8374380,4835,480,0,1740
216,7,0,12,13,8390400,4835,480,0,1747
217,6,0,7,18,8436360,4831,480,0,1753
218,3,0,5,20,8461680,4832,480,0,1756
219,2,0,4,21,8479740,4834,480,0,1758
220,9,0,10,15,8492940,4833,480,0,1767
221,7,0,7,18,8534760,4830,480,0,1774
222,11,0,15,10,8546880,4828,480,0,1785
223,7,0,11,14,8599560,4828,480,0,1792
224,10,0,11,14,8635800,4821,480,0,1802
225,10,0,14,11,8678520,4826,480,0,1812
226,11,0,14,11,8728800,4825,480,0,1823
227,11,0,17,8,8761920,4822,480,0,1834
228,10,0,15,10,8814180,4819,480,0,1844
229,13,0,17,8,8871420,4821,480,0,1857
230,8,0,13,12,8929740,4821,480,0,1865
231,14,0,16,9,8985120,4822,480,0,1879
232,7,0,13,12,9030120,4821,480,0,1886
233,5,0,6,19,9092220,4823,480,0,1891
234,4,0,5,20,9115440,4822,480,0,1895
235,7,0,8,17,9133680,4822,480,0,1902
236,7,0,9,16,9160380,4821,480,0,1909
237,8,0,9,16,9189180,4816,480,0,1917
238,8,0,9,16,9223740,4814,480,0,1925
239,6,0,10,15,9248880,4814,480,0,1931
240,7,0,9,16,9287100,4814,480,0,1938
241,7,0,9,16,9323940,4816,480,0,1945
242,4,0,6,19,9353400,4813,480,0,1949
243,7,0,7,18,9385920,4815,480,0,1956
244,11,0,13,12,9408420,4814,480,0,1967
245,8,0,12,13,9450900,4814,480,0,1975
246,7,0,8,17,9502920,4814,480,0,1982
247,10,0,12,13,9530700,4813,480,0,1992
248,8,0,13,12,9566820,4814,480,0,2000
249,10,0,13,12,9616320,4815,480,0,2010
250,6,0,9,16,9666180,4816,480,0,2016
251,23,0,19,6,9724500,4814,480,0,2039
252,11,0,19,6,9768780,4809,480,0,2050
253,13,0,19,6,9831420,4809,480,0,2063
254,14,0,18,7,9905460,4810,480,0,2077
255,4,0,10,15,9962580,4810,480,0,2081
256,14,0,14,11,10012440,4811,480,0,2095
257,10,0,13,12,10064160,4810,480,0,2105
258,7,0,11,14,10105740,4809,480,0,2112
259,11,0,14,11,10150020,4812,480,0,2123
260,12,0,18,7,10185780,4811,480,0,2135
261,7,0,8,17,10268760,4811,480,0,2142
262,7,0,7,18,10306380,4811,480,0,2149
263,10,0,10,15,10327020,4805,480,0,2159
264,6,0,8,17,10363740,4804,480,0,2165
265,5,0,6,19,10392540,4802,480,0,2170
266,4,0,6,19,10410660,4801,480,0,2174
267,3,0,5,20,10423080,4798,480,0,2177
268,5,0,4,21,10457340,4801,480,0,2182
269,5,0,8,17,10460700,4800,480,0,2187
270,10,0,14,11,10480140,4800,480,0,2197
271,4,0,8,17,10524300,4799,480,0,2201
272,13,0,14,11,10565400,4802,480,0,2214
273,13,0,20,5,10599300,4802,480,0,2227
274,9,0,9,16,10685340,4798,480,0,2236
275,6,0,9,16,10716960,4799,480,0,2242
276,15,0,15,10,10744860,4792,480,0,2257
277,1,0,6,19,10789200,4790,480,0,2258
278,5,0,4,21,10829580,4793,480,0,2263
279,11,0,13,12,10835820,4792,480,0,2274
280,13,0,21,4,10858080,4791,480,0,2287
281,9,0,14,11,10934640,4791,480,0,2296
282,9,0,13,12,10984260,4792,480,0,2305
283,3,0,4,21,11049900,4795,480,0,2308
284,8,0,9,16,11066700,4797,480,0,2316
285,6,0,11,14,11085420,4796,480,0,2322
286,9,0,9,16,11137380,4796,480,0,2331
287,8,0,14,11,11146140,4794,480,0,2339
288,3,0,6,19,11202720,4795,480,0,2342
289,3,0,3,22,11232780,4796,480,0,2345
290,10,0,8,17,11245800,4791,480,0,2355
291,6,0,8,17,11275800,4792,480,0,2361
292,3,0,6,19,11303760,4793,480,0,2364
293,7,0,7,18,11327040,4791,480,0,2371
294,4,0,6,19,11357460,4794,480,0,2375
295,8,0,10,15,11379360,4795,480,0,2383
296,5,0,8,17,11406840,4792,480,0,2388
297,10,0,10,15,11449800,4794,480,0,2398
298,8,0,7,18,11504460,4795,480,0,2406
299,15,0,15,10,11529420,4791,480,0,2421
300,10,0,13,12,11577960,4788,480,0,2431
301,13,0,15,10,11628180,4787,480,0,2444
302,8,0,14,11,11666160,4785,480,0,2452
303,13,0,16,9,11723220,4786,480,0,2465
304,13,0,14,11,11788980,4784,480,0,2478
305,13,0,20,5,11826780,4786,480,0,2491
306,10,0,13,12,11904120,4784,480,0,2501
307,10,0,12,13,11959020,4785,480,0,2511
308,5,0,6,19,12017460,4787,480,0,2516
309,5,0,6,19,12042420,4788,480,0,2521
310,7,0,3,22,12069060,4779,480,0,2528
311,3,0,5,20,12076020,4780,480,0,2531
312,6,0,6,19,12099600,4780,480,0,2537
313,3,0,5,20,12118740,4780,480,0,2540
314,5,0,7,18,12128820,4778,480,0,2545
315,3,0,6,19,12154140,4781,480,0,2548
316,6,0,9,16,12170820,4782,480,0,2554
317,7,0,7,18,12212280,4781,480,0,2561
318,9,0,11,14,12231780,4779,480,0,2570
319,8,0,11,14,12269340,4779,480,0,2578
320,4,0,9,16,12297120,4779,480,0,2582
321,15,0,16,9,12334380,4778,480,0,2597
322,9,0,15,10,12379980,4778,480,0,2606
323,9,0,9,16,12461400,4781,480,0,2615
324,13,0,17,8,12483420,4781,480,0,2628
325,15,0,17,8,12550980,4779,480,0,2643
326,10,0,14,11,12607800,4777,480,0,2653
327,12,0,18,7,12648660,4778,480,0,2665
328,8,0,11,14,12719760,4778,480,0,2673
329,6,0,6,19,12769680,4777,480,0,2679
330,5,0,6,19,12795120,4777,480,0,2684
331,5,0,7,18,12811560,4776,480,0,2689
332,6,0,9,16,12833940,4778,480,0,2695
333,7,0,10,15,12858780,4776,480,0,2702
334,3,0,3,22,12896580,4772,480,0,2705
335,3,0,3,22,12919320,4776,480,0,2708
336,5,0,6,19,12924000,4774,480,0,2713
337,7,0,10,15,12933000,4772,480,0,2720
338,7,0,8,17,12975900,4772,480,0,2727
339,2,0,4,21,13002840,4771,480,0,2729
340,3,0,4,21,13019880,4772,480,0,2732
341,6,0,6,19,13035840,4771,480,0,2738
342,10,0,11,14,13049220,4767,480,0,2748
343,3,0,7,18,13082100,4767,480,0,2751
344,6,0,6,19,13110540,4765,480,0,2757
345,8,0,11,14,13131960,4768,480,0,2765
346,12,0,17,8,13159260,4767,480,0,2777
347,9,0,13,12,13224600,4769,480,0,2786
348,11,0,13,12,13273560,4767,480,0,2797
349,10,0,13,12,13305120,4762,480,0,2807
350,9,0,16,9,13333500,4761,480,0,2816
351,10,0,13,12,13409340,4766,480,0,2826
352,15,0,17,8,13456860,4765,480,0,2841
353,8,0,14,11,13518600,4768,480,0,2849
354,8,0,12,13,13568460,4769,480,0,2857
355,6,0,8,17,13628160,4773,480,0,2863
356,2,0,5,20,13651260,4773,480,0,2865
357,9,0,10,15,13672980,4774,480,0,2874
358,6,0,13,12,13688460,4774,480,0,2880
359,7,0,14,11,13718400,4774,480,0,2887
360,3,0,6,19,13788000,4780,480,0,2890
361,4,0,5,20,13816980,4782,480,0,2894
362,9,0,9,16,13834080,4780,480,0,2903
363,7,0,10,15,13860120,4779,480,0,2910
364,8,0,12,13,13889640,4779,480,0,2918
365,8,0,10,15,13942740,4781,480,0,2926
366,6,0,8,17,13985820,4783,480,0,2932
367,7,0,7,18,14017260,4780,480,0,2939
368,13,0,15,10,14035200,4778,480,0,2952
369,8,0,16,9,14068200,4778,480,0,2960
370,9,0,13,12,14135160,4781,480,0,2969
371,8,0,10,15,14192340,4783,480,0,2977
372,8,0,9,16,14235780,4783,480,0,2985
373,18,0,20,5,14267340,4782,480,0,3003
374,6,0,12,13,14328540,4780,480,0,3009
375,11,0,12,13,14384040,4781,480,0,3020
376,10,0,13,12,14423100,4780,480,0,3030
377,8,0,10,15,14472120,4779,480,0,3038
378,9,0,13,12,14503560,4780,480,0,3047
379,13,0,18,7,14543880,4781,480,0,3060
380,7,0,12,13,14598300,4778,480,0,3067
381,5,0,8,17,14637120,4777,480,0,3072
382,6,0,9,16,14662920,4777,480,0,3078
383,7,0,8,17,14711820,4781,480,0,3085
384,5,0,9,16,14729820,4780,480,0,3090
385,7,0,9,16,14767080,4782,480,0,3097
386,0,0,4,21,14797080,4784,480,0,3097
387,7,0,6,19,14824980,4785,480,0,3104
388,10,0,13,12,14840820,4785,480,0,3114
389,3,0,7,18,14885100,4786,480,0,3117
390,4,0,5,20,14917800,4787,480,0,3121
391,5,0,7,18,14933940,4788,480,0,3126
392,6,0,6,19,14968680,4788,480,0,3132
393,13,0,15,10,14976360,4784,480,0,3145
394,11,0,15,10,15031980,4785,480,0,3156
395,8,0,12,13,15087480,4786,480,0,3164
396,5,0,5,20,15150780,4788,480,0,3169
397,11,0,12,13,15171900,4789,480,0,3180
398,8,0,15,10,15197340,4789,480,0,3188
399,12,0,14,11,15259740,4789,480,0,3200
400,13,0,21,4,15293760,4791,480,0,3213
401,10,0,20,5,15345420,4790,480,0,3223
402,12,0,15,10,15423240,4789,480,0,3235
403,7,0,12,13,15473880,4790,480,0,3242
404,11,0,11,14,15528660,4789,480,0,3253
405,7,0,11,14,15556680,4788,480,0,3260
406,12,0,11,14,15615900,4788,480,0,3272
407,2,0,8,17,15633420,4786,480,0,3274
408,7,0,8,17,15670920,4787,480,0,3281
409,5,0,8,17,15688440,4785,480,0,3286
410,8,0,10,15,15713820,4784,480,0,3294
411,7,0,9,16,15757620,4786,480,0,3301
412,7,0,11,14,15776880,4785,480,0,3308
413,12,0,13,12,15826200,4785,480,0,3320
414,5,0,11,14,15862980,4786,480,0,3325
415,9,0,13,12,15902460,4788,480,0,3334
416,5,0,7,18,15951960,4787,480,0,3339
417,11,0,13,12,15986880,4790,480,0,3350
418,7,0,12,13,16021920,4789,480,0,3357
419,11,0,15,10,16058280,4789,480,0,3368
420,10,0,13,12,16116660,4789,480,0,3378
421,9,0,13,12,16160700,4789,480,0,3387
422,13,0,12,13,16243500,4794,480,0,3400
423,10,0,15,10,16273200,4793,480,0,3410
424,10,0,11,14,16334100,4791,480,0,3420
425,13,0,14,11,16375920,4789,480,0,3433
426,11,0,15,10,16427460,4790,480,0,3444
427,5,0,7,18,16493580,4791,480,0,3449
428,5,0,8,17,16516920,4793,480,0,3454
429,9,0,9,16,16546260,4790,480,0,3463
430,3,0,8,17,16566300,4790,480,0,3466
431,4,0,5,20,16607760,4793,480,0,3470
432,2,0,5,20,16614300,4792,480,0,3472
433,4,0,5,20,16635840,4792,480,0,3476
434,4,0,6,19,16647180,4791,480,0,3480
435,8,0,9,16,16678140,4793,480,0,3488
436,11,0,13,12,16702020,4791,480,0,3499
437,6,0,9,16,16744080,4789,480,0,3505
438,10,0,12,13,16777260,4789,480,0,3515
439,9,0,15,10,16807440,4789,480,0,3524
440,10,0,14,11,16873680,4793,480,0,3534
441,11,0,16,9,16924920,4795,480,0,3545
442,10,0,16,9,16966980,4794,480,0,3555
443,10,0,12,13,17039460,4795,480,0,3565
444,14,0,13,12,17098320,4794,480,0,3579
445,13,0,17,8,17132280,4792,480,0,3592
446,15,0,19,6,17194980,4792,480,0,3607
447,20,2,25,0,17243820,4789,480,0,3627
448,2,0,11,14,17327280,4789,960,0,3629
449,10,0,13,12,17385000,4794,960,0,3639
450,14,0,18,7,17433900,4796,960,0,3653
451,7,0,15,10,17472600,4793,960,0,3660
452,8,0,10,15,17543820,4796,960,0,3668
453,7,0,9,16,17580720,4795,960,0,3675
454,4,0,8,17,17611200,4797,960,0,3679
455,7,0,9,16,17642460,4798,960,0,3686
456,5,0,10,15,17660940,4797,960,0,3691
457,3,0,5,20,17705760,4799,960,0,3694
458,8,0,9,16,17724840,4799,960,0,3702
459,5,0,9,16,17750700,4800,960,0,3707
460,12,0,12,13,17803140,4802,960,0,3719
461,7,0,11,14,17834640,4800,960,0,3726
462,9,0,13,12,17863860,4799,960,0,3735
463,8,0,13,12,17902440,4799,960,0,3743
464,8,0,11,14,17952120,4800,960,0,3751
465,11,0,13,12,17987160,4797,960,0,3762
466,7,0,13,12,18017820,4797,960,0,3769
467,16,0,20,5,18068160,4798,960,0,3785
468,11,0,16,9,18137640,4798,960,0,3796
469,11,0,17,8,18195960,4801,960,0,3807
470,9,0,10,15,18281100,4803,960,0,3816
471,13,0,15,10,18318360,4802,960,0,3829
472,6,0,13,12,18357120,4803,960,0,3835
473,13,0,17,8,18413160,4806,960,0,3848
474,2,0,6,19,18485760,4808,960,0,3850
475,12,0,12,13,18516780,4809,960,0,3862
476,8,0,15,10,18538200,4808,960,0,3870
477,4,0,11,14,18580080,4809,960,0,3874
478,8,0,12,13,18615360,4810,960,0,3882
479,1,0,6,19,18664500,4814,960,0,3883
480,9,0,8,17,18709020,4816,960,0,3892
481,5,0,10,15,18720540,4816,960,0,3897
482,5,0,7,18,18762660,4817,960,0,3902
483,2,0,5,20,18788460,4818,960,0,3904
484,4,0,5,20,18815400,4820,960,0,3908
485,9,0,11,14,18832200,4821,960,0,3917
486,7,0,9,16,18865080,4818,960,0,3924
487,6,0,9,16,18893160,4818,960,0,3930
488,7,0,8,17,18925380,4816,960,0,3937
489,10,0,12,13,18957120,4817,960,0,3947
490,7,0,12,13,18990120,4817,960,0,3954
491,7,0,9,16,19039200,4817,960,0,3961
492,5,0,7,18,19077000,4818,960,0,3966
493,9,0,11,14,19100820,4818,960,0,3975
494,13,0,13,12,19151400,4817,960,0,3988
495,4,0,10,15,19181400,4817,960,0,3992
496,7,0,11,14,19218240,4819,960,0,3999
497,10,0,13,12,19269060,4822,960,0,4009
498,9,0,10,15,19314900,4819,960,0,4018
499,12,0,14,11,19352640,4818,960,0,4030
500,9,0,13,12,19404360,4819,960,0,4039
501,6,0,6,19,19465620,4819,960,0,4045
502,7,0,6,19,19493160,4817,960,0,4052
503,8,0,7,18,19517340,4815,960,0,4060
504,8,0,10,15,19542000,4815,960,0,4068
505,4,0,7,18,19572780,4814,960,0,4072
506,5,0,8,17,19589400,4814,960,0,4077
507,7,0,9,16,19618500,4814,960,0,4084
508,7,0,8,17,19657440,4814,960,0,4091
509,6,0,9,16,19685340,4815,960,0,4097
510,6,0,8,17,19726860,4817,960,0,4103
511,6,0,7,18,19758660,4816,960,0,4109
512,5,0,7,18,19785240,4817,960,0,4114
513,10,0,9,16,19808940,4813,960,0,4124
514,13,0,16,9,19842780,4815,960,0,4137
515,10,0,18,7,19876200,4813,960,0,4147
516,10,0,10,15,19970880,4815,960,0,4157
517,8,0,10,15,20007480,4815,960,0,4165
518,7,0,9,16,20053320,4817,960,0,4172
519,10,0,16,9,20073660,4818,960,0,4182
520,8,0,12,13,20124000,4816,960,0,4190
521,7,0,9,16,20167020,4815,960,0,4197
522,8,0,7,18,20213880,4815,960,0,4205
523,6,0,9,16,20234160,4815,960,0,4211
524,8,0,9,16,20276280,4816,960,0,4219
525,3,0,4,21,20320260,4817,960,0,4222
526,7,0,5,20,20337900,4814,960,0,4229
527,7,0,10,15,20344860,4814,960,0,4236
528,2,0,5,20,20384040,4815,960,0,4238
529,3,0,4,21,20406840,4816,960,0,4241
530,7,0,7,18,20421120,4815,960,0,4248
531,4,0,8,17,20437920,4815,960,0,4252
532,3,0,5,20,20468880,4816,960,0,4255
533,6,0,8,17,20490540,4817,960,0,4261
534,6,0,10,15,20507760,4817,960,0,4267
535,6,0,8,17,20545440,4817,960,0,4273
536,8,0,7,18,20590080,4817,960,0,4281
537,10,0,12,13,20604540,4815,960,0,4291
538,9,0,12,13,20644920,4814,960,0,4300
539,15,0,19,6,20683740,4814,960,0,4315
540,6,0,13,12,20749080,4816,960,0,4321
541,5,0,8,17,20801520,4817,960,0,4326
542,11,0,11,14,20832960,4815,960,0,4337
543,11,0,19,6,20849280,4816,960,0,4348
544,9,0,13,12,20924040,4816,960,0,4357
545,5,0,7,18,20975160,4816,960,0,4362
546,5,0,7,18,20999160,4816,960,0,4367
547,4,0,7,18,21019200,4816,960,0,4371
548,7,0,10,15,21045540,4818,960,0,4378
549,4,0,5,20,21081780,4816,960,0,4382
550,5,0,5,20,21106980,4816,960,0,4387
551,12,0,14,11,21120720,4816,960,0,4399
552,9,0,15,10,21153300,4815,960,0,4408
553,3,0,10,15,21197280,4816,960,0,4411
554,6,0,7,18,21251160,4818,960,0,4417
555,11,0,13,12,21272640,4818,960,0,4428
556,7,0,12,13,21314400,4818,960,0,4435
557,9,0,13,12,21362340,4821,960,0,4444
558,4,0,6,19,21417720,4821,960,0,4448
559,7,0,8,17,21433860,4819,960,0,4455
560,9,0,9,16,21473160,4820,960,0,4464
561,3,0,7,18,21495180,4819,960,0,4467
562,9,0,11,14,21526260,4821,960,0,4476
563,15,0,23,2,21549060,4822,960,0,4491
564,4,0,9,16,21641580,4824,960,0,4495
565,6,0,6,19,21685380,4824,960,0,4501
566,13,0,15,10,21705480,4824,960,0,4514
567,9,0,15,10,21742920,4823,960,0,4523
568,12,0,17,8,21799320,4824,960,0,4535
569,9,0,17,8,21845400,4825,960,0,4544
570,8,0,14,11,21904560,4826,960,0,4552
571,5,0,10,15,21953100,4828,960,0,4557
572,8,0,12,13,21986280,4828,960,0,4565
573,5,0,10,15,22025100,4830,960,0,4570
574,3,0,5,20,22073280,4832,960,0,4573
575,5,0,7,18,22086060,4831,960,0,4578
576,7,0,9,16,22112640,4832,960,0,4585
577,9,0,10,15,22149300,4831,960,0,4594
578,2,0,5,20,22182420,4831,960,0,4596
579,7,0,6,19,22209840,4831,960,0,4603
580,4,0,6,19,22224600,4830,960,0,4607
581,6,0,8,17,22243560,4830,960,0,4613
582,11,0,14,11,22268100,4830,960,0,4624
583,7,0,12,13,22303860,4828,960,0,4631
584,9,0,10,15,22364520,4830,960,0,4640
585,10,0,13,12,22401300,4830,960,0,4650
586,9,0,14,11,22444860,4832,960,0,4659
587,12,0,15,10,22500060,4832,960,0,4671
588,14,0,19,6,22546440,4832,960,0,4685
589,11,0,18,7,22613220,4833,960,0,4696
590,11,0,17,8,22680240,4835,960,0,4707
591,13,0,15,10,22752660,4835,960,0,4720
592,6,0,12,13,22804620,4837,960,0,4726
593,7,0,11,14,22852440,4839,960,0,4733
594,13,0,13,12,22909620,4840,960,0,4746
595,13,0,18,7,22943820,4839,960,0,4759
596,13,0,22,3,22988040,4839,960,0,4772
597,10,0,17,8,23068260,4841,960,0,4782
598,8,0,9,16,23151540,4842,960,0,4790
599,2,0,3,22,23187960,4841,960,0,4792
600,8,0,9,16,23200800,4842,960,0,4800
601,3,0,6,19,23223000,4841,960,0,4803
602,8,0,9,16,23250300,4841,960,0,4811
603,5,0,7,18,23285220,4842,960,0,4816
604,4,0,3,22,23317440,4840,960,0,4820
605,8,0,8,17,23324700,4839,960,0,4828
606,13,0,16,9,23348400,4839,960,0,4841
607,2,0,8,17,23392980,4838,960,0,4843
608,9,0,9,16,23428500,4837,960,0,4852
609,15,0,15,10,23467440,4836,960,0,4867
610,12,0,19,6,23494920,4834,960,0,4879
611,7,0,10,15,23584080,4836,960,0,4886
612,9,0,7,18,23636580,4835,960,0,4895
613,10,0,12,13,23653320,4834,960,0,4905
614,14,0,16,9,23692860,4832,960,0,4919
615,14,0,19,6,23740200,4831,960,0,4933
616,13,0,21,4,23787780,4830,960,0,4946
617,15,0,19,6,23868360,4829,960,0,4961
618,4,0,13,12,23918280,4830,960,0,4965
619,8,0,9,16,23987040,4832,960,0,4973
620,7,0,10,15,24027360,4834,960,0,4980
621,7,0,10,15,24056280,4833,960,0,4987
622,6,0,9,16,24086640,4832,960,0,4993
623,7,0,10,15,24121500,4833,960,0,5000
624,6,0,11,14,24149340,4834,960,0,5006
625,6,0,6,19,24194460,4833,960,0,5012
626,8,0,9,16,24216000,4832,960,0,5020
627,3,0,6,19,24242160,4832,960,0,5023
628,4,0,4,21,24267960,4831,960,0,5027
629,7,0,9,16,24278100,4831,960,0,5034
630,7,0,9,16,24312480,4831,960,0,5041
631,9,0,13,12,24339780,4832,960,0,5050
632,11,0,12,13,24390300,4830,960,0,5061
633,7,0,12,13,24426660,4831,960,0,5068
634,11,0,13,12,24473700,4830,960,0,5079
635,11,0,16,9,24520740,4832,960,0,5090
636,9,0,18,7,24558240,4833,960,0,5099
637,12,0,18,7,24621600,4834,960,0,5111
638,7,0,12,13,24687300,4834,960,0,5118
639,4,0,4,21,24747000,4835,960,0,5122
640,8,0,9,16,24763560,4835,960,0,5130
641,8,0,9,16,24788400,4832,960,0,5138
642,6,0,6,19,24828300,4832,960,0,5144
643,14,0,15,10,24845040,4830,960,0,5158
644,6,0,10,15,24892020,4829,960,0,5164
645,5,0,5,20,24946440,4830,960,0,5169
646,7,0,9,16,24956700,4830,960,0,5176
647,7,0,11,14,24979200,4829,960,0,5183
648,3,0,7,18,25019280,4830,960,0,5186
649,5,0,6,19,25050900,4831,960,0,5191
650,7,0,8,17,25068660,4830,960,0,5198
651,4,0,5,20,25094400,4828,960,0,5202
652,7,0,8,17,25107600,4827,960,0,5209
653,2,0,3,22,25144980,4828,960,0,5211
654,10,0,10,15,25163160,4828,960,0,5221
655,8,0,12,13,25190940,4828,960,0,5229
656,9,0,14,11,25229280,4829,960,0,5238
657,12,0,17,8,25278780,4830,960,0,5250
658,14,0,15,10,25337100,4827,960,0,5264
659,4,0,9,16,25387440,4827,960,0,5268
660,9,0,10,15,25425900,4827,960,0,5277
661,6,0,9,16,25455840,4826,960,0,5283
662,10,0,8,17,25504020,4825,960,0,5293
663,4,0,8,17,25518240,4824,960,0,5297
664,11,0,11,14,25565820,4826,960,0,5308
665,6,0,12,13,25591140,4826,960,0,5314
666,10,0,14,11,25637520,4828,960,0,5324
667,9,0,12,13,25694040,4828,960,0,5333
668,4,0,6,19,25744680,4829,960,0,5337
669,5,0,6,19,25767780,4829,960,0,5342
670,8,0,10,15,25791840,4829,960,0,5350
671,12,0,12,13,25824480,4827,960,0,5362
672,6,0,11,14,25860960,4827,960,0,5368
673,5,0,14,11,25865220,4826,960,0,5373
674,6,0,18,7,25873620,4826,960,0,5379
675,6,0,18,7,25896480,4825,960,0,5385
676,6,0,18,7,25923060,4824,960,0,5391
677,4,0,14,11,25967040,4825,960,0,5395
678,5,0,15,10,25984920,4825,960,0,5400
679,6,0,16,9,26005980,4824,960,0,5406
680,3,0,13,12,26030940,4824,960,0,5409
681,8,0,19,6,26040420,4824,960,0,5417
682,5,0,18,7,26070000,4824,960,0,5422
683,7,0,19,6,26095260,4823,960,0,5429
684,9,0,22,3,26122980,4823,960,0,5438
685,8,0,23,2,26158260,4823,960,0,5446
686,7,0,22,3,26205780,4825,1800,0,5453
687,4,0,17,8,26259900,4827,1800,0,5457
688,16,1,25,0,26292420,4826,6000,1,5473
689,7,0,23,2,26341380,4827,6120,1,5480
690,14,1,25,0,26394660,4827,12840,2,5494
691,8,0,22,3,26451600,4826,14880,2,5502
692,8,0,22,3,26493420,4827,14940,2,5510
693,5,0,19,6,26543280,4829,14940,2,5515
694,4,0,16,9,26568120,4827,14940,2,5519
695,9,0,16,9,26611920,4827,14940,2,5528
696,2,0,14,11,26630040,4827,14940,2,5530
697,2,0,12,13,26653260,4828,14940,2,5532
698,3,0,12,13,26663160,4827,14940,2,5535
699,5,0,16,9,26666580,4827,14940,2,5540
700,8,0,21,4,26674560,4826,14940,2,5548
701,4,0,17,8,26713320,4826,14940,2,5552
702,5,0,17,8,26744760,4827,14940,2,5557
703,7,0,21,4,26762400,4828,14940,2,5564
704,11,1,25,0,26788500,4827,15060,2,5575
705,9,0,22,3,26845860,4826,15720,2,5584
706,11,1,25,0,26884680,4827,15720,2,5595
707,10,4,25,0,26921100,4828,19500,3,5605
708,13,7,25,0,26984040,4830,30900,5,5618
709,12,9,25,0,27046500,4833,44820,7,5630
710,14,15,25,0,27080160,4832,54660,9,5644
711,10,12,25,0,27156540,4834,71880,12,5654
712,5,11,25,0,27195540,4836,85140,15,5659
713,7,5,25,0,27260820,4836,180420,31,5666
714,12,5,25,0,27311220,4835,225180,39,5678
715,10,2,25,0,27378600,4836,238200,41,5688
716,10,0,25,0,27429360,4835,275580,48,5698
717,2,0,14,11,27479880,4832,275580,48,5700
718,8,0,18,7,27496320,4832,275580,48,5708
719,3,0,17,8,27510480,4831,275580,48,5711
720,6,0,18,7,27541320,4832,275580,48,5717
721,6,0,17,8,27568980,4831,275580,48,5723
722,7,0,20,5,27593700,4832,275580,48,5730
723,3,0,16,9,27631800,4833,275580,48,5733
724,8,0,19,6,27656520,4833,275580,48,5741
725,4,0,15,10,27693660,4833,275580,47,5745
726,7,0,17,8,27711420,4831,275580,47,5752
727,7,0,19,6,27735600,4831,275580,47,5759
728,3,0,14,11,27775020,4832,275580,47,5762
729,12,0,20,5,27799020,4831,275580,47,5774
730,9,0,21,4,27831000,4830,275580,47,5783
731,6,0,20,5,27867900,4830,275580,47,5789
732,12,0,21,4,27920580,4830,275580,47,5801
733,8,0,22,3,27946260,4829,275640,47,5809
734,8,0,17,8,28009740,4829,275640,47,5817
735,11,0,22,3,28029360,4827,275640,47,5828
736,8,0,22,3,28059300,4826,275640,47,5836
737,6,0,15,10,28126620,4826,275640,47,5842
738,5,0,17,8,28136100,4826,275640,47,5847
739,7,0,18,7,28171080,4827,275640,47,5854
740,12,0,23,2,28200720,4826,275880,47,5866
741,6,0,20,5,28246020,4826,275880,46,5872
742,7,0,20,5,28288680,4828,275880,46,5879
743,6,0,17,8,28338240,4829,275880,46,5885
744,6,0,18,7,28362480,4829,275880,46,5891
745,5,0,16,9,28392180,4828,275880,46,5896
746,3,0,14,11,28411140,4827,275880,46,5899
747,4,0,14,11,28430040,4827,275880,46,5903
748,3,0,16,9,28435500,4827,275880,46,5906
749,4,0,15,10,28462800,4828,275880,46,5910
750,8,0,17,8,28485660,4827,275880,46,5918
751,15,0,24,1,28508820,4824,276420,46,5933
752,8,0,24,1,28549320,4824,277140,46,5941
753,5,0,19,6,28603080,4825,277140,46,5946
754,12,0,21,4,28650180,4825,277140,46,5958
755,8,0,25,0,28671120,4825,277140,46,5966
756,15,4,25,0,28734240,4827,284940,47,5981
757,11,7,25,0,28775160,4828,297240,49,5992
758,8,6,25,0,28828080,4829,308100,51,6000
759,8,1,25,0,28893660,4830,339480,56,6008
760,11,0,24,1,28941060,4827,351780,58,6019
761,9,0,24,1,28993080,4828,355200,58,6028
762,7,0,20,5,29042880,4828,355200,58,6035
763,7,0,21,4,29075160,4828,355200,58,6042
764,7,0,20,5,29109900,4828,355200,58,6049
765,9,0,22,3,29135700,4826,355200,58,6058
766,2,0,15,10,29191020,4828,355200,58,6060
767,8,0,17,8,29223420,4829,355200,58,6068
768,4,0,18,7,29236380,4829,355200,58,6072
769,3,0,15,10,29265180,4829,355200,58,6075
770,6,0,16,9,29295840,4830,355200,58,6081
771,6,0,20,5,29303340,4829,355200,58,6087
772,3,0,20,5,29319900,4830,355200,58,6090
773,10,0,22,3,29358900,4830,355200,58,6100
774,13,2,25,0,29409420,4832,355620,58,6113
775,11,0,21,4,29483580,4830,357480,58,6124
776,11,0,24,1,29511240,4829,357780,58,6135
777,9,0,24,1,29554200,4829,357780,58,6144
778,13,1,25,0,29608680,4829,358080,58,6157
779,18,10,25,0,29645520,4828,361500,58,6175
780,5,2,25,0,29722080,4830,384960,62,6180
781,12,0,25,0,29784540,4829,407760,65,6192
782,8,0,22,3,29824680,4827,407760,65,6200
783,8,0,23,2,29860140,4827,407760,65,6208
784,12,0,25,0,29916060,4829,410520,66,6220
785,6,0,22,3,29954460,4828,410520,65,6226
786,9,0,19,6,30017100,4829,410520,65,6235
787,8,0,18,7,30046080,4826,410520,65,6243
788,8,0,18,7,30080640,4826,410520,65,6251
789,11,0,22,3,30116460,4826,410520,65,6262
790,11,0,24,1,30157980,4826,410520,65,6273
791,7,0,21,4,30207120,4826,410520,65,6280
792,7,0,19,6,30248100,4825,410520,65,6287
793,3,0,15,10,30281040,4825,410520,65,6290
794,9,0,20,5,30299220,4825,410520,65,6299
795,1,0,13,12,30345540,4826,410520,65,6300
796,8,0,16,9,30359820,4825,410520,65,6308
797,5,0,19,6,30363540,4824,410520,65,6313
798,10,0,22,3,30399360,4824,410520,64,6323
799,8,0,21,4,30434940,4823,410520,64,6331
800,12,0,23,2,30470100,4821,410820,64,6343
801,10,0,20,5,30525420,4820,411660,64,6353
802,8,0,20,5,30564240,4820,411660,64,6361
803,15,2,25,0,30609180,4821,413520,64,6376
804,10,5,25,0,30645000,4821,422460,66,6386
805,13,8,25,0,30705240,4823,430740,67,6399
806,12,9,25,0,30772560,4825,452220,70,6411
807,11,11,25,0,30815280,4825,462960,72,6422
808,4,6,25,0,30862260,4825,510360,79,6426
809,12,1,25,0,30921420,4822,562140,87,6438
810,12,7,25,0,30951000,4822,564000,87,6450
811,7,1,25,0,31032840,4825,576060,89,6457
812,5,0,20,5,31075560,4823,576540,89,6462
813,4,0,17,8,31119180,4825,576540,89,6466
814,8,0,21,4,31141260,4825,576540,89,6474
815,10,0,24,1,31176360,4826,576540,88,6484
816,2,0,15,10,31228380,4825,576540,88,6486
817,6,0,17,8,31247640,4825,576540,88,6492
818,6,0,17,8,31271580,4825,576540,88,6498
819,6,0,17,8,31301580,4825,576540,88,6504
820,3,0,17,8,31319220,4825,576540,88,6507
821,11,0,23,2,31339440,4825,576540,88,6518
822,4,0,16,9,31397640,4825,576540,88,6522
823,6,0,18,7,31420140,4826,576540,88,6528
824,9,0,22,3,31448640,4827,576540,88,6537
825,11,1,25,0,31483080,4827,576540,88,6548
826,8,1,25,0,31527420,4828,583020,88,6556
827,11,0,24,1,31598580,4829,589380,89,6567
828,7,0,23,2,31638480,4829,589380,89,6574
829,6,0,16,9,31697760,4829,589380,89,6580
830,7,0,16,9,31733100,4829,589380,89,6587
831,13,0,24,1,31747860,4827,589380,89,6600
832,9,0,23,2,31790340,4826,590880,89,6609
833,7,0,22,3,31842360,4828,591060,89,6616
834,11,0,22,3,31902000,4829,591060,89,6627
835,5,0,17,8,31940700,4828,591060,89,6632
836,7,0,18,7,31970280,4828,591060,89,6639
837,5,0,16,9,32004180,4828,591060,88,6644
838,8,0,18,7,32034660,4828,591060,88,6652
839,4,0,13,12,32064720,4826,591060,88,6656
840,5,0,15,10,32076360,4826,591060,88,6661
841,5,0,17,8,32088540,4826,591060,88,6666
842,9,0,21,4,32106120,4825,591060,88,6675
843,2,0,14,11,32148900,4824,591060,88,6677
844,3,0,14,11,32163060,4824,591060,88,6680
845,6,0,15,10,32188740,4825,591060,88,6686
846,9,0,21,4,32200620,4824,591060,88,6695
847,13,0,23,2,32245620,4823,591120,88,6708
848,7,0,22,3,32281560,4823,591120,88,6715
849,12,4,25,0,32310600,4823,591420,87,6727
850,7,0,23,2,32384580,4825,597480,88,6734
851,7,0,24,1,32416380,4826,597480,88,6741
852,9,0,24,1,32468700,4827,597480,88,6750
853,6,0,18,7,32533440,4828,597480,88,6756
854,21,7,25,0,32556000,4826,599520,88,6777
855,7,3,25,0,32608980,4826,613800,90,6784
856,7,1,25,0,32655000,4827,626640,92,6791
857,7,0,19,6,32721780,4826,627060,92,6798
858,7,0,21,4,32752380,4827,627060,92,6805
859,7,0,19,6,32793960,4827,627060,92,6812
860,9,0,18,7,32836500,4826,627060,91,6821
861,7,0,20,5,32857440,4826,627060,91,6828
862,7,0,18,7,32905020,4826,627060,91,6835
863,6,0,16,9,32933460,4825,627060,91,6841
864,7,0,20,5,32946960,4825,627060,91,6848
865,5,0,18,7,32980080,4825,627060,91,6853
866,8,0,24,1,32986320,4824,627060,91,6861
867,7,0,20,5,33052380,4826,627060,91,6868
868,5,0,17,8,33086160,4825,627060,91,6873
869,7,0,18,7,33115320,4825,627060,91,6880
870,10,0,23,2,33135060,4825,627060,91,6890
871,8,0,24,1,33168960,4825,627060,90,6898
872,7,0,20,5,33223380,4825,627060,90,6905
873,17,4,25,0,33259080,4825,627180,90,6922
874,3,0,21,4,33313380,4825,631260,91,6925
875,9,0,21,4,33357660,4825,631260,91,6934
876,11,0,22,3,33399600,4824,631260,90,6945
877,11,0,23,2,33448560,4824,631260,90,6956
878,10,0,23,2,33489720,4823,631560,90,6966
879,18,6,25,0,33538200,4823,634320,90,6984
880,6,4,25,0,33584580,4824,648660,92,6990
881,11,4,25,0,33643320,4825,668760,95,7001
882,3,0,20,5,33704580,4825,688200,98,7004
883,12,0,22,3,33750600,4825,688200,98,7016
884,7,0,21,4,33784920,4825,688200,97,7023
885,5,0,16,9,33832380,4824,688200,97,7028
886,12,0,22,3,33855300,4824,688200,97,7040
887,4,0,19,6,33887040,4823,688200,97,7044
888,7,0,20,5,33929700,4825,688200,97,7051
889,2,0,14,11,33966240,4825,688200,97,7053
890,5,0,15,10,33988860,4825,688200,97,7058
891,6,0,19,6,33996900,4825,688200,97,7064
892,8,0,21,4,34028520,4826,688200,97,7072
893,6,0,18,7,34066680,4825,688200,97,7078
894,7,0,17,8,34104780,4825,688200,97,7085
895,9,0,22,3,34128120,4825,688200,97,7094
896,7,0,21,4,34163220,4825,688200,96,7101
897,7,0,19,6,34205340,4825,688200,96,7108
898,7,0,18,7,34236240,4824,688200,96,7115
899,9,0,19,6,34273920,4823,688200,96,7124
900,11,0,24,1,34299000,4823,688200,96,7135
901,11,0,23,2,34338660,4820,688320,96,7146
902,12,0,24,1,34381740,4819,688320,96,7158
903,9,2,25,0,34409160,4819,688320,96,7167
904,14,3,25,0,34474920,4819,696420,97,7181
905,12,8,25,0,34499040,4818,703560,97,7193
906,8,4,25,0,34566900,4819,724860,100,7201
907,12,5,25,0,34631280,4821,738900,102,7213
908,6,3,25,0,34677600,4822,743760,103,7219
909,4,0,19,6,34735740,4821,776820,107,7223
910,4,0,12,13,34790040,4821,776820,107,7227
911,2,0,13,12,34795800,4822,776820,107,7229
912,6,0,19,6,34795800,4822,776820,107,7235
913,6,0,20,5,34822260,4822,776820,107,7241
914,6,0,21,4,34851960,4823,776820,107,7247
915,3,0,18,7,34881840,4823,776820,107,7250
916,8,0,17,8,34932420,4824,776820,107,7258
917,2,0,12,13,34957860,4823,776820,107,7260
918,7,0,14,11,34974180,4822,776820,106,7267
919,12,0,23,2,34983360,4821,776820,106,7279
920,6,0,20,5,35024400,4820,776820,106,7285
921,5,0,17,8,35069160,4821,776820,106,7290
922,10,0,22,3,35090460,4821,776820,106,7300
923,14,2,25,0,35124600,4820,777540,106,7314
924,13,6,25,0,35176980,4821,785040,107,7327
925,15,13,25,0,35223120,4822,791880,107,7342
926,13,16,25,0,35275440,4823,800160,108,7355
927,5,15,25,0,35316960,4824,834360,113,7360
928,5,5,25,0,35393940,4825,934020,126,7365
929,9,0,22,3,35457180,4822,983820,133,7374
930,11,0,24,1,35493360,4821,983820,133,7385
931,5,0,19,6,35543280,4822,983820,133,7390
932,10,0,23,2,35571300,4821,983820,132,7400
933,11,3,25,0,35600220,4821,983820,132,7411
934,8,4,25,0,35638020,4822,987720,133,7419
935,5,0,19,6,35714460,4823,992640,133,7424
936,4,0,16,9,35745540,4822,992640,133,7428
937,4,0,17,8,35770680,4824,992640,133,7432
938,10,0,20,5,35800800,4823,992640,133,7442
939,5,0,18,7,35839920,4824,992640,133,7447
940,4,0,15,10,35878620,4824,992640,133,7451
941,5,0,16,9,35896500,4824,992640,133,7456
942,8,0,21,4,35912940,4825,992640,132,7464
943,4,0,19,6,35940540,4824,992640,132,7468
944,7,0,17,8,35988960,4825,992640,132,7475
945,7,0,19,6,36008460,4824,992640,132,7482
946,15,2,25,0,36038640,4824,993720,132,7497
947,8,1,25,0,36083640,4824,1001760,133,7505
948,8,0,24,1,36133380,4824,1002660,133,7513
949,3,0,14,11,36205980,4826,1002660,133,7516
950,9,0,20,5,36226200,4826,1002660,133,7525
951,13,0,24,1,36261300,4825,1002900,133,7538
952,10,0,24,1,36301680,4824,1003980,133,7548
953,14,1,25,0,36365520,4825,1005000,132,7562
954,3,0,21,4,36407940,4826,1008540,133,7565
955,4,0,16,9,36457620,4826,1008540,133,7569
956,4,0,15,10,36482340,4826,1008540,133,7573
957,9,0,20,5,36500520,4826,1008540,133,7582
958,6,0,21,4,36526920,4827,1008540,132,7588
959,4,0,15,10,36579240,4827,1008540,132,7592
960,6,0,15,10,36603600,4827,1008540,132,7598
961,1,0,13,12,36619200,4827,1008540,132,7599
962,8,0,17,8,36639000,4827,1008540,132,7607
963,8,0,20,5,36660720,4826,1008540,132,7615
964,5,0,18,7,36690600,4826,1008540,132,7620
965,4,0,18,7,36719160,4827,1008540,132,7624
966,1,0,14,11,36750900,4828,1008540,132,7625
967,6,0,13,12,36767580,4826,1008540,132,7631
968,3,0,14,11,36780660,4826,1008540,132,7634
969,7,0,18,7,36787920,4825,1008540,131,7641
970,9,0,20,5,36813840,4824,1008540,131,7650
971,11,1,25,0,36839340,4825,1008540,131,7661
972,7,0,24,1,36886860,4825,1011720,131,7668
973,6,0,19,6,36948000,4826,1011720,131,7674
974,5,0,19,6,36971220,4826,1011720,131,7679
975,8,0,22,3,37008420,4828,1011720,131,7687
976,10,0,25,0,37044960,4828,1012740,131,7697
977,7,0,18,7,37112040,4828,1012920,131,7704
978,7,0,20,5,37132980,4828,1012920,131,7711
979,7,0,20,5,37173060,4828,1012920,131,7718
980,10,0,23,2,37206780,4828,1012920,131,7728
981,6,0,21,4,37244700,4828,1012920,130,7734
982,2,0,15,10,37296000,4830,1012920,130,7736
983,6,0,15,10,37324740,4830,1012920,130,7742
984,6,0,16,9,37339680,4829,1012920,130,7748
985,11,0,23,2,37356540,4828,1012920,130,7759
986,13,5,25,0,37389720,4829,1017540,130,7772
987,7,0,23,2,37462560,4830,1033260,132,7779
988,7,0,18,7,37515360,4829,1033260,132,7786
989,4,0,18,7,37536540,4829,1033260,132,7790
990,6,0,19,6,37567440,4830,1033260,132,7796
991,4,0,17,8,37596480,4830,1033260,132,7800
992,10,0,19,6,37631700,4830,1033260,132,7810
993,8,0,25,0,37640280,4830,1033260,132,7818
994,11,0,24,1,37705440,4830,1033260,131,7829
995,7,0,19,6,37750920,4829,1033260,131,7836
996,18,8,25,0,37774320,4829,1033260,131,7854
997,12,12,25,0,37820580,4830,1046160,133,7866
998,14,16,25,0,37881960,4832,1053060,133,7880
999,10,15,25,0,37936980,4832,1072440,135,7890
1000,9,15,25,0,37983360,4833,1098480,139,7899
1001,9,14,25,0,38043900,4834,1140480,144,7908
1002,10,16,25,0,38085780,4835,1146540,144,7918
1003,7,8,25,0,38160060,4835,1225860,154,7925
1004,4,0,19,6,38227440,4832,1371420,172,7929
1005,3,0,14,11,38256120,4831,1371420,172,7932
1006,2,0,12,13,38270040,4830,1371420,172,7934
1007,6,0,16,9,38278860,4830,1371420,172,7940
1008,4,0,16,9,38295780,4830,1371420,172,7944
1009,5,0,18,7,38314380,4830,1371420,172,7949
1010,3,0,13,12,38346840,4830,1371420,172,7952
1011,4,0,14,11,38363820,4830,1371420,172,7956
1012,6,0,17,8,38376900,4830,1371420,172,7962
1013,9,0,22,3,38391780,4829,1371420,172,7971
1014,9,0,20,5,38438100,4828,1371420,171,7980
1015,7,0,20,5,38466360,4828,1371420,171,7987
1016,11,0,22,3,38508060,4827,1371420,171,7998
1017,12,4,25,0,38534760,4828,1377540,171,8010
1018,13,9,25,0,38580240,4829,1380420,172,8023
1019,6,1,25,0,38655540,4830,1421340,177,8029
1020,8,0,19,6,38712240,4828,1421520,176,8037
1021,14,1,25,0,38734200,4826,1421520,176,8051
1022,13,1,25,0,38794560,4826,1425060,176,8064
1023,17,12,25,0,38827200,4826,1429200,176,8081
1024,14,15,25,0,38888880,4827,1440960,178,8095
1025,7,13,25,0,38936940,4828,1457280,179,8102
1026,8,10,25,0,38999040,4829,1512120,186,8110
1027,12,10,25,0,39061140,4830,1531680,188,8122
1028,8,8,25,0,39107580,4829,1562460,192,8130
1029,14,12,25,0,39150960,4829,1589160,195,8144
1030,5,6,25,0,39204000,4829,1630080,200,8149
1031,3,0,21,4,39261720,4828,1708380,209,8152
1032,6,0,19,6,39305400,4829,1708380,209,8158
1033,3,0,14,11,39349080,4829,1708380,209,8161
1034,3,0,13,12,39370140,4830,1708380,209,8164
1035,9,0,19,6,39373860,4828,1708380,209,8173
1036,2,0,16,9,39405960,4829,1708380,208,8175
1037,6,0,17,8,39437220,4830,1708380,208,8181
1038,8,0,23,2,39451080,4831,1708380,208,8189
1039,12,1,25,0,39493620,4831,1708860,208,8201
1040,12,2,25,0,39544860,4830,1714320,208,8213
1041,13,7,25,0,39589500,4831,1718640,208,8226
1042,11,4,25,0,39661440,4832,1735920,210,8237
1043,12,6,25,0,39706440,4831,1746960,211,8249
1044,11,3,25,0,39776460,4831,1765080,213,8260
1045,9,0,21,4,39828540,4828,1774440,214,8269
1046,12,0,25,0,39862440,4828,1774620,214,8281
1047,10,0,24,1,39912540,4827,1775520,214,8291
1048,12,0,23,2,39973020,4827,1776240,213,8303
1049,15,7,25,0,40002600,4827,1779240,213,8318
1050,7,0,25,0,40068120,4827,1793880,215,8325
1051,12,1,25,0,40118280,4827,1795620,215,8337
1052,1,0,17,8,40166400,4827,1795980,215,8338
1053,10,0,18,7,40207920,4826,1795980,215,8348
1054,6,0,19,6,40227480,4826,1795980,214,8354
1055,5,0,14,11,40263840,4824,1795980,214,8359
1056,11,0,24,1,40267800,4824,1795980,214,8370
1057,6,0,17,8,40326060,4824,1795980,214,8376
1058,6,0,16,9,40360860,4824,1795980,214,8382
1059,8,0,22,3,40372920,4824,1795980,214,8390
1060,8,0,22,3,40413960,4824,1796220,213,8398
1061,5,0,20,5,40450560,4825,1796220,213,8403
1062,3,0,16,9,40486140,4825,1796220,213,8406
1063,7,0,18,7,40517160,4826,1796220,213,8413
1064,12,0,24,1,40540200,4825,1796220,213,8425
1065,8,0,22,3,40578420,4824,1796220,212,8433
1066,10,0,23,2,40615380,4823,1796220,212,8443
1067,9,0,25,0,40650600,4823,1798320,212,8452
1068,10,1,25,0,40698900,4824,1798320,212,8462
1069,9,3,25,0,40733460,4824,1799640,212,8471
1070,9,0,22,3,40812960,4825,1803300,212,8480
1071,4,0,18,7,40842720,4824,1803300,212,8484
1072,8,0,19,6,40887300,4825,1803300,212,8492
1073,8,0,21,4,40912920,4825,1803300,212,8500
1074,4,0,17,8,40953660,4825,1803300,212,8504
1075,8,0,17,8,40992840,4825,1803300,211,8512
1076,8,0,21,4,41014320,4825,1803300,211,8520
1077,4,0,16,9,41053980,4825,1803300,211,8524
1078,8,0,16,9,41090040,4825,1803300,211,8532
1079,6,0,19,6,41105520,4825,1803300,211,8538
1080,6,0,23,2,41116920,4825,1803300,211,8544
1081,3,0,17,8,41169360,4826,1803300,210,8547
1082,2,0,14,11,41196360,4826,1803300,210,8549
1083,3,0,13,12,41223360,4827,1803300,210,8552
1084,6,0,16,9,41236620,4827,1803300,210,8558
1085,4,0,17,8,41245200,4826,1803300,210,8562
1086,9,0,22,3,41277060,4828,1803300,210,8571
1087,7,0,22,3,41309100,4828,1803300,210,8578
1088,12,0,23,2,41357520,4827,1803420,209,8590
1089,4,0,17,8,41415720,4828,1803420,209,8594
1090,11,0,20,5,41449140,4828,1803420,209,8605
1091,11,2,25,0,41466960,4827,1803420,209,8616
1092,8,0,24,1,41521920,4828,1807020,209,8624
1093,10,0,20,5,41585160,4827,1807020,209,8634
1094,11,0,24,1,41616120,4827,1807020,209,8645
1095,11,0,25,0,41660400,4826,1807560,208,8656
1096,11,0,19,6,41729460,4825,1808280,208,8667
1097,10,0,23,2,41749260,4824,1808280,208,8677
1098,5,0,18,7,41792280,4823,1808280,208,8682
1099,10,0,22,3,41822460,4823,1808280,208,8692
1100,6,0,20,5,41856420,4823,1808280,207,8698
1101,11,0,21,4,41902080,4822,1808400,207,8709
1102,8,0,20,5,41935860,4821,1808400,207,8717
1103,5,0,19,6,41968740,4822,1808400,207,8722
1104,5,0,18,7,42002580,4822,1808400,207,8727
1105,10,0,22,3,42034560,4823,1808400,206,8737
1106,5,0,18,7,42078300,4823,1808400,206,8742
1107,1,0,14,11,42111480,4824,1808400,206,8743
1108,10,0,21,4,42131760,4824,1808400,206,8753
1109,6,0,18,7,42171360,4824,1808400,206,8759
1110,7,0,20,5,42191820,4824,1808400,206,8766
1111,8,0,18,7,42230220,4823,1808400,206,8774
1112,6,0,20,5,42258660,4824,1808400,205,8780
1113,12,1,25,0,42289680,4824,1808400,205,8792
1114,13,6,25,0,42330060,4824,1812420,205,8805
1115,11,6,25,0,42388200,4825,1830360,207,8816
1116,9,2,25,0,42462540,4826,1844820,209,8825
1117,11,7,25,0,42490500,4826,1857660,210,8836
1118,14,10,25,0,42553980,4827,1868400,211,8850
1119,10,11,25,0,42603540,4828,1879080,212,8860
1120,17,18,25,0,42662160,4829,1900620,214,8877
1121,8,17,25,0,42706260,4829,1921380,216,8885
1122,2,9,25,0,42755940,4829,1974360,222,8887
1123,11,6,25,0,42829500,4830,2083740,234,8898
1124,6,0,21,4,42881280,4827,2120640,238,8904
1125,7,0,21,4,42915060,4827,2120640,237,8911
1126,5,0,18,7,42942000,4826,2120640,237,8916
1127,10,0,22,3,42978480,4826,2120640,237,8926
1128,7,0,22,3,43017600,4827,2120640,237,8933
1129,9,0,24,1,43059120,4828,2120640,237,8942
1130,4,0,14,11,43130700,4828,2120640,237,8946
1131,7,0,18,7,43145700,4828,2120640,236,8953
1132,6,0,21,4,43157460,4828,2120640,236,8959
1133,6,0,19,6,43196340,4828,2120640,236,8965
1134,6,0,19,6,43225260,4828,2120640,236,8971
1135,9,0,23,2,43242900,4827,2120640,236,8980
1136,9,0,23,2,43288560,4828,2120640,235,8989
1137,9,0,20,5,43347300,4828,2121240,235,8998
1138,9,0,21,4,43388400,4828,2121240,235,9007
1139,9,0,21,4,43423860,4827,2121240,235,9016
1140,13,0,23,2,43461660,4825,2121240,234,9029
1141,11,0,23,2,43505400,4824,2121240,234,9040
1142,11,0,25,0,43551360,4825,2121240,234,9051
1143,15,4,25,0,43599600,4824,2128380,234,9066
1144,19,12,25,0,43654440,4824,2134860,234,9085
1145,6,9,25,0,43707540,4825,2161620,237,9091
1146,8,9,25,0,43757880,4827,2190000,240,9099
1147,9,8,25,0,43809240,4827,2207820,242,9108
1148,7,1,25,0,43866360,4826,2294100,251,9115
1149,9,0,22,3,43916640,4824,2294880,251,9124
1150,8,0,21,4,43962780,4825,2294880,251,9132
1151,6,0,22,3,43993740,4825,2294880,251,9138
1152,5,0,19,6,44044440,4827,2294880,250,9143
1153,4,0,16,9,44080740,4827,2294880,250,9147
1154,6,0,17,8,44107740,4827,2294880,250,9153
1155,5,0,18,7,44128020,4828,2294880,250,9158
1156,4,0,16,9,44164140,4828,2294880,250,9162
1157,9,0,17,8,44192040,4827,2294880,250,9171
1158,10,0,23,2,44212980,4827,2294880,249,9181
1159,8,0,22,3,44250000,4827,2294880,249,9189
1160,8,0,21,4,44291520,4826,2294880,249,9197
1161,3,0,16,9,44328480,4826,2294880,249,9200
1162,9,0,20,5,44356380,4827,2294880,249,9209
1163,13,0,24,1,44394000,4826,2298420,249,9222
1164,6,0,23,2,44426400,4826,2298420,249,9228
1165,13,1,25,0,44478720,4826,2298420,248,9241
1166,7,0,22,3,44537820,4827,2301000,248,9248
1167,16,0,25,0,44593500,4826,2301000,248,9264
1168,11,2,25,0,44624940,4825,2301240,248,9275
1169,13,3,25,0,44688360,4825,2308440,248,9288
1170,10,5,25,0,44733600,4826,2316240,249,9298
1171,10,3,25,0,44792280,4826,2326320,249,9308
1172,6,0,22,3,44841360,4825,2345880,251,9314
1173,4,0,17,8,44889360,4826,2345880,251,9318
1174,4,0,13,12,44922060,4825,2345880,251,9322
1175,7,0,19,6,44926380,4825,2345880,251,9329
1176,3,0,16,9,44949660,4824,2345880,251,9332
1177,14,1,25,0,44979720,4826,2345880,251,9346
1178,5,0,20,5,45028440,4825,2346600,250,9351
1179,5,0,17,8,45065940,4825,2346600,250,9356
1180,6,0,18,7,45086700,4825,2346600,250,9362
1181,7,0,20,5,45111360,4825,2346600,250,9369
1182,7,0,21,4,45141360,4825,2346600,250,9376
1183,5,0,20,5,45173700,4825,2346600,250,9381
1184,8,0,19,6,45211080,4825,2346600,249,9389
1185,10,0,23,2,45240540,4825,2346600,249,9399
1186,6,0,18,7,45290340,4824,2346600,249,9405
1187,14,1,25,0,45320040,4824,2346600,249,9419
1188,12,6,25,0,45353520,4824,2350080,249,9431
1189,8,1,25,0,45420900,4825,2359380,249,9439
1190,14,2,25,0,45483300,4825,2369760,250,9453
1191,9,1,25,0,45527160,4824,2379480,251,9462
1192,3,0,18,7,45583080,4825,2379480,251,9465
1193,10,0,21,4,45621180,4825,2379480,251,9475
1194,8,0,25,0,45638520,4825,2380440,251,9483
1195,7,0,25,0,45673980,4825,2380620,250,9490
1196,10,0,22,3,45750540,4827,2383260,250,9500
1197,2,0,15,10,45794580,4827,2383260,250,9502
1198,7,0,18,7,45819120,4827,2383260,250,9509
1199,10,0,21,4,45847380,4827,2383260,250,9519
1200,7,0,21,4,45877140,4826,2383260,250,9526
1201,3,0,16,9,45927120,4827,2383260,250,9529
1202,5,0,15,10,45962160,4828,2383260,249,9534
1203,3,0,15,10,45977760,4828,2383260,249,9537
1204,2,0,15,10,45994320,4829,2383260,249,9539
1205,8,0,18,7,46021740,4829,2383260,249,9547
1206,5,0,16,9,46053780,4829,2383260,249,9552
1207,4,0,13,12,46075320,4828,2383260,249,9556
1208,15,0,25,0,46083660,4827,2383500,249,9571
1209,12,4,25,0,46123260,4827,2389740,249,9583
1210,10,3,25,0,46188000,4828,2408820,251,9593
1211,6,0,19,6,46244880,4827,2420520,252,9599
1212,5,0,19,6,46269900,4827,2420520,252,9604
1213,16,2,25,0,46312260,4827,2422140,251,9620
1214,9,2,25,0,46353600,4827,2429580,252,9629
1215,15,7,25,0,46405860,4827,2435460,252,9644
1216,9,7,25,0,46460880,4829,2444520,253,9653
1217,13,13,25,0,46507680,4830,2449380,253,9666
1218,14,15,25,0,46574100,4831,2456820,253,9680
1219,8,13,25,0,46627320,4831,2472060,255,9688
1220,6,10,25,0,46680540,4832,2526900,260,9694
1221,3,0,22,3,46739880,4830,2669640,275,9697
1222,6,0,18,7,46780500,4830,2669640,275,9703
1223,4,0,19,6,46806120,4831,2669640,275,9707
1224,5,0,19,6,46832460,4831,2669640,274,9712
1225,5,0,18,7,46868760,4832,2669640,274,9717
1226,6,0,18,7,46905360,4833,2669640,274,9723
1227,4,0,16,9,46946760,4834,2669640,274,9727
1228,4,0,16,9,46966560,4834,2669640,274,9731
1229,8,0,18,7,46989960,4833,2669640,274,9739
1230,5,0,15,10,47018940,4832,2669640,273,9744
1231,9,0,20,5,47038980,4832,2669640,273,9753
1232,7,0,18,7,47077980,4832,2669640,273,9760
1233,8,0,19,6,47103840,4831,2669640,273,9768
1234,14,0,25,0,47133000,4830,2670180,272,9782
1235,8,2,25,0,47164140,4830,2672760,273,9790
1236,16,6,25,0,47224020,4831,2677860,273,9806
1237,9,3,25,0,47277960,4830,2688540,273,9815
1238,8,1,25,0,47332920,4831,2698080,274,9823
1239,9,1,25,0,47378040,4831,2710320,275,9832
1240,14,0,25,0,47453100,4831,2716320,275,9846
1241,5,0,18,7,47503140,4830,2716800,275,9851
1242,15,2,25,0,47536920,4831,2716800,275,9866
1243,8,0,23,2,47591040,4831,2722140,275,9874
1244,6,0,23,2,47623980,4831,2722140,275,9880
1245,5,0,20,5,47667360,4831,2722140,275,9885
1246,9,0,22,3,47702340,4832,2722140,275,9894
1247,4,0,19,6,47739060,4832,2722140,275,9898
1248,5,0,18,7,47788860,4834,2722140,274,9903
1249,5,0,18,7,47813880,4834,2722140,274,9908
1250,8,0,22,3,47834520,4834,2722140,274,9916
1251,3,0,16,9,47878740,4834,2722140,274,9919
1252,9,0,21,4,47904060,4835,2722140,274,9928
1253,6,0,19,6,47933880,4834,2722140,274,9934
1254,13,0,25,0,47974860,4835,2722140,273,9947
1255,5,0,17,8,48023820,4833,2722140,273,9952
1256,7,0,18,7,48058020,4834,2722140,273,9959
1257,11,0,24,1,48079380,4834,2722140,273,9970
1258,11,0,25,0,48123780,4833,2723520,272,9981
1259,14,1,25,0,48180000,4832,2725560,272,9995
1260,11,5,25,0,48215820,4833,2727180,272,10006
1261,9,4,25,0,48275940,4834,2743740,274,10015
1262,11,5,25,0,48328800,4834,2748600,274,10026
1263,9,4,25,0,48388380,4835,2770680,276,10035
1264,5,0,21,4,48449760,4835,2776680,276,10040
1265,11,3,25,0,48472020,4836,2776680,276,10051
1266,7,0,22,3,48533520,4835,2783160,276,10058
1267,9,0,22,3,48580500,4836,2783160,276,10067
1268,10,1,25,0,48608820,4836,2783580,276,10077
1269,5,0,20,5,48676800,4837,2784000,276,10082
1270,7,0,18,7,48720180,4837,2784000,275,10089
1271,3,0,14,11,48755580,4837,2784000,275,10092
1272,7,0,17,8,48770940,4837,2784000,275,10099
1273,7,0,15,10,48807420,4836,2784000,275,10106
1274,2,0,15,10,48816420,4836,2784000,275,10108
1275,4,0,15,10,48833280,4836,2784000,275,10112
1276,6,0,17,8,48849180,4836,2784000,275,10118
1277,8,0,20,5,48870480,4835,2784000,274,10126
1278,4,0,17,8,48906300,4835,2784000,274,10130
1279,5,0,15,10,48932760,4835,2784000,274,10135
1280,8,0,21,4,48945660,4835,2784000,274,10143
1281,6,0,18,7,48991920,4835,2784000,274,10149
1282,5,0,19,6,49011180,4835,2784000,274,10154
1283,10,0,22,3,49039440,4835,2784000,273,10164
1284,14,2,25,0,49085940,4835,2784480,273,10178
1285,10,5,25,0,49128000,4836,2788140,273,10188
1286,8,0,23,2,49201860,4836,2799240,274,10196
1287,18,8,25,0,49237800,4836,2801880,274,10214
1288,16,15,25,0,49290720,4837,2814780,275,10230
1289,8,11,25,0,49362180,4838,2842680,277,10238
1290,7,7,25,0,49413180,4838,2878560,280,10245
1291,8,4,25,0,49467000,4838,2920740,284,10253
1292,4,0,17,8,49522500,4836,2968440,289,10257
1293,7,0,18,7,49549020,4835,2968440,289,10264
1294,5,0,16,9,49579500,4835,2968440,289,10269
1295,4,0,14,11,49603380,4835,2968440,288,10273
1296,4,0,14,11,49620540,4834,2968440,288,10277
1297,10,0,23,2,49627020,4835,2968440,288,10287
1298,9,0,25,0,49654440,4834,2969340,288,10296
1299,8,0,23,2,49715460,4835,2970960,288,10304
1300,5,0,20,5,49755180,4835,2970960,288,10309
1301,5,0,15,10,49804920,4835,2970960,288,10314
1302,7,0,17,8,49831800,4836,2970960,287,10321
1303,10,0,24,1,49844280,4835,2970960,287,10331
1304,10,3,25,0,49877700,4836,2971020,287,10341
1305,5,0,23,2,49933860,4837,2976240,287,10346
1306,5,0,19,6,49974780,4836,2976240,287,10351
1307,10,0,22,3,50022360,4838,2976240,287,10361
1308,9,0,21,4,50061420,4837,2976240,287,10370
1309,17,5,25,0,50100660,4837,2981700,287,10387
1310,10,6,25,0,50151780,4838,2991360,287,10397
1311,16,13,25,0,50200260,4838,2999280,288,10413
1312,7,1,25,0,50269620,4836,3073020,294,10420
1313,9,0,24,1,50299140,4834,3077700,295,10429
1314,15,2,25,0,50358120,4834,3081780,295,10444
1315,6,0,20,5,50417160,4833,3086580,295,10450
1316,7,0,17,8,50458980,4833,3086580,295,10457
1317,6,0,15,10,50488140,4832,3086580,294,10463
1318,5,0,14,11,50509200,4831,3086580,294,10468
1319,3,0,15,10,50517180,4831,3086580,294,10471
1320,9,0,19,6,50534520,4830,3086580,294,10480
1321,4,0,18,7,50559360,4830,3086580,294,10484
1322,7,0,16,9,50601960,4830,3086580,294,10491
1323,4,0,13,12,50628840,4830,3086580,294,10495
1324,9,0,17,8,50646540,4829,3086580,293,10504
1325,11,0,25,0,50656740,4829,3087120,293,10515
1326,5,0,20,5,50702520,4828,3087120,293,10520
1327,5,0,17,8,50751600,4829,3087120,293,10525
1328,11,0,22,3,50777520,4829,3087120,293,10536
1329,12,0,24,1,50825220,4829,3088320,292,10548
1330,12,0,23,2,50879340,4828,3088320,292,10560
1331,13,0,24,1,50934000,4828,3089400,292,10573
1332,9,0,25,0,50971620,4828,3091020,292,10582
1333,12,2,25,0,51012840,4827,3091620,291,10594
1334,6,0,20,5,51070440,4827,3092760,291,10600
1335,11,0,23,2,51112080,4827,3092760,291,10611
1336,12,4,25,0,51141540,4827,3093120,291,10623
1337,3,0,19,6,51209460,4827,3099660,291,10626
1338,10,0,20,5,51257940,4828,3099660,291,10636
1339,6,0,21,4,51278580,4828,3099660,291,10642
1340,12,0,21,4,51339420,4828,3099660,290,10654
1341,7,0,22,3,51368640,4828,3099660,290,10661
1342,6,0,18,7,51414360,4828,3099660,290,10667
1343,7,0,17,8,51451860,4827,3099660,290,10674
1344,9,0,20,5,51473340,4827,3099660,290,10683
1345,5,0,25,0,51473340,4827,3099660,290,10688
1346,8,6,25,0,51485520,4827,3104640,290,10696
1347,7,9,25,0,51511980,4828,3113760,291,10703
1348,7,15,25,0,51515940,4828,3114060,290,10710
1349,6,16,25,0,51550200,4829,3121140,291,10716
1350,8,20,25,0,51574080,4829,3136380,292,10724
1351,3,18,25,0,51601860,4829,3149640,293,10727
1352,6,21,25,0,51617460,4829,3168960,295,10733
1353,4,20,25,0,51644820,4830,3181620,296,10737
1354,5,22,25,0,51656040,4829,3187740,296,10742
1355,7,25,25,0,51684780,4830,3219480,299,10749
1356,13,35,25,0,51702000,4831,3248160,302,10762
1357,10,39,25,0,51730080,4831,3258840,302,10772
1358,13,40,25,0,51738840,4831,3264660,303,10785
1359,8,39,25,0,51755040,4831,3288540,305,10793
1360,4,39,25,0,51787080,4832,3324600,308,10797
1361,6,40,25,0,51804660,4832,3333000,309,10803
1362,11,40,25,0,51829140,4833,3365640,311,10814
1363,7,38,25,0,51852840,4833,3378720,313,10821
1364,8,38,25,0,51880200,4834,3446760,319,10829
1365,2,37,25,0,51895980,4834,3481560,322,10831
1366,2,36,25,0,51913260,4834,3524400,326,10833
1367,7,38,25,0,51943920,4835,3534120,327,10840
1368,8,39,25,0,51961920,4835,3542760,327,10848
1369,6,40,25,0,51980520,4835,3620220,334,10854
1370,2,36,25,0,52011600,4835,3881820,358,10856
1371,4,36,25,0,52029960,4835,3975540,367,10860
1372,5,37,25,0,52048320,4835,3979740,367,10865
1373,12,39,25,0,52072440,4835,3986460,368,10877
1374,9,40,25,0,52079640,4836,3990180,368,10886
1375,13,39,25,0,52100100,4836,4008180,369,10899
1376,7,38,25,0,52140540,4837,4104540,378,10906
1377,4,40,25,0,52152900,4837,4107840,378,10910
1378,11,40,25,0,52170540,4837,4114680,379,10921
1379,6,40,25,0,52197480,4838,4194780,386,10927
1380,6,37,25,0,52230480,4837,4301580,396,10933
1381,7,40,25,0,52239720,4837,4303260,396,10940
1382,8,40,25,0,52258440,4838,4306380,396,10948
1383,8,38,25,0,52281780,4838,4434660,408,10956
1384,20,40,25,0,52299540,4838,4534920,417,10976
1385,13,39,25,0,52330440,4838,4605180,423,10989
1386,8,40,25,0,52354140,4839,4611000,423,10997
1387,8,39,25,0,52373940,4838,4626660,424,11005
1388,3,36,25,0,52397400,4837,4732440,434,11008
1389,7,40,25,0,52405140,4837,4733160,434,11015
1390,7,40,25,0,52430880,4838,4742160,435,11022
1391,4,39,25,0,52459320,4838,4801080,440,11026
1392,6,39,25,0,52480200,4838,4807140,440,11032
1393,8,39,25,0,52503900,4839,4977300,456,11040
1394,4,35,25,0,52533360,4839,5256600,481,11044
1395,5,36,25,0,52544100,4838,5444040,498,11049
1396,7,37,25,0,52572960,4838,5451480,498,11056
1397,9,40,25,0,52585140,4838,5458740,499,11065
1398,8,40,25,0,52610580,4838,5479860,501,11073
1399,9,39,25,0,52633500,4838,5492460,502,11082
1400,8,39,25,0,52653660,4839,5501340,502,11090
1401,2,38,25,0,52671120,4839,5505000,502,11092
1402,8,38,25,0,52705020,4839,5735460,523,11100
1403,7,40,25,0,52716240,4839,5737980,523,11107
1404,12,40,25,0,52728780,4839,5740260,523,11119
1405,14,40,25,0,52764240,4839,5760480,525,11133
1406,13,39,25,0,52784760,4839,5796600,528,11146
1407,11,40,25,0,52802100,4839,5799060,528,11157
1408,9,38,25,0,52829340,4840,5860200,533,11166
1409,12,39,25,0,52850820,4840,5908860,538,11178
1410,16,40,25,0,52862820,4840,5915820,538,11194
1411,6,38,25,0,52899960,4840,6151680,559,11200
1412,8,38,25,0,52917360,4840,6339060,576,11208
1413,7,38,25,0,52940040,4840,6374520,579,11215
1414,9,40,25,0,52954920,4840,6376260,579,11224
1415,7,39,25,0,52978740,4840,6390480,580,11231
1416,2,36,25,0,53002200,4840,6555300,595,11233
1417,8,38,25,0,53025540,4839,6611040,599,11241
1418,3,36,25,0,53047740,4839,6622680,600,11244
1419,7,40,25,0,53061000,4839,6625920,600,11251
1420,6,40,25,0,53080080,4839,6631440,601,11257
1421,3,38,25,0,53102880,4839,6665820,604,11260
1422,3,36,25,0,53130000,4839,6700140,606,11263
1423,9,37,25,0,53163660,4840,6708720,607,11272
1424,12,40,25,0,53163660,4840,6708720,607,11284
1425,5,35,25,0,53201520,4840,6760680,611,11289
1426,11,38,25,0,53216280,4840,6767880,612,11300
1427,12,40,25,0,53237760,4840,6774960,612,11312
1428,8,40,25,0,53247600,4840,6779520,612,11320
1429,9,40,25,0,53275080,4841,6793380,613,11329
1430,19,40,25,0,53298420,4841,6809880,615,11348
1431,8,40,25,0,53313660,4841,6816600,615,11356
1432,3,36,25,0,53347260,4841,7716240,696,11359
1433,8,39,25,0,53370480,4841,7721100,696,11367
1434,4,39,25,0,53389740,4841,7729920,697,11371
1435,10,38,25,0,53408400,4842,7735800,697,11381
1436,6,39,25,0,53433360,4842,7781460,701,11387
1437,5,39,25,0,53455380,4841,7788540,701,11392
1438,4,38,25,0,53473680,4841,7797000,701,11396
1439,6,39,25,0,53493600,4842,7802700,702,11402
1440,4,38,25,0,53518860,4842,7808640,702,11406
1441,9,40,25,0,53539920,4842,7810140,702,11415
1442,4,39,25,0,53556780,4842,7816980,702,11419
1443,3,35,25,0,53585220,4842,7890780,709,11422
1444,10,40,25,0,53601540,4842,7915920,710,11432
1445,4,39,25,0,53617980,4842,7924980,711,11436
1446,4,39,25,0,53637780,4842,7938900,712,11440
1447,10,40,25,0,53669820,4843,7960620,714,11450
1448,10,40,25,0,53689020,4843,8280540,742,11460
1449,10,40,25,0,53711220,4844,8287260,743,11470
1450,13,40,25,0,53737200,4844,8299200,743,11483
1451,8,40,25,0,53752620,4843,8659860,775,11491
1452,11,40,25,0,53780460,4843,8666700,776,11502
1453,9,40,25,0,53793960,4843,8669460,776,11511
1454,14,40,25,0,53822520,4843,8679180,776,11525
1455,8,39,25,0,53836920,4843,8687700,777,11533
1456,10,39,25,0,53866560,4844,9080340,811,11543
1457,7,40,25,0,53881380,4844,9084660,812,11550
1458,9,39,25,0,53907780,4844,9462960,845,11559
1459,6,38,25,0,53939280,4844,9469680,845,11565
1460,6,40,25,0,53951340,4844,9882720,882,11571
1461,4,39,25,0,53972100,4844,10268880,916,11575
1462,5,36,25,0,54003300,4843,10281780,917,11580
1463,2,36,25,0,54009060,4843,10284240,917,11582
1464,4,36,25,0,54036180,4844,10694580,953,11586
1465,3,32,25,0,54065640,4843,12191220,1086,11589
1466,9,35,25,0,54088560,4843,12195120,1086,11598
1467,6,40,25,0,54092760,4843,12197640,1085,11604
1468,4,40,25,0,54116040,4843,12211080,1086,11608
1469,7,40,25,0,54141540,4844,12231900,1088,11615
1470,6,38,25,0,54168720,4844,12255540,1090,11621
1471,5,38,25,0,54187800,4844,12267360,1090,11626
1472,10,38,25,0,54215220,4844,12291240,1092,11636
1473,12,36,25,0,54243300,4844,12753360,1132,11648
1474,8,40,25,0,54255300,4843,12761400,1133,11656
1475,11,40,25,0,54273060,4843,12768480,1132,11667
1476,9,39,25,0,54300120,4843,12780780,1133,11676
1477,10,40,25,0,54313740,4842,12785700,1133,11686
1478,11,40,25,0,54329280,4843,12794280,1134,11697
1479,12,40,25,0,54356280,4843,12798660,1134,11709
1480,13,40,25,0,54386460,4843,12878820,1140,11722
1481,12,40,25,0,54399180,4843,12884580,1140,11734
1482,8,40,25,0,54416040,4843,12888600,1140,11742
1483,7,40,25,0,54448740,4844,12893820,1140,11749
1484,7,40,25,0,54459660,4844,12912900,1142,11756
1485,4,37,25,0,54487440,4844,12941100,1144,11760
1486,7,40,25,0,54507840,4844,12975000,1146,11767
1487,3,38,25,0,54530640,4844,12983760,1147,11770
1488,4,38,25,0,54553500,4844,12987420,1146,11774
1489,9,38,25,0,54574500,4844,13429920,1185,11783
1490,7,40,25,0,54599100,4845,13436820,1185,11790
1491,4,37,25,0,54626040,4845,13462740,1187,11794
1492,4,37,25,0,54640380,4845,13466160,1187,11798
1493,4,37,25,0,54663420,4845,13598580,1198,11802
1494,13,40,25,0,54681180,4845,13603500,1198,11815
1495,7,39,25,0,54703140,4845,13611900,1199,11822
1496,10,40,25,0,54723960,4845,13614240,1198,11832
1497,10,40,25,0,54733980,4845,13626600,1199,11842
1498,12,40,25,0,54764760,4846,13651080,1201,11854
1499,16,40,25,0,54791100,4847,13657800,1201,11870
1500,8,40,25,0,54809760,4846,13679640,1202,11878
1501,15,40,25,0,54838320,4847,13689300,1203,11893
1502,9,39,25,0,54862560,4846,13703880,1203,11902
1503,6,40,25,0,54875280,4846,13708980,1204,11908
1504,9,40,25,0,54893220,4846,13712280,1203,11917
1505,10,39,25,0,54920640,4846,13718100,1203,11927
1506,10,38,25,0,54951060,4846,13728180,1204,11937
1507,5,39,25,0,54964800,4846,13730640,1204,11942
1508,10,39,25,0,54992040,4846,13874820,1215,11952
1509,6,40,25,0,55009380,4846,13878900,1216,11958
1510,6,39,25,0,55021380,4846,13889040,1216,11964
1511,8,37,25,0,55063740,4846,13985280,1224,11972
1512,4,39,25,0,55070040,4846,13987620,1224,11976
1513,8,40,25,0,55095240,4846,13996920,1224,11984
1514,5,38,25,0,55114740,4846,14119920,1234,11989
1515,4,29,25,0,55145280,4843,16526520,1444,11993
1516,6,26,25,0,55162980,4840,18533940,1619,11999
1517,7,30,25,0,55181340,4841,18536820,1618,12006
1518,9,34,25,0,55203240,4841,18547320,1618,12015
1519,14,40,25,0,55216920,4841,18551160,1617,12029
1520,8,40,25,0,55246320,4842,18576900,1619,12037
1521,11,40,25,0,55259640,4842,18595920,1620,12048
1522,8,39,25,0,55293600,4843,18625140,1622,12056
1523,8,39,25,0,55306260,4843,18630420,1622,12064
1524,18,40,25,0,55332720,4844,18649860,1623,12082
1525,15,40,25,0,55346520,4844,18661920,1624,12097
1526,7,40,25,0,55375740,4845,18734160,1630,12104
1527,7,39,25,0,55398780,4845,18778200,1633,12111
1528,9,40,25,0,55416360,4845,18785040,1633,12120
1529,11,40,25,0,55428000,4845,18829440,1637,12131
1530,16,40,25,0,55455420,4846,18869700,1639,12147
1531,8,40,25,0,55463820,4846,18910080,1643,12155
1532,10,38,25,0,55508400,4847,18946140,1645,12165
1533,5,37,25,0,55529400,4847,18961740,1646,12170
1534,3,35,25,0,55552020,4847,19043460,1653,12173
1535,3,33,25,0,55569780,4846,19112940,1658,12176
1536,3,29,25,0,55596120,4846,19400640,1683,12179
1537,7,30,25,0,55610340,4844,21107460,1830,12186
1538,4,29,25,0,55635480,4845,21117720,1830,12190
1539,1,26,25,0,55644420,4844,21881820,1896,12191
1540,6,28,25,0,55661040,4843,22026000,1908,12197
1541,10,33,25,0,55699740,4845,22036380,1907,12207
1542,9,39,25,0,55719840,4845,22045320,1906,12216
1543,7,40,25,0,55737360,4845,22055400,1907,12223
1544,11,40,25,0,55756260,4846,22072980,1907,12234
1545,19,40,25,0,55786860,4847,22084680,1908,12253
1546,7,39,25,0,55804500,4847,22121340,1910,12260
1547,14,40,25,0,55829880,4848,22147620,1912,12274
1548,9,38,25,0,55850580,4848,22159080,1913,12283
1549,11,39,25,0,55868340,4848,22166160,1913,12294
1550,13,40,25,0,55895340,4849,22178040,1913,12307
1551,11,39,25,0,55915320,4849,22186380,1913,12318
1552,8,39,25,0,55933500,4849,22234020,1917,12326
1553,6,39,25,0,55958580,4849,22236600,1916,12332
1554,5,39,25,0,55979700,4850,22269780,1918,12337
1555,7,40,25,0,55998240,4850,22319160,1922,12344
1556,3,38,25,0,56020380,4850,22380300,1927,12347
1557,5,37,25,0,56049480,4850,22459320,1933,12352
1558,5,38,25,0,56067600,4850,22464420,1932,12357
1559,9,39,25,0,56090700,4850,22468980,1932,12366
1560,9,40,25,0,56103720,4850,22477380,1932,12375
1561,7,39,25,0,56133120,4851,22489440,1933,12382
1562,3,36,25,0,56163660,4851,22648980,1946,12385
1563,4,33,25,0,56181660,4850,22695360,1949,12389
1564,8,34,25,0,56204160,4849,22731360,1951,12397
1565,6,39,25,0,56210220,4849,22733700,1950,12403
1566,12,40,25,0,56241900,4849,22745220,1950,12415
1567,4,38,25,0,56262840,4849,22761720,1951,12419
1568,6,39,25,0,56277120,4849,22764720,1951,12425
1569,10,40,25,0,56298600,4849,22778160,1951,12435
1570,12,40,25,0,56327640,4850,22872420,1958,12447
1571,11,40,25,0,56347740,4850,22880280,1958,12458
1572,6,39,25,0,56374800,4849,22889520,1958,12464
1573,11,37,25,0,56395020,4849,22904160,1959,12475
1574,12,40,25,0,56416560,4849,23068860,1972,12487
1575,13,40,25,0,56430540,4849,23076720,1972,12500
1576,14,40,25,0,56447100,4849,23088540,1972,12514
1577,13,40,25,0,56479260,4849,23102400,1972,12527
1578,10,40,25,0,56495100,4849,23135340,1975,12537
1579,5,38,25,0,56521560,4848,23150520,1975,12542
1580,11,40,25,0,56546820,4848,23157180,1974,12553
1581,1,36,25,0,56571060,4848,23182860,1976,12554
1582,3,35,25,0,56589060,4848,23306640,1986,12557
1583,7,38,25,0,56605440,4848,23308980,1986,12564
1584,4,38,25,0,56629560,4848,23320620,1986,12568
1585,8,40,25,0,56653440,4849,23328360,1985,12576
1586,2,40,25,0,56665980,4849,23332140,1986,12578
1587,3,39,25,0,56689740,4849,23354580,1987,12581
1588,7,39,25,0,56720580,4849,23537220,2001,12588
1589,5,40,25,0,56731860,4849,23542740,2001,12593
1590,6,38,25,0,56753820,4849,23560260,2002,12599
1591,7,38,25,0,56785440,4848,23569560,2002,12606
1592,5,38,25,0,56799420,4848,23573220,2001,12611
1593,9,40,25,0,56816640,4849,23577000,2001,12620
1594,9,39,25,0,56850660,4849,23609580,2003,12629
1595,6,40,25,0,56867460,4849,23612040,2002,12635
1596,9,38,25,0,56890680,4848,23646660,2004,12644
1597,9,40,25,0,56913480,4848,23679060,2006,12653
1598,8,39,25,0,56932620,4847,23686500,2006,12661
1599,12,39,25,0,56949660,4847,23902380,2023,12673
1600,8,38,25,0,56973060,4846,23912100,2023,12681
1601,9,39,25,0,57001620,4846,23919240,2022,12690
1602,7,39,25,0,57021120,4846,23925540,2022,12697
1603,9,37,25,0,57038700,4845,24068220,2033,12706
1604,5,29,25,0,57069780,4842,26243760,2216,12711
1605,8,32,25,0,57088560,4842,26248740,2215,12719
1606,7,35,25,0,57104280,4842,26254140,2215,12726
1607,5,35,25,0,57128400,4842,26262720,2214,12731
1608,5,35,25,0,57152040,4842,26271000,2214,12736
1609,8,39,25,0,57168720,4842,26273820,2213,12744
1610,6,40,25,0,57193740,4842,26281740,2213,12750
1611,2,38,25,0,57209880,4842,26286420,2213,12752
1612,5,38,25,0,57237180,4842,26312460,2214,12757
1613,3,37,25,0,57260460,4843,26378040,2219,12760
1614,4,36,25,0,57282060,4842,26384760,2219,12764
1615,10,40,25,0,57292560,4842,26387340,2218,12774
1616,10,40,25,0,57319020,4843,26395320,2218,12784
1617,9,40,25,0,57342120,4843,26406000,2218,12793
1618,6,40,25,0,57359220,4843,26409720,2218,12799
1619,2,39,25,0,57371700,4843,26414520,2218,12801
1620,13,39,25,0,57408780,4844,26479440,2222,12814
1621,9,40,25,0,57421080,4843,26531760,2226,12823
1622,11,39,25,0,57452460,4843,26541720,2226,12834
1623,8,40,25,0,57466680,4843,26547540,2225,12842
1624,9,40,25,0,57479580,4844,26551380,2225,12851
1625,6,40,25,0,57508200,4844,26565780,2226,12857
1626,13,40,25,0,57531900,4844,26570760,2225,12870
1627,6,38,25,0,57556980,4845,26608800,2228,12876
1628,1,33,25,0,57584520,4845,26767980,2241,12877
1629,9,35,25,0,57608580,4844,27222720,2278,12886
1630,5,36,25,0,57620940,4843,27227220,2277,12891
1631,5,35,25,0,57647880,4843,27237420,2276,12896
1632,3,34,25,0,57666720,4843,27251460,2277,12899
1633,7,35,25,0,57692520,4843,27259140,2276,12906
1634,6,37,25,0,57711000,4843,27263460,2276,12912
1635,12,40,25,0,57729060,4843,27269400,2275,12924
1636,12,40,25,0,57744480,4843,27276480,2275,12936
1637,2,35,25,0,57777540,4843,27315660,2278,12938
1638,7,34,25,0,57796320,4841,27882540,2324,12945
1639,5,34,25,0,57819060,4841,27885780,2323,12950
1640,7,37,25,0,57834540,4841,27891780,2322,12957
1641,8,39,25,0,57861060,4841,27899940,2322,12965
1642,11,39,25,0,57883740,4842,27912180,2322,12976
1643,16,40,25,0,57889140,4842,27915420,2322,12992
1644,10,38,25,0,57922320,4843,27943500,2324,13002
1645,11,39,25,0,57948300,4843,27967980,2325,13013
1646,13,40,25,0,57973560,4843,27995520,2326,13026
1647,8,40,25,0,57984180,4843,28000680,2326,13034
1648,11,40,25,0,58007220,4843,28006860,2326,13045
1649,10,40,25,0,58034520,4843,28035960,2327,13055
1650,7,40,25,0,58054740,4843,28049400,2328,13062
1651,10,40,25,0,58073340,4843,28055520,2327,13072
1652,5,37,25,0,58103340,4843,28074240,2328,13077
1653,9,37,25,0,58126440,4843,28113780,2330,13086
1654,8,39,25,0,58144140,4842,28120980,2329,13094
1655,3,39,25,0,58161720,4843,28128000,2329,13097
1656,5,36,25,0,58190460,4843,28240920,2338,13102
1657,8,38,25,0,58209180,4842,28319160,2343,13110
1658,10,39,25,0,58222920,4842,28327380,2343,13120
1659,7,38,25,0,58254660,4841,28345680,2343,13127
1660,3,37,25,0,58270380,4841,28351620,2343,13130
1661,12,39,25,0,58288320,4841,28358880,2343,13142
1662,16,40,25,0,58305960,4841,28366140,2343,13158
1663,12,40,25,0,58332480,4842,28383780,2343,13170
1664,13,40,25,0,58353300,4842,28389120,2343,13183
1665,8,38,25,0,58372260,4842,28410840,2344,13191
1666,12,40,25,0,58402440,4841,28495140,2349,13203
1667,15,40,25,0,58425360,4841,28506840,2349,13218
1668,2,37,25,0,58448700,4841,28517100,2350,13220
1669,13,40,25,0,58455960,4841,28518000,2349,13233
1670,10,40,25,0,58485360,4842,28536780,2350,13243
1671,11,39,25,0,58509840,4842,28547040,2350,13254
1672,8,39,25,0,58525500,4842,28553340,2350,13262
1673,6,40,25,0,58538100,4842,28555500,2349,13268
1674,7,39,25,0,58571340,4843,28573020,2350,13275
1675,6,40,25,0,58594440,4842,28657920,2356,13281
1676,6,39,25,0,58615560,4843,28664520,2356,13287
1677,10,36,25,0,58646160,4843,28779720,2365,13297
1678,6,34,25,0,58660080,4841,29883660,2454,13303
1679,7,37,25,0,58679340,4841,29888280,2453,13310
1680,1,31,25,0,58704240,4840,30973320,2542,13311
1681,5,26,25,0,58728420,4838,33994200,2789,13316
1682,9,32,25,0,58737420,4838,33997560,2787,13325
1683,8,35,25,0,58770120,4839,34010460,2786,13333
1684,3,34,25,0,58792200,4839,34027500,2787,13336
1685,14,40,25,0,58807620,4839,34032480,2786,13350
1686,8,40,25,0,58827120,4839,34056240,2786,13358
1687,14,40,25,0,58857360,4839,34071180,2787,13372
1688,7,40,25,0,58871400,4839,34076760,2787,13379
1689,10,40,25,0,58898040,4840,34080360,2785,13389
1690,10,38,25,0,58916400,4840,34104780,2787,13399
1691,19,40,25,0,58932240,4840,34109220,2786,13418
1692,12,40,25,0,58948980,4840,34115580,2786,13430
1693,14,40,25,0,58972200,4840,34120440,2786,13444
1694,8,40,25,0,59010300,4842,34200420,2791,13452
1695,12,39,25,0,59026380,4841,34204800,2790,13464
1696,15,40,25,0,59048160,4841,34218240,2790,13479
1697,10,38,25,0,59075760,4841,34262040,2793,13489
1698,5,40,25,0,59089740,4841,34320720,2797,13494
1699,4,37,25,0,59117460,4841,34431120,2805,13498
1700,10,40,25,0,59127840,4840,34435200,2804,13508
1701,8,40,25,0,59148900,4841,34438080,2804,13516
1702,7,38,25,0,59185260,4841,34520700,2809,13523
1703,6,39,25,0,59196600,4841,34552740,2811,13529
1704,2,37,25,0,59220480,4841,34597860,2814,13531
1705,4,35,25,0,59244540,4841,34637700,2816,13535
1706,4,33,25,0,59261640,4840,34698780,2821,13539
1707,3,33,25,0,59273940,4839,34878540,2835,13542
1708,2,26,25,0,59314380,4839,37869660,3077,13544
1709,7,28,25,0,59324340,4838,38810460,3152,13551
1710,9,32,25,0,59355600,4839,38817780,3150,13560
1711,7,38,25,0,59362020,4839,38819520,3149,13567
1712,6,38,25,0,59399220,4839,38835660,3148,13573
1713,7,40,25,0,59409780,4839,38842380,3147,13580
1714,11,40,25,0,59433720,4839,38877000,3149,13591
1715,12,40,25,0,59449260,4840,38881200,3149,13603
1716,9,40,25,0,59476020,4840,38913060,3150,13612
1717,13,40,25,0,59509440,4841,38959560,3153,13625
1718,8,39,25,0,59518740,4841,39011940,3156,13633
1719,13,40,25,0,59551620,4841,39013320,3155,13646
1720,10,40,25,0,59560380,4841,39016080,3155,13656
1721,7,40,25,0,59582880,4841,39049080,3156,13663
1722,14,40,25,0,59610000,4841,39073380,3157,13677
1723,9,40,25,0,59628300,4841,39091740,3157,13686
1724,8,40,25,0,59645160,4842,39116640,3159,13694
1725,6,40,25,0,59672400,4842,39164460,3162,13700
1726,4,37,25,0,59697180,4842,39225600,3166,13704
1727,7,38,25,0,59721060,4842,39264240,3168,13711
1728,5,39,25,0,59738460,4842,39269040,3166,13716
1729,8,39,25,0,59762400,4842,39275220,3166,13724
1730,5,39,25,0,59778960,4843,39284280,3166,13729
1731,6,39,25,0,59796360,4842,39344640,3170,13735
1732,6,38,25,0,59833020,4843,39385380,3172,13741
1733,11,37,25,0,59858340,4843,39429000,3174,13752
1734,8,37,25,0,59878080,4842,39433860,3173,13760
1735,3,37,25,0,59890500,4842,39500340,3178,13763
1736,4,39,25,0,59899980,4842,39502020,3177,13767
1737,12,39,25,0,59933400,4843,39513420,3177,13779
1738,4,37,25,0,59961540,4843,39621180,3184,13783
1739,13,40,25,0,59975520,4843,39625260,3183,13796
1740,11,39,25,0,60003180,4843,39634200,3182,13807
1741,7,39,25,0,60020280,4843,39640320,3182,13814
1742,6,39,25,0,60038940,4844,39658860,3183,13820
1743,7,40,25,0,60058200,4844,39662640,3182,13827
1744,13,38,25,0,60093480,4844,39816660,3193,13840
1745,17,40,25,0,60104580,4844,39819240,3192,13857
1746,6,40,25,0,60123000,4843,39826320,3192,13863
1747,5,40,25,0,60140940,4844,39829140,3191,13868
1748,11,38,25,0,60180480,4844,40026600,3205,13879
1749,6,39,25,0,60193740,4843,40036560,3205,13885
1750,7,40,25,0,60210600,4843,40126140,3211,13892
1751,5,38,25,0,60239400,4843,40146180,3212,13897
1752,6,38,25,0,60262560,4843,40157460,3211,13903
1753,5,39,25,0,60275940,4842,40314540,3223,13908
1754,7,40,25,0,60296640,4843,40320720,3222,13915
1755,3,39,25,0,60322200,4843,40335360,3222,13918
1756,11,40,25,0,60339540,4843,40339680,3222,13929
1757,9,40,25,0,60364680,4843,40349160,3221,13938
1758,8,40,25,0,60383820,4844,40354740,3220,13946
1759,5,37,25,0,60416580,4844,40542000,3235,13951
1760,9,39,25,0,60431460,4844,40547280,3234,13960
1761,8,38,25,0,60452880,4845,40570980,3235,13968
1762,14,40,25,0,60471540,4844,40605300,3236,13982
1763,13,40,25,0,60496620,4844,40616760,3235,13995
1764,8,37,25,0,60529920,4843,40628340,3235,14003
1765,8,40,25,0,60547620,4843,40630140,3233,14011
1766,13,40,25,0,60555840,4842,40633380,3233,14024
1767,7,38,25,0,60579360,4843,40650120,3233,14031
1768,6,36,25,0,60609120,4842,40770660,3241,14037
1769,10,40,25,0,60619200,4842,40774620,3240,14047
1770,10,40,25,0,60643380,4842,40783440,3240,14057
1771,4,36,25,0,60670560,4842,40809840,3241,14061
1772,6,33,25,0,60693660,4840,41868420,3324,14067
1773,10,39,25,0,60708300,4840,41872020,3321,14077
1774,4,39,25,0,60726840,4840,41877660,3321,14081
1775,5,40,25,0,60741780,4841,41882400,3321,14086
1776,6,38,25,0,60778980,4841,41895660,3320,14092
1777,4,37,25,0,60803460,4841,41925300,3322,14096
1778,4,35,25,0,60822480,4841,41951280,3323,14100
1779,5,29,25,0,60844380,4838,44209140,3500,14105
1780,7,30,25,0,60867900,4838,44213040,3499,14112
1781,6,32,25,0,60889440,4838,44221620,3497,14118
1782,5,36,25,0,60893820,4838,44222820,3498,14123
1783,6,37,25,0,60926040,4838,44240100,3496,14129
1784,13,40,25,0,60940560,4839,44246220,3495,14142
1785,10,39,25,0,60976680,4839,44275800,3496,14152
1786,7,39,25,0,60995700,4839,44300160,3497,14159
1787,5,38,25,0,61017900,4840,44310000,3497,14164
1788,10,40,25,0,61034340,4840,44361420,3500,14174
1789,16,39,25,0,61060080,4839,44374080,3499,14190
1790,8,39,25,0,61082220,4839,44382840,3498,14198
1791,10,40,25,0,61093020,4839,44385180,3498,14208
1792,9,39,25,0,61122900,4839,44439780,3500,14217
1793,9,39,25,0,61138560,4839,44443620,3500,14226
1794,13,39,25,0,61171440,4840,44463240,3500,14239
1795,3,39,25,0,61177500,4840,44466240,3500,14242
1796,9,39,25,0,61206900,4840,44523540,3503,14251
1797,8,40,25,0,61228260,4840,44529420,3502,14259
1798,9,39,25,0,61254240,4841,44550060,3503,14268
1799,6,39,25,0,61271700,4840,44558880,3502,14274
1800,5,40,25,0,61289520,4840,44564340,3502,14279
1801,6,38,25,0,61317720,4841,44577960,3502,14285
1802,5,35,25,0,61342260,4840,44731320,3513,14290
1803,6,33,25,0,61357980,4838,46230240,3629,14296
1804,4,34,25,0,61370820,4838,46231020,3628,14300
1805,4,34,25,0,61399980,4839,46236780,3627,14304
1806,15,40,25,0,61418460,4839,46239840,3625,14319
1807,6,39,25,0,61448400,4839,46255200,3625,14325
1808,4,40,25,0,61454940,4840,46256940,3625,14329
1809,7,39,25,0,61491540,4841,46263480,3623,14336
1810,12,40,25,0,61505400,4841,46267020,3623,14348
1811,10,40,25,0,61522320,4841,46269240,3622,14358
1812,8,40,25,0,61542660,4841,46270920,3621,14366
1813,9,39,25,0,61577820,4841,46299540,3622,14375
1814,9,39,25,0,61597560,4841,46341060,3623,14384
1815,9,40,25,0,61619220,4841,46378140,3625,14393
1816,11,39,25,0,61638180,4841,46411380,3627,14404
1817,12,40,25,0,61662840,4841,46445640,3628,14416
1818,9,40,25,0,61678920,4841,46503780,3632,14425
1819,11,40,25,0,61702560,4841,46510320,3631,14436
1820,4,37,25,0,61730640,4841,46552980,3633,14440
1821,8,40,25,0,61748400,4841,46556340,3632,14448
1822,4,40,25,0,61763340,4841,46563180,3631,14452
1823,4,38,25,0,61791600,4841,46582440,3632,14456
1824,0,35,25,0,61804080,4841,46654500,3637,14456
1825,3,29,25,0,61840080,4841,48351480,3769,14459
1826,3,15,25,0,61862520,4836,59327220,4623,14462
1827,4,7,25,0,61880280,4833,66403920,5173,14466
1828,3,0,24,1,61908360,4831,68445360,5331,14469
1829,8,0,25,0,61927800,4830,68447460,5328,14477
1830,4,4,25,0,61927800,4830,68447460,5328,14481
1831,10,9,25,0,61957980,4830,68455620,5324,14491
1832,8,15,25,0,61972200,4831,68458020,5320,14499
1833,8,18,25,0,62005380,4831,68472480,5318,14507
1834,14,30,25,0,62014980,4831,68475900,5312,14521
1835,10,35,25,0,62044980,4832,68489040,5309,14531
1836,14,40,25,0,62072580,4832,68502540,5306,14545
1837,6,38,25,0,62086860,4832,68510580,5306,14551
1838,9,40,25,0,62113740,4833,68518680,5305,14560
1839,9,37,25,0,62129040,4833,68542200,5306,14569
1840,12,39,25,0,62155080,4833,68581800,5307,14581
1841,5,39,25,0,62174160,4833,68628420,5308,14586
1842,5,40,25,0,62186400,4833,68661720,5311,14591
1843,8,40,25,0,62217060,4834,68689980,5311,14599
1844,5,37,25,0,62244480,4834,68745120,5314,14604
1845,8,40,25,0,62261760,4835,68768880,5314,14612
1846,7,39,25,0,62280960,4835,68808120,5315,14619
1847,4,39,25,0,62304960,4835,68882700,5319,14623
1848,6,40,25,0,62322180,4835,68900160,5320,14629
1849,5,38,25,0,62349300,4836,69025800,5328,14634
1850,7,40,25,0,62368080,4836,69089400,5332,14641
1851,5,39,25,0,62399520,4836,69170160,5335,14646
1852,2,40,25,0,62399520,4836,69170160,5335,14648
1853,4,38,25,0,62433780,4837,69259260,5340,14652
1854,13,40,25,0,62457480,4837,69410940,5350,14665
1855,11,39,25,0,62473800,4838,69425100,5349,14676
1856,4,39,25,0,62505120,4838,69582180,5360,14680
1857,15,40,25,0,62513700,4838,69748080,5372,14695
1858,8,39,25,0,62546460,4839,69842700,5377,14703
1859,9,40,25,0,62560080,4839,69849900,5376,14712
1860,16,40,25,0,62585580,4839,70057620,5390,14728
1861,14,39,25,0,62597880,4839,70068360,5390,14742
1862,10,40,25,0,62628540,4840,70083300,5390,14752
1863,13,40,25,0,62640600,4840,70090080,5389,14765
1864,6,40,25,0,62672820,4841,70111620,5390,14771
1865,12,40,25,0,62680080,4841,70114320,5389,14783
1866,8,39,25,0,62720520,4842,70219260,5394,14791
1867,12,40,25,0,62743920,4842,70226460,5392,14803
1868,7,40,25,0,62752620,4842,70227780,5392,14810
1869,11,40,25,0,62772540,4842,70231800,5391,14821
1870,5,40,25,0,62800320,4843,70254060,5391,14826
1871,5,34,25,0,62830500,4842,70829220,5434,14831
1872,6,35,25,0,62846160,4841,71165460,5458,14837
1873,8,38,25,0,62868480,4841,71169840,5454,14845
1874,3,36,25,0,62890440,4841,71177040,5453,14848
1875,11,39,25,0,62907780,4841,71180040,5451,14859
1876,4,37,25,0,62931360,4841,71199900,5451,14863
1877,8,39,25,0,62958600,4842,71204220,5449,14871
1878,3,40,25,0,62970300,4842,71254560,5453,14874
1879,12,40,25,0,63000780,4842,71282640,5452,14886
1880,7,39,25,0,63015660,4842,71304960,5452,14893
1881,10,39,25,0,63039060,4842,71400900,5457,14903
1882,10,40,25,0,63065460,4842,71402400,5455,14913
1883,6,37,25,0,63087240,4842,71484000,5461,14919
1884,10,39,25,0,63111780,4840,71611440,5466,14929
1885,8,40,25,0,63124440,4840,71614140,5464,14937
1886,8,40,25,0,63140220,4840,71620980,5463,14945
1887,8,40,25,0,63163320,4840,71822400,5478,14953
1888,10,40,25,0,63187560,4840,71826660,5476,14963
1889,6,40,25,0,63206280,4841,71836020,5475,14969
1890,10,40,25,0,63224100,4841,71844120,5474,14979
1891,9,40,25,0,63259560,4842,71856060,5473,14988
1892,10,40,25,0,63268620,4842,71860140,5472,14998
1893,12,40,25,0,63296400,4842,71868240,5471,15010
1894,12,40,25,0,63321780,4842,71906160,5472,15022
1895,8,39,25,0,63347400,4842,71942280,5473,15030
1896,3,37,25,0,63360660,4841,72186660,5490,15033
1897,3,34,25,0,63391860,4842,72369960,5503,15036
1898,5,33,25,0,63411300,4841,72603900,5519,15041
1899,6,32,25,0,63431400,4840,72904980,5539,15047
1900,10,35,25,0,63455160,4839,72915540,5536,15057
1901,7,39,25,0,63468960,4839,72924540,5533,15064
1902,16,40,25,0,63493380,4839,72941160,5532,15080
1903,13,40,25,0,63505440,4839,72946260,5532,15093
1904,8,40,25,0,63532200,4840,72973380,5534,15101
1905,5,38,25,0,63559860,4840,73010280,5533,15106
1906,14,40,25,0,63572040,4840,73020600,5533,15120
1907,9,40,25,0,63600720,4840,73040460,5532,15129
1908,12,40,25,0,63623040,4841,73063080,5532,15141
1909,14,40,25,0,63648600,4841,73088400,5532,15155
1910,6,38,25,0,63675360,4841,73146720,5535,15161
1911,4,38,25,0,63691260,4841,73160100,5534,15165
1912,7,39,25,0,63712020,4840,73392720,5549,15172
1913,15,40,25,0,63718980,4841,73395720,5549,15187
1914,11,39,25,0,63740700,4841,73410660,5549,15198
1915,9,39,25,0,63776460,4842,73414320,5547,15207
1916,5,39,25,0,63797940,4842,73476960,5550,15212
1917,8,40,25,0,63818640,4842,73511580,5550,15220
1918,3,39,25,0,63838500,4842,73520160,5550,15223
1919,4,40,25,0,63855660,4842,73523400,5548,15227
1920,10,40,25,0,63880560,4842,73530540,5547,15237
1921,5,38,25,0,63915420,4843,73563600,5548,15242
1922,8,38,25,0,63927720,4842,73569720,5546,15250
1923,4,39,25,0,63940140,4842,73883880,5569,15254
1924,7,38,25,0,63969060,4842,73894260,5567,15261
1925,7,40,25,0,63989520,4843,73901460,5566,15268
1926,7,39,25,0,64018140,4843,73911000,5564,15275
1927,11,40,25,0,64039140,4843,73915860,5563,15286
1928,5,38,25,0,64057260,4842,73923300,5562,15291
1929,10,40,25,0,64075620,4843,73927080,5560,15301
1930,13,40,25,0,64094700,4843,73931220,5560,15314
1931,11,40,25,0,64109520,4843,73935180,5559,15325
1932,8,39,25,0,64143180,4843,74080860,5567,15333
1933,9,40,25,0,64157280,4843,74161140,5572,15342
1934,15,40,25,0,64186500,4843,74164380,5569,15357
1935,8,40,25,0,64202160,4843,74167140,5568,15365
1936,10,39,25,0,64233960,4844,74268960,5574,15375
1937,12,40,25,0,64252500,4844,74274360,5572,15387
1938,10,39,25,0,64275480,4844,74341140,5576,15397
1939,4,38,25,0,64295760,4844,74375040,5577,15401
1940,4,36,25,0,64321920,4843,74499480,5584,15405
1941,8,40,25,0,64332540,4843,74501100,5583,15413
1942,4,38,25,0,64356600,4843,74512920,5581,15417
1943,5,37,25,0,64382760,4844,74521200,5581,15422
1944,3,36,25,0,64402140,4844,74553300,5582,15425
1945,4,37,25,0,64419540,4844,74570340,5582,15429
1946,5,37,25,0,64445940,4844,74577120,5580,15434
1947,2,35,25,0,64463940,4844,74968800,5608,15436
1948,4,33,25,0,64490880,4844,76164900,5696,15440
1949,8,37,25,0,64503660,4844,76580520,5726,15448
1950,9,37,25,0,64538220,4844,76594080,5722,15457
1951,9,40,25,0,64543980,4844,76595520,5721,15466
1952,11,40,25,0,64575060,4845,76613460,5720,15477
1953,12,40,25,0,64595880,4845,76637820,5720,15489
1954,12,39,25,0,64615080,4845,76643040,5719,15501
1955,19,40,25,0,64633260,4845,76653720,5718,15520
1956,14,40,25,0,64651680,4845,76674240,5718,15534
1957,8,39,25,0,64684200,4845,76694940,5718,15542
1958,9,40,25,0,64698120,4845,76696740,5716,15551
1959,9,39,25,0,64732620,4845,76731900,5716,15560
1960,13,40,25,0,64742160,4845,76744740,5716,15573
1961,7,39,25,0,64761180,4844,77210640,5748,15580
1962,7,39,25,0,64788120,4845,77221200,5747,15587
1963,9,40,25,0,64801260,4845,77225220,5746,15596
1964,7,38,25,0,64841880,4846,77271720,5748,15603
1965,10,39,25,0,64859400,4845,77280720,5746,15613
1966,4,40,25,0,64873380,4845,77289360,5746,15617
1967,6,39,25,0,64899000,4846,77300460,5745,15623
1968,6,39,25,0,64922400,4846,77308980,5743,15629
1969,3,36,25,0,64945140,4845,77744940,5774,15632
1970,6,37,25,0,64962060,4845,78238560,5808,15638
1971,7,39,25,0,64983540,4845,78667500,5838,15645
1972,8,38,25,0,65016780,4845,78685200,5837,15653
1973,7,40,25,0,65020080,4845,78688380,5837,15660
1974,5,38,25,0,65054640,4846,78703440,5835,15665
1975,4,39,25,0,65071080,4846,78706800,5834,15669
1976,6,39,25,0,65091240,4846,78710820,5833,15675
1977,14,40,25,0,65119800,4847,78729600,5832,15689
1978,6,40,25,0,65126820,4846,79209900,5866,15695
1979,7,40,25,0,65149320,4847,79243320,5868,15702
1980,10,40,25,0,65179200,4847,79256700,5867,15712
1981,10,40,25,0,65198400,4847,79266960,5865,15722
1982,16,40,25,0,65226300,4847,79274220,5863,15738
1983,11,40,25,0,65237700,4847,79283520,5863,15749
1984,8,39,25,0,65263020,4847,79290420,5862,15757
1985,1,38,25,0,65279580,4848,79319160,5864,15758
1986,14,39,25,0,65309700,4848,79815540,5897,15772
1987,5,37,25,0,65336160,4848,79832160,5897,15777
1988,13,39,25,0,65351640,4848,79837020,5895,15790
1989,8,40,25,0,65373060,4848,79849740,5894,15798
1990,3,39,25,0,65390520,4848,79858260,5894,15801
1991,7,40,25,0,65415960,4848,79867800,5892,15808
1992,5,37,25,0,65444220,4848,79879740,5891,15813
1993,5,38,25,0,65460540,4848,80376900,5926,15818
1994,7,40,25,0,65477700,4848,80384340,5925,15825
1995,8,40,25,0,65497440,4848,80391660,5923,15833
1996,8,40,25,0,65524020,4848,80402940,5921,15841
1997,7,40,25,0,65548260,4848,80408220,5920,15848
1998,6,40,25,0,65564160,4848,80411040,5918,15854
1999,6,39,25,0,65582280,4848,80928600,5955,15860
2000,14,40,25,0,65613720,4849,80948820,5954,15874
2001,17,40,25,0,65619300,4848,80953920,5954,15891
2002,9,36,25,0,65664660,4849,81510960,5992,15900
2003,10,39,25,0,65677680,4848,81514260,5989,15910
2004,14,40,25,0,65691120,4849,81517320,5989,15924
2005,13,40,25,0,65712900,4849,81729480,6003,15937
2006,13,40,25,0,65738160,4849,81735060,6001,15950
2007,15,40,25,0,65759220,4849,81744840,6000,15965
2008,10,39,25,0,65777700,4849,81753600,5999,15975
2009,8,36,25,0,65809080,4850,81787860,6001,15983
2010,6,34,25,0,65831700,4849,82455960,6047,15989
2011,6,38,25,0,65839380,4848,82457280,6046,15995
2012,7,40,25,0,65865120,4849,82470540,6044,16002
2013,6,40,25,0,65881380,4849,82474860,6043,16008
2014,9,40,25,0,65899260,4850,82489440,6043,16017
2015,9,40,25,0,65934540,4850,82507260,6041,16026
2016,8,40,25,0,65955120,4851,82513260,6040,16034
2017,11,40,25,0,65955120,4851,82513260,6040,16045
2018,4,40,25,0,65955120,4851,82513260,6040,16049
2019,3,40,25,0,65955120,4851,82513260,6040,16052
2020,8,40,25,0,65955120,4851,82513260,6040,16060
2021,9,40,25,0,65955120,4851,82513260,6040,16069
2022,4,40,25,0,65955120,4851,82513260,6040,16073
2023,4,40,25,0,65955120,4851,82513260,6040,16077
2024,7,40,25,0,65955120,4851,82513260,6040,16084
2025,10,40,25,0,65955120,4851,82513260,6040,16094
2026,7,40,25,0,65955120,4851,82513260,6040,16101
2027,13,40,25,0,65955120,4851,82513260,6040,16114
2028,12,40,25,0,65955120,4851,82513260,6040,16126
2029,8,40,25,0,65955120,4851,82513260,6040,16134
2030,11,40,25,0,65955120,4851,82513260,6040,16145
2031,9,40,25,0,65955120,4851,82513260,6040,16154
2032,2,40,25,0,65955120,4851,82513260,6040,16156
2033,7,40,25,0,65955120,4851,82513260,6040,16163
2034,5,40,25,0,65955120,4851,82513260,6040,16168
2035,3,40,25,0,65955120,4851,82513260,6040,16171
2036,8,40,25,0,65955120,4851,82513260,6040,16179
2037,12,40,25,0,65955120,4851,82513260,6040,16191
2038,6,40,25,0,65955120,4851,82513260,6040,16197
2039,3,40,25,0,65955120,4851,82513260,6040,16200
2040,2,40,25,0,65955120,4851,82513260,6040,16202
2041,2,40,25,0,65955120,4851,82513260,6040,16204
2042,2,40,25,0,65955120,4851,82513260,6040,16206
2043,5,40,25,0,65955120,4851,82513260,6040,16211
2044,4,40,25,0,65955120,4851,82513260,6040,16215
2045,3,40,25,0,65955120,4851,82513260,6040,16218
2046,9,40,25,0,65955120,4851,82513260,6040,16227
2047,6,40,25,0,65955120,4851,82513260,6040,16233
2048,13,40,25,0,65955120,4851,82513260,6040,16246
2049,6,40,25,0,65955120,4851,82513260,6040,16252
2050,16,40,25,0,65955120,4851,82513260,6040,16268
2051,9,40,25,0,65955120,4851,82513260,6040,16277
2052,13,40,25,0,65955120,4851,82513260,6040,16290
2053,14,40,25,0,65955120,4851,82513260,6040,16304
2054,11,40,25,0,65955120,4851,82513260,6040,16315
2055,9,40,25,0,65955120,4851,82513260,6040,16324
2056,10,40,25,0,65955120,4851,82513260,6040,16334
2057,5,40,25,0,65955120,4851,82513260,6040,16339
2058,13,40,25,0,65955120,4851,82513260,6040,16352
2059,9,40,25,0,65955120,4851,82513260,6040,16361
2060,4,40,25,0,65955120,4851,82513260,6040,16365
2061,5,40,25,0,65955120,4851,82513260,6040,16370
2062,6,40,25,0,65955120,4851,82513260,6040,16376
2063,4,40,25,0,65955120,4851,82513260,6040,16380
2064,7,40,25,0,65955120,4851,82513260,6040,16387
2065,5,40,25,0,65955120,4851,82513260,6040,16392
2066,6,40,25,0,65955120,4851,82513260,6040,16398
2067,5,40,25,0,65955120,4851,82513260,6040,16403
2068,3,40,25,0,65955120,4851,82513260,6040,16406
2069,4,40,25,0,65955120,4851,82513260,6040,16410
2070,8,40,25,0,65955120,4851,82513260,6040,16418
2071,12,40,25,0,65955120,4851,82513260,6040,16430
2072,5,40,25,0,65955120,4851,82513260,6040,16435
2073,12,40,25,0,65955120,4851,82513260,6040,16447
2074,5,40,25,0,65955120,4851,82513260,6040,16452
2075,8,40,25,0,65955120,4851,82513260,6040,16460
2076,14,40,25,0,65955120,4851,82513260,6040,16474
2077,10,40,25,0,65955120,4851,82513260,6040,16484
2078,9,40,25,0,65955120,4851,82513260,6040,16493
2079,12,40,25,0,65955120,4851,82513260,6040,16505
2080,10,40,25,0,65955120,4851,82513260,6040,16515
2081,17,40,25,0,65955120,4851,82513260,6040,16532
2082,13,40,25,0,65955120,4851,82513260,6040,16545
2083,11,40,25,0,65955120,4851,82513260,6040,16556
2084,7,40,25,0,65955120,4851,82513260,6040,16563
2085,6,40,25,0,65955120,4851,82513260,6040,16569
2086,3,40,25,0,65955120,4851,82513260,6040,16572
2087,7,40,25,0,65955120,4851,82513260,6040,16579
2088,7,40,25,0,65955120,4851,82513260,6040,16586
2089,5,40,25,0,65955120,4851,82513260,6040,16591
2090,9,40,25,0,65955120,4851,82513260,6040,16600
2091,4,40,25,0,65955120,4851,82513260,6040,16604
2092,1,40,25,0,65955120,4851,82513260,6040,16605
2093,5,40,25,0,65955120,4851,82513260,6040,16610
2094,3,40,25,0,65955120,4851,82513260,6040,16613
2095,5,40,25,0,65955120,4851,82513260,6040,16618
2096,7,40,25,0,65955120,4851,82513260,6040,16625
2097,9,40,25,0,65955120,4851,82513260,6040,16634
2098,6,40,25,0,65955120,4851,82513260,6040,16640
2099,7,40,25,0,65955120,4851,82513260,6040,16647
2100,6,40,25,0,65955120,4851,82513260,6040,16653
2101,10,40,25,0,65955120,4851,82513260,6040,16663
2102,18,40,25,0,65955120,4851,82513260,6040,16681
2103,5,40,25,0,65955120,4851,82513260,6040,16686
2104,9,40,25,0,65955120,4851,82513260,6040,16695
2105,9,40,25,0,65955120,4851,82513260,6040,16704
2106,14,40,25,0,65955120,4851,82513260,6040,16718
2107,14,40,25,0,65955120,4851,82513260,6040,16732
2108,7,40,25,0,65955120,4851,82513260,6040,16739
2109,4,40,25,0,65955120,4851,82513260,6040,16743
2110,2,40,25,0,65955120,4851,82513260,6040,16745
2111,6,40,25,0,65955120,4851,82513260,6040,16751
2112,10,40,25,0,65955120,4851,82513260,6040,16761
2113,7,40,25,0,65955120,4851,82513260,6040,16768
2115,7,40,25,0,65955120,4851,82513260,6040,16775
2114,0,40,25,0,65955120,4851,82513260,6040,16775
2116,5,40,25,0,65955120,4851,82513260,6040,16780
2117,4,40,25,0,65955120,4851,82513260,6040,16784
2118,10,40,25,0,65955120,4851,82513260,6040,16794
2119,4,40,25,0,65955120,4851,82513260,6040,16798
2120,12,40,25,0,65955120,4851,82513260,6040,16810
2121,10,40,25,0,65955120,4851,82513260,6040,16820
2122,7,40,25,0,65955120,4851,82513260,6040,16827
2123,7,40,25,0,65955120,4851,82513260,6040,16834
2124,9,40,25,0,65955120,4851,82513260,6040,16843
2125,14,40,25,0,65955120,4851,82513260,6040,16857
2126,13,40,25,0,65955120,4851,82513260,6040,16870
2127,20,40,25,0,65955120,4851,82513260,6040,16890
2128,6,40,25,0,65955120,4851,82513260,6040,16896
2129,11,40,25,0,65955120,4851,82513260,6040,16907
2130,9,40,25,0,65955120,4851,82513260,6040,16916
2131,9,40,25,0,65955120,4851,82513260,6040,16925
2132,5,40,25,0,65955120,4851,82513260,6040,16930
2133,3,40,25,0,65955120,4851,82513260,6040,16933
2134,9,40,25,0,65955120,4851,82513260,6040,16942
2135,8,40,25,0,65955120,4851,82513260,6040,16950
2136,1,40,25,0,65955120,4851,82513260,6040,16951
2137,4,40,25,0,65955120,4851,82513260,6040,16955
2138,10,40,25,0,65955120,4851,82513260,6040,16965
2139,5,40,25,0,65955120,4851,82513260,6040,16970
2140,2,40,25,0,65955120,4851,82513260,6040,16972
2141,8,40,25,0,65955120,4851,82513260,6040,16980
2142,9,40,25,0,65955120,4851,82513260,6040,16989
2143,7,40,25,0,65955120,4851,82513260,6040,16996
2144,8,40,25,0,65955120,4851,82513260,6040,17004
2145,10,40,25,0,65955120,4851,82513260,6040,17014
2146,14,40,25,0,65955120,4851,82513260,6040,17028
2147,8,40,25,0,65955120,4851,82513260,6040,17036
2148,8,40,25,0,65955120,4851,82513260,6040,17044
2149,12,40,25,0,65955120,4851,82513260,6040,17056
2150,15,40,25,0,65955120,4851,82513260,6040,17071
2151,14,40,25,0,65955120,4851,82513260,6040,17085
2152,10,40,25,0,65955120,4851,82513260,6040,17095
2153,13,40,25,0,65955120,4851,82513260,6040,17108
2154,9,40,25,0,65955120,4851,82513260,6040,17117
2155,15,40,25,0,65955120,4851,82513260,6040,17132
2156,6,40,25,0,65955120,4851,82513260,6040,17138
2157,8,40,25,0,65955120,4851,82513260,6040,17146
2158,6,40,25,0,65955120,4851,82513260,6040,17152
2159,4,40,25,0,65955120,4851,82513260,6040,17156
2160,5,40,25,0,65955120,4851,82513260,6040,17161
2161,1,40,25,0,65955120,4851,82513260,6040,17162
2162,7,40,25,0,65955120,4851,82513260,6040,17169
2163,7,40,25,0,65955120,4851,82513260,6040,17176
2164,4,40,25,0,65955120,4851,82513260,6040,17180
2165,9,40,25,0,65955120,4851,82513260,6040,17189
2166,12,40,25,0,65955120,4851,82513260,6040,17201
2167,7,40,25,0,65955120,4851,82513260,6040,17208
2168,11,40,25,0,65955120,4851,82513260,6040,17219
2169,8,40,25,0,65955120,4851,82513260,6040,17227
2170,6,40,25,0,65955120,4851,82513260,6040,17233
2171,8,40,25,0,65955120,4851,82513260,6040,17241
2172,8,40,25,0,65955120,4851,82513260,6040,17249
2173,9,40,25,0,65955120,4851,82513260,6040,17258
2174,10,40,25,0,65955120,4851,82513260,6040,17268
2175,5,40,25,0,65955120,4851,82513260,6040,17273
2176,14,40,25,0,65955120,4851,82513260,6040,17287
2177,14,40,25,0,65955120,4851,82513260,6040,17301
2178,7,40,25,0,65955120,4851,82513260,6040,17308
2179,8,40,25,0,65955120,4851,82513260,6040,17316
2180,5,40,25,0,65955120,4851,82513260,6040,17321
2181,4,40,25,0,65955120,4851,82513260,6040,17325
2182,4,40,25,0,65955120,4851,82513260,6040,17329
2183,11,40,25,0,65955120,4851,82513260,6040,17340
2184,7,40,25,0,65955120,4851,82513260,6040,17347
2185,4,40,25,0,65955120,4851,82513260,6040,17351
2186,5,40,25,0,65955120,4851,82513260,6040,17356
2187,3,40,25,0,65955120,4851,82513260,6040,17359
2188,6,40,25,0,65955120,4851,82513260,6040,17365
2189,5,40,25,0,65955120,4851,82513260,6040,17370
2190,7,40,25,0,65955120,4851,82513260,6040,17377
2191,7,40,25,0,65955120,4851,82513260,6040,17384
2192,11,40,25,0,65955120,4851,82513260,6040,17395
2193,6,40,25,0,65955120,4851,82513260,6040,17401
2194,13,40,25,0,65955120,4851,82513260,6040,17414
2195,8,40,25,0,65955120,4851,82513260,6040,17422
2196,11,40,25,0,65955120,4851,82513260,6040,17433
2197,12,40,25,0,65955120,4851,82513260,6040,17445
2198,10,40,25,0,65955120,4851,82513260,6040,17455
2199,8,40,25,0,65955120,4851,82513260,6040,17463
2200,15,40,25,0,65955120,4851,82513260,6040,17478
2201,6,40,25,0,65955120,4851,82513260,6040,17484
2202,13,40,25,0,65955120,4851,82513260,6040,17497
2203,9,40,25,0,65955120,4851,82513260,6040,17506
2204,7,40,25,0,65955120,4851,82513260,6040,17513
2205,7,40,25,0,65955120,4851,82513260,6040,17520
2206,3,40,25,0,65955120,4851,82513260,6040,17523
2207,4,40,25,0,65955120,4851,82513260,6040,17527
2208,3,40,25,0,65955120,4851,82513260,6040,17530
2209,7,40,25,0,65955120,4851,82513260,6040,17537
2210,4,40,25,0,65955120,4851,82513260,6040,17541
2211,10,40,25,0,65955120,4851,82513260,6040,17551
2212,4,40,25,0,65955120,4851,82513260,6040,17555
2213,7,40,25,0,65955120,4851,82513260,6040,17562
2214,10,40,25,0,65955120,4851,82513260,6040,17572
2215,10,40,25,0,65955120,4851,82513260,6040,17582
2216,4,40,25,0,65955120,4851,82513260,6040,17586
2217,11,40,25,0,65955120,4851,82513260,6040,17597
2218,13,40,25,0,65955120,4851,82513260,6040,17610
2219,10,40,25,0,65955120,4851,82513260,6040,17620
2220,12,40,25,0,65955120,4851,82513260,6040,17632
2221,14,40,25,0,65955120,4851,82513260,6040,17646
2222,1,40,25,0,65955120,4851,82513260,6040,17647
2223,15,40,25,0,65955120,4851,82513260,6040,17662
2224,9,40,25,0,65955120,4851,82513260,6040,17671
2225,10,40,25,0,65955120,4851,82513260,6040,17681
2226,10,40,25,0,65955120,4851,82513260,6040,17691
2227,7,40,25,0,65955120,4851,82513260,6040,17698
2228,5,40,25,0,65955120,4851,82513260,6040,17703
2229,7,40,25,0,65955120,4851,82513260,6040,17710
2230,7,40,25,0,65955120,4851,82513260,6040,17717
2231,12,40,25,0,65955120,4851,82513260,6040,17729
2232,8,40,25,0,65955120,4851,82513260,6040,17737
2233,6,40,25,0,65955120,4851,82513260,6040,17743
2234,6,40,25,0,65955120,4851,82513260,6040,17749
2235,5,40,25,0,65955120,4851,82513260,6040,17754
2236,14,40,25,0,65955120,4851,82513260,6040,17768
2237,7,40,25,0,65955120,4851,82513260,6040,17775
2238,4,40,25,0,65955120,4851,82513260,6040,17779
2239,9,40,25,0,65955120,4851,82513260,6040,17788
2240,9,40,25,0,65955120,4851,82513260,6040,17797
2241,3,40,25,0,65955120,4851,82513260,6040,17800
2242,13,40,25,0,65955120,4851,82513260,6040,17813
2243,10,40,25,0,65955120,4851,82513260,6040,17823
2244,11,40,25,0,65955120,4851,82513260,6040,17834
2245,10,40,25,0,65955120,4851,82513260,6040,17844
2246,15,40,25,0,65955120,4851,82513260,6040,17859
2247,16,40,25,0,65955120,4851,82513260,6040,17875
2248,6,40,25,0,65955120,4851,82513260,6040,17881
2249,14,40,25,0,65955120,4851,82513260,6040,17895
2250,9,40,25,0,65955120,4851,82513260,6040,17904
2251,12,40,25,0,65955120,4851,82513260,6040,17916
2252,9,40,25,0,65955120,4851,82513260,6040,17925
2253,6,40,25,0,65955120,4851,82513260,6040,17931
2254,11,40,25,0,65955120,4851,82513260,6040,17942
2255,7,40,25,0,65955120,4851,82513260,6040,17949
2256,4,40,25,0,65955120,4851,82513260,6040,17953
2257,5,40,25,0,65955120,4851,82513260,6040,17958
2258,6,40,25,0,65955120,4851,82513260,6040,17964
2259,6,40,25,0,65955120,4851,82513260,6040,17970
2260,6,40,25,0,65955120,4851,82513260,6040,17976
2261,6,40,25,0,65955120,4851,82513260,6040,17982
2262,9,40,25,0,65955120,4851,82513260,6040,17991
2263,8,40,25,0,65955120,4851,82513260,6040,17999
2264,6,40,25,0,65955120,4851,82513260,6040,18005
2265,8,40,25,0,65955120,4851,82513260,6040,18013
2266,7,40,25,0,65955120,4851,82513260,6040,18020
2267,10,40,25,0,65955120,4851,82513260,6040,18030
2268,9,40,25,0,65955120,4851,82513260,6040,18039
2269,7,40,25,0,65955120,4851,82513260,6040,18046
2270,11,40,25,0,65955120,4851,82513260,6040,18057
2271,8,40,25,0,65955120,4851,82513260,6040,18065
2272,9,40,25,0,65955120,4851,82513260,6040,18074
2273,13,40,25,0,65955120,4851,82513260,6040,18087
2274,6,40,25,0,65955120,4851,82513260,6040,18093
2275,6,40,25,0,65955120,4851,82513260,6040,18099
2276,7,40,25,0,65955120,4851,82513260,6040,18106
2277,11,40,25,0,65955120,4851,82513260,6040,18117
2278,3,40,25,0,65955120,4851,82513260,6040,18120
2279,5,40,25,0,65955120,4851,82513260,6040,18125
2280,4,40,25,0,65955120,4851,82513260,6040,18129
2281,7,40,25,0,65955120,4851,82513260,6040,18136
2282,10,40,25,0,65955120,4851,82513260,6040,18146
2283,5,40,25,0,65955120,4851,82513260,6040,18151
2284,3,40,25,0,65955120,4851,82513260,6040,18154
2285,7,40,25,0,65955120,4851,82513260,6040,18161
2286,7,40,25,0,65955120,4851,82513260,6040,18168
2287,8,40,25,0,65955120,4851,82513260,6040,18176
2288,8,40,25,0,65955120,4851,82513260,6040,18184
2289,11,40,25,0,65955120,4851,82513260,6040,18195
2290,11,40,25,0,65955120,4851,82513260,6040,18206
2291,9,40,25,0,65955120,4851,82513260,6040,18215
2292,20,40,25,0,65955120,4851,82513260,6040,18235
2293,20,40,25,0,65955120,4851,82513260,6040,18255
2294,9,40,25,0,65955120,4851,82513260,6040,18264
2295,12,40,25,0,65955120,4851,82513260,6040,18276
2296,5,40,25,0,65955120,4851,82513260,6040,18281
2297,7,40,25,0,65955120,4851,82513260,6040,18288
2298,9,40,25,0,65955120,4851,82513260,6040,18297
2299,6,40,25,0,65955120,4851,82513260,6040,18303
2300,8,40,25,0,65955120,4851,82513260,6040,18311
2301,7,40,25,0,65955120,4851,82513260,6040,18318
2302,5,40,25,0,65955120,4851,82513260,6040,18323
2303,10,40,25,0,65955120,4851,82513260,6040,18333
2304,6,40,25,0,65955120,4851,82513260,6040,18339
2305,9,40,25,0,65955120,4851,82513260,6040,18348
2306,2,40,25,0,65955120,4851,82513260,6040,18350
2307,2,40,25,0,65955120,4851,82513260,6040,18352
2308,5,40,25,0,65955120,4851,82513260,6040,18357
2309,7,40,25,0,65955120,4851,82513260,6040,18364
2310,9,40,25,0,65955120,4851,82513260,6040,18373
2311,9,40,25,0,65955120,4851,82513260,6040,18382
2312,8,40,25,0,65955120,4851,82513260,6040,18390
2313,9,40,25,0,65955120,4851,82513260,6040,18399
2314,11,40,25,0,65955120,4851,82513260,6040,18410
2315,15,40,25,0,65955120,4851,82513260,6040,18425
2316,19,40,25,0,65955120,4851,82513260,6040,18444
2317,8,40,25,0,65955120,4851,82513260,6040,18452
2318,4,40,25,0,65955120,4851,82513260,6040,18456
2319,12,40,25,0,65955120,4851,82513260,6040,18468
2320,6,40,25,0,65955120,4851,82513260,6040,18474
2321,10,40,25,0,65955120,4851,82513260,6040,18484
2322,12,40,25,0,65955120,4851,82513260,6040,18496
2323,7,40,25,0,65955120,4851,82513260,6040,18503
2324,7,40,25,0,65955120,4851,82513260,6040,18510
2325,6,40,25,0,65955120,4851,82513260,6040,18516
2326,5,40,25,0,65955120,4851,82513260,6040,18521
2327,3,40,25,0,65955120,4851,82513260,6040,18524
2328,7,40,25,0,65955120,4851,82513260,6040,18531
2329,4,40,25,0,65955120,4851,82513260,6040,18535
2330,4,40,25,0,65955120,4851,82513260,6040,18539
2331,9,40,25,0,65955120,4851,82513260,6040,18548
2332,4,40,25,0,65955120,4851,82513260,6040,18552
2333,8,40,25,0,65955120,4851,82513260,6040,18560
2334,9,40,25,0,65955120,4851,82513260,6040,18569
2335,7,40,25,0,65955120,4851,82513260,6040,18576
2336,11,40,25,0,65955120,4851,82513260,6040,18587
2337,9,40,25,0,65955120,4851,82513260,6040,18596
2338,9,40,25,0,65955120,4851,82513260,6040,18605
2339,7,40,25,0,65955120,4851,82513260,6040,18612
2340,6,40,25,0,65955120,4851,82513260,6040,18618
2341,8,40,25,0,65955120,4851,82513260,6040,18626
2342,7,40,25,0,65955120,4851,82513260,6040,18633
2343,10,40,25,0,65955120,4851,82513260,6040,18643
2344,12,40,25,0,65955120,4851,82513260,6040,18655
2345,7,40,25,0,65955120,4851,82513260,6040,18662
2346,4,40,25,0,65955120,4851,82513260,6040,18666
2347,8,40,25,0,65955120,4851,82513260,6040,18674
2348,7,40,25,0,65955120,4851,82513260,6040,18681
2349,7,40,25,0,65955120,4851,82513260,6040,18688
2350,6,40,25,0,65955120,4851,82513260,6040,18694
2351,6,40,25,0,65955120,4851,82513260,6040,18700
2352,6,40,25,0,65955120,4851,82513260,6040,18706
2353,7,40,25,0,65955120,4851,82513260,6040,18713
2354,2,40,25,0,65955120,4851,82513260,6040,18715
2355,9,40,25,0,65955120,4851,82513260,6040,18724
2356,6,40,25,0,65955120,4851,82513260,6040,18730
2357,3,40,25,0,65955120,4851,82513260,6040,18733
2358,12,40,25,0,65955120,4851,82513260,6040,18745
2359,6,40,25,0,65955120,4851,82513260,6040,18751
2360,14,40,25,0,65955120,4851,82513260,6040,18765
2361,12,40,25,0,65955120,4851,82513260,6040,18777
2362,9,40,25,0,65955120,4851,82513260,6040,18786
2363,14,40,25,0,65955120,4851,82513260,6040,18800
2364,7,40,25,0,65955120,4851,82513260,6040,18807
2365,6,40,25,0,65955120,4851,82513260,6040,18813
2366,10,40,25,0,65955120,4851,82513260,6040,18823
2367,6,40,25,0,65955120,4851,82513260,6040,18829
2368,8,40,25,0,65955120,4851,82513260,6040,18837
2369,16,40,25,0,65955120,4851,82513260,6040,18853
2370,8,40,25,0,65955120,4851,82513260,6040,18861
2371,11,40,25,0,65955120,4851,82513260,6040,18872
2372,6,40,25,0,65955120,4851,82513260,6040,18878
2373,8,40,25,0,65955120,4851,82513260,6040,18886
2374,7,40,25,0,65955120,4851,82513260,6040,18893
2375,4,40,25,0,65955120,4851,82513260,6040,18897
2376,7,40,25,0,65955120,4851,82513260,6040,18904
2377,4,40,25,0,65955120,4851,82513260,6040,18908
2378,9,40,25,0,65955120,4851,82513260,6040,18917
2379,6,40,25,0,65955120,4851,82513260,6040,18923
2380,6,40,25,0,65955120,4851,82513260,6040,18929
2381,4,40,25,0,65955120,4851,82513260,6040,18933
2382,7,40,25,0,65955120,4851,82513260,6040,18940
2383,9,40,25,0,65955120,4851,82513260,6040,18949
2384,5,40,25,0,65955120,4851,82513260,6040,18954
2385,7,40,25,0,65955120,4851,82513260,6040,18961
2386,10,40,25,0,65955120,4851,82513260,6040,18971
2387,7,40,25,0,65955120,4851,82513260,6040,18978
2388,11,40,25,0,65955120,4851,82513260,6040,18989
2389,10,40,25,0,65955120,4851,82513260,6040,18999
2390,10,40,25,0,65955120,4851,82513260,6040,19009
2391,11,40,25,0,65955120,4851,82513260,6040,19020
2392,11,40,25,0,65955120,4851,82513260,6040,19031
2393,12,40,25,0,65955120,4851,82513260,6040,19043
2394,7,40,25,0,65955120,4851,82513260,6040,19050
2395,7,40,25,0,65955120,4851,82513260,6040,19057
2396,10,40,25,0,65955120,4851,82513260,6040,19067
2397,2,40,25,0,65955120,4851,82513260,6040,19069
2398,1,40,25,0,65955120,4851,82513260,6040,19070
2399,4,40,25,0,65955120,4851,82513260,6040,19074

