Hour,Arrivals,Waiting,Treating,Available Rooms,Total Treatment Time,Average Treatment Time,Total Wait Time,Average Wait Time,Total Arrivals
1,7,0,5,20,3660,1830,0,0,7
2,4,0,5,20,16440,2740,0,0,11
3,4,0,4,21,38700,3518,0,0,15
4,8,0,7,18,55080,3442,0,0,23
5,4,0,2,23,87420,3496,0,0,27
6,8,0,4,21,100020,3226,0,0,35
7,4,0,4,21,105900,3025,0,0,39
8,9,0,6,19,125580,2990,0,0,48
9,15,0,11,14,149340,2871,0,0,63
10,10,0,14,11,175800,2979,0,0,73
11,8,0,12,13,214440,3107,0,0,81
12,12,0,10,15,269340,3245,0,0,93
13,7,0,10,15,289920,3221,0,0,100
14,11,0,7,18,335040,3221,0,0,111
15,15,0,10,15,373980,3223,0,0,126
16,12,0,14,11,398400,3212,0,0,138
17,6,0,8,17,449760,3307,0,0,144
18,8,0,6,19,486960,3335,0,0,152
19,7,0,8,17,509220,3372,0,0,159
20,9,0,8,17,538080,3363,0,0,168
21,3,0,5,20,567720,3420,0,0,171
22,7,0,5,20,594540,3436,0,0,178
23,2,0,4,21,611880,3476,0,0,180
24,11,0,12,13,622560,3477,0,0,191
25,5,0,7,18,651060,3444,0,0,196
26,6,0,8,17,678600,3497,0,0,202
27,11,0,12,13,714840,3556,0,0,213
28,11,0,6,19,768180,3523,0,0,224
29,10,0,11,14,781740,3505,0,0,234
30,9,0,10,15,807900,3467,0,0,243
31,9,0,9,16,838740,3451,0,0,252
32,11,0,10,15,877140,3466,0,0,263
33,10,0,12,13,901800,3455,0,0,273
34,12,0,10,15,950580,3456,0,0,285
35,5,0,8,17,979020,3471,0,0,290
36,9,0,6,19,1022880,3491,0,0,299
37,11,0,15,10,1027440,3482,0,0,310
38,6,0,10,15,1070940,3499,0,0,316
39,8,0,9,16,1114080,3536,0,0,324
40,14,0,10,15,1170360,3568,0,0,338
41,7,0,11,14,1184160,3545,0,0,345
42,7,0,10,15,1224900,3581,0,0,352
43,7,0,8,17,1260300,3590,0,0,359
44,6,0,8,17,1293180,3622,0,0,365
45,5,0,7,18,1324500,3648,0,0,370
46,6,0,6,19,1350540,3650,0,0,376
47,8,0,5,20,1372080,3620,0,0,384
48,7,0,5,20,1394400,3612,0,0,391
49,5,0,5,20,1414140,3616,0,0,396
50,3,0,2,23,1436280,3617,0,0,399
51,2,0,1,24,1448340,3620,0,0,401
52,3,0,3,22,1449360,3614,0,0,404
53,7,0,3,22,1458300,3574,0,0,411
54,4,0,5,20,1466040,3575,0,0,415
55,4,0,5,20,1484400,3585,0,0,419
56,6,0,6,19,1505820,3593,0,0,425
57,8,0,9,16,1526760,3600,0,0,433
58,4,0,7,18,1556160,3618,0,0,437
59,12,0,9,16,1591800,3617,0,0,449
60,7,0,6,19,1618920,3597,0,0,456
61,10,0,10,15,1633560,3582,0,0,466
62,13,0,13,12,1662720,3568,0,0,479
63,9,0,9,16,1700340,3549,0,0,488
64,4,0,5,20,1751340,3596,0,0,492
65,13,0,13,12,1767060,3591,0,0,505
66,8,0,8,17,1800780,3565,0,0,513
67,8,0,8,17,1844700,3595,0,0,521
68,16,0,14,11,1870680,3576,0,0,537
69,8,0,13,12,1890900,3554,0,0,545
70,7,0,7,18,1953720,3584,0,0,552
71,7,0,3,22,1999200,3595,0,0,559
72,5,0,5,20,2013720,3602,0,0,564
73,5,0,4,21,2023500,3581,0,0,569
74,2,0,3,22,2040240,3591,0,0,571
75,8,0,4,21,2057280,3577,0,0,579
76,7,0,5,20,2068020,3559,0,0,586
77,2,0,4,21,2073600,3550,0,0,588
78,10,0,6,19,2103540,3553,0,0,598
79,9,0,12,13,2115360,3555,0,0,607
80,12,0,16,9,2149320,3564,0,0,619
81,9,0,14,11,2193960,3573,0,0,628
82,7,0,6,19,2254560,3584,0,0,635
83,11,0,10,15,2287740,3597,0,0,646
84,11,0,9,16,2331060,3597,0,0,657
85,8,0,10,15,2357460,3599,0,0,665
86,5,0,7,18,2400840,3621,0,0,670
87,8,0,8,17,2427480,3623,0,0,678
88,8,0,9,16,2457000,3629,0,0,686
89,12,0,12,13,2477640,3611,0,0,698
90,9,0,10,15,2510040,3601,0,0,707
91,12,0,12,13,2560860,3622,0,0,719
92,4,0,5,20,2595420,3614,0,0,723
93,7,0,9,16,2611860,3622,0,0,730
94,4,0,9,16,2641260,3643,0,0,734
95,6,0,6,19,2680680,3652,0,0,740
96,3,0,0,25,2717640,3657,0,0,743
97,5,0,3,22,2719260,3650,0,0,748
98,7,0,7,18,2724300,3642,0,0,755
99,4,0,8,17,2742060,3651,0,0,759
100,2,0,6,19,2767320,3665,0,0,761
101,3,0,3,22,2809560,3691,0,0,764
102,6,0,4,21,2822820,3685,0,0,770
103,7,0,7,18,2832480,3678,0,0,777
104,10,0,10,15,2857740,3677,0,0,787
105,14,0,17,8,2882760,3676,0,0,801
106,7,0,10,15,2930340,3672,0,0,808
107,16,0,15,10,2959380,3658,0,0,824
108,9,0,12,13,2999280,3653,0,0,833
109,9,0,8,17,3054840,3662,0,0,842
110,8,0,7,18,3092700,3668,0,0,850
111,4,0,9,16,3098280,3666,0,0,854
112,10,0,9,16,3147060,3680,0,0,864
113,8,0,9,16,3165240,3667,0,0,872
114,9,0,8,17,3202500,3668,0,0,881
115,9,0,6,19,3232740,3656,0,0,890
116,9,0,8,17,3252300,3650,0,0,899
117,2,0,2,23,3283620,3652,0,0,901
118,7,0,6,19,3294780,3652,0,0,908
119,7,0,7,18,3311160,3646,0,0,915
120,3,0,2,23,3343080,3649,0,0,918
121,2,0,3,22,3344100,3646,0,0,920
122,5,0,5,20,3354420,3646,0,0,925
123,6,0,9,16,3362640,3647,0,0,931
124,4,0,7,18,3393420,3656,0,0,935
125,8,0,6,19,3423000,3653,0,0,943
126,9,0,7,18,3449820,3650,0,0,952
127,8,0,11,14,3459240,3645,0,0,960
128,9,0,8,17,3511440,3653,0,0,969
129,5,0,6,19,3539040,3656,0,0,974
130,13,0,11,14,3569100,3656,0,0,987
131,13,0,12,13,3602340,3646,0,0,1000
132,8,0,10,15,3646260,3653,0,0,1008
133,8,0,12,13,3689460,3674,0,0,1016
134,8,0,11,14,3735240,3687,0,0,1024
135,9,0,8,17,3773580,3681,0,0,1033
136,8,0,7,18,3811860,3686,0,0,1041
137,14,0,11,14,3844740,3682,0,0,1055
138,4,0,5,20,3872340,3673,0,0,1059
139,6,0,9,16,3885660,3679,0,0,1065
140,3,0,4,21,3911460,3676,0,0,1068
141,9,0,7,18,3943320,3685,0,0,1077
142,7,0,6,19,3968940,3681,0,0,1084
143,5,0,7,18,3987300,3685,0,0,1089
144,5,0,6,19,4015800,3690,0,0,1094
145,6,0,7,18,4043940,3699,0,0,1100
146,4,0,4,21,4070160,3700,0,0,1104
147,9,0,10,15,4078560,3697,0,0,1113
148,6,0,6,19,4123500,3704,0,0,1119
149,5,0,4,21,4156620,3711,0,0,1124
150,7,0,10,15,4160580,3711,0,0,1131
151,12,0,13,12,4202340,3718,0,0,1143
152,11,0,8,17,4249020,3707,0,0,1154
153,11,0,9,16,4301520,3721,0,0,1165
154,11,0,11,14,4322400,3710,0,0,1176
155,13,0,14,11,4359000,3709,0,0,1189
156,6,0,8,17,4410840,3715,0,0,1195
157,14,0,13,12,4437300,3710,0,0,1209
158,8,0,9,16,4486320,3713,0,0,1217
159,4,0,7,18,4516320,3720,0,0,1221
160,8,0,10,15,4542120,3726,0,0,1229
161,7,0,5,20,4593720,3731,0,0,1236
162,6,0,7,18,4607340,3730,0,0,1242
163,10,0,9,16,4638420,3731,0,0,1252
164,8,0,12,13,4652400,3727,0,0,1260
165,7,0,5,20,4697220,3722,0,0,1267
166,8,0,5,20,4726080,3721,0,0,1275
167,5,0,4,21,4750920,3723,0,0,1280
168,6,0,8,17,4762620,3726,0,0,1286
169,7,0,11,14,4780620,3729,0,0,1293
170,2,0,4,21,4816740,3731,0,0,1295
171,3,0,3,22,4845840,3741,0,0,1298
172,5,0,3,22,4857900,3736,0,0,1303
173,9,0,7,18,4872780,3733,0,0,1312
174,7,0,5,20,4893360,3724,0,0,1319
175,9,0,8,17,4911000,3720,0,0,1328
176,7,0,6,19,4941720,3718,0,0,1335
177,8,0,10,15,4955820,3717,0,0,1343
178,7,0,8,17,4994760,3721,0,0,1350
179,10,0,7,18,5026860,3715,0,0,1360
180,13,0,15,10,5039760,3711,0,0,1373
181,8,0,12,13,5076480,3708,0,0,1381
182,15,0,13,12,5130900,3709,0,0,1396
183,5,0,6,19,5180040,3713,0,0,1401
184,10,0,9,16,5207520,3714,0,0,1411
185,10,0,11,14,5240340,3716,0,0,1421
186,12,0,12,13,5278380,3714,0,0,1433
187,9,0,14,11,5304780,3714,0,0,1442
188,10,0,8,17,5365440,3715,0,0,1452
189,7,0,7,18,5396460,3716,0,0,1459
190,7,0,4,21,5429940,3714,0,0,1466
191,7,0,7,18,5442240,3712,0,0,1473
192,2,0,3,22,5470800,3716,0,0,1475
193,9,0,8,17,5481780,3713,0,0,1484
194,9,0,9,16,5504580,3709,0,0,1493
195,5,0,3,22,5542020,3707,0,0,1498
196,4,0,3,22,5564340,3712,0,0,1502
197,5,0,4,21,5573580,3708,0,0,1507
198,5,0,3,22,5588820,3703,0,0,1512
199,4,0,3,22,5604120,3703,0,0,1516
200,7,0,7,18,5605860,3697,0,0,1523
201,13,0,11,14,5643720,3700,0,0,1536
202,4,0,6,19,5666400,3693,0,0,1540
203,13,0,13,12,5683920,3690,0,0,1553
204,18,0,16,9,5736900,3689,0,0,1571
205,7,0,16,9,5764320,3690,0,0,1578
206,11,0,13,12,5832960,3701,0,0,1589
207,13,0,10,15,5887080,3697,0,0,1602
208,9,0,6,19,5932980,3696,0,0,1611
209,12,0,6,19,5959920,3685,0,0,1623
210,2,0,4,21,5976960,3687,0,0,1625
211,13,0,10,15,5999700,3685,0,0,1638
212,6,0,10,15,6019380,3683,0,0,1644
213,5,0,4,21,6058620,3683,0,0,1649
214,7,0,10,15,6065520,3685,0,0,1656
215,11,0,14,11,6096900,3688,0,0,1667
216,2,0,6,19,6147240,3696,0,0,1669
217,3,0,3,22,6179460,3702,0,0,1672
218,2,0,3,22,6189480,3704,0,0,1674
219,6,0,4,21,6210720,3705,0,0,1680
220,5,0,5,20,6219360,3702,0,0,1685
221,6,0,5,20,6236880,3699,0,0,1691
222,8,0,7,18,6260880,3700,0,0,1699
223,7,0,7,18,6283560,3698,0,0,1706
224,6,0,7,18,6302880,3696,0,0,1712
225,11,0,14,11,6313200,3694,0,0,1723
226,6,0,7,18,6355800,3690,0,0,1729
227,11,0,8,17,6400380,3695,0,0,1740
228,17,0,15,10,6420840,3685,0,0,1757
229,17,0,18,7,6481920,3691,0,0,1774
230,13,0,11,14,6543420,3684,0,0,1787
231,12,0,14,11,6587580,3690,0,0,1799
232,11,0,11,14,6635880,3688,0,0,1810
233,12,0,10,15,6677400,3685,0,0,1822
234,7,0,6,19,6712440,3682,0,0,1829
235,10,0,8,17,6738060,3679,0,0,1839
236,5,0,10,15,6748620,3679,0,0,1844
237,6,0,8,17,6790320,3686,0,0,1850
238,6,0,6,19,6820380,3686,0,0,1856
239,6,0,5,20,6843120,3685,0,0,1862
240,4,0,7,18,6847260,3683,0,0,1866
241,6,0,6,19,6876900,3685,0,0,1872
242,8,0,8,17,6895140,3683,0,0,1880
243,4,0,4,21,6923340,3682,0,0,1884
244,5,0,4,21,6938640,3680,0,0,1889
245,10,0,7,18,6949500,3673,0,0,1899
246,11,0,12,13,6964320,3669,0,0,1910
247,2,0,8,17,6986460,3669,0,0,1912
248,9,0,6,19,7038060,3675,0,0,1921
249,10,0,11,14,7048500,3671,0,0,1931
250,20,0,16,9,7089420,3663,0,0,1951
251,8,0,11,14,7139460,3665,0,0,1959
252,11,0,12,13,7188360,3671,0,0,1970
253,15,0,13,12,7243920,3673,0,0,1985
254,8,0,13,12,7279140,3676,0,0,1993
255,12,0,14,11,7333800,3683,0,0,2005
256,8,0,7,18,7374780,3676,0,0,2013
257,11,0,8,17,7413420,3677,0,0,2024
258,13,0,13,12,7437900,3674,0,0,2037
259,8,0,9,16,7472100,3669,0,0,2045
260,6,0,10,15,7494720,3672,0,0,2051
261,4,0,4,21,7538400,3675,0,0,2055
262,7,0,4,21,7568340,3677,0,0,2062
263,6,0,7,18,7581120,3678,0,0,2068
264,6,0,7,18,7605300,3679,0,0,2074
265,7,0,7,18,7626480,3677,0,0,2081
266,5,0,5,20,7651800,3676,0,0,2086
267,5,0,6,19,7672260,3679,0,0,2091
268,3,0,5,20,7688700,3680,0,0,2094
269,12,0,6,19,7724520,3678,0,0,2106
270,15,0,15,10,7738680,3674,0,0,2121
271,10,0,14,11,7774380,3672,0,0,2131
272,11,0,12,13,7831440,3676,0,0,2142
273,9,0,9,16,7873920,3675,0,0,2151
274,8,0,10,15,7907700,3679,0,0,2159
275,11,0,11,14,7943580,3679,0,0,2170
276,12,0,10,15,7983600,3675,0,0,2182
277,16,0,18,7,8009940,3674,0,0,2198
278,13,0,18,7,8050800,3671,0,0,2211
279,8,0,11,14,8122500,3678,0,0,2219
280,9,0,10,15,8161560,3679,0,0,2228
281,10,0,10,15,8210220,3685,0,0,2238
282,9,0,14,11,8229780,3685,0,0,2247
283,6,0,11,14,8271240,3689,0,0,2253
284,13,0,8,17,8327280,3687,0,0,2266
285,4,0,5,20,8361480,3691,0,0,2270
286,6,0,8,17,8371620,3691,0,0,2276
287,6,0,7,18,8404680,3694,0,0,2282
288,4,0,5,20,8426280,3694,0,0,2286
289,4,0,5,20,8437920,3692,0,0,2290
290,7,0,8,17,8452380,3692,0,0,2297
291,2,0,2,23,8483520,3693,0,0,2299
292,9,0,8,17,8492940,3692,0,0,2308
293,8,0,7,18,8508000,3684,0,0,2316
294,1,0,6,19,8519220,3686,0,0,2317
295,12,0,9,16,8547420,3684,0,0,2329
296,7,0,11,14,8574960,3688,0,0,2336
297,8,0,10,15,8625420,3695,0,0,2344
298,12,0,12,13,8656440,3693,0,0,2356
299,14,0,12,13,8692200,3686,0,0,2370
300,8,0,8,17,8743860,3689,0,0,2378
301,8,0,2,23,8786400,3685,0,0,2386
302,9,0,8,17,8789100,3682,0,0,2395
303,9,0,10,15,8813160,3681,0,0,2404
304,16,0,16,9,8844420,3679,0,0,2420
305,3,0,11,14,8875560,3679,0,0,2423
306,13,0,13,12,8927040,3684,0,0,2436
307,10,0,11,14,8989200,3691,0,0,2446
308,7,0,9,16,9018420,3690,0,0,2453
309,2,0,4,21,9064080,3698,0,0,2455
310,10,0,9,16,9087480,3700,0,0,2465
311,4,0,6,19,9102960,3695,0,0,2469
312,3,0,4,21,9134160,3701,0,0,2472
313,5,0,6,19,9138540,3698,0,0,2477
314,6,0,8,17,9160920,3701,0,0,2483
315,5,0,9,16,9179880,3703,0,0,2488
316,7,0,9,16,9209820,3704,0,0,2495
317,10,0,9,16,9260700,3710,0,0,2505
318,6,0,8,17,9287340,3710,0,0,2511
319,8,0,10,15,9310440,3710,0,0,2519
320,8,0,11,14,9345060,3714,0,0,2527
321,8,0,9,16,9381540,3713,0,0,2535
322,6,0,7,18,9413880,3715,0,0,2541
323,9,0,8,17,9436920,3712,0,0,2550
324,8,0,8,17,9474540,3715,0,0,2558
325,11,0,10,15,9503040,3713,0,0,2569
326,7,0,9,16,9531540,3713,0,0,2576
327,7,0,6,19,9572820,3714,0,0,2583
328,7,0,7,18,9590400,3712,0,0,2590
329,6,0,5,20,9613140,3710,0,0,2596
330,5,0,8,17,9624120,3711,0,0,2601
331,4,0,6,19,9659100,3716,0,0,2605
332,7,0,8,17,9682560,3718,0,0,2612
333,10,0,11,14,9712020,3719,0,0,2622
334,7,0,7,18,9749700,3718,0,0,2629
335,2,0,4,21,9772560,3720,0,0,2631
336,5,0,5,20,9790380,3721,0,0,2636
337,9,0,9,16,9805860,3719,0,0,2645
338,1,0,4,21,9824280,3718,0,0,2646
339,5,0,4,21,9852000,3721,0,0,2651
340,5,0,5,20,9862620,3720,0,0,2656
341,6,0,4,21,9881100,3717,0,0,2662
342,11,0,7,18,9902220,3714,0,0,2673
343,4,0,4,21,9924360,3712,0,0,2677
344,6,0,5,20,9945300,3713,0,0,2683
345,6,0,7,18,9957360,3712,0,0,2689
346,13,0,11,14,9981180,3709,0,0,2702
347,14,0,15,10,10012500,3706,0,0,2716
348,8,0,8,17,10071660,3708,0,0,2724
349,13,0,9,16,10110780,3706,0,0,2737
350,8,0,11,14,10125720,3703,0,0,2745
351,9,0,9,16,10169520,3704,0,0,2754
352,14,0,12,13,10203900,3702,0,0,2768
353,16,0,16,9,10240080,3699,0,0,2784
354,11,0,14,11,10284900,3698,0,0,2795
355,5,0,9,16,10334700,3702,0,0,2800
356,7,0,10,15,10359240,3703,0,0,2807
357,6,0,5,20,10409040,3706,0,0,2813
358,9,0,10,15,10429140,3708,0,0,2822
359,8,0,9,16,10463700,3709,0,0,2830
360,5,0,5,20,10488900,3706,0,0,2835
361,5,0,6,19,10509900,3708,0,0,2840
362,6,0,7,18,10529460,3708,0,0,2846
363,4,0,4,21,10561500,3710,0,0,2850
364,9,0,10,15,10569180,3709,0,0,2859
365,6,0,9,16,10601760,3712,0,0,2865
366,12,0,14,11,10631400,3713,0,0,2877
367,8,0,11,14,10672800,3713,0,0,2885
368,6,0,9,16,10712760,3717,0,0,2891
369,11,0,8,17,10749480,3714,0,0,2902
370,11,0,7,18,10780380,3709,0,0,2913
371,8,0,9,16,10803000,3709,0,0,2921
372,5,0,6,19,10833120,3709,0,0,2926
373,15,0,14,11,10856460,3709,0,0,2941
374,8,0,12,13,10885860,3706,0,0,2949
375,8,0,11,14,10937460,3712,0,0,2957
376,16,0,10,15,10994700,3710,0,0,2973
377,6,0,5,20,11039640,3712,0,0,2979
378,10,0,6,19,11056140,3706,0,0,2989
379,9,0,6,19,11081640,3703,0,0,2998
380,12,0,11,14,11101020,3701,0,0,3010
381,7,0,9,16,11137320,3702,0,0,3017
382,9,0,5,20,11179620,3700,0,0,3026
383,4,0,7,18,11186400,3700,0,0,3030
384,5,0,5,20,11218980,3702,0,0,3035
385,4,0,5,20,11230500,3701,0,0,3039
386,3,0,4,21,11244480,3701,0,0,3042
387,6,0,8,17,11259360,3703,0,0,3048
388,7,0,8,17,11286960,3704,0,0,3055
389,8,0,8,17,11304300,3700,0,0,3063
390,6,0,6,19,11334420,3700,0,0,3069
391,9,0,8,17,11362140,3701,0,0,3078
392,7,0,10,15,11379780,3700,0,0,3085
393,9,0,10,15,11407920,3699,0,0,3094
394,15,0,12,13,11447100,3696,0,0,3109
395,14,0,14,11,11495700,3697,0,0,3123
396,11,0,15,10,11527740,3695,0,0,3134
397,9,0,5,20,11602920,3697,0,0,3143
398,11,0,10,15,11614980,3694,0,0,3154
399,17,0,17,8,11642700,3691,0,0,3171
400,7,0,8,17,11709660,3693,0,0,3178
401,10,0,7,18,11736480,3689,0,0,3188
402,11,0,8,17,11773200,3689,0,0,3199
403,7,0,7,18,11790900,3685,0,0,3206
404,8,0,8,17,11807880,3683,0,0,3214
405,7,0,7,18,11846340,3685,0,0,3221
406,6,0,5,20,11866980,3683,0,0,3227
407,0,0,2,23,11882880,3684,0,0,3227
408,6,0,5,20,11899380,3686,0,0,3233
409,4,0,2,23,11916720,3683,0,0,3237
410,8,0,6,19,11929440,3683,0,0,3245
411,3,0,6,19,11933040,3680,0,0,3248
412,3,0,3,22,11966400,3684,0,0,3251
413,3,0,5,20,11970600,3684,0,0,3254
414,9,0,8,17,11993820,3684,0,0,3263
415,6,0,8,17,12008580,3682,0,0,3269
416,12,0,10,15,12039840,3680,0,0,3281
417,2,0,5,20,12071760,3682,0,0,3283
418,10,0,7,18,12094500,3680,0,0,3293
419,10,0,9,16,12117900,3678,0,0,3303
420,6,0,10,15,12133860,3678,0,0,3309
421,12,0,12,13,12180960,3681,0,0,3321
422,11,0,11,14,12200820,3673,0,0,3332
423,14,0,12,13,12244140,3672,0,0,3346
424,9,0,14,11,12286260,3677,0,0,3355
425,12,0,9,16,12348120,3677,0,0,3367
426,11,0,11,14,12373740,3675,0,0,3378
427,13,0,14,11,12400380,3672,0,0,3391
428,6,0,7,18,12446100,3671,0,0,3397
429,5,0,3,22,12483900,3672,0,0,3402
430,6,0,6,19,12501300,3674,0,0,3408
431,4,0,6,19,12512160,3673,0,0,3412
432,6,0,5,20,12533280,3672,0,0,3418
433,5,0,8,17,12534720,3670,0,0,3423
434,6,0,5,20,12576240,3672,0,0,3429
435,1,0,3,22,12585420,3672,0,0,3430
436,3,0,3,22,12597540,3672,0,0,3433
437,10,0,5,20,12617280,3669,0,0,3443
438,12,0,10,15,12633420,3667,0,0,3455
439,5,0,6,19,12663300,3666,0,0,3460
440,12,0,15,10,12682800,3668,0,0,3472
441,6,0,10,15,12716520,3666,0,0,3478
442,12,0,11,14,12770700,3670,0,0,3490
443,10,0,11,14,12807420,3670,0,0,3500
444,9,0,9,16,12843840,3669,0,0,3509
445,9,0,7,18,12884700,3669,0,0,3518
446,4,0,5,20,12905760,3669,0,0,3522
447,8,0,8,17,12924360,3669,0,0,3530
448,10,0,9,16,12955260,3669,0,0,3540
449,8,0,8,17,12984180,3667,0,0,3548
450,11,0,10,15,13016460,3667,0,0,3559
451,9,0,11,14,13036800,3665,0,0,3568
452,9,0,12,13,13079460,3668,0,0,3577
453,5,0,8,17,13117560,3670,0,0,3582
454,5,0,6,19,13148100,3671,0,0,3587
455,7,0,9,16,13168560,3673,0,0,3594
456,5,0,4,21,13200600,3671,0,0,3599
457,3,0,5,20,13214880,3673,0,0,3602
458,5,0,5,20,13240560,3675,0,0,3607
459,3,0,6,19,13247880,3675,0,0,3610
460,6,0,5,20,13276140,3676,0,0,3616
461,8,0,7,18,13299960,3677,0,0,3624
462,8,0,7,18,13329660,3677,0,0,3632
463,10,0,11,14,13351320,3677,0,0,3642
464,14,0,11,14,13384080,3671,0,0,3656
465,12,0,12,13,13419720,3670,0,0,3668
466,13,0,12,13,13472280,3671,0,0,3681
467,10,0,10,15,13514280,3671,0,0,3691
468,7,0,9,16,13541520,3670,0,0,3698
469,8,0,8,17,13569240,3669,0,0,3706
470,8,0,11,14,13592640,3670,0,0,3714
471,11,0,8,17,13629240,3666,0,0,3725
472,9,0,9,16,13666500,3668,0,0,3734
473,13,0,10,15,13700100,3666,0,0,3747
474,12,0,10,15,13736520,3664,0,0,3759
475,4,0,4,21,13772760,3663,0,0,3763
476,11,0,8,17,13795500,3663,0,0,3774
477,2,0,4,21,13819440,3663,0,0,3776
478,1,0,1,24,13840260,3665,0,0,3777
479,4,0,3,22,13848360,3665,0,0,3781
480,8,0,6,19,13857600,3663,0,0,3789
481,4,0,3,22,13874760,3660,0,0,3793
482,2,0,3,22,13886340,3662,0,0,3795
483,6,0,5,20,13897620,3661,0,0,3801
484,6,0,4,21,13914420,3658,0,0,3807
485,8,0,6,19,13925520,3655,0,0,3815
486,2,0,3,22,13942860,3655,0,0,3817
487,7,0,6,19,13957860,3655,0,0,3824
488,11,0,12,13,13974000,3655,0,0,3835
489,8,0,9,16,14011860,3654,0,0,3843
490,8,0,7,18,14053800,3656,0,0,3851
491,11,0,7,18,14086440,3654,0,0,3862
492,8,0,5,20,14119380,3653,0,0,3870
493,12,0,11,14,14139780,3652,0,0,3882
494,11,0,10,15,14167860,3648,0,0,3893
495,6,0,9,16,14200020,3650,0,0,3899
496,7,0,8,17,14235000,3651,0,0,3906
497,4,0,3,22,14280660,3655,0,0,3910
498,7,0,9,16,14280960,3654,0,0,3917
499,4,0,8,17,14306820,3656,0,0,3921
500,8,0,6,19,14341320,3655,0,0,3929
501,8,0,9,16,14361480,3656,0,0,3937
502,4,0,7,18,14386740,3657,0,0,3941
503,6,0,7,18,14406000,3656,0,0,3947
504,6,0,6,19,14433240,3656,0,0,3953
505,4,0,6,19,14450220,3657,0,0,3957
506,5,0,7,18,14471340,3658,0,0,3962
507,8,0,7,18,14494320,3657,0,0,3970
508,6,0,7,18,14513580,3656,0,0,3976
509,9,0,10,15,14550120,3660,0,0,3985
510,10,0,7,18,14586840,3657,0,0,3995
511,5,0,6,19,14607720,3657,0,0,4000
512,7,0,8,17,14632140,3658,0,0,4007
513,12,0,9,16,14676120,3659,0,0,4019
514,8,0,8,17,14698560,3657,0,0,4027
515,16,0,14,11,14735400,3657,0,0,4043
516,10,0,11,14,14767080,3653,0,0,4053
517,11,0,14,11,14803440,3655,0,0,4064
518,9,0,9,16,14857740,3655,0,0,4073
519,13,0,9,16,14890020,3652,0,0,4086
520,11,0,10,15,14938020,3655,0,0,4097
521,9,0,11,14,14967120,3654,0,0,4106
522,7,0,8,17,15009780,3656,0,0,4113
523,3,0,7,18,15024960,3656,0,0,4116
524,7,0,9,16,15054840,3659,0,0,4123
525,6,0,7,18,15100020,3663,0,0,4129
526,4,0,6,19,15111840,3661,0,0,4133
527,3,0,2,23,15143640,3663,0,0,4136
528,6,0,4,21,15158100,3663,0,0,4142
529,4,0,4,21,15167220,3661,0,0,4146
530,3,0,3,22,15176400,3660,0,0,4149
531,5,0,5,20,15187140,3660,0,0,4154
532,4,0,4,21,15203460,3659,0,0,4158
533,1,0,1,24,15218760,3660,0,0,4159
534,14,0,13,12,15220920,3658,0,0,4173
535,12,0,9,16,15261180,3654,0,0,4185
536,8,0,10,15,15282240,3653,0,0,4193
537,7,0,4,21,15333900,3654,0,0,4200
538,7,0,6,19,15360240,3656,0,0,4207
539,10,0,9,16,15384420,3655,0,0,4217
540,4,0,6,19,15416760,3657,0,0,4221
541,6,0,8,17,15430020,3657,0,0,4227
542,8,0,7,18,15471240,3659,0,0,4235
543,6,0,6,19,15498960,3659,0,0,4241
544,7,0,7,18,15518520,3659,0,0,4248
545,7,0,5,20,15550020,3658,0,0,4255
546,12,0,13,12,15556140,3656,0,0,4267
547,5,0,8,17,15594960,3657,0,0,4272
548,7,0,8,17,15640260,3661,0,0,4279
549,10,0,11,14,15649680,3658,0,0,4289
550,8,0,6,19,15704580,3659,0,0,4297
551,8,0,5,20,15727980,3657,0,0,4305
552,10,0,11,14,15736980,3656,0,0,4315
553,5,0,7,18,15766320,3655,0,0,4320
554,6,0,3,22,15804240,3655,0,0,4326
555,8,0,6,19,15816180,3654,0,0,4334
556,6,0,7,18,15831360,3653,0,0,4340
557,7,0,7,18,15863640,3655,0,0,4347
558,9,0,10,15,15884340,3654,0,0,4356
559,6,0,2,23,15927120,3653,0,0,4362
560,6,0,5,20,15935820,3652,0,0,4368
561,4,0,4,21,15954300,3652,0,0,4372
562,13,0,11,14,15965520,3650,0,0,4385
563,11,0,11,14,15993180,3647,0,0,4396
564,16,0,14,11,16029120,3644,0,0,4412
565,10,0,12,13,16067100,3643,0,0,4422
566,8,0,11,14,16104120,3644,0,0,4430
567,15,0,16,9,16142940,3644,0,0,4445
568,13,0,12,13,16184160,3640,0,0,4458
569,7,0,7,18,16225620,3639,0,0,4465
570,6,0,7,18,16254300,3641,0,0,4471
571,8,0,8,17,16281960,3641,0,0,4479
572,7,0,6,19,16311720,3641,0,0,4486
573,3,0,3,22,16336560,3641,0,0,4489
574,7,0,2,23,16356600,3639,0,0,4496
575,2,0,2,23,16359540,3638,0,0,4498
576,6,0,5,20,16363620,3637,0,0,4504
577,7,0,8,17,16375740,3636,0,0,4511
578,5,0,8,17,16399020,3637,0,0,4516
579,4,0,5,20,16433100,3639,0,0,4520
580,5,0,4,21,16453020,3639,0,0,4525
581,4,0,4,21,16472400,3640,0,0,4529
582,7,0,4,21,16487940,3638,0,0,4536
583,8,0,6,19,16507740,3637,0,0,4544
584,8,0,5,20,16531860,3635,0,0,4552
585,6,0,8,17,16537980,3634,0,0,4558
586,10,0,11,14,16568820,3635,0,0,4568
587,9,0,6,19,16610580,3633,0,0,4577
588,13,0,14,11,16634340,3635,0,0,4590
589,10,0,10,15,16672200,3632,0,0,4600
590,9,0,10,15,16720680,3635,0,0,4609
591,16,0,17,8,16758000,3636,0,0,4625
592,11,0,15,10,16810380,3637,0,0,4636
593,11,0,10,15,16874340,3639,0,0,4647
594,4,0,6,19,16901220,3638,0,0,4651
595,10,0,7,18,16944300,3640,0,0,4661
596,10,0,11,14,16967880,3641,0,0,4671
597,6,0,8,17,16997400,3640,0,0,4677
598,6,0,7,18,17025180,3640,0,0,4683
599,5,0,4,21,17059980,3642,0,0,4688
600,6,0,7,18,17071860,3642,0,0,4694
601,5,0,6,19,17093520,3642,0,0,4699
602,5,0,6,19,17113980,3642,0,0,4704
603,5,0,5,20,17145960,3644,0,0,4709
604,6,0,8,17,17151300,3643,0,0,4715
605,8,0,7,18,17186100,3644,0,0,4723
606,5,0,4,21,17210100,3643,0,0,4728
607,6,0,6,19,17228100,3643,0,0,4734
608,7,0,6,19,17242860,3641,0,0,4741
609,9,0,8,17,17268300,3641,0,0,4750
610,5,0,5,20,17292120,3640,0,0,4755
611,7,0,4,21,17316900,3639,0,0,4762
612,14,0,10,15,17333340,3636,0,0,4776
613,10,0,6,19,17373600,3634,0,0,4786
614,11,0,11,14,17388900,3633,0,0,4797
615,12,0,10,15,17428500,3631,0,0,4809
616,7,0,8,17,17461140,3631,0,0,4816
617,19,0,15,10,17491920,3629,0,0,4835
618,9,0,14,11,17524920,3628,0,0,4844
619,12,0,12,13,17581620,3629,0,0,4856
620,11,0,10,15,17646120,3633,0,0,4867
621,10,0,10,15,17679480,3632,0,0,4877
622,9,0,10,15,17705340,3631,0,0,4886
623,2,0,6,19,17734800,3632,0,0,4888
624,6,0,6,19,17765040,3634,0,0,4894
625,7,0,8,17,17786520,3635,0,0,4901
626,5,0,7,18,17807220,3634,0,0,4906
627,9,0,10,15,17835360,3636,0,0,4915
628,7,0,9,16,17863920,3636,0,0,4922
629,6,0,6,19,17905260,3637,0,0,4928
630,6,0,8,17,17921460,3638,0,0,4934
631,2,0,5,20,17955060,3641,0,0,4936
632,11,0,10,15,17972040,3640,0,0,4947
633,11,0,7,18,18016320,3638,0,0,4958
634,15,0,15,10,18041700,3638,0,0,4973
635,5,0,7,18,18087420,3638,0,0,4978
636,6,0,6,19,18113760,3638,0,0,4984
637,12,0,10,15,18133500,3636,0,0,4996
638,6,0,7,18,18162840,3636,0,0,5002
639,7,0,6,19,18196080,3637,0,0,5009
640,8,0,6,19,18217380,3635,0,0,5017
641,9,0,10,15,18229320,3634,0,0,5026
642,9,0,7,18,18268560,3633,0,0,5035
643,10,0,13,12,18280440,3632,0,0,5045
644,9,0,7,18,18330780,3632,0,0,5054
645,9,0,6,19,18353520,3629,0,0,5063
646,6,0,7,18,18371820,3629,0,0,5069
647,8,0,8,17,18399420,3629,0,0,5077
648,2,0,4,21,18434160,3632,0,0,5079
649,4,0,4,21,18450900,3632,0,0,5083
650,7,0,9,16,18456180,3632,0,0,5090
651,7,0,8,17,18493320,3633,0,0,5097
652,3,0,6,19,18513840,3634,0,0,5100
653,3,0,2,23,18538980,3634,0,0,5103
654,5,0,5,20,18547860,3634,0,0,5108
655,7,0,6,19,18562680,3633,0,0,5115
656,8,0,7,18,18579480,3631,0,0,5123
657,6,0,5,20,18612720,3632,0,0,5129
658,11,0,7,18,18629700,3629,0,0,5140
659,14,0,9,16,18661260,3627,0,0,5154
660,11,0,11,14,18682920,3624,0,0,5165
661,11,0,11,14,18723360,3625,0,0,5176
662,12,0,13,12,18753600,3623,0,0,5188
663,13,0,11,14,18802500,3622,0,0,5201
664,6,0,5,20,18843780,3622,0,0,5207
665,11,0,9,16,18868920,3622,0,0,5218
666,8,0,8,17,18892080,3620,0,0,5226
667,14,0,13,12,18918720,3619,0,0,5240
668,5,0,10,15,18946860,3619,0,0,5245
669,5,0,5,20,18994200,3621,0,0,5250
670,9,0,7,18,19007040,3619,0,0,5259
671,7,0,5,20,19032600,3617,0,0,5266
672,5,0,4,21,19049880,3616,0,0,5271
673,6,0,8,17,19051320,3615,0,0,5277
674,4,0,6,19,19068420,3614,0,0,5281
675,3,0,5,20,19079940,3614,0,0,5284
676,5,0,5,20,19091760,3613,0,0,5289
677,4,0,5,20,19103760,3612,0,0,5293
678,10,0,10,15,19110840,3610,0,0,5303
679,5,0,7,18,19132080,3609,0,0,5308
680,6,0,9,16,19151040,3609,0,0,5314
681,11,0,16,9,19157160,3608,0,0,5325
682,15,0,21,4,19197960,3609,0,0,5340
683,8,0,12,13,19262520,3609,0,0,5348
684,7,0,10,15,19296480,3610,0,0,5355
685,10,0,9,16,19327920,3608,0,0,5365
686,12,0,17,8,19344180,3608,0,0,5377
687,4,0,14,11,19374300,3609,0,0,5381
688,12,0,15,10,19433940,3613,0,0,5393
689,9,0,15,10,19460280,3612,0,0,5402
690,7,0,13,12,19493760,3612,0,0,5409
691,10,0,11,14,19549440,3614,0,0,5419
692,7,0,10,15,19586520,3616,0,0,5426
693,10,0,13,12,19604760,3615,0,0,5436
694,5,0,8,17,19644600,3615,0,0,5441
695,9,0,11,14,19662120,3615,0,0,5450
696,9,0,12,13,19687500,3614,0,0,5459
697,5,0,11,14,19706880,3613,0,0,5464
698,7,0,11,14,19740780,3615,0,0,5471
699,7,0,9,16,19774440,3615,0,0,5478
700,5,0,8,17,19793280,3615,0,0,5483
701,9,0,11,14,19808940,3614,0,0,5492
702,9,0,11,14,19843200,3614,0,0,5501
703,6,0,13,12,19854060,3613,0,0,5507
704,7,0,14,11,19886220,3615,0,0,5514
705,12,0,14,11,19926480,3615,0,0,5526
706,12,0,13,12,19974300,3615,0,0,5538
707,7,0,13,12,19996320,3614,0,0,5545
708,7,0,6,19,20055300,3616,0,0,5552
709,13,0,14,11,20063040,3614,0,0,5565
710,4,0,10,15,20102040,3616,0,0,5569
711,12,0,10,15,20145480,3616,0,0,5581
712,14,0,17,8,20162700,3614,0,0,5595
713,11,0,13,12,20210940,3613,0,0,5606
714,10,0,14,11,20249640,3614,0,0,5616
715,12,0,15,10,20285640,3614,0,0,5628
716,7,0,13,12,20316180,3613,0,0,5635
717,8,0,9,16,20358120,3613,0,0,5643
718,6,0,9,16,20373060,3612,0,0,5649
719,3,0,5,20,20403960,3613,0,0,5652
720,5,0,6,19,20407140,3611,0,0,5657
721,5,0,6,19,20435940,3613,0,0,5662
722,2,0,6,19,20445900,3613,0,0,5664
723,9,0,13,12,20454000,3613,0,0,5673
724,5,0,8,17,20481240,3612,0,0,5678
725,4,0,6,19,20505960,3612,0,0,5682
726,4,0,7,18,20516160,3612,0,0,5686
727,6,0,10,15,20524800,3612,0,0,5692
728,9,0,11,14,20545800,3610,0,0,5701
729,10,0,15,10,20571480,3611,0,0,5711
730,6,0,13,12,20609340,3613,0,0,5717
731,11,0,12,13,20653320,3613,0,0,5728
732,11,0,13,12,20693520,3613,0,0,5739
733,6,0,11,14,20716680,3612,0,0,5745
734,9,0,12,13,20753640,3614,0,0,5754
735,10,0,11,14,20782020,3612,0,0,5764
736,9,0,8,17,20835720,3614,0,0,5773
737,9,0,11,14,20853120,3613,0,0,5782
738,7,0,9,16,20878740,3612,0,0,5789
739,10,0,11,14,20903940,3611,0,0,5799
740,7,0,11,14,20935500,3612,0,0,5806
741,4,0,8,17,20961360,3612,0,0,5810
742,9,0,12,13,20983740,3613,0,0,5819
743,4,0,8,17,21009360,3612,0,0,5823
744,10,0,15,10,21022800,3613,0,0,5833
745,5,0,10,15,21065820,3614,0,0,5838
746,7,0,8,17,21099060,3614,0,0,5845
747,6,0,11,14,21107700,3614,0,0,5851
748,7,0,8,17,21145140,3614,0,0,5858
749,5,0,6,19,21170100,3614,0,0,5863
750,11,0,10,15,21181440,3612,0,0,5874
751,7,0,10,15,21200280,3611,0,0,5881
752,5,0,9,16,21219360,3610,0,0,5886
753,7,0,10,15,21243840,3611,0,0,5893
754,11,0,13,12,21270060,3610,0,0,5904
755,15,0,19,6,21296520,3609,0,0,5919
756,9,0,13,12,21347460,3609,0,0,5928
757,11,0,16,9,21382440,3610,1380,0,5939
758,10,0,16,9,21433260,3612,1380,0,5949
759,12,0,13,12,21478380,3611,1380,0,5961
760,8,0,13,12,21515760,3612,1380,0,5969
761,11,0,15,10,21547200,3612,1380,0,5980
762,7,0,10,15,21601440,3614,1380,0,5987
763,9,0,13,12,21646380,3617,1380,0,5996
764,7,0,10,15,21675240,3616,1380,0,6003
765,7,0,10,15,21691440,3615,1380,0,6010
766,6,0,10,15,21722040,3616,1380,0,6016
767,6,0,6,19,21759180,3616,1380,0,6022
768,6,0,9,16,21769740,3616,1380,0,6028
769,4,0,5,20,21794520,3616,1380,0,6032
770,7,0,8,17,21802740,3615,1380,0,6039
771,6,0,9,16,21812580,3613,1380,0,6045
772,6,0,6,19,21840120,3612,1380,0,6051
773,5,0,9,16,21846480,3612,1380,0,6056
774,7,0,11,14,21871320,3613,1380,0,6063
775,7,0,12,13,21885840,3612,1380,0,6070
776,8,0,11,14,21923760,3613,1380,0,6078
777,12,0,13,12,21948240,3611,1380,0,6090
778,9,0,11,14,21986700,3611,1380,0,6099
779,13,0,18,7,22001820,3610,1380,0,6112
780,16,0,19,6,22054260,3610,1380,0,6128
781,8,0,13,12,22120380,3612,1380,0,6136
782,12,0,14,11,22162380,3613,1380,0,6148
783,10,0,16,9,22199880,3614,1380,0,6158
784,7,0,12,13,22245000,3615,1380,0,6165
785,6,0,14,11,22267500,3616,1380,0,6171
786,9,0,10,15,22320660,3617,1380,0,6180
787,11,0,13,12,22349160,3617,1380,0,6191
788,7,0,13,12,22373520,3617,1380,0,6198
789,10,0,13,12,22429080,3620,1380,0,6208
790,3,0,9,16,22465080,3622,1380,0,6211
791,5,0,9,16,22488000,3623,1380,0,6216
792,5,0,8,17,22513380,3623,1380,0,6221
793,6,0,10,15,22533420,3624,1380,0,6227
794,9,0,11,14,22556640,3623,1380,0,6236
795,6,0,8,17,22587960,3623,1380,0,6242
796,5,0,10,15,22606440,3624,1380,0,6247
797,4,0,6,19,22631880,3624,1380,0,6251
798,2,0,6,19,22643760,3624,1380,0,6253
799,2,0,4,21,22658100,3624,1380,0,6255
800,7,0,9,16,22659960,3623,1380,0,6262
801,12,0,15,10,22674780,3622,1380,0,6274
802,8,0,11,14,22704660,3620,1380,0,6282
803,9,0,10,15,22732800,3619,1380,0,6291
804,8,0,10,15,22767960,3620,1380,0,6299
805,5,0,7,18,22795020,3619,1380,0,6304
806,11,0,14,11,22808880,3619,1380,0,6315
807,6,0,8,17,22847880,3619,1380,0,6321
808,13,0,15,10,22858320,3617,1380,0,6334
809,7,0,12,13,22891680,3616,1380,0,6341
810,10,0,12,13,22944960,3619,1380,0,6351
811,11,0,17,8,22976820,3621,1380,0,6362
812,5,0,11,14,23019600,3621,1380,0,6367
813,4,0,6,19,23061000,3623,1380,0,6371
814,6,0,8,17,23067180,3621,1380,0,6377
815,9,0,10,15,23090520,3621,1380,0,6386
816,1,0,7,18,23112360,3622,1380,0,6387
817,10,0,11,14,23136960,3623,1380,0,6397
818,5,0,11,14,23151780,3622,1380,0,6402
819,8,0,10,15,23187000,3622,1380,0,6410
820,6,0,10,15,23205240,3622,1380,0,6416
821,7,0,10,15,23237760,3623,1380,0,6423
822,3,0,10,15,23249580,3623,1380,0,6426
823,8,0,11,14,23279520,3624,1380,0,6434
824,8,0,8,17,23321280,3624,1380,0,6442
825,4,0,9,16,23335500,3625,1380,0,6446
826,7,0,10,15,23362380,3626,1380,0,6453
827,5,0,8,17,23382420,3625,1380,0,6458
828,10,0,9,16,23413560,3624,1380,0,6468
829,11,0,13,12,23432040,3623,1380,0,6479
830,6,0,10,15,23469240,3624,1380,0,6485
831,14,0,12,13,23505420,3623,1380,0,6499
832,9,0,13,12,23534460,3623,1380,0,6508
833,4,0,8,17,23568480,3623,1380,0,6512
834,17,0,18,7,23582160,3621,1380,0,6529
835,7,0,11,14,23630100,3621,1380,0,6536
836,3,0,5,20,23665020,3621,1380,0,6539
837,9,0,9,16,23675700,3620,1380,0,6548
838,6,0,7,18,23692140,3618,1380,0,6554
839,5,0,8,17,23708940,3619,1380,0,6559
840,8,0,12,13,23717340,3618,1380,0,6567
841,3,0,10,15,23749440,3620,1380,0,6570
842,6,0,10,15,23774400,3620,1380,0,6576
843,6,0,10,15,23796960,3620,1380,0,6582
844,5,0,7,18,23833560,3622,1380,0,6587
845,6,0,9,16,23847120,3621,1380,0,6593
846,7,0,10,15,23852340,3619,1380,0,6600
847,4,0,7,18,23895240,3622,1380,0,6604
848,7,0,11,14,23900040,3621,1380,0,6611
849,8,0,11,14,23932260,3621,1380,0,6619
850,10,0,12,13,23966220,3621,1380,0,6629
851,11,0,12,13,23998080,3620,1380,0,6640
852,5,0,12,13,24016920,3620,1380,0,6645
853,13,0,18,7,24048300,3621,1380,0,6658
854,6,0,11,14,24107100,3623,1380,0,6664
855,14,0,19,6,24121680,3622,1380,0,6678
856,10,0,13,12,24185520,3623,1380,0,6688
857,15,0,17,8,24224520,3623,1380,0,6703
858,9,0,11,14,24265140,3621,1380,0,6712
859,10,0,12,13,24306780,3622,1380,0,6722
860,5,0,10,15,24342120,3623,1380,0,6727
861,7,0,8,17,24379860,3624,1380,0,6734
862,7,0,10,15,24390420,3623,1380,0,6741
863,5,0,8,17,24416340,3623,1380,0,6746
864,12,0,14,11,24435300,3623,1380,0,6758
865,6,0,15,10,24448800,3622,1380,0,6764
866,9,0,13,12,24513720,3626,1380,0,6773
867,6,0,6,19,24547800,3624,1380,0,6779
868,7,0,7,18,24571260,3624,1380,0,6786
869,6,0,7,18,24584520,3623,1380,0,6792
870,7,0,11,14,24589440,3622,1380,0,6799
871,4,0,9,16,24611700,3622,1380,0,6803
872,10,0,10,15,24645240,3622,1380,0,6813
873,12,0,12,13,24668220,3620,1380,0,6825
874,11,0,16,9,24688260,3619,1380,0,6836
875,13,0,16,9,24725100,3618,1380,0,6849
876,13,0,19,6,24772080,3620,1380,0,6862
877,13,0,17,8,24837840,3621,1380,0,6875
878,7,0,13,12,24892380,3623,1380,0,6882
879,11,0,12,13,24942600,3624,1380,0,6893
880,5,0,7,18,24982620,3625,1380,0,6898
881,14,0,16,9,24996360,3624,1380,0,6912
882,6,0,12,13,25028580,3624,1380,0,6918
883,6,0,9,16,25066620,3624,1380,0,6924
884,10,0,14,11,25081200,3624,1380,0,6934
885,5,0,9,16,25116060,3624,1380,0,6939
886,13,0,13,12,25159980,3625,1380,0,6952
887,9,0,14,11,25194060,3626,1380,0,6961
888,2,0,10,15,25222140,3627,1380,0,6963
889,5,0,9,16,25254480,3629,1380,0,6968
890,8,0,7,18,25285320,3628,1380,0,6976
891,6,0,8,17,25307400,3628,1380,0,6982
892,10,0,14,11,25317120,3628,1380,0,6992
893,8,0,11,14,25351800,3627,1380,0,7000
894,6,0,8,17,25383300,3627,1380,0,7006
895,9,0,11,14,25396980,3626,1380,0,7015
896,11,0,13,12,25436040,3626,1380,0,7026
897,12,0,14,11,25474740,3626,1380,0,7038
898,8,0,14,11,25497120,3625,1380,0,7046
899,8,0,9,16,25555020,3627,1380,0,7054
900,8,0,11,14,25575660,3627,1380,0,7062
901,14,0,17,8,25596600,3626,1380,0,7076
902,11,0,19,6,25618500,3624,1380,0,7087
903,11,0,16,9,25678740,3625,1380,0,7098
904,9,0,13,12,25723980,3626,1380,0,7107
905,6,0,9,16,25776900,3628,1380,0,7113
906,11,0,11,14,25804740,3627,1380,0,7124
907,6,0,9,16,25833060,3627,1380,0,7130
908,6,0,12,13,25841640,3627,1380,0,7136
909,8,0,11,14,25872300,3627,1380,0,7144
910,3,0,6,19,25907280,3627,1380,0,7147
911,8,0,7,18,25931700,3627,1380,0,7155
912,2,0,7,18,25934100,3627,1380,0,7157
913,3,0,6,19,25948800,3627,1380,0,7160
914,10,0,8,17,25967760,3625,1380,0,7170
915,7,0,11,14,25979640,3625,1380,0,7177
916,5,0,10,15,25997700,3624,1380,0,7182
917,3,0,8,17,26024880,3626,1380,0,7185
918,4,0,7,18,26050620,3627,1380,0,7189
919,8,0,12,13,26062380,3627,1380,0,7197
920,6,0,12,13,26081700,3626,1380,0,7203
921,9,0,14,11,26111940,3627,1380,0,7212
922,9,0,14,11,26139060,3626,1380,0,7221
923,5,0,9,16,26186580,3628,1380,0,7226
924,12,0,12,13,26215560,3627,1380,0,7238
925,13,0,14,11,26246100,3626,1380,0,7251
926,12,0,19,6,26262960,3625,1380,0,7263
927,6,0,15,10,26312580,3627,1380,0,7269
928,6,0,7,18,26368020,3627,1380,0,7275
929,11,0,11,14,26384940,3626,1380,0,7286
930,12,0,14,11,26410800,3625,1380,0,7298
931,5,0,11,14,26435400,3625,1380,0,7303
932,5,0,11,14,26465280,3626,1380,0,7308
933,9,0,15,10,26487420,3627,1380,0,7317
934,12,0,15,10,26535480,3628,1380,0,7329
935,5,0,9,16,26581440,3628,1380,0,7334
936,9,0,13,12,26595660,3628,1380,0,7343
937,6,0,9,16,26633100,3628,1380,0,7349
938,7,0,11,14,26651280,3628,1380,0,7356
939,8,0,12,13,26674260,3628,1380,0,7364
940,10,0,13,12,26708400,3628,1380,0,7374
941,5,0,12,13,26730900,3628,1380,0,7379
942,4,0,8,17,26771520,3630,1380,0,7383
943,7,0,11,14,26791860,3630,1380,0,7390
944,8,0,10,15,26814660,3629,1380,0,7398
945,10,0,15,10,26842140,3630,1380,0,7408
946,9,0,9,16,26885700,3629,1380,0,7417
947,6,0,8,17,26909040,3629,1380,0,7423
948,17,0,17,8,26936460,3628,1380,0,7440
949,7,0,16,9,26965440,3628,1380,0,7447
950,11,0,15,10,27035340,3632,1380,0,7458
951,10,0,15,10,27074880,3632,1380,0,7468
952,8,0,13,12,27118980,3633,1380,0,7476
953,5,0,9,16,27149520,3633,1380,0,7481
954,7,0,9,16,27181380,3634,1380,0,7488
955,13,0,16,9,27195480,3633,1380,0,7501
956,6,0,13,12,27234900,3634,1380,0,7507
957,5,0,6,19,27283680,3634,1380,0,7512
958,7,0,8,17,27298560,3634,1380,0,7519
959,8,0,9,16,27317700,3633,1380,0,7527
960,6,0,6,19,27345720,3633,1380,0,7533
961,5,0,6,19,27362940,3632,1380,0,7538
962,9,0,7,18,27373560,3630,1380,0,7547
963,6,0,7,18,27385560,3629,1380,0,7553
964,3,0,6,19,27401880,3629,1380,0,7556
965,11,0,11,14,27415560,3628,1380,0,7567
966,10,0,14,11,27435000,3627,1380,0,7577
967,7,0,9,16,27480360,3627,1380,0,7584
968,9,0,11,14,27507300,3627,1380,0,7593
969,7,0,13,12,27520020,3627,1380,0,7600
970,8,0,11,14,27568260,3628,1380,0,7608
971,14,0,15,10,27593640,3627,1380,0,7622
972,14,0,19,6,27621480,3626,1380,0,7636
973,8,0,11,14,27686280,3627,1380,0,7644
974,12,0,15,10,27717660,3627,1380,0,7656
975,8,0,14,11,27750120,3627,1380,0,7664
976,14,0,15,10,27794040,3627,1380,0,7678
977,13,0,15,10,27833220,3626,1380,0,7691
978,15,1,21,4,27854100,3624,1440,0,7706
979,4,0,10,15,27923700,3626,1800,0,7710
980,6,0,10,15,27950940,3627,1800,0,7716
981,8,0,10,15,27991260,3628,1800,0,7724
982,4,0,7,18,28012560,3628,1800,0,7728
983,8,0,11,14,28023780,3627,1800,0,7736
984,5,0,8,17,28048260,3627,1800,0,7741
985,6,0,9,16,28060380,3626,1800,0,7747
986,1,0,5,20,28091400,3627,1800,0,7748
987,9,0,11,14,28103280,3628,1800,0,7757
988,9,0,14,11,28114920,3626,1800,0,7766
989,3,0,10,15,28148760,3627,1800,0,7769
990,8,0,8,17,28191420,3628,1800,0,7777
991,10,0,9,16,28212180,3627,1800,0,7787
992,14,0,15,10,28233180,3626,1800,0,7801
993,7,0,11,14,28273500,3626,1800,0,7808
994,10,0,11,14,28316160,3627,1800,0,7818
995,10,0,11,14,28343580,3625,1800,0,7828
996,8,0,9,16,28377360,3625,1800,0,7836
997,9,0,13,12,28394280,3625,1800,0,7845
998,7,0,13,12,28419000,3625,1800,0,7852
999,12,0,14,11,28464720,3626,1800,0,7864
1000,9,0,13,12,28518240,3628,1800,0,7873
1001,10,0,12,13,28556460,3628,1800,0,7883
1002,10,0,11,14,28584540,3626,1800,0,7893
1003,13,0,16,9,28610040,3626,1800,0,7906
1004,10,0,14,11,28654020,3626,1800,0,7916
1005,8,0,15,10,28685340,3626,1800,0,7924
1006,9,0,17,8,28727580,3629,1800,0,7933
1007,5,0,12,13,28772160,3630,1800,0,7938
1008,10,0,8,17,28826340,3630,1800,0,7948
1009,6,0,8,17,28840860,3629,1800,0,7954
1010,6,0,9,16,28863480,3630,1800,0,7960
1011,6,0,9,16,28881480,3629,1800,0,7966
1012,10,0,12,13,28904220,3629,1800,0,7976
1013,3,0,9,16,28934820,3630,1800,0,7979
1014,7,0,9,16,28965540,3631,1800,0,7986
1015,6,0,11,14,28977840,3630,1800,0,7992
1016,13,0,16,9,29003820,3630,1800,0,8005
1017,11,0,13,12,29034600,3627,1800,0,8016
1018,10,0,10,15,29094540,3629,1800,0,8026
1019,15,0,14,11,29131680,3629,1800,0,8041
1020,12,0,16,9,29153880,3627,1800,0,8053
1021,9,0,11,14,29210220,3628,1800,0,8062
1022,7,0,11,14,29236140,3628,1800,0,8069
1023,9,0,15,10,29252760,3628,1800,0,8078
1024,14,1,20,5,29278560,3627,1860,0,8092
1025,6,0,15,10,29346300,3630,3660,0,8098
1026,7,0,14,11,29381220,3631,3660,0,8105
1027,4,0,9,16,29432220,3633,3660,0,8109
1028,9,0,9,16,29473800,3634,3660,0,8118
1029,5,0,6,19,29490780,3633,3660,0,8123
1030,8,0,8,17,29513160,3633,3660,0,8131
1031,5,0,8,17,29522640,3632,3660,0,8136
1032,7,0,10,15,29538300,3631,3660,0,8143
1033,4,0,10,15,29553360,3631,3660,0,8147
1034,3,0,7,18,29587920,3633,3660,0,8150
1035,14,0,16,9,29600700,3632,3660,0,8164
1036,3,0,14,11,29616900,3632,3660,0,8167
1037,9,0,9,16,29673840,3633,3660,0,8176
1038,7,0,9,16,29699700,3633,3660,0,8183
1039,6,0,10,15,29718960,3633,3660,0,8189
1040,11,0,13,12,29739720,3632,3660,0,8200
1041,12,0,16,9,29774100,3632,3660,0,8212
1042,17,0,13,12,29834700,3631,3660,0,8229
1043,5,0,10,15,29869980,3632,3660,0,8234
1044,12,0,13,12,29897220,3631,3660,0,8246
1045,14,0,16,9,29946720,3632,3660,0,8260
1046,13,0,14,11,29983440,3630,3660,0,8273
1047,6,0,10,15,30020220,3630,3660,0,8279
1048,6,0,9,16,30059580,3632,3660,0,8285
1049,7,0,10,15,30077880,3631,3660,0,8292
1050,8,0,7,18,30123180,3632,3660,0,8300
1051,6,0,7,18,30137160,3631,3660,0,8306
1052,8,0,9,16,30148140,3630,3660,0,8314
1053,6,0,8,17,30168660,3629,3660,0,8320
1054,8,0,9,16,30185040,3628,3660,0,8328
1055,6,0,9,16,30209340,3628,3660,0,8334
1056,2,0,4,21,30238620,3629,3660,0,8336
1057,3,0,4,21,30244140,3628,3660,0,8339
1058,3,0,6,19,30246000,3628,3660,0,8342
1059,9,0,12,13,30249720,3627,3660,0,8351
1060,3,0,9,16,30275640,3627,3660,0,8354
1061,5,0,10,15,30297300,3628,3660,0,8359
1062,8,0,13,12,30319140,3629,3660,0,8367
1063,8,0,13,12,30340260,3628,3660,0,8375
1064,8,0,14,11,30373020,3629,3660,0,8383
1065,7,0,12,13,30409140,3629,3660,0,8390
1066,14,0,16,9,30445860,3629,3660,0,8404
1067,9,0,16,9,30474780,3629,3660,0,8413
1068,6,0,9,16,30535740,3630,3660,0,8419
1069,9,0,15,10,30555120,3631,3660,0,8428
1070,6,0,14,11,30584400,3632,3660,0,8434
1071,12,0,14,11,30617460,3631,3660,0,8446
1072,8,0,12,13,30674760,3633,3660,0,8454
1073,10,0,12,13,30711780,3633,3660,0,8464
1074,7,0,8,17,30744360,3632,3660,0,8471
1075,9,0,12,13,30763680,3632,3660,0,8480
1076,7,0,13,12,30792840,3633,3660,0,8487
1077,8,0,11,14,30823020,3633,3660,0,8495
1078,4,0,6,19,30866400,3634,3660,0,8499
1079,8,0,10,15,30877680,3633,3660,0,8507
1080,2,0,8,17,30898140,3634,3660,0,8509
1081,2,0,5,20,30918900,3634,3660,0,8511
1082,6,0,8,17,30927840,3634,3660,0,8517
1083,6,0,11,14,30947400,3635,3660,0,8523
1084,4,0,10,15,30968100,3636,3660,0,8527
1085,4,0,7,18,31002480,3637,3660,0,8531
1086,8,0,10,15,31014000,3636,3660,0,8539
1087,9,0,15,10,31030080,3636,3660,0,8548
1088,5,0,9,16,31084260,3638,3660,0,8553
1089,10,0,12,13,31103880,3637,3660,0,8563
1090,12,0,12,13,31133640,3635,3660,0,8575
1091,11,0,13,12,31170720,3635,3660,0,8586
1092,9,0,12,13,31207740,3635,3660,0,8595
1093,10,0,14,11,31227900,3634,3660,0,8605
1094,9,0,14,11,31259820,3634,3660,0,8614
1095,14,0,21,4,31273740,3633,3660,0,8628
1096,5,0,10,15,31362420,3637,3660,0,8633
1097,11,0,17,8,31384200,3637,3660,0,8644
1098,4,0,10,15,31434120,3639,3660,0,8648
1099,9,0,13,12,31467480,3640,3660,0,8657
1100,6,0,14,11,31477740,3639,3660,0,8663
1101,3,0,10,15,31522020,3641,3660,0,8666
1102,5,0,9,16,31561260,3643,3660,0,8671
1103,7,0,9,16,31584480,3643,3660,0,8678
1104,5,0,10,15,31600440,3643,3660,0,8683
1105,5,0,10,15,31621980,3643,3660,0,8688
1106,4,0,8,17,31642920,3643,3660,0,8692
1107,3,0,6,19,31668120,3644,3660,0,8695
1108,4,0,5,20,31689600,3644,3660,0,8699
1109,5,0,6,19,31700160,3644,3660,0,8704
1110,11,0,14,11,31710360,3644,3660,0,8715
1111,10,0,14,11,31728960,3642,3660,0,8725
1112,8,0,10,15,31770660,3642,3660,0,8733
1113,7,0,12,13,31797300,3643,3660,0,8740
1114,9,0,12,13,31828140,3642,3660,0,8749
1115,13,0,15,10,31857240,3642,3660,0,8762
1116,8,0,13,12,31890000,3641,3660,0,8770
1117,14,0,16,9,31936920,3642,3660,0,8784
1118,17,0,17,8,31983780,3641,3660,0,8801
1119,6,0,10,15,32037900,3641,3660,0,8807
1120,9,0,9,16,32062800,3640,3660,0,8816
1121,10,0,12,13,32083620,3640,3660,0,8826
1122,7,0,9,16,32129700,3641,3660,0,8833
1123,4,0,9,16,32140560,3640,3660,0,8837
1124,15,0,16,9,32164080,3640,3660,0,8852
1125,10,0,15,10,32197380,3639,3660,0,8862
1126,4,0,9,16,32247660,3640,3660,0,8866
1127,5,0,9,16,32268480,3641,3660,0,8871
1128,5,0,9,16,32289120,3641,3660,0,8876
1129,5,0,9,16,32307120,3641,3660,0,8881
1130,0,0,6,19,32318760,3641,3660,0,8881
1131,7,0,7,18,32344020,3641,3660,0,8888
1132,1,0,6,19,32348880,3641,3660,0,8889
1133,5,0,8,17,32358540,3641,3660,0,8894
1134,8,0,9,16,32384820,3641,3660,0,8902
1135,9,0,13,12,32395560,3640,3660,0,8911
1136,9,0,11,14,32422800,3639,3660,0,8920
1137,11,0,10,15,32463420,3638,3660,0,8931
1138,10,0,12,13,32482020,3637,3660,0,8941
1139,16,9,13,12,32505840,3638,4920,0,8957
1140,12,20,13,12,32512440,3638,6180,0,8969
1141,9,21,13,12,32584680,3643,39240,4,8978
1142,13,19,25,0,32609520,3644,71220,7,8991
1143,8,10,25,0,32700240,3647,206220,22,8999
1144,10,0,14,11,32786100,3644,289140,32,9009
1145,9,0,15,10,32819580,3645,289140,32,9018
1146,8,0,11,14,32876340,3646,289140,32,9026
1147,7,0,11,14,32898720,3646,289140,32,9033
1148,5,0,10,15,32913180,3645,289140,31,9038
1149,5,0,9,16,32951040,3647,289140,31,9043
1150,7,0,12,13,32963640,3647,289140,31,9050
1151,7,0,11,14,32994000,3647,289140,31,9057
1152,3,0,7,18,33012960,3646,289140,31,9060
1153,3,0,5,20,33042300,3647,289140,31,9063
1154,9,0,12,13,33046380,3647,289140,31,9072
1155,7,0,11,14,33071760,3647,289140,31,9079
1156,8,0,13,12,33086820,3646,289140,31,9087
1157,5,0,11,14,33133320,3648,289140,31,9092
1158,10,0,12,13,33168300,3648,289140,31,9102
1159,7,0,11,14,33196380,3648,289140,31,9109
1160,7,0,13,12,33215760,3648,289140,31,9116
1161,12,0,14,11,33257760,3649,289140,31,9128
1162,9,0,14,11,33293580,3649,289140,31,9137
1163,5,0,10,15,33328020,3649,289140,31,9142
1164,10,0,14,11,33356460,3650,289140,31,9152
1165,9,0,12,13,33391560,3649,289140,31,9161
1166,8,0,11,14,33421560,3649,289140,31,9169
1167,10,0,14,11,33450840,3649,289140,31,9179
1168,9,0,12,13,33496080,3650,289140,31,9188
1169,14,0,14,11,33537960,3650,289140,31,9202
1170,4,0,11,14,33568140,3650,289140,31,9206
1171,9,0,8,17,33616800,3651,289140,31,9215
1172,9,0,13,12,33632520,3651,289140,31,9224
1173,5,0,9,16,33664680,3651,289140,31,9229
1174,7,0,9,16,33695940,3651,289140,31,9236
1175,4,0,6,19,33720300,3651,289140,31,9240
1176,2,0,7,18,33727500,3652,289140,31,9242
1177,2,0,5,20,33739620,3651,289140,31,9244
1178,3,0,7,18,33740160,3651,289140,31,9247
1179,4,0,8,17,33754680,3651,289140,31,9251
1180,5,0,6,19,33772980,3651,289140,31,9256
1181,10,0,14,11,33785160,3651,289140,31,9266
1182,6,0,12,13,33813360,3651,289140,31,9272
1183,7,0,9,16,33853140,3651,289140,31,9279
1184,13,0,10,15,33885540,3650,289140,31,9292
1185,10,0,13,12,33905820,3650,289140,31,9302
1186,4,0,12,13,33919440,3649,289140,31,9306
1187,10,0,12,13,33959640,3650,289140,31,9316
1188,13,0,14,11,33990780,3649,289140,30,9329
1189,7,0,10,15,34038600,3649,289140,30,9336
1190,15,0,16,9,34075380,3650,289140,30,9351
1191,2,0,10,15,34116180,3651,289140,30,9353
1192,12,0,12,13,34158240,3652,289140,30,9365
1193,9,0,13,12,34189140,3652,289140,30,9374
1194,7,0,12,13,34220700,3652,289140,30,9381
1195,5,0,8,17,34255380,3652,289140,30,9386
1196,7,0,6,19,34287120,3652,289140,30,9393
1197,5,0,8,17,34302240,3653,289140,30,9398
1198,5,0,9,16,34317540,3653,289140,30,9403
1199,5,0,9,16,34330680,3652,289140,30,9408
1200,9,0,10,15,34355040,3652,289140,30,9417
1201,7,0,10,15,34385160,3652,289140,30,9424
1202,11,0,13,12,34414860,3652,289140,30,9435
1203,3,0,8,17,34445880,3652,289140,30,9438
1204,7,0,10,15,34472700,3653,289140,30,9445
1205,7,0,12,13,34483980,3652,289140,30,9452
1206,6,0,9,16,34523820,3653,289140,30,9458
1207,7,0,10,15,34555980,3654,289140,30,9465
1208,8,0,11,14,34571400,3653,289140,30,9473
1209,10,0,14,11,34597020,3653,289140,30,9483
1210,7,0,12,13,34640640,3654,289140,30,9490
1211,11,0,12,13,34681020,3654,289140,30,9501
1212,8,0,13,12,34696560,3653,289140,30,9509
1213,12,0,11,14,34745940,3653,289140,30,9521
1214,11,0,11,14,34769400,3651,289140,30,9532
1215,7,0,10,15,34784040,3650,289140,30,9539
1216,5,0,7,18,34827300,3651,289140,30,9544
1217,10,0,12,13,34843860,3651,289140,30,9554
1218,6,0,12,13,34868580,3651,289140,30,9560
1219,6,0,11,14,34894920,3652,289140,30,9566
1220,6,0,9,16,34929240,3652,289140,30,9572
1221,9,0,12,13,34951080,3652,289140,30,9581
1222,10,0,15,10,34979580,3652,289140,30,9591
1223,3,0,6,19,35026200,3653,289140,30,9594
1224,4,0,8,17,35034180,3653,289140,30,9598
1225,1,0,5,20,35055360,3653,289140,30,9599
1226,8,0,10,15,35071140,3654,289140,30,9607
1227,6,0,9,16,35084220,3653,289140,30,9613
1228,5,0,8,17,35105700,3653,289140,30,9618
1229,7,0,9,16,35117160,3651,289140,30,9625
1230,9,0,11,14,35142900,3651,289140,30,9634
1231,7,0,9,16,35182140,3652,289140,29,9641
1232,10,0,13,12,35202240,3652,289140,29,9651
1233,8,0,15,10,35221680,3652,289140,29,9659
1234,10,0,16,9,35262780,3653,289140,29,9669
1235,12,0,19,6,35309880,3654,289140,29,9681
1236,13,0,13,12,35368320,3653,289140,29,9694
1237,11,0,14,11,35425560,3655,289140,29,9705
1238,10,0,12,13,35456340,3654,289140,29,9715
1239,5,0,9,16,35487840,3654,289140,29,9720
1240,9,0,18,7,35487840,3654,289140,29,9729
1241,14,0,16,9,35542980,3654,289140,29,9743
1242,8,0,9,16,35602020,3654,289140,29,9751
1243,8,0,14,11,35614020,3654,289140,29,9759
1244,8,0,14,11,35652000,3655,289140,29,9767
1245,6,0,12,13,35684700,3655,289140,29,9773
1246,4,0,8,17,35720520,3656,289140,29,9777
1247,9,0,9,16,35744040,3655,289140,29,9786
1248,9,0,11,14,35759760,3654,289140,29,9795
1249,9,0,8,17,35784420,3652,289140,29,9804
1250,10,0,11,14,35808480,3652,289140,29,9814
1251,3,0,9,16,35820060,3652,289140,29,9817
1252,4,0,7,18,35846400,3652,289140,29,9821
1253,10,0,14,11,35852100,3652,289140,29,9831
1254,8,0,11,14,35903700,3653,289140,29,9839
1255,8,0,12,13,35927400,3653,289140,29,9847
1256,7,0,11,14,35955900,3652,289140,29,9854
1257,14,0,11,14,35997960,3652,289140,29,9868
1258,6,0,9,16,36024180,3651,289140,29,9874
1259,8,0,8,17,36048900,3650,289140,29,9882
1260,10,0,10,15,36070620,3650,289140,29,9892
1261,8,0,12,13,36085080,3649,289140,29,9900
1262,11,0,17,8,36108660,3649,289140,29,9911
1263,9,0,14,11,36158460,3650,289140,29,9920
1264,8,0,13,12,36191340,3650,289140,29,9928
1265,11,0,15,10,36229800,3650,289140,29,9939
1266,8,0,10,15,36277500,3650,289140,29,9947
1267,11,0,11,14,36315180,3650,289140,29,9958
1268,5,0,9,16,36336600,3650,289140,29,9963
1269,7,0,10,15,36355440,3650,289140,29,9970
1270,7,0,12,13,36365160,3649,289140,28,9977
1271,3,0,6,19,36409980,3650,289140,28,9980
1272,2,0,5,20,36424920,3650,289140,28,9982
1273,3,0,5,20,36429600,3650,289140,28,9985
1274,6,0,6,19,36438180,3649,289140,28,9991
1275,4,0,8,17,36442740,3649,289140,28,9995
1276,7,0,6,19,36474660,3648,289140,28,10002
1277,7,0,8,17,36484380,3648,289140,28,10009
1278,5,0,9,16,36495420,3647,289140,28,10014
1279,6,0,7,18,36526560,3647,289140,28,10020
1280,10,0,12,13,36539400,3647,289140,28,10030
1281,10,0,14,11,36570060,3647,289140,28,10040
1282,10,0,14,11,36611340,3648,289140,28,10050
1283,4,0,8,17,36652440,3648,289140,28,10054
1284,7,0,10,15,36675840,3648,289140,28,10061
1285,8,0,8,17,36703080,3648,289140,28,10069
1286,6,0,7,18,36734520,3648,289140,28,10075
1287,7,0,8,17,36747600,3647,289140,28,10082
1288,7,0,9,16,36755580,3646,289140,28,10089
1289,14,0,13,12,36785640,3645,289140,28,10103
1290,10,0,17,8,36806820,3645,289140,28,10113
1291,5,0,11,14,36843000,3645,289140,28,10118
1292,12,0,16,9,36876720,3646,289140,28,10130
1293,7,0,8,17,36931920,3646,289140,28,10137
1294,4,0,7,18,36947820,3645,289140,28,10141
1295,8,0,7,18,36964800,3644,289140,28,10149
1296,5,0,8,17,36969360,3643,289140,28,10154
1297,3,0,5,20,36997380,3644,289140,28,10157
1298,9,0,9,16,37009080,3643,289140,28,10166
1299,5,0,10,15,37024620,3643,289140,28,10171
1300,7,0,8,17,37068840,3644,289140,28,10178
1301,9,0,12,13,37080120,3644,289140,28,10187
1302,4,0,9,16,37111740,3644,289140,28,10191
1303,14,0,14,11,37131600,3643,289140,28,10205
1304,12,0,13,12,37176840,3643,289140,28,10217
1305,7,0,13,12,37200420,3643,289140,28,10224
1306,10,0,13,12,37252380,3644,289140,28,10234
1307,9,0,9,16,37292520,3643,289140,28,10243
1308,11,0,17,8,37305060,3644,289140,28,10254
1309,7,0,12,13,37357560,3644,289140,28,10261
1310,13,0,14,11,37399920,3645,289140,28,10274
1311,7,0,13,12,37437480,3646,289140,28,10281
1312,7,0,10,15,37480980,3646,289140,28,10288
1313,7,0,14,11,37495680,3647,289140,28,10295
1314,10,0,16,9,37533900,3647,289140,28,10305
1315,2,0,8,17,37586220,3649,289140,28,10307
1316,10,0,10,15,37617780,3649,289140,28,10317
1317,7,0,13,12,37633680,3649,289140,28,10324
1318,7,0,12,13,37669020,3650,289140,27,10331
1319,6,0,9,16,37701360,3650,289140,27,10337
1320,4,0,9,16,37724580,3651,289140,27,10341
1321,4,0,8,17,37745100,3651,289140,27,10345
1322,4,0,7,18,37764600,3651,289140,27,10349
1323,1,0,5,20,37783020,3652,289140,27,10350
1324,6,0,9,16,37791360,3652,289140,27,10356
1325,3,0,7,18,37809720,3652,289140,27,10359
1326,3,0,5,20,37829880,3652,289140,27,10362
1327,4,0,4,21,37846620,3652,289140,27,10366
1328,10,0,10,15,37850640,3651,289140,27,10376
1329,14,0,15,10,37870500,3650,289140,27,10390
1330,11,0,14,11,37910880,3649,289140,27,10401
1331,11,0,14,11,37944600,3649,289140,27,10412
1332,13,0,19,6,37983420,3650,289140,27,10425
1333,14,0,20,5,38021940,3649,289140,27,10439
1334,10,0,11,14,38106180,3650,289140,27,10449
1335,12,0,9,16,38137260,3648,289140,27,10461
1336,6,0,9,16,38158860,3648,289140,27,10467
1337,7,0,11,14,38181120,3649,289140,27,10474
1338,11,0,13,12,38212620,3649,289140,27,10485
1339,8,0,15,10,38231940,3648,289140,27,10493
1340,8,0,12,13,38266920,3648,289140,27,10501
1341,9,0,15,10,38295180,3648,289140,27,10510
1342,8,0,11,14,38339400,3648,289140,27,10518
1343,3,0,7,18,38370600,3649,289140,27,10521
1344,3,0,7,18,38385600,3649,289140,27,10524
1345,4,0,10,15,38386200,3649,289140,27,10528
1346,1,0,9,16,38392380,3649,289140,27,10529
1347,5,0,12,13,38403480,3649,289140,27,10534
1348,5,0,10,15,38421420,3649,289140,27,10539
1349,11,0,16,9,38442360,3649,289140,27,10550
1350,7,0,16,9,38470560,3649,289140,27,10557
1351,14,0,17,8,38518140,3649,289140,27,10571
1352,9,0,16,9,38549700,3649,289140,27,10580
1353,9,0,15,10,38588400,3649,289140,27,10589
1354,9,0,15,10,38624760,3649,289140,27,10598
1355,16,0,18,7,38660700,3648,289140,27,10614
1356,7,0,15,10,38692320,3648,289140,27,10621
1357,8,0,16,9,38727840,3649,289140,27,10629
1358,12,0,19,6,38754660,3648,289140,27,10641
1359,10,0,16,9,38804640,3648,289140,27,10651
1360,7,0,11,14,38846400,3648,289140,27,10658
1361,14,0,20,5,38856060,3647,289140,27,10672
1362,7,0,13,12,38892180,3646,289140,27,10679
1363,3,0,11,14,38930700,3648,289140,27,10682
1364,4,0,10,15,38949000,3648,289140,27,10686
1365,3,0,10,15,38968500,3649,289140,27,10689
1366,9,0,12,13,38987520,3648,289140,27,10698
1367,3,0,9,16,39008700,3648,289140,27,10701
1368,8,0,12,13,39020880,3647,289140,26,10709
1369,7,0,13,12,39036660,3647,289140,26,10716
1370,5,0,9,16,39064380,3646,289140,26,10721
1371,5,0,13,12,39070380,3647,289140,26,10726
1372,2,0,11,14,39088860,3647,289140,26,10728
1373,4,0,9,16,39108120,3647,289140,26,10732
1374,6,0,11,14,39126540,3647,289140,26,10738
1375,11,0,13,12,39142860,3645,289140,26,10749
1376,9,0,19,6,39150240,3645,289140,26,10758
1377,10,0,17,8,39206220,3646,289140,26,10768
1378,9,0,13,12,39253800,3646,289140,26,10777
1379,7,0,12,13,39276420,3646,289140,26,10784
1380,9,0,16,9,39300000,3646,289140,26,10793
1381,12,0,17,8,39334260,3646,289140,26,10805
1382,12,0,19,6,39362880,3645,289140,26,10817
1383,11,0,18,7,39411960,3645,289140,26,10828
1384,8,0,16,9,39457200,3646,289140,26,10836
1385,11,0,17,8,39498960,3647,289140,26,10847
1386,8,0,12,13,39547080,3647,289140,26,10855
1387,10,0,17,8,39560760,3646,289140,26,10865
1388,7,0,15,10,39595500,3647,289140,26,10872
1389,7,0,18,7,39616620,3647,289140,26,10879
1390,3,0,11,14,39660540,3648,289140,26,10882
1391,8,0,12,13,39705720,3650,289140,26,10890
1392,1,0,9,16,39723840,3650,289140,26,10891
1393,4,0,10,15,39737340,3650,289140,26,10895
1394,5,0,11,14,39749160,3650,289140,26,10900
1395,3,0,9,16,39761880,3649,289140,26,10903
1396,8,0,14,11,39779820,3650,289140,26,10911
1397,5,0,11,14,39799080,3649,289140,26,10916
1398,7,0,13,12,39816660,3649,289140,26,10923
1399,10,0,14,11,39855540,3650,289140,26,10933
1400,7,0,12,13,39890040,3650,289140,26,10940
1401,6,0,16,9,39897720,3650,289140,26,10946
1402,9,0,16,9,39928680,3650,289140,26,10955
1403,12,0,22,3,39953280,3650,289140,26,10967
1404,12,0,22,3,40024500,3652,289140,26,10979
1405,10,0,17,8,40086420,3653,289140,26,10989
1406,13,0,17,8,40129440,3653,289140,26,11002
1407,6,0,10,15,40164600,3651,289140,26,11008
1408,6,0,11,14,40180200,3651,289140,26,11014
1409,16,0,20,5,40192980,3650,289140,26,11030
1410,12,0,16,9,40237380,3649,289140,26,11042
1411,9,0,14,11,40283280,3649,289140,26,11051
1412,5,0,13,12,40300020,3649,289140,26,11056
1413,4,0,11,14,40337460,3650,289140,26,11060
1414,3,0,8,17,40359480,3650,289140,26,11063
1415,8,0,14,11,40373820,3651,289140,26,11071
1416,5,0,13,12,40391880,3651,289140,26,11076
1417,7,0,14,11,40410600,3650,289140,26,11083
1418,7,0,14,11,40444620,3651,289140,26,11090
1419,3,0,11,14,40473960,3652,289140,26,11093
1420,7,0,13,12,40489140,3651,289140,26,11100
1421,5,0,9,16,40516680,3651,289140,26,11105
1422,6,0,11,14,40530300,3651,289140,26,11111
1423,8,0,15,10,40539540,3650,289140,26,11119
1424,5,0,13,12,40565400,3650,289140,25,11124
1425,12,0,17,8,40597680,3651,289140,25,11136
1426,12,0,20,5,40633500,3651,289140,25,11148
1427,9,0,19,6,40678980,3652,289140,25,11157
1428,9,0,16,9,40725480,3652,289140,25,11166
1429,9,0,16,9,40754400,3652,289140,25,11175
1430,8,0,15,10,40781640,3651,289140,25,11183
1431,7,0,11,14,40827600,3652,289140,25,11190
1432,14,0,18,7,40848240,3651,289140,25,11204
1433,9,0,16,9,40886400,3651,289140,25,11213
1434,6,0,14,11,40921920,3652,289140,25,11219
1435,14,0,15,10,40965660,3651,289140,25,11233
1436,5,0,14,11,40987260,3651,289140,25,11238
1437,4,0,13,12,41007600,3651,289140,25,11242
1438,4,0,9,16,41051400,3653,289140,25,11246
1439,9,0,12,13,41067600,3652,289140,25,11255
1440,5,0,12,13,41085420,3652,289140,25,11260
1441,7,0,14,11,41109600,3653,289140,25,11267
1442,11,0,14,11,41138700,3652,289140,25,11278
1443,4,0,12,13,41164020,3652,289140,25,11282
1444,4,0,9,16,41191380,3652,289140,25,11286
1445,5,0,12,13,41200920,3652,289140,25,11291
1446,11,0,13,12,41229660,3652,289140,25,11302
1447,8,0,12,13,41259300,3651,289140,25,11310
1448,7,0,16,9,41271420,3652,289140,25,11317
1449,9,0,12,13,41304720,3650,289140,25,11326
1450,7,0,14,11,41326680,3651,289140,25,11333
1451,8,0,12,13,41360820,3650,289140,25,11341
1452,13,0,21,4,41370300,3650,289140,25,11354
1453,6,0,13,12,41424720,3650,289140,25,11360
1454,11,0,17,8,41450340,3650,289140,25,11371
1455,14,0,21,4,41478000,3649,289140,25,11385
1456,10,0,19,6,41521500,3649,289860,25,11395
1457,12,0,21,4,41567220,3650,289860,25,11407
1458,11,0,17,8,41634300,3651,289860,25,11418
1459,4,0,11,14,41668680,3651,289860,25,11422
1460,4,0,12,13,41680080,3651,289860,25,11426
1461,11,0,16,9,41705520,3651,289860,25,11437
1462,9,0,15,10,41742720,3651,289860,25,11446
1463,6,0,11,14,41775240,3651,289860,25,11452
1464,2,0,10,15,41794920,3652,289860,25,11454
1465,7,0,10,15,41812440,3651,289860,25,11461
1466,8,0,14,11,41820000,3650,289860,25,11469
1467,5,0,16,9,41834160,3651,289860,25,11474
1468,5,0,11,14,41882700,3652,289860,25,11479
1469,6,0,13,12,41899680,3652,289860,25,11485
1470,6,0,14,11,41925360,3652,289860,25,11491
1471,8,0,16,9,41943000,3652,289860,25,11499
1472,9,0,14,11,41981520,3652,289860,25,11508
1473,13,0,16,9,42020940,3652,289860,25,11521
1474,9,0,15,10,42050700,3651,289860,25,11530
1475,13,0,19,6,42082980,3651,289860,25,11543
1476,16,0,21,4,42127020,3651,289860,25,11559
1477,10,0,18,7,42177300,3651,289860,25,11569
1478,17,0,19,6,42233640,3651,289860,25,11586
1479,8,0,15,10,42266760,3650,289860,25,11594
1480,10,0,16,9,42298920,3650,289860,24,11604
1481,11,0,16,9,42343860,3650,289860,24,11615
1482,9,0,15,10,42375600,3650,289860,24,11624
1483,5,0,13,12,42409680,3650,289860,24,11629
1484,6,0,14,11,42439080,3651,289860,24,11635
1485,5,0,10,15,42468000,3651,289860,24,11640
1486,5,0,11,14,42479760,3651,289860,24,11645
1487,3,0,10,15,42496980,3651,289860,24,11648
1488,3,0,10,15,42509700,3651,289860,24,11651
1489,4,0,10,15,42527820,3652,289860,24,11655
1490,3,0,9,16,42539640,3651,289860,24,11658
1491,5,0,9,16,42549420,3651,289860,24,11663
1492,2,0,10,15,42551880,3650,289860,24,11665
1493,13,0,17,8,42573900,3650,289860,24,11678
1494,8,0,16,9,42599940,3650,289860,24,11686
1495,11,0,18,7,42632160,3650,289860,24,11697
1496,13,0,19,6,42687960,3651,289860,24,11710
1497,8,0,17,8,42725400,3651,289860,24,11718
1498,16,0,19,6,42784920,3652,289860,24,11734
1499,9,0,20,5,42822900,3652,289860,24,11743
1500,9,0,21,4,42867240,3654,290760,24,11752
1501,10,0,17,8,42913740,3653,290760,24,11762
1502,8,0,15,10,42969360,3655,290760,24,11770
1503,6,0,14,11,42999180,3655,290760,24,11776
1504,5,0,13,12,43027080,3656,290760,24,11781
1505,8,0,14,11,43055280,3656,290760,24,11789
1506,12,0,19,6,43078740,3656,290760,24,11801
1507,7,0,15,10,43125480,3656,290760,24,11808
1508,6,0,14,11,43164840,3658,290760,24,11814
1509,9,0,11,14,43205520,3657,290760,24,11823
1510,5,0,12,13,43217400,3657,290760,24,11828
1511,1,0,10,15,43235940,3658,290760,24,11829
1512,4,0,8,17,43264200,3658,290760,24,11833
1513,5,0,11,14,43267380,3658,290760,24,11838
1514,3,0,11,14,43276560,3658,290760,24,11841
1515,5,0,10,15,43301100,3658,290760,24,11846
1516,7,0,11,14,43315740,3657,290760,24,11853
1517,7,0,13,12,43338060,3658,290760,24,11860
1518,8,0,10,15,43372140,3657,290760,24,11868
1519,8,0,12,13,43386180,3656,290760,24,11876
1520,10,0,18,7,43404780,3657,290760,24,11886
1521,11,0,18,7,43447800,3657,290760,24,11897
1522,15,0,18,7,43506240,3657,290760,24,11912
1523,13,0,19,6,43541460,3657,290760,24,11925
1524,11,0,21,4,43577760,3657,290760,24,11936
1525,9,0,17,8,43624740,3657,290760,24,11945
1526,12,0,15,10,43676640,3657,290760,24,11957
1527,10,0,17,8,43698960,3656,290760,24,11967
1528,5,0,9,16,43746060,3656,290760,24,11972
1529,6,0,11,14,43758060,3656,290760,24,11978
1530,13,0,17,8,43775220,3655,290760,24,11991
1531,7,0,14,11,43810860,3655,290760,24,11998
1532,8,0,13,12,43842540,3655,290760,24,12006
1533,12,0,18,7,43864860,3655,290760,24,12018
1534,7,0,15,10,43901580,3655,290760,24,12025
1535,6,0,13,12,43934520,3655,290760,24,12031
1536,5,0,9,16,43966920,3655,290760,24,12036
1537,6,0,12,13,43976580,3655,290760,24,12042
1538,5,0,10,15,43992120,3654,290760,24,12047
1539,2,0,9,16,44004000,3654,290760,24,12049
1540,4,0,11,14,44011140,3654,290760,24,12053
1541,5,0,11,14,44029500,3654,290760,24,12058
1542,5,0,13,12,44040000,3654,290760,24,12063
1543,7,0,13,12,44064900,3654,290760,24,12070
1544,7,0,12,13,44085840,3654,290760,24,12077
1545,9,0,15,10,44106420,3653,290760,24,12086
1546,11,0,19,6,44126820,3653,290760,24,12097
1547,13,0,16,9,44186280,3653,290760,24,12110
1548,10,0,15,10,44228100,3653,290760,23,12120
1549,9,0,16,9,44246760,3652,290760,23,12129
1550,8,0,14,11,44288580,3653,290760,23,12137
1551,12,0,22,3,44304480,3653,290760,23,12149
1552,12,0,15,10,44388060,3654,290760,23,12161
1553,9,0,19,6,44409840,3654,290760,23,12170
1554,12,0,21,4,44454360,3655,290760,23,12182
1555,5,0,11,14,44507520,3655,290760,23,12187
1556,7,0,12,13,44534280,3655,290760,23,12194
1557,10,0,17,8,44544360,3655,290760,23,12204
1558,10,0,15,10,44587020,3654,290760,23,12214
1559,9,0,13,12,44636460,3655,290760,23,12223
1560,6,0,16,9,44648100,3655,290760,23,12229
1561,5,0,13,12,44686140,3656,290760,23,12234
1562,2,0,8,17,44710980,3656,290760,23,12236
1563,6,0,11,14,44733300,3657,290760,23,12242
1564,8,0,14,11,44742780,3656,290760,23,12250
1565,11,0,18,7,44770740,3656,290760,23,12261
1566,7,0,15,10,44805300,3656,290760,23,12268
1567,9,0,16,9,44836200,3656,290760,23,12277
1568,9,0,13,12,44876100,3656,290760,23,12286
1569,14,0,17,8,44905740,3655,290760,23,12300
1570,11,0,18,7,44936100,3655,290760,23,12311
1571,7,0,13,12,44986380,3655,290760,23,12318
1572,9,0,17,8,44999400,3655,290760,23,12327
1573,8,0,14,11,45041100,3655,290760,23,12335
1574,9,0,16,9,45061920,3655,290760,23,12344
1575,10,0,15,10,45106260,3655,290760,23,12354
1576,4,0,14,11,45125400,3655,290760,23,12358
1577,3,0,11,14,45158340,3656,290760,23,12361
1578,8,0,12,13,45190920,3657,290760,23,12369
1579,9,0,17,8,45204060,3656,290760,23,12378
1580,5,0,13,12,45257220,3658,290760,23,12383
1581,5,0,12,13,45284100,3659,290760,23,12388
1582,10,0,18,7,45308520,3659,290760,23,12398
1583,4,0,16,9,45326160,3659,290760,23,12402
1584,3,0,10,15,45370920,3660,290760,23,12405
1585,7,0,11,14,45402300,3661,290760,23,12412
1586,5,0,14,11,45409800,3661,290760,23,12417
1587,5,0,11,14,45437160,3661,290760,23,12422
1588,3,0,13,12,45444480,3661,290760,23,12425
1589,6,0,11,14,45485940,3662,290760,23,12431
1590,7,0,12,13,45501120,3661,290760,23,12438
1591,12,0,17,8,45518520,3661,290760,23,12450
1592,8,0,14,11,45547860,3660,290760,23,12458
1593,10,0,12,13,45587700,3659,290760,23,12468
1594,8,0,16,9,45608460,3660,290760,23,12476
1595,14,0,19,6,45649440,3660,290760,23,12490
1596,10,0,20,5,45680700,3660,290760,23,12500
1597,10,0,18,7,45720300,3659,290760,23,12510
1598,15,0,20,5,45773940,3660,290760,23,12525
1599,12,0,17,8,45826980,3660,290760,23,12537
1600,9,0,16,9,45859380,3659,290760,23,12546
1601,13,0,13,12,45908460,3659,290760,23,12559
1602,12,0,20,5,45920760,3658,290760,23,12571
1603,12,0,20,5,45966900,3658,290760,23,12583
1604,4,0,14,11,46015440,3659,290760,23,12587
1605,4,0,14,11,46038360,3660,290760,23,12591
1606,9,0,14,11,46088820,3661,290760,23,12600
1607,8,0,14,11,46108440,3661,290760,23,12608
1608,6,0,12,13,46131660,3660,290760,23,12614
1609,3,0,11,14,46152000,3661,290760,23,12617
1610,1,0,8,17,46181280,3662,290760,23,12618
1611,7,0,13,12,46184520,3661,290760,23,12625
1612,5,0,8,17,46216920,3661,290760,23,12630
1613,11,0,14,11,46226940,3660,290760,23,12641
1614,3,0,10,15,46249680,3660,290760,22,12644
1615,6,0,12,13,46263780,3660,290760,22,12650
1616,14,0,18,7,46290120,3660,290760,22,12664
1617,3,0,10,15,46333800,3660,290760,22,12667
1618,6,0,13,12,46352820,3661,290760,22,12673
1619,10,0,16,9,46374360,3661,290760,22,12683
1620,7,0,13,12,46403340,3660,290760,22,12690
1621,9,0,14,11,46438740,3660,290760,22,12699
1622,13,0,21,4,46461060,3660,290760,22,12712
1623,10,0,16,9,46508700,3660,290760,22,12722
1624,10,0,15,10,46552320,3660,290760,22,12732
1625,5,0,13,12,46578420,3660,290760,22,12737
1626,12,0,17,8,46601820,3660,290760,22,12749
1627,7,0,13,12,46641360,3660,290760,22,12756
1628,8,0,12,13,46663140,3659,290760,22,12764
1629,4,0,10,15,46689540,3659,290760,22,12768
1630,7,0,12,13,46702500,3659,290760,22,12775
1631,2,0,11,14,46714200,3659,290760,22,12777
1632,4,0,11,14,46741620,3660,290760,22,12781
1633,3,0,11,14,46754400,3660,290760,22,12784
1634,6,0,12,13,46781340,3661,290760,22,12790
1635,5,0,11,14,46797180,3660,290760,22,12795
1636,4,0,10,15,46824600,3661,290760,22,12799
1637,4,0,8,17,46845720,3661,290760,22,12803
1638,6,0,13,12,46846440,3661,290760,22,12809
1639,9,0,13,12,46867800,3660,290760,22,12818
1640,11,0,18,7,46897560,3660,290760,22,12829
1641,11,0,22,3,46922340,3660,290760,22,12840
1642,9,0,18,7,46989540,3662,290820,22,12849
1643,14,0,18,7,47052660,3663,290820,22,12863
1644,11,0,17,8,47092380,3662,290820,22,12874
1645,15,0,19,6,47137980,3662,290820,22,12889
1646,7,0,16,9,47164260,3661,290820,22,12896
1647,4,0,13,12,47204280,3662,290820,22,12900
1648,5,0,10,15,47233500,3662,290820,22,12905
1649,5,0,10,15,47247480,3662,290820,22,12910
1650,8,0,16,9,47254920,3662,290820,22,12918
1651,8,0,13,12,47287620,3662,290820,22,12926
1652,3,0,9,16,47318640,3662,290820,22,12929
1653,8,0,11,14,47339700,3662,290820,22,12937
1654,4,0,11,14,47352060,3662,290820,22,12941
1655,11,0,15,10,47366520,3661,290820,22,12952
1656,11,0,15,10,47395560,3660,290820,22,12963
1657,8,0,14,11,47419740,3659,290820,22,12971
1658,6,0,16,9,47442420,3660,290820,22,12977
1659,3,0,9,16,47479980,3660,290820,22,12980
1660,6,0,10,15,47491920,3659,290820,22,12986
1661,4,0,10,15,47502540,3659,290820,22,12990
1662,7,0,14,11,47516700,3659,290820,22,12997
1663,8,0,14,11,47544060,3659,290820,22,13005
1664,10,0,16,9,47564220,3659,290820,22,13015
1665,12,0,18,7,47607660,3659,290820,22,13027
1666,11,0,16,9,47655900,3659,290820,22,13038
1667,19,0,23,2,47690700,3658,290820,22,13057
1668,11,0,22,3,47731140,3658,290820,22,13068
1669,12,0,18,7,47797860,3659,290820,22,13080
1670,10,0,15,10,47853780,3659,290820,22,13090
1671,11,0,17,8,47873880,3658,290820,22,13101
1672,8,0,10,15,47938020,3659,290820,22,13109
1673,11,0,15,10,47953440,3659,290820,22,13120
1674,8,0,15,10,47973360,3658,290820,22,13128
1675,6,0,12,13,48012720,3658,290820,22,13134
1676,13,0,17,8,48032520,3658,290820,22,13147
1677,5,0,15,10,48058380,3658,290820,22,13152
1678,4,0,12,13,48092820,3658,290820,22,13156
1679,7,0,11,14,48118440,3658,290820,22,13163
1680,3,0,10,15,48139560,3659,290820,22,13166
1681,7,0,11,14,48150360,3658,290820,22,13173
1682,11,0,15,10,48179220,3658,290820,22,13184
1683,7,0,13,12,48201660,3657,290820,22,13191
1684,6,0,11,14,48236760,3658,290820,22,13197
1685,4,0,10,15,48255660,3658,290820,22,13201
1686,10,0,13,12,48278040,3657,290820,22,13211
1687,10,0,18,7,48297120,3658,290820,21,13221
1688,5,0,15,10,48325140,3657,290820,21,13226
1689,4,0,10,15,48375660,3659,290820,21,13230
1690,13,0,15,10,48401580,3659,290820,21,13243
1691,6,0,8,17,48437220,3658,290820,21,13249
1692,9,0,13,12,48451680,3658,290820,21,13258
1693,13,0,18,7,48464820,3656,290820,21,13271
1694,7,0,11,14,48510180,3656,290820,21,13278
1695,10,0,14,11,48525120,3655,290820,21,13288
1696,11,0,15,10,48557220,3655,290820,21,13299
1697,7,0,14,11,48591180,3655,290820,21,13306
1698,13,0,16,9,48623640,3655,290820,21,13319
1699,10,0,15,10,48649080,3653,290820,21,13329
1700,10,0,18,7,48683820,3654,290820,21,13339
1701,11,0,16,9,48728820,3654,290820,21,13350
1702,4,0,11,14,48763620,3654,290820,21,13354
1703,3,0,8,17,48792300,3655,290820,21,13357
1704,4,0,9,16,48795480,3654,290820,21,13361
1705,4,0,9,16,48813120,3654,290820,21,13365
1706,8,0,16,9,48813840,3654,290820,21,13373
1707,5,0,11,14,48846120,3654,290820,21,13378
1708,5,0,10,15,48874980,3654,290820,21,13383
1709,5,0,10,15,48885600,3654,290820,21,13388
1710,5,0,13,12,48894240,3654,290820,21,13393
1711,9,0,10,15,48930780,3653,290820,21,13402
1712,11,0,15,10,48946920,3653,290820,21,13413
1713,14,0,21,4,48960180,3652,290820,21,13427
1714,8,0,15,10,49030560,3653,290820,21,13435
1715,9,0,15,10,49072740,3654,290820,21,13444
1716,9,0,15,10,49109820,3654,290820,21,13453
1717,5,0,12,13,49139940,3654,290820,21,13458
1718,9,0,13,12,49160340,3653,290820,21,13467
1719,12,0,19,6,49182480,3653,290820,21,13479
1720,7,0,16,9,49220340,3654,290820,21,13486
1721,6,0,13,12,49255020,3654,290820,21,13492
1722,10,0,16,9,49284480,3654,290820,21,13502
1723,5,0,14,11,49303680,3654,290820,21,13507
1724,7,0,13,12,49340460,3654,290820,21,13514
1725,3,0,10,15,49372140,3655,290820,21,13517
1726,7,0,14,11,49384620,3655,290820,21,13524
1727,3,0,11,14,49410780,3655,290820,21,13527
1728,2,0,7,18,49435080,3655,290820,21,13529
1729,7,0,11,14,49439460,3655,290820,21,13536
1730,9,0,13,12,49462020,3655,290820,21,13545
1731,3,0,11,14,49475700,3654,290820,21,13548
1732,3,0,10,15,49492920,3655,290820,21,13551
1733,7,0,13,12,49514880,3655,290820,21,13558
1734,6,0,11,14,49534140,3654,290820,21,13564
1735,9,0,15,10,49551360,3654,290820,21,13573
1736,6,0,13,12,49588680,3655,290820,21,13579
1737,13,0,16,9,49619040,3654,290820,21,13592
1738,10,0,16,9,49650360,3654,290820,21,13602
1739,10,0,17,8,49676880,3654,290820,21,13612
1740,18,0,23,2,49705560,3652,290820,21,13630
1741,13,1,24,1,49750260,3653,291420,21,13643
1742,6,0,18,7,49809360,3654,292200,21,13649
1743,11,0,15,10,49875900,3655,292200,21,13660
1744,9,0,18,7,49897380,3655,292200,21,13669
1745,7,0,15,10,49946400,3656,292200,21,13676
1746,13,0,17,8,49987020,3656,292200,21,13689
1747,5,0,12,13,50024520,3656,292200,21,13694
1748,10,0,13,12,50051100,3655,292200,21,13704
1749,9,0,12,13,50089380,3655,292200,21,13713
1750,3,0,11,14,50106960,3656,292200,21,13716
1751,6,0,12,13,50118000,3655,292200,21,13722
1752,4,0,9,16,50161140,3656,292200,21,13726
1753,6,0,15,10,50161140,3656,292200,21,13732
1754,10,0,16,9,50191980,3656,292200,21,13742
1755,4,0,10,15,50231220,3656,292200,21,13746
1756,7,0,14,11,50241240,3656,292200,21,13753
1757,10,0,14,11,50264700,3655,292200,21,13763
1758,7,0,12,13,50291100,3655,292200,21,13770
1759,5,0,12,13,50307360,3655,292200,21,13775
1760,8,0,14,11,50326080,3655,292200,21,13783
1761,13,0,20,5,50341680,3654,292200,21,13796
1762,10,0,18,7,50382180,3654,292200,21,13806
1763,12,0,20,5,50431680,3654,292740,21,13818
1764,4,0,18,7,50465400,3655,292740,21,13822
1765,5,0,12,13,50519160,3656,292740,21,13827
1766,13,0,17,8,50548500,3656,292740,21,13840
1767,12,0,16,9,50591940,3656,292740,21,13852
1768,13,0,19,6,50622660,3656,292740,21,13865
1769,12,0,22,3,50660520,3656,292740,21,13877
1770,15,0,17,8,50709840,3654,292740,21,13892
1771,10,0,17,8,50765340,3656,292740,21,13902
1772,7,0,16,9,50802060,3656,292740,21,13909
1773,4,0,12,13,50835480,3656,292740,21,13913
1774,10,0,16,9,50860020,3657,292740,21,13923
1775,4,0,14,11,50887140,3657,292740,21,13927
1776,5,0,12,13,50914200,3657,292740,21,13932
1777,5,0,14,11,50929440,3657,292740,21,13937
1778,1,0,7,18,50980080,3659,292740,21,13938
1779,6,0,12,13,50980800,3659,292740,20,13944
1780,2,0,8,17,51001740,3659,292740,20,13946
1781,8,0,14,11,51010920,3659,292740,20,13954
1782,6,0,16,9,51027480,3659,292740,20,13960
1783,10,0,12,13,51075120,3659,292740,20,13970
1784,10,0,14,11,51100140,3658,292740,20,13980
1785,6,0,18,7,51110280,3659,292740,20,13986
1786,9,0,14,11,51171060,3660,292740,20,13995
1787,15,0,20,5,51196500,3659,293220,20,14010
1788,5,0,15,10,51247920,3660,293760,20,14015
1789,6,0,13,12,51296580,3661,293760,20,14021
1790,9,0,17,8,51318420,3662,293760,20,14030
1791,15,0,22,3,51349020,3661,293760,20,14045
1792,9,0,16,9,51402600,3661,293760,20,14054
1793,5,0,12,13,51444060,3662,293760,20,14059
1794,7,0,14,11,51461640,3662,293760,20,14066
1795,2,0,11,14,51489960,3662,293760,20,14068
1796,7,0,9,16,51517740,3662,293760,20,14075
1797,5,0,9,16,51537660,3662,293760,20,14080
1798,3,0,10,15,51540420,3662,293760,20,14083
1799,3,0,10,15,51544200,3661,293760,20,14086
1800,5,0,11,14,51570540,3662,293760,20,14091
1801,11,0,15,10,51582180,3661,293760,20,14102
1802,6,0,12,13,51608760,3661,293760,20,14108
1803,6,0,14,11,51631860,3661,293760,20,14114
1804,6,0,11,14,51654660,3661,293760,20,14120
1805,11,0,17,8,51673680,3661,293760,20,14131
1806,5,0,11,14,51717900,3661,293760,20,14136
1807,8,0,12,13,51742260,3661,293760,20,14144
1808,9,0,12,13,51756780,3660,293760,20,14153
1809,12,0,19,6,51770580,3659,293760,20,14165
1810,9,0,15,10,51811260,3659,293760,20,14174
1811,9,0,13,12,51863400,3660,293760,20,14183
1812,9,0,20,5,51873360,3660,293760,20,14192
1813,15,0,19,6,51916560,3659,293760,20,14207
1814,5,0,12,13,51975780,3660,293760,20,14212
1815,7,0,11,14,52000920,3659,293760,20,14219
1816,8,0,14,11,52023000,3660,293760,20,14227
1817,10,0,16,9,52040640,3659,293760,20,14237
1818,6,0,14,11,52072080,3659,293760,20,14243
1819,5,0,12,13,52108020,3660,293760,20,14248
1820,7,0,10,15,52132680,3659,293760,20,14255
1821,10,0,16,9,52144740,3659,293760,20,14265
1822,4,0,16,9,52159440,3659,293760,20,14269
1823,10,0,17,8,52195440,3659,293760,20,14279
1824,3,0,11,14,52243380,3660,293760,20,14282
1825,3,0,9,16,52265280,3661,293760,20,14285
1826,5,0,12,13,52273620,3661,293760,20,14290
1827,6,0,16,9,52280040,3661,293760,20,14296
1828,9,0,12,13,52322460,3660,293760,20,14305
1829,9,0,16,9,52340640,3660,293760,20,14314
1830,9,0,12,13,52374060,3659,293760,20,14323
1831,10,0,17,8,52401060,3660,293760,20,14333
1832,5,0,16,9,52424160,3660,293760,20,14338
1833,15,0,14,11,52486680,3660,293760,20,14353
1834,4,0,10,15,52517820,3660,293760,20,14357
1835,8,0,11,14,52532340,3659,293760,20,14365
1836,7,0,11,14,52559220,3659,293760,20,14372
1837,7,0,14,11,52566600,3659,293760,20,14379
1838,7,0,16,9,52587060,3659,293760,20,14386
1839,6,0,13,12,52614960,3659,293760,20,14392
1840,8,0,16,9,52635240,3659,293760,20,14400
1841,5,0,14,11,52675800,3660,293760,20,14405
1842,10,0,17,8,52700340,3660,293760,20,14415
1843,7,0,17,8,52741020,3661,293760,20,14422
1844,12,0,22,3,52764960,3661,293760,20,14434
1845,2,0,10,15,52838520,3662,293760,20,14436
1846,1,0,8,17,52858260,3663,293760,20,14437
1847,4,0,9,16,52866000,3663,293760,20,14441
1848,5,0,10,15,52872720,3662,293760,20,14446
1849,6,0,10,15,52889460,3662,293760,20,14452
1850,5,0,11,14,52902780,3662,293760,20,14457
1851,6,0,10,15,52925400,3661,293760,20,14463
1852,3,0,7,18,52944480,3661,293760,20,14466
1853,4,0,9,16,52951560,3661,293760,20,14470
1854,6,0,12,13,52960440,3661,293760,20,14476
1855,9,0,9,16,52990380,3660,293760,20,14485
1856,8,0,13,12,53003340,3660,293760,20,14493
1857,11,0,14,11,53025600,3659,293760,20,14504
1858,7,0,10,15,53062980,3659,293760,20,14511
1859,11,0,15,10,53077200,3658,293760,20,14522
1860,16,0,17,8,53108760,3657,293760,20,14538
1861,11,0,15,10,53148240,3656,293760,20,14549
1862,8,0,18,7,53163480,3656,293760,20,14557
1863,5,0,15,10,53206020,3657,293760,20,14562
1864,9,0,15,10,53244420,3657,293760,20,14571
1865,8,0,10,15,53283240,3657,293760,20,14579
1866,12,0,17,8,53292960,3656,293760,20,14591
1867,8,0,19,6,53314440,3656,293760,20,14599
1868,9,0,16,9,53366460,3657,293760,20,14608
1869,5,0,15,10,53395980,3657,293760,20,14613
1870,5,0,14,11,53427720,3658,293760,20,14618
1871,3,0,11,14,53467260,3659,293760,20,14621
1872,5,0,10,15,53494680,3660,293760,20,14626
1873,14,0,17,8,53506380,3659,293760,20,14640
1874,5,0,11,14,53538420,3658,293760,20,14645
1875,4,0,8,17,53563140,3658,293760,20,14649
1876,7,0,10,15,53571840,3657,293760,20,14656
1877,6,0,11,14,53581200,3657,293760,20,14662
1878,9,0,13,12,53599680,3656,293760,20,14671
1879,9,0,15,10,53619060,3656,293760,20,14680
1880,2,0,12,13,53651160,3657,293760,20,14682
1881,10,0,13,12,53687880,3657,293760,19,14692
1882,11,0,18,7,53702640,3656,293760,19,14703
1883,14,0,18,7,53751960,3656,293760,19,14717
1884,6,0,13,12,53791080,3656,293760,19,14723
1885,8,0,15,10,53815800,3656,293760,19,14731
1886,10,0,14,11,53854920,3656,293760,19,14741
1887,11,0,16,9,53876100,3656,293760,19,14752
1888,6,0,14,11,53902080,3655,293760,19,14758
1889,10,0,16,9,53953200,3657,293760,19,14768
1890,11,0,15,10,53985360,3656,293760,19,14779
1891,8,0,15,10,54014940,3656,293760,19,14787
1892,8,0,16,9,54037080,3656,293760,19,14795
1893,9,0,17,8,54066720,3656,293760,19,14804
1894,6,0,13,12,54113460,3657,293760,19,14810
1895,9,0,15,10,54145620,3657,293760,19,14819
1896,5,0,12,13,54173820,3657,293760,19,14824
1897,4,0,12,13,54188160,3657,293760,19,14828
1898,5,0,9,16,54231060,3658,293760,19,14833
1899,4,0,10,15,54241800,3658,293760,19,14837
1900,3,0,8,17,54257160,3658,293760,19,14840
1901,5,0,12,13,54265020,3658,293760,19,14845
1902,8,0,12,13,54284160,3657,293760,19,14853
1903,8,0,13,12,54301560,3657,293760,19,14861
1904,6,0,12,13,54332820,3657,293760,19,14867
1905,12,0,19,6,54347940,3657,293760,19,14879
1906,9,0,17,8,54390600,3657,293760,19,14888
1907,5,0,13,12,54419940,3657,293760,19,14893
1908,12,0,18,7,54455280,3657,293760,19,14905
1909,2,0,11,14,54490620,3658,293760,19,14907
1910,13,0,16,9,54517920,3657,293760,19,14920
1911,9,0,17,8,54550800,3658,293760,19,14929
1912,8,0,18,7,54579360,3658,293760,19,14937
1913,10,0,18,7,54618360,3658,293760,19,14947
1914,17,8,18,7,54666060,3659,294900,19,14964
1915,9,1,25,0,54715200,3660,317820,21,14973
1916,9,0,20,5,54759300,3659,318480,21,14982
1917,7,0,15,10,54816900,3660,318480,21,14989
1918,7,0,13,12,54859740,3661,318480,21,14996
1919,4,0,11,14,54880020,3661,318480,21,15000
1920,4,0,10,15,54900780,3661,318480,21,15004
1921,10,0,13,12,54920880,3661,318480,21,15014
1922,3,0,11,14,54932640,3660,318480,21,15017
1923,12,0,17,8,54958980,3661,318480,21,15029
1924,6,0,15,10,54990240,3661,318480,21,15035
1925,10,0,16,9,55018320,3660,318480,21,15045
1926,8,0,16,9,55035600,3660,318480,21,15053
1927,16,0,18,7,55107960,3661,318480,21,15069
1928,12,0,14,11,55135740,3659,318480,21,15081
1929,5,0,15,10,55161900,3660,318480,21,15086
1930,13,4,19,6,55176660,3659,318540,21,15099
1931,5,6,15,10,55227660,3661,325440,21,15104
1932,5,0,19,6,55272360,3662,353940,23,15109
1933,11,0,18,7,55307820,3662,353940,23,15120
1934,6,0,13,12,55360260,3663,353940,23,15126
1935,9,0,12,13,55389480,3662,353940,23,15135
1936,12,0,17,8,55415460,3662,353940,23,15147
1937,9,0,15,10,55442040,3661,353940,23,15156
1938,7,0,13,12,55486740,3662,353940,23,15163
1939,7,0,13,12,55509180,3662,353940,23,15170
1940,8,0,13,12,55530420,3661,353940,23,15178
1941,9,0,13,12,55566060,3661,353940,23,15187
1942,9,0,12,13,55594500,3661,353940,23,15196
1943,4,0,9,16,55615980,3661,353940,23,15200
1944,12,0,12,13,55626780,3659,353940,23,15212
1945,8,0,16,9,55643400,3659,353940,23,15220
1946,6,0,14,11,55671900,3659,353940,23,15226
1947,1,0,9,16,55705020,3660,353940,23,15227
1948,3,0,9,16,55717320,3660,353940,23,15230
1949,8,0,13,12,55727220,3660,353940,23,15238
1950,9,0,14,11,55742460,3659,353940,23,15247
1951,6,0,13,12,55778340,3659,353940,23,15253
1952,2,0,8,17,55808820,3660,353940,23,15255
1953,8,0,13,12,55816260,3660,353940,23,15263
1954,11,0,17,8,55835760,3659,353940,23,15274
1955,16,0,22,3,55869420,3659,353940,23,15290
1956,13,0,21,4,55915800,3658,353940,23,15303
1957,8,0,15,10,55969500,3659,353940,23,15311
1958,15,0,19,6,56004780,3658,353940,23,15326
1959,5,0,15,10,56035380,3658,353940,23,15331
1960,9,0,15,10,56073240,3658,353940,23,15340
1961,6,0,13,12,56109000,3659,353940,23,15346
1962,10,0,14,11,56136360,3658,353940,23,15356
1963,9,0,15,10,56157480,3658,353940,23,15365
1964,7,0,11,14,56201520,3658,353940,23,15372
1965,7,0,12,13,56222820,3658,353940,23,15379
1966,4,0,8,17,56251860,3658,353940,23,15383
1967,8,0,13,12,56264700,3658,353940,22,15391
1968,5,0,13,12,56274480,3658,353940,22,15396
1969,3,0,8,17,56313600,3658,353940,22,15399
1970,5,0,10,15,56326620,3658,353940,22,15404
1971,9,0,16,9,56330940,3658,353940,22,15413
1972,7,0,16,9,56358420,3658,353940,22,15420
1973,4,0,13,12,56383800,3658,353940,22,15424
1974,3,0,12,13,56411520,3659,353940,22,15427
1975,10,0,14,11,56450160,3660,353940,22,15437
1976,12,0,18,7,56472600,3659,353940,22,15449
1977,8,0,16,9,56505660,3659,353940,22,15457
1978,17,0,20,5,56551140,3659,353940,22,15474
1979,3,0,17,8,56587920,3660,353940,22,15477
1980,12,0,16,9,56643360,3660,353940,22,15489
1981,8,0,13,12,56691060,3661,353940,22,15497
1982,8,0,13,12,56717040,3661,353940,22,15505
1983,9,0,15,10,56729580,3660,353940,22,15514
1984,10,0,15,10,56773680,3660,353940,22,15524
1985,6,0,15,10,56803140,3661,353940,22,15530
1986,5,0,8,17,56849940,3661,353940,22,15535
1987,9,0,13,12,56857500,3660,353940,22,15544
1988,8,0,15,10,56873520,3660,353940,22,15552
1989,5,0,11,14,56911080,3660,353940,22,15557
1990,7,0,15,10,56924040,3660,353940,22,15564
1991,7,0,14,11,56940300,3660,353940,22,15571
1992,6,0,12,13,56979840,3660,353940,22,15577
1993,6,0,12,13,56997180,3660,353940,22,15583
1994,5,0,11,14,57012360,3660,353940,22,15588
1995,5,0,11,14,57036300,3660,353940,22,15593
1996,5,0,9,16,57057420,3660,353940,22,15598
1997,9,0,15,10,57059820,3659,353940,22,15607
1998,7,0,13,12,57099120,3659,353940,22,15614
1999,15,0,19,6,57118500,3659,353940,22,15629
2000,8,0,18,7,57151140,3659,353940,22,15637
2001,10,0,11,14,57216000,3659,353940,22,15647
2002,7,0,13,12,57227760,3658,353940,22,15654
2003,10,0,15,10,57254400,3658,353940,22,15664
2004,11,0,16,9,57286500,3658,353940,22,15675
2005,10,0,18,7,57325560,3659,353940,22,15685
2006,11,0,20,5,57353520,3658,353940,22,15696
2007,5,0,11,14,57411540,3659,353940,22,15701
2008,10,0,17,8,57431160,3659,353940,22,15711
2009,11,0,18,7,57458220,3658,353940,22,15722
2010,15,0,19,6,57495720,3657,353940,22,15737
2011,7,0,12,13,57559920,3658,353940,22,15744
2012,7,0,15,10,57583020,3659,353940,22,15751
2013,8,0,13,12,57613980,3658,353940,22,15759
2014,2,0,11,14,57635220,3659,353940,22,15761
2015,5,0,11,14,57657180,3659,353940,22,15766
2016,8,0,14,11,57675780,3659,353940,22,15774
2017,2,0,14,11,57677040,3659,353940,22,15776
2018,4,0,15,10,57683100,3658,353940,22,15780
2019,4,0,14,11,57690660,3658,353940,22,15784
2020,1,0,14,11,57694860,3658,353940,22,15785
2021,3,0,17,8,57694860,3658,353940,22,15788
2022,6,0,18,7,57708420,3657,353940,22,15794
2023,12,0,22,3,57730560,3657,353940,22,15806
2024,9,0,25,0,57746400,3657,355740,22,15815
2025,10,0,19,6,57805260,3657,355740,22,15825
2026,6,0,17,8,57832500,3657,355740,22,15831
2027,10,0,20,5,57842640,3656,355740,22,15841
2028,10,0,21,4,57879240,3656,355740,22,15851
2029,13,2,25,0,57897240,3655,358020,22,15864
2030,7,0,21,4,57958440,3656,367260,23,15871
2031,8,0,22,3,57975420,3656,367260,23,15879
2032,6,0,21,4,57998460,3655,367260,23,15885
2033,16,7,22,3,58037040,3656,370140,23,15901
2034,7,11,20,5,58071420,3657,375060,23,15908
2035,7,15,20,5,58093620,3658,382980,24,15915
2036,9,17,25,0,58110960,3658,407760,25,15924
2037,4,13,25,0,58150620,3659,443400,27,15928
2038,10,0,21,4,58224780,3658,586740,36,15938
2039,5,0,19,6,58239840,3657,586740,36,15943
2040,2,0,17,8,58259640,3657,586740,36,15945
2041,6,0,18,7,58282140,3657,586740,36,15951
2042,2,0,16,9,58294560,3657,586740,36,15953
2043,3,0,17,8,58304280,3657,586740,36,15956
2044,2,0,17,8,58308060,3657,586740,36,15958
2045,6,0,15,10,58330560,3657,586740,36,15964
2046,6,0,18,7,58335240,3656,586740,36,15970
2047,7,0,23,2,58345380,3657,586740,36,15977
2048,15,6,25,0,58380660,3657,590700,36,15992
2049,11,9,25,0,58414500,3657,600900,37,16003
2050,15,4,25,0,58473000,3657,633960,39,16018
2051,8,0,22,3,58515240,3656,659100,41,16026
2052,11,0,25,0,58551360,3656,662340,41,16037
2053,11,0,20,5,58596540,3655,663120,41,16048
2054,12,2,23,2,58627560,3656,667500,41,16060
2055,14,6,25,0,58656540,3656,674880,41,16074
2056,14,6,25,0,58709400,3656,690720,42,16088
2057,16,4,25,0,58755420,3655,714240,44,16104
2058,15,10,25,0,58792740,3655,717600,44,16119
2059,8,10,25,0,58824720,3655,734100,45,16127
2060,8,0,20,5,58890600,3654,784920,48,16135
2061,3,0,18,7,58910520,3654,784920,48,16138
2062,10,0,20,5,58932120,3654,784920,48,16148
2063,6,0,22,3,58951980,3654,784920,48,16154
2064,6,0,22,3,58977480,3654,784920,48,16160
2065,4,0,21,4,59010780,3655,784920,48,16164
2066,6,0,18,7,59050320,3655,784920,48,16170
2067,5,0,18,7,59068860,3655,784920,48,16175
2068,3,0,18,7,59079360,3655,784920,48,16178
2069,7,0,20,5,59092980,3655,784920,48,16185
2070,8,0,21,4,59122500,3655,784920,48,16193
2071,4,0,18,7,59143980,3655,784920,48,16197
2072,8,0,19,6,59167560,3655,784920,48,16205
2073,6,0,17,8,59188020,3654,784920,48,16211
2074,8,0,20,5,59201700,3654,784920,48,16219
2075,13,2,25,0,59213760,3654,784920,48,16232
2076,4,0,18,7,59263560,3654,785520,48,16236
2077,4,0,17,8,59286960,3654,785520,48,16240
2078,6,0,19,6,59303040,3654,785520,48,16246
2079,6,0,17,8,59324160,3654,785520,48,16252
2080,4,0,18,7,59332440,3653,785520,48,16256
2081,6,0,23,2,59333700,3653,785520,48,16262
2082,11,0,25,0,59367660,3653,785940,48,16273
2083,7,0,24,1,59406000,3654,794940,48,16280
2084,9,0,21,4,59456220,3654,795780,48,16289
2085,8,0,21,4,59478420,3654,795780,48,16297
2086,4,0,17,8,59513580,3654,795780,48,16301
2087,6,0,19,6,59533560,3655,795780,48,16307
2088,11,0,22,3,59556000,3654,795780,48,16318
2089,6,0,17,8,59599740,3654,795780,48,16324
2090,6,0,18,7,59614560,3654,795780,48,16330
2091,4,0,17,8,59631120,3654,795780,48,16334
2092,8,0,20,5,59647200,3654,795780,48,16342
2093,5,0,18,7,59669280,3654,795780,48,16347
2094,8,0,21,4,59675760,3653,795780,48,16355
2095,7,0,24,1,59703000,3654,795780,48,16362
2096,4,0,21,4,59730540,3654,795780,48,16366
2097,11,0,20,5,59780340,3654,795780,48,16377
2098,5,0,17,8,59804700,3654,795780,48,16382
2099,13,3,25,0,59806140,3654,795780,48,16395
2100,17,15,21,4,59853300,3654,808800,49,16412
2101,8,15,25,0,59879880,3655,818700,49,16420
2102,7,13,25,0,59931600,3656,858180,52,16427
2103,12,11,25,0,59975460,3656,913380,55,16439
2104,9,11,25,0,60005460,3656,941040,57,16448
2105,6,0,20,5,60071220,3655,1047180,63,16454
2106,7,0,21,4,60089820,3655,1047180,63,16461
2107,4,0,20,5,60117360,3655,1047480,63,16465
2108,11,2,25,0,60141900,3656,1047720,63,16476
2109,7,0,22,3,60178980,3655,1048140,63,16483
2110,8,0,21,4,60214440,3656,1048140,63,16491
2111,11,0,24,1,60245760,3656,1048140,63,16502
2112,3,0,18,7,60280200,3656,1048380,63,16505
2113,7,0,16,9,60319920,3656,1048380,63,16512
2114,9,0,18,7,60337440,3656,1048380,63,16521
2115,3,0,19,6,60343620,3656,1048380,63,16524
2116,1,0,13,12,60375060,3656,1048380,63,16525
2117,7,0,17,8,60379800,3656,1048380,63,16532
2118,5,0,16,9,60396060,3655,1048380,63,16537
2119,9,0,19,6,60409260,3655,1048380,63,16546
2120,3,0,17,8,60424260,3654,1048380,63,16549
2121,8,0,20,5,60445140,3655,1048380,63,16557
2122,7,0,21,4,60465600,3655,1048380,63,16564
2123,11,0,22,3,60494220,3654,1048380,63,16575
2124,8,0,21,4,60534660,3655,1051380,63,16583
2125,12,4,22,3,60556260,3654,1051500,63,16595
2126,5,5,21,4,60586620,3655,1060920,63,16600
2127,9,3,25,0,60615660,3655,1075560,64,16609
2128,12,8,21,4,60653160,3655,1079040,64,16621
2129,8,11,22,3,60680580,3656,1089900,65,16629
2130,6,9,25,0,60711780,3657,1115100,67,16635
2131,13,14,25,0,60752460,3657,1119480,67,16648
2132,5,11,25,0,60789600,3658,1135140,68,16653
2133,9,0,19,6,60857640,3656,1270080,76,16662
2134,5,0,19,6,60871200,3656,1270080,76,16667
2135,7,0,18,7,60899820,3656,1270080,76,16674
2136,12,0,24,1,60914160,3655,1270080,76,16686
2137,3,0,17,8,60951000,3655,1270080,76,16689
2138,3,0,17,8,60970860,3656,1270080,76,16692
2139,3,0,16,9,60981240,3656,1270080,76,16695
2140,4,0,16,9,60994200,3656,1270080,76,16699
2141,9,0,22,3,61002000,3655,1270080,76,16708
2142,9,0,22,3,61036620,3655,1270080,75,16717
2143,12,0,20,5,61070880,3654,1270680,75,16729
2144,6,0,21,4,61087980,3654,1270680,75,16735
2145,13,1,25,0,61124940,3655,1270680,75,16748
2146,9,1,25,0,61165380,3655,1280520,76,16757
2147,11,1,25,0,61200120,3655,1283640,76,16768
2148,12,4,25,0,61245600,3656,1289340,76,16780
2149,6,4,23,2,61286220,3656,1295280,77,16786
2150,12,1,25,0,61330020,3656,1320780,78,16798
2151,10,1,25,0,61369080,3656,1325280,78,16808
2152,6,0,24,1,61403640,3657,1325820,78,16814
2153,13,2,25,0,61441920,3657,1326540,78,16827
2154,10,5,20,5,61492920,3657,1329840,78,16837
2155,8,12,18,7,61513200,3658,1331640,79,16845
2156,7,6,25,0,61541400,3658,1370760,81,16852
2157,8,0,24,1,61578000,3657,1403460,83,16860
2158,3,0,21,4,61616160,3658,1403460,83,16863
2159,6,0,17,8,61656060,3658,1403460,83,16869
2160,9,0,22,3,61664280,3658,1403460,83,16878
2161,5,0,20,5,61692960,3658,1403460,83,16883
2162,3,0,17,8,61720500,3658,1403460,83,16886
2163,5,0,18,7,61743060,3659,1403460,83,16891
2164,10,0,20,5,61766280,3658,1403460,83,16901
2165,5,0,20,5,61782360,3658,1403460,83,16906
2166,2,0,16,9,61810200,3659,1403460,83,16908
2167,4,0,18,7,61817760,3659,1403460,82,16912
2168,7,0,20,5,61845120,3659,1403460,82,16919
2169,7,0,19,6,61873860,3659,1403460,82,16926
2170,10,3,21,4,61892400,3659,1404540,82,16936
2171,6,4,20,5,61922220,3660,1415160,83,16942
2172,13,1,25,0,61948620,3659,1436940,84,16955
2173,24,19,22,3,61986180,3659,1442400,84,16979
2174,10,23,24,1,62013780,3660,1468440,86,16989
2175,12,28,25,0,62053860,3661,1496460,88,17001
2176,9,28,25,0,62102880,3662,1527000,89,17010
2177,13,28,25,0,62156460,3662,1619040,95,17023
2178,12,32,25,0,62187660,3662,1658880,97,17035
2179,4,29,25,0,62221440,3663,1710120,100,17039
2180,7,22,25,0,62279940,3663,1816920,106,17046
2181,7,11,25,0,62328720,3662,1994460,116,17053
2182,7,0,23,2,62365440,3660,2247960,131,17060
2183,6,0,18,7,62405580,3660,2247960,131,17066
2184,5,0,20,5,62418720,3660,2247960,131,17071
2185,2,0,17,8,62443980,3661,2247960,131,17073
2186,7,0,19,6,62459100,3660,2247960,131,17080
2187,6,0,18,7,62481840,3660,2247960,131,17086
2188,4,0,16,9,62504520,3660,2247960,131,17090
2189,8,0,18,7,62519400,3660,2247960,131,17098
2190,7,0,20,5,62532360,3660,2247960,131,17105
2191,10,0,20,5,62554500,3659,2247960,131,17115
2192,12,1,24,1,62578140,3659,2248680,131,17127
2193,12,7,22,3,62611320,3659,2250720,131,17139
2194,3,0,22,3,62660340,3660,2268540,132,17142
2195,11,1,25,0,62680320,3659,2269260,132,17153
2196,10,4,25,0,62715360,3660,2278620,132,17163
2197,10,3,25,0,62753520,3660,2300640,133,17173
2198,14,2,25,0,62813940,3660,2305260,134,17187
2199,8,0,19,6,62860500,3659,2312040,134,17195
2200,9,0,20,5,62885460,3659,2312040,134,17204
2201,13,0,22,3,62920380,3659,2312220,134,17217
2202,10,0,22,3,62941800,3658,2312220,134,17227
2203,3,0,17,8,62974440,3658,2312220,134,17230
2204,4,0,16,9,62989920,3658,2312220,134,17234
2205,9,0,22,3,62995200,3658,2312220,134,17243
2206,4,0,17,8,63030900,3658,2312220,134,17247
2207,2,0,16,9,63040080,3658,2312220,134,17249
2208,3,0,16,9,63060960,3658,2312220,134,17252
2209,6,0,17,8,63074340,3658,2312220,133,17258
2210,6,0,19,6,63090300,3658,2312220,133,17264
2211,4,0,17,8,63108180,3658,2312220,133,17268
2212,4,0,15,10,63128100,3658,2312220,133,17272
2213,10,0,20,5,63140460,3657,2312220,133,17282
2214,3,0,18,7,63159960,3657,2312220,133,17285
2215,8,0,19,6,63177060,3657,2312220,133,17293
2216,12,0,23,2,63192300,3656,2312220,133,17305
2217,5,0,22,3,63222420,3657,2312220,133,17310
2218,9,0,18,7,63270720,3657,2312220,133,17319
2219,2,0,18,7,63274080,3656,2312220,133,17321
2220,13,0,25,0,63290040,3656,2312460,133,17334
2221,12,0,23,2,63327360,3655,2313000,133,17346
2222,11,0,22,3,63378000,3656,2314200,133,17357
2223,12,0,20,5,63418020,3655,2314200,133,17369
2224,9,0,24,1,63440040,3655,2314920,133,17378
2225,7,0,22,3,63474720,3655,2314920,133,17385
2226,6,0,21,4,63510480,3656,2314920,133,17391
2227,12,0,24,1,63534360,3655,2314920,133,17403
2228,11,0,25,0,63568860,3655,2321340,133,17414
2229,8,0,19,6,63612720,3655,2322180,133,17422
2230,8,0,20,5,63644700,3655,2322180,133,17430
2231,7,0,22,3,63666900,3655,2322180,133,17437
2232,6,0,20,5,63697680,3655,2323560,133,17443
2233,6,0,21,4,63722820,3656,2323560,133,17449
2234,5,0,18,7,63751200,3656,2323560,133,17454
2235,5,0,17,8,63774360,3656,2323560,133,17459
2236,9,0,20,5,63789120,3655,2323560,133,17468
2237,10,0,21,4,63821760,3655,2323560,132,17478
2238,11,0,25,0,63843360,3655,2323560,132,17489
2239,9,0,20,5,63892920,3655,2323860,132,17498
2240,12,0,21,4,63919200,3654,2324400,132,17510
2241,5,0,17,8,63957000,3655,2324400,132,17515
2242,10,0,21,4,63978840,3655,2324400,132,17525
2243,5,0,19,6,63997380,3654,2324400,132,17530
2244,11,0,18,7,64035900,3654,2324400,132,17541
2245,4,0,13,12,64063920,3654,2324400,132,17545
2246,11,0,18,7,64071120,3653,2324400,132,17556
2247,10,0,24,1,64078860,3652,2324400,132,17566
2248,13,4,25,0,64098360,3652,2326620,132,17579
2249,4,0,20,5,64150920,3652,2334180,132,17583
2250,7,0,16,9,64182420,3652,2334180,132,17590
2251,9,0,20,5,64199700,3652,2334180,132,17599
2252,8,0,21,4,64221360,3651,2334180,132,17607
2253,12,8,19,6,64237920,3651,2335680,132,17619
2254,7,9,22,3,64259700,3652,2356020,133,17626
2255,5,6,25,0,64280880,3652,2380260,135,17631
2256,7,0,18,7,64342320,3651,2416380,136,17638
2257,2,0,17,8,64352640,3651,2416380,136,17640
2258,3,0,15,10,64376580,3651,2416380,136,17643
2259,4,0,17,8,64380360,3651,2416380,136,17647
2260,4,0,15,10,64396800,3651,2416380,136,17651
2261,4,0,17,8,64402080,3651,2416380,136,17655
2262,3,0,16,9,64412460,3651,2416380,136,17658
2263,11,0,22,3,64420500,3650,2416380,136,17669
2264,5,0,21,4,64439280,3650,2416380,136,17674
2265,7,0,22,3,64469940,3650,2416380,136,17681
2266,8,0,22,3,64505700,3651,2416920,136,17689
2267,8,3,21,4,64526700,3651,2418840,136,17697
2268,10,6,22,3,64561500,3651,2427240,137,17707
2269,8,2,25,0,64603440,3652,2445300,138,17715
2270,9,0,22,3,64639440,3651,2456220,138,17724
2271,13,6,22,3,64660380,3651,2457000,138,17737
2272,10,8,23,2,64701000,3652,2464320,138,17747
2273,9,6,25,0,64744560,3652,2483580,139,17756
2274,5,0,22,3,64781280,3651,2519580,141,17761
2275,10,0,23,2,64818780,3652,2519580,141,17771
2276,7,0,22,3,64842660,3651,2519580,141,17778
2277,5,0,20,5,64872960,3652,2519580,141,17783
2278,6,0,19,6,64903800,3652,2519580,141,17789
2279,5,0,21,4,64920660,3652,2519580,141,17794
2280,4,0,16,9,64959780,3653,2519580,141,17798
2281,4,0,18,7,64967100,3653,2519580,141,17802
2282,4,0,15,10,64991280,3653,2519580,141,17806
2283,4,0,16,9,64994580,3652,2519580,141,17810
2284,5,0,18,7,65004660,3652,2519580,141,17815
2285,7,0,23,2,65014740,3652,2519580,141,17822
2286,7,0,20,5,65050320,3652,2519580,141,17829
2287,9,0,23,2,65072700,3652,2519580,141,17838
2288,8,0,23,2,65101920,3652,2519580,141,17846
2289,6,0,22,3,65126520,3652,2519580,141,17852
2290,10,0,24,1,65171400,3653,2519580,141,17862
2291,16,3,25,0,65213280,3653,2526180,141,17878
2292,11,6,25,0,65239920,3653,2532960,141,17889
2293,8,6,25,0,65279040,3653,2544720,142,17897
2294,15,4,25,0,65336040,3653,2568600,143,17912
2295,9,2,23,2,65379300,3653,2613120,145,17921
2296,6,0,20,5,65409240,3652,2619180,146,17927
2297,6,0,19,6,65436180,3652,2619180,146,17933
2298,11,0,21,4,65474160,3653,2619180,145,17944
2299,9,0,21,4,65502120,3652,2619180,145,17953
2300,8,0,23,2,65524380,3652,2619180,145,17961
2301,5,0,20,5,65552040,3652,2619180,145,17966
2302,14,0,24,1,65579700,3652,2619180,145,17980
2303,4,0,20,5,65614320,3652,2619180,145,17984
2304,5,0,19,6,65651040,3653,2619180,145,17989
2305,7,0,20,5,65670660,3653,2619180,145,17996
2306,4,0,20,5,65682480,3653,2619180,145,18000
2307,6,0,16,9,65716980,3652,2619180,145,18006
2308,4,0,17,8,65725260,3652,2619180,145,18010
2309,10,0,21,4,65737560,3652,2619180,145,18020
2310,5,0,19,6,65758800,3652,2619180,145,18025
2311,10,0,21,4,65788260,3652,2619180,145,18035
2312,7,0,20,5,65818740,3652,2619180,145,18042
2313,11,0,21,4,65853600,3652,2619180,145,18053
2314,18,7,21,4,65880720,3651,2619420,144,18071
2315,8,5,25,0,65913120,3651,2636820,145,18079
2316,14,6,25,0,65961660,3651,2649120,146,18093
2317,7,3,25,0,65995140,3651,2690940,148,18100
2318,5,0,20,5,66042360,3651,2700960,149,18105
2319,6,0,17,8,66067620,3651,2700960,149,18111
2320,15,5,22,3,66079800,3651,2701320,149,18126
2321,9,13,19,6,66097140,3651,2704320,149,18135
2322,14,22,21,4,66120960,3651,2716020,149,18149
2323,5,18,25,0,66152580,3652,2759340,151,18154
2324,7,18,25,0,66190500,3653,2785980,153,18161
2325,12,18,25,0,66250500,3654,2848080,156,18173
2326,3,5,25,0,66294000,3653,3001140,165,18176
2327,8,0,24,1,66320880,3652,3056100,168,18184
2328,6,0,20,5,66364080,3652,3056100,168,18190
2329,12,0,22,3,66395700,3652,3056100,167,18202
2330,5,0,22,3,66408180,3651,3056100,167,18207
2331,4,0,16,9,66450960,3652,3056100,167,18211
2332,9,0,18,7,66469800,3651,3056100,167,18220
2333,4,0,16,9,66483720,3651,3056100,167,18224
2334,5,0,17,8,66491880,3650,3056100,167,18229
2335,10,0,20,5,66513360,3650,3056100,167,18239
2336,8,0,22,3,66523860,3650,3056100,167,18247
2337,8,0,21,4,66554940,3650,3056100,167,18255
2338,12,0,25,0,66587340,3650,3056100,167,18267
2339,6,0,19,6,66627600,3650,3056580,167,18273
2340,9,0,21,4,66660000,3650,3056580,167,18282
2341,9,1,24,1,66677280,3650,3057420,167,18291
2342,15,4,24,1,66710400,3649,3059640,167,18306
2343,7,9,19,6,66743460,3650,3063540,167,18313
2344,5,4,24,1,66781740,3651,3087960,168,18318
2345,9,8,21,4,66803700,3650,3094560,168,18327
2346,6,8,23,2,66833220,3651,3104100,169,18333
2347,7,0,21,4,66883980,3651,3167280,172,18340
2348,12,0,23,2,66914820,3650,3167880,172,18352
2349,6,4,22,3,66924360,3650,3169140,172,18358
2350,8,8,21,4,66962280,3651,3177300,172,18366
2351,10,5,25,0,67000860,3652,3204000,174,18376
2352,3,0,19,6,67038120,3651,3223740,175,18379
2353,9,0,23,2,67060020,3651,3223740,175,18388
2354,4,0,21,4,67086300,3651,3223740,175,18392
2355,6,0,16,9,67121160,3651,3223740,175,18398
2356,4,0,17,8,67129860,3651,3223740,175,18402
2357,7,0,19,6,67146720,3651,3223740,175,18409
2358,3,0,18,7,67161660,3651,3223740,175,18412
2359,6,0,16,9,67191600,3651,3223740,175,18418
2360,11,0,23,2,67196760,3650,3223740,174,18429
2361,7,0,22,3,67219980,3650,3223740,174,18436
2362,12,0,25,0,67255800,3650,3226080,174,18448
2363,12,0,23,2,67303020,3650,3228300,174,18460
2364,8,0,21,4,67331940,3650,3228300,174,18468
2365,8,0,18,7,67381560,3650,3228300,174,18476
2366,4,0,17,8,67395660,3650,3228300,174,18480
2367,6,0,19,6,67410660,3650,3228300,174,18486
2368,7,0,19,6,67430760,3650,3228300,174,18493
2369,4,0,17,8,67453020,3650,3228300,174,18497
2370,3,0,15,10,67473600,3650,3228300,174,18500
2371,6,0,17,8,67481580,3649,3228300,174,18506
2372,10,0,23,2,67505460,3650,3228300,174,18516
2373,5,0,21,4,67527180,3650,3228300,174,18521
2374,6,0,19,6,67565880,3650,3228300,174,18527
2375,4,0,17,8,67585320,3650,3228300,174,18531
2376,5,0,19,6,67592640,3650,3228300,174,18536
2377,6,0,18,7,67624380,3650,3228300,174,18542
2378,7,0,20,5,67642680,3650,3228300,174,18549
2379,2,0,17,8,67652520,3650,3228300,174,18551
2380,5,0,19,6,67664520,3650,3228300,173,18556
2381,10,0,17,8,67706220,3650,3228300,173,18566
2382,13,1,24,1,67719540,3649,3228300,173,18579
2383,6,3,20,5,67751580,3650,3232980,173,18585
2384,4,5,18,7,67775160,3650,3237660,174,18589
2385,8,12,18,7,67783440,3650,3239580,174,18597
2386,9,14,22,3,67817520,3651,3258180,175,18606
2387,6,14,25,0,67837920,3652,3289380,176,18612
2388,13,11,25,0,67896900,3652,3352620,180,18625
2389,15,11,23,2,67927320,3650,3418680,183,18640
2390,12,22,20,5,67949100,3651,3418860,183,18652
2391,9,28,18,7,67986600,3652,3433020,183,18661
2392,11,31,23,2,68009400,3652,3476280,186,18672
2393,14,39,25,0,68028660,3653,3503040,187,18686
2394,5,35,25,0,68081880,3654,3536940,189,18691
2395,2,20,25,0,68150280,3654,3711600,198,18693
2396,11,19,25,0,68185260,3654,3805200,203,18704
2397,11,9,25,0,68215980,3651,4052340,216,18715
2398,7,1,24,1,68248200,3650,4209420,224,18722
2399,6,0,21,4,68293140,3650,4209720,224,18728

