Hour,Arrivals,Waiting,Treating,Available Rooms,Total Treatment Time,Average Treatment Time,Total Wait Time,Average Wait Time,Total Arrivals
1,6,0,4,21,3240,1620,0,0,6
2,2,0,3,22,9420,1884,0,0,8
3,12,0,9,16,26760,2432,0,0,20
4,5,0,6,19,54540,2870,0,0,25
5,8,0,8,17,76020,3040,0,0,33
6,2,0,4,21,101040,3259,0,0,35
7,15,0,12,13,125520,3303,0,0,50
8,7,0,9,16,149460,3113,0,0,57
9,4,0,7,18,180720,3346,0,0,61
10,12,0,7,18,216600,3281,0,0,73
11,10,0,7,18,249240,3279,0,0,83
12,13,0,14,11,263520,3213,0,0,96
13,8,0,12,13,304740,3312,0,0,104
14,11,0,11,14,358260,3444,0,0,115
15,5,0,5,20,406080,3531,0,0,120
16,9,0,6,19,433860,3527,0,0,129
17,8,0,10,15,450300,3545,0,0,137
18,8,0,8,17,491640,3588,0,0,145
19,8,0,10,15,510720,3571,0,0,153
20,9,0,8,17,549720,3569,0,0,162
21,6,0,8,17,567660,3547,0,0,168
22,6,0,9,16,605160,3667,0,0,174
23,9,0,8,17,641880,3667,0,0,183
24,4,0,3,22,661500,3595,0,0,187
25,3,0,3,22,669840,3582,0,0,190
26,6,0,4,21,681480,3549,0,0,196
27,5,0,5,20,688320,3511,0,0,201
28,4,0,3,22,719820,3563,0,0,205
29,6,0,6,19,733440,3577,0,0,211
30,9,0,10,15,743940,3542,0,0,220
31,7,0,9,16,779880,3577,0,0,227
32,8,0,9,16,804240,3558,0,0,235
33,3,0,7,18,832020,3601,0,0,238
34,7,0,7,18,866280,3639,0,0,245
35,4,0,5,20,888780,3642,0,0,249
36,2,0,4,21,902460,3653,0,0,251
37,7,0,6,19,925020,3670,0,0,258
38,13,0,10,15,952380,3648,0,0,271
39,9,0,9,16,984180,3631,0,0,280
40,9,0,10,15,1020240,3656,0,0,289
41,6,0,8,17,1050600,3660,0,0,295
42,4,0,4,21,1085460,3679,0,0,299
43,3,0,3,22,1100340,3680,0,0,302
44,9,0,7,18,1119180,3681,0,0,311
45,7,0,8,17,1139400,3675,0,0,318
46,3,0,2,23,1179000,3695,0,0,321
47,7,0,6,19,1191180,3699,0,0,328
48,3,0,3,22,1208580,3684,0,0,331
49,2,0,4,21,1216080,3696,0,0,333
50,4,0,2,23,1238460,3696,0,0,337
51,6,0,6,19,1242960,3688,0,0,343
52,7,0,8,17,1258740,3680,0,0,350
53,5,0,4,21,1292100,3681,0,0,355
54,8,0,4,21,1316940,3668,0,0,363
55,9,0,5,20,1333500,3633,0,0,372
56,9,0,8,17,1351080,3622,0,0,381
57,6,0,6,19,1376100,3611,0,0,387
58,2,0,5,20,1392060,3625,0,0,389
59,5,0,5,20,1408980,3622,0,0,394
60,8,0,8,17,1424040,3614,0,0,402
61,7,0,8,17,1467300,3659,0,0,409
62,10,0,6,19,1500840,3633,0,0,419
63,10,0,10,15,1521720,3631,0,0,429
64,6,0,7,18,1553040,3628,0,0,435
65,3,0,4,21,1579380,3639,0,0,438
66,4,0,5,20,1597560,3655,0,0,442
67,11,0,10,15,1610940,3636,0,0,453
68,7,0,10,15,1632420,3627,0,0,460
69,7,0,8,17,1668120,3634,0,0,467
70,5,0,7,18,1695900,3647,0,0,472
71,7,0,6,19,1720260,3636,0,0,479
72,2,0,2,23,1742280,3637,0,0,481
73,7,0,5,20,1754220,3631,0,0,488
74,1,0,2,23,1771440,3637,0,0,489
75,2,0,2,23,1788600,3657,0,0,491
76,4,0,4,21,1792740,3651,0,0,495
77,4,0,5,20,1799340,3642,0,0,499
78,7,0,7,18,1821180,3649,0,0,506
79,8,0,6,19,1850460,3642,0,0,514
80,4,0,3,22,1866180,3623,0,0,518
81,7,0,4,21,1883700,3615,0,0,525
82,8,0,7,18,1896300,3605,0,0,533
83,9,0,9,16,1918500,3599,0,0,542
84,11,0,10,15,1948140,3587,0,0,553
85,3,0,8,17,1970760,3596,0,0,556
86,10,0,7,18,2020620,3614,0,0,566
87,10,0,7,18,2042220,3589,0,0,576
88,15,0,13,12,2070300,3581,0,0,591
89,6,0,10,15,2105040,3586,0,0,597
90,6,0,5,20,2142540,3582,0,0,603
91,6,0,6,19,2166060,3592,0,0,609
92,5,0,5,20,2185260,3588,0,0,614
93,7,0,4,21,2208000,3578,0,0,621
94,2,0,3,22,2217720,3576,0,0,623
95,6,0,6,19,2221080,3565,0,0,629
96,4,0,6,19,2236920,3567,0,0,633
97,8,0,7,18,2258520,3562,0,0,641
98,1,0,4,21,2274300,3564,0,0,642
99,6,0,5,20,2292720,3565,0,0,648
100,7,0,8,17,2307780,3566,0,0,655
101,8,0,11,14,2328420,3571,0,0,663
102,3,0,6,19,2367780,3587,0,0,666
103,6,0,4,21,2401560,3595,0,0,672
104,4,0,5,20,2417460,3602,0,0,676
105,10,0,11,14,2429940,3599,0,0,686
106,6,0,7,18,2459460,3590,0,0,692
107,7,0,7,18,2485740,3592,0,0,699
108,7,0,8,17,2506800,3591,0,0,706
109,11,0,9,16,2538420,3585,0,0,717
110,10,0,8,17,2572380,3577,0,0,727
111,6,0,6,19,2593560,3567,0,0,733
112,6,0,4,21,2626260,3573,0,0,739
113,8,0,7,18,2652000,3583,0,0,747
114,5,0,5,20,2669400,3573,0,0,752
115,4,0,3,22,2693880,3577,0,0,756
116,6,0,7,18,2706480,3584,0,0,762
117,5,0,7,18,2727540,3588,0,0,767
118,4,0,4,21,2757720,3595,0,0,771
119,2,0,4,21,2768160,3599,0,0,773
120,2,0,2,23,2793540,3613,0,0,775
121,1,0,2,23,2796180,3612,0,0,776
122,4,0,2,23,2806680,3607,0,0,780
123,5,0,4,21,2810640,3598,0,0,785
124,8,0,9,16,2814600,3590,0,0,793
125,2,0,8,17,2829000,3594,0,0,795
126,7,0,9,16,2856120,3601,0,0,802
127,7,0,6,19,2898840,3610,0,0,809
128,6,0,4,21,2921520,3602,0,0,815
129,5,0,3,22,2938140,3596,0,0,820
130,8,0,9,16,2940120,3589,0,0,828
131,7,0,10,15,2955240,3582,0,0,835
132,5,0,6,19,3007680,3606,0,0,840
133,11,0,9,16,3035460,3605,0,0,851
134,8,0,7,18,3067740,3600,0,0,859
135,5,0,7,18,3088200,3603,0,0,864
136,6,0,6,19,3121320,3612,0,0,870
137,9,0,8,17,3132360,3596,0,0,879
138,4,0,7,18,3164700,3612,0,0,883
139,13,0,7,18,3206340,3606,0,0,896
140,8,0,9,16,3225720,3604,0,0,904
141,6,0,9,16,3254160,3611,0,0,910
142,5,0,6,19,3287040,3616,0,0,915
143,3,0,6,19,3308640,3627,0,0,918
144,4,0,5,20,3323520,3624,0,0,922
145,8,0,9,16,3345960,3632,0,0,930
146,4,0,4,21,3381660,3636,0,0,934
147,6,0,9,16,3385020,3635,0,0,940
148,8,0,8,17,3420420,3638,0,0,948
149,1,0,6,19,3438060,3645,0,0,949
150,4,0,4,21,3470820,3657,0,0,953
151,8,0,5,20,3490440,3651,0,0,961
152,7,0,6,19,3501960,3640,0,0,968
153,8,0,7,18,3520260,3632,0,0,976
154,9,0,8,17,3540780,3624,0,0,985
155,11,0,11,14,3563820,3618,0,0,996
156,11,0,9,16,3613260,3620,0,0,1007
157,5,0,9,16,3629700,3618,0,0,1012
158,14,0,10,15,3689160,3631,0,0,1026
159,6,0,7,18,3716160,3625,0,0,1032
160,8,0,9,16,3733080,3620,0,0,1040
161,5,0,4,21,3779040,3630,0,0,1045
162,8,0,7,18,3789420,3622,0,0,1053
163,8,0,7,18,3812460,3617,0,0,1061
164,10,0,10,15,3838620,3617,0,0,1071
165,5,0,8,17,3864300,3618,0,0,1076
166,3,0,2,23,3897360,3618,0,0,1079
167,5,0,5,20,3901560,3615,0,0,1084
168,8,0,7,18,3924240,3616,0,0,1092
169,3,0,4,21,3947460,3618,0,0,1095
170,4,0,6,19,3959280,3622,0,0,1099
171,8,0,6,19,3987540,3621,0,0,1107
172,10,0,15,10,3989880,3620,0,0,1117
173,4,0,9,16,4036680,3630,0,0,1121
174,4,0,6,19,4079040,3645,0,0,1125
175,10,0,12,13,4099080,3650,0,0,1135
176,9,0,11,14,4139880,3653,0,0,1144
177,5,0,9,16,4177380,3664,0,0,1149
178,15,0,15,10,4209840,3663,0,0,1164
179,5,0,12,13,4256100,3678,0,0,1169
180,12,0,14,11,4314780,3697,0,0,1181
181,12,0,10,15,4370400,3694,0,0,1193
182,10,0,9,16,4402080,3686,0,0,1203
183,12,0,12,13,4423200,3676,0,0,1215
184,6,0,9,16,4459200,3679,0,0,1221
185,6,0,9,16,4497360,3692,0,0,1227
186,7,0,9,16,4531500,3699,0,0,1234
187,8,0,8,17,4562100,3697,0,0,1242
188,7,0,8,17,4584420,3694,0,0,1249
189,5,0,6,19,4625040,3705,0,0,1254
190,2,0,3,22,4645380,3707,0,0,1256
191,3,0,3,22,4658880,3709,0,0,1259
192,3,0,2,23,4669800,3706,0,0,1262
193,9,0,7,18,4677900,3700,0,0,1271
194,6,0,6,19,4695300,3694,0,0,1277
195,5,0,8,17,4704840,3692,0,0,1282
196,6,0,6,19,4740840,3698,0,0,1288
197,9,0,8,17,4763760,3695,0,0,1297
198,6,0,8,17,4785060,3695,0,0,1303
199,12,0,14,11,4805400,3693,0,0,1315
200,9,0,12,13,4847040,3694,0,0,1324
201,4,0,4,21,4904100,3704,0,0,1328
202,8,0,6,19,4919820,3699,0,0,1336
203,9,0,6,19,4941180,3690,0,0,1345
204,7,0,6,19,4963560,3687,0,0,1352
205,4,0,8,17,4969260,3686,0,0,1356
206,6,0,7,18,5018040,3703,0,0,1362
207,6,0,9,16,5026380,3698,0,0,1368
208,9,0,8,17,5063940,3699,0,0,1377
209,17,0,12,13,5110560,3697,0,0,1394
210,10,0,14,11,5132580,3692,0,0,1404
211,14,0,13,12,5195160,3697,0,0,1418
212,5,0,4,21,5256780,3704,0,0,1423
213,3,0,1,24,5282280,3706,0,0,1426
214,3,0,2,23,5283900,3702,0,0,1429
215,6,0,5,20,5296380,3703,0,0,1435
216,4,0,4,21,5305620,3697,0,0,1439
217,2,0,2,23,5324400,3700,0,0,1441
218,5,0,4,21,5331900,3697,0,0,1446
219,6,0,6,19,5342640,3694,0,0,1452
220,4,0,4,21,5371560,3699,0,0,1456
221,5,0,4,21,5395740,3703,0,0,1461
222,2,0,3,22,5403540,3701,0,0,1463
223,4,0,5,20,5412540,3702,0,0,1467
224,10,0,11,14,5426340,3701,0,0,1477
225,4,0,9,16,5458920,3708,0,0,1481
226,8,0,8,17,5494020,3709,0,0,1489
227,8,0,6,19,5532360,3710,0,0,1497
228,4,0,3,22,5554320,3707,0,0,1501
229,7,0,5,20,5571840,3707,0,0,1508
230,8,0,9,16,5583720,3705,0,0,1516
231,7,0,5,20,5612160,3697,0,0,1523
232,11,0,9,16,5628540,3690,0,0,1534
233,17,0,16,9,5661180,3688,0,0,1551
234,11,0,13,12,5717640,3691,0,0,1562
235,3,0,5,20,5762220,3693,0,0,1565
236,4,0,5,20,5784000,3698,0,0,1569
237,8,0,8,17,5814060,3705,0,0,1577
238,5,0,3,22,5832360,3693,0,0,1582
239,2,0,3,22,5840880,3694,0,0,1584
240,5,0,5,20,5849520,3692,0,0,1589
241,5,0,7,18,5856720,3690,0,0,1594
242,6,0,7,18,5882580,3692,0,0,1600
243,9,0,7,18,5915400,3692,0,0,1609
244,8,0,4,21,5955840,3692,0,0,1617
245,2,0,3,22,5964600,3690,0,0,1619
246,8,0,6,19,5986320,3692,0,0,1627
247,8,0,8,17,6004260,3690,0,0,1635
248,7,0,7,18,6030840,3688,0,0,1642
249,8,0,5,20,6048420,3676,0,0,1650
250,7,0,5,20,6076560,3678,0,0,1657
251,9,0,10,15,6081060,3672,0,0,1666
252,7,0,4,21,6124980,3669,0,0,1673
253,7,0,8,17,6127320,3664,0,0,1680
254,8,0,6,19,6162420,3663,0,0,1688
255,5,0,9,16,6167100,3662,0,0,1693
256,7,0,7,18,6200820,3662,0,0,1700
257,8,0,5,20,6241260,3664,0,0,1708
258,7,0,8,17,6248280,3660,0,0,1715
259,7,0,5,20,6285600,3660,0,0,1722
260,7,0,8,17,6301860,3661,0,0,1729
261,7,0,5,20,6327720,3655,0,0,1736
262,3,0,1,24,6358980,3658,0,0,1739
263,5,0,5,20,6359760,3657,0,0,1744
264,4,0,5,20,6366300,3652,0,0,1748
265,5,0,3,22,6396420,3655,0,0,1753
266,1,0,1,24,6414720,3659,0,0,1754
267,4,0,3,22,6419340,3657,0,0,1758
268,2,0,3,22,6429300,3659,0,0,1760
269,8,0,7,18,6436440,3654,0,0,1768
270,5,0,6,19,6455640,3653,0,0,1773
271,7,0,9,16,6467280,3651,0,0,1780
272,13,0,8,17,6511140,3647,0,0,1793
273,8,0,8,17,6541560,3648,0,0,1801
274,7,0,8,17,6567420,3648,0,0,1808
275,9,0,9,16,6587880,3643,0,0,1817
276,9,0,8,17,6626400,3644,0,0,1826
277,9,0,10,15,6646380,3641,0,0,1835
278,7,0,6,19,6694440,3646,0,0,1842
279,11,0,11,14,6717420,3646,0,0,1853
280,11,0,12,13,6748320,3643,0,0,1864
281,12,0,12,13,6792960,3644,0,0,1876
282,8,0,9,16,6832800,3644,0,0,1884
283,4,0,5,20,6874260,3650,0,0,1888
284,6,0,5,20,6891720,3648,0,0,1894
285,2,0,0,25,6919380,3649,0,0,1896
286,1,0,1,24,6919380,3649,0,0,1897
287,2,0,1,24,6920520,3646,0,0,1899
288,3,0,1,24,6924540,3642,0,0,1902
289,2,0,0,25,6933720,3641,0,0,1904
290,7,0,6,19,6934200,3640,0,0,1911
291,9,0,8,17,6959520,3639,0,0,1920
292,5,0,6,19,6976200,3635,0,0,1925
293,8,0,6,19,7009740,3637,0,0,1933
294,7,0,6,19,7034760,3637,0,0,1940
295,8,0,8,17,7042740,3630,0,0,1948
296,8,0,9,16,7068000,3630,0,0,1956
297,4,0,5,20,7094820,3629,0,0,1960
298,5,0,6,19,7110120,3629,0,0,1965
299,6,0,5,20,7132320,3627,0,0,1971
300,7,0,6,19,7151520,3626,0,0,1978
301,16,0,20,5,7154940,3624,0,0,1994
302,12,0,17,8,7202580,3621,420,0,2006
303,13,0,12,13,7277520,3626,420,0,2019
304,8,0,11,14,7315080,3628,420,0,2027
305,5,0,9,16,7364160,3640,420,0,2032
306,10,0,7,18,7410000,3641,420,0,2042
307,4,0,9,16,7415520,3640,420,0,2046
308,4,0,5,20,7447740,3641,420,0,2050
309,2,0,3,22,7465620,3643,420,0,2052
310,5,0,2,23,7483080,3641,420,0,2057
311,7,0,5,20,7489620,3637,420,0,2064
312,3,0,3,22,7506420,3636,420,0,2067
313,3,0,1,24,7513860,3631,420,0,2070
314,3,0,3,22,7517400,3631,420,0,2073
315,4,0,1,24,7529460,3626,420,0,2077
316,5,0,6,19,7529460,3626,420,0,2082
317,3,0,5,20,7549080,3629,420,0,2085
318,6,0,3,22,7577160,3628,420,0,2091
319,7,0,4,21,7593540,3626,420,0,2098
320,9,0,10,15,7598400,3623,420,0,2107
321,6,0,10,15,7625220,3625,420,0,2113
322,7,0,13,12,7652040,3631,420,0,2120
323,7,0,10,15,7704960,3639,420,0,2127
324,7,0,11,14,7738440,3645,420,0,2134
325,11,0,12,13,7788960,3651,420,0,2145
326,13,0,15,10,7819140,3648,420,0,2158
327,6,0,9,16,7866000,3650,420,0,2164
328,9,0,9,16,7903020,3652,420,0,2173
329,5,0,6,19,7944900,3657,420,0,2178
330,6,0,7,18,7966920,3659,420,0,2184
331,8,0,8,17,7994640,3660,420,0,2192
332,12,0,8,17,8019360,3651,420,0,2204
333,6,0,7,18,8033040,3646,420,0,2210
334,2,0,1,24,8077200,3653,420,0,2212
335,1,0,1,24,8077740,3651,420,0,2213
336,2,0,1,24,8081280,3650,420,0,2215
337,1,0,2,23,8081280,3650,420,0,2216
338,3,0,3,22,8086680,3649,420,0,2219
339,2,0,5,20,8086680,3649,420,0,2221
340,5,0,4,21,8109540,3649,420,0,2226
341,7,0,4,21,8136180,3650,420,0,2233
342,9,0,8,17,8148180,3647,420,0,2242
343,8,0,9,16,8164080,3643,420,0,2250
344,8,0,9,16,8198400,3645,420,0,2258
345,10,0,12,13,8238000,3651,420,0,2268
346,15,0,12,13,8290860,3650,420,0,2283
347,8,0,9,16,8331840,3651,420,0,2291
348,6,0,7,18,8372040,3655,420,0,2297
349,7,0,7,18,8386020,3650,420,0,2304
350,9,0,7,18,8422500,3652,420,0,2313
351,8,0,10,15,8438880,3651,420,0,2321
352,5,0,7,18,8470920,3652,420,0,2326
353,9,0,8,17,8513460,3658,420,0,2335
354,6,0,7,18,8537700,3657,420,0,2341
355,10,0,7,18,8574120,3657,420,0,2351
356,3,0,2,23,8601480,3657,420,0,2354
357,4,0,5,20,8609400,3658,420,0,2358
358,2,0,0,25,8629200,3656,420,0,2360
359,6,0,4,21,8634420,3655,420,0,2366
360,4,0,5,20,8640540,3653,420,0,2370
361,5,0,7,18,8659860,3657,420,0,2375
362,3,0,3,22,8689920,3658,420,0,2378
363,6,0,6,19,8698320,3657,420,0,2384
364,2,0,7,18,8698980,3656,420,0,2386
365,6,0,5,20,8742600,3662,420,0,2392
366,6,0,4,21,8763060,3660,420,0,2398
367,4,0,5,20,8777760,3661,420,0,2402
368,4,0,2,23,8800860,3660,420,0,2406
369,7,0,8,17,8801580,3659,420,0,2413
370,10,0,8,17,8825940,3654,420,0,2423
371,8,0,9,16,8851320,3654,420,0,2431
372,10,0,6,19,8893860,3652,420,0,2441
373,11,0,7,18,8921820,3649,420,0,2452
374,11,0,12,13,8935680,3645,420,0,2463
375,11,0,15,10,8973480,3649,420,0,2474
376,7,0,9,16,9017460,3647,420,0,2481
377,10,0,11,14,9058740,3652,420,0,2491
378,10,0,13,12,9088980,3653,420,0,2501
379,7,0,7,18,9137100,3653,420,0,2508
380,5,0,7,18,9154260,3652,420,0,2513
381,4,0,5,20,9186840,3657,420,0,2517
382,2,0,2,23,9210420,3659,420,0,2519
383,5,0,5,20,9211920,3656,420,0,2524
384,6,0,5,20,9240840,3659,420,0,2530
385,2,0,5,20,9250020,3660,420,0,2532
386,3,0,3,22,9282060,3665,420,0,2535
387,4,0,4,21,9287340,3663,420,0,2539
388,2,0,3,22,9294840,3662,420,0,2541
389,5,0,2,23,9318720,3663,420,0,2546
390,2,0,4,21,9318720,3663,420,0,2548
391,5,0,5,20,9335100,3663,420,0,2553
392,6,0,6,19,9350100,3662,420,0,2559
393,7,0,5,20,9374340,3660,420,0,2566
394,15,0,11,14,9390720,3653,420,0,2581
395,7,0,9,16,9427380,3655,420,0,2588
396,7,0,8,17,9458100,3656,420,0,2595
397,8,0,7,18,9496980,3658,420,0,2603
398,14,0,11,14,9520020,3653,420,0,2617
399,8,0,10,15,9555900,3654,420,0,2625
400,9,0,11,14,9587460,3655,420,0,2634
401,9,0,8,17,9631080,3655,420,0,2643
402,7,0,11,14,9647580,3655,420,0,2650
403,8,0,10,15,9679200,3655,420,0,2658
404,7,0,10,15,9713220,3658,420,0,2665
405,7,0,10,15,9744900,3660,420,0,2672
406,5,0,5,20,9784500,3661,420,0,2677
407,5,0,4,21,9808140,3662,420,0,2682
408,6,0,6,19,9829320,3664,420,0,2688
409,5,0,5,20,9860460,3668,420,0,2693
410,6,0,6,19,9876840,3667,420,0,2699
411,4,0,2,23,9904920,3667,420,0,2703
412,5,0,4,21,9909600,3664,420,0,2708
413,5,0,4,21,9926940,3664,420,0,2713
414,8,0,6,19,9941340,3661,420,0,2721
415,9,0,6,19,9964860,3658,420,0,2730
416,7,0,7,18,9983760,3657,420,0,2737
417,6,0,6,19,10005240,3655,420,0,2743
418,7,0,9,16,10017360,3654,420,0,2750
419,12,0,8,17,10062240,3653,420,0,2762
420,5,0,6,19,10087500,3653,420,0,2767
421,9,0,8,17,10108680,3651,420,0,2776
422,13,0,13,12,10141260,3653,420,0,2789
423,11,0,14,11,10173180,3651,420,0,2800
424,6,0,10,15,10222560,3656,420,0,2806
425,15,0,13,12,10262160,3654,420,0,2821
426,9,0,10,15,10322340,3660,420,0,2830
427,5,0,8,17,10343280,3658,420,0,2835
428,2,0,2,23,10389780,3664,420,0,2837
429,6,0,5,20,10400520,3664,420,0,2843
430,8,0,7,18,10418220,3663,420,0,2851
431,6,0,6,19,10437120,3660,420,0,2857
432,4,0,5,20,10453860,3660,420,0,2861
433,8,0,9,16,10469340,3660,420,0,2869
434,4,0,6,19,10499880,3662,420,0,2873
435,4,0,3,22,10529820,3663,420,0,2877
436,6,0,5,20,10540560,3662,420,0,2883
437,8,0,6,19,10554960,3658,420,0,2891
438,6,0,5,20,10566420,3653,420,0,2897
439,7,0,5,20,10603440,3657,420,0,2904
440,10,0,12,13,10609380,3655,420,0,2914
441,6,0,8,17,10639500,3653,420,0,2920
442,9,0,6,19,10688280,3656,420,0,2929
443,6,0,6,19,10703340,3654,420,0,2935
444,16,0,15,10,10726980,3653,420,0,2951
445,5,0,9,16,10772040,3655,420,0,2956
446,11,0,9,16,10824600,3659,420,0,2967
447,5,0,8,17,10853640,3661,420,0,2972
448,11,0,14,11,10876800,3663,420,0,2983
449,6,0,6,19,10944420,3668,420,0,2989
450,7,0,4,21,10974900,3668,420,0,2996
451,7,0,7,18,10982340,3665,420,0,3003
452,6,0,8,17,10996380,3664,420,0,3009
453,5,0,7,18,11016780,3663,420,0,3014
454,7,0,9,16,11042340,3666,420,0,3021
455,4,0,4,21,11083620,3668,420,0,3025
456,1,0,0,25,11103420,3669,420,0,3026
457,3,0,2,23,11104500,3668,420,0,3029
458,4,0,4,21,11112480,3668,420,0,3033
459,5,0,3,22,11135340,3668,420,0,3038
460,3,0,5,20,11138760,3668,420,0,3041
461,9,0,4,21,11168460,3666,420,0,3050
462,7,0,4,21,11189160,3664,420,0,3057
463,6,0,7,18,11197440,3664,420,0,3063
464,11,0,10,15,11220960,3662,420,0,3074
465,8,0,8,17,11262180,3663,420,0,3082
466,9,0,10,15,11287260,3663,420,0,3091
467,7,0,12,13,11315760,3666,420,0,3098
468,10,0,13,12,11362080,3671,420,0,3108
469,6,0,5,20,11401860,3667,420,0,3114
470,8,0,7,18,11419500,3665,420,0,3122
471,15,0,13,12,11448000,3664,420,0,3137
472,8,0,12,13,11475240,3662,420,0,3145
473,10,0,9,16,11526960,3664,420,0,3155
474,9,0,8,17,11561220,3663,420,0,3164
475,4,0,4,21,11593740,3664,420,0,3168
476,4,0,4,21,11607180,3663,420,0,3172
477,4,0,2,23,11621040,3661,420,0,3176
478,2,0,3,22,11622000,3660,420,0,3178
479,1,0,1,24,11639460,3662,420,0,3179
480,2,0,1,24,11644140,3661,420,0,3181
481,6,0,4,21,11649300,3659,420,0,3187
482,2,0,3,22,11658720,3659,420,0,3189
483,5,0,4,21,11672400,3659,420,0,3194
484,6,0,4,21,11690340,3657,420,0,3200
485,3,0,4,21,11705760,3659,420,0,3203
486,8,0,8,17,11717040,3658,420,0,3211
487,10,0,13,12,11733420,3657,420,0,3221
488,7,0,10,15,11776740,3659,420,0,3228
489,9,0,9,16,11809500,3658,420,0,3237
490,6,0,5,20,11851440,3660,420,0,3243
491,8,0,9,16,11860260,3658,420,0,3251
492,12,0,11,14,11887500,3655,420,0,3263
493,11,0,14,11,11914260,3654,420,0,3274
494,11,0,10,15,11979900,3657,420,0,3285
495,4,0,6,19,12012720,3659,420,0,3289
496,8,0,8,17,12035100,3659,420,0,3297
497,8,0,11,14,12062880,3662,420,0,3305
498,8,0,7,18,12110280,3663,420,0,3313
499,5,0,8,17,12133800,3665,420,0,3318
500,8,0,7,18,12172800,3667,420,0,3326
501,5,0,5,20,12200820,3668,420,0,3331
502,2,0,4,21,12217260,3669,420,0,3333
503,6,0,4,21,12234720,3668,420,0,3339
504,4,0,5,20,12249360,3669,420,0,3343
505,5,0,5,20,12265440,3668,420,0,3348
506,4,0,3,22,12288660,3669,420,0,3352
507,4,0,4,21,12297600,3668,420,0,3356
508,3,0,3,22,12310740,3668,420,0,3359
509,6,0,4,21,12324540,3666,420,0,3365
510,4,0,4,21,12337860,3666,420,0,3369
511,5,0,5,20,12361860,3669,420,0,3374
512,10,0,8,17,12378960,3666,420,0,3384
513,9,0,8,17,12408240,3665,420,0,3393
514,6,0,8,17,12434460,3666,420,0,3399
515,11,0,9,16,12469860,3666,420,0,3410
516,12,0,9,16,12501660,3662,420,0,3422
517,5,0,7,18,12522300,3661,420,0,3427
518,6,0,5,20,12559200,3663,420,0,3433
519,7,0,7,18,12569520,3661,420,0,3440
520,11,0,12,13,12591420,3661,420,0,3451
521,12,0,15,10,12628380,3662,420,0,3463
522,6,0,10,15,12691320,3669,420,0,3469
523,14,0,8,17,12747660,3668,420,0,3483
524,2,0,6,19,12765600,3669,420,0,3485
525,6,0,4,21,12793080,3668,420,0,3491
526,5,0,3,22,12821040,3670,420,0,3496
527,13,0,11,14,12829320,3667,420,0,3509
528,8,0,10,15,12850380,3664,420,0,3517
529,5,0,7,18,12880980,3664,420,0,3522
530,8,0,7,18,12917340,3666,420,0,3530
531,5,0,7,18,12930780,3665,420,0,3535
532,5,0,5,20,12957660,3665,420,0,3540
533,4,0,4,21,12975660,3665,420,0,3544
534,7,0,10,15,12981180,3665,420,0,3551
535,4,0,6,19,13004100,3664,420,0,3555
536,10,0,10,15,13034520,3666,420,0,3565
537,11,0,9,16,13076280,3665,420,0,3576
538,10,0,11,14,13115040,3668,420,0,3586
539,12,0,14,11,13152660,3669,420,0,3598
540,13,0,13,12,13196160,3667,420,0,3611
541,9,0,13,12,13244760,3671,420,0,3620
542,9,0,11,14,13292340,3673,420,0,3629
543,9,0,12,13,13323300,3674,420,0,3638
544,13,0,13,12,13367520,3674,420,0,3651
545,5,0,10,15,13407720,3677,420,0,3656
546,7,0,5,20,13458000,3679,420,0,3663
547,7,0,3,22,13490700,3678,420,0,3670
548,6,0,5,20,13502340,3678,420,0,3676
549,6,0,4,21,13523460,3676,420,0,3682
550,8,0,4,21,13549020,3675,420,0,3690
551,4,0,5,20,13553640,3674,420,0,3694
552,6,0,4,21,13576860,3673,420,0,3700
553,8,0,5,20,13600140,3672,420,0,3708
554,5,0,7,18,13605060,3671,420,0,3713
555,1,0,2,23,13634760,3673,420,0,3714
556,2,0,1,24,13645500,3673,420,0,3716
557,4,0,4,21,13648260,3672,420,0,3720
558,7,0,3,22,13667640,3670,420,0,3727
559,8,0,6,19,13675680,3667,420,0,3735
560,7,0,4,21,13699560,3664,420,0,3742
561,7,0,9,16,13701000,3663,420,0,3749
562,7,0,2,23,13740600,3660,420,0,3756
563,11,0,12,13,13742700,3659,420,0,3767
564,11,0,11,14,13782360,3658,420,0,3778
565,14,0,13,12,13823880,3658,420,0,3792
566,7,0,11,14,13855440,3657,420,0,3799
567,13,0,11,14,13909320,3659,420,0,3812
568,6,0,9,16,13939800,3659,420,0,3818
569,12,0,10,15,13973100,3657,420,0,3830
570,11,0,11,14,14006640,3657,420,0,3841
571,11,0,13,12,14044620,3658,420,0,3852
572,9,0,10,15,14084040,3657,420,0,3861
573,2,0,3,22,14129820,3660,420,0,3863
574,3,0,1,24,14147400,3660,420,0,3866
575,5,0,3,22,14153220,3659,420,0,3871
576,1,0,2,23,14165160,3660,420,0,3872
577,3,0,3,22,14178780,3661,420,0,3875
578,1,0,3,22,14179860,3661,420,0,3876
579,6,0,4,21,14201100,3661,420,0,3882
580,4,0,5,20,14208180,3660,420,0,3886
581,13,0,11,14,14228820,3659,420,0,3899
582,6,0,7,18,14261340,3658,420,0,3905
583,7,0,4,21,14298060,3658,420,0,3912
584,6,0,7,18,14304900,3657,420,0,3918
585,10,0,10,15,14325540,3656,420,0,3928
586,11,0,10,15,14356260,3653,420,0,3939
587,11,0,10,15,14396460,3653,420,0,3950
588,7,0,8,17,14433420,3654,420,0,3957
589,7,0,7,18,14464260,3655,420,0,3964
590,5,0,7,18,14492820,3657,420,0,3969
591,7,0,7,18,14517240,3657,420,0,3976
592,15,0,13,12,14548260,3657,420,0,3991
593,9,0,13,12,14571360,3654,420,0,4000
594,15,0,17,8,14628540,3658,420,0,4015
595,1,0,4,21,14701080,3664,420,0,4016
596,7,0,9,16,14716620,3666,420,0,4023
597,3,0,6,19,14748900,3668,420,0,4026
598,3,0,4,21,14770860,3669,420,0,4029
599,2,0,2,23,14784660,3669,420,0,4031
600,8,0,6,19,14796480,3668,420,0,4039
601,5,0,6,19,14817480,3669,420,0,4044
602,1,0,2,23,14846280,3672,420,0,4045
603,3,0,3,22,14858160,3673,420,0,4048
604,5,0,4,21,14863620,3670,420,0,4053
605,4,0,5,20,14874780,3670,420,0,4057
606,8,0,9,16,14892720,3671,420,0,4065
607,1,0,3,22,14917860,3671,420,0,4066
608,7,0,6,19,14932500,3671,420,0,4073
609,5,0,7,18,14945700,3671,420,0,4078
610,3,0,3,22,14970060,3670,420,0,4081
611,4,0,2,23,14993940,3672,420,0,4085
612,11,0,11,14,14998320,3671,420,0,4096
613,7,0,6,19,15031620,3668,420,0,4103
614,6,0,8,17,15043260,3668,420,0,4109
615,11,0,11,14,15068940,3667,420,0,4120
616,10,0,9,16,15119340,3668,420,0,4130
617,5,0,6,19,15137040,3666,420,0,4135
618,11,0,11,14,15163200,3667,420,0,4146
619,8,0,12,13,15183240,3665,420,0,4154
620,8,0,9,16,15232800,3667,420,0,4162
621,6,0,5,20,15271860,3668,420,0,4168
622,3,0,2,23,15285000,3666,420,0,4171
623,5,0,4,21,15292920,3665,420,0,4176
624,5,0,5,20,15313260,3666,420,0,4181
625,2,0,2,23,15329520,3666,420,0,4183
626,4,0,4,21,15336420,3666,420,0,4187
627,6,0,4,21,15351420,3664,420,0,4193
628,5,0,4,21,15365100,3663,420,0,4198
629,3,0,3,22,15376200,3662,420,0,4201
630,8,0,6,19,15391800,3662,420,0,4209
631,3,0,2,23,15405780,3659,420,0,4212
632,6,0,3,22,15421620,3658,420,0,4218
633,8,0,7,18,15428580,3656,420,0,4226
634,9,0,9,16,15445980,3654,420,0,4235
635,14,0,11,14,15482580,3653,420,0,4249
636,9,0,9,16,15517800,3652,420,0,4258
637,7,0,10,15,15551040,3654,420,0,4265
638,9,0,7,18,15585900,3652,420,0,4274
639,9,0,7,18,15609180,3650,420,0,4283
640,5,0,3,22,15637440,3649,420,0,4288
641,6,0,3,22,15653940,3648,420,0,4294
642,8,0,7,18,15663540,3646,420,0,4302
643,6,0,6,19,15684720,3645,420,0,4308
644,12,0,11,14,15707760,3645,420,0,4320
645,5,0,6,19,15736860,3643,420,0,4325
646,6,0,7,18,15756120,3643,420,0,4331
647,2,0,4,21,15778260,3644,420,0,4333
648,9,0,7,18,15796800,3644,420,0,4342
649,3,0,4,21,15815220,3643,420,0,4345
650,5,0,7,18,15825120,3643,420,0,4350
651,6,0,8,17,15855180,3646,420,0,4356
652,3,0,7,18,15872640,3647,420,0,4359
653,3,0,5,20,15896460,3648,420,0,4362
654,7,0,6,19,15918720,3648,420,0,4369
655,6,0,5,20,15935520,3646,420,0,4375
656,8,0,7,18,15957600,3646,420,0,4383
657,7,0,9,16,15975240,3646,420,0,4390
658,8,0,11,14,15998280,3646,420,0,4398
659,6,0,10,15,16032420,3648,420,0,4404
660,8,0,8,17,16086600,3652,420,0,4412
661,9,0,13,12,16096440,3651,420,0,4421
662,9,0,12,13,16133460,3651,420,0,4430
663,11,0,9,16,16185540,3651,420,0,4441
664,5,0,6,19,16227600,3654,420,0,4446
665,3,0,4,21,16247400,3655,420,0,4449
666,5,0,7,18,16262820,3657,420,0,4454
667,6,0,3,22,16297140,3656,420,0,4460
668,3,0,4,21,16308360,3657,420,0,4463
669,4,0,4,21,16323360,3657,420,0,4467
670,3,0,4,21,16331940,3656,420,0,4470
671,6,0,5,20,16352520,3657,420,0,4476
672,3,0,2,23,16365840,3655,420,0,4479
673,7,0,6,19,16368120,3653,420,0,4486
674,3,0,5,20,16378260,3652,420,0,4489
675,2,0,4,21,16400880,3655,420,0,4491
676,6,0,6,19,16409700,3653,420,0,4497
677,5,0,7,18,16425780,3654,420,0,4502
678,2,0,3,22,16439520,3652,420,0,4504
679,7,0,8,17,16449600,3653,420,0,4511
680,6,0,10,15,16458480,3651,420,0,4517
681,7,0,9,16,16489680,3652,420,0,4524
682,6,0,7,18,16523340,3653,420,0,4530
683,16,0,14,11,16551360,3652,420,0,4546
684,9,0,12,13,16587360,3651,420,0,4555
685,10,0,7,18,16636380,3649,420,0,4565
686,8,0,7,18,16670040,3650,420,0,4573
687,5,0,6,19,16695120,3651,420,0,4578
688,8,0,7,18,16720020,3651,420,0,4586
689,7,0,7,18,16744380,3651,420,0,4593
690,4,0,5,20,16760460,3649,420,0,4597
691,4,0,4,21,16777680,3649,420,0,4601
692,5,0,5,20,16786800,3648,420,0,4606
693,4,0,4,21,16810560,3649,420,0,4610
694,4,0,6,19,16812360,3648,420,0,4614
695,2,0,4,21,16829760,3649,420,0,4616
696,4,0,3,22,16851360,3649,420,0,4620
697,4,0,4,21,16865520,3650,420,0,4624
698,3,0,3,22,16882260,3651,420,0,4627
699,4,0,6,19,16884900,3650,420,0,4631
700,9,0,11,14,16897680,3650,420,0,4640
701,5,0,6,19,16919640,3647,420,0,4645
702,9,0,10,15,16938180,3647,420,0,4654
703,6,0,10,15,16959960,3647,420,0,4660
704,6,0,7,18,16993860,3647,420,0,4666
705,11,0,12,13,17012760,3646,420,0,4677
706,8,0,10,15,17047620,3646,420,0,4685
707,11,0,11,14,17084880,3646,420,0,4696
708,9,0,8,17,17126280,3646,420,0,4705
709,10,0,14,11,17137920,3645,420,0,4715
710,8,0,12,13,17186100,3648,420,0,4723
711,10,0,16,9,17217060,3650,420,0,4733
712,8,0,10,15,17272920,3651,420,0,4741
713,8,0,8,17,17309220,3650,420,0,4749
714,9,0,10,15,17334720,3650,420,0,4758
715,2,0,7,18,17364180,3653,420,0,4760
716,10,0,11,14,17385900,3653,420,0,4770
717,8,0,7,18,17416800,3650,420,0,4778
718,8,0,9,16,17437500,3650,420,0,4786
719,6,0,8,17,17457240,3649,420,0,4792
720,3,0,3,22,17486280,3649,420,0,4795
721,2,0,4,21,17496120,3650,420,0,4797
722,5,0,5,20,17508660,3649,420,0,4802
723,11,0,6,19,17534340,3647,420,0,4813
724,7,0,7,18,17551320,3646,420,0,4820
725,5,0,7,18,17564880,3645,420,0,4825
726,4,0,7,18,17586840,3647,420,0,4829
727,7,0,7,18,17608740,3646,420,0,4836
728,7,0,5,20,17634480,3644,420,0,4843
729,3,0,3,22,17651100,3644,420,0,4846
730,12,0,10,15,17660400,3642,420,0,4858
731,10,0,9,16,17693400,3641,420,0,4868
732,9,0,7,18,17737440,3642,420,0,4877
733,13,0,12,13,17755560,3639,420,0,4890
734,11,0,9,16,17790720,3636,420,0,4901
735,8,0,12,13,17813160,3637,420,0,4909
736,14,0,20,5,17837280,3638,420,0,4923
737,10,0,16,9,17892120,3638,420,0,4933
738,3,0,6,19,17968380,3644,420,0,4936
739,11,0,12,13,17984340,3644,420,0,4947
740,4,0,8,17,18019920,3645,420,0,4951
741,7,0,7,18,18055140,3646,420,0,4958
742,3,0,5,20,18068700,3645,420,0,4961
743,3,0,5,20,18078960,3645,420,0,4964
744,2,0,4,21,18097140,3647,420,0,4966
745,9,0,10,15,18107880,3647,420,0,4975
746,4,0,8,17,18135000,3648,420,0,4979
747,7,0,7,18,18168960,3649,420,0,4986
748,3,0,4,21,18185400,3648,420,0,4989
749,4,0,6,19,18199860,3649,420,0,4993
750,9,0,6,19,18224580,3647,420,0,5002
751,11,0,4,21,18256680,3644,420,0,5013
752,9,0,11,14,18263040,3644,420,0,5022
753,10,0,10,15,18297540,3643,420,0,5032
754,6,0,7,18,18327000,3642,420,0,5038
755,9,0,7,18,18362760,3643,420,0,5047
756,8,0,8,17,18385200,3642,420,0,5055
757,9,0,12,13,18401460,3642,420,0,5064
758,11,0,13,12,18438240,3642,420,0,5075
759,9,0,11,14,18478020,3642,420,0,5084
760,9,0,13,12,18504780,3642,420,0,5093
761,10,0,11,14,18554100,3643,420,0,5103
762,7,0,5,20,18603000,3644,420,0,5110
763,9,0,8,17,18618780,3642,420,0,5119
764,3,0,4,21,18638460,3641,420,0,5122
765,4,0,4,21,18648840,3640,420,0,5126
766,5,0,4,21,18658140,3639,420,0,5131
767,3,0,4,21,18679080,3641,420,0,5134
768,4,0,7,18,18682500,3641,420,0,5138
769,4,0,7,18,18695280,3640,420,0,5142
770,3,0,1,24,18729000,3640,420,0,5145
771,4,0,4,21,18729900,3640,420,0,5149
772,6,0,8,17,18732600,3639,420,0,5155
773,7,0,6,19,18753720,3637,420,0,5162
774,4,0,3,22,18779880,3637,420,0,5166
775,8,0,9,16,18785220,3637,420,0,5174
776,9,0,15,10,18800640,3637,420,0,5183
777,3,0,10,15,18833820,3638,420,0,5186
778,15,0,12,13,18887700,3639,420,0,5201
779,6,0,7,18,18919920,3638,420,0,5207
780,10,0,9,16,18954660,3639,420,0,5217
781,13,0,14,11,18979020,3638,420,0,5230
782,9,0,14,11,19004940,3637,420,0,5239
783,5,0,11,14,19052160,3640,420,0,5244
784,6,0,9,16,19096200,3643,420,0,5250
785,6,0,6,19,19121040,3642,420,0,5256
786,10,0,10,15,19138320,3641,420,0,5266
787,9,0,7,18,19165560,3638,420,0,5275
788,5,0,6,19,19187880,3638,420,0,5280
789,3,0,5,20,19207080,3639,420,0,5283
790,6,0,5,20,19222620,3637,420,0,5289
791,7,0,6,19,19244760,3637,420,0,5296
792,4,0,4,21,19259100,3636,420,0,5300
793,4,0,6,19,19264980,3636,420,0,5304
794,6,0,6,19,19288680,3636,420,0,5310
795,7,0,5,20,19315560,3636,420,0,5317
796,3,0,7,18,19317600,3635,420,0,5320
797,5,0,5,20,19341540,3635,420,0,5325
798,6,0,7,18,19346160,3633,420,0,5331
799,8,0,10,15,19365420,3633,420,0,5339
800,6,0,9,16,19393620,3634,420,0,5345
801,8,0,8,17,19437960,3636,420,0,5353
802,7,0,7,18,19463280,3635,420,0,5360
803,7,0,5,20,19488000,3634,420,0,5367
804,7,0,8,17,19496520,3633,420,0,5374
805,10,0,9,16,19521960,3631,420,0,5384
806,9,0,10,15,19551540,3632,420,0,5393
807,3,0,9,16,19572420,3633,420,0,5396
808,10,0,7,18,19626780,3635,420,0,5406
809,7,0,8,17,19646520,3634,420,0,5413
810,7,0,9,16,19665900,3634,420,0,5420
811,9,0,7,18,19689240,3631,420,0,5429
812,4,0,6,19,19719240,3633,420,0,5433
813,5,0,6,19,19737660,3633,420,0,5438
814,3,0,4,21,19760400,3634,420,0,5441
815,4,0,6,19,19763760,3633,420,0,5445
816,5,0,5,20,19783380,3633,420,0,5450
817,6,0,6,19,19797300,3632,420,0,5456
818,5,0,7,18,19818120,3633,420,0,5461
819,5,0,7,18,19837140,3633,420,0,5466
820,2,0,7,18,19845660,3634,420,0,5468
821,7,0,9,16,19878480,3636,420,0,5475
822,8,0,7,18,19911960,3636,420,0,5483
823,4,0,6,19,19922880,3634,420,0,5487
824,9,0,8,17,19952100,3635,420,0,5496
825,8,0,12,13,19970940,3636,420,0,5504
826,6,0,8,17,20005800,3636,420,0,5510
827,3,0,3,22,20042520,3637,420,0,5513
828,11,0,9,16,20058120,3637,420,0,5524
829,10,0,10,15,20080680,3635,420,0,5534
830,5,0,8,17,20108640,3635,420,0,5539
831,10,0,11,14,20137920,3636,420,0,5549
832,13,0,13,12,20168160,3634,420,0,5562
833,6,0,12,13,20196060,3635,420,0,5568
834,8,0,8,17,20252520,3637,420,0,5576
835,7,0,8,17,20269620,3635,420,0,5583
836,6,0,6,19,20308200,3637,420,0,5589
837,2,0,3,22,20329260,3638,420,0,5591
838,3,0,4,21,20343120,3639,420,0,5594
839,9,0,9,16,20348640,3637,420,0,5603
840,7,0,12,13,20371140,3639,420,0,5610
841,5,0,6,19,20419380,3640,420,0,5615
842,2,0,4,21,20438460,3641,420,0,5617
843,2,0,2,23,20454000,3641,420,0,5619
844,5,0,5,20,20458800,3641,420,0,5624
845,4,0,4,21,20475720,3640,420,0,5628
846,3,0,5,20,20482260,3640,420,0,5631
847,7,0,9,16,20499240,3641,420,0,5638
848,6,0,6,19,20524920,3640,420,0,5644
849,7,0,12,13,20529180,3640,420,0,5651
850,8,0,7,18,20573340,3640,420,0,5659
851,10,0,10,15,20601840,3640,420,0,5669
852,4,0,8,17,20624400,3640,420,0,5673
853,7,0,7,18,20650980,3640,420,0,5680
854,8,0,8,17,20684160,3641,420,0,5688
855,6,0,8,17,20706660,3641,420,0,5694
856,5,0,8,17,20722920,3641,420,0,5699
857,8,0,8,17,20746980,3640,420,0,5707
858,9,0,8,17,20777760,3640,420,0,5716
859,7,0,5,20,20811960,3639,420,0,5723
860,3,0,4,21,20827560,3639,420,0,5726
861,7,0,6,19,20839080,3638,420,0,5733
862,4,0,5,20,20850300,3637,420,0,5737
863,6,0,9,16,20859480,3637,420,0,5743
864,3,0,5,20,20889180,3638,420,0,5746
865,3,0,2,23,20911320,3638,420,0,5749
866,8,0,7,18,20917440,3637,420,0,5757
867,6,0,8,17,20932380,3637,420,0,5763
868,3,0,7,18,20954220,3638,420,0,5766
869,6,0,5,20,20989200,3639,420,0,5772
870,4,0,7,18,20991060,3638,420,0,5776
871,5,0,7,18,21015780,3639,420,0,5781
872,13,0,11,14,21045060,3639,420,0,5794
873,9,0,9,16,21075000,3637,420,0,5803
874,6,0,11,14,21092640,3637,420,0,5809
875,8,0,11,14,21123660,3638,420,0,5817
876,12,0,11,14,21171000,3638,420,0,5829
877,4,0,6,19,21201780,3638,420,0,5833
878,19,0,13,12,21238860,3637,420,0,5852
879,3,0,5,20,21278100,3637,420,0,5855
880,4,0,5,20,21304860,3639,420,0,5859
881,11,0,11,14,21315480,3638,420,0,5870
882,7,0,9,16,21341280,3636,420,0,5877
883,11,0,13,12,21366900,3636,420,0,5888
884,8,0,14,11,21396300,3637,420,0,5896
885,7,0,8,17,21455880,3639,420,0,5903
886,7,0,7,18,21487620,3640,420,0,5910
887,2,0,5,20,21498420,3639,420,0,5912
888,4,0,6,19,21520740,3641,420,0,5916
889,3,0,5,20,21533700,3641,420,0,5919
890,2,0,2,23,21555600,3641,420,0,5921
891,1,0,2,23,21563220,3642,420,0,5922
892,2,0,3,22,21564240,3641,420,0,5924
893,4,0,3,22,21570660,3640,420,0,5928
894,4,0,6,19,21572820,3640,420,0,5932
895,8,0,8,17,21593580,3640,420,0,5940
896,14,0,15,10,21621120,3640,420,0,5954
897,7,0,12,13,21654000,3639,420,0,5961
898,8,0,11,14,21697620,3641,420,0,5969
899,8,0,7,18,21734880,3640,420,0,5977
900,12,0,12,13,21760560,3640,420,0,5989
901,6,0,9,16,21792720,3640,420,0,5995
902,6,0,8,17,21830340,3642,420,0,6001
903,12,0,10,15,21863700,3642,420,0,6013
904,9,0,11,14,21889320,3641,420,0,6022
905,7,0,10,15,21923880,3642,420,0,6029
906,6,0,6,19,21974640,3644,420,0,6035
907,8,0,8,17,21983520,3642,420,0,6043
908,4,0,4,21,22016520,3643,420,0,6047
909,4,0,3,22,22030980,3642,420,0,6051
910,5,0,7,18,22034460,3642,420,0,6056
911,5,0,11,14,22037340,3642,420,0,6061
912,3,0,8,17,22067280,3643,420,0,6064
913,3,0,6,19,22105020,3647,420,0,6067
914,7,0,8,17,22117440,3646,420,0,6074
915,3,0,4,21,22149900,3647,420,0,6077
916,6,0,7,18,22165140,3647,420,0,6083
917,7,0,9,16,22185300,3648,420,0,6090
918,5,0,6,19,22214880,3648,420,0,6095
919,9,0,9,16,22235580,3648,420,0,6104
920,8,0,10,15,22254840,3647,420,0,6112
921,11,0,10,15,22289220,3646,420,0,6123
922,7,0,10,15,22305060,3644,420,0,6130
923,13,0,11,14,22344180,3643,420,0,6143
924,7,0,11,14,22374480,3644,420,0,6150
925,12,0,14,11,22408380,3644,420,0,6162
926,9,0,8,17,22466460,3645,420,0,6171
927,6,0,6,19,22490940,3644,420,0,6177
928,6,0,6,19,22516740,3645,420,0,6183
929,15,0,13,12,22540080,3644,420,0,6198
930,6,0,10,15,22570560,3643,420,0,6204
931,13,0,14,11,22603380,3643,420,0,6217
932,6,0,6,19,22643460,3642,420,0,6223
933,5,0,8,17,22655880,3642,420,0,6228
934,3,0,6,19,22680660,3643,420,0,6231
935,4,0,3,22,22706040,3643,420,0,6235
936,15,0,11,14,22725660,3642,420,0,6250
937,4,0,5,20,22748460,3640,420,0,6254
938,5,0,5,20,22764360,3639,420,0,6259
939,3,0,4,21,22775520,3639,420,0,6262
940,4,0,2,23,22791660,3638,420,0,6266
941,2,0,4,21,22791660,3638,420,0,6268
942,7,0,8,17,22800360,3638,420,0,6275
943,5,0,8,17,22812420,3637,420,0,6280
944,8,0,12,13,22837020,3638,420,0,6288
945,9,0,10,15,22871520,3637,420,0,6297
946,12,0,13,12,22911480,3639,420,0,6309
947,14,0,12,13,22950180,3636,420,0,6323
948,6,0,3,22,23003880,3636,420,0,6329
949,9,0,7,18,23014680,3635,420,0,6338
950,16,0,17,8,23033040,3634,420,0,6354
951,10,0,12,13,23084820,3634,420,0,6364
952,6,0,8,17,23126580,3635,420,0,6370
953,7,0,8,17,23150220,3634,420,0,6377
954,7,0,8,17,23161740,3632,420,0,6384
955,7,0,9,16,23182260,3632,420,0,6391
956,12,0,12,13,23211180,3631,420,0,6403
957,7,0,10,15,23268840,3635,420,0,6410
958,7,0,6,19,23301780,3634,420,0,6417
959,4,0,5,20,23319900,3634,420,0,6421
960,3,0,3,22,23331960,3633,420,0,6424
961,4,0,3,22,23342280,3633,420,0,6428
962,4,0,4,21,23349600,3632,420,0,6432
963,5,0,4,21,23361120,3631,420,0,6437
964,7,0,6,19,23372220,3630,420,0,6444
965,9,0,8,17,23388300,3628,420,0,6453
966,4,0,5,20,23409540,3628,420,0,6457
967,6,0,6,19,23420460,3627,420,0,6463
968,11,0,12,13,23429460,3625,420,0,6474
969,11,0,14,11,23462280,3625,420,0,6485
970,12,0,11,14,23507400,3624,420,0,6497
971,11,0,14,11,23543280,3625,420,0,6508
972,11,0,13,12,23584800,3625,420,0,6519
973,4,0,8,17,23633160,3627,420,0,6523
974,7,0,6,19,23660820,3626,420,0,6530
975,5,0,3,22,23687280,3626,420,0,6535
976,4,0,4,21,23704620,3627,420,0,6539
977,10,0,10,15,23710920,3626,420,0,6549
978,6,0,10,15,23730420,3625,420,0,6555
979,10,0,13,12,23765460,3627,420,0,6565
980,7,0,10,15,23806980,3628,420,0,6572
981,7,0,3,22,23860920,3628,420,0,6579
982,9,0,11,14,23861760,3628,420,0,6588
983,5,0,8,17,23896680,3628,420,0,6593
984,8,0,6,19,23942580,3630,420,0,6601
985,0,0,1,24,23966640,3631,420,0,6601
986,7,0,5,20,23972100,3630,420,0,6608
987,4,0,7,18,23978580,3630,420,0,6612
988,7,0,9,16,24001200,3631,420,0,6619
989,4,0,6,19,24025800,3630,420,0,6623
990,8,0,9,16,24050520,3631,420,0,6631
991,9,0,11,14,24075060,3631,420,0,6640
992,8,0,12,13,24099000,3631,420,0,6648
993,11,0,10,15,24138600,3630,420,0,6659
994,8,0,7,18,24195000,3632,420,0,6667
995,11,0,11,14,24212400,3631,420,0,6678
996,6,0,7,18,24246180,3631,420,0,6684
997,6,0,8,17,24270540,3632,420,0,6690
998,11,0,11,14,24304620,3632,420,0,6701
999,12,0,12,13,24337500,3631,420,0,6713
1000,12,0,15,10,24365280,3631,420,0,6725
1001,13,0,15,10,24416520,3631,420,0,6738
1002,6,0,7,18,24483300,3634,420,0,6744
1003,7,0,9,16,24512760,3635,420,0,6751
1004,8,0,9,16,24545100,3636,420,0,6759
1005,7,0,11,14,24565440,3636,420,0,6766
1006,5,0,7,18,24597060,3636,420,0,6771
1007,3,0,4,21,24631920,3638,420,0,6774
1008,6,0,4,21,24647040,3637,420,0,6780
1009,4,0,3,22,24661920,3636,420,0,6784
1010,3,0,2,23,24675060,3636,420,0,6787
1011,4,0,5,20,24675900,3636,420,0,6791
1012,4,0,3,22,24698700,3636,420,0,6795
1013,6,0,9,16,24698700,3636,420,0,6801
1014,9,0,12,13,24715380,3635,420,0,6810
1015,6,0,9,16,24760080,3637,420,0,6816
1016,10,0,14,11,24777660,3637,420,0,6826
1017,9,0,10,15,24823140,3637,420,0,6835
1018,9,0,12,13,24862620,3639,420,0,6844
1019,12,0,14,11,24895320,3638,420,0,6856
1020,5,0,9,16,24932940,3638,420,0,6861
1021,6,0,10,15,24959880,3640,420,0,6867
1022,14,0,15,10,24996000,3640,420,0,6881
1023,10,0,14,11,25020060,3638,420,0,6891
1024,7,0,11,14,25065120,3639,420,0,6898
1025,3,0,5,20,25107180,3640,420,0,6901
1026,7,0,10,15,25120800,3641,420,0,6908
1027,7,0,9,16,25154400,3642,420,0,6915
1028,2,0,3,22,25186140,3642,420,0,6917
1029,4,0,4,21,25200360,3643,420,0,6921
1030,3,0,5,20,25206060,3643,420,0,6924
1031,5,0,8,17,25215360,3643,420,0,6929
1032,3,0,3,22,25247460,3643,420,0,6932
1033,4,0,4,21,25258260,3643,420,0,6936
1034,4,0,6,19,25265700,3643,420,0,6940
1035,6,0,7,18,25279320,3643,420,0,6946
1036,9,0,7,18,25303260,3641,420,0,6955
1037,11,0,12,13,25323240,3641,420,0,6966
1038,10,0,13,12,25353240,3641,420,0,6976
1039,12,0,15,10,25404180,3643,420,0,6988
1040,3,0,10,15,25445520,3644,420,0,6991
1041,10,0,12,13,25487160,3646,420,0,7001
1042,9,0,9,16,25537680,3647,420,0,7010
1043,4,0,5,20,25564380,3647,420,0,7014
1044,9,0,9,16,25585320,3647,420,0,7023
1045,8,0,9,16,25606980,3646,420,0,7031
1046,14,0,17,8,25615320,3644,420,0,7045
1047,7,0,7,18,25698720,3647,420,0,7052
1048,7,0,8,17,25711680,3646,420,0,7059
1049,4,0,6,19,25737840,3647,420,0,7063
1050,7,0,7,18,25757940,3646,420,0,7070
1051,3,0,8,17,25769280,3647,420,0,7073
1052,11,0,8,17,25814040,3648,420,0,7084
1053,4,0,8,17,25824480,3647,420,0,7088
1054,3,0,5,20,25847520,3647,420,0,7091
1055,4,0,6,19,25854960,3647,420,0,7095
1056,2,0,2,23,25882320,3647,420,0,7097
1057,4,0,3,22,25889640,3647,420,0,7101
1058,5,0,6,19,25896480,3647,420,0,7106
1059,6,0,8,17,25905960,3646,420,0,7112
1060,2,0,3,22,25934820,3647,420,0,7114
1061,4,0,4,21,25940220,3646,420,0,7118
1062,6,0,3,22,25961220,3645,420,0,7124
1063,11,0,9,16,25975980,3645,420,0,7135
1064,12,0,13,12,25993140,3643,420,0,7147
1065,10,0,10,15,26038920,3643,420,0,7157
1066,9,0,12,13,26072100,3644,420,0,7166
1067,8,0,13,12,26104740,3645,420,0,7174
1068,5,0,10,15,26134560,3645,420,0,7179
1069,11,0,6,19,26199240,3646,420,0,7190
1070,6,0,7,18,26220060,3647,420,0,7196
1071,11,0,8,17,26244540,3645,420,0,7207
1072,15,0,19,6,26254860,3644,420,0,7222
1073,9,0,14,11,26304840,3644,420,0,7231
1074,8,0,7,18,26365080,3645,420,0,7239
1075,7,0,8,17,26381460,3644,420,0,7246
1076,5,0,7,18,26410620,3645,420,0,7251
1077,8,0,5,20,26432880,3643,420,0,7259
1078,6,0,7,18,26450100,3644,420,0,7265
1079,4,0,5,20,26468280,3643,420,0,7269
1080,3,0,6,19,26480700,3644,420,0,7272
1081,3,0,4,21,26499120,3644,420,0,7275
1082,6,0,5,20,26513580,3643,420,0,7281
1083,6,0,10,15,26518680,3644,420,0,7287
1084,5,0,7,18,26550900,3644,420,0,7292
1085,7,0,4,21,26589960,3644,420,0,7299
1086,5,0,5,20,26602620,3644,420,0,7304
1087,6,0,6,19,26614380,3643,420,0,7310
1088,13,0,16,9,26621760,3643,420,0,7323
1089,9,0,13,12,26655900,3642,420,0,7332
1090,5,0,7,18,26705220,3643,420,0,7337
1091,8,0,6,19,26737140,3643,420,0,7345
1092,16,0,13,12,26755020,3641,420,0,7361
1093,11,0,17,8,26782980,3641,1080,0,7372
1094,5,0,9,16,26846760,3643,1080,0,7377
1095,5,0,6,19,26881380,3644,1080,0,7382
1096,7,0,7,18,26907900,3645,1080,0,7389
1097,6,0,7,18,26930400,3645,1080,0,7395
1098,4,0,4,21,26952420,3644,1080,0,7399
1099,3,0,2,23,26963460,3643,1080,0,7402
1100,7,0,6,19,26968380,3642,1080,0,7409
1101,7,0,9,16,26979420,3642,1080,0,7416
1102,3,0,3,22,27005760,3641,1080,0,7419
1103,5,0,6,19,27012360,3641,1080,0,7424
1104,5,0,8,17,27014100,3640,1080,0,7429
1105,4,0,6,19,27053280,3642,1080,0,7433
1106,1,0,4,21,27062820,3642,1080,0,7434
1107,6,0,3,22,27088260,3642,1080,0,7440
1108,6,0,6,19,27091140,3641,1080,0,7446
1109,6,0,7,18,27114060,3641,1080,0,7452
1110,6,0,6,19,27133920,3641,1080,0,7458
1111,10,0,10,15,27142680,3639,1080,0,7468
1112,5,0,9,16,27167760,3639,1080,0,7473
1113,13,0,13,12,27211560,3641,1080,0,7486
1114,5,0,10,15,27240420,3641,1080,0,7491
1115,9,0,12,13,27276060,3642,1080,0,7500
1116,3,0,7,18,27319260,3644,1080,0,7503
1117,12,0,9,16,27360240,3645,1080,0,7515
1118,10,0,15,10,27371700,3644,1080,0,7525
1119,5,0,8,17,27421020,3645,1080,0,7530
1120,9,0,5,20,27473760,3646,1080,0,7539
1121,13,0,11,14,27491160,3645,1080,0,7552
1122,14,0,12,13,27533340,3644,1080,0,7566
1123,8,0,10,15,27570360,3644,1080,0,7574
1124,4,0,6,19,27602760,3645,1080,0,7578
1125,5,0,5,20,27626100,3645,1080,0,7583
1126,9,0,8,17,27646320,3645,1080,0,7592
1127,3,0,5,20,27666480,3645,1080,0,7595
1128,6,0,6,19,27688560,3645,1080,0,7601
1129,3,0,5,20,27704760,3645,1080,0,7604
1130,5,0,4,21,27720780,3645,1080,0,7609
1131,4,0,6,19,27731160,3645,1080,0,7613
1132,5,0,6,19,27751920,3645,1080,0,7618
1133,6,0,4,21,27766260,3643,1080,0,7624
1134,6,0,5,20,27780780,3643,1080,0,7630
1135,9,0,12,13,27795000,3644,1080,0,7639
1136,7,0,13,12,27807240,3643,1080,0,7646
1137,6,0,7,18,27868140,3645,1080,0,7652
1138,4,0,6,19,27902400,3647,1080,0,7656
1139,9,0,8,17,27928380,3647,1080,0,7665
1140,8,0,9,16,27949620,3646,1080,0,7673
1141,6,0,9,16,27975300,3647,1080,0,7679
1142,6,0,9,16,27997800,3647,1080,0,7685
1143,10,0,10,15,28025940,3646,1080,0,7695
1144,8,0,8,17,28064820,3647,1080,0,7703
1145,5,0,5,20,28092600,3646,1080,0,7708
1146,5,0,8,17,28103160,3647,1080,0,7713
1147,8,0,8,17,28130820,3647,1080,0,7721
1148,6,0,4,21,28151580,3645,1080,0,7727
1149,6,0,6,19,28162080,3644,1080,0,7733
1150,4,0,4,21,28187640,3645,1080,0,7737
1151,1,0,3,22,28194360,3645,1080,0,7738
1152,8,0,7,18,28214220,3645,1080,0,7746
1153,8,0,9,16,28224480,3644,1080,0,7754
1154,5,0,6,19,28256820,3644,1080,0,7759
1155,6,0,11,14,28258140,3644,1080,0,7765
1156,4,0,6,19,28291260,3644,1080,0,7769
1157,8,0,7,18,28320240,3644,1080,0,7777
1158,5,0,8,17,28330320,3644,1080,0,7782
1159,12,0,16,9,28342260,3643,1080,0,7794
1160,4,0,6,19,28391880,3643,1080,0,7798
1161,7,0,6,19,28427460,3645,1080,0,7805
1162,8,0,8,17,28437840,3643,1080,0,7813
1163,10,0,8,17,28465620,3642,1080,0,7823
1164,15,0,17,8,28495200,3643,1080,0,7838
1165,8,0,13,12,28538400,3643,1080,0,7846
1166,10,0,8,17,28606140,3645,1080,0,7856
1167,10,0,15,10,28615200,3644,1080,0,7866
1168,7,0,7,18,28677300,3645,1080,0,7873
1169,10,0,8,17,28712220,3645,1080,0,7883
1170,4,0,6,19,28728900,3645,1080,0,7887
1171,7,0,7,18,28758720,3646,1080,0,7894
1172,7,0,8,17,28773480,3645,1080,0,7901
1173,4,0,5,20,28804200,3646,1080,0,7905
1174,4,0,4,21,28822980,3646,1080,0,7909
1175,2,0,5,20,28829760,3646,1080,0,7911
1176,9,0,8,17,28850880,3646,1080,0,7920
1177,6,0,9,16,28865940,3646,1080,0,7926
1178,7,0,8,17,28895580,3646,1080,0,7933
1179,1,0,5,20,28927500,3648,1080,0,7934
1180,6,0,7,18,28949520,3649,1080,0,7940
1181,7,0,8,17,28969260,3648,1080,0,7947
1182,3,0,7,18,28985040,3649,1080,0,7950
1183,3,0,3,22,29015100,3649,1080,0,7953
1184,11,0,9,16,29031780,3649,1080,0,7964
1185,7,0,10,15,29048040,3648,1080,0,7971
1186,10,0,12,13,29078400,3648,1080,0,7981
1187,18,0,16,9,29128500,3648,1080,0,7999
1188,9,0,7,18,29180340,3647,1080,0,8008
1189,6,0,7,18,29209380,3647,1080,0,8014
1190,10,0,11,14,29215140,3645,1080,0,8024
1191,9,0,10,15,29253000,3646,1080,0,8033
1192,11,0,11,14,29288580,3646,1080,0,8044
1193,5,0,4,21,29342400,3647,1080,0,8049
1194,7,0,9,16,29349060,3647,1080,0,8056
1195,6,0,8,17,29374080,3647,1080,0,8062
1196,4,0,5,20,29399400,3647,1080,0,8066
1197,8,0,8,17,29416380,3646,1080,0,8074
1198,3,0,4,21,29444460,3647,1080,0,8077
1199,4,0,5,20,29454120,3647,1080,0,8081
1200,2,0,4,21,29466660,3647,1080,0,8083
1201,6,0,7,18,29488860,3648,1080,0,8089
1202,5,0,5,20,29509320,3648,1080,0,8094
1203,7,0,9,16,29519880,3648,1080,0,8101
1204,7,0,7,18,29552460,3648,1080,0,8108
1205,6,0,7,18,29566200,3646,1080,0,8114
1206,4,0,4,21,29599860,3647,1080,0,8118
1207,6,0,9,16,29604300,3648,1080,0,8124
1208,6,0,7,18,29631360,3647,1080,0,8130
1209,7,0,8,17,29655000,3648,1080,0,8137
1210,4,0,4,21,29683860,3648,1080,0,8141
1211,9,0,9,16,29691060,3647,1080,0,8150
1212,9,0,9,16,29718540,3646,1080,0,8159
1213,12,0,11,14,29751780,3646,1080,0,8171
1214,11,0,9,16,29784660,3644,1080,0,8182
1215,13,0,13,12,29814120,3643,1080,0,8195
1216,7,0,9,16,29853780,3643,1080,0,8202
1217,11,0,8,17,29888460,3642,1080,0,8213
1218,6,0,5,20,29921040,3642,1080,0,8219
1219,14,0,14,11,29929020,3641,1080,0,8233
1220,12,0,14,11,29970660,3641,1080,0,8245
1221,3,0,6,19,30004140,3640,1080,0,8248
1222,6,0,6,19,30034140,3641,1080,0,8254
1223,5,0,6,19,30049920,3641,1080,0,8259
1224,6,0,7,18,30064140,3640,1080,0,8265
1225,5,0,5,20,30090060,3640,1080,0,8270
1226,5,0,7,18,30104160,3641,1080,0,8275
1227,0,0,2,23,30123180,3641,1080,0,8275
1228,5,0,4,21,30132060,3640,1080,0,8280
1229,5,0,5,20,30139500,3640,1080,0,8285
1230,10,0,10,15,30148080,3638,1080,0,8295
1231,3,0,6,19,30173400,3638,1080,0,8298
1232,5,0,8,17,30190200,3639,1080,0,8303
1233,9,0,7,18,30222900,3639,1080,0,8312
1234,8,0,7,18,30240840,3637,1080,0,8320
1235,5,0,6,19,30259320,3637,1080,0,8325
1236,12,0,9,16,30279600,3635,1080,0,8337
1237,7,0,7,18,30306060,3635,1080,0,8344
1238,7,0,7,18,30324900,3634,1080,0,8351
1239,9,0,7,18,30352320,3633,1080,0,8360
1240,7,0,9,16,30367980,3633,1080,0,8367
1241,2,0,4,21,30405000,3634,1080,0,8369
1242,10,0,9,16,30414300,3633,1080,0,8379
1243,5,0,8,17,30437160,3633,1080,0,8384
1244,7,0,9,16,30465060,3634,1080,0,8391
1245,4,0,7,18,30490320,3634,1080,0,8395
1246,8,0,8,17,30513480,3634,1080,0,8403
1247,4,0,6,19,30532380,3634,1080,0,8407
1248,3,0,4,21,30562200,3635,1080,0,8410
1249,4,0,6,19,30565560,3635,1080,0,8414
1250,6,0,7,18,30586560,3635,1080,0,8420
1251,11,0,10,15,30609780,3634,1080,0,8431
1252,4,0,7,18,30639480,3635,1080,0,8435
1253,6,0,9,16,30658740,3635,1080,0,8441
1254,5,0,4,21,30694260,3635,1080,0,8446
1255,7,0,7,18,30705900,3635,1080,0,8453
1256,9,0,9,16,30732780,3635,1080,0,8462
1257,9,0,12,13,30751620,3635,1080,0,8471
1258,5,0,6,19,30792420,3635,1080,0,8476
1259,11,0,11,14,30821880,3636,1080,0,8487
1260,8,0,11,14,30847740,3635,1080,0,8495
1261,3,0,9,16,30872460,3636,1080,0,8498
1262,7,0,5,20,30921720,3637,1080,0,8505
1263,6,0,5,20,30937560,3637,1080,0,8511
1264,14,0,17,8,30950940,3637,1080,0,8525
1265,10,0,15,10,30979920,3636,1080,0,8535
1266,7,0,8,17,31038120,3636,1080,0,8542
1267,3,0,6,19,31071180,3638,1080,0,8545
1268,5,0,7,18,31086900,3638,1080,0,8550
1269,1,0,4,21,31103160,3639,1080,0,8551
1270,5,0,5,20,31117080,3638,1080,0,8556
1271,10,0,9,16,31134780,3638,1080,0,8566
1272,11,0,13,12,31152120,3637,1080,0,8577
1273,3,0,5,20,31203780,3638,1080,0,8580
1274,4,0,6,19,31225080,3640,1080,0,8584
1275,4,0,7,18,31237320,3640,1080,0,8588
1276,5,0,6,19,31270020,3641,1080,0,8593
1277,4,0,4,21,31290780,3641,1080,0,8597
1278,9,0,10,15,31303560,3641,1080,0,8606
1279,4,0,6,19,31329720,3641,1080,0,8610
1280,9,0,6,19,31355820,3640,1080,0,8619
1281,7,0,8,17,31366860,3639,1080,0,8626
1282,7,0,9,16,31389060,3639,1080,0,8633
1283,8,0,10,15,31411260,3639,1080,0,8641
1284,11,0,14,11,31449060,3640,1080,0,8652
1285,5,0,11,14,31474800,3640,1080,0,8657
1286,12,0,11,14,31531320,3641,1080,0,8669
1287,5,0,9,16,31559580,3642,1080,0,8674
1288,17,0,17,8,31597260,3642,1080,0,8691
1289,15,0,18,7,31633680,3641,1080,0,8706
1290,6,0,12,13,31681080,3641,1080,0,8712
1291,11,0,11,14,31745220,3643,1080,0,8723
1292,8,0,8,17,31782120,3643,1080,0,8731
1293,4,0,5,20,31800420,3642,1080,0,8735
1294,5,0,7,18,31813740,3642,1080,0,8740
1295,3,0,4,21,31837860,3643,1080,0,8743
1296,3,0,3,22,31857600,3643,1080,0,8746
1297,8,0,8,17,31860360,3642,1080,0,8754
1298,5,0,8,17,31878480,3642,1080,0,8759
1299,6,0,7,18,31913340,3643,1080,0,8765
1300,10,0,13,12,31929300,3644,1080,0,8775
1301,6,0,10,15,31966560,3644,1080,0,8781
1302,4,0,8,17,31995300,3645,1080,0,8785
1303,7,0,6,19,32025060,3645,1080,0,8792
1304,8,0,10,15,32044320,3645,1080,0,8800
1305,11,0,13,12,32074980,3645,1080,0,8811
1306,13,0,17,8,32114640,3646,1080,0,8824
1307,7,0,13,12,32172120,3648,1080,0,8831
1308,12,0,9,16,32223360,3647,1080,0,8843
1309,13,0,10,15,32258460,3646,1080,0,8856
1310,9,0,11,14,32283180,3646,1080,0,8865
1311,4,0,5,20,32329020,3647,1080,0,8869
1312,6,0,6,19,32348580,3647,1080,0,8875
1313,7,0,10,15,32356320,3647,1080,0,8882
1314,6,0,8,17,32392860,3647,1080,0,8888
1315,7,0,10,15,32420940,3648,1080,0,8895
1316,9,0,14,11,32435880,3648,1080,0,8904
1317,5,0,10,15,32468040,3648,1080,0,8909
1318,5,0,9,16,32516640,3651,1080,0,8914
1319,1,0,6,19,32538900,3652,1080,0,8915
1320,9,0,9,16,32564220,3652,1080,0,8924
1321,3,0,2,23,32590440,3651,1080,0,8927
1322,6,0,8,17,32590440,3651,1080,0,8933
1323,7,0,11,14,32603640,3651,1080,0,8940
1324,4,0,3,22,32648220,3651,1080,0,8944
1325,9,0,10,15,32651640,3651,1080,0,8953
1326,3,0,8,17,32666760,3650,1080,0,8956
1327,6,0,5,20,32699880,3650,1080,0,8962
1328,6,0,6,19,32721780,3651,1080,0,8968
1329,6,0,7,18,32735280,3650,1080,0,8974
1330,5,0,6,19,32763420,3651,1080,0,8979
1331,10,0,12,13,32774340,3650,1080,0,8989
1332,9,0,11,14,32800860,3649,1080,0,8998
1333,12,0,10,15,32842800,3649,1080,0,9010
1334,5,0,7,18,32878320,3649,1080,0,9015
1335,13,0,10,15,32908320,3649,1080,0,9028
1336,11,0,9,16,32942580,3648,1080,0,9039
1337,10,0,10,15,32965980,3647,1080,0,9049
1338,11,0,9,16,33011400,3647,1080,0,9060
1339,6,0,9,16,33027120,3646,1080,0,9066
1340,6,0,7,18,33049020,3645,1080,0,9072
1341,11,0,10,15,33092760,3647,1080,0,9083
1342,3,0,7,18,33116040,3647,1080,0,9086
1343,7,0,8,17,33145560,3648,1080,0,9093
1344,5,0,6,19,33168420,3648,1080,0,9098
1345,5,0,9,16,33171780,3647,1080,0,9103
1346,6,0,12,13,33178620,3647,1080,0,9109
1347,5,0,9,16,33210060,3647,1080,0,9114
1348,4,0,12,13,33210900,3647,1080,0,9118
1349,6,0,13,12,33238920,3648,1080,0,9124
1350,6,0,10,15,33263880,3647,1080,0,9130
1351,3,0,8,17,33289380,3648,1080,0,9133
1352,14,0,13,12,33299880,3645,1080,0,9147
1353,7,0,16,9,33313860,3645,1080,0,9154
1354,9,0,14,11,33359220,3646,1080,0,9163
1355,11,0,15,10,33399780,3646,1080,0,9174
1356,8,0,15,10,33423900,3646,1080,0,9182
1357,12,0,18,7,33460020,3646,1080,0,9194
1358,13,0,21,4,33497460,3646,1080,0,9207
1359,14,8,15,10,33559560,3648,5460,0,9221
1360,12,4,25,0,33591000,3649,30480,3,9233
1361,7,0,16,9,33649800,3648,40440,4,9240
1362,7,0,14,11,33702360,3650,40440,4,9247
1363,10,0,12,13,33736560,3649,40440,4,9257
1364,9,0,9,16,33780540,3649,40440,4,9266
1365,4,0,9,16,33792780,3648,40440,4,9270
1366,7,0,11,14,33802200,3647,40440,4,9277
1367,1,0,7,18,33819540,3647,40440,4,9278
1368,5,0,8,17,33831180,3647,40440,4,9283
1369,7,0,11,14,33838320,3646,40440,4,9290
1370,4,0,10,15,33861180,3647,40440,4,9294
1371,4,0,11,14,33878220,3647,40440,4,9298
1372,5,0,12,13,33896040,3648,40440,4,9303
1373,7,0,12,13,33923880,3648,40440,4,9310
1374,7,0,14,11,33937920,3648,40440,4,9317
1375,5,0,14,11,33968280,3649,40440,4,9322
1376,8,0,14,11,34009260,3650,40440,4,9330
1377,6,0,12,13,34052280,3652,40440,4,9336
1378,7,0,11,14,34078020,3651,40440,4,9343
1379,12,0,14,11,34107300,3651,40440,4,9355
1380,10,0,16,9,34128300,3650,40440,4,9365
1381,9,0,12,13,34173000,3650,40440,4,9374
1382,6,0,10,15,34196160,3649,40440,4,9380
1383,10,0,16,9,34212480,3649,40440,4,9390
1384,4,0,11,14,34242720,3649,40440,4,9394
1385,5,0,7,18,34288740,3650,40440,4,9399
1386,6,0,11,14,34293900,3650,40440,4,9405
1387,7,0,9,16,34312440,3649,40440,4,9412
1388,6,0,12,13,34337220,3650,40440,4,9418
1389,8,0,15,10,34356600,3650,40440,4,9426
1390,2,0,7,18,34395420,3650,40440,4,9428
1391,3,0,7,18,34412400,3651,40440,4,9431
1392,8,0,11,14,34420500,3650,40440,4,9439
1393,1,0,8,17,34443240,3651,40440,4,9440
1394,6,0,9,16,34462200,3651,40440,4,9446
1395,2,0,7,18,34474320,3651,40440,4,9448
1396,9,0,14,11,34483380,3651,40440,4,9457
1397,7,0,14,11,34500900,3650,40440,4,9464
1398,7,0,12,13,34533360,3650,40440,4,9471
1399,5,0,11,14,34560120,3651,40440,4,9476
1400,4,0,12,13,34576080,3651,40440,4,9480
1401,12,0,13,12,34602060,3650,40440,4,9492
1402,8,0,12,13,34634280,3650,40440,4,9500
1403,7,0,13,12,34663440,3651,40440,4,9507
1404,3,0,8,17,34696020,3651,40440,4,9510
1405,8,0,12,13,34702320,3650,40440,4,9518
1406,9,0,16,9,34713000,3649,40440,4,9527
1407,11,0,14,11,34756440,3649,40440,4,9538
1408,9,0,18,7,34777560,3649,40440,4,9547
1409,6,0,14,11,34817940,3650,40440,4,9553
1410,6,0,12,13,34851420,3650,40440,4,9559
1411,7,0,13,12,34878960,3651,40440,4,9566
1412,6,0,11,14,34908720,3651,40440,4,9572
1413,5,0,10,15,34935780,3651,40440,4,9577
1414,7,0,11,14,34952160,3651,40440,4,9584
1415,8,0,12,13,34977120,3651,40440,4,9592
1416,6,0,8,17,35014080,3651,40440,4,9598
1417,2,0,8,17,35022240,3651,40440,4,9600
1418,1,0,8,17,35029620,3651,40440,4,9601
1419,4,0,11,14,35035080,3651,40440,4,9605
1420,5,0,9,16,35060820,3651,40440,4,9610
1421,8,0,14,11,35073240,3651,40440,4,9618
1422,2,0,11,14,35092920,3652,40440,4,9620
1423,4,0,8,17,35128380,3653,40440,4,9624
1424,6,0,10,15,35134800,3652,40440,4,9630
1425,4,0,10,15,35151960,3652,40440,4,9634
1426,2,0,7,18,35171220,3652,40440,4,9636
1427,18,0,22,3,35183280,3652,40440,4,9654
1428,4,0,15,10,35216400,3652,40440,4,9658
1429,11,0,15,10,35276220,3654,40440,4,9669
1430,18,0,16,9,35307480,3650,40440,4,9687
1431,6,0,13,12,35340900,3650,40440,4,9693
1432,6,0,12,13,35365800,3650,40440,4,9699
1433,9,0,16,9,35395500,3652,40440,4,9708
1434,11,0,15,10,35445240,3652,40440,4,9719
1435,5,0,14,11,35473260,3653,40440,4,9724
1436,4,0,9,16,35511960,3653,40440,4,9728
1437,6,0,11,14,35529900,3654,40440,4,9734
1438,6,0,12,13,35546100,3653,40440,4,9740
1439,4,0,10,15,35573520,3654,40440,4,9744
1440,1,0,6,19,35601420,3655,40440,4,9745
1441,4,0,8,17,35603040,3654,40440,4,9749
1442,5,0,6,19,35621160,3654,40440,4,9754
1443,11,0,12,13,35626380,3652,40440,4,9765
1444,9,0,17,8,35639640,3652,40440,4,9774
1445,8,0,18,7,35667120,3652,40440,4,9782
1446,9,0,13,12,35723220,3653,40440,4,9791
1447,9,0,13,12,35751840,3652,40440,4,9800
1448,6,0,10,15,35782500,3652,40440,4,9806
1449,7,0,14,11,35792700,3652,40440,4,9813
1450,7,0,13,12,35831940,3653,40440,4,9820
1451,16,0,17,8,35868000,3652,40440,4,9836
1452,8,0,16,9,35898900,3652,40440,4,9844
1453,9,0,10,15,35956440,3652,40440,4,9853
1454,5,0,10,15,35977500,3653,40440,4,9858
1455,4,0,9,16,35997000,3653,40440,4,9862
1456,9,0,13,12,36017880,3653,40440,4,9871
1457,7,0,17,8,36028980,3653,40440,4,9878
1458,5,0,11,14,36077160,3654,40440,4,9883
1459,3,0,7,18,36108360,3655,40440,4,9886
1460,10,0,14,11,36121920,3655,40440,4,9896
1461,4,0,11,14,36141840,3654,40440,4,9900
1462,9,0,16,9,36162240,3655,40440,4,9909
1463,5,0,7,18,36216720,3655,40440,4,9914
1464,2,0,9,16,36216720,3655,40440,4,9916
1465,7,0,12,13,36228240,3655,40440,4,9923
1466,6,0,10,15,36256620,3655,40440,4,9929
1467,4,0,9,16,36269700,3654,40440,4,9933
1468,7,0,9,16,36294540,3654,40440,4,9940
1469,4,0,10,15,36301800,3654,40440,4,9944
1470,4,0,10,15,36314940,3654,40440,4,9948
1471,3,0,8,17,36342480,3655,40440,4,9951
1472,5,0,11,14,36350400,3655,40440,4,9956
1473,4,0,9,16,36370380,3654,40440,4,9960
1474,15,0,17,8,36384720,3653,40440,4,9975
1475,10,0,15,10,36417840,3652,40440,4,9985
1476,9,0,12,13,36457200,3652,40440,4,9994
1477,5,0,12,13,36487800,3653,40440,4,9999
1478,12,0,15,10,36523020,3653,40440,4,10011
1479,9,0,15,10,36541380,3652,40440,4,10020
1480,4,0,9,16,36585720,3653,40440,4,10024
1481,10,0,15,10,36602400,3653,40440,4,10034
1482,7,0,15,10,36628500,3653,40440,4,10041
1483,6,0,12,13,36669420,3654,40440,4,10047
1484,6,0,11,14,36692820,3653,40440,4,10053
1485,7,0,12,13,36718200,3654,40440,4,10060
1486,3,0,8,17,36748080,3654,40440,4,10063
1487,3,0,9,16,36759300,3655,40440,4,10066
1488,5,0,11,14,36773880,3655,40440,4,10071
1489,4,0,8,17,36802260,3655,40440,4,10075
1490,8,0,13,12,36814740,3655,40440,4,10083
1491,2,0,6,19,36849060,3656,40440,4,10085
1492,2,0,8,17,36849060,3656,40440,4,10087
1493,6,0,11,14,36859920,3656,40440,4,10093
1494,5,0,12,13,36871980,3655,40440,4,10098
1495,4,0,7,18,36909120,3656,40440,4,10102
1496,3,0,9,16,36909900,3655,40440,4,10105
1497,8,0,12,13,36933180,3656,40440,3,10113
1498,8,0,16,9,36945000,3656,40440,3,10121
1499,10,0,17,8,36985620,3656,40440,3,10131
1500,8,0,13,12,37016220,3655,40440,3,10139
1501,10,0,12,13,37055460,3655,40440,3,10149
1502,11,0,17,8,37080660,3655,40440,3,10160
1503,8,0,15,10,37120620,3656,40440,3,10168
1504,2,0,9,16,37161240,3657,40440,3,10170
1505,8,0,15,10,37178460,3658,40440,3,10178
1506,9,0,13,12,37219920,3658,40440,3,10187
1507,2,0,10,15,37240980,3658,40440,3,10189
1508,6,0,9,16,37273500,3659,40440,3,10195
1509,5,0,8,17,37288500,3658,40440,3,10200
1510,10,0,14,11,37298640,3658,40440,3,10210
1511,8,0,13,12,37328760,3657,40440,3,10218
1512,2,0,7,18,37360620,3658,40440,3,10220
1513,7,0,12,13,37373160,3658,40440,3,10227
1514,1,0,8,17,37388820,3658,40440,3,10228
1515,6,0,11,14,37397280,3658,40440,3,10234
1516,3,0,9,16,37415700,3658,40440,3,10237
1517,3,0,8,17,37437480,3658,40440,3,10240
1518,8,0,12,13,37447620,3658,40440,3,10248
1519,11,0,15,10,37465800,3657,40440,3,10259
1520,4,0,10,15,37490280,3656,40440,3,10263
1521,6,0,9,16,37522800,3657,40440,3,10269
1522,5,0,11,14,37526700,3656,40440,3,10274
1523,11,0,13,12,37564620,3656,40440,3,10285
1524,12,0,18,7,37589040,3656,40440,3,10297
1525,15,0,22,3,37625700,3656,40440,3,10312
1526,9,0,19,6,37669560,3656,40440,3,10321
1527,5,0,11,14,37727640,3657,40440,3,10326
1528,8,0,13,12,37743540,3656,40440,3,10334
1529,9,0,14,11,37772760,3656,40440,3,10343
1530,6,0,14,11,37803540,3657,40440,3,10349
1531,6,0,12,13,37842600,3658,40440,3,10355
1532,8,0,14,11,37872360,3659,40440,3,10363
1533,6,0,12,13,37891440,3658,40440,3,10369
1534,7,0,15,10,37905060,3658,40440,3,10376
1535,7,0,8,17,37959180,3658,40440,3,10383
1536,4,0,10,15,37965420,3658,40440,3,10387
1537,3,0,8,17,37985880,3658,40440,3,10390
1538,7,0,13,12,37996800,3659,40440,3,10397
1539,5,0,17,8,38005680,3659,40440,3,10402
1540,4,0,10,15,38055540,3660,40440,3,10406
1541,0,0,6,19,38077380,3661,40440,3,10406
1542,7,0,11,14,38080800,3660,40440,3,10413
1543,6,0,10,15,38097420,3660,40440,3,10419
1544,7,0,12,13,38110800,3659,40440,3,10426
1545,6,0,13,12,38124480,3659,40440,3,10432
1546,5,0,12,13,38154180,3659,40440,3,10437
1547,10,0,12,13,38189640,3659,40440,3,10447
1548,7,0,13,12,38199840,3658,40440,3,10454
1549,16,0,19,6,38242680,3659,40440,3,10470
1550,7,0,16,9,38271840,3658,40440,3,10477
1551,14,0,17,8,38310060,3657,40440,3,10491
1552,4,0,8,17,38364540,3658,40440,3,10495
1553,6,0,10,15,38376840,3658,40440,3,10501
1554,2,0,9,16,38394000,3658,40440,3,10503
1555,9,0,11,14,38410500,3657,40440,3,10512
1556,6,0,10,15,38433480,3657,40440,3,10518
1557,7,0,13,12,38441640,3656,40440,3,10525
1558,2,0,8,17,38480940,3658,40440,3,10527
1559,7,0,10,15,38498580,3658,40440,3,10534
1560,5,0,7,18,38515980,3657,40440,3,10539
1561,6,0,8,17,38525340,3656,40440,3,10545
1562,4,0,10,15,38530080,3655,40440,3,10549
1563,6,0,12,13,38550120,3656,40440,3,10555
1564,4,0,10,15,38571840,3656,40440,3,10559
1565,7,0,7,18,38607420,3656,40440,3,10566
1566,4,0,7,18,38616900,3655,40440,3,10570
1567,8,0,10,15,38627520,3655,40440,3,10578
1568,10,0,14,11,38642400,3654,40440,3,10588
1569,7,0,13,12,38672640,3654,40440,3,10595
1570,9,0,12,13,38705820,3654,40440,3,10604
1571,8,0,13,12,38727960,3653,40440,3,10612
1572,9,0,14,11,38762040,3654,40440,3,10621
1573,7,0,14,11,38779320,3653,40440,3,10628
1574,8,0,14,11,38819280,3654,40440,3,10636
1575,2,0,10,15,38854920,3655,40440,3,10638
1576,15,0,14,11,38886840,3655,40440,3,10653
1577,5,0,11,14,38919960,3655,40440,3,10658
1578,14,0,20,5,38941020,3655,40440,3,10672
1579,3,0,13,12,38974440,3655,40440,3,10675
1580,4,0,10,15,39011460,3656,40440,3,10679
1581,10,0,14,11,39029760,3656,40440,3,10689
1582,9,0,14,11,39054480,3655,40440,3,10698
1583,4,0,13,12,39076080,3655,40440,3,10702
1584,3,0,11,14,39106380,3656,40440,3,10705
1585,5,0,11,14,39136680,3657,40440,3,10710
1586,1,0,7,18,39167460,3659,40440,3,10711
1587,4,0,9,16,39177000,3659,40440,3,10715
1588,8,0,11,14,39194940,3658,40440,3,10723
1589,4,0,8,17,39210540,3658,40440,3,10727
1590,3,0,10,15,39217080,3658,40440,3,10730
1591,9,0,14,11,39236580,3658,40440,3,10739
1592,6,0,14,11,39252660,3657,40440,3,10745
1593,12,0,14,11,39310860,3659,40440,3,10757
1594,12,0,16,9,39332880,3657,40440,3,10769
1595,6,0,12,13,39366000,3657,40440,3,10775
1596,5,0,12,13,39385140,3657,40440,3,10780
1597,9,0,14,11,39420840,3658,40440,3,10789
1598,8,0,13,12,39451500,3658,40440,3,10797
1599,8,0,11,14,39492060,3658,40440,3,10805
1600,7,0,14,11,39505620,3658,40440,3,10812
1601,10,0,14,11,39535800,3658,40440,3,10822
1602,8,0,12,13,39569280,3657,40440,3,10830
1603,4,0,12,13,39580980,3657,40440,3,10834
1604,5,0,10,15,39614340,3658,40440,3,10839
1605,4,0,9,16,39629940,3657,40440,3,10843
1606,6,0,8,17,39653940,3657,40440,3,10849
1607,2,0,8,17,39663960,3658,40440,3,10851
1608,3,0,9,16,39670560,3657,40440,3,10854
1609,5,0,10,15,39687600,3658,40440,3,10859
1610,5,0,10,15,39703320,3657,40440,3,10864
1611,5,0,13,12,39712140,3658,40440,3,10869
1612,6,0,12,13,39739200,3658,40440,3,10875
1613,11,0,15,10,39773280,3658,40440,3,10886
1614,8,0,18,7,39791520,3658,40440,3,10894
1615,8,0,13,12,39843300,3659,40440,3,10902
1616,4,0,12,13,39857040,3658,40440,3,10906
1617,8,0,12,13,39897060,3659,40440,3,10914
1618,12,0,12,13,39933480,3658,40440,3,10926
1619,7,0,10,15,39958380,3658,40440,3,10933
1620,6,0,13,12,39968160,3658,40440,3,10939
1621,3,0,9,16,40003560,3658,40440,3,10942
1622,7,0,9,16,40030620,3659,40440,3,10949
1623,13,0,18,7,40042560,3658,40440,3,10962
1624,9,0,18,7,40065240,3657,40440,3,10971
1625,8,0,13,12,40117860,3658,40440,3,10979
1626,8,0,8,17,40161420,3658,40440,3,10987
1627,10,0,12,13,40172160,3657,40440,3,10997
1628,8,0,12,13,40196460,3656,40440,3,11005
1629,5,0,10,15,40224600,3656,40440,3,11010
1630,2,0,10,15,40236180,3657,40440,3,11012
1631,7,0,11,14,40259940,3657,40440,3,11019
1632,3,0,7,18,40286520,3657,40440,3,11022
1633,4,0,10,15,40287600,3657,40440,3,11026
1634,2,0,9,16,40305420,3657,40440,3,11028
1635,10,0,14,11,40331160,3658,40440,3,11038
1636,5,0,13,12,40343640,3657,40440,3,11043
1637,2,0,10,15,40363200,3657,40440,3,11045
1638,4,0,11,14,40390680,3659,40440,3,11049
1639,10,0,17,8,40406220,3659,40440,3,11059
1640,11,0,16,9,40444140,3658,40440,3,11070
1641,5,0,14,11,40470960,3658,40440,3,11075
1642,8,0,11,14,40517820,3659,40440,3,11083
1643,5,0,11,14,40535280,3659,40440,3,11088
1644,7,0,12,13,40556220,3659,40440,3,11095
1645,7,0,13,12,40575240,3659,40440,3,11102
1646,13,0,19,6,40596600,3658,40440,3,11115
1647,6,0,14,11,40640340,3658,40440,3,11121
1648,14,0,13,12,40701720,3659,40440,3,11135
1649,5,0,12,13,40717500,3659,40440,3,11140
1650,4,0,9,16,40741020,3658,40440,3,11144
1651,2,0,8,17,40757100,3659,40440,3,11146
1652,7,0,11,14,40769340,3659,40440,3,11153
1653,5,0,10,15,40789680,3658,40440,3,11158
1654,7,0,10,15,40819080,3659,40440,3,11165
1655,6,0,9,16,40839360,3658,40440,3,11171
1656,5,0,10,15,40856040,3658,40440,3,11176
1657,3,0,9,16,40866540,3658,40440,3,11179
1658,1,0,8,17,40879320,3659,40440,3,11180
1659,4,0,10,15,40896780,3659,40440,3,11184
1660,3,0,7,18,40913460,3659,40440,3,11187
1661,6,0,10,15,40920420,3659,40440,3,11193
1662,6,0,14,11,40924920,3658,40440,3,11199
1663,6,0,13,12,40948920,3658,40440,3,11205
1664,9,0,12,13,40988460,3659,40440,3,11214
1665,5,0,10,15,41007780,3658,40440,3,11219
1666,2,0,10,15,41017260,3658,40440,3,11221
1667,5,0,8,17,41050500,3659,40440,3,11226
1668,11,0,13,12,41057220,3657,40440,3,11237
1669,8,0,13,12,41082540,3657,40440,3,11245
1670,9,0,14,11,41108400,3657,40440,3,11254
1671,7,0,12,13,41135160,3656,40440,3,11261
1672,4,0,8,17,41158320,3656,40440,3,11265
1673,8,0,12,13,41171280,3656,40440,3,11273
1674,12,0,17,8,41184960,3655,40440,3,11285
1675,8,0,16,9,41207040,3654,40560,3,11293
1676,3,0,9,16,41257080,3655,40560,3,11296
1677,5,0,9,16,41267880,3654,40560,3,11301
1678,12,0,14,11,41305620,3655,40560,3,11313
1679,8,0,16,9,41321100,3655,40560,3,11321
1680,6,0,13,12,41355540,3655,40560,3,11327
1681,7,0,16,9,41373720,3655,40560,3,11334
1682,5,0,10,15,41431260,3657,40560,3,11339
1683,6,0,11,14,41445960,3656,40560,3,11345
1684,5,0,13,12,41460600,3657,40560,3,11350
1685,13,0,16,9,41485320,3656,40560,3,11363
1686,3,0,12,13,41520960,3656,40560,3,11366
1687,7,0,12,13,41554320,3657,40560,3,11373
1688,5,0,7,18,41582760,3656,40560,3,11378
1689,8,0,14,11,41584200,3656,40560,3,11386
1690,8,0,17,8,41601840,3656,40560,3,11394
1691,14,0,15,10,41660340,3656,40560,3,11408
1692,9,0,17,8,41682660,3656,40560,3,11417
1693,4,0,8,17,41733960,3656,40560,3,11421
1694,5,0,10,15,41747580,3656,40560,3,11426
1695,5,0,10,15,41759940,3656,40560,3,11431
1696,6,0,10,15,41776980,3655,40560,3,11437
1697,9,0,10,15,41802600,3655,40560,3,11446
1698,3,0,9,16,41814180,3655,40560,3,11449
1699,9,0,13,12,41828880,3654,40560,3,11458
1700,1,0,7,18,41863740,3655,40560,3,11459
1701,9,0,9,16,41874720,3654,40560,3,11468
1702,7,0,10,15,41892780,3653,40560,3,11475
1703,7,0,13,12,41907000,3653,40560,3,11482
1704,3,0,10,15,41933760,3654,40560,3,11485
1705,5,0,11,14,41961240,3655,40560,3,11490
1706,7,0,11,14,41979840,3654,40560,3,11497
1707,5,0,12,13,42000060,3655,40560,3,11502
1708,2,0,10,15,42010860,3655,40560,3,11504
1709,6,0,13,12,42033600,3656,40560,3,11510
1710,8,0,14,11,42058560,3655,40560,3,11518
1711,7,0,13,12,42091380,3656,40560,3,11525
1712,6,0,9,16,42121140,3655,40560,3,11531
1713,4,0,7,18,42135720,3655,40560,3,11535
1714,7,0,10,15,42140520,3654,40560,3,11542
1715,12,0,13,12,42151560,3652,40560,3,11554
1716,11,0,16,9,42172020,3651,40560,3,11565
1717,11,0,15,10,42206160,3650,40560,3,11576
1718,6,0,13,12,42246540,3651,40560,3,11582
1719,7,0,12,13,42283800,3652,40560,3,11589
1720,6,0,12,13,42308040,3652,40560,3,11595
1721,5,0,9,16,42334680,3652,40560,3,11600
1722,5,0,12,13,42341520,3652,40560,3,11605
1723,9,0,15,10,42357000,3651,40560,3,11614
1724,6,0,13,12,42397140,3652,40560,3,11620
1725,6,0,10,15,42432660,3652,40560,3,11626
1726,2,0,9,16,42444360,3653,40560,3,11628
1727,4,0,9,16,42458280,3652,40560,3,11632
1728,5,0,12,13,42462600,3652,40560,3,11637
1729,1,0,8,17,42489840,3653,40560,3,11638
1730,3,0,10,15,42492660,3653,40560,3,11641
1731,3,0,6,19,42520740,3653,40560,3,11644
1732,5,0,7,18,42528060,3652,40560,3,11649
1733,7,0,9,16,42535080,3652,40560,3,11656
1734,6,0,8,17,42548340,3650,40560,3,11662
1735,1,0,8,17,42554340,3651,40560,3,11663
1736,2,0,9,16,42558600,3651,40560,3,11665
1737,10,0,12,13,42579120,3650,40560,3,11675
1738,10,0,14,11,42594120,3649,40560,3,11685
1739,8,0,16,9,42618300,3649,40560,3,11693
1740,11,0,13,12,42675300,3650,40560,3,11704
1741,6,0,9,16,42714060,3650,40560,3,11710
1742,10,0,16,9,42717420,3649,40560,3,11720
1743,8,0,15,10,42752280,3649,40560,3,11728
1744,5,0,11,14,42790620,3650,40560,3,11733
1745,5,0,9,16,42821520,3650,40560,3,11738
1746,7,0,12,13,42832980,3650,40560,3,11745
1747,3,0,7,18,42857340,3650,40560,3,11748
1748,2,0,8,17,42867000,3650,40560,3,11750
1749,6,0,10,15,42879480,3650,40560,3,11756
1750,6,0,12,13,42891420,3650,40560,3,11762
1751,7,0,11,14,42925620,3650,40560,3,11769
1752,8,0,13,12,42935640,3649,40560,3,11777
1753,3,0,11,14,42952380,3649,40560,3,11780
1754,1,0,6,19,42990000,3650,40560,3,11781
1755,4,0,9,16,42990660,3650,40560,3,11785
1756,12,0,16,9,43003740,3650,40560,3,11797
1757,4,0,13,12,43025340,3649,40560,3,11801
1758,8,0,12,13,43067280,3650,40560,3,11809
1759,4,0,10,15,43089300,3650,40560,3,11813
1760,5,0,12,13,43098900,3650,40560,3,11818
1761,9,0,13,12,43139760,3651,40560,3,11827
1762,5,0,13,12,43147800,3650,40560,3,11832
1763,12,0,18,7,43183260,3651,40560,3,11844
1764,10,0,17,8,43217940,3651,40560,3,11854
1765,13,0,15,10,43267440,3650,40560,3,11867
1766,9,0,15,10,43305720,3651,40560,3,11876
1767,7,0,12,13,43342920,3651,40560,3,11883
1768,3,0,9,16,43380780,3652,40560,3,11886
1769,8,0,12,13,43399620,3652,40560,3,11894
1770,8,0,12,13,43425420,3652,40560,3,11902
1771,8,0,13,12,43454460,3652,40560,3,11910
1772,7,0,9,16,43487940,3651,40560,3,11917
1773,6,0,10,15,43500900,3651,40560,3,11923
1774,5,0,6,19,43527780,3651,40560,3,11928
1775,6,0,10,15,43532880,3650,40560,3,11934
1776,2,0,12,13,43532880,3650,40560,3,11936
1777,4,0,6,19,43579500,3651,40560,3,11940
1778,2,0,7,18,43580160,3651,40560,3,11942
1779,5,0,11,14,43580820,3651,40560,3,11947
1780,4,0,11,14,43601460,3651,40560,3,11951
1781,3,0,10,15,43609200,3651,40560,3,11954
1782,8,0,11,14,43635180,3651,40560,3,11962
1783,5,0,13,12,43646400,3651,40560,3,11967
1784,0,0,7,18,43679100,3652,40560,3,11967
1785,7,0,11,14,43696740,3652,40560,3,11974
1786,7,0,12,13,43712520,3652,40560,3,11981
1787,5,0,12,13,43735140,3652,40560,3,11986
1788,9,0,16,9,43742100,3651,40560,3,11995
1789,5,0,8,17,43796160,3652,40560,3,12000
1790,12,0,14,11,43816920,3652,40560,3,12012
1791,10,0,15,10,43839360,3651,40560,3,12022
1792,10,0,16,9,43878780,3651,40560,3,12032
1793,5,0,11,14,43922700,3652,40560,3,12037
1794,7,0,11,14,43956240,3652,40560,3,12044
1795,4,0,9,16,43974420,3652,40560,3,12048
1796,4,0,10,15,43981320,3652,40560,3,12052
1797,8,0,13,12,43991940,3651,40560,3,12060
1798,4,0,9,16,44024820,3651,40560,3,12064
1799,5,0,9,16,44043600,3652,40560,3,12069
1800,7,0,10,15,44058540,3651,40560,3,12076
1801,3,0,11,14,44068500,3651,40560,3,12079
1802,4,0,8,17,44099220,3652,40560,3,12083
1803,1,0,6,19,44117520,3652,40560,3,12084
1804,3,0,8,17,44125200,3653,40560,3,12087
1805,4,0,8,17,44133780,3652,40560,3,12091
1806,7,0,10,15,44144700,3651,40560,3,12098
1807,4,0,11,14,44157240,3652,40560,3,12102
1808,8,0,12,13,44176800,3651,40560,3,12110
1809,8,0,14,11,44203560,3651,40560,3,12118
1810,9,0,12,13,44228580,3650,40560,3,12127
1811,9,0,13,12,44260860,3650,40560,3,12136
1812,12,0,16,9,44295420,3651,40980,3,12148
1813,9,0,17,8,44316780,3650,40980,3,12157
1814,7,0,13,12,44382660,3652,40980,3,12164
1815,9,0,14,11,44405760,3652,40980,3,12173
1816,8,0,14,11,44438340,3652,40980,3,12181
1817,8,0,14,11,44461020,3651,40980,3,12189
1818,7,0,10,15,44507160,3652,40980,3,12196
1819,5,0,10,15,44524980,3652,40980,3,12201
1820,5,0,10,15,44538480,3651,40980,3,12206
1821,3,0,8,17,44556060,3651,40980,3,12209
1822,6,0,10,15,44570280,3651,40980,3,12215
1823,5,0,11,14,44585040,3651,40980,3,12220
1824,7,0,14,11,44596860,3651,40980,3,12227
1825,3,0,10,15,44625780,3651,40980,3,12230
1826,5,0,10,15,44644440,3651,40980,3,12235
1827,5,0,11,14,44659080,3651,40980,3,12240
1828,6,0,11,14,44676960,3651,40980,3,12246
1829,8,0,14,11,44694480,3651,40980,3,12254
1830,8,0,9,16,44733480,3650,40980,3,12262
1831,4,0,9,16,44749500,3650,40980,3,12266
1832,4,0,6,19,44769060,3650,40980,3,12270
1833,12,0,14,11,44782080,3650,40980,3,12282
1834,6,0,10,15,44803020,3649,40980,3,12288
1835,9,0,13,12,44820840,3648,40980,3,12297
1836,5,0,13,12,44839440,3648,40980,3,12302
1837,10,0,13,12,44888700,3649,40980,3,12312
1838,11,0,15,10,44911080,3648,40980,3,12323
1839,7,0,11,14,44951820,3648,40980,3,12330
1840,5,0,8,17,44972400,3648,40980,3,12335
1841,7,0,13,12,44975880,3647,40980,3,12342
1842,8,0,13,12,44998860,3647,40980,3,12350
1843,5,0,12,13,45019620,3647,40980,3,12355
1844,3,0,8,17,45046920,3647,40980,3,12358
1845,3,0,6,19,45065160,3647,40980,3,12361
1846,6,0,12,13,45065160,3647,40980,3,12367
1848,2,0,6,19,45098280,3647,40980,3,12369
1847,0,0,6,19,45098280,3647,40980,3,12369
1849,2,0,7,18,45104100,3648,40980,3,12371
1850,7,0,12,13,45107400,3647,40980,3,12378
1851,5,0,11,14,45123780,3647,40980,3,12383
1852,6,0,10,15,45154440,3647,40980,3,12389
1853,5,0,9,16,45172200,3647,40980,3,12394
1854,8,0,14,11,45189240,3647,40980,3,12402
1855,11,0,15,10,45221340,3647,40980,3,12413
1856,5,0,12,13,45253080,3647,40980,3,12418
1857,6,0,16,9,45254700,3647,40980,3,12424
1858,12,0,17,8,45313440,3648,40980,3,12436
1859,8,0,16,9,45343020,3648,40980,3,12444
1860,10,0,17,8,45388800,3649,40980,3,12454
1861,16,7,17,8,45420720,3649,41280,3,12470
1862,13,16,13,12,45478860,3651,50280,4,12483
1863,5,13,17,8,45516300,3653,85560,6,12488
1864,9,8,25,0,45548820,3654,160860,12,12497
1865,4,0,10,15,45642660,3654,203400,16,12501
1866,5,0,9,16,45669120,3654,203400,16,12506
1867,6,0,9,16,45684240,3653,203400,16,12512
1868,5,0,10,15,45696120,3653,203400,16,12517
1869,3,0,8,17,45704760,3652,203400,16,12520
1870,5,0,9,16,45717900,3652,203400,16,12525
1871,6,0,11,14,45727080,3652,203400,16,12531
1872,5,0,10,15,45747180,3652,203400,16,12536
1873,8,0,11,14,45769860,3651,203400,16,12544
1874,2,0,7,18,45792960,3652,203400,16,12546
1875,5,0,7,18,45802080,3651,203400,16,12551
1876,7,0,10,15,45810660,3650,203400,16,12558
1877,3,0,11,14,45815400,3650,203400,16,12561
1878,7,0,15,10,45830820,3650,203400,16,12568
1879,4,0,11,14,45874920,3652,203400,16,12572
1880,2,0,9,16,45891480,3652,203400,16,12574
1881,10,0,13,12,45912060,3652,203400,16,12584
1882,6,0,13,12,45924180,3651,203400,16,12590
1883,9,0,15,10,45953520,3651,203400,16,12599
1884,5,0,12,13,45988680,3652,203400,16,12604
1885,11,0,13,12,46011660,3651,203400,16,12615
1886,9,0,16,9,46042680,3651,203400,16,12624
1887,8,0,14,11,46085100,3652,203400,16,12632
1888,6,0,9,16,46120260,3651,203400,16,12638
1889,9,0,12,13,46131540,3651,203400,16,12647
1890,9,0,11,14,46163400,3650,203400,16,12656
1891,3,0,10,15,46173600,3650,203400,16,12659
1892,5,0,10,15,46196700,3650,203400,16,12664
1893,6,0,12,13,46203060,3650,203400,16,12670
1894,4,0,6,19,46232040,3649,203400,16,12674
1895,5,0,10,15,46237860,3649,203400,16,12679
1896,5,0,12,13,46247220,3649,203400,16,12684
1897,5,0,9,16,46278060,3649,203400,16,12689
1898,0,0,7,18,46289340,3650,203400,16,12689
1899,3,0,8,17,46301160,3650,203400,16,12692
1900,7,0,13,12,46304340,3650,203400,16,12699
1901,7,0,14,11,46323720,3649,203400,16,12706
1902,5,0,11,14,46356240,3650,203400,16,12711
1903,10,0,13,12,46388760,3650,203400,15,12721
1904,5,0,10,15,46412820,3649,203400,15,12726
1905,3,0,11,14,46416420,3649,203400,15,12729
1906,6,0,10,15,46451760,3650,203400,15,12735
1907,4,0,11,14,46461780,3650,203400,15,12739
1908,13,0,20,5,46473960,3650,203400,15,12752
1909,5,0,10,15,46531380,3650,203400,15,12757
1910,8,0,13,12,46546560,3650,203400,15,12765
1911,3,0,11,14,46562640,3649,203400,15,12768
1912,7,0,10,15,46590420,3649,203400,15,12775
1913,10,0,12,13,46611420,3649,203400,15,12785
1914,13,0,20,5,46626060,3648,203400,15,12798
1915,6,0,15,10,46670400,3649,203400,15,12804
1916,8,0,13,12,46701600,3648,203400,15,12812
1917,2,0,9,16,46746720,3650,203400,15,12814
1918,6,0,10,15,46762080,3650,203400,15,12820
1919,7,0,9,16,46785360,3649,203400,15,12827
1920,3,0,8,17,46798440,3649,203400,15,12830
1921,5,0,10,15,46806180,3649,203400,15,12835
1922,3,0,8,17,46823700,3649,203400,15,12838
1923,5,0,12,13,46831620,3649,203400,15,12843
1924,10,0,17,8,46849800,3649,203400,15,12853
1925,7,0,15,10,46878000,3649,203400,15,12860
1926,7,0,13,12,46924320,3650,203400,15,12867
1927,10,0,16,9,46955880,3651,203400,15,12877
1928,7,0,14,11,46994220,3651,203400,15,12884
1929,5,0,7,18,47037660,3651,203400,15,12889
1930,5,0,7,18,47052060,3651,203400,15,12894
1931,3,0,8,17,47057340,3650,203400,15,12897
1932,8,0,11,14,47068260,3650,203400,15,12905
1933,14,0,17,8,47078280,3648,203400,15,12919
1934,9,0,16,9,47120220,3649,203400,15,12928
1935,12,0,15,10,47164380,3649,203400,15,12940
1936,7,0,17,8,47189280,3649,203400,15,12947
1937,6,0,11,14,47247420,3650,203400,15,12953
1938,6,0,9,16,47274600,3650,203400,15,12959
1939,8,0,13,12,47283300,3650,203400,15,12967
1940,4,0,10,15,47300100,3649,203400,15,12971
1941,5,0,11,14,47322900,3650,203400,15,12976
1942,4,0,9,16,47350320,3650,203400,15,12980
1943,10,0,12,13,47376480,3650,203400,15,12990
1944,5,0,10,15,47389080,3649,203400,15,12995
1945,7,0,13,12,47409060,3649,203400,15,13002
1946,2,0,8,17,47440920,3650,203400,15,13004
1947,4,0,7,18,47452860,3649,203400,15,13008
1948,6,0,8,17,47463960,3649,203400,15,13014
1949,3,0,9,16,47465820,3648,203400,15,13017
1950,7,0,12,13,47477640,3648,203400,15,13024
1951,4,0,11,14,47501880,3649,203400,15,13028
1952,5,0,11,14,47521860,3649,203400,15,13033
1953,9,0,13,12,47556420,3650,203400,15,13042
1954,11,0,17,8,47570940,3649,203400,15,13053
1955,6,0,13,12,47627040,3650,203400,15,13059
1956,11,0,17,8,47641380,3649,203400,15,13070
1957,11,0,12,13,47699160,3649,203400,15,13081
1958,5,0,12,13,47710620,3649,203400,15,13086
1959,11,0,12,13,47753160,3649,203400,15,13097
1960,11,0,15,10,47774220,3648,203400,15,13108
1961,9,0,13,12,47814720,3648,203400,15,13117
1962,5,0,12,13,47835960,3648,203400,15,13122
1963,7,0,14,11,47861940,3649,203400,15,13129
1964,7,0,10,15,47909820,3649,203400,15,13136
1965,8,0,11,14,47926260,3649,203400,15,13144
1966,7,0,13,12,47934780,3648,203400,15,13151
1967,4,0,13,12,47951520,3648,203400,15,13155
1968,1,0,5,20,47993820,3649,203400,15,13156
1969,6,0,8,17,47995620,3648,203400,15,13162
1970,2,0,10,15,47995620,3648,203400,15,13164
1971,9,0,14,11,48011400,3648,203400,15,13173
1972,2,0,8,17,48042960,3648,203400,15,13175
1973,7,0,12,13,48053520,3648,203400,15,13182
1974,4,0,13,12,48068280,3649,203400,15,13186
1975,6,0,9,16,48115860,3649,203400,15,13192
1976,6,0,10,15,48134280,3649,203400,15,13198
1977,6,0,10,15,48145980,3649,203400,15,13204
1978,9,0,12,13,48171300,3649,203400,15,13213
1979,9,0,14,11,48193680,3648,203400,15,13222
1980,10,0,15,10,48224040,3648,203400,15,13232
1981,6,0,10,15,48258780,3648,203400,15,13238
1982,7,0,11,14,48282420,3648,203400,15,13245
1983,8,0,12,13,48309120,3648,203400,15,13253
1984,7,0,11,14,48332220,3647,203400,15,13260
1985,9,0,14,11,48357660,3648,203400,15,13269
1986,6,0,15,10,48373320,3648,203400,15,13275
1987,6,0,9,16,48425940,3648,203400,15,13281
1988,6,0,11,14,48436260,3648,203400,15,13287
1989,9,0,11,14,48467340,3648,203400,15,13296
1990,7,0,12,13,48489240,3648,203400,15,13303
1991,7,0,11,14,48517020,3648,203400,15,13310
1992,8,0,14,11,48537900,3648,203400,15,13318
1993,2,0,10,15,48557580,3648,203400,15,13320
1994,1,0,7,18,48580560,3648,203400,15,13321
1995,7,0,9,16,48591480,3648,203400,15,13328
1996,5,0,12,13,48595680,3648,203400,15,13333
1997,8,0,13,12,48623220,3648,203400,15,13341
1998,7,0,12,13,48646560,3647,203400,15,13348
1999,7,0,13,12,48664920,3647,203400,15,13355
2000,8,0,11,14,48693960,3646,203400,15,13363
2001,13,0,13,12,48718680,3645,203400,15,13376
2002,6,0,14,11,48730680,3645,203400,15,13382
2003,10,0,17,8,48766740,3646,203400,15,13392
2004,13,0,17,8,48819300,3646,203400,15,13405
2005,10,0,19,6,48848880,3646,203400,15,13415
2006,10,0,16,9,48888360,3645,203400,15,13425
2007,12,0,18,7,48928620,3646,203400,15,13437
2008,10,0,15,10,48977520,3646,203400,15,13447
2009,9,0,17,8,49003920,3646,203400,15,13456
2010,5,0,14,11,49043940,3647,203400,15,13461
2011,4,0,10,15,49081320,3647,203400,15,13465
2012,9,0,13,12,49102260,3647,203400,15,13474
2013,3,0,9,16,49117380,3646,203400,15,13477
2014,2,0,6,19,49143240,3647,203400,15,13479
2015,2,0,6,19,49150920,3647,203400,15,13481
2016,6,0,11,14,49154220,3647,203400,15,13487
2017,6,0,15,10,49158120,3647,203400,15,13493
2018,4,0,14,11,49168260,3646,203400,15,13497
2019,8,0,18,7,49176480,3646,203400,15,13505
2020,5,0,13,12,49214820,3646,203400,15,13510
2021,10,0,19,6,49222200,3645,203400,15,13520
2022,2,0,11,14,49252320,3645,203400,15,13522
2023,10,0,15,10,49262280,3644,203400,15,13532
2024,9,0,18,7,49274820,3643,203400,15,13541
2025,8,0,21,4,49299000,3644,203400,15,13549
2026,12,0,23,2,49348080,3645,203940,15,13561
2027,12,0,21,4,49406520,3645,203940,15,13573
2028,8,0,20,5,49427460,3644,203940,15,13581
2029,12,0,21,4,49471740,3645,205020,15,13593
2030,6,2,19,6,49494780,3645,205740,15,13599
2031,6,0,20,5,49539180,3646,207120,15,13605
2032,12,0,21,4,49563960,3645,207120,15,13617
2033,9,0,19,6,49618620,3646,207120,15,13626
2034,8,0,20,5,49636680,3646,207120,15,13634
2035,10,0,17,8,49679760,3645,207120,15,13644
2036,4,0,15,10,49710960,3646,207120,15,13648
2037,5,0,15,10,49724820,3646,207120,15,13653
2038,5,0,16,9,49736820,3645,207120,15,13658
2039,6,0,18,7,49752600,3645,207120,15,13664
2040,8,0,18,7,49784520,3646,207120,15,13672
2041,5,0,13,12,49823100,3646,207120,15,13677
2042,2,0,11,14,49829940,3645,207120,15,13679
2043,7,0,15,10,49832820,3645,207120,15,13686
2044,4,0,15,10,49842840,3644,207120,15,13690
2045,3,0,15,10,49851360,3644,207120,15,13693
2046,6,0,17,8,49878300,3645,207120,15,13699
2047,8,0,17,8,49899840,3644,207120,15,13707
2048,7,0,16,9,49925700,3644,207120,15,13714
2049,11,0,19,6,49965480,3645,207120,15,13725
2050,7,0,18,7,49984620,3644,207120,15,13732
2051,8,0,16,9,50023140,3644,207120,15,13740
2052,5,0,17,8,50040060,3645,207120,15,13745
2053,7,0,19,6,50056020,3644,207120,15,13752
2054,6,0,16,9,50091900,3645,207120,15,13758
2055,11,0,21,4,50114100,3645,207120,15,13769
2056,8,0,17,8,50146500,3644,207120,15,13777
2057,4,0,13,12,50186400,3645,207120,15,13781
2058,11,0,17,8,50199180,3644,207120,15,13792
2059,8,0,18,7,50218080,3643,207120,15,13800
2060,5,0,17,8,50241120,3643,207120,15,13805
2061,7,0,19,6,50261820,3644,207120,14,13812
2062,4,0,16,9,50297340,3644,207120,14,13816
2063,4,0,14,11,50326500,3645,207120,14,13820
2064,2,0,13,12,50339760,3645,207120,14,13822
2065,3,0,12,13,50352720,3645,207120,14,13825
2066,4,0,15,10,50353260,3645,207120,14,13829
2067,6,0,16,9,50372340,3645,207120,14,13835
2068,5,0,14,11,50395140,3644,207120,14,13840
2069,8,0,14,11,50416740,3644,207120,14,13848
2070,10,0,16,9,50436840,3643,207120,14,13858
2071,5,0,21,4,50436840,3643,207120,14,13863
2072,7,0,13,12,50492340,3643,207120,14,13870
2073,8,0,19,6,50496720,3643,207120,14,13878
2074,12,0,19,6,50524620,3642,207120,14,13890
2075,10,0,17,8,50563020,3642,207120,14,13900
2076,4,0,14,11,50585880,3641,207120,14,13904
2077,9,0,19,6,50598780,3641,207120,14,13913
2078,9,0,21,4,50629500,3642,207120,14,13922
2079,8,0,19,6,50666460,3642,207120,14,13930
2080,9,0,19,6,50709540,3642,207120,14,13939
2081,2,0,13,12,50741460,3643,207120,14,13941
2082,5,0,16,9,50753100,3643,207120,14,13946
2083,4,0,12,13,50782860,3643,207120,14,13950
2084,3,0,15,10,50782860,3643,207120,14,13953
2085,7,0,16,9,50802900,3643,207120,14,13960
2086,7,0,18,7,50818860,3643,207120,14,13967
2087,2,0,12,13,50858160,3643,207120,14,13969
2088,8,0,18,7,50861820,3643,207120,14,13977
2089,4,0,15,10,50882880,3643,207120,14,13981
2090,2,0,13,12,50900040,3643,207120,14,13983
2091,4,0,14,11,50913900,3643,207120,14,13987
2092,7,0,17,8,50926680,3643,207120,14,13994
2093,4,0,15,10,50946240,3643,207120,14,13998
2094,7,0,16,9,50971200,3643,207120,14,14005
2095,5,0,13,12,50992980,3643,207120,14,14010
2096,9,0,15,10,51002700,3642,207120,14,14019
2097,5,0,16,9,51010200,3641,207120,14,14024
2098,12,0,19,6,51039600,3641,207120,14,14036
2099,9,0,17,8,51075840,3640,207120,14,14045
2100,10,0,20,5,51105780,3641,207120,14,14055
2101,16,0,25,0,51134640,3640,208020,14,14071
2102,6,0,18,7,51178260,3640,208020,14,14077
2103,10,0,17,8,51219600,3640,208020,14,14087
2104,9,0,21,4,51234180,3640,208020,14,14096
2105,7,0,18,7,51273000,3640,208020,14,14103
2106,7,0,20,5,51293220,3640,208020,14,14110
2107,11,0,20,5,51342180,3641,208020,14,14121
2108,5,0,16,9,51383520,3641,208020,14,14126
2109,6,0,16,9,51409440,3641,208020,14,14132
2110,4,0,12,13,51430020,3641,208020,14,14136
2111,2,0,12,13,51438840,3641,208020,14,14138
2112,2,0,11,14,51450780,3641,208020,14,14140
2113,6,0,15,10,51455820,3641,208020,14,14146
2114,3,0,15,10,51466500,3641,208020,14,14149
2115,4,0,18,7,51473700,3641,208020,14,14153
2116,2,0,13,12,51513720,3642,208020,14,14155
2117,9,0,18,7,51530100,3642,208020,14,14164
2118,7,0,19,6,51544320,3642,208020,14,14171
2119,10,0,20,5,51571620,3641,208020,14,14181
2120,6,0,15,10,51612000,3641,208020,14,14187
2121,9,0,18,7,51635880,3641,208020,14,14196
2122,7,0,17,8,51664440,3641,208020,14,14203
2123,3,0,13,12,51685020,3641,208020,14,14206
2124,15,0,18,7,51708600,3640,208020,14,14221
2125,8,0,17,8,51724440,3639,208020,14,14229
2126,9,0,17,8,51770460,3640,208020,14,14238
2127,9,0,21,4,51787140,3640,208020,14,14247
2128,13,0,21,4,51819600,3639,208020,14,14260
2129,5,0,20,5,51839820,3639,208020,14,14265
2130,7,0,18,7,51887520,3640,208020,14,14272
2131,8,0,17,8,51928140,3640,208020,14,14280
2132,3,0,18,7,51937680,3640,208020,14,14283
2133,2,0,14,11,51971340,3641,208020,14,14285
2134,6,0,14,11,51990240,3641,208020,14,14291
2135,7,0,16,9,52009860,3641,208020,14,14298
2136,6,0,14,11,52026300,3640,208020,14,14304
2137,3,0,15,10,52034760,3640,208020,14,14307
2138,5,0,16,9,52056000,3641,208020,14,14312
2139,4,0,12,13,52087500,3641,208020,14,14316
2140,5,0,16,9,52090500,3641,208020,14,14321
2141,10,0,18,7,52116420,3641,208020,14,14331
2142,7,0,20,5,52137960,3641,208020,14,14338
2143,5,0,18,7,52158600,3641,208020,14,14343
2144,3,0,14,11,52209120,3642,208020,14,14346
2145,12,0,19,6,52228860,3642,208020,14,14358
2146,7,0,17,8,52255860,3642,208020,14,14365
2147,2,0,13,12,52276200,3641,208020,14,14367
2148,7,0,15,10,52295160,3641,208020,14,14374
2149,10,0,18,7,52311660,3641,208020,14,14384
2150,10,0,17,8,52347600,3641,208020,14,14394
2151,6,0,17,8,52379100,3641,208020,14,14400
2152,11,0,24,1,52386660,3641,208020,14,14411
2153,8,0,17,8,52445100,3641,208020,14,14419
2154,7,0,14,11,52479960,3641,208020,14,14426
2155,9,0,16,9,52503060,3641,208020,14,14435
2156,7,0,20,5,52513500,3641,208020,14,14442
2157,7,0,18,7,52538160,3640,208020,14,14449
2158,6,0,15,10,52581180,3641,208020,14,14455
2159,5,0,13,12,52600800,3640,208020,14,14460
2160,6,0,13,12,52618320,3640,208020,14,14466
2161,1,0,11,14,52624260,3640,208020,14,14467
2162,3,0,11,14,52635480,3640,208020,14,14470
2163,2,0,11,14,52642260,3640,208020,14,14472
2164,8,0,17,8,52644120,3639,208020,14,14480
2165,2,0,14,11,52661940,3639,208020,14,14482
2166,5,0,15,10,52680720,3640,208020,14,14487
2167,8,0,18,7,52701240,3640,208020,14,14495
2168,11,0,20,5,52724100,3639,208020,14,14506
2169,7,0,17,8,52752720,3639,208020,14,14513
2170,8,0,16,9,52776660,3638,208020,14,14521
2171,8,0,21,4,52805580,3639,208020,14,14529
2172,6,0,14,11,52843020,3639,208020,14,14535
2173,13,0,19,6,52867740,3638,208020,14,14548
2174,11,0,24,1,52886280,3638,208020,14,14559
2175,1,0,15,10,52934880,3639,208020,14,14560
2176,13,0,22,3,52957140,3639,208020,14,14573
2177,6,0,18,7,52994400,3639,208020,14,14579
2178,10,0,20,5,53030700,3639,208020,14,14589
2179,5,0,18,7,53047860,3639,208020,14,14594
2180,12,0,16,9,53111580,3640,208020,14,14606
2181,6,0,16,9,53128560,3639,208020,14,14612
2182,9,0,17,8,53153100,3639,208020,14,14621
2183,5,0,16,9,53172480,3639,208020,14,14626
2184,4,0,17,8,53184480,3639,208020,14,14630
2185,8,0,20,5,53209680,3640,208020,14,14638
2186,6,0,19,6,53229540,3639,208020,14,14644
2187,4,0,12,13,53273040,3639,208020,14,14648
2188,3,0,13,12,53277060,3639,208020,14,14651
2189,8,0,15,10,53297160,3639,208020,14,14659
2190,7,0,21,4,53300220,3639,208020,14,14666
2191,7,0,18,7,53333220,3639,208020,14,14673
2192,4,0,13,12,53378760,3640,208020,14,14677
2193,9,0,17,8,53393580,3639,208020,14,14686
2194,8,0,19,6,53407980,3639,208020,14,14694
2195,13,0,23,2,53441460,3639,208020,14,14707
2196,8,0,20,5,53466120,3638,208020,14,14715
2197,10,0,21,4,53509260,3639,208020,14,14725
2198,5,0,20,5,53531940,3639,208020,14,14730
2199,9,0,18,7,53570580,3639,208020,14,14739
2200,12,0,21,4,53608740,3639,208020,14,14751
2201,8,0,20,5,53633820,3638,208020,14,14759
2202,7,0,18,7,53660100,3638,208020,14,14766
2203,6,0,20,5,53691000,3639,208020,14,14772
2204,3,0,15,10,53739600,3640,208020,14,14775
2205,3,0,13,12,53766840,3641,208020,14,14778
2206,4,0,16,9,53767800,3641,208020,14,14782
2207,1,0,12,13,53780700,3640,208020,14,14783
2208,3,0,13,12,53796720,3641,208020,14,14786
2209,8,0,15,10,53804820,3640,208020,14,14794
2210,5,0,14,11,53827620,3640,208020,14,14799
2211,3,0,12,13,53843760,3640,208020,14,14802
2212,5,0,13,12,53854440,3640,208020,14,14807
2213,4,0,13,12,53859420,3639,208020,14,14811
2214,6,0,16,9,53865960,3639,208020,14,14817
2215,8,0,19,6,53885700,3639,208020,14,14825
2216,6,0,18,7,53915820,3639,208020,14,14831
2217,8,0,15,10,53950740,3639,208020,14,14839
2218,11,0,20,5,53976420,3639,208020,14,14850
2219,13,0,22,3,54015900,3639,208020,13,14863
2220,14,0,23,2,54043260,3638,208020,13,14877
2221,13,0,21,4,54108000,3638,208020,13,14890
2222,14,0,23,2,54140460,3638,208020,13,14904
2223,10,0,20,5,54184320,3637,208020,13,14914
2224,11,0,19,6,54232320,3638,208020,13,14925
2225,4,0,13,12,54270360,3638,208020,13,14929
2226,9,0,18,7,54283320,3638,208020,13,14938
2227,3,0,14,11,54308220,3638,208020,13,14941
2228,4,0,17,8,54314880,3638,208020,13,14945
2229,7,0,17,8,54344220,3638,208020,13,14952
2230,3,0,14,11,54368520,3638,208020,13,14955
2231,4,0,14,11,54385080,3639,208020,13,14959
2232,9,0,19,6,54390840,3638,208020,13,14968
2233,5,0,18,7,54420960,3638,208020,13,14973
2234,3,0,16,9,54446820,3639,208020,13,14976
2235,7,0,17,8,54478260,3640,208020,13,14983
2236,3,0,14,11,54506040,3640,208020,13,14986
2237,4,0,16,9,54517800,3640,208020,13,14990
2238,7,0,14,11,54542100,3640,208020,13,14997
2239,8,0,18,7,54552420,3639,208020,13,15005
2240,5,0,15,10,54577380,3639,208020,13,15010
2241,9,0,19,6,54594420,3639,208020,13,15019
2242,7,0,18,7,54621480,3639,208020,13,15026
2243,5,0,14,11,54665940,3640,208020,13,15031
2244,9,0,21,4,54671640,3640,208020,13,15040
2245,8,0,21,4,54694800,3639,208020,13,15048
2246,9,0,19,6,54742620,3640,208020,13,15057
2247,11,0,20,5,54776100,3640,208020,13,15068
2248,12,0,22,3,54809700,3639,208020,13,15080
2249,6,0,18,7,54848220,3640,208020,13,15086
2250,14,0,24,1,54874200,3639,208020,13,15100
2251,6,0,17,8,54916800,3639,208020,13,15106
2252,10,0,19,6,54952620,3639,208020,13,15116
2253,5,0,17,8,54979860,3640,208020,13,15121
2254,5,0,15,10,55011120,3640,208020,13,15126
2255,4,0,15,10,55023000,3640,208020,13,15130
2256,6,0,16,9,55054920,3641,208020,13,15136
2257,4,0,16,9,55062300,3640,208020,13,15140
2258,4,0,14,11,55086960,3640,208020,13,15144
2259,6,0,13,12,55108860,3640,208020,13,15150
2260,5,0,15,10,55121040,3640,208020,13,15155
2261,6,0,19,6,55123740,3640,208020,13,15161
2262,4,0,14,11,55163040,3640,208020,13,15165
2263,6,0,15,10,55178640,3640,208020,13,15171
2264,9,0,17,8,55198980,3640,208020,13,15180
2265,8,0,20,5,55216260,3640,208020,13,15188
2266,6,0,19,6,55242300,3640,208020,13,15194
2267,9,0,16,9,55283520,3640,208020,13,15203
2268,6,0,15,10,55307940,3640,208020,13,15209
2269,13,0,21,4,55323540,3639,208020,13,15222
2270,5,0,20,5,55339260,3639,208020,13,15227
2271,16,0,24,1,55375500,3638,208020,13,15243
2272,10,0,16,9,55436400,3638,208320,13,15253
2273,5,0,16,9,55451640,3638,208320,13,15258
2274,8,0,19,6,55472640,3638,208320,13,15266
2275,12,0,20,5,55510320,3638,208320,13,15278
2276,12,0,18,7,55551360,3637,208320,13,15290
2277,6,0,19,6,55561200,3636,208320,13,15296
2278,5,0,14,11,55613280,3637,208320,13,15301
2279,2,0,13,12,55622040,3637,208320,13,15303
2280,7,0,14,11,55635180,3637,208320,13,15310
2281,2,0,13,12,55649400,3637,208320,13,15312
2282,4,0,13,12,55664760,3637,208320,13,15316
2283,7,0,14,11,55675980,3636,208320,13,15323
2284,6,0,16,9,55682820,3636,208320,13,15329
2285,1,0,11,14,55707840,3636,208320,13,15330
2286,3,0,12,13,55712220,3636,208320,13,15333
2287,4,0,13,12,55718220,3636,208320,13,15337
2288,4,0,14,11,55727340,3635,208320,13,15341
2289,8,0,15,10,55746780,3635,208320,13,15349
2290,7,0,16,9,55758120,3634,208320,13,15356
2291,8,0,18,7,55780380,3634,208320,13,15364
2292,6,0,18,7,55807080,3635,208320,13,15370
2293,7,0,19,6,55834380,3635,208320,13,15377
2294,9,0,19,6,55860600,3635,208320,13,15386
2295,12,0,21,4,55894200,3634,208320,13,15398
2296,11,0,19,6,55933560,3634,208380,13,15409
2297,11,0,20,5,55965240,3634,208380,13,15420
2298,10,0,21,4,55996620,3634,208380,13,15430
2299,5,0,18,7,56022120,3633,208380,13,15435
2300,10,0,15,10,56071440,3633,208380,13,15445
2301,10,0,20,5,56086080,3633,208380,13,15455
2302,3,0,15,10,56117520,3633,208380,13,15458
2303,4,0,12,13,56150700,3634,208380,13,15462
2304,6,0,14,11,56153880,3633,208380,13,15468
2305,3,0,13,12,56168040,3633,208380,13,15471
2306,2,0,13,12,56173920,3633,208380,13,15473
2307,3,0,13,12,56185260,3633,208380,13,15476
2308,7,0,16,9,56200380,3633,208380,13,15483
2309,9,0,19,6,56212320,3632,208380,13,15492
2310,3,0,14,11,56248080,3633,208380,13,15495
2311,7,0,20,5,56249160,3633,208380,13,15502
2312,14,0,22,3,56300640,3633,208380,13,15516
2313,9,0,19,6,56346000,3633,208380,13,15525
2314,9,0,19,6,56366280,3633,208380,13,15534
2315,11,0,17,8,56419800,3633,208380,13,15545
2316,6,0,14,11,56435520,3632,208380,13,15551
2317,7,0,17,8,56446920,3632,208380,13,15558
2318,8,0,16,9,56483880,3632,208380,13,15566
2319,13,0,22,3,56496720,3631,208380,13,15579
2320,8,0,20,5,56546160,3632,208380,13,15587
2321,7,0,19,6,56573580,3632,208380,13,15594
2322,5,0,15,10,56613420,3632,208380,13,15599
2323,9,0,18,7,56637720,3632,208380,13,15608
2324,6,0,16,9,56660160,3632,208380,13,15614
2325,5,0,16,9,56684220,3632,208380,13,15619
2326,4,0,16,9,56702820,3633,208380,13,15623
2327,9,0,18,7,56726280,3633,208380,13,15632
2328,5,0,16,9,56754540,3633,208380,13,15637
2329,7,0,16,9,56776680,3633,208380,13,15644
2330,4,0,17,8,56798220,3633,208380,13,15648
2331,8,0,18,7,56823840,3633,208380,13,15656
2332,3,0,16,9,56846400,3633,208380,13,15659
2333,7,0,20,5,56861820,3634,208380,13,15666
2334,3,0,18,7,56897580,3635,208380,13,15669
2335,5,0,13,12,56941620,3635,208380,13,15674
2336,6,0,16,9,56952480,3635,208380,13,15680
2337,7,0,19,6,56971920,3636,208380,13,15687
2338,6,0,21,4,56990460,3636,208380,13,15693
2339,10,0,20,5,57032340,3636,208380,13,15703
2340,11,0,21,4,57068460,3636,208380,13,15714
2341,3,0,18,7,57096480,3636,208380,13,15717
2342,12,0,19,6,57139740,3637,208380,13,15729
2343,6,0,17,8,57169860,3637,208380,13,15735
2344,5,0,15,10,57191520,3636,208380,13,15740
2345,11,0,16,9,57220740,3636,208380,13,15751
2346,9,0,19,6,57230220,3635,208380,13,15760
2347,7,0,15,10,57263520,3635,208380,13,15767
2348,9,0,19,6,57279840,3635,208380,13,15776
2349,1,0,15,10,57301380,3635,208380,13,15777
2350,7,0,16,9,57333780,3636,208380,13,15784
2351,0,0,11,14,57354000,3636,208380,13,15784
2352,5,0,13,12,57364740,3636,208380,13,15789
2353,6,0,18,7,57367740,3636,208380,13,15795
2354,4,0,15,10,57401100,3636,208380,13,15799
2355,5,0,16,9,57411600,3636,208380,13,15804
2356,5,0,15,10,57440700,3636,208380,13,15809
2357,6,0,17,8,57452040,3636,208380,13,15815
2358,8,0,20,5,57467460,3636,208380,13,15823
2359,7,0,19,6,57505320,3637,208380,13,15830
2360,9,0,17,8,57541680,3636,208380,13,15839
2361,9,0,18,7,57571020,3636,208380,13,15848
2362,10,0,21,4,57593520,3636,208380,13,15858
2363,3,0,14,11,57635520,3636,208380,13,15861
2364,11,0,16,9,57659640,3636,208380,13,15872
2365,8,0,22,3,57665880,3636,208380,13,15880
2366,8,0,23,2,57685320,3636,208380,13,15888
2367,13,0,21,4,57758460,3637,208380,13,15901
2368,11,0,23,2,57784500,3636,208380,13,15912
2369,6,0,20,5,57815700,3636,208380,13,15918
2370,12,0,21,4,57863700,3637,208380,13,15930
2371,6,0,18,7,57902820,3637,208380,13,15936
2372,9,0,21,4,57937500,3638,208380,13,15945
2373,1,0,13,12,57968100,3638,208380,13,15946
2374,7,0,15,10,57975780,3637,208380,13,15953
2375,7,0,18,7,57991200,3637,208380,13,15960
2376,2,0,13,12,58030680,3638,208380,13,15962
2377,1,0,11,14,58046220,3638,208380,13,15963
2378,7,0,16,9,58049340,3638,208380,13,15970
2379,4,0,15,10,58062120,3638,208380,13,15974
2380,5,0,15,10,58084200,3638,208380,13,15979
2381,4,0,12,13,58106460,3638,208380,13,15983
2382,5,0,15,10,58108440,3637,208380,13,15988
2383,10,0,16,9,58138500,3637,208380,13,15998
2384,5,0,18,7,58146360,3637,208380,13,16003
2385,8,0,18,7,58184400,3638,208380,13,16011
2386,9,0,19,6,58206240,3637,208380,13,16020
2387,5,0,20,5,58221240,3637,208380,13,16025
2388,12,7,18,7,58263780,3638,208440,13,16037
2389,6,6,20,5,58304040,3640,227940,14,16043
2390,5,0,19,6,58335240,3639,251220,15,16048
2391,7,0,15,10,58366920,3638,251220,15,16055
2392,7,0,16,9,58399620,3639,251220,15,16062
2393,11,0,20,5,58421100,3639,251220,15,16073
2394,9,0,22,3,58446420,3639,251220,15,16082
2395,8,0,20,5,58492200,3639,251220,15,16090
2396,9,0,18,7,58516860,3638,251220,15,16099
2397,6,0,18,7,58538700,3638,251220,15,16105
2398,7,0,18,7,58564080,3638,251220,15,16112
2399,6,0,18,7,58600920,3639,251220,15,16118

