Hour,Arrivals,Waiting,Treating,Available Rooms,Total Treatment Time,Average Treatment Time,Total Wait Time,Average Wait Time,Total Arrivals
1,12,0,8,17,7020,1755,0,0,12
2,7,0,6,19,32940,2533,0,0,19
3,3,0,4,21,61260,3403,0,0,22
4,5,0,7,18,70440,3522,0,0,27
5,8,0,10,15,90240,3609,0,0,35
6,8,0,7,18,131640,3656,0,0,43
7,7,0,5,20,156480,3477,0,0,50
8,8,0,8,17,165060,3301,0,0,58
9,5,0,8,17,192840,3506,0,0,63
10,3,0,6,19,213480,3558,0,0,66
11,6,0,4,21,250980,3690,0,0,72
12,11,0,7,18,264120,3475,0,0,83
13,12,0,13,12,282720,3447,0,0,95
14,7,0,10,15,328320,3568,0,0,102
15,14,0,8,17,379260,3511,0,0,116
16,13,0,10,15,408060,3429,0,0,129
17,10,0,12,13,431580,3398,0,0,139
18,10,0,8,17,498300,3534,0,0,149
19,8,0,12,13,508740,3508,0,0,157
20,8,0,10,15,552900,3567,0,0,165
21,7,0,8,17,583740,3559,0,0,172
22,5,0,5,20,628020,3651,0,0,177
23,4,0,7,18,637620,3664,0,0,181
24,2,0,5,20,660060,3708,0,0,183
25,9,0,9,16,678960,3710,0,0,192
26,2,0,1,24,724140,3752,0,0,194
27,4,0,4,21,725100,3737,0,0,198
28,3,0,5,20,736020,3755,0,0,201
29,6,0,8,17,749340,3765,0,0,207
30,9,0,8,17,773880,3720,0,0,216
31,2,0,5,20,803820,3773,0,0,218
32,5,0,6,19,821340,3784,0,0,223
33,4,0,5,20,844320,3803,0,0,227
34,6,0,3,22,878340,3818,0,0,233
35,4,0,6,19,880200,3810,0,0,237
36,2,0,4,21,898380,3822,0,0,239
37,6,0,3,22,926280,3827,0,0,245
38,14,0,12,13,935280,3786,0,0,259
39,9,0,12,13,966180,3774,0,0,268
40,7,0,6,19,1021440,3797,0,0,275
41,7,0,5,20,1043160,3765,0,0,282
42,11,0,11,14,1072380,3802,0,0,293
43,2,0,3,22,1102260,3774,0,0,295
44,4,0,2,23,1127820,3797,0,0,299
45,4,0,6,19,1127820,3797,0,0,303
46,1,0,3,22,1139520,3785,0,0,304
47,7,0,5,20,1162020,3797,0,0,311
48,7,0,7,18,1171080,3765,0,0,318
49,4,0,2,23,1198980,3746,0,0,322
50,2,0,1,24,1219740,3776,0,0,324
51,6,0,5,20,1221720,3759,0,0,330
52,1,0,4,21,1228740,3757,0,0,331
53,6,0,5,20,1252080,3771,0,0,337
54,6,0,9,16,1262040,3778,0,0,343
55,9,0,10,15,1289700,3771,0,0,352
56,5,0,5,20,1336620,3797,0,0,357
57,11,0,12,13,1346040,3781,0,0,368
58,5,0,6,19,1391460,3791,0,0,373
59,4,0,4,21,1421220,3810,0,0,377
60,10,0,7,18,1444200,3800,0,0,387
61,8,0,5,20,1468680,3765,0,0,395
62,10,0,8,17,1489380,3751,0,0,405
63,7,0,8,17,1510020,3737,0,0,412
64,14,0,12,13,1535340,3708,0,0,426
65,5,0,9,16,1566780,3712,0,0,431
66,10,0,7,18,1608840,3707,0,0,441
67,6,0,4,21,1636980,3695,0,0,447
68,6,0,5,20,1654020,3692,0,0,453
69,6,0,6,19,1666800,3679,0,0,459
70,2,0,1,24,1686600,3666,0,0,461
71,6,0,5,20,1696200,3671,0,0,467
72,5,0,6,19,1705980,3660,0,0,472
73,4,0,4,21,1733640,3672,0,0,476
74,1,0,2,23,1742280,3667,0,0,477
75,6,0,5,20,1755540,3672,0,0,483
76,6,0,7,18,1762200,3656,0,0,489
77,5,0,6,19,1786020,3659,0,0,494
78,8,0,8,17,1798860,3641,0,0,502
79,8,0,9,16,1836120,3664,0,0,510
80,5,0,7,18,1865280,3671,0,0,515
81,13,0,10,15,1898520,3665,0,0,528
82,8,0,10,15,1921500,3653,0,0,536
83,12,0,14,11,1943160,3638,0,0,548
84,8,0,12,13,1985040,3648,0,0,556
85,8,0,9,16,2046360,3687,0,0,564
86,9,0,6,19,2087400,3681,0,0,573
87,13,0,12,13,2114700,3684,0,0,586
88,9,0,11,14,2144400,3671,0,0,595
89,12,0,10,15,2200260,3685,0,0,607
90,4,0,4,21,2233500,3679,0,0,611
91,8,0,7,18,2247240,3671,0,0,619
92,6,0,6,19,2268180,3664,0,0,625
93,6,0,7,18,2298180,3682,0,0,631
94,2,0,3,22,2320080,3682,0,0,633
95,3,0,4,21,2327460,3682,0,0,636
96,3,0,1,24,2353500,3688,0,0,639
97,4,0,3,22,2359500,3686,0,0,643
98,4,0,5,20,2363700,3681,0,0,647
99,5,0,7,18,2367660,3670,0,0,652
100,8,0,5,20,2403420,3669,0,0,660
101,10,0,9,16,2417940,3658,0,0,670
102,3,0,5,20,2448000,3664,0,0,673
103,5,0,5,20,2470860,3671,0,0,678
104,8,0,5,20,2492400,3659,0,0,686
105,3,0,6,19,2501340,3662,0,0,689
106,9,0,9,16,2518140,3654,0,0,698
107,8,0,7,18,2555280,3655,0,0,706
108,6,0,5,20,2572740,3638,0,0,712
109,5,0,6,19,2593080,3647,0,0,717
110,8,0,8,17,2611140,3641,0,0,725
111,5,0,5,20,2642760,3645,0,0,730
112,5,0,2,23,2672100,3645,0,0,735
113,5,0,7,18,2672100,3645,0,0,740
114,3,0,4,21,2698500,3651,0,0,743
115,6,0,5,20,2711520,3644,0,0,749
116,12,0,9,16,2740080,3643,0,0,761
117,7,0,7,18,2764680,3632,0,0,768
118,5,0,5,20,2797380,3642,0,0,773
119,7,0,9,16,2807760,3641,0,0,780
120,6,0,7,18,2836140,3640,0,0,786
121,7,0,6,19,2871780,3649,0,0,793
122,6,0,3,22,2894340,3636,0,0,799
123,6,0,4,21,2914020,3637,0,0,805
124,4,0,5,20,2920080,3631,0,0,809
125,5,0,6,19,2934240,3631,0,0,814
126,5,0,7,18,2949420,3632,0,0,819
127,13,0,11,14,2977620,3626,0,0,832
128,11,0,12,13,3004980,3616,0,0,843
129,9,0,8,17,3057840,3623,0,0,852
130,5,0,6,19,3087360,3627,0,0,857
131,11,0,8,17,3119100,3626,0,0,868
132,12,0,9,16,3152640,3619,0,0,880
133,6,0,7,18,3183000,3621,0,0,886
134,9,0,4,21,3226620,3621,0,0,895
135,10,0,11,14,3232620,3615,0,0,905
136,8,0,9,16,3267060,3614,0,0,913
137,15,0,14,11,3308520,3619,0,0,928
138,11,0,16,9,3337080,3615,0,0,939
139,15,0,17,8,3396120,3624,0,0,954
140,8,0,10,15,3450600,3624,0,0,962
141,3,0,4,21,3502260,3644,0,0,965
142,9,0,7,18,3517140,3637,0,0,974
143,1,0,4,21,3533580,3639,0,0,975
144,4,0,5,20,3549240,3643,0,0,979
145,7,0,6,19,3570900,3643,0,0,986
146,2,0,7,18,3577740,3647,0,0,988
147,7,0,7,18,3600840,3644,0,0,995
148,4,0,6,19,3636540,3662,0,0,999
149,6,0,7,18,3652020,3659,0,0,1005
150,8,0,10,15,3682620,3671,0,0,1013
151,3,0,7,18,3703620,3670,0,0,1016
152,4,0,3,22,3739080,3676,0,0,1020
153,8,0,7,18,3746880,3669,0,0,1028
154,7,0,7,18,3766200,3663,0,0,1035
155,6,0,6,19,3791760,3663,0,0,1041
156,8,0,8,17,3819600,3669,0,0,1049
157,21,0,16,9,3855120,3657,0,0,1070
158,11,0,14,11,3885480,3641,0,0,1081
159,10,0,8,17,3949680,3646,0,0,1091
160,6,0,8,17,3972240,3647,0,0,1097
161,8,0,7,18,4003380,3646,0,0,1105
162,9,0,6,19,4028580,3635,0,0,1114
163,9,0,8,17,4060020,3641,0,0,1123
164,8,0,9,16,4081860,3638,0,0,1131
165,4,0,3,22,4115520,3635,0,0,1135
166,4,0,5,20,4121340,3634,0,0,1139
167,1,0,2,23,4149840,3646,0,0,1140
168,5,0,5,20,4164360,3652,0,0,1145
169,6,0,8,17,4172100,3650,0,0,1151
170,7,0,6,19,4196520,3642,0,0,1158
171,4,0,8,17,4200840,3640,0,0,1162
172,8,0,8,17,4245060,3653,0,0,1170
173,6,0,6,19,4269420,3649,0,0,1176
174,5,0,5,20,4303380,3659,0,0,1181
175,13,0,11,14,4314720,3647,0,0,1194
176,4,0,4,21,4357560,3649,0,0,1198
177,13,0,11,14,4384800,3654,0,0,1211
178,6,0,4,21,4417380,3641,0,0,1217
179,12,0,10,15,4434180,3637,0,0,1229
180,13,0,14,11,4462200,3633,0,0,1242
181,6,0,10,15,4509060,3642,0,0,1248
182,3,0,3,22,4558500,3652,0,0,1251
183,7,0,3,22,4577100,3647,0,0,1258
184,8,0,6,19,4589580,3642,0,0,1266
185,4,0,6,19,4608960,3646,0,0,1270
186,8,0,8,17,4622820,3640,0,0,1278
187,7,0,6,19,4658880,3642,0,0,1285
188,2,0,3,22,4675500,3641,0,0,1287
189,4,0,3,22,4690980,3642,0,0,1291
190,6,0,4,21,4699200,3634,0,0,1297
191,6,0,6,19,4711680,3632,0,0,1303
192,4,0,2,23,4738680,3631,0,0,1307
193,5,0,5,20,4751760,3635,0,0,1312
194,4,0,4,21,4763400,3630,0,0,1316
195,5,0,5,20,4778520,3631,0,0,1321
196,9,0,6,19,4797600,3623,0,0,1330
197,9,0,5,20,4836060,3625,0,0,1339
198,14,0,10,15,4854180,3614,0,0,1353
199,4,0,7,18,4878900,3614,0,0,1357
200,4,0,2,23,4917180,3618,0,0,1361
201,3,0,2,23,4924740,3615,0,0,1364
202,11,0,7,18,4940760,3611,0,0,1375
203,8,0,12,13,4948200,3609,0,0,1383
204,8,0,7,18,5001420,3613,0,0,1391
205,7,0,7,18,5026500,3613,0,0,1398
206,11,0,12,13,5051580,3616,0,0,1409
207,8,0,10,15,5086740,3615,0,0,1417
208,6,0,9,16,5115060,3617,0,0,1423
209,8,0,9,16,5152980,3623,0,0,1431
210,10,0,13,12,5179860,3627,0,0,1441
211,5,0,7,18,5225040,3631,0,0,1446
212,8,0,9,16,5245860,3630,0,0,1454
213,3,0,3,22,5276100,3628,0,0,1457
214,5,0,6,19,5282880,3628,0,0,1462
215,2,0,3,22,5303160,3629,0,0,1464
216,4,0,4,21,5320020,3633,0,0,1468
217,1,0,1,24,5329920,3630,0,0,1469
218,3,0,2,23,5337720,3631,0,0,1472
219,3,0,3,22,5347440,3632,0,0,1475
220,7,0,8,17,5349120,3628,0,0,1482
221,5,0,6,19,5381160,3633,0,0,1487
222,10,0,8,17,5404740,3629,0,0,1497
223,5,0,9,16,5419200,3629,0,0,1502
224,8,0,9,16,5450640,3631,0,0,1510
225,8,0,8,17,5482200,3630,0,0,1518
226,4,0,6,19,5503860,3630,0,0,1522
227,10,0,4,21,5547960,3630,0,0,1532
228,16,0,11,14,5564400,3620,0,0,1548
229,15,0,15,10,5599620,3617,0,0,1563
230,9,0,8,17,5666520,3623,0,0,1572
231,9,0,7,18,5698920,3620,0,0,1581
232,8,0,5,20,5731200,3618,0,0,1589
233,10,0,9,16,5752020,3617,0,0,1599
234,4,0,4,21,5781840,3615,0,0,1603
235,7,0,6,19,5804040,3618,0,0,1610
236,3,0,6,19,5815980,3619,0,0,1613
237,4,0,1,24,5851500,3620,0,0,1617
238,1,0,2,23,5851500,3620,0,0,1618
239,2,0,1,24,5862360,3620,0,0,1620
240,4,0,4,21,5864640,3620,0,0,1624
241,4,0,3,22,5875920,3615,0,0,1628
242,5,0,3,22,5888880,3612,0,0,1633
243,7,0,7,18,5899020,3612,0,0,1640
244,7,0,9,16,5917620,3612,0,0,1647
245,4,0,3,22,5950380,3610,0,0,1651
246,8,0,6,19,5967480,3610,0,0,1659
247,3,0,2,23,5990520,3608,0,0,1662
248,7,0,7,18,5993820,3606,0,0,1669
249,7,0,9,16,6010260,3605,0,0,1676
250,6,0,10,15,6033660,3608,0,0,1682
251,10,0,11,14,6068280,3609,0,0,1692
252,5,0,10,15,6090480,3610,0,0,1697
253,14,0,12,13,6163440,3627,0,0,1711
254,11,0,16,9,6189660,3628,0,0,1722
255,6,0,11,14,6246960,3638,0,0,1728
256,8,0,9,16,6295620,3645,0,0,1736
257,9,0,11,14,6329100,3650,0,0,1745
258,7,0,7,18,6372900,3652,0,0,1752
259,7,0,10,15,6392940,3655,0,0,1759
260,11,0,12,13,6439920,3663,0,0,1770
261,9,0,11,14,6466800,3657,0,0,1779
262,7,0,10,15,6517560,3669,0,0,1786
263,4,0,6,19,6553500,3673,0,0,1790
264,7,0,5,20,6571560,3667,0,0,1797
265,2,0,2,23,6597840,3671,0,0,1799
266,4,0,4,21,6611640,3675,0,0,1803
267,5,0,3,22,6625200,3670,0,0,1808
268,3,0,2,23,6637740,3669,0,0,1811
269,2,0,2,23,6644760,3669,0,0,1813
270,9,0,5,20,6655680,3663,0,0,1822
271,2,0,5,20,6662580,3662,0,0,1824
272,4,0,2,23,6693480,3665,0,0,1828
273,8,0,7,18,6703860,3665,0,0,1836
274,3,0,5,20,6715920,3661,0,0,1839
275,14,0,9,16,6737640,3653,0,0,1853
276,7,0,8,17,6774540,3657,0,0,1860
277,7,0,6,19,6807900,3658,0,0,1867
278,9,0,6,19,6841560,3658,0,0,1876
279,9,0,9,16,6859440,3656,0,0,1885
280,7,0,9,16,6884460,3656,0,0,1892
281,7,0,4,21,6928020,3655,0,0,1899
282,9,0,11,14,6929940,3653,0,0,1908
283,10,0,15,10,6946440,3650,0,0,1918
284,11,0,13,12,7026120,3667,0,0,1929
285,5,0,5,20,7072620,3666,0,0,1934
286,4,0,1,24,7104840,3667,0,0,1938
287,1,0,1,24,7107660,3667,0,0,1939
288,2,0,1,24,7109040,3664,0,0,1941
289,4,0,3,22,7110900,3661,0,0,1945
290,6,0,5,20,7122420,3660,0,0,1951
291,0,0,4,21,7127460,3660,0,0,1951
292,5,0,4,21,7148820,3662,0,0,1956
293,5,0,6,19,7162440,3663,0,0,1961
294,7,0,9,16,7174140,3662,0,0,1968
295,11,0,6,19,7220880,3659,0,0,1979
296,6,0,10,15,7225200,3658,0,0,1985
297,8,0,11,14,7251840,3658,0,0,1993
298,12,0,10,15,7294140,3656,0,0,2005
299,10,0,9,16,7326120,3652,0,0,2015
300,6,0,6,19,7369380,3657,0,0,2021
301,10,0,7,18,7404780,3658,0,0,2031
302,14,0,8,17,7431360,3648,0,0,2045
303,7,0,7,18,7451460,3643,0,0,2052
304,6,0,6,19,7467840,3639,0,0,2058
305,8,0,7,18,7498200,3641,0,0,2066
306,12,0,7,18,7525620,3633,0,0,2078
307,6,0,6,19,7547700,3632,0,0,2084
308,5,0,6,19,7562100,3630,0,0,2089
309,6,0,7,18,7584300,3632,0,0,2095
310,6,0,8,17,7602840,3632,0,0,2101
311,4,0,5,20,7636620,3636,0,0,2105
312,6,0,6,19,7648500,3633,0,0,2111
313,4,0,5,20,7677540,3638,0,0,2115
314,8,0,11,14,7681620,3637,0,0,2123
315,5,0,7,18,7718700,3639,0,0,2128
316,6,0,4,21,7755420,3641,0,0,2134
317,3,0,4,21,7773420,3644,0,0,2137
318,7,0,4,21,7793520,3641,0,0,2144
319,9,0,3,22,7805340,3630,0,0,2153
320,3,0,2,23,7813920,3627,0,0,2156
321,8,0,5,20,7819440,3621,0,0,2164
322,9,0,6,19,7842540,3619,0,0,2173
323,8,0,7,18,7854120,3612,0,0,2181
324,9,0,9,16,7889760,3617,0,0,2190
325,12,0,13,12,7919760,3617,0,0,2202
326,7,0,10,15,7954560,3617,0,0,2209
327,6,0,6,19,7995180,3619,0,0,2215
328,5,0,6,19,8012820,3619,0,0,2220
329,10,0,6,19,8044680,3617,0,0,2230
330,8,0,9,16,8055660,3614,0,0,2238
331,10,0,9,16,8087220,3611,0,0,2248
332,8,0,8,17,8127720,3615,0,0,2256
333,4,0,9,16,8141640,3616,0,0,2260
334,5,0,5,20,8186400,3622,0,0,2265
335,7,0,4,21,8211420,3620,0,0,2272
336,4,0,7,18,8217000,3621,0,0,2276
337,5,0,4,21,8249460,3622,0,0,2281
338,3,0,5,20,8255940,3622,0,0,2284
339,7,0,6,19,8277240,3622,0,0,2291
340,3,0,4,21,8296620,3622,0,0,2294
341,5,0,4,21,8313900,3622,0,0,2299
342,5,0,5,20,8330640,3623,0,0,2304
343,5,0,6,19,8335020,3619,0,0,2309
344,5,0,6,19,8352420,3618,0,0,2314
345,11,0,8,17,8381640,3617,0,0,2325
346,6,0,4,21,8407800,3613,0,0,2331
347,11,0,8,17,8430120,3611,0,0,2342
348,14,0,13,12,8452860,3607,0,0,2356
349,10,0,12,13,8479500,3602,0,0,2366
350,10,0,12,13,8513580,3601,0,0,2376
351,11,0,11,14,8561040,3603,0,0,2387
352,8,0,8,17,8611920,3607,0,0,2395
353,5,0,5,20,8642940,3608,0,0,2400
354,11,0,8,17,8657880,3602,0,0,2411
355,5,0,7,18,8678460,3602,0,0,2416
356,7,0,6,19,8707320,3602,0,0,2423
357,4,0,4,21,8725260,3601,0,0,2427
358,7,0,4,21,8745960,3599,0,0,2434
359,6,0,6,19,8758200,3598,0,0,2440
360,5,0,6,19,8776620,3598,0,0,2445
361,2,0,5,20,8792640,3600,0,0,2447
362,8,0,7,18,8813880,3600,0,0,2455
363,3,0,3,22,8837460,3599,0,0,2458
364,3,0,3,22,8849160,3600,0,0,2461
365,7,0,5,20,8860020,3597,0,0,2468
366,7,0,4,21,8875380,3591,0,0,2475
367,4,0,4,21,8896140,3594,0,0,2479
368,5,0,5,20,8912280,3595,0,0,2484
369,13,0,13,12,8922480,3591,0,0,2497
370,12,0,9,16,8969580,3587,0,0,2509
371,10,0,10,15,8996220,3585,0,0,2519
372,7,0,7,18,9033000,3585,0,0,2526
373,7,0,7,18,9068520,3590,0,0,2533
374,9,0,13,12,9080700,3590,0,0,2542
375,11,0,15,10,9114420,3591,0,0,2553
376,9,0,11,14,9170580,3594,0,0,2562
377,9,0,8,17,9221520,3597,0,0,2571
378,3,0,6,19,9248280,3601,0,0,2574
379,11,0,8,17,9283620,3602,0,0,2585
380,2,0,3,22,9306420,3601,0,0,2587
381,10,0,8,17,9325140,3601,0,0,2597
382,9,0,8,17,9347760,3598,0,0,2606
383,4,0,1,24,9383220,3596,0,0,2610
384,3,0,1,24,9387900,3594,0,0,2613
385,8,0,7,18,9389640,3592,0,0,2621
386,4,0,4,21,9411360,3590,0,0,2625
387,3,0,4,21,9419040,3589,0,0,2628
388,3,0,5,20,9430440,3591,0,0,2631
389,5,0,6,19,9448380,3592,0,0,2636
390,5,0,7,18,9460380,3591,0,0,2641
391,5,0,4,21,9508620,3599,0,0,2646
392,14,0,11,14,9527040,3596,0,0,2660
393,6,0,6,19,9557280,3592,0,0,2666
394,5,0,6,19,9582240,3595,0,0,2671
395,6,0,5,20,9602460,3593,0,0,2677
396,15,0,12,13,9617820,3588,0,0,2692
397,12,0,9,16,9671940,3588,0,0,2704
398,8,0,7,18,9710280,3589,0,0,2712
399,13,0,11,14,9731160,3585,0,0,2725
400,7,0,12,13,9757440,3587,0,0,2732
401,9,0,9,16,9806340,3589,0,0,2741
402,11,0,8,17,9849000,3589,0,0,2752
403,5,0,4,21,9879180,3588,0,0,2757
404,2,0,4,21,9891660,3590,0,0,2759
405,8,0,4,21,9913740,3588,0,0,2767
406,2,0,3,22,9920100,3586,0,0,2769
407,4,0,2,23,9933600,3584,0,0,2773
408,4,0,5,20,9936120,3584,0,0,2777
409,6,0,8,17,9949020,3585,0,0,2783
410,4,0,7,18,9969960,3586,0,0,2787
411,5,0,5,20,10004640,3589,0,0,2792
412,12,0,9,16,10020300,3585,0,0,2804
413,6,0,4,21,10042500,3578,0,0,2810
414,5,0,5,20,10068900,3583,0,0,2815
415,4,0,3,22,10082460,3580,0,0,2819
416,11,0,11,14,10094580,3580,0,0,2830
417,10,0,11,14,10118040,3576,0,0,2840
418,8,0,7,18,10162920,3577,0,0,2848
419,11,0,6,19,10200780,3575,0,0,2859
420,9,0,7,18,10219020,3571,0,0,2868
421,10,0,12,13,10241520,3573,0,0,2878
422,12,0,13,12,10287780,3575,0,0,2890
423,14,0,13,12,10337340,3575,0,0,2904
424,5,0,4,21,10386780,3575,0,0,2909
425,6,0,3,22,10419840,3578,0,0,2915
426,9,0,6,19,10432680,3575,0,0,2924
427,3,0,5,20,10450440,3576,0,0,2927
428,8,0,7,18,10472400,3576,0,0,2935
429,3,0,5,20,10491180,3576,0,0,2938
430,8,0,5,20,10525020,3578,0,0,2946
431,4,0,7,18,10532280,3578,0,0,2950
432,2,0,2,23,10562280,3580,0,0,2952
433,2,0,1,24,10577460,3581,0,0,2954
434,7,0,7,18,10580940,3581,0,0,2961
435,1,0,7,18,10587240,3582,0,0,2962
436,6,0,5,20,10620900,3584,0,0,2968
437,4,0,4,21,10643460,3586,0,0,2972
438,6,0,3,22,10660440,3583,0,0,2978
439,2,0,3,22,10665480,3582,0,0,2980
440,11,0,8,17,10680480,3580,0,0,2991
441,4,0,7,18,10695420,3579,0,0,2995
442,8,0,6,19,10731120,3580,0,0,3003
443,12,0,12,13,10751160,3580,0,0,3015
444,3,0,6,19,10783080,3580,0,0,3018
445,5,0,6,19,10809060,3582,0,0,3023
446,9,0,8,17,10830840,3581,0,0,3032
447,9,0,10,15,10851180,3580,0,0,3041
448,5,0,6,19,10899000,3585,0,0,3046
449,8,0,9,16,10925400,3587,0,0,3054
450,10,0,10,15,10951620,3585,0,0,3064
451,4,0,3,22,10989300,3585,0,0,3068
452,3,0,2,23,11004240,3585,0,0,3071
453,8,0,7,18,11011260,3584,0,0,3079
454,5,0,5,20,11036160,3584,0,0,3084
455,4,0,4,21,11056680,3585,0,0,3088
456,5,0,5,20,11068020,3584,0,0,3093
457,7,0,4,21,11083020,3579,0,0,3100
458,4,0,6,19,11098320,3582,0,0,3104
459,2,0,3,22,11119980,3583,0,0,3106
460,7,0,5,20,11135820,3582,0,0,3113
461,6,0,5,20,11157780,3583,0,0,3119
462,7,0,8,17,11165640,3581,0,0,3126
463,3,0,2,23,11200800,3581,0,0,3129
464,6,0,3,22,11219760,3582,0,0,3135
465,5,0,4,21,11224380,3579,0,0,3140
466,0,0,0,25,11246880,3581,0,0,3140
467,6,0,4,21,11248740,3580,0,0,3146
468,7,0,2,23,11265600,3575,0,0,3153
469,11,0,6,19,11281860,3572,0,0,3164
470,12,0,10,15,11296560,3568,0,0,3176
471,9,0,11,14,11324580,3567,0,0,3185
472,7,0,6,19,11370540,3568,0,0,3192
473,9,0,12,13,11375100,3566,0,0,3201
474,9,0,9,16,11427180,3569,0,0,3210
475,12,0,11,14,11445300,3564,0,0,3222
476,8,0,10,15,11483700,3566,0,0,3230
477,4,0,5,20,11518020,3567,0,0,3234
478,9,0,12,13,11530140,3568,0,0,3243
479,3,0,7,18,11567880,3571,0,0,3246
480,1,0,4,21,11597760,3576,0,0,3247
481,4,0,4,21,11627160,3580,0,0,3251
482,4,0,4,21,11634360,3578,0,0,3255
483,7,0,5,20,11656800,3578,0,0,3262
484,7,0,6,19,11671680,3576,0,0,3269
485,8,0,7,18,11694360,3576,0,0,3277
486,8,0,9,16,11719680,3577,0,0,3285
487,10,0,10,15,11747040,3575,0,0,3295
488,9,0,14,11,11773560,3578,0,0,3304
489,8,0,13,12,11814780,3581,0,0,3312
490,10,0,10,15,11869140,3583,0,0,3322
491,7,0,9,16,11896260,3583,0,0,3329
492,9,0,11,14,11926560,3584,0,0,3338
493,14,0,12,13,11967720,3583,0,0,3352
494,9,0,11,14,11986980,3578,0,0,3361
495,14,0,14,11,12034680,3580,0,0,3375
496,9,0,11,14,12085620,3583,0,0,3384
497,7,0,7,18,12128100,3583,0,0,3391
498,6,0,5,20,12159480,3584,0,0,3397
499,7,0,5,20,12181380,3583,0,0,3404
500,10,0,7,18,12199740,3580,0,0,3414
501,5,0,5,20,12219480,3579,0,0,3419
502,3,0,3,22,12235620,3578,0,0,3422
503,3,0,3,22,12243960,3578,0,0,3425
504,3,0,4,21,12251460,3578,0,0,3428
505,6,0,7,18,12266460,3579,0,0,3434
506,3,0,3,22,12288960,3578,0,0,3437
507,7,0,6,19,12296520,3576,0,0,3444
508,4,0,3,22,12320340,3576,0,0,3448
509,5,0,5,20,12331140,3576,0,0,3453
510,3,0,2,23,12359280,3578,0,0,3456
511,4,0,4,21,12361980,3576,0,0,3460
512,7,0,7,18,12372960,3576,0,0,3467
513,7,0,5,20,12406200,3576,0,0,3474
514,5,0,4,21,12420420,3574,0,0,3479
515,0,0,2,23,12428340,3574,0,0,3479
516,9,0,5,20,12450240,3574,0,0,3488
517,9,0,10,15,12463080,3574,0,0,3497
518,9,0,6,19,12501480,3571,0,0,3506
519,7,0,4,21,12537180,3572,0,0,3513
520,12,0,12,13,12546600,3571,0,0,3525
521,4,0,9,16,12572580,3571,0,0,3529
522,8,0,6,19,12615900,3572,0,0,3537
523,8,0,6,19,12647580,3573,0,0,3545
524,4,0,3,22,12667620,3572,0,0,3549
525,10,0,7,18,12687840,3572,0,0,3559
526,5,0,4,21,12706080,3569,0,0,3564
527,6,0,5,20,12719580,3567,0,0,3570
528,4,0,1,24,12750240,3568,0,0,3574
529,1,0,1,24,12756840,3569,0,0,3575
530,7,0,6,19,12758760,3567,0,0,3582
531,7,0,6,19,12779220,3566,0,0,3589
532,2,0,6,19,12787080,3566,0,0,3591
533,7,0,6,19,12827520,3571,0,0,3598
534,7,0,8,17,12842700,3570,0,0,3605
535,7,0,9,16,12871140,3572,0,0,3612
536,10,0,11,14,12902280,3573,0,0,3622
537,8,0,9,16,12939900,3573,0,0,3630
538,10,0,13,12,12960600,3573,0,0,3640
539,10,0,9,16,13009860,3573,0,0,3650
540,4,0,7,18,13030200,3572,0,0,3654
541,10,0,8,17,13072380,3575,0,0,3664
542,5,0,7,18,13097460,3576,0,0,3669
543,6,0,5,20,13120680,3575,0,0,3675
544,4,0,3,22,13139100,3574,0,0,3679
545,11,0,6,19,13152360,3570,0,0,3690
546,3,0,3,22,13180860,3572,0,0,3693
547,8,0,8,17,13193760,3572,0,0,3701
548,10,0,10,15,13213200,3570,0,0,3711
549,2,0,3,22,13248000,3570,0,0,3713
550,6,0,5,20,13263720,3571,0,0,3719
551,6,0,5,20,13273440,3568,0,0,3725
552,2,0,2,23,13290960,3568,0,0,3727
553,4,0,4,21,13299900,3568,0,0,3731
554,4,0,3,22,13313760,3567,0,0,3735
555,3,0,6,19,13313760,3567,0,0,3738
556,6,0,8,17,13326480,3567,0,0,3744
557,5,0,7,18,13352520,3568,0,0,3749
558,7,0,12,13,13357500,3567,0,0,3756
559,18,0,17,8,13413240,3570,0,0,3774
560,3,0,10,15,13450740,3570,0,0,3777
561,7,0,7,18,13505340,3575,0,0,3784
562,7,0,7,18,13543140,3579,0,0,3791
563,10,0,10,15,13556520,3575,0,0,3801
564,8,0,11,14,13580460,3575,0,0,3809
565,5,0,5,20,13632120,3578,0,0,3814
566,10,0,7,18,13668420,3580,0,0,3824
567,1,0,5,20,13676100,3580,0,0,3825
568,9,0,5,20,13707480,3579,0,0,3834
569,7,0,6,19,13722420,3578,0,0,3841
570,5,0,7,18,13742220,3579,0,0,3846
571,5,0,7,18,13762500,3580,0,0,3851
572,4,0,7,18,13780380,3581,0,0,3855
573,6,0,8,17,13795320,3580,0,0,3861
574,5,0,6,19,13828980,3582,0,0,3866
575,5,0,6,19,13852800,3584,0,0,3871
576,7,0,7,18,13871160,3583,0,0,3878
577,3,0,4,21,13896540,3584,0,0,3881
578,6,0,6,19,13916520,3585,0,0,3887
579,4,0,5,20,13937640,3586,0,0,3891
580,6,0,9,16,13947480,3587,0,0,3897
581,7,0,7,18,13987080,3589,0,0,3904
582,5,0,7,18,14001420,3588,0,0,3909
583,9,0,5,20,14036940,3587,0,0,3918
584,6,0,5,20,14062140,3588,0,0,3924
585,7,0,8,17,14083260,3589,0,0,3931
586,6,0,8,17,14095860,3587,0,0,3937
587,11,0,9,16,14143260,3590,0,0,3948
588,11,0,8,17,14169840,3586,0,0,3959
589,9,0,8,17,14200860,3586,0,0,3968
590,12,0,10,15,14235600,3585,0,0,3980
591,9,0,10,15,14260080,3583,0,0,3989
592,5,0,7,18,14304420,3587,0,0,3994
593,8,0,6,19,14341740,3589,0,0,4002
594,17,0,16,9,14353800,3585,0,0,4019
595,3,0,6,19,14411640,3588,0,0,4022
596,3,0,5,20,14435700,3590,0,0,4025
597,6,0,7,18,14456700,3592,0,0,4031
598,5,0,4,21,14478540,3590,0,0,4036
599,7,0,4,21,14501100,3590,0,0,4043
600,3,0,3,22,14511900,3589,0,0,4046
601,3,0,2,23,14528520,3589,0,0,4049
602,7,0,8,17,14529360,3589,0,0,4056
603,4,0,7,18,14548140,3589,0,0,4060
604,5,0,6,19,14572380,3590,0,0,4065
605,5,0,6,19,14592480,3590,0,0,4070
606,9,0,7,18,14619180,3590,0,0,4079
607,12,0,12,13,14637360,3588,0,0,4091
608,13,0,13,12,14676840,3587,0,0,4104
609,5,0,4,21,14739240,3590,0,0,4109
610,10,0,6,19,14761920,3589,0,0,4119
611,14,0,10,15,14789040,3586,0,0,4133
612,9,0,7,18,14828340,3586,0,0,4142
613,10,0,11,14,14843640,3584,0,0,4152
614,2,0,5,20,14888820,3588,0,0,4154
615,8,0,9,16,14904960,3588,0,0,4162
616,8,0,10,15,14940720,3591,0,0,4170
617,5,0,6,19,14970540,3590,0,0,4175
618,3,0,2,23,15003600,3592,0,0,4178
619,7,0,5,20,15022500,3593,0,0,4185
620,4,0,6,19,15033300,3593,0,0,4189
621,5,0,4,21,15048300,3591,0,0,4194
622,7,0,6,19,15069420,3592,0,0,4201
623,5,0,5,20,15085920,3591,0,0,4206
624,3,0,5,20,15098160,3591,0,0,4209
625,1,0,1,24,15120420,3592,0,0,4210
626,4,0,4,21,15122160,3591,0,0,4214
627,5,0,5,20,15141180,3593,0,0,4219
628,7,0,7,18,15153960,3591,0,0,4226
629,9,0,8,17,15189900,3593,0,0,4235
630,7,0,8,17,15211860,3592,0,0,4242
631,6,0,4,21,15253680,3594,0,0,4248
632,7,0,7,18,15267000,3593,0,0,4255
633,10,0,7,18,15294360,3591,0,0,4265
634,8,0,8,17,15319800,3591,0,0,4273
635,3,0,4,21,15352680,3593,0,0,4276
636,6,0,4,21,15373920,3593,0,0,4282
637,9,0,10,15,15386100,3594,0,0,4291
638,4,0,9,16,15402000,3593,0,0,4295
639,10,0,10,15,15439800,3594,0,0,4305
640,10,0,9,16,15484320,3595,0,0,4315
641,6,0,9,16,15516480,3598,0,0,4321
642,5,0,6,19,15540180,3597,0,0,4326
643,7,0,7,18,15555180,3595,0,0,4333
644,8,0,8,17,15576480,3594,0,0,4341
645,8,0,9,16,15605400,3595,0,0,4349
646,6,0,5,20,15641880,3595,0,0,4355
647,7,0,5,20,15669720,3596,0,0,4362
648,2,0,4,21,15684060,3597,0,0,4364
649,7,0,6,19,15698940,3596,0,0,4371
650,3,0,4,21,15720240,3597,0,0,4374
651,6,0,5,20,15733320,3596,0,0,4380
652,6,0,5,20,15755340,3596,0,0,4386
653,4,0,6,19,15767040,3596,0,0,4390
654,6,0,5,20,15788580,3595,0,0,4396
655,4,0,5,20,15797700,3594,0,0,4400
656,3,0,3,22,15811500,3593,0,0,4403
657,7,0,6,19,15828600,3594,0,0,4410
658,3,0,2,23,15847260,3592,0,0,4413
659,12,0,8,17,15865440,3591,0,0,4425
660,9,0,8,17,15882420,3588,0,0,4434
661,7,0,4,21,15921180,3588,0,0,4441
662,11,0,7,18,15937080,3585,0,0,4452
663,4,0,4,21,15948420,3582,0,0,4456
664,9,0,7,18,15973440,3583,0,0,4465
665,13,0,11,14,16003860,3582,0,0,4478
666,10,0,12,13,16031640,3581,0,0,4488
667,4,0,6,19,16070580,3582,0,0,4492
668,5,0,4,21,16099320,3583,0,0,4497
669,6,0,7,18,16103580,3581,0,0,4503
670,11,0,11,14,16122840,3580,0,0,4514
671,5,0,8,17,16159080,3582,0,0,4519
672,3,0,5,20,16184580,3583,0,0,4522
673,6,0,6,19,16190280,3580,0,0,4528
674,4,0,6,19,16201800,3579,0,0,4532
675,6,0,6,19,16213620,3577,0,0,4538
676,6,0,10,15,16218900,3577,0,0,4544
677,4,0,10,15,16230240,3576,0,0,4548
678,4,0,11,14,16252860,3579,0,0,4552
679,5,0,11,14,16272960,3579,0,0,4557
680,7,0,13,12,16293240,3580,0,0,4564
681,5,0,9,16,16329060,3580,0,0,4569
682,6,0,10,15,16337640,3578,0,0,4575
683,7,0,9,16,16370940,3579,0,0,4582
684,16,0,19,6,16383180,3577,0,0,4598
685,6,0,15,10,16415160,3577,0,0,4604
686,8,0,9,16,16465620,3577,0,0,4612
687,11,0,12,13,16490880,3576,0,0,4623
688,5,0,10,15,16512180,3575,0,0,4628
689,11,0,10,15,16546980,3574,0,0,4639
690,3,0,8,17,16565340,3574,0,0,4642
691,8,0,11,14,16587840,3575,0,0,4650
692,4,0,9,16,16606080,3575,0,0,4654
693,3,0,6,19,16629060,3575,0,0,4657
694,3,0,8,17,16640100,3576,0,0,4660
695,5,0,10,15,16654920,3577,0,0,4665
696,2,0,8,17,16673160,3578,0,0,4667
697,6,0,8,17,16694100,3578,0,0,4673
698,10,0,14,11,16704480,3577,0,0,4683
699,3,0,6,19,16746120,3578,0,0,4686
700,3,0,7,18,16755780,3578,0,0,4689
701,5,0,9,16,16762020,3577,0,0,4694
702,4,0,8,17,16767000,3575,0,0,4698
703,16,0,17,8,16806240,3578,0,0,4714
704,11,0,19,6,16825680,3575,0,0,4725
705,9,0,18,7,16867500,3576,0,0,4734
706,4,0,9,16,16934460,3580,0,0,4738
707,7,0,13,12,16948620,3581,0,0,4745
708,14,0,14,11,16983360,3579,0,0,4759
709,10,0,11,14,17022600,3577,0,0,4769
710,9,0,11,14,17050020,3576,0,0,4778
711,5,0,10,15,17074560,3577,0,0,4783
712,6,0,11,14,17093460,3577,0,0,4789
713,10,0,12,13,17122020,3576,0,0,4799
714,7,0,12,13,17144520,3576,0,0,4806
715,6,0,10,15,17180940,3577,0,0,4812
716,7,0,14,11,17192340,3578,0,0,4819
717,8,0,11,14,17238060,3579,0,0,4827
718,4,0,10,15,17253420,3578,0,0,4831
719,4,0,8,17,17276940,3579,0,0,4835
720,2,0,6,19,17296920,3580,0,0,4837
721,6,0,11,14,17297820,3579,0,0,4843
722,1,0,6,19,17321940,3580,0,0,4844
723,4,0,8,17,17334720,3581,0,0,4848
724,1,0,4,21,17347260,3580,0,0,4849
725,7,0,8,17,17351400,3579,0,0,4856
726,8,0,10,15,17366220,3577,0,0,4864
727,13,0,15,10,17381340,3574,0,0,4877
728,4,0,13,12,17407860,3575,0,0,4881
729,9,0,10,15,17452680,3576,0,0,4890
730,6,0,13,12,17460180,3575,0,0,4896
731,7,0,12,13,17487900,3575,0,0,4903
732,8,0,15,10,17515500,3577,0,0,4911
733,11,0,17,8,17564940,3581,0,0,4922
734,6,0,14,11,17596440,3580,0,0,4928
735,9,0,11,14,17648760,3582,0,0,4937
736,11,0,13,12,17671140,3580,0,0,4948
737,4,0,12,13,17682960,3579,0,0,4952
738,7,0,13,12,17708220,3580,0,0,4959
739,6,0,12,13,17740320,3581,0,0,4965
740,4,0,7,18,17786580,3584,0,0,4969
741,7,0,10,15,17796720,3583,0,0,4976
742,5,0,8,17,17822700,3583,0,0,4981
743,9,0,12,13,17840580,3583,0,0,4990
744,5,0,12,13,17858760,3583,0,0,4995
745,5,0,8,17,17890080,3583,0,0,5000
746,6,0,7,18,17908440,3582,0,0,5006
747,2,0,6,19,17919360,3582,0,0,5008
748,7,0,12,13,17919960,3581,0,0,5015
749,6,0,9,16,17949720,3581,0,0,5021
750,4,0,6,19,17980500,3582,0,0,5025
751,3,0,9,16,17980500,3582,0,0,5028
752,12,0,15,10,17995980,3581,0,0,5040
753,2,0,10,15,18027300,3582,0,0,5042
754,6,0,8,17,18053760,3582,0,0,5048
755,7,0,10,15,18074400,3582,0,0,5055
756,10,0,16,9,18085320,3581,0,0,5065
757,9,0,14,11,18131820,3583,0,0,5074
758,8,0,14,11,18166680,3584,0,0,5082
759,6,0,12,13,18207660,3587,0,0,5088
760,6,0,13,12,18228600,3587,0,0,5094
761,9,0,13,12,18265440,3588,0,0,5103
762,9,0,15,10,18296760,3589,0,0,5112
763,5,0,10,15,18336960,3590,0,0,5117
764,3,0,8,17,18367200,3592,0,0,5120
765,3,0,7,18,18378720,3592,0,0,5123
766,3,0,8,17,18382260,3591,0,0,5126
767,2,0,7,18,18405720,3594,0,0,5128
768,2,0,6,19,18414420,3593,0,0,5130
769,6,0,9,16,18426660,3594,0,0,5136
770,8,0,13,12,18429840,3591,0,0,5144
771,4,0,8,17,18468720,3593,0,0,5148
772,3,0,9,16,18475140,3592,0,0,5151
773,9,0,9,16,18505260,3592,0,0,5160
774,4,0,9,16,18516900,3592,0,0,5164
775,6,0,8,17,18542820,3592,0,0,5170
776,6,0,10,15,18554100,3591,0,0,5176
777,13,0,14,11,18575340,3589,0,0,5189
778,10,0,15,10,18610260,3589,0,0,5199
779,9,0,16,9,18641340,3590,0,0,5208
780,13,0,16,9,18697740,3592,0,0,5221
781,9,0,16,9,18728220,3591,0,0,5230
782,6,0,12,13,18781920,3595,0,0,5236
783,7,0,8,17,18821940,3595,0,0,5243
784,8,0,10,15,18835080,3593,0,0,5251
785,8,0,11,14,18854760,3592,0,0,5259
786,6,0,11,14,18874740,3592,0,0,5265
787,1,0,5,20,18903540,3593,0,0,5266
788,8,0,8,17,18913800,3591,0,0,5274
789,5,0,6,19,18927660,3589,0,0,5279
790,7,0,12,13,18929940,3589,0,0,5286
791,6,0,10,15,18954540,3588,0,0,5292
792,6,0,8,17,18979620,3587,0,0,5298
793,1,0,4,21,18999840,3588,0,0,5299
794,3,0,6,19,19002960,3588,0,0,5302
795,3,0,6,19,19009860,3587,0,0,5305
796,8,0,12,13,19011360,3586,0,0,5313
797,6,0,12,13,19021620,3584,0,0,5319
798,6,0,9,16,19060200,3585,0,0,5325
799,3,0,8,17,19081920,3586,0,0,5328
800,10,0,13,12,19104660,3587,0,0,5338
801,13,0,17,8,19132560,3586,0,0,5351
802,9,0,18,7,19157160,3586,0,0,5360
803,6,0,11,14,19206720,3586,0,0,5366
804,8,0,11,14,19243740,3588,0,0,5374
805,15,0,14,11,19277580,3586,0,0,5389
806,7,0,10,15,19315080,3586,0,0,5396
807,2,0,11,14,19321860,3586,0,0,5398
808,13,0,15,10,19351980,3586,0,0,5411
809,3,0,12,13,19377360,3587,0,0,5414
810,9,0,13,12,19416960,3589,0,0,5423
811,5,0,11,14,19444620,3589,0,0,5428
812,9,0,12,13,19480440,3590,0,0,5437
813,7,0,10,15,19509900,3590,0,0,5444
814,6,0,11,14,19517880,3588,0,0,5450
815,6,0,9,16,19556280,3590,0,0,5456
816,4,0,7,18,19575420,3589,0,0,5460
817,7,0,10,15,19586640,3589,0,0,5467
818,1,0,7,18,19601520,3589,0,0,5468
819,4,0,8,17,19618140,3590,0,0,5472
820,3,0,6,19,19635180,3590,0,0,5475
821,5,0,9,16,19638780,3589,0,0,5480
822,2,0,6,19,19647600,3587,0,0,5482
823,5,0,6,19,19662540,3587,0,0,5487
824,2,0,7,18,19667520,3587,0,0,5489
825,10,0,11,14,19675620,3585,0,0,5499
826,10,0,10,15,19707480,3583,0,0,5509
827,5,0,13,12,19712400,3583,0,0,5514
828,4,0,10,15,19749780,3585,0,0,5518
829,9,0,12,13,19778820,3586,0,0,5527
830,9,0,13,12,19809180,3586,0,0,5536
831,7,0,10,15,19836960,3585,0,0,5543
832,11,0,14,11,19855320,3583,0,0,5554
833,13,0,18,7,19888980,3584,0,0,5567
834,10,0,15,10,19937940,3584,0,0,5577
835,10,0,15,10,19983300,3586,0,0,5587
836,4,0,10,15,20016120,3586,0,0,5591
837,4,0,8,17,20052000,3589,0,0,5595
838,5,0,11,14,20055120,3588,0,0,5600
839,2,0,6,19,20086380,3589,0,0,5602
840,3,0,7,18,20091720,3589,0,0,5605
841,5,0,10,15,20098980,3589,0,0,5610
842,8,0,10,15,20115480,3586,0,0,5618
843,7,0,11,14,20131620,3585,0,0,5625
844,6,0,12,13,20152020,3586,0,0,5631
845,7,0,12,13,20177820,3586,0,0,5638
846,4,0,7,18,20225640,3589,0,0,5642
847,7,0,11,14,20231400,3588,0,0,5649
848,8,0,14,11,20247900,3588,0,0,5657
849,12,0,15,10,20277840,3586,0,0,5669
850,10,0,13,12,20320740,3586,0,0,5679
851,8,0,10,15,20353980,3585,0,0,5687
852,5,0,10,15,20368980,3584,0,0,5692
853,6,0,10,15,20392680,3585,0,0,5698
854,15,0,17,8,20410440,3583,0,0,5713
855,8,0,15,10,20450640,3584,0,0,5721
856,8,0,11,14,20499420,3585,0,0,5729
857,9,0,11,14,20529000,3584,0,0,5738
858,8,0,9,16,20562600,3584,0,0,5746
859,7,0,9,16,20585580,3583,0,0,5753
860,8,0,9,16,20603400,3581,0,0,5761
861,7,0,10,15,20628840,3582,0,0,5768
862,3,0,10,15,20638020,3582,0,0,5771
863,5,0,8,17,20666820,3583,0,0,5776
864,2,0,5,20,20691420,3584,0,0,5778
865,3,0,6,19,20699100,3584,0,0,5781
866,3,0,7,18,20704140,3583,0,0,5784
867,7,0,11,14,20712300,3583,0,0,5791
868,5,0,6,19,20735340,3581,0,0,5796
869,7,0,7,18,20745300,3579,0,0,5803
870,7,0,9,16,20761560,3578,0,0,5810
871,8,0,14,11,20766060,3577,0,0,5818
872,7,0,9,16,20811060,3578,0,0,5825
873,2,0,7,18,20831280,3579,0,0,5827
874,5,0,8,17,20841540,3578,0,0,5832
875,8,0,10,15,20851320,3576,0,0,5840
876,10,0,10,15,20882220,3575,0,0,5850
877,8,0,10,15,20902440,3574,0,0,5858
878,8,0,12,13,20923560,3574,0,0,5866
879,5,0,13,12,20936700,3574,0,0,5871
880,9,0,15,10,20974560,3576,0,0,5880
881,8,0,9,16,21033600,3577,0,0,5888
882,7,0,10,15,21054060,3577,0,0,5895
883,9,0,14,11,21070560,3577,0,0,5904
884,6,0,13,12,21101460,3578,0,0,5910
885,5,0,11,14,21138900,3580,0,0,5915
886,5,0,10,15,21169740,3582,0,0,5920
887,7,0,13,12,21188820,3582,0,0,5927
888,4,0,9,16,21216420,3582,0,0,5931
889,2,0,7,18,21231360,3582,0,0,5933
890,6,0,9,16,21253080,3583,0,0,5939
891,5,0,10,15,21262740,3583,0,0,5944
892,8,0,12,13,21275640,3581,0,0,5952
893,7,0,11,14,21296760,3580,0,0,5959
894,1,0,7,18,21325380,3582,0,0,5960
895,6,0,9,16,21346140,3583,0,0,5966
896,14,0,18,7,21352920,3581,0,0,5980
897,3,0,13,12,21385800,3582,0,0,5983
898,10,0,9,16,21441420,3583,0,0,5993
899,9,0,13,12,21459900,3583,0,0,6002
900,8,0,14,11,21475800,3581,0,0,6010
901,11,0,10,15,21529980,3581,0,0,6021
902,11,0,15,10,21544620,3580,0,0,6032
903,12,0,17,8,21576060,3579,0,0,6044
904,9,0,15,10,21609900,3578,0,0,6053
905,6,0,11,14,21651840,3580,0,0,6059
906,8,0,14,11,21674640,3580,0,0,6067
907,6,0,12,13,21707400,3581,0,0,6073
908,7,0,13,12,21737160,3582,0,0,6080
909,7,0,10,15,21783960,3584,0,0,6087
910,8,0,11,14,21805020,3583,0,0,6095
911,0,0,6,19,21825960,3584,0,0,6095
912,4,0,7,18,21838560,3584,0,0,6099
913,4,0,6,19,21845880,3583,0,0,6103
914,3,0,7,18,21852000,3582,0,0,6106
915,7,0,10,15,21857160,3581,0,0,6113
916,7,0,12,13,21869520,3580,0,0,6120
917,5,0,10,15,21891660,3579,0,0,6125
918,2,0,5,20,21920400,3580,0,0,6127
919,8,0,11,14,21923880,3579,0,0,6135
920,5,0,9,16,21941280,3578,0,0,6140
921,7,0,9,16,21968100,3579,0,0,6147
922,8,0,11,14,21983160,3577,0,0,6155
923,8,0,12,13,22005240,3577,0,0,6163
924,8,0,9,16,22055400,3579,0,0,6171
925,7,0,11,14,22070100,3578,0,0,6178
926,14,0,18,7,22094100,3578,0,0,6192
927,7,0,13,12,22137780,3578,0,0,6199
928,4,0,8,17,22173480,3579,0,0,6203
929,4,0,6,19,22195200,3579,0,0,6207
930,6,0,8,17,22204680,3578,0,0,6213
931,4,0,8,17,22214580,3577,0,0,6217
932,6,0,11,14,22220040,3576,0,0,6223
933,5,0,12,13,22240200,3577,0,0,6228
934,7,0,12,13,22275780,3579,0,0,6235
935,6,0,13,12,22287300,3578,0,0,6241
936,8,0,11,14,22337580,3580,0,0,6249
937,6,0,11,14,22354920,3580,0,0,6255
938,8,0,9,16,22388880,3579,0,0,6263
939,4,0,8,17,22405320,3579,0,0,6267
940,6,0,8,17,22425300,3579,0,0,6273
941,7,0,8,17,22450980,3579,0,0,6280
942,4,0,9,16,22459080,3579,0,0,6284
943,9,0,12,13,22479840,3579,0,0,6293
944,11,0,12,13,22505820,3576,0,0,6304
945,11,0,17,8,22521120,3575,0,0,6315
946,6,0,15,10,22558020,3577,0,0,6321
947,11,0,20,5,22591320,3579,0,0,6332
948,4,0,8,17,22649940,3579,0,0,6336
949,11,0,12,13,22675500,3579,0,0,6347
950,6,0,12,13,22701300,3580,0,0,6353
951,5,0,10,15,22731240,3580,0,0,6358
952,6,0,9,16,22757400,3581,0,0,6364
953,7,0,12,13,22771920,3581,0,0,6371
954,9,0,14,11,22798200,3581,0,0,6380
955,12,0,16,9,22840620,3582,0,0,6392
956,6,0,15,10,22866480,3582,0,0,6398
957,7,0,12,13,22915860,3584,0,0,6405
958,6,0,13,12,22939200,3585,0,0,6411
959,6,0,12,13,22965240,3585,0,0,6417
960,2,0,8,17,23002200,3587,0,0,6419
961,3,0,8,17,23019600,3588,0,0,6422
962,5,0,11,14,23027820,3589,0,0,6427
963,2,0,7,18,23047920,3588,0,0,6429
964,8,0,10,15,23058480,3587,0,0,6437
965,3,0,7,18,23085840,3588,0,0,6440
966,7,0,10,15,23098080,3588,0,0,6447
967,5,0,10,15,23111580,3587,0,0,6452
968,7,0,13,12,23129880,3588,0,0,6459
969,12,0,16,9,23163360,3588,0,0,6471
970,10,0,15,10,23185920,3585,0,0,6481
971,5,0,9,16,23238420,3587,0,0,6486
972,11,0,13,12,23261160,3587,0,0,6497
973,11,0,19,6,23279400,3587,0,0,6508
974,8,0,14,11,23344080,3590,0,0,6516
975,5,0,13,12,23376720,3591,0,0,6521
976,5,0,9,16,23417580,3593,0,0,6526
977,4,0,10,15,23433780,3594,0,0,6530
978,11,0,14,11,23460180,3594,0,0,6541
979,5,0,8,17,23492580,3593,0,0,6546
980,5,0,9,16,23497140,3591,0,0,6551
981,5,0,9,16,23518800,3592,0,0,6556
982,9,0,11,14,23537640,3591,0,0,6565
983,8,0,11,14,23563140,3590,0,0,6573
984,4,0,8,17,23588040,3590,0,0,6577
985,6,0,8,17,23609640,3590,0,0,6583
986,1,0,7,18,23615220,3590,0,0,6584
987,6,0,10,15,23628720,3590,0,0,6590
988,4,0,8,17,23652780,3591,0,0,6594
989,3,0,10,15,23659920,3591,0,0,6597
990,7,0,11,14,23682540,3592,0,0,6604
991,7,0,11,14,23709000,3592,0,0,6611
992,8,0,14,11,23721840,3591,0,0,6619
993,15,0,13,12,23773260,3590,0,0,6634
994,10,0,16,9,23791260,3589,0,0,6644
995,4,0,8,17,23830980,3589,0,0,6648
996,12,0,14,11,23845860,3588,0,0,6660
997,8,0,13,12,23884140,3588,0,0,6668
998,13,0,16,9,23905320,3586,0,0,6681
999,7,0,12,13,23954100,3588,0,0,6688
1000,8,0,12,13,23981220,3587,0,0,6696
1001,6,0,5,20,24019320,3586,0,0,6702
1002,9,0,12,13,24020880,3585,0,0,6711
1003,5,0,9,16,24047820,3585,0,0,6716
1004,7,0,14,11,24055800,3585,0,0,6723
1005,5,0,13,12,24084600,3586,0,0,6728
1006,7,0,10,15,24131160,3588,0,0,6735
1007,6,0,9,16,24160920,3588,0,0,6741
1008,2,0,8,17,24181020,3590,0,0,6743
1009,4,0,5,20,24204600,3590,0,0,6747
1010,2,0,7,18,24204600,3590,0,0,6749
1011,5,0,10,15,24214020,3590,0,0,6754
1012,3,0,9,16,24226320,3590,0,0,6757
1013,3,0,6,19,24252840,3590,0,0,6760
1014,6,0,10,15,24259740,3590,0,0,6766
1015,9,0,8,17,24286620,3588,0,0,6775
1016,12,0,11,14,24310320,3587,0,0,6787
1017,7,0,11,14,24329880,3586,0,0,6794
1018,13,0,13,12,24371400,3587,0,0,6807
1019,9,0,12,13,24403020,3586,0,0,6816
1020,9,0,11,14,24441000,3586,0,0,6825
1021,6,0,10,15,24461640,3586,0,0,6831
1022,13,0,16,9,24487380,3586,0,0,6844
1023,7,0,16,9,24516840,3586,0,0,6851
1024,9,0,15,10,24563280,3588,0,0,6860
1025,6,0,13,12,24593820,3588,0,0,6866
1026,6,0,11,14,24637980,3591,0,0,6872
1027,6,0,11,14,24661740,3591,0,0,6878
1028,6,0,10,15,24696000,3592,0,0,6884
1029,6,0,9,16,24709500,3590,0,0,6890
1030,7,0,10,15,24738300,3592,0,0,6897
1031,3,0,8,17,24750780,3591,0,0,6900
1032,5,0,9,16,24766200,3591,0,0,6905
1033,7,0,10,15,24787380,3591,0,0,6912
1034,2,0,8,17,24801480,3591,0,0,6914
1035,4,0,7,18,24825060,3592,0,0,6918
1036,2,0,7,18,24830700,3591,0,0,6920
1037,7,0,10,15,24841020,3591,0,0,6927
1038,6,0,9,16,24866220,3591,0,0,6933
1039,8,0,9,16,24884760,3589,0,0,6941
1040,9,0,14,11,24897600,3589,0,0,6950
1041,7,0,14,11,24912540,3588,0,0,6957
1042,13,0,16,9,24967260,3590,0,0,6970
1043,9,0,16,9,24990660,3589,0,0,6979
1044,7,0,14,11,25035480,3590,0,0,6986
1045,8,0,11,14,25082940,3592,0,0,6994
1046,9,0,15,10,25100340,3591,0,0,7003
1047,6,0,11,14,25144140,3593,0,0,7009
1048,15,0,18,7,25176420,3593,0,0,7024
1049,11,0,19,6,25202520,3592,0,0,7035
1050,4,0,9,16,25263960,3593,0,0,7039
1051,7,0,14,11,25272600,3593,0,0,7046
1052,9,0,15,10,25314300,3595,60,0,7055
1053,6,0,13,12,25343280,3595,60,0,7061
1054,5,0,7,18,25398180,3597,60,0,7066
1055,3,0,6,19,25409640,3597,60,0,7069
1056,3,0,8,17,25410420,3597,60,0,7072
1057,2,0,6,19,25429740,3597,60,0,7074
1058,3,0,8,17,25437420,3598,60,0,7077
1059,4,0,10,15,25441860,3598,60,0,7081
1060,5,0,10,15,25461480,3598,60,0,7086
1061,3,0,7,18,25489260,3599,60,0,7089
1062,7,0,8,17,25506900,3598,60,0,7096
1063,8,0,13,12,25515180,3598,60,0,7104
1064,9,0,15,10,25540260,3598,60,0,7113
1065,9,0,14,11,25574400,3597,60,0,7122
1066,8,0,12,13,25613460,3598,60,0,7130
1067,8,0,10,15,25647180,3598,60,0,7138
1068,10,0,9,16,25679520,3597,60,0,7148
1069,8,0,7,18,25700520,3594,60,0,7156
1070,11,0,15,10,25712220,3595,60,0,7167
1071,7,0,12,13,25733520,3593,60,0,7174
1072,11,0,11,14,25781220,3593,60,0,7185
1073,7,0,11,14,25797000,3592,60,0,7192
1074,4,0,9,16,25819440,3592,60,0,7196
1075,6,0,8,17,25851840,3593,60,0,7202
1076,6,0,10,15,25861080,3592,60,0,7208
1077,6,0,8,17,25882800,3591,60,0,7214
1078,3,0,9,16,25895220,3592,60,0,7217
1079,6,0,9,16,25915920,3592,60,0,7223
1080,9,0,12,13,25932540,3591,60,0,7232
1081,2,0,11,14,25940100,3591,60,0,7234
1082,3,0,8,17,25976700,3593,60,0,7237
1083,3,0,7,18,25998900,3594,60,0,7240
1084,1,0,6,19,26016000,3595,60,0,7241
1085,1,0,6,19,26023620,3596,60,0,7242
1086,8,0,9,16,26032260,3595,60,0,7250
1087,9,0,15,10,26042640,3595,60,0,7259
1088,8,0,12,13,26066400,3592,60,0,7267
1089,10,0,12,13,26111400,3594,60,0,7277
1090,11,0,17,8,26124360,3592,60,0,7288
1091,8,0,8,17,26196720,3594,60,0,7296
1092,9,0,10,15,26211180,3593,60,0,7305
1093,11,0,15,10,26224080,3591,60,0,7316
1094,6,0,9,16,26262540,3591,60,0,7322
1095,6,0,10,15,26285880,3591,60,0,7328
1096,6,0,10,15,26305620,3591,60,0,7334
1097,8,0,10,15,26328840,3590,60,0,7342
1098,8,0,14,11,26343420,3590,60,0,7350
1099,6,0,9,16,26387160,3591,60,0,7356
1100,5,0,10,15,26398500,3591,60,0,7361
1101,10,0,14,11,26407920,3589,60,0,7371
1102,8,0,16,9,26434320,3590,60,0,7379
1103,6,0,13,12,26483280,3592,60,0,7385
1104,7,0,10,15,26521740,3592,60,0,7392
1105,2,0,6,19,26548200,3593,60,0,7394
1106,0,0,4,21,26557980,3593,60,0,7394
1107,4,0,6,19,26561220,3593,60,0,7398
1108,4,0,8,17,26565180,3592,60,0,7402
1109,5,0,7,18,26581200,3592,60,0,7407
1110,5,0,9,16,26593800,3592,60,0,7412
1111,4,0,8,17,26613660,3592,60,0,7416
1112,8,0,14,11,26621340,3592,60,0,7424
1113,11,0,16,9,26653320,3592,60,0,7435
1114,15,0,23,2,26682360,3592,60,0,7450
1115,6,0,15,10,26733900,3592,60,0,7456
1116,9,0,12,13,26792100,3594,60,0,7465
1117,9,0,15,10,26807880,3594,60,0,7474
1118,5,0,11,14,26849040,3595,60,0,7479
1119,3,0,9,16,26876700,3596,60,0,7482
1120,10,0,15,10,26893740,3596,60,0,7492
1121,6,0,11,14,26936340,3597,60,0,7498
1122,7,0,9,16,26971260,3598,60,0,7505
1123,9,0,10,15,26988900,3596,60,0,7514
1124,4,0,9,16,27008640,3596,60,0,7518
1125,4,0,9,16,27024060,3596,60,0,7522
1126,2,0,8,17,27039660,3597,60,0,7524
1127,5,0,9,16,27058560,3598,60,0,7529
1128,7,0,12,13,27073680,3598,60,0,7536
1129,5,0,8,17,27105180,3598,60,0,7541
1130,4,0,5,20,27126060,3597,60,0,7545
1131,3,0,6,19,27128160,3596,60,0,7548
1132,6,0,11,14,27128940,3596,60,0,7554
1133,3,0,10,15,27142200,3596,60,0,7557
1134,4,0,8,17,27165420,3596,60,0,7561
1135,7,0,9,16,27196440,3597,60,0,7568
1136,8,0,13,12,27211740,3598,60,0,7576
1137,11,0,14,11,27238920,3596,60,0,7587
1138,10,0,19,6,27258420,3597,60,0,7597
1139,6,0,11,14,27318720,3598,60,0,7603
1140,10,0,14,11,27343500,3598,60,0,7613
1141,6,0,14,11,27366780,3598,60,0,7619
1142,13,0,12,13,27415380,3597,60,0,7632
1143,11,0,18,7,27431220,3597,60,0,7643
1144,9,0,15,10,27481620,3598,60,0,7652
1145,6,0,14,11,27522360,3600,60,0,7658
1146,8,0,10,15,27559980,3599,60,0,7666
1147,6,0,10,15,27581040,3599,60,0,7672
1148,9,0,14,11,27592620,3598,60,0,7681
1149,4,0,9,16,27633120,3599,60,0,7685
1150,5,0,9,16,27651600,3600,60,0,7690
1151,5,0,9,16,27676740,3600,60,0,7695
1152,4,0,10,15,27687600,3600,60,0,7699
1153,7,0,12,13,27709200,3601,60,0,7706
1154,1,0,9,16,27731760,3602,60,0,7707
1155,2,0,5,20,27758160,3603,60,0,7709
1156,3,0,6,19,27759780,3602,60,0,7712
1157,10,0,12,13,27768120,3601,60,0,7722
1158,4,0,9,16,27790140,3601,60,0,7726
1159,10,0,11,14,27813840,3600,60,0,7736
1160,7,0,12,13,27838020,3600,60,0,7743
1161,7,0,14,11,27851520,3600,60,0,7750
1162,8,0,10,15,27898620,3600,60,0,7758
1163,9,0,13,12,27922920,3601,60,0,7767
1164,10,0,16,9,27953400,3601,60,0,7777
1165,12,1,16,9,27994740,3601,60,0,7789
1166,6,0,13,12,28043700,3603,1020,0,7795
1167,11,0,16,9,28076040,3604,1020,0,7806
1168,8,0,9,16,28119540,3602,1020,0,7814
1169,12,0,13,12,28131480,3600,1020,0,7826
1170,2,0,8,17,28165560,3601,1020,0,7828
1171,7,0,10,15,28185960,3602,1020,0,7835
1172,9,0,12,13,28202160,3600,1020,0,7844
1173,5,0,10,15,28220040,3599,1020,0,7849
1174,8,0,12,13,28245900,3600,1020,0,7857
1175,1,0,5,20,28288200,3602,1020,0,7858
1176,4,0,7,18,28291200,3601,1020,0,7862
1177,3,0,8,17,28300380,3601,1020,0,7865
1178,6,0,10,15,28312560,3601,1020,0,7871
1179,7,0,14,11,28327140,3602,1020,0,7878
1180,3,0,9,16,28361640,3602,1020,0,7881
1181,4,0,7,18,28390260,3603,1020,0,7885
1182,13,0,14,11,28409100,3603,1020,0,7898
1183,3,0,8,17,28438140,3602,1020,0,7901
1184,3,0,5,20,28462080,3603,1020,0,7904
1185,2,0,7,18,28462080,3603,1020,0,7906
1186,9,0,10,15,28470900,3601,1020,0,7915
1187,8,0,12,13,28490220,3601,1020,0,7923
1188,12,0,13,12,28519500,3600,1020,0,7935
1189,10,0,11,14,28558500,3599,1020,0,7945
1190,10,0,17,8,28573680,3599,1020,0,7955
1191,9,0,14,11,28617660,3599,1020,0,7964
1192,11,0,13,12,28664880,3600,1020,0,7975
1193,5,0,13,12,28684800,3600,1020,0,7980
1194,3,0,9,16,28717920,3601,1020,0,7983
1195,7,0,6,19,28748460,3600,1020,0,7990
1196,9,0,11,14,28762620,3600,1020,0,7999
1197,4,0,8,17,28783680,3600,1020,0,8003
1198,2,0,6,19,28795860,3599,1020,0,8005
1199,4,0,7,18,28810560,3600,1020,0,8009
1200,10,0,12,13,28823760,3599,1020,0,8019
1201,5,0,10,15,28849080,3599,1020,0,8024
1202,3,0,7,18,28863180,3598,1020,0,8027
1203,6,0,9,16,28882440,3599,1020,0,8033
1204,9,0,11,14,28900200,3598,1020,0,8042
1205,5,0,12,13,28915380,3598,1020,0,8047
1206,8,0,11,14,28963500,3600,1020,0,8055
1207,8,0,14,11,28975620,3599,1020,0,8063
1208,3,0,9,16,29022120,3602,1020,0,8066
1209,8,0,11,14,29043480,3602,1020,0,8074
1210,10,0,15,10,29069280,3602,1020,0,8084
1211,11,0,11,14,29110680,3601,1020,0,8095
1212,6,0,10,15,29131200,3600,1020,0,8101
1213,9,0,12,13,29150580,3599,1020,0,8110
1214,10,0,14,11,29174760,3599,1020,0,8120
1215,15,0,19,6,29200020,3597,1020,0,8135
1216,8,0,16,9,29256360,3599,1020,0,8143
1217,5,0,11,14,29300760,3600,1020,0,8148
1218,11,0,10,15,29329020,3599,1020,0,8159
1219,7,0,11,14,29348640,3598,1020,0,8166
1220,8,0,12,13,29370660,3598,1020,0,8174
1221,5,0,12,13,29386380,3598,1020,0,8179
1222,2,0,9,16,29430480,3601,1020,0,8181
1223,7,0,9,16,29456400,3601,1020,0,8188
1224,5,0,7,18,29469480,3599,1020,0,8193
1225,7,0,10,15,29480880,3599,1020,0,8200
1226,6,0,9,16,29496060,3598,1020,0,8206
1227,3,0,9,16,29506500,3598,1020,0,8209
1228,5,0,7,18,29535360,3598,1020,0,8214
1229,3,0,6,19,29548860,3598,1020,0,8217
1230,7,0,13,12,29548860,3598,1020,0,8224
1231,5,0,12,13,29576460,3599,1020,0,8229
1232,5,0,7,18,29619600,3600,1020,0,8234
1233,12,0,14,11,29634900,3599,1020,0,8246
1234,7,0,14,11,29653980,3599,1020,0,8253
1235,9,0,12,13,29687340,3598,1020,0,8262
1236,8,0,12,13,29712240,3597,1020,0,8270
1237,9,0,16,9,29743440,3599,1020,0,8279
1238,7,0,10,15,29783520,3598,1020,0,8286
1239,7,0,10,15,29813400,3599,1020,0,8293
1240,12,0,14,11,29840400,3599,1020,0,8305
1241,12,0,13,12,29878200,3598,1020,0,8317
1242,8,0,12,13,29911560,3598,1020,0,8325
1243,5,0,12,13,29936160,3598,1020,0,8330
1244,3,0,10,15,29961180,3599,1020,0,8333
1245,5,0,10,15,29985240,3600,1020,0,8338
1246,2,0,5,20,30024240,3602,1020,0,8340
1247,6,0,8,17,30032580,3601,1020,0,8346
1248,4,0,8,17,30048780,3602,1020,0,8350
1249,3,0,9,16,30054480,3601,1020,0,8353
1250,2,0,7,18,30072840,3602,1020,0,8355
1251,2,0,6,19,30091500,3603,1020,0,8357
1252,11,0,12,13,30099900,3602,1020,0,8368
1253,7,0,12,13,30125640,3602,1020,0,8375
1254,9,0,11,14,30154500,3601,1020,0,8384
1255,6,0,11,14,30174060,3601,1020,0,8390
1256,8,0,13,12,30199320,3601,1020,0,8398
1257,4,0,8,17,30226860,3601,1020,0,8402
1258,14,0,12,13,30251280,3599,1020,0,8416
1259,5,0,12,13,30268200,3599,1020,0,8421
1260,13,0,12,13,30313620,3599,1020,0,8434
1261,8,0,13,12,30340620,3599,1020,0,8442
1262,5,0,10,15,30370080,3599,1020,0,8447
1263,11,0,14,11,30392880,3599,1020,0,8458
1264,8,0,15,10,30416040,3599,1020,0,8466
1265,6,0,9,16,30452700,3598,1020,0,8472
1266,4,0,10,15,30473820,3599,1020,0,8476
1267,5,0,9,16,30491580,3599,1020,0,8481
1268,4,0,8,17,30519060,3600,1020,0,8485
1269,3,0,10,15,30525360,3600,1020,0,8488
1270,6,0,9,16,30554400,3600,1020,0,8494
1271,3,0,8,17,30562920,3600,1020,0,8497
1272,5,0,7,18,30592200,3601,1020,0,8502
1273,5,0,10,15,30597480,3600,1020,0,8507
1274,4,0,10,15,30616680,3601,1020,0,8511
1275,5,0,7,18,30647880,3601,1020,0,8516
1276,7,0,10,15,30659160,3601,1020,0,8523
1277,6,0,9,16,30676920,3600,1020,0,8529
1278,3,0,8,17,30696660,3601,1020,0,8532
1279,4,0,6,19,30724980,3601,1020,0,8536
1280,8,0,10,15,30728640,3600,1020,0,8544
1281,9,0,12,13,30751920,3600,1020,0,8553
1282,7,0,10,15,30787020,3600,1020,0,8560
1283,11,0,13,12,30808380,3599,1020,0,8571
1284,8,0,13,12,30835860,3599,1020,0,8579
1285,7,0,12,13,30873120,3600,1020,0,8586
1286,10,0,14,11,30901920,3600,1020,0,8596
1287,9,0,14,11,30929220,3600,1020,0,8605
1288,6,0,13,12,30958920,3600,1020,0,8611
1289,9,0,13,12,31006140,3602,1020,0,8620
1290,8,0,12,13,31028580,3601,1020,0,8628
1291,15,0,13,12,31081380,3601,1020,0,8643
1292,8,0,11,14,31111620,3600,1020,0,8651
1293,2,0,9,16,31134180,3601,1020,0,8653
1294,4,0,9,16,31157040,3602,1020,0,8657
1295,7,0,9,16,31184940,3603,1020,0,8664
1296,3,0,8,17,31198200,3602,1020,0,8667
1297,3,0,7,18,31213020,3603,1020,0,8670
1298,3,0,7,18,31225140,3603,1020,0,8673
1299,5,0,8,17,31234620,3602,1020,0,8678
1300,3,0,9,16,31246140,3603,1020,0,8681
1301,7,0,12,13,31255500,3602,1020,0,8688
1302,5,0,12,13,31275780,3602,1020,0,8693
1303,4,0,9,16,31304280,3603,1020,0,8697
1304,9,0,14,11,31322580,3603,1020,0,8706
1305,8,0,11,14,31364340,3603,1020,0,8714
1306,11,0,15,10,31383780,3603,1020,0,8725
1307,3,0,9,16,31422840,3603,1020,0,8728
1308,9,0,10,15,31449840,3603,1020,0,8737
1309,11,0,13,12,31480320,3603,1020,0,8748
1310,9,0,12,13,31525680,3604,1020,0,8757
1311,8,0,14,11,31548540,3605,1020,0,8765
1312,11,0,14,11,31583460,3604,1020,0,8776
1313,7,0,9,16,31631940,3605,1020,0,8783
1314,14,0,14,11,31654260,3604,1020,0,8797
1315,7,0,11,14,31685520,3603,1020,0,8804
1316,5,0,11,14,31706220,3603,1020,0,8809
1317,5,0,9,16,31738860,3604,1020,0,8814
1318,4,0,10,15,31753260,3605,1020,0,8818
1319,3,0,8,17,31779480,3605,1020,0,8821
1320,6,0,8,17,31798500,3605,1020,0,8827
1321,3,0,6,19,31814820,3605,1020,0,8830
1322,6,0,10,15,31821780,3605,1020,0,8836
1323,2,0,7,18,31846620,3606,1020,0,8838
1324,3,0,7,18,31857480,3606,1020,0,8841
1325,6,0,7,18,31882500,3606,1020,0,8847
1326,7,0,9,16,31893720,3605,1020,0,8854
1327,4,0,8,17,31906500,3605,1020,0,8858
1328,7,0,13,12,31908840,3604,1020,0,8865
1329,11,0,17,8,31938660,3605,1020,0,8876
1330,7,0,13,12,31971900,3604,1020,0,8883
1331,11,0,15,10,32008080,3604,1020,0,8894
1332,8,0,12,13,32041860,3604,1020,0,8902
1333,5,0,9,16,32072040,3604,1020,0,8907
1334,11,0,13,12,32087520,3603,1020,0,8918
1335,8,0,12,13,32120700,3603,1020,0,8926
1336,3,0,9,16,32148600,3604,1020,0,8929
1337,7,0,8,17,32181180,3604,1020,0,8936
1338,5,0,10,15,32185260,3603,1020,0,8941
1339,4,0,9,16,32206260,3604,1020,0,8945
1340,5,0,8,17,32235180,3604,1020,0,8950
1341,3,0,6,19,32247780,3604,1020,0,8953
1342,2,0,7,18,32248560,3603,1020,0,8955
1343,3,0,6,19,32264760,3604,1020,0,8958
1344,2,0,8,17,32264760,3604,1020,0,8960
1345,7,0,11,14,32267820,3602,1020,0,8967
1346,4,0,11,14,32280540,3602,1020,0,8971
1347,2,0,12,13,32287380,3603,1020,0,8973
1348,7,0,15,10,32308920,3603,1020,0,8980
1349,8,0,13,12,32331480,3602,1020,0,8988
1350,8,0,14,11,32354340,3602,1020,0,8996
1351,5,0,14,11,32374260,3602,1020,0,9001
1352,5,0,11,14,32405820,3602,1020,0,9006
1353,1,0,8,17,32422500,3602,1020,0,9007
1354,9,0,13,12,32426700,3601,1020,0,9016
1355,9,0,16,9,32434560,3600,1020,0,9025
1356,7,0,14,11,32455080,3598,1020,0,9032
1357,9,0,15,10,32484180,3598,1260,0,9041
1358,17,9,16,9,32514000,3599,6420,0,9058
1359,8,13,16,9,32543460,3601,18660,2,9066
1360,16,18,23,2,32571540,3602,35280,3,9082
1361,11,8,25,0,32641860,3602,125820,13,9093
1362,11,0,20,5,32694060,3599,182100,20,9104
1363,9,0,16,9,32737320,3598,182100,19,9113
1364,8,0,13,12,32782020,3599,182100,19,9121
1365,7,0,10,15,32801340,3597,182100,19,9128
1366,8,0,15,10,32815020,3597,182100,19,9136
1367,4,0,11,14,32834160,3596,182100,19,9140
1368,5,0,10,15,32850660,3596,182100,19,9145
1369,3,0,12,13,32858460,3596,182100,19,9148
1370,5,0,12,13,32882160,3597,182100,19,9153
1371,5,0,12,13,32899200,3597,182100,19,9158
1372,4,0,11,14,32915100,3596,182100,19,9162
1373,7,0,10,15,32942280,3596,182100,19,9169
1374,6,0,12,13,32949000,3595,182100,19,9175
1375,5,0,9,16,32979360,3596,182100,19,9180
1376,8,0,10,15,32993700,3594,182100,19,9188
1377,9,0,15,10,32999760,3593,182100,19,9197
1378,10,0,17,8,33025800,3593,182100,19,9207
1379,8,0,13,12,33063300,3593,182100,19,9215
1380,12,0,17,8,33090840,3592,182100,19,9227
1381,7,0,16,9,33111540,3592,182100,19,9234
1382,12,0,14,11,33170280,3592,182100,19,9246
1383,10,0,15,10,33200640,3592,182100,19,9256
1384,8,0,17,8,33220380,3592,182100,19,9264
1385,12,0,18,7,33258060,3592,182100,19,9276
1386,8,0,16,9,33303180,3593,182100,19,9284
1387,11,0,13,12,33352680,3593,182100,19,9295
1388,5,0,13,12,33370740,3593,182100,19,9300
1389,8,0,16,9,33397440,3594,182100,19,9308
1390,3,0,12,13,33424920,3594,182100,19,9311
1391,5,0,11,14,33451320,3594,182100,19,9316
1392,2,0,9,16,33468720,3595,182100,19,9318
1393,4,0,12,13,33471840,3595,182100,19,9322
1394,7,0,11,14,33490680,3594,182100,19,9329
1395,8,0,13,12,33503400,3593,182100,19,9337
1396,4,0,13,12,33514980,3592,182100,19,9341
1397,3,0,9,16,33535560,3592,182100,19,9344
1398,6,0,12,13,33549960,3592,182100,19,9350
1399,5,0,12,13,33572220,3593,182100,19,9355
1400,7,0,12,13,33588780,3592,182100,19,9362
1401,8,0,15,10,33604440,3592,182100,19,9370
1402,8,0,12,13,33644700,3592,182100,19,9378
1403,8,0,15,10,33656160,3591,182100,19,9386
1404,8,0,15,10,33674760,3590,182100,19,9394
1405,5,0,13,12,33713700,3591,182100,19,9399
1406,12,0,18,7,33742080,3592,182100,19,9411
1407,5,0,15,10,33764700,3591,183180,19,9416
1408,5,0,11,14,33801900,3592,183180,19,9421
1409,7,0,13,12,33817080,3591,183180,19,9428
1410,7,0,13,12,33841020,3591,183180,19,9435
1411,8,0,14,11,33856620,3590,183180,19,9443
1412,4,0,12,13,33866880,3589,183180,19,9447
1413,7,0,14,11,33883740,3589,183180,19,9454
1414,4,0,12,13,33903540,3589,183180,19,9458
1415,3,0,10,15,33933180,3590,183180,19,9461
1416,4,0,11,14,33942060,3590,183180,19,9465
1417,5,0,11,14,33959700,3590,183180,19,9470
1418,2,0,9,16,33973920,3590,183180,19,9472
1419,4,0,11,14,33983640,3590,183180,19,9476
1420,8,0,12,13,33993180,3588,183180,19,9484
1421,3,0,12,13,34005720,3588,183180,19,9487
1422,6,0,13,12,34023900,3589,183180,19,9493
1423,2,0,10,15,34041420,3588,183180,19,9495
1424,4,0,12,13,34045740,3588,183180,19,9499
1425,6,0,12,13,34076700,3589,183180,19,9505
1426,9,0,17,8,34090860,3589,183180,19,9514
1427,10,0,15,10,34123560,3588,183180,19,9524
1428,4,0,12,13,34150800,3588,183180,19,9528
1429,8,0,13,12,34179240,3589,183180,19,9536
1430,9,0,14,11,34199700,3588,183180,19,9545
1431,9,0,17,8,34221900,3588,183180,19,9554
1432,7,0,13,12,34256700,3587,183180,19,9561
1433,10,0,17,8,34287660,3588,183180,19,9571
1434,8,0,16,9,34314240,3588,183180,19,9579
1435,2,0,12,13,34344720,3589,183180,19,9581
1436,9,0,16,9,34373700,3590,183180,19,9590
1437,6,0,15,10,34397520,3590,183180,19,9596
1438,7,0,12,13,34437300,3590,183180,19,9603
1439,8,0,14,11,34459200,3590,183180,19,9611
1440,4,0,11,14,34484700,3590,183180,19,9615
1441,2,0,8,17,34501440,3590,183180,19,9617
1442,6,0,12,13,34508760,3590,183180,19,9623
1443,9,0,17,8,34517820,3589,183180,19,9632
1444,9,0,21,4,34542420,3590,183180,19,9641
1445,7,0,14,11,34603740,3591,183180,18,9648
1446,8,0,14,11,34638360,3592,183180,18,9656
1447,10,0,17,8,34653420,3591,183180,18,9666
1448,6,0,14,11,34692300,3592,183180,18,9672
1449,8,0,17,8,34707480,3591,183180,18,9680
1450,10,0,15,10,34750620,3591,183180,18,9690
1451,15,0,21,4,34766520,3590,183180,18,9705
1452,11,0,21,4,34813560,3590,183180,18,9716
1453,14,0,16,9,34890900,3591,183180,18,9730
1454,9,0,10,15,34929060,3590,183180,18,9739
1455,6,0,10,15,34936380,3588,183180,18,9745
1456,8,0,12,13,34946160,3587,183180,18,9753
1457,8,0,13,12,34961760,3586,183180,18,9761
1458,10,0,16,9,34990080,3586,183180,18,9771
1459,10,0,17,8,35016540,3586,183180,18,9781
1460,6,0,17,8,35034120,3585,183180,18,9787
1461,5,0,9,16,35078220,3585,183180,18,9792
1462,4,0,9,16,35088960,3585,183180,18,9796
1463,6,0,10,15,35106060,3585,183180,18,9802
1464,5,0,12,13,35115600,3585,183180,18,9807
1465,4,0,12,13,35134380,3585,183180,18,9811
1466,3,0,9,16,35154480,3585,183180,18,9814
1467,7,0,16,9,35154480,3585,183180,18,9821
1468,8,0,15,10,35183700,3585,183180,18,9829
1469,11,0,15,10,35220540,3584,183180,18,9840
1470,8,2,15,10,35242860,3584,184020,18,9848
1471,1,0,14,11,35270340,3586,187140,19,9849
1472,8,0,13,12,35305260,3586,187140,18,9857
1473,8,0,16,9,35317740,3585,187140,18,9865
1474,13,0,19,6,35359200,3586,187140,18,9878
1475,6,0,21,4,35376840,3586,187140,18,9884
1476,10,0,16,9,35442600,3588,187140,18,9894
1477,8,0,13,12,35480100,3587,187140,18,9902
1478,12,0,20,5,35497440,3587,187140,18,9914
1479,4,0,15,10,35526180,3587,187140,18,9918
1480,8,0,16,9,35550780,3587,187140,18,9926
1481,11,5,16,9,35578500,3587,189240,19,9937
1482,4,7,14,11,35609280,3589,193620,19,9941
1483,7,5,19,6,35640660,3591,222180,22,9948
1484,8,0,16,9,35683500,3589,242220,24,9956
1485,6,0,12,13,35724300,3590,242220,24,9962
1486,7,0,12,13,35757300,3591,242220,24,9969
1487,3,0,10,15,35773980,3591,242220,24,9972
1488,3,0,9,16,35786760,3590,242220,24,9975
1489,4,0,13,12,35786760,3590,242220,24,9979
1490,6,0,11,14,35817000,3591,242220,24,9985
1491,3,0,11,14,35826300,3590,242220,24,9988
1492,1,0,9,16,35847120,3591,242220,24,9989
1493,3,0,10,15,35854680,3591,242220,24,9992
1494,9,0,15,10,35860680,3591,242220,24,10001
1495,5,0,16,9,35870760,3590,242220,24,10006
1496,10,1,20,5,35897760,3591,242220,24,10016
1497,7,0,16,9,35952300,3592,243000,24,10023
1498,5,0,16,9,35973240,3593,243000,24,10028
1499,10,0,17,8,36006660,3593,243000,24,10038
1500,12,0,19,6,36042060,3593,243000,24,10050
1501,10,0,15,10,36079500,3591,243000,24,10060
1502,9,0,15,10,36127080,3593,243000,24,10069
1503,9,0,19,6,36136080,3592,243000,24,10078
1504,5,0,16,9,36162900,3592,243000,24,10083
1505,6,0,17,8,36194040,3593,243000,24,10089
1506,8,0,14,11,36235620,3593,243000,24,10097
1507,11,0,17,8,36256200,3592,243000,24,10108
1508,5,0,12,13,36303060,3594,243000,24,10113
1509,6,0,11,14,36321960,3593,243000,24,10119
1510,4,0,10,15,36340080,3593,243000,24,10123
1511,4,0,13,12,36340740,3593,243000,23,10127
1512,6,0,11,14,36369540,3593,243000,23,10133
1513,3,0,11,14,36376920,3592,243000,23,10136
1514,4,0,11,14,36389700,3592,243000,23,10140
1515,2,0,9,16,36404220,3592,243000,23,10142
1516,5,0,11,14,36413580,3592,243000,23,10147
1517,5,0,13,12,36425760,3592,243000,23,10152
1518,8,0,13,12,36444780,3591,243000,23,10160
1519,4,0,10,15,36473880,3592,243000,23,10164
1520,8,0,11,14,36489900,3591,243000,23,10172
1521,8,0,13,12,36506280,3590,243000,23,10180
1522,7,0,15,10,36522780,3590,243000,23,10187
1523,9,0,17,8,36550440,3590,243000,23,10196
1524,9,0,18,7,36577980,3590,243000,23,10205
1525,7,0,19,6,36604680,3591,243000,23,10212
1526,11,0,19,6,36659820,3592,243000,23,10223
1527,8,0,15,10,36712260,3593,243000,23,10231
1528,7,0,15,10,36738300,3593,243000,23,10238
1529,7,0,14,11,36774540,3594,243000,23,10245
1530,12,0,18,7,36796920,3593,243000,23,10257
1531,8,0,16,9,36834780,3593,243000,23,10265
1532,12,0,17,8,36874320,3593,243000,23,10277
1533,3,0,13,12,36908280,3594,243000,23,10280
1534,2,0,11,14,36932880,3595,243000,23,10282
1535,6,0,13,12,36955320,3596,243000,23,10288
1536,5,0,13,12,36971940,3596,243000,23,10293
1537,3,0,9,16,37001760,3596,243000,23,10296
1538,10,0,17,8,37006440,3596,243000,23,10306
1539,3,0,15,10,37031220,3597,243000,23,10309
1540,6,0,11,14,37074000,3598,243000,23,10315
1541,6,0,14,11,37079160,3597,243000,23,10321
1542,3,0,9,16,37113540,3598,243000,23,10324
1543,6,0,12,13,37124880,3598,243000,23,10330
1544,7,0,14,11,37132380,3597,243000,23,10337
1545,4,0,12,13,37157220,3597,243000,23,10341
1546,9,0,15,10,37172280,3596,243000,23,10350
1547,5,0,14,11,37194300,3596,243000,23,10355
1548,7,0,16,9,37219920,3597,243000,23,10362
1549,12,0,19,6,37249380,3597,243000,23,10374
1550,8,0,16,9,37296900,3598,243000,23,10382
1551,7,0,17,8,37332000,3599,243000,23,10389
1552,8,0,16,9,37362120,3599,243000,23,10397
1553,15,0,20,5,37406280,3599,243000,23,10412
1554,7,0,16,9,37435860,3598,243000,23,10419
1555,6,0,12,13,37473240,3598,243000,23,10425
1556,2,0,11,14,37486860,3598,243000,23,10427
1557,5,0,11,14,37510440,3599,243000,23,10432
1558,5,0,14,11,37519500,3599,243000,23,10437
1559,2,0,11,14,37539720,3599,243000,23,10439
1560,7,0,12,13,37566780,3600,243000,23,10446
1561,7,0,14,11,37573740,3599,243000,23,10453
1562,5,0,14,11,37588920,3599,243000,23,10458
1563,2,0,10,15,37623360,3600,243000,23,10460
1564,8,0,11,14,37640820,3599,243000,23,10468
1565,5,0,11,14,37648860,3598,243000,23,10473
1566,12,0,15,10,37666800,3597,243000,23,10485
1567,6,0,15,10,37686000,3597,243000,23,10491
1568,5,0,13,12,37712700,3597,243000,23,10496
1569,6,0,16,9,37728240,3597,243000,23,10502
1570,11,0,18,7,37764060,3598,243000,23,10513
1571,9,0,16,9,37799280,3597,243000,23,10522
1572,12,0,17,8,37833900,3597,243000,23,10534
1573,16,0,20,5,37861920,3595,243000,23,10550
1574,9,0,15,10,37916460,3596,243000,23,10559
1575,8,0,16,9,37943880,3596,243000,22,10567
1576,11,0,16,9,37986780,3596,244680,23,10578
1577,6,0,14,11,38020080,3596,244680,23,10584
1578,7,0,16,9,38042880,3597,244680,23,10591
1579,13,0,18,7,38084040,3597,244680,23,10604
1580,4,0,13,12,38107200,3596,244680,23,10608
1581,6,0,14,11,38135220,3597,244680,23,10614
1582,4,0,11,14,38166360,3598,244680,23,10618
1583,6,0,8,17,38190480,3597,244680,23,10624
1584,4,0,11,14,38191140,3597,244680,23,10628
1585,3,0,10,15,38207820,3597,244680,23,10631
1586,3,0,12,13,38213700,3597,244680,23,10634
1587,3,0,9,16,38234820,3597,244680,23,10637
1588,5,0,10,15,38247300,3597,244680,22,10642
1589,9,0,13,12,38259120,3596,244680,22,10651
1590,4,0,10,15,38279340,3595,244680,22,10655
1591,3,0,10,15,38295060,3596,244680,22,10658
1592,7,0,10,15,38308620,3595,244680,22,10665
1593,10,0,14,11,38318520,3594,244680,22,10675
1594,9,0,16,9,38334780,3593,244680,22,10684
1595,16,4,21,4,38357880,3593,244980,22,10700
1596,6,0,22,3,38405460,3594,257640,24,10706
1597,5,0,14,11,38460360,3595,257640,24,10711
1598,12,0,19,6,38498280,3596,257640,24,10723
1599,6,0,13,12,38526840,3595,257640,24,10729
1600,5,0,13,12,38551380,3595,257640,24,10734
1601,11,0,18,7,38581500,3596,257640,23,10745
1602,7,0,15,10,38611620,3596,257640,23,10752
1603,7,0,16,9,38641860,3596,257640,23,10759
1604,3,0,12,13,38671140,3597,257640,23,10762
1605,10,0,15,10,38698260,3597,257640,23,10772
1606,9,0,13,12,38725740,3596,257640,23,10781
1607,5,0,12,13,38746620,3596,257640,23,10786
1608,4,0,12,13,38761020,3596,257640,23,10790
1609,7,0,13,12,38784000,3596,257640,23,10797
1610,3,0,14,11,38791320,3596,257640,23,10800
1611,5,0,13,12,38821260,3597,257640,23,10805
1612,6,0,16,9,38831160,3597,257640,23,10811
1613,5,0,14,11,38864280,3597,257640,23,10816
1614,7,0,13,12,38896320,3598,257640,23,10823
1615,11,0,15,10,38922960,3597,257640,23,10834
1616,5,0,13,12,38953800,3598,257640,23,10839
1617,8,0,14,11,38973300,3597,257640,23,10847
1618,6,0,15,10,38992620,3597,257640,23,10853
1619,8,0,13,12,39026700,3597,257640,23,10861
1620,11,0,16,9,39046980,3596,257640,23,10872
1621,7,0,17,8,39062640,3596,257640,23,10879
1622,9,0,15,10,39092280,3595,257640,23,10888
1623,7,2,19,6,39098400,3595,257700,23,10895
1624,6,0,16,9,39156480,3597,260040,23,10901
1625,9,0,16,9,39197760,3598,260040,23,10910
1626,9,0,15,10,39224160,3597,260040,23,10919
1627,6,0,17,8,39235800,3596,260040,23,10925
1628,7,0,14,11,39287100,3598,260040,23,10932
1629,5,0,14,11,39306420,3598,260040,23,10937
1630,6,0,17,8,39318780,3598,260040,23,10943
1631,3,0,12,13,39362700,3600,260040,23,10946
1632,5,0,11,14,39389820,3600,260040,23,10951
1633,4,0,7,18,39419700,3600,260040,23,10955
1634,7,0,14,11,39419700,3600,260040,23,10962
1635,6,0,14,11,39434640,3600,260040,23,10968
1636,6,0,11,14,39466680,3599,260040,23,10974
1637,2,0,10,15,39475380,3599,260040,23,10976
1638,7,0,13,12,39496920,3600,260040,23,10983
1639,5,0,13,12,39507600,3599,260040,23,10988
1640,8,0,15,10,39534000,3600,260040,23,10996
1641,11,4,16,9,39550560,3599,260820,23,11007
1642,9,6,15,10,39584220,3600,271920,24,11016
1643,13,12,17,8,39620820,3601,285060,25,11029
1644,8,6,25,0,39642840,3601,322980,29,11037
1645,15,0,22,3,39699120,3599,368640,33,11052
1646,11,0,17,8,39767400,3600,368640,33,11063
1647,9,0,17,8,39802320,3600,368640,33,11072
1648,7,0,19,6,39821820,3600,368640,33,11079
1649,8,0,15,10,39864900,3600,368640,33,11087
1650,8,0,14,11,39913380,3601,368640,33,11095
1651,4,0,12,13,39931920,3601,368640,33,11099
1652,4,0,8,17,39965820,3602,368640,33,11103
1653,3,0,9,16,39970260,3601,368640,33,11106
1654,1,0,8,17,39978180,3601,368640,33,11107
1655,8,0,13,12,39982080,3601,368640,33,11115
1656,3,0,13,12,39991740,3601,368640,33,11118
1657,4,0,12,13,40015500,3601,368640,33,11122
1658,4,0,13,12,40025760,3601,368640,33,11126
1659,3,0,11,14,40046040,3601,368640,33,11129
1660,4,0,12,13,40064280,3602,368640,33,11133
1661,5,0,12,13,40085400,3602,368640,33,11138
1662,4,0,13,12,40092300,3602,368640,33,11142
1663,10,0,17,8,40116720,3602,368640,33,11152
1664,5,0,14,11,40143960,3602,368640,33,11157
1665,9,0,20,5,40160640,3603,368640,33,11166
1666,3,0,13,12,40201920,3603,368640,33,11169
1667,8,0,13,12,40241520,3604,368640,32,11177
1668,6,0,15,10,40254960,3604,368640,32,11183
1669,7,0,14,11,40290480,3605,368640,32,11190
1670,7,0,16,9,40311480,3605,368640,32,11197
1671,8,0,14,11,40344480,3605,368640,32,11205
1672,5,0,12,13,40366800,3604,368640,32,11210
1673,9,0,14,11,40387320,3604,368640,32,11219
1674,10,1,16,9,40395360,3602,368640,32,11229
1675,5,0,15,10,40430400,3603,368760,32,11234
1676,4,0,13,12,40457520,3604,368760,32,11238
1677,3,0,10,15,40500360,3606,368760,32,11241
1678,3,0,12,13,40501020,3605,368760,32,11244
1679,2,0,9,16,40520100,3605,368760,32,11246
1680,5,0,12,13,40522800,3605,368760,32,11251
1681,3,0,13,12,40537320,3606,368760,32,11254
1682,6,0,10,15,40574100,3606,368760,32,11260
1683,1,0,9,16,40585560,3606,368760,32,11261
1684,2,0,8,17,40598340,3607,368760,32,11263
1685,9,0,13,12,40603680,3606,368760,32,11272
1686,2,0,11,14,40617720,3606,368760,32,11274
1687,9,0,16,9,40635300,3606,368760,32,11283
1688,8,0,18,7,40658580,3606,368760,32,11291
1689,12,0,19,6,40707120,3607,368760,32,11303
1690,8,0,17,8,40749240,3608,368760,32,11311
1691,4,0,13,12,40782120,3608,368760,32,11315
1692,3,0,12,13,40811100,3609,368760,32,11318
1693,9,0,16,9,40822920,3609,368760,32,11327
1694,13,4,18,7,40842480,3608,370440,32,11340
1695,5,0,14,11,40890120,3608,376740,33,11345
1696,9,0,13,12,40940460,3609,376740,33,11354
1697,4,0,10,15,40956780,3609,376740,33,11358
1698,10,0,14,11,40972440,3608,376740,33,11368
1699,8,0,17,8,40980900,3607,376740,33,11376
1700,6,0,11,14,41025780,3607,376740,33,11382
1701,5,0,12,13,41044560,3608,376740,33,11387
1702,4,0,13,12,41051880,3608,376740,33,11391
1703,4,0,13,12,41074980,3608,376740,33,11395
1704,7,0,15,10,41098140,3609,376740,33,11402
1705,5,0,14,11,41120880,3609,376740,33,11407
1706,6,0,10,15,41151900,3608,376740,33,11413
1707,5,0,11,14,41163000,3608,376740,32,11418
1708,8,0,14,11,41180340,3608,376740,32,11426
1709,6,0,14,11,41201880,3608,376740,32,11432
1710,3,0,9,16,41236980,3609,376740,32,11435
1711,8,0,14,11,41246100,3608,376740,32,11443
1712,10,0,15,10,41275560,3608,376740,32,11453
1713,6,1,16,9,41290860,3608,377940,32,11459
1714,6,0,16,9,41324580,3609,378540,33,11465
1715,7,0,13,12,41374860,3610,378540,32,11472
1716,5,0,10,15,41401920,3610,378540,32,11477
1717,12,0,19,6,41406840,3610,378540,32,11489
1718,5,0,15,10,41438700,3609,378540,32,11494
1719,11,0,16,9,41480400,3610,378540,32,11505
1720,16,0,21,4,41510340,3609,378540,32,11521
1721,5,0,17,8,41551980,3610,378540,32,11526
1722,7,0,17,8,41593440,3611,379020,32,11533
1723,7,0,16,9,41629200,3612,379020,32,11540
1724,5,0,12,13,41670960,3613,379020,32,11545
1725,3,0,11,14,41691840,3613,379020,32,11548
1726,5,0,12,13,41710020,3614,379020,32,11553
1727,4,0,13,12,41719680,3613,379020,32,11557
1728,5,0,13,12,41737080,3613,379020,32,11562
1729,3,0,9,16,41771400,3614,379020,32,11565
1730,7,0,11,14,41780040,3613,379020,32,11572
1731,4,0,12,13,41789580,3613,379020,32,11576
1732,8,0,16,9,41800800,3613,379020,32,11584
1733,2,0,10,15,41833020,3613,379020,32,11586
1734,3,0,11,14,41842860,3613,379020,32,11589
1735,10,0,17,8,41859900,3614,379020,32,11599
1736,5,0,12,13,41892660,3613,379020,32,11604
1737,10,0,15,10,41915100,3613,379020,32,11614
1738,10,0,17,8,41936220,3613,379020,32,11624
1739,12,0,16,9,41978760,3612,379020,32,11636
1740,7,0,15,10,42003180,3612,379020,32,11643
1741,9,0,14,11,42045180,3612,379020,32,11652
1742,8,0,11,14,42074700,3611,379020,32,11660
1743,6,0,9,16,42095220,3611,379020,32,11666
1744,5,0,11,14,42101280,3610,379020,32,11671
1745,6,0,12,13,42107520,3609,379020,32,11677
1746,8,0,13,12,42127320,3609,379020,32,11685
1747,2,0,7,18,42157080,3609,379020,32,11687
1748,7,0,13,12,42159360,3609,379020,32,11694
1749,4,0,9,16,42178140,3608,379020,32,11698
1750,2,0,9,16,42188820,3608,379020,32,11700
1751,4,0,11,14,42192900,3608,379020,32,11704
1752,5,0,13,12,42197520,3607,379020,32,11709
1753,3,0,11,14,42220680,3608,379020,32,11712
1754,2,0,9,16,42236040,3608,379020,32,11714
1755,6,0,10,15,42246840,3607,379020,32,11720
1756,5,0,11,14,42259080,3607,379020,32,11725
1757,3,0,13,12,42264240,3607,379020,32,11728
1758,6,0,14,11,42279060,3607,379020,32,11734
1759,6,0,12,13,42308700,3607,379020,32,11740
1760,7,0,13,12,42333360,3607,379020,32,11747
1761,5,0,12,13,42354000,3607,379020,32,11752
1762,3,0,11,14,42370620,3607,379020,32,11755
1763,5,0,13,12,42387420,3608,379020,32,11760
1764,9,0,18,7,42396960,3607,379020,32,11769
1765,4,0,13,12,42432300,3608,379020,32,11773
1766,9,0,13,12,42472200,3608,379020,32,11782
1767,9,0,16,9,42490500,3608,379020,32,11791
1768,5,0,15,10,42512880,3608,379020,32,11796
1769,8,0,14,11,42548220,3608,379020,32,11804
1770,9,0,15,10,42574560,3608,379020,32,11813
1771,9,0,17,8,42598020,3608,379020,32,11822
1772,6,0,13,12,42632820,3608,379020,32,11828
1773,10,0,16,9,42653940,3608,379020,32,11838
1774,5,0,15,10,42668760,3607,379020,32,11843
1775,4,0,12,13,42701820,3608,379020,31,11847
1776,2,0,10,15,42717300,3608,379020,31,11849
1777,2,0,10,15,42722160,3607,379020,31,11851
1778,4,0,11,14,42725700,3607,379020,31,11855
1779,5,0,13,12,42743340,3607,379020,31,11860
1780,5,0,12,13,42765960,3608,379020,31,11865
1781,2,0,11,14,42784920,3608,379020,31,11867
1782,9,0,12,13,42807840,3608,379020,31,11876
1783,3,0,9,16,42828840,3608,379020,31,11879
1784,10,0,14,11,42843720,3607,379020,31,11889
1785,10,0,17,8,42862200,3607,379020,31,11899
1786,9,0,17,8,42890700,3606,379020,31,11908
1787,4,0,12,13,42930960,3607,379020,31,11912
1788,11,0,17,8,42946140,3607,379020,31,11923
1789,10,0,20,5,42972780,3607,379020,31,11933
1790,6,0,13,12,43025940,3607,379020,31,11939
1791,6,0,14,11,43049940,3608,379020,31,11945
1792,11,0,17,8,43074660,3607,379020,31,11956
1793,10,0,17,8,43098780,3606,379320,31,11966
1794,3,0,13,12,43137480,3608,379320,31,11969
1795,4,0,10,15,43174260,3608,379320,31,11973
1796,12,0,17,8,43183860,3608,379320,31,11985
1797,2,0,9,16,43212660,3607,379320,31,11987
1798,6,0,9,16,43228680,3607,379320,31,11993
1799,3,0,9,16,43236960,3606,379320,31,11996
1800,2,0,10,15,43240740,3607,379320,31,11998
1801,7,0,14,11,43245540,3606,379320,31,12005
1802,3,0,12,13,43271400,3607,379320,31,12008
1803,8,0,14,11,43289100,3606,379320,31,12016
1804,5,0,12,13,43320900,3607,379320,31,12021
1805,4,0,13,12,43331820,3607,379320,31,12025
1806,2,0,10,15,43348500,3607,379320,31,12027
1807,3,0,10,15,43368060,3607,379320,31,12030
1808,12,0,15,10,43379760,3606,379320,31,12042
1809,9,0,17,8,43402800,3606,379320,31,12051
1810,7,0,15,10,43427580,3606,379320,31,12058
1811,10,0,17,8,43470900,3607,379320,31,12068
1812,20,0,22,3,43511040,3606,379320,31,12088
1813,9,1,19,6,43542660,3605,379680,31,12097
1814,12,4,18,7,43586520,3606,384240,31,12109
1815,18,21,15,10,43608600,3606,384300,31,12127
1816,9,17,22,3,43663080,3609,431460,35,12136
1817,7,8,25,0,43711440,3609,499680,41,12143
1818,11,0,14,11,43779840,3606,550200,45,12154
1819,5,0,11,14,43811280,3606,550200,45,12159
1820,9,0,13,12,43826040,3605,550200,45,12168
1821,8,0,18,7,43834140,3605,550200,45,12176
1822,6,0,13,12,43867320,3604,550200,45,12182
1823,6,0,12,13,43893540,3604,550200,45,12188
1824,4,0,10,15,43916100,3604,550200,45,12192
1825,5,0,10,15,43930560,3604,550200,45,12197
1826,3,0,8,17,43948680,3604,550200,45,12200
1827,11,0,16,9,43951080,3604,550200,45,12211
1828,4,0,11,14,43975980,3603,550200,45,12215
1829,3,0,11,14,43993140,3603,550200,45,12218
1830,12,0,14,11,44020620,3603,550200,44,12230
1831,3,0,12,13,44041380,3603,550200,44,12233
1832,7,0,14,11,44056560,3603,550200,44,12240
1833,3,0,10,15,44091720,3604,550200,44,12243
1834,11,0,14,11,44103960,3603,550200,44,12254
1835,8,0,15,10,44127240,3603,550200,44,12262
1836,7,0,16,9,44149440,3603,550200,44,12269
1837,13,2,20,5,44176680,3603,550200,44,12282
1838,10,8,14,11,44234340,3605,557640,45,12292
1839,11,11,19,6,44256480,3606,571020,46,12303
1840,13,21,17,8,44287860,3607,580500,47,12316
1841,4,21,15,10,44333280,3609,595260,48,12320
1842,10,26,16,9,44360880,3610,606360,49,12330
1843,8,19,24,1,44400300,3611,754860,61,12338
1844,2,0,10,15,44477400,3607,923580,74,12340
1845,7,0,13,12,44492700,3607,923580,74,12347
1846,1,0,9,16,44503260,3606,923580,74,12348
1847,4,0,11,14,44519880,3607,923580,74,12352
1848,3,0,12,13,44525160,3607,923580,74,12355
1849,7,0,15,10,44544780,3607,923580,74,12362
1850,8,0,15,10,44569740,3607,923580,74,12370
1851,3,0,10,15,44594520,3607,923580,74,12373
1852,2,0,10,15,44606400,3607,923580,74,12375
1853,7,0,16,9,44606940,3607,923580,74,12382
1854,5,0,16,9,44623860,3607,923580,74,12387
1855,13,9,14,11,44650380,3607,925860,74,12400
1856,8,6,21,4,44684520,3609,941520,75,12408
1857,7,0,15,10,44735460,3607,974220,78,12415
1858,10,0,19,6,44755800,3607,974220,78,12425
1859,8,0,16,9,44802480,3608,974220,78,12433
1860,9,0,15,10,44833860,3607,974220,78,12442
1861,12,0,20,5,44861820,3607,974220,78,12454
1862,7,0,12,13,44903940,3607,974220,78,12461
1863,3,0,9,16,44932260,3607,974220,78,12464
1864,3,0,9,16,44943780,3607,974220,78,12467
1865,7,0,10,15,44953380,3606,974220,78,12474
1866,11,0,18,7,44964000,3606,974220,78,12485
1867,8,0,14,11,44997300,3605,974220,77,12493
1868,6,0,14,11,45025980,3606,974220,77,12499
1869,8,0,18,7,45046620,3606,974220,77,12507
1870,8,0,11,14,45101400,3606,974220,77,12515
1871,4,0,10,15,45119700,3606,974220,77,12519
1872,3,0,10,15,45132360,3607,974220,77,12522
1873,10,0,16,9,45136500,3606,974220,77,12532
1874,6,0,14,11,45167100,3606,974220,77,12538
1875,7,0,14,11,45203220,3607,974220,77,12545
1876,7,0,14,11,45225960,3607,974220,77,12552
1877,9,0,18,7,45243060,3607,974220,77,12561
1878,4,0,11,14,45285060,3607,974220,77,12565
1879,5,0,9,16,45314340,3607,974220,77,12570
1880,6,0,13,12,45323040,3607,974220,77,12576
1881,14,2,19,6,45330360,3606,974280,77,12590
1882,10,7,17,8,45368940,3607,983520,78,12600
1883,9,2,25,0,45392220,3607,1017180,80,12609
1884,8,0,16,9,45468000,3608,1019700,80,12617
1885,7,0,16,9,45496080,3608,1019700,80,12624
1886,8,0,14,11,45525960,3608,1019700,80,12632
1887,13,0,19,6,45556800,3608,1019820,80,12645
1888,9,0,16,9,45598980,3608,1019820,80,12654
1889,5,0,14,11,45630060,3608,1019820,80,12659
1890,10,0,14,11,45665400,3608,1019820,80,12669
1891,6,0,12,13,45691500,3608,1019820,80,12675
1892,2,0,13,12,45692460,3608,1019820,80,12677
1893,3,0,8,17,45737880,3609,1019820,80,12680
1894,5,0,12,13,45739500,3609,1019820,80,12685
1895,2,0,10,15,45751980,3609,1019820,80,12687
1896,7,0,12,13,45768900,3608,1019820,80,12694
1897,3,0,12,13,45776400,3608,1019820,80,12697
1898,8,0,16,9,45802320,3609,1020840,80,12705
1899,5,0,14,11,45826440,3609,1020840,80,12710
1900,7,0,15,10,45853080,3609,1020840,80,12717
1901,6,0,13,12,45876540,3609,1020840,80,12723
1902,5,0,13,12,45900480,3609,1020840,80,12728
1903,6,0,13,12,45929640,3610,1020840,80,12734
1904,9,0,13,12,45958320,3610,1020840,80,12743
1905,3,0,12,13,45973200,3610,1020840,80,12746
1906,11,0,18,7,45992700,3610,1020840,80,12757
1907,5,0,12,13,46034460,3610,1020840,79,12762
1908,4,0,12,13,46059180,3611,1020840,79,12766
1909,6,0,12,13,46075320,3610,1020840,79,12772
1910,11,0,16,9,46102860,3611,1020840,79,12783
1911,9,0,18,7,46124700,3610,1020840,79,12792
1912,10,0,17,8,46172280,3611,1020840,79,12802
1913,6,0,11,14,46221660,3611,1020840,79,12808
1914,2,0,10,15,46235760,3612,1020840,79,12810
1915,6,0,11,14,46255140,3612,1020840,79,12816
1916,7,0,13,12,46266780,3611,1020840,79,12823
1917,4,0,12,13,46280160,3611,1020840,79,12827
1918,5,0,12,13,46302480,3611,1020840,79,12832
1919,6,0,13,12,46322400,3611,1020840,79,12838
1920,6,0,14,11,46333500,3611,1020840,79,12844
1921,6,0,14,11,46361820,3611,1020840,79,12850
1922,6,0,16,9,46377120,3611,1020840,79,12856
1923,3,0,12,13,46420500,3613,1020840,79,12859
1924,9,0,17,8,46434360,3613,1020840,79,12868
1925,8,0,14,11,46479000,3613,1020840,79,12876
1926,3,0,10,15,46507800,3613,1020840,79,12879
1927,7,0,14,11,46512960,3613,1020840,79,12886
1928,9,0,16,9,46547340,3614,1020840,79,12895
1929,5,0,14,11,46573860,3614,1020840,79,12900
1930,3,0,11,14,46599420,3614,1020840,79,12903
1931,6,0,12,13,46624560,3615,1020840,79,12909
1932,12,0,21,4,46634820,3615,1020840,79,12921
1933,14,0,19,6,46692000,3615,1020840,78,12935
1934,12,0,16,9,46741200,3614,1020840,78,12947
1935,4,0,12,13,46776720,3615,1020840,78,12951
1936,6,0,12,13,46809660,3616,1020840,78,12957
1937,5,0,11,14,46819680,3615,1020840,78,12962
1938,5,0,13,12,46836540,3615,1020840,78,12967
1939,10,0,16,9,46855740,3615,1020840,78,12977
1940,7,0,16,9,46886460,3615,1020840,78,12984
1941,6,0,16,9,46912980,3615,1020840,78,12990
1942,2,0,8,17,46959240,3616,1020840,78,12992
1943,4,0,10,15,46971360,3617,1020840,78,12996
1944,6,0,15,10,46975440,3617,1020840,78,13002
1945,4,0,12,13,46994160,3616,1020840,78,13006
1946,7,0,11,14,47020920,3616,1020840,78,13013
1947,7,0,14,11,47035860,3616,1020840,78,13020
1948,5,0,13,12,47059080,3616,1020840,78,13025
1949,6,0,11,14,47094900,3617,1020840,78,13031
1950,5,0,11,14,47101020,3616,1020840,78,13036
1951,9,0,15,10,47121600,3616,1020840,78,13045
1952,5,0,15,10,47139480,3616,1020840,78,13050
1953,12,0,18,7,47177940,3616,1020840,78,13062
1954,14,1,21,4,47214480,3616,1020840,78,13076
1955,6,0,19,6,47254680,3617,1021920,78,13082
1956,10,6,16,9,47290320,3618,1023060,78,13092
1957,11,11,14,11,47347080,3620,1032180,78,13103
1958,2,12,14,11,47357280,3620,1034700,78,13105
1959,12,8,25,0,47386740,3621,1098000,83,13117
1960,12,5,24,1,47443440,3621,1136700,86,13129
1961,6,0,14,11,47504220,3620,1170240,89,13135
1962,5,0,11,14,47534700,3620,1170240,89,13140
1963,7,0,11,14,47559060,3620,1170240,89,13147
1964,3,0,10,15,47568660,3620,1170240,88,13150
1965,5,0,12,13,47574360,3619,1170240,88,13155
1966,7,0,12,13,47596260,3619,1170240,88,13162
1967,9,0,16,9,47610480,3619,1170240,88,13171
1968,3,0,14,11,47634780,3619,1170240,88,13174
1969,4,0,12,13,47663460,3620,1170240,88,13178
1970,6,0,12,13,47684340,3620,1170240,88,13184
1971,5,0,11,14,47699460,3619,1170240,88,13189
1972,5,0,14,11,47703420,3619,1170240,88,13194
1973,8,0,14,11,47725680,3618,1170240,88,13202
1974,4,0,10,15,47752140,3618,1170240,88,13206
1975,6,0,16,9,47752140,3618,1170240,88,13212
1976,6,0,14,11,47782320,3618,1170240,88,13218
1977,8,0,18,7,47798160,3618,1170240,88,13226
1978,7,0,11,14,47848560,3618,1170240,88,13233
1979,10,0,16,9,47869800,3619,1170240,88,13243
1980,11,0,19,6,47890740,3618,1170240,88,13254
1981,12,0,19,6,47930460,3618,1170240,88,13266
1982,13,6,14,11,47972940,3618,1171920,88,13279
1983,13,15,13,12,48005940,3619,1174860,88,13292
1984,8,23,13,12,48005940,3619,1174860,88,13300
1985,11,23,19,6,48050520,3621,1205580,90,13311
1986,7,18,25,0,48074520,3621,1276560,95,13318
1987,11,1,25,0,48146340,3619,1481820,111,13329
1988,15,0,24,1,48198480,3618,1482120,111,13344
1989,2,0,15,10,48255420,3619,1482120,111,13346
1990,5,0,10,15,48305280,3620,1482120,111,13351
1991,5,0,10,15,48323640,3620,1482120,110,13356
1992,3,0,10,15,48332820,3620,1482120,110,13359
1993,4,0,10,15,48343320,3620,1482120,110,13363
1994,1,0,8,17,48354600,3620,1482120,110,13364
1995,7,0,13,12,48358200,3620,1482120,110,13371
1996,6,0,13,12,48375420,3619,1482120,110,13377
1997,9,0,11,14,48405360,3619,1482120,110,13386
1998,8,0,15,10,48426240,3619,1482120,110,13394
1999,3,0,10,15,48448680,3619,1482120,110,13397
2000,5,0,10,15,48459480,3618,1482120,110,13402
2001,4,0,11,14,48471780,3618,1482120,110,13406
2002,9,0,13,12,48484860,3617,1482120,110,13415
2003,5,0,11,14,48510180,3617,1482120,110,13420
2004,8,0,13,12,48520500,3616,1482120,110,13428
2005,13,0,19,6,48543180,3616,1482120,110,13441
2006,12,0,23,2,48574500,3616,1482120,110,13453
2007,7,0,15,10,48628920,3616,1482120,110,13460
2008,8,0,16,9,48655980,3617,1482120,110,13468
2009,10,0,18,7,48694980,3617,1482120,109,13478
2010,8,1,17,8,48709980,3616,1482120,109,13486
2011,5,0,16,9,48753780,3618,1484640,110,13491
2012,4,0,12,13,48792180,3618,1484640,110,13495
2013,4,0,13,12,48808020,3619,1484640,109,13499
2014,8,0,15,10,48823080,3618,1484640,109,13507
2015,7,0,18,7,48850500,3619,1484640,109,13514
2016,5,0,12,13,48897360,3620,1484640,109,13519
2017,3,0,14,11,48898140,3619,1484640,109,13522
2018,6,0,15,10,48904620,3619,1484640,109,13528
2019,4,0,17,8,48914520,3619,1484640,109,13532
2020,4,0,18,7,48933480,3619,1484640,109,13536
2021,1,0,13,12,48955080,3619,1484640,109,13537
2022,1,0,12,13,48971460,3620,1484640,109,13538
2023,6,0,17,8,48972180,3620,1484640,109,13544
2024,6,0,21,4,48977340,3620,1484640,109,13550
2025,8,0,19,6,49001640,3619,1484640,109,13558
2026,7,0,14,11,49052880,3619,1484640,109,13565
2027,9,0,19,6,49065000,3619,1484640,109,13574
2028,12,7,17,8,49077900,3618,1484700,109,13586
2029,11,15,17,8,49098660,3619,1491660,109,13597
2030,12,23,18,7,49123800,3620,1499460,110,13609
2031,10,22,25,0,49151340,3621,1559700,114,13619
2032,14,25,25,0,49198920,3622,1600500,117,13633
2033,4,15,25,0,49256100,3622,1706520,125,13637
2034,8,0,18,7,49312260,3618,1862580,136,13645
2035,11,0,16,9,49347900,3617,1862580,136,13656
2036,5,0,16,9,49367700,3618,1862580,136,13661
2037,10,0,22,3,49377240,3617,1862580,136,13671
2038,7,0,18,7,49419960,3617,1862580,136,13678
2039,5,1,18,7,49439340,3618,1863180,136,13683
2040,4,0,16,9,49478820,3619,1863480,136,13687
2041,3,0,16,9,49491480,3619,1863480,136,13690
2042,5,0,17,8,49511400,3619,1863480,136,13695
2043,6,0,19,6,49523160,3619,1863480,136,13701
2044,5,0,18,7,49553820,3620,1863480,135,13706
2045,4,0,18,7,49571100,3620,1863480,135,13710
2046,6,0,16,9,49606380,3620,1863480,135,13716
2047,8,0,17,8,49624920,3620,1863480,135,13724
2048,11,5,21,4,49628520,3620,1864200,135,13735
2049,6,5,20,5,49667940,3621,1871640,136,13741
2050,8,4,25,0,49688460,3621,1883940,137,13749
2051,6,0,18,7,49758840,3622,1901700,138,13755
2052,8,0,19,6,49784220,3622,1901700,138,13763
2053,8,0,20,5,49801980,3621,1901700,138,13771
2054,8,0,18,7,49834560,3621,1901700,138,13779
2055,14,0,24,1,49864800,3621,1901700,137,13793
2056,5,0,16,9,49899480,3620,1901700,137,13798
2057,11,0,18,7,49916880,3619,1901700,137,13809
2058,6,0,18,7,49940640,3619,1901700,137,13815
2059,6,0,20,5,49963320,3620,1901700,137,13821
2060,6,0,19,6,49997820,3620,1901700,137,13827
2061,5,0,16,9,50023860,3620,1901700,137,13832
2062,1,0,12,13,50059380,3621,1901700,137,13833
2063,2,0,11,14,50068800,3621,1901700,137,13835
2064,5,0,16,9,50068800,3621,1901700,137,13840
2065,4,0,16,9,50081340,3621,1901700,137,13844
2066,5,0,14,11,50103300,3621,1901700,137,13849
2067,1,0,12,13,50114820,3621,1901700,137,13850
2068,7,0,15,10,50122020,3621,1901700,137,13857
2069,1,0,14,11,50128200,3620,1901700,137,13858
2070,3,0,13,12,50150940,3621,1901700,137,13861
2071,8,0,15,10,50160660,3620,1901700,137,13869
2072,4,0,14,11,50173320,3620,1901700,137,13873
2073,7,0,16,9,50183700,3619,1901700,137,13880
2074,5,0,15,10,50202360,3619,1901700,136,13885
2075,8,1,19,6,50208960,3619,1901700,136,13893
2076,13,5,24,1,50234340,3619,1911480,137,13906
2077,7,0,25,0,50276640,3620,1928760,138,13913
2078,7,0,19,6,50330760,3620,1929000,138,13920
2079,9,0,19,6,50347680,3619,1929000,138,13929
2080,7,0,18,7,50385900,3620,1929000,138,13936
2081,10,0,19,6,50403240,3619,1929000,138,13946
2082,9,0,20,5,50443680,3619,1929000,138,13955
2083,8,5,18,7,50453820,3619,1929540,138,13963
2084,6,0,15,10,50503500,3619,1940760,138,13969
2085,6,0,17,8,50527200,3619,1940760,138,13975
2086,5,0,16,9,50544660,3619,1940760,138,13980
2087,6,0,17,8,50566740,3619,1940760,138,13986
2088,4,0,17,8,50589300,3620,1940760,138,13990
2089,4,0,17,8,50604480,3620,1940760,138,13994
2090,6,0,16,9,50631840,3620,1940760,138,14000
2091,8,0,19,6,50640720,3620,1940760,138,14008
2092,5,0,13,12,50678520,3619,1940760,138,14013
2093,3,0,11,14,50696760,3619,1940760,138,14016
2094,7,0,16,9,50698320,3619,1940760,138,14023
2095,5,0,17,8,50706480,3619,1940760,138,14028
2096,8,0,19,6,50727360,3618,1940760,138,14036
2097,6,0,17,8,50762220,3619,1940760,138,14042
2098,8,0,19,6,50785320,3619,1940760,138,14050
2099,9,0,17,8,50812200,3618,1940760,138,14059
2100,7,0,16,9,50834880,3618,1940760,137,14066
2101,5,0,14,11,50862780,3618,1940760,137,14071
2102,10,0,19,6,50875800,3617,1940760,137,14081
2103,11,0,22,3,50898000,3617,1940760,137,14092
2104,12,0,20,5,50949960,3617,1942260,137,14104
2105,9,1,20,5,50970240,3616,1942260,137,14113
2106,8,2,21,4,51014400,3618,1947660,137,14121
2107,7,0,20,5,51047640,3618,1955160,138,14128
2108,8,0,17,8,51091080,3618,1955160,138,14136
2109,3,0,13,12,51110880,3618,1955160,138,14139
2110,3,0,15,10,51116760,3618,1955160,138,14142
2111,5,0,15,10,51131040,3618,1955160,138,14147
2112,5,0,14,11,51145920,3617,1955160,138,14152
2113,3,0,12,13,51157860,3617,1955160,138,14155
2114,4,0,16,9,51157860,3617,1955160,138,14159
2115,2,0,16,9,51166440,3617,1955160,138,14161
2116,9,0,18,7,51192060,3617,1955160,137,14170
2117,3,0,18,7,51204960,3617,1955160,137,14173
2118,3,0,15,10,51237960,3618,1955160,137,14176
2119,10,0,21,4,51254040,3618,1955160,137,14186
2120,6,0,19,6,51273600,3617,1955160,137,14192
2121,9,0,20,5,51296220,3617,1955160,137,14201
2122,8,0,21,4,51324600,3617,1955160,137,14209
2123,12,0,18,7,51363360,3616,1955220,137,14221
2124,9,0,18,7,51384840,3615,1955220,137,14230
2125,8,0,19,6,51406380,3615,1955220,137,14238
2126,14,0,25,0,51448260,3616,1955520,137,14252
2127,7,0,19,6,51488640,3615,1955520,137,14259
2128,9,0,18,7,51518220,3615,1955520,137,14268
2129,5,0,14,11,51544620,3614,1955520,137,14273
2130,4,0,15,10,51560040,3615,1955520,136,14277
2131,3,0,14,11,51574980,3615,1955520,136,14280
2132,1,0,12,13,51591180,3615,1955520,136,14281
2133,8,0,18,7,51595980,3615,1955520,136,14289
2134,9,0,20,5,51612600,3614,1955520,136,14298
2135,6,0,18,7,51630600,3614,1955520,136,14304
2136,3,0,15,10,51658080,3614,1955520,136,14307
2137,5,0,17,8,51672420,3614,1955520,136,14312
2138,4,0,17,8,51685140,3614,1955520,136,14316
2139,5,0,16,9,51715920,3615,1955520,136,14321
2140,2,0,15,10,51732360,3615,1955520,136,14323
2141,2,0,13,12,51756420,3616,1955520,136,14325
2142,4,0,16,9,51757620,3616,1955520,136,14329
2143,10,0,16,9,51777240,3614,1955520,136,14339
2144,10,0,23,2,51792720,3615,1955520,136,14349
2145,6,0,21,4,51822540,3615,1955520,136,14355
2146,11,0,22,3,51865860,3615,1955520,136,14366
2147,5,0,19,6,51895920,3615,1955520,136,14371
2148,11,0,18,7,51943020,3616,1955520,135,14382
2149,9,0,17,8,51964140,3615,1955520,135,14391
2150,6,0,18,7,51978720,3614,1955520,135,14397
2151,8,0,21,4,52002600,3615,1955520,135,14405
2152,10,0,21,4,52028520,3614,1955520,135,14415
2153,6,0,21,4,52054800,3614,1955520,135,14421
2154,6,0,20,5,52085520,3615,1955520,135,14427
2155,7,0,15,10,52126680,3615,1955520,135,14434
2156,6,0,16,9,52143540,3615,1955520,135,14440
2157,7,0,17,8,52157820,3614,1955520,135,14447
2158,3,0,17,8,52179960,3615,1955520,135,14450
2159,5,0,14,11,52211580,3615,1955520,135,14455
2160,4,0,15,10,52217880,3615,1955520,135,14459
2161,2,0,15,10,52224600,3615,1955520,135,14461
2162,3,0,15,10,52236960,3615,1955520,135,14464
2163,4,0,16,9,52254540,3615,1955520,135,14468
2164,4,0,15,10,52274040,3615,1955520,135,14472
2165,8,0,16,9,52292040,3615,1955520,135,14480
2166,6,0,18,7,52299600,3614,1955520,134,14486
2167,5,0,17,8,52326480,3615,1955520,134,14491
2168,7,0,17,8,52346340,3614,1955520,134,14498
2169,6,0,16,9,52377180,3615,1955520,134,14504
2170,8,0,16,9,52401180,3614,1955520,134,14512
2171,5,0,19,6,52411860,3615,1955520,134,14517
2172,15,4,20,5,52440540,3614,1956720,134,14532
2173,9,9,17,8,52482420,3615,1962780,134,14541
2174,9,14,20,5,52489380,3615,1972860,135,14550
2175,7,8,25,0,52541760,3617,2031240,139,14557
2176,10,0,19,6,52596900,3615,2081580,142,14567
2177,10,0,24,1,52618620,3615,2081580,142,14577
2178,15,0,24,1,52661880,3614,2082720,142,14592
2179,10,0,22,3,52689720,3613,2082720,142,14602
2180,7,0,21,4,52730340,3614,2083380,142,14609
2181,3,0,15,10,52780320,3615,2083380,142,14612
2182,2,0,13,12,52803000,3616,2083380,142,14614
2183,2,0,12,13,52813980,3616,2083380,142,14616
2184,1,0,12,13,52816740,3616,2083380,142,14617
2185,10,0,21,4,52817880,3616,2083380,142,14627
2186,4,0,16,9,52852140,3616,2083380,142,14631
2187,6,0,16,9,52875720,3616,2083380,142,14637
2188,7,0,18,7,52886520,3615,2083380,142,14644
2189,2,0,13,12,52914060,3616,2083380,142,14646
2190,4,0,15,10,52920660,3616,2083380,142,14650
2191,2,0,13,12,52935420,3616,2083380,142,14652
2192,6,0,16,9,52945200,3615,2083380,142,14658
2193,6,0,17,8,52959900,3615,2083380,142,14664
2194,5,0,16,9,52978140,3615,2083380,142,14669
2195,6,0,19,6,52995180,3615,2083380,141,14675
2196,13,0,18,7,53043480,3615,2083500,141,14688
2197,13,0,24,1,53059380,3615,2083500,141,14701
2198,13,0,22,3,53110200,3614,2085720,141,14714
2199,5,0,18,7,53134980,3614,2085720,141,14719
2200,10,0,19,6,53172480,3614,2085720,141,14729
2201,9,0,20,5,53200980,3614,2085720,141,14738
2202,14,4,21,4,53219760,3613,2085780,141,14752
2203,7,3,22,3,53269200,3615,2095440,141,14759
2204,2,0,13,12,53319960,3615,2106420,142,14761
2205,10,0,19,6,53330880,3615,2106420,142,14771
2206,3,0,13,12,53361240,3615,2106420,142,14774
2207,6,0,15,10,53369460,3614,2106420,142,14780
2208,4,0,16,9,53379060,3614,2106420,142,14784
2209,3,0,13,12,53401380,3614,2106420,142,14787
2210,2,0,13,12,53409900,3614,2106420,142,14789
2211,5,0,15,10,53413560,3614,2106420,142,14794
2212,7,0,18,7,53423400,3613,2106420,142,14801
2213,6,0,13,12,53458380,3613,2106420,142,14807
2214,4,0,15,10,53462940,3613,2106420,142,14811
2215,5,0,13,12,53481060,3612,2106420,142,14816
2216,6,0,15,10,53490420,3612,2106420,142,14822
2217,7,0,19,6,53495520,3612,2106420,142,14829
2218,7,0,18,7,53514120,3611,2106420,141,14836
2219,10,0,19,6,53539260,3610,2106420,141,14846
2220,8,0,19,6,53567700,3610,2106420,141,14854
2221,10,0,23,2,53596020,3611,2106420,141,14864
2222,14,0,23,2,53637480,3610,2106960,141,14878
2223,6,0,17,8,53675280,3610,2106960,141,14884
2224,6,0,16,9,53708760,3610,2106960,141,14890
2225,9,0,20,5,53719980,3610,2106960,141,14899
2226,7,0,19,6,53748060,3610,2106960,141,14906
2227,7,0,20,5,53773800,3610,2106960,141,14913
2228,6,0,20,5,53795760,3610,2106960,141,14919
2229,6,0,15,10,53837940,3610,2106960,141,14925
2230,5,0,15,10,53858700,3611,2106960,141,14930
2231,5,0,15,10,53868000,3610,2106960,141,14935
2232,1,0,14,11,53873400,3610,2106960,141,14936
2233,2,0,11,14,53893200,3610,2106960,141,14938
2234,4,0,14,11,53893560,3610,2106960,141,14942
2235,9,0,20,5,53900400,3609,2106960,140,14951
2236,5,0,19,6,53926620,3610,2106960,140,14956
2237,4,0,16,9,53961480,3610,2106960,140,14960
2238,8,0,19,6,53986080,3611,2106960,140,14968
2239,4,0,14,11,54016140,3611,2106960,140,14972
2240,9,0,16,9,54034740,3610,2106960,140,14981
2241,12,0,23,2,54048240,3610,2106960,140,14993
2242,7,0,17,8,54081540,3609,2106960,140,15000
2243,12,0,17,8,54109620,3608,2106960,140,15012
2244,7,0,17,8,54137400,3608,2106960,140,15019
2245,5,0,17,8,54150840,3608,2106960,140,15024
2246,8,0,17,8,54179820,3608,2106960,140,15032
2247,14,0,25,0,54194220,3607,2107140,140,15046
2248,12,0,24,1,54233340,3607,2107140,139,15058
2249,5,0,19,6,54282060,3608,2107140,139,15063
2250,10,0,20,5,54306840,3607,2107140,139,15073
2251,5,0,20,5,54318420,3607,2107140,139,15078
2252,7,0,19,6,54365880,3608,2109360,139,15085
2253,3,0,14,11,54389760,3608,2109360,139,15088
2254,2,0,14,11,54397260,3608,2109360,139,15090
2255,4,0,17,8,54405540,3608,2109360,139,15094
2256,5,0,17,8,54432600,3609,2109360,139,15099
2257,10,0,22,3,54448440,3608,2109360,139,15109
2258,5,0,15,10,54480180,3608,2109360,139,15114
2259,2,0,11,14,54510360,3608,2109360,139,15116
2260,5,0,14,11,54512280,3608,2109360,139,15121
2261,4,0,14,11,54525600,3608,2109360,139,15125
2262,4,0,14,11,54532320,3607,2109360,139,15129
2263,6,0,15,10,54548460,3607,2109360,139,15135
2264,8,0,15,10,54576720,3607,2109360,139,15143
2265,12,0,20,5,54601920,3607,2109360,139,15155
2266,11,0,20,5,54630300,3606,2109360,139,15166
2267,8,0,20,5,54657000,3606,2109360,139,15174
2268,10,0,20,5,54692460,3606,2109360,138,15184
2269,8,0,17,8,54731880,3606,2109360,138,15192
2270,7,0,19,6,54750780,3606,2109360,138,15199
2271,5,0,16,9,54773280,3606,2109360,138,15204
2272,9,0,19,6,54803640,3606,2109360,138,15213
2273,10,0,23,2,54816840,3606,2109360,138,15223
2274,9,0,18,7,54871620,3606,2109360,138,15232
2275,8,0,18,7,54890940,3606,2109360,138,15240
2276,3,0,15,10,54918360,3606,2109360,138,15243
2277,7,0,20,5,54932400,3606,2109360,138,15250
2278,6,0,17,8,54967920,3607,2109360,138,15256
2279,1,0,12,13,54991860,3607,2109360,138,15257
2280,4,0,14,11,54999240,3607,2109360,138,15261
2281,3,0,14,11,55007100,3607,2109360,138,15264
2282,4,0,16,9,55019100,3607,2109360,138,15268
2283,5,0,16,9,55039680,3607,2109360,138,15273
2284,4,0,16,9,55048380,3607,2109360,138,15277
2285,7,0,16,9,55076460,3607,2109360,138,15284
2286,5,0,16,9,55088160,3606,2109360,137,15289
2287,4,0,16,9,55104240,3607,2109360,137,15293
2288,10,0,19,6,55120980,3606,2109360,137,15303
2289,11,0,22,3,55152060,3606,2109360,137,15314
2290,7,0,17,8,55184940,3605,2109360,137,15321
2291,8,0,21,4,55206240,3606,2109360,137,15329
2292,7,0,19,6,55244640,3606,2109360,137,15336
2293,14,4,22,3,55279140,3607,2110200,137,15350
2294,7,0,22,3,55318260,3607,2124780,138,15357
2295,6,0,16,9,55370340,3607,2124780,138,15363
2296,10,0,20,5,55393320,3607,2124780,138,15373
2297,5,0,17,8,55409520,3607,2124780,138,15378
2298,9,0,18,7,55442820,3607,2124840,138,15387
2299,7,0,21,4,55459800,3607,2124840,138,15394
2300,1,0,13,12,55493760,3607,2124840,138,15395
2301,6,0,15,10,55509600,3607,2124840,137,15401
2302,5,0,16,9,55519020,3607,2124840,137,15406
2303,1,0,12,13,55535100,3607,2124840,137,15407
2304,4,0,12,13,55545540,3607,2124840,137,15411
2305,5,0,14,11,55549500,3606,2124840,137,15416
2306,5,0,15,10,55559940,3606,2124840,137,15421
2307,2,0,14,11,55573680,3606,2124840,137,15423
2308,8,0,20,5,55584240,3606,2124840,137,15431
2309,5,0,19,6,55606500,3606,2124840,137,15436
2310,10,0,18,7,55645560,3606,2124840,137,15446
2311,9,0,23,2,55657920,3606,2124840,137,15455
2312,7,0,19,6,55702380,3606,2124840,137,15462
2313,7,2,19,6,55718940,3606,2127180,137,15469
2314,8,5,18,7,55753980,3607,2129640,137,15477
2315,11,16,17,8,55759800,3607,2129640,137,15488
2316,20,29,18,7,55813320,3609,2146860,138,15508
2317,5,34,17,8,55818660,3610,2146860,138,15513
2318,11,35,22,3,55854900,3611,2178780,140,15524
2319,12,40,25,0,55874640,3611,2213700,142,15536
2320,15,39,25,0,55936980,3613,2261700,145,15551
2321,8,33,25,0,55995720,3614,2364600,152,15559
2322,2,21,25,0,56051820,3614,2645580,170,15561
2323,5,0,13,12,56118300,3610,3036240,195,15566
2324,7,0,17,8,56124000,3609,3036240,195,15573
2325,3,0,13,12,56143320,3609,3036240,195,15576
2326,3,0,15,10,56150700,3609,3036240,194,15579
2327,2,0,13,12,56163660,3609,3036240,194,15581
2328,4,0,14,11,56172600,3609,3036240,194,15585
2329,4,0,15,10,56182200,3609,3036240,194,15589
2330,3,0,14,11,56201040,3609,3036240,194,15592
2331,7,0,18,7,56208900,3609,3036240,194,15599
2332,4,0,19,6,56217480,3609,3036240,194,15603
2333,4,0,18,7,56253900,3610,3036240,194,15607
2334,4,0,13,12,56285340,3610,3036240,194,15611
2335,9,0,17,8,56296440,3609,3036240,194,15620
2336,8,0,18,7,56309700,3609,3036240,194,15628
2337,3,0,15,10,56334300,3609,3036240,194,15631
2338,8,0,20,5,56352720,3609,3036240,194,15639
2339,10,0,24,1,56371080,3609,3036240,194,15649
2340,11,3,20,5,56432160,3610,3042480,194,15660
2341,8,0,25,0,56453220,3610,3061140,195,15668
2342,9,1,22,3,56500380,3611,3069660,195,15677
2343,8,0,18,7,56555340,3611,3073380,196,15685
2344,9,0,19,6,56585820,3611,3073380,195,15694
2345,9,0,18,7,56619480,3611,3073380,195,15703
2346,10,0,21,4,56626260,3610,3073380,195,15713
2347,6,0,15,10,56676720,3610,3073380,195,15719
2348,9,0,17,8,56702520,3610,3073380,195,15728
2349,5,0,17,8,56713560,3610,3073380,195,15733
2350,2,0,12,13,56745180,3610,3073380,195,15735
2351,2,0,12,13,56747040,3610,3073380,195,15737
2352,3,0,13,12,56753100,3610,3073380,195,15740
2353,3,0,13,12,56757540,3610,3073380,195,15743
2354,5,0,14,11,56768100,3609,3073380,195,15748
2355,6,0,14,11,56781900,3609,3073380,195,15754
2356,3,0,15,10,56784780,3609,3073380,195,15757
2357,4,0,15,10,56799180,3609,3073380,195,15761
2358,8,0,21,4,56803620,3608,3073380,194,15769
2359,4,0,16,9,56844480,3609,3073380,194,15773
2360,3,0,15,10,56864940,3609,3073380,194,15776
2361,7,0,17,8,56883240,3609,3073380,194,15783
2362,6,0,16,9,56902680,3609,3073380,194,15789
2363,8,0,21,4,56914680,3609,3073380,194,15797
2364,12,0,21,4,56955960,3609,3074880,194,15809
2365,3,0,20,5,56973420,3609,3074880,194,15812
2366,5,0,15,10,57026040,3610,3074880,194,15817
2367,16,4,23,2,57034500,3610,3075300,194,15833
2368,14,14,19,6,57066900,3610,3082440,194,15847
2369,9,17,20,5,57100560,3611,3090240,195,15856
2370,9,23,20,5,57119640,3611,3093960,195,15865
2371,9,21,25,0,57163380,3613,3151860,198,15874
2372,11,20,25,0,57211560,3613,3190800,200,15885
2373,5,16,25,0,57261240,3614,3265500,205,15890
2374,6,4,25,0,57305580,3613,3453780,217,15896
2375,7,0,19,6,57358020,3612,3487560,219,15903
2376,5,0,14,11,57390900,3612,3487560,219,15908
2377,2,0,15,10,57393300,3612,3487560,219,15910
2378,1,0,13,12,57411060,3613,3487560,219,15911
2379,5,0,15,10,57414180,3612,3487560,219,15916
2380,3,0,15,10,57432780,3613,3487560,219,15919
2381,4,0,18,7,57436380,3613,3487560,219,15923
2382,3,0,17,8,57455760,3613,3487560,219,15926
2383,4,0,16,9,57479700,3613,3487560,219,15930
2384,5,0,15,10,57503160,3613,3487560,218,15935
2385,11,3,19,6,57525000,3614,3487800,218,15946
2386,3,0,15,10,57558540,3614,3493320,219,15949
2387,5,0,17,8,57576360,3614,3493320,219,15954
2388,5,0,15,10,57597480,3614,3493320,219,15959
2389,7,0,18,7,57607320,3614,3493320,218,15966
2390,2,0,14,11,57636240,3614,3493320,218,15968
2391,3,0,15,10,57650640,3614,3493320,218,15971
2392,7,0,18,7,57667200,3615,3493320,218,15978
2393,7,0,20,5,57680700,3614,3493320,218,15985
2394,6,0,18,7,57713820,3615,3493320,218,15991
2395,7,0,16,9,57735540,3614,3493320,218,15998
2396,4,0,18,7,57750900,3614,3493320,218,16002
2397,2,0,14,11,57778920,3615,3493320,218,16004
2398,5,0,15,10,57796080,3615,3493320,218,16009
2399,7,0,14,11,57811980,3614,3493320,218,16016

