Hour,Arrivals,Waiting,Treating,Available Rooms,Total Treatment Time,Average Treatment Time,Total Wait Time,Average Wait Time,Total Arrivals
1,7,0,6,19,1740,1740,0,0,7
2,8,0,8,17,16380,2340,0,0,15
3,7,0,9,16,41580,3198,0,0,22
4,7,0,10,15,63000,3315,0,0,29
5,10,0,8,17,116640,3762,0,0,39
6,8,0,7,18,142080,3552,0,0,47
7,14,0,12,13,178260,3637,0,0,61
8,7,0,9,16,213780,3623,0,0,68
9,8,0,8,17,262440,3859,0,0,76
10,9,0,6,19,293220,3711,0,0,85
11,15,0,16,9,308400,3671,0,0,100
12,11,0,12,13,355320,3589,0,0,111
13,12,0,10,15,407100,3602,0,0,123
14,12,0,10,15,446940,3575,0,0,135
15,17,0,16,9,480600,3533,0,0,152
16,10,0,8,17,542040,3519,0,0,162
17,7,0,11,14,568020,3595,0,0,169
18,7,0,9,16,620400,3714,0,0,176
19,6,0,10,15,641280,3728,0,0,182
20,8,0,9,16,674100,3724,0,0,190
21,7,0,10,15,702540,3756,0,0,197
22,6,0,7,18,734340,3746,0,0,203
23,10,0,6,19,781200,3773,0,0,213
24,6,0,10,15,786420,3762,0,0,219
25,4,0,7,18,825000,3819,0,0,223
26,7,0,8,17,856740,3859,0,0,230
27,3,0,4,21,885720,3867,0,0,233
28,5,0,5,20,893280,3833,0,0,238
29,13,0,9,16,918780,3796,0,0,251
30,1,0,5,20,942300,3814,0,0,252
31,6,0,6,19,960300,3810,0,0,258
32,8,0,8,17,992160,3845,0,0,266
33,14,0,14,11,1009200,3793,0,0,280
34,14,0,16,9,1060260,3813,0,0,294
35,13,0,15,10,1105680,3786,0,0,307
36,15,0,14,11,1160880,3769,0,0,322
37,12,0,17,8,1199880,3785,0,0,334
38,9,0,12,13,1263600,3817,0,0,343
39,20,0,19,6,1315440,3823,0,0,363
40,11,0,16,9,1371360,3830,0,0,374
41,9,0,7,18,1434120,3814,0,0,383
42,10,0,10,15,1465860,3827,0,0,393
43,8,0,11,14,1479960,3794,0,0,401
44,6,0,5,20,1530480,3807,0,0,407
45,5,0,5,20,1550460,3809,0,0,412
46,3,0,4,21,1561320,3798,0,0,415
47,5,0,3,22,1587780,3807,0,0,420
48,3,0,1,24,1602300,3796,0,0,423
49,5,0,3,22,1608960,3785,0,0,428
50,6,0,5,20,1620720,3777,0,0,434
51,5,0,4,21,1637400,3764,0,0,439
52,7,0,8,17,1651380,3770,0,0,446
53,6,0,8,17,1672380,3766,0,0,452
54,6,0,8,17,1693380,3763,0,0,458
55,9,0,10,15,1720800,3765,0,0,467
56,9,0,11,14,1762320,3789,0,0,476
57,13,0,12,13,1785420,3743,0,0,489
58,5,0,5,20,1852080,3787,0,0,494
59,11,0,9,16,1877700,3785,0,0,505
60,10,0,13,12,1893420,3771,0,0,515
61,10,0,11,14,1937280,3769,0,0,525
62,13,0,14,11,1979820,3778,0,0,538
63,16,0,13,12,2037300,3765,0,0,554
64,6,0,7,18,2082840,3766,0,0,560
65,10,0,12,13,2107740,3777,0,0,570
66,9,0,12,13,2150040,3791,0,0,579
67,9,0,12,13,2188680,3799,0,0,588
68,7,0,9,16,2237400,3818,0,0,595
69,9,0,8,17,2276640,3819,0,0,604
70,8,0,10,15,2295660,3813,0,0,612
71,7,0,9,16,2318940,3801,0,0,619
72,4,0,6,19,2344080,3799,0,0,623
73,7,0,7,18,2376600,3814,0,0,630
74,7,0,7,18,2391240,3795,0,0,637
75,6,0,7,18,2428560,3818,0,0,643
76,2,0,6,19,2437500,3814,0,0,645
77,12,0,10,15,2478960,3831,0,0,657
78,8,0,9,16,2508060,3823,0,0,665
79,7,0,7,18,2547360,3830,0,0,672
80,8,0,10,15,2557620,3817,0,0,680
81,11,0,11,14,2605080,3831,0,0,691
82,10,0,11,14,2642400,3829,0,0,701
83,8,0,12,13,2669460,3829,0,0,709
84,10,0,10,15,2710440,3822,0,0,719
85,8,0,10,15,2735340,3814,0,0,727
86,14,0,12,13,2779920,3813,0,0,741
87,9,0,9,16,2837880,3829,0,0,750
88,15,0,12,13,2870820,3812,0,0,765
89,9,0,11,14,2910300,3814,0,0,774
90,10,0,13,12,2944440,3818,0,0,784
91,13,0,9,16,3013080,3823,0,0,797
92,6,0,6,19,3045840,3821,0,0,803
93,8,0,7,18,3065220,3812,0,0,811
94,4,0,6,19,3079740,3806,0,0,815
95,5,0,5,20,3110340,3816,0,0,820
96,3,0,4,21,3124020,3814,0,0,823
97,8,0,10,15,3130080,3812,0,0,831
98,6,0,11,14,3150480,3814,0,0,837
99,5,0,7,18,3194400,3825,0,0,842
100,5,0,4,21,3236940,3839,0,0,847
101,8,0,9,16,3241620,3831,0,0,855
102,12,0,10,15,3264540,3809,0,0,867
103,6,0,4,21,3321420,3822,0,0,873
104,7,0,3,22,3337200,3805,0,0,880
105,9,0,7,18,3357000,3806,0,0,889
106,6,0,9,16,3365340,3798,0,0,895
107,16,0,15,10,3390240,3783,0,0,911
108,13,0,10,15,3447780,3772,0,0,924
109,14,0,11,14,3484860,3759,0,0,938
110,16,0,15,10,3518700,3747,0,0,954
111,9,0,9,16,3568140,3740,0,0,963
112,13,0,13,12,3596700,3734,0,0,976
113,7,0,9,16,3641880,3739,0,0,983
114,9,0,10,15,3678240,3745,0,0,992
115,8,0,10,15,3695880,3733,0,0,1000
116,4,0,6,19,3738000,3745,0,0,1004
117,10,0,9,16,3759240,3740,0,0,1014
118,4,0,6,19,3786780,3741,0,0,1018
119,6,0,4,21,3817020,3742,0,0,1024
120,7,0,6,19,3828720,3735,0,0,1031
121,6,0,7,18,3851940,3739,0,0,1037
122,8,0,5,20,3880380,3731,0,0,1045
123,6,0,6,19,3892740,3725,0,0,1051
124,5,0,5,20,3914880,3724,0,0,1056
125,1,0,3,22,3931560,3730,0,0,1057
126,4,0,6,19,3932520,3727,0,0,1061
127,10,0,10,15,3960780,3733,0,0,1071
128,3,0,3,22,3997980,3732,0,0,1074
129,7,0,8,17,4001100,3728,0,0,1081
130,8,0,12,13,4014960,3727,0,0,1089
131,11,0,11,14,4069860,3737,0,0,1100
132,4,0,6,19,4104960,3738,0,0,1104
133,11,0,8,17,4139220,3739,0,0,1115
134,11,0,10,15,4163580,3730,0,0,1126
135,14,0,10,15,4204920,3721,0,0,1140
136,9,0,8,17,4240560,3716,0,0,1149
137,11,0,7,18,4281480,3713,0,0,1160
138,9,0,11,14,4300920,3714,0,0,1169
139,6,0,10,15,4329060,3715,0,0,1175
140,10,0,7,18,4380840,3718,0,0,1185
141,9,0,9,16,4403400,3715,0,0,1194
142,2,0,4,21,4429560,3716,0,0,1196
143,8,0,7,18,4455540,3722,0,0,1204
144,5,0,5,20,4478520,3719,0,0,1209
145,7,0,6,19,4501080,3719,0,0,1216
146,3,0,4,21,4517640,3718,0,0,1219
147,6,0,8,17,4526100,3719,0,0,1225
148,6,0,7,18,4552620,3719,0,0,1231
149,8,0,7,18,4569900,3709,0,0,1239
150,7,0,8,17,4598220,3714,0,0,1246
151,11,0,12,13,4618320,3709,0,0,1257
152,5,0,10,15,4642620,3708,0,0,1262
153,10,0,9,16,4702860,3723,0,0,1272
154,11,0,10,15,4730520,3716,0,0,1283
155,11,0,11,14,4759740,3709,0,0,1294
156,15,0,17,8,4800960,3715,0,0,1309
157,14,0,15,10,4855920,3712,0,0,1323
158,7,0,10,15,4891320,3705,0,0,1330
159,8,0,7,18,4953060,3721,0,0,1338
160,11,0,12,13,4971780,3718,0,0,1349
161,10,0,14,11,4994940,3713,0,0,1359
162,6,0,9,16,5053500,3726,0,0,1365
163,8,0,10,15,5080920,3727,0,0,1373
164,11,0,11,14,5133180,3738,0,0,1384
165,4,0,4,21,5169900,3735,0,0,1388
166,11,0,9,16,5196840,3738,0,0,1399
167,12,0,9,16,5224380,3726,0,0,1411
168,7,0,6,19,5260560,3725,0,0,1418
169,7,0,5,20,5286240,3722,0,0,1425
170,5,0,5,20,5311320,3727,0,0,1430
171,8,0,8,17,5326020,3724,0,0,1438
172,4,0,5,20,5348820,3722,0,0,1442
173,6,0,6,19,5370240,3724,0,0,1448
174,7,0,6,19,5386500,3717,0,0,1455
175,7,0,6,19,5396700,3706,0,0,1462
176,12,0,12,13,5419500,3706,0,0,1474
177,16,0,16,9,5455560,3701,0,0,1490
178,7,0,10,15,5501400,3699,0,0,1497
179,13,0,9,16,5548200,3696,0,0,1510
180,9,0,9,16,5579520,3695,0,0,1519
181,12,0,10,15,5615340,3691,0,0,1531
182,9,0,12,13,5635620,3688,0,0,1540
183,15,0,12,13,5698740,3693,0,0,1555
184,16,0,13,12,5737320,3682,0,0,1571
185,9,0,9,16,5785560,3682,0,0,1580
186,9,0,8,17,5816580,3679,0,0,1589
187,7,0,8,17,5845200,3680,0,0,1596
188,10,0,9,16,5871060,3676,0,0,1606
189,9,0,9,16,5904600,3676,0,0,1615
190,4,0,4,21,5934660,3674,0,0,1619
191,8,0,4,21,5964240,3674,0,0,1627
192,7,0,7,18,5970600,3669,0,0,1634
193,6,0,6,19,5991960,3667,0,0,1640
194,5,0,7,18,6007020,3667,0,0,1645
195,8,0,10,15,6025860,3667,0,0,1653
196,7,0,9,16,6053040,3666,0,0,1660
197,6,0,8,17,6081240,3667,0,0,1666
198,9,0,8,17,6117540,3669,0,0,1675
199,7,0,7,18,6140340,3665,0,0,1682
200,8,0,8,17,6167640,3666,0,0,1690
201,9,0,12,13,6184200,3665,0,0,1699
202,10,0,9,16,6217500,3657,0,0,1709
203,13,0,10,15,6269460,3662,0,0,1722
204,8,0,9,16,6300180,3660,0,0,1730
205,10,0,11,14,6335040,3663,0,0,1740
206,10,0,13,12,6379860,3672,0,0,1750
207,11,0,11,14,6423840,3670,0,0,1761
208,8,0,11,14,6450540,3669,0,0,1769
209,12,0,12,13,6499800,3674,0,0,1781
210,10,0,13,12,6531180,3673,0,0,1791
211,7,0,6,19,6588660,3676,0,0,1798
212,10,0,14,11,6601080,3679,0,0,1808
213,3,0,4,21,6652200,3681,0,0,1811
214,5,0,3,22,6676620,3682,0,0,1816
215,6,0,7,18,6685620,3683,0,0,1822
216,9,0,9,16,6698760,3676,0,0,1831
217,7,0,6,19,6736200,3676,0,0,1838
218,5,0,4,21,6769320,3680,0,0,1843
219,7,0,5,20,6787260,3678,0,0,1850
220,6,0,6,19,6805920,3678,0,0,1856
221,6,0,6,19,6822840,3676,0,0,1862
222,8,0,9,16,6848460,3679,0,0,1870
223,13,0,10,15,6892380,3679,0,0,1883
224,8,0,10,15,6922800,3680,0,0,1891
225,9,0,9,16,6959640,3680,0,0,1900
226,8,0,7,18,6999600,3682,0,0,1908
227,12,0,11,14,7030620,3682,0,0,1920
228,14,0,14,11,7064400,3679,0,0,1934
229,8,0,5,20,7120980,3676,0,0,1942
230,5,0,4,21,7146540,3678,0,0,1947
231,4,0,4,21,7159680,3677,0,0,1951
232,7,0,6,19,7173060,3674,0,0,1958
233,10,0,7,18,7196400,3669,0,0,1968
234,5,0,7,18,7215480,3670,0,0,1973
235,7,0,8,17,7233960,3668,0,0,1980
236,11,0,10,15,7271640,3670,0,0,1991
237,7,0,8,17,7302300,3669,0,0,1998
238,2,0,6,19,7315920,3668,0,0,2000
239,6,0,6,19,7349100,3674,0,0,2006
240,4,0,7,18,7367340,3678,0,0,2010
241,4,0,5,20,7393920,3680,0,0,2014
242,8,0,9,16,7402140,3677,0,0,2022
243,3,0,4,21,7446240,3684,0,0,2025
244,6,0,6,19,7460880,3684,0,0,2031
245,10,0,8,17,7476900,3677,0,0,2041
246,4,0,3,22,7500540,3673,0,0,2045
247,4,0,3,22,7520040,3675,0,0,2049
248,6,0,3,22,7534860,3671,0,0,2055
249,11,0,10,15,7543140,3668,0,0,2066
250,3,0,6,19,7567200,3668,0,0,2069
251,11,0,9,16,7605720,3672,0,0,2080
252,15,0,11,14,7623300,3658,0,0,2095
253,11,0,12,13,7653420,3654,0,0,2106
254,5,0,8,17,7702560,3662,300,0,2111
255,7,0,8,17,7728720,3662,300,0,2118
256,6,0,8,17,7761600,3668,300,0,2124
257,8,0,9,16,7788900,3668,300,0,2132
258,9,0,10,15,7825560,3672,300,0,2141
259,10,0,7,18,7873140,3672,300,0,2151
260,11,0,7,18,7908240,3669,300,0,2162
261,5,0,4,21,7935360,3668,300,0,2167
262,1,0,1,24,7957080,3671,300,0,2168
263,3,0,3,22,7957920,3670,300,0,2171
264,3,0,1,24,7971540,3668,300,0,2174
265,4,0,2,23,7974600,3664,300,0,2178
266,3,0,3,22,7984200,3665,300,0,2181
267,8,0,6,19,7995600,3662,300,0,2189
268,4,0,5,20,8015160,3663,300,0,2193
269,8,0,6,19,8026320,3656,300,0,2201
270,10,0,10,15,8047860,3656,300,0,2211
271,4,0,6,19,8081400,3658,300,0,2215
272,3,0,4,21,8114160,3664,300,0,2218
273,6,0,6,19,8131020,3665,300,0,2224
274,9,0,8,17,8151240,3663,300,0,2233
275,7,0,8,17,8174100,3662,300,0,2240
276,5,0,7,18,8201820,3664,300,0,2245
277,14,0,12,13,8235000,3664,300,0,2259
278,14,0,11,14,8277360,3659,300,0,2273
279,6,0,6,19,8325000,3662,300,0,2279
280,9,0,6,19,8354940,3661,300,0,2288
281,11,0,8,17,8373060,3654,300,0,2299
282,12,0,12,13,8398440,3653,300,0,2311
283,12,0,10,15,8439180,3648,300,0,2323
284,7,0,9,16,8463360,3646,300,0,2330
285,6,0,6,19,8502960,3649,300,0,2336
286,2,0,5,20,8518020,3651,300,0,2338
287,8,0,9,16,8544240,3656,300,0,2346
288,10,0,11,14,8567520,3653,300,0,2356
289,8,0,11,14,8614080,3660,300,0,2364
290,5,0,5,20,8655780,3661,300,0,2369
291,4,0,3,22,8676480,3660,300,0,2373
292,3,0,3,22,8683620,3659,300,0,2376
293,7,0,7,18,8687520,3656,300,0,2383
294,6,0,5,20,8721900,3658,300,0,2389
295,6,0,8,17,8731800,3658,300,0,2395
296,8,0,8,17,8759340,3657,300,0,2403
297,8,0,7,18,8789340,3656,300,0,2411
298,11,0,12,13,8805420,3653,300,0,2422
299,11,0,10,15,8859240,3656,300,0,2433
300,10,0,13,12,8880060,3654,300,0,2443
301,8,0,10,15,8933880,3659,300,0,2451
302,12,0,11,14,8975940,3660,300,0,2463
303,9,0,5,20,9027240,3659,300,0,2472
304,7,0,8,17,9051540,3663,300,0,2479
305,10,0,8,17,9084600,3661,300,0,2489
306,9,0,10,15,9110460,3661,300,0,2498
307,10,0,12,13,9132480,3658,300,0,2508
308,6,0,7,18,9176100,3660,300,0,2514
309,9,0,12,13,9185460,3658,300,0,2523
310,10,0,13,12,9232920,3663,300,0,2533
311,9,0,10,15,9287700,3668,300,0,2542
312,8,0,5,20,9328740,3665,300,0,2550
313,3,0,4,21,9343320,3665,300,0,2553
314,5,0,6,19,9355980,3666,300,0,2558
315,4,0,5,20,9375720,3666,300,0,2562
316,6,0,5,20,9401160,3668,300,0,2568
317,4,0,3,22,9420720,3667,300,0,2572
318,6,0,8,17,9421440,3665,300,0,2578
319,10,0,5,20,9454980,3660,300,0,2588
320,9,0,9,16,9475680,3661,300,0,2597
321,11,0,11,14,9500520,3658,300,0,2608
322,6,0,8,17,9537240,3659,300,0,2614
323,14,0,13,12,9567900,3658,300,0,2628
324,9,0,13,12,9604980,3660,300,0,2637
325,14,0,10,15,9665160,3659,300,0,2651
326,10,0,14,11,9704280,3666,300,0,2661
327,11,0,11,14,9754080,3665,300,0,2672
328,12,0,16,9,9771360,3662,300,0,2684
329,9,0,17,8,9811920,3666,300,0,2693
330,8,0,10,15,9896700,3677,300,0,2701
331,14,0,14,11,9939120,3679,300,0,2715
332,11,0,11,14,9987300,3678,300,0,2726
333,3,0,6,19,10021080,3680,300,0,2729
334,6,0,9,16,10028640,3678,300,0,2735
335,9,0,6,19,10086240,3683,300,0,2744
336,3,0,3,22,10109520,3684,300,0,2747
337,6,0,8,17,10112880,3684,300,0,2753
338,5,0,6,19,10136340,3683,300,0,2758
339,3,0,2,23,10162140,3683,300,0,2761
340,3,0,5,20,10162140,3683,300,0,2764
341,3,0,4,21,10183620,3685,300,0,2767
342,4,0,2,23,10200000,3683,300,0,2771
343,5,0,6,19,10202340,3683,300,0,2776
344,12,0,10,15,10225260,3680,300,0,2788
345,9,0,13,12,10246560,3680,300,0,2797
346,11,0,13,12,10286040,3680,300,0,2808
347,15,0,16,9,10350180,3687,300,0,2823
348,9,0,10,15,10393740,3683,300,0,2832
349,9,0,8,17,10448400,3688,300,0,2841
350,14,0,13,12,10469580,3683,300,0,2855
351,9,0,10,15,10521420,3686,300,0,2864
352,6,0,9,16,10554840,3689,300,0,2870
353,11,0,10,15,10590540,3688,300,0,2881
354,12,0,15,10,10613340,3687,300,0,2893
355,8,0,11,14,10666140,3690,300,0,2901
356,10,0,10,15,10713900,3693,300,0,2911
357,6,0,7,18,10745520,3692,300,0,2917
358,9,0,8,17,10774680,3692,300,0,2926
359,4,0,6,19,10805280,3695,300,0,2930
360,1,0,2,23,10833420,3698,300,0,2931
361,2,0,4,21,10833420,3698,300,0,2933
362,6,0,4,21,10860420,3700,300,0,2939
363,5,0,6,19,10868280,3699,300,0,2944
364,9,0,8,17,10894440,3699,300,0,2953
365,5,0,2,23,10931700,3698,300,0,2958
366,7,0,5,20,10939320,3695,300,0,2965
367,7,0,6,19,10955520,3693,300,0,2972
368,6,0,4,21,10984800,3693,300,0,2978
369,7,0,5,20,10996380,3690,300,0,2985
370,9,0,8,17,11020980,3690,300,0,2994
371,3,0,2,23,11052360,3690,300,0,2997
372,7,0,6,19,11056560,3687,300,0,3004
373,13,0,10,15,11075640,3683,300,0,3017
374,9,0,7,18,11115780,3681,300,0,3026
375,12,0,10,15,11136420,3677,300,0,3038
376,8,0,10,15,11165160,3677,300,0,3046
377,12,0,10,15,11209260,3677,300,0,3058
378,13,0,9,16,11242620,3671,300,0,3071
379,9,0,10,15,11265960,3669,300,0,3080
380,5,0,5,20,11304780,3670,300,0,3085
381,11,0,2,23,11338920,3664,300,0,3096
382,6,0,5,20,11346720,3663,300,0,3102
383,5,0,8,17,11356560,3664,300,0,3107
384,3,0,5,20,11380080,3665,300,0,3110
385,2,0,1,24,11414760,3669,300,0,3112
386,7,0,6,19,11416560,3667,300,0,3119
387,6,0,4,21,11438100,3664,300,0,3125
388,7,0,5,20,11454360,3663,300,0,3132
389,5,0,5,20,11461020,3659,300,0,3137
390,8,0,7,18,11481420,3658,300,0,3145
391,11,0,11,14,11508180,3659,300,0,3156
392,8,0,10,15,11536740,3657,300,0,3164
393,10,0,9,16,11584260,3660,300,0,3174
394,8,0,11,14,11597940,3657,300,0,3182
395,8,0,11,14,11640660,3661,300,0,3190
396,7,0,7,18,11673960,3659,300,0,3197
397,11,0,13,12,11713020,3666,300,0,3208
398,10,0,13,12,11736540,3661,300,0,3218
399,9,0,11,14,11776800,3661,300,0,3227
400,9,0,9,16,11829600,3665,300,0,3236
401,5,0,3,22,11868840,3665,300,0,3241
402,6,0,6,19,11874420,3663,300,0,3247
403,10,0,10,15,11888340,3661,300,0,3257
404,4,0,7,18,11916660,3662,300,0,3261
405,3,0,5,20,11944620,3665,300,0,3264
406,5,0,3,22,11970060,3665,300,0,3269
407,4,0,1,24,11989680,3664,300,0,3273
408,7,0,8,17,11989680,3664,300,0,3280
409,5,0,6,19,12014700,3664,300,0,3285
410,5,0,8,17,12031740,3665,300,0,3290
411,3,0,3,22,12071700,3669,300,0,3293
412,2,0,1,24,12095220,3671,300,0,3295
413,5,0,5,20,12095700,3670,300,0,3300
414,7,0,7,18,12109440,3669,300,0,3307
415,7,0,4,21,12139680,3667,300,0,3314
416,8,0,7,18,12157380,3667,300,0,3322
417,7,0,5,20,12189180,3667,300,0,3329
418,10,0,12,13,12194940,3665,300,0,3339
419,10,0,11,14,12228120,3663,300,0,3349
420,14,0,8,17,12284880,3661,300,0,3363
421,17,0,16,9,12312780,3660,300,0,3380
422,12,0,16,9,12349920,3658,300,0,3392
423,10,0,10,15,12399540,3655,300,0,3402
424,7,0,8,17,12441540,3658,300,0,3409
425,12,0,9,16,12473400,3655,300,0,3421
426,12,0,10,15,12506160,3653,300,0,3433
427,7,0,7,18,12542940,3653,300,0,3440
428,5,0,3,22,12575460,3653,300,0,3445
429,4,0,3,22,12592020,3654,300,0,3449
430,3,0,5,20,12596220,3654,300,0,3452
431,4,0,3,22,12614160,3653,300,0,3456
432,4,0,4,21,12624840,3653,300,0,3460
433,4,0,6,19,12631620,3652,300,0,3464
434,5,0,7,18,12645300,3652,300,0,3469
435,7,0,8,17,12674880,3654,300,0,3476
436,4,0,7,18,12700080,3656,300,0,3480
437,2,0,2,23,12727560,3657,300,0,3482
438,6,0,4,21,12738300,3656,300,0,3488
439,5,0,5,20,12748620,3654,300,0,3493
440,10,0,8,17,12760500,3651,300,0,3503
441,7,0,8,17,12807840,3657,300,0,3510
442,10,0,7,18,12832560,3652,300,0,3520
443,16,0,14,11,12851880,3649,300,0,3536
444,9,0,10,15,12895380,3647,300,0,3545
445,9,0,12,13,12919200,3647,300,0,3554
446,13,0,11,14,12954600,3643,300,0,3567
447,9,0,8,17,13003740,3644,300,0,3576
448,8,0,9,16,13023240,3642,300,0,3584
449,4,0,5,20,13054980,3643,300,0,3588
450,4,0,4,21,13075140,3644,300,0,3592
451,8,0,5,20,13089000,3640,300,0,3600
452,12,0,10,15,13103580,3637,300,0,3612
453,5,0,9,16,13124940,3637,300,0,3617
454,4,0,7,18,13160760,3641,300,0,3621
455,2,0,5,20,13188060,3645,300,0,3623
456,5,0,7,18,13209840,3648,300,0,3628
457,0,0,5,20,13221780,3649,300,0,3628
458,6,0,3,22,13254480,3650,300,0,3634
459,9,0,7,18,13263180,3647,300,0,3643
460,6,0,5,20,13284840,3645,300,0,3649
461,8,0,7,18,13297140,3643,300,0,3657
462,8,0,6,19,13322580,3641,300,0,3665
463,4,0,3,22,13353180,3642,300,0,3669
464,10,0,8,17,13363380,3640,300,0,3679
465,7,0,10,15,13377720,3639,300,0,3686
466,11,0,13,12,13407360,3639,300,0,3697
467,4,0,6,19,13460220,3642,300,0,3701
468,9,0,6,19,13492320,3642,300,0,3710
469,11,0,13,12,13499460,3640,300,0,3721
470,12,0,11,14,13536480,3636,300,0,3733
471,14,0,12,13,13583040,3636,300,0,3747
472,15,0,18,7,13614000,3636,300,0,3762
473,6,0,11,14,13664760,3637,300,0,3768
474,8,0,4,21,13733640,3640,300,0,3776
475,7,0,6,19,13744740,3639,300,0,3783
476,5,0,4,21,13766700,3638,300,0,3788
477,5,0,3,22,13785180,3637,300,0,3793
478,4,0,4,21,13792740,3636,300,0,3797
479,4,0,5,20,13797180,3634,300,0,3801
480,5,0,8,17,13801020,3633,300,0,3806
481,6,0,6,19,13827540,3633,300,0,3812
482,2,0,1,24,13869060,3637,300,0,3814
483,6,0,7,18,13869060,3637,300,0,3820
484,10,0,8,17,13888380,3633,300,0,3830
485,7,0,10,15,13904760,3633,300,0,3837
486,6,0,7,18,13953300,3637,300,0,3843
487,8,0,9,16,13969320,3635,300,0,3851
488,5,0,7,18,14000160,3637,300,0,3856
489,10,0,8,17,14035560,3638,300,0,3866
490,12,0,7,18,14068500,3634,300,0,3878
491,7,0,7,18,14082660,3631,300,0,3885
492,12,0,10,15,14122200,3633,300,0,3897
493,8,0,8,17,14152680,3631,300,0,3905
494,15,0,13,12,14180280,3629,300,0,3920
495,7,0,8,17,14227440,3630,300,0,3927
496,12,0,6,19,14276820,3630,300,0,3939
497,5,0,6,19,14289480,3628,300,0,3944
498,6,0,7,18,14309520,3629,300,0,3950
499,8,0,5,20,14341920,3628,300,0,3958
500,10,0,11,14,14356680,3628,300,0,3968
501,6,0,6,19,14398980,3628,300,0,3974
502,4,0,7,18,14406600,3627,300,0,3978
503,10,0,11,14,14437500,3630,300,0,3988
504,11,0,11,14,14478060,3630,300,0,3999
505,7,0,6,19,14522820,3630,300,0,4006
506,9,0,4,21,14559180,3629,300,0,4015
507,5,0,4,21,14566500,3627,300,0,4020
508,3,0,4,21,14577840,3627,300,0,4023
509,4,0,3,22,14594460,3626,300,0,4027
510,4,0,5,20,14598960,3626,300,0,4031
511,6,0,5,20,14621940,3626,300,0,4037
512,7,0,5,20,14645640,3626,300,0,4044
513,8,0,7,18,14656920,3623,300,0,4052
514,11,0,11,14,14677920,3622,300,0,4063
515,11,0,11,14,14708040,3619,300,0,4074
516,9,0,7,18,14771340,3623,300,0,4083
517,12,0,15,10,14786100,3624,300,0,4095
518,15,0,17,8,14821380,3621,300,0,4110
519,12,0,13,12,14886240,3622,300,0,4122
520,12,0,12,13,14962260,3629,300,0,4134
521,7,0,8,17,14998020,3628,300,0,4141
522,11,0,11,14,15027600,3628,300,0,4152
523,7,0,5,20,15068160,3627,300,0,4159
524,12,0,12,13,15091200,3628,300,0,4171
525,2,0,3,22,15128880,3628,300,0,4173
526,7,0,5,20,15141660,3626,300,0,4180
527,9,0,9,16,15163380,3627,300,0,4189
528,7,0,9,16,15184620,3626,300,0,4196
529,3,0,3,22,15222960,3627,300,0,4199
530,5,0,4,21,15240240,3628,300,0,4204
531,5,0,3,22,15254940,3626,300,0,4209
532,13,0,14,11,15256800,3625,300,0,4222
533,6,0,8,17,15294240,3624,300,0,4228
534,5,0,6,19,15330540,3626,300,0,4233
535,6,0,7,18,15349260,3626,300,0,4239
536,14,0,13,12,15374520,3626,300,0,4253
537,7,0,11,14,15410100,3626,300,0,4260
538,5,0,5,20,15457440,3628,300,0,4265
539,10,0,9,16,15476520,3627,300,0,4275
540,16,0,17,8,15507600,3628,300,0,4291
541,11,0,15,10,15549240,3627,300,0,4302
542,12,0,14,11,15606480,3629,300,0,4314
543,13,0,10,15,15665220,3628,300,0,4327
544,6,0,6,19,15710040,3630,300,0,4333
545,11,0,8,17,15734280,3628,300,0,4344
546,14,0,14,11,15762360,3628,300,0,4358
547,12,0,15,10,15803400,3628,300,0,4370
548,11,0,8,17,15872640,3629,300,0,4381
549,7,0,3,22,15901920,3626,300,0,4388
550,6,0,7,18,15910140,3626,300,0,4394
551,7,0,8,17,15935820,3627,300,0,4401
552,7,0,10,15,15949800,3626,300,0,4408
553,8,0,11,14,15982800,3628,300,0,4416
554,8,0,14,11,16007040,3629,300,0,4424
555,8,0,8,17,16075800,3633,300,0,4432
556,4,0,4,21,16109100,3634,300,0,4436
557,7,0,8,17,16124280,3635,300,0,4443
558,9,0,8,17,16149840,3634,300,0,4452
559,6,0,10,15,16167780,3634,300,0,4458
560,7,0,8,17,16211760,3637,300,0,4465
561,10,0,13,12,16224180,3636,300,0,4475
562,5,0,11,14,16267980,3640,300,0,4480
563,12,0,7,18,16323720,3639,300,0,4492
564,20,0,16,9,16346880,3635,300,0,4512
565,9,0,9,16,16402080,3635,300,0,4521
566,8,0,5,20,16441140,3634,300,0,4529
567,11,0,11,14,16457940,3633,300,0,4540
568,8,0,8,17,16490940,3632,300,0,4548
569,10,0,10,15,16516980,3631,300,0,4558
570,12,0,10,15,16564680,3632,300,0,4570
571,3,0,6,19,16592640,3633,300,0,4573
572,2,0,2,23,16625760,3635,300,0,4575
573,5,0,3,22,16639740,3635,300,0,4580
574,8,0,8,17,16647960,3634,300,0,4588
575,10,0,10,15,16673760,3634,300,0,4598
576,5,0,6,19,16704780,3633,300,0,4603
577,4,0,4,21,16726260,3633,300,0,4607
578,2,0,1,24,16743480,3633,300,0,4609
579,2,0,0,25,16747860,3632,300,0,4611
580,9,0,8,17,16748820,3631,300,0,4620
581,6,0,5,20,16775640,3630,300,0,4626
582,5,0,5,20,16799220,3631,300,0,4631
583,7,0,9,16,16801740,3629,300,0,4638
584,7,0,6,19,16839360,3629,300,0,4645
585,5,0,5,20,16865280,3630,300,0,4650
586,10,0,10,15,16885740,3631,300,0,4660
587,12,0,9,16,16912740,3627,300,0,4672
588,10,0,10,15,16941540,3626,300,0,4682
589,9,0,12,13,16975260,3627,300,0,4691
590,15,0,14,11,17015400,3626,300,0,4706
591,7,0,11,14,17049420,3625,300,0,4713
592,10,0,10,15,17105400,3629,300,0,4723
593,10,0,10,15,17137980,3628,300,0,4733
594,9,0,9,16,17177220,3629,300,0,4742
595,15,0,9,16,17222400,3627,300,0,4757
596,12,0,15,10,17247180,3627,300,0,4769
597,3,0,5,20,17305200,3630,300,0,4772
598,4,0,4,21,17333880,3632,300,0,4776
599,5,0,6,19,17346120,3632,300,0,4781
600,4,0,6,19,17358480,3632,300,0,4785
601,8,0,6,19,17383260,3631,300,0,4793
602,8,0,6,19,17416980,3632,300,0,4801
603,8,0,11,14,17427780,3632,300,0,4809
604,9,0,10,15,17463060,3632,300,0,4818
605,7,0,11,14,17485320,3632,300,0,4825
606,3,0,7,18,17521020,3634,300,0,4828
607,7,0,3,22,17574960,3637,300,0,4835
608,8,0,6,19,17586000,3635,300,0,4843
609,8,0,6,19,17611440,3634,300,0,4851
610,21,0,20,5,17626860,3632,300,0,4872
611,9,0,13,12,17677320,3631,300,0,4881
612,10,0,15,10,17709060,3631,300,0,4891
613,8,0,9,16,17781000,3636,300,0,4899
614,6,0,6,19,17819640,3637,300,0,4905
615,5,0,6,19,17847840,3639,300,0,4910
616,9,0,6,19,17866260,3636,300,0,4919
617,14,0,9,16,17886960,3632,300,0,4933
618,11,0,10,15,17908620,3629,300,0,4944
619,5,0,8,17,17944380,3631,300,0,4949
620,6,0,3,22,17984940,3631,300,0,4955
621,5,0,7,18,17989320,3632,300,0,4960
622,5,0,6,19,18007740,3631,300,0,4965
623,5,0,5,20,18026460,3630,300,0,4970
624,6,0,6,19,18038280,3629,300,0,4976
625,7,0,5,20,18076080,3631,300,0,4983
626,9,0,6,19,18100980,3630,300,0,4992
627,8,0,5,20,18123300,3628,300,0,5000
628,5,0,4,21,18143460,3627,300,0,5005
629,9,0,7,18,18151380,3625,300,0,5014
630,5,0,5,20,18182580,3626,300,0,5019
631,10,0,9,16,18198000,3625,300,0,5029
632,11,0,14,11,18222420,3625,300,0,5040
633,8,0,8,17,18271440,3625,300,0,5048
634,11,0,11,14,18296160,3624,300,0,5059
635,11,0,8,17,18358080,3626,300,0,5070
636,6,0,7,18,18381960,3626,300,0,5076
637,19,0,14,11,18412260,3623,300,0,5095
638,8,0,12,13,18443400,3622,300,0,5103
639,13,0,12,13,18494520,3623,300,0,5116
640,9,0,12,13,18524400,3623,300,0,5125
641,6,0,8,17,18570420,3624,300,0,5131
642,3,0,5,20,18598080,3626,300,0,5134
643,7,0,7,18,18619020,3626,300,0,5141
644,8,0,11,14,18634680,3626,300,0,5149
645,4,0,7,18,18661680,3626,300,0,5153
646,5,0,6,19,18695940,3628,300,0,5158
647,9,0,8,17,18730980,3630,300,0,5167
648,3,0,3,22,18763980,3631,300,0,5170
649,7,0,6,19,18780180,3631,300,0,5177
650,5,0,8,17,18795780,3632,300,0,5182
651,6,0,8,17,18815220,3632,300,0,5188
652,10,0,9,16,18852120,3633,300,0,5198
653,12,0,12,13,18876720,3631,300,0,5210
654,7,0,9,16,18918840,3632,300,0,5217
655,5,0,3,22,18974700,3635,300,0,5222
656,7,0,8,17,18976440,3634,300,0,5229
657,7,0,7,18,18998460,3633,300,0,5236
658,9,0,10,15,19021080,3633,300,0,5245
659,17,0,16,9,19057680,3632,300,0,5262
660,10,0,9,16,19106280,3630,300,0,5272
661,5,0,7,18,19142160,3632,300,0,5277
662,6,0,4,21,19174800,3632,300,0,5283
663,9,0,5,20,19194360,3630,300,0,5292
664,6,0,7,18,19208940,3630,300,0,5298
665,7,0,6,19,19231500,3629,300,0,5305
666,10,0,8,17,19260120,3629,300,0,5315
667,12,0,12,13,19273680,3626,300,0,5327
668,10,0,12,13,19311600,3626,300,0,5337
669,6,0,7,18,19360980,3628,300,0,5343
670,5,0,4,21,19389240,3628,300,0,5348
671,11,0,9,16,19413000,3628,300,0,5359
672,6,0,9,16,19432020,3628,300,0,5365
673,5,0,12,13,19435140,3627,300,0,5370
674,6,0,14,11,19448460,3627,300,0,5376
675,11,0,20,5,19457880,3625,300,0,5387
676,10,8,17,8,19481100,3626,2880,0,5397
677,4,8,17,8,19513980,3629,15420,2,5401
678,2,0,17,8,19560420,3631,66960,12,5403
679,7,0,12,13,19599960,3630,66960,12,5410
680,7,0,16,9,19613100,3631,66960,12,5417
681,9,0,17,8,19633920,3629,66960,12,5426
682,10,0,21,4,19658160,3630,66960,12,5436
683,9,0,18,7,19703880,3630,66960,12,5445
684,9,0,15,10,19764900,3633,66960,12,5454
685,11,0,13,12,19786620,3629,66960,12,5465
686,16,0,22,3,19809360,3628,66960,12,5481
687,11,0,21,4,19857720,3629,67080,12,5492
688,5,0,15,10,19903200,3630,67080,12,5497
689,6,0,16,9,19925520,3631,67080,12,5503
690,9,0,18,7,19958880,3632,67080,12,5512
691,16,0,21,4,19985040,3629,67080,12,5528
692,10,0,18,7,20046360,3631,67080,12,5538
693,2,0,15,10,20072460,3633,67080,12,5540
694,8,0,16,9,20109180,3635,67080,12,5548
695,8,0,17,8,20129340,3634,67080,12,5556
696,6,0,15,10,20152980,3633,67080,12,5562
697,5,0,13,12,20188620,3634,67080,12,5567
698,4,0,12,13,20217180,3636,67080,12,5571
699,6,0,14,11,20238180,3637,67080,12,5577
700,6,0,14,11,20257740,3637,67080,12,5583
701,3,0,11,14,20282760,3638,67080,12,5586
702,6,0,14,11,20289840,3637,67080,11,5592
703,8,0,14,11,20317560,3637,67080,11,5600
704,14,0,15,10,20348460,3634,67080,11,5614
705,5,0,15,10,20368080,3634,67080,11,5619
706,10,0,12,13,20406240,3632,67080,11,5629
707,7,0,13,12,20430960,3633,67080,11,5636
708,10,0,14,11,20445960,3630,67080,11,5646
709,6,0,14,11,20468820,3630,67080,11,5652
710,5,0,17,8,20484120,3631,67080,11,5657
711,9,0,16,9,20516160,3631,67080,11,5666
712,13,0,16,9,20554140,3629,67080,11,5679
713,9,0,15,10,20581620,3627,67080,11,5688
714,12,0,19,6,20604180,3626,67080,11,5700
715,12,0,21,4,20632140,3625,67080,11,5712
716,5,0,14,11,20680320,3626,67080,11,5717
717,4,0,12,13,20712660,3628,67080,11,5721
718,2,0,10,15,20727960,3628,67080,11,5723
719,7,0,12,13,20736660,3626,67080,11,5730
720,3,0,14,11,20739240,3626,67080,11,5733
721,5,0,13,12,20768640,3627,67080,11,5738
722,4,0,12,13,20788020,3627,67080,11,5742
723,4,0,15,10,20788620,3627,67080,11,5746
724,5,0,16,9,20806680,3628,67080,11,5751
725,9,0,18,7,20827380,3627,67080,11,5760
726,8,0,18,7,20870400,3629,67080,11,5768
727,7,0,18,7,20890140,3628,67080,11,5775
728,12,0,20,5,20927580,3628,67080,11,5787
729,8,0,16,9,20976720,3629,67080,11,5795
730,11,0,16,9,21019200,3630,67080,11,5806
731,8,0,13,12,21046800,3628,67080,11,5814
732,12,0,17,8,21072360,3627,67080,11,5826
733,15,0,24,1,21098040,3626,67080,11,5841
734,8,0,18,7,21147000,3626,67080,11,5849
735,9,0,15,10,21187200,3626,67080,11,5858
736,13,0,22,3,21208440,3625,67080,11,5871
737,12,0,23,2,21241140,3624,67080,11,5883
738,7,0,16,9,21303960,3626,67080,11,5890
739,3,0,12,13,21345660,3629,67080,11,5893
740,4,0,12,13,21359820,3629,67080,11,5897
741,6,0,14,11,21372600,3629,67080,11,5903
742,4,0,13,12,21388020,3628,67080,11,5907
743,5,0,10,15,21421620,3629,67080,11,5912
744,4,0,13,12,21422460,3629,67080,11,5916
745,1,0,11,14,21429480,3628,67080,11,5917
746,2,0,10,15,21455880,3631,67080,11,5919
747,11,0,17,8,21465120,3630,67080,11,5930
748,5,0,13,12,21487980,3628,67080,11,5935
749,8,0,17,8,21504060,3628,67080,11,5943
750,7,0,16,9,21541620,3630,67080,11,5950
751,5,0,14,11,21576000,3631,67080,11,5955
752,9,0,15,10,21598620,3630,67080,11,5964
753,10,0,16,9,21623040,3629,67080,11,5974
754,10,0,20,5,21641460,3628,67080,11,5984
755,7,0,17,8,21674160,3628,67080,11,5991
756,8,0,17,8,21700860,3627,67080,11,5999
757,6,0,15,10,21730980,3627,67080,11,6005
758,10,0,19,6,21764100,3629,67080,11,6015
759,11,0,21,4,21792360,3629,67080,11,6026
760,11,0,19,6,21850320,3630,67080,11,6037
761,10,0,18,7,21886860,3630,67080,11,6047
762,9,0,11,14,21942780,3629,67080,11,6056
763,10,0,15,10,21955440,3628,67080,11,6066
764,0,0,10,15,21982680,3629,67080,11,6066
765,6,0,12,13,22000620,3630,67080,11,6072
766,7,0,17,8,22003920,3629,67080,11,6079
767,7,0,14,11,22038600,3629,67080,11,6086
768,6,0,15,10,22056660,3629,67080,11,6092
769,2,0,12,13,22074540,3629,67080,11,6094
770,2,0,9,16,22089660,3628,67080,11,6096
771,4,0,11,14,22093620,3628,67080,10,6100
772,7,0,13,12,22109040,3628,67080,10,6107
773,8,0,14,11,22124820,3626,67080,10,6115
774,14,0,20,5,22142340,3624,67080,10,6129
775,10,0,20,5,22176540,3624,67140,10,6139
776,8,0,17,8,22231500,3626,67140,10,6147
777,11,0,17,8,22259700,3624,67140,10,6158
778,6,0,13,12,22293420,3624,67140,10,6164
779,8,0,16,9,22314480,3624,67140,10,6172
780,14,1,19,6,22343460,3623,67140,10,6186
781,12,11,15,10,22361880,3623,70140,11,6198
782,16,25,15,10,22378740,3624,72300,11,6214
783,9,29,16,9,22416840,3628,85500,13,6223
784,12,39,16,9,22433220,3629,92220,14,6235
785,7,36,22,3,22462260,3632,156840,25,6242
786,8,28,25,0,22534140,3636,262560,42,6250
787,6,9,25,0,22599240,3632,598020,95,6256
788,20,0,25,0,22646400,3622,696180,110,6276
789,5,0,13,12,22693740,3620,696180,110,6281
790,7,0,15,10,22717020,3621,696180,110,6288
791,4,0,16,9,22732860,3622,696180,110,6292
792,6,0,14,11,22776600,3624,696180,110,6298
793,4,0,12,13,22798620,3624,696180,110,6302
794,2,0,11,14,22814820,3625,696180,110,6304
795,3,0,12,13,22820760,3625,696180,110,6307
796,6,0,14,11,22835880,3625,696180,110,6313
797,3,0,15,10,22842120,3625,696180,110,6316
798,5,0,13,12,22871460,3625,696180,110,6321
799,9,0,15,10,22890960,3624,696180,109,6330
800,1,0,12,13,22907940,3625,696180,109,6331
801,14,0,15,10,22938780,3623,696180,109,6345
802,11,0,19,6,22959780,3623,696180,109,6356
803,7,0,15,10,22996260,3622,696180,109,6363
804,5,0,13,12,23028000,3623,696180,109,6368
805,11,0,18,7,23044260,3622,696180,109,6379
806,7,0,18,7,23076540,3623,696180,109,6386
807,13,0,18,7,23114520,3622,696180,108,6399
808,12,1,18,7,23141100,3620,696420,108,6411
809,11,0,22,3,23186340,3622,696780,108,6422
810,5,1,16,9,23225520,3623,697500,108,6427
811,8,0,16,9,23276640,3626,702540,109,6435
812,10,0,13,12,23309580,3624,702540,109,6445
813,4,0,12,13,23321640,3623,702540,108,6449
814,5,0,13,12,23342160,3623,702540,108,6454
815,6,0,14,11,23353620,3622,702540,108,6460
816,4,0,11,14,23374680,3622,702540,108,6464
817,3,0,12,13,23383320,3622,702540,108,6467
818,5,0,15,10,23390400,3622,702540,108,6472
819,7,0,12,13,23428740,3622,702540,108,6479
820,6,0,13,12,23440740,3621,702540,108,6485
821,6,0,10,15,23463780,3620,702540,108,6491
822,10,0,16,9,23472900,3619,702540,108,6501
823,5,0,11,14,23503320,3618,702540,107,6506
824,11,0,17,8,23510880,3617,702540,107,6517
825,11,0,18,7,23548980,3617,702540,107,6528
826,9,0,19,6,23577180,3617,702540,107,6537
827,14,1,20,5,23609640,3615,702960,107,6551
828,8,3,19,6,23652420,3618,710280,108,6559
829,13,0,19,6,23694720,3615,717780,109,6572
830,8,0,20,5,23737140,3618,720540,109,6580
831,7,0,15,10,23780400,3618,720540,109,6587
832,4,0,15,10,23800740,3619,720540,109,6591
833,5,0,14,11,23824140,3619,720540,109,6596
834,8,0,16,9,23854800,3620,720540,109,6604
835,9,0,17,8,23870700,3618,720540,108,6613
836,7,0,14,11,23907480,3619,720540,108,6620
837,6,0,15,10,23928060,3619,720540,108,6626
838,3,0,12,13,23949240,3619,720540,108,6629
839,5,0,11,14,23976360,3620,720540,108,6634
840,5,0,13,12,23982480,3619,720540,108,6639
841,6,0,11,14,24007560,3618,720540,108,6645
842,5,0,10,15,24023580,3618,720540,108,6650
843,4,0,12,13,24030480,3617,720540,108,6654
844,6,0,14,11,24046320,3618,720540,108,6660
845,7,0,15,10,24058860,3616,720540,108,6667
846,6,0,15,10,24080460,3616,720540,107,6673
847,7,0,13,12,24108240,3616,720540,107,6680
848,5,0,14,11,24125160,3616,720540,107,6685
849,5,0,12,13,24148020,3616,720540,107,6690
850,11,0,16,9,24164460,3614,720540,107,6701
851,18,0,24,1,24184440,3612,720540,107,6719
852,6,0,15,10,24227820,3610,720540,107,6725
853,13,0,19,6,24261360,3610,720540,106,6738
854,11,0,17,8,24296160,3609,720540,106,6749
855,11,0,21,4,24326400,3609,720540,106,6760
856,5,0,18,7,24367140,3611,720540,106,6765
857,12,0,21,4,24408900,3612,720540,106,6777
858,11,0,19,6,24448800,3611,720540,106,6788
859,11,0,23,2,24472620,3611,720540,105,6799
860,6,0,17,8,24518280,3612,720540,105,6805
861,7,0,12,13,24560400,3611,720540,105,6812
862,4,0,14,11,24567000,3611,720540,105,6816
863,5,0,14,11,24590940,3612,720540,105,6821
864,3,0,13,12,24606540,3612,720540,105,6824
865,1,0,12,13,24618540,3613,720540,105,6825
866,6,0,14,11,24648060,3615,720540,105,6831
867,5,0,13,12,24674880,3616,720540,105,6836
868,7,0,16,9,24691740,3616,720540,105,6843
869,5,0,14,11,24728640,3618,720540,105,6848
870,9,0,14,11,24754140,3617,720540,105,6857
871,8,0,17,8,24768240,3616,720540,104,6865
872,6,0,12,13,24805260,3616,720540,104,6871
873,16,0,18,7,24819780,3613,720540,104,6887
874,15,0,18,7,24851100,3609,720540,104,6902
875,10,0,18,7,24875820,3608,720540,104,6912
876,7,0,18,7,24908460,3609,720540,104,6919
877,14,0,19,6,24959220,3609,720540,103,6933
878,8,0,16,9,25001160,3610,720540,103,6941
879,9,0,19,6,25022280,3610,720540,103,6950
880,8,0,16,9,25066920,3610,720540,103,6958
881,6,0,18,7,25096020,3613,720540,103,6964
882,7,0,14,11,25142460,3613,720540,103,6971
883,7,0,16,9,25163760,3614,720540,103,6978
884,12,0,19,6,25202760,3615,721980,103,6990
885,6,1,18,7,25223880,3615,723420,103,6996
886,6,0,18,7,25255860,3616,724080,103,7002
887,4,0,16,9,25286520,3617,724080,103,7006
888,5,0,14,11,25328400,3619,724080,103,7011
889,5,0,15,10,25344960,3620,724080,103,7016
890,4,0,14,11,25374120,3621,724080,103,7020
891,7,0,14,11,25410060,3623,724080,103,7027
892,5,0,16,9,25416900,3622,724080,102,7032
893,6,0,14,11,25449540,3623,724080,102,7038
894,7,0,15,10,25469760,3623,724080,102,7045
895,8,0,17,8,25480980,3621,724080,102,7053
896,6,0,17,8,25512540,3622,724080,102,7059
897,6,0,13,12,25553520,3623,724080,102,7065
898,12,0,20,5,25569840,3623,724080,102,7077
899,10,0,20,5,25602180,3622,724080,102,7087
900,12,0,15,10,25653480,3621,724080,101,7099
901,13,0,19,6,25678140,3620,724080,101,7112
902,8,0,17,8,25718040,3620,724080,101,7120
903,11,0,17,8,25758060,3620,724080,101,7131
904,8,0,18,7,25782120,3620,724080,101,7139
905,9,0,17,8,25829640,3622,724080,101,7148
906,19,14,16,9,25848180,3621,724140,101,7167
907,7,19,15,10,25870200,3623,731940,102,7174
908,6,18,17,8,25907520,3625,758040,105,7180
909,6,16,22,3,25931700,3627,774300,107,7186
910,4,5,25,0,25985820,3629,901860,125,7190
911,4,0,13,12,26058360,3628,975180,135,7194
912,5,0,16,9,26066520,3628,975180,135,7199
913,2,0,13,12,26087760,3629,975180,135,7201
914,2,0,11,14,26116740,3631,975180,135,7203
915,9,0,16,9,26128380,3630,975180,135,7212
916,4,0,15,10,26147640,3631,975180,135,7216
917,5,0,12,13,26185020,3632,975180,135,7221
918,7,0,13,12,26196720,3630,975180,134,7228
919,9,0,16,9,26221020,3631,975180,134,7237
920,4,0,13,12,26251560,3631,975180,134,7241
921,7,0,10,15,26280300,3630,975180,134,7248
922,8,0,16,9,26284260,3630,975180,134,7256
923,19,0,24,1,26309400,3628,975240,134,7275
924,16,9,18,7,26371980,3630,980760,134,7291
925,10,6,25,0,26406060,3632,995400,136,7301
926,7,0,19,6,26462220,3630,1036140,141,7308
927,13,0,20,5,26511780,3631,1036140,141,7321
928,8,0,15,10,26565660,3632,1036140,141,7329
929,14,0,16,9,26603820,3630,1036140,141,7343
930,10,0,17,8,26625840,3629,1036140,140,7353
931,9,0,16,9,26657880,3628,1036140,140,7362
932,4,0,14,11,26685780,3629,1036140,140,7366
933,8,0,17,8,26706360,3630,1036140,140,7374
934,8,0,17,8,26723760,3628,1036140,140,7382
935,1,0,11,14,26765880,3630,1036140,140,7383
936,4,0,12,13,26781600,3631,1036140,140,7387
937,5,0,12,13,26787420,3629,1036140,140,7392
938,1,0,10,15,26800440,3630,1036140,140,7393
939,6,0,11,14,26812080,3629,1036140,140,7399
940,5,0,12,13,26819040,3628,1036140,139,7404
941,7,0,18,7,26822100,3628,1036140,139,7411
942,6,0,11,14,26865540,3627,1036140,139,7417
943,6,0,11,14,26886180,3627,1036140,139,7423
944,11,0,17,8,26896200,3626,1036140,139,7434
945,10,0,19,6,26917560,3625,1036140,139,7444
946,6,0,14,11,26979960,3628,1036140,139,7450
947,6,0,15,10,26996880,3628,1036140,138,7456
948,10,0,18,7,27019440,3627,1036140,138,7466
949,12,0,19,6,27051660,3626,1036140,138,7478
950,8,0,17,8,27086460,3626,1036140,138,7486
951,5,0,12,13,27131460,3627,1036140,138,7491
952,10,0,17,8,27145620,3627,1036140,138,7501
953,6,0,17,8,27183060,3629,1036140,138,7507
954,10,0,19,6,27217620,3629,1036140,137,7517
955,5,0,16,9,27248340,3630,1036140,137,7522
956,13,0,18,7,27283500,3629,1036140,137,7535
957,3,0,9,16,27325920,3629,1036140,137,7538
958,5,0,12,13,27331500,3629,1036140,137,7543
959,7,0,16,9,27339420,3628,1036140,137,7550
960,5,0,16,9,27355560,3628,1036140,137,7555
961,3,0,11,14,27391800,3629,1036140,137,7558
962,2,0,11,14,27401520,3629,1036140,137,7560
963,7,0,14,11,27411120,3629,1036140,136,7567
964,6,0,14,11,27426660,3628,1036140,136,7573
965,5,0,14,11,27442680,3628,1036140,136,7578
966,10,0,15,10,27476760,3628,1036140,136,7588
967,7,0,14,11,27493980,3626,1036140,136,7595
968,7,0,13,12,27524520,3626,1036140,136,7602
969,10,0,16,9,27541800,3625,1036140,136,7612
970,6,0,16,9,27565740,3626,1036140,136,7618
971,11,0,20,5,27590460,3626,1036140,135,7629
972,4,0,12,13,27641820,3627,1036140,135,7633
973,12,0,17,8,27668820,3627,1036140,135,7645
974,14,0,22,3,27690360,3625,1036140,135,7659
975,12,0,20,5,27738300,3625,1036140,135,7671
976,7,0,19,6,27770220,3625,1036140,134,7678
977,4,0,13,12,27825420,3628,1036140,134,7682
978,10,0,17,8,27845520,3628,1036140,134,7692
979,12,0,21,4,27868740,3627,1036140,134,7704
980,6,0,19,6,27900540,3627,1036140,134,7710
981,11,0,18,7,27956100,3629,1036140,134,7721
982,5,0,15,10,27995880,3630,1036140,134,7726
983,4,0,14,11,28014060,3630,1036140,134,7730
984,6,0,17,8,28031760,3631,1036140,133,7736
985,5,0,17,8,28053060,3631,1036140,133,7741
986,5,0,15,10,28089300,3633,1036140,133,7746
987,5,0,13,12,28125240,3634,1036140,133,7751
988,6,0,16,9,28139100,3635,1036140,133,7757
989,6,0,14,11,28160820,3634,1036140,133,7763
990,4,0,9,16,28189980,3633,1036140,133,7767
991,8,0,14,11,28195920,3633,1036140,133,7775
992,5,0,14,11,28211400,3632,1036140,133,7780
993,12,0,17,8,28240980,3632,1036140,132,7792
994,10,0,16,9,28274820,3631,1036140,132,7802
995,9,0,18,7,28303620,3631,1036140,132,7811
996,12,0,20,5,28321920,3629,1036140,132,7823
997,9,0,13,12,28376400,3629,1036140,132,7832
998,11,0,16,9,28406940,3629,1036140,132,7843
999,8,0,15,10,28426200,3627,1036140,131,7851
1000,12,0,20,5,28444080,3626,1036140,131,7863
1001,11,0,18,7,28483980,3625,1036140,131,7874
1002,9,0,13,12,28525560,3624,1036140,131,7883
1003,9,0,19,6,28531860,3624,1036140,131,7892
1004,4,0,14,11,28569120,3624,1036140,131,7896
1005,7,0,15,10,28594560,3625,1036140,131,7903
1006,7,0,15,10,28614300,3624,1036140,130,7910
1007,4,0,13,12,28641120,3624,1036140,130,7914
1008,5,0,13,12,28661100,3625,1036140,130,7919
1009,3,0,12,13,28678440,3625,1036140,130,7922
1010,9,0,17,8,28692840,3625,1036140,130,7931
1011,4,0,13,12,28721340,3625,1036140,130,7935
1012,7,0,13,12,28743780,3625,1036140,130,7942
1013,3,0,14,11,28748700,3624,1036140,130,7945
1014,4,0,12,13,28780980,3626,1036140,130,7949
1015,8,0,16,9,28794060,3625,1036140,130,7957
1016,11,0,13,12,28831800,3624,1036140,130,7968
1017,7,0,16,9,28837320,3623,1036140,129,7975
1018,9,0,22,3,28854000,3623,1036140,129,7984
1019,8,0,16,9,28894320,3622,1036140,129,7992
1020,17,0,21,4,28944420,3623,1036140,129,8009
1021,10,0,22,3,28979580,3623,1036560,129,8019
1022,8,0,18,7,29024940,3624,1036560,129,8027
1023,15,0,19,6,29084220,3625,1036560,128,8042
1024,10,0,20,5,29109960,3624,1036560,128,8052
1025,10,0,16,9,29154780,3623,1036560,128,8062
1026,14,0,20,5,29184900,3622,1036560,128,8076
1027,2,0,12,13,29228400,3623,1036560,128,8078
1028,10,0,15,10,29255940,3623,1036560,128,8088
1029,4,0,14,11,29275200,3624,1036560,128,8092
1030,5,0,11,14,29312100,3625,1036560,128,8097
1031,3,0,10,15,29327520,3625,1036560,127,8100
1032,4,0,9,16,29339760,3624,1036560,127,8104
1033,4,0,11,14,29342400,3623,1036560,127,8108
1034,2,0,9,16,29360160,3624,1036560,127,8110
1035,6,0,11,14,29369100,3623,1036560,127,8116
1036,4,0,15,10,29369100,3623,1036560,127,8120
1037,10,0,16,9,29394660,3622,1036560,127,8130
1038,6,0,14,11,29429340,3623,1036560,127,8136
1039,7,0,14,11,29452500,3623,1036560,127,8143
1040,6,0,13,12,29473560,3622,1036560,127,8149
1041,5,0,13,12,29501520,3623,1036560,127,8154
1042,7,0,12,13,29524020,3623,1036560,127,8161
1043,10,0,17,8,29542560,3623,1036560,126,8171
1044,14,0,22,3,29566680,3622,1036560,126,8185
1045,7,0,14,11,29627640,3622,1036560,126,8192
1046,7,0,17,8,29638680,3622,1036560,126,8199
1047,14,0,21,4,29673900,3622,1036560,126,8213
1048,9,0,20,5,29708340,3622,1037100,126,8222
1049,7,0,17,8,29750700,3622,1037100,126,8229
1050,9,0,18,7,29779920,3622,1037100,125,8238
1051,9,0,16,9,29829420,3624,1037100,125,8247
1052,4,0,13,12,29855640,3624,1037100,125,8251
1053,8,0,14,11,29877840,3623,1037100,125,8259
1054,3,0,14,11,29895180,3624,1037100,125,8262
1055,6,0,14,11,29918100,3624,1037100,125,8268
1056,4,0,11,14,29945100,3624,1037100,125,8272
1057,7,0,14,11,29955900,3624,1037100,125,8279
1058,6,0,15,10,29974380,3624,1037100,125,8285
1059,8,0,18,7,29990760,3624,1037100,125,8293
1060,7,0,12,13,30039960,3624,1037100,124,8300
1061,5,0,13,12,30049020,3623,1037100,124,8305
1062,7,0,13,12,30073680,3623,1037100,124,8312
1063,2,0,13,12,30077040,3623,1037100,124,8314
1064,7,0,13,12,30100860,3623,1037100,124,8321
1065,10,0,19,6,30109140,3622,1037100,124,8331
1066,7,0,14,11,30162660,3623,1037100,124,8338
1067,10,0,17,8,30174540,3621,1037100,124,8348
1068,12,0,22,3,30202800,3622,1037100,124,8360
1069,6,0,13,12,30262080,3622,1037100,123,8366
1070,11,0,16,9,30287880,3622,1037100,123,8377
1071,9,0,17,8,30307740,3621,1037100,123,8386
1072,15,0,24,1,30334260,3621,1037340,123,8401
1073,8,0,18,7,30398520,3622,1037340,123,8409
1074,7,0,19,6,30430860,3624,1037340,123,8416
1075,8,0,15,10,30469920,3623,1037340,123,8424
1076,7,0,14,11,30494700,3622,1037340,123,8431
1077,4,0,12,13,30521340,3623,1037340,122,8435
1078,6,0,15,10,30534180,3623,1037340,122,8441
1079,7,0,16,9,30552420,3623,1037340,122,8448
1080,6,0,17,8,30580200,3624,1037340,122,8454
1081,5,0,12,13,30615900,3624,1037340,122,8459
1082,7,0,15,10,30631260,3624,1037340,122,8466
1083,3,0,14,11,30659160,3626,1037340,122,8469
1084,7,0,16,9,30676080,3626,1037340,122,8476
1085,5,0,13,12,30699360,3625,1037340,122,8481
1086,5,0,13,12,30724140,3626,1037340,122,8486
1087,12,0,19,6,30738960,3625,1037340,122,8498
1088,10,0,18,7,30771000,3624,1037340,121,8508
1089,12,0,17,8,30810600,3623,1037340,121,8520
1090,12,0,20,5,30839580,3623,1037340,121,8532
1091,14,0,21,4,30879240,3622,1037340,121,8546
1092,14,0,23,2,30929400,3622,1037460,121,8560
1093,9,0,16,9,30984360,3622,1037460,121,8569
1094,11,0,17,8,31008300,3621,1037460,120,8580
1095,14,0,19,6,31053480,3621,1037520,120,8594
1096,16,0,22,3,31101540,3621,1038000,120,8610
1097,11,2,23,2,31132020,3621,1044900,121,8621
1098,7,0,16,9,31189020,3621,1047540,121,8628
1099,6,0,15,10,31223580,3622,1047540,121,8634
1100,11,0,17,8,31250040,3621,1047540,121,8645
1101,6,0,19,6,31264500,3621,1047540,121,8651
1102,5,0,15,10,31307160,3623,1047540,121,8656
1103,6,0,18,7,31318740,3623,1047540,120,8662
1104,6,0,17,8,31352340,3624,1047540,120,8668
1105,5,0,16,9,31372380,3623,1047540,120,8673
1106,4,0,13,12,31419180,3626,1047540,120,8677
1107,11,0,14,11,31443360,3625,1047540,120,8688
1108,7,0,15,10,31461360,3624,1047540,120,8695
1109,4,0,15,10,31476000,3624,1047540,120,8699
1110,11,0,16,9,31514820,3624,1047540,120,8710
1111,5,0,13,12,31545600,3625,1047540,120,8715
1112,15,0,19,6,31572000,3624,1047540,119,8730
1113,4,0,13,12,31608780,3624,1047540,119,8734
1114,15,0,18,7,31636920,3623,1047540,119,8749
1115,4,0,15,10,31669800,3624,1047540,119,8753
1116,11,0,18,7,31698060,3624,1047540,119,8764
1117,10,0,19,6,31730520,3624,1047540,119,8774
1118,12,0,22,3,31770120,3625,1047540,119,8786
1119,8,0,17,8,31822620,3625,1047540,119,8794
1120,8,0,21,4,31852920,3627,1047540,119,8802
1121,11,0,21,4,31901580,3628,1047540,118,8813
1122,2,0,14,11,31931220,3628,1047540,118,8815
1123,6,0,13,12,31971600,3629,1047540,118,8821
1124,4,0,12,13,31986960,3629,1047540,118,8825
1125,3,0,10,15,32003160,3629,1047540,118,8828
1126,6,0,12,13,32012880,3628,1047540,118,8834
1127,4,0,12,13,32023200,3628,1047540,118,8838
1128,7,0,13,12,32045340,3628,1047540,118,8845
1129,8,0,14,11,32063760,3627,1047540,118,8853
1130,3,0,10,15,32085540,3627,1047540,118,8856
1131,3,0,12,13,32087580,3626,1047540,118,8859
1132,6,0,14,11,32100420,3626,1047540,118,8865
1133,7,0,13,12,32119620,3625,1047540,118,8872
1134,12,0,18,7,32145660,3625,1047540,117,8884
1135,9,0,22,3,32167560,3626,1047540,117,8893
1136,6,0,15,10,32227140,3627,1047540,117,8899
1137,6,0,14,11,32257500,3628,1047540,117,8905
1138,8,0,16,9,32268360,3626,1047540,117,8913
1139,19,0,23,2,32303040,3625,1047540,117,8932
1140,13,0,20,5,32350800,3624,1047540,117,8945
1141,4,0,13,12,32389500,3624,1047540,117,8949
1142,9,0,11,14,32416080,3623,1047540,116,8958
1143,8,0,13,12,32430720,3622,1047540,116,8966
1144,7,0,16,9,32438160,3621,1047540,116,8973
1145,5,0,13,12,32461440,3620,1047540,116,8978
1146,10,0,17,8,32472720,3619,1047540,116,8988
1147,9,0,15,10,32505060,3618,1047540,116,8997
1148,4,0,14,11,32515680,3618,1047540,116,9001
1149,8,0,15,10,32547420,3618,1047540,116,9009
1150,3,0,14,11,32563920,3619,1047540,116,9012
1151,12,0,16,9,32603100,3619,1047540,116,9024
1152,3,0,16,9,32620020,3620,1047540,116,9027
1153,7,0,15,10,32641380,3619,1047540,115,9034
1154,3,0,10,15,32683860,3620,1047540,115,9037
1155,6,0,14,11,32693220,3620,1047540,115,9043
1156,8,0,15,10,32710440,3620,1047540,115,9051
1157,5,0,14,11,32737620,3620,1047540,115,9056
1158,10,0,17,8,32766780,3621,1047540,115,9066
1159,11,0,17,8,32800980,3620,1047540,115,9077
1160,13,0,22,3,32819820,3619,1047540,115,9090
1161,14,0,23,2,32880480,3620,1047540,115,9104
1162,15,0,22,3,32935680,3620,1047720,114,9119
1163,12,0,21,4,32980980,3620,1047720,114,9131
1164,16,2,25,0,33018660,3620,1049040,114,9147
1165,14,6,21,4,33075000,3621,1054200,115,9161
1166,12,15,18,7,33107040,3622,1058760,115,9173
1167,8,7,25,0,33166140,3625,1113360,121,9181
1168,10,0,20,5,33228900,3623,1154820,125,9191
1169,8,0,17,8,33269400,3623,1154820,125,9199
1170,14,0,23,2,33285660,3621,1154820,125,9213
1171,8,0,21,4,33314940,3621,1154820,125,9221
1172,10,0,16,9,33395160,3624,1154820,125,9231
1173,7,0,19,6,33416520,3624,1154820,125,9238
1174,10,0,22,3,33443460,3624,1154820,124,9248
1175,3,0,15,10,33492840,3626,1154820,124,9251
1176,2,0,11,14,33531180,3628,1154820,124,9253
1177,5,0,14,11,33541500,3628,1154820,124,9258
1178,0,0,9,16,33562860,3628,1154820,124,9258
1179,1,0,10,15,33562860,3628,1154820,124,9259
1180,6,0,11,14,33579720,3628,1154820,124,9265
1181,5,0,14,11,33584340,3628,1154820,124,9270
1182,4,0,14,11,33601260,3628,1154820,124,9274
1183,5,0,16,9,33615060,3628,1154820,124,9279
1184,14,0,20,5,33646740,3628,1154820,124,9293
1185,9,0,19,6,33684360,3628,1154820,124,9302
1186,8,0,19,6,33718020,3629,1154820,124,9310
1187,12,0,22,3,33749820,3629,1154820,123,9322
1188,14,1,20,5,33808380,3629,1154820,123,9336
1189,15,5,25,0,33836460,3630,1159560,124,9351
1190,9,0,21,4,33906120,3630,1173000,125,9360
1191,17,0,23,2,33960900,3630,1173000,125,9377
1192,19,5,25,0,33999540,3630,1173540,124,9396
1193,4,0,17,8,34066560,3630,1184940,126,9400
1194,20,0,22,3,34124220,3631,1184940,125,9420
1195,4,0,15,10,34151220,3629,1184940,125,9424
1196,8,0,17,8,34174200,3629,1184940,125,9432
1197,4,0,15,10,34189440,3629,1184940,125,9436
1198,10,0,19,6,34217340,3629,1184940,125,9446
1199,7,0,15,10,34267980,3630,1184940,125,9453
1200,4,0,10,15,34301700,3630,1184940,125,9457
1201,3,0,10,15,34312740,3630,1184940,125,9460
1202,10,0,18,7,34316340,3630,1184940,125,9470
1203,4,0,15,10,34340640,3630,1184940,125,9474
1204,12,0,16,9,34376280,3630,1184940,124,9486
1205,4,0,14,11,34396500,3629,1184940,124,9490
1206,9,0,17,8,34415340,3629,1184940,124,9499
1207,4,0,14,11,34440300,3629,1184940,124,9503
1208,12,0,19,6,34462500,3629,1184940,124,9515
1209,7,0,13,12,34499760,3628,1184940,124,9522
1210,11,0,15,10,34526940,3627,1184940,124,9533
1211,6,0,11,14,34553100,3626,1184940,124,9539
1212,17,1,21,4,34562520,3625,1185300,124,9556
1213,10,6,20,5,34593060,3626,1192860,124,9566
1214,8,0,21,4,34640520,3626,1215180,126,9574
1215,12,0,18,7,34706820,3627,1215180,126,9586
1216,15,0,24,1,34731720,3626,1215180,126,9601
1217,12,0,20,5,34780920,3625,1215180,126,9613
1218,7,0,14,11,34840620,3626,1215180,126,9620
1219,9,0,15,10,34859040,3625,1215180,126,9629
1220,10,0,20,5,34875060,3625,1215180,126,9639
1221,8,0,19,6,34899780,3624,1215180,125,9647
1222,7,0,15,10,34945140,3625,1215180,125,9654
1223,4,0,14,11,34959600,3625,1215180,125,9658
1224,4,0,13,12,34997100,3627,1215180,125,9662
1225,5,0,13,12,35022480,3627,1215180,125,9667
1226,5,0,16,9,35028840,3627,1215180,125,9672
1227,6,0,16,9,35058420,3628,1215180,125,9678
1228,7,0,17,8,35083440,3628,1215180,125,9685
1229,4,0,15,10,35112720,3629,1215180,125,9689
1230,5,0,12,13,35140020,3629,1215180,125,9694
1231,4,0,12,13,35151900,3629,1215180,125,9698
1232,4,0,14,11,35169960,3630,1215180,125,9702
1233,8,0,16,9,35188800,3629,1215180,125,9710
1234,11,0,19,6,35217480,3629,1215180,125,9721
1235,7,0,16,9,35255220,3630,1215180,124,9728
1236,10,0,18,7,35274960,3629,1215180,124,9738
1237,6,0,14,11,35326500,3630,1215180,124,9744
1238,9,0,16,9,35348220,3630,1215180,124,9753
1239,6,0,17,8,35365260,3630,1215180,124,9759
1240,12,0,20,5,35413080,3631,1215180,124,9771
1241,8,0,17,8,35445900,3631,1215180,124,9779
1242,9,0,17,8,35481780,3631,1215180,124,9788
1243,7,0,16,9,35510760,3631,1215180,124,9795
1244,4,0,13,12,35540820,3631,1215180,124,9799
1245,4,0,12,13,35559960,3631,1215180,123,9803
1246,4,0,12,13,35586480,3633,1215180,123,9807
1247,8,0,16,9,35590020,3632,1215180,123,9815
1248,3,0,14,11,35614260,3632,1215180,123,9818
1249,7,0,11,14,35656440,3633,1215180,123,9825
1250,5,0,11,14,35670180,3632,1215180,123,9830
1251,7,0,15,10,35674980,3632,1215180,123,9837
1252,4,0,11,14,35700120,3631,1215180,123,9841
1253,3,0,13,12,35706480,3632,1215180,123,9844
1254,5,0,14,11,35727600,3632,1215180,123,9849
1255,6,0,17,8,35745960,3633,1215180,123,9855
1256,12,0,15,10,35782440,3631,1215180,123,9867
1257,11,0,15,10,35819580,3631,1215180,123,9878
1258,18,0,24,1,35852460,3631,1215180,122,9896
1259,13,0,24,1,35899140,3631,1215180,122,9909
1260,14,9,20,5,35929020,3631,1219260,122,9923
1261,10,7,25,0,35983680,3634,1238460,124,9933
1262,6,0,19,6,36050640,3634,1261920,126,9939
1263,20,1,25,0,36107460,3635,1262340,126,9959
1264,9,0,16,9,36155160,3632,1262520,126,9968
1265,16,1,23,2,36186480,3633,1264020,126,9984
1266,11,0,21,4,36237840,3633,1269240,126,9995
1267,7,0,18,7,36271080,3632,1269240,126,10002
1268,11,0,20,5,36305520,3633,1269240,126,10013
1269,4,0,16,9,36346020,3634,1269240,126,10017
1270,5,0,13,12,36380220,3634,1269240,126,10022
1271,4,0,11,14,36402540,3634,1269240,126,10026
1272,5,0,13,12,36410340,3634,1269240,126,10031
1273,5,0,17,8,36411360,3634,1269240,126,10036
1274,5,0,13,12,36449640,3634,1269240,126,10041
1275,9,0,16,9,36465840,3634,1269240,126,10050
1276,5,0,11,14,36507000,3634,1269240,126,10055
1277,6,0,14,11,36519420,3634,1269240,126,10061
1278,8,0,14,11,36543840,3634,1269240,126,10069
1279,13,0,21,4,36567780,3634,1269240,125,10082
1280,14,0,23,2,36610860,3634,1269240,125,10096
1281,9,0,20,5,36658560,3634,1269420,125,10105
1282,10,0,21,4,36686340,3634,1269420,125,10115
1283,14,0,20,5,36749520,3635,1269420,125,10129
1284,12,0,22,3,36779280,3634,1269480,125,10141
1285,11,0,18,7,36834000,3634,1269480,125,10152
1286,10,0,19,6,36874860,3635,1269480,124,10162
1287,11,0,16,9,36926280,3635,1269480,124,10173
1288,10,0,18,7,36958200,3635,1269480,124,10183
1289,15,13,16,9,36969360,3635,1269960,124,10198
1290,11,15,20,5,37006620,3637,1298520,127,10209
1291,6,3,25,0,37047840,3636,1376040,134,10215
1292,11,0,19,6,37113180,3636,1390800,136,10226
1293,6,0,15,10,37138920,3635,1390800,135,10232
1294,6,0,11,14,37173120,3634,1390800,135,10238
1295,5,0,12,13,37188360,3634,1390800,135,10243
1296,2,0,10,15,37200720,3634,1390800,135,10245
1297,4,0,11,14,37212240,3634,1390800,135,10249
1298,5,0,13,12,37219080,3634,1390800,135,10254
1299,10,0,16,9,37229700,3632,1390800,135,10264
1300,3,0,12,13,37271220,3634,1390800,135,10267
1301,4,0,13,12,37282800,3634,1390800,135,10271
1302,4,0,13,12,37297860,3634,1390800,135,10275
1303,3,0,13,12,37315680,3635,1390800,135,10278
1304,7,1,17,8,37326300,3635,1390800,135,10285
1305,11,5,18,7,37359360,3636,1397640,135,10296
1306,15,0,25,0,37393980,3635,1417800,137,10311
1307,15,0,25,0,37457580,3636,1418040,137,10326
1308,4,0,15,10,37508760,3636,1418040,137,10330
1309,10,0,22,3,37521720,3636,1418040,137,10340
1310,7,0,20,5,37573500,3638,1418040,137,10347
1311,12,0,23,2,37619460,3639,1418040,136,10359
1312,8,0,19,6,37655760,3638,1418040,136,10367
1313,7,0,18,7,37706100,3640,1418040,136,10374
1314,6,0,15,10,37739160,3641,1418040,136,10380
1315,8,0,17,8,37760280,3640,1418040,136,10388
1316,2,0,13,12,37796400,3642,1418040,136,10390
1317,13,0,16,9,37832340,3642,1418040,136,10403
1318,6,0,16,9,37845840,3641,1418040,136,10409
1319,6,0,13,12,37884240,3642,1418040,136,10415
1320,7,0,14,11,37903560,3641,1418040,136,10422
1321,6,0,12,13,37928280,3641,1418040,135,10428
1322,4,0,12,13,37941660,3641,1418040,135,10432
1323,9,0,15,10,37965240,3641,1418040,135,10441
1324,3,0,11,14,37985460,3640,1418040,135,10444
1325,3,0,11,14,37994760,3640,1418040,135,10447
1326,7,0,11,14,38016840,3640,1418040,135,10454
1327,3,0,10,15,38027640,3640,1418040,135,10457
1328,5,0,13,12,38039520,3640,1418040,135,10462
1329,7,0,15,10,38050620,3639,1418040,135,10469
1330,12,0,19,6,38071320,3639,1418040,135,10481
1331,11,0,18,7,38120280,3639,1418040,135,10492
1332,17,6,22,3,38143020,3639,1421460,135,10509
1333,7,0,19,6,38194320,3638,1435020,136,10516
1334,10,0,18,7,38250240,3640,1435020,136,10526
1335,10,0,22,3,38272440,3640,1435020,136,10536
1336,11,0,19,6,38329140,3640,1435020,136,10547
1337,13,0,20,5,38372880,3640,1435020,135,10560
1338,6,0,16,9,38403120,3640,1435020,135,10566
1339,4,0,13,12,38441880,3641,1435020,135,10570
1340,9,0,17,8,38452620,3640,1435020,135,10579
1341,8,0,15,10,38485020,3640,1435020,135,10587
1342,7,0,17,8,38506140,3640,1435020,135,10594
1343,7,0,19,6,38534040,3641,1435020,135,10601
1344,11,0,19,6,38570040,3641,1435020,135,10612
1345,2,0,21,4,38570040,3641,1435020,135,10614
1346,8,0,24,1,38577540,3640,1435020,135,10622
1347,8,5,22,3,38596380,3640,1438440,135,10630
1348,4,8,21,4,38610360,3640,1441380,135,10634
1349,4,5,25,0,38621760,3640,1461360,137,10638
1350,8,2,25,0,38648220,3639,1498080,140,10646
1351,7,8,21,4,38660040,3638,1498560,140,10653
1352,7,11,23,2,38675520,3639,1517760,142,10660
1353,9,14,25,0,38693280,3640,1524420,142,10669
1354,3,16,20,5,38717520,3640,1528140,143,10672
1355,7,22,20,5,38725380,3640,1532340,143,10679
1356,5,23,21,4,38739000,3640,1545240,144,10684
1357,10,29,25,0,38739000,3640,1558080,145,10694
1358,10,34,25,0,38758920,3641,1575900,147,10704
1359,11,40,21,4,38797500,3642,1581540,147,10715
1360,10,39,20,5,38810220,3642,1587060,148,10725
1361,6,39,25,0,38818200,3643,1632780,152,10731
1362,8,40,23,2,38835840,3643,1635480,152,10739
1363,6,40,20,5,38853720,3643,1635480,152,10745
1364,12,40,20,5,38853720,3643,1635480,152,10757
1365,11,40,25,0,38874240,3644,1741440,162,10768
1366,9,39,25,0,38903100,3644,1932360,179,10777
1367,1,29,25,0,38922720,3642,2331060,217,10778
1368,6,15,25,0,38956740,3639,2803200,260,10784
1369,4,0,22,3,38982900,3634,3356340,312,10788
1370,7,0,24,1,38994540,3633,3356700,312,10795
1371,8,7,22,3,39005580,3633,3356820,312,10803
1372,7,11,21,4,39034140,3634,3364380,312,10810
1373,5,15,21,4,39038520,3634,3369300,312,10815
1374,4,17,21,4,39051240,3635,3380220,313,10819
1375,9,26,20,5,39058140,3635,3380220,313,10828
1376,9,32,21,4,39071700,3636,3389940,313,10837
1377,13,40,21,4,39075000,3636,3391260,313,10850
1378,11,40,24,1,39087180,3636,3462000,320,10861
1379,6,39,25,0,39110100,3637,3486180,322,10867
1380,12,40,25,0,39127800,3638,3545580,327,10879
1381,7,40,25,0,39156360,3638,3609600,333,10886
1382,14,40,22,3,39184380,3639,3635280,335,10900
1383,7,38,22,3,39202200,3639,3685980,340,10907
1384,14,40,22,3,39219060,3639,3812580,351,10921
1385,10,39,22,3,39229920,3640,3822840,352,10931
1386,14,40,23,2,39239340,3640,3823500,352,10945
1387,9,38,22,3,39273600,3641,3902460,359,10954
1388,9,40,21,4,39280020,3641,3902520,359,10963
1389,7,39,22,3,39293160,3641,3947520,363,10970
1390,9,39,25,0,39310620,3641,4097400,377,10979
1391,3,35,25,0,39335940,3641,4438620,408,10982
1392,10,39,25,0,39354420,3641,4498860,413,10992
1393,2,35,25,0,39381360,3641,4693320,431,10994
1394,6,24,25,0,39416580,3639,5322240,489,11000
1395,6,21,25,0,39433620,3637,5482320,503,11006
1396,6,13,22,3,39459180,3634,5893080,541,11012
1397,2,14,21,4,39470400,3634,5896380,541,11014
1398,7,20,20,5,39486180,3635,5904180,541,11021
1399,6,21,24,1,39491280,3635,5929560,543,11027
1400,14,32,25,0,39502200,3636,5941920,544,11041
1401,8,38,21,4,39537780,3637,5947020,544,11049
1402,6,39,21,4,39547500,3637,5958540,545,11055
1403,10,40,21,4,39552120,3637,5966100,545,11065
1404,8,40,21,4,39552120,3637,5966100,545,11073
1405,5,40,20,5,39578340,3639,5992440,548,11078
1406,10,40,21,4,39582480,3639,6012540,549,11088
1407,12,40,20,5,39590640,3639,6012540,549,11100
1408,9,39,25,0,39605520,3639,6157620,562,11109
1409,10,40,25,0,39616980,3639,6200460,566,11119
1410,6,39,24,1,39655140,3641,6355260,580,11125
1411,7,39,21,4,39672240,3640,6361140,580,11132
1412,7,40,20,5,39677100,3640,6366780,581,11139
1413,7,38,25,0,39697380,3641,6611760,602,11146
1414,10,37,25,0,39719940,3639,6727500,613,11156
1415,6,40,24,1,39737040,3639,6730380,612,11162
1416,3,38,22,3,39763860,3641,6740880,613,11165
1417,5,40,20,5,39781680,3641,6753420,614,11170
1418,3,40,20,5,39781680,3641,6753420,614,11173
1419,8,38,21,4,39800880,3641,6778800,616,11181
1420,9,40,22,3,39805500,3641,6793500,617,11190
1421,7,40,21,4,39813060,3641,6793500,617,11197
1422,6,38,22,3,39840600,3643,6921540,629,11203
1423,6,35,25,0,39846540,3641,7169760,651,11209
1424,4,35,24,1,39858120,3641,7240440,657,11213
1425,9,40,21,4,39889140,3642,7242000,657,11222
1426,9,40,20,5,39897120,3642,7242000,657,11231
1427,13,40,20,5,39912300,3643,7249140,658,11244
1428,12,40,20,5,39912300,3643,7249140,658,11256
1429,11,40,25,0,39926460,3643,7296780,662,11267
1430,8,36,25,0,39951420,3643,7329540,664,11275
1431,15,40,25,0,39977340,3642,7430760,673,11290
1432,7,40,20,5,40000440,3642,7432380,673,11297
1433,10,39,19,6,40014540,3642,7441140,673,11307
1434,3,40,20,5,40014540,3642,7450320,674,11310
1435,8,40,20,5,40014540,3642,7450320,674,11318
1436,7,40,20,5,40018920,3643,7454520,674,11325
1437,7,40,20,5,40018920,3643,7454520,674,11332
1438,12,40,23,2,40040220,3644,7487520,677,11344
1439,3,40,20,5,40048440,3644,7487520,677,11347
1440,5,40,20,5,40054920,3644,7492140,678,11352
1441,4,39,20,5,40070040,3645,7495320,678,11356
1442,3,37,22,3,40078080,3644,7604700,687,11359
1443,9,34,25,0,40091700,3643,8375160,757,11368
1444,3,32,25,0,40101540,3642,8486040,766,11371
1445,7,25,25,0,40137780,3640,9379860,847,11378
1446,10,15,25,0,40169400,3637,10879440,981,11388
1447,10,21,25,0,40185600,3637,10886280,981,11398
1448,16,35,21,4,40209480,3637,10888560,981,11414
1449,11,40,20,5,40224300,3638,10891380,979,11425
1450,14,40,19,6,40233540,3638,10891380,979,11439
1451,15,40,19,6,40233540,3638,10891380,979,11454
1452,12,40,19,6,40233540,3638,10891380,979,11466
1453,9,39,21,4,40248960,3639,10943640,984,11475
1454,11,40,20,5,40253640,3639,10943640,984,11486
1455,8,39,21,4,40261980,3640,10992900,988,11494
1456,7,40,20,5,40271520,3640,10992900,988,11501
1457,10,40,21,4,40277460,3641,11029860,991,11511
1458,10,40,21,4,40277460,3641,11029860,991,11521
1459,12,40,20,5,40298940,3642,11107680,998,11533
1460,4,40,21,4,40303980,3642,11116920,999,11537
1461,8,40,21,4,40303980,3642,11116920,999,11545
1462,11,40,22,3,40322520,3643,11214000,1007,11556
1463,7,40,23,2,40338480,3643,11226060,1008,11563
1464,4,40,19,6,40359240,3644,11226060,1008,11567
1465,6,39,19,6,40368900,3645,11234880,1009,11573
1466,5,38,24,1,40370340,3644,11404140,1023,11578
1467,5,36,25,0,40387800,3644,11575200,1038,11583
1468,4,32,25,0,40416240,3644,11966640,1073,11587
1469,10,35,25,0,40438500,3644,12040440,1079,11597
1470,10,40,22,3,40457220,3644,12041220,1079,11607
1471,4,40,20,5,40472040,3645,12041220,1079,11611
1472,7,37,23,2,40491720,3645,12078840,1081,11618
1473,17,40,22,3,40499460,3645,12078900,1081,11635
1474,10,40,21,4,40513740,3646,12094500,1082,11645
1475,12,39,25,0,40534500,3647,12122100,1084,11657
1476,16,40,24,1,40557780,3646,12243720,1094,11673
1477,12,40,25,0,40569420,3646,12297120,1098,11685
1478,16,40,25,0,40605180,3646,12425280,1109,11701
1479,11,40,25,0,40621500,3646,12432900,1109,11712
1480,9,40,25,0,40656360,3647,12464580,1111,11721
1481,9,39,24,1,40676460,3646,12508740,1115,11730
1482,12,40,21,4,40696440,3646,12509880,1114,11742
1483,4,39,23,2,40713360,3647,12527940,1116,11746
1484,2,32,25,0,40729440,3646,13024920,1160,11748
1485,8,23,25,0,40755720,3643,15289800,1361,11756
1486,3,9,25,0,40783800,3640,17672160,1572,11759
1487,4,0,19,6,40816860,3637,18282780,1626,11763
1488,3,0,20,5,40820760,3636,18282780,1626,11766
1489,10,1,25,0,40826460,3636,18282780,1624,11776
1490,3,0,20,5,40856400,3635,18284040,1624,11779
1491,2,0,19,6,40866540,3635,18284040,1623,11781
1492,6,0,22,3,40871400,3635,18284040,1623,11787
1493,3,0,22,3,40877220,3634,18284040,1622,11790
1494,5,0,23,2,40892340,3634,18284040,1621,11795
1495,8,1,25,0,40909560,3634,18285480,1620,11803
1496,3,0,21,4,40927380,3633,18286740,1620,11806
1497,14,3,25,0,40951620,3633,18290400,1619,11820
1498,11,13,20,5,40970220,3633,18291420,1618,11831
1499,10,22,20,5,40977960,3633,18294120,1616,11841
1500,6,27,20,5,40982460,3633,18299160,1615,11847
1501,10,37,20,5,40982460,3633,18299160,1615,11857
1502,9,40,21,4,41002860,3635,18322080,1615,11866
1503,8,40,21,4,41002860,3635,18322080,1615,11874
1504,12,40,23,2,41025000,3636,18410880,1622,11886
1505,4,40,21,4,41032500,3636,18410880,1622,11890
1506,8,40,22,3,41047440,3636,18466860,1627,11898
1507,6,40,21,4,41061000,3637,18467640,1627,11904
1508,12,40,23,2,41074440,3637,18508620,1630,11916
1509,8,40,23,2,41091240,3638,18576900,1635,11924
1510,3,39,21,4,41107380,3638,18582060,1636,11927
1511,4,32,25,0,41133180,3638,18775320,1652,11931
1512,3,26,25,0,41158500,3637,19004460,1672,11934
1513,5,22,25,0,41186700,3637,19238520,1692,11939
1514,3,18,25,0,41200440,3636,19503840,1714,11942
1515,5,10,25,0,41227500,3634,19915200,1750,11947
1516,6,14,21,4,41252040,3634,19918560,1750,11953
1517,9,22,20,5,41264820,3635,19922460,1748,11962
1518,3,24,20,5,41272020,3635,19925640,1748,11965
1519,7,31,20,5,41272020,3635,19925640,1748,11972
1520,10,38,21,4,41284500,3636,19953060,1749,11982
1521,8,40,20,5,41287980,3636,19953060,1749,11990
1522,5,40,21,4,41302020,3636,19969800,1749,11995
1523,10,39,20,5,41311140,3636,19979880,1749,12005
1524,12,40,21,4,41319480,3637,19994940,1750,12017
1525,12,39,24,1,41326080,3637,20075160,1757,12029
1526,18,40,25,0,41338020,3637,20092920,1758,12047
1527,11,40,23,2,41374920,3638,20180820,1765,12058
1528,9,40,21,4,41386740,3639,20180820,1765,12067
1529,7,39,25,0,41409360,3640,20307060,1775,12074
1530,10,40,25,0,41422020,3640,20391720,1782,12084
1531,8,39,25,0,41454720,3640,20537760,1793,12092
1532,7,40,21,4,41477820,3640,20542020,1793,12099
1533,9,40,20,5,41480520,3640,20542020,1793,12108
1534,8,40,20,5,41500380,3641,20553720,1794,12116
1535,8,38,24,1,41512800,3641,20687880,1805,12124
1536,3,36,25,0,41524200,3641,20950500,1827,12127
1537,4,20,25,0,41562480,3638,22489920,1961,12131
1538,8,26,20,5,41571060,3637,22490640,1960,12139
1539,7,31,21,4,41577360,3637,22503060,1960,12146
1540,7,37,20,5,41590080,3637,22507680,1959,12153
1541,5,40,21,4,41590080,3637,22515780,1959,12158
1542,6,40,20,5,41613240,3638,22529580,1959,12164
1543,8,40,20,5,41618220,3638,22545000,1961,12172
1544,3,39,21,4,41625780,3639,22556280,1961,12175
1545,5,39,22,3,41632680,3639,22562160,1961,12180
1546,16,39,25,0,41646600,3639,22637100,1967,12196
1547,5,40,25,0,41659020,3640,22661640,1969,12201
1548,8,40,25,0,41682600,3641,22729380,1974,12209
1549,13,40,25,0,41713080,3642,22811040,1980,12222
1550,11,40,25,0,41744460,3642,22922220,1989,12233
1551,9,39,25,0,41769000,3642,22971540,1991,12242
1552,6,39,25,0,41782140,3642,22979100,1992,12248
1553,8,29,25,0,41828760,3640,23499000,2035,12256
1554,7,22,25,0,41847660,3637,24046200,2081,12263
1555,11,28,20,5,41877300,3637,24341820,2106,12274
1556,12,39,20,5,41884080,3637,24347100,2103,12286
1557,7,40,20,5,41884080,3637,24347100,2103,12293
1558,6,40,20,5,41884080,3637,24347100,2103,12299
1559,9,40,20,5,41906460,3638,24361860,2104,12308
1560,4,39,20,5,41914380,3639,24369360,2104,12312
1561,6,39,25,0,41924100,3639,24443880,2110,12318
1562,1,39,25,0,41927880,3639,24467280,2112,12319
1563,4,35,25,0,41974860,3641,24616800,2124,12323
1564,10,40,21,4,41993460,3640,24616860,2123,12333
1565,10,40,25,0,42007980,3640,24631200,2123,12343
1566,11,40,25,0,42033780,3640,24650460,2123,12354
1567,9,38,25,0,42060900,3641,24700980,2126,12363
1568,6,33,25,0,42089280,3640,24862500,2139,12369
1569,7,39,21,4,42100500,3639,24863220,2139,12376
1570,15,40,20,5,42106380,3639,24863220,2139,12391
1571,9,40,20,5,42125520,3640,24872940,2138,12400
1572,9,40,19,6,42129240,3640,24872940,2138,12409
1573,6,40,19,6,42129240,3640,24872940,2138,12415
1574,5,39,24,1,42140400,3641,24964140,2145,12420
1575,4,38,25,0,42153960,3641,25005360,2148,12424
1576,9,39,24,1,42181320,3641,25017360,2148,12433
1577,7,39,22,3,42202860,3642,25024200,2148,12440
1578,8,40,25,0,42214620,3642,25090260,2153,12448
1579,10,38,25,0,42242760,3641,25113060,2153,12458
1580,4,29,25,0,42268200,3640,25817400,2213,12462
1581,3,14,25,0,42291600,3636,27119520,2324,12465
1582,6,8,25,0,42316500,3634,27881520,2388,12471
1583,2,0,22,3,42342720,3633,28988160,2482,12473
1584,9,2,23,2,42355980,3632,28988160,2481,12482
1585,5,5,24,1,42366060,3632,28988760,2480,12487
1586,3,6,21,4,42397560,3633,28996920,2479,12490
1587,2,8,21,4,42397560,3633,28996920,2479,12492
1588,7,10,25,0,42408540,3634,29025120,2480,12499
1589,6,10,25,0,42439320,3635,29044140,2480,12505
1590,2,4,25,0,42467340,3635,29082900,2483,12507
1591,10,5,22,3,42491160,3633,29132340,2486,12517
1592,13,16,21,4,42509520,3634,29135700,2483,12530
1593,6,22,21,4,42509520,3634,29135700,2483,12536
1594,11,32,21,4,42519360,3634,29137320,2480,12547
1595,5,36,20,5,42536160,3635,29146080,2480,12552
1596,10,40,19,6,42540960,3635,29146080,2480,12562
1597,13,40,21,4,42551700,3636,29176800,2480,12575
1598,9,40,20,5,42555000,3636,29176800,2480,12584
1599,16,39,20,5,42563340,3636,29198220,2482,12600
1600,13,40,20,5,42572760,3637,29218680,2483,12613
1601,15,40,21,4,42578100,3637,29249220,2485,12628
1602,9,39,24,1,42591540,3637,29323860,2491,12637
1603,9,39,25,0,42606780,3638,29438520,2500,12646
1604,5,37,25,0,42635580,3638,29631360,2515,12651
1605,7,39,24,1,42662280,3639,29674260,2518,12658
1606,8,40,20,5,42683460,3639,29675640,2517,12666
1607,4,40,19,6,42689040,3639,29675640,2517,12670
1608,3,40,19,6,42689040,3639,29675640,2517,12673
1609,2,39,21,4,42700440,3640,29703780,2519,12675
1610,8,39,21,4,42706920,3640,29707620,2519,12683
1611,4,36,25,0,42720180,3640,29875740,2532,12687
1612,9,39,22,3,42739200,3640,29882520,2532,12696
1613,9,40,20,5,42751860,3641,29882520,2532,12705
1614,4,40,20,5,42757560,3641,29888160,2532,12709
1615,9,40,20,5,42767580,3641,29889540,2532,12718
1616,9,40,20,5,42771060,3641,29892660,2532,12727
1617,13,40,25,0,42781080,3642,30062880,2545,12740
1618,9,39,25,0,42808980,3642,30411840,2574,12749
1619,12,40,20,5,42832380,3642,30413160,2573,12761
1620,8,40,22,3,42841740,3643,30523680,2582,12769
1621,9,39,23,2,42853200,3643,30539400,2582,12778
1622,8,39,25,0,42870120,3643,30546660,2581,12786
1623,6,39,25,0,42891300,3643,30623280,2587,12792
1624,15,38,22,3,42925980,3643,30801060,2601,12807
1625,11,40,25,0,42945780,3643,31005540,2616,12818
1626,6,39,25,0,42960900,3643,31012980,2616,12824
1627,13,40,23,2,42977940,3643,31017420,2615,12837
1628,2,39,22,3,43003860,3645,31024980,2616,12839
1629,7,39,23,2,43023420,3645,31041000,2616,12846
1630,8,40,23,2,43037340,3645,31172520,2627,12854
1631,8,39,23,2,43051440,3645,31184880,2626,12862
1632,4,36,25,0,43066500,3645,31297800,2635,12866
1633,1,17,25,0,43106100,3642,33660900,2834,12867
1634,3,0,21,4,43128960,3637,34831260,2932,12870
1635,3,1,20,5,43133160,3636,34831260,2931,12873
1636,5,1,22,3,43144200,3636,34833420,2930,12878
1637,2,0,20,5,43167540,3636,34835460,2930,12880
1638,5,0,23,2,43172220,3636,34835460,2928,12885
1639,5,0,24,1,43186260,3636,34835460,2927,12890
1640,7,0,24,1,43207680,3636,34837320,2926,12897
1641,8,3,24,1,43219800,3635,34837440,2924,12905
1642,14,13,25,0,43237140,3636,34843740,2921,12919
1643,9,20,21,4,43271820,3637,34847280,2920,12928
1644,11,31,21,4,43271820,3637,34847280,2920,12939
1645,9,39,21,4,43279140,3637,34847760,2916,12948
1646,9,40,25,0,43304340,3639,34875240,2915,12957
1647,9,40,23,2,43321080,3639,34893720,2916,12966
1648,13,40,21,4,43330980,3639,34893720,2916,12979
1649,7,40,20,5,43356120,3640,34899360,2916,12986
1650,10,39,21,4,43367040,3640,34928640,2917,12996
1651,10,38,24,1,43377840,3641,35044860,2926,13006
1652,7,39,25,0,43395480,3641,35051580,2926,13013
1653,6,38,25,0,43418160,3642,35109960,2930,13019
1654,4,36,25,0,43448160,3643,35235900,2939,13023
1655,5,35,25,0,43474980,3643,35343300,2947,13028
1656,5,33,25,0,43499100,3643,35397960,2950,13033
1657,4,31,25,0,43521840,3643,35571660,2964,13037
1658,4,29,24,1,43547760,3643,35754780,2978,13041
1659,9,33,24,1,43566600,3643,35759940,2976,13050
1660,5,35,25,0,43578060,3643,35765820,2976,13055
1661,6,37,24,1,43605780,3644,35907120,2986,13061
1662,5,40,20,5,43629840,3645,35907600,2985,13066
1663,7,40,20,5,43629840,3645,35907600,2985,13073
1664,8,40,19,6,43639740,3645,35907600,2985,13081
1665,9,39,21,4,43650360,3646,35949780,2988,13090
1666,14,40,23,2,43650360,3646,35968200,2989,13104
1667,7,38,24,1,43671420,3646,36111120,2999,13111
1668,7,40,24,1,43688400,3646,36146820,3001,13118
1669,12,39,25,0,43711680,3646,36156780,3000,13130
1670,9,40,20,5,43725060,3646,36156780,3000,13139
1671,6,40,22,3,43734180,3646,36165180,3000,13145
1672,11,39,23,2,43754700,3647,36173880,3000,13156
1673,9,40,21,4,43767540,3647,36173940,2999,13165
1674,4,40,20,5,43782900,3648,36180300,3000,13169
1675,3,40,21,4,43792080,3649,36191580,3000,13172
1676,7,39,23,2,43802040,3649,36220440,3002,13179
1677,10,38,24,1,43818000,3647,36594420,3030,13189
1678,8,40,21,4,43831800,3647,36594420,3030,13197
1679,5,39,21,4,43852920,3648,36606720,3030,13202
1680,8,40,21,4,43857540,3648,36614040,3030,13210
1681,5,40,20,5,43863720,3648,36614040,3030,13215
1682,6,33,25,0,43889460,3648,37184220,3076,13221
1683,6,22,23,2,43911060,3644,38552160,3187,13227
1684,7,23,25,0,43922640,3644,38559000,3186,13234
1685,6,24,25,0,43948680,3644,38562240,3185,13240
1686,9,31,23,2,43969380,3645,38563800,3183,13249
1687,6,36,21,4,43984380,3645,38566980,3182,13255
1688,7,40,21,4,44005620,3646,38581140,3181,13262
1689,6,40,21,4,44005620,3646,38581140,3181,13268
1690,7,40,20,5,44013480,3646,38581140,3181,13275
1691,7,38,24,1,44033580,3647,38646360,3185,13282
1692,15,40,22,3,44059440,3648,38679240,3186,13297
1693,10,40,21,4,44069400,3648,38680740,3186,13307
1694,13,40,25,0,44082060,3648,38761500,3191,13320
1695,8,40,23,2,44102640,3648,38766300,3191,13328
1696,11,39,25,0,44128620,3649,38781000,3190,13339
1697,13,39,25,0,44151060,3649,38829120,3192,13352
1698,5,36,25,0,44165220,3648,39299580,3230,13357
1699,7,31,25,0,44202600,3647,39676440,3259,13364
1700,4,24,22,3,44219280,3645,40774800,3348,13368
1701,9,32,20,5,44236320,3645,40776120,3347,13377
1702,8,39,20,5,44243460,3645,40782480,3344,13385
1703,7,40,20,5,44243460,3645,40782480,3344,13392
1704,4,39,21,4,44261460,3646,40813200,3346,13396
1705,7,40,20,5,44268540,3647,40813200,3346,13403
1706,4,40,20,5,44268540,3647,40813200,3346,13407
1707,3,38,23,2,44285640,3647,40908300,3352,13410
1708,5,38,25,0,44303520,3648,40988280,3358,13415
1709,6,37,25,0,44329620,3648,41002500,3357,13421
1710,5,36,25,0,44352840,3648,41025000,3358,13426
1711,11,40,21,4,44379300,3649,41032080,3357,13437
1712,5,40,19,6,44389620,3649,41032080,3357,13442
1713,8,40,20,5,44396220,3649,41043600,3357,13450
1714,8,40,20,5,44396220,3649,41043600,3357,13458
1715,11,40,19,6,44404440,3649,41043600,3357,13469
1716,4,40,19,6,44404440,3649,41043600,3357,13473
1717,14,40,20,5,44419440,3650,41080380,3360,13487
1718,11,39,20,5,44428080,3650,41091660,3360,13498
1719,12,40,25,0,44431080,3650,41158140,3364,13510
1720,13,38,22,3,44458920,3650,41285280,3372,13523
1721,5,29,25,0,44477280,3648,42309000,3455,13528
1722,10,31,21,4,44490720,3645,42892620,3501,13538
1723,2,32,20,5,44505660,3646,42896760,3499,13540
1724,3,34,20,5,44513460,3646,42902760,3499,13543
1725,8,40,20,5,44526120,3647,42913380,3498,13551
1726,4,40,20,5,44526120,3647,42913380,3498,13555
1727,6,39,22,3,44541720,3647,42949200,3500,13561
1728,2,38,24,1,44545980,3648,42980400,3502,13563
1729,3,37,25,0,44562900,3648,43010160,3503,13566
1730,7,38,25,0,44596080,3649,43063320,3506,13573
1731,4,35,25,0,44622720,3649,43125600,3509,13577
1732,7,35,25,0,44646360,3649,43289940,3521,13584
1733,4,24,25,0,44665500,3646,44528520,3620,13588
1734,11,21,25,0,44692620,3644,45694140,3712,13599
1735,14,31,23,2,44719500,3644,45696960,3709,13613
1736,7,37,20,5,44741160,3645,45700080,3707,13620
1737,17,40,20,5,44741160,3645,45700080,3707,13637
1738,8,39,20,5,44758740,3646,45716280,3706,13645
1739,15,40,20,5,44758740,3646,45716280,3706,13660
1740,11,40,20,5,44758740,3646,45716280,3706,13671
1741,9,40,20,5,44775420,3647,45737580,3707,13680
1742,13,40,20,5,44775420,3647,45737580,3707,13693
1743,13,40,20,5,44782860,3647,45764460,3709,13706
1744,8,39,25,0,44795880,3647,45819420,3711,13714
1745,6,38,25,0,44820780,3648,45856800,3714,13720
1746,13,40,22,3,44839800,3649,45856800,3714,13733
1747,8,40,22,3,44860980,3649,45912660,3717,13741
1748,7,40,19,6,44872200,3649,45912660,3717,13748
1749,8,40,19,6,44872200,3649,45912660,3717,13756
1750,5,40,19,6,44872200,3649,45912660,3717,13761
1751,1,39,19,6,44889120,3651,45928200,3717,13762
1752,8,40,21,4,44892540,3650,45971460,3720,13770
1753,5,38,23,2,44908620,3651,46184760,3736,13775
1754,7,34,25,0,44922840,3649,46918200,3794,13782
1755,7,40,22,3,44930040,3649,46919220,3793,13789
1756,7,40,22,3,44958420,3650,46927200,3791,13796
1757,5,40,21,4,44963340,3650,46927200,3791,13801
1758,5,40,21,4,44963340,3650,46927200,3791,13806
1759,7,39,25,0,44994300,3652,47005020,3796,13813
1760,12,38,25,0,45013980,3651,47030400,3796,13825
1761,4,26,25,0,45048600,3650,48124140,3883,13829
1762,4,11,25,0,45077040,3646,49625400,4003,13833
1763,11,11,24,1,45087180,3643,49958820,4027,13844
1764,6,16,21,4,45110640,3644,49963740,4024,13850
1765,8,22,21,4,45124620,3645,49970940,4023,13858
1766,8,28,21,4,45135000,3645,49974780,4020,13866
1767,9,34,23,2,45142560,3645,49991580,4020,13875
1768,11,40,20,5,45161880,3646,49991580,4020,13886
1769,9,39,22,3,45175320,3646,50038140,4019,13895
1770,1,38,23,2,45180240,3647,50062800,4021,13896
1771,3,39,22,3,45196440,3647,50078580,4022,13899
1772,4,38,23,2,45218340,3648,50139120,4025,13903
1773,7,40,23,2,45236820,3648,50186400,4027,13910
1774,8,40,20,5,45249360,3648,50186400,4027,13918
1775,6,40,19,6,45256080,3648,50186400,4027,13924
1776,11,40,20,5,45265800,3649,50207280,4028,13935
1777,3,39,20,5,45272820,3649,50213460,4028,13938
1778,3,38,23,2,45279240,3649,50308380,4035,13941
1779,2,36,22,3,45290820,3649,50331420,4036,13943
1780,7,40,20,5,45296280,3649,50331420,4036,13950
1781,5,38,25,0,45312840,3649,50629380,4057,13955
1782,9,38,25,0,45334140,3649,50753040,4065,13964
1783,7,40,22,3,45354480,3649,50754300,4064,13971
1784,8,37,24,1,45377700,3650,50778240,4065,13979
1785,10,39,25,0,45397800,3650,50784300,4063,13989
1786,6,38,25,0,45418320,3650,51026100,4082,13995
1787,6,38,22,3,45448380,3650,51153540,4089,14001
1788,11,40,21,4,45451740,3650,51153540,4089,14012
1789,16,40,20,5,45472560,3651,51167100,4089,14028
1790,11,40,20,5,45472560,3651,51167100,4089,14039
1791,6,38,24,1,45487500,3652,51294240,4097,14045
1792,13,40,22,3,45502440,3651,51385140,4103,14058
1793,8,40,22,3,45515220,3652,51396420,4103,14066
1794,6,40,20,5,45528300,3652,51396420,4103,14072
1795,12,39,22,3,45544980,3653,51423000,4104,14084
1796,9,38,24,1,45554940,3652,51427920,4103,14093
1797,11,40,25,0,45566880,3652,51430320,4101,14104
1798,5,38,24,1,45598080,3653,51439020,4101,14109
1799,4,34,24,1,45622560,3653,51824400,4130,14113
1800,8,34,25,0,45637200,3652,52346520,4170,14121
1801,6,37,22,3,45661860,3652,52351380,4167,14127
1802,5,39,23,2,45674940,3652,52361220,4167,14132
1803,5,39,22,3,45688740,3653,52369020,4167,14137
1804,5,37,25,0,45713640,3654,52403220,4168,14142
1805,7,38,25,0,45738420,3654,52406880,4166,14149
1806,5,35,25,0,45763980,3654,52577640,4178,14154
1807,8,31,25,0,45785760,3652,53433000,4243,14162
1808,5,20,25,0,45817740,3650,55083420,4373,14167
1809,8,23,25,0,45831600,3649,55147440,4375,14175
1810,9,24,25,0,45860100,3649,55324620,4386,14184
1811,7,28,22,3,45885120,3650,55327800,4384,14191
1812,11,39,20,5,45897900,3650,55327800,4384,14202
1813,8,40,19,6,45904560,3650,55327800,4384,14210
1814,19,40,20,5,45913740,3651,55341060,4380,14229
1815,9,40,20,5,45913740,3651,55341060,4380,14238
1816,14,39,22,3,45931500,3652,55400700,4383,14252
1817,9,39,24,1,45942180,3652,55429500,4384,14261
1818,11,40,25,0,45953340,3652,55459260,4385,14272
1819,8,39,24,1,45970980,3653,55492020,4388,14280
1820,12,40,25,0,45994800,3654,55525320,4389,14292
1821,6,38,23,2,46023900,3655,55545840,4389,14298
1822,7,40,21,4,46041060,3655,55548060,4389,14305
1823,2,39,21,4,46049280,3655,55570140,4390,14307
1824,4,35,25,0,46068900,3655,55709700,4400,14311
1825,6,38,23,2,46087380,3655,55713300,4398,14317
1826,7,38,25,0,46111500,3656,55751880,4398,14324
1827,7,40,25,0,46132200,3656,55929600,4411,14331
1828,8,39,25,0,46163340,3657,56085900,4421,14339
1829,8,33,25,0,46179120,3654,56662440,4463,14347
1830,1,23,25,0,46214880,3653,57688740,4543,14348
1831,6,11,25,0,46242540,3650,58738620,4624,14354
1832,7,2,25,0,46265820,3648,59606100,4690,14361
1833,9,6,22,3,46280700,3647,59666340,4692,14370
1834,9,14,21,4,46293840,3647,59667060,4689,14379
1835,13,25,21,4,46310640,3648,59675220,4684,14392
1836,9,33,21,4,46318200,3648,59675520,4681,14401
1837,5,37,20,5,46331760,3649,59685300,4680,14406
1838,15,40,19,6,46334640,3648,59685300,4680,14421
1839,8,40,19,6,46334640,3648,59685300,4680,14429
1840,12,40,21,4,46346880,3649,59721000,4680,14441
1841,12,39,20,5,46362720,3650,59747580,4682,14453
1842,13,40,21,4,46362720,3650,59753940,4682,14466
1843,7,39,21,4,46377060,3650,59794200,4684,14473
1844,7,40,20,5,46386720,3651,59794200,4684,14480
1845,9,39,20,5,46393200,3651,59831700,4687,14489
1846,7,40,21,4,46402320,3651,59871720,4689,14496
1847,5,40,21,4,46402320,3651,59871720,4689,14501
1848,4,39,21,4,46418280,3652,59922540,4692,14505
1849,7,40,25,0,46429140,3652,60124380,4707,14512
1850,5,37,25,0,46458540,3653,60397560,4726,14517
1851,6,38,25,0,46478460,3653,60472800,4730,14523
1852,6,36,25,0,46511580,3653,60491460,4729,14529
1853,3,33,25,0,46528980,3653,60758700,4749,14532
1854,11,38,25,0,46551540,3653,60764640,4746,14543
1855,12,40,23,2,46574340,3654,60768120,4744,14555
1856,13,40,23,2,46593540,3654,60779340,4744,14568
1857,11,40,21,4,46608840,3655,60779340,4744,14579
1858,14,39,24,1,46631100,3656,60830820,4746,14593
1859,9,40,20,5,46652580,3656,60833760,4745,14602
1860,15,40,21,4,46659540,3656,60841980,4745,14617
1861,10,39,21,4,46673100,3657,60846900,4745,14627
1862,8,37,25,0,46690140,3656,61329540,4780,14635
1863,7,36,25,0,46713180,3656,61713360,4807,14642
1864,13,40,23,2,46735500,3656,61716480,4804,14655
1865,12,40,20,5,46748100,3656,61716480,4804,14667
1866,6,39,25,0,46763820,3656,61850100,4812,14673
1867,15,40,23,2,46788060,3656,62084880,4828,14688
1868,8,39,25,0,46807080,3656,62118180,4828,14696
1869,5,39,25,0,46827780,3656,62122920,4826,14701
1870,9,40,22,3,46856460,3656,62156040,4827,14710
1871,8,39,20,5,46881480,3657,62166420,4827,14718
1872,1,39,21,4,46881480,3657,62171520,4827,14719
1873,3,35,24,1,46895160,3657,62267580,4834,14722
1874,10,39,20,5,46912200,3655,62523780,4852,14732
1875,3,39,22,3,46920360,3656,62532480,4849,14735
1876,5,40,25,0,46927260,3656,62540460,4849,14740
1877,5,38,25,0,46955460,3657,62567220,4849,14745
1878,4,31,25,0,46986480,3656,63146520,4892,14749
1879,9,24,25,0,47011200,3653,64142940,4966,14758
1880,10,29,23,2,47031360,3653,64145580,4963,14768
1881,8,37,21,4,47042280,3653,64145580,4963,14776
1882,16,40,20,5,47057820,3654,64148160,4958,14792
1883,10,40,25,0,47071920,3654,64188900,4959,14802
1884,11,40,25,0,47090040,3654,64200360,4958,14813
1885,7,35,25,0,47112480,3654,64250460,4960,14820
1886,7,27,25,0,47148600,3652,65098200,5024,14827
1887,10,34,22,3,47164140,3652,65099340,5021,14837
1888,10,40,20,5,47182260,3652,65103840,5017,14847
1889,9,39,20,5,47192280,3653,65111220,5017,14856
1890,14,40,20,5,47198940,3653,65118120,5017,14870
1891,3,39,21,4,47212680,3653,65155140,5019,14873
1892,8,40,23,2,47212680,3653,65187840,5021,14881
1893,10,40,25,0,47236680,3654,65242020,5022,14891
1894,6,40,21,4,47252280,3654,65242020,5022,14897
1895,7,40,20,5,47257800,3654,65242020,5022,14904
1896,5,37,24,1,47280300,3655,65347980,5028,14909
1897,5,35,25,0,47300880,3655,65499540,5038,14914
1898,2,19,25,0,47331180,3652,67184160,5167,14916
1899,7,14,25,0,47343240,3650,67593360,5195,14923
1900,7,8,25,0,47378820,3649,68010060,5225,14930
1901,7,12,22,3,47395140,3648,68013360,5222,14937
1902,4,7,25,0,47418120,3648,68139240,5230,14941
1903,11,17,22,3,47425860,3648,68139600,5229,14952
1904,10,25,20,5,47452320,3649,68146560,5224,14962
1905,10,35,20,5,47452320,3649,68146560,5224,14972
1906,7,40,20,5,47452320,3649,68146560,5224,14979
1907,12,40,19,6,47463180,3649,68146560,5224,14991
1908,12,40,21,4,47477520,3650,68187840,5219,15003
1909,2,40,21,4,47477520,3650,68187840,5219,15005
1910,14,40,20,5,47499660,3651,68218080,5220,15019
1911,12,40,20,5,47499660,3651,68218080,5220,15031
1912,8,40,20,5,47516220,3652,68268060,5223,15039
1913,9,40,20,5,47516220,3652,68268060,5223,15048
1914,7,40,20,5,47516220,3652,68268060,5223,15055
1915,7,40,21,4,47534220,3653,68365320,5230,15062
1916,9,40,21,4,47534220,3653,68365320,5230,15071
1917,7,40,20,5,47559540,3654,68416620,5233,15078
1918,4,40,20,5,47559540,3654,68416620,5233,15082
1919,4,40,20,5,47566200,3654,68467200,5236,15086
1920,4,38,24,1,47582400,3655,68689380,5251,15090
1921,1,37,25,0,47586120,3655,68809980,5260,15091
1922,6,38,25,0,47618280,3656,69025800,5275,15097
1923,5,34,25,0,47656620,3656,69226920,5288,15102
1924,2,30,25,0,47675640,3656,69509640,5308,15104
1925,7,30,25,0,47695320,3655,69562380,5309,15111
1926,4,28,25,0,47721540,3656,69644400,5314,15115
1927,6,20,25,0,47754420,3654,70256340,5358,15121
1928,10,21,23,2,47771520,3653,70420080,5367,15131
1929,9,30,20,5,47787240,3653,70420080,5367,15140
1930,12,40,19,6,47796900,3653,70420080,5367,15152
1931,9,39,21,4,47807100,3654,70440960,5359,15161
1932,12,40,25,0,47807100,3654,70468920,5360,15173
1933,18,39,25,0,47843160,3655,70504140,5360,15191
1934,11,39,25,0,47870340,3655,70536180,5361,15202
1935,10,38,24,1,47886180,3655,70568640,5362,15212
1936,8,38,25,0,47913660,3656,70589760,5361,15220
1937,7,40,22,3,47930160,3656,70591500,5360,15227
1938,2,37,23,2,47952180,3657,70630020,5362,15229
1939,7,36,25,0,47972100,3657,70748640,5368,15236
1940,11,40,22,3,47992500,3657,70750140,5367,15247
1941,5,40,21,4,48014220,3657,70760040,5366,15252
1942,3,39,24,1,48021660,3658,70769520,5365,15255
1943,2,31,25,0,48053400,3658,71301300,5404,15257
1944,5,14,25,0,48080220,3654,72853620,5520,15262
1945,7,7,25,0,48101580,3651,73508100,5567,15269
1946,9,11,22,3,48118560,3650,73576260,5569,15278
1947,5,13,21,4,48139080,3651,73579740,5567,15283
1948,8,13,25,0,48153840,3651,73612740,5565,15291
1949,5,12,25,0,48176400,3651,73623240,5564,15296
1950,5,5,23,2,48203880,3649,73969320,5588,15301
1951,6,9,21,4,48219120,3649,73973700,5586,15307
1952,11,20,21,4,48219120,3649,73973700,5586,15318
1953,9,28,20,5,48237540,3650,73978020,5580,15327
1954,3,30,20,5,48248700,3651,73984260,5578,15330
1955,8,37,21,4,48248700,3651,73992540,5577,15338
1956,16,40,20,5,48276000,3652,74018700,5574,15354
1957,4,40,20,5,48276000,3652,74018700,5574,15358
1958,10,40,20,5,48288300,3652,74054700,5576,15368
1959,8,40,20,5,48288300,3652,74054700,5576,15376
1960,7,40,20,5,48302220,3653,74076900,5577,15383
1961,7,38,20,5,48316200,3653,74135700,5581,15390
1962,10,40,22,3,48316200,3653,74160420,5582,15400
1963,5,39,20,5,48334560,3654,74166420,5582,15405
1964,11,40,21,4,48343380,3654,74174400,5582,15416
1965,10,39,21,4,48352740,3654,74214240,5584,15426
1966,7,39,25,0,48365280,3655,74319600,5589,15433
1967,3,39,25,0,48381720,3655,74440920,5597,15436
1968,8,40,24,1,48410160,3656,74551620,5604,15444
1969,3,40,21,4,48441180,3657,74557560,5603,15447
1970,7,40,20,5,48449100,3657,74557560,5603,15454
1971,10,40,19,6,48455400,3657,74557560,5603,15464
1972,8,39,21,4,48468360,3658,74585820,5604,15472
1973,6,40,21,4,48475800,3658,74651040,5608,15478
1974,10,39,20,5,48494280,3658,74688540,5610,15488
1975,6,40,24,1,48495900,3658,74791080,5615,15494
1976,9,40,20,5,48512460,3658,74791080,5615,15503
1977,4,40,19,6,48519540,3658,74867640,5621,15507
1978,7,39,23,2,48532140,3659,75124860,5638,15514
1979,4,35,25,0,48547200,3658,75513660,5665,15518
1980,14,39,25,0,48565620,3658,75545100,5664,15532
1981,12,40,25,0,48588960,3659,75651840,5670,15544
1982,11,40,25,0,48612720,3659,75965940,5691,15555
1983,9,39,25,0,48635100,3659,76187640,5705,15564
1984,8,36,25,0,48665580,3659,76240140,5706,15572
1985,11,35,25,0,48697020,3658,76321920,5708,15583
1986,13,40,21,4,48708060,3657,76321980,5707,15596
1987,14,40,21,4,48725340,3658,76332480,5705,15610
1988,6,40,21,4,48725340,3658,76332480,5705,15616
1989,7,39,25,0,48745560,3659,76454700,5712,15623
1990,3,27,25,0,48777060,3657,77567340,5793,15626
1991,9,18,25,0,48804420,3654,78667260,5872,15635
1992,2,9,25,0,48826260,3653,79116060,5905,15637
1993,3,0,23,2,48844500,3650,79571160,5937,15640
1994,6,0,23,2,48869880,3651,79571160,5934,15646
1995,1,0,19,6,48883380,3650,79571160,5934,15647
1996,4,0,21,4,48892320,3650,79571160,5932,15651
1997,6,0,22,3,48898620,3649,79571160,5929,15657
1998,7,1,24,1,48908160,3649,79572720,5926,15664
1999,6,7,21,4,48926940,3650,79572720,5926,15670
2000,4,7,23,2,48938880,3650,79583340,5923,15674
2001,6,8,24,1,48957720,3650,79605240,5923,15680
2002,6,12,21,4,48974460,3650,79611540,5919,15686
2003,14,26,21,4,48974460,3650,79611540,5919,15700
2004,5,29,21,4,48992220,3651,79620060,5912,15705
2005,17,40,20,5,49007700,3652,79621860,5908,15722
2006,8,40,19,6,49017180,3652,79621860,5908,15730
2007,8,40,19,6,49017180,3652,79621860,5908,15738
2008,17,40,19,6,49017180,3652,79621860,5908,15755
2009,13,40,20,5,49029300,3653,79654200,5909,15768
2010,12,40,19,6,49033620,3653,79654200,5909,15780
2011,8,40,19,6,49033620,3653,79654200,5909,15788
2012,10,39,21,4,49047360,3653,79753920,5915,15798
2013,10,40,21,4,49047360,3653,79753920,5915,15808
2014,6,40,21,4,49057260,3654,79763580,5914,15814
2015,3,40,20,5,49063140,3654,79763580,5914,15817
2016,6,39,25,0,49082820,3655,79994760,5929,15823
2017,7,40,25,0,49082820,3655,79994760,5929,15830
2018,6,40,25,0,49082820,3655,79994760,5929,15836
2019,7,40,25,0,49082820,3655,79994760,5929,15843
2020,5,40,25,0,49082820,3655,79994760,5929,15848
2021,4,40,25,0,49082820,3655,79994760,5929,15852
2022,2,40,25,0,49082820,3655,79994760,5929,15854
2023,7,40,25,0,49082820,3655,79994760,5929,15861
2024,5,40,25,0,49082820,3655,79994760,5929,15866
2025,15,40,25,0,49082820,3655,79994760,5929,15881
2026,5,40,25,0,49082820,3655,79994760,5929,15886
2027,8,40,25,0,49082820,3655,79994760,5929,15894
2028,8,40,25,0,49082820,3655,79994760,5929,15902
2029,13,40,25,0,49082820,3655,79994760,5929,15915
2030,14,40,25,0,49082820,3655,79994760,5929,15929
2031,13,40,25,0,49082820,3655,79994760,5929,15942
2032,10,40,25,0,49082820,3655,79994760,5929,15952
2033,9,40,25,0,49082820,3655,79994760,5929,15961
2034,8,40,25,0,49082820,3655,79994760,5929,15969
2035,8,40,25,0,49082820,3655,79994760,5929,15977
2036,6,40,25,0,49082820,3655,79994760,5929,15983
2037,3,40,25,0,49082820,3655,79994760,5929,15986
2038,8,40,25,0,49082820,3655,79994760,5929,15994
2039,7,40,25,0,49082820,3655,79994760,5929,16001
2040,7,40,25,0,49082820,3655,79994760,5929,16008
2041,6,40,25,0,49082820,3655,79994760,5929,16014
2042,10,40,25,0,49082820,3655,79994760,5929,16024
2043,8,40,25,0,49082820,3655,79994760,5929,16032
2044,6,40,25,0,49082820,3655,79994760,5929,16038
2045,3,40,25,0,49082820,3655,79994760,5929,16041
2046,6,40,25,0,49082820,3655,79994760,5929,16047
2047,8,40,25,0,49082820,3655,79994760,5929,16055
2048,13,40,25,0,49082820,3655,79994760,5929,16068
2049,4,40,25,0,49082820,3655,79994760,5929,16072
2050,12,40,25,0,49082820,3655,79994760,5929,16084
2051,7,40,25,0,49082820,3655,79994760,5929,16091
2052,16,40,25,0,49082820,3655,79994760,5929,16107
2053,11,40,25,0,49082820,3655,79994760,5929,16118
2054,11,40,25,0,49082820,3655,79994760,5929,16129
2055,10,40,25,0,49082820,3655,79994760,5929,16139
2056,14,40,25,0,49082820,3655,79994760,5929,16153
2057,10,40,25,0,49082820,3655,79994760,5929,16163
2058,14,40,25,0,49082820,3655,79994760,5929,16177
2059,6,40,25,0,49082820,3655,79994760,5929,16183
2060,6,40,25,0,49082820,3655,79994760,5929,16189
2061,4,40,25,0,49082820,3655,79994760,5929,16193
2062,9,40,25,0,49082820,3655,79994760,5929,16202
2063,1,40,25,0,49082820,3655,79994760,5929,16203
2064,7,40,25,0,49082820,3655,79994760,5929,16210
2065,6,40,25,0,49082820,3655,79994760,5929,16216
2066,3,40,25,0,49082820,3655,79994760,5929,16219
2067,9,40,25,0,49082820,3655,79994760,5929,16228
2068,11,40,25,0,49082820,3655,79994760,5929,16239
2069,4,40,25,0,49082820,3655,79994760,5929,16243
2070,8,40,25,0,49082820,3655,79994760,5929,16251
2071,10,40,25,0,49082820,3655,79994760,5929,16261
2072,12,40,25,0,49082820,3655,79994760,5929,16273
2073,8,40,25,0,49082820,3655,79994760,5929,16281
2074,5,40,25,0,49082820,3655,79994760,5929,16286
2075,5,40,25,0,49082820,3655,79994760,5929,16291
2076,14,40,25,0,49082820,3655,79994760,5929,16305
2077,9,40,25,0,49082820,3655,79994760,5929,16314
2078,10,40,25,0,49082820,3655,79994760,5929,16324
2079,8,40,25,0,49082820,3655,79994760,5929,16332
2080,9,40,25,0,49082820,3655,79994760,5929,16341
2081,9,40,25,0,49082820,3655,79994760,5929,16350
2082,11,40,25,0,49082820,3655,79994760,5929,16361
2083,8,40,25,0,49082820,3655,79994760,5929,16369
2084,5,40,25,0,49082820,3655,79994760,5929,16374
2085,5,40,25,0,49082820,3655,79994760,5929,16379
2086,6,40,25,0,49082820,3655,79994760,5929,16385
2087,5,40,25,0,49082820,3655,79994760,5929,16390
2088,7,40,25,0,49082820,3655,79994760,5929,16397
2089,6,40,25,0,49082820,3655,79994760,5929,16403
2090,5,40,25,0,49082820,3655,79994760,5929,16408
2091,5,40,25,0,49082820,3655,79994760,5929,16413
2092,4,40,25,0,49082820,3655,79994760,5929,16417
2093,8,40,25,0,49082820,3655,79994760,5929,16425
2094,8,40,25,0,49082820,3655,79994760,5929,16433
2095,7,40,25,0,49082820,3655,79994760,5929,16440
2096,14,40,25,0,49082820,3655,79994760,5929,16454
2097,9,40,25,0,49082820,3655,79994760,5929,16463
2098,7,40,25,0,49082820,3655,79994760,5929,16470
2099,11,40,25,0,49082820,3655,79994760,5929,16481
2100,14,40,25,0,49082820,3655,79994760,5929,16495
2101,7,40,25,0,49082820,3655,79994760,5929,16502
2102,8,40,25,0,49082820,3655,79994760,5929,16510
2103,14,40,25,0,49082820,3655,79994760,5929,16524
2104,11,40,25,0,49082820,3655,79994760,5929,16535
2105,10,40,25,0,49082820,3655,79994760,5929,16545
2106,7,40,25,0,49082820,3655,79994760,5929,16552
2107,10,40,25,0,49082820,3655,79994760,5929,16562
2108,7,40,25,0,49082820,3655,79994760,5929,16569
2109,7,40,25,0,49082820,3655,79994760,5929,16576
2110,10,40,25,0,49082820,3655,79994760,5929,16586
2111,6,40,25,0,49082820,3655,79994760,5929,16592
2112,12,40,25,0,49082820,3655,79994760,5929,16604
2113,8,40,25,0,49082820,3655,79994760,5929,16612
2114,7,40,25,0,49082820,3655,79994760,5929,16619
2115,4,40,25,0,49082820,3655,79994760,5929,16623
2116,11,40,25,0,49082820,3655,79994760,5929,16634
2117,6,40,25,0,49082820,3655,79994760,5929,16640
2118,7,40,25,0,49082820,3655,79994760,5929,16647
2119,5,40,25,0,49082820,3655,79994760,5929,16652
2120,13,40,25,0,49082820,3655,79994760,5929,16665
2121,12,40,25,0,49082820,3655,79994760,5929,16677
2122,7,40,25,0,49082820,3655,79994760,5929,16684
2123,10,40,25,0,49082820,3655,79994760,5929,16694
2124,5,40,25,0,49082820,3655,79994760,5929,16699
2125,6,40,25,0,49082820,3655,79994760,5929,16705
2126,10,40,25,0,49082820,3655,79994760,5929,16715
2127,6,40,25,0,49082820,3655,79994760,5929,16721
2128,11,40,25,0,49082820,3655,79994760,5929,16732
2129,18,40,25,0,49082820,3655,79994760,5929,16750
2130,10,40,25,0,49082820,3655,79994760,5929,16760
2131,6,40,25,0,49082820,3655,79994760,5929,16766
2132,6,40,25,0,49082820,3655,79994760,5929,16772
2133,5,40,25,0,49082820,3655,79994760,5929,16777
2134,7,40,25,0,49082820,3655,79994760,5929,16784
2135,7,40,25,0,49082820,3655,79994760,5929,16791
2136,3,40,25,0,49082820,3655,79994760,5929,16794
2137,3,40,25,0,49082820,3655,79994760,5929,16797
2138,7,40,25,0,49082820,3655,79994760,5929,16804
2139,4,40,25,0,49082820,3655,79994760,5929,16808
2140,7,40,25,0,49082820,3655,79994760,5929,16815
2141,6,40,25,0,49082820,3655,79994760,5929,16821
2142,3,40,25,0,49082820,3655,79994760,5929,16824
2143,1,40,25,0,49082820,3655,79994760,5929,16825
2144,8,40,25,0,49082820,3655,79994760,5929,16833
2145,12,40,25,0,49082820,3655,79994760,5929,16845
2146,9,40,25,0,49082820,3655,79994760,5929,16854
2147,16,40,25,0,49082820,3655,79994760,5929,16870
2148,13,40,25,0,49082820,3655,79994760,5929,16883
2149,9,40,25,0,49082820,3655,79994760,5929,16892
2150,4,40,25,0,49082820,3655,79994760,5929,16896
2151,11,40,25,0,49082820,3655,79994760,5929,16907
2152,6,40,25,0,49082820,3655,79994760,5929,16913
2153,6,40,25,0,49082820,3655,79994760,5929,16919
2154,17,40,25,0,49082820,3655,79994760,5929,16936
2155,10,40,25,0,49082820,3655,79994760,5929,16946
2156,10,40,25,0,49082820,3655,79994760,5929,16956
2157,4,40,25,0,49082820,3655,79994760,5929,16960
2158,9,40,25,0,49082820,3655,79994760,5929,16969
2159,8,40,25,0,49082820,3655,79994760,5929,16977
2160,5,40,25,0,49082820,3655,79994760,5929,16982
2161,4,40,25,0,49082820,3655,79994760,5929,16986
2162,4,40,25,0,49082820,3655,79994760,5929,16990
2163,6,40,25,0,49082820,3655,79994760,5929,16996
2164,5,40,25,0,49082820,3655,79994760,5929,17001
2165,6,40,25,0,49082820,3655,79994760,5929,17007
2166,4,40,25,0,49082820,3655,79994760,5929,17011
2167,8,40,25,0,49082820,3655,79994760,5929,17019
2168,6,40,25,0,49082820,3655,79994760,5929,17025
2169,6,40,25,0,49082820,3655,79994760,5929,17031
2170,10,40,25,0,49082820,3655,79994760,5929,17041
2171,10,40,25,0,49082820,3655,79994760,5929,17051
2172,10,40,25,0,49082820,3655,79994760,5929,17061
2173,15,40,25,0,49082820,3655,79994760,5929,17076
2174,12,40,25,0,49082820,3655,79994760,5929,17088
2175,8,40,25,0,49082820,3655,79994760,5929,17096
2176,14,40,25,0,49082820,3655,79994760,5929,17110
2177,6,40,25,0,49082820,3655,79994760,5929,17116
2178,7,40,25,0,49082820,3655,79994760,5929,17123
2179,3,40,25,0,49082820,3655,79994760,5929,17126
2180,7,40,25,0,49082820,3655,79994760,5929,17133
2181,8,40,25,0,49082820,3655,79994760,5929,17141
2182,4,40,25,0,49082820,3655,79994760,5929,17145
2183,5,40,25,0,49082820,3655,79994760,5929,17150
2184,4,40,25,0,49082820,3655,79994760,5929,17154
2185,5,40,25,0,49082820,3655,79994760,5929,17159
2186,6,40,25,0,49082820,3655,79994760,5929,17165
2187,7,40,25,0,49082820,3655,79994760,5929,17172
2188,8,40,25,0,49082820,3655,79994760,5929,17180
2189,5,40,25,0,49082820,3655,79994760,5929,17185
2190,4,40,25,0,49082820,3655,79994760,5929,17189
2191,12,40,25,0,49082820,3655,79994760,5929,17201
2192,10,40,25,0,49082820,3655,79994760,5929,17211
2193,5,40,25,0,49082820,3655,79994760,5929,17216
2194,7,40,25,0,49082820,3655,79994760,5929,17223
2195,9,40,25,0,49082820,3655,79994760,5929,17232
2196,6,40,25,0,49082820,3655,79994760,5929,17238
2197,14,40,25,0,49082820,3655,79994760,5929,17252
2198,15,40,25,0,49082820,3655,79994760,5929,17267
2199,10,40,25,0,49082820,3655,79994760,5929,17277
2200,10,40,25,0,49082820,3655,79994760,5929,17287
2201,10,40,25,0,49082820,3655,79994760,5929,17297
2202,7,40,25,0,49082820,3655,79994760,5929,17304
2203,8,40,25,0,49082820,3655,79994760,5929,17312
2204,3,40,25,0,49082820,3655,79994760,5929,17315
2205,8,40,25,0,49082820,3655,79994760,5929,17323
2206,5,40,25,0,49082820,3655,79994760,5929,17328
2207,4,40,25,0,49082820,3655,79994760,5929,17332
2208,4,40,25,0,49082820,3655,79994760,5929,17336
2209,4,40,25,0,49082820,3655,79994760,5929,17340
2210,5,40,25,0,49082820,3655,79994760,5929,17345
2211,10,40,25,0,49082820,3655,79994760,5929,17355
2212,5,40,25,0,49082820,3655,79994760,5929,17360
2213,8,40,25,0,49082820,3655,79994760,5929,17368
2214,10,40,25,0,49082820,3655,79994760,5929,17378
2215,2,40,25,0,49082820,3655,79994760,5929,17380
2216,5,40,25,0,49082820,3655,79994760,5929,17385
2217,17,40,25,0,49082820,3655,79994760,5929,17402
2218,10,40,25,0,49082820,3655,79994760,5929,17412
2219,9,40,25,0,49082820,3655,79994760,5929,17421
2220,4,40,25,0,49082820,3655,79994760,5929,17425
2221,6,40,25,0,49082820,3655,79994760,5929,17431
2222,13,40,25,0,49082820,3655,79994760,5929,17444
2223,11,40,25,0,49082820,3655,79994760,5929,17455
2224,7,40,25,0,49082820,3655,79994760,5929,17462
2225,7,40,25,0,49082820,3655,79994760,5929,17469
2226,5,40,25,0,49082820,3655,79994760,5929,17474
2227,4,40,25,0,49082820,3655,79994760,5929,17478
2228,7,40,25,0,49082820,3655,79994760,5929,17485
2229,8,40,25,0,49082820,3655,79994760,5929,17493
2230,12,40,25,0,49082820,3655,79994760,5929,17505
2231,6,40,25,0,49082820,3655,79994760,5929,17511
2232,4,40,25,0,49082820,3655,79994760,5929,17515
2233,4,40,25,0,49082820,3655,79994760,5929,17519
2234,5,40,25,0,49082820,3655,79994760,5929,17524
2235,2,40,25,0,49082820,3655,79994760,5929,17526
2236,3,40,25,0,49082820,3655,79994760,5929,17529
2237,7,40,25,0,49082820,3655,79994760,5929,17536
2238,5,40,25,0,49082820,3655,79994760,5929,17541
2239,5,40,25,0,49082820,3655,79994760,5929,17546
2240,10,40,25,0,49082820,3655,79994760,5929,17556
2241,7,40,25,0,49082820,3655,79994760,5929,17563
2242,9,40,25,0,49082820,3655,79994760,5929,17572
2243,11,40,25,0,49082820,3655,79994760,5929,17583
2244,12,40,25,0,49082820,3655,79994760,5929,17595
2245,12,40,25,0,49082820,3655,79994760,5929,17607
2246,11,40,25,0,49082820,3655,79994760,5929,17618
2247,16,40,25,0,49082820,3655,79994760,5929,17634
2248,8,40,25,0,49082820,3655,79994760,5929,17642
2249,15,40,25,0,49082820,3655,79994760,5929,17657
2250,16,40,25,0,49082820,3655,79994760,5929,17673
2251,7,40,25,0,49082820,3655,79994760,5929,17680
2252,9,40,25,0,49082820,3655,79994760,5929,17689
2253,4,40,25,0,49082820,3655,79994760,5929,17693
2254,5,40,25,0,49082820,3655,79994760,5929,17698
2255,4,40,25,0,49082820,3655,79994760,5929,17702
2256,8,40,25,0,49082820,3655,79994760,5929,17710
2257,5,40,25,0,49082820,3655,79994760,5929,17715
2258,7,40,25,0,49082820,3655,79994760,5929,17722
2259,5,40,25,0,49082820,3655,79994760,5929,17727
2260,5,40,25,0,49082820,3655,79994760,5929,17732
2261,10,40,25,0,49082820,3655,79994760,5929,17742
2262,8,40,25,0,49082820,3655,79994760,5929,17750
2263,8,40,25,0,49082820,3655,79994760,5929,17758
2264,9,40,25,0,49082820,3655,79994760,5929,17767
2265,5,40,25,0,49082820,3655,79994760,5929,17772
2266,4,40,25,0,49082820,3655,79994760,5929,17776
2267,12,40,25,0,49082820,3655,79994760,5929,17788
2268,13,40,25,0,49082820,3655,79994760,5929,17801
2269,13,40,25,0,49082820,3655,79994760,5929,17814
2270,17,40,25,0,49082820,3655,79994760,5929,17831
2271,9,40,25,0,49082820,3655,79994760,5929,17840
2272,16,40,25,0,49082820,3655,79994760,5929,17856
2273,6,40,25,0,49082820,3655,79994760,5929,17862
2274,15,40,25,0,49082820,3655,79994760,5929,17877
2275,8,40,25,0,49082820,3655,79994760,5929,17885
2276,6,40,25,0,49082820,3655,79994760,5929,17891
2277,3,40,25,0,49082820,3655,79994760,5929,17894
2278,7,40,25,0,49082820,3655,79994760,5929,17901
2279,7,40,25,0,49082820,3655,79994760,5929,17908
2280,7,40,25,0,49082820,3655,79994760,5929,17915
2281,2,40,25,0,49082820,3655,79994760,5929,17917
2282,2,40,25,0,49082820,3655,79994760,5929,17919
2283,10,40,25,0,49082820,3655,79994760,5929,17929
2284,10,40,25,0,49082820,3655,79994760,5929,17939
2285,5,40,25,0,49082820,3655,79994760,5929,17944
2286,5,40,25,0,49082820,3655,79994760,5929,17949
2287,3,40,25,0,49082820,3655,79994760,5929,17952
2288,10,40,25,0,49082820,3655,79994760,5929,17962
2289,14,40,25,0,49082820,3655,79994760,5929,17976
2290,9,40,25,0,49082820,3655,79994760,5929,17985
2291,13,40,25,0,49082820,3655,79994760,5929,17998
2292,11,40,25,0,49082820,3655,79994760,5929,18009
2293,10,40,25,0,49082820,3655,79994760,5929,18019
2294,21,40,25,0,49082820,3655,79994760,5929,18040
2295,7,40,25,0,49082820,3655,79994760,5929,18047
2296,12,40,25,0,49082820,3655,79994760,5929,18059
2297,11,40,25,0,49082820,3655,79994760,5929,18070
2298,8,40,25,0,49082820,3655,79994760,5929,18078
2299,6,40,25,0,49082820,3655,79994760,5929,18084
2300,13,40,25,0,49082820,3655,79994760,5929,18097
2301,7,40,25,0,49082820,3655,79994760,5929,18104
2302,4,40,25,0,49082820,3655,79994760,5929,18108
2303,2,40,25,0,49082820,3655,79994760,5929,18110
2304,5,40,25,0,49082820,3655,79994760,5929,18115
2305,3,40,25,0,49082820,3655,79994760,5929,18118
2306,7,40,25,0,49082820,3655,79994760,5929,18125
2307,4,40,25,0,49082820,3655,79994760,5929,18129
2308,8,40,25,0,49082820,3655,79994760,5929,18137
2309,8,40,25,0,49082820,3655,79994760,5929,18145
2310,7,40,25,0,49082820,3655,79994760,5929,18152
2311,5,40,25,0,49082820,3655,79994760,5929,18157
2312,6,40,25,0,49082820,3655,79994760,5929,18163
2313,15,40,25,0,49082820,3655,79994760,5929,18178
2314,14,40,25,0,49082820,3655,79994760,5929,18192
2315,14,40,25,0,49082820,3655,79994760,5929,18206
2316,15,40,25,0,49082820,3655,79994760,5929,18221
2317,10,40,25,0,49082820,3655,79994760,5929,18231
2318,6,40,25,0,49082820,3655,79994760,5929,18237
2319,8,40,25,0,49082820,3655,79994760,5929,18245
2320,15,40,25,0,49082820,3655,79994760,5929,18260
2321,8,40,25,0,49082820,3655,79994760,5929,18268
2322,7,40,25,0,49082820,3655,79994760,5929,18275
2323,12,40,25,0,49082820,3655,79994760,5929,18287
2324,7,40,25,0,49082820,3655,79994760,5929,18294
2325,11,40,25,0,49082820,3655,79994760,5929,18305
2326,4,40,25,0,49082820,3655,79994760,5929,18309
2327,9,40,25,0,49082820,3655,79994760,5929,18318
2328,7,40,25,0,49082820,3655,79994760,5929,18325
2329,3,40,25,0,49082820,3655,79994760,5929,18328
2330,5,40,25,0,49082820,3655,79994760,5929,18333
2331,7,40,25,0,49082820,3655,79994760,5929,18340
2332,6,40,25,0,49082820,3655,79994760,5929,18346
2333,6,40,25,0,49082820,3655,79994760,5929,18352
2334,2,40,25,0,49082820,3655,79994760,5929,18354
2335,2,40,25,0,49082820,3655,79994760,5929,18356
2336,15,40,25,0,49082820,3655,79994760,5929,18371
2337,6,40,25,0,49082820,3655,79994760,5929,18377
2338,6,40,25,0,49082820,3655,79994760,5929,18383
2339,8,40,25,0,49082820,3655,79994760,5929,18391
2340,6,40,25,0,49082820,3655,79994760,5929,18397
2341,13,40,25,0,49082820,3655,79994760,5929,18410
2342,10,40,25,0,49082820,3655,79994760,5929,18420
2343,11,40,25,0,49082820,3655,79994760,5929,18431
2344,16,40,25,0,49082820,3655,79994760,5929,18447
2345,16,40,25,0,49082820,3655,79994760,5929,18463
2346,11,40,25,0,49082820,3655,79994760,5929,18474
2347,10,40,25,0,49082820,3655,79994760,5929,18484
2348,7,40,25,0,49082820,3655,79994760,5929,18491
2349,10,40,25,0,49082820,3655,79994760,5929,18501
2350,8,40,25,0,49082820,3655,79994760,5929,18509
2351,5,40,25,0,49082820,3655,79994760,5929,18514
2352,6,40,25,0,49082820,3655,79994760,5929,18520
2353,5,40,25,0,49082820,3655,79994760,5929,18525
2354,3,40,25,0,49082820,3655,79994760,5929,18528
2355,2,40,25,0,49082820,3655,79994760,5929,18530
2356,3,40,25,0,49082820,3655,79994760,5929,18533
2357,1,40,25,0,49082820,3655,79994760,5929,18534
2358,13,40,25,0,49082820,3655,79994760,5929,18547
2359,5,40,25,0,49082820,3655,79994760,5929,18552
2360,7,40,25,0,49082820,3655,79994760,5929,18559
2361,7,40,25,0,49082820,3655,79994760,5929,18566
2362,6,40,25,0,49082820,3655,79994760,5929,18572
2363,7,40,25,0,49082820,3655,79994760,5929,18579
2364,8,40,25,0,49082820,3655,79994760,5929,18587
2365,12,40,25,0,49082820,3655,79994760,5929,18599
2366,11,40,25,0,49082820,3655,79994760,5929,18610
2367,4,40,25,0,49082820,3655,79994760,5929,18614
2368,7,40,25,0,49082820,3655,79994760,5929,18621
2369,9,40,25,0,49082820,3655,79994760,5929,18630
2370,7,40,25,0,49082820,3655,79994760,5929,18637
2371,7,40,25,0,49082820,3655,79994760,5929,18644
2372,10,40,25,0,49082820,3655,79994760,5929,18654
2373,8,40,25,0,49082820,3655,79994760,5929,18662
2374,8,40,25,0,49082820,3655,79994760,5929,18670
2375,6,40,25,0,49082820,3655,79994760,5929,18676
2376,3,40,25,0,49082820,3655,79994760,5929,18679
2377,8,40,25,0,49082820,3655,79994760,5929,18687
2378,7,40,25,0,49082820,3655,79994760,5929,18694
2379,9,40,25,0,49082820,3655,79994760,5929,18703
2380,5,40,25,0,49082820,3655,79994760,5929,18708
2381,11,40,25,0,49082820,3655,79994760,5929,18719
2382,12,40,25,0,49082820,3655,79994760,5929,18731
2383,7,40,25,0,49082820,3655,79994760,5929,18738
2384,8,40,25,0,49082820,3655,79994760,5929,18746
2385,12,40,25,0,49082820,3655,79994760,5929,18758
2386,8,40,25,0,49082820,3655,79994760,5929,18766
2387,10,40,25,0,49082820,3655,79994760,5929,18776
2388,15,40,25,0,49082820,3655,79994760,5929,18791
2389,19,40,25,0,49082820,3655,79994760,5929,18810
2390,12,40,25,0,49082820,3655,79994760,5929,18822
2391,8,40,25,0,49082820,3655,79994760,5929,18830
2392,9,40,25,0,49082820,3655,79994760,5929,18839
2393,5,40,25,0,49082820,3655,79994760,5929,18844
2394,9,40,25,0,49082820,3655,79994760,5929,18853
2395,10,40,25,0,49082820,3655,79994760,5929,18863
2396,6,40,25,0,49082820,3655,79994760,5929,18869
2397,6,40,25,0,49082820,3655,79994760,5929,18875
2398,9,40,25,0,49082820,3655,79994760,5929,18884
2399,3,40,25,0,49082820,3655,79994760,5929,18887

