Hour,Arrivals,Waiting,Treating,Available Rooms,Total Treatment Time,Average Treatment Time,Total Wait Time,Average Wait Time,Total Arrivals
1,9,0,6,19,3120,1040,0,0,9
2,1,0,3,22,14100,2014,0,0,10
3,6,0,4,21,32460,2705,0,0,16
4,2,0,3,22,47520,3168,0,0,18
5,4,0,4,21,61680,3426,0,0,22
6,5,0,7,18,68940,3447,0,0,27
7,8,0,4,21,97020,3129,0,0,35
8,7,0,1,24,125280,3055,0,0,42
9,8,0,5,20,129600,2880,0,0,50
10,6,0,7,18,140160,2860,0,0,56
11,7,0,9,16,154980,2870,0,0,63
12,9,0,10,15,185100,2985,0,0,72
13,6,0,6,19,225900,3137,0,0,78
14,14,0,11,14,249960,3085,0,0,92
15,5,0,10,15,267180,3071,0,0,97
16,9,0,9,16,311400,3210,0,0,106
17,9,0,7,18,348420,3226,0,0,115
18,9,0,6,19,373200,3162,0,0,124
19,7,0,10,15,379920,3139,0,0,131
20,3,0,6,19,419340,3276,0,0,134
21,4,0,4,21,443580,3310,0,0,138
22,4,0,4,21,455880,3303,0,0,142
23,3,0,3,22,465180,3275,0,0,145
24,3,0,4,21,475020,3298,0,0,148
25,3,0,5,20,480660,3292,0,0,151
26,5,0,7,18,496380,3331,0,0,156
27,1,0,3,22,515760,3349,0,0,157
28,4,0,3,22,545400,3451,0,0,161
29,4,0,3,22,552900,3412,0,0,165
30,9,0,7,18,567360,3397,0,0,174
31,6,0,8,17,581760,3382,0,0,180
32,4,0,2,23,623340,3424,0,0,184
33,12,0,8,17,635160,3378,0,0,196
34,8,0,9,16,648660,3326,0,0,204
35,10,0,9,16,689820,3364,0,0,214
36,9,0,10,15,712980,3347,0,0,223
37,11,0,6,19,769620,3375,0,0,234
38,9,0,9,16,783300,3347,0,0,243
39,10,0,8,17,824220,3364,0,0,253
40,5,0,6,19,849840,3372,0,0,258
41,9,0,11,14,872340,3407,0,0,267
42,8,0,12,13,904920,3440,0,0,275
43,6,0,7,18,944880,3448,0,0,281
44,11,0,9,16,978240,3456,0,0,292
45,3,0,4,21,1020480,3506,0,0,295
46,5,0,4,21,1037580,3505,0,0,300
47,4,0,4,21,1045260,3484,0,0,304
48,7,0,8,17,1053780,3477,0,0,311
49,4,0,5,20,1089000,3512,0,0,315
50,1,0,2,23,1105800,3521,0,0,316
51,7,0,3,22,1123620,3511,0,0,323
52,5,0,5,20,1131360,3502,0,0,328
53,2,0,5,20,1133220,3486,0,0,330
54,4,0,6,19,1148820,3502,0,0,334
55,7,0,6,19,1177080,3513,0,0,341
56,8,0,9,16,1214160,3571,0,0,349
57,3,0,7,18,1233120,3574,0,0,352
58,4,0,7,18,1259040,3607,0,0,356
59,10,0,6,19,1298160,3606,0,0,366
60,11,0,8,17,1314120,3561,0,0,377
61,7,0,6,19,1348140,3566,0,0,384
62,5,0,6,19,1359480,3549,0,0,389
63,6,0,8,17,1372320,3546,0,0,395
64,8,0,7,18,1414440,3571,0,0,403
65,13,0,11,14,1447080,3573,0,0,416
66,9,0,10,15,1492860,3597,0,0,425
67,6,0,8,17,1519500,3592,0,0,431
68,10,0,8,17,1562580,3608,0,0,441
69,2,0,5,20,1586700,3622,0,0,443
70,5,0,4,21,1614120,3635,0,0,448
71,8,0,10,15,1618800,3629,0,0,456
72,7,0,8,17,1653420,3633,0,0,463
73,4,0,5,20,1684320,3645,0,0,467
74,2,0,4,21,1694460,3644,0,0,469
75,4,0,5,20,1719960,3675,0,0,473
76,5,0,6,19,1742760,3692,0,0,478
77,5,0,7,18,1762320,3702,0,0,483
78,6,0,6,19,1791060,3708,0,0,489
79,11,0,8,17,1812780,3684,0,0,500
80,9,0,11,14,1831380,3677,0,0,509
81,7,0,8,17,1871880,3684,0,0,516
82,16,0,11,14,1906620,3659,0,0,532
83,5,0,11,14,1921260,3652,0,0,537
84,13,0,11,14,1980960,3675,0,0,550
85,11,0,9,16,2013420,3647,0,0,561
86,6,0,7,18,2033700,3631,0,0,567
87,7,0,5,20,2065440,3629,0,0,574
88,8,0,9,16,2081460,3632,0,0,582
89,9,0,8,17,2118900,3634,0,0,591
90,5,0,8,17,2141820,3642,0,0,596
91,5,0,10,15,2145120,3629,0,0,601
92,6,0,7,18,2202240,3670,0,0,607
93,3,0,3,22,2237580,3686,0,0,610
94,4,0,2,23,2250900,3677,0,0,614
95,3,0,3,22,2255880,3674,0,0,617
96,8,0,6,19,2272440,3671,0,0,625
97,4,0,3,22,2291640,3660,0,0,629
98,4,0,4,21,2301840,3659,0,0,633
99,6,0,7,18,2307360,3650,0,0,639
100,8,0,10,15,2332200,3661,0,0,647
101,5,0,5,20,2374320,3669,0,0,652
102,4,0,6,19,2389080,3675,0,0,656
103,4,0,5,20,2413560,3684,0,0,660
104,7,0,6,19,2439900,3691,0,0,667
105,4,0,5,20,2454300,3685,0,0,671
106,2,0,3,22,2472960,3690,0,0,673
107,9,0,8,17,2491260,3696,0,0,682
108,9,0,8,17,2511600,3677,0,0,691
109,11,0,12,13,2540700,3682,0,0,702
110,10,0,10,15,2573520,3665,0,0,712
111,12,0,11,14,2616360,3669,0,0,724
112,9,0,14,11,2641680,3674,0,0,733
113,9,0,11,14,2686920,3675,0,0,742
114,13,0,10,15,2747220,3687,0,0,755
115,5,0,6,19,2782980,3690,0,0,760
116,4,0,4,21,2801580,3686,0,0,764
117,6,0,8,17,2817300,3697,0,0,770
118,6,0,7,18,2840460,3693,0,0,776
119,4,0,5,20,2860860,3691,0,0,780
120,5,0,3,22,2883420,3687,0,0,785
121,5,0,4,21,2899500,3688,0,0,790
122,2,0,3,22,2908080,3685,0,0,792
123,4,0,5,20,2916840,3687,0,0,796
124,7,0,8,17,2931540,3687,0,0,803
125,6,0,10,15,2950380,3692,0,0,809
126,3,0,5,20,2991600,3707,0,0,812
127,8,0,7,18,3024540,3720,0,0,820
128,5,0,7,18,3038580,3714,0,0,825
129,9,0,9,16,3069300,3720,0,0,834
130,8,0,10,15,3091800,3716,0,0,842
131,8,0,8,17,3133200,3721,0,0,850
132,12,0,10,15,3159840,3708,0,0,862
133,6,0,4,21,3191760,3694,0,0,868
134,8,0,4,21,3207120,3677,0,0,876
135,7,0,7,18,3215940,3671,0,0,883
136,9,0,9,16,3235860,3664,0,0,892
137,9,0,11,14,3265860,3669,0,0,901
138,3,0,6,19,3307320,3682,0,0,904
139,5,0,5,20,3327780,3681,0,0,909
140,2,0,2,23,3355680,3691,0,0,911
141,5,0,4,21,3365400,3690,0,0,916
142,6,0,6,19,3373260,3682,0,0,922
143,2,0,4,21,3388860,3683,0,0,924
144,3,0,4,21,3402240,3686,0,0,927
145,1,0,1,24,3418740,3687,0,0,928
146,7,0,5,20,3421440,3678,0,0,935
147,4,0,2,23,3446280,3677,0,0,939
148,5,0,5,20,3450780,3674,0,0,944
149,4,0,3,22,3469920,3671,0,0,948
150,6,0,5,20,3482520,3669,0,0,954
151,13,0,8,17,3508380,3658,0,0,967
152,2,0,6,19,3521700,3657,0,0,969
153,10,0,8,17,3546120,3652,0,0,979
154,9,0,12,13,3560580,3648,0,0,988
155,5,0,7,18,3619140,3670,0,0,993
156,11,0,8,17,3654840,3669,0,0,1004
157,7,0,7,18,3678720,3664,0,0,1011
158,11,0,11,14,3697440,3657,0,0,1022
159,10,0,11,14,3738900,3661,0,0,1032
160,7,0,10,15,3768780,3662,0,0,1039
161,7,0,9,16,3818280,3682,0,0,1046
162,8,0,7,18,3858660,3685,0,0,1054
163,5,0,8,17,3881580,3693,0,0,1059
164,10,0,8,17,3921120,3695,0,0,1069
165,8,0,8,17,3939000,3684,0,0,1077
166,9,0,6,19,3968400,3674,0,0,1086
167,2,0,2,23,3998160,3681,0,0,1088
168,3,0,2,23,4005120,3677,0,0,1091
169,5,0,5,20,4017900,3682,0,0,1096
170,3,0,5,20,4023360,3677,0,0,1099
171,4,0,4,21,4046280,3681,0,0,1103
172,6,0,6,19,4055940,3677,0,0,1109
173,5,0,9,16,4066380,3679,0,0,1114
174,6,0,9,16,4099560,3689,0,0,1120
175,5,0,6,19,4125660,3686,0,0,1125
176,6,0,8,17,4155180,3700,0,0,1131
177,11,0,12,13,4180440,3699,0,0,1142
178,10,0,8,17,4216500,3685,0,0,1152
179,7,0,5,20,4252020,3684,0,0,1159
180,8,0,8,17,4273800,3687,0,0,1167
181,12,0,11,14,4286340,3669,0,0,1179
182,9,0,12,13,4324800,3677,0,0,1188
183,7,0,8,17,4377480,3687,0,0,1195
184,5,0,5,20,4413420,3693,0,0,1200
185,4,0,4,21,4434900,3695,0,0,1204
186,9,0,7,18,4452600,3692,0,0,1213
187,6,0,3,22,4479660,3683,0,0,1219
188,9,0,7,18,4490580,3677,0,0,1228
189,4,0,7,18,4508220,3680,0,0,1232
190,10,0,7,18,4540440,3676,0,0,1242
191,4,0,3,22,4561080,3669,0,0,1246
192,6,0,5,20,4575960,3669,0,0,1252
193,1,0,3,22,4590480,3672,0,0,1253
194,3,0,2,23,4604520,3671,0,0,1256
195,3,0,1,24,4618680,3671,0,0,1259
196,3,0,3,22,4621020,3670,0,0,1262
197,6,0,5,20,4631100,3666,0,0,1268
198,8,0,9,16,4638960,3661,0,0,1276
199,6,0,8,17,4666440,3662,0,0,1282
200,7,0,6,19,4719360,3678,0,0,1289
201,8,0,8,17,4738260,3675,0,0,1297
202,9,0,8,17,4761960,3668,0,0,1306
203,9,0,10,15,4781940,3664,0,0,1315
204,11,0,11,14,4825380,3669,0,0,1326
205,13,0,16,9,4863540,3676,0,0,1339
206,6,0,12,13,4906380,3680,0,0,1345
207,5,0,9,16,4954140,3694,0,0,1350
208,8,0,8,17,5008500,3710,0,0,1358
209,7,0,6,19,5040720,3709,0,0,1365
210,4,0,2,23,5065980,3705,0,0,1369
211,5,0,5,20,5074680,3706,0,0,1374
212,5,0,5,20,5087280,3702,0,0,1379
213,10,0,8,17,5113620,3702,0,0,1389
214,3,0,2,23,5147760,3703,0,0,1392
215,2,0,3,22,5154120,3705,0,0,1394
216,4,0,5,20,5162280,3705,0,0,1398
217,5,0,4,21,5182320,3704,0,0,1403
218,6,0,4,21,5195940,3698,0,0,1409
219,5,0,8,17,5198100,3697,0,0,1414
220,6,0,4,21,5240220,3700,0,0,1420
221,4,0,4,21,5254920,3700,0,0,1424
222,7,0,8,17,5266680,3701,0,0,1431
223,4,0,4,21,5301720,3704,0,0,1435
224,5,0,6,19,5313180,3705,0,0,1440
225,5,0,7,18,5332800,3708,0,0,1445
226,6,0,6,19,5354220,3705,0,0,1451
227,10,0,7,18,5380020,3700,0,0,1461
228,8,0,10,15,5403000,3703,0,0,1469
229,8,0,9,16,5435100,3702,0,0,1477
230,7,0,9,16,5461860,3702,0,0,1484
231,14,0,17,8,5482200,3701,0,0,1498
232,8,0,15,10,5535060,3712,0,0,1506
233,13,0,10,15,5601300,3711,0,0,1519
234,8,0,9,16,5644440,3718,0,0,1527
235,6,0,7,18,5684880,3725,0,0,1533
236,6,0,7,18,5703000,3722,0,0,1539
237,6,0,5,20,5724660,3717,0,0,1545
238,7,0,6,19,5739900,3712,0,0,1552
239,4,0,8,17,5747880,3713,0,0,1556
240,5,0,5,20,5782800,3716,0,0,1561
241,6,0,7,18,5794560,3714,0,0,1567
242,1,0,1,24,5822160,3715,0,0,1568
243,3,0,2,23,5829000,3715,0,0,1571
244,7,0,4,21,5841000,3710,0,0,1578
245,5,0,8,17,5841780,3709,0,0,1583
246,8,0,8,17,5869680,3707,0,0,1591
247,5,0,3,22,5901900,3704,0,0,1596
248,3,0,1,24,5917500,3703,0,0,1599
249,15,0,12,13,5925180,3698,0,0,1614
250,5,0,8,17,5947320,3691,0,0,1619
251,5,0,4,21,5978580,3690,0,0,1624
252,11,0,11,14,5991420,3689,0,0,1635
253,4,0,9,16,6015480,3690,0,0,1639
254,4,0,5,20,6057780,3698,0,0,1643
255,10,0,12,13,6074400,3701,0,0,1653
256,7,0,7,18,6120840,3702,0,0,1660
257,11,0,7,18,6154020,3698,0,0,1671
258,4,0,5,20,6166500,3692,0,0,1675
259,11,0,9,16,6197340,3695,0,0,1686
260,6,0,9,16,6221880,3696,0,0,1692
261,3,0,3,22,6257220,3698,0,0,1695
262,5,0,6,19,6259020,3694,0,0,1700
263,7,0,4,21,6278400,3686,0,0,1707
264,4,0,4,21,6293940,3687,0,0,1711
265,7,0,7,18,6314880,3690,0,0,1718
266,5,0,5,20,6336720,3688,0,0,1723
267,12,0,11,14,6358380,3688,0,0,1735
268,9,0,10,15,6395940,3688,0,0,1744
269,7,0,9,16,6425220,3688,0,0,1751
270,7,0,7,18,6457920,3688,0,0,1758
271,9,0,7,18,6483660,3683,0,0,1767
272,7,0,7,18,6504120,3680,0,0,1774
273,5,0,6,19,6534780,3685,0,0,1779
274,7,0,5,20,6566640,3687,0,0,1786
275,7,0,9,16,6578820,3687,0,0,1793
276,9,0,9,16,6613620,3688,0,0,1802
277,7,0,8,17,6640500,3687,0,0,1809
278,10,0,9,16,6666720,3683,0,0,1819
279,20,0,15,10,6714900,3681,0,0,1839
280,11,0,14,11,6752760,3677,0,0,1850
281,5,0,8,17,6810900,3687,0,0,1855
282,6,0,5,20,6851940,3691,0,0,1861
283,12,0,12,13,6869940,3691,0,0,1873
284,3,0,5,20,6904320,3690,0,0,1876
285,6,0,6,19,6929340,3693,0,0,1882
286,3,0,4,21,6948000,3693,0,0,1885
287,7,0,7,18,6970860,3698,0,0,1892
288,4,0,8,17,6988440,3701,0,0,1896
289,4,0,6,19,7023600,3708,0,0,1900
290,4,0,6,19,7039560,3708,0,0,1904
291,9,0,5,20,7067940,3704,0,0,1913
292,5,0,5,20,7078680,3700,0,0,1918
293,5,0,5,20,7098360,3700,0,0,1923
294,6,0,6,19,7110720,3697,0,0,1929
295,11,0,11,14,7141680,3702,0,0,1940
296,12,0,13,12,7176780,3701,0,0,1952
297,8,0,12,13,7204620,3698,0,0,1960
298,5,0,7,18,7260660,3708,0,0,1965
299,10,0,9,16,7280460,3703,0,0,1975
300,6,0,6,19,7318140,3705,0,0,1981
301,8,0,12,13,7323540,3704,0,0,1989
302,9,0,11,14,7371000,3709,0,0,1998
303,5,0,7,18,7419480,3717,0,0,2003
304,8,0,8,17,7452600,3720,0,0,2011
305,9,0,10,15,7473060,3717,0,0,2020
306,8,0,10,15,7504080,3718,0,0,2028
307,10,0,10,15,7534080,3715,0,0,2038
308,3,0,6,19,7564440,3717,0,0,2041
309,1,0,2,23,7591020,3721,0,0,2042
310,6,0,4,21,7602420,3719,0,0,2048
311,4,0,5,20,7611540,3718,0,0,2052
312,2,0,3,22,7618380,3714,0,0,2054
313,3,0,4,21,7630500,3716,0,0,2057
314,4,0,6,19,7639560,3717,0,0,2061
315,3,0,3,22,7662480,3717,0,0,2064
316,2,0,3,22,7670580,3718,0,0,2066
317,4,0,3,22,7692180,3721,0,0,2070
318,8,0,7,18,7699860,3717,0,0,2078
319,4,0,5,20,7717260,3715,0,0,2082
320,6,0,7,18,7733820,3716,0,0,2088
321,6,0,7,18,7750920,3713,0,0,2094
322,8,0,10,15,7771680,3714,0,0,2102
323,8,0,9,16,7805640,3715,0,0,2110
324,11,0,10,15,7846620,3717,0,0,2121
325,9,0,11,14,7867380,3712,0,0,2130
326,11,0,9,16,7914780,3712,0,0,2141
327,10,0,7,18,7942740,3704,0,0,2151
328,13,0,14,11,7971840,3707,0,0,2164
329,7,0,8,17,8021520,3708,0,0,2171
330,4,0,5,20,8058480,3713,0,0,2175
331,6,0,9,16,8072040,3716,0,0,2181
332,11,0,7,18,8120040,3716,0,0,2192
333,4,0,6,19,8135280,3714,0,0,2196
334,2,0,3,22,8156640,3716,0,0,2198
335,10,0,8,17,8176680,3716,0,0,2208
336,9,0,15,10,8181120,3715,0,0,2217
337,10,0,10,15,8239560,3716,0,0,2227
338,4,0,6,19,8277900,3720,0,0,2231
339,8,0,6,19,8302500,3718,0,0,2239
340,2,0,4,21,8318880,3718,0,0,2241
341,3,0,5,20,8336160,3723,0,0,2244
342,10,0,11,14,8347260,3721,0,0,2254
343,7,0,10,15,8373420,3719,0,0,2261
344,15,0,9,16,8428320,3717,0,0,2276
345,7,0,8,17,8448960,3713,0,0,2283
346,9,0,9,16,8484840,3716,0,0,2292
347,10,0,8,17,8514840,3711,0,0,2302
348,11,0,12,13,8525760,3705,0,0,2313
349,13,0,13,12,8568180,3704,0,0,2326
350,6,0,8,17,8601780,3701,0,0,2332
351,11,0,8,17,8652480,3705,0,0,2343
352,7,0,9,16,8680740,3708,0,0,2350
353,9,0,12,13,8699280,3706,0,0,2359
354,7,0,9,16,8738880,3707,0,0,2366
355,8,0,8,17,8773200,3708,0,0,2374
356,7,0,7,18,8805780,3709,0,0,2381
357,5,0,6,19,8829060,3709,0,0,2386
358,3,0,5,20,8849400,3711,0,0,2389
359,4,0,3,22,8878800,3714,0,0,2393
360,7,0,7,18,8882460,3711,0,0,2400
361,5,0,9,16,8890500,3710,0,0,2405
362,4,0,6,19,8925900,3714,0,0,2409
363,3,0,4,21,8955720,3719,0,0,2412
364,4,0,1,24,8974260,3716,0,0,2416
365,1,0,1,24,8979540,3716,0,0,2417
366,3,0,3,22,8980380,3715,0,0,2420
367,6,0,5,20,8987100,3712,0,0,2426
368,6,0,5,20,9007980,3711,0,0,2432
369,5,0,4,21,9029400,3711,0,0,2437
370,7,0,7,18,9041280,3710,0,0,2444
371,8,0,9,16,9067200,3711,0,0,2452
372,11,0,12,13,9095700,3711,0,0,2463
373,9,0,11,14,9130740,3710,0,0,2472
374,8,0,5,20,9196080,3715,0,0,2480
375,11,0,9,16,9208800,3710,0,0,2491
376,10,0,10,15,9238500,3708,0,0,2501
377,12,0,11,14,9276480,3707,0,0,2513
378,8,0,4,21,9307140,3697,0,0,2521
379,4,0,4,21,9324120,3698,0,0,2525
380,11,0,10,15,9330480,3693,0,0,2536
381,5,0,6,19,9367740,3695,0,0,2541
382,8,0,7,18,9399420,3697,0,0,2549
383,4,0,2,23,9417000,3691,0,0,2553
384,2,0,4,21,9417000,3691,0,0,2555
385,6,0,9,16,9424620,3693,0,0,2561
386,6,0,5,20,9452700,3689,0,0,2567
387,2,0,2,23,9474240,3690,0,0,2569
388,3,0,4,21,9481740,3692,0,0,2572
389,3,0,2,23,9492840,3689,0,0,2575
390,8,0,7,18,9510900,3692,0,0,2583
391,3,0,4,21,9521400,3687,0,0,2586
392,7,0,5,20,9542220,3687,0,0,2593
393,7,0,3,22,9564840,3683,0,0,2600
394,12,0,10,15,9573000,3679,0,0,2612
395,7,0,6,19,9603300,3675,0,0,2619
396,4,0,5,20,9619920,3674,0,0,2623
397,7,0,4,21,9644460,3672,0,0,2630
398,4,0,4,21,9655800,3671,0,0,2634
399,12,0,9,16,9679980,3670,0,0,2646
400,11,0,11,14,9702300,3666,0,0,2657
401,7,0,10,15,9733680,3667,0,0,2664
402,4,0,4,21,9775380,3669,0,0,2668
403,7,0,6,19,9780180,3664,0,0,2675
404,4,0,5,20,9799980,3664,0,0,2679
405,4,0,4,21,9840900,3673,0,0,2683
406,10,0,12,13,9853080,3675,0,0,2693
407,4,0,4,21,9887100,3671,0,0,2697
408,4,0,3,22,9912180,3673,0,0,2701
409,4,0,4,21,9930000,3676,0,0,2705
410,4,0,4,21,9935520,3673,0,0,2709
411,6,0,5,20,9956820,3674,0,0,2715
412,8,0,8,17,9968820,3671,0,0,2723
413,9,0,9,16,9999120,3672,0,0,2732
414,2,0,5,20,10024800,3673,0,0,2734
415,3,0,3,22,10054560,3677,0,0,2737
416,6,0,5,20,10060680,3674,0,0,2743
417,9,0,6,19,10079340,3670,0,0,2752
418,8,0,10,15,10094220,3670,0,0,2760
419,9,0,14,11,10113600,3670,0,0,2769
420,6,0,6,19,10186020,3678,0,0,2775
421,11,0,13,12,10200660,3678,0,0,2786
422,9,0,14,11,10228320,3677,0,0,2795
423,4,0,6,19,10291920,3684,0,0,2799
424,7,0,3,22,10320540,3681,0,0,2806
425,8,0,5,20,10334100,3678,0,0,2814
426,7,0,7,18,10339980,3674,0,0,2821
427,8,0,10,15,10362240,3675,0,0,2829
428,13,0,11,14,10390260,3670,0,0,2842
429,7,0,9,16,10424040,3670,0,0,2849
430,7,0,7,18,10456380,3670,0,0,2856
431,3,0,2,23,10499220,3674,0,0,2859
432,5,0,6,19,10505040,3675,0,0,2864
433,3,0,6,19,10518300,3676,0,0,2867
434,3,0,5,20,10540860,3679,0,0,2870
435,2,0,3,22,10557660,3679,0,0,2872
436,8,0,6,19,10569360,3677,0,0,2880
437,6,0,7,18,10577040,3673,0,0,2886
438,12,0,12,13,10598340,3672,0,0,2898
439,5,0,7,18,10643220,3675,0,0,2903
440,8,0,6,19,10677420,3675,0,0,2911
441,12,0,12,13,10695180,3674,0,0,2923
442,8,0,10,15,10726680,3672,0,0,2931
443,9,0,9,16,10767720,3673,0,0,2940
444,6,0,9,16,10786860,3672,0,0,2946
445,8,0,11,14,10821000,3676,0,0,2954
446,11,0,10,15,10863180,3676,0,0,2965
447,6,0,6,19,10898100,3675,0,0,2971
448,7,0,6,19,10926900,3676,0,0,2978
449,9,0,6,19,10960860,3676,0,0,2987
450,12,0,12,13,10976880,3674,0,0,2999
451,4,0,5,20,11017920,3675,0,0,3003
452,9,0,7,18,11050320,3677,0,0,3012
453,9,0,8,17,11070960,3674,0,0,3021
454,5,0,6,19,11096820,3674,0,0,3026
455,4,0,5,20,11120100,3676,0,0,3030
456,4,0,4,21,11139600,3676,0,0,3034
457,3,0,3,22,11153340,3676,0,0,3037
458,4,0,5,20,11165400,3677,0,0,3041
459,5,0,6,19,11183820,3678,0,0,3046
460,3,0,4,21,11207160,3680,0,0,3049
461,4,0,5,20,11224680,3682,0,0,3053
462,5,0,7,18,11242440,3684,0,0,3058
463,5,0,6,19,11262780,3684,0,0,3063
464,6,0,6,19,11286480,3684,0,0,3069
465,4,0,3,22,11302740,3681,0,0,3073
466,6,0,6,19,11308380,3679,0,0,3079
467,12,0,10,15,11329320,3677,0,0,3091
468,6,0,7,18,11349360,3672,0,0,3097
469,14,0,12,13,11381400,3672,0,0,3111
470,8,0,12,13,11412480,3673,0,0,3119
471,8,0,12,13,11450580,3675,0,0,3127
472,8,0,11,14,11491980,3678,0,0,3135
473,6,0,7,18,11536080,3680,0,0,3141
474,8,0,7,18,11571480,3682,0,0,3149
475,9,0,11,14,11589480,3682,0,0,3158
476,3,0,6,19,11629260,3685,0,0,3161
477,7,0,8,17,11650200,3686,0,0,3168
478,8,0,7,18,11686560,3687,0,0,3176
479,5,0,8,17,11699640,3687,0,0,3181
480,3,0,4,21,11735520,3690,0,0,3184
481,2,0,2,23,11757420,3692,0,0,3186
482,3,0,1,24,11769900,3691,0,0,3189
483,4,0,4,21,11774580,3692,0,0,3193
484,7,0,9,16,11779680,3691,0,0,3200
485,7,0,8,17,11808300,3691,0,0,3207
486,5,0,7,18,11831820,3691,0,0,3212
487,4,0,8,17,11851320,3694,0,0,3216
488,7,0,7,18,11880300,3694,0,0,3223
489,7,0,9,16,11899260,3694,0,0,3230
490,8,0,7,18,11924400,3690,0,0,3238
491,7,0,6,19,11952120,3690,0,0,3245
492,7,0,7,18,11979360,3691,0,0,3252
493,20,0,16,9,12011220,3688,0,0,3272
494,9,0,14,11,12043920,3686,0,0,3281
495,8,0,8,17,12107280,3690,0,0,3289
496,8,0,6,19,12147120,3691,0,0,3297
497,7,0,9,16,12155280,3689,0,0,3304
498,9,0,9,16,12192060,3690,0,0,3313
499,3,0,7,18,12208440,3689,0,0,3316
500,10,0,10,15,12232020,3688,0,0,3326
501,7,0,10,15,12267900,3691,0,0,3333
502,5,0,3,22,12308280,3690,0,0,3338
503,4,0,2,23,12329040,3691,0,0,3342
504,4,0,3,22,12340320,3691,0,0,3346
505,4,0,5,20,12342240,3689,0,0,3350
506,8,0,8,17,12354000,3687,0,0,3358
507,2,0,3,22,12393180,3691,0,0,3360
508,4,0,4,21,12404160,3691,0,0,3364
509,7,0,8,17,12414420,3691,0,0,3371
510,6,0,7,18,12440880,3691,0,0,3377
511,9,0,8,17,12472620,3692,0,0,3386
512,8,0,7,18,12498480,3690,0,0,3394
513,0,0,2,23,12527880,3693,0,0,3394
514,5,0,4,21,12545700,3695,0,0,3399
515,9,0,8,17,12559200,3693,0,0,3408
516,15,0,10,15,12590220,3688,0,0,3423
517,8,0,6,19,12621120,3684,0,0,3431
518,12,0,11,14,12651120,3686,0,0,3443
519,11,0,12,13,12674160,3682,0,0,3454
520,3,0,7,18,12712080,3684,0,0,3457
521,6,0,4,21,12747780,3685,0,0,3463
522,6,0,6,19,12755280,3683,0,0,3469
523,5,0,7,18,12768060,3682,0,0,3474
524,4,0,3,22,12804960,3684,0,0,3478
525,3,0,0,25,12823080,3683,0,0,3481
526,4,0,1,24,12828360,3682,0,0,3485
527,5,0,3,22,12832740,3680,0,0,3490
528,6,0,6,19,12840840,3679,0,0,3496
529,1,0,5,20,12850860,3680,0,0,3497
530,7,0,4,21,12882360,3680,0,0,3504
531,6,0,6,19,12888660,3678,0,0,3510
532,10,0,11,14,12903480,3677,0,0,3520
533,6,0,7,18,12932340,3675,0,0,3526
534,6,0,2,23,12974340,3675,0,0,3532
535,10,0,4,21,12997140,3673,0,0,3542
536,8,0,5,20,13011780,3670,0,0,3550
537,8,0,8,17,13022580,3668,0,0,3558
538,8,0,8,17,13048380,3667,0,0,3566
539,9,0,11,14,13062600,3665,0,0,3575
540,8,0,9,16,13099320,3665,0,0,3583
541,12,0,13,12,13124460,3664,0,0,3595
542,9,0,11,14,13181940,3668,0,0,3604
543,7,0,7,18,13216080,3667,0,0,3611
544,7,0,6,19,13254180,3669,0,0,3618
545,6,0,7,18,13264080,3667,0,0,3624
546,12,0,11,14,13288200,3665,0,0,3636
547,8,0,4,21,13341480,3665,0,0,3644
548,5,0,4,21,13360260,3665,0,0,3649
549,4,0,3,22,13372740,3663,0,0,3653
550,6,0,4,21,13388220,3662,0,0,3659
551,4,0,6,19,13393440,3662,0,0,3663
552,5,0,7,18,13412460,3663,0,0,3668
553,3,0,5,20,13434960,3664,0,0,3671
554,6,0,5,20,13450200,3662,0,0,3677
555,7,0,8,17,13462080,3662,0,0,3684
556,5,0,5,20,13490040,3661,0,0,3689
557,1,0,2,23,13511340,3663,0,0,3690
558,14,0,12,13,13516020,3660,0,0,3704
559,4,0,5,20,13558200,3661,0,0,3708
560,4,0,5,20,13578720,3662,0,0,3712
561,5,0,4,21,13593780,3661,0,0,3717
562,9,0,7,18,13610220,3659,0,0,3726
563,7,0,11,14,13614420,3657,0,0,3733
564,11,0,7,18,13667460,3657,0,0,3744
565,6,0,7,18,13690320,3657,0,0,3750
566,8,0,11,14,13708020,3658,0,0,3758
567,9,0,7,18,13758780,3659,0,0,3767
568,6,0,6,19,13790640,3660,0,0,3773
569,10,0,7,18,13810980,3657,0,0,3783
570,8,0,7,18,13834800,3656,0,0,3791
571,9,0,9,16,13854540,3654,0,0,3800
572,5,0,7,18,13896600,3658,0,0,3805
573,6,0,5,20,13932900,3660,0,0,3811
574,4,0,4,21,13950720,3660,0,0,3815
575,0,0,1,24,13971180,3663,0,0,3815
576,4,0,3,22,13979580,3663,0,0,3819
577,7,0,8,17,13990500,3664,0,0,3826
578,6,0,8,17,14008260,3663,0,0,3832
579,6,0,5,20,14030100,3660,0,0,3838
580,4,0,6,19,14047920,3662,0,0,3842
581,5,0,3,22,14072340,3660,0,0,3847
582,6,0,5,20,14079300,3658,0,0,3853
583,8,0,3,22,14105460,3656,0,0,3861
584,7,0,6,19,14117220,3655,0,0,3868
585,5,0,4,21,14141820,3655,0,0,3873
586,13,0,12,13,14151120,3652,0,0,3886
587,12,0,15,10,14181660,3652,0,0,3898
588,12,0,14,11,14241300,3655,0,0,3910
589,11,0,12,13,14295480,3657,0,0,3921
590,8,0,8,17,14340780,3657,0,0,3929
591,15,0,10,15,14381940,3655,0,0,3944
592,7,0,14,11,14392440,3655,0,0,3951
593,7,0,11,14,14435280,3657,0,0,3958
594,4,0,7,18,14486460,3662,0,0,3962
595,8,0,9,16,14517600,3665,0,0,3970
596,6,0,9,16,14533560,3663,0,0,3976
597,2,0,3,22,14577660,3667,0,0,3978
598,8,0,7,18,14595720,3668,0,0,3986
599,7,0,8,17,14606400,3665,0,0,3993
600,3,0,6,19,14630220,3666,0,0,3996
601,5,0,3,22,14663640,3667,0,0,4001
602,4,0,4,21,14679000,3668,0,0,4005
603,10,0,7,18,14696280,3666,0,0,4015
604,5,0,8,17,14706900,3665,0,0,4020
605,3,0,3,22,14752440,3669,0,0,4023
606,10,0,6,19,14772480,3668,0,0,4033
607,11,0,11,14,14790360,3667,0,0,4044
608,8,0,9,16,14828880,3667,0,0,4052
609,7,0,9,16,14847720,3666,0,0,4059
610,4,0,6,19,14881620,3668,0,0,4063
611,12,0,12,13,14904840,3668,0,0,4075
612,12,0,12,13,14942640,3666,0,0,4087
613,14,0,17,8,14967720,3664,0,0,4101
614,6,0,5,20,15056700,3670,0,0,4107
615,5,0,5,20,15076620,3670,0,0,4112
616,6,0,5,20,15091920,3669,0,0,4118
617,11,0,12,13,15102660,3668,0,0,4129
618,8,0,11,14,15135840,3668,0,0,4137
619,8,0,7,18,15176640,3667,0,0,4145
620,6,0,5,20,15209520,3668,0,0,4151
621,7,0,5,20,15224100,3665,0,0,4158
622,9,0,6,19,15249300,3664,0,0,4167
623,2,0,4,21,15266040,3665,0,0,4169
624,3,0,4,21,15276720,3665,0,0,4172
625,5,0,6,19,15294420,3666,0,0,4177
626,4,0,2,23,15317940,3665,0,0,4181
627,5,0,5,20,15323940,3665,0,0,4186
628,3,0,4,21,15340560,3665,0,0,4189
629,4,0,3,22,15356760,3665,0,0,4193
630,6,0,6,19,15374700,3666,0,0,4199
631,6,0,4,21,15404100,3666,0,0,4205
632,2,0,3,22,15413580,3666,0,0,4207
633,13,0,10,15,15423720,3663,0,0,4220
634,6,0,7,18,15450360,3662,0,0,4226
635,9,0,8,17,15474120,3660,0,0,4235
636,8,0,8,17,15506100,3661,0,0,4243
637,5,0,4,21,15541320,3661,0,0,4248
638,9,0,7,18,15561900,3661,0,0,4257
639,8,0,6,19,15586560,3659,0,0,4265
640,5,0,5,20,15601620,3658,0,0,4270
641,5,0,6,19,15621600,3659,0,0,4275
642,11,0,7,18,15645960,3656,0,0,4286
643,7,0,8,17,15668160,3656,0,0,4293
644,1,0,2,23,15710220,3660,0,0,4294
645,5,0,3,22,15729060,3661,0,0,4299
646,6,0,5,20,15739140,3660,0,0,4305
647,4,0,2,23,15758640,3658,0,0,4309
648,3,0,1,24,15767400,3657,0,0,4312
649,6,0,4,21,15771600,3655,0,0,4318
650,3,0,4,21,15782580,3655,0,0,4321
651,1,0,3,22,15794700,3657,0,0,4322
652,9,0,7,18,15806220,3655,0,0,4331
653,3,0,2,23,15829800,3654,0,0,4334
654,8,0,8,17,15834300,3653,0,0,4342
655,8,0,8,17,15856500,3651,0,0,4350
656,4,0,7,18,15881880,3653,0,0,4354
657,9,0,9,16,15905220,3653,0,0,4363
658,8,0,10,15,15942900,3655,0,0,4371
659,5,0,9,16,15966360,3656,0,0,4376
660,12,0,10,15,16002840,3655,0,0,4388
661,9,0,9,16,16044900,3656,0,0,4397
662,9,0,7,18,16086540,3656,0,0,4406
663,14,0,13,12,16110420,3655,0,0,4420
664,2,0,6,19,16140960,3655,0,0,4422
665,9,0,6,19,16186140,3657,0,0,4431
666,7,0,8,17,16195680,3655,0,0,4438
667,12,0,12,13,16220400,3654,0,0,4450
668,8,0,7,18,16258260,3652,0,0,4458
669,5,0,6,19,16287120,3654,0,0,4463
670,4,0,4,21,16311840,3654,0,0,4467
671,3,0,4,21,16324260,3655,0,0,4470
672,5,0,7,18,16333860,3655,0,0,4475
673,6,0,11,14,16335660,3654,0,0,4481
674,5,0,12,13,16344300,3653,0,0,4486
675,9,0,14,11,16369320,3653,0,0,4495
676,11,0,19,6,16386180,3651,0,0,4506
677,5,0,11,14,16422780,3649,0,0,4511
678,3,0,7,18,16457220,3651,0,0,4514
679,5,0,9,16,16459260,3649,0,0,4519
680,8,0,12,13,16469580,3647,0,0,4527
681,7,0,13,12,16478640,3644,0,0,4534
682,10,0,16,9,16504260,3644,0,0,4544
683,7,0,15,10,16536600,3645,0,0,4551
684,10,0,17,8,16561320,3644,0,0,4561
685,13,0,18,7,16608720,3645,0,0,4574
686,7,0,13,12,16645140,3643,0,0,4581
687,11,0,18,7,16662120,3642,0,0,4592
688,7,0,15,10,16701360,3643,0,0,4599
689,12,0,16,9,16742100,3643,0,0,4611
690,4,0,14,11,16760100,3642,0,0,4615
691,4,0,7,18,16805880,3643,0,0,4619
692,2,0,7,18,16813620,3644,0,0,4621
693,2,0,7,18,16821420,3644,0,0,4623
694,1,0,7,18,16823580,3643,0,0,4624
695,8,0,14,11,16824240,3643,0,0,4632
696,6,0,14,11,16845000,3642,0,0,4638
697,2,0,11,14,16869480,3644,0,0,4640
698,4,0,7,18,16895160,3643,0,0,4644
699,5,0,10,15,16901040,3643,0,0,4649
700,0,0,8,17,16907700,3643,0,0,4649
701,5,0,11,14,16919160,3644,0,0,4654
702,5,0,13,12,16929240,3643,0,0,4659
703,8,0,12,13,16954560,3642,0,0,4667
704,4,0,14,11,16963080,3642,0,0,4671
705,7,0,12,13,17013540,3646,0,0,4678
706,14,0,21,4,17025900,3645,0,0,4692
707,5,0,14,11,17076120,3646,0,0,4697
708,6,0,11,14,17112180,3647,0,0,4703
709,11,0,17,8,17130300,3647,0,0,4714
710,7,0,17,8,17145240,3644,0,0,4721
711,7,0,14,11,17173440,3643,0,0,4728
712,12,0,17,8,17217000,3645,0,0,4740
713,9,0,14,11,17260800,3645,0,0,4749
714,5,0,10,15,17306280,3648,0,0,4754
715,9,0,13,12,17323620,3647,0,0,4763
716,8,0,16,9,17342820,3647,0,0,4771
717,7,0,10,15,17389620,3647,0,0,4778
718,5,0,10,15,17405040,3646,0,0,4783
719,8,0,10,15,17427180,3645,0,0,4791
720,5,0,11,14,17433000,3643,0,0,4796
721,4,0,11,14,17451840,3644,0,0,4800
722,5,0,8,17,17477340,3643,0,0,4805
723,2,0,8,17,17481840,3642,0,0,4807
724,5,0,9,16,17494920,3642,0,0,4812
725,4,0,11,14,17503020,3642,0,0,4816
726,5,0,11,14,17518860,3642,0,0,4821
727,11,0,14,11,17537880,3640,0,0,4832
728,6,0,12,13,17570340,3640,0,0,4838
729,7,0,13,12,17589360,3640,0,0,4845
730,13,0,18,7,17606760,3637,0,0,4858
731,12,0,16,9,17661540,3638,0,0,4870
732,9,0,13,12,17703120,3638,0,0,4879
733,13,0,21,4,17725140,3638,0,0,4892
734,13,0,20,5,17762100,3636,0,0,4905
735,11,0,16,9,17825760,3637,0,0,4916
736,11,0,19,6,17851500,3637,0,0,4927
737,7,0,12,13,17900640,3636,0,0,4934
738,9,0,11,14,17927460,3634,0,0,4943
739,5,0,10,15,17955900,3636,0,0,4948
740,2,0,7,18,17970420,3635,0,0,4950
741,9,0,13,12,17974260,3634,0,0,4959
742,9,0,14,11,17991420,3631,0,0,4968
743,4,0,12,13,18016440,3632,0,0,4972
744,6,0,11,14,18039360,3631,0,0,4978
745,7,0,14,11,18058560,3632,0,0,4985
746,3,0,9,16,18095220,3634,0,0,4988
747,6,0,12,13,18101520,3633,0,0,4994
748,4,0,11,14,18119280,3633,0,0,4998
749,5,0,15,10,18120240,3632,0,0,5003
750,8,0,15,10,18165480,3636,0,0,5011
751,3,0,13,12,18185520,3636,0,0,5014
752,5,0,14,11,18211860,3638,0,0,5019
753,12,0,16,9,18250680,3639,0,0,5031
754,7,0,13,12,18283860,3638,0,0,5038
755,3,0,8,17,18321720,3640,0,0,5041
756,6,0,8,17,18337260,3639,0,0,5047
757,13,0,15,10,18345480,3636,0,0,5060
758,9,0,18,7,18365880,3636,0,0,5069
759,7,0,14,11,18412740,3637,0,0,5076
760,12,0,17,8,18452460,3638,0,0,5088
761,5,0,14,11,18483840,3639,0,0,5093
762,7,0,14,11,18507660,3638,0,0,5100
763,7,0,14,11,18532800,3638,0,0,5107
764,7,0,12,13,18577380,3641,0,0,5114
765,6,0,10,15,18606360,3641,0,0,5120
766,7,0,14,11,18613140,3640,0,0,5127
767,2,0,11,14,18633900,3640,0,0,5129
768,2,0,9,16,18657000,3642,0,0,5131
769,5,0,11,14,18669960,3642,0,0,5136
770,3,0,9,16,18685740,3642,0,0,5139
771,5,0,12,13,18692940,3642,0,0,5144
772,8,0,17,8,18702120,3642,0,0,5152
773,4,0,11,14,18737400,3641,0,0,5156
774,6,0,11,14,18766920,3643,0,0,5162
775,2,0,9,16,18779160,3642,0,0,5164
776,4,0,9,16,18803160,3644,0,0,5168
777,8,0,13,12,18819120,3644,0,0,5176
778,6,0,15,10,18828660,3644,0,0,5182
779,6,0,12,13,18861180,3643,0,0,5188
780,9,0,14,11,18884100,3643,0,0,5197
781,8,0,13,12,18918240,3643,0,0,5205
782,7,0,16,9,18933900,3643,0,0,5212
783,11,0,20,5,18962400,3644,0,0,5223
784,11,0,18,7,19018680,3646,0,0,5234
785,6,0,15,10,19044960,3644,0,0,5240
786,8,0,15,10,19084860,3647,0,0,5248
787,8,0,14,11,19124280,3648,0,0,5256
788,4,0,11,14,19154400,3649,0,0,5260
789,6,0,11,14,19171920,3648,0,0,5266
790,4,0,9,16,19199220,3649,0,0,5270
791,5,0,12,13,19208220,3649,0,0,5275
792,8,0,12,13,19234320,3649,0,0,5283
793,6,0,14,11,19249680,3649,0,0,5289
794,8,0,14,11,19285200,3650,0,0,5297
795,4,0,14,11,19297440,3649,0,0,5301
796,5,0,11,14,19339920,3652,0,0,5306
797,6,0,12,13,19362240,3653,0,0,5312
798,5,0,11,14,19390080,3654,0,0,5317
799,4,0,10,15,19412580,3655,0,0,5321
800,6,0,10,15,19430280,3654,0,0,5327
801,12,0,15,10,19441380,3651,0,0,5339
802,5,0,15,10,19458660,3651,0,0,5344
803,11,0,16,9,19501800,3652,0,0,5355
804,5,0,12,13,19538520,3653,0,0,5360
805,11,0,13,12,19570740,3652,0,0,5371
806,6,0,14,11,19581120,3651,0,0,5377
807,10,0,15,10,19617180,3651,0,0,5387
808,4,0,10,15,19644420,3650,0,0,5391
809,9,0,15,10,19657740,3650,0,0,5400
810,3,0,9,16,19691640,3650,0,0,5403
811,7,0,12,13,19710300,3651,0,0,5410
812,9,0,16,9,19720800,3649,0,0,5419
813,7,0,11,14,19764360,3649,0,0,5426
814,3,0,8,17,19786680,3650,0,0,5429
815,6,0,11,14,19796460,3649,0,0,5435
816,4,0,11,14,19817760,3651,0,0,5439
817,5,0,11,14,19835340,3650,0,0,5444
818,6,0,12,13,19854900,3651,0,0,5450
819,3,0,11,14,19871160,3651,0,0,5453
820,3,0,11,14,19885680,3652,0,0,5456
821,5,0,10,15,19909260,3652,0,0,5461
822,12,0,16,9,19922760,3650,0,0,5473
823,6,0,15,10,19947420,3650,0,0,5479
824,3,0,11,14,19979100,3651,0,0,5482
825,10,0,16,9,19999740,3652,0,0,5492
826,11,0,15,10,20044080,3652,0,0,5503
827,6,0,10,15,20083980,3652,0,0,5509
828,15,0,21,4,20088060,3650,0,0,5524
829,11,0,20,5,20121540,3648,0,0,5535
830,10,0,17,8,20175240,3649,0,0,5545
831,8,0,17,8,20202900,3649,0,0,5553
832,6,0,11,14,20250900,3650,0,0,5559
833,9,0,17,8,20256840,3649,0,0,5568
834,5,0,13,12,20297880,3650,0,0,5573
835,7,0,15,10,20319720,3651,0,0,5580
836,5,0,14,11,20352780,3653,0,0,5585
837,6,0,13,12,20388420,3655,0,0,5591
838,3,0,9,16,20423040,3656,0,0,5594
839,1,0,6,19,20444160,3657,0,0,5595
840,5,0,9,16,20449080,3657,0,0,5600
841,4,0,10,15,20457960,3657,0,0,5604
842,8,0,11,14,20471520,3654,0,0,5612
843,6,0,11,14,20482920,3653,0,0,5618
844,6,0,15,10,20494980,3653,0,0,5624
845,11,0,18,7,20527680,3654,0,0,5635
846,12,0,21,4,20557980,3654,2820,0,5647
847,8,0,18,7,20616360,3657,2820,0,5655
848,12,0,21,4,20648400,3657,2820,0,5667
849,9,0,13,12,20718540,3658,2820,0,5676
850,7,0,14,11,20744040,3659,2820,0,5683
851,11,0,17,8,20770560,3658,2820,0,5694
852,9,0,14,11,20803980,3656,2820,0,5703
853,7,0,13,12,20838180,3657,2820,0,5710
854,7,0,12,13,20864940,3657,2820,0,5717
855,3,0,8,17,20892960,3657,2820,0,5720
856,11,0,18,7,20898240,3658,2820,0,5731
857,6,0,17,8,20920920,3657,2820,0,5737
858,7,0,12,13,20977980,3659,2820,0,5744
859,6,0,12,13,20999820,3659,2820,0,5750
860,8,0,15,10,21024300,3660,2820,0,5758
861,6,0,13,12,21049080,3660,2820,0,5764
862,4,0,10,15,21089880,3662,2820,0,5768
863,4,0,11,14,21101340,3662,2820,0,5772
864,2,0,12,13,21102180,3662,2820,0,5774
865,6,0,12,13,21132600,3663,2820,0,5780
866,3,0,9,16,21162120,3665,2820,0,5783
867,6,0,12,13,21178440,3665,2820,0,5789
868,2,0,13,12,21185040,3666,2820,0,5791
869,5,0,10,15,21215700,3666,2820,0,5796
870,5,0,11,14,21234660,3667,2820,0,5801
871,10,0,12,13,21253500,3665,2820,0,5811
872,9,0,15,10,21268080,3663,2820,0,5820
873,16,0,17,8,21311040,3662,2820,0,5836
874,8,0,15,10,21347820,3662,2820,0,5844
875,5,0,14,11,21375720,3663,2820,0,5849
876,5,0,10,15,21404940,3662,2820,0,5854
877,6,0,12,13,21423540,3663,2820,0,5860
878,3,0,11,14,21431700,3662,2820,0,5863
879,8,0,13,12,21457020,3662,2820,0,5871
880,5,0,11,14,21474660,3661,2820,0,5876
881,6,0,10,15,21500100,3661,2820,0,5882
882,13,0,19,6,21510900,3660,2820,0,5895
883,7,0,17,8,21525960,3657,2820,0,5902
884,8,0,12,13,21578460,3658,2820,0,5910
885,3,0,11,14,21599880,3659,2820,0,5913
886,4,0,7,18,21625560,3659,2820,0,5917
887,8,0,10,15,21632040,3657,2820,0,5925
888,3,0,10,15,21638100,3656,2820,0,5928
889,5,0,9,16,21657420,3655,2820,0,5933
890,5,0,10,15,21674880,3656,2820,0,5938
891,4,0,9,16,21687660,3655,2820,0,5942
892,12,0,17,8,21706020,3656,2820,0,5954
893,5,0,16,9,21731640,3656,2820,0,5959
894,7,0,14,11,21767820,3657,2820,0,5966
895,6,0,12,13,21799680,3657,2820,0,5972
896,4,0,12,13,21816000,3657,2820,0,5976
897,4,0,12,13,21837480,3659,2820,0,5980
898,10,0,13,12,21864300,3658,2820,0,5990
899,10,0,15,10,21882480,3656,2820,0,6000
900,7,0,13,12,21904560,3654,2820,0,6007
901,9,0,14,11,21932280,3654,2820,0,6016
902,5,0,15,10,21953940,3655,2820,0,6021
903,13,0,17,8,21997620,3655,2820,0,6034
904,7,0,17,8,22019340,3655,2820,0,6041
905,10,0,16,9,22060860,3655,2820,0,6051
906,10,0,19,6,22085460,3655,2820,0,6061
907,5,0,9,16,22145100,3656,2820,0,6066
908,3,0,10,15,22153980,3656,2820,0,6069
909,5,0,13,12,22159800,3656,2820,0,6074
910,8,0,10,15,22196520,3655,2820,0,6082
911,5,0,12,13,22199460,3654,2820,0,6087
912,2,0,13,12,22200240,3653,2820,0,6089
913,1,0,10,15,22233480,3656,2820,0,6090
914,3,0,10,15,22258320,3659,2820,0,6093
915,4,0,12,13,22265160,3659,2820,0,6097
916,3,0,8,17,22295040,3659,2820,0,6100
917,4,0,9,16,22300380,3658,2820,0,6104
918,4,0,9,16,22311180,3658,2820,0,6108
919,4,0,9,16,22320000,3657,2820,0,6112
920,15,0,18,7,22343400,3657,2820,0,6127
921,10,0,18,7,22370400,3655,2820,0,6137
922,8,0,16,9,22412220,3656,2820,0,6145
923,13,0,18,7,22447200,3655,2820,0,6158
924,15,0,25,0,22474200,3655,2820,0,6173
925,15,0,24,1,22531440,3655,3120,0,6188
926,9,0,15,10,22597260,3655,3120,0,6197
927,7,0,12,13,22651500,3658,3120,0,6204
928,13,0,17,8,22673100,3656,3120,0,6217
929,8,0,13,12,22711740,3656,3120,0,6225
930,8,0,12,13,22737600,3654,3120,0,6233
931,8,0,11,14,22770900,3655,3120,0,6241
932,7,0,13,12,22782180,3653,3120,0,6248
933,5,0,13,12,22806660,3654,3120,0,6253
934,6,0,12,13,22831440,3654,3120,0,6259
935,2,0,9,16,22849020,3654,3120,0,6261
936,7,0,12,13,22870980,3655,3120,0,6268
937,5,0,12,13,22877640,3653,3120,0,6273
938,4,0,10,15,22903500,3654,3120,0,6277
939,3,0,11,14,22918680,3655,3120,0,6280
940,6,0,14,11,22936740,3657,3120,0,6286
941,4,0,10,15,22960440,3656,3120,0,6290
942,2,0,9,16,22971420,3656,3120,0,6292
943,6,0,11,14,22981560,3655,3120,0,6298
944,9,0,15,10,22995900,3654,3120,0,6307
945,10,0,17,8,23024040,3654,3120,0,6317
946,10,0,20,5,23051760,3654,3120,0,6327
947,7,0,12,13,23114700,3656,3120,0,6334
948,10,0,13,12,23142360,3655,3120,0,6344
949,6,0,15,10,23151480,3654,3120,0,6350
950,3,0,12,13,23189700,3657,3120,0,6353
951,3,0,10,15,23224380,3659,3120,0,6356
952,6,0,11,14,23232540,3658,3120,0,6362
953,7,0,11,14,23261340,3658,3120,0,6369
954,14,0,18,7,23278380,3657,3120,0,6383
955,6,0,16,9,23303340,3656,3120,0,6389
956,6,0,16,9,23332200,3657,3120,0,6395
957,9,0,14,11,23376660,3658,3120,0,6404
958,6,0,13,12,23402220,3658,3120,0,6410
959,4,0,14,11,23423580,3659,3120,0,6414
960,2,0,11,14,23446680,3660,3120,0,6416
961,6,0,11,14,23477940,3662,3120,0,6422
962,5,0,10,15,23498280,3661,3120,0,6427
963,4,0,11,14,23502840,3660,3120,0,6431
964,5,0,10,15,23520780,3660,3120,0,6436
965,3,0,8,17,23545140,3661,3120,0,6439
966,10,0,14,11,23549160,3659,3120,0,6449
967,5,0,16,9,23557380,3659,3120,0,6454
968,5,0,10,15,23611140,3661,3120,0,6459
969,7,0,11,14,23632380,3661,3120,0,6466
970,3,0,7,18,23654940,3660,3120,0,6469
971,11,0,16,9,23658780,3660,3120,0,6480
972,10,0,16,9,23683140,3658,3120,0,6490
973,11,0,16,9,23718780,3657,3120,0,6501
974,8,0,14,11,23766900,3659,3120,0,6509
975,8,0,15,10,23788500,3658,3120,0,6517
976,2,0,11,14,23819640,3660,3120,0,6519
977,12,0,13,12,23847600,3658,3120,0,6531
978,5,0,13,12,23869380,3659,3120,0,6536
979,3,0,10,15,23894160,3659,3120,0,6539
980,7,0,11,14,23921880,3660,3120,0,6546
981,8,0,15,10,23933160,3660,3120,0,6554
982,3,0,10,15,23973360,3661,3120,0,6557
983,2,0,9,16,23988300,3662,3120,0,6559
984,4,0,10,15,23999280,3662,3120,0,6563
985,3,0,12,13,23999880,3661,3120,0,6566
986,3,0,11,14,24031020,3664,3120,0,6569
987,1,0,7,18,24051300,3664,3120,0,6570
988,7,0,10,15,24057540,3663,3120,0,6577
989,5,0,10,15,24067080,3662,3120,0,6582
990,5,0,12,13,24080100,3662,3120,0,6587
991,4,0,10,15,24099120,3661,3120,0,6591
992,10,0,15,10,24112920,3661,3120,0,6601
993,3,0,9,16,24143580,3660,3120,0,6604
994,1,0,7,18,24162900,3662,3120,0,6605
995,7,0,12,13,24165060,3661,3120,0,6612
996,14,0,16,9,24178800,3657,3120,0,6626
997,6,0,12,13,24216780,3658,3120,0,6632
998,12,0,15,10,24247440,3657,3120,0,6644
999,7,0,14,11,24265860,3656,3120,0,6651
1000,5,0,12,13,24299880,3657,3120,0,6656
1001,5,0,11,14,24328140,3658,3120,0,6661
1002,10,0,15,10,24343440,3657,3120,0,6671
1003,4,0,11,14,24362940,3655,3120,0,6675
1004,5,0,12,13,24376440,3655,3120,0,6680
1005,5,0,13,12,24400020,3657,3120,0,6685
1006,6,0,9,16,24441900,3657,3120,0,6691
1007,3,0,9,16,24453720,3657,3120,0,6694
1008,3,0,10,15,24457260,3657,3120,0,6697
1009,7,0,11,14,24471660,3656,3120,0,6704
1010,5,0,10,15,24490500,3655,3120,0,6709
1011,4,0,10,15,24508560,3656,3120,0,6713
1012,7,0,12,13,24519540,3655,3120,0,6720
1013,8,0,13,12,24534480,3653,3120,0,6728
1014,9,0,12,13,24567060,3653,3120,0,6737
1015,5,0,11,14,24588540,3653,3120,0,6742
1016,7,0,12,13,24605940,3652,3120,0,6749
1017,2,0,10,15,24621900,3652,3120,0,6751
1018,8,0,14,11,24639060,3652,3120,0,6759
1019,9,0,14,11,24660060,3651,3120,0,6768
1020,5,0,8,17,24698100,3650,3120,0,6773
1021,12,0,17,8,24701880,3649,3120,0,6785
1022,4,0,13,12,24732360,3649,3120,0,6789
1023,9,0,15,10,24758640,3650,3120,0,6798
1024,8,0,11,14,24799320,3649,3120,0,6806
1025,5,0,11,14,24823380,3650,3120,0,6811
1026,13,0,17,8,24839940,3649,3120,0,6824
1027,7,0,13,12,24869340,3647,3120,0,6831
1028,5,0,12,13,24900960,3649,3120,0,6836
1029,5,0,11,14,24934800,3650,3120,0,6841
1030,11,0,16,9,24951480,3650,3120,0,6852
1031,5,0,13,12,24978060,3649,3120,0,6857
1032,5,0,14,11,25006740,3651,3120,0,6862
1033,2,0,8,17,25046460,3653,3120,0,6864
1034,4,0,9,16,25061280,3653,3120,0,6868
1035,3,0,9,16,25066680,3652,3120,0,6871
1036,3,0,10,15,25070340,3652,3120,0,6874
1037,1,0,7,18,25091340,3653,3120,0,6875
1038,4,0,11,14,25091340,3653,3120,0,6879
1039,7,0,12,13,25101960,3651,3120,0,6886
1040,11,0,20,5,25116480,3652,3120,0,6897
1041,6,0,13,12,25158120,3651,3120,0,6903
1042,5,0,13,12,25178880,3651,3120,0,6908
1043,10,0,16,9,25205160,3651,3120,0,6918
1044,8,0,11,14,25250880,3651,3120,0,6926
1045,9,0,14,11,25267860,3650,3120,0,6935
1046,7,0,14,11,25300860,3651,3120,0,6942
1047,14,0,17,8,25329420,3650,3120,0,6956
1048,7,0,13,12,25367580,3650,3120,0,6963
1049,13,0,16,9,25407720,3650,3120,0,6976
1050,6,0,14,11,25431780,3649,3120,0,6982
1051,7,0,13,12,25469100,3650,3120,0,6989
1052,7,0,15,10,25488540,3651,3120,0,6996
1053,7,0,16,9,25520460,3652,3120,0,7003
1054,8,0,14,11,25566840,3653,3120,0,7011
1055,5,0,10,15,25596180,3653,3120,0,7016
1056,1,0,8,17,25605240,3653,3120,0,7017
1057,2,0,8,17,25611660,3653,3120,0,7019
1058,1,0,7,18,25617660,3652,3120,0,7020
1059,5,0,10,15,25620420,3652,3120,0,7025
1060,3,0,8,17,25635300,3651,3120,0,7028
1061,1,0,8,17,25641720,3652,3120,0,7029
1062,9,0,15,10,25651680,3652,3120,0,7038
1063,6,0,14,11,25665120,3650,3120,0,7044
1064,8,0,17,8,25683960,3650,3120,0,7052
1065,7,0,14,11,25729740,3652,3120,0,7059
1066,2,0,10,15,25753200,3652,3120,0,7061
1067,6,0,14,11,25764720,3653,3120,0,7067
1068,14,1,21,4,25782000,3652,3360,0,7081
1069,5,0,15,10,25839420,3654,3360,0,7086
1070,12,0,18,7,25880040,3655,3360,0,7098
1071,9,0,14,11,25932120,3656,3360,0,7107
1072,9,0,16,9,25960500,3656,3360,0,7116
1073,6,0,14,11,25996200,3657,3360,0,7122
1074,7,0,14,11,26022300,3657,3360,0,7129
1075,4,0,9,16,26054940,3657,3360,0,7133
1076,10,0,15,10,26061120,3656,3360,0,7143
1077,3,0,10,15,26096160,3656,3360,0,7146
1078,4,0,9,16,26110740,3656,3360,0,7150
1079,2,0,8,17,26120160,3656,3360,0,7152
1080,2,0,9,16,26123280,3656,3360,0,7154
1081,1,0,7,18,26139480,3656,3360,0,7155
1082,4,0,10,15,26143380,3656,3360,0,7159
1083,5,0,12,13,26150700,3656,3360,0,7164
1084,7,0,14,11,26170020,3656,3360,0,7171
1085,4,0,12,13,26189760,3656,3360,0,7175
1086,8,0,14,11,26220060,3657,3360,0,7183
1087,3,0,10,15,26238840,3656,3360,0,7186
1088,10,0,12,13,26256600,3654,3360,0,7196
1089,11,0,14,11,26277180,3653,3360,0,7207
1090,5,0,12,13,26302020,3653,3360,0,7212
1091,6,0,12,13,26320260,3652,3360,0,7218
1092,9,0,16,9,26340360,3652,3360,0,7227
1093,7,0,15,10,26370540,3652,3360,0,7234
1094,7,0,13,12,26397240,3652,3360,0,7241
1095,8,0,15,10,26429340,3653,3360,0,7249
1096,7,0,16,9,26455080,3654,3360,0,7256
1097,6,0,12,13,26492760,3654,3360,0,7262
1098,10,0,17,8,26513220,3654,3360,0,7272
1099,7,0,13,12,26550060,3654,3360,0,7279
1100,8,0,11,14,26578020,3652,3360,0,7287
1101,7,0,16,9,26589180,3653,3360,0,7294
1102,5,0,7,18,26633700,3652,3360,0,7299
1103,4,0,10,15,26634300,3652,3360,0,7303
1104,0,0,7,18,26649240,3652,3360,0,7303
1105,6,0,11,14,26659020,3652,3360,0,7309
1106,4,0,12,13,26672520,3653,3360,0,7313
1107,5,0,11,14,26690580,3652,3360,0,7318
1108,5,0,12,13,26702640,3652,3360,0,7323
1109,6,0,12,13,26732580,3653,3360,0,7329
1110,9,0,16,9,26745060,3652,3360,0,7338
1111,11,0,14,11,26786100,3651,3360,0,7349
1112,4,0,13,12,26796840,3650,3360,0,7353
1113,8,0,15,10,26821560,3651,3360,0,7361
1114,12,0,20,5,26858100,3652,3360,0,7373
1115,9,0,18,7,26890320,3651,3360,0,7382
1116,15,0,22,3,26937600,3652,5700,0,7397
1117,5,0,16,9,26998320,3655,5700,0,7402
1118,14,0,21,4,27028740,3655,5700,0,7416
1119,6,0,16,9,27086460,3657,5700,0,7422
1120,9,0,15,10,27127500,3657,5700,0,7431
1121,6,0,14,11,27160980,3659,5700,0,7437
1122,6,0,11,14,27187020,3658,5700,0,7443
1123,9,0,14,11,27214080,3658,5700,0,7452
1124,6,0,12,13,27238800,3658,5700,0,7458
1125,4,0,11,14,27269040,3659,5700,0,7462
1126,5,0,13,12,27284940,3660,5700,0,7467
1127,2,0,10,15,27310560,3661,5700,0,7469
1128,7,0,13,12,27327660,3661,5700,0,7476
1129,2,0,9,16,27353940,3662,5700,0,7478
1130,4,0,9,16,27363300,3661,5700,0,7482
1131,4,0,8,17,27378480,3661,5700,0,7486
1132,5,0,11,14,27383400,3660,5700,0,7491
1133,3,0,8,17,27401160,3660,5700,0,7494
1134,7,0,12,13,27412680,3660,5700,0,7501
1135,10,0,14,11,27430200,3658,5700,0,7511
1136,8,0,14,11,27448560,3657,5700,0,7519
1137,12,0,18,7,27470700,3656,5700,0,7531
1138,9,0,18,7,27492420,3654,5700,0,7540
1139,8,0,15,10,27532680,3654,5700,0,7548
1140,8,0,16,9,27567180,3656,5700,0,7556
1141,9,0,16,9,27596640,3655,5700,0,7565
1142,10,4,16,9,27617220,3655,6300,0,7575
1143,12,6,20,5,27658560,3658,22080,2,7587
1144,7,0,15,10,27700800,3654,38040,5,7594
1145,7,0,15,10,27732660,3655,38040,5,7601
1146,9,0,14,11,27788640,3658,38040,4,7610
1147,12,0,22,3,27800400,3657,38040,4,7622
1148,5,0,14,11,27861000,3659,38040,4,7627
1149,6,0,10,15,27898440,3659,38040,4,7633
1150,7,0,10,15,27918360,3659,38040,4,7640
1151,4,0,10,15,27931020,3658,38040,4,7644
1152,8,0,13,12,27945900,3658,38040,4,7652
1153,4,0,10,15,27966720,3657,38040,4,7656
1154,7,0,11,14,27990120,3657,38040,4,7663
1155,8,0,15,10,27996900,3656,38040,4,7671
1156,4,0,11,14,28021380,3656,38040,4,7675
1157,6,0,10,15,28057920,3657,38040,4,7681
1158,3,0,12,13,28061820,3657,38040,4,7684
1159,8,0,14,11,28079940,3657,38040,4,7692
1160,11,0,15,10,28114440,3656,38040,4,7703
1161,8,0,15,10,28134540,3655,38040,4,7711
1162,4,0,8,17,28185960,3657,38040,4,7715
1163,13,0,16,9,28195680,3656,38040,4,7728
1164,8,0,17,8,28221180,3656,38040,4,7736
1165,8,0,16,9,28268100,3657,38040,4,7744
1166,5,0,11,14,28306740,3658,38040,4,7749
1167,10,0,14,11,28329960,3657,38040,4,7759
1168,12,0,19,6,28350840,3657,38040,4,7771
1169,6,0,14,11,28385220,3656,38040,4,7777
1170,7,0,12,13,28428120,3657,38040,4,7784
1171,4,0,13,12,28439220,3657,38040,4,7788
1172,4,0,14,11,28452180,3658,38040,4,7792
1173,8,0,16,9,28494120,3660,38040,4,7800
1174,5,0,12,13,28532640,3661,38040,4,7805
1175,3,0,7,18,28567260,3661,38040,4,7808
1176,4,0,9,16,28571100,3661,38040,4,7812
1177,3,0,8,17,28578420,3660,38040,4,7815
1178,8,0,14,11,28581180,3660,38040,4,7823
1179,3,0,10,15,28612260,3660,38040,4,7826
1180,7,0,10,15,28638900,3660,38040,4,7833
1181,2,0,8,17,28653300,3660,38040,4,7835
1182,7,0,14,11,28659840,3661,38040,4,7842
1183,6,0,13,12,28689900,3661,38040,4,7848
1184,7,0,13,12,28712880,3661,38040,4,7855
1185,3,0,9,16,28741860,3661,38040,4,7858
1186,6,0,13,12,28749780,3661,38040,4,7864
1187,8,0,12,13,28769880,3660,38040,4,7872
1188,7,0,12,13,28794660,3660,38040,4,7879
1189,5,0,12,13,28805640,3659,38040,4,7884
1190,8,0,12,13,28838400,3659,38040,4,7892
1191,10,0,17,8,28856040,3659,38040,4,7902
1192,8,0,15,10,28885740,3658,38040,4,7910
1193,3,0,12,13,28904760,3658,38040,4,7913
1194,6,0,13,12,28932360,3659,38040,4,7919
1195,4,0,11,14,28954020,3659,38040,4,7923
1196,6,0,11,14,28980120,3660,38040,4,7929
1197,10,0,14,11,29005320,3659,38040,4,7939
1198,5,0,11,14,29031780,3659,38040,4,7944
1199,8,0,14,11,29046180,3659,38040,4,7952
1200,6,0,10,15,29071740,3657,38040,4,7958
1201,6,0,11,14,29088660,3657,38040,4,7964
1202,6,0,14,11,29105520,3658,38040,4,7970
1203,6,0,12,13,29135580,3658,38040,4,7976
1204,8,0,11,14,29157660,3657,38040,4,7984
1205,4,0,9,16,29182980,3657,38040,4,7988
1206,8,0,12,13,29192400,3656,38040,4,7996
1207,4,0,13,12,29203440,3656,38040,4,8000
1208,6,0,13,12,29227200,3656,38040,4,8006
1209,5,0,10,15,29266680,3657,38040,4,8011
1210,9,0,14,11,29283480,3657,38040,4,8020
1211,10,0,17,8,29298660,3656,38040,4,8030
1212,8,0,15,10,29341380,3657,38040,4,8038
1213,8,0,17,8,29357820,3656,38040,4,8046
1214,9,0,16,9,29387880,3655,38040,4,8055
1215,9,0,15,10,29432220,3656,38040,4,8064
1216,10,0,14,11,29466180,3655,38040,4,8074
1217,7,0,17,8,29476260,3655,38040,4,8081
1218,9,0,14,11,29536560,3657,38040,4,8090
1219,4,0,11,14,29560920,3657,38040,4,8094
1220,3,0,11,14,29575620,3657,38040,4,8097
1221,9,0,13,12,29595420,3656,38040,4,8106
1222,6,0,12,13,29626860,3657,38040,4,8112
1223,5,0,12,13,29643960,3657,38040,4,8117
1224,7,0,13,12,29668920,3657,38040,4,8124
1225,1,0,12,13,29677500,3658,38040,4,8125
1226,7,0,14,11,29703420,3658,38040,4,8132
1227,4,0,14,11,29715900,3658,38040,4,8136
1228,2,0,8,17,29746740,3658,38040,4,8138
1229,3,0,8,17,29757960,3658,38040,4,8141
1230,10,0,14,11,29767140,3658,38040,4,8151
1231,6,0,13,12,29783400,3657,38040,4,8157
1232,9,0,15,10,29812020,3657,38040,4,8166
1233,4,0,11,14,29847000,3658,38040,4,8170
1234,12,0,16,9,29865360,3657,38040,4,8182
1235,6,0,17,8,29880660,3656,38040,4,8188
1236,7,0,15,10,29930400,3658,38040,4,8195
1237,17,0,22,3,29968680,3659,38040,4,8212
1238,13,0,18,7,30012540,3656,38040,4,8225
1239,7,0,13,12,30052860,3656,38040,4,8232
1240,9,0,17,8,30077100,3657,38040,4,8241
1241,9,0,15,10,30116760,3657,38040,4,8250
1242,11,0,16,9,30150960,3656,38040,4,8261
1243,6,0,13,12,30186000,3657,38040,4,8267
1244,8,0,13,12,30211140,3656,38040,4,8275
1245,4,0,10,15,30235080,3656,38040,4,8279
1246,4,0,9,16,30252480,3656,38040,4,8283
1247,5,0,10,15,30268020,3656,38040,4,8288
1248,3,0,10,15,30277800,3656,38040,4,8291
1249,4,0,11,14,30286140,3655,38040,4,8295
1250,8,0,13,12,30311160,3656,38040,4,8303
1251,5,0,16,9,30320580,3656,38040,4,8308
1252,6,0,16,9,30345060,3656,38040,4,8314
1253,0,0,8,17,30386820,3658,38040,4,8314
1254,5,0,9,16,30408780,3659,38040,4,8319
1255,8,0,16,9,30409560,3658,38040,4,8327
1256,8,0,16,9,30443040,3659,38040,4,8335
1257,7,0,13,12,30483360,3659,38040,4,8342
1258,9,0,13,12,30513720,3659,38040,4,8351
1259,11,0,15,10,30533160,3657,38040,4,8362
1260,10,0,18,7,30565560,3658,38040,4,8372
1261,9,0,12,13,30609000,3657,38040,4,8381
1262,9,0,16,9,30632040,3657,38040,4,8390
1263,6,0,15,10,30653280,3657,38040,4,8396
1264,4,0,9,16,30689100,3657,38040,4,8400
1265,8,0,12,13,30711900,3657,38040,4,8408
1266,8,0,14,11,30726540,3657,38040,4,8416
1267,8,0,17,8,30740880,3656,38040,4,8424
1268,4,0,15,10,30772680,3657,38040,4,8428
1269,6,0,13,12,30825300,3660,38040,4,8434
1270,4,0,10,15,30850800,3660,38040,4,8438
1271,4,0,11,14,30865380,3660,38040,4,8442
1272,4,0,12,13,30881280,3661,38040,4,8446
1273,1,0,7,18,30901500,3661,38040,4,8447
1274,6,0,11,14,30903120,3660,38040,4,8453
1275,6,0,11,14,30913740,3659,38040,4,8459
1276,1,0,7,18,30942900,3660,38040,4,8460
1277,6,0,11,14,30947400,3660,38040,4,8466
1278,10,0,14,11,30958920,3658,38040,4,8476
1279,11,0,17,8,30982560,3657,38040,4,8487
1280,9,0,14,11,31013280,3656,38040,4,8496
1281,5,0,11,14,31057500,3658,38040,4,8501
1282,10,0,13,12,31075500,3656,38040,4,8511
1283,11,0,15,10,31104840,3656,38040,4,8522
1284,11,0,18,7,31123500,3655,38040,4,8533
1285,9,0,16,9,31155660,3654,38040,4,8542
1286,5,0,11,14,31200960,3655,38040,4,8547
1287,8,0,12,13,31224900,3655,38040,4,8555
1288,5,0,10,15,31241940,3654,38040,4,8560
1289,4,0,10,15,31256580,3654,38040,4,8564
1290,11,0,17,8,31267980,3653,38040,4,8575
1291,9,0,17,8,31295580,3653,38040,4,8584
1292,8,0,13,12,31347480,3653,38040,4,8592
1293,5,0,10,15,31373400,3653,38040,4,8597
1294,9,0,11,14,31394640,3652,38040,4,8606
1295,2,0,8,17,31408920,3652,38040,4,8608
1296,4,0,10,15,31411020,3651,38040,4,8612
1297,7,0,13,12,31422180,3651,38040,4,8619
1298,7,0,14,11,31441740,3650,38040,4,8626
1299,3,0,8,17,31477620,3651,38040,4,8629
1300,8,0,11,14,31492560,3650,38040,4,8637
1301,3,0,12,13,31501320,3651,38040,4,8640
1302,6,0,13,12,31523400,3651,38040,4,8646
1303,7,0,8,17,31567740,3651,38040,4,8653
1304,6,0,8,17,31575600,3649,38040,4,8659
1305,9,0,17,8,31575600,3649,38040,4,8668
1306,13,0,20,5,31603800,3648,38040,4,8681
1307,7,0,15,10,31636620,3647,38040,4,8688
1308,9,0,14,11,31677360,3648,38040,4,8697
1309,8,0,12,13,31721460,3649,38040,4,8705
1310,12,0,18,7,31745520,3649,38040,4,8717
1311,8,0,15,10,31782900,3649,38040,4,8725
1312,11,0,17,8,31805040,3647,38040,4,8736
1313,8,0,13,12,31843860,3647,38040,4,8744
1314,8,0,14,11,31863540,3646,38040,4,8752
1315,11,0,16,9,31894560,3646,38040,4,8763
1316,4,0,12,13,31932900,3647,38040,4,8767
1317,5,0,11,14,31958700,3647,38040,4,8772
1318,2,0,9,16,31972080,3647,38040,4,8774
1319,8,0,13,12,31993020,3648,38040,4,8782
1320,4,0,13,12,32007360,3648,38040,4,8786
1321,8,0,10,15,32046900,3648,38040,4,8794
1322,2,0,9,16,32060460,3648,38040,4,8796
1323,6,0,12,13,32071440,3648,38040,4,8802
1324,4,0,12,13,32080140,3647,38040,4,8806
1325,4,0,10,15,32109900,3648,38040,4,8810
1326,6,0,12,13,32127660,3649,38040,4,8816
1327,4,0,10,15,32148360,3649,38040,4,8820
1328,14,0,16,9,32163180,3647,38040,4,8834
1329,5,0,16,9,32181480,3647,38040,4,8839
1330,7,0,11,14,32226300,3647,38040,4,8846
1331,3,0,12,13,32236140,3647,38040,4,8849
1332,8,0,12,13,32256180,3646,38040,4,8857
1333,7,0,13,12,32281920,3647,38040,4,8864
1334,7,0,13,12,32304540,3646,38040,4,8871
1335,9,0,14,11,32330760,3646,38040,4,8880
1336,8,0,16,9,32361000,3647,38040,4,8888
1337,7,0,13,12,32412780,3649,38040,4,8895
1338,9,0,15,10,32438760,3649,38040,4,8904
1339,7,0,13,12,32471280,3649,38040,4,8911
1340,6,0,12,13,32501400,3649,38040,4,8917
1341,6,0,12,13,32522040,3649,38040,4,8923
1342,6,0,12,13,32546760,3649,38040,4,8929
1343,7,0,15,10,32552520,3648,38040,4,8936
1344,6,0,13,12,32603400,3651,38040,4,8942
1345,7,0,15,10,32609220,3650,38040,4,8949
1346,3,0,13,12,32615700,3648,38040,4,8952
1347,3,0,13,12,32627040,3648,38040,4,8955
1348,4,0,16,9,32630220,3648,38040,4,8959
1349,5,0,15,10,32651640,3648,38040,4,8964
1350,2,0,16,9,32656440,3648,38040,4,8966
1351,6,0,16,9,32674560,3648,38040,4,8972
1352,6,0,18,7,32688000,3648,38040,4,8978
1353,4,0,16,9,32704980,3647,38040,4,8982
1354,8,0,20,5,32714340,3647,38040,4,8990
1355,12,0,20,5,32748540,3646,38040,4,9002
1356,13,0,25,0,32778900,3646,38040,4,9015
1357,5,0,21,4,32814840,3646,38040,4,9020
1358,8,0,22,3,32845500,3647,38040,4,9028
1359,15,1,25,0,32886180,3647,41580,4,9043
1360,15,10,21,4,32927820,3647,48840,5,9058
1361,13,14,25,0,32950980,3648,59280,6,9071
1362,9,16,25,0,32994540,3650,70500,7,9080
1363,6,5,25,0,33044520,3648,164640,18,9086
1364,8,0,22,3,33097800,3648,209760,23,9094
1365,3,0,19,6,33123420,3648,209760,23,9097
1366,8,0,19,6,33163380,3649,209760,23,9105
1367,8,0,20,5,33189240,3649,209760,23,9113
1368,7,0,17,8,33216540,3648,209760,23,9120
1369,7,0,18,7,33233160,3648,209760,22,9127
1370,4,0,17,8,33245520,3647,209760,22,9131
1371,6,0,19,6,33261720,3647,209760,22,9137
1372,9,0,19,6,33285600,3646,209760,22,9146
1373,6,0,16,9,33315300,3646,209760,22,9152
1374,5,0,19,6,33324360,3646,209760,22,9157
1375,10,0,23,2,33346440,3646,209760,22,9167
1376,7,0,20,5,33379380,3646,209760,22,9174
1377,6,0,15,10,33420900,3646,209760,22,9180
1378,14,0,23,2,33442560,3646,209760,22,9194
1379,9,0,25,0,33462180,3645,210420,22,9203
1380,8,0,22,3,33518520,3647,210600,22,9211
1381,11,0,24,1,33542340,3646,210600,22,9222
1382,9,0,20,5,33592740,3647,210720,22,9231
1383,9,0,21,4,33621600,3646,210720,22,9240
1384,7,0,20,5,33655020,3647,210720,22,9247
1385,13,0,19,6,33693960,3646,210720,22,9260
1386,7,0,20,5,33712980,3645,210720,22,9267
1387,7,0,19,6,33742560,3645,210720,22,9274
1388,7,0,21,4,33761040,3645,210720,22,9281
1389,3,0,17,8,33796620,3646,210720,22,9284
1390,4,0,16,9,33819300,3647,210720,22,9288
1391,9,0,20,5,33835860,3647,210720,22,9297
1392,7,0,14,11,33861960,3644,210720,22,9304
1393,4,0,13,12,33870660,3643,210720,22,9308
1394,3,0,16,9,33870660,3643,210720,22,9311
1395,3,0,15,10,33884700,3643,210720,22,9314
1396,3,0,15,10,33892620,3643,210720,22,9317
1397,3,0,16,9,33899220,3643,210720,22,9320
1398,8,0,18,7,33918060,3643,210720,22,9328
1399,4,0,16,9,33940560,3643,210720,22,9332
1400,4,0,17,8,33958560,3644,210720,22,9336
1401,8,0,20,5,33965160,3642,210720,22,9344
1402,11,0,21,4,33980580,3640,210720,22,9355
1403,3,0,17,8,34007520,3640,210720,22,9358
1404,8,0,19,6,34023300,3640,210720,22,9366
1405,7,0,19,6,34049040,3640,210720,22,9373
1406,13,0,25,0,34079340,3640,210720,22,9386
1407,11,3,23,2,34119540,3640,216240,23,9397
1408,10,4,21,4,34150800,3640,222420,23,9407
1409,7,2,25,0,34188240,3642,241500,25,9414
1410,7,0,21,4,34214640,3639,247440,26,9421
1411,3,0,18,7,34266720,3643,247440,26,9424
1412,4,0,16,9,34292760,3643,247440,26,9428
1413,5,0,16,9,34307220,3643,247440,26,9433
1414,2,0,13,12,34325400,3643,247440,26,9435
1415,4,0,14,11,34330020,3642,247440,26,9439
1416,3,0,13,12,34335840,3641,247440,26,9442
1417,3,0,15,10,34338120,3641,247440,26,9445
1418,4,0,15,10,34352880,3641,247440,26,9449
1419,6,0,17,8,34363080,3640,247440,26,9455
1420,1,0,15,10,34373340,3640,247440,26,9456
1421,6,0,18,7,34382760,3640,247440,26,9462
1422,4,0,20,5,34396800,3641,247440,26,9466
1423,6,0,21,4,34414740,3641,247440,26,9472
1424,8,0,21,4,34458300,3642,247440,26,9480
1425,9,1,25,0,34476000,3643,247440,26,9489
1426,6,0,20,5,34521780,3643,251460,26,9495
1427,4,0,17,8,34565160,3645,251460,26,9499
1428,7,0,16,9,34583160,3644,251460,26,9506
1429,6,0,17,8,34598340,3643,251460,26,9512
1430,6,0,17,8,34610460,3642,251460,26,9518
1431,9,0,21,4,34620900,3642,251460,26,9527
1432,9,0,19,6,34656480,3641,251460,26,9536
1433,9,0,19,6,34681680,3640,251460,26,9545
1434,7,0,20,5,34708860,3641,251460,26,9552
1435,7,0,19,6,34741980,3641,251460,26,9559
1436,6,0,19,6,34764000,3641,251460,26,9565
1437,5,0,18,7,34797780,3642,251460,26,9570
1438,5,0,15,10,34821240,3642,251460,26,9575
1439,5,0,15,10,34841220,3642,251460,26,9580
1440,5,0,15,10,34847460,3641,251460,26,9585
1441,5,0,15,10,34866900,3641,251460,26,9590
1442,2,0,15,10,34875240,3641,251460,26,9592
1443,4,0,18,7,34882380,3641,251460,26,9596
1444,8,0,19,6,34896900,3640,251460,26,9604
1445,9,0,20,5,34920480,3640,251460,26,9613
1446,8,0,21,4,34947780,3640,251460,26,9621
1447,8,0,20,5,34984860,3640,251460,26,9629
1448,8,0,18,7,35017860,3640,251460,26,9637
1449,12,0,24,1,35029620,3639,251460,26,9649
1450,9,1,25,0,35053080,3639,251760,26,9658
1451,8,0,22,3,35102160,3639,252180,26,9666
1452,10,0,20,5,35156460,3640,252180,26,9676
1453,9,0,23,2,35167740,3639,252180,26,9685
1454,7,0,21,4,35214240,3641,252180,26,9692
1455,6,0,19,6,35244540,3641,252180,26,9698
1456,7,0,20,5,35264880,3641,252180,25,9705
1457,13,0,24,1,35292660,3640,252240,25,9718
1458,7,0,20,5,35329980,3640,252240,25,9725
1459,5,0,20,5,35352000,3640,252240,25,9730
1460,5,0,17,8,35380740,3640,252240,25,9735
1461,4,0,18,7,35396940,3641,252240,25,9739
1462,1,0,16,9,35418300,3642,252240,25,9740
1463,8,0,19,6,35439480,3642,252240,25,9748
1464,9,0,18,7,35468400,3641,252240,25,9757
1465,4,0,13,12,35500560,3641,252240,25,9761
1466,0,0,12,13,35506500,3642,252240,25,9761
1467,10,0,17,8,35510880,3640,252240,25,9771
1468,6,0,18,7,35524200,3640,252240,25,9777
1469,5,0,16,9,35545080,3639,252240,25,9782
1470,8,0,20,5,35561520,3639,252240,25,9790
1471,5,0,19,6,35577780,3639,252240,25,9795
1472,4,0,17,8,35604840,3639,252240,25,9799
1473,11,0,21,4,35621880,3638,252240,25,9810
1474,7,0,22,3,35643300,3638,252240,25,9817
1475,14,2,25,0,35680080,3639,255240,25,9831
1476,13,0,23,2,35742900,3639,261300,26,9844
1477,8,0,17,8,35784960,3638,261300,26,9852
1478,8,0,19,6,35806200,3638,261300,26,9860
1479,10,0,20,5,35835720,3638,261300,26,9870
1480,7,0,17,8,35866920,3637,261300,26,9877
1481,10,0,22,3,35877900,3636,261300,26,9887
1482,6,0,22,3,35911980,3638,261300,26,9893
1483,5,0,20,5,35937300,3638,261300,26,9898
1484,10,0,17,8,36000540,3639,261300,26,9908
1485,2,0,14,11,36011160,3638,261300,26,9910
1486,1,0,13,12,36021900,3639,261300,26,9911
1487,3,0,15,10,36022560,3639,261300,26,9914
1488,2,0,14,11,36036060,3639,261300,26,9916
1489,2,0,14,11,36044700,3639,261300,26,9918
1490,5,0,15,10,36055140,3638,261300,26,9923
1491,5,0,14,11,36064980,3637,261300,26,9928
1492,8,0,19,6,36073200,3637,261300,26,9936
1493,4,0,17,8,36091500,3637,261300,26,9940
1494,8,0,17,8,36119460,3637,261300,26,9948
1495,6,0,19,6,36130980,3636,261300,26,9954
1496,9,0,24,1,36141300,3636,261300,26,9963
1497,2,0,16,9,36189000,3637,261300,26,9965
1498,8,0,18,7,36213360,3637,261300,26,9973
1499,8,0,18,7,36234060,3636,261300,26,9981
1500,8,0,19,6,36250500,3635,261300,26,9989
1501,13,0,24,1,36284820,3636,261300,26,10002
1502,4,0,21,4,36306840,3636,261300,26,10006
1503,7,0,17,8,36355500,3637,261300,26,10013
1504,13,0,20,5,36378660,3635,261300,26,10026
1505,9,0,22,3,36406620,3635,261300,26,10035
1506,8,0,20,5,36448140,3636,261300,26,10043
1507,5,0,15,10,36479460,3635,261300,26,10048
1508,9,0,20,5,36490860,3635,261300,25,10057
1509,9,0,23,2,36510300,3635,261300,25,10066
1510,8,0,17,8,36572160,3636,261300,25,10074
1511,4,0,18,7,36580560,3636,261300,25,10078
1512,6,0,18,7,36597060,3635,261300,25,10084
1513,8,0,17,8,36631020,3635,261300,25,10092
1514,7,0,19,6,36646260,3635,261300,25,10099
1515,4,0,17,8,36664740,3635,261300,25,10103
1516,4,0,16,9,36678660,3634,261300,25,10107
1517,1,0,15,10,36688680,3635,261300,25,10108
1518,5,0,17,8,36706620,3635,261300,25,10113
1519,5,0,19,6,36716820,3635,261300,25,10118
1520,8,0,18,7,36754680,3636,261300,25,10126
1521,5,0,16,9,36774660,3635,261300,25,10131
1522,7,0,17,8,36787020,3634,261300,25,10138
1523,8,0,18,7,36805080,3633,261300,25,10146
1524,8,0,18,7,36829920,3633,261300,25,10154
1525,11,0,19,6,36858060,3632,261300,25,10165
1526,12,1,25,0,36873180,3632,261300,25,10177
1527,13,0,24,1,36924300,3632,262440,25,10190
1528,11,0,23,2,36972720,3632,262620,25,10201
1529,6,0,24,1,36993360,3632,265080,25,10207
1530,3,0,19,6,37032840,3633,265080,25,10210
1531,11,0,18,7,37084380,3634,265080,25,10221
1532,4,0,15,10,37111920,3634,265080,25,10225
1533,7,0,19,6,37114860,3634,265080,25,10232
1534,5,0,18,7,37141740,3634,265080,25,10237
1535,4,0,16,9,37168860,3635,265080,25,10241
1536,9,0,20,5,37189020,3635,265080,25,10250
1537,5,0,15,10,37220880,3634,265080,25,10255
1538,2,0,16,9,37226940,3635,265080,25,10257
1539,7,0,18,7,37252020,3635,265080,25,10264
1540,5,0,14,11,37276980,3635,265080,25,10269
1541,8,0,18,7,37288320,3634,265080,25,10277
1542,8,0,18,7,37303680,3633,265080,25,10285
1543,8,0,20,5,37325040,3633,265080,25,10293
1544,10,0,19,6,37357020,3632,265080,25,10303
1545,15,4,25,0,37371180,3632,265200,25,10318
1546,9,0,20,5,37420620,3630,271320,26,10327
1547,11,0,21,4,37458300,3630,271320,26,10338
1548,7,0,22,3,37481880,3630,271320,26,10345
1549,10,0,20,5,37521240,3630,271320,26,10355
1550,5,0,16,9,37554240,3630,271320,26,10360
1551,7,0,20,5,37563360,3630,271320,26,10367
1552,6,0,17,8,37587720,3629,271320,26,10373
1553,7,0,17,8,37611420,3629,271320,26,10380
1554,13,0,24,1,37621020,3628,271320,26,10393
1555,7,0,22,3,37651740,3628,271320,26,10400
1556,4,0,18,7,37693020,3629,271320,26,10404
1557,3,0,16,9,37725060,3630,271320,26,10407
1558,7,0,19,6,37740240,3630,271320,26,10414
1559,4,0,17,8,37759380,3630,271320,26,10418
1560,3,0,15,10,37780980,3630,271320,26,10421
1561,3,0,14,11,37792740,3630,271320,26,10424
1562,6,0,17,8,37797540,3629,271320,26,10430
1563,2,0,15,10,37813620,3629,271320,26,10432
1564,10,0,19,6,37837680,3630,271320,25,10442
1565,5,0,21,4,37847220,3630,271320,25,10447
1566,4,0,20,5,37877820,3631,271320,25,10451
1567,8,0,20,5,37909200,3631,271320,25,10459
1568,4,0,16,9,37941000,3631,271320,25,10463
1569,6,0,20,5,37948860,3631,271320,25,10469
1570,7,0,21,4,37972440,3631,271320,25,10476
1571,8,0,21,4,38011680,3632,271320,25,10484
1572,7,0,23,2,38020380,3632,271320,25,10491
1573,11,0,20,5,38078400,3632,271320,25,10502
1574,3,0,15,10,38117760,3633,271320,25,10505
1575,11,0,20,5,38129340,3632,271320,25,10516
1576,5,0,20,5,38145780,3632,271320,25,10521
1577,9,0,20,5,38176860,3632,271320,25,10530
1578,5,0,18,7,38203140,3632,271320,25,10535
1579,7,0,18,7,38236080,3633,271320,25,10542
1580,8,0,18,7,38250480,3631,271320,25,10550
1581,5,0,17,8,38270940,3631,271320,25,10555
1582,3,0,14,11,38289480,3631,271320,25,10558
1583,3,0,15,10,38295840,3631,271320,25,10561
1584,5,0,18,7,38310360,3632,271320,25,10566
1585,3,0,17,8,38323680,3631,271320,25,10569
1586,3,0,14,11,38342280,3631,271320,25,10572
1587,2,0,13,12,38351100,3631,271320,25,10574
1588,8,0,20,5,38351940,3631,271320,25,10582
1589,4,0,17,8,38367960,3630,271320,25,10586
1590,1,0,12,13,38391240,3630,271320,25,10587
1591,9,0,20,5,38392320,3630,271320,25,10596
1592,9,0,23,2,38405700,3629,271320,25,10605
1593,7,0,19,6,38452800,3630,271380,25,10612
1594,12,0,24,1,38485860,3630,271380,25,10624
1595,14,0,25,0,38523060,3629,271380,25,10638
1596,7,0,23,2,38551920,3629,276240,25,10645
1597,13,5,25,0,38584680,3630,277800,26,10658
1598,4,0,19,6,38650440,3631,284100,26,10662
1599,11,0,24,1,38686200,3632,284160,26,10673
1600,12,8,22,3,38708100,3632,286320,26,10685
1601,5,7,23,2,38749140,3635,304980,28,10690
1602,10,7,25,0,38796720,3636,331380,30,10700
1603,6,0,23,2,38852760,3636,372540,34,10706
1604,5,0,19,6,38885700,3636,372540,34,10711
1605,7,0,18,7,38917500,3637,372540,34,10718
1606,4,0,18,7,38936700,3637,372540,34,10722
1607,5,0,17,8,38955780,3637,372540,34,10727
1608,5,0,13,12,38985900,3637,372540,34,10732
1609,3,0,15,10,38986740,3636,372540,34,10735
1610,2,0,15,10,38990880,3636,372540,34,10737
1611,4,0,14,11,39011160,3636,372540,34,10741
1612,2,0,14,11,39016320,3636,372540,34,10743
1613,8,0,19,6,39020880,3635,372540,34,10751
1614,5,0,18,7,39036840,3635,372540,34,10756
1615,13,0,25,0,39061740,3635,372540,34,10769
1616,5,0,20,5,39107340,3636,372540,34,10774
1617,7,0,20,5,39133020,3636,372540,34,10781
1618,8,0,22,3,39163140,3637,373500,34,10789
1619,7,0,22,3,39206280,3638,373500,34,10796
1620,12,0,25,0,39237540,3638,373740,34,10808
1621,6,0,17,8,39286440,3638,373740,34,10814
1622,10,0,20,5,39318420,3639,373740,34,10824
1623,5,0,19,6,39336780,3638,373740,34,10829
1624,9,0,20,5,39369540,3639,373740,34,10838
1625,9,0,23,2,39393240,3639,373740,34,10847
1626,6,0,21,4,39430680,3640,373740,34,10853
1627,14,0,24,1,39470880,3640,374700,34,10867
1628,5,0,17,8,39512460,3640,374700,34,10872
1629,2,0,13,12,39540060,3640,374700,34,10874
1630,5,0,18,7,39540060,3640,374700,34,10879
1631,7,0,17,8,39557220,3639,374700,34,10886
1632,5,0,17,8,39569520,3638,374700,34,10891
1633,4,0,15,10,39596760,3639,374700,34,10895
1634,5,0,16,9,39604080,3638,374700,34,10900
1635,7,0,18,7,39618600,3638,374700,34,10907
1636,3,0,15,10,39636540,3638,374700,34,10910
1637,4,0,15,10,39655200,3638,374700,34,10914
1638,4,0,16,9,39663840,3638,374700,34,10918
1639,5,0,16,9,39680580,3638,374700,34,10923
1640,9,0,19,6,39688560,3636,374700,34,10932
1641,11,0,21,4,39729360,3637,374700,34,10943
1642,8,0,21,4,39749760,3636,374700,34,10951
1643,4,0,17,8,39779820,3636,374700,34,10955
1644,13,0,22,3,39798300,3635,374700,34,10968
1645,12,0,25,0,39821880,3635,374940,34,10980
1646,4,0,20,5,39860820,3635,374940,34,10984
1647,11,0,21,4,39906540,3636,374940,34,10995
1648,7,0,22,3,39921420,3635,374940,34,11002
1649,4,0,17,8,39974100,3637,374940,34,11006
1650,4,0,19,6,39984420,3637,374940,34,11010
1651,7,0,22,3,40003020,3638,374940,34,11017
1652,4,0,18,7,40038180,3638,374940,34,11021
1653,2,0,14,11,40068720,3639,374940,34,11023
1654,7,0,19,6,40079100,3639,374940,33,11030
1655,5,0,19,6,40099980,3640,374940,33,11035
1656,4,0,16,9,40124220,3640,374940,33,11039
1657,5,0,14,11,40150320,3640,374940,33,11044
1658,5,0,17,8,40157700,3640,374940,33,11049
1659,6,0,17,8,40176120,3639,374940,33,11055
1660,6,0,18,7,40191360,3639,374940,33,11061
1661,2,0,15,10,40203540,3638,374940,33,11063
1662,4,0,12,13,40227480,3638,374940,33,11067
1663,9,0,20,5,40228380,3638,374940,33,11076
1664,6,0,18,7,40246920,3637,374940,33,11082
1665,9,0,20,5,40277880,3638,374940,33,11091
1666,5,0,17,8,40317060,3639,374940,33,11096
1667,14,0,25,0,40334580,3638,376080,33,11110
1668,6,0,22,3,40371540,3639,376320,33,11116
1669,9,0,21,4,40418100,3639,376320,33,11125
1670,7,0,19,6,40443720,3639,376320,33,11132
1671,12,0,25,0,40471200,3639,377580,33,11144
1672,7,0,18,7,40525320,3640,377580,33,11151
1673,7,0,22,3,40537080,3640,377580,33,11158
1674,10,0,24,1,40571100,3640,377580,33,11168
1675,10,0,23,2,40603260,3639,377580,33,11178
1676,10,0,20,5,40650300,3639,377580,33,11188
1677,5,0,21,4,40667400,3640,377580,33,11193
1678,4,0,19,6,40695840,3640,377580,33,11197
1679,7,0,21,4,40719000,3641,377580,33,11204
1680,4,0,20,5,40749840,3642,377580,33,11208
1681,7,0,20,5,40778340,3642,377580,33,11215
1682,4,0,17,8,40824840,3644,377580,33,11219
1683,5,0,17,8,40840140,3644,377580,33,11224
1684,2,0,15,10,40858800,3644,377580,33,11226
1685,2,0,15,10,40870140,3644,377580,33,11228
1686,6,0,16,9,40886160,3644,377580,33,11234
1687,7,0,20,5,40890840,3644,377580,33,11241
1688,6,0,18,7,40921440,3644,377580,33,11247
1689,7,0,18,7,40937520,3643,377580,33,11254
1690,8,0,18,7,40956840,3642,377580,33,11262
1691,12,0,24,1,40978020,3642,377580,33,11274
1692,14,2,25,0,41023560,3642,377580,33,11288
1693,10,0,23,2,41070480,3642,378660,33,11298
1694,12,0,24,1,41097660,3641,379320,33,11310
1695,9,0,20,5,41145180,3641,379320,33,11319
1696,6,0,16,9,41182620,3641,379320,33,11325
1697,9,0,18,7,41204580,3641,379320,33,11334
1698,9,0,22,3,41214900,3640,379320,33,11343
1699,7,0,21,4,41236440,3639,379320,33,11350
1700,7,0,17,8,41276400,3639,379320,33,11357
1701,9,0,20,5,41304000,3640,379320,33,11366
1702,1,0,18,7,41316120,3640,379320,33,11367
1703,1,0,12,13,41362080,3642,379320,33,11368
1704,4,0,15,10,41364360,3642,379320,33,11372
1705,6,0,18,7,41374740,3642,379320,33,11378
1706,5,0,16,9,41396880,3641,379320,33,11383
1707,4,0,18,7,41398920,3641,379320,33,11387
1708,3,0,15,10,41427900,3642,379320,33,11390
1709,6,0,15,10,41446800,3641,379320,33,11396
1710,9,0,17,8,41460060,3640,379320,33,11405
1711,3,0,15,10,41472360,3640,379320,33,11408
1712,7,0,15,10,41488980,3639,379320,33,11415
1713,9,0,20,5,41500980,3639,379320,33,11424
1714,15,0,24,1,41528220,3638,379320,33,11439
1715,11,2,25,0,41552280,3637,379320,33,11450
1716,10,0,20,5,41603280,3636,380400,33,11460
1717,5,0,15,10,41638440,3636,380400,33,11465
1718,9,0,19,6,41658180,3636,380400,33,11474
1719,12,1,25,0,41673660,3636,380880,33,11486
1720,11,0,21,4,41723160,3635,385920,33,11497
1721,5,0,17,8,41755860,3635,385920,33,11502
1722,9,0,21,4,41776320,3635,385920,33,11511
1723,5,0,17,8,41805960,3635,385920,33,11516
1724,5,0,19,6,41820000,3635,385920,33,11521
1725,3,0,14,11,41848020,3635,385920,33,11524
1726,3,0,14,11,41864520,3636,385920,33,11527
1727,8,0,15,10,41871600,3634,385920,33,11535
1728,6,0,19,6,41877480,3634,385920,33,11541
1729,2,0,15,10,41893980,3634,385920,33,11543
1730,5,0,15,10,41919660,3634,385920,33,11548
1731,4,0,17,8,41926380,3634,385920,33,11552
1732,5,0,19,6,41937720,3634,385920,33,11557
1733,4,0,17,8,41956800,3634,385920,33,11561
1734,1,0,14,11,41978640,3635,385920,33,11562
1735,3,0,13,12,41991120,3634,385920,33,11565
1736,6,0,18,7,41991840,3634,385920,33,11571
1737,7,0,18,7,42008280,3633,385920,33,11578
1738,10,0,20,5,42034080,3633,385920,33,11588
1739,13,0,25,0,42060660,3633,386460,33,11601
1740,9,0,22,3,42105720,3633,388020,33,11610
1741,13,1,25,0,42141180,3633,388020,33,11623
1742,6,0,25,0,42169320,3634,392640,33,11629
1743,7,0,19,6,42227280,3634,392640,33,11636
1744,5,0,19,6,42247020,3635,392640,33,11641
1745,8,0,19,6,42280080,3635,392640,33,11649
1746,14,0,23,2,42302580,3634,392640,33,11663
1747,6,0,19,6,42331380,3633,392640,33,11669
1748,4,0,17,8,42364860,3634,392640,33,11673
1749,9,0,20,5,42381240,3634,392640,33,11682
1750,7,0,18,7,42408240,3633,392640,33,11689
1751,4,0,18,7,42429780,3634,392640,33,11693
1752,6,0,20,5,42450540,3634,392640,33,11699
1753,3,0,15,10,42487140,3635,392640,33,11702
1754,4,0,15,10,42494040,3634,392640,33,11706
1755,3,0,14,11,42510540,3634,392640,33,11709
1756,3,0,16,9,42511020,3634,392640,33,11712
1757,7,0,18,7,42525420,3634,392640,33,11719
1758,8,0,19,6,42544680,3633,392640,33,11727
1759,10,0,16,9,42596940,3634,392640,33,11737
1760,18,0,25,0,42607260,3632,392640,33,11755
1761,9,0,22,3,42653820,3632,392640,33,11764
1762,7,0,19,6,42693180,3632,392640,33,11771
1763,10,0,25,0,42710940,3633,392640,33,11781
1764,10,0,23,2,42756240,3633,394920,33,11791
1765,5,0,15,10,42800880,3633,394920,33,11796
1766,11,0,23,2,42815700,3633,394920,33,11807
1767,10,0,24,1,42837540,3632,394920,33,11817
1768,4,0,18,7,42877380,3632,394920,33,11821
1769,15,0,21,4,42911340,3631,395040,33,11836
1770,11,0,22,3,42934980,3630,395040,33,11847
1771,9,0,21,4,42965340,3630,395700,33,11856
1772,4,0,19,6,42998100,3631,395700,33,11860
1773,5,0,13,12,43043460,3631,395700,33,11865
1774,8,0,20,5,43049040,3631,395700,33,11873
1775,7,0,21,4,43059120,3630,395700,33,11880
1776,5,0,18,7,43096920,3631,395700,33,11885
1777,2,0,15,10,43125900,3632,395700,33,11887
1778,4,0,16,9,43136640,3632,395700,33,11891
1779,1,0,14,11,43146060,3632,395700,33,11892
1780,5,0,17,8,43155960,3632,395700,33,11897
1781,7,0,21,4,43163700,3632,395700,33,11904
1782,5,0,17,8,43197240,3632,395700,33,11909
1783,5,0,15,10,43224780,3632,395700,33,11914
1784,3,0,15,10,43238640,3632,395700,33,11917
1785,10,0,22,3,43246080,3632,395700,33,11927
1786,10,0,24,1,43277280,3632,395700,33,11937
1787,9,0,20,5,43316100,3632,395700,33,11946
1788,10,0,24,1,43331280,3631,395700,33,11956
1789,4,0,19,6,43376820,3632,395700,33,11960
1790,10,0,18,7,43414680,3632,395700,33,11970
1791,5,0,18,7,43427340,3631,395700,33,11975
1792,11,0,25,0,43437060,3631,395700,33,11986
1793,11,0,23,2,43482540,3631,395760,32,11997
1794,7,0,20,5,43516500,3631,395760,32,12004
1795,10,0,19,6,43555680,3631,395760,32,12014
1796,10,0,21,4,43583940,3631,395760,32,12024
1797,6,0,16,9,43621680,3630,395760,32,12030
1798,10,0,24,1,43626840,3630,395760,32,12040
1799,6,0,21,4,43661280,3630,395760,32,12046
1800,3,0,16,9,43700760,3631,395760,32,12049
1801,5,0,16,9,43714380,3631,395760,32,12054
1802,3,0,16,9,43726380,3631,395760,32,12057
1803,6,0,18,7,43738500,3631,395760,32,12063
1804,5,0,17,8,43770840,3632,395760,32,12068
1805,6,0,18,7,43781340,3631,395760,32,12074
1806,8,0,20,5,43806480,3631,395760,32,12082
1807,5,0,22,3,43817700,3631,395760,32,12087
1808,6,0,22,3,43855140,3633,395760,32,12093
1809,8,0,17,8,43911000,3633,395760,32,12101
1810,9,0,20,5,43926660,3633,395760,32,12110
1811,7,0,19,6,43951800,3632,395760,32,12117
1812,13,0,25,0,43970220,3632,395880,32,12130
1813,14,4,25,0,43998180,3631,397020,32,12144
1814,9,2,25,0,44042040,3632,409560,33,12153
1815,6,0,19,6,44086080,3631,417480,34,12159
1816,5,0,19,6,44108280,3631,417480,34,12164
1817,4,0,16,9,44136180,3632,417480,34,12168
1818,4,0,14,11,44168220,3632,417480,34,12172
1819,8,0,17,8,44184780,3632,417480,34,12180
1820,7,0,20,5,44199660,3632,417480,34,12187
1821,7,0,20,5,44234880,3633,417480,34,12194
1822,5,0,17,8,44269620,3634,417480,34,12199
1823,6,0,16,9,44292060,3633,417480,34,12205
1824,3,0,16,9,44305440,3633,417480,34,12208
1825,4,0,14,11,44320920,3633,417480,34,12212
1826,6,0,17,8,44323680,3632,417480,34,12218
1827,1,0,13,12,44345580,3633,417480,34,12219
1828,3,0,14,11,44356440,3633,417480,34,12222
1829,2,0,15,10,44362080,3633,417480,34,12224
1830,5,0,14,11,44378280,3633,417480,34,12229
1831,9,0,19,6,44385240,3632,417480,34,12238
1832,6,0,20,5,44400780,3632,417480,34,12244
1833,9,0,23,2,44420340,3632,417480,34,12253
1834,8,0,21,4,44466540,3632,417780,34,12261
1835,11,0,22,3,44501160,3632,417780,34,12272
1836,18,4,25,0,44539200,3632,418320,34,12290
1837,11,1,25,0,44583060,3632,420660,34,12301
1838,9,0,23,2,44617680,3631,430020,34,12310
1839,8,0,19,6,44674020,3632,430020,34,12318
1840,10,0,23,2,44698260,3632,430020,34,12328
1841,8,4,23,2,44715600,3632,433500,35,12336
1842,9,5,25,0,44756880,3634,448020,36,12345
1843,8,4,25,0,44814660,3636,458160,37,12353
1844,6,0,19,6,44867940,3635,477360,38,12359
1845,9,0,19,6,44900040,3635,477360,38,12368
1846,4,0,18,7,44914920,3635,477360,38,12372
1847,4,0,18,7,44940660,3636,477360,38,12376
1848,8,0,21,4,44965320,3637,477360,38,12384
1849,4,0,16,9,44991420,3636,477360,38,12388
1850,6,0,17,8,45012960,3636,477360,38,12394
1851,4,0,15,10,45030360,3636,477360,38,12398
1852,3,0,14,11,45047220,3636,477360,38,12401
1853,1,0,13,12,45052020,3636,477360,38,12402
1854,3,0,14,11,45058020,3636,477360,38,12405
1855,10,0,17,8,45067140,3635,477360,38,12415
1856,6,0,16,9,45080760,3634,477360,38,12421
1857,7,0,20,5,45086940,3633,477360,38,12428
1858,18,4,25,0,45119220,3633,478680,38,12446
1859,11,3,25,0,45164460,3633,493560,39,12457
1860,9,0,24,1,45205860,3633,502500,40,12466
1861,8,0,18,7,45254520,3633,502500,40,12474
1862,12,0,23,2,45275220,3632,502500,40,12486
1863,7,0,22,3,45299220,3632,502500,40,12493
1864,8,0,24,1,45327660,3632,502500,40,12501
1865,6,0,20,5,45363120,3632,502500,40,12507
1866,5,0,17,8,45413280,3634,502500,40,12512
1867,8,0,16,9,45442740,3634,502500,40,12520
1868,9,0,18,7,45455940,3633,502500,40,12529
1869,7,0,20,5,45469680,3632,502500,40,12536
1870,3,0,19,6,45484560,3632,502500,40,12539
1871,3,0,17,8,45518160,3634,502500,40,12542
1872,6,0,17,8,45545580,3634,502500,40,12548
1873,1,0,18,7,45545580,3634,502500,40,12549
1874,4,0,19,6,45566580,3635,502500,40,12553
1875,9,0,22,3,45597420,3636,502500,40,12562
1876,5,0,18,7,45632640,3636,502500,39,12567
1877,4,0,16,9,45659700,3636,502500,39,12571
1878,2,0,15,10,45672900,3636,502500,39,12573
1879,3,0,16,9,45683220,3637,502500,39,12576
1880,4,0,15,10,45695940,3636,502500,39,12580
1881,11,0,21,4,45710400,3636,502500,39,12591
1882,4,0,22,3,45717240,3636,502500,39,12595
1883,11,0,19,6,45778320,3636,502500,39,12606
1884,10,0,18,7,45798840,3635,502500,39,12616
1885,13,2,25,0,45812640,3635,502740,39,12629
1886,5,0,19,6,45855060,3634,504000,39,12634
1887,12,0,23,2,45887400,3635,504000,39,12646
1888,8,0,23,2,45919980,3635,504000,39,12654
1889,7,0,20,5,45968580,3636,504000,39,12661
1890,11,0,23,2,45997740,3636,504000,39,12672
1891,6,0,19,6,46043100,3637,504000,39,12678
1892,7,0,21,4,46053660,3636,504000,39,12685
1893,6,0,18,7,46107720,3638,504000,39,12691
1894,8,0,19,6,46126380,3637,504000,39,12699
1895,3,0,15,10,46148580,3637,504000,39,12702
1896,7,0,17,8,46165920,3637,504000,39,12709
1897,7,0,17,8,46181580,3636,504000,39,12716
1898,3,0,14,11,46195320,3635,504000,39,12719
1899,7,0,18,7,46210440,3636,504000,39,12726
1900,7,0,23,2,46218900,3636,504000,39,12733
1901,5,0,18,7,46265100,3637,504000,39,12738
1902,4,0,14,11,46289220,3636,504000,39,12742
1903,4,0,16,9,46300980,3637,504000,39,12746
1904,6,0,19,6,46308840,3636,504000,39,12752
1905,3,0,16,9,46328460,3636,504000,39,12755
1906,7,0,17,8,46358760,3637,504000,39,12762
1907,5,0,15,10,46378380,3636,504000,39,12767
1908,9,0,15,10,46399620,3636,504000,39,12776
1909,6,0,13,12,46417920,3635,504000,39,12782
1910,12,0,19,6,46427460,3634,504000,39,12794
1911,11,0,25,0,46442760,3634,504000,39,12805
1912,7,0,17,8,46500120,3634,504660,39,12812
1913,5,0,17,8,46523580,3634,504660,39,12817
1914,9,0,20,5,46538520,3634,504660,39,12826
1915,7,0,20,5,46552500,3633,504660,39,12833
1916,4,0,19,6,46578720,3633,504660,39,12837
1917,5,0,16,9,46612560,3634,504660,39,12842
1918,6,0,18,7,46621320,3633,504660,39,12848
1919,7,0,20,5,46636620,3633,504660,39,12855
1920,7,0,18,7,46664100,3633,504660,39,12862
1921,5,0,17,8,46691640,3633,504660,39,12867
1922,5,0,14,11,46712700,3632,504660,39,12872
1923,5,0,14,11,46718880,3632,504660,39,12877
1924,7,0,18,7,46729080,3631,504660,39,12884
1925,6,0,16,9,46749600,3631,504660,39,12890
1926,6,0,17,8,46767780,3631,504660,39,12896
1927,6,0,18,7,46784820,3631,504660,39,12902
1928,9,0,16,9,46815780,3630,504660,39,12911
1929,4,0,19,6,46823160,3630,504660,39,12915
1930,9,0,23,2,46847280,3631,505200,39,12924
1931,13,1,25,0,46884000,3631,507180,39,12937
1932,6,0,20,5,46938360,3632,508920,39,12943
1933,8,0,21,4,46975380,3633,508920,39,12951
1934,8,0,17,8,47008020,3632,508920,39,12959
1935,8,0,18,7,47034240,3632,508920,39,12967
1936,7,0,20,5,47050140,3632,508920,39,12974
1937,12,1,25,0,47070600,3631,509700,39,12986
1938,7,0,20,5,47109960,3631,510120,39,12993
1939,6,0,20,5,47134800,3631,510120,39,12999
1940,6,0,20,5,47168040,3632,510120,39,13005
1941,2,0,18,7,47184060,3632,510120,39,13007
1942,6,0,17,8,47211300,3632,510120,39,13013
1943,3,0,16,9,47230380,3633,510120,39,13016
1944,6,0,19,6,47245020,3633,510120,39,13022
1945,8,0,19,6,47263680,3632,510120,39,13030
1946,9,0,15,10,47296380,3631,510120,39,13039
1947,3,0,15,10,47304660,3631,510120,39,13042
1948,3,0,17,8,47311260,3631,510120,39,13045
1949,8,0,18,7,47335020,3631,510120,39,13053
1950,9,0,21,4,47352900,3631,510120,39,13062
1951,7,0,17,8,47380620,3630,510420,39,13069
1952,6,0,16,9,47407080,3630,510420,39,13075
1953,9,0,22,3,47423940,3630,510420,39,13084
1954,5,0,19,6,47452380,3630,510420,38,13089
1955,18,5,25,0,47469720,3630,511080,39,13107
1956,4,0,23,2,47514480,3630,523260,39,13111
1957,12,0,19,6,47568060,3630,523260,39,13123
1958,11,0,21,4,47595480,3629,523260,39,13134
1959,8,0,19,6,47627280,3629,523260,39,13142
1960,16,3,25,0,47650140,3629,523560,39,13158
1961,8,0,20,5,47698080,3628,525840,39,13166
1962,8,0,22,3,47719200,3628,525840,39,13174
1963,5,0,21,4,47743320,3628,525840,39,13179
1964,4,0,15,10,47786400,3628,525840,39,13183
1965,9,0,20,5,47798820,3628,525840,39,13192
1966,9,0,19,6,47819460,3627,525840,39,13201
1967,5,0,17,8,47850840,3628,525840,39,13206
1968,2,0,14,11,47873460,3628,525840,39,13208
1969,9,0,21,4,47881200,3628,525840,39,13217
1970,5,0,19,6,47900280,3627,525840,39,13222
1971,2,0,15,10,47929440,3628,525840,39,13224
1972,4,0,15,10,47949060,3628,525840,39,13228
1973,4,0,15,10,47956020,3628,525840,39,13232
1974,3,0,17,8,47958960,3628,525840,39,13235
1975,5,0,17,8,47976900,3628,525840,39,13240
1976,7,0,18,7,47991120,3627,525840,39,13247
1977,8,0,20,5,48011580,3627,525840,39,13255
1978,9,0,22,3,48033120,3627,525840,39,13264
1979,7,0,18,7,48075960,3627,525840,39,13271
1980,13,1,25,0,48094920,3627,525840,39,13284
1981,10,0,24,1,48138480,3627,531060,39,13294
1982,5,0,17,8,48174060,3627,531180,39,13299
1983,8,0,19,6,48205920,3627,531180,39,13307
1984,11,0,20,5,48228240,3626,531180,39,13318
1985,5,0,19,6,48251340,3626,531180,39,13323
1986,6,0,20,5,48273960,3627,531180,39,13329
1987,6,0,20,5,48296040,3627,531180,39,13335
1988,6,0,17,8,48334860,3627,531180,39,13341
1989,6,0,20,5,48349560,3627,531180,39,13347
1990,6,0,17,8,48384120,3628,531180,39,13353
1991,10,0,25,0,48397500,3628,531180,39,13363
1992,1,0,16,9,48432240,3628,531180,39,13364
1993,5,0,18,7,48448440,3628,531180,39,13369
1994,5,0,16,9,48480360,3629,531180,39,13374
1995,4,0,17,8,48492120,3629,531180,39,13378
1996,2,0,16,9,48500400,3629,531180,39,13380
1997,4,0,16,9,48518400,3629,531180,39,13384
1998,10,0,22,3,48523920,3628,531180,39,13394
1999,8,0,21,4,48552720,3628,531180,39,13402
2000,9,0,18,7,48594240,3628,531180,39,13411
2001,8,0,21,4,48607620,3627,531180,39,13419
2002,9,0,21,4,48639780,3627,531180,39,13428
2003,3,0,16,9,48669780,3628,531180,39,13431
2004,7,0,17,8,48702540,3628,531180,39,13438
2005,11,0,24,1,48710460,3628,531180,39,13449
2006,8,0,18,7,48760260,3628,531180,39,13457
2007,12,0,23,2,48779940,3627,531180,39,13469
2008,10,0,20,5,48824520,3627,531180,39,13479
2009,10,0,24,1,48844380,3627,531180,39,13489
2010,7,0,22,3,48884940,3628,532320,39,13496
2011,14,1,25,0,48917100,3627,532320,39,13510
2012,9,0,23,2,48978540,3629,532680,39,13519
2013,7,0,19,6,49022580,3629,532680,39,13526
2014,6,0,17,8,49048920,3629,532680,39,13532
2015,5,0,18,7,49061700,3629,532680,39,13537
2016,4,0,16,9,49093140,3629,532680,39,13541
2017,5,0,17,8,49098180,3629,532680,39,13546
2018,2,0,17,8,49103220,3628,532680,39,13548
2019,4,0,18,7,49105620,3628,532680,39,13552
2020,3,0,16,9,49116240,3627,532680,39,13555
2021,4,0,16,9,49121580,3627,532680,39,13559
2022,4,0,15,10,49128900,3626,532680,39,13563
2023,6,0,19,6,49132020,3625,532680,39,13569
2024,5,0,22,3,49135860,3625,532680,39,13574
2025,10,4,23,2,49161660,3626,535260,39,13584
2026,5,8,22,3,49171980,3626,536340,39,13589
2027,2,5,23,2,49202520,3627,555840,40,13591
2028,8,0,22,3,49240380,3626,593700,43,13599
2029,3,0,22,3,49258680,3627,593700,43,13602
2030,8,0,22,3,49294200,3627,593700,43,13610
2031,8,0,24,1,49303140,3626,593700,43,13618
2032,13,0,24,1,49341180,3626,593700,43,13631
2033,7,0,23,2,49369380,3626,593700,43,13638
2034,5,0,22,3,49394280,3626,593700,43,13643
2035,9,0,22,3,49416900,3625,593700,43,13652
2036,2,0,19,6,49431780,3625,593700,43,13654
2037,6,2,19,6,49453140,3625,595440,43,13660
2038,2,0,20,5,49470360,3626,604200,44,13662
2039,3,0,18,7,49491600,3626,604200,44,13665
2040,7,0,21,4,49510740,3626,604200,44,13672
2041,2,0,18,7,49535640,3627,604200,44,13674
2042,3,0,18,7,49547580,3627,604200,44,13677
2043,6,0,21,4,49554300,3627,604200,44,13683
2044,6,0,20,5,49574400,3626,604200,44,13689
2045,10,0,25,0,49585320,3626,604200,44,13699
2046,8,0,22,3,49620240,3625,604200,44,13707
2047,4,0,24,1,49628040,3625,604200,44,13711
2048,11,1,25,0,49670400,3626,608280,44,13722
2049,6,0,24,1,49700820,3626,608820,44,13728
2050,4,0,20,5,49736580,3627,610440,44,13732
2051,6,0,22,3,49750740,3627,610440,44,13738
2052,6,0,21,4,49776480,3627,610440,44,13744
2053,13,1,25,0,49798680,3626,610680,44,13757
2054,15,11,22,3,49826280,3626,612540,44,13772
2055,10,18,19,6,49863300,3627,622380,45,13782
2056,2,19,20,5,49863300,3627,624480,45,13784
2057,8,17,25,0,49889100,3628,690540,50,13792
2058,11,14,25,0,49937400,3628,745980,54,13803
2059,7,6,25,0,49971600,3626,841620,60,13810
2060,6,1,25,0,49988340,3624,914040,66,13816
2061,1,0,18,7,50029800,3625,914100,66,13817
2062,3,0,17,8,50050260,3626,914100,66,13820
2063,7,0,21,4,50060100,3625,914100,66,13827
2064,3,0,18,7,50082180,3625,914100,66,13830
2065,7,0,23,2,50087820,3625,914100,66,13837
2066,7,0,24,1,50102820,3625,914100,66,13844
2067,7,0,24,1,50134560,3625,914100,65,13851
2068,3,0,20,5,50168760,3626,914580,66,13854
2069,4,0,19,6,50201640,3627,914580,65,13858
2070,6,0,21,4,50214540,3627,914580,65,13864
2071,1,0,18,7,50229960,3627,914580,65,13865
2072,12,0,25,0,50248380,3627,914580,65,13877
2073,6,0,23,2,50272560,3627,914580,65,13883
2074,6,0,21,4,50305800,3627,914580,65,13889
2075,10,2,25,0,50322840,3627,918060,66,13899
2076,6,0,23,2,50354400,3627,926340,66,13905
2077,7,0,21,4,50391180,3627,926340,66,13912
2078,10,0,22,3,50417160,3627,926340,66,13922
2079,12,4,24,1,50431020,3626,926460,66,13934
2080,7,8,22,3,50460120,3627,929460,66,13941
2081,4,6,24,1,50489040,3628,943800,67,13945
2082,4,5,25,0,50511600,3628,969780,69,13949
2083,8,0,21,4,50562600,3628,997680,71,13957
2084,6,0,22,3,50580840,3628,997680,71,13963
2085,2,0,19,6,50604480,3628,997680,71,13965
2086,1,0,16,9,50616300,3628,997680,71,13966
2087,2,0,16,9,50626320,3628,997680,71,13968
2088,6,0,20,5,50628240,3628,997680,71,13974
2089,4,0,21,4,50632920,3627,997680,71,13978
2090,4,0,21,4,50644020,3627,997680,71,13982
2091,3,0,19,6,50670660,3628,997680,71,13985
2092,9,0,23,2,50692680,3628,998520,71,13994
2093,7,0,22,3,50717760,3628,998520,71,14001
2094,4,0,20,5,50736300,3627,998520,71,14005
2095,4,0,18,7,50757540,3627,998520,71,14009
2096,4,0,18,7,50772300,3627,998520,71,14013
2097,6,0,20,5,50779800,3627,998520,71,14019
2098,4,0,22,3,50786520,3627,998520,71,14023
2099,8,1,25,0,50804760,3627,998520,71,14031
2100,10,6,25,0,50834040,3628,1003860,71,14041
2101,13,12,22,3,50887380,3629,1010760,71,14054
2102,13,24,20,5,50904960,3630,1011420,71,14067
2103,6,26,21,4,50930460,3631,1022460,72,14073
2104,8,28,25,0,50940780,3631,1052100,74,14081
2105,8,26,25,0,50991960,3632,1076220,76,14089
2106,9,27,25,0,51022380,3632,1134420,80,14098
2107,5,26,25,0,51048420,3632,1154760,81,14103
2108,7,24,25,0,51097680,3634,1182360,83,14110
2109,2,3,25,0,51143100,3631,1664040,117,14112
2110,6,0,18,7,51171900,3629,1732920,122,14118
2111,9,1,22,3,51177240,3628,1732920,122,14127
2112,4,0,24,1,51191880,3628,1733760,122,14131
2113,3,0,17,8,51238260,3629,1733760,122,14134
2114,11,0,23,2,51250800,3629,1733760,122,14145
2115,5,0,23,2,51261540,3628,1733760,122,14150
2116,5,0,19,6,51296640,3628,1734480,122,14155
2117,4,0,20,5,51313440,3629,1734480,122,14159
2118,7,0,21,4,51327120,3628,1734480,122,14166
2119,4,0,19,6,51351180,3628,1734480,122,14170
2120,3,0,18,7,51372600,3629,1734480,122,14173
2121,11,0,23,2,51387000,3628,1734480,122,14184
2122,5,0,23,2,51401340,3628,1736160,122,14189
2123,6,0,23,2,51429240,3628,1736160,122,14195
2124,10,2,25,0,51456960,3629,1740180,122,14205
2125,16,15,25,0,51473460,3629,1743720,122,14221
2126,7,13,25,0,51528420,3631,1765560,124,14228
2127,7,13,25,0,51562860,3631,1782240,125,14235
2128,5,10,25,0,51592200,3631,1823400,128,14240
2129,6,0,25,0,51640320,3631,1944600,136,14246
2130,10,1,25,0,51658020,3630,1944840,136,14256
2131,10,2,25,0,51703020,3631,1954800,137,14266
2132,4,0,22,3,51732780,3630,1958580,137,14270
2133,5,0,19,6,51760260,3630,1958580,137,14275
2134,8,0,19,6,51782460,3630,1958580,137,14283
2135,2,0,19,6,51786900,3630,1958580,137,14285
2136,5,0,19,6,51805320,3630,1958580,137,14290
2137,7,0,22,3,51819120,3630,1958580,136,14297
2138,1,0,18,7,51839280,3630,1958580,136,14298
2139,7,0,20,5,51860160,3630,1958580,136,14305
2140,5,0,18,7,51872220,3629,1958580,136,14310
2141,5,0,18,7,51888120,3629,1958580,136,14315
2142,3,0,19,6,51892200,3629,1958580,136,14318
2143,6,0,21,4,51910320,3629,1958580,136,14324
2144,4,0,19,6,51925200,3628,1958580,136,14328
2145,1,0,16,9,51940980,3628,1958580,136,14329
2146,11,0,25,0,51947700,3628,1958580,136,14340
2147,7,0,25,0,51973740,3628,1963620,136,14347
2148,10,2,25,0,52004880,3629,1965000,136,14357
2149,7,0,25,0,52038300,3629,1968600,137,14364
2150,10,0,23,2,52081020,3629,1970760,137,14374
2151,6,0,21,4,52107360,3628,1970760,137,14380
2152,10,0,25,0,52130700,3629,1972440,137,14390
2153,8,0,21,4,52175460,3629,1974480,137,14398
2154,10,2,25,0,52184220,3628,1974480,137,14408
2155,6,0,24,1,52220460,3628,1976220,137,14414
2156,8,0,22,3,52251960,3628,1976220,137,14422
2157,9,0,21,4,52287660,3628,1976220,136,14431
2158,5,0,25,0,52288740,3628,1976220,136,14436
2159,3,0,19,6,52331520,3629,1976580,136,14439
2160,3,0,18,7,52343760,3628,1976580,136,14442
2161,5,0,20,5,52359780,3629,1976580,136,14447
2162,5,0,18,7,52386540,3629,1976580,136,14452
2163,1,0,17,8,52392360,3629,1976580,136,14453
2164,5,0,21,4,52393440,3629,1976580,136,14458
2165,4,0,19,6,52417680,3629,1976580,136,14462
2166,9,0,24,1,52424580,3628,1976580,136,14471
2167,3,0,18,7,52463880,3629,1976580,136,14474
2168,2,0,16,9,52480320,3629,1976580,136,14476
2169,6,0,20,5,52485240,3629,1976580,136,14482
2170,4,0,20,5,52492320,3628,1976580,136,14486
2171,12,0,25,0,52519020,3628,1976580,136,14498
2172,6,0,23,2,52545660,3628,1976580,136,14504
2173,10,0,24,1,52574220,3628,1978680,136,14514
2174,16,8,25,0,52600980,3628,1983420,136,14530
2175,7,6,25,0,52642740,3629,1997700,137,14537
2176,9,0,24,1,52687680,3628,2034780,139,14546
2177,7,0,21,4,52725360,3628,2034780,139,14553
2178,7,0,24,1,52736160,3627,2034780,139,14560
2179,6,0,23,2,52759920,3627,2034780,139,14566
2180,8,0,23,2,52790820,3627,2035260,139,14574
2181,6,0,21,4,52817520,3627,2037000,139,14580
2182,6,0,19,6,52847460,3627,2037000,139,14586
2183,4,0,18,7,52867080,3627,2037000,139,14590
2184,2,0,16,9,52878900,3627,2037000,139,14592
2185,3,0,16,9,52884060,3627,2037000,139,14595
2186,7,0,20,5,52886040,3626,2037000,139,14602
2187,5,1,19,6,52895400,3626,2037000,139,14607
2188,8,6,19,6,52915560,3626,2040960,139,14615
2189,4,9,18,7,52929300,3627,2045520,139,14619
2190,4,10,20,5,52932540,3627,2059560,140,14623
2191,3,9,23,2,52942680,3627,2075520,141,14626
2192,4,4,25,0,52980180,3628,2128860,145,14630
2193,16,6,25,0,53026980,3628,2166120,147,14646
2194,5,5,24,1,53038800,3627,2190540,149,14651
2195,2,4,21,4,53076900,3628,2197740,149,14653
2196,8,0,24,1,53111460,3628,2220840,151,14661
2197,5,0,21,4,53140320,3628,2220840,151,14666
2198,11,0,25,0,53165580,3628,2222940,151,14677
2199,10,2,25,0,53199000,3628,2229600,151,14687
2200,11,1,25,0,53224980,3627,2236920,152,14698
2201,8,1,25,0,53262060,3628,2238180,152,14706
2202,12,1,22,3,53305020,3627,2240880,152,14718
2203,6,4,20,5,53327940,3627,2243940,152,14724
2204,2,0,22,3,53344740,3627,2255820,153,14726
2205,6,0,21,4,53368080,3627,2255820,153,14732
2206,2,0,18,7,53387880,3627,2255820,153,14734
2207,4,0,17,8,53404800,3627,2255820,153,14738
2208,7,0,22,3,53409180,3627,2255820,152,14745
2209,2,0,20,5,53422560,3627,2255820,152,14747
2210,2,0,17,8,53447520,3627,2255820,152,14749
2211,4,0,16,9,53463360,3627,2255820,152,14753
2212,5,0,19,6,53469600,3627,2255820,152,14758
2213,5,0,21,4,53476380,3627,2255820,152,14763
2214,4,0,18,7,53505360,3627,2255820,152,14767
2215,6,0,19,6,53518920,3627,2255820,152,14773
2216,6,0,21,4,53533140,3627,2255820,152,14779
2217,3,0,18,7,53548680,3626,2255820,152,14782
2218,10,0,24,1,53556960,3626,2255820,152,14792
2219,6,1,25,0,53574480,3626,2256180,152,14798
2220,11,1,25,0,53615640,3626,2256840,152,14809
2221,13,10,21,4,53642700,3626,2257380,152,14822
2222,12,19,20,5,53670720,3627,2262480,152,14834
2223,5,21,21,4,53688360,3628,2272440,153,14839
2224,6,20,25,0,53709060,3628,2309640,155,14845
2225,7,19,25,0,53736180,3628,2344200,157,14852
2226,9,18,25,0,53784300,3629,2420280,162,14861
2227,9,20,25,0,53811960,3629,2431320,163,14870
2228,6,13,25,0,53857440,3629,2524380,169,14876
2229,3,0,19,6,53898120,3627,2750160,184,14879
2230,6,0,19,6,53911860,3626,2750160,184,14885
2231,8,0,22,3,53919840,3625,2750160,184,14893
2232,3,0,19,6,53947680,3626,2750160,184,14896
2233,3,0,17,8,53963340,3626,2750160,184,14899
2234,3,0,18,7,53971920,3626,2750160,184,14902
2235,2,0,16,9,53979240,3625,2750160,184,14904
2236,1,0,15,10,53986320,3625,2750160,184,14905
2237,7,0,22,3,53986320,3625,2750160,184,14912
2238,4,0,21,4,53997480,3625,2750160,184,14916
2239,2,0,17,8,54025500,3625,2750160,184,14918
2240,7,0,23,2,54034740,3626,2750160,184,14925
2241,7,3,23,2,54046800,3625,2750580,184,14932
2242,10,6,25,0,54076680,3626,2767860,185,14942
2243,7,8,25,0,54108240,3627,2778540,185,14949
2244,12,7,25,0,54153360,3627,2797140,186,14961
2245,14,7,25,0,54196020,3626,2806140,187,14975
2246,8,4,25,0,54232980,3626,2828280,188,14983
2247,9,2,25,0,54256320,3625,2862360,190,14992
2248,3,0,20,5,54295860,3625,2876580,191,14995
2249,12,0,25,0,54327120,3626,2876940,191,15007
2250,8,0,23,2,54353340,3625,2877720,191,15015
2251,4,0,18,7,54384720,3625,2877720,191,15019
2252,7,0,21,4,54392520,3624,2877720,191,15026
2253,2,0,18,7,54421860,3625,2877720,191,15028
2254,3,0,18,7,54442680,3626,2877720,191,15031
2255,3,0,21,4,54442680,3626,2877720,191,15034
2256,4,0,20,5,54462000,3626,2878500,191,15038
2257,2,0,19,6,54481920,3627,2878500,191,15040
2258,5,0,21,4,54492780,3627,2878500,191,15045
2259,4,0,22,3,54509040,3627,2878500,191,15049
2260,4,0,19,6,54534600,3627,2878500,191,15053
2261,2,0,17,8,54554640,3627,2878500,191,15055
2262,4,0,19,6,54558840,3627,2878500,191,15059
2263,5,0,21,4,54578640,3628,2878500,191,15064
2264,5,0,20,5,54596820,3627,2878500,191,15069
2265,1,0,18,7,54619140,3628,2878500,191,15070
2266,8,0,24,1,54626940,3628,2878500,190,15078
2267,8,0,23,2,54649680,3628,2878500,190,15086
2268,8,0,22,3,54684960,3628,2878500,190,15094
2269,6,0,19,6,54704280,3627,2878500,190,15100
2270,9,0,23,2,54725580,3627,2878500,190,15109
2271,7,0,22,3,54744720,3626,2878500,190,15116
2272,11,2,25,0,54764520,3626,2878680,190,15127
2273,6,0,25,0,54797400,3627,2883720,190,15133
2274,7,0,24,1,54826980,3627,2883720,190,15140
2275,10,0,20,5,54877080,3627,2883720,190,15150
2276,7,0,22,3,54882660,3626,2883720,190,15157
2277,5,0,19,6,54907560,3625,2883720,190,15162
2278,8,0,20,5,54928260,3625,2883720,190,15170
2279,4,0,21,4,54939720,3625,2883720,190,15174
2280,6,0,23,2,54959220,3625,2883720,189,15180
2281,8,0,20,5,54996360,3625,2883780,189,15188
2282,4,0,21,4,55011240,3626,2883780,189,15192
2283,2,0,19,6,55028280,3626,2883780,189,15194
2284,4,0,20,5,55036140,3626,2883780,189,15198
2285,7,0,21,4,55054620,3625,2883780,189,15205
2286,8,0,21,4,55079220,3625,2883780,189,15213
2287,8,0,21,4,55093800,3624,2883780,189,15221
2288,10,0,21,4,55120320,3623,2883780,189,15231
2289,8,0,25,0,55132920,3623,2883780,189,15239
2290,9,0,24,1,55163460,3623,2885040,189,15248
2291,8,0,23,2,55198200,3623,2887740,189,15256
2292,4,0,23,2,55221360,3624,2887740,189,15260
2293,9,0,22,3,55258740,3624,2887740,189,15269
2294,11,0,24,1,55273320,3623,2887740,188,15280
2295,9,0,22,3,55310880,3622,2889060,188,15289
2296,7,0,24,1,55326720,3622,2889060,188,15296
2297,6,0,23,2,55361280,3623,2889060,188,15302
2298,5,0,20,5,55390200,3623,2889060,188,15307
2299,6,0,21,4,55414860,3623,2889060,188,15313
2300,6,0,20,5,55435800,3623,2889060,188,15319
2301,3,0,18,7,55451040,3623,2889060,188,15322
2302,4,0,19,6,55456740,3622,2889060,188,15326
2303,8,0,23,2,55468980,3622,2889060,188,15334
2304,6,0,22,3,55497900,3623,2889060,188,15340
2305,3,0,19,6,55526700,3623,2889060,188,15343
2306,4,0,21,4,55538640,3623,2889060,188,15347
2307,2,0,18,7,55559820,3624,2889060,188,15349
2308,7,0,19,6,55579860,3623,2889060,188,15356
2309,5,0,22,3,55585260,3623,2889060,188,15361
2310,7,0,21,4,55618440,3624,2889060,187,15368
2311,4,0,19,6,55644540,3624,2889060,187,15372
2312,5,0,19,6,55655340,3623,2889060,187,15377
2313,9,0,21,4,55677060,3623,2889060,187,15386
2314,5,0,21,4,55686360,3623,2889060,187,15391
2315,10,0,22,3,55711380,3622,2889060,187,15401
2316,7,0,20,5,55746180,3622,2889060,187,15408
2317,12,0,25,0,55763400,3622,2890680,187,15420
2318,6,0,22,3,55792440,3621,2890680,187,15426
2319,10,4,21,4,55817940,3621,2891040,187,15436
2320,7,3,25,0,55840680,3622,2901660,187,15443
2321,7,3,22,3,55874760,3622,2911440,188,15450
2322,5,6,21,4,55892820,3622,2918820,188,15455
2323,4,0,25,0,55928400,3623,2940960,190,15459
2324,1,0,16,9,55961700,3623,2940960,190,15460
2325,6,0,18,7,55968060,3622,2940960,190,15466
2326,4,0,22,3,55968060,3622,2940960,190,15470
2327,4,0,20,5,55991340,3623,2940960,190,15474
2328,6,0,20,5,56017860,3623,2940960,189,15480
2329,1,0,17,8,56032740,3623,2940960,189,15481
2330,3,0,19,6,56039100,3623,2940960,189,15484
2331,3,0,18,7,56056440,3623,2940960,189,15487
2332,3,0,19,6,56061900,3623,2940960,189,15490
2333,2,0,18,7,56067060,3623,2940960,189,15492
2334,8,0,23,2,56077320,3623,2940960,189,15500
2335,8,0,25,0,56097780,3623,2940960,189,15508
2336,6,0,19,6,56133840,3622,2940960,189,15514
2337,7,0,21,4,56146320,3622,2940960,189,15521
2338,9,2,24,1,56159940,3622,2943240,189,15530
2339,8,8,21,4,56184120,3622,2944500,189,15538
2340,7,10,20,5,56224320,3623,2960520,190,15545
2341,1,7,21,4,56241900,3624,2993880,192,15546
2342,2,1,23,2,56259720,3624,3041280,195,15548
2343,6,0,20,5,56292540,3623,3050640,196,15554
2344,8,0,24,1,56299440,3623,3050640,196,15562
2345,7,0,25,0,56313660,3622,3050820,195,15569
2346,5,0,21,4,56349780,3623,3050820,195,15574
2347,6,0,20,5,56376540,3623,3050820,195,15580
2348,9,0,22,3,56388120,3622,3050820,195,15589
2349,6,1,23,2,56407320,3622,3050820,195,15595
2350,3,0,22,3,56432100,3623,3055560,195,15598
2351,4,0,18,7,56465700,3623,3055560,195,15602
2352,3,0,19,6,56476260,3623,3055560,195,15605
2353,4,0,21,4,56482800,3623,3055560,195,15609
2354,6,0,21,4,56506020,3623,3055560,195,15615
2355,7,0,20,5,56526720,3623,3055560,195,15622
2356,3,0,18,7,56543340,3622,3055560,195,15625
2357,4,0,18,7,56559840,3623,3055560,195,15629
2358,11,0,21,4,56581920,3622,3055560,195,15640
2359,7,0,18,7,56609580,3622,3055560,195,15647
2360,4,0,18,7,56623320,3622,3055560,195,15651
2361,9,0,22,3,56629260,3621,3055560,195,15660
2362,4,0,19,6,56660940,3621,3055560,195,15664
2363,10,0,22,3,56677380,3621,3055560,194,15674
2364,7,0,20,5,56697480,3620,3055560,194,15681
2365,7,0,22,3,56709540,3619,3055560,194,15688
2366,9,0,21,4,56748420,3620,3055560,194,15697
2367,4,0,19,6,56777340,3620,3055560,194,15701
2368,9,0,22,3,56792520,3620,3055560,194,15710
2369,16,6,25,0,56809800,3619,3058320,194,15726
2370,8,0,19,6,56870520,3618,3071880,195,15734
2371,6,0,23,2,56877780,3618,3071880,195,15740
2372,10,0,21,4,56910240,3618,3072840,195,15750
2373,3,0,18,7,56933460,3618,3072840,195,15753
2374,2,0,17,8,56944080,3618,3072840,195,15755
2375,6,0,21,4,56946360,3617,3072840,194,15761
2376,4,0,20,5,56970180,3618,3072840,194,15765
2377,3,0,19,6,56987640,3618,3072840,194,15768
2378,3,0,20,5,56990580,3618,3072840,194,15771
2379,6,0,18,7,57018240,3618,3072840,194,15777
2380,4,0,17,8,57031140,3617,3072840,194,15781
2381,3,0,19,6,57038940,3618,3072840,194,15784
2382,2,0,19,6,57047640,3618,3072840,194,15786
2383,6,0,19,6,57065760,3617,3072840,194,15792
2384,12,0,25,0,57083280,3617,3072840,194,15804
2385,9,2,25,0,57097020,3616,3072840,194,15813
2386,8,0,24,1,57150240,3617,3080040,194,15821
2387,12,3,25,0,57178860,3617,3085980,194,15833
2388,15,12,25,0,57200640,3617,3094560,195,15848
2389,5,11,25,0,57237360,3618,3104880,195,15853
2390,13,9,25,0,57299460,3619,3141900,198,15866
2391,11,5,25,0,57325800,3617,3195000,201,15877
2392,10,6,25,0,57351540,3617,3202740,201,15887
2393,8,0,25,0,57401040,3616,3248520,204,15895
2394,7,0,21,4,57433140,3616,3248700,204,15902
2395,9,2,25,0,57439980,3616,3248700,204,15911
2396,5,0,25,0,57473640,3616,3250140,204,15916
2397,11,0,22,3,57531060,3617,3250140,204,15927
2398,6,0,22,3,57553800,3617,3250140,203,15933
2399,4,0,20,5,57570720,3616,3250140,203,15937

