Hour,Arrivals,Waiting,Treating,Available Rooms,Total Treatment Time,Average Treatment Time,Total Wait Time,Average Wait Time,Total Arrivals
1,2,0,2,23,0,0,0,0,2
2,6,0,4,21,6840,1710,0,0,8
3,2,0,4,21,11880,1980,0,0,10
4,6,0,7,18,28680,3186,0,0,16
5,3,0,2,23,44820,2636,0,0,19
6,8,0,5,20,64140,2915,0,0,27
7,5,0,5,20,76920,2848,0,0,32
8,7,0,5,20,99060,2913,0,0,39
9,9,0,12,13,102240,2840,0,0,48
10,10,0,10,15,143280,2985,0,0,58
11,7,0,6,19,185760,3148,0,0,65
12,7,0,7,18,205260,3157,0,0,72
13,9,0,11,14,222600,3180,0,0,81
14,4,0,7,18,262680,3367,0,0,85
15,7,0,5,20,301920,3470,0,0,92
16,11,0,11,14,305820,3324,0,0,103
17,11,0,12,13,355440,3484,0,0,114
18,6,0,8,17,389100,3474,0,0,120
19,6,0,8,17,411660,3488,0,0,126
20,8,0,2,23,467760,3543,0,0,134
21,9,0,10,15,470760,3539,0,0,143
22,3,0,3,22,505020,3531,0,0,146
23,5,0,6,19,516540,3562,0,0,151
24,3,0,4,21,528180,3521,0,0,154
25,9,0,6,19,556500,3544,0,0,163
26,4,0,3,22,570420,3478,0,0,167
27,8,0,6,19,587460,3476,0,0,175
28,2,0,4,21,599580,3465,0,0,177
29,8,0,9,16,615780,3498,0,0,185
30,5,0,3,22,650280,3477,0,0,190
31,9,0,8,17,658440,3447,0,0,199
32,12,0,11,14,687300,3436,0,0,211
33,8,0,9,16,720000,3428,0,0,219
34,4,0,6,19,753540,3472,0,0,223
35,9,0,9,16,773520,3468,0,0,232
36,8,0,7,18,800880,3437,0,0,240
37,9,0,9,16,823620,3431,0,0,249
38,6,0,7,18,847980,3419,0,0,255
39,10,0,9,16,878400,3431,0,0,265
40,8,0,12,13,899460,3446,0,0,273
41,9,0,12,13,938040,3474,0,0,282
42,9,0,10,15,992160,3530,0,0,291
43,3,0,6,19,1013820,3520,0,0,294
44,12,0,10,15,1048680,3542,0,0,306
45,5,0,10,15,1063740,3534,0,0,311
46,4,0,5,20,1108920,3577,0,0,315
47,5,0,6,19,1125600,3584,0,0,320
48,5,0,7,18,1145040,3600,0,0,325
49,6,0,6,19,1174920,3615,0,0,331
50,1,0,2,23,1193700,3617,0,0,332
51,1,0,1,24,1201860,3620,0,0,333
52,5,0,4,21,1204740,3607,0,0,338
53,4,0,2,23,1227480,3610,0,0,342
54,2,0,2,23,1237680,3618,0,0,344
55,4,0,4,21,1245540,3620,0,0,348
56,4,0,3,22,1255620,3597,0,0,352
57,6,0,4,21,1274460,3600,0,0,358
58,7,0,6,19,1286700,3584,0,0,365
59,8,0,8,17,1300560,3563,0,0,373
60,13,0,10,15,1334220,3548,0,0,386
61,6,0,9,16,1357620,3544,0,0,392
62,11,0,11,14,1397040,3563,0,0,403
63,11,0,11,14,1439280,3571,0,0,414
64,11,0,16,9,1468920,3591,0,0,425
65,6,0,8,17,1533420,3625,0,0,431
66,9,0,10,15,1559460,3626,0,0,440
67,7,0,10,15,1598160,3657,0,0,447
68,7,0,9,16,1629120,3660,0,0,454
69,5,0,6,19,1676400,3700,0,0,459
70,11,0,11,14,1700280,3704,0,0,470
71,4,0,5,20,1745520,3721,0,0,474
72,4,0,3,22,1768260,3722,0,0,478
73,3,0,4,21,1781220,3734,0,0,481
74,4,0,5,20,1789920,3729,0,0,485
75,5,0,6,19,1810020,3739,0,0,490
76,2,0,3,22,1829640,3741,0,0,492
77,3,0,4,21,1839660,3746,0,0,495
78,4,0,4,21,1851360,3740,0,0,499
79,8,0,8,17,1859940,3727,0,0,507
80,5,0,4,21,1883580,3707,0,0,512
81,3,0,7,18,1883580,3707,0,0,515
82,9,0,10,15,1911300,3718,0,0,524
83,9,0,8,17,1952580,3719,0,0,533
84,10,0,9,16,1987200,3721,0,0,543
85,13,0,14,11,2006700,3702,0,0,556
86,8,0,12,13,2057340,3727,0,0,564
87,3,0,7,18,2093400,3738,0,0,567
88,9,0,9,16,2132340,3760,0,0,576
89,2,0,7,18,2145540,3757,0,0,578
90,7,0,5,20,2186820,3770,0,0,585
91,7,0,8,17,2205480,3776,0,0,592
92,5,0,7,18,2226420,3773,0,0,597
93,9,0,5,20,2266980,3772,0,0,606
94,4,0,5,20,2279460,3767,0,0,610
95,3,0,5,20,2291880,3769,0,0,613
96,4,0,5,20,2315040,3782,0,0,617
97,7,0,5,20,2341620,3782,0,0,624
98,3,0,6,19,2347020,3779,0,0,627
99,5,0,2,23,2374020,3768,0,0,632
100,2,0,3,22,2377380,3767,0,0,634
101,4,0,4,21,2388900,3767,0,0,638
102,4,0,3,22,2406720,3766,0,0,642
103,5,0,6,19,2416980,3770,0,0,647
104,1,0,1,24,2434440,3762,0,0,648
105,6,0,5,20,2441100,3761,0,0,654
106,12,0,8,17,2457840,3735,0,0,666
107,11,0,11,14,2476500,3718,0,0,677
108,5,0,4,21,2509440,3701,0,0,682
109,8,0,8,17,2520780,3696,0,0,690
110,8,0,6,19,2560860,3700,0,0,698
111,7,0,5,20,2586660,3695,0,0,705
112,10,0,8,17,2606760,3687,0,0,715
113,7,0,5,20,2641320,3683,0,0,722
114,5,0,4,21,2652720,3669,0,0,727
115,7,0,5,20,2667720,3659,0,0,734
116,11,0,7,18,2682420,3634,0,0,745
117,6,0,6,19,2715000,3644,0,0,751
118,8,0,9,16,2728440,3637,0,0,759
119,6,0,10,15,2748720,3640,0,0,765
120,9,0,7,18,2798040,3648,0,0,774
121,1,0,3,22,2823000,3656,0,0,775
122,3,0,5,20,2829360,3660,0,0,778
123,4,0,4,21,2848440,3661,0,0,782
124,4,0,6,19,2854260,3659,0,0,786
125,6,0,6,19,2877180,3660,0,0,792
126,10,0,9,16,2901300,3658,0,0,802
127,7,0,9,16,2925960,3657,0,0,809
128,12,0,11,14,2958660,3652,0,0,821
129,11,0,17,8,2979900,3656,0,0,832
130,9,0,13,12,3043800,3676,0,0,841
131,5,0,6,19,3105720,3697,0,0,846
132,6,0,5,20,3138540,3705,0,0,852
133,8,0,5,20,3165900,3702,0,0,860
134,10,0,7,18,3187020,3692,0,0,870
135,9,0,12,13,3198300,3688,0,0,879
136,15,0,15,10,3242220,3688,0,0,894
137,8,0,11,14,3288720,3691,0,0,902
138,10,0,11,14,3338820,3705,0,0,912
139,5,0,9,16,3368820,3710,0,0,917
140,6,0,6,19,3412080,3720,0,0,923
141,7,0,7,18,3443760,3731,0,0,930
142,4,0,7,18,3459480,3731,0,0,934
143,2,0,4,21,3489660,3744,0,0,936
144,5,0,4,21,3517920,3754,0,0,941
145,4,0,4,21,3527820,3749,0,0,945
146,1,0,4,21,3532440,3749,0,0,946
147,4,0,5,20,3557220,3764,0,0,950
148,5,0,5,20,3571140,3759,0,0,955
149,2,0,2,23,3592980,3762,0,0,957
150,7,0,5,20,3606360,3760,0,0,964
151,5,0,5,20,3619680,3754,0,0,969
152,12,0,9,16,3635640,3740,0,0,981
153,10,0,11,14,3657480,3732,0,0,991
154,11,0,12,13,3690000,3727,0,0,1002
155,8,0,9,16,3742860,3739,0,0,1010
156,16,0,16,9,3775320,3737,0,0,1026
157,11,0,19,6,3795540,3728,0,0,1037
158,9,0,8,17,3886200,3743,0,0,1046
159,3,0,6,19,3911640,3750,0,0,1049
160,4,0,3,22,3943020,3755,0,0,1053
161,14,0,11,14,3952260,3742,0,0,1067
162,6,0,9,16,3987660,3747,0,0,1073
163,9,0,9,16,4025760,3751,0,0,1082
164,8,0,9,16,4052520,3748,0,0,1090
165,6,0,6,19,4086540,3749,0,0,1096
166,5,0,6,19,4102260,3746,0,0,1101
167,8,0,6,19,4130520,3744,0,0,1109
168,5,0,3,22,4158780,3743,0,0,1114
169,10,0,9,16,4165740,3736,0,0,1124
170,4,0,4,21,4198260,3735,0,0,1128
171,5,0,7,18,4201920,3731,0,0,1133
172,9,0,6,19,4235100,3728,0,0,1142
173,6,0,7,18,4252740,3727,0,0,1148
174,6,0,6,19,4276200,3724,0,0,1154
175,6,0,7,18,4285440,3716,0,0,1160
176,5,0,3,22,4321800,3719,0,0,1165
177,9,0,8,17,4333080,3716,0,0,1174
178,9,0,11,14,4343700,3706,0,0,1183
179,7,0,11,14,4382160,3716,0,0,1190
180,7,0,10,15,4418100,3722,0,0,1197
181,4,0,5,20,4455780,3725,0,0,1201
182,8,0,5,20,4489080,3728,0,0,1209
183,7,0,7,18,4495500,3718,0,0,1216
184,13,0,11,14,4524600,3714,0,0,1229
185,9,0,12,13,4548480,3710,0,0,1238
186,7,0,9,16,4604940,3725,0,0,1245
187,11,0,9,16,4631700,3714,0,0,1256
188,9,0,8,17,4664760,3711,0,0,1265
189,7,0,9,16,4684200,3708,0,0,1272
190,3,0,4,21,4725180,3717,0,0,1275
191,8,0,7,18,4746360,3719,0,0,1283
192,5,0,10,15,4750920,3717,0,0,1288
193,7,0,8,17,4795980,3726,0,0,1295
194,3,0,3,22,4827420,3727,0,0,1298
195,3,0,5,20,4834620,3730,0,0,1301
196,8,0,9,16,4850280,3730,0,0,1309
197,6,0,10,15,4874820,3735,0,0,1315
198,6,0,4,21,4918620,3734,0,0,1321
199,4,0,5,20,4931940,3736,0,0,1325
200,5,0,7,18,4938780,3733,0,0,1330
201,10,0,10,15,4971300,3737,0,0,1340
202,10,0,11,14,4995240,3730,0,0,1350
203,12,0,16,9,5017080,3727,0,0,1362
204,2,0,4,21,5084940,3738,0,0,1364
205,7,0,5,20,5117160,3746,0,0,1371
206,9,0,6,19,5143200,3743,0,0,1380
207,8,0,9,16,5158440,3740,0,0,1388
208,8,0,9,16,5183940,3737,0,0,1396
209,11,0,10,15,5213820,3732,0,0,1407
210,12,0,9,16,5252460,3725,0,0,1419
211,7,0,10,15,5265120,3718,0,0,1426
212,4,0,7,18,5295060,3721,0,0,1430
213,5,0,5,20,5338800,3733,0,0,1435
214,5,0,7,18,5343960,3729,0,0,1440
215,7,0,8,17,5369760,3731,0,0,1447
216,4,0,4,21,5400780,3732,0,0,1451
217,3,0,6,19,5401980,3730,0,0,1454
218,9,0,8,17,5431380,3732,0,0,1463
219,3,0,4,21,5464080,3737,0,0,1466
220,5,0,2,23,5484600,3733,0,0,1471
221,9,0,8,17,5488860,3728,0,0,1480
222,8,0,9,16,5515320,3729,0,0,1488
223,11,0,9,16,5560740,3732,0,0,1499
224,7,0,7,18,5589540,3728,0,0,1506
225,7,0,10,15,5604780,3729,0,0,1513
226,8,0,8,17,5654220,3737,0,0,1521
227,6,0,6,19,5674020,3730,0,0,1527
228,5,0,8,17,5700060,3740,0,0,1532
229,10,0,10,15,5722560,3735,0,0,1542
230,6,0,6,19,5754660,3731,0,0,1548
231,10,0,8,17,5794860,3738,0,0,1558
232,7,0,7,18,5814780,3732,0,0,1565
233,12,0,9,16,5833020,3720,0,0,1577
234,6,0,8,17,5864760,3723,0,0,1583
235,8,0,9,16,5888220,3722,0,0,1591
236,6,0,7,18,5933040,3731,0,0,1597
237,4,0,2,23,5957400,3725,0,0,1601
238,3,0,3,22,5972880,3730,0,0,1604
239,5,0,6,19,5974860,3727,0,0,1609
240,2,0,4,21,5997180,3731,0,0,1611
241,2,0,2,23,6017940,3735,0,0,1613
242,5,0,4,21,6024900,3732,0,0,1618
243,3,0,3,22,6039960,3732,0,0,1621
244,3,0,5,20,6043380,3732,0,0,1624
245,4,0,4,21,6069720,3737,0,0,1628
246,4,0,4,21,6077100,3732,0,0,1632
247,5,0,6,19,6092460,3735,0,0,1637
248,11,0,10,15,6109860,3730,0,0,1648
249,4,0,4,21,6144600,3728,0,0,1652
250,8,0,8,17,6157200,3727,0,0,1660
251,15,0,10,15,6202080,3724,0,0,1675
252,18,0,19,6,6229680,3721,0,0,1693
253,12,0,17,8,6282600,3721,0,0,1705
254,4,0,5,20,6351000,3727,0,0,1709
255,8,0,6,19,6371280,3723,0,0,1717
256,14,0,15,10,6379380,3717,0,0,1731
257,9,0,8,17,6441180,3718,0,0,1740
258,8,0,5,20,6475500,3715,0,0,1748
259,6,0,5,20,6485760,3708,0,0,1754
260,3,0,3,22,6512820,3713,0,0,1757
261,7,0,7,18,6517140,3709,0,0,1764
262,2,0,5,20,6538080,3712,0,0,1766
263,5,0,6,19,6554160,3713,0,0,1771
264,9,0,9,16,6584460,3717,0,0,1780
265,4,0,5,20,6607860,3714,0,0,1784
266,6,0,3,22,6633900,3712,0,0,1790
267,3,0,5,20,6639240,3713,0,0,1793
268,5,0,6,19,6655800,3714,0,0,1798
269,6,0,3,22,6673740,3705,0,0,1804
270,9,0,7,18,6687600,3702,0,0,1813
271,8,0,5,20,6715380,3697,0,0,1821
272,13,0,7,18,6744420,3691,0,0,1834
273,10,0,9,16,6763500,3685,0,0,1844
274,5,0,8,17,6784680,3685,0,0,1849
275,6,0,6,19,6817560,3687,0,0,1855
276,7,0,9,16,6834600,3688,0,0,1862
277,16,0,16,9,6868680,3688,0,0,1878
278,12,0,9,16,6923880,3680,0,0,1890
279,7,0,8,17,6957360,3683,0,0,1897
280,5,0,6,19,6994320,3688,0,0,1902
281,4,0,4,21,7022580,3692,0,0,1906
282,5,0,6,19,7030680,3690,0,0,1911
283,8,0,8,17,7059720,3694,0,0,1919
284,7,0,6,19,7090260,3692,0,0,1926
285,5,0,5,20,7108080,3690,0,0,1931
286,0,0,3,22,7117800,3691,0,0,1931
287,1,0,1,24,7136460,3695,0,0,1932
288,4,0,3,22,7146060,3696,0,0,1936
289,7,0,5,20,7159740,3694,0,0,1943
290,3,0,1,24,7185960,3694,0,0,1946
291,1,0,1,24,7187760,3693,0,0,1947
292,4,0,4,21,7188420,3692,0,0,1951
293,10,0,8,17,7211940,3692,0,0,1961
294,6,0,9,16,7228200,3691,0,0,1967
295,5,0,6,19,7261440,3693,0,0,1972
296,11,0,10,15,7293480,3696,0,0,1983
297,13,0,13,12,7311960,3687,0,0,1996
298,17,0,16,9,7358880,3684,0,0,2013
299,12,0,17,8,7388460,3679,0,0,2025
300,11,0,15,10,7449900,3686,0,0,2036
301,9,0,11,14,7511640,3693,0,0,2045
302,8,0,10,15,7554840,3697,0,0,2053
303,6,0,6,19,7589760,3696,0,0,2059
304,6,0,7,18,7611600,3698,0,0,2065
305,14,0,11,14,7638420,3693,0,0,2079
306,9,0,11,14,7668480,3692,0,0,2088
307,8,0,11,14,7700520,3693,0,0,2096
308,4,0,6,19,7754040,3702,0,0,2100
309,5,0,6,19,7773240,3703,0,0,2105
310,3,0,6,19,7788420,3705,0,0,2108
311,13,0,13,12,7816980,3708,0,0,2121
312,4,0,7,18,7842060,3702,0,0,2125
313,7,0,7,18,7888680,3712,0,0,2132
314,6,0,7,18,7907400,3710,0,0,2138
315,6,0,4,21,7952880,3716,0,0,2144
316,3,0,4,21,7969320,3718,0,0,2147
317,7,0,8,17,7977060,3717,0,0,2154
318,2,0,4,21,7998360,3716,0,0,2156
319,10,0,3,22,8030160,3712,0,0,2166
320,3,0,3,22,8039880,3711,0,0,2169
321,4,0,5,20,8044860,3710,0,0,2173
322,9,0,9,16,8064420,3711,0,0,2182
323,8,0,13,12,8073180,3708,0,0,2190
324,7,0,10,15,8110680,3708,0,0,2197
325,6,0,9,16,8155860,3717,0,0,2203
326,6,0,8,17,8191140,3721,0,0,2209
327,9,0,9,16,8219280,3720,0,0,2218
328,6,0,7,18,8252880,3722,0,0,2224
329,2,0,2,23,8274480,3720,0,0,2226
330,13,0,8,17,8289420,3715,0,0,2239
331,5,0,8,17,8301240,3712,0,0,2244
332,5,0,5,20,8343420,3718,0,0,2249
333,1,0,2,23,8364900,3721,0,0,2250
334,9,0,8,17,8374500,3720,0,0,2259
335,4,0,9,16,8386260,3720,0,0,2263
336,4,0,6,19,8412960,3720,0,0,2267
337,8,0,7,18,8441460,3721,0,0,2275
338,7,0,10,15,8460300,3723,0,0,2282
339,7,0,8,17,8504100,3728,0,0,2289
340,3,0,4,21,8532480,3729,0,0,2292
341,7,0,5,20,8552100,3728,0,0,2299
342,3,0,4,21,8562360,3726,0,0,2302
343,10,0,8,17,8574240,3721,0,0,2312
344,7,0,10,15,8590860,3720,0,0,2319
345,10,0,11,14,8620200,3718,0,0,2329
346,8,0,8,17,8667420,3721,0,0,2337
347,8,0,8,17,8702880,3723,0,0,2345
348,11,0,11,14,8726580,3721,0,0,2356
349,11,0,13,12,8762880,3722,0,0,2367
350,11,0,10,15,8808840,3719,0,0,2378
351,17,0,14,11,8848080,3716,0,0,2395
352,10,0,12,13,8894280,3716,0,0,2405
353,11,0,12,13,8934720,3716,0,0,2416
354,7,0,8,17,8980200,3718,0,0,2423
355,3,0,7,18,8999160,3720,0,0,2426
356,5,0,7,18,9032520,3726,0,0,2431
357,5,0,4,21,9062040,3726,0,0,2436
358,4,0,4,21,9081780,3728,0,0,2440
359,7,0,6,19,9091560,3724,0,0,2447
360,2,0,2,23,9118860,3726,0,0,2449
361,7,0,3,22,9132420,3722,0,0,2456
362,5,0,4,21,9145620,3722,0,0,2461
363,6,0,5,20,9158100,3719,0,0,2467
364,4,0,5,20,9171120,3719,0,0,2471
365,5,0,5,20,9191280,3719,0,0,2476
366,7,0,4,21,9214380,3716,0,0,2483
367,5,0,7,18,9224340,3717,0,0,2488
368,1,0,2,23,9244200,3717,0,0,2489
369,11,0,7,18,9254340,3712,0,0,2500
370,7,0,7,18,9265620,3706,0,0,2507
371,6,0,6,19,9296580,3708,0,0,2513
372,7,0,6,19,9318300,3706,0,0,2520
373,12,0,9,16,9347760,3705,0,0,2532
374,10,0,7,18,9372660,3697,0,0,2542
375,12,0,10,15,9392100,3691,0,0,2554
376,5,0,5,20,9435660,3694,0,0,2559
377,8,0,5,20,9459540,3692,0,0,2567
378,6,0,3,22,9482280,3689,0,0,2573
379,2,0,1,24,9499140,3690,0,0,2575
380,5,0,4,21,9504060,3689,0,0,2580
381,9,0,8,17,9514260,3686,0,0,2589
382,5,0,2,23,9557580,3687,0,0,2594
383,5,0,6,19,9558420,3686,0,0,2599
384,4,0,8,17,9567480,3686,0,0,2603
385,5,0,2,23,9606240,3686,0,0,2608
386,3,0,3,22,9617160,3687,0,0,2611
387,3,0,3,22,9630960,3688,0,0,2614
388,2,0,3,22,9638580,3688,0,0,2616
389,6,0,5,20,9649260,3687,0,0,2622
390,3,0,3,22,9666840,3686,0,0,2625
391,7,0,5,20,9684720,3686,0,0,2632
392,8,0,11,14,9691500,3686,0,0,2640
393,1,0,5,20,9722220,3688,0,0,2641
394,15,0,11,14,9756300,3688,0,0,2656
395,9,0,9,16,9781920,3682,0,0,2665
396,15,0,11,14,9826620,3681,0,0,2680
397,10,0,10,15,9860820,3679,0,0,2690
398,10,0,9,16,9905880,3681,0,0,2700
399,7,0,6,19,9941700,3680,0,0,2707
400,5,0,8,17,9954660,3681,0,0,2712
401,8,0,9,16,9984840,3683,0,0,2720
402,7,0,9,16,10015680,3684,0,0,2727
403,9,0,8,17,10041600,3680,0,0,2736
404,2,0,5,20,10056300,3679,0,0,2738
405,5,0,2,23,10093020,3682,0,0,2743
406,4,0,5,20,10099920,3683,0,0,2747
407,11,0,7,18,10122060,3679,0,0,2758
408,9,0,11,14,10132680,3676,0,0,2767
409,3,0,3,22,10177140,3678,0,0,2770
410,6,0,6,19,10192620,3679,0,0,2776
411,2,0,3,22,10207560,3678,0,0,2778
412,6,0,5,20,10227600,3680,0,0,2784
413,10,0,8,17,10240080,3675,0,0,2794
414,3,0,3,22,10275720,3677,0,0,2797
415,6,0,5,20,10290900,3677,0,0,2803
416,8,0,8,17,10307820,3677,0,0,2811
417,14,0,11,14,10321680,3667,0,0,2825
418,12,0,13,12,10359240,3668,0,0,2837
419,14,0,15,10,10400940,3667,0,0,2851
420,5,0,5,20,10462380,3669,0,0,2856
421,11,0,11,14,10483320,3670,0,0,2867
422,9,0,8,17,10511160,3664,0,0,2876
423,13,0,16,9,10534980,3666,0,0,2889
424,9,0,10,15,10582980,3664,0,0,2898
425,6,0,7,18,10618620,3665,0,0,2904
426,7,0,4,21,10648740,3663,0,0,2911
427,10,0,10,15,10657080,3660,0,0,2921
428,7,0,8,17,10687140,3659,0,0,2928
429,3,0,5,20,10714500,3661,0,0,2931
430,4,0,5,20,10732620,3663,0,0,2935
431,10,0,10,15,10748160,3662,0,0,2945
432,9,0,8,17,10778100,3658,0,0,2954
433,2,0,6,19,10794420,3659,0,0,2956
434,5,0,7,18,10815840,3661,0,0,2961
435,5,0,4,21,10849980,3663,0,0,2966
436,4,0,3,22,10876380,3665,0,0,2970
437,6,0,6,19,10883700,3664,0,0,2976
438,7,0,4,21,10905480,3660,0,0,2983
439,3,0,4,21,10919340,3661,0,0,2986
440,6,0,5,20,10929600,3659,0,0,2992
441,6,0,7,18,10953000,3661,0,0,2998
442,9,0,9,16,10975380,3660,0,0,3007
443,11,0,12,13,11009700,3662,0,0,3018
444,11,0,15,10,11032980,3660,0,0,3029
445,12,0,13,12,11102400,3666,0,0,3041
446,8,0,8,17,11149860,3666,0,0,3049
447,9,0,8,17,11186460,3667,0,0,3058
448,8,0,10,15,11205000,3666,0,0,3066
449,6,0,5,20,11253720,3669,0,0,3072
450,6,0,8,17,11265060,3669,0,0,3078
451,8,0,9,16,11299620,3672,0,0,3086
452,4,0,3,22,11334960,3671,0,0,3090
453,3,0,2,23,11343780,3669,0,0,3093
454,2,0,2,23,11350020,3669,0,0,3095
455,6,0,6,19,11354880,3668,0,0,3101
456,4,0,5,20,11369880,3667,0,0,3105
457,6,0,4,21,11394900,3667,0,0,3111
458,3,0,3,22,11411460,3668,0,0,3114
459,3,0,3,22,11427540,3669,0,0,3117
460,9,0,8,17,11432700,3666,0,0,3126
461,5,0,6,19,11469720,3670,0,0,3131
462,6,0,7,18,11496240,3672,0,0,3137
463,5,0,4,21,11518260,3670,0,0,3142
464,4,0,4,21,11529720,3669,0,0,3146
465,9,0,9,16,11540160,3668,0,0,3155
466,6,0,7,18,11572080,3669,0,0,3161
467,7,0,6,19,11606400,3670,0,0,3168
468,9,0,9,16,11621640,3668,0,0,3177
469,8,0,8,17,11648280,3666,0,0,3185
470,4,0,7,18,11667000,3666,0,0,3189
471,4,0,5,20,11706900,3672,0,0,3193
472,9,0,9,16,11731500,3674,0,0,3202
473,7,0,6,19,11764080,3672,0,0,3209
474,10,0,9,16,11775000,3668,0,0,3219
475,3,0,4,21,11807940,3669,0,0,3222
476,5,0,3,22,11829600,3669,0,0,3227
477,5,0,5,20,11833080,3666,0,0,3232
478,3,0,4,21,11854500,3668,0,0,3235
479,7,0,4,21,11874900,3667,0,0,3242
480,2,0,4,21,11880720,3666,0,0,3244
481,4,0,6,19,11888700,3667,0,0,3248
482,6,0,6,19,11910720,3667,0,0,3254
483,4,0,1,24,11937360,3665,0,0,3258
484,7,0,6,19,11940720,3663,0,0,3265
485,6,0,4,21,11971020,3664,0,0,3271
486,4,0,4,21,11977620,3661,0,0,3275
487,6,0,4,21,11999340,3661,0,0,3281
488,13,0,11,14,12016980,3660,0,0,3294
489,6,0,5,20,12051780,3657,0,0,3300
490,11,0,7,18,12077880,3655,0,0,3311
491,10,0,10,15,12095940,3653,0,0,3321
492,12,0,10,15,12131580,3650,0,0,3333
493,9,0,7,18,12176220,3651,0,0,3342
494,7,0,4,21,12199260,3647,0,0,3349
495,12,0,9,16,12209460,3642,0,0,3361
496,13,0,13,12,12231240,3639,0,0,3374
497,8,0,10,15,12277740,3641,0,0,3382
498,16,0,11,14,12322080,3638,0,0,3398
499,8,0,9,16,12349620,3635,0,0,3406
500,8,0,11,14,12373080,3635,0,0,3414
501,2,0,3,22,12421080,3639,0,0,3416
502,10,0,9,16,12437520,3639,0,0,3426
503,5,0,8,17,12458640,3639,0,0,3431
504,4,0,3,22,12491520,3639,0,0,3435
505,4,0,1,24,12503760,3636,0,0,3439
506,7,0,5,20,12505620,3634,0,0,3446
507,7,0,7,18,12516720,3632,0,0,3453
508,2,0,4,21,12547140,3635,0,0,3455
509,6,0,6,19,12568740,3637,0,0,3461
510,4,0,5,20,12579540,3635,0,0,3465
511,2,0,2,23,12607080,3638,0,0,3467
512,5,0,4,21,12609360,3635,0,0,3472
513,4,0,4,21,12625440,3636,0,0,3476
514,12,0,11,14,12639480,3635,0,0,3488
515,5,0,6,19,12675600,3635,0,0,3493
516,5,0,5,20,12700140,3635,0,0,3498
517,13,0,7,18,12730080,3633,0,0,3511
518,5,0,8,17,12749940,3634,0,0,3516
519,8,0,6,19,12782820,3633,0,0,3524
520,5,0,5,20,12801480,3632,0,0,3529
521,7,0,5,20,12831900,3634,0,0,3536
522,5,0,3,22,12847500,3631,0,0,3541
523,5,0,3,22,12864420,3630,0,0,3546
524,5,0,4,21,12871860,3628,0,0,3551
525,4,0,3,22,12887160,3628,0,0,3555
526,6,0,6,19,12895380,3627,0,0,3561
527,7,0,6,19,12914820,3625,0,0,3568
528,5,0,7,18,12933060,3626,0,0,3573
529,3,0,3,22,12968760,3629,0,0,3576
530,5,0,5,20,12979560,3629,0,0,3581
531,5,0,2,23,13003500,3628,0,0,3586
532,5,0,5,20,13009140,3627,0,0,3591
533,4,0,6,19,13016820,3626,0,0,3595
534,6,0,5,20,13044780,3627,0,0,3601
535,6,0,6,19,13060500,3626,0,0,3607
536,5,0,2,23,13080000,3623,0,0,3612
537,7,0,3,22,13090740,3620,0,0,3619
538,6,0,6,19,13096200,3618,0,0,3625
539,11,0,7,18,13120500,3615,0,0,3636
540,2,0,3,22,13151820,3618,0,0,3638
541,7,0,8,17,13160220,3618,0,0,3645
542,10,0,11,14,13172460,3614,0,0,3655
543,11,0,10,15,13225560,3617,0,0,3666
544,9,0,11,14,13249140,3616,0,0,3675
545,9,0,9,16,13296660,3618,0,0,3684
546,8,0,7,18,13326600,3616,0,0,3692
547,6,0,5,20,13351140,3615,0,0,3698
548,5,0,3,22,13374120,3614,0,0,3703
549,3,0,3,22,13383900,3614,0,0,3706
550,4,0,1,24,13399320,3612,0,0,3710
551,2,0,2,23,13399740,3611,0,0,3712
552,6,0,6,19,13413060,3613,0,0,3718
553,4,0,6,19,13420740,3611,0,0,3722
554,3,0,2,23,13449180,3612,0,0,3725
555,7,0,7,18,13457760,3612,0,0,3732
556,4,0,6,19,13476720,3613,0,0,3736
557,0,0,2,23,13493160,3613,0,0,3736
558,7,0,6,19,13509240,3614,0,0,3743
559,11,0,8,17,13523100,3610,0,0,3754
560,14,0,15,10,13545840,3609,0,0,3768
561,2,0,7,18,13594860,3612,0,0,3770
562,5,0,4,21,13641540,3617,0,0,3775
563,5,0,5,20,13648920,3615,0,0,3780
564,10,0,6,19,13678200,3614,0,0,3790
565,7,0,9,16,13691040,3614,0,0,3797
566,11,0,11,14,13724340,3614,0,0,3808
567,7,0,8,17,13764600,3615,0,0,3815
568,7,0,5,20,13804920,3616,0,0,3822
569,10,0,7,18,13829280,3615,0,0,3832
570,8,0,8,17,13841880,3612,0,0,3840
571,7,0,8,17,13858080,3609,0,0,3847
572,9,0,10,15,13890240,3611,0,0,3856
573,4,0,4,21,13926840,3611,0,0,3860
574,6,0,4,21,13950240,3612,0,0,3866
575,4,0,3,22,13969200,3612,0,0,3870
576,2,0,3,22,13975500,3612,0,0,3872
577,9,0,7,18,13990500,3611,0,0,3881
578,3,0,8,17,13997220,3611,0,0,3884
579,11,0,10,15,14029920,3611,0,0,3895
580,3,0,5,20,14070540,3614,0,0,3898
581,9,0,10,15,14082840,3613,0,0,3907
582,14,0,13,12,14121960,3613,0,0,3921
583,7,0,12,13,14147460,3612,0,0,3928
584,7,0,7,18,14207220,3616,0,0,3935
585,5,0,8,17,14230380,3619,0,0,3940
586,7,0,11,14,14252160,3620,0,0,3947
587,11,0,11,14,14292540,3621,0,0,3958
588,6,0,13,12,14313840,3622,0,0,3964
589,10,0,7,18,14374080,3623,0,0,3974
590,13,0,12,13,14407200,3624,0,0,3987
591,9,0,10,15,14437020,3621,0,0,3996
592,11,0,8,17,14481360,3621,0,0,4007
593,14,0,13,12,14523060,3623,0,0,4021
594,6,0,9,16,14565060,3624,0,0,4027
595,9,0,9,16,14600940,3625,0,0,4036
596,5,0,6,19,14634240,3626,0,0,4041
597,8,0,7,18,14659920,3626,0,0,4049
598,3,0,6,19,14671080,3626,0,0,4052
599,9,0,6,19,14703120,3625,0,0,4061
600,10,0,5,20,14725860,3621,0,0,4071
601,1,0,2,23,14743020,3622,0,0,4072
602,4,0,2,23,14759340,3622,0,0,4076
603,6,0,2,23,14767440,3619,0,0,4082
604,3,0,2,23,14778900,3619,0,0,4085
605,6,0,6,19,14784240,3619,0,0,4091
606,4,0,4,21,14800260,3617,0,0,4095
607,13,0,10,15,14819400,3616,0,0,4108
608,11,0,13,12,14851380,3616,0,0,4119
609,11,0,14,11,14898120,3619,0,0,4130
610,7,0,6,19,14940360,3616,0,0,4137
611,9,0,5,20,14979540,3617,0,0,4146
612,8,0,6,19,14996220,3615,0,0,4154
613,10,0,7,18,15019140,3612,0,0,4164
614,8,0,9,16,15045360,3614,0,0,4172
615,8,0,11,14,15067140,3614,0,0,4180
616,7,0,7,18,15117480,3616,0,0,4187
617,6,0,7,18,15149700,3619,0,0,4193
618,9,0,8,17,15179580,3619,0,0,4202
619,11,0,13,12,15194820,3617,0,0,4213
620,5,0,5,20,15249300,3619,0,0,4218
621,9,0,9,16,15262800,3618,0,0,4227
622,8,0,5,20,15309240,3619,0,0,4235
623,7,0,6,19,15323940,3617,0,0,4242
624,4,0,7,18,15337260,3618,0,0,4246
625,4,0,4,21,15357420,3616,0,0,4250
626,3,0,3,22,15383460,3619,0,0,4253
627,8,0,9,16,15389580,3619,0,0,4261
628,4,0,4,21,15425520,3620,0,0,4265
629,6,0,6,19,15447660,3621,0,0,4271
630,4,0,8,17,15449340,3620,0,0,4275
631,3,0,3,22,15488940,3623,0,0,4278
632,9,0,8,17,15504480,3623,0,0,4287
633,7,0,13,12,15511080,3623,0,0,4294
634,4,0,9,16,15553500,3626,0,0,4298
635,9,0,10,15,15593220,3628,0,0,4307
636,10,0,12,13,15623580,3629,0,0,4317
637,10,0,11,14,15675720,3632,0,0,4327
638,14,0,14,11,15717660,3632,0,0,4341
639,8,0,15,10,15751500,3634,0,0,4349
640,9,0,9,16,15812760,3635,0,0,4358
641,7,0,9,16,15840060,3636,0,0,4365
642,9,0,11,14,15867000,3636,0,0,4374
643,5,0,9,16,15898560,3638,0,0,4379
644,6,0,10,15,15926460,3640,0,0,4385
645,9,0,9,16,15965160,3640,0,0,4394
646,8,0,6,19,16009860,3641,0,0,4402
647,2,0,2,23,16038240,3643,0,0,4404
648,4,0,2,23,16048200,3642,0,0,4408
649,5,0,6,19,16057620,3643,0,0,4413
650,1,0,4,21,16072800,3644,0,0,4414
651,4,0,2,23,16091640,3643,0,0,4418
652,1,0,2,23,16099680,3644,0,0,4419
653,6,0,6,19,16108560,3645,0,0,4425
654,6,0,10,15,16115100,3645,0,0,4431
655,8,0,7,18,16166880,3647,0,0,4439
656,11,0,10,15,16185180,3645,0,0,4450
657,7,0,9,16,16216380,3645,0,0,4457
658,3,0,4,21,16258020,3648,0,0,4460
659,15,0,12,13,16275240,3646,0,0,4475
660,8,0,13,12,16296300,3645,0,0,4483
661,7,0,8,17,16347900,3647,0,0,4490
662,8,0,10,15,16376280,3648,0,0,4498
663,13,0,14,11,16422540,3651,0,0,4511
664,5,0,6,19,16462080,3650,0,0,4516
665,8,0,5,20,16490580,3649,0,0,4524
666,5,0,4,21,16506120,3647,0,0,4529
667,3,0,2,23,16527480,3648,0,0,4532
668,11,0,6,19,16540920,3645,0,0,4543
669,5,0,7,18,16556280,3645,0,0,4548
670,3,0,3,22,16590960,3647,0,0,4551
671,3,0,5,20,16596180,3648,0,0,4554
672,2,0,2,23,16618440,3649,0,0,4556
673,2,0,2,23,16622640,3648,0,0,4558
674,5,0,5,20,16625580,3647,0,0,4563
675,3,0,5,20,16634400,3647,0,0,4566
676,6,0,6,19,16654560,3647,0,0,4572
677,10,0,6,19,16678140,3644,0,0,4582
678,9,0,10,15,16687380,3642,0,0,4591
679,6,0,9,16,16708080,3641,0,0,4597
680,9,0,9,16,16740000,3641,0,0,4606
681,7,0,8,17,16775100,3642,0,0,4613
682,9,0,8,17,16814280,3644,0,0,4622
683,7,0,9,16,16829700,3642,0,0,4629
684,6,0,7,18,16861320,3643,0,0,4635
685,7,0,7,18,16878660,3641,0,0,4642
686,8,0,10,15,16894860,3641,0,0,4650
687,12,0,15,10,16916940,3640,0,0,4662
688,15,0,15,10,16961940,3638,0,0,4677
689,2,0,7,18,17000400,3638,0,0,4679
690,7,0,7,18,17035080,3640,0,0,4686
691,3,0,6,19,17055780,3642,0,0,4689
692,7,0,4,21,17082540,3640,0,0,4696
693,6,0,4,21,17095980,3638,0,0,4702
694,4,0,4,21,17101740,3637,0,0,4706
695,2,0,3,22,17112360,3637,0,0,4708
696,3,0,3,22,17127240,3637,0,0,4711
697,4,0,5,20,17129820,3636,0,0,4715
698,6,0,5,20,17147580,3636,0,0,4721
699,5,0,7,18,17155140,3635,0,0,4726
700,5,0,8,17,17169720,3635,0,0,4731
701,4,0,6,19,17203380,3637,0,0,4735
702,10,0,12,13,17220420,3638,0,0,4745
703,5,0,8,17,17250300,3637,0,0,4750
704,6,0,9,16,17276580,3639,0,0,4756
705,7,0,9,16,17308500,3640,0,0,4763
706,2,0,5,20,17342700,3643,0,0,4765
707,5,0,6,19,17361240,3644,0,0,4770
708,4,0,6,19,17376120,3644,0,0,4774
709,5,0,6,19,17389320,3643,0,0,4779
710,12,0,12,13,17406900,3642,0,0,4791
711,8,0,12,13,17432760,3641,0,0,4799
712,8,0,14,11,17456160,3642,0,0,4807
713,11,0,9,16,17528340,3644,0,0,4818
714,9,0,10,15,17557800,3644,0,0,4827
715,8,0,9,16,17591040,3645,0,0,4835
716,10,0,9,16,17620260,3643,0,0,4845
717,8,0,10,15,17641440,3642,0,0,4853
718,3,0,6,19,17673960,3644,0,0,4856
719,2,0,5,20,17687580,3644,0,0,4858
720,4,0,6,19,17707980,3646,0,0,4862
721,2,0,3,22,17721780,3645,0,0,4864
722,3,0,2,23,17738760,3646,0,0,4867
723,1,0,3,22,17738760,3646,0,0,4868
724,4,0,5,20,17746920,3646,0,0,4872
725,5,0,7,18,17758260,3646,0,0,4877
726,8,0,8,17,17774340,3644,0,0,4885
727,7,0,6,19,17802300,3643,0,0,4892
728,7,0,6,19,17831460,3644,0,0,4899
729,7,0,9,16,17842380,3643,0,0,4906
730,7,0,8,17,17878380,3644,0,0,4913
731,7,0,7,18,17902140,3643,0,0,4920
732,8,0,11,14,17920440,3644,0,0,4928
733,5,0,7,18,17949480,3643,0,0,4933
734,9,0,8,17,17988840,3645,0,0,4942
735,6,0,10,15,17994480,3644,0,0,4948
736,13,0,17,8,18019140,3644,0,0,4961
737,8,0,14,11,18062280,3645,0,0,4969
738,5,0,7,18,18126780,3649,0,0,4974
739,4,0,6,19,18151980,3650,0,0,4978
740,3,0,4,21,18167700,3650,0,0,4981
741,8,0,6,19,18188280,3650,0,0,4989
742,6,0,8,17,18198960,3649,0,0,4995
743,7,0,9,16,18224820,3650,0,0,5002
744,2,0,3,22,18256020,3650,0,0,5004
745,2,0,3,22,18263880,3650,0,0,5006
746,7,0,8,17,18273720,3651,0,0,5013
747,4,0,3,22,18297060,3649,0,0,5017
748,5,0,7,18,18303360,3649,0,0,5022
749,4,0,5,20,18329520,3650,0,0,5026
750,6,0,7,18,18338220,3649,0,0,5032
751,4,0,6,19,18352320,3648,0,0,5036
752,7,0,10,15,18366360,3649,0,0,5043
753,8,0,7,18,18398460,3647,0,0,5051
754,6,0,8,17,18413460,3646,0,0,5057
755,16,0,13,12,18441300,3644,0,0,5073
756,6,0,11,14,18475980,3645,0,0,5079
757,9,0,9,16,18515760,3645,0,0,5088
758,16,0,13,12,18553800,3644,0,0,5104
759,10,0,15,10,18586200,3645,0,0,5114
760,5,0,6,19,18644760,3646,0,0,5119
761,6,0,7,18,18666180,3647,0,0,5125
762,12,0,13,12,18687960,3647,0,0,5137
763,3,0,8,17,18725640,3648,0,0,5140
764,3,0,6,19,18752880,3650,0,0,5143
765,6,0,3,22,18783360,3650,0,0,5149
766,5,0,5,20,18795300,3650,0,0,5154
767,4,0,6,19,18805140,3650,0,0,5158
768,3,0,5,20,18824700,3651,0,0,5161
769,3,0,3,22,18839280,3650,0,0,5164
770,7,0,7,18,18847440,3649,0,0,5171
771,3,0,6,19,18865560,3650,0,0,5174
772,3,0,5,20,18887100,3651,0,0,5177
773,7,0,4,21,18909840,3650,0,0,5184
774,6,0,6,19,18916200,3648,0,0,5190
775,11,0,11,14,18932760,3647,0,0,5201
776,5,0,7,18,18963360,3647,0,0,5206
777,13,0,11,14,18995520,3647,0,0,5219
778,7,0,12,13,19017120,3647,0,0,5226
779,7,0,9,16,19053180,3647,0,0,5233
780,10,0,9,16,19079040,3645,0,0,5243
781,4,0,3,22,19119780,3646,0,0,5247
782,11,0,8,17,19138860,3645,0,0,5258
783,8,0,7,18,19162260,3643,0,0,5266
784,6,0,8,17,19168500,3641,0,0,5272
785,9,0,12,13,19193400,3642,0,0,5281
786,3,0,8,17,19232400,3645,0,0,5284
787,11,0,11,14,19263660,3645,0,0,5295
788,7,0,8,17,19300740,3645,0,0,5302
789,5,0,6,19,19323960,3645,0,0,5307
790,2,0,6,19,19340340,3647,0,0,5309
791,4,0,5,20,19367040,3648,0,0,5313
792,4,0,5,20,19388520,3649,0,0,5317
793,7,0,8,17,19398300,3649,0,0,5324
794,3,0,5,20,19423800,3649,0,0,5327
795,0,0,1,24,19446900,3651,0,0,5327
796,3,0,3,22,19447500,3650,0,0,5330
797,6,0,6,19,19454760,3650,0,0,5336
798,5,0,11,14,19454760,3650,0,0,5341
799,10,0,8,17,19499760,3649,0,0,5351
800,11,0,13,12,19517160,3648,0,0,5362
801,11,0,7,18,19561920,3645,0,0,5373
802,7,0,7,18,19575780,3643,0,0,5380
803,5,0,6,19,19609140,3645,0,0,5385
804,7,0,7,18,19620900,3643,0,0,5392
805,12,0,12,13,19646520,3643,0,0,5404
806,8,0,12,13,19665600,3641,0,0,5412
807,6,0,7,18,19713240,3643,0,0,5418
808,8,0,9,16,19731480,3642,0,0,5426
809,8,0,9,16,19771080,3644,0,0,5434
810,5,0,6,19,19797840,3643,0,0,5439
811,5,0,4,21,19821900,3643,0,0,5444
812,9,0,10,15,19827120,3642,0,0,5453
813,7,0,12,13,19843680,3642,0,0,5460
814,5,0,9,16,19881000,3643,0,0,5465
815,5,0,6,19,19922100,3646,0,0,5470
816,6,0,5,20,19944120,3645,0,0,5476
817,5,0,7,18,19951380,3644,0,0,5481
818,8,0,7,18,19968960,3642,0,0,5489
819,5,0,8,17,19992300,3644,0,0,5494
820,8,0,9,16,20019120,3644,0,0,5502
821,7,0,8,17,20050560,3644,0,0,5509
822,3,0,4,21,20081040,3645,0,0,5512
823,5,0,5,20,20088360,3644,0,0,5517
824,8,0,8,17,20106480,3644,0,0,5525
825,4,0,6,19,20128020,3644,0,0,5529
826,6,0,9,16,20148300,3646,0,0,5535
827,9,0,11,14,20172420,3645,0,0,5544
828,15,0,13,12,20204700,3643,0,0,5559
829,9,0,7,18,20255400,3642,0,0,5568
830,11,0,9,16,20275140,3640,0,0,5579
831,10,0,14,11,20296320,3640,0,0,5589
832,7,0,12,13,20333040,3641,0,0,5596
833,10,0,8,17,20392380,3642,0,0,5606
834,12,0,10,15,20412540,3639,0,0,5618
835,6,0,7,18,20455380,3641,0,0,5624
836,7,0,7,18,20478540,3641,0,0,5631
837,5,0,5,20,20514120,3643,0,0,5636
838,3,0,5,20,20516460,3641,0,0,5639
839,5,0,7,18,20531280,3642,0,0,5644
840,5,0,6,19,20556180,3642,0,0,5649
841,3,0,5,20,20564640,3641,0,0,5652
842,4,0,7,18,20578740,3642,0,0,5656
843,5,0,4,21,20602500,3641,0,0,5661
844,5,0,5,20,20620500,3642,0,0,5666
845,3,0,5,20,20630460,3642,0,0,5669
846,2,0,3,22,20643180,3642,0,0,5671
847,5,0,4,21,20655180,3641,0,0,5676
848,6,0,5,20,20667420,3640,0,0,5682
849,9,0,9,16,20678580,3639,0,0,5691
850,9,0,10,15,20703600,3638,0,0,5700
851,5,0,7,18,20730180,3638,0,0,5705
852,11,0,12,13,20750040,3637,0,0,5716
853,8,0,6,19,20798640,3637,0,0,5724
854,9,0,10,15,20819700,3637,0,0,5733
855,6,0,9,16,20848980,3638,0,0,5739
856,8,0,9,16,20875860,3638,0,0,5747
857,10,0,8,17,20914500,3637,0,0,5757
858,10,0,8,17,20936220,3635,0,0,5767
859,8,0,12,13,20961360,3637,0,0,5775
860,7,0,6,19,21008760,3637,0,0,5782
861,5,0,7,18,21026580,3637,0,0,5787
862,9,0,13,12,21042540,3638,0,0,5796
863,3,0,8,17,21085740,3641,0,0,5799
864,5,0,6,19,21116400,3642,0,0,5804
865,10,0,6,19,21150840,3641,0,0,5814
866,4,0,5,20,21163080,3640,0,0,5818
867,2,0,5,20,21169200,3640,0,0,5820
868,6,0,6,19,21187620,3640,0,0,5826
869,6,0,9,16,21193080,3639,0,0,5832
870,5,0,8,17,21221520,3640,0,0,5837
871,6,0,6,19,21252600,3641,0,0,5843
872,6,0,8,17,21268200,3641,0,0,5849
873,8,0,10,15,21294000,3641,0,0,5857
874,7,0,9,16,21328020,3642,0,0,5864
875,5,0,9,16,21351240,3643,0,0,5869
876,10,0,10,15,21397140,3645,0,0,5879
877,11,0,13,12,21417360,3644,0,0,5890
878,11,0,12,13,21474480,3646,0,0,5901
879,6,0,11,14,21503940,3647,0,0,5907
880,10,0,11,14,21554160,3649,0,0,5917
881,5,0,7,18,21582420,3648,0,0,5922
882,5,0,5,20,21609480,3649,0,0,5927
883,8,0,7,18,21621000,3647,0,0,5935
884,9,0,10,15,21632160,3645,0,0,5944
885,7,0,9,16,21666960,3646,0,0,5951
886,9,0,11,14,21689280,3645,0,0,5960
887,6,0,8,17,21728280,3646,0,0,5966
888,8,0,11,14,21749220,3647,0,0,5974
889,2,0,5,20,21781080,3647,0,0,5976
890,7,0,8,17,21803640,3649,0,0,5983
891,2,0,4,21,21816540,3647,0,0,5985
892,4,0,4,21,21836040,3648,0,0,5989
893,1,0,2,23,21846660,3648,0,0,5990
894,5,0,4,21,21852780,3647,0,0,5995
895,11,0,12,13,21862560,3647,0,0,6006
896,5,0,8,17,21894840,3647,0,0,6011
897,9,0,10,15,21912420,3645,0,0,6020
898,10,0,14,11,21935040,3646,0,0,6030
899,1,0,8,17,21976320,3648,0,0,6031
900,8,0,5,20,22032240,3651,0,0,6039
901,7,0,10,15,22037940,3651,0,0,6046
902,6,0,6,19,22067520,3649,0,0,6052
903,9,0,10,15,22089240,3650,0,0,6061
904,10,0,12,13,22116360,3650,0,0,6071
905,9,0,9,16,22173240,3652,0,0,6080
906,7,0,12,13,22187340,3652,0,0,6087
907,8,0,7,18,22227660,3651,0,0,6095
908,10,0,10,15,22251240,3650,0,0,6105
909,2,0,5,20,22277940,3650,0,0,6107
910,4,0,4,21,22304820,3652,0,0,6111
911,4,0,6,19,22318140,3653,0,0,6115
912,3,0,4,21,22340280,3653,0,0,6118
913,4,0,4,21,22348980,3652,0,0,6122
914,7,0,8,17,22362600,3653,0,0,6129
915,6,0,5,20,22383360,3651,0,0,6135
916,2,0,3,22,22399800,3651,0,0,6137
917,6,0,7,18,22403700,3651,0,0,6143
918,6,0,5,20,22432860,3651,0,0,6149
919,8,0,5,20,22442340,3647,0,0,6157
920,5,0,7,18,22457040,3648,0,0,6162
921,7,0,10,15,22464240,3647,0,0,6169
922,9,0,9,16,22506900,3648,0,0,6178
923,12,0,15,10,22525440,3647,0,0,6190
924,11,0,14,11,22569720,3647,0,0,6201
925,10,0,12,13,22612680,3647,0,0,6211
926,6,0,6,19,22654920,3647,0,0,6217
927,7,0,7,18,22674960,3647,0,0,6224
928,11,0,8,17,22694760,3644,0,0,6235
929,8,0,9,16,22723320,3645,0,0,6243
930,8,0,9,16,22746060,3644,0,0,6251
931,5,0,8,17,22762920,3643,0,0,6256
932,7,0,5,20,22804260,3644,0,0,6263
933,6,0,9,16,22812420,3644,0,0,6269
934,4,0,5,20,22844340,3644,0,0,6273
935,6,0,6,19,22868040,3645,0,0,6279
936,2,0,5,20,22885380,3646,0,0,6281
937,7,0,8,17,22903320,3647,0,0,6288
938,6,0,9,16,22915980,3646,0,0,6294
939,5,0,7,18,22953720,3648,0,0,6299
940,3,0,5,20,22978020,3649,0,0,6302
941,3,0,6,19,22985880,3649,0,0,6305
942,6,0,5,20,23012280,3649,0,0,6311
943,16,0,10,15,23034000,3646,0,0,6327
944,5,0,10,15,23048700,3645,0,0,6332
945,7,0,9,16,23088900,3647,0,0,6339
946,9,0,12,13,23119140,3648,0,0,6348
947,10,0,13,12,23154180,3649,0,0,6358
948,8,0,9,16,23203740,3650,0,0,6366
949,5,0,6,19,23227080,3649,0,0,6371
950,17,0,18,7,23237100,3647,0,0,6388
951,8,0,16,9,23282580,3649,0,0,6396
952,6,0,8,17,23355300,3652,0,0,6402
953,10,0,11,14,23377140,3652,0,0,6412
954,11,0,13,12,23400240,3650,0,0,6423
955,5,0,10,15,23434500,3651,0,0,6428
956,5,0,8,17,23466300,3652,0,0,6433
957,5,0,6,19,23509620,3655,0,0,6438
958,3,0,4,21,23530560,3655,0,0,6441
959,6,0,7,18,23541660,3655,0,0,6447
960,1,0,4,21,23555280,3655,0,0,6448
961,5,0,3,22,23580540,3655,0,0,6453
962,4,0,4,21,23585100,3654,0,0,6457
963,4,0,7,18,23587200,3654,0,0,6461
964,6,0,6,19,23609700,3654,0,0,6467
965,4,0,7,18,23631360,3655,0,0,6471
966,5,0,7,18,23650740,3656,0,0,6476
967,5,0,4,21,23684700,3656,0,0,6481
968,11,0,12,13,23690280,3655,0,0,6492
969,9,0,11,14,23724840,3655,0,0,6501
970,10,0,8,17,23766360,3654,0,0,6511
971,9,0,7,18,23799840,3654,0,0,6520
972,5,0,7,18,23825820,3655,0,0,6525
973,7,0,5,20,23854080,3654,0,0,6532
974,8,0,9,16,23861400,3653,0,0,6540
975,10,0,10,15,23886480,3652,0,0,6550
976,11,0,14,11,23914920,3652,0,0,6561
977,10,0,11,14,23961900,3652,0,0,6571
978,3,0,8,17,23994720,3654,0,0,6574
979,10,0,11,14,24028320,3655,0,0,6584
980,7,0,10,15,24054660,3655,0,0,6591
981,4,0,7,18,24091140,3656,0,0,6595
982,7,0,8,17,24109140,3656,0,0,6602
983,1,0,4,21,24134700,3657,0,0,6603
984,4,0,3,22,24155340,3657,0,0,6607
985,3,0,1,24,24164580,3656,0,0,6610
986,2,0,2,23,24166800,3656,0,0,6612
987,7,0,3,22,24176520,3654,0,0,6619
988,1,0,3,22,24182100,3654,0,0,6620
989,9,0,8,17,24193260,3654,0,0,6629
990,8,0,13,12,24202860,3653,0,0,6637
991,10,0,14,11,24239040,3654,0,0,6647
992,9,0,11,14,24297480,3656,0,0,6656
993,5,0,6,19,24334980,3656,0,0,6661
994,9,0,7,18,24366960,3657,0,0,6670
995,12,0,12,13,24384360,3655,0,0,6682
996,2,0,6,19,24416880,3656,0,0,6684
997,9,0,10,15,24437280,3656,0,0,6693
998,12,0,11,14,24475560,3656,0,0,6705
999,7,0,8,17,24507600,3655,0,0,6712
1000,8,0,11,14,24528180,3656,0,0,6720
1001,8,0,9,16,24562860,3655,0,0,6728
1002,6,0,10,15,24589200,3656,0,0,6734
1003,7,0,5,20,24629400,3656,0,0,6741
1004,7,0,7,18,24640500,3655,0,0,6748
1005,2,0,4,21,24656100,3654,0,0,6750
1006,2,0,4,21,24666900,3655,0,0,6752
1007,2,0,5,20,24671040,3655,0,0,6754
1008,7,0,7,18,24685080,3654,0,0,6761
1009,8,0,8,17,24701940,3653,0,0,6769
1010,3,0,7,18,24724200,3654,0,0,6772
1011,4,0,4,21,24760020,3656,0,0,6776
1012,7,0,7,18,24777720,3656,0,0,6783
1013,9,0,10,15,24787980,3654,0,0,6792
1014,8,0,11,14,24824400,3656,0,0,6800
1015,7,0,8,17,24861180,3656,0,0,6807
1016,9,0,9,16,24888840,3656,0,0,6816
1017,12,0,9,16,24918840,3654,0,0,6828
1018,7,0,10,15,24949380,3655,0,0,6835
1019,4,0,6,19,24980040,3655,0,0,6839
1020,7,0,7,18,25000380,3655,0,0,6846
1021,13,0,15,10,25024080,3656,0,0,6859
1022,9,0,14,11,25057680,3655,0,0,6868
1023,9,0,13,12,25110780,3658,0,0,6877
1024,3,0,6,19,25156200,3659,0,0,6880
1025,7,0,10,15,25172280,3660,0,0,6887
1026,8,0,8,17,25204920,3659,0,0,6895
1027,3,0,5,20,25224780,3659,0,0,6898
1028,1,0,4,21,25229340,3659,0,0,6899
1029,6,0,7,18,25244040,3659,0,0,6905
1030,5,0,5,20,25272360,3660,0,0,6910
1031,7,0,6,19,25281600,3658,0,0,6917
1032,8,0,10,15,25294320,3657,0,0,6925
1033,2,0,6,19,25326000,3659,0,0,6927
1034,7,0,7,18,25349460,3659,0,0,6934
1035,8,0,9,16,25380540,3660,0,0,6942
1036,4,0,10,15,25397880,3661,0,0,6946
1037,2,0,5,20,25438440,3663,0,0,6948
1038,6,0,7,18,25452420,3663,0,0,6954
1039,6,0,7,18,25479180,3664,0,0,6960
1040,10,0,11,14,25500720,3664,0,0,6970
1041,10,0,9,16,25533180,3662,0,0,6980
1042,7,0,11,14,25556760,3663,0,0,6987
1043,7,0,9,16,25595400,3664,0,0,6994
1044,6,0,9,16,25616460,3664,0,0,7000
1045,12,0,10,15,25659780,3664,0,0,7012
1046,6,0,5,20,25693560,3663,0,0,7018
1047,4,0,5,20,25707840,3663,0,0,7022
1048,7,0,9,16,25711500,3662,0,0,7029
1049,8,0,9,16,25739520,3662,0,0,7037
1050,7,0,10,15,25767000,3663,0,0,7044
1051,8,0,7,18,25814160,3664,0,0,7052
1052,7,0,7,18,25837260,3663,0,0,7059
1053,7,0,8,17,25856940,3663,0,0,7066
1054,3,0,5,20,25886220,3664,0,0,7069
1055,4,0,4,21,25902420,3664,0,0,7073
1056,6,0,5,20,25911660,3662,0,0,7079
1057,7,0,9,16,25928280,3663,0,0,7086
1058,1,0,4,21,25950600,3663,0,0,7087
1059,1,0,4,21,25957980,3664,0,0,7088
1060,8,0,6,19,25976160,3663,0,0,7096
1061,6,0,9,16,25986540,3663,0,0,7102
1062,8,0,11,14,26009220,3663,0,0,7110
1063,13,0,14,11,26046600,3663,0,0,7123
1064,4,0,6,19,26095200,3664,0,0,7127
1065,7,0,9,16,26106960,3664,0,0,7134
1066,9,0,9,16,26140020,3664,0,0,7143
1067,5,0,5,20,26176860,3664,0,0,7148
1068,2,0,2,23,26193600,3664,0,0,7150
1069,7,0,6,19,26197500,3663,0,0,7157
1070,7,0,8,17,26208000,3662,0,0,7164
1071,6,0,6,19,26230140,3661,0,0,7170
1072,8,0,9,16,26248200,3661,0,0,7178
1073,5,0,5,20,26281440,3661,0,0,7183
1074,7,0,4,21,26298060,3659,0,0,7190
1075,10,0,9,16,26313900,3659,0,0,7200
1076,11,0,9,16,26339100,3657,0,0,7211
1077,5,0,6,19,26368260,3657,0,0,7216
1078,2,0,4,21,26388600,3657,0,0,7218
1079,6,0,8,17,26395200,3657,0,0,7224
1080,6,0,7,18,26418600,3657,0,0,7230
1081,5,0,8,17,26430180,3657,0,0,7235
1082,1,0,5,20,26448420,3657,0,0,7236
1083,10,0,8,17,26474580,3657,0,0,7246
1084,7,0,9,16,26501160,3658,0,0,7253
1085,1,0,4,21,26527200,3658,0,0,7254
1086,5,0,4,21,26546100,3659,0,0,7259
1087,6,0,6,19,26555460,3658,0,0,7265
1088,11,0,11,14,26570820,3657,0,0,7276
1089,4,0,5,20,26603100,3656,0,0,7280
1090,4,0,7,18,26612100,3657,0,0,7284
1091,8,0,4,21,26640360,3655,0,0,7292
1092,11,0,13,12,26648280,3655,0,0,7303
1093,11,0,11,14,26680680,3653,0,0,7314
1094,11,0,11,14,26723520,3653,0,0,7325
1095,8,0,10,15,26754960,3653,0,0,7333
1096,9,0,8,17,26795280,3653,0,0,7342
1097,5,0,7,18,26820780,3654,0,0,7347
1098,9,0,10,15,26852100,3655,0,0,7356
1099,6,0,10,15,26871000,3654,0,0,7362
1100,5,0,6,19,26915520,3656,0,0,7367
1101,5,0,5,20,26938380,3656,0,0,7372
1102,4,0,6,19,26949480,3656,0,0,7376
1103,3,0,4,21,26969760,3656,0,0,7379
1104,6,0,8,17,26983500,3657,0,0,7385
1105,4,0,7,18,26999400,3657,0,0,7389
1106,5,0,6,19,27022260,3657,0,0,7394
1107,6,0,10,15,27025200,3656,0,0,7400
1108,5,0,7,18,27054000,3656,0,0,7405
1109,3,0,6,19,27075960,3657,0,0,7408
1110,5,0,6,19,27090720,3657,0,0,7413
1111,7,0,9,16,27109740,3658,0,0,7420
1112,6,0,9,16,27142320,3659,0,0,7426
1113,6,0,7,18,27175800,3660,0,0,7432
1114,3,0,6,19,27194400,3660,0,0,7435
1115,10,0,6,19,27221580,3659,0,0,7445
1116,4,0,7,18,27234180,3659,0,0,7449
1117,11,0,7,18,27266940,3658,0,0,7460
1118,11,0,9,16,27291540,3657,0,0,7471
1119,9,0,9,16,27316440,3656,0,0,7480
1120,7,0,7,18,27352140,3656,0,0,7487
1121,7,0,5,20,27384660,3656,0,0,7494
1122,7,0,8,17,27402480,3657,0,0,7501
1123,5,0,8,17,27413280,3656,0,0,7506
1124,10,0,10,15,27435720,3655,0,0,7516
1125,5,0,7,18,27464040,3655,0,0,7521
1126,8,0,11,14,27485040,3655,0,0,7529
1127,3,0,6,19,27523860,3657,0,0,7532
1128,4,0,5,20,27545760,3657,0,0,7536
1129,5,0,6,19,27557040,3657,0,0,7541
1130,3,0,6,19,27571380,3657,0,0,7544
1131,4,0,6,19,27589080,3658,0,0,7548
1132,12,0,7,18,27616320,3656,0,0,7560
1133,10,0,12,13,27632040,3655,0,0,7570
1134,6,0,10,15,27670260,3657,0,0,7576
1135,9,0,4,21,27728160,3657,0,0,7585
1136,10,0,5,20,27746580,3655,0,0,7595
1137,13,0,14,11,27753300,3654,0,0,7608
1138,8,0,13,12,27790260,3655,0,0,7616
1139,14,0,15,10,27831420,3654,0,0,7630
1140,11,0,11,14,27876060,3653,0,0,7641
1141,6,0,9,16,27891600,3651,0,0,7647
1142,10,0,11,14,27928380,3652,0,0,7657
1143,8,0,9,16,27972660,3653,0,0,7665
1144,10,0,11,14,28000440,3653,0,0,7675
1145,4,0,6,19,28031100,3653,0,0,7679
1146,10,0,7,18,28044540,3650,0,0,7689
1147,5,0,8,17,28066260,3651,0,0,7694
1148,6,0,4,21,28107660,3652,0,0,7700
1149,6,0,7,18,28112940,3651,0,0,7706
1150,3,0,4,21,28138020,3651,0,0,7709
1151,3,0,4,21,28145580,3651,0,0,7712
1152,7,0,6,19,28160940,3651,0,0,7719
1153,7,0,8,17,28178820,3651,0,0,7726
1154,7,0,5,20,28209000,3650,0,0,7733
1155,6,0,10,15,28209720,3649,0,0,7739
1156,5,0,9,16,28233900,3650,0,0,7744
1157,11,0,12,13,28258860,3649,0,0,7755
1158,0,0,3,22,28308780,3651,0,0,7755
1159,4,0,3,22,28322940,3651,0,0,7759
1160,6,0,4,21,28332180,3650,0,0,7765
1161,7,0,8,17,28341840,3650,0,0,7772
1162,7,0,10,15,28359300,3650,0,0,7779
1163,11,0,13,12,28375740,3648,0,0,7790
1164,8,0,12,13,28428000,3651,0,0,7798
1165,7,0,8,17,28482300,3652,0,0,7805
1166,9,0,12,13,28502820,3653,0,0,7814
1167,13,0,15,10,28539720,3653,0,0,7827
1168,9,0,15,10,28569120,3652,0,0,7836
1169,7,0,9,16,28620420,3653,0,0,7843
1170,11,0,10,15,28672320,3655,0,0,7854
1171,8,0,8,17,28702260,3654,0,0,7862
1172,3,0,4,21,28735440,3655,0,0,7865
1173,5,0,6,19,28743000,3655,0,0,7870
1174,1,0,4,21,28755780,3655,0,0,7871
1175,7,0,5,20,28767840,3653,0,0,7878
1176,6,0,9,16,28773060,3653,0,0,7884
1177,5,0,6,19,28795680,3652,0,0,7889
1178,4,0,4,21,28820640,3653,0,0,7893
1179,4,0,5,20,28830600,3653,0,0,7897
1180,1,0,5,20,28833600,3653,0,0,7898
1181,3,0,3,22,28855500,3653,0,0,7901
1182,6,0,7,18,28862280,3653,0,0,7907
1183,12,0,11,14,28876980,3651,0,0,7919
1184,3,0,6,19,28905540,3651,0,0,7922
1185,5,0,6,19,28924680,3651,0,0,7927
1186,13,0,12,13,28952340,3651,0,0,7940
1187,9,0,10,15,28979340,3650,0,0,7949
1188,5,0,5,20,29025060,3651,0,0,7954
1189,10,0,9,16,29038260,3650,0,0,7964
1190,14,0,14,11,29074320,3650,0,0,7978
1191,10,0,10,15,29112960,3649,0,0,7988
1192,8,0,8,17,29143680,3648,0,0,7996
1193,3,0,7,18,29163720,3649,0,0,7999
1194,7,0,6,19,29194020,3649,0,0,8006
1195,8,0,10,15,29201820,3648,0,0,8014
1196,4,0,7,18,29234400,3649,0,0,8018
1197,3,0,4,21,29260680,3649,0,0,8021
1198,4,0,6,19,29270100,3650,0,0,8025
1199,8,0,7,18,29288340,3649,0,0,8033
1200,5,0,5,20,29317740,3649,0,0,8038
1201,1,0,1,24,29338980,3650,0,0,8039
1202,3,0,3,22,29339700,3649,0,0,8042
1203,4,0,4,21,29346060,3649,0,0,8046
1204,5,0,4,21,29366040,3649,0,0,8051
1205,5,0,3,22,29377200,3647,0,0,8056
1206,9,0,7,18,29387940,3647,0,0,8065
1207,8,0,6,19,29408520,3645,0,0,8073
1208,13,0,12,13,29422260,3644,0,0,8086
1209,3,0,7,18,29450400,3643,0,0,8089
1210,6,0,8,17,29475660,3644,0,0,8095
1211,7,0,10,15,29496180,3645,0,0,8102
1212,14,0,15,10,29526060,3644,0,0,8116
1213,10,0,12,13,29583840,3646,0,0,8126
1214,17,0,16,9,29631060,3646,0,0,8143
1215,5,0,8,17,29694180,3647,0,0,8148
1216,6,0,7,18,29723820,3648,0,0,8154
1217,10,0,12,13,29742660,3648,0,0,8164
1218,6,0,10,15,29770740,3648,0,0,8170
1219,6,0,8,17,29802060,3648,0,0,8176
1220,9,0,8,17,29846880,3650,0,0,8185
1221,10,0,10,15,29862900,3648,0,0,8195
1222,4,0,3,22,29914500,3649,0,0,8199
1223,5,0,6,19,29918220,3649,0,0,8204
1224,2,0,5,20,29934360,3650,0,0,8206
1225,4,0,5,20,29953140,3650,0,0,8210
1226,2,0,4,21,29961180,3650,0,0,8212
1227,5,0,5,20,29972160,3649,0,0,8217
1228,10,0,14,11,29977080,3649,0,0,8227
1229,7,0,9,16,30020520,3649,0,0,8234
1230,8,0,11,14,30051180,3650,0,0,8242
1231,9,0,10,15,30081480,3650,0,0,8251
1232,8,0,8,17,30128100,3651,0,0,8259
1233,6,0,7,18,30146220,3650,0,0,8265
1234,9,0,14,11,30151800,3650,0,0,8274
1235,13,0,15,10,30204780,3651,0,0,8287
1236,8,0,11,14,30244620,3650,0,0,8295
1237,4,0,7,18,30279420,3651,0,0,8299
1238,5,0,3,22,30314460,3651,0,0,8304
1239,5,0,6,19,30323280,3652,0,0,8309
1240,5,0,8,17,30340860,3652,0,0,8314
1241,2,0,4,21,30371400,3653,0,0,8316
1242,7,0,5,20,30389460,3653,0,0,8323
1243,4,0,4,21,30400020,3652,0,0,8327
1244,6,0,7,18,30409620,3652,0,0,8333
1245,7,0,7,18,30437280,3652,0,0,8340
1246,8,0,7,18,30456000,3651,0,0,8348
1247,5,0,6,19,30462180,3649,0,0,8353
1248,5,0,4,21,30481260,3648,0,0,8358
1249,2,0,2,23,30495660,3648,0,0,8360
1250,5,0,6,19,30496440,3648,0,0,8365
1251,6,0,8,17,30510480,3648,0,0,8371
1252,1,0,4,21,30530160,3648,0,0,8372
1253,4,0,4,21,30542160,3648,0,0,8376
1254,5,0,6,19,30559200,3648,0,0,8381
1255,5,0,7,18,30569460,3648,0,0,8386
1256,5,0,6,19,30588600,3648,0,0,8391
1257,9,0,10,15,30600000,3647,0,0,8400
1258,13,0,13,12,30637320,3647,0,0,8413
1259,10,0,13,12,30670980,3646,0,0,8423
1260,10,0,12,13,30715680,3647,0,0,8433
1261,16,0,15,10,30752700,3646,0,0,8449
1262,6,0,11,14,30798300,3647,0,0,8455
1263,4,0,7,18,30835260,3648,0,0,8459
1264,8,0,6,19,30869580,3648,0,0,8467
1265,6,0,7,18,30890820,3648,0,0,8473
1266,5,0,5,20,30909000,3647,0,0,8478
1267,5,0,9,16,30916500,3648,0,0,8483
1268,4,0,7,18,30938340,3648,0,0,8487
1269,5,0,6,19,30965940,3649,0,0,8492
1270,6,0,8,17,30980280,3649,0,0,8498
1271,6,0,9,16,31003080,3649,0,0,8504
1272,3,0,6,19,31033560,3650,0,0,8507
1273,3,0,4,21,31053240,3650,0,0,8510
1274,6,0,6,19,31060080,3649,0,0,8516
1275,6,0,7,18,31075020,3649,0,0,8522
1276,5,0,4,21,31098180,3648,0,0,8527
1277,4,0,3,22,31104360,3647,0,0,8531
1278,8,0,5,20,31117560,3646,0,0,8539
1279,7,0,8,17,31130760,3646,0,0,8546
1280,5,0,4,21,31155660,3645,0,0,8551
1281,7,0,9,16,31158180,3644,0,0,8558
1282,12,0,13,12,31196460,3645,0,0,8570
1283,7,0,10,15,31228980,3645,0,0,8577
1284,11,0,11,14,31267440,3645,0,0,8588
1285,12,0,11,14,31305480,3644,0,0,8600
1286,6,0,9,16,31343160,3645,0,0,8606
1287,8,0,10,15,31378380,3646,0,0,8614
1288,9,0,8,17,31411740,3646,0,0,8623
1289,2,0,3,22,31442940,3646,0,0,8625
1290,6,0,6,19,31455900,3647,0,0,8631
1291,10,0,13,12,31460820,3646,0,0,8641
1292,7,0,7,18,31512300,3646,0,0,8648
1293,7,0,8,17,31528260,3646,0,0,8655
1294,7,0,11,14,31549320,3646,0,0,8662
1295,5,0,8,17,31587240,3647,0,0,8667
1296,2,0,3,22,31620840,3648,0,0,8669
1297,6,0,6,19,31628940,3648,0,0,8675
1298,2,0,4,21,31646040,3648,0,0,8677
1299,7,0,8,17,31661760,3649,0,0,8684
1300,7,0,6,19,31685280,3648,0,0,8691
1301,3,0,5,20,31707540,3649,0,0,8694
1302,8,0,11,14,31714260,3649,0,0,8702
1303,10,0,12,13,31746600,3649,0,0,8712
1304,9,0,14,11,31778580,3649,0,0,8721
1305,8,0,13,12,31815540,3650,0,0,8729
1306,2,0,4,21,31875180,3652,0,0,8731
1307,7,0,5,20,31890900,3651,0,0,8738
1308,10,0,11,14,31903080,3651,0,0,8748
1309,10,0,8,17,31937040,3649,0,0,8758
1310,9,0,12,13,31952580,3649,0,0,8767
1311,10,0,11,14,31995540,3649,0,0,8777
1312,5,0,8,17,32034240,3651,0,0,8782
1313,8,0,6,19,32071680,3651,0,0,8790
1314,9,0,10,15,32080260,3650,0,0,8799
1315,4,0,8,17,32098800,3649,0,0,8803
1316,5,0,7,18,32123280,3649,0,0,8808
1317,3,0,5,20,32140320,3649,0,0,8811
1318,10,0,8,17,32165160,3649,0,0,8821
1319,6,0,8,17,32179740,3648,0,0,8827
1320,10,0,10,15,32210160,3649,0,0,8837
1321,5,0,8,17,32238480,3649,0,0,8842
1322,3,0,7,18,32269860,3651,0,0,8845
1323,4,0,6,19,32297220,3652,0,0,8849
1324,7,0,9,16,32307540,3651,0,0,8856
1325,5,0,8,17,32330220,3651,0,0,8861
1326,3,0,8,17,32340960,3651,0,0,8864
1327,7,0,7,18,32388600,3653,0,0,8871
1328,12,0,13,12,32400780,3652,0,0,8883
1329,11,0,10,15,32446140,3652,0,0,8894
1330,13,0,13,12,32481360,3652,0,0,8907
1331,8,0,10,15,32509440,3650,0,0,8915
1332,8,0,10,15,32543040,3651,0,0,8923
1333,9,0,8,17,32581440,3650,0,0,8932
1334,11,0,12,13,32604540,3650,0,0,8943
1335,5,0,9,16,32634900,3650,0,0,8948
1336,8,0,10,15,32671260,3652,0,0,8956
1337,10,0,11,14,32708520,3652,0,0,8966
1338,11,0,14,11,32738880,3652,0,0,8977
1339,7,0,10,15,32780760,3652,0,0,8984
1340,9,0,12,13,32803500,3652,0,0,8993
1341,4,0,8,17,32850360,3654,0,0,8997
1342,6,0,10,15,32877540,3655,0,0,9003
1343,2,0,8,17,32902560,3657,0,0,9005
1344,7,0,11,14,32926500,3658,0,0,9012
1345,2,0,12,13,32929320,3658,0,0,9014
1346,5,0,14,11,32936340,3657,0,0,9019
1347,4,0,12,13,32959020,3657,0,0,9023
1348,5,0,12,13,32967060,3656,0,0,9028
1349,11,0,18,7,32977620,3655,0,0,9039
1350,11,0,20,5,33003540,3654,0,0,9050
1351,15,0,24,1,33044580,3654,0,0,9065
1352,8,0,20,5,33073620,3653,0,0,9073
1353,3,0,13,12,33118620,3654,0,0,9076
1354,4,0,13,12,33139620,3654,0,0,9080
1355,12,0,21,4,33147180,3654,0,0,9092
1356,9,0,19,6,33177600,3653,0,0,9101
1357,11,0,21,4,33211260,3653,0,0,9112
1358,7,0,16,9,33268500,3654,0,0,9119
1359,10,0,19,6,33287820,3653,0,0,9129
1360,8,0,20,5,33310560,3653,0,0,9137
1361,3,0,17,8,33339720,3654,0,0,9140
1362,7,0,17,8,33372720,3655,0,0,9147
1363,8,0,16,9,33403020,3654,0,0,9155
1364,5,0,13,12,33424380,3654,0,0,9160
1365,0,0,10,15,33435960,3654,0,0,9160
1366,2,0,11,14,33438480,3654,0,0,9162
1367,5,0,14,11,33439920,3653,0,0,9167
1368,5,0,16,9,33444840,3652,0,0,9172
1369,8,0,19,6,33466260,3653,0,0,9180
1370,7,0,19,6,33487260,3652,0,0,9187
1371,2,0,15,10,33512040,3652,0,0,9189
1372,4,0,13,12,33546360,3654,0,0,9193
1373,3,0,11,14,33559320,3653,0,0,9196
1374,4,0,13,12,33563220,3653,0,0,9200
1375,2,0,13,12,33569100,3653,0,0,9202
1376,8,0,15,10,33583980,3652,0,0,9210
1377,6,0,18,7,33595320,3652,0,0,9216
1378,7,0,12,13,33622920,3650,0,0,9223
1379,14,0,23,2,33630060,3649,0,0,9237
1380,8,0,20,5,33663480,3649,0,0,9245
1381,10,0,22,3,33691320,3649,0,0,9255
1382,9,0,18,7,33749100,3650,0,0,9264
1383,14,0,20,5,33780240,3648,0,0,9278
1384,13,2,20,5,33807720,3647,1860,0,9291
1385,3,0,17,8,33850320,3648,4020,0,9294
1386,2,0,13,12,33885600,3650,4020,0,9296
1387,5,0,14,11,33900180,3650,4020,0,9301
1388,4,0,14,11,33908520,3649,4020,0,9305
1389,4,0,15,10,33923520,3650,4020,0,9309
1390,7,0,15,10,33950940,3650,4020,0,9316
1391,3,0,15,10,33966240,3650,4020,0,9319
1392,8,0,18,7,33985800,3650,4020,0,9327
1393,2,0,14,11,34013520,3651,4020,0,9329
1394,3,0,15,10,34022580,3651,4020,0,9332
1395,3,0,12,13,34048560,3652,4020,0,9335
1396,10,0,15,10,34065780,3651,4020,0,9345
1397,8,0,15,10,34081380,3649,4020,0,9353
1398,12,0,19,6,34102260,3648,4020,0,9365
1399,7,0,13,12,34140180,3647,4020,0,9372
1400,5,0,13,12,34152660,3647,4020,0,9377
1401,6,0,15,10,34160280,3646,4020,0,9383
1402,13,0,22,3,34179300,3646,4020,0,9396
1403,6,0,18,7,34221120,3646,4020,0,9402
1404,6,0,17,8,34233360,3645,4020,0,9408
1405,13,0,19,6,34277760,3645,4020,0,9421
1406,7,0,13,12,34313040,3644,4020,0,9428
1407,7,0,16,9,34318440,3643,4020,0,9435
1408,11,0,15,10,34349220,3642,4020,0,9446
1409,9,0,17,8,34369620,3641,4020,0,9455
1410,10,0,19,6,34394400,3641,4020,0,9465
1411,5,0,18,7,34419360,3641,4020,0,9470
1412,8,0,18,7,34445100,3641,4020,0,9478
1413,1,0,11,14,34486260,3642,4020,0,9479
1414,8,0,16,9,34491780,3641,4020,0,9487
1415,4,0,13,12,34510140,3641,4020,0,9491
1416,4,0,13,12,34521000,3640,4020,0,9495
1417,2,0,14,11,34521840,3640,4020,0,9497
1418,5,0,15,10,34542000,3640,4020,0,9502
1419,4,0,12,13,34556700,3639,4020,0,9506
1420,4,0,14,11,34564140,3639,4020,0,9510
1421,8,0,20,5,34565700,3639,4020,0,9518
1422,5,0,18,7,34607400,3640,4020,0,9523
1423,10,0,15,10,34652460,3640,4020,0,9533
1424,6,0,16,9,34663500,3639,4020,0,9539
1425,5,0,15,10,34696200,3641,4020,0,9544
1426,9,0,17,8,34710240,3639,4020,0,9553
1427,9,0,16,9,34739400,3639,4020,0,9562
1428,11,0,21,4,34758780,3638,4020,0,9573
1429,9,0,19,6,34785840,3637,4020,0,9582
1430,10,0,21,4,34808880,3636,4020,0,9592
1431,12,0,23,2,34842900,3636,4020,0,9604
1432,5,0,16,9,34897260,3637,4020,0,9609
1433,8,0,18,7,34920840,3637,4020,0,9617
1434,8,0,17,8,34950180,3637,4020,0,9625
1435,4,0,16,9,34964700,3637,4020,0,9629
1436,4,0,14,11,34998000,3638,4020,0,9633
1437,9,0,20,5,35004360,3637,4020,0,9642
1438,6,0,18,7,35022360,3636,4020,0,9648
1439,4,0,15,10,35072220,3639,4020,0,9652
1440,2,0,15,10,35078820,3639,4020,0,9654
1441,6,0,18,7,35094000,3639,4020,0,9660
1442,4,0,18,7,35117640,3640,4020,0,9664
1443,0,0,11,14,35160420,3642,4020,0,9664
1444,7,0,15,10,35174460,3642,4020,0,9671
1445,9,0,18,7,35188620,3641,4020,0,9680
1446,6,0,18,7,35212320,3642,4020,0,9686
1447,10,0,20,5,35245860,3642,4020,0,9696
1448,4,0,21,4,35261880,3643,4020,0,9700
1449,7,0,17,8,35309940,3643,4020,0,9707
1450,6,0,17,8,35325120,3643,4020,0,9713
1451,8,0,19,6,35337960,3642,4020,0,9721
1452,6,0,19,6,35377560,3644,4020,0,9727
1453,10,0,18,7,35415960,3643,4020,0,9737
1454,8,0,17,8,35439060,3642,4020,0,9745
1455,14,0,21,4,35472120,3642,4020,0,9759
1456,9,0,23,2,35490840,3641,4020,0,9768
1457,10,0,23,2,35546160,3643,4020,0,9778
1458,11,0,22,3,35583060,3643,4020,0,9789
1459,6,0,17,8,35623560,3643,4020,0,9795
1460,6,0,15,10,35651820,3643,4020,0,9801
1461,4,0,12,13,35681940,3643,4020,0,9805
1462,6,0,14,11,35690340,3642,4020,0,9811
1463,1,0,10,15,35707320,3642,4020,0,9812
1464,1,0,11,14,35707320,3642,4020,0,9813
1465,5,0,13,12,35712240,3642,4020,0,9818
1466,3,0,15,10,35714940,3642,4020,0,9821
1467,5,0,17,8,35728560,3642,4020,0,9826
1468,6,0,19,6,35749140,3643,4020,0,9832
1469,8,0,20,5,35781960,3643,4020,0,9840
1470,4,0,15,10,35820180,3644,4020,0,9844
1471,7,0,15,10,35856180,3645,4020,0,9851
1472,9,0,20,5,35869740,3645,4020,0,9860
1473,12,2,20,5,35897880,3644,5280,0,9872
1474,12,1,25,0,35943240,3646,16260,1,9884
1475,10,0,24,1,35978220,3645,16380,1,9894
1476,10,0,20,5,36031140,3645,16380,1,9904
1477,7,0,15,10,36070380,3644,16380,1,9911
1478,12,0,22,3,36082020,3644,16380,1,9923
1479,6,0,19,6,36111300,3643,16380,1,9929
1480,16,0,23,2,36158520,3644,16380,1,9945
1481,10,0,24,1,36191880,3644,16380,1,9955
1482,7,0,17,8,36248580,3644,16380,1,9962
1483,6,0,18,7,36265260,3644,16380,1,9968
1484,7,0,16,9,36298140,3644,16380,1,9975
1485,5,0,14,11,36323400,3644,16380,1,9980
1486,6,0,14,11,36338940,3644,16380,1,9986
1487,6,0,16,9,36355440,3644,16380,1,9992
1488,2,0,15,10,36361800,3643,16380,1,9994
1489,2,0,12,13,36391320,3644,16380,1,9996
1490,3,0,14,11,36398820,3645,16380,1,9999
1491,9,0,16,9,36415440,3644,16380,1,10008
1492,5,0,13,12,36434940,3643,16380,1,10013
1493,4,0,16,9,36436020,3643,16380,1,10017
1494,11,0,15,10,36467280,3641,16380,1,10028
1495,13,0,20,5,36481920,3640,16380,1,10041
1496,4,0,14,11,36513540,3640,16380,1,10045
1497,9,0,16,9,36526140,3638,16380,1,10054
1498,6,0,14,11,36544500,3637,16380,1,10060
1499,1,0,12,13,36556560,3637,16380,1,10061
1500,4,0,15,10,36564780,3638,16380,1,10065
1501,6,0,15,10,36578040,3637,16380,1,10071
1502,10,0,22,3,36586620,3637,16380,1,10081
1503,7,0,19,6,36628500,3637,16380,1,10088
1504,7,0,18,7,36666540,3638,16380,1,10095
1505,8,0,20,5,36686100,3638,16380,1,10103
1506,5,0,14,11,36733620,3639,16380,1,10108
1507,3,0,14,11,36748500,3639,16380,1,10111
1508,4,0,14,11,36761040,3639,16380,1,10115
1509,3,0,15,10,36776100,3640,16380,1,10118
1510,5,0,13,12,36796020,3639,16380,1,10123
1511,3,0,14,11,36806700,3639,16380,1,10126
1512,5,0,18,7,36811140,3639,16380,1,10131
1513,4,0,18,7,36830040,3640,16380,1,10135
1514,4,0,18,7,36856320,3641,16380,1,10139
1515,3,0,12,13,36896400,3642,16380,1,10142
1516,4,0,13,12,36905880,3642,16380,1,10146
1517,3,0,13,12,36914580,3641,16380,1,10149
1518,3,0,12,13,36930840,3642,16380,1,10152
1519,6,0,16,9,36938280,3642,16380,1,10158
1520,6,0,20,5,36940620,3641,16380,1,10164
1521,4,0,15,10,36979200,3642,16380,1,10168
1522,7,0,16,9,37006200,3642,16380,1,10175
1523,15,0,22,3,37019820,3640,16380,1,10190
1524,6,0,21,4,37043160,3640,16380,1,10196
1525,5,0,16,9,37099920,3642,16380,1,10201
1526,12,0,21,4,37123260,3642,16380,1,10213
1527,6,0,18,7,37150920,3641,16380,1,10219
1528,7,0,16,9,37182660,3641,16380,1,10226
1529,2,0,12,13,37215480,3642,16380,1,10228
1530,6,0,14,11,37225260,3642,16380,1,10234
1531,4,0,17,8,37227720,3642,16380,1,10238
1532,8,0,16,9,37260300,3642,16380,1,10246
1533,2,0,12,13,37285200,3642,16380,1,10248
1534,7,0,16,9,37299240,3642,16380,1,10255
1535,4,0,17,8,37303860,3642,16380,1,10259
1536,6,0,15,10,37347180,3643,16380,1,10265
1537,4,0,13,12,37366320,3643,16380,1,10269
1538,3,0,14,11,37376340,3643,16380,1,10272
1539,2,0,12,13,37390380,3643,16380,1,10274
1540,5,0,14,11,37397700,3643,16380,1,10279
1541,4,0,14,11,37403820,3642,16380,1,10283
1542,4,0,14,11,37428360,3643,16380,1,10287
1543,4,0,14,11,37442760,3643,16380,1,10291
1544,10,0,17,8,37461780,3642,16380,1,10301
1545,14,4,23,2,37490040,3644,16440,1,10315
1546,10,13,18,7,37514280,3644,18240,1,10325
1547,3,11,18,7,37553160,3646,39660,3,10328
1548,11,12,25,0,37577160,3647,80520,7,10339
1549,9,0,19,6,37656240,3645,143640,13,10348
1550,15,1,25,0,37674300,3644,143700,13,10363
1551,11,0,25,0,37716420,3644,146520,14,10374
1552,14,1,25,0,37785780,3646,149760,14,10388
1553,9,0,24,1,37821420,3646,150240,14,10397
1554,9,0,20,5,37880940,3647,150360,14,10406
1555,6,0,13,12,37928460,3647,150360,14,10412
1556,7,0,16,9,37942200,3647,150360,14,10419
1557,6,0,15,10,37964700,3646,150360,14,10425
1558,5,0,13,12,37987860,3646,150360,14,10430
1559,5,0,14,11,38001240,3646,150360,14,10435
1560,7,0,15,10,38018160,3646,150360,14,10442
1561,3,0,13,12,38037540,3646,150360,14,10445
1562,3,0,13,12,38047260,3646,150360,14,10448
1563,4,0,12,13,38059380,3645,150360,14,10452
1564,6,0,16,9,38065380,3645,150360,14,10458
1565,8,0,19,6,38084160,3645,150360,14,10466
1566,9,0,18,7,38111760,3644,150360,14,10475
1567,8,0,16,9,38148000,3644,150360,14,10483
1568,9,0,18,7,38169300,3644,150360,14,10492
1569,7,0,20,5,38195340,3644,150360,14,10499
1570,14,0,24,1,38230020,3644,150360,14,10513
1571,13,0,22,3,38290200,3645,150360,14,10526
1572,4,0,20,5,38319120,3645,150360,14,10530
1573,12,0,21,4,38350260,3645,150360,14,10542
1574,6,0,16,9,38401080,3646,150360,14,10548
1575,8,0,18,7,38414700,3645,150360,14,10556
1576,8,0,18,7,38437620,3644,150360,14,10564
1577,5,0,15,10,38472840,3645,150360,14,10569
1578,7,0,15,10,38495340,3645,150360,14,10576
1579,6,0,17,8,38508960,3644,150360,14,10582
1580,11,0,25,0,38520360,3645,150360,14,10593
1581,3,0,17,8,38572080,3646,150360,14,10596
1582,2,0,12,13,38605860,3646,150360,14,10598
1583,4,0,14,11,38613060,3646,150360,14,10602
1584,2,0,12,13,38626260,3646,150360,14,10604
1585,1,0,11,14,38637600,3647,150360,14,10605
1586,6,0,15,10,38640540,3646,150360,14,10611
1587,3,0,13,12,38654280,3646,150360,14,10614
1588,8,0,18,7,38665320,3646,150360,14,10622
1589,8,0,21,4,38678880,3645,150360,14,10630
1590,7,0,21,4,38710140,3646,150360,14,10637
1591,16,2,25,0,38757000,3647,153420,14,10653
1592,8,0,19,6,38809380,3646,157500,14,10661
1593,6,0,18,7,38849520,3648,157500,14,10667
1594,10,0,21,4,38875980,3648,157500,14,10677
1595,7,0,18,7,38913000,3648,157500,14,10684
1596,7,0,20,5,38936700,3648,157500,14,10691
1597,13,0,24,1,38970720,3648,157500,14,10704
1598,10,0,21,4,39014880,3648,157500,14,10714
1599,11,0,19,6,39049980,3647,157500,14,10725
1600,9,0,21,4,39086820,3648,157500,14,10734
1601,6,0,17,8,39136800,3649,157500,14,10740
1602,3,0,16,9,39149820,3649,157500,14,10743
1603,5,0,14,11,39178500,3649,157500,14,10748
1604,6,0,16,9,39192660,3649,157500,14,10754
1605,3,0,15,10,39207180,3649,157500,14,10757
1606,6,0,16,9,39224700,3649,157500,14,10763
1607,4,0,15,10,39240000,3649,157500,14,10767
1608,7,0,16,9,39268800,3650,157500,14,10774
1609,4,0,13,12,39295920,3650,157500,14,10778
1610,4,0,13,12,39311220,3650,157500,14,10782
1611,3,0,12,13,39324780,3650,157500,14,10785
1612,3,0,13,12,39333780,3650,157500,14,10788
1613,5,0,14,11,39344460,3650,157500,14,10793
1614,9,0,15,10,39361380,3648,157500,14,10802
1615,4,0,12,13,39377400,3648,157500,14,10806
1616,10,0,17,8,39386220,3647,157500,14,10816
1617,7,0,15,10,39406020,3646,157500,14,10823
1618,6,0,16,9,39430800,3646,157500,14,10829
1619,10,0,22,3,39439440,3646,157500,14,10839
1620,3,0,15,10,39487080,3647,157500,14,10842
1621,12,0,18,7,39514980,3646,157500,14,10854
1622,13,0,19,6,39539220,3644,157500,14,10867
1623,9,0,21,4,39556560,3644,157500,14,10876
1624,11,0,19,6,39601380,3643,157500,14,10887
1625,12,0,19,6,39639000,3643,157500,14,10899
1626,8,0,18,7,39663060,3642,157500,14,10907
1627,5,0,17,8,39695520,3643,157500,14,10912
1628,5,0,16,9,39727260,3644,157500,14,10917
1629,4,0,15,10,39750360,3644,157500,14,10921
1630,9,0,20,5,39773040,3645,157500,14,10930
1631,4,0,14,11,39808080,3645,157500,14,10934
1632,7,0,16,9,39821040,3644,157500,14,10941
1633,9,0,19,6,39841200,3644,157500,14,10950
1634,5,0,17,8,39861120,3644,157500,14,10955
1635,8,0,14,11,39897360,3643,157500,14,10963
1636,1,0,14,11,39902700,3644,157500,14,10964
1637,8,0,15,10,39931500,3644,157500,14,10972
1638,6,0,15,10,39948960,3643,157500,14,10978
1639,5,0,16,9,39962880,3643,157500,14,10983
1640,11,0,18,7,39982860,3642,157500,14,10994
1641,8,0,22,3,39998700,3642,157500,14,11002
1642,18,3,25,0,40034580,3642,159420,14,11020
1643,15,5,25,0,40079580,3641,163320,14,11035
1644,12,1,25,0,40143660,3642,181860,16,11047
1645,10,0,23,2,40182660,3641,181860,16,11057
1646,11,0,23,2,40232940,3642,181860,16,11068
1647,8,0,19,6,40286580,3643,181860,16,11076
1648,3,0,12,13,40325040,3643,181860,16,11079
1649,8,0,16,9,40336320,3643,181860,16,11087
1650,7,0,15,10,40349940,3642,181860,16,11094
1651,10,0,21,4,40356780,3641,181860,16,11104
1652,10,0,18,7,40406580,3641,181860,16,11114
1653,5,0,18,7,40426320,3641,181860,16,11119
1654,5,0,18,7,40448220,3642,181860,16,11124
1655,7,0,18,7,40484940,3643,181860,16,11131
1656,3,0,18,7,40500540,3643,181860,16,11134
1657,5,0,15,10,40537080,3644,181860,16,11139
1658,7,0,17,8,40561140,3644,181860,16,11146
1659,5,0,15,10,40579620,3644,181860,16,11151
1660,8,0,16,9,40594200,3643,181860,16,11159
1661,9,0,19,6,40620780,3643,181860,16,11168
1662,3,0,16,9,40648140,3643,181860,16,11171
1663,7,0,18,7,40673880,3644,181860,16,11178
1664,8,0,19,6,40706220,3645,181860,16,11186
1665,8,0,20,5,40731900,3645,181860,16,11194
1666,11,0,20,5,40760760,3644,181860,16,11205
1667,5,0,15,10,40802460,3644,181860,16,11210
1668,13,0,17,8,40825020,3643,181860,16,11223
1669,8,0,21,4,40849140,3643,181860,16,11231
1670,6,0,17,8,40891260,3644,181860,16,11237
1671,8,0,15,10,40923900,3644,181860,16,11245
1672,6,0,15,10,40942380,3643,181860,16,11251
1673,13,0,19,6,40964700,3642,181860,16,11264
1674,5,0,15,10,40988760,3642,181860,16,11269
1675,2,0,12,13,41012220,3642,181860,16,11271
1676,2,0,11,14,41015400,3641,181860,16,11273
1677,7,0,15,10,41020020,3641,181860,16,11280
1678,4,0,15,10,41031360,3641,181860,16,11284
1679,4,0,14,11,41049540,3641,181860,16,11288
1680,2,0,10,15,41078760,3641,181860,16,11290
1681,4,0,14,11,41078760,3641,181860,16,11294
1682,4,0,15,10,41084520,3641,181860,16,11298
1683,9,0,19,6,41095020,3640,181860,16,11307
1684,5,0,19,6,41116200,3640,181860,16,11312
1685,7,0,14,11,41172720,3641,181860,16,11319
1686,8,0,18,7,41184000,3641,181860,16,11327
1687,9,0,17,8,41210160,3640,181860,16,11336
1688,8,0,15,10,41244900,3640,181860,16,11344
1689,7,0,18,7,41255640,3640,181860,16,11351
1690,11,0,23,2,41290740,3641,181860,16,11362
1691,9,0,19,6,41321340,3640,181860,15,11371
1692,6,0,20,5,41349120,3640,181860,15,11377
1693,16,0,24,1,41384520,3640,181860,15,11393
1694,16,5,25,0,41441220,3641,189000,16,11409
1695,3,0,17,8,41507100,3642,204900,17,11412
1696,6,0,16,9,41528520,3642,204900,17,11418
1697,8,0,20,5,41555280,3643,204900,17,11426
1698,10,0,16,9,41599020,3642,204900,17,11436
1699,9,0,17,8,41615040,3641,204900,17,11445
1700,6,0,17,8,41635080,3641,204900,17,11451
1701,3,0,14,11,41652840,3640,204900,17,11454
1702,5,0,12,13,41676540,3640,204900,17,11459
1703,9,0,16,9,41684460,3639,204900,17,11468
1704,5,0,16,9,41698260,3639,204900,17,11473
1705,5,0,18,7,41711280,3639,204900,17,11478
1706,4,0,15,10,41738520,3639,204900,17,11482
1707,5,0,16,9,41763900,3640,204900,17,11487
1708,4,0,12,13,41785320,3640,204900,17,11491
1709,5,0,16,9,41786100,3639,204900,17,11496
1710,7,0,17,8,41802840,3639,204900,17,11503
1711,10,0,22,3,41821860,3639,204900,17,11513
1712,6,0,16,9,41861580,3639,204900,17,11519
1713,3,0,14,11,41883600,3639,204900,17,11522
1714,11,0,19,6,41895960,3638,204900,17,11533
1715,8,0,20,5,41927340,3639,204900,17,11541
1716,6,0,17,8,41971680,3640,204900,17,11547
1717,9,0,20,5,41994540,3640,204900,17,11556
1718,11,0,20,5,42038100,3640,204900,17,11567
1719,10,0,19,6,42065760,3639,204900,17,11577
1720,10,0,21,4,42089940,3639,204900,17,11587
1721,9,0,22,3,42124800,3639,204900,17,11596
1722,7,0,19,6,42172380,3640,204900,17,11603
1723,8,0,20,5,42194340,3640,204900,17,11611
1724,8,0,18,7,42243780,3641,204900,17,11619
1725,5,0,15,10,42269340,3641,204900,17,11624
1726,11,0,17,8,42280800,3639,204900,17,11635
1727,3,0,16,9,42306300,3640,204900,17,11638
1728,8,0,17,8,42334380,3640,204900,17,11646
1729,12,0,21,4,42370260,3640,204900,17,11658
1730,5,0,18,7,42395220,3640,204900,17,11663
1731,6,0,14,11,42439980,3641,204900,17,11669
1732,4,0,14,11,42451380,3641,204900,17,11673
1733,5,0,15,10,42469500,3641,204900,17,11678
1734,5,0,14,11,42488580,3641,204900,17,11683
1735,6,0,18,7,42492780,3640,204900,17,11689
1736,9,0,18,7,42533340,3641,204900,17,11698
1737,4,0,18,7,42553680,3642,204900,17,11702
1738,3,0,16,9,42576900,3642,204900,17,11705
1739,14,0,18,7,42619380,3642,204900,17,11719
1740,14,0,23,2,42639180,3641,204900,17,11733
1741,10,0,21,4,42674400,3640,205320,17,11743
1742,12,0,22,3,42725700,3641,205320,17,11755
1743,11,7,19,6,42756360,3641,205620,17,11766
1744,9,8,21,4,42794700,3643,216060,18,11775
1745,12,9,25,0,42831060,3644,236460,20,11787
1746,7,4,25,0,42881940,3644,275220,23,11794
1747,10,0,20,5,42938400,3643,300000,25,11804
1748,8,0,21,4,42969300,3644,300000,25,11812
1749,3,0,18,7,43007460,3645,300000,25,11815
1750,3,0,12,13,43056720,3647,300000,25,11818
1751,4,0,14,11,43061100,3646,300000,25,11822
1752,8,0,19,6,43065960,3646,300000,25,11830
1753,2,0,13,12,43103520,3646,300000,25,11832
1754,6,0,16,9,43106760,3646,300000,25,11838
1755,4,0,16,9,43124340,3646,300000,25,11842
1756,4,0,15,10,43149120,3647,300000,25,11846
1757,6,0,17,8,43164420,3647,300000,25,11852
1758,5,0,16,9,43182360,3646,300000,25,11857
1759,3,0,13,12,43208940,3647,300000,25,11860
1760,7,0,16,9,43222980,3647,300000,25,11867
1761,2,0,15,10,43231080,3646,300000,25,11869
1762,10,0,20,5,43243980,3646,300000,25,11879
1763,6,0,15,10,43292400,3647,300000,25,11885
1764,9,0,20,5,43312500,3647,300000,25,11894
1765,8,0,18,7,43344360,3647,300000,25,11902
1766,9,0,19,6,43374120,3647,300000,25,11911
1767,10,0,21,4,43407720,3647,300000,25,11921
1768,10,0,21,4,43446060,3647,300000,25,11931
1769,9,0,17,8,43498380,3648,300000,25,11940
1770,7,0,16,9,43522380,3647,300000,25,11947
1771,7,0,16,9,43546680,3647,300000,25,11954
1772,6,0,18,7,43567620,3648,300000,25,11960
1773,8,0,18,7,43602540,3648,300000,25,11968
1774,10,0,21,4,43626240,3648,300000,25,11978
1775,2,0,15,10,43661340,3649,300000,25,11980
1776,8,0,17,8,43694220,3650,300000,25,11988
1777,2,0,15,10,43710060,3650,300000,25,11990
1778,5,0,15,10,43733580,3650,300000,25,11995
1779,5,0,13,12,43754220,3650,300000,25,12000
1780,5,0,11,14,43771140,3649,300000,24,12005
1781,9,0,16,9,43782060,3649,300000,24,12014
1782,5,0,16,9,43789800,3648,300000,24,12019
1783,4,0,16,9,43808940,3648,300000,24,12023
1784,11,0,16,9,43842360,3648,300000,24,12034
1785,3,0,15,10,43858500,3648,300000,24,12037
1786,10,0,18,7,43889160,3648,300000,24,12047
1787,11,0,18,7,43911540,3647,300000,24,12058
1788,7,0,17,8,43940580,3647,300000,24,12065
1789,11,0,20,5,43970400,3647,300000,24,12076
1790,3,0,14,11,43999800,3646,300000,24,12079
1791,6,0,14,11,44031780,3647,300000,24,12085
1792,8,0,18,7,44038560,3647,300000,24,12093
1793,2,0,15,10,44061420,3647,300000,24,12095
1794,8,0,17,8,44090700,3648,300000,24,12103
1795,7,0,17,8,44113440,3647,300000,24,12110
1796,12,0,18,7,44143260,3646,300000,24,12122
1797,2,0,11,14,44176620,3647,300000,24,12124
1798,6,0,15,10,44178180,3646,300000,24,12130
1799,4,0,14,11,44194320,3646,300000,24,12134
1800,7,0,19,6,44203080,3646,300000,24,12141
1801,4,0,18,7,44229420,3647,300000,24,12145
1802,3,0,12,13,44262780,3647,300000,24,12148
1803,7,0,14,11,44279160,3647,300000,24,12155
1804,9,0,15,10,44291880,3645,300000,24,12164
1805,4,0,17,8,44301720,3645,300000,24,12168
1806,5,0,14,11,44327340,3645,300000,24,12173
1807,4,0,13,12,44345400,3645,300000,24,12177
1808,8,0,14,11,44364180,3645,300000,24,12185
1809,7,0,17,8,44375760,3644,300000,24,12192
1810,10,0,19,6,44401500,3644,300000,24,12202
1811,8,0,16,9,44433360,3643,300000,24,12210
1812,3,0,14,11,44459280,3644,300000,24,12213
1813,17,0,20,5,44480580,3642,300000,24,12230
1814,4,0,16,9,44514300,3643,300000,24,12234
1815,12,0,17,8,44547300,3642,300000,24,12246
1816,7,0,22,3,44552940,3642,300000,24,12253
1817,4,0,16,9,44590680,3642,300000,24,12257
1818,6,0,13,12,44628300,3643,300000,24,12263
1819,3,0,13,12,44632800,3642,300000,24,12266
1820,7,0,17,8,44642160,3642,300000,24,12273
1821,7,0,19,6,44654280,3641,300000,24,12280
1822,3,0,16,9,44685420,3642,300000,24,12283
1823,4,0,14,11,44710740,3643,300000,24,12287
1824,5,0,12,13,44730780,3642,300000,24,12292
1825,8,0,16,9,44742240,3642,300000,24,12300
1826,4,0,15,10,44758680,3642,300000,24,12304
1827,8,0,18,7,44775600,3642,300000,24,12312
1828,6,0,14,11,44814900,3642,300000,24,12318
1829,3,0,13,12,44823420,3641,300000,24,12321
1830,6,0,14,11,44837640,3641,300000,24,12327
1831,7,0,17,8,44846100,3640,300000,24,12334
1832,10,0,19,6,44863800,3640,300000,24,12344
1833,3,0,17,8,44888880,3640,300000,24,12347
1834,13,0,22,3,44925000,3641,300000,24,12360
1835,5,0,18,7,44958480,3641,300000,24,12365
1836,5,0,17,8,44985000,3641,300000,24,12370
1837,13,0,17,8,45022260,3640,300000,24,12383
1838,9,0,18,7,45056820,3641,300000,24,12392
1839,7,0,21,4,45078960,3641,300000,24,12399
1840,10,0,20,5,45121140,3642,300000,24,12409
1841,7,0,20,5,45168600,3643,307560,24,12416
1842,6,0,18,7,45192900,3643,307560,24,12422
1843,8,0,17,8,45226440,3643,307560,24,12430
1844,3,0,12,13,45257520,3643,307560,24,12433
1845,4,0,13,12,45267480,3643,307560,24,12437
1846,5,0,15,10,45274920,3643,307560,24,12442
1847,6,0,16,9,45289440,3642,307560,24,12448
1848,6,0,15,10,45313320,3642,307560,24,12454
1849,6,0,20,5,45313860,3642,307560,24,12460
1850,6,0,16,9,45362940,3643,307560,24,12466
1851,4,0,12,13,45384900,3643,307560,24,12470
1852,1,0,12,13,45385620,3642,307560,24,12471
1853,2,0,10,15,45405540,3643,307560,24,12473
1854,9,0,15,10,45410280,3642,307560,24,12482
1855,5,0,16,9,45419880,3642,307560,24,12487
1856,5,0,15,10,45438900,3641,307560,24,12492
1857,10,0,16,9,45461820,3641,307560,24,12502
1858,6,0,19,6,45471960,3640,307560,24,12508
1859,9,0,19,6,45499980,3640,307560,24,12517
1860,12,0,22,3,45546600,3641,307560,24,12529
1861,5,0,15,10,45606300,3642,307560,24,12534
1862,10,0,20,5,45624000,3642,307560,24,12544
1863,5,0,17,8,45645660,3642,307560,24,12549
1864,7,0,17,8,45673140,3642,307560,24,12556
1865,7,0,16,9,45708900,3643,307560,24,12563
1866,4,0,17,8,45725760,3643,307560,24,12567
1867,6,0,15,10,45751800,3643,307560,24,12573
1868,7,0,21,4,45756480,3643,307560,24,12580
1869,6,0,17,8,45802080,3644,307560,24,12586
1870,10,0,17,8,45834240,3643,307560,24,12596
1871,4,0,18,7,45856260,3644,307560,24,12600
1872,4,0,16,9,45887880,3645,307560,24,12604
1873,6,0,15,10,45907920,3644,307560,24,12610
1874,9,0,21,4,45916320,3644,307560,24,12619
1875,1,0,14,11,45960720,3645,307560,24,12620
1876,5,0,15,10,45977460,3646,307560,24,12625
1877,6,0,17,8,45996180,3646,307560,24,12631
1878,5,0,16,9,46013220,3646,307560,24,12636
1879,5,0,15,10,46052640,3647,307560,24,12641
1880,12,0,20,5,46066020,3646,307560,24,12653
1881,6,0,17,8,46094460,3646,307560,24,12659
1882,7,0,15,10,46128360,3646,307560,24,12666
1883,10,0,19,6,46141380,3645,307560,24,12676
1884,9,0,15,10,46181820,3644,307560,24,12685
1885,8,0,18,7,46195200,3644,307560,24,12693
1886,7,0,15,10,46229760,3644,307560,24,12700
1887,9,0,18,7,46247940,3644,307560,24,12709
1888,8,0,17,8,46282680,3644,307560,24,12717
1889,8,0,19,6,46302300,3644,307560,24,12725
1890,11,0,21,4,46324740,3643,307560,24,12736
1891,4,0,16,9,46365600,3643,307560,24,12740
1892,6,0,15,10,46391460,3643,307560,24,12746
1893,7,0,16,9,46402560,3643,307560,24,12753
1894,5,0,16,9,46422900,3643,307560,24,12758
1895,6,0,16,9,46442700,3643,307560,24,12764
1896,7,0,15,10,46463640,3642,307560,24,12771
1897,5,0,15,10,46484400,3642,307560,24,12776
1898,3,0,12,13,46515420,3643,307560,24,12779
1899,10,0,20,5,46526820,3643,307560,24,12789
1900,3,0,14,11,46562220,3643,307560,24,12792
1901,3,0,13,12,46586940,3644,307560,24,12795
1902,3,0,13,12,46597020,3644,307560,24,12798
1903,5,0,16,9,46607340,3644,307560,24,12803
1904,5,0,17,8,46617600,3644,307560,24,12808
1905,11,0,20,5,46645620,3644,307560,23,12819
1906,7,0,20,5,46669800,3644,307560,23,12826
1907,10,0,18,7,46714440,3644,307560,23,12836
1908,8,0,17,8,46741380,3643,307560,23,12844
1909,14,0,22,3,46774980,3644,307560,23,12858
1910,5,0,20,5,46806420,3644,307560,23,12863
1911,9,0,22,3,46848720,3645,307560,23,12872
1912,7,0,18,7,46892700,3646,307560,23,12879
1913,5,0,16,9,46929780,3647,307560,23,12884
1914,9,0,19,6,46944120,3646,307560,23,12893
1915,7,0,16,9,46975260,3646,307560,23,12900
1916,9,0,13,12,47010540,3645,307560,23,12909
1917,6,0,17,8,47020800,3645,307560,23,12915
1918,7,0,16,9,47040000,3644,307560,23,12922
1919,5,0,14,11,47068740,3645,307560,23,12927
1920,4,0,15,10,47078640,3644,307560,23,12931
1921,7,0,19,6,47089740,3644,307560,23,12938
1922,4,0,17,8,47122920,3645,307560,23,12942
1923,4,0,15,10,47140980,3645,307560,23,12946
1924,5,0,11,14,47179920,3646,307560,23,12951
1925,4,0,15,10,47179920,3646,307560,23,12955
1926,7,0,16,9,47194980,3645,307560,23,12962
1927,10,0,19,6,47216220,3645,307560,23,12972
1928,6,0,15,10,47248740,3644,307560,23,12978
1929,9,0,20,5,47262240,3644,307560,23,12987
1930,12,0,17,8,47301420,3643,307860,23,12999
1931,8,0,19,6,47328180,3643,307860,23,13007
1932,4,0,16,9,47357040,3644,307860,23,13011
1933,8,0,20,5,47371860,3644,307860,23,13019
1934,12,0,24,1,47398680,3644,307860,23,13031
1935,7,0,18,7,47446740,3644,307860,23,13038
1936,7,0,19,6,47468880,3644,307860,23,13045
1937,5,0,16,9,47509440,3645,307860,23,13050
1938,6,0,17,8,47522220,3644,307860,23,13056
1939,3,0,13,12,47554260,3645,307860,23,13059
1940,7,0,13,12,47571480,3644,307860,23,13066
1941,2,0,14,11,47574720,3644,307860,23,13068
1942,6,0,16,9,47582460,3643,307860,23,13074
1943,5,0,15,10,47607060,3644,307860,23,13079
1944,6,0,16,9,47621460,3643,307860,23,13085
1945,5,0,13,12,47647620,3643,307860,23,13090
1946,2,0,13,12,47654580,3643,307860,23,13092
1947,3,0,14,11,47670780,3644,307860,23,13095
1948,5,0,15,10,47681580,3643,307860,23,13100
1949,5,0,15,10,47703960,3644,307860,23,13105
1950,10,0,19,6,47715420,3643,307860,23,13115
1951,10,0,23,2,47737500,3643,307860,23,13125
1952,7,0,20,5,47780520,3644,308040,23,13132
1953,4,0,13,12,47832360,3644,308040,23,13136
1954,7,0,18,7,47840880,3645,308040,23,13143
1955,9,0,18,7,47856840,3643,308040,23,13152
1956,12,0,20,5,47883180,3642,308040,23,13164
1957,10,0,22,3,47904120,3642,308040,23,13174
1958,15,3,25,0,47951880,3643,308340,23,13189
1959,7,0,23,2,47999940,3643,310560,23,13196
1960,9,0,19,6,48049380,3643,310560,23,13205
1961,11,0,19,6,48100440,3644,310560,23,13216
1962,6,0,17,8,48123600,3644,310560,23,13222
1963,9,0,18,7,48146460,3643,310560,23,13231
1964,10,0,20,5,48175980,3643,310560,23,13241
1965,4,0,16,9,48218760,3644,310560,23,13245
1966,4,0,14,11,48241260,3644,310560,23,13249
1967,4,0,14,11,48254220,3644,310560,23,13253
1968,2,0,13,12,48265080,3644,310560,23,13255
1969,2,0,12,13,48284220,3645,310560,23,13257
1970,4,0,13,12,48290640,3645,310560,23,13261
1971,9,0,19,6,48300000,3645,310560,23,13270
1972,6,0,20,5,48324360,3645,310560,23,13276
1973,6,0,18,7,48347220,3644,310560,23,13282
1974,7,0,18,7,48389760,3646,310560,23,13289
1975,6,0,14,11,48426660,3646,310560,23,13295
1976,10,0,21,4,48438960,3646,310560,23,13305
1977,4,0,13,12,48484560,3646,310560,23,13309
1978,4,0,13,12,48501480,3646,310560,23,13313
1979,8,0,16,9,48515400,3646,310560,23,13321
1980,12,0,21,4,48532260,3645,310560,23,13333
1981,8,0,16,9,48571920,3645,310560,23,13341
1982,8,0,19,6,48601500,3646,310560,23,13349
1983,4,0,15,10,48624180,3645,310560,23,13353
1984,8,0,16,9,48639420,3644,310560,23,13361
1985,15,0,22,3,48660120,3643,310560,23,13376
1986,6,0,20,5,48684900,3643,310560,23,13382
1987,7,0,19,6,48727320,3644,310560,23,13389
1988,5,0,18,7,48748620,3644,310560,23,13394
1989,6,0,18,7,48780120,3645,310560,23,13400
1990,2,0,13,12,48807120,3645,310560,23,13402
1991,3,0,13,12,48816600,3645,310560,23,13405
1992,5,0,14,11,48831660,3645,310560,23,13410
1993,5,0,14,11,48842460,3644,310560,23,13415
1994,8,0,18,7,48864360,3645,310560,23,13423
1995,4,0,15,10,48886560,3644,310560,23,13427
1996,6,0,16,9,48912900,3645,310560,23,13433
1997,7,0,16,9,48936360,3645,310560,23,13440
1998,5,0,13,12,48959280,3644,310560,23,13445
1999,2,0,12,13,48966660,3644,310560,23,13447
2000,6,0,14,11,48972000,3644,310560,23,13453
2001,7,0,18,7,48988560,3644,310560,23,13460
2002,5,0,19,6,49002660,3644,310560,23,13465
2003,10,0,22,3,49036680,3645,310560,23,13475
2004,9,0,19,6,49079040,3644,310560,23,13484
2005,5,0,16,9,49111080,3645,310560,23,13489
2006,6,0,15,10,49135140,3645,310560,23,13495
2007,10,0,17,8,49171020,3645,310560,22,13505
2008,4,0,12,13,49197180,3645,310560,22,13509
2009,8,0,13,12,49213560,3644,310560,22,13517
2010,14,0,17,8,49233360,3643,310560,22,13531
2011,8,0,19,6,49256280,3643,310560,22,13539
2012,7,0,19,6,49279860,3643,310560,22,13546
2013,9,0,19,6,49308900,3642,310560,22,13555
2014,6,0,13,12,49353960,3642,310560,22,13561
2015,2,0,13,12,49363500,3643,310560,22,13563
2016,5,0,15,10,49374060,3643,310560,22,13568
2017,3,0,18,7,49374060,3643,310560,22,13571
2018,8,0,21,4,49386780,3642,310560,22,13579
2019,9,0,22,3,49410540,3642,310800,22,13588
2020,3,0,20,5,49436880,3642,310800,22,13591
2021,9,0,21,4,49470780,3643,310800,22,13600
2022,2,0,19,6,49484220,3643,310800,22,13602
2023,11,0,24,1,49502340,3642,310800,22,13613
2024,6,0,20,5,49552320,3643,310800,22,13619
2025,6,0,21,4,49570500,3643,310800,22,13625
2026,13,0,25,0,49607100,3644,311160,22,13638
2027,6,0,21,4,49639920,3643,312180,22,13644
2028,7,0,20,5,49672680,3644,312180,22,13651
2029,11,0,21,4,49692000,3642,312180,22,13662
2030,13,0,24,1,49727760,3642,312180,22,13675
2031,13,2,25,0,49756500,3642,322500,23,13688
2032,10,0,25,0,49793280,3641,324540,23,13698
2033,6,0,19,6,49839120,3641,324600,23,13704
2034,11,0,24,1,49858200,3641,324780,23,13715
2035,6,0,23,2,49878000,3641,324780,23,13721
2036,6,0,22,3,49915140,3642,324780,23,13727
2037,7,0,22,3,49936200,3641,325080,23,13734
2038,7,0,22,3,49968840,3642,325080,23,13741
2039,6,0,21,4,50000520,3642,325080,23,13747
2040,2,0,19,6,50023020,3643,325080,23,13749
2041,6,0,21,4,50047260,3644,325080,23,13755
2042,5,0,20,5,50063040,3643,325080,23,13760
2043,5,0,20,5,50085240,3643,325080,23,13765
2044,6,0,19,6,50104860,3643,325080,23,13771
2045,5,0,19,6,50123940,3643,325080,23,13776
2046,8,0,20,5,50145000,3643,325080,23,13784
2047,9,0,22,3,50160660,3642,325080,23,13793
2048,5,0,21,4,50175660,3641,325080,23,13798
2049,5,0,22,3,50205900,3643,325080,23,13803
2050,6,0,21,4,50229840,3643,325080,23,13809
2051,7,0,21,4,50260320,3643,325080,23,13816
2052,9,0,25,0,50277780,3643,325080,23,13825
2053,10,0,22,3,50319360,3642,327120,23,13835
2054,8,0,22,3,50333940,3641,327120,23,13843
2055,11,0,23,2,50364420,3641,327120,23,13854
2056,14,4,25,0,50395740,3641,331080,23,13868
2057,4,1,25,0,50433060,3642,347160,25,13872
2058,7,0,21,4,50474580,3642,347700,25,13879
2059,10,0,20,5,50503980,3641,347700,25,13889
2060,7,0,21,4,50523060,3641,347700,25,13896
2061,4,0,20,5,50537160,3641,347700,25,13900
2062,1,0,17,8,50558580,3641,347700,25,13901
2063,3,0,18,7,50568000,3641,347700,25,13904
2064,5,0,19,6,50583060,3641,347700,24,13909
2065,2,0,17,8,50607840,3642,347700,24,13911
2066,4,0,20,5,50609820,3642,347700,24,13915
2067,7,0,19,6,50638860,3642,347700,24,13922
2068,6,0,20,5,50652060,3641,347700,24,13928
2069,6,0,22,3,50665200,3641,347700,24,13934
2070,4,0,18,7,50703720,3642,347700,24,13938
2071,8,0,23,2,50714220,3642,347700,24,13946
2072,7,0,23,2,50736060,3642,347760,24,13953
2073,11,0,25,0,50770800,3642,348480,24,13964
2074,8,0,23,2,50800380,3641,348480,24,13972
2075,8,0,20,5,50844660,3642,348480,24,13980
2076,9,0,25,0,50851740,3641,348900,24,13989
2077,10,5,25,0,50868840,3641,350820,25,13999
2078,7,4,25,0,50924700,3643,359700,25,14006
2079,7,0,23,2,50958120,3642,371820,26,14013
2080,9,0,25,0,50985360,3642,372420,26,14022
2081,8,0,24,1,51040560,3644,373440,26,14030
2082,6,0,22,3,51067920,3644,373440,26,14036
2083,11,1,25,0,51102360,3644,376860,26,14047
2084,4,0,20,5,51136680,3644,378900,26,14051
2085,3,0,19,6,51146340,3644,378900,26,14054
2086,2,0,16,9,51178920,3645,378900,26,14056
2087,3,0,16,9,51190080,3645,378900,26,14059
2088,7,0,21,4,51193980,3644,378900,26,14066
2089,4,0,20,5,51206640,3644,378900,26,14070
2090,4,0,18,7,51239880,3645,378900,26,14074
2091,2,0,16,9,51255360,3645,378900,26,14076
2092,6,0,20,5,51256500,3645,378900,26,14082
2093,3,0,17,8,51279180,3645,378900,26,14085
2094,5,0,20,5,51284880,3644,378900,26,14090
2095,12,0,23,2,51311640,3644,379260,26,14102
2096,7,0,24,1,51330180,3644,379260,26,14109
2097,5,0,17,8,51378600,3644,379260,26,14114
2098,10,0,23,2,51387540,3644,379260,26,14124
2099,6,0,19,6,51414960,3643,379260,26,14130
2100,1,0,16,9,51430680,3643,379260,26,14131
2101,11,0,21,4,51444300,3643,379260,26,14142
2102,11,0,24,1,51462780,3642,381660,26,14153
2103,10,0,23,2,51499680,3642,381660,26,14163
2104,3,0,17,8,51525900,3641,381660,26,14166
2105,6,0,21,4,51530760,3641,381660,26,14172
2106,5,0,19,6,51560880,3641,381660,26,14177
2107,13,1,25,0,51578520,3641,381900,26,14190
2108,6,0,21,4,51614100,3641,382560,26,14196
2109,6,0,22,3,51634740,3641,382560,26,14202
2110,4,0,15,10,51676500,3641,382560,26,14206
2111,2,0,16,9,51678480,3641,382560,26,14208
2112,4,0,19,6,51681300,3641,382560,26,14212
2113,6,0,23,2,51688440,3641,382560,26,14218
2114,2,0,18,7,51721740,3641,382560,26,14220
2115,2,0,15,10,51747720,3642,382560,26,14222
2116,3,0,14,11,51759840,3642,382560,26,14225
2117,1,0,15,10,51759840,3642,382560,26,14226
2118,6,0,19,6,51762360,3641,382560,26,14232
2119,7,0,19,6,51774660,3640,382560,26,14239
2120,5,0,19,6,51793200,3640,382560,26,14244
2121,5,0,20,5,51801900,3640,382560,26,14249
2122,6,0,20,5,51826140,3640,382560,26,14255
2123,10,0,22,3,51853440,3640,382740,26,14265
2124,8,0,21,4,51883440,3640,382740,26,14273
2125,18,9,25,0,51905040,3640,384240,26,14291
2126,10,12,25,0,51938340,3641,397140,27,14301
2127,7,11,25,0,51986820,3642,406920,28,14308
2128,7,11,25,0,52017960,3642,446460,31,14315
2129,17,17,25,0,52070820,3643,465180,32,14332
2130,9,22,25,0,52094580,3644,468180,32,14341
2131,9,24,25,0,52130340,3645,486300,33,14350
2132,12,23,25,0,52193280,3646,527820,36,14362
2133,6,22,25,0,52222620,3646,580800,40,14368
2134,8,18,25,0,52271820,3646,663840,46,14376
2135,3,4,25,0,52304040,3644,939660,65,14379
2136,3,0,17,8,52342560,3643,999960,69,14382
2137,4,0,17,8,52356240,3643,999960,69,14386
2138,8,0,21,4,52367520,3643,999960,69,14394
2139,10,0,20,5,52398060,3642,999960,69,14404
2140,6,0,22,3,52411080,3642,999960,69,14410
2141,7,0,21,4,52446300,3643,1000380,69,14417
2142,10,0,21,4,52479720,3642,1000380,69,14427
2143,5,0,18,7,52503600,3642,1000380,69,14432
2144,4,0,19,6,52509840,3642,1000380,69,14436
2145,5,0,21,4,52528560,3642,1000380,69,14441
2146,4,0,20,5,52555380,3643,1000380,69,14445
2147,14,0,22,3,52592220,3642,1006140,69,14459
2148,5,0,23,2,52607280,3642,1006140,69,14464
2149,9,0,24,1,52635540,3642,1006140,69,14473
2150,9,0,22,3,52671660,3642,1006380,69,14482
2151,9,0,24,1,52691220,3642,1006380,69,14491
2152,7,0,21,4,52728780,3642,1006380,69,14498
2153,10,0,25,0,52758480,3642,1006380,69,14508
2154,11,1,25,0,52782420,3641,1009080,69,14519
2155,7,0,23,2,52823640,3642,1011240,69,14526
2156,6,0,22,3,52854060,3642,1011240,69,14532
2157,8,0,20,5,52889820,3642,1011240,69,14540
2158,8,0,24,1,52911120,3643,1011240,69,14548
2159,6,0,23,2,52944900,3643,1011240,69,14554
2160,6,0,21,4,52965720,3643,1011240,69,14560
2161,11,0,22,3,53006700,3643,1011240,69,14571
2162,7,0,22,3,53031360,3643,1011240,69,14578
2163,7,0,20,5,53059260,3642,1011240,69,14585
2164,4,0,18,7,53083020,3643,1011240,69,14589
2165,8,0,20,5,53107680,3643,1011240,69,14597
2166,6,0,23,2,53114340,3642,1011240,69,14603
2167,14,3,25,0,53149740,3643,1011300,69,14617
2168,9,6,25,0,53179200,3643,1018800,69,14626
2169,6,2,25,0,53232540,3644,1041840,71,14632
2170,12,4,25,0,53269680,3644,1052640,71,14644
2171,5,0,25,0,53304480,3645,1059900,72,14649
2172,9,0,24,1,53337900,3644,1059900,72,14658
2173,9,0,23,2,53378760,3645,1059900,72,14667
2174,8,0,19,6,53420100,3644,1059960,72,14675
2175,9,0,24,1,53434620,3644,1059960,72,14684
2176,8,0,24,1,53459640,3644,1060080,72,14692
2177,5,0,19,6,53510820,3645,1060080,72,14697
2178,6,0,22,3,53519100,3645,1060080,72,14703
2179,9,0,21,4,53552460,3645,1060080,72,14712
2180,6,0,19,6,53571600,3644,1060080,72,14718
2181,7,0,19,6,53587380,3643,1060080,71,14725
2182,2,0,16,9,53601480,3643,1060080,71,14727
2183,6,0,17,8,53621160,3643,1060080,71,14733
2184,7,0,22,3,53626980,3643,1060080,71,14740
2185,3,0,20,5,53634480,3642,1060080,71,14743
2186,5,0,17,8,53675160,3643,1060080,71,14748
2187,5,0,19,6,53683260,3643,1060080,71,14753
2188,6,0,20,5,53703420,3643,1060080,71,14759
2189,1,0,18,7,53718720,3643,1060080,71,14760
2190,3,0,16,9,53739960,3644,1060080,71,14763
2191,7,0,19,6,53751960,3643,1060080,71,14770
2192,10,0,23,2,53773380,3643,1060080,71,14780
2193,7,0,21,4,53797980,3643,1060080,71,14787
2194,10,0,21,4,53832420,3643,1060080,71,14797
2195,9,0,25,0,53847900,3643,1060080,71,14806
2196,7,0,20,5,53896080,3643,1060080,71,14813
2197,9,0,22,3,53921700,3643,1060080,71,14822
2198,9,0,17,8,53956680,3642,1060260,71,14831
2199,6,0,21,4,53965500,3642,1060260,71,14837
2200,16,6,25,0,53980920,3641,1062240,71,14853
2201,7,0,23,2,54022860,3641,1078140,72,14860
2202,7,0,24,1,54042600,3640,1078140,72,14867
2203,9,4,22,3,54076380,3641,1080600,72,14876
2204,10,11,21,4,54106500,3642,1084020,72,14886
2205,10,18,20,5,54141660,3643,1094340,73,14896
2206,3,17,23,2,54149820,3644,1114860,74,14899
2207,5,14,25,0,54180720,3644,1158780,77,14904
2208,4,5,25,0,54243600,3645,1254360,84,14908
2209,5,0,22,3,54274260,3644,1324620,88,14913
2210,6,0,19,6,54310080,3644,1324620,88,14919
2211,5,0,22,3,54315000,3644,1324620,88,14924
2212,5,0,20,5,54339480,3644,1324620,88,14929
2213,6,0,19,6,54361920,3644,1324620,88,14935
2214,7,0,18,7,54399360,3645,1324620,88,14942
2215,8,0,20,5,54415020,3644,1324620,88,14950
2216,6,0,18,7,54426720,3643,1324620,88,14956
2217,3,0,17,8,54435480,3643,1324620,88,14959
2218,13,1,25,0,54453660,3643,1324620,88,14972
2219,9,0,21,4,54488940,3642,1325100,88,14981
2220,12,0,25,0,54512640,3641,1325460,88,14993
2221,9,0,24,1,54552300,3642,1325640,88,15002
2222,13,0,24,1,54587820,3641,1325940,88,15015
2223,12,0,24,1,54618960,3640,1325940,88,15027
2224,7,0,21,4,54660120,3640,1327200,88,15034
2225,9,0,21,4,54691440,3640,1327200,88,15043
2226,10,0,24,1,54717360,3640,1327260,88,15053
2227,7,0,23,2,54755820,3641,1328580,88,15060
2228,6,1,25,0,54764400,3641,1328580,88,15066
2229,5,0,22,3,54828780,3643,1337220,88,15071
2230,7,0,19,6,54862680,3643,1337220,88,15078
2231,2,0,14,11,54893520,3643,1337220,88,15080
2232,4,0,16,9,54895920,3643,1337220,88,15084
2233,4,0,18,7,54897660,3642,1337220,88,15088
2234,6,0,21,4,54909600,3642,1337220,88,15094
2235,5,0,22,3,54923520,3642,1337220,88,15099
2236,3,0,20,5,54946200,3643,1338480,88,15102
2237,8,4,21,4,54958800,3643,1338660,88,15110
2238,5,3,22,3,54998520,3644,1353000,89,15115
2239,2,2,24,1,55004640,3644,1364580,90,15117
2240,4,0,18,7,55066140,3646,1370280,90,15121
2241,8,0,21,4,55088040,3646,1370280,90,15129
2242,12,1,25,0,55106880,3645,1370280,90,15141
2243,6,0,23,2,55146660,3646,1370940,90,15147
2244,7,2,25,0,55160940,3646,1370940,90,15154
2245,11,2,25,0,55212960,3647,1378260,90,15165
2246,11,5,25,0,55248660,3647,1386060,91,15176
2247,9,2,25,0,55293360,3647,1404420,92,15185
2248,9,0,21,4,55333980,3646,1412160,92,15194
2249,5,0,19,6,55350060,3646,1412160,92,15199
2250,11,0,22,3,55381200,3646,1412160,92,15210
2251,8,5,24,1,55383900,3646,1412400,92,15218
2252,2,2,22,3,55431300,3647,1426560,93,15220
2253,7,0,24,1,55463520,3648,1437240,94,15227
2254,12,2,23,2,55501440,3648,1440540,94,15239
2255,5,0,20,5,55541160,3648,1445640,94,15244
2256,6,0,18,7,55574100,3648,1445640,94,15250
2257,6,0,20,5,55579620,3647,1445640,94,15256
2258,4,0,21,4,55590540,3647,1445640,94,15260
2259,3,0,18,7,55622640,3648,1445640,94,15263
2260,5,0,19,6,55636560,3648,1445640,94,15268
2261,5,0,17,8,55654920,3648,1445640,94,15273
2262,5,0,20,5,55657980,3647,1445640,94,15278
2263,12,0,23,2,55684440,3647,1445700,94,15290
2264,6,0,22,3,55711800,3647,1445700,94,15296
2265,8,0,24,1,55749300,3648,1445700,94,15304
2266,15,8,25,0,55768140,3648,1447260,94,15319
2267,6,0,23,2,55833540,3648,1467360,95,15325
2268,9,0,23,2,55863240,3648,1467360,95,15334
2269,19,11,25,0,55878720,3648,1467960,95,15353
2270,14,16,25,0,55935180,3649,1479180,96,15367
2271,9,18,25,0,55965120,3649,1490700,96,15376
2272,12,20,25,0,56008740,3650,1531920,99,15388
2273,5,11,25,0,56054820,3650,1584780,102,15393
2274,8,0,23,2,56099460,3648,1728840,112,15401
2275,9,0,24,1,56121300,3647,1728840,112,15410
2276,5,0,21,4,56151720,3647,1728900,112,15415
2277,6,0,19,6,56187960,3648,1728900,112,15421
2278,6,0,20,5,56206320,3648,1728900,112,15427
2279,2,0,18,7,56225520,3648,1728900,112,15429
2280,0,0,15,10,56244780,3648,1728900,112,15429
2281,4,0,16,9,56251080,3648,1728900,112,15433
2282,3,0,17,8,56265240,3649,1728900,112,15436
2283,6,0,19,6,56273340,3648,1728900,111,15442
2284,10,0,22,3,56287320,3647,1728900,111,15452
2285,5,0,20,5,56311620,3647,1728900,111,15457
2286,6,0,21,4,56321640,3647,1728900,111,15463
2287,5,0,18,7,56349900,3647,1728900,111,15468
2288,3,0,19,6,56355600,3647,1728900,111,15471
2289,4,0,18,7,56385240,3647,1728900,111,15475
2290,3,0,18,7,56394540,3647,1728900,111,15478
2291,9,0,21,4,56413140,3647,1728900,111,15487
2292,5,0,19,6,56435520,3647,1728900,111,15492
2293,14,0,24,1,56457720,3646,1728900,111,15506
2294,14,1,25,0,56488140,3645,1734180,111,15520
2295,11,3,25,0,56523240,3645,1745460,112,15531
2296,7,0,24,1,56572140,3646,1759680,113,15538
2297,9,0,21,4,56597160,3645,1759680,113,15547
2298,12,0,24,1,56622300,3644,1759860,113,15559
2299,11,0,24,1,56661660,3644,1759860,113,15570
2300,6,0,22,3,56691120,3644,1760160,113,15576
2301,7,0,19,6,56726880,3644,1760160,112,15583
2302,0,0,14,11,56753880,3645,1760160,112,15583
2303,5,0,18,7,56757420,3645,1760160,112,15588
2304,4,0,19,6,56764440,3645,1760160,112,15592
2305,3,0,18,7,56774160,3644,1760160,112,15595
2306,6,0,20,5,56797860,3645,1760160,112,15601
2307,3,0,21,4,56804520,3645,1760160,112,15604
2308,5,0,19,6,56834400,3645,1760160,112,15609
2309,3,0,17,8,56853120,3645,1760160,112,15612
2310,1,0,16,9,56858400,3645,1760160,112,15613
2311,8,0,20,5,56870820,3645,1760160,112,15621
2312,13,1,25,0,56886540,3644,1760160,112,15634
2313,13,7,25,0,56909100,3644,1762800,112,15647
2314,5,4,25,0,56941920,3644,1777080,113,15652
2315,7,0,22,3,56990580,3644,1802520,115,15659
2316,10,0,23,2,57017580,3644,1802520,115,15669
2317,7,1,25,0,57039000,3644,1802520,114,15676
2318,4,0,18,7,57099660,3645,1802760,114,15680
2319,9,0,24,1,57112080,3645,1802760,114,15689
2320,10,0,22,3,57158160,3645,1806660,115,15699
2321,6,0,19,6,57184500,3645,1806660,115,15705
2322,8,1,25,0,57192720,3645,1806660,114,15713
2323,7,0,24,1,57225900,3645,1807560,114,15720
2324,1,0,16,9,57271380,3646,1807560,114,15721
2325,1,0,16,9,57275640,3646,1807560,114,15722
2326,2,0,17,8,57283680,3647,1807560,114,15724
2327,8,0,22,3,57288300,3646,1807560,114,15732
2328,5,0,20,5,57313560,3646,1807560,114,15737
2329,4,0,20,5,57330660,3646,1807560,114,15741
2330,4,0,20,5,57355560,3647,1807560,114,15745
2331,3,0,19,6,57375960,3647,1807560,114,15748
2332,6,0,18,7,57390840,3647,1807560,114,15754
2333,6,0,22,3,57402060,3647,1807560,114,15760
2334,7,0,22,3,57432060,3647,1807560,114,15767
2335,8,1,25,0,57453240,3648,1807560,114,15775
2336,3,0,17,8,57500340,3648,1807560,114,15778
2337,8,0,22,3,57509520,3648,1807560,114,15786
2338,9,0,25,0,57533340,3648,1807560,114,15795
2339,8,0,23,2,57559200,3647,1809420,114,15803
2340,5,0,22,3,57589500,3648,1809420,114,15808
2341,4,0,20,5,57613860,3648,1809420,114,15812
2342,6,0,21,4,57640860,3648,1809420,114,15818
2343,8,0,21,4,57661620,3648,1809420,114,15826
2344,10,0,24,1,57679440,3647,1809420,114,15836
2345,9,0,22,3,57717960,3647,1812540,114,15845
2346,5,0,22,3,57744000,3648,1812540,114,15850
2347,6,0,18,7,57776760,3647,1812540,114,15856
2348,7,0,22,3,57792420,3648,1812540,114,15863
2349,6,0,24,1,57802980,3648,1812540,114,15869
2350,4,0,20,5,57833520,3648,1812540,114,15873
2351,5,0,19,6,57860580,3648,1812540,114,15878
2352,4,0,19,6,57885000,3649,1812540,114,15882
2353,3,0,18,7,57901140,3649,1812540,114,15885
2354,4,0,17,8,57921420,3649,1812540,114,15889
2355,4,0,18,7,57927900,3649,1812540,114,15893
2356,5,0,18,7,57947700,3649,1812540,114,15898
2357,6,0,21,4,57961380,3649,1812540,113,15904
2358,3,0,19,6,57982140,3649,1812540,113,15907
2359,7,0,17,8,58009800,3649,1812540,113,15914
2360,6,0,19,6,58026900,3649,1812540,113,15920
2361,8,0,25,0,58031880,3649,1812540,113,15928
2362,4,0,22,3,58059900,3649,1812540,113,15932
2363,10,0,21,4,58103040,3649,1812540,113,15942
2364,8,0,22,3,58128420,3649,1812540,113,15950
2365,9,0,23,2,58160520,3649,1812540,113,15959
2366,10,1,25,0,58182180,3649,1812660,113,15969
2367,8,1,25,0,58219440,3649,1813260,113,15977
2368,12,0,22,3,58262220,3648,1814520,113,15989
2369,5,0,18,7,58286340,3648,1814520,113,15994
2370,11,0,24,1,58308480,3648,1814520,113,16005
2371,5,0,22,3,58329840,3648,1814580,113,16010
2372,7,0,22,3,58360080,3648,1814580,113,16017
2373,7,0,24,1,58380300,3648,1814820,113,16024
2374,4,0,18,7,58439340,3650,1814820,113,16028
2375,3,0,18,7,58453980,3650,1814820,113,16031
2376,3,0,19,6,58465740,3650,1814820,113,16034
2377,5,0,20,5,58480380,3650,1814820,113,16039
2378,10,0,25,0,58495440,3650,1814820,113,16049
2379,4,0,20,5,58532220,3650,1814820,113,16053
2380,3,0,17,8,58552560,3650,1814820,113,16056
2381,6,0,16,9,58574820,3650,1814820,112,16062
2382,6,0,17,8,58580640,3649,1814820,112,16068
2383,7,0,21,4,58583220,3649,1814820,112,16075
2384,6,0,19,6,58612440,3649,1814820,112,16081
2385,9,0,22,3,58630080,3648,1814820,112,16090
2386,9,0,24,1,58661640,3649,1815360,112,16099
2387,14,9,22,3,58681320,3648,1815840,112,16113
2388,12,11,25,0,58736340,3650,1837200,113,16125
2389,7,11,25,0,58764300,3650,1857420,115,16132
2390,9,11,25,0,58796880,3650,1887240,116,16141
2391,9,11,25,0,58844760,3651,1905780,118,16150
2392,9,8,25,0,58887600,3651,1944300,120,16159
2393,7,6,25,0,58908480,3650,1961040,121,16166
2394,11,0,25,0,58972080,3651,2067360,127,16177
2395,9,0,21,4,59002920,3650,2067600,127,16186
2396,7,0,23,2,59015460,3649,2067600,127,16193
2397,3,0,20,5,59047980,3650,2067600,127,16196
2398,5,0,21,4,59069280,3650,2067600,127,16201
2399,3,0,19,6,59089020,3650,2067600,127,16204

