Hour,Arrivals,Waiting,Treating,Available Rooms,Total Treatment Time,Average Treatment Time,Total Wait Time,Average Wait Time,Total Arrivals
1,4,0,2,23,3480,1740,0,0,4
2,5,0,3,22,11160,1860,0,0,9
3,6,0,6,19,15480,1720,0,0,15
4,6,0,7,18,36300,2592,0,0,21
5,7,0,8,17,50580,2529,0,0,28
6,5,0,4,21,87780,3026,0,0,33
7,4,0,5,20,94380,2949,0,0,37
8,5,0,6,19,110040,3056,0,0,42
9,9,0,4,21,135240,2877,0,0,51
10,8,0,7,18,148200,2850,0,0,59
11,7,0,7,18,173820,2946,0,0,66
12,7,0,8,17,197220,3034,0,0,73
13,6,0,5,20,224160,3029,0,0,79
14,10,0,7,18,238380,2907,0,0,89
15,7,0,8,17,260160,2956,0,0,96
16,10,0,10,15,283920,2957,0,0,106
17,10,0,11,14,327540,3119,0,0,116
18,6,0,8,17,364860,3200,0,0,122
19,10,0,12,13,397440,3312,0,0,132
20,12,0,16,9,420900,3288,0,0,144
21,4,0,9,16,489480,3521,0,0,148
22,4,0,4,21,531900,3593,0,0,152
23,1,0,1,24,552840,3637,0,0,153
24,2,0,3,22,552840,3637,0,0,155
25,4,0,4,21,558840,3605,0,0,159
26,3,0,4,21,571620,3617,0,0,162
27,2,0,3,22,578820,3595,0,0,164
28,4,0,4,21,589680,3595,0,0,168
29,5,0,6,19,594840,3561,0,0,173
30,2,0,5,20,608160,3577,0,0,175
31,5,0,6,19,645120,3707,0,0,180
32,10,0,7,18,674340,3684,0,0,190
33,6,0,2,23,707400,3646,0,0,196
34,11,0,8,17,722700,3631,0,0,207
35,7,0,8,17,741600,3600,0,0,214
36,8,0,7,18,777360,3615,0,0,222
37,5,0,4,21,811560,3639,0,0,227
38,9,0,6,19,823320,3579,0,0,236
39,7,0,5,20,844860,3549,0,0,243
40,7,0,5,20,866040,3534,0,0,250
41,12,0,12,13,877680,3510,0,0,262
42,12,0,15,10,900720,3477,0,0,274
43,9,0,11,14,950580,3494,0,0,283
44,5,0,4,21,1016880,3580,0,0,288
45,8,0,6,19,1033740,3564,0,0,296
46,3,0,5,20,1044660,3553,0,0,299
47,7,0,7,18,1065960,3565,0,0,306
48,5,0,9,16,1073100,3553,0,0,311
49,4,0,6,19,1108020,3585,0,0,315
50,6,0,5,20,1137000,3598,0,0,321
51,8,0,8,17,1155000,3598,0,0,329
52,3,0,5,20,1177800,3601,0,0,332
53,3,0,4,21,1194540,3608,0,0,335
54,5,0,6,19,1206780,3613,0,0,340
55,5,0,3,22,1239780,3625,0,0,345
56,5,0,4,21,1250220,3613,0,0,350
57,3,0,4,21,1259340,3608,0,0,353
58,4,0,4,21,1275360,3612,0,0,357
59,11,0,8,17,1289100,3580,0,0,368
60,6,0,8,17,1313640,3589,0,0,374
61,6,0,4,21,1347300,3583,0,0,380
62,12,0,10,15,1363440,3569,0,0,392
63,11,0,12,13,1394880,3567,0,0,403
64,13,0,13,12,1438020,3568,0,0,416
65,5,0,13,12,1454280,3564,0,0,421
66,9,0,9,16,1519260,3608,0,0,430
67,7,0,7,18,1549920,3604,0,0,437
68,7,0,7,18,1578780,3612,0,0,444
69,5,0,6,19,1600620,3613,0,0,449
70,4,0,5,20,1616880,3609,0,0,453
71,4,0,5,20,1630020,3606,0,0,457
72,6,0,6,19,1655460,3622,0,0,463
73,7,0,7,18,1670940,3608,0,0,470
74,5,0,8,17,1695360,3630,0,0,475
75,5,0,4,21,1729020,3632,0,0,480
76,4,0,4,21,1733820,3612,0,0,484
77,4,0,3,22,1754760,3618,0,0,488
78,8,0,4,21,1763940,3585,0,0,496
79,13,0,10,15,1781580,3570,0,0,509
80,6,0,3,22,1819200,3553,0,0,515
81,10,0,6,19,1827000,3520,0,0,525
82,9,0,6,19,1847220,3498,0,0,534
83,7,0,6,19,1872360,3499,0,0,541
84,13,0,12,13,1901640,3508,0,0,554
85,5,0,6,19,1933800,3496,0,0,559
86,14,0,12,13,1957920,3490,0,0,573
87,8,0,9,16,1997940,3492,0,0,581
88,8,0,10,15,2029980,3506,0,0,589
89,12,0,12,13,2053860,3487,0,0,601
90,5,0,4,21,2110380,3505,0,0,606
91,6,0,5,20,2133900,3515,0,0,612
92,8,0,8,17,2149860,3512,0,0,620
93,9,0,10,15,2173980,3512,0,0,629
94,8,0,5,20,2225760,3521,0,0,637
95,5,0,4,21,2248380,3524,0,0,642
96,4,0,3,22,2262060,3517,0,0,646
97,7,0,9,16,2264160,3515,0,0,653
98,5,0,5,20,2295720,3515,0,0,658
99,5,0,6,19,2307660,3512,0,0,663
100,6,0,5,20,2329260,3507,0,0,669
101,9,0,7,18,2348940,3500,0,0,678
102,6,0,10,15,2360400,3502,0,0,684
103,10,0,12,13,2398860,3517,0,0,694
104,8,0,9,16,2435460,3514,0,0,702
105,13,0,12,13,2472300,3516,0,0,715
106,7,0,8,17,2513460,3520,0,0,722
107,7,0,4,21,2549340,3516,0,0,729
108,12,0,11,14,2561340,3508,0,0,741
109,5,0,8,17,2587080,3505,0,0,746
110,13,0,11,14,2628600,3514,0,0,759
111,15,0,16,9,2665380,3516,0,0,774
112,11,0,12,13,2718780,3517,0,0,785
113,8,0,12,13,2746380,3516,0,0,793
114,11,0,7,18,2811120,3527,0,0,804
115,6,0,9,16,2819400,3519,0,0,810
116,6,0,6,19,2847180,3515,0,0,816
117,5,0,8,17,2866500,3525,0,0,821
118,5,0,3,22,2901060,3524,0,0,826
119,9,0,6,19,2909760,3509,0,0,835
120,3,0,4,21,2927340,3510,0,0,838
121,6,0,5,20,2942760,3507,0,0,844
122,1,0,2,23,2967300,3519,0,0,845
123,4,0,4,21,2975460,3521,0,0,849
124,9,0,5,20,3000960,3518,0,0,858
125,5,0,6,19,3015060,3518,0,0,863
126,10,0,7,18,3033660,3503,0,0,873
127,5,0,5,20,3063900,3509,0,0,878
128,12,0,8,17,3082140,3494,0,0,890
129,5,0,7,18,3115380,3508,0,0,895
130,8,0,6,19,3138420,3498,0,0,903
131,5,0,8,17,3148140,3497,0,0,908
132,12,0,13,12,3192060,3519,0,0,920
133,9,0,12,13,3226740,3518,0,0,929
134,9,0,7,18,3265200,3507,0,0,938
135,8,0,9,16,3300540,3522,0,0,946
136,5,0,5,20,3330300,3520,0,0,951
137,4,0,6,19,3342120,3521,0,0,955
138,12,0,12,13,3371040,3529,0,0,967
139,7,0,11,14,3394440,3524,0,0,974
140,8,0,7,18,3455280,3543,0,0,982
141,6,0,4,21,3485640,3542,0,0,988
142,8,0,9,16,3494340,3540,0,0,996
143,3,0,5,20,3524340,3545,0,0,999
144,2,0,3,22,3548280,3555,0,0,1001
145,4,0,2,23,3560640,3549,0,0,1005
146,4,0,5,20,3561600,3547,0,0,1009
147,5,0,4,21,3582300,3546,0,0,1014
148,4,0,7,18,3588000,3548,0,0,1018
149,4,0,4,21,3609120,3545,0,0,1022
150,3,0,2,23,3641760,3559,0,0,1025
151,0,0,0,25,3652860,3563,0,0,1025
152,6,0,5,20,3654720,3562,0,0,1031
153,8,0,5,20,3673560,3552,0,0,1039
154,3,0,5,20,3680520,3549,0,0,1042
155,8,0,7,18,3710640,3557,0,0,1050
156,10,0,8,17,3737820,3553,0,0,1060
157,7,0,7,18,3762420,3549,0,0,1067
158,8,0,8,17,3802440,3563,0,0,1075
159,9,0,9,16,3819780,3553,0,0,1084
160,12,0,14,11,3851760,3559,0,0,1096
161,7,0,11,14,3901320,3572,0,0,1103
162,10,0,11,14,3935220,3570,0,0,1113
163,10,0,11,14,3985320,3583,0,0,1123
164,6,0,9,16,4016640,3586,0,0,1129
165,5,0,5,20,4050240,3587,0,0,1134
166,6,0,6,19,4081560,3599,0,0,1140
167,5,0,7,18,4094940,3598,0,0,1145
168,6,0,6,19,4123020,3600,0,0,1151
169,6,0,7,18,4146960,3606,0,0,1157
170,4,0,2,23,4176900,3603,0,0,1161
171,5,0,4,21,4183860,3600,0,0,1166
172,3,0,3,22,4201560,3603,0,0,1169
173,4,0,5,20,4210860,3605,0,0,1173
174,4,0,4,21,4229940,3606,0,0,1177
175,3,0,5,20,4238880,3607,0,0,1180
176,10,0,9,16,4256160,3603,0,0,1190
177,9,0,8,17,4278180,3592,0,0,1199
178,10,0,12,13,4299600,3591,0,0,1209
179,10,0,13,12,4328340,3589,0,0,1219
180,8,0,6,19,4372080,3580,0,0,1227
181,4,0,4,21,4414680,3597,0,0,1231
182,4,0,3,22,4426020,3592,0,0,1235
183,5,0,5,20,4436520,3592,0,0,1240
184,6,0,4,21,4451340,3584,0,0,1246
185,3,0,4,21,4469940,3590,0,0,1249
186,6,0,3,22,4485120,3582,0,0,1255
187,5,0,5,20,4489260,3577,0,0,1260
188,6,0,4,21,4509540,3573,0,0,1266
189,6,0,4,21,4531800,3573,0,0,1272
190,2,0,1,24,4547280,3572,0,0,1274
191,3,0,2,23,4550520,3569,0,0,1277
192,5,0,2,23,4557600,3560,0,0,1282
193,3,0,4,21,4560840,3560,0,0,1285
194,7,0,7,18,4566840,3553,0,0,1292
195,5,0,7,18,4595700,3562,0,0,1297
196,5,0,4,21,4622460,3561,0,0,1302
197,7,0,6,19,4640160,3561,0,0,1309
198,7,0,8,17,4657080,3560,0,0,1316
199,5,0,5,20,4686120,3560,0,0,1321
200,12,0,12,13,4702560,3559,0,0,1333
201,12,0,13,12,4735920,3555,0,0,1345
202,4,0,3,22,4786320,3555,0,0,1349
203,9,0,7,18,4803600,3555,0,0,1358
204,9,0,8,17,4815720,3543,0,0,1367
205,13,0,12,13,4843320,3540,0,0,1380
206,7,0,10,15,4878120,3542,0,0,1387
207,9,0,10,15,4905840,3539,0,0,1396
208,9,0,10,15,4943040,3543,0,0,1405
209,7,0,7,18,4980900,3545,0,0,1412
210,5,0,3,22,5012040,3544,0,0,1417
211,4,0,5,20,5015220,3541,0,0,1421
212,5,0,3,22,5032920,3536,0,0,1426
213,7,0,7,18,5051040,3542,0,0,1433
214,4,0,5,20,5065560,3537,0,0,1437
215,4,0,2,23,5089080,3536,0,0,1441
216,5,0,3,22,5107440,3539,0,0,1446
217,5,0,4,21,5118300,3537,0,0,1451
218,5,0,5,20,5133660,3538,0,0,1456
219,4,0,5,20,5143500,3535,0,0,1460
220,4,0,4,21,5166360,3538,0,0,1464
221,3,0,4,21,5173800,3536,0,0,1467
222,4,0,3,22,5197080,3540,0,0,1471
223,3,0,4,21,5209620,3543,0,0,1474
224,11,0,11,14,5221200,3542,0,0,1485
225,3,0,5,20,5250720,3540,0,0,1488
226,12,0,8,17,5281320,3539,0,0,1500
227,12,0,12,13,5303400,3535,0,0,1512
228,7,0,9,16,5341260,3537,0,0,1519
229,10,0,9,16,5380920,3540,0,0,1529
230,10,0,6,19,5415180,3532,0,0,1539
231,9,0,8,17,5431860,3527,0,0,1548
232,10,0,10,15,5453760,3523,0,0,1558
233,9,0,13,12,5479260,3525,0,0,1567
234,5,0,7,18,5533620,3535,0,0,1572
235,6,0,6,19,5563800,3539,0,0,1578
236,9,0,10,15,5579700,3538,0,0,1587
237,3,0,5,20,5613120,3541,0,0,1590
238,6,0,5,20,5633280,3540,0,0,1596
239,10,0,9,16,5650320,3538,0,0,1606
240,2,0,3,22,5680800,3539,0,0,1608
241,2,0,2,23,5698500,3543,0,0,1610
242,3,0,3,22,5703000,3542,0,0,1613
243,2,0,3,22,5714700,3545,0,0,1615
244,3,0,3,22,5727120,3546,0,0,1618
245,6,0,4,21,5745900,3546,0,0,1624
246,3,0,4,21,5753280,3544,0,0,1627
247,10,0,5,20,5775960,3539,0,0,1637
248,3,0,4,21,5786580,3537,0,0,1640
249,9,0,8,17,5804340,3537,0,0,1649
250,4,0,7,18,5822520,3537,0,0,1653
251,9,0,9,16,5852880,3540,0,0,1662
252,10,0,8,17,5887140,3537,0,0,1672
253,9,0,10,15,5909160,3536,0,0,1681
254,14,0,13,12,5959020,3542,0,0,1695
255,3,0,10,15,5984100,3545,0,0,1698
256,9,0,10,15,6037260,3557,0,0,1707
257,4,0,4,21,6075000,3558,0,0,1711
258,7,0,6,19,6087780,3555,0,0,1718
259,12,0,10,15,6111240,3553,0,0,1730
260,7,0,9,16,6146580,3557,0,0,1737
261,6,0,9,16,6169980,3558,0,0,1743
262,6,0,5,20,6222120,3567,0,0,1749
263,3,0,3,22,6249480,3573,0,0,1752
264,3,0,1,24,6261000,3569,0,0,1755
265,6,0,5,20,6269760,3570,0,0,1761
266,2,0,5,20,6278520,3571,0,0,1763
267,2,0,2,23,6303840,3575,0,0,1765
268,2,0,1,24,6316680,3576,0,0,1767
269,7,0,4,21,6320280,3570,0,0,1774
270,7,0,5,20,6336660,3567,0,0,1781
271,6,0,7,18,6347640,3566,0,0,1787
272,4,0,6,19,6367500,3567,0,0,1791
273,8,0,8,17,6386640,3565,0,0,1799
274,6,0,5,20,6423120,3568,0,0,1805
275,15,0,16,9,6429840,3564,0,0,1820
276,6,0,7,18,6478560,3561,0,0,1826
277,5,0,7,18,6496980,3561,0,0,1831
278,5,0,6,19,6524160,3565,0,0,1836
279,6,0,7,18,6540360,3564,0,0,1842
280,8,0,7,18,6565140,3562,0,0,1850
281,15,0,15,10,6591660,3563,0,0,1865
282,6,0,15,10,6612480,3562,0,0,1871
283,2,0,3,22,6691920,3578,0,0,1873
284,6,0,5,20,6702180,3576,0,0,1879
285,6,0,6,19,6724680,3578,0,0,1885
286,1,0,2,23,6745440,3580,0,0,1886
287,3,0,3,22,6760200,3584,0,0,1889
288,6,0,7,18,6763980,3582,0,0,1895
289,2,0,2,23,6796200,3586,0,0,1897
290,4,0,4,21,6802260,3585,0,0,1901
291,5,0,7,18,6810540,3586,0,0,1906
292,4,0,4,21,6835080,3586,0,0,1910
293,3,0,1,24,6857760,3586,0,0,1913
294,8,0,4,21,6873180,3585,0,0,1921
295,8,0,8,17,6882060,3582,0,0,1929
296,1,0,5,20,6896580,3582,0,0,1930
297,9,0,9,16,6923700,3587,0,0,1939
298,9,0,8,17,6957960,3586,0,0,1948
299,5,0,6,19,6980580,3585,0,0,1953
300,18,0,14,11,7008840,3581,0,0,1971
301,13,0,14,11,7046280,3576,0,0,1984
302,5,0,10,15,7081800,3578,0,0,1989
303,11,0,11,14,7135740,3587,0,0,2000
304,7,0,8,17,7162620,3583,0,0,2007
305,9,0,7,18,7202760,3585,0,0,2016
306,9,0,10,15,7228800,3587,0,0,2025
307,8,0,7,18,7259820,3583,0,0,2033
308,10,0,10,15,7290960,3586,0,0,2043
309,4,0,6,19,7317960,3585,0,0,2047
310,8,0,7,18,7347540,3587,0,0,2055
311,5,0,6,19,7375320,3590,0,0,2060
312,2,0,3,22,7396320,3592,0,0,2062
313,11,0,7,18,7420260,3591,0,0,2073
314,5,0,7,18,7436520,3590,0,0,2078
315,3,0,3,22,7460580,3590,0,0,2081
316,1,0,1,24,7478520,3593,0,0,2082
317,7,0,5,20,7482840,3590,0,0,2089
318,3,0,4,21,7493040,3588,0,0,2092
319,6,0,7,18,7503660,3588,0,0,2098
320,9,0,7,18,7529400,3585,0,0,2107
321,8,0,9,16,7547940,3584,0,0,2115
322,9,0,7,18,7581180,3581,0,0,2124
323,18,0,14,11,7609800,3576,0,0,2142
324,5,0,6,19,7647780,3572,0,0,2147
325,20,0,14,11,7670040,3562,0,0,2167
326,6,0,9,16,7716120,3565,0,0,2173
327,12,0,14,11,7742940,3566,0,0,2185
328,6,0,9,16,7804620,3576,0,0,2191
329,6,0,8,17,7834800,3579,0,0,2197
330,9,0,11,14,7857600,3579,0,0,2206
331,5,0,11,14,7890840,3586,0,0,2211
332,5,0,4,21,7949580,3593,0,0,2216
333,8,0,7,18,7972620,3596,0,0,2224
334,6,0,5,20,7999440,3595,0,0,2230
335,6,0,4,21,8024880,3595,0,0,2236
336,4,0,6,19,8028840,3593,0,0,2240
337,3,0,5,20,8049480,3596,0,0,2243
338,5,0,8,17,8051100,3594,0,0,2248
339,2,0,3,22,8095080,3602,0,0,2250
340,5,0,7,18,8095920,3601,0,0,2255
341,6,0,9,16,8115060,3603,0,0,2261
342,5,0,5,20,8156400,3607,0,0,2266
343,5,0,3,22,8171880,3603,0,0,2271
344,8,0,7,18,8186220,3603,0,0,2279
345,8,0,6,19,8208240,3598,0,0,2287
346,7,0,7,18,8226960,3597,0,0,2294
347,6,0,6,19,8250480,3596,0,0,2300
348,7,0,5,20,8291040,3601,0,0,2307
349,8,0,10,15,8303400,3602,0,0,2315
350,9,0,11,14,8335500,3603,0,0,2324
351,7,0,10,15,8362680,3603,0,0,2331
352,13,0,11,14,8409720,3604,0,0,2344
353,8,0,10,15,8435220,3601,0,0,2352
354,11,0,10,15,8485200,3606,0,0,2363
355,6,0,10,15,8511420,3608,0,0,2369
356,3,0,4,21,8562720,3616,0,0,2372
357,8,0,6,19,8586000,3616,0,0,2380
358,8,0,6,19,8614320,3616,0,0,2388
359,3,0,4,21,8631420,3616,0,0,2391
360,3,0,3,22,8650680,3618,0,0,2394
361,1,0,2,23,8660880,3619,0,0,2395
362,8,0,5,20,8673300,3616,0,0,2403
363,4,0,4,21,8689980,3616,0,0,2407
364,7,0,6,19,8704080,3614,0,0,2414
365,2,0,4,21,8724540,3617,0,0,2416
366,8,0,6,19,8741640,3615,0,0,2424
367,7,0,7,18,8767500,3616,0,0,2431
368,5,0,6,19,8794140,3618,0,0,2436
369,11,0,11,14,8806680,3615,0,0,2447
370,10,0,13,12,8833440,3614,0,0,2457
371,7,0,8,17,8889660,3619,60,0,2464
372,17,0,21,4,8901840,3618,60,0,2481
373,4,0,8,17,8978160,3624,60,0,2485
374,11,0,8,17,9029220,3629,60,0,2496
375,11,0,8,17,9057060,3624,60,0,2507
376,10,0,11,14,9089280,3627,60,0,2517
377,9,0,11,14,9113460,3623,60,0,2526
378,6,0,7,18,9150240,3623,60,0,2532
379,8,0,8,17,9172560,3622,60,0,2540
380,5,0,6,19,9205080,3625,60,0,2545
381,1,0,0,25,9234000,3626,60,0,2546
382,5,0,3,22,9235800,3624,60,0,2551
383,5,0,5,20,9243120,3623,60,0,2556
384,6,0,8,17,9249000,3621,60,0,2562
385,2,0,6,19,9276300,3626,60,0,2564
386,3,0,4,21,9313680,3633,60,0,2567
387,3,0,3,22,9334680,3636,60,0,2570
388,8,0,7,18,9349380,3636,60,0,2578
389,8,0,6,19,9375300,3633,60,0,2586
390,4,0,6,19,9394320,3635,60,0,2590
391,4,0,4,21,9413160,3634,60,0,2594
392,9,0,7,18,9429240,3632,60,0,2603
393,8,0,6,19,9451560,3628,60,0,2611
394,5,0,4,21,9469860,3625,60,0,2616
395,10,0,7,18,9496860,3626,60,0,2626
396,11,0,10,15,9518400,3623,60,0,2637
397,6,0,7,18,9544020,3620,60,0,2643
398,10,0,9,16,9570900,3619,60,0,2653
399,10,0,10,15,9603180,3619,60,0,2663
400,4,0,8,17,9639780,3625,60,0,2667
401,7,0,9,16,9673620,3629,60,0,2674
402,7,0,9,16,9693540,3627,60,0,2681
403,5,0,5,20,9736380,3631,60,0,2686
404,5,0,5,20,9750240,3630,60,0,2691
405,9,0,8,17,9760140,3625,60,0,2700
406,6,0,9,16,9777960,3625,60,0,2706
407,3,0,8,17,9816960,3634,60,0,2709
408,5,0,7,18,9852480,3639,60,0,2714
409,5,0,7,18,9884520,3644,60,0,2719
410,3,0,5,20,9910860,3647,60,0,2722
411,4,0,2,23,9942060,3649,60,0,2726
412,5,0,5,20,9949380,3649,60,0,2731
413,5,0,4,21,9967140,3648,60,0,2736
414,9,0,6,19,9984000,3645,60,0,2745
415,4,0,4,21,10006080,3645,60,0,2749
416,7,0,6,19,10021860,3644,60,0,2756
417,6,0,6,19,10051740,3647,60,0,2762
418,3,0,4,21,10074120,3648,60,0,2765
419,7,0,8,17,10088700,3650,60,0,2772
420,12,0,12,13,10105800,3645,60,0,2784
421,11,0,9,16,10153140,3644,60,0,2795
422,8,0,9,16,10188300,3646,60,0,2803
423,11,0,9,16,10222920,3644,60,0,2814
424,6,0,4,21,10252260,3640,60,0,2820
425,5,0,5,20,10269840,3641,60,0,2825
426,5,0,5,20,10288320,3641,60,0,2830
427,3,0,5,20,10298760,3641,60,0,2833
428,6,0,4,21,10326600,3642,60,0,2839
429,8,0,7,18,10338180,3640,60,0,2847
430,5,0,5,20,10361460,3639,60,0,2852
431,4,0,3,22,10393320,3642,60,0,2856
432,7,0,5,20,10404720,3640,60,0,2863
433,4,0,5,20,10419060,3640,60,0,2867
434,3,0,3,22,10439640,3641,60,0,2870
435,5,0,7,18,10447800,3642,60,0,2875
436,8,0,9,16,10461480,3640,60,0,2883
437,4,0,4,21,10495500,3640,60,0,2887
438,2,0,1,24,10523460,3643,60,0,2889
439,5,0,5,20,10529400,3644,60,0,2894
440,6,0,7,18,10542360,3644,60,0,2900
441,8,0,8,17,10568880,3644,60,0,2908
442,10,0,10,15,10586220,3640,60,0,2918
443,5,0,5,20,10628400,3642,60,0,2923
444,13,0,10,15,10651560,3640,60,0,2936
445,9,0,9,16,10691520,3641,60,0,2945
446,10,0,11,14,10716060,3639,60,0,2955
447,8,0,6,19,10762260,3639,60,0,2963
448,8,0,9,16,10789860,3642,60,0,2971
449,10,0,9,16,10819620,3640,60,0,2981
450,7,0,5,20,10861440,3641,60,0,2988
451,7,0,5,20,10887780,3641,60,0,2995
452,4,0,4,21,10904340,3640,60,0,2999
453,4,0,3,22,10923300,3641,60,0,3003
454,4,0,6,19,10929240,3641,60,0,3007
455,6,0,8,17,10953840,3645,60,0,3013
456,4,0,7,18,10981380,3648,60,0,3017
457,6,0,5,20,11014260,3649,60,0,3023
458,8,0,7,18,11036520,3649,60,0,3031
459,6,0,6,19,11052840,3646,60,0,3037
460,8,0,9,16,11081220,3649,60,0,3045
461,6,0,7,18,11110800,3650,60,0,3051
462,5,0,7,18,11123520,3648,60,0,3056
463,6,0,6,19,11162700,3652,60,0,3062
464,2,0,3,22,11176560,3651,60,0,3064
465,7,0,5,20,11197140,3652,60,0,3071
466,13,0,12,13,11210640,3649,60,0,3084
467,9,0,12,13,11245080,3649,60,0,3093
468,13,0,11,14,11301780,3651,60,0,3106
469,13,0,11,14,11322360,3642,60,0,3119
470,6,0,5,20,11376840,3646,60,0,3125
471,11,0,11,14,11392320,3645,60,0,3136
472,11,0,13,12,11418300,3643,60,0,3147
473,6,0,5,20,11467440,3642,60,0,3153
474,7,0,4,21,11495640,3642,60,0,3160
475,7,0,7,18,11507640,3641,60,0,3167
476,5,0,5,20,11528700,3640,60,0,3172
477,3,0,1,24,11550480,3639,60,0,3175
478,8,0,5,20,11562300,3638,60,0,3183
479,7,0,6,19,11572140,3634,60,0,3190
480,0,0,1,24,11593800,3635,60,0,3190
481,5,0,3,22,11606820,3636,60,0,3195
482,4,0,3,22,11616300,3634,60,0,3199
483,5,0,2,23,11637060,3634,60,0,3204
484,6,0,7,18,11642400,3634,60,0,3210
485,6,0,7,18,11659920,3633,60,0,3216
486,3,0,4,21,11675460,3631,60,0,3219
487,4,0,4,21,11696880,3633,60,0,3223
488,12,0,11,14,11709300,3631,60,0,3235
489,13,0,10,15,11744400,3627,60,0,3248
490,9,0,10,15,11771580,3625,60,0,3257
491,9,0,10,15,11806680,3626,60,0,3266
492,10,0,9,16,11846220,3626,60,0,3276
493,9,0,9,16,11892420,3630,60,0,3285
494,9,0,10,15,11914380,3628,60,0,3294
495,6,0,5,20,11953380,3627,60,0,3300
496,5,0,7,18,11967360,3628,60,0,3305
497,5,0,7,18,11989260,3629,60,0,3310
498,7,0,7,18,12016740,3630,60,0,3317
499,6,0,7,18,12037200,3630,60,0,3323
500,7,0,5,20,12073860,3631,60,0,3330
501,10,0,8,17,12087180,3627,60,0,3340
502,7,0,12,13,12104520,3629,60,0,3347
503,3,0,7,18,12151620,3634,60,0,3350
504,2,0,2,23,12190980,3639,60,0,3352
505,3,0,2,23,12201360,3638,60,0,3355
506,7,0,6,19,12209580,3638,60,0,3362
507,6,0,7,18,12224100,3637,60,0,3368
508,10,0,9,16,12249720,3636,60,0,3378
509,1,0,5,20,12268800,3636,60,0,3379
510,6,0,4,21,12301440,3638,60,0,3385
511,11,0,8,17,12314580,3634,60,0,3396
512,7,0,3,22,12350700,3632,60,0,3403
513,7,0,7,18,12353100,3630,60,0,3410
514,11,0,9,16,12378180,3627,60,0,3421
515,8,0,8,17,12415140,3629,60,0,3429
516,7,0,6,19,12449340,3629,60,0,3436
517,13,0,8,17,12480420,3626,60,0,3449
518,7,0,7,18,12500760,3624,60,0,3456
519,10,0,11,14,12517080,3622,60,0,3466
520,9,0,8,17,12559800,3622,60,0,3475
521,4,0,7,18,12581580,3623,60,0,3479
522,7,0,7,18,12615420,3626,60,0,3486
523,6,0,5,20,12641880,3625,60,0,3492
524,8,0,6,19,12661440,3623,60,0,3500
525,7,0,7,18,12679140,3622,60,0,3507
526,9,0,9,16,12696240,3620,60,0,3516
527,6,0,10,15,12719220,3621,60,0,3522
528,6,0,7,18,12753960,3622,60,0,3528
529,3,0,3,22,12786660,3624,60,0,3531
530,6,0,9,16,12786660,3624,60,0,3537
531,9,0,7,18,12819600,3622,60,0,3546
532,2,0,5,20,12831120,3621,60,0,3548
533,5,0,5,20,12856020,3623,60,0,3553
534,9,0,10,15,12873660,3624,60,0,3562
535,6,0,11,14,12887880,3623,60,0,3568
536,6,0,7,18,12931380,3625,60,0,3574
537,8,0,5,20,12978000,3628,60,0,3582
538,11,0,13,12,12985800,3627,60,0,3593
539,11,0,6,19,13041900,3624,60,0,3604
540,9,0,7,18,13071300,3624,60,0,3613
541,9,0,11,14,13095300,3626,60,0,3622
542,4,0,5,20,13127880,3625,60,0,3626
543,6,0,3,22,13166700,3628,60,0,3632
544,5,0,5,20,13176120,3627,60,0,3637
545,7,0,9,16,13187340,3627,60,0,3644
546,5,0,6,19,13220340,3628,60,0,3649
547,10,0,10,15,13246920,3630,60,0,3659
548,6,0,8,17,13277100,3630,60,0,3665
549,5,0,8,17,13301400,3632,60,0,3670
550,5,0,5,20,13340280,3634,60,0,3675
551,5,0,6,19,13351440,3634,60,0,3680
552,5,0,6,19,13378920,3636,60,0,3685
553,2,0,3,22,13394040,3635,60,0,3687
554,4,0,3,22,13411260,3636,60,0,3691
555,4,0,7,18,13411260,3636,60,0,3695
556,5,0,5,20,13441980,3637,60,0,3700
557,3,0,1,24,13465920,3637,60,0,3703
558,5,0,3,22,13473240,3636,60,0,3708
559,3,0,5,20,13480440,3637,60,0,3711
560,11,0,6,19,13508460,3635,60,0,3722
561,6,0,6,19,13525560,3633,60,0,3728
562,13,0,8,17,13559040,3632,60,0,3741
563,3,0,4,21,13579140,3630,60,0,3744
564,10,0,10,15,13597860,3631,60,0,3754
565,9,0,5,20,13638300,3629,60,0,3763
566,3,0,2,23,13655340,3627,60,0,3766
567,6,0,6,19,13660680,3627,60,0,3772
568,12,0,12,13,13675260,3625,60,0,3784
569,6,0,7,18,13710000,3624,60,0,3790
570,5,0,4,21,13749540,3626,60,0,3795
571,5,0,5,20,13766700,3627,60,0,3800
572,10,0,13,12,13770540,3626,60,0,3810
573,3,0,3,22,13832460,3630,60,0,3813
574,4,0,1,24,13850520,3629,60,0,3817
575,4,0,3,22,13853460,3628,60,0,3821
576,7,0,6,19,13861020,3626,60,0,3828
577,2,0,4,21,13874820,3626,60,0,3830
578,9,0,8,17,13895820,3627,60,0,3839
579,4,0,4,21,13920060,3625,60,0,3843
580,5,0,5,20,13949940,3629,60,0,3848
581,4,0,8,17,13956120,3630,60,0,3852
582,7,0,8,17,13994460,3633,60,0,3859
583,4,0,6,19,14018700,3634,60,0,3863
584,7,0,6,19,14045820,3635,60,0,3870
585,6,0,3,22,14063220,3631,60,0,3876
586,6,0,3,22,14083500,3630,60,0,3882
587,10,0,8,17,14097000,3629,60,0,3892
588,12,0,10,15,14129700,3628,60,0,3904
589,10,0,11,14,14158260,3627,60,0,3914
590,4,0,3,22,14205720,3628,60,0,3918
591,6,0,4,21,14220360,3627,60,0,3924
592,8,0,8,17,14228760,3626,60,0,3932
593,13,0,13,12,14255400,3625,60,0,3945
594,10,0,13,12,14299020,3627,60,0,3955
595,18,0,14,11,14355900,3626,60,0,3973
596,6,0,11,14,14382960,3624,60,0,3979
597,5,0,8,17,14425560,3628,60,0,3984
598,5,0,4,21,14477280,3632,60,0,3989
599,7,0,6,19,14487480,3630,60,0,3996
600,2,0,4,21,14503560,3631,60,0,3998
601,8,0,5,20,14527440,3630,60,0,4006
602,5,0,6,19,14538240,3630,60,0,4011
603,5,0,5,20,14560500,3630,60,0,4016
604,7,0,9,16,14572140,3630,60,0,4023
605,10,0,12,13,14587740,3627,60,0,4033
606,6,0,6,19,14639040,3629,60,0,4039
607,7,0,7,18,14660880,3629,60,0,4046
608,13,0,12,13,14679420,3627,60,0,4059
609,7,0,7,18,14723460,3627,60,0,4066
610,7,0,8,17,14760000,3630,60,0,4073
611,8,0,10,15,14775600,3629,60,0,4081
612,6,0,6,19,14821560,3631,60,0,4087
613,9,0,8,17,14837940,3629,60,0,4096
614,6,0,8,17,14849400,3627,60,0,4102
615,6,0,7,18,14878740,3628,60,0,4108
616,16,0,12,13,14917800,3627,60,0,4124
617,12,0,13,12,14946540,3625,60,0,4136
618,7,0,7,18,15006780,3628,60,0,4143
619,12,0,18,7,15014340,3629,60,0,4155
620,4,0,9,16,15070200,3631,60,0,4159
621,6,0,7,18,15114540,3635,60,0,4165
622,4,0,4,21,15149100,3637,60,0,4169
623,5,0,3,22,15170880,3637,60,0,4174
624,3,0,2,23,15182400,3636,60,0,4177
625,6,0,4,21,15191520,3635,60,0,4183
626,4,0,3,22,15199260,3632,60,0,4187
627,9,0,10,15,15204960,3632,60,0,4196
628,5,0,9,16,15227760,3632,60,0,4201
629,6,0,5,20,15279060,3636,60,0,4207
630,5,0,4,21,15294420,3634,60,0,4212
631,3,0,3,22,15307320,3634,60,0,4215
632,2,0,3,22,15323700,3636,60,0,4217
633,9,0,6,19,15337620,3634,60,0,4226
634,12,0,8,17,15367080,3632,60,0,4238
635,9,0,9,16,15384420,3630,60,0,4247
636,3,0,4,21,15413160,3630,60,0,4250
637,10,0,9,16,15440160,3632,60,0,4260
638,9,0,11,14,15460680,3630,60,0,4269
639,12,0,10,15,15505680,3630,60,0,4281
640,4,0,5,20,15538380,3630,60,0,4285
641,4,0,4,21,15557160,3630,60,0,4289
642,8,0,8,17,15571500,3630,60,0,4297
643,9,0,7,18,15609240,3630,60,0,4306
644,7,0,7,18,15622980,3628,60,0,4313
645,8,0,7,18,15648120,3627,60,0,4321
646,2,0,4,21,15660900,3626,60,0,4323
647,4,0,4,21,15676200,3626,60,0,4327
648,11,0,11,14,15680220,3623,60,0,4338
649,7,0,9,16,15726000,3626,60,0,4345
650,4,0,7,18,15745860,3626,60,0,4349
651,5,0,7,18,15779940,3630,60,0,4354
652,5,0,3,22,15810420,3629,60,0,4359
653,4,0,6,19,15815940,3630,60,0,4363
654,4,0,6,19,15827880,3629,60,0,4367
655,9,0,7,18,15861720,3630,60,0,4376
656,4,0,5,20,15889440,3631,60,0,4380
657,11,0,5,20,15914760,3628,60,0,4391
658,10,0,9,16,15934380,3628,60,0,4401
659,4,0,5,20,15960540,3627,60,0,4405
660,2,0,3,22,15981600,3628,60,0,4407
661,12,0,6,19,16009140,3627,60,0,4419
662,11,0,8,17,16028400,3624,60,0,4430
663,6,0,6,19,16048140,3622,60,0,4436
664,6,0,8,17,16071240,3624,60,0,4442
665,7,0,4,21,16104540,3623,60,0,4449
666,10,0,8,17,16118820,3621,60,0,4459
667,5,0,5,20,16146660,3621,60,0,4464
668,4,0,5,20,16163340,3621,60,0,4468
669,2,0,4,21,16188000,3624,60,0,4470
670,3,0,4,21,16197420,3624,60,0,4473
671,6,0,8,17,16216860,3627,60,0,4479
672,5,0,6,19,16241820,3627,60,0,4484
673,5,0,11,14,16241820,3627,60,0,4489
674,6,0,13,12,16253400,3626,60,0,4495
675,2,0,11,14,16278360,3628,60,0,4497
676,5,0,9,16,16315860,3631,60,0,4502
677,7,0,14,11,16319100,3630,60,0,4509
678,5,0,12,13,16351800,3632,60,0,4514
679,11,0,17,8,16365840,3630,60,0,4525
680,8,0,15,10,16413900,3633,60,0,4533
681,9,0,14,11,16447620,3632,60,0,4542
682,5,0,11,14,16487640,3634,60,0,4547
683,3,0,11,14,16502460,3635,60,0,4550
684,12,0,12,13,16550100,3637,60,0,4562
685,10,0,17,8,16558500,3635,60,0,4572
686,5,0,13,12,16596900,3636,60,0,4577
687,10,0,14,11,16628160,3636,60,0,4587
688,6,0,12,13,16654740,3635,60,0,4593
689,9,0,14,11,16684560,3636,60,0,4602
690,5,0,12,13,16708080,3636,60,0,4607
691,7,0,12,13,16740000,3637,60,0,4614
692,6,0,11,14,16768620,3638,60,0,4620
693,7,0,12,13,16788600,3637,60,0,4627
694,0,0,7,18,16822860,3641,60,0,4627
695,6,0,7,18,16842060,3640,60,0,4633
696,7,0,11,14,16850820,3640,60,0,4640
697,3,0,7,18,16869780,3638,60,0,4643
698,3,0,7,18,16879860,3638,60,0,4646
699,5,0,10,15,16881660,3637,60,0,4651
700,1,0,7,18,16898700,3638,60,0,4652
701,5,0,9,16,16912320,3638,60,0,4657
702,7,0,7,18,16928700,3635,60,0,4664
703,9,0,10,15,16948380,3634,60,0,4673
704,13,0,19,6,16958220,3633,60,0,4686
705,6,0,11,14,17007840,3633,60,0,4692
706,6,0,13,12,17025180,3633,60,0,4698
707,9,0,16,9,17058420,3636,60,0,4707
708,8,0,12,13,17101620,3636,60,0,4715
709,11,0,17,8,17121240,3635,60,0,4726
710,9,0,17,8,17151180,3635,60,0,4735
711,14,0,18,7,17215500,3638,60,0,4749
712,6,0,14,11,17257200,3639,60,0,4755
713,8,0,14,11,17288700,3640,60,0,4763
714,5,0,11,14,17328720,3642,60,0,4768
715,5,0,13,12,17341680,3643,60,0,4773
716,6,0,10,15,17372700,3642,60,0,4779
717,5,0,9,16,17401980,3644,60,0,4784
718,7,0,12,13,17411460,3643,60,0,4791
719,5,0,12,13,17430000,3643,60,0,4796
720,6,0,9,16,17466300,3644,60,0,4802
721,5,0,12,13,17477760,3644,60,0,4807
722,7,0,13,12,17497440,3644,60,0,4814
723,11,0,16,9,17519160,3642,60,0,4825
724,3,0,9,16,17558760,3643,60,0,4828
725,4,0,7,18,17580120,3643,60,0,4832
726,8,0,13,12,17581440,3642,60,0,4840
727,3,0,9,16,17610060,3642,60,0,4843
728,12,0,17,8,17625360,3643,60,0,4855
729,6,0,15,10,17649960,3642,60,0,4861
730,12,0,13,12,17708580,3643,60,0,4873
731,12,0,17,8,17740320,3644,60,0,4885
732,9,0,15,10,17768400,3641,60,0,4894
733,13,6,16,9,17794560,3642,3360,0,4907
734,12,14,13,12,17838540,3646,6060,1,4919
735,11,9,23,2,17882760,3651,64380,13,4930
736,9,0,17,8,17935920,3644,114240,23,4939
737,9,0,14,11,17979840,3644,114240,23,4948
738,7,0,10,15,18026220,3645,114240,23,4955
739,4,0,7,18,18060720,3647,114240,23,4959
740,7,0,9,16,18072480,3645,114240,23,4966
741,7,0,8,17,18090000,3643,114240,22,4973
742,8,0,13,12,18098280,3642,114240,22,4981
743,2,0,9,16,18123480,3643,114240,22,4983
744,6,0,11,14,18137700,3643,114240,22,4989
745,3,0,7,18,18156660,3642,114240,22,4992
746,4,0,11,14,18156660,3642,114240,22,4996
747,6,0,8,17,18179400,3640,114240,22,5002
748,6,0,12,13,18183420,3639,114240,22,5008
749,9,0,16,9,18203220,3639,114240,22,5017
750,6,0,11,14,18237900,3638,114240,22,5023
751,6,0,12,13,18272040,3642,114240,22,5029
752,6,0,12,13,18289920,3641,114240,22,5035
753,4,0,8,17,18322980,3642,114240,22,5039
754,8,0,9,16,18344280,3641,114240,22,5047
755,7,0,11,14,18351840,3639,114240,22,5054
756,7,0,13,12,18370020,3639,114240,22,5061
757,10,0,16,9,18400260,3640,114240,22,5071
758,9,0,13,12,18445560,3640,114240,22,5080
759,8,0,15,10,18460320,3638,114240,22,5088
760,3,0,8,17,18498180,3639,114240,22,5091
761,5,0,10,15,18519000,3641,114240,22,5096
762,4,0,12,13,18526740,3641,114240,22,5100
763,3,0,10,15,18550680,3642,114240,22,5103
764,5,0,10,15,18568740,3642,114240,22,5108
765,6,0,9,16,18597960,3643,114240,22,5114
766,6,0,10,15,18613560,3642,114240,22,5120
767,5,0,7,18,18636300,3641,114240,22,5125
768,3,0,10,15,18636300,3641,114240,22,5128
769,5,0,10,15,18649680,3640,114240,22,5133
770,8,0,10,15,18679860,3640,114240,22,5141
771,1,0,7,18,18698100,3641,114240,22,5142
772,9,0,11,14,18706080,3639,114240,22,5151
773,8,0,13,12,18722220,3638,114240,22,5159
774,4,0,9,16,18760560,3640,114240,22,5163
775,12,0,15,10,18777540,3639,114240,22,5175
776,11,0,21,4,18793800,3638,114240,22,5186
777,9,0,18,7,18848580,3640,114240,21,5195
778,8,0,13,12,18904500,3642,114240,21,5203
779,16,0,19,6,18920220,3638,114240,21,5219
780,8,0,14,11,18979980,3640,114240,21,5227
781,5,0,12,13,19005360,3640,114240,21,5232
782,6,0,11,14,19037220,3642,114240,21,5238
783,12,0,17,8,19048860,3640,114240,21,5250
784,5,0,10,15,19090560,3639,114240,21,5255
785,5,0,10,15,19116300,3641,114240,21,5260
786,5,0,9,16,19143120,3642,114240,21,5265
787,6,0,11,14,19156860,3641,114240,21,5271
788,6,0,9,16,19180380,3640,114240,21,5277
789,4,0,9,16,19193880,3640,114240,21,5281
790,4,0,8,17,19215180,3641,114240,21,5285
791,7,0,12,13,19219200,3640,114240,21,5292
792,3,0,10,15,19246140,3641,114240,21,5295
793,2,0,7,18,19265160,3641,114240,21,5297
794,3,0,8,17,19277700,3642,114240,21,5300
795,5,0,10,15,19288260,3642,114240,21,5305
796,2,0,8,17,19303080,3642,114240,21,5307
797,4,0,9,16,19310820,3642,114240,21,5311
798,10,0,16,9,19321380,3642,114240,21,5321
799,8,0,13,12,19357200,3641,114240,21,5329
800,13,0,20,5,19371960,3639,114240,21,5342
801,4,0,8,17,19431660,3640,114240,21,5346
802,9,0,14,11,19444980,3640,114240,21,5355
803,6,0,12,13,19479540,3641,114240,21,5361
804,8,0,13,12,19496880,3640,114240,21,5369
805,11,0,16,9,19522020,3639,114240,21,5380
806,5,0,12,13,19559280,3640,114240,21,5385
807,16,0,17,8,19595580,3639,114240,21,5401
808,9,0,11,14,19649280,3639,114240,21,5410
809,6,0,12,13,19676760,3641,114240,21,5416
810,5,0,11,14,19698420,3641,114240,21,5421
811,10,0,14,11,19721520,3640,114240,21,5431
812,5,0,10,15,19758000,3641,114240,21,5436
813,5,0,9,16,19782000,3641,114240,20,5441
814,6,0,13,12,19786020,3641,114240,20,5447
815,5,0,13,12,19799100,3640,114240,20,5452
816,7,0,10,15,19838220,3640,114240,20,5459
817,4,0,10,15,19856820,3641,114240,20,5463
818,3,0,8,17,19879980,3642,114240,20,5466
819,3,0,9,16,19887180,3642,114240,20,5469
820,5,0,10,15,19895160,3641,114240,20,5474
821,6,0,12,13,19909200,3641,114240,20,5480
822,3,0,11,14,19938000,3643,114240,20,5483
823,11,0,18,7,19952160,3643,114240,20,5494
824,5,0,11,14,20010180,3646,114240,20,5499
825,8,0,13,12,20033880,3646,114240,20,5507
826,6,0,13,12,20055960,3646,114240,20,5513
827,12,0,19,6,20091060,3648,114240,20,5525
828,10,0,14,11,20146020,3648,114240,20,5535
829,8,0,12,13,20192520,3650,114240,20,5543
830,8,0,13,12,20216220,3650,114240,20,5551
831,13,0,15,10,20249220,3649,114240,20,5564
832,8,0,14,11,20275020,3647,114240,20,5572
833,12,0,17,8,20304720,3647,114240,20,5584
834,4,0,10,15,20336580,3645,114240,20,5588
835,4,0,7,18,20366400,3646,114240,20,5592
836,5,0,11,14,20371680,3646,114240,20,5597
837,5,0,10,15,20394720,3647,114240,20,5602
838,4,0,9,16,20416680,3647,114240,20,5606
839,9,0,15,10,20422260,3646,114240,20,5615
840,5,0,14,11,20445120,3647,114240,20,5620
841,9,0,13,12,20487360,3648,114240,20,5629
842,4,0,10,15,20507820,3647,114240,20,5633
843,6,0,10,15,20537160,3648,114240,20,5639
844,3,0,9,16,20557920,3649,114240,20,5642
845,4,0,10,15,20564820,3648,114240,20,5646
846,5,0,11,14,20583780,3649,114240,20,5651
847,7,0,11,14,20604840,3648,114240,20,5658
848,10,0,15,10,20622300,3648,114240,20,5668
849,9,0,16,9,20655900,3648,114240,20,5677
850,8,0,17,8,20700840,3652,114240,20,5685
851,10,0,16,9,20743320,3652,114240,20,5695
852,9,0,14,11,20794920,3654,114240,20,5704
853,10,0,13,12,20829900,3653,114240,19,5714
854,7,0,11,14,20860200,3653,114240,19,5721
855,6,0,13,12,20878620,3653,114240,19,5727
856,13,0,20,5,20904060,3654,114240,19,5740
857,7,0,12,13,20946060,3652,114240,19,5747
858,3,0,10,15,20967060,3652,114240,19,5750
859,2,0,8,17,20994660,3655,114240,19,5752
860,6,0,6,19,21016080,3653,114240,19,5758
861,7,0,10,15,21023220,3653,114240,19,5765
862,8,0,14,11,21034020,3652,114240,19,5773
863,6,0,14,11,21049080,3651,114240,19,5779
864,6,0,11,14,21099900,3654,114240,19,5785
865,6,0,11,14,21117240,3653,114240,19,5791
866,5,0,9,16,21146460,3654,114240,19,5796
867,7,0,13,12,21154800,3653,114240,19,5803
868,9,0,13,12,21175740,3651,114240,19,5812
869,5,0,10,15,21201420,3651,114240,19,5817
870,5,0,12,13,21217800,3651,114240,19,5822
871,5,0,11,14,21231000,3650,114240,19,5827
872,5,0,8,17,21267600,3651,114240,19,5832
873,12,0,15,10,21282300,3651,114240,19,5844
874,13,0,19,6,21307320,3649,114240,19,5857
875,8,0,14,11,21352380,3649,114240,19,5865
876,7,0,12,13,21387900,3649,114240,19,5872
877,10,0,15,10,21428100,3652,114240,19,5882
878,13,0,19,6,21455220,3651,114240,19,5895
879,9,0,16,9,21503340,3652,114240,19,5904
880,8,0,18,7,21527640,3652,114240,19,5912
881,9,0,19,6,21571020,3654,114360,19,5921
882,10,0,20,5,21599100,3654,114360,19,5931
883,5,0,12,13,21667080,3657,114360,19,5936
884,3,0,9,16,21709920,3661,114360,19,5939
885,5,0,9,16,21726600,3660,114360,19,5944
886,4,0,12,13,21727380,3660,114360,19,5948
887,9,0,12,13,21762600,3660,114360,19,5957
888,1,0,8,17,21780060,3660,114360,19,5958
889,5,0,8,17,21797520,3660,114360,19,5963
890,7,0,10,15,21807060,3658,114360,19,5970
891,4,0,11,14,21816300,3658,114360,19,5974
892,10,0,13,12,21840060,3657,114360,19,5984
893,4,0,13,12,21848160,3656,114360,19,5988
894,1,0,7,18,21892380,3659,114360,19,5989
895,7,0,11,14,21901020,3659,114360,19,5996
896,6,0,9,16,21912060,3656,114360,19,6002
897,6,0,9,16,21935100,3656,114360,19,6008
898,5,0,10,15,21946500,3655,114360,19,6013
899,5,0,12,13,21963480,3656,114360,19,6018
900,12,0,17,8,21990420,3657,114360,18,6030
901,7,0,15,10,22023120,3657,114360,18,6037
902,10,0,13,12,22072320,3657,114360,18,6047
903,12,0,13,12,22115340,3657,114360,18,6059
904,9,0,14,11,22133880,3656,114360,18,6068
905,8,0,12,13,22163880,3654,114360,18,6076
906,8,0,16,9,22180980,3655,114360,18,6084
907,9,0,18,7,22205340,3655,114360,18,6093
908,1,0,7,18,22264320,3657,114360,18,6094
909,2,0,8,17,22273020,3658,114360,18,6096
910,6,0,8,17,22289820,3657,114360,18,6102
911,10,0,16,9,22295040,3657,114360,18,6112
912,6,0,14,11,22326300,3657,114360,18,6118
913,8,0,15,10,22346580,3656,114360,18,6126
914,1,0,6,19,22392300,3658,114360,18,6127
915,6,0,10,15,22393920,3657,114360,18,6133
916,10,0,9,16,22423800,3655,114360,18,6143
917,5,0,10,15,22443060,3656,114360,18,6148
918,4,0,11,14,22454100,3656,114360,18,6152
919,6,0,12,13,22470480,3656,114360,18,6158
920,9,0,13,12,22494360,3655,114360,18,6167
921,10,0,13,12,22524180,3654,114360,18,6177
922,8,0,14,11,22542780,3653,114360,18,6185
923,11,0,16,9,22584300,3654,114360,18,6196
924,6,0,14,11,22622040,3655,114360,18,6202
925,9,0,14,11,22658040,3656,114360,18,6211
926,11,0,15,10,22685940,3654,114360,18,6222
927,10,0,15,10,22720980,3654,114360,18,6232
928,8,0,17,8,22750260,3655,114360,18,6240
929,8,0,16,9,22787760,3656,114360,18,6248
930,9,0,15,10,22836960,3658,114360,18,6257
931,6,0,12,13,22872000,3658,114360,18,6263
932,7,0,13,12,22897560,3659,114360,18,6270
933,5,0,10,15,22926780,3659,114360,18,6275
934,5,0,7,18,22955640,3659,114360,18,6280
935,2,0,6,19,22963320,3658,114360,18,6282
936,5,0,8,17,22972200,3658,114360,18,6287
937,5,0,10,15,22979280,3657,114360,18,6292
938,8,0,11,14,22996260,3656,114360,18,6300
939,5,0,10,15,23019480,3656,114360,18,6305
940,7,0,15,10,23023380,3656,114360,18,6312
941,6,0,12,13,23070300,3658,114360,18,6318
942,5,0,9,16,23100720,3658,114360,18,6323
943,7,0,10,15,23118660,3658,114360,18,6330
944,6,0,12,13,23132580,3657,114360,18,6336
945,7,0,12,13,23160960,3658,114360,18,6343
946,8,0,14,11,23184600,3658,114360,18,6351
947,6,0,13,12,23211540,3658,114360,17,6357
948,14,0,18,7,23249580,3659,114360,17,6371
949,8,0,15,10,23287140,3659,114360,17,6379
950,8,0,13,12,23325420,3659,114360,17,6387
951,10,0,14,11,23349900,3658,114360,17,6397
952,4,0,14,11,23370120,3659,114360,17,6401
953,11,0,15,10,23427000,3662,114360,17,6412
954,4,0,12,13,23450460,3661,114360,17,6416
955,9,0,10,15,23489700,3661,114360,17,6425
956,7,0,11,14,23509020,3661,114360,17,6432
957,5,0,9,16,23538420,3661,114360,17,6437
958,9,0,13,12,23550000,3660,114360,17,6446
959,3,0,13,12,23560860,3660,114360,17,6449
960,7,0,9,16,23605320,3661,114360,17,6456
961,7,0,12,13,23618040,3661,114360,17,6463
962,7,0,11,14,23639100,3659,114360,17,6470
963,4,0,9,16,23664420,3660,114360,17,6474
964,5,0,10,15,23673120,3659,114360,17,6479
965,9,0,10,15,23706360,3659,114360,17,6488
966,11,0,15,10,23729880,3659,114360,17,6499
967,7,0,12,13,23754360,3657,114360,17,6506
968,7,0,13,12,23787180,3659,114360,17,6513
969,7,0,14,11,23808960,3659,114360,17,6520
970,9,0,14,11,23838840,3659,114360,17,6529
971,8,0,15,10,23867640,3659,114360,17,6537
972,5,0,11,14,23897220,3659,114360,17,6542
973,4,0,8,17,23926020,3659,114360,17,6546
974,9,0,13,12,23938920,3659,114360,17,6555
975,12,0,20,5,23952540,3658,114360,17,6567
976,11,0,19,6,23998680,3658,114360,17,6578
977,6,0,9,16,24061980,3659,114360,17,6584
978,8,0,12,13,24076740,3659,114360,17,6592
979,5,0,14,11,24087960,3659,114360,17,6597
980,2,0,9,16,24118920,3659,114360,17,6599
981,2,0,5,20,24147480,3660,114360,17,6601
982,5,0,6,19,24150900,3659,114360,17,6606
983,4,0,7,18,24156660,3658,114360,17,6610
984,7,0,10,15,24163140,3657,114360,17,6617
985,6,0,10,15,24184860,3657,114360,17,6623
986,3,0,9,16,24194700,3656,114360,17,6626
987,6,0,10,15,24214080,3656,114360,17,6632
988,5,0,12,13,24223560,3656,114360,17,6637
989,3,0,11,14,24248160,3657,114360,17,6640
990,6,0,11,14,24271080,3658,114360,17,6646
991,6,0,9,16,24295380,3657,114360,17,6652
992,4,0,10,15,24300060,3656,114360,17,6656
993,10,0,15,10,24320460,3656,114360,17,6666
994,11,3,17,8,24339240,3656,114480,17,6677
995,10,0,22,3,24377460,3657,122400,18,6687
996,6,0,13,12,24434940,3657,122400,18,6693
997,8,0,12,13,24487680,3660,122400,18,6701
998,11,0,17,8,24498840,3659,122400,18,6712
999,9,0,15,10,24537120,3658,122400,18,6721
1000,9,0,12,13,24581640,3659,122400,18,6730
1001,7,0,12,13,24612960,3659,122400,18,6737
1002,3,0,9,16,24636660,3660,122400,18,6740
1003,3,0,7,18,24650760,3659,122400,18,6743
1004,4,0,7,18,24663900,3659,122400,18,6747
1005,4,0,9,16,24667860,3658,122400,18,6751
1006,3,0,10,15,24676680,3659,122400,18,6754
1007,4,0,8,17,24694800,3658,122400,18,6758
1008,6,0,9,16,24709980,3658,122400,18,6764
1009,2,0,6,19,24722760,3657,122400,18,6766
1010,6,0,9,16,24728520,3656,122400,18,6772
1011,8,0,12,13,24737760,3655,122400,18,6780
1012,7,0,15,10,24749280,3654,122400,18,6787
1013,8,0,13,12,24788880,3655,122400,18,6795
1014,11,0,16,9,24807240,3653,122400,17,6806
1015,4,0,12,13,24842220,3654,122400,17,6810
1016,6,0,10,15,24881100,3655,122400,17,6816
1017,10,0,16,9,24889200,3654,122400,17,6826
1018,9,0,16,9,24922260,3654,122400,17,6835
1019,8,0,13,12,24978900,3657,122400,17,6843
1020,6,0,12,13,25011720,3658,122400,17,6849
1021,5,0,13,12,25024920,3658,122400,17,6854
1022,3,0,12,13,25048980,3659,122400,17,6857
1023,13,0,16,9,25086840,3660,122400,17,6870
1024,10,0,15,10,25126140,3660,122400,17,6880
1025,8,0,18,7,25145700,3660,122400,17,6888
1026,7,0,12,13,25200900,3661,122400,17,6895
1027,7,0,10,15,25232040,3661,122400,17,6902
1028,5,0,11,14,25251600,3661,122400,17,6907
1029,8,0,12,13,25272840,3661,122400,17,6915
1030,3,0,11,14,25288560,3661,122400,17,6918
1031,8,0,10,15,25328160,3662,122400,17,6926
1032,0,0,8,17,25337280,3662,122400,17,6926
1033,6,0,9,16,25362240,3663,122400,17,6932
1034,4,0,9,16,25372680,3662,122400,17,6936
1035,5,0,11,14,25383300,3662,122400,17,6941
1036,5,0,11,14,25403220,3663,122400,17,6946
1037,6,0,14,11,25407840,3662,122400,17,6952
1038,8,0,11,14,25455960,3663,122400,17,6960
1039,5,0,8,17,25484640,3663,122400,17,6965
1040,6,0,12,13,25495800,3663,122400,17,6971
1041,8,0,12,13,25521780,3663,122400,17,6979
1042,13,0,18,7,25546500,3663,122400,17,6992
1043,13,0,19,6,25571460,3660,122400,17,7005
1044,9,0,14,11,25638000,3662,122400,17,7014
1045,11,0,14,11,25678080,3662,122400,17,7025
1046,4,0,11,14,25710900,3663,122400,17,7029
1047,8,0,12,13,25742160,3664,122400,17,7037
1048,13,0,12,13,25783260,3663,122400,17,7050
1049,10,0,13,12,25805040,3661,122400,17,7060
1050,4,0,8,17,25835460,3661,122400,17,7064
1051,8,0,12,13,25849200,3661,122400,17,7072
1052,15,0,15,10,25881420,3659,122400,17,7087
1053,6,0,12,13,25913520,3659,122400,17,7093
1054,7,0,11,14,25944420,3659,122400,17,7100
1055,5,0,13,12,25954980,3659,122400,17,7105
1056,6,0,10,15,25984380,3659,122400,17,7111
1057,4,0,12,13,25993500,3659,122400,17,7115
1058,7,0,12,13,26017800,3659,122400,17,7122
1059,11,0,17,8,26041500,3659,122400,17,7133
1060,6,0,12,13,26076900,3658,122400,17,7139
1061,9,0,9,16,26107020,3656,122400,17,7148
1062,3,0,8,17,26127240,3657,122400,17,7151
1063,6,0,11,14,26131920,3656,122400,17,7157
1064,6,0,10,15,26146260,3655,122400,17,7163
1065,7,0,13,12,26168040,3656,122400,17,7170
1066,9,0,10,15,26194560,3653,122400,17,7179
1067,12,0,15,10,26223240,3654,122400,17,7191
1068,11,0,13,12,26260500,3652,122400,16,7202
1069,10,0,15,10,26292120,3653,122400,16,7212
1070,11,0,15,10,26323440,3651,122400,16,7223
1071,11,0,16,9,26359560,3651,122400,16,7234
1072,13,0,16,9,26398020,3650,122400,16,7247
1073,6,0,14,11,26437080,3652,122400,16,7253
1074,5,0,10,15,26480460,3653,122400,16,7258
1075,10,0,15,10,26496600,3653,122400,16,7268
1076,3,0,11,14,26524740,3653,122400,16,7271
1077,4,0,12,13,26544900,3654,122400,16,7275
1078,3,0,8,17,26570280,3654,122400,16,7278
1079,11,0,17,8,26572080,3654,122400,16,7289
1080,4,0,13,12,26617800,3656,122400,16,7293
1081,5,0,6,19,26667060,3657,122400,16,7298
1082,3,0,8,17,26673900,3657,122400,16,7301
1083,3,0,10,15,26674740,3657,122400,16,7304
1084,4,0,10,15,26685900,3656,122400,16,7308
1085,5,0,11,14,26709300,3657,122400,16,7313
1086,6,0,10,15,26735280,3657,122400,16,7319
1087,9,0,15,10,26742180,3656,122400,16,7328
1088,8,0,13,12,26775600,3656,122400,16,7336
1089,5,0,12,13,26799660,3656,122400,16,7341
1090,7,0,8,17,26837160,3656,122400,16,7348
1091,12,0,17,8,26843760,3655,122400,16,7360
1092,10,0,15,10,26876760,3654,122400,16,7370
1093,8,0,12,13,26915880,3654,122400,16,7378
1094,9,0,12,13,26947920,3653,122400,16,7387
1095,8,0,13,12,26972040,3653,122400,16,7395
1096,9,0,13,12,27002160,3653,122400,16,7404
1097,8,0,12,13,27026460,3652,122400,16,7412
1098,5,0,8,17,27063300,3652,122400,16,7417
1099,5,0,9,16,27071460,3651,122400,16,7422
1100,7,0,10,15,27091620,3651,122400,16,7429
1101,12,0,17,8,27101400,3650,122400,16,7441
1102,6,0,13,12,27142500,3651,122400,16,7447
1103,4,0,11,14,27159600,3650,122400,16,7451
1104,3,0,8,17,27192300,3651,122400,16,7454
1105,5,0,7,18,27210600,3651,122400,16,7459
1106,8,0,11,14,27218400,3650,122400,16,7467
1107,5,0,12,13,27232740,3650,122400,16,7472
1108,7,0,13,12,27258000,3650,122400,16,7479
1109,2,0,11,14,27267780,3650,122400,16,7481
1110,7,0,9,16,27303300,3650,122400,16,7488
1111,9,0,13,12,27318960,3650,122400,16,7497
1112,10,0,13,12,27349080,3649,122400,16,7507
1113,4,0,7,18,27386160,3649,122400,16,7511
1114,6,0,11,14,27389280,3648,122400,16,7517
1115,7,0,12,13,27406260,3648,122400,16,7524
1116,8,0,12,13,27433500,3648,122400,16,7532
1117,9,0,14,11,27459900,3648,122400,16,7541
1118,7,0,15,10,27481800,3648,122400,16,7548
1119,5,0,12,13,27517140,3649,122400,16,7553
1120,8,0,9,16,27552300,3648,122400,16,7561
1121,9,0,12,13,27566580,3647,122400,16,7570
1122,10,0,10,15,27589860,3644,122400,16,7580
1123,9,0,14,11,27606420,3644,122400,16,7589
1124,8,0,15,10,27636360,3644,122400,16,7597
1125,3,0,9,16,27683880,3646,122400,16,7600
1126,2,0,8,17,27704520,3648,122400,16,7602
1127,9,0,12,13,27726600,3648,122400,16,7611
1128,5,0,10,15,27744360,3647,122400,16,7616
1129,6,0,13,12,27758100,3648,122400,16,7622
1130,5,0,10,15,27788340,3648,122400,16,7627
1131,8,0,13,12,27810840,3648,122400,16,7635
1132,6,0,9,16,27849240,3649,122400,16,7641
1133,5,0,11,14,27863040,3649,122400,16,7646
1134,5,0,11,14,27883860,3649,122400,15,7651
1135,2,0,8,17,27909180,3650,122400,15,7653
1136,5,0,10,15,27919440,3650,122400,15,7658
1137,9,0,12,13,27939840,3649,122400,15,7667
1138,4,0,10,15,27961860,3649,122400,15,7671
1139,4,0,8,17,27983040,3649,122400,15,7675
1140,9,0,13,12,27995100,3649,122400,15,7684
1141,10,0,18,7,28008060,3648,122400,15,7694
1142,13,0,21,4,28037460,3647,122400,15,7707
1143,6,0,11,14,28101900,3648,122400,15,7713
1144,9,0,10,15,28149060,3650,122400,15,7722
1145,8,0,11,14,28172400,3649,122400,15,7730
1146,9,0,10,15,28192800,3647,122400,15,7739
1147,10,0,13,12,28207380,3646,122400,15,7749
1148,6,0,11,14,28242000,3646,122400,15,7755
1149,8,0,11,14,28273920,3647,122400,15,7763
1150,6,0,10,15,28297140,3647,122400,15,7769
1151,4,0,10,15,28311300,3646,122400,15,7773
1152,8,0,14,11,28332720,3647,122400,15,7781
1153,2,0,10,15,28353240,3647,122400,15,7783
1154,2,0,8,17,28373160,3648,122400,15,7785
1155,2,0,8,17,28397700,3650,122400,15,7787
1156,4,0,8,17,28411320,3650,122400,15,7791
1157,9,0,13,12,28423140,3650,122400,15,7800
1158,7,0,15,10,28442700,3650,122400,15,7807
1159,5,0,11,14,28485600,3651,122400,15,7812
1160,4,0,9,16,28501200,3650,122400,15,7816
1161,3,0,9,16,28518780,3651,122400,15,7819
1162,10,0,15,10,28525320,3650,122400,15,7829
1163,6,0,12,13,28552200,3649,122400,15,7835
1164,5,0,10,15,28580460,3650,122400,15,7840
1165,7,0,11,14,28600860,3649,122400,15,7847
1166,8,0,11,14,28619820,3648,122400,15,7855
1167,8,0,15,10,28626900,3647,122400,15,7863
1168,9,0,12,13,28678440,3648,122400,15,7872
1169,7,0,14,11,28690980,3647,122400,15,7879
1170,10,0,13,12,28737420,3648,122400,15,7889
1171,7,0,14,11,28759440,3648,122400,15,7896
1172,4,0,12,13,28788960,3649,122400,15,7900
1173,10,0,12,13,28831380,3650,122400,15,7910
1174,5,0,11,14,28847940,3649,122400,15,7915
1175,5,0,12,13,28869180,3650,122400,15,7920
1176,4,0,10,15,28904580,3652,122400,15,7924
1177,5,0,14,11,28905660,3652,122400,15,7929
1178,1,0,6,19,28944000,3652,122400,15,7930
1179,2,0,7,18,28951920,3653,122400,15,7932
1180,9,0,13,12,28959420,3652,122400,15,7941
1181,5,0,11,14,28978020,3651,122400,15,7946
1182,6,0,11,14,29014080,3653,122400,15,7952
1183,11,0,14,11,29040000,3653,122400,15,7963
1184,6,0,12,13,29074260,3653,122400,15,7969
1185,8,0,15,10,29096040,3654,122400,15,7977
1186,9,0,15,10,29129580,3654,122400,15,7986
1187,6,0,12,13,29171640,3655,122400,15,7992
1188,13,0,10,15,29211240,3653,122400,15,8005
1189,7,0,13,12,29219460,3652,122400,15,8012
1190,8,0,11,14,29247120,3651,122400,15,8020
1191,12,0,13,12,29276160,3650,122400,15,8032
1192,12,0,17,8,29297880,3649,122400,15,8044
1193,11,0,14,11,29349240,3649,122400,15,8055
1194,11,0,15,10,29378520,3649,122400,15,8066
1195,13,0,16,9,29417640,3648,122400,15,8079
1196,4,0,12,13,29446860,3648,122400,15,8083
1197,3,0,8,17,29488080,3650,122400,15,8086
1198,10,0,15,10,29490660,3649,122400,15,8096
1199,6,0,9,16,29538300,3649,122400,15,8102
1200,3,0,8,17,29557200,3650,122400,15,8105
1201,3,0,9,16,29570100,3651,122400,15,8108
1202,6,0,13,12,29578020,3651,122400,15,8114
1203,4,0,10,15,29600820,3650,122400,15,8118
1204,5,0,8,17,29623560,3650,122400,15,8123
1205,4,0,9,16,29640720,3651,122400,15,8127
1206,6,0,12,13,29647740,3650,122400,15,8133
1207,9,0,13,12,29662920,3649,122400,15,8142
1208,6,0,14,11,29683020,3649,122400,15,8148
1209,8,0,13,12,29714040,3649,122400,15,8156
1210,7,0,12,13,29745780,3649,122400,14,8163
1211,13,0,16,9,29769420,3648,122400,14,8176
1212,9,0,15,10,29804040,3647,122400,14,8185
1213,9,0,13,12,29841960,3647,122400,14,8194
1214,12,0,14,11,29879460,3647,122400,14,8206
1215,10,0,16,9,29912580,3647,122400,14,8216
1216,6,0,16,9,29942460,3648,122400,14,8222
1217,7,0,15,10,29979900,3649,122400,14,8229
1218,6,0,13,12,30010680,3650,122400,14,8235
1219,6,0,8,17,30059160,3651,122400,14,8241
1220,4,0,11,14,30060000,3650,122400,14,8245
1221,5,0,10,15,30084960,3651,122400,14,8250
1222,6,0,10,15,30101100,3650,122400,14,8256
1223,4,0,10,15,30113160,3650,122400,14,8260
1224,4,0,7,18,30136980,3649,122400,14,8264
1225,4,0,8,17,30145620,3649,122400,14,8268
1226,5,0,9,16,30160620,3649,122400,14,8273
1227,4,0,8,17,30174660,3649,122400,14,8277
1228,2,0,6,19,30190980,3649,122400,14,8279
1229,6,0,8,17,30204420,3649,122400,14,8285
1230,4,0,9,16,30215280,3649,122400,14,8289
1231,4,0,10,15,30221220,3648,122400,14,8293
1232,7,0,10,15,30235260,3647,122400,14,8300
1233,6,0,11,14,30258180,3647,122400,14,8306
1234,2,0,8,17,30278940,3648,122400,14,8308
1235,6,0,10,15,30291180,3647,122400,14,8314
1236,9,0,14,11,30303900,3647,122400,14,8323
1237,9,0,13,12,30324720,3645,122400,14,8332
1238,8,0,13,12,30362460,3646,122400,14,8340
1239,9,0,15,10,30381000,3645,122400,14,8349
1240,6,0,11,14,30422760,3646,122400,14,8355
1241,6,0,11,14,30451560,3646,122400,14,8361
1242,9,0,13,12,30489960,3648,122400,14,8370
1243,9,0,16,9,30508860,3648,122400,14,8379
1244,4,0,8,17,30558720,3648,122400,14,8383
1245,3,0,6,19,30568620,3647,122400,14,8386
1246,7,0,11,14,30572040,3647,122400,14,8393
1247,2,0,10,15,30579840,3646,122400,14,8395
1248,8,0,12,13,30604440,3647,122400,14,8403
1249,2,0,10,15,30617460,3647,122400,14,8405
1250,4,0,11,14,30636540,3648,122400,14,8409
1251,7,0,9,16,30666720,3647,122400,14,8416
1252,2,0,9,16,30674640,3647,122400,14,8418
1253,1,0,8,17,30684000,3648,122400,14,8419
1254,5,0,10,15,30705060,3649,122400,14,8424
1255,12,0,12,13,30717900,3646,122400,14,8436
1256,9,0,14,11,30737640,3645,122400,14,8445
1257,7,0,13,12,30773220,3646,122400,14,8452
1258,5,0,12,13,30794280,3646,122400,14,8457
1259,5,0,13,12,30815220,3647,122400,14,8462
1260,10,0,15,10,30853800,3648,122400,14,8472
1261,15,0,21,4,30875520,3647,122400,14,8487
1262,13,0,16,9,30941220,3647,122400,14,8500
1263,12,0,18,7,30985140,3647,122400,14,8512
1264,8,0,13,12,31045080,3649,122400,14,8520
1265,9,0,13,12,31076760,3649,122400,14,8529
1266,7,0,16,9,31092960,3649,122400,14,8536
1267,7,0,13,12,31138920,3650,122400,14,8543
1268,7,0,13,12,31174260,3651,122400,14,8550
1269,4,0,10,15,31198620,3651,122400,14,8554
1270,6,0,10,15,31222680,3651,122400,14,8560
1271,7,0,13,12,31239540,3652,122400,14,8567
1272,2,0,7,18,31271160,3652,122400,14,8569
1273,4,0,9,16,31285620,3653,122400,14,8573
1274,7,0,11,14,31297020,3652,122400,14,8580
1275,4,0,9,16,31316220,3652,122400,14,8584
1276,5,0,8,17,31341780,3652,122400,14,8589
1277,5,0,11,14,31344780,3651,122400,14,8594
1278,0,0,8,17,31359180,3652,122400,14,8594
1279,7,0,12,13,31378980,3653,122400,14,8601
1280,10,0,17,8,31390500,3652,122400,14,8611
1281,6,0,14,11,31428300,3653,122400,14,8617
1282,11,0,15,10,31475940,3654,122400,14,8628
1283,7,0,14,11,31512000,3655,122400,14,8635
1284,8,0,13,12,31540380,3654,122400,14,8643
1285,7,0,13,12,31581660,3656,122400,14,8650
1286,3,0,12,13,31605360,3657,122400,14,8653
1287,12,0,13,12,31644960,3657,122400,14,8665
1288,6,0,14,11,31664220,3657,122400,14,8671
1289,8,0,12,13,31693740,3656,122400,14,8679
1290,7,0,13,12,31719660,3657,122400,14,8686
1291,11,0,13,12,31750860,3656,122400,14,8697
1292,1,0,6,19,31784700,3656,122400,14,8698
1293,4,0,8,17,31792320,3656,122400,14,8702
1294,7,0,11,14,31804380,3656,122400,14,8709
1295,6,0,11,14,31814460,3655,122400,14,8715
1296,3,0,8,17,31843320,3655,122400,14,8718
1297,0,0,6,19,31850580,3655,122400,14,8718
1298,4,0,8,17,31854960,3655,122400,14,8722
1299,3,0,8,17,31860420,3654,122400,14,8725
1300,4,0,10,15,31865940,3654,122400,14,8729
1301,3,0,8,17,31889580,3655,122400,14,8732
1302,8,0,12,13,31895040,3654,122400,14,8740
1303,6,0,11,14,31912500,3653,122400,13,8746
1304,11,0,13,12,31935840,3652,122400,13,8757
1305,13,0,17,8,31967700,3652,122400,13,8770
1306,4,0,10,15,32007360,3652,122400,13,8774
1307,5,0,10,15,32028060,3652,122400,13,8779
1308,9,0,13,12,32046300,3652,122400,13,8788
1309,11,0,14,11,32079540,3651,122400,13,8799
1310,14,0,17,8,32110380,3650,122400,13,8813
1311,3,0,9,16,32155020,3651,122400,13,8816
1312,6,0,9,16,32180220,3651,122400,13,8822
1313,9,0,13,12,32200500,3651,122400,13,8831
1314,4,0,10,15,32223120,3651,122400,13,8835
1315,5,0,11,14,32238300,3651,122400,13,8840
1316,7,0,9,16,32268540,3651,122400,13,8847
1317,7,0,10,15,32282040,3650,122400,13,8854
1318,6,0,12,13,32291040,3649,122400,13,8860
1319,6,0,11,14,32318280,3649,122400,13,8866
1320,7,0,12,13,32346660,3650,122400,13,8873
1321,6,0,11,14,32365680,3649,122400,13,8879
1322,3,0,9,16,32382660,3649,122400,13,8882
1323,2,0,8,17,32401440,3650,122400,13,8884
1324,5,0,9,16,32417520,3650,122400,13,8889
1325,8,0,11,14,32433060,3649,122400,13,8897
1326,6,0,12,13,32459700,3650,122400,13,8903
1327,4,0,10,15,32477160,3650,122400,13,8907
1328,5,0,9,16,32508540,3651,122400,13,8912
1329,3,0,10,15,32517420,3651,122400,13,8915
1330,13,0,16,9,32543640,3651,122400,13,8928
1331,7,0,14,11,32568900,3650,122400,13,8935
1332,14,0,20,5,32595240,3650,122400,13,8949
1333,9,0,14,11,32645580,3649,122400,13,8958
1334,10,0,10,15,32699520,3650,122400,13,8968
1335,4,0,6,19,32718600,3649,122400,13,8972
1336,5,0,8,17,32725320,3648,122400,13,8977
1337,8,0,12,13,32736660,3648,122400,13,8985
1338,10,0,15,10,32749380,3646,122400,13,8995
1339,5,0,11,14,32787960,3647,122400,13,9000
1340,5,0,10,15,32808540,3647,122400,13,9005
1341,10,0,14,11,32828340,3647,122400,13,9015
1342,7,0,15,10,32853540,3647,122400,13,9022
1343,4,0,11,14,32890200,3648,122400,13,9026
1344,5,0,12,13,32909760,3648,122400,13,9031
1345,1,0,13,12,32909760,3648,122400,13,9032
1346,11,0,22,3,32911860,3648,122400,13,9043
1347,6,0,19,6,32943420,3648,122400,13,9049
1348,4,0,21,4,32957820,3649,122400,13,9053
1349,1,0,13,12,33011100,3651,122400,13,9054
1350,5,0,14,11,33018420,3650,122400,13,9059
1351,2,0,13,12,33033240,3650,122400,13,9061
1352,8,0,19,6,33036720,3650,122400,13,9069
1353,8,0,21,4,33050460,3649,122400,13,9077
1354,4,0,20,5,33075540,3650,122400,13,9081
1355,4,0,19,6,33111360,3652,122400,13,9085
1356,9,0,18,7,33150540,3652,122400,13,9094
1357,7,0,21,4,33165060,3652,122400,13,9101
1358,11,0,20,5,33213720,3653,122400,13,9112
1359,5,0,15,10,33245520,3652,122400,13,9117
1360,13,0,21,4,33267960,3652,122400,13,9130
1361,6,0,19,6,33298800,3652,122400,13,9136
1362,7,0,17,8,33336000,3652,122400,13,9143
1363,5,0,16,9,33362880,3653,122400,13,9148
1364,4,0,14,11,33380040,3652,122400,13,9152
1365,3,0,14,11,33391140,3652,122400,13,9155
1366,9,0,18,7,33403740,3652,122400,13,9164
1367,4,0,16,9,33418260,3651,122400,13,9168
1368,4,0,14,11,33443460,3651,122400,13,9172
1369,5,0,15,10,33455700,3651,122400,13,9177
1370,5,0,14,11,33473220,3651,122400,13,9182
1371,6,0,17,8,33476100,3650,122400,13,9188
1372,4,0,15,10,33495480,3649,122400,13,9192
1373,3,0,13,12,33514560,3650,122400,13,9195
1374,10,0,19,6,33527460,3649,122400,13,9205
1375,5,0,18,7,33543540,3649,122400,13,9210
1376,7,0,18,7,33577920,3650,122400,13,9217
1377,6,0,14,11,33604440,3649,122400,13,9223
1378,7,0,18,7,33612540,3648,122400,13,9230
1379,13,1,23,2,33637500,3648,122700,13,9243
1380,6,0,21,4,33661200,3647,128040,13,9249
1381,9,0,20,5,33710700,3649,128040,13,9258
1382,10,0,21,4,33743640,3649,128040,13,9268
1383,7,0,20,5,33773640,3649,128040,13,9275
1384,10,0,21,4,33815520,3650,128040,13,9285
1385,10,0,20,5,33843720,3648,128040,13,9295
1386,4,0,14,11,33880620,3648,128040,13,9299
1387,6,0,16,9,33901320,3649,128040,13,9305
1388,8,0,17,8,33914760,3648,128040,13,9313
1389,5,0,17,8,33939780,3649,128040,13,9318
1390,5,0,15,10,33970200,3649,128040,13,9323
1391,7,0,15,10,33992820,3649,128040,13,9330
1392,5,0,13,12,34004700,3647,128040,13,9335
1393,1,0,13,12,34009380,3647,128040,13,9336
1394,4,0,15,10,34019580,3648,128040,13,9340
1395,6,0,18,7,34024500,3647,128040,13,9346
1396,3,0,18,7,34038600,3647,128040,13,9349
1397,10,0,21,4,34075800,3649,128040,13,9359
1398,7,0,18,7,34102140,3648,128040,13,9366
1399,4,0,13,12,34145100,3649,128040,13,9370
1400,2,0,14,11,34145760,3648,128040,13,9372
1401,8,0,16,9,34158480,3647,128040,13,9380
1402,11,0,22,3,34171740,3647,128040,13,9391
1403,9,0,23,2,34194840,3646,128040,13,9400
1404,4,0,17,8,34245540,3648,128040,13,9404
1405,7,0,17,8,34274820,3648,128040,13,9411
1406,6,0,16,9,34299180,3648,128040,13,9417
1407,5,0,17,8,34311540,3648,128040,13,9422
1408,9,0,22,3,34326180,3648,128040,13,9431
1409,7,0,20,5,34363800,3648,128040,13,9438
1410,8,0,18,7,34396080,3648,128040,13,9446
1411,8,0,19,6,34415760,3647,128040,13,9454
1412,5,0,17,8,34441500,3647,128040,13,9459
1413,4,0,17,8,34461720,3648,128040,13,9463
1414,2,0,13,12,34480560,3647,128040,13,9465
1415,3,0,14,11,34492560,3648,128040,13,9468
1416,3,0,13,12,34503600,3648,128040,13,9471
1417,5,0,16,9,34511160,3648,128040,13,9476
1418,4,0,16,9,34522380,3647,128040,13,9480
1419,7,0,19,6,34539780,3648,128040,13,9487
1420,8,0,18,7,34578540,3648,128040,13,9495
1421,7,0,24,1,34579740,3648,128040,13,9502
1422,4,0,16,9,34639320,3650,128040,13,9506
1423,9,0,16,9,34668000,3649,128040,13,9515
1424,8,0,19,6,34678560,3648,128040,13,9523
1425,8,0,18,7,34709100,3648,128040,13,9531
1426,11,0,23,2,34727340,3648,128040,13,9542
1427,16,2,25,0,34772640,3648,131040,13,9558
1428,10,0,25,0,34813980,3648,132780,13,9568
1429,7,0,20,5,34858200,3648,133980,13,9575
1430,8,0,20,5,34905480,3650,133980,13,9583
1431,9,0,21,4,34935900,3650,133980,13,9592
1432,8,0,19,6,34979940,3650,133980,13,9600
1433,6,0,16,9,34999260,3649,133980,13,9606
1434,9,0,19,6,35019840,3649,133980,13,9615
1435,6,0,19,6,35044620,3649,133980,13,9621
1436,6,0,16,9,35079000,3649,133980,13,9627
1437,6,0,17,8,35105520,3650,133980,13,9633
1438,3,0,16,9,35129640,3651,133980,13,9636
1439,4,0,14,11,35145240,3651,133980,13,9640
1440,3,0,15,10,35154600,3651,133980,13,9643
1441,3,0,15,10,35172780,3652,133980,13,9646
1442,3,0,14,11,35178600,3651,133980,13,9649
1443,10,0,19,6,35185260,3649,133980,13,9659
1444,3,0,17,8,35205360,3650,133980,13,9662
1445,4,0,15,10,35239620,3651,133980,13,9666
1446,6,0,17,8,35255460,3651,133980,13,9672
1447,11,1,18,7,35270580,3649,133980,13,9683
1448,7,2,22,3,35280420,3649,138900,14,9690
1449,2,0,19,6,35319000,3651,142800,14,9692
1450,15,2,24,1,35348700,3651,143340,14,9707
1451,9,0,24,1,35392380,3651,149820,15,9716
1452,6,0,21,4,35451480,3654,150060,15,9722
1453,12,0,23,2,35487300,3654,150060,15,9734
1454,12,0,23,2,35527680,3653,150060,15,9746
1455,6,0,21,4,35558220,3654,150060,15,9752
1456,14,0,25,0,35599860,3654,150060,15,9766
1457,8,0,19,6,35644980,3654,150180,15,9774
1458,7,0,16,9,35685540,3654,150180,15,9781
1459,7,0,17,8,35696640,3653,150180,15,9788
1460,5,0,19,6,35712660,3653,150180,15,9793
1461,6,0,18,7,35757120,3655,150180,15,9799
1462,4,0,16,9,35770500,3654,150180,15,9803
1463,1,0,13,12,35791260,3655,150180,15,9804
1464,4,0,14,11,35806200,3655,150180,15,9808
1465,6,0,16,9,35814900,3655,150180,15,9814
1466,8,0,18,7,35829120,3654,150180,15,9822
1467,4,0,16,9,35853540,3654,150180,15,9826
1468,4,0,16,9,35874060,3655,150180,15,9830
1469,4,0,16,9,35880240,3654,150180,15,9834
1470,5,0,17,8,35907060,3655,150180,15,9839
1471,9,0,18,7,35923920,3654,150180,15,9848
1472,11,0,21,4,35948280,3654,150180,15,9859
1473,4,0,19,6,35972520,3654,150180,15,9863
1474,6,0,18,7,36009420,3655,150180,15,9869
1475,10,0,20,5,36033840,3654,150180,15,9879
1476,8,0,22,3,36052560,3654,150180,15,9887
1477,9,0,22,3,36082560,3654,150180,15,9896
1478,6,0,18,7,36126000,3654,150180,15,9902
1479,5,0,20,5,36139080,3655,150180,15,9907
1480,10,0,20,5,36178140,3655,150180,15,9917
1481,8,1,20,5,36205380,3655,150420,15,9925
1482,10,4,23,2,36223260,3655,154020,15,9935
1483,6,0,21,4,36267300,3655,162480,16,9941
1484,5,0,18,7,36310380,3657,162480,16,9946
1485,3,0,16,9,36336240,3658,162480,16,9949
1486,6,0,15,10,36356640,3657,162480,16,9955
1487,10,0,20,5,36365460,3656,162480,16,9965
1488,3,0,16,9,36398640,3657,162480,16,9968
1489,3,0,14,11,36423600,3658,162480,16,9971
1490,9,0,20,5,36438660,3658,162480,16,9980
1491,5,0,20,5,36453660,3658,162480,16,9985
1492,6,0,14,11,36500340,3658,162480,16,9991
1493,3,0,14,11,36508680,3658,162480,16,9994
1494,8,0,17,8,36519120,3657,162480,16,10002
1495,7,0,17,8,36531780,3656,162480,16,10009
1496,9,0,20,5,36551100,3655,162480,16,10018
1497,16,3,25,0,36571500,3654,163080,16,10034
1498,9,0,25,0,36622320,3655,170340,16,10043
1499,9,0,23,2,36675420,3656,170340,16,10052
1500,13,2,24,1,36710280,3656,170820,16,10065
1501,6,2,23,2,36750000,3658,179640,17,10071
1502,9,0,21,4,36804240,3658,184140,18,10080
1503,10,0,23,2,36838620,3659,184200,18,10090
1504,8,0,19,6,36876120,3658,184200,18,10098
1505,4,0,16,9,36898800,3658,184200,18,10102
1506,1,0,13,12,36922920,3659,184200,18,10103
1507,10,0,20,5,36932400,3659,184200,18,10113
1508,8,0,20,5,36953700,3658,184200,18,10121
1509,1,0,14,11,36982140,3658,184200,18,10122
1510,5,0,16,9,36997440,3659,184200,18,10127
1511,4,0,16,9,37018200,3659,184200,18,10131
1512,3,0,13,12,37041180,3659,184200,18,10134
1513,3,0,16,9,37041180,3659,184200,18,10137
1514,6,0,18,7,37052760,3659,184200,18,10143
1515,4,0,14,11,37082820,3659,184200,18,10147
1516,9,0,20,5,37091520,3659,184200,18,10156
1517,6,0,15,10,37115940,3657,184200,18,10162
1518,6,0,15,10,37137840,3657,184200,18,10168
1519,9,0,19,6,37148640,3657,184200,18,10177
1520,12,0,23,2,37172400,3656,184320,18,10189
1521,11,1,25,0,37204020,3656,184320,18,10200
1522,6,0,19,6,37258020,3657,184740,18,10206
1523,9,0,20,5,37288440,3657,184740,18,10215
1524,13,0,21,4,37323060,3656,184740,18,10228
1525,13,0,20,5,37361700,3655,184740,18,10241
1526,5,0,14,11,37404240,3655,184740,18,10246
1527,7,0,15,10,37419300,3654,184740,18,10253
1528,6,0,19,6,37425720,3654,184740,18,10259
1529,9,0,20,5,37446480,3654,184740,17,10268
1530,8,0,20,5,37478880,3654,184740,17,10276
1531,9,0,21,4,37516140,3655,184740,17,10285
1532,2,0,15,10,37554000,3655,184740,17,10287
1533,6,0,19,6,37567500,3656,184740,17,10293
1534,5,0,16,9,37600140,3656,184740,17,10298
1535,5,0,13,12,37618440,3655,184740,17,10303
1536,3,0,15,10,37619340,3655,184740,17,10306
1537,2,0,15,10,37629180,3655,184740,17,10308
1538,2,0,15,10,37631760,3655,184740,17,10310
1539,6,0,15,10,37659540,3655,184740,17,10316
1540,6,0,17,8,37671180,3655,184740,17,10322
1541,8,0,18,7,37685400,3654,184740,17,10330
1542,4,0,12,13,37715160,3653,184740,17,10334
1543,8,0,18,7,37717680,3653,184740,17,10342
1544,13,0,25,0,37735920,3653,185520,17,10355
1545,6,0,20,5,37773480,3652,185520,17,10361
1546,11,0,21,4,37812900,3653,185520,17,10372
1547,10,0,23,2,37843080,3653,185520,17,10382
1548,12,6,20,5,37875420,3653,189900,18,10394
1549,9,3,25,0,37911300,3654,208920,20,10403
1550,8,0,20,5,37953240,3652,221460,21,10411
1551,9,0,23,2,37987260,3653,221460,21,10420
1552,4,0,20,5,38028600,3655,221460,21,10424
1553,10,0,22,3,38067120,3656,221460,21,10434
1554,9,2,25,0,38091480,3657,221460,21,10443
1555,7,0,19,6,38157300,3658,223440,21,10450
1556,5,0,13,12,38192520,3657,223440,21,10455
1557,3,0,15,10,38193120,3657,223440,21,10458
1558,6,0,17,8,38204640,3656,223440,21,10464
1559,3,0,14,11,38224920,3656,223440,21,10467
1560,3,0,14,11,38234520,3656,223440,21,10470
1561,3,0,12,13,38254620,3656,223440,21,10473
1562,2,0,13,12,38259180,3656,223440,21,10475
1563,8,0,14,11,38267100,3655,223440,21,10483
1564,3,0,14,11,38276820,3655,223440,21,10486
1565,6,0,19,6,38284440,3655,223440,21,10492
1566,6,0,18,7,38301540,3654,223440,21,10498
1567,11,0,22,3,38325420,3654,223440,21,10509
1568,7,0,19,6,38367960,3655,223440,21,10516
1569,4,0,19,6,38381880,3655,223440,21,10520
1570,9,0,19,6,38413200,3654,223440,21,10529
1571,7,0,16,9,38443920,3654,223440,21,10536
1572,4,0,13,12,38473800,3654,223440,21,10540
1573,8,0,17,8,38482080,3654,223440,21,10548
1574,9,0,22,3,38495580,3654,223440,21,10557
1575,9,0,21,4,38518200,3652,223440,21,10566
1576,8,0,21,4,38553960,3653,223440,21,10574
1577,5,0,16,9,38594880,3653,223440,21,10579
1578,4,0,13,12,38627460,3654,223440,21,10583
1579,2,0,15,10,38627460,3654,223440,21,10585
1580,4,0,14,11,38643540,3654,223440,21,10589
1581,5,0,14,11,38663280,3654,223440,21,10594
1582,7,0,17,8,38669940,3653,223440,21,10601
1583,5,0,18,7,38687040,3653,223440,21,10606
1584,6,0,17,8,38719920,3654,223440,21,10612
1585,6,0,17,8,38739000,3654,223440,21,10618
1586,6,0,17,8,38770380,3655,223440,21,10624
1587,4,0,20,5,38775000,3655,223440,21,10628
1588,8,0,17,8,38822280,3655,223440,21,10636
1589,5,0,20,5,38829540,3655,223440,20,10641
1590,6,0,16,9,38872620,3656,223440,20,10647
1591,5,0,17,8,38889000,3656,223440,20,10652
1592,10,0,19,6,38917080,3656,223440,20,10662
1593,3,0,15,10,38940780,3656,223440,20,10665
1594,7,0,18,7,38960580,3656,223440,20,10672
1595,7,0,13,12,38990280,3655,223440,20,10679
1596,12,0,19,6,39001380,3654,223440,20,10691
1597,9,0,21,4,39027360,3654,223440,20,10700
1598,9,0,19,6,39065220,3654,223440,20,10709
1599,10,0,22,3,39090180,3654,223440,20,10719
1600,5,0,16,9,39124260,3653,223440,20,10724
1601,5,0,14,11,39146520,3653,223440,20,10729
1602,6,0,16,9,39162720,3653,223440,20,10735
1603,9,0,16,9,39181620,3652,223440,20,10744
1604,8,0,16,9,39210300,3652,223440,20,10752
1605,3,0,16,9,39219060,3652,223440,20,10755
1606,6,0,16,9,39243600,3652,223440,20,10761
1607,3,0,15,10,39258600,3652,223440,20,10764
1608,8,0,16,9,39282420,3652,223440,20,10772
1609,3,0,17,8,39290940,3652,223440,20,10775
1610,4,0,15,10,39315600,3652,223440,20,10779
1611,5,0,16,9,39328440,3652,223440,20,10784
1612,5,0,18,7,39346740,3653,223440,20,10789
1613,3,0,17,8,39360000,3652,223440,20,10792
1614,3,0,13,12,39392160,3653,223440,20,10795
1615,7,0,15,10,39402000,3652,223440,20,10802
1616,6,0,17,8,39411000,3652,223440,20,10808
1617,6,0,17,8,39430020,3651,223440,20,10814
1618,5,0,14,11,39455400,3651,223440,20,10819
1619,13,0,23,2,39463140,3650,223440,20,10832
1620,7,0,17,8,39513060,3651,223440,20,10839
1621,5,0,15,10,39530940,3650,223440,20,10844
1622,15,0,23,2,39553740,3650,223440,20,10859
1623,9,0,21,4,39597780,3650,223440,20,10868
1624,7,0,19,6,39625800,3650,223440,20,10875
1625,12,0,22,3,39663240,3650,223440,20,10887
1626,5,0,20,5,39689220,3650,223440,20,10892
1627,8,0,18,7,39740040,3651,223440,20,10900
1628,3,0,14,11,39759000,3651,223440,20,10903
1629,7,0,18,7,39770460,3651,223440,20,10910
1630,4,0,18,7,39780600,3650,223440,20,10914
1631,6,0,20,5,39800160,3651,223440,20,10920
1632,4,0,18,7,39825300,3651,223440,20,10924
1633,4,0,16,9,39851160,3652,223440,20,10928
1634,4,0,17,8,39864540,3652,223440,20,10932
1635,6,0,18,7,39888720,3652,223440,20,10938
1636,3,0,16,9,39908160,3652,223440,20,10941
1637,4,0,16,9,39946620,3655,223440,20,10945
1638,3,0,16,9,39957960,3655,223440,20,10948
1639,5,0,17,8,39981660,3655,223440,20,10953
1640,7,0,16,9,40001160,3655,223440,20,10960
1641,3,0,17,8,40007340,3654,223440,20,10963
1642,10,0,21,4,40031460,3655,223440,20,10973
1643,6,0,21,4,40048860,3654,223440,20,10979
1644,13,0,22,3,40105500,3655,223440,20,10992
1645,16,0,23,2,40135860,3653,223680,20,11008
1646,12,2,25,0,40167300,3653,225780,20,11020
1647,9,0,25,0,40209720,3654,233760,21,11029
1648,10,0,19,6,40278060,3654,234840,21,11039
1649,13,0,23,2,40308360,3654,234840,21,11052
1650,11,0,25,0,40350540,3655,235020,21,11063
1651,6,0,16,9,40404600,3655,235140,21,11069
1652,10,0,18,7,40432020,3655,235140,21,11079
1653,7,0,21,4,40447020,3655,235140,21,11086
1654,7,0,19,6,40477860,3655,235140,21,11093
1655,5,0,18,7,40515780,3656,235140,21,11098
1656,0,0,12,13,40538340,3656,235140,21,11098
1657,2,0,13,12,40549680,3657,235140,21,11100
1658,6,0,16,9,40556280,3657,235140,21,11106
1659,7,0,14,11,40577940,3655,235140,21,11113
1660,4,0,15,10,40591620,3656,235140,21,11117
1661,8,0,18,7,40606620,3655,235140,21,11125
1662,3,0,20,5,40609440,3655,235140,21,11128
1663,8,0,18,7,40658580,3657,235140,21,11136
1664,11,0,18,7,40698540,3656,235140,21,11147
1665,10,0,22,3,40720380,3656,235140,21,11157
1666,6,0,19,6,40750380,3656,235140,21,11163
1667,12,0,22,3,40793040,3657,235140,21,11175
1668,14,0,25,0,40829340,3657,236880,21,11189
1669,5,0,23,2,40863420,3657,237840,21,11194
1670,13,0,23,2,40914240,3658,237840,21,11207
1671,14,0,25,0,40968240,3659,238380,21,11221
1672,7,0,23,2,40995900,3658,241020,21,11228
1673,10,1,23,2,41048280,3660,243240,21,11238
1674,6,0,20,5,41096880,3661,244620,21,11244
1675,7,0,16,9,41141520,3661,244620,21,11251
1676,8,0,20,5,41153820,3661,244620,21,11259
1677,3,0,13,12,41193000,3661,244620,21,11262
1678,9,0,20,5,41194740,3661,244620,21,11271
1679,1,0,14,11,41224680,3661,244620,21,11272
1680,3,0,15,10,41237700,3662,244620,21,11275
1681,4,0,16,9,41243760,3661,244620,21,11279
1682,5,0,16,9,41264340,3662,244620,21,11284
1683,4,0,16,9,41273940,3661,244620,21,11288
1684,5,0,16,9,41290260,3661,244620,21,11293
1685,4,0,16,9,41307360,3661,244620,21,11297
1686,9,0,21,4,41311200,3660,244620,21,11306
1687,4,0,17,8,41344500,3661,244620,21,11310
1688,8,0,16,9,41381280,3661,244620,21,11318
1689,9,0,22,3,41390460,3661,244620,21,11327
1690,8,0,20,5,41430000,3661,244620,21,11335
1691,9,0,20,5,41466960,3661,244620,21,11344
1692,4,0,14,11,41498700,3661,244620,21,11348
1693,1,0,12,13,41508720,3661,244620,21,11349
1694,6,0,14,11,41522220,3661,244620,21,11355
1695,8,0,21,4,41523300,3661,244620,21,11363
1696,14,0,25,0,41558820,3660,247260,21,11377
1697,6,0,16,9,41605200,3660,247260,21,11383
1698,8,0,19,6,41623260,3660,247260,21,11391
1699,7,0,20,5,41647800,3660,247260,21,11398
1700,6,0,18,7,41678220,3660,247260,21,11404
1701,6,0,17,8,41707200,3660,247260,21,11410
1702,6,0,17,8,41719320,3659,247260,21,11416
1703,2,0,12,13,41747100,3660,247260,21,11418
1704,3,0,13,12,41752020,3659,247260,21,11421
1705,3,0,13,12,41758800,3659,247260,21,11424
1706,4,0,15,10,41765100,3659,247260,21,11428
1707,3,0,14,11,41778240,3659,247260,21,11431
1708,4,0,14,11,41792040,3659,247260,21,11435
1709,7,0,17,8,41803080,3658,247260,21,11442
1710,7,0,17,8,41817600,3657,247260,21,11449
1711,7,0,17,8,41852520,3658,247260,21,11456
1712,11,0,18,7,41868600,3656,247260,21,11467
1713,11,0,21,4,41895180,3656,247260,21,11478
1714,9,0,24,1,41916660,3656,247260,21,11487
1715,10,0,19,6,41977140,3657,247320,21,11497
1716,13,0,23,2,42007380,3656,247320,21,11510
1717,4,0,17,8,42052980,3657,247500,21,11514
1718,11,5,21,4,42069600,3658,252000,21,11525
1719,10,2,25,0,42107160,3658,264540,22,11535
1720,9,0,19,6,42172200,3659,275640,23,11544
1721,8,0,16,9,42219120,3659,275640,23,11552
1722,9,0,19,6,42233160,3659,275640,23,11561
1723,3,0,15,10,42257880,3659,275640,23,11564
1724,3,0,16,9,42266040,3659,275640,23,11567
1725,3,0,15,10,42279360,3658,275640,23,11570
1726,5,0,17,8,42299160,3659,275640,23,11575
1727,8,0,20,5,42309120,3659,275640,23,11583
1728,3,0,14,11,42339840,3658,275640,23,11586
1729,3,0,12,13,42359160,3658,275640,23,11589
1730,4,0,16,9,42359160,3658,275640,23,11593
1731,6,0,19,6,42369540,3658,275640,23,11599
1732,4,0,14,11,42400860,3658,275640,23,11603
1733,8,0,16,9,42409740,3657,275640,23,11611
1734,3,0,13,12,42431580,3657,275640,23,11614
1735,5,0,17,8,42432900,3657,275640,23,11619
1736,4,0,16,9,42458580,3658,275640,23,11623
1737,2,0,15,10,42476520,3658,275640,23,11625
1738,9,0,19,6,42492300,3658,275640,23,11634
1739,11,0,20,5,42522780,3657,275640,23,11645
1740,13,1,25,0,42543840,3657,275640,23,11658
1741,7,0,23,2,42574500,3656,277140,23,11665
1742,11,0,22,3,42632460,3658,278880,23,11676
1743,6,0,18,7,42679020,3659,278880,23,11682
1744,10,0,24,1,42702240,3659,278880,23,11692
1745,11,0,25,0,42754920,3661,288000,24,11703
1746,10,0,19,6,42804600,3660,288120,24,11713
1747,9,0,20,5,42836880,3660,288120,24,11722
1748,6,0,19,6,42858720,3660,288120,24,11728
1749,7,0,19,6,42898920,3661,288120,24,11735
1750,4,0,15,10,42928800,3661,288120,24,11739
1751,2,0,14,11,42936840,3661,288120,24,11741
1752,3,0,14,11,42949500,3661,288120,24,11744
1753,3,0,13,12,42965220,3661,288120,24,11747
1754,7,0,17,8,42974640,3661,288120,24,11754
1755,3,0,15,10,42991260,3661,288120,24,11757
1756,6,0,17,8,43000620,3660,288120,24,11763
1757,10,0,20,5,43031760,3661,288120,24,11773
1758,4,0,18,7,43050480,3661,288120,24,11777
1759,10,0,21,4,43083600,3661,288120,24,11787
1760,8,0,20,5,43111920,3661,288120,24,11795
1761,8,0,19,6,43144560,3661,288120,24,11803
1762,7,0,17,8,43174680,3661,288120,24,11810
1763,7,0,17,8,43195740,3660,288120,24,11817
1764,7,0,15,10,43223640,3660,288120,24,11824
1765,4,0,17,8,43229400,3660,288120,24,11828
1766,10,0,17,8,43252140,3658,288120,24,11838
1767,11,0,17,8,43276080,3657,288120,24,11849
1768,6,0,15,10,43301280,3657,288120,24,11855
1769,8,0,18,7,43315500,3656,288120,24,11863
1770,8,0,21,4,43323480,3655,288120,24,11871
1771,3,0,16,9,43360920,3656,288120,24,11874
1772,12,0,21,4,43390080,3656,288120,24,11886
1773,5,0,19,6,43408200,3656,288120,24,11891
1774,3,0,15,10,43445880,3657,288120,24,11894
1775,8,0,18,7,43463340,3657,288120,24,11902
1776,5,0,19,6,43475040,3657,288120,24,11907
1777,5,0,16,9,43504500,3657,288120,24,11912
1778,3,0,15,10,43525380,3657,288120,24,11915
1779,4,0,13,12,43542240,3657,288120,24,11919
1780,8,0,16,9,43550640,3656,288120,24,11927
1781,4,0,17,8,43567980,3656,288120,24,11931
1782,3,0,15,10,43581060,3656,288120,24,11934
1783,3,0,14,11,43601460,3656,288120,24,11937
1784,9,0,19,6,43609620,3656,288120,24,11946
1785,16,5,25,0,43623960,3656,288120,24,11962
1786,12,0,25,0,43677120,3655,293100,24,11974
1787,5,0,21,4,43716240,3655,293100,24,11979
1788,9,0,20,5,43755480,3656,293100,24,11988
1789,10,0,21,4,43795080,3656,293100,24,11998
1790,6,0,20,5,43818360,3656,293100,24,12004
1791,11,0,25,0,43853820,3657,293100,24,12015
1792,3,0,21,4,43890300,3658,293100,24,12018
1793,15,0,18,7,43963980,3659,293160,24,12033
1794,7,0,19,6,43979580,3658,293160,24,12040
1795,4,0,14,11,44009460,3658,293160,24,12044
1796,9,0,18,7,44021040,3657,293160,24,12053
1797,6,0,20,5,44033640,3657,293160,24,12059
1798,9,0,19,6,44076300,3658,293160,24,12068
1799,6,0,18,7,44101440,3658,293160,24,12074
1800,1,0,13,12,44132220,3658,293160,24,12075
1801,5,0,16,9,44140800,3658,293160,24,12080
1802,6,0,16,9,44148180,3657,293160,24,12086
1803,5,0,15,10,44163960,3657,293160,24,12091
1804,8,0,16,9,44182740,3656,293160,24,12099
1805,8,0,21,4,44190540,3656,293160,24,12107
1806,8,0,20,5,44217960,3655,293160,24,12115
1807,7,0,17,8,44250000,3655,293160,24,12122
1808,8,0,17,8,44272920,3654,293160,24,12130
1809,10,0,16,9,44305140,3654,293160,24,12140
1810,14,0,24,1,44315100,3653,293160,24,12154
1811,7,0,20,5,44346300,3652,293160,24,12161
1812,12,0,23,2,44370000,3651,293280,24,12173
1813,7,0,19,6,44410260,3651,293280,24,12180
1814,7,0,19,6,44429400,3651,293280,24,12187
1815,8,0,14,11,44494440,3652,293280,24,12195
1816,5,0,16,9,44499300,3652,293280,24,12200
1817,6,0,15,10,44515140,3651,293280,24,12206
1818,4,0,17,8,44526780,3651,293280,24,12210
1819,8,0,17,8,44555280,3651,293280,24,12218
1820,7,0,20,5,44565600,3651,293280,23,12225
1821,3,0,16,9,44599380,3652,293280,23,12228
1822,2,0,13,12,44626440,3652,293280,23,12230
1823,4,0,14,11,44629140,3652,293280,23,12234
1824,4,0,15,10,44640180,3652,293280,23,12238
1825,8,0,20,5,44646360,3651,293280,23,12246
1826,3,0,15,10,44680020,3652,293280,23,12249
1827,1,0,13,12,44698680,3652,293280,23,12250
1828,4,0,15,10,44703180,3652,293280,23,12254
1829,5,0,16,9,44713740,3652,293280,23,12259
1830,4,0,15,10,44739120,3652,293280,23,12263
1831,11,0,20,5,44752320,3652,293280,23,12274
1832,3,0,16,9,44779560,3652,293280,23,12277
1833,8,0,19,6,44794740,3651,293280,23,12285
1834,8,0,21,4,44823600,3652,293280,23,12293
1835,13,0,25,0,44858100,3652,294420,23,12306
1836,8,0,20,5,44904000,3652,294480,23,12314
1837,6,0,17,8,44945520,3653,294480,23,12320
1838,9,0,21,4,44960940,3652,294480,23,12329
1839,2,0,13,12,44998380,3653,294480,23,12331
1840,2,0,12,13,45015660,3653,294480,23,12333
1841,10,0,17,8,45022560,3652,294480,23,12343
1842,5,0,17,8,45039180,3652,294480,23,12348
1843,5,0,16,9,45072900,3653,294480,23,12353
1844,7,0,20,5,45084360,3653,294480,23,12360
1845,4,0,16,9,45112080,3653,294480,23,12364
1846,5,0,17,8,45134580,3654,294480,23,12369
1847,4,0,18,7,45150360,3654,294480,23,12373
1848,4,0,17,8,45175020,3654,294480,23,12377
1849,6,0,21,4,45181020,3654,294480,23,12383
1850,2,0,14,11,45229020,3656,294480,23,12385
1851,7,0,18,7,45233280,3655,294480,23,12392
1852,5,0,16,9,45263160,3655,294480,23,12397
1853,12,0,20,5,45284160,3655,294480,23,12409
1854,6,0,15,10,45319860,3654,294480,23,12415
1855,8,0,15,10,45340440,3654,294480,23,12423
1856,9,0,19,6,45348000,3653,294480,23,12432
1857,10,0,22,3,45372720,3653,294480,23,12442
1858,12,0,21,4,45426180,3653,294480,23,12454
1859,14,0,23,2,45455520,3652,295200,23,12468
1860,10,0,22,3,45497220,3652,295620,23,12478
1861,9,0,20,5,45547800,3653,295620,23,12487
1862,12,0,24,1,45574680,3653,295620,23,12499
1863,11,0,21,4,45620580,3652,295620,23,12510
1864,13,0,23,2,45655740,3652,295620,23,12523
1865,8,0,22,3,45682980,3652,295620,23,12531
1866,6,0,16,9,45741720,3653,295620,23,12537
1867,9,0,23,2,45748200,3653,295620,23,12546
1868,4,0,17,8,45782460,3652,295620,23,12550
1869,7,0,18,7,45804840,3652,295620,23,12557
1870,2,0,14,11,45823440,3652,295620,23,12559
1871,6,0,18,7,45835080,3653,295620,23,12565
1872,8,0,19,6,45861840,3653,295620,23,12573
1873,4,0,19,6,45876540,3653,295620,23,12577
1874,5,0,14,11,45912240,3653,295620,23,12582
1875,4,0,15,10,45924300,3653,295620,23,12586
1876,4,0,13,12,45943980,3653,295620,23,12590
1877,8,0,18,7,45954120,3652,295620,23,12598
1878,6,0,20,5,45963480,3652,295620,23,12604
1879,8,0,18,7,46002420,3652,295620,23,12612
1880,3,0,16,9,46026240,3653,295620,23,12615
1881,12,0,23,2,46041840,3652,295620,23,12627
1882,3,0,14,11,46084020,3652,295620,23,12630
1883,6,0,15,10,46109880,3653,295620,23,12636
1884,12,0,23,2,46115100,3652,295620,23,12648
1885,9,0,19,6,46163340,3652,295620,23,12657
1886,9,0,19,6,46193460,3652,295620,23,12666
1887,6,0,18,7,46221360,3652,295620,23,12672
1888,7,0,19,6,46244040,3652,295620,23,12679
1889,4,0,16,9,46269360,3652,295620,23,12683
1890,9,0,21,4,46287900,3653,295620,23,12692
1891,9,0,18,7,46327560,3652,295620,23,12701
1892,6,0,20,5,46334340,3652,295620,23,12707
1893,7,0,21,4,46356900,3652,295620,23,12714
1894,1,0,16,9,46389360,3652,295620,23,12715
1895,3,0,14,11,46419120,3653,295620,23,12718
1896,5,0,15,10,46434000,3653,295620,23,12723
1897,7,0,21,4,46439400,3654,295620,23,12730
1898,4,0,17,8,46468800,3654,295620,23,12734
1899,7,0,17,8,46491000,3653,295620,23,12741
1900,5,0,15,10,46505700,3652,295620,23,12746
1901,7,0,18,7,46525980,3653,295620,23,12753
1902,2,0,16,9,46544220,3653,295620,23,12755
1903,4,0,16,9,46571340,3654,295620,23,12759
1904,8,0,17,8,46589520,3654,295620,23,12767
1905,7,0,16,9,46603860,3652,295620,23,12774
1906,7,0,18,7,46627800,3653,295620,23,12781
1907,7,0,18,7,46654740,3653,295620,23,12788
1908,7,0,19,6,46675020,3653,295620,23,12795
1909,9,0,18,7,46708200,3653,295620,23,12804
1910,7,0,19,6,46734660,3653,295620,23,12811
1911,10,0,21,4,46772100,3654,295620,23,12821
1912,10,0,24,1,46791720,3653,295620,23,12831
1913,6,0,22,3,46835220,3654,295620,23,12837
1914,6,0,20,5,46881540,3656,295620,23,12843
1915,5,0,17,8,46917240,3656,295620,23,12848
1916,5,0,14,11,46936320,3655,295620,23,12853
1917,3,0,13,12,46950480,3655,295620,22,12856
1918,6,0,15,10,46963200,3655,295620,22,12862
1919,2,0,13,12,46978560,3655,295620,22,12864
1920,8,0,18,7,46983000,3655,295620,22,12872
1921,8,0,16,9,47010240,3654,295620,22,12880
1922,5,0,16,9,47027160,3654,295620,22,12885
1923,3,0,14,11,47058540,3655,295620,22,12888
1924,7,0,16,9,47068680,3654,295620,22,12895
1925,9,0,20,5,47079720,3654,295620,22,12904
1926,5,0,20,5,47094780,3653,295620,22,12909
1927,3,0,15,10,47140620,3655,295620,22,12912
1928,5,0,17,8,47161380,3655,295620,22,12917
1929,8,0,18,7,47179800,3655,295620,22,12925
1930,6,0,17,8,47201640,3655,295620,22,12931
1931,7,0,16,9,47230500,3655,295620,22,12938
1932,11,0,23,2,47239620,3654,295620,22,12949
1933,11,1,25,0,47274180,3655,295620,22,12960
1934,10,0,19,6,47336700,3655,296820,22,12970
1935,10,0,19,6,47366640,3654,296820,22,12980
1936,11,0,20,5,47399520,3654,296820,22,12991
1937,6,0,18,7,47426100,3654,296820,22,12997
1938,13,0,22,3,47458740,3654,296820,22,13010
1939,8,0,21,4,47482740,3653,296820,22,13018
1940,8,0,19,6,47519700,3653,296820,22,13026
1941,3,0,18,7,47542260,3654,296820,22,13029
1942,3,0,18,7,47558700,3654,296820,22,13032
1943,4,0,14,11,47599980,3655,296820,22,13036
1944,6,0,15,10,47616420,3655,296820,22,13042
1945,4,0,17,8,47620980,3654,296820,22,13046
1946,6,0,19,6,47642940,3655,296820,22,13052
1947,7,0,18,7,47674440,3655,296820,22,13059
1948,3,0,18,7,47692920,3656,296820,22,13062
1949,7,0,19,6,47721000,3656,296820,22,13069
1950,7,0,18,7,47760540,3657,296820,22,13076
1951,8,0,22,3,47784600,3658,296820,22,13084
1952,8,0,24,1,47812800,3658,296820,22,13092
1953,7,0,19,6,47864400,3659,296820,22,13099
1954,11,0,24,1,47878200,3658,296820,22,13110
1955,12,0,24,1,47924160,3658,297180,22,13122
1956,4,0,17,8,47972400,3659,297180,22,13126
1957,10,0,18,7,48009420,3659,297180,22,13136
1958,1,0,17,8,48018540,3659,297180,22,13137
1959,5,0,14,11,48056820,3660,297180,22,13142
1960,8,0,17,8,48064500,3659,297180,22,13150
1961,8,0,19,6,48086700,3659,297180,22,13158
1962,6,0,18,7,48106800,3659,297180,22,13164
1963,7,0,18,7,48133800,3659,297180,22,13171
1964,8,0,18,7,48149520,3658,297180,22,13179
1965,6,0,15,10,48186060,3658,297180,22,13185
1966,3,0,15,10,48194880,3658,297180,22,13188
1967,8,0,17,8,48214620,3658,297180,22,13196
1968,7,0,17,8,48227940,3657,297180,22,13203
1969,4,0,15,10,48254400,3657,297180,22,13207
1970,1,0,14,11,48264360,3658,297180,22,13208
1971,3,0,14,11,48278640,3658,297180,22,13211
1972,6,0,18,7,48287220,3658,297180,22,13217
1973,3,0,17,8,48297360,3658,297180,22,13220
1974,12,0,17,8,48329520,3657,297180,22,13232
1975,3,0,16,9,48347580,3657,297180,22,13235
1976,4,0,14,11,48373560,3657,297180,22,13239
1977,6,0,15,10,48388440,3657,297180,22,13245
1978,10,0,20,5,48400620,3657,297180,22,13255
1979,16,6,23,2,48414300,3656,298260,22,13271
1980,6,0,19,6,48472260,3656,314940,23,13277
1981,9,0,19,6,48502380,3655,314940,23,13286
1982,8,0,22,3,48526800,3656,314940,23,13294
1983,7,0,18,7,48565320,3656,314940,23,13301
1984,7,0,20,5,48584640,3656,314940,23,13308
1985,10,0,19,6,48620340,3655,314940,23,13318
1986,12,0,24,1,48645960,3655,314940,23,13330
1987,6,0,19,6,48687480,3656,315060,23,13336
1988,3,0,17,8,48711120,3656,315060,23,13339
1989,5,0,17,8,48747660,3657,315060,23,13344
1990,5,0,16,9,48777900,3658,315060,23,13349
1991,9,0,21,4,48786600,3657,315060,23,13358
1992,4,0,19,6,48805920,3657,315060,23,13362
1993,5,0,16,9,48844560,3658,315060,23,13367
1994,7,0,18,7,48859920,3658,315060,23,13374
1995,6,0,18,7,48881640,3658,315060,23,13380
1996,6,0,16,9,48916800,3658,315060,23,13386
1997,6,0,18,7,48927720,3658,315060,23,13392
1998,10,0,20,5,48957900,3658,315060,23,13402
1999,14,0,22,3,48986940,3657,315060,23,13416
2000,7,0,18,7,49023360,3657,315060,23,13423
2001,9,0,17,8,49054260,3656,315060,23,13432
2002,13,0,20,5,49087380,3656,315060,23,13445
2003,8,0,21,4,49108380,3656,315060,23,13453
2004,9,0,20,5,49144680,3656,315060,23,13462
2005,8,0,16,9,49177200,3655,315060,23,13470
2006,13,0,24,1,49194480,3655,315060,23,13483
2007,3,0,20,5,49225500,3655,315060,23,13486
2008,12,0,21,4,49276560,3656,315060,23,13498
2009,6,0,18,7,49305780,3656,315060,23,13504
2010,6,0,15,10,49335720,3655,315060,23,13510
2011,11,0,23,2,49340280,3655,315060,23,13521
2012,7,0,21,4,49373700,3655,315060,23,13528
2013,1,0,15,10,49394820,3655,315060,23,13529
2014,5,0,14,11,49432500,3656,315060,23,13534
2015,6,0,17,8,49442280,3656,315060,23,13540
2016,8,0,19,6,49461060,3655,315060,23,13548
2017,3,0,20,5,49462860,3655,315060,23,13551
2018,7,0,24,1,49471200,3655,315060,23,13558
2019,5,0,22,3,49494360,3655,315180,23,13563
2020,6,0,22,3,49508460,3654,315180,23,13569
2021,5,1,25,0,49509060,3654,315180,23,13574
2022,9,0,25,0,49549260,3654,319200,23,13583
2023,3,0,22,3,49561980,3653,319200,23,13586
2024,4,0,22,3,49572600,3653,319200,23,13590
2025,7,0,25,0,49593120,3654,319200,23,13597
2026,5,1,25,0,49610820,3654,322560,23,13602
2027,8,6,25,0,49628460,3654,325680,23,13610
2028,15,14,25,0,49672740,3656,337560,24,13625
2029,4,14,25,0,49686120,3656,346020,25,13629
2030,6,10,25,0,49714260,3655,394740,28,13635
2031,7,8,25,0,49746360,3655,426840,31,13642
2032,11,15,25,0,49762020,3655,427620,31,13653
2033,4,14,25,0,49789320,3656,438600,32,13657
2034,9,17,25,0,49822620,3656,446160,32,13666
2035,6,17,25,0,49844580,3656,470400,34,13672
2036,7,12,25,0,49877940,3656,541080,39,13679
2037,8,0,24,1,49899300,3652,779340,56,13687
2038,8,0,24,1,49924440,3651,780060,56,13695
2039,3,0,21,4,49940520,3651,780060,56,13698
2040,4,0,24,1,49947960,3651,780060,56,13702
2041,4,0,24,1,49961880,3651,780180,56,13706
2042,4,0,22,3,49991940,3652,780180,56,13710
2043,5,0,23,2,50002680,3651,780180,56,13715
2044,7,0,24,1,50024220,3651,780180,56,13722
2045,6,3,25,0,50032500,3652,781860,56,13728
2046,6,0,22,3,50062020,3650,790860,57,13734
2047,7,0,23,2,50082780,3650,790860,57,13741
2048,11,3,25,0,50102700,3650,792840,57,13752
2049,8,6,25,0,50122860,3650,797880,57,13760
2050,5,6,25,0,50145780,3651,808440,58,13765
2051,6,7,25,0,50175420,3652,816060,59,13771
2052,11,11,25,0,50199300,3651,837600,60,13782
2053,13,18,25,0,50223720,3652,842400,61,13795
2054,2,15,25,0,50245080,3652,853920,61,13797
2055,4,12,25,0,50279760,3652,896760,64,13801
2056,9,13,25,0,50308500,3652,913320,66,13810
2057,6,14,25,0,50328240,3653,918900,66,13816
2058,5,12,25,0,50344380,3652,957420,69,13821
2059,7,11,25,0,50370060,3652,983220,71,13828
2060,2,0,21,4,50408460,3650,1224180,88,13830
2061,7,0,25,0,50422860,3650,1224180,88,13837
2062,9,2,25,0,50442780,3650,1230780,88,13846
2063,3,0,23,2,50462520,3649,1238280,89,13849
2064,2,0,20,5,50491860,3650,1238280,89,13851
2065,6,0,22,3,50501160,3650,1238280,89,13857
2066,5,0,22,3,50515560,3649,1238280,89,13862
2067,4,0,20,5,50528760,3649,1238280,89,13866
2068,4,0,21,4,50542380,3649,1238280,89,13870
2069,5,0,22,3,50546640,3648,1238280,89,13875
2070,13,6,25,0,50563680,3648,1240320,89,13888
2071,8,11,25,0,50578080,3649,1241640,89,13896
2072,4,9,25,0,50614440,3650,1266240,91,13900
2073,5,6,25,0,50646780,3650,1296360,93,13905
2074,6,0,24,1,50669700,3648,1353900,97,13911
2075,9,2,25,0,50682600,3648,1354680,97,13920
2076,7,5,25,0,50700420,3648,1359480,97,13927
2077,10,9,25,0,50740500,3649,1367640,98,13937
2078,9,13,25,0,50761200,3649,1380900,99,13946
2079,5,14,25,0,50774940,3649,1394760,99,13951
2080,10,17,25,0,50813400,3650,1427100,102,13961
2081,10,21,25,0,50841660,3651,1429260,102,13971
2082,6,26,24,1,50854380,3651,1431540,102,13977
2083,9,31,25,0,50874720,3652,1449000,103,13986
2084,9,33,25,0,50920680,3653,1462440,104,13995
2085,6,37,25,0,50926260,3653,1463460,104,14001
2086,9,40,25,0,50955420,3654,1483320,105,14010
2087,5,38,25,0,50986380,3654,1511520,107,14015
2088,6,38,25,0,51012900,3655,1535100,109,14021
2089,7,39,25,0,51030960,3655,1550340,110,14028
2090,3,37,25,0,51062160,3656,1634820,116,14031
2091,0,24,25,0,51098220,3655,2104320,150,14031
2092,5,5,25,0,51124740,3651,2709780,193,14036
2093,6,0,24,1,51141000,3649,2907660,207,14042
2094,11,3,25,0,51165060,3649,2908200,207,14053
2095,4,1,25,0,51175020,3648,2909580,207,14057
2096,9,6,25,0,51196680,3648,2912760,207,14066
2097,10,10,25,0,51230400,3649,2923620,207,14076
2098,11,18,25,0,51241860,3649,2928000,208,14087
2099,6,18,25,0,51274860,3650,2940780,208,14093
2100,6,18,25,0,51300960,3650,2956620,209,14099
2101,10,22,25,0,51330360,3651,2975760,211,14109
2102,7,21,25,0,51361080,3651,3026160,214,14116
2103,6,17,25,0,51389220,3650,3070500,217,14122
2104,8,17,25,0,51408960,3650,3113040,220,14130
2105,9,21,25,0,51430080,3650,3116040,220,14139
2106,7,25,25,0,51446640,3650,3127260,221,14146
2107,1,18,25,0,51484740,3651,3182580,225,14147
2108,7,6,25,0,51512400,3648,3558900,251,14154
2109,2,0,23,2,51530820,3647,3684480,260,14156
2110,9,1,25,0,51554640,3647,3686580,260,14165
2111,6,0,22,3,51586500,3646,3687240,260,14171
2112,4,0,22,3,51596760,3646,3687240,260,14175
2113,8,1,25,0,51610560,3646,3688260,260,14183
2114,6,1,25,0,51633840,3646,3689100,260,14189
2115,7,5,23,2,51651120,3646,3692280,260,14196
2116,5,2,25,0,51677640,3646,3706860,261,14201
2117,5,0,24,1,51703080,3646,3718620,261,14206
2118,4,0,23,2,51727620,3647,3718620,261,14210
2119,2,0,23,2,51740340,3647,3718620,261,14212
2120,7,0,24,1,51764160,3647,3718620,261,14219
2121,5,0,23,2,51788640,3647,3718740,261,14224
2122,7,0,23,2,51805260,3647,3718740,261,14231
2123,10,4,25,0,51815340,3646,3719880,261,14241
2124,1,2,25,0,51831480,3647,3728700,261,14242
2125,15,11,25,0,51867840,3648,3732120,261,14257
2126,5,11,25,0,51895020,3648,3736860,262,14262
2127,12,22,25,0,51900300,3649,3737160,262,14274
2128,15,30,25,0,51951000,3650,3747240,262,14289
2129,4,31,25,0,51965340,3651,3760920,263,14293
2130,5,32,25,0,51991440,3651,3786120,264,14298
2131,4,30,25,0,52022820,3652,3848160,269,14302
2132,6,29,25,0,52048440,3652,3930180,274,14308
2133,11,32,25,0,52076280,3652,3942660,275,14319
2134,9,35,25,0,52097700,3652,4000140,279,14328
2135,7,38,25,0,52111080,3652,4054920,282,14335
2136,5,38,25,0,52140300,3653,4066320,283,14340
2137,3,33,25,0,52174740,3653,4160220,290,14343
2138,3,29,25,0,52194420,3653,4265160,297,14346
2139,5,15,25,0,52227900,3650,4736520,330,14351
2140,6,11,25,0,52251420,3649,4839660,337,14357
2141,6,0,25,0,52275000,3647,5291760,368,14363
2142,9,3,25,0,52297980,3647,5297040,368,14372
2143,10,10,25,0,52311480,3647,5298120,368,14382
2144,14,19,25,0,52345080,3648,5306580,368,14396
2145,10,27,24,1,52360140,3648,5311080,368,14406
2146,4,27,24,1,52388640,3649,5330700,370,14410
2147,1,24,25,0,52415220,3650,5365440,372,14411
2148,16,38,25,0,52422360,3650,5367000,372,14427
2149,11,40,25,0,52455120,3651,5395380,373,14438
2150,7,38,25,0,52484640,3652,5445960,377,14445
2151,9,40,25,0,52514820,3653,5465820,378,14454
2152,10,39,25,0,52532940,3653,5533620,383,14464
2153,9,39,25,0,52561560,3653,5616720,388,14473
2154,7,38,25,0,52594980,3654,5705280,394,14480
2155,8,40,25,0,52616640,3654,5794020,400,14488
2156,8,39,25,0,52644000,3654,5892000,407,14496
2157,4,36,25,0,52667640,3653,5982900,413,14500
2158,4,22,25,0,52693380,3651,6446280,445,14504
2159,2,12,25,0,52715220,3649,6741840,465,14506
2160,7,7,25,0,52744320,3648,6976200,481,14513
2161,4,0,24,1,52764780,3646,7224600,498,14517
2162,7,1,25,0,52787100,3647,7224600,498,14524
2163,5,0,23,2,52807020,3646,7225620,498,14529
2164,8,2,25,0,52832340,3647,7226760,497,14537
2165,3,0,23,2,52854180,3647,7228200,497,14540
2166,3,0,24,1,52861620,3647,7228380,497,14543
2167,7,0,23,2,52897560,3647,7228380,497,14550
2168,7,0,22,3,52918440,3647,7228380,497,14557
2169,7,1,25,0,52925340,3646,7228380,497,14564
2170,13,9,25,0,52948080,3647,7232940,497,14577
2171,10,15,25,0,52966080,3647,7237740,497,14587
2172,11,22,25,0,52988940,3647,7246020,497,14598
2173,7,24,25,0,53025120,3649,7264860,498,14605
2174,7,29,25,0,53038620,3649,7279800,499,14612
2175,7,31,25,0,53074860,3650,7296180,499,14619
2176,8,34,25,0,53101560,3651,7305000,500,14627
2177,6,35,25,0,53125740,3651,7323300,501,14633
2178,7,36,25,0,53146800,3651,7339140,502,14640
2179,7,40,23,2,53153940,3651,7339140,502,14647
2180,1,34,24,1,53199360,3653,7392540,505,14648
2181,4,33,25,0,53214060,3653,7494060,512,14652
2182,3,30,25,0,53245080,3653,7639200,522,14655
2183,3,26,25,0,53267160,3653,7827300,535,14658
2184,6,19,25,0,53297400,3652,8139600,556,14664
2185,3,13,25,0,53319720,3651,8341920,569,14667
2186,9,10,25,0,53337360,3649,8565900,584,14676
2187,1,0,25,0,53368620,3649,8835360,603,14677
2188,3,0,20,5,53392320,3649,8835360,603,14680
2189,1,0,21,4,53392320,3649,8835360,602,14681
2190,3,0,20,5,53410260,3649,8835360,602,14684
2191,8,0,25,0,53416680,3648,8835360,602,14692
2192,4,0,22,3,53434260,3648,8835360,602,14696
2193,10,3,25,0,53449740,3648,8836020,602,14706
2194,6,6,25,0,53461860,3648,8841120,602,14712
2195,13,14,25,0,53497980,3649,8856660,602,14725
2196,5,15,25,0,53516220,3649,8867220,603,14730
2197,5,14,23,2,53548080,3650,8889660,604,14735
2198,8,20,24,1,53556780,3650,8892900,604,14743
2199,6,23,25,0,53571540,3651,8897220,604,14749
2200,10,29,25,0,53605800,3652,8903880,604,14759
2201,8,34,25,0,53627580,3653,8908440,604,14767
2202,3,31,25,0,53667720,3654,8939940,606,14770
2203,5,34,25,0,53681040,3654,8950920,606,14775
2204,12,40,25,0,53705760,3655,8956500,606,14787
2205,4,39,25,0,53723580,3655,8979840,608,14791
2206,5,36,25,0,53759940,3656,9048840,612,14796
2207,5,33,25,0,53791740,3657,9141240,619,14801
2208,6,34,25,0,53805060,3656,9179640,621,14807
2209,4,32,25,0,53839860,3657,9206760,623,14811
2210,3,29,25,0,53865060,3657,9344580,632,14814
2211,5,25,25,0,53893920,3657,9668640,653,14819
2212,8,18,25,0,53921340,3655,10112460,683,14827
2213,9,20,25,0,53935560,3654,10142700,685,14836
2214,13,30,25,0,53948340,3655,10145520,684,14849
2215,3,29,25,0,53978100,3656,10162740,685,14852
2216,8,33,25,0,54009480,3657,10175580,686,14860
2217,7,34,25,0,54041520,3657,10194000,687,14867
2218,1,34,25,0,54046740,3657,10210920,688,14868
2219,5,32,25,0,54084720,3658,10286880,693,14873
2220,10,32,25,0,54117300,3658,10395060,700,14883
2221,9,33,25,0,54135900,3657,10397820,699,14892
2222,8,35,25,0,54159060,3657,10406160,700,14900
2223,9,39,25,0,54184560,3658,10410780,699,14909
2224,5,40,25,0,54204360,3658,10414560,699,14914
2225,7,33,25,0,54242400,3658,10639440,714,14921
2226,8,31,25,0,54262140,3657,10749720,721,14929
2227,11,36,25,0,54278460,3657,10799760,724,14940
2228,10,39,25,0,54313800,3658,10803660,724,14950
2229,5,38,25,0,54338760,3658,10817040,725,14955
2230,5,36,25,0,54363060,3659,10836420,726,14960
2231,5,35,25,0,54390780,3659,10863540,728,14965
2232,8,37,25,0,54421620,3660,10866660,727,14973
2233,6,39,25,0,54432300,3660,10873500,728,14979
2234,3,32,25,0,54472080,3661,11029020,738,14982
2235,3,20,25,0,54495420,3658,12066540,807,14985
2236,7,11,25,0,54522720,3656,12586380,842,14992
2237,0,1,25,0,54537240,3655,13320540,891,14992
2238,6,0,21,4,54573180,3655,13466580,900,14998
2239,9,0,25,0,54581460,3654,13467300,900,15007
2240,5,0,24,1,54596580,3653,13467300,899,15012
2241,6,0,24,1,54628980,3654,13472520,899,15018
2242,9,4,25,0,54633180,3653,13472940,899,15027
2243,8,3,25,0,54675600,3654,13485780,899,15035
2244,10,9,25,0,54689340,3654,13487520,899,15045
2245,6,11,25,0,54714480,3655,13496340,899,15051
2246,6,13,25,0,54743520,3656,13508460,900,15057
2247,6,15,25,0,54769620,3656,13515240,899,15063
2248,5,11,25,0,54807180,3657,13576980,903,15068
2249,11,13,25,0,54827160,3656,13614240,905,15079
2250,5,16,25,0,54834120,3656,13618380,905,15084
2251,5,15,25,0,54861120,3656,13636860,906,15089
2252,4,13,25,0,54892980,3657,13665600,908,15093
2253,5,2,25,0,54934920,3656,13858440,920,15098
2254,10,0,25,0,54954660,3654,13919520,924,15108
2255,2,0,22,3,54972180,3654,13919520,924,15110
2256,5,0,24,1,54974520,3654,13919820,923,15115
2257,4,0,23,2,55012740,3655,13919820,923,15119
2258,6,0,25,0,55026300,3655,13923900,923,15125
2259,2,0,21,4,55048920,3655,13923900,923,15127
2260,2,0,19,6,55065240,3655,13923900,923,15129
2261,6,0,21,4,55068360,3654,13923900,922,15135
2262,5,0,24,1,55077060,3654,13923900,922,15140
2263,4,0,23,2,55090380,3654,13923900,922,15144
2264,8,0,23,2,55114560,3654,13923900,921,15152
2265,6,0,23,2,55127880,3653,13923900,921,15158
2266,7,0,25,0,55147800,3653,13924620,921,15165
2267,8,2,25,0,55164420,3653,13925160,920,15173
2268,3,0,24,1,55183200,3653,13928220,920,15176
2269,13,7,25,0,55216620,3654,13931820,920,15189
2270,9,14,25,0,55228140,3654,13933140,919,15198
2271,8,19,25,0,55244460,3654,13937640,919,15206
2272,7,18,25,0,55290240,3655,13956060,920,15213
2273,14,25,25,0,55319940,3656,13977600,920,15227
2274,5,26,25,0,55336080,3656,13984200,920,15232
2275,9,31,25,0,55358760,3656,14015880,922,15241
2276,6,30,25,0,55388040,3656,14052540,924,15247
2277,5,29,25,0,55416600,3657,14104680,927,15252
2278,5,28,25,0,55440300,3657,14188620,932,15257
2279,4,24,25,0,55467600,3657,14256060,937,15261
2280,5,21,25,0,55491060,3656,14341560,942,15266
2281,2,6,25,0,55516080,3654,14761440,969,15268
2282,1,0,19,6,55540980,3653,14921760,980,15269
2283,4,0,18,7,55551840,3652,14921760,979,15273
2284,4,0,20,5,55553460,3652,14921760,979,15277
2285,5,0,20,5,55562340,3651,14921760,979,15282
2286,6,0,24,1,55568280,3651,14921760,978,15288
2287,5,0,23,2,55589700,3651,14921940,978,15293
2288,6,0,23,2,55610640,3651,14921940,978,15299
2289,8,0,24,1,55623060,3650,14921940,977,15307
2290,2,0,22,3,55635420,3650,14921940,977,15309
2291,7,0,24,1,55656300,3650,14922240,977,15316
2292,6,2,25,0,55675380,3651,14925540,977,15322
2293,7,3,25,0,55698480,3651,14931300,977,15329
2294,14,11,25,0,55735740,3652,14935260,976,15343
2295,7,16,23,2,55758060,3652,14939640,976,15350
2296,10,21,25,0,55777320,3653,14960100,977,15360
2297,9,24,25,0,55803540,3653,14977860,977,15369
2298,4,24,25,0,55827780,3654,14992680,978,15373
2299,3,20,25,0,55859520,3654,15033120,980,15376
2300,6,19,25,0,55886820,3654,15090480,983,15382
2301,4,13,25,0,55913280,3653,15198660,990,15386
2302,4,1,25,0,55936620,3651,15456840,1007,15390
2303,7,0,25,0,55958100,3651,15478920,1008,15397
2304,7,0,24,1,55984800,3651,15479460,1007,15404
2305,2,0,19,6,56003580,3650,15479460,1007,15406
2306,6,0,24,1,56004420,3650,15479460,1007,15412
2307,4,0,20,5,56025000,3649,15479460,1007,15416
2308,6,0,24,1,56031360,3649,15479460,1006,15422
2309,7,3,25,0,56048100,3650,15482100,1006,15429
2310,6,0,25,0,56089380,3650,15497460,1007,15435
2311,5,0,25,0,56095620,3649,15497640,1006,15440
2312,9,4,25,0,56121060,3650,15501300,1006,15449
2313,6,7,25,0,56145360,3651,15504000,1006,15455
2314,5,5,25,0,56183160,3652,15533460,1007,15460
2315,6,3,25,0,56197380,3651,15560160,1009,15466
2316,8,3,25,0,56230980,3651,15569340,1009,15474
2317,8,4,25,0,56255520,3651,15579480,1009,15482
2318,6,5,25,0,56281440,3651,15584340,1009,15488
2319,8,5,25,0,56303460,3651,15591060,1009,15496
2320,16,16,25,0,56329500,3651,15594840,1008,15512
2321,1,13,25,0,56350680,3652,15601320,1008,15513
2322,6,15,25,0,56371140,3652,15620700,1009,15519
2323,7,14,25,0,56405880,3652,15655920,1011,15526
2324,8,5,25,0,56440080,3651,15789120,1019,15534
2325,6,3,25,0,56446980,3649,15865020,1024,15540
2326,2,0,24,1,56478360,3650,15871200,1024,15542
2327,3,0,22,3,56501700,3650,15871200,1024,15545
2328,3,0,23,2,56513940,3651,15871200,1023,15548
2329,4,0,22,3,56534160,3651,15871200,1023,15552
2330,2,0,21,4,56548260,3651,15871200,1023,15554
2331,3,0,20,5,56566380,3651,15871200,1023,15557
2332,3,0,21,4,56574000,3651,15871200,1023,15560
2333,9,1,25,0,56581620,3651,15871800,1022,15569
2334,2,0,21,4,56601180,3650,15873000,1022,15571
2335,4,0,20,5,56615280,3650,15873000,1022,15575
2336,10,0,24,1,56625300,3649,15873120,1021,15585
2337,4,0,23,2,56638800,3649,15873120,1021,15589
2338,12,3,25,0,56658900,3649,15875100,1020,15601
2339,10,13,25,0,56658900,3649,15875100,1020,15611
2340,7,14,25,0,56701320,3650,15889560,1020,15618
2341,10,23,25,0,56711040,3650,15892740,1020,15628
2342,11,29,25,0,56745900,3651,15912600,1020,15639
2343,7,34,25,0,56764920,3652,15917280,1020,15646
2344,8,38,25,0,56793720,3653,15939960,1021,15654
2345,5,37,25,0,56830320,3654,16006980,1025,15659
2346,4,38,25,0,56848680,3654,16038780,1027,15663
2347,8,37,25,0,56886060,3655,16072440,1028,15671
2348,5,38,25,0,56898240,3655,16099200,1030,15676
2349,6,38,25,0,56925960,3655,16159920,1033,15682
2350,3,34,25,0,56959500,3656,16222020,1037,15685
2351,6,37,25,0,56969460,3656,16314960,1043,15691
2352,3,28,25,0,57016740,3656,16565820,1058,15694
2353,4,23,25,0,57038340,3655,16783440,1072,15698
2354,5,13,25,0,57062760,3653,17164020,1096,15703
2355,10,17,25,0,57079020,3653,17167800,1095,15713
2356,3,16,25,0,57099600,3653,17179080,1096,15716
2357,12,25,25,0,57118980,3654,17181660,1096,15728
2358,8,28,25,0,57153660,3655,17188500,1095,15736
2359,12,37,25,0,57172020,3655,17191320,1094,15748
2360,7,40,25,0,57199380,3656,17197140,1095,15755
2361,5,38,25,0,57227280,3657,17216040,1095,15760
2362,10,40,25,0,57252540,3657,17237820,1096,15770
2363,18,40,25,0,57282120,3658,17245200,1096,15788
2364,9,40,25,0,57307560,3658,17290020,1099,15797
2365,12,40,25,0,57324840,3658,17295240,1099,15809
2366,9,37,25,0,57355860,3658,17400660,1105,15818
2367,12,40,25,0,57385200,3659,17470200,1109,15830
2368,8,38,25,0,57415380,3659,17517900,1112,15838
2369,9,37,25,0,57436800,3659,17583420,1115,15847
2370,11,40,25,0,57456540,3659,17587140,1115,15858
2371,4,39,25,0,57476700,3659,17592660,1115,15862
2372,6,35,25,0,57503280,3659,17917320,1136,15868
2373,5,23,25,0,57544560,3658,18637980,1181,15873
2374,7,22,25,0,57559620,3657,18784680,1190,15880
2375,2,17,25,0,57581400,3657,19057020,1207,15882
2376,3,2,25,0,57620040,3655,19860720,1257,15885
2377,2,0,21,4,57631560,3654,20050500,1269,15887
2378,4,0,22,3,57639780,3654,20050500,1269,15891
2379,2,0,21,4,57655980,3654,20050500,1269,15893
2380,5,0,23,2,57669060,3654,20050500,1268,15898
2381,6,0,24,1,57682260,3654,20050500,1268,15904
2382,5,0,24,1,57700380,3654,20050500,1267,15909
2383,7,0,25,0,57727980,3654,20050620,1267,15916
2384,9,6,25,0,57740580,3654,20051400,1266,15925
2385,10,12,25,0,57759120,3654,20053560,1266,15935
2386,10,20,23,2,57786300,3655,20055360,1265,15945
2387,9,25,24,1,57804000,3656,20067480,1265,15954
2388,8,31,24,1,57821700,3656,20070720,1264,15962
2389,5,32,25,0,57845220,3657,20111280,1267,15967
2390,11,38,25,0,57870360,3658,20132220,1267,15978
2391,10,39,25,0,57905400,3659,20144040,1268,15988
2392,5,40,25,0,57915660,3659,20149500,1268,15993
2393,15,39,25,0,57951960,3660,20230680,1272,16008
2394,8,40,25,0,57969000,3661,20293080,1276,16016
2395,11,39,25,0,58001580,3662,20344620,1279,16027
2396,6,39,25,0,58027080,3662,20373000,1280,16033
2397,12,38,25,0,58052580,3663,20479800,1287,16045
2398,5,36,25,0,58082460,3663,20614860,1295,16050
2399,4,34,25,0,58097100,3662,20711220,1301,16054

