Hour,Arrivals,Waiting,Treating,Available Rooms,Total Treatment Time,Average Treatment Time,Total Wait Time,Average Wait Time,Total Arrivals
1,4,0,1,24,2760,920,0,0,4
2,6,0,4,21,6540,1090,0,0,10
3,5,0,5,20,18660,1866,0,0,15
4,12,0,8,17,48660,2561,0,0,27
5,5,0,6,19,65640,2524,0,0,32
6,9,0,10,15,90000,2903,0,0,41
7,11,0,10,15,127140,3027,0,0,52
8,10,0,11,14,147420,2890,0,0,62
9,15,0,11,14,202320,3065,0,0,77
10,13,0,11,14,241560,3057,0,0,90
11,7,0,10,15,260340,2992,0,0,97
12,11,0,12,13,306540,3193,0,0,108
13,6,0,9,16,345780,3293,0,0,114
14,6,0,6,19,384360,3371,0,0,120
15,13,0,13,12,400860,3340,0,0,133
16,8,0,8,17,446880,3360,0,0,141
17,16,0,12,13,479220,3304,0,0,157
18,9,0,6,19,519360,3246,0,0,166
19,7,0,5,20,531900,3166,0,0,173
20,8,0,7,18,546720,3142,0,0,181
21,8,0,7,18,575760,3163,0,0,189
22,6,0,8,17,594780,3180,0,0,195
23,3,0,5,20,616260,3193,0,0,198
24,5,0,4,21,644940,3240,0,0,203
25,7,0,4,21,663720,3221,0,0,210
26,3,0,2,23,684240,3242,0,0,213
27,6,0,4,21,691800,3217,0,0,219
28,6,0,6,19,699660,3194,0,0,225
29,8,0,7,18,722040,3194,0,0,233
30,7,0,8,17,734100,3164,0,0,240
31,13,0,10,15,775380,3190,0,0,253
32,6,0,9,16,801060,3204,0,0,259
33,9,0,11,14,828360,3223,0,0,268
34,14,0,16,9,871020,3274,0,0,282
35,11,0,9,16,933960,3288,0,0,293
36,6,0,6,19,961680,3282,0,0,299
37,12,0,13,12,986280,3309,0,0,311
38,11,0,12,13,1014120,3271,0,0,322
39,12,0,14,11,1060260,3313,0,0,334
40,13,0,12,13,1106280,3302,0,0,347
41,3,0,4,21,1150380,3324,0,0,350
42,8,0,8,17,1170780,3345,0,0,358
43,13,0,9,16,1200420,3316,0,0,371
44,4,0,8,17,1225140,3338,0,0,375
45,10,0,11,14,1258740,3365,0,0,385
46,9,0,9,16,1291020,3353,0,0,394
47,9,0,11,14,1333500,3401,0,0,403
48,4,0,8,17,1365540,3422,0,0,407
49,11,0,12,13,1403640,3457,0,0,418
50,8,0,10,15,1444800,3473,0,0,426
51,6,0,4,21,1484820,3469,0,0,432
52,2,0,0,25,1506960,3472,0,0,434
53,6,0,2,23,1513080,3454,0,0,440
54,8,0,6,19,1523820,3447,0,0,448
55,11,0,11,14,1534140,3424,0,0,459
56,8,0,10,15,1564980,3424,0,0,467
57,11,0,11,14,1617240,3463,0,0,478
58,8,0,9,16,1659060,3478,0,0,486
59,12,0,12,13,1685520,3468,0,0,498
60,6,0,8,17,1719900,3467,0,0,504
61,7,0,8,17,1741140,3461,0,0,511
62,9,0,9,16,1778040,3479,0,0,520
63,7,0,7,18,1809240,3479,0,0,527
64,6,0,5,20,1841220,3487,0,0,533
65,11,0,7,18,1867020,3476,0,0,544
66,6,0,3,22,1888380,3452,0,0,550
67,8,0,5,20,1909440,3452,0,0,558
68,6,0,7,18,1920960,3448,0,0,564
69,5,0,5,20,1944060,3446,0,0,569
70,7,0,6,19,1963200,3444,0,0,576
71,5,0,4,21,1984560,3439,0,0,581
72,2,0,3,22,1990800,3432,0,0,583
73,4,0,2,23,2002740,3423,0,0,587
74,4,0,5,20,2008740,3427,0,0,591
75,5,0,6,19,2012280,3410,0,0,596
76,7,0,7,18,2031420,3408,0,0,603
77,6,0,7,18,2059020,3420,0,0,609
78,6,0,3,22,2094540,3422,0,0,615
79,6,0,8,17,2099040,3424,0,0,621
80,9,0,7,18,2130240,3419,0,0,630
81,7,0,5,20,2154120,3408,0,0,637
82,13,0,11,14,2163120,3385,0,0,650
83,8,0,10,15,2198880,3393,0,0,658
84,6,0,5,20,2247900,3411,0,0,664
85,9,0,6,19,2265540,3396,0,0,673
86,12,0,11,14,2285940,3391,0,0,685
87,15,0,12,13,2314860,3364,0,0,700
88,11,0,9,16,2361000,3363,0,0,711
89,10,0,9,16,2396220,3365,0,0,721
90,10,0,7,18,2422380,3345,0,0,731
91,8,0,4,21,2458740,3345,0,0,739
92,3,0,4,21,2470740,3347,0,0,742
93,7,0,8,17,2486220,3355,0,0,749
94,5,0,6,19,2513880,3360,0,0,754
95,2,0,5,20,2524980,3362,0,0,756
96,6,0,6,19,2544720,3366,0,0,762
97,6,0,7,18,2571600,3379,0,0,768
98,7,0,5,20,2599920,3376,0,0,775
99,5,0,6,19,2613600,3376,0,0,780
100,4,0,6,19,2630880,3381,0,0,784
101,7,0,5,20,2654280,3376,0,0,791
102,4,0,3,22,2684340,3389,0,0,795
103,1,0,3,22,2689440,3391,0,0,796
104,9,0,6,19,2707620,3388,0,0,805
105,7,0,4,21,2726640,3374,0,0,812
106,8,0,8,17,2744700,3380,0,0,820
107,9,0,6,19,2776980,3374,0,0,829
108,9,0,10,15,2794380,3374,0,0,838
109,15,0,16,9,2826960,3377,0,0,853
110,11,0,12,13,2886840,3388,0,0,864
111,5,0,6,19,2939520,3406,0,0,869
112,12,0,7,18,2985660,3416,0,0,881
113,7,0,6,19,3007620,3410,0,0,888
114,6,0,5,20,3032940,3411,0,0,894
115,7,0,10,15,3034440,3405,0,0,901
116,7,0,10,15,3069360,3417,0,0,908
117,8,0,11,14,3091500,3416,0,0,916
118,4,0,4,21,3133800,3421,0,0,920
119,6,0,3,22,3159000,3422,0,0,926
120,6,0,6,19,3166560,3419,0,0,932
121,5,0,6,19,3182820,3418,0,0,937
122,8,0,5,20,3201780,3406,0,0,945
123,7,0,5,20,3226500,3407,0,0,952
124,4,0,7,18,3235860,3409,0,0,956
125,8,0,6,19,3267060,3410,0,0,964
126,5,0,7,18,3279000,3408,0,0,969
127,7,0,4,21,3311400,3406,0,0,976
128,6,0,8,17,3321780,3410,0,0,982
129,12,0,12,13,3347340,3408,0,0,994
130,11,0,11,14,3386220,3406,0,0,1005
131,12,0,10,15,3430140,3406,0,0,1017
132,6,0,7,18,3474120,3419,0,0,1023
133,9,0,8,17,3494040,3412,0,0,1032
134,11,0,12,13,3528960,3422,0,0,1043
135,8,0,11,14,3561720,3424,0,0,1051
136,7,0,11,14,3598200,3436,0,0,1058
137,9,0,8,17,3656040,3452,0,0,1067
138,7,0,9,16,3667800,3443,0,0,1074
139,8,0,8,17,3712620,3456,0,0,1082
140,14,0,8,17,3751740,3448,0,0,1096
141,9,0,12,13,3761460,3441,0,0,1105
142,4,0,7,18,3811200,3458,0,0,1109
143,6,0,7,18,3847920,3472,0,0,1115
144,2,0,3,22,3872280,3476,0,0,1117
145,4,0,4,21,3879840,3473,0,0,1121
146,6,0,7,18,3892080,3475,0,0,1127
147,4,0,4,21,3911880,3471,0,0,1131
148,8,0,6,19,3932040,3470,0,0,1139
149,7,0,6,19,3951540,3466,0,0,1146
150,8,0,6,19,3969000,3457,0,0,1154
151,5,0,7,18,3989160,3462,0,0,1159
152,9,0,7,18,4019700,3462,0,0,1168
153,14,0,14,11,4052820,3469,0,0,1182
154,7,0,11,14,4091580,3473,0,0,1189
155,12,0,10,15,4154460,3488,0,0,1201
156,15,0,16,9,4187820,3489,0,0,1216
157,11,0,11,14,4242600,3488,0,0,1227
158,5,0,11,14,4270440,3497,0,0,1232
159,12,0,11,14,4320720,3504,0,0,1244
160,5,0,8,17,4352760,3507,0,0,1249
161,12,0,8,17,4403520,3514,0,0,1261
162,11,0,17,8,4413720,3516,0,0,1272
163,3,0,7,18,4463280,3519,0,0,1275
164,8,0,8,17,4497240,3527,0,0,1283
165,3,0,6,19,4515720,3527,0,0,1286
166,8,0,7,18,4549020,3534,0,0,1294
167,6,0,9,16,4556400,3529,0,0,1300
168,6,0,8,17,4584180,3531,0,0,1306
169,3,0,5,20,4615080,3539,0,0,1309
170,7,0,8,17,4640100,3547,0,0,1316
171,6,0,6,19,4669620,3548,0,0,1322
172,7,0,6,19,4687980,3543,0,0,1329
173,4,0,6,19,4712280,3551,0,0,1333
174,8,0,9,16,4731480,3552,0,0,1341
175,9,0,13,12,4752240,3554,0,0,1350
176,11,0,12,13,4798260,3556,0,0,1361
177,8,0,9,16,4850340,3566,0,0,1369
178,8,0,6,19,4897920,3572,0,0,1377
179,16,0,13,12,4923300,3567,0,0,1393
180,11,0,12,13,4958700,3562,0,0,1404
181,12,0,9,16,5001600,3554,0,0,1416
182,16,0,15,10,5046420,3561,0,0,1432
183,11,0,16,9,5079420,3559,0,0,1443
184,12,0,15,10,5139660,3569,0,0,1455
185,9,0,11,14,5193480,3574,0,0,1464
186,8,0,10,15,5230680,3577,0,0,1472
187,10,0,5,20,5289840,3581,0,0,1482
188,9,0,6,19,5314020,3578,0,0,1491
189,9,0,10,15,5341260,3584,0,0,1500
190,11,0,13,12,5369340,3584,0,0,1511
191,12,0,9,16,5424060,3582,0,0,1523
192,5,0,5,20,5458860,3584,0,0,1528
193,8,0,9,16,5474580,3585,0,0,1536
194,7,0,9,16,5506560,3589,0,0,1543
195,2,0,3,22,5547420,3597,0,0,1545
196,6,0,5,20,5558160,3595,0,0,1551
197,5,0,7,18,5564760,3592,0,0,1556
198,5,0,4,21,5601720,3597,0,0,1561
199,4,0,4,21,5616000,3597,0,0,1565
200,12,0,9,16,5638920,3596,0,0,1577
201,11,0,7,18,5678640,3591,0,0,1588
202,9,0,12,13,5693340,3592,0,0,1597
203,10,0,11,14,5725200,3587,0,0,1607
204,7,0,8,17,5767320,3591,0,0,1614
205,11,0,14,11,5788740,3593,0,0,1625
206,5,0,6,19,5850300,3602,0,0,1630
207,16,0,11,14,5880360,3596,0,0,1646
208,4,0,4,21,5925780,3600,0,0,1650
209,8,0,5,20,5951220,3600,0,0,1658
210,11,0,13,12,5964180,3601,0,0,1669
211,4,0,7,18,6010440,3607,0,0,1673
212,11,0,9,16,6044940,3608,0,0,1684
213,5,0,9,16,6055500,3604,0,0,1689
214,9,0,6,19,6100800,3605,0,0,1698
215,4,0,5,20,6119340,3605,0,0,1702
216,3,0,3,22,6142980,3609,0,0,1705
217,8,0,8,17,6150060,3607,0,0,1713
218,5,0,8,17,6167940,3606,0,0,1718
219,3,0,5,20,6195780,3610,0,0,1721
220,8,0,9,16,6210960,3611,0,0,1729
221,4,0,7,18,6237240,3613,0,0,1733
222,5,0,5,20,6268680,3617,0,0,1738
223,7,0,6,19,6280740,3611,0,0,1745
224,8,0,7,18,6294600,3605,0,0,1753
225,13,0,11,14,6324240,3603,0,0,1766
226,14,0,15,10,6357240,3601,0,0,1780
227,13,0,10,15,6417480,3599,0,0,1793
228,8,0,9,16,6441360,3594,0,0,1801
229,10,0,12,13,6470100,3596,0,0,1811
230,12,0,12,13,6511860,3595,0,0,1823
231,10,0,13,12,6552120,3600,0,0,1833
232,8,0,11,14,6593940,3603,0,0,1841
233,13,0,13,12,6641460,3607,0,0,1854
234,9,0,10,15,6687720,3609,0,0,1863
235,6,0,9,16,6715980,3610,0,0,1869
236,4,0,8,17,6745080,3616,0,0,1873
237,4,0,5,20,6790020,3627,0,0,1877
238,6,0,6,19,6804180,3625,0,0,1883
239,12,0,10,15,6836820,3626,0,0,1895
240,7,0,8,17,6871020,3627,0,0,1902
241,4,0,5,20,6908100,3633,0,0,1906
242,3,0,4,21,6926220,3635,0,0,1909
243,4,0,3,22,6943440,3635,0,0,1913
244,4,0,5,20,6952320,3636,0,0,1917
245,5,0,6,19,6964980,3635,0,0,1922
246,3,0,4,21,6984660,3635,0,0,1925
247,5,0,5,20,7001400,3637,0,0,1930
248,14,0,14,11,7024560,3639,0,0,1944
249,7,0,8,17,7051020,3628,0,0,1951
250,11,0,10,15,7096680,3635,0,0,1962
251,11,0,15,10,7114920,3633,0,0,1973
252,17,7,17,8,7144620,3634,1260,0,1990
253,12,0,22,3,7224960,3648,28440,14,2002
254,7,0,10,15,7304160,3653,28440,14,2009
255,11,0,11,14,7353960,3660,28440,14,2020
256,10,0,13,12,7392840,3665,28440,14,2030
257,7,0,9,16,7432260,3664,28440,13,2037
258,8,0,11,14,7465620,3670,28440,13,2045
259,6,0,5,20,7513740,3672,28440,13,2051
260,5,0,6,19,7537620,3676,28440,13,2056
261,7,0,9,16,7552440,3676,28440,13,2063
262,5,0,9,16,7579140,3680,28440,13,2068
263,4,0,2,23,7630860,3686,28440,13,2072
264,4,0,5,20,7637520,3687,28440,13,2076
265,4,0,7,18,7646880,3688,28440,13,2080
266,4,0,5,20,7673280,3690,28440,13,2084
267,7,0,5,20,7687620,3685,28440,13,2091
268,8,0,6,19,7712100,3684,28440,13,2099
269,4,0,6,19,7720860,3681,28440,13,2103
270,6,0,3,22,7751280,3680,28440,13,2109
271,10,0,7,18,7767060,3677,28440,13,2119
272,6,0,6,19,7781940,3672,28440,13,2125
273,8,0,8,17,7802280,3671,28440,13,2133
274,10,0,8,17,7828800,3666,28440,13,2143
275,11,0,7,18,7878900,3669,28440,13,2154
276,8,0,5,20,7903380,3664,28440,13,2162
277,12,0,10,15,7922160,3660,28440,13,2174
278,9,0,9,16,7952040,3657,28440,13,2183
279,11,0,11,14,7981500,3656,28440,12,2194
280,15,0,11,14,8036220,3656,28440,12,2209
281,10,0,8,17,8074020,3651,28440,12,2219
282,7,0,8,17,8097420,3650,28440,12,2226
283,5,0,5,20,8125140,3650,28440,12,2231
284,6,0,6,19,8138940,3648,28440,12,2237
285,4,0,4,21,8164860,3649,28440,12,2241
286,3,0,3,22,8182860,3651,28440,12,2244
287,14,0,10,15,8201280,3648,28440,12,2258
288,8,0,9,16,8236800,3649,28440,12,2266
289,6,0,8,17,8255760,3646,28440,12,2272
290,8,0,7,18,8297220,3650,28440,12,2280
291,11,0,12,13,8314740,3648,28440,12,2291
292,3,0,4,21,8369220,3654,28440,12,2294
293,5,0,4,21,8391000,3656,28440,12,2299
294,2,0,2,23,8403480,3655,28440,12,2301
295,6,0,6,19,8413200,3656,28440,12,2307
296,14,0,12,13,8433180,3652,28440,12,2321
297,11,0,14,11,8463060,3651,28440,12,2332
298,9,0,10,15,8505660,3648,28440,12,2341
299,14,0,9,16,8556180,3647,28440,12,2355
300,12,0,7,18,8592000,3640,28440,12,2367
301,12,0,17,8,8596800,3639,28440,11,2379
302,6,0,9,16,8655180,3642,28440,11,2385
303,9,0,5,20,8701260,3642,28440,11,2394
304,13,0,9,16,8727060,3639,28440,11,2407
305,5,0,7,18,8753820,3639,28440,11,2412
306,8,0,5,20,8785320,3637,28440,11,2420
307,6,0,6,19,8803740,3637,28440,11,2426
308,4,0,1,24,8834160,3636,28440,11,2430
309,9,0,5,20,8840400,3632,28440,11,2439
310,5,0,5,20,8852700,3629,28440,11,2444
311,6,0,7,18,8866260,3629,28440,11,2450
312,6,0,7,18,8888700,3629,28440,11,2456
313,2,0,1,24,8927520,3633,28440,11,2458
314,2,0,3,22,8927520,3633,28440,11,2460
315,9,0,8,17,8937600,3631,28440,11,2469
316,8,0,10,15,8956320,3630,28440,11,2477
317,8,0,8,17,8994900,3631,28440,11,2485
318,4,0,5,20,9030120,3635,28440,11,2489
319,6,0,8,17,9041340,3635,28440,11,2495
320,5,0,6,19,9061380,3633,28440,11,2500
321,4,0,6,19,9089940,3638,28440,11,2504
322,18,0,16,9,9114480,3637,28440,11,2522
323,10,0,11,14,9159420,3633,28440,11,2532
324,11,0,8,17,9207600,3632,28440,11,2543
325,7,0,5,20,9231120,3627,28440,11,2550
326,5,0,5,20,9254820,3629,28440,11,2555
327,12,0,8,17,9278100,3625,28440,11,2567
328,9,0,9,16,9298020,3622,28440,11,2576
329,13,0,12,13,9333120,3621,28440,10,2589
330,12,0,14,11,9360840,3618,28440,10,2601
331,7,0,8,17,9415560,3621,28440,10,2608
332,8,0,7,18,9445740,3620,28440,10,2616
333,12,0,11,14,9477480,3621,28440,10,2628
334,13,0,18,7,9490320,3618,28440,10,2641
335,2,0,5,20,9558540,3623,28440,10,2643
336,7,0,7,18,9583440,3625,28440,10,2650
337,8,0,8,17,9618360,3629,28440,10,2658
338,4,0,6,19,9642960,3630,28440,10,2662
339,3,0,2,23,9673620,3632,28440,10,2665
340,2,0,3,22,9674460,3631,28440,10,2667
341,5,0,5,20,9682740,3630,28440,10,2672
342,8,0,7,18,9692040,3625,28440,10,2680
343,9,0,9,16,9724260,3628,28440,10,2689
344,12,0,10,15,9752820,3624,28440,10,2701
345,9,0,6,19,9782340,3617,28440,10,2710
346,8,0,6,19,9815760,3619,28440,10,2718
347,9,0,7,18,9843480,3618,28440,10,2727
348,5,0,4,21,9865320,3616,28440,10,2732
349,13,0,10,15,9884160,3613,28440,10,2745
350,9,0,9,16,9912120,3610,28440,10,2754
351,10,0,11,14,9940080,3610,28440,10,2764
352,12,0,15,10,9965640,3609,28440,10,2776
353,6,0,10,15,10017240,3613,28440,10,2782
354,5,0,7,18,10039440,3611,28440,10,2787
355,12,0,9,16,10095660,3618,28440,10,2799
356,10,0,10,15,10122540,3616,28440,10,2809
357,5,0,9,16,10148880,3618,28440,10,2814
358,6,0,7,18,10192080,3623,28440,10,2820
359,7,0,5,20,10230840,3625,28440,10,2827
360,6,0,6,19,10248480,3625,28440,10,2833
361,6,0,5,20,10265520,3622,28440,10,2839
362,4,0,6,19,10277040,3622,28440,10,2843
363,7,0,8,17,10295040,3622,28440,9,2850
364,7,0,6,19,10328760,3622,28440,9,2857
365,5,0,7,18,10349340,3624,28440,9,2862
366,7,0,10,15,10363320,3624,28440,9,2869
367,9,0,10,15,10405140,3628,28440,9,2878
368,5,0,8,17,10430820,3628,28440,9,2883
369,13,0,10,15,10476600,3630,28440,9,2896
370,8,0,8,17,10507860,3628,28440,9,2904
371,8,0,8,17,10544580,3631,28440,9,2912
372,10,0,10,15,10568460,3629,28440,9,2922
373,5,0,8,17,10599660,3631,28440,9,2927
374,6,0,4,21,10627560,3628,28440,9,2933
375,13,0,10,15,10652700,3628,28440,9,2946
376,11,0,9,16,10678740,3622,28440,9,2957
377,14,0,11,14,10707120,3617,28440,9,2971
378,9,0,13,12,10728420,3615,28440,9,2980
379,8,0,11,14,10770660,3617,28440,9,2988
380,5,0,3,22,10819080,3618,28440,9,2993
381,7,0,6,19,10833300,3618,28440,9,3000
382,6,0,7,18,10852800,3618,28440,9,3006
383,9,0,12,13,10875180,3621,28440,9,3015
384,7,0,7,18,10918560,3621,28440,9,3022
385,3,0,4,21,10953660,3625,28440,9,3025
386,11,0,7,18,10973760,3622,28440,9,3036
387,5,0,5,20,10999860,3623,28440,9,3041
388,6,0,6,19,11014680,3622,28440,9,3047
389,6,0,5,20,11039160,3621,28440,9,3053
390,9,0,8,17,11064240,3622,28440,9,3062
391,4,0,3,22,11088780,3620,28440,9,3066
392,6,0,5,20,11102340,3619,28440,9,3072
393,10,0,5,20,11132760,3618,28440,9,3082
394,8,0,6,19,11148780,3615,28440,9,3090
395,10,0,8,17,11173080,3613,28440,9,3100
396,15,0,12,13,11194440,3607,28440,9,3115
397,7,0,8,17,11233620,3607,28440,9,3122
398,17,0,15,10,11265240,3606,28440,9,3139
399,8,0,12,13,11299140,3604,28440,9,3147
400,10,0,9,16,11360340,3608,28440,9,3157
401,15,0,17,8,11374860,3605,28440,8,3172
402,9,0,13,12,11407380,3600,28440,8,3181
403,7,0,5,20,11482200,3607,28440,8,3188
404,4,0,3,22,11503140,3607,28440,8,3192
405,7,0,8,17,11514120,3608,28440,8,3199
406,9,0,11,14,11527920,3605,28440,8,3208
407,8,0,9,16,11568900,3607,28440,8,3216
408,2,0,6,19,11592000,3608,28440,8,3218
409,2,0,2,23,11633280,3615,28440,8,3220
410,9,0,11,14,11633280,3615,28440,8,3229
411,7,0,8,17,11656320,3611,28440,8,3236
412,5,0,7,18,11693100,3615,28440,8,3241
413,9,0,7,18,11733720,3618,28440,8,3250
414,3,0,5,20,11749200,3617,28440,8,3253
415,10,0,5,20,11775060,3614,28440,8,3263
416,7,0,7,18,11789580,3613,28440,8,3270
417,8,0,10,15,11808600,3613,28440,8,3278
418,7,0,9,16,11833860,3612,28440,8,3285
419,11,0,13,12,11868180,3615,28440,8,3296
420,15,0,17,8,11898960,3612,28440,8,3311
421,13,0,16,9,11960160,3615,28440,8,3324
422,17,0,11,14,12042360,3616,28440,8,3341
423,6,0,5,20,12092160,3618,28440,8,3347
424,10,0,7,18,12115980,3616,28440,8,3357
425,8,0,8,17,12145140,3617,28440,8,3365
426,13,0,12,13,12164700,3613,28440,8,3378
427,8,0,10,15,12198840,3613,28440,8,3386
428,9,0,10,15,12229140,3612,28440,8,3395
429,5,0,5,20,12271320,3614,28440,8,3400
430,6,0,5,20,12287760,3612,28440,8,3406
431,3,0,4,21,12313560,3616,28440,8,3409
432,6,0,8,17,12321960,3616,28440,8,3415
433,8,0,7,18,12351780,3615,28440,8,3423
434,6,0,7,18,12377220,3616,28440,8,3429
435,5,0,8,17,12399480,3619,28440,8,3434
436,2,0,4,21,12429480,3621,28440,8,3436
437,7,0,5,20,12450660,3621,28440,8,3443
438,8,0,10,15,12453720,3619,28440,8,3451
439,8,0,8,17,12503940,3623,28440,8,3459
440,7,0,9,16,12530220,3624,28440,8,3466
441,9,0,11,14,12557640,3625,28440,8,3475
442,10,0,10,15,12599100,3625,28440,8,3485
443,5,0,6,19,12630840,3625,28440,8,3490
444,11,0,7,18,12661920,3623,28440,8,3501
445,11,0,9,16,12684540,3621,28440,8,3512
446,15,0,15,10,12715740,3620,28440,8,3527
447,9,0,13,12,12753480,3620,28440,8,3536
448,15,0,13,12,12808800,3620,28440,8,3551
449,9,0,13,12,12849300,3622,28440,7,3560
450,14,0,14,11,12913680,3627,28440,7,3574
451,5,0,9,16,12962160,3630,28440,7,3579
452,7,0,7,18,12991200,3629,28440,7,3586
453,8,0,8,17,13027200,3632,28440,7,3594
454,5,0,4,21,13066860,3634,28440,7,3599
455,1,0,2,23,13080840,3635,28440,7,3600
456,2,0,3,22,13081740,3634,28440,7,3602
457,3,0,4,21,13092660,3635,28440,7,3605
458,7,0,8,17,13101720,3635,28440,7,3612
459,3,0,6,19,13117020,3634,28440,7,3615
460,5,0,5,20,13145040,3636,28440,7,3620
461,9,0,10,15,13153380,3634,28440,7,3629
462,8,0,9,16,13190220,3635,28440,7,3637
463,6,0,6,19,13218540,3634,28440,7,3643
464,7,0,1,24,13247040,3630,28440,7,3650
465,6,0,5,20,13250160,3629,28440,7,3656
466,10,0,5,20,13270500,3624,28440,7,3666
467,12,0,12,13,13291020,3625,28440,7,3678
468,8,0,10,15,13316460,3622,28440,7,3686
469,13,0,15,10,13347060,3622,28440,7,3699
470,6,0,8,17,13394580,3623,28440,7,3705
471,11,0,10,15,13432680,3624,28440,7,3716
472,13,0,11,14,13472820,3623,28440,7,3729
473,6,0,10,15,13506000,3625,28440,7,3735
474,9,0,8,17,13560540,3629,28440,7,3744
475,3,0,5,20,13580820,3629,28440,7,3747
476,6,0,4,21,13621380,3633,28440,7,3753
477,7,0,5,20,13636740,3631,28440,7,3760
478,4,0,4,21,13648740,3629,28440,7,3764
479,11,0,9,16,13661940,3627,28440,7,3775
480,4,0,6,19,13691580,3628,28440,7,3779
481,7,0,10,15,13703460,3629,28440,7,3786
482,2,0,1,24,13757460,3632,28440,7,3788
483,9,0,9,16,13764420,3633,28440,7,3797
484,8,0,4,21,13792380,3628,28440,7,3805
485,12,0,10,15,13823940,3631,28440,7,3817
486,4,0,8,17,13843620,3630,28440,7,3821
487,7,0,9,16,13879200,3634,28440,7,3828
488,9,0,11,14,13897620,3632,28440,7,3837
489,11,0,11,14,13947180,3634,28440,7,3848
490,7,0,10,15,13987200,3637,28440,7,3855
491,13,0,12,13,14030820,3638,28440,7,3868
492,14,0,17,8,14060880,3638,28440,7,3882
493,11,0,10,15,14128560,3638,28440,7,3893
494,19,0,18,7,14151840,3634,28440,7,3912
495,17,0,16,9,14224080,3635,28440,7,3929
496,15,0,15,10,14279820,3634,28440,7,3944
497,11,0,9,16,14340600,3634,28440,7,3955
498,14,0,14,11,14369400,3633,28440,7,3969
499,7,0,10,15,14416380,3634,28440,7,3976
500,3,0,4,21,14460300,3637,28440,7,3979
501,10,0,10,15,14471880,3637,28440,7,3989
502,4,0,5,20,14508000,3637,28440,7,3993
503,4,0,4,21,14527380,3638,28440,7,3997
504,2,0,3,22,14539320,3638,28440,7,3999
505,6,0,3,22,14557020,3637,28440,7,4005
506,4,0,4,21,14568180,3637,28440,7,4009
507,2,0,4,21,14573220,3636,28440,7,4011
508,8,0,4,21,14596560,3635,28440,7,4019
509,11,0,7,18,14608680,3631,28440,7,4030
510,7,0,6,19,14630820,3629,28440,7,4037
511,9,0,10,15,14651640,3630,28440,7,4046
512,5,0,6,19,14684940,3630,28440,7,4051
513,11,0,10,15,14707980,3629,28440,7,4062
514,14,0,18,7,14723340,3628,28440,6,4076
515,14,0,13,12,14805120,3631,28440,6,4090
516,10,0,14,11,14848320,3633,28440,6,4100
517,10,0,14,11,14892360,3635,28440,6,4110
518,12,0,9,16,14963520,3638,28440,6,4122
519,8,0,4,21,15013020,3638,28440,6,4130
520,15,0,13,12,15029400,3637,28440,6,4145
521,8,0,8,17,15065940,3634,28440,6,4153
522,9,0,9,16,15100860,3636,28440,6,4162
523,5,0,9,16,15120420,3636,28440,6,4167
524,11,0,11,14,15145080,3634,28440,6,4178
525,5,0,10,15,15182280,3638,28440,6,4183
526,2,0,0,25,15239940,3641,28440,6,4185
527,6,0,6,19,15239940,3641,28440,6,4191
528,1,0,4,21,15249840,3641,28440,6,4192
529,7,0,4,21,15273300,3640,28440,6,4199
530,7,0,6,19,15283800,3639,28440,6,4206
531,4,0,3,22,15301020,3637,28440,6,4210
532,9,0,7,18,15320760,3637,28440,6,4219
533,8,0,8,17,15338880,3635,28440,6,4227
534,1,0,3,22,15366840,3637,28440,6,4228
535,6,0,2,23,15387720,3636,28440,6,4234
536,7,0,6,19,15396300,3635,28440,6,4241
537,13,0,14,11,15407520,3633,28440,6,4254
538,12,0,9,16,15467700,3633,28440,6,4266
539,9,0,13,12,15480960,3632,28440,6,4275
540,18,0,18,7,15548880,3637,28440,6,4293
541,13,0,10,15,15610440,3633,28440,6,4306
542,10,0,7,18,15662160,3634,28440,6,4316
543,14,0,10,15,15695580,3633,28440,6,4330
544,8,0,11,14,15715740,3632,28440,6,4338
545,5,0,7,18,15753180,3633,28440,6,4343
546,4,0,2,23,15794760,3635,28440,6,4347
547,6,0,6,19,15805020,3635,28440,6,4353
548,7,0,5,20,15823920,3633,28440,6,4360
549,4,0,8,17,15829740,3634,28440,6,4364
550,4,0,6,19,15850320,3633,28440,6,4368
551,5,0,7,18,15878460,3636,28440,6,4373
552,6,0,11,14,15893160,3638,28440,6,4379
553,5,0,8,17,15926100,3639,28440,6,4384
554,7,0,5,20,15973560,3641,28440,6,4391
555,11,0,9,16,15995280,3641,28440,6,4402
556,3,0,3,22,16044720,3644,28440,6,4405
557,9,0,6,19,16055100,3642,28440,6,4414
558,7,0,8,17,16076340,3642,28440,6,4421
559,8,0,8,17,16100040,3641,28440,6,4429
560,6,0,8,17,16122660,3641,28440,6,4435
561,6,0,7,18,16167600,3646,28440,6,4441
562,18,0,14,11,16194060,3643,28440,6,4459
563,9,0,9,16,16243980,3642,28440,6,4468
564,16,0,15,10,16282860,3643,28440,6,4484
565,13,0,12,13,16330380,3641,28440,6,4497
566,13,0,14,11,16377180,3642,28440,6,4510
567,11,0,14,11,16429500,3645,28440,6,4521
568,6,0,8,17,16478700,3646,28440,6,4527
569,6,0,7,18,16501440,3645,28440,6,4533
570,8,0,9,16,16523040,3645,28440,6,4541
571,9,0,10,15,16548840,3645,28440,6,4550
572,8,0,8,17,16603500,3649,28440,6,4558
573,10,0,9,16,16636740,3649,28440,6,4568
574,3,0,8,17,16662540,3651,28440,6,4571
575,8,0,8,17,16692780,3651,28440,6,4579
576,6,0,8,17,16715160,3651,28440,6,4585
577,8,0,10,15,16730640,3650,28440,6,4593
578,3,0,2,23,16782240,3653,28440,6,4596
579,10,0,4,21,16793760,3649,28440,6,4606
580,7,0,9,16,16799040,3648,28440,6,4613
581,9,0,8,17,16835580,3648,28440,6,4622
582,14,0,13,12,16862520,3647,28440,6,4636
583,6,0,7,18,16909020,3648,28440,6,4642
584,12,0,8,17,16939020,3645,28440,6,4654
585,8,0,8,17,16965180,3645,28440,6,4662
586,8,0,11,14,16985820,3645,28440,6,4670
587,10,0,11,14,17026680,3646,28440,6,4680
588,11,0,11,14,17065440,3646,28440,6,4691
589,14,0,10,15,17117220,3645,28440,6,4705
590,18,0,19,6,17145180,3644,28440,6,4723
591,13,0,14,11,17201520,3642,28440,6,4736
592,9,0,8,17,17266380,3645,28440,5,4745
593,6,0,8,17,17292660,3645,28440,5,4751
594,9,0,11,14,17313420,3645,28440,5,4760
595,5,0,5,20,17345220,3643,28440,5,4765
596,3,0,3,22,17367360,3644,28440,5,4768
597,2,0,3,22,17380380,3645,28440,5,4770
598,5,0,4,21,17394120,3645,28440,5,4775
599,4,0,5,20,17403360,3645,28440,5,4779
600,6,0,9,16,17412900,3645,28440,5,4785
601,4,0,7,18,17433480,3645,28440,5,4789
602,4,0,4,21,17463540,3646,28440,5,4793
603,4,0,2,23,17489820,3647,28440,5,4797
604,5,0,5,20,17493060,3646,28440,5,4802
605,7,0,7,18,17508000,3645,28440,5,4809
606,7,0,5,20,17530920,3643,28440,5,4816
607,8,0,7,18,17558700,3645,28440,5,4824
608,6,0,5,20,17580000,3643,28440,5,4830
609,15,0,12,13,17602920,3642,28440,5,4845
610,7,0,14,11,17631540,3644,28440,5,4852
611,12,0,10,15,17688000,3644,28440,5,4864
612,8,0,13,12,17706240,3644,28440,5,4872
613,9,0,8,17,17770500,3646,28440,5,4881
614,9,0,7,18,17809620,3647,28440,5,4890
615,7,0,7,18,17831520,3646,28440,5,4897
616,9,0,9,16,17850660,3645,28440,5,4906
617,6,0,9,16,17878740,3646,28440,5,4912
618,4,0,8,17,17911440,3649,28440,5,4916
619,9,0,9,16,17942160,3649,28440,5,4925
620,8,0,11,14,17966880,3650,28440,5,4933
621,7,0,5,20,18017880,3651,28440,5,4940
622,5,0,7,18,18030420,3651,28440,5,4945
623,4,0,4,21,18060540,3652,28440,5,4949
624,3,0,4,21,18073620,3652,28440,5,4952
625,8,0,7,18,18084240,3651,28440,5,4960
626,3,0,3,22,18113400,3651,28440,5,4963
627,3,0,4,21,18117480,3651,28440,5,4966
628,10,0,10,15,18143160,3653,28440,5,4976
629,4,0,7,18,18169620,3653,28440,5,4980
630,7,0,8,17,18192840,3653,28440,5,4987
631,7,0,10,15,18218580,3655,28440,5,4994
632,9,0,11,14,18255960,3657,28440,5,5003
633,7,0,9,16,18296880,3658,28440,5,5010
634,10,0,7,18,18337560,3658,28440,5,5020
635,13,0,14,11,18355260,3657,28440,5,5033
636,6,0,11,14,18395400,3658,28440,5,5039
637,5,0,6,19,18441360,3660,28440,5,5044
638,16,0,15,10,18453540,3657,28440,5,5060
639,9,0,11,14,18499740,3657,28440,5,5069
640,8,0,6,19,18551460,3658,28440,5,5077
641,9,0,8,17,18587460,3660,28440,5,5086
642,10,0,10,15,18609360,3658,28440,5,5096
643,11,0,11,14,18642960,3658,28440,5,5107
644,9,0,10,15,18680700,3658,28440,5,5116
645,6,0,6,19,18711840,3657,28440,5,5122
646,3,0,4,21,18734160,3658,28440,5,5125
647,9,0,9,16,18751740,3658,28440,5,5134
648,7,0,9,16,18774840,3658,28440,5,5141
649,6,0,4,21,18807360,3656,28440,5,5147
650,6,0,5,20,18825240,3656,28440,5,5153
651,9,0,8,17,18840180,3655,28440,5,5162
652,7,0,10,15,18853560,3654,28440,5,5169
653,4,0,9,16,18866700,3653,28440,5,5173
654,8,0,3,22,18932100,3656,28440,5,5181
655,8,0,6,19,18942480,3654,28440,5,5189
656,9,0,8,17,18961560,3653,28440,5,5198
657,7,0,8,17,18984060,3652,28440,5,5205
658,9,0,7,18,19022280,3653,28440,5,5214
659,9,0,8,17,19052280,3653,28440,5,5223
660,8,0,10,15,19068000,3652,28440,5,5231
661,1,0,1,24,19121760,3655,28440,5,5232
662,11,0,8,17,19125840,3653,28440,5,5243
663,13,0,11,14,19152360,3651,28440,5,5256
664,12,0,14,11,19179960,3650,28440,5,5268
665,8,0,10,15,19224600,3650,28440,5,5276
666,6,0,5,20,19264680,3650,28440,5,5282
667,9,0,5,20,19286880,3648,28440,5,5291
668,8,0,7,18,19299540,3646,28440,5,5299
669,7,0,9,16,19318680,3647,28440,5,5306
670,7,0,6,19,19353120,3646,28440,5,5313
671,7,0,7,18,19379220,3647,28440,5,5320
672,7,0,9,16,19404840,3648,28440,5,5327
673,3,0,12,13,19404840,3648,28440,5,5330
674,6,0,14,11,19414860,3648,28440,5,5336
675,4,0,12,13,19433580,3647,28440,5,5340
676,10,0,18,7,19444740,3646,28440,5,5350
677,2,0,14,11,19478880,3649,28440,5,5352
678,6,0,13,12,19504440,3649,28440,5,5358
679,4,0,14,11,19525320,3650,28440,5,5362
680,8,0,16,9,19540020,3649,28440,5,5370
681,9,0,16,9,19568460,3648,28440,5,5379
682,7,0,14,11,19597980,3648,28440,5,5386
683,7,0,15,10,19619520,3648,28440,5,5393
684,3,0,14,11,19638900,3648,28440,5,5396
685,11,0,19,6,19661760,3649,28440,5,5407
686,10,0,20,5,19699200,3650,28440,5,5417
687,8,0,21,4,19727820,3650,28440,5,5425
688,11,0,20,5,19773720,3650,28440,5,5436
689,10,0,11,14,19832280,3648,28440,5,5446
690,9,0,14,11,19846620,3647,28440,5,5455
691,7,0,17,8,19863120,3647,28440,5,5462
692,9,0,16,9,19894200,3646,28440,5,5471
693,5,0,11,14,19933440,3647,28440,5,5476
694,6,0,12,13,19942140,3645,28440,5,5482
695,4,0,11,14,19956720,3645,28440,5,5486
696,2,0,9,16,19970700,3644,28440,5,5488
697,6,0,12,13,19973940,3643,28440,5,5494
698,5,0,15,10,19984500,3644,28440,5,5499
699,5,0,15,10,20000940,3643,28440,5,5504
700,1,0,8,17,20048640,3647,28440,5,5505
701,7,0,14,11,20049660,3646,28440,5,5512
702,8,0,16,9,20064240,3645,28440,5,5520
703,3,0,12,13,20084040,3644,28440,5,5523
704,11,0,14,11,20104020,3642,28440,5,5534
705,7,0,17,8,20116980,3641,28440,5,5541
706,7,0,13,12,20160780,3642,28440,5,5548
707,13,0,17,8,20180340,3640,28440,5,5561
708,9,0,19,6,20198280,3638,28440,5,5570
709,7,0,12,13,20246400,3638,28440,5,5577
710,6,0,12,13,20270400,3638,28440,5,5583
711,15,0,20,5,20286360,3636,28440,5,5598
712,12,0,21,4,20312520,3634,28440,5,5610
713,16,3,24,1,20351580,3634,33360,5,5626
714,5,0,19,6,20407020,3636,45060,8,5631
715,5,0,12,13,20453640,3636,45060,7,5636
716,8,0,17,8,20464680,3636,45060,7,5644
717,5,0,15,10,20500800,3638,45060,7,5649
718,2,0,12,13,20518440,3638,45060,7,5651
719,10,0,16,9,20541600,3638,45060,7,5661
720,6,0,16,9,20558400,3638,45060,7,5667
721,3,0,13,12,20589540,3639,45060,7,5670
722,8,0,16,9,20605560,3639,45060,7,5678
723,6,0,12,13,20641200,3639,45060,7,5684
724,8,0,14,11,20652660,3637,45060,7,5692
725,5,0,13,12,20676300,3637,45060,7,5697
726,4,0,15,10,20684520,3637,45060,7,5701
727,8,0,14,11,20730120,3640,45060,7,5709
728,11,0,17,8,20745660,3637,45060,7,5720
729,7,0,14,11,20773500,3636,45060,7,5727
730,11,0,17,8,20789940,3633,45060,7,5738
731,12,0,18,7,20825940,3633,45060,7,5750
732,15,0,20,5,20867880,3632,45060,7,5765
733,17,5,23,2,20893740,3631,45720,7,5782
734,12,7,24,1,20956080,3636,62580,10,5794
735,9,6,25,0,21002040,3638,78480,13,5803
736,16,8,25,0,21071940,3641,98280,16,5819
737,8,0,24,1,21139800,3642,154440,26,5827
738,11,0,19,6,21197760,3642,154440,26,5838
739,8,0,19,6,21236400,3644,154440,26,5846
740,6,0,15,10,21279540,3645,154440,26,5852
741,7,0,18,7,21307020,3647,154440,26,5859
742,6,0,18,7,21330300,3648,154440,26,5865
743,3,0,14,11,21378060,3651,154440,26,5868
744,6,0,17,8,21397800,3653,154440,26,5874
745,3,0,9,16,21440940,3653,154440,26,5877
746,2,0,9,16,21443880,3653,154440,26,5879
747,6,0,13,12,21445620,3652,154440,26,5885
748,1,0,9,16,21460380,3651,154440,26,5886
749,5,0,12,13,21466620,3651,154440,26,5891
750,6,0,14,11,21470280,3649,154440,26,5897
751,6,0,13,12,21501300,3650,154440,26,5903
752,6,0,16,9,21508200,3649,154440,26,5909
753,7,0,14,11,21537720,3649,154440,26,5916
754,15,0,18,7,21566940,3647,154440,26,5931
755,9,0,19,6,21592800,3646,154440,26,5940
756,11,0,23,2,21619680,3647,154440,25,5951
757,11,0,20,5,21683640,3649,154440,25,5962
758,16,0,24,1,21714240,3647,154440,25,5978
759,10,0,18,7,21763920,3645,154440,25,5988
760,19,1,23,2,21803400,3644,154440,25,6007
761,8,2,22,3,21834240,3644,160860,26,6015
762,9,0,22,3,21883200,3645,167040,27,6024
763,8,0,17,8,21931860,3646,167040,27,6032
764,5,0,13,12,21980160,3648,167040,27,6037
765,1,0,11,14,21996540,3649,167040,27,6038
766,4,0,12,13,22011660,3650,167040,27,6042
767,2,0,10,15,22021500,3649,167040,27,6044
768,6,0,13,12,22026480,3648,167040,27,6050
769,4,0,11,14,22052460,3649,167040,27,6054
770,2,0,11,14,22061340,3649,167040,27,6056
771,6,0,12,13,22081320,3649,167040,27,6062
772,8,0,17,8,22089840,3649,167040,27,6070
773,9,0,18,7,22113300,3648,167040,27,6079
774,7,0,17,8,22141680,3648,167040,27,6086
775,9,0,17,8,22183020,3649,167040,27,6095
776,9,0,16,9,22213440,3648,167040,27,6104
777,12,0,22,3,22240440,3649,167040,27,6116
778,11,0,20,5,22278900,3648,167040,27,6127
779,11,0,22,3,22327740,3650,167040,27,6138
780,3,0,13,12,22389180,3653,167040,27,6141
781,9,0,18,7,22400040,3652,167040,27,6150
782,12,0,23,2,22432020,3654,167040,27,6162
783,7,0,16,9,22493580,3655,167040,27,6169
784,7,0,17,8,22514160,3655,167040,27,6176
785,9,0,15,10,22549380,3654,167040,27,6185
786,13,0,21,4,22575300,3654,167040,26,6198
787,7,0,17,8,22612320,3654,167040,26,6205
788,13,0,18,7,22654860,3654,167040,26,6218
789,6,0,14,11,22693440,3654,167040,26,6224
790,8,0,15,10,22714500,3653,167040,26,6232
791,9,0,20,5,22723860,3652,167040,26,6241
792,5,0,17,8,22759800,3653,167040,26,6246
793,12,0,22,3,22791480,3654,167040,26,6258
794,5,0,15,10,22854180,3657,167040,26,6263
795,3,0,11,14,22883760,3658,167040,26,6266
796,7,0,13,12,22900680,3658,167040,26,6273
797,6,0,11,14,22921740,3656,167040,26,6279
798,8,0,13,12,22935840,3655,167040,26,6287
799,8,0,16,9,22952280,3655,167040,26,6295
800,7,0,16,9,22971180,3654,167040,26,6302
801,8,0,17,8,23010600,3656,167040,26,6310
802,11,0,20,5,23039700,3656,167040,26,6321
803,13,0,21,4,23075580,3655,167220,26,6334
804,15,0,23,2,23130840,3656,167220,26,6349
805,8,0,17,8,23174820,3655,167220,26,6357
806,11,0,20,5,23207220,3655,167220,26,6368
807,12,0,20,5,23250120,3655,167220,26,6380
808,11,0,19,6,23289120,3654,167220,26,6391
809,11,0,18,7,23320500,3652,167220,26,6402
810,5,0,14,11,23355600,3653,167220,26,6407
811,7,0,17,8,23376000,3654,167220,26,6414
812,10,0,17,8,23417700,3655,167220,26,6424
813,11,0,17,8,23451720,3654,167220,25,6435
814,6,0,15,10,23480160,3653,167220,25,6441
815,1,0,9,16,23507100,3654,167220,25,6442
816,6,0,12,13,23515800,3653,167220,25,6448
817,4,0,14,11,23521380,3653,167220,25,6452
818,4,0,12,13,23549760,3654,167220,25,6456
819,6,0,12,13,23567040,3653,167220,25,6462
820,9,0,14,11,23590380,3653,167220,25,6471
821,5,0,13,12,23608260,3652,167220,25,6476
822,5,0,15,10,23622300,3653,167220,25,6481
823,7,0,15,10,23646660,3653,167220,25,6488
824,8,0,18,7,23671080,3654,167220,25,6496
825,12,0,16,9,23706900,3651,167220,25,6508
826,9,0,17,8,23737260,3651,167220,25,6517
827,19,0,24,1,23776920,3651,167220,25,6536
828,11,0,18,7,23830080,3649,172860,26,6547
829,12,0,18,7,23874240,3649,172860,26,6559
830,9,0,16,9,23909700,3649,172860,26,6568
831,11,0,18,7,23936760,3648,172860,26,6579
832,17,0,23,2,23959740,3645,172860,26,6596
833,8,0,20,5,24003960,3645,173520,26,6604
834,10,0,22,3,24036600,3646,174060,26,6614
835,7,0,18,7,24097320,3649,174060,26,6621
836,10,0,17,8,24133860,3648,174060,26,6631
837,3,0,10,15,24190620,3651,174060,26,6634
838,7,0,14,11,24194100,3650,174060,26,6641
839,4,0,13,12,24211920,3650,174060,26,6645
840,6,0,15,10,24224760,3650,174060,26,6651
841,5,0,15,10,24253020,3652,174060,26,6656
842,4,0,12,13,24275880,3651,174060,26,6660
843,5,0,12,13,24294120,3651,174060,26,6665
844,5,0,14,11,24302220,3651,174060,26,6670
845,3,0,12,13,24315300,3650,174060,26,6673
846,4,0,12,13,24333540,3650,174060,26,6677
847,8,0,13,12,24353100,3650,174060,26,6685
848,5,0,13,12,24364980,3649,174060,26,6690
849,14,0,21,4,24380460,3648,174060,25,6704
850,15,1,25,0,24418500,3648,175740,26,6719
851,18,6,25,0,24480660,3650,185460,27,6737
852,10,0,22,3,24537180,3648,198900,29,6747
853,5,0,17,8,24591540,3651,198900,29,6752
854,17,0,22,3,24644940,3652,198900,29,6769
855,9,0,23,2,24662160,3650,199260,29,6778
856,10,0,22,3,24713880,3652,199260,29,6788
857,11,0,18,7,24786420,3655,199260,29,6799
858,7,0,9,16,24835740,3653,199260,29,6806
859,4,0,12,13,24839220,3653,199260,29,6810
860,3,0,13,12,24844860,3653,199260,29,6813
861,6,0,13,12,24865620,3653,199260,29,6819
862,7,0,14,11,24883500,3652,199260,29,6826
863,3,0,13,12,24904800,3653,199260,29,6829
864,6,0,14,11,24927360,3654,199260,29,6835
865,6,0,12,13,24946740,3653,199260,29,6841
866,6,0,13,12,24956400,3651,199260,29,6847
867,4,0,11,14,24974400,3651,199260,29,6851
868,6,0,13,12,24987840,3651,199260,29,6857
869,5,0,10,15,25008480,3649,199260,29,6862
870,6,0,15,10,25009560,3649,199260,29,6868
871,9,0,18,7,25025340,3648,199260,28,6877
872,6,0,16,9,25064940,3650,199260,28,6883
873,11,0,24,1,25074660,3649,199260,28,6894
874,7,0,18,7,25147620,3653,199260,28,6901
875,9,0,17,8,25181040,3653,199260,28,6910
876,10,0,18,7,25212360,3652,199260,28,6920
877,12,0,19,6,25241700,3651,199260,28,6932
878,12,0,21,4,25274400,3650,199260,28,6944
879,6,0,15,10,25328340,3652,199260,28,6950
880,11,0,17,8,25348320,3650,199260,28,6961
881,16,0,17,8,25390080,3648,199260,28,6977
882,8,0,15,10,25421700,3647,199260,28,6985
883,7,0,15,10,25457760,3648,199260,28,6992
884,10,0,21,4,25466760,3648,199260,28,7002
885,5,0,12,13,25514580,3647,199260,28,7007
886,7,0,13,12,25542300,3648,199260,28,7014
887,6,0,15,10,25562640,3649,199260,28,7020
888,15,0,16,9,25592160,3646,199260,28,7035
889,5,0,15,10,25616820,3646,199260,28,7040
890,6,0,15,10,25642620,3647,199260,28,7046
891,3,0,12,13,25662180,3646,199260,28,7049
892,7,0,16,9,25677180,3647,199260,28,7056
893,6,0,17,8,25697940,3647,199260,28,7062
894,7,0,15,10,25726560,3647,199260,28,7069
895,7,0,16,9,25761780,3648,199260,28,7076
896,9,0,19,6,25786920,3649,199260,28,7085
897,9,0,18,7,25826760,3649,199260,28,7094
898,5,0,15,10,25860600,3650,199260,28,7099
899,5,0,13,12,25894140,3651,199260,28,7104
900,9,0,14,11,25918500,3651,199260,28,7113
901,12,0,20,5,25935960,3650,199260,27,7125
902,8,0,17,8,25974540,3650,199260,27,7133
903,10,0,19,6,26005200,3650,199260,27,7143
904,8,0,18,7,26041320,3650,199260,27,7151
905,9,0,17,8,26075820,3650,199260,27,7160
906,6,0,15,10,26108520,3651,199260,27,7166
907,7,0,14,11,26143140,3651,199260,27,7173
908,4,0,14,11,26150220,3650,199260,27,7177
909,2,0,12,13,26169600,3651,199260,27,7179
910,10,0,15,10,26196900,3651,199260,27,7189
911,6,0,12,13,26226420,3651,199260,27,7195
912,3,0,14,11,26227440,3650,199260,27,7198
913,4,0,13,12,26248800,3651,199260,27,7202
914,1,0,9,16,26278980,3652,199260,27,7203
915,8,0,14,11,26283120,3651,199260,27,7211
916,6,0,14,11,26309100,3652,199260,27,7217
917,8,0,12,13,26340780,3651,199260,27,7225
918,5,0,13,12,26353380,3651,199260,27,7230
919,7,0,14,11,26370000,3650,199260,27,7237
920,12,0,23,2,26376300,3650,199260,27,7249
921,13,0,23,2,26420760,3649,199260,27,7262
922,13,0,18,7,26484780,3649,199260,27,7275
923,10,0,18,7,26518920,3649,199260,27,7285
924,12,0,22,3,26550240,3649,199260,27,7297
925,7,0,18,7,26591040,3649,199260,27,7304
926,10,0,15,10,26648820,3651,199260,27,7314
927,8,0,14,11,26669640,3649,199260,27,7322
928,14,0,17,8,26696460,3647,199260,27,7336
929,13,0,21,4,26730840,3647,203700,27,7349
930,13,0,25,0,26775780,3649,203700,27,7362
931,3,0,14,11,26837160,3650,203700,27,7365
932,5,0,15,10,26849700,3650,203700,27,7370
933,7,0,14,11,26888880,3651,203700,27,7377
934,6,0,16,9,26904360,3652,203700,27,7383
935,7,0,15,10,26932260,3651,203700,27,7390
936,9,0,15,10,26961120,3651,203700,27,7399
937,8,0,17,8,26983440,3651,203700,27,7407
938,7,0,15,10,27025020,3652,203700,27,7414
939,6,0,17,8,27034320,3651,203700,27,7420
940,6,0,13,12,27071460,3651,203700,27,7426
941,7,0,16,9,27090060,3652,203700,27,7433
942,10,0,19,6,27106440,3651,203700,27,7443
943,8,0,15,10,27159360,3652,203700,27,7451
944,8,0,15,10,27183480,3651,203700,27,7459
945,10,0,20,5,27202080,3651,203700,27,7469
946,12,0,18,7,27242820,3650,203700,27,7481
947,10,0,20,5,27278760,3651,203700,27,7491
948,5,0,14,11,27317520,3651,203700,27,7496
949,9,0,18,7,27338400,3651,203700,27,7505
950,12,0,20,5,27368640,3650,203700,27,7517
951,7,0,17,8,27413880,3651,203700,27,7524
952,10,0,16,9,27453540,3651,203700,27,7534
953,12,0,20,5,27480960,3651,203700,26,7546
954,9,0,18,7,27522960,3651,203700,26,7555
955,10,0,19,6,27550620,3651,203700,26,7565
956,7,0,17,8,27589980,3651,203700,26,7572
957,9,0,22,3,27615120,3653,203700,26,7581
958,6,0,16,9,27664560,3654,203700,26,7587
959,6,0,15,10,27694920,3654,203700,26,7593
960,6,0,13,12,27729120,3655,203700,26,7599
961,3,0,11,14,27745200,3655,203700,26,7602
962,6,0,14,11,27749160,3654,203700,26,7608
963,3,0,11,14,27760380,3652,203700,26,7611
964,8,0,13,12,27779460,3652,203700,26,7619
965,6,0,12,13,27804240,3652,203700,26,7625
966,10,0,15,10,27816660,3650,203700,26,7635
967,9,0,20,5,27828120,3650,203700,26,7644
968,10,0,23,2,27861780,3651,203700,26,7654
969,8,0,18,7,27922980,3652,203700,26,7662
970,17,0,22,3,27963840,3652,204840,26,7679
971,11,0,19,6,28009080,3651,204840,26,7690
972,15,0,20,5,28057020,3650,204840,26,7705
973,12,0,20,5,28092720,3649,204840,26,7717
974,11,0,19,6,28137480,3649,204840,26,7728
975,10,0,17,8,28171020,3648,204840,26,7738
976,16,0,16,9,28222440,3647,204840,26,7754
977,9,0,17,8,28246560,3646,204840,26,7763
978,12,0,19,6,28271820,3645,204840,26,7775
979,5,0,18,7,28300500,3646,204840,26,7780
980,8,0,16,9,28349460,3647,204840,26,7788
981,3,0,16,9,28360380,3647,204840,26,7791
982,8,0,16,9,28395360,3648,204840,26,7799
983,5,0,12,13,28424700,3647,204840,26,7804
984,6,0,14,11,28442280,3648,204840,26,7810
985,10,0,15,10,28469820,3647,204840,26,7820
986,8,0,14,11,28507320,3648,204840,26,7828
987,3,0,13,12,28525620,3648,204840,26,7831
988,5,0,15,10,28543200,3649,204840,26,7836
989,6,0,16,9,28566360,3650,204840,26,7842
990,5,0,11,14,28603680,3650,204840,26,7847
991,7,0,15,10,28606800,3649,204840,26,7854
992,9,0,16,9,28641960,3650,204840,26,7863
993,8,0,17,8,28663620,3649,204840,26,7871
994,6,0,10,15,28708800,3649,204840,26,7877
995,11,0,14,11,28725120,3648,204840,25,7888
996,7,0,15,10,28739880,3647,204840,25,7895
997,14,0,17,8,28767060,3645,204840,25,7909
998,12,0,17,8,28792020,3642,204840,25,7921
999,9,0,17,8,28820880,3642,204840,25,7930
1000,11,0,21,4,28855680,3643,204840,25,7941
1001,4,0,15,10,28884480,3642,204840,25,7945
1002,9,0,16,9,28926120,3644,204840,25,7954
1003,11,0,21,4,28949580,3644,204840,25,7965
1004,7,0,18,7,28980540,3643,204840,25,7972
1005,7,0,15,10,29028900,3645,204840,25,7979
1006,4,0,15,10,29040540,3644,204840,25,7983
1007,1,0,9,16,29074560,3645,204840,25,7984
1008,8,0,14,11,29083980,3645,204840,25,7992
1009,6,0,18,7,29089680,3645,204840,25,7998
1010,8,0,17,8,29130300,3646,204840,25,8006
1011,7,0,17,8,29149980,3645,204840,25,8013
1012,8,0,14,11,29194380,3646,204840,25,8021
1013,9,0,19,6,29200620,3645,204840,25,8030
1014,7,0,20,5,29223360,3645,204840,25,8037
1015,7,0,17,8,29275500,3647,204840,25,8044
1016,9,0,18,7,29307720,3647,204840,25,8053
1017,11,1,22,3,29319900,3646,204840,25,8064
1018,9,0,19,6,29392560,3649,205020,25,8073
1019,9,0,18,7,29437320,3650,205020,25,8082
1020,8,0,15,10,29477040,3650,205020,25,8090
1021,8,0,12,13,29525340,3651,205020,25,8098
1022,8,0,15,10,29533680,3650,205020,25,8106
1023,9,0,14,11,29560680,3649,205020,25,8115
1024,10,0,15,10,29589240,3648,205020,25,8125
1025,10,0,14,11,29613000,3646,205020,25,8135
1026,12,0,23,2,29619120,3645,205020,25,8147
1027,5,0,15,10,29670600,3646,205020,25,8152
1028,6,0,14,11,29696580,3646,205020,25,8158
1029,4,0,14,11,29727120,3648,205020,25,8162
1030,6,0,13,12,29750640,3648,205020,25,8168
1031,7,0,15,10,29769780,3648,205020,25,8175
1032,10,0,18,7,29786580,3647,205020,25,8185
1033,9,0,18,7,29825640,3647,205020,25,8194
1034,7,0,18,7,29847900,3647,205020,24,8201
1035,4,0,13,12,29891340,3648,205020,24,8205
1036,6,0,14,11,29914920,3649,205020,24,8211
1037,7,0,12,13,29933700,3647,205020,24,8218
1038,6,0,14,11,29952300,3648,205020,24,8224
1039,7,0,14,11,29967240,3646,205020,24,8231
1040,8,0,18,7,29984640,3647,205020,24,8239
1041,9,0,12,13,30024720,3645,205020,24,8248
1042,12,0,16,9,30051600,3645,205020,24,8260
1043,6,0,16,9,30071040,3644,205020,24,8266
1044,10,0,16,9,30101220,3644,205020,24,8276
1045,6,0,14,11,30131820,3644,205020,24,8282
1046,10,0,18,7,30150840,3644,205020,24,8292
1047,3,0,16,9,30172800,3644,205020,24,8295
1048,15,0,19,6,30211740,3643,205020,24,8310
1049,11,0,20,5,30248340,3643,205020,24,8321
1050,7,0,17,8,30286740,3644,205020,24,8328
1051,6,0,17,8,30313680,3644,205020,24,8334
1052,7,0,16,9,30349320,3645,205020,24,8341
1053,4,0,13,12,30379080,3646,205020,24,8345
1054,6,0,13,12,30402540,3646,205020,24,8351
1055,4,0,14,11,30410040,3645,205020,24,8355
1056,3,0,11,14,30436020,3646,205020,24,8358
1057,8,0,15,10,30444480,3645,205020,24,8366
1058,6,0,14,11,30468060,3645,205020,24,8372
1059,9,0,14,11,30498000,3645,205020,24,8381
1060,8,0,16,9,30527760,3645,205020,24,8389
1061,4,0,12,13,30553920,3645,205020,24,8393
1062,3,0,11,14,30575520,3646,205020,24,8396
1063,8,0,13,12,30593640,3646,205020,24,8404
1064,11,0,20,5,30604080,3645,205020,24,8415
1065,15,1,25,0,30627420,3644,205020,24,8430
1066,8,0,15,10,30698580,3644,205020,24,8438
1067,8,0,14,11,30726000,3643,205020,24,8446
1068,12,0,16,9,30752520,3642,205020,24,8458
1069,13,0,21,4,30769560,3641,205020,24,8471
1070,12,0,21,4,30813660,3641,205200,24,8483
1071,13,0,22,3,30859440,3641,205200,24,8496
1072,8,0,16,9,30905220,3641,205200,24,8504
1073,10,0,16,9,30962760,3643,205200,24,8514
1074,12,0,21,4,30980040,3642,205200,24,8526
1075,4,0,13,12,31030920,3643,205200,24,8530
1076,15,0,20,5,31058880,3643,205200,24,8545
1077,7,0,18,7,31081920,3642,205200,23,8552
1078,6,0,18,7,31111500,3643,205200,23,8558
1079,6,0,15,10,31153980,3644,205200,23,8564
1080,4,0,15,10,31174080,3644,205200,23,8568
1081,7,0,12,13,31215720,3645,205200,23,8575
1082,9,0,15,10,31223700,3643,205200,23,8584
1083,2,0,12,13,31238040,3643,205200,23,8586
1084,8,0,17,8,31246380,3643,205200,23,8594
1085,5,0,14,11,31272540,3642,205200,23,8599
1086,5,0,11,14,31299960,3642,205200,23,8604
1087,7,0,14,11,31312500,3642,205200,23,8611
1088,8,0,16,9,31327980,3641,205200,23,8619
1089,11,0,21,4,31345500,3641,205200,23,8630
1090,7,0,19,6,31391760,3642,205980,23,8637
1091,7,0,16,9,31454460,3645,206340,23,8644
1092,14,6,19,6,31466700,3644,208320,24,8658
1093,1,0,18,7,31508580,3646,224580,25,8659
1094,16,0,22,3,31555500,3646,224580,25,8675
1095,13,0,20,5,31597020,3645,224580,25,8688
1096,15,0,23,2,31645620,3645,225900,25,8703
1097,11,0,21,4,31694580,3645,225900,25,8714
1098,18,0,24,1,31753140,3646,225900,25,8732
1099,11,0,22,3,31789080,3645,225900,25,8743
1100,13,0,14,11,31847640,3643,225900,25,8756
1101,7,0,14,11,31876620,3643,225900,25,8763
1102,6,0,15,10,31901220,3644,225900,25,8769
1103,6,0,11,14,31926900,3642,225900,25,8775
1104,7,0,11,14,31936140,3641,225900,25,8782
1105,4,0,11,14,31946400,3640,225900,25,8786
1106,9,0,15,10,31960380,3640,225900,25,8795
1107,4,0,13,12,31974180,3639,225900,25,8799
1108,4,0,13,12,31989720,3639,225900,25,8803
1109,3,0,10,15,32014980,3639,225900,25,8806
1110,8,0,15,10,32023500,3639,225900,25,8814
1111,8,0,16,9,32036340,3638,225900,25,8822
1112,7,0,14,11,32066040,3637,225900,25,8829
1113,12,0,19,6,32085180,3636,225900,25,8841
1114,12,0,24,1,32105160,3636,225900,25,8853
1115,8,0,18,7,32165820,3637,225900,25,8861
1116,14,0,20,5,32219340,3638,225900,25,8875
1117,8,0,22,3,32249160,3639,227040,25,8883
1118,14,0,21,4,32315580,3640,227040,25,8897
1119,10,0,14,11,32364480,3639,227040,25,8907
1120,16,0,21,4,32400960,3639,227040,25,8923
1121,9,0,19,6,32429220,3638,227040,25,8932
1122,8,0,18,7,32465280,3638,227040,25,8940
1123,15,0,20,5,32510160,3638,227040,25,8955
1124,4,0,16,9,32548200,3639,227040,25,8959
1125,5,0,16,9,32570580,3639,227040,25,8964
1126,6,0,12,13,32607660,3640,227040,25,8970
1127,7,0,15,10,32627760,3640,227040,25,8977
1128,4,0,12,13,32656140,3641,227040,25,8981
1129,5,0,14,11,32674920,3641,227040,25,8986
1130,9,0,14,11,32692980,3640,227040,25,8995
1131,7,0,16,9,32718120,3641,227040,25,9002
1132,8,0,17,8,32737080,3640,227040,25,9010
1133,4,0,11,14,32790180,3642,227040,25,9014
1134,5,0,12,13,32804940,3642,227040,25,9019
1135,10,0,17,8,32813340,3641,227040,25,9029
1136,6,0,11,14,32846820,3639,227040,25,9035
1137,11,0,16,9,32866020,3639,227040,25,9046
1138,13,0,18,7,32890500,3637,227040,25,9059
1139,16,0,23,2,32927040,3637,227340,25,9075
1140,12,0,20,5,32980020,3637,227340,25,9087
1141,10,0,20,5,33019080,3637,227340,24,9097
1142,9,0,18,7,33068820,3638,227340,24,9106
1143,17,0,20,5,33107700,3637,227340,24,9123
1144,7,0,16,9,33144360,3636,227340,24,9130
1145,10,0,19,6,33174660,3637,227340,24,9140
1146,5,0,14,11,33210420,3637,227340,24,9145
1147,13,0,20,5,33224640,3635,227340,24,9158
1148,5,0,14,11,33263700,3635,227340,24,9163
1149,3,0,11,14,33290580,3636,227340,24,9166
1150,2,0,11,14,33300900,3636,227340,24,9168
1151,5,0,14,11,33312840,3637,227340,24,9173
1152,3,0,13,12,33332700,3637,227340,24,9176
1153,7,0,13,12,33358500,3637,227340,24,9183
1154,7,0,14,11,33372780,3636,227340,24,9190
1155,3,0,13,12,33391860,3637,227340,24,9193
1156,9,0,12,13,33424200,3637,227340,24,9202
1157,4,0,12,13,33435720,3636,227340,24,9206
1158,4,0,11,14,33457920,3637,227340,24,9210
1159,7,0,12,13,33470820,3636,227340,24,9217
1160,12,0,19,6,33480360,3635,227340,24,9229
1161,6,0,12,13,33526140,3635,227340,24,9235
1162,16,0,22,3,33539880,3634,227340,24,9251
1163,8,0,19,6,33582000,3634,227340,24,9259
1164,10,0,17,8,33622140,3634,227340,24,9269
1165,14,0,21,4,33661080,3634,227340,24,9283
1166,10,0,18,7,33700140,3633,227340,24,9293
1167,10,0,17,8,33745980,3634,227340,24,9303
1168,8,0,16,9,33777540,3633,227340,24,9311
1169,6,0,18,7,33801480,3634,227340,24,9317
1170,10,0,15,10,33849480,3635,227340,24,9327
1171,5,0,12,13,33876120,3634,227340,24,9332
1172,8,0,17,8,33882600,3634,227340,24,9340
1173,5,0,14,11,33912720,3634,227340,24,9345
1174,4,0,13,12,33929760,3634,227340,24,9349
1175,5,0,11,14,33959400,3634,227340,24,9354
1176,6,0,15,10,33966780,3634,227340,24,9360
1177,5,0,15,10,33988860,3635,227340,24,9365
1178,3,0,11,14,34012740,3635,227340,24,9368
1179,6,0,14,11,34025220,3635,227340,24,9374
1180,4,0,14,11,34039200,3635,227340,24,9378
1181,8,0,14,11,34060560,3634,227340,24,9386
1182,3,0,12,13,34082940,3634,227340,24,9389
1183,11,0,16,9,34107300,3634,227340,24,9400
1184,6,0,16,9,34137540,3635,227340,24,9406
1185,9,0,15,10,34171380,3635,227340,24,9415
1186,14,0,22,3,34184160,3633,227340,24,9429
1187,8,0,15,10,34242300,3634,227340,24,9437
1188,8,0,13,12,34273620,3633,227340,24,9445
1189,7,0,13,12,34286580,3632,227340,24,9452
1190,12,0,20,5,34300320,3631,227340,24,9464
1191,2,0,13,12,34336140,3632,227340,24,9466
1192,12,0,20,5,34369020,3633,227340,23,9478
1193,8,0,15,10,34409760,3633,227340,23,9486
1194,5,0,15,10,34434300,3633,227340,23,9491
1195,8,0,13,12,34462440,3632,227340,23,9499
1196,10,0,19,6,34470000,3632,227340,23,9509
1197,9,0,19,6,34506780,3632,227340,23,9518
1198,6,0,13,12,34561380,3633,227340,23,9524
1199,1,0,11,14,34570800,3633,227340,23,9525
1200,4,0,14,11,34572840,3633,227340,23,9529
1201,3,0,13,12,34593720,3634,227340,23,9532
1202,4,0,11,14,34619340,3634,227340,23,9536
1203,7,0,14,11,34626720,3633,227340,23,9543
1204,3,0,13,12,34643520,3634,227340,23,9546
1205,7,0,15,10,34661700,3634,227340,23,9553
1206,6,0,14,11,34691940,3634,227340,23,9559
1207,8,0,16,9,34703100,3633,227340,23,9567
1208,9,0,19,6,34724160,3633,227340,23,9576
1209,7,0,18,7,34764240,3634,227340,23,9583
1210,9,0,18,7,34800600,3634,227340,23,9592
1211,9,0,19,6,34825140,3634,227340,23,9601
1212,13,0,22,3,34859700,3634,227520,23,9614
1213,9,0,20,5,34917540,3636,227520,23,9623
1214,8,0,17,8,34957080,3636,227520,23,9631
1215,11,0,21,4,34995360,3637,227520,23,9642
1216,14,0,23,2,35029560,3636,227520,23,9656
1217,12,0,20,5,35086740,3636,227520,23,9668
1218,8,0,22,3,35101620,3635,227520,23,9676
1219,9,0,20,5,35163120,3638,227520,23,9685
1220,7,0,17,8,35206260,3638,227520,23,9692
1221,3,0,13,12,35242020,3639,227520,23,9695
1222,6,0,13,12,35276340,3641,227520,23,9701
1223,7,0,15,10,35288640,3640,227520,23,9708
1224,3,0,12,13,35317620,3641,227520,23,9711
1225,6,0,16,9,35331180,3642,227520,23,9717
1226,2,0,11,14,35358480,3642,227520,23,9719
1227,5,0,13,12,35369280,3642,227520,23,9724
1228,9,0,20,5,35381340,3642,227520,23,9733
1229,8,0,17,8,35417460,3642,227520,23,9741
1230,4,0,15,10,35441940,3642,227520,23,9745
1231,7,0,15,10,35468700,3642,227520,23,9752
1232,7,0,12,13,35505000,3642,227520,23,9759
1233,11,0,19,6,35515080,3642,227520,23,9770
1234,8,0,17,8,35552460,3642,227520,23,9778
1235,10,0,18,7,35596500,3643,227520,23,9788
1236,11,0,18,7,35636820,3643,227520,23,9799
1237,14,0,21,4,35665140,3642,227520,23,9813
1238,11,0,20,5,35707140,3642,227520,23,9824
1239,6,0,18,7,35748480,3643,227520,23,9830
1240,8,0,16,9,35798400,3644,227520,23,9838
1241,5,0,16,9,35814600,3644,227520,23,9843
1242,8,0,19,6,35831820,3644,227520,23,9851
1243,11,0,20,5,35875860,3645,227520,23,9862
1244,7,0,14,11,35924160,3645,227520,23,9869
1245,6,0,9,16,35949660,3643,227520,23,9875
1246,2,0,8,17,35959500,3643,227520,23,9877
1247,3,0,10,15,35961960,3643,227520,23,9880
1248,4,0,11,14,35967240,3642,227520,23,9884
1249,7,0,14,11,35983380,3643,227520,23,9891
1250,10,0,20,5,35992800,3642,227520,22,9901
1251,4,0,11,14,36031980,3641,227520,22,9905
1252,4,0,13,12,36041880,3642,227520,22,9909
1253,6,0,14,11,36056760,3641,227520,22,9915
1254,10,0,18,7,36078000,3641,227520,22,9925
1255,10,0,16,9,36117000,3641,227520,22,9935
1256,8,0,16,9,36155460,3642,227520,22,9943
1257,8,0,17,8,36171360,3641,227520,22,9951
1258,11,0,20,5,36200820,3641,227520,22,9962
1259,9,0,17,8,36249420,3641,227520,22,9971
1260,15,0,25,0,36280320,3642,227520,22,9986
1261,14,2,25,0,36325620,3642,230880,23,10000
1262,13,1,25,0,36393540,3644,240120,23,10013
1263,7,0,20,5,36441960,3644,243480,24,10020
1264,16,0,22,3,36520440,3646,243480,24,10036
1265,11,0,21,4,36552720,3645,243480,24,10047
1266,10,0,17,8,36594300,3644,243480,24,10057
1267,9,0,17,8,36622620,3644,243480,24,10066
1268,6,0,13,12,36657600,3644,243480,24,10072
1269,4,0,11,14,36677520,3644,243480,24,10076
1270,6,0,14,11,36698100,3645,243480,24,10082
1271,3,0,13,12,36707340,3644,243480,24,10085
1272,7,0,12,13,36742200,3645,243480,24,10092
1273,8,0,16,9,36753000,3644,243480,24,10100
1274,7,0,15,10,36778020,3644,243480,24,10107
1275,5,0,14,11,36807420,3645,243480,24,10112
1276,5,0,13,12,36836220,3645,243480,24,10117
1277,4,0,13,12,36850440,3645,243480,24,10121
1278,7,0,18,7,36852120,3645,243480,24,10128
1279,6,0,13,12,36905820,3646,243480,24,10134
1280,11,0,20,5,36916920,3646,243480,24,10145
1281,5,0,15,10,36956160,3646,243480,23,10150
1282,13,0,20,5,36977880,3645,243480,23,10163
1283,14,0,19,6,37025640,3644,243480,23,10177
1284,3,0,13,12,37067280,3645,243480,23,10180
1285,11,0,18,7,37079820,3644,243480,23,10191
1286,15,0,23,2,37120140,3645,243480,23,10206
1287,9,0,20,5,37152420,3644,243480,23,10215
1288,14,0,23,2,37208400,3645,243480,23,10229
1289,14,0,18,7,37254300,3643,243480,23,10243
1290,9,0,17,8,37278420,3642,243480,23,10252
1291,8,0,15,10,37305540,3641,243480,23,10260
1292,7,0,15,10,37349220,3643,243480,23,10267
1293,11,0,19,6,37361160,3641,243480,23,10278
1294,10,0,19,6,37391220,3641,243480,23,10288
1295,8,0,19,6,37422240,3641,243480,23,10296
1296,4,0,11,14,37481340,3642,243480,23,10300
1297,4,0,11,14,37495020,3642,243480,23,10304
1298,4,0,14,11,37495680,3642,243480,23,10308
1299,5,0,11,14,37525620,3642,243480,23,10313
1300,8,0,13,12,37537980,3641,243480,23,10321
1301,3,0,14,11,37543920,3641,243480,23,10324
1302,11,0,16,9,37570260,3640,243480,23,10335
1303,4,0,14,11,37608720,3642,243480,23,10339
1304,8,0,15,10,37638060,3642,243480,23,10347
1305,4,0,11,14,37664400,3642,243480,23,10351
1306,14,0,20,5,37678920,3642,243480,23,10365
1307,8,0,17,8,37705980,3640,243480,23,10373
1308,5,0,14,11,37740060,3641,243480,23,10378
1309,8,0,13,12,37770540,3641,243480,23,10386
1310,10,0,18,7,37785660,3640,243480,23,10396
1311,6,0,14,11,37818540,3640,243480,23,10402
1312,11,0,17,8,37846200,3640,243480,23,10413
1313,11,0,18,7,37877400,3639,243480,23,10424
1314,9,0,14,11,37908540,3638,243480,23,10433
1315,3,0,13,12,37931100,3639,243480,23,10436
1316,6,0,11,14,37953120,3638,243480,23,10442
1317,5,0,14,11,37963080,3638,243480,23,10447
1318,8,0,17,8,37974360,3638,243480,23,10455
1319,5,0,11,14,38018700,3638,243480,23,10460
1320,2,0,9,16,38031180,3638,243480,23,10462
1321,6,0,12,13,38038080,3637,243480,23,10468
1322,6,0,15,10,38041980,3637,243480,23,10474
1323,6,0,12,13,38069820,3636,243480,23,10480
1324,9,0,19,6,38077680,3636,243480,23,10489
1325,10,0,17,8,38113080,3636,243480,23,10499
1326,9,0,18,7,38137680,3635,243480,23,10508
1327,3,0,13,12,38165940,3635,243480,23,10511
1328,8,0,14,11,38197140,3636,243480,23,10519
1329,13,0,15,10,38231640,3635,243480,23,10532
1330,14,0,19,6,38252160,3633,243480,23,10546
1331,14,0,21,4,38286840,3632,243480,23,10560
1332,10,0,19,6,38323080,3632,243480,23,10570
1333,9,0,19,6,38371980,3633,243480,23,10579
1334,10,0,19,6,38411700,3634,243480,22,10589
1335,11,0,15,10,38465400,3633,243480,22,10600
1336,20,1,25,0,38479140,3632,243600,22,10620
1337,11,0,17,8,38550060,3632,243840,22,10631
1338,7,0,15,10,38582940,3632,243840,22,10638
1339,7,0,15,10,38617680,3632,243840,22,10645
1340,8,0,19,6,38627160,3632,243840,22,10653
1341,4,0,19,6,38654280,3633,243840,22,10657
1342,4,0,15,10,38704800,3635,243840,22,10661
1343,5,0,16,9,38729040,3636,243840,22,10666
1344,8,0,13,12,38770440,3636,243840,22,10674
1345,7,0,18,7,38771700,3636,243840,22,10681
1346,5,0,17,8,38786520,3635,243840,22,10686
1347,2,0,16,9,38803260,3635,243840,22,10688
1348,5,0,17,8,38819400,3636,243840,22,10693
1349,6,0,17,8,38837520,3635,243840,22,10699
1350,2,0,15,10,38853000,3635,243840,22,10701
1351,9,0,20,5,38870760,3636,243840,22,10710
1352,11,0,24,1,38890740,3635,243840,22,10721
1353,7,0,18,7,38938680,3635,243840,22,10728
1354,5,0,17,8,38968560,3636,243840,22,10733
1355,10,0,24,1,38983800,3636,243840,22,10743
1356,12,2,25,0,39018600,3637,245400,22,10755
1357,9,0,23,2,39072000,3637,248220,23,10764
1358,12,2,25,0,39104820,3637,248580,23,10776
1359,10,0,24,1,39148260,3637,253620,23,10786
1360,10,0,23,2,39178200,3636,253620,23,10796
1361,11,0,21,4,39231420,3637,254100,23,10807
1362,7,0,20,5,39257940,3637,254100,23,10814
1363,13,0,24,1,39282060,3636,254100,23,10827
1364,12,6,25,0,39302880,3636,259680,23,10839
1365,11,0,20,5,39379080,3636,271920,25,10850
1366,4,0,17,8,39403380,3636,271920,25,10854
1367,4,0,16,9,39422580,3636,271920,25,10858
1368,2,0,15,10,39434160,3636,271920,25,10860
1369,3,0,13,12,39449280,3635,271920,25,10863
1370,4,0,15,10,39451320,3635,271920,25,10867
1371,8,0,18,7,39468780,3635,271920,25,10875
1372,3,0,15,10,39482760,3634,271920,24,10878
1373,10,0,23,2,39495240,3635,271920,24,10888
1374,6,0,20,5,39519900,3634,271920,24,10894
1375,9,0,19,6,39564300,3635,271920,24,10903
1376,8,0,20,5,39585360,3634,271920,24,10911
1377,15,0,24,1,39616440,3633,273180,25,10926
1378,10,0,21,4,39660480,3633,273300,24,10936
1379,5,0,18,7,39675060,3632,273300,24,10941
1380,7,0,19,6,39697140,3632,273300,24,10948
1381,13,2,21,4,39735180,3632,273780,24,10961
1382,5,6,20,5,39745980,3633,275700,25,10966
1383,14,9,25,0,39793740,3635,290940,26,10980
1384,10,2,25,0,39843900,3634,332640,30,10990
1385,14,0,23,2,39896580,3633,350280,31,11004
1386,13,0,23,2,39932220,3632,350340,31,11017
1387,11,0,25,0,39961200,3631,352140,31,11028
1388,6,0,20,5,40015800,3633,352140,31,11034
1389,6,0,21,4,40042800,3633,352140,31,11040
1390,5,0,19,6,40069140,3634,352140,31,11045
1391,7,0,16,9,40113300,3634,352140,31,11052
1392,5,0,18,7,40119120,3634,352140,31,11057
1393,5,0,20,5,40135020,3634,352140,31,11062
1394,8,0,21,4,40161720,3634,352140,31,11070
1395,5,0,21,4,40184580,3635,352140,31,11075
1396,6,0,17,8,40220040,3635,352140,31,11081
1397,9,0,18,7,40241460,3634,352140,31,11090
1398,4,0,14,11,40263480,3633,352140,31,11094
1399,10,0,19,6,40275120,3633,352140,31,11104
1400,7,0,19,6,40293180,3632,352140,31,11111
1401,7,0,24,1,40304640,3633,352140,31,11118
1402,12,5,22,3,40350840,3634,355260,31,11130
1403,12,8,25,0,40391520,3635,375240,33,11142
1404,15,12,25,0,40434480,3636,392160,35,11157
1405,5,8,25,0,40475520,3636,409380,36,11162
1406,8,14,22,3,40501320,3637,410940,36,11170
1407,10,20,20,5,40554240,3640,421500,37,11180
1408,13,29,20,5,40587600,3642,432180,38,11193
1409,15,38,19,6,40614420,3643,439380,39,11208
1410,4,35,23,2,40636320,3644,478920,42,11212
1411,10,34,25,0,40683660,3645,540960,48,11222
1412,6,31,25,0,40726740,3646,630840,56,11228
1413,5,7,25,0,40785660,3642,1087140,96,11233
1414,4,0,18,7,40820880,3639,1226340,109,11237
1415,6,0,19,6,40831500,3639,1226340,109,11243
1416,3,0,17,8,40855320,3639,1226340,109,11246
1417,4,0,16,9,40887780,3640,1226340,109,11250
1418,2,0,16,9,40893360,3640,1226340,109,11252
1419,9,0,19,6,40907940,3640,1226340,108,11261
1420,4,0,18,7,40919040,3639,1226340,108,11265
1421,5,0,19,6,40955220,3641,1226340,108,11270
1422,11,0,18,7,40982220,3639,1226340,108,11281
1423,8,0,21,4,40996500,3639,1226340,108,11289
1424,13,0,24,1,41034960,3639,1226400,108,11302
1425,9,0,22,3,41077140,3639,1226400,108,11311
1426,6,0,18,7,41121000,3640,1226400,108,11317
1427,9,0,20,5,41146800,3640,1226400,108,11326
1428,11,0,23,2,41177400,3640,1226400,108,11337
1429,10,0,20,5,41211420,3639,1226400,108,11347
1430,7,0,20,5,41230200,3639,1226400,108,11354
1431,12,0,21,4,41283360,3640,1226400,107,11366
1432,8,0,17,8,41313480,3638,1226400,107,11374
1433,6,0,17,8,41331660,3638,1226400,107,11380
1434,10,0,18,7,41351040,3637,1226400,107,11390
1435,10,0,19,6,41380620,3637,1226400,107,11400
1436,3,0,15,10,41404620,3637,1226400,107,11403
1437,5,0,17,8,41411940,3636,1226400,107,11408
1438,5,0,17,8,41426880,3636,1226400,107,11413
1439,6,0,19,6,41442480,3636,1226400,107,11419
1440,8,0,20,5,41467440,3636,1226400,107,11427
1441,5,0,16,9,41498640,3636,1226400,107,11432
1442,7,0,17,8,41513220,3635,1226400,107,11439
1443,6,0,16,9,41534280,3635,1226400,107,11445
1444,5,0,16,9,41553120,3635,1226400,107,11450
1445,10,0,20,5,41559660,3634,1226400,107,11460
1446,8,0,20,5,41584860,3633,1226400,106,11468
1447,6,0,18,7,41618100,3634,1226400,106,11474
1448,10,0,24,1,41641020,3634,1226400,106,11484
1449,6,0,23,2,41675820,3635,1227120,106,11490
1450,12,0,22,3,41722860,3635,1227120,106,11502
1451,16,2,25,0,41767800,3636,1227840,106,11518
1452,12,0,23,2,41806080,3634,1230780,106,11530
1453,9,0,25,0,41837340,3634,1232580,106,11539
1454,16,6,24,1,41893080,3636,1238280,107,11555
1455,5,5,25,0,41925900,3637,1254180,108,11560
1456,9,0,23,2,41982660,3637,1277580,110,11569
1457,8,0,19,6,42030300,3637,1277580,110,11577
1458,7,0,16,9,42059100,3637,1277580,110,11584
1459,7,0,20,5,42071160,3637,1277580,110,11591
1460,6,0,20,5,42087840,3636,1277580,110,11597
1461,9,0,20,5,42129600,3637,1277580,110,11606
1462,5,0,17,8,42154500,3637,1277580,110,11611
1463,7,0,19,6,42175020,3637,1277580,110,11618
1464,6,0,19,6,42199680,3637,1277580,109,11624
1465,10,0,21,4,42224040,3637,1277580,109,11634
1466,3,0,18,7,42246300,3637,1277580,109,11637
1467,4,0,15,10,42283500,3638,1277580,109,11641
1468,4,0,17,8,42288540,3638,1277580,109,11645
1469,3,0,16,9,42300180,3637,1277580,109,11648
1470,7,0,20,5,42310440,3637,1277580,109,11655
1471,7,0,22,3,42335640,3638,1277580,109,11662
1472,10,0,22,3,42372420,3638,1277580,109,11672
1473,10,0,20,5,42413700,3638,1277580,109,11682
1474,6,0,16,9,42439680,3637,1277580,109,11688
1475,4,0,17,8,42448260,3637,1277580,109,11692
1476,4,0,17,8,42469500,3637,1277580,109,11696
1477,11,0,22,3,42484500,3637,1277580,109,11707
1478,5,0,20,5,42506160,3636,1277580,109,11712
1479,9,0,19,6,42551460,3637,1277640,109,11721
1480,7,0,20,5,42568680,3637,1277640,108,11728
1481,7,0,22,3,42592560,3637,1277640,108,11735
1482,3,0,15,10,42633120,3637,1277640,108,11738
1483,6,0,17,8,42648240,3637,1277640,108,11744
1484,5,0,18,7,42660540,3637,1277640,108,11749
1485,1,0,12,13,42687120,3637,1277640,108,11750
1486,7,0,17,8,42690600,3637,1277640,108,11757
1487,6,0,15,10,42703080,3636,1277640,108,11763
1488,6,0,19,6,42714180,3636,1277640,108,11769
1489,5,0,13,12,42751860,3636,1277640,108,11774
1490,9,0,22,3,42751860,3636,1277640,108,11783
1491,7,0,21,4,42777960,3636,1277640,108,11790
1492,2,0,17,8,42808500,3636,1277640,108,11792
1493,8,0,17,8,42837300,3636,1277640,108,11800
1494,6,0,20,5,42848220,3636,1277640,108,11806
1495,6,0,21,4,42878280,3637,1277640,108,11812
1496,6,0,21,4,42902400,3637,1277640,108,11818
1497,9,0,20,5,42936840,3637,1277640,108,11827
1498,10,0,21,4,42966960,3637,1277640,107,11837
1499,6,0,19,6,42993660,3637,1277640,107,11843
1500,4,0,17,8,43017540,3637,1277640,107,11847
1501,12,0,19,6,43047660,3637,1277640,107,11859
1502,5,0,17,8,43072020,3636,1277640,107,11864
1503,15,0,22,3,43097040,3635,1277640,107,11879
1504,7,1,21,4,43115520,3635,1277640,107,11886
1505,10,0,25,0,43150980,3636,1283160,107,11896
1506,12,3,21,4,43196760,3636,1287720,108,11908
1507,9,1,23,2,43226760,3635,1293660,108,11917
1508,3,0,20,5,43273080,3637,1297440,108,11920
1509,5,0,22,3,43291920,3638,1297440,108,11925
1510,8,0,20,5,43323060,3637,1297440,108,11933
1511,5,0,16,9,43369500,3638,1297440,108,11938
1512,4,0,17,8,43382160,3639,1297440,108,11942
1513,7,0,18,7,43402260,3638,1297440,108,11949
1514,5,0,18,7,43411080,3638,1297440,108,11954
1515,3,0,16,9,43443360,3639,1297440,108,11957
1516,5,0,19,6,43458480,3640,1297440,108,11962
1517,4,0,16,9,43492020,3640,1297440,108,11966
1518,7,0,17,8,43504380,3639,1297440,108,11973
1519,7,0,17,8,43519320,3639,1297440,108,11980
1520,1,0,17,8,43522920,3639,1297440,108,11981
1521,16,0,21,4,43561200,3638,1297440,108,11997
1522,8,0,19,6,43585680,3637,1297440,108,12005
1523,9,0,22,3,43604580,3637,1297440,108,12014
1524,14,4,25,0,43624380,3636,1299240,108,12028
1525,13,2,25,0,43683240,3637,1311180,108,12041
1526,7,1,25,0,43716840,3637,1324500,109,12048
1527,7,0,18,7,43766700,3637,1325940,110,12055
1528,10,0,24,1,43790580,3637,1326000,109,12065
1529,13,1,25,0,43833780,3638,1327920,109,12078
1530,13,6,25,0,43867200,3638,1334460,110,12091
1531,5,0,22,3,43932000,3639,1355460,112,12096
1532,6,0,18,7,43973040,3640,1355460,112,12102
1533,4,0,20,5,43987620,3640,1355460,112,12106
1534,4,0,16,9,44022660,3641,1355460,111,12110
1535,12,0,20,5,44038080,3640,1355460,111,12122
1536,6,0,20,5,44061300,3640,1355460,111,12128
1537,5,0,20,5,44084220,3640,1355460,111,12133
1538,5,0,18,7,44117760,3641,1355460,111,12138
1539,6,0,16,9,44138940,3640,1355460,111,12144
1540,6,0,18,7,44154540,3640,1355460,111,12150
1541,4,0,16,9,44171820,3640,1355460,111,12154
1542,6,0,16,9,44187960,3639,1355460,111,12160
1543,6,0,16,9,44207700,3639,1355460,111,12166
1544,9,0,19,6,44227440,3639,1355460,111,12175
1545,12,0,23,2,44246220,3638,1355460,111,12187
1546,9,0,22,3,44265180,3637,1355460,111,12196
1547,9,0,22,3,44309340,3638,1355460,111,12205
1548,10,0,17,8,44355900,3637,1355460,111,12215
1549,14,0,24,1,44368980,3636,1355460,110,12229
1550,6,0,20,5,44405400,3636,1355460,110,12235
1551,6,0,17,8,44437140,3636,1355460,110,12241
1552,10,0,20,5,44454960,3635,1355460,110,12251
1553,8,0,22,3,44486220,3636,1355460,110,12259
1554,7,0,19,6,44517360,3636,1355460,110,12266
1555,4,0,18,7,44539740,3636,1355460,110,12270
1556,7,0,20,5,44564340,3637,1355460,110,12277
1557,11,0,24,1,44599980,3637,1355460,110,12288
1558,6,0,22,3,44622840,3637,1355460,110,12294
1559,3,0,17,8,44653800,3637,1355460,110,12297
1560,3,0,14,11,44687400,3638,1355460,110,12300
1561,3,0,13,12,44699460,3638,1355460,110,12303
1562,3,0,15,10,44700420,3638,1355460,110,12306
1563,4,0,17,8,44704500,3637,1355460,110,12310
1564,12,0,23,2,44728740,3637,1355460,110,12322
1565,10,5,21,4,44751600,3637,1358280,110,12332
1566,11,8,25,0,44775000,3638,1372020,111,12343
1567,9,0,21,4,44830380,3636,1399500,113,12352
1568,13,0,25,0,44865960,3636,1399500,113,12365
1569,3,0,20,5,44894700,3636,1399500,113,12368
1570,13,0,19,6,44940840,3636,1399500,113,12381
1571,14,0,20,5,44970300,3635,1399500,112,12395
1572,5,0,19,6,44984580,3634,1399500,112,12400
1573,5,0,18,7,45015300,3635,1399500,112,12405
1574,12,0,22,3,45037680,3634,1399500,112,12417
1575,9,0,20,5,45071280,3634,1399500,112,12426
1576,16,1,25,0,45097500,3633,1401540,112,12442
1577,5,0,20,5,45136560,3633,1402440,112,12447
1578,5,0,19,6,45170460,3634,1402440,112,12452
1579,7,0,19,6,45212400,3635,1402440,112,12459
1580,3,0,15,10,45236640,3635,1402440,112,12462
1581,7,0,17,8,45251100,3635,1402440,112,12469
1582,7,0,18,7,45265080,3634,1402440,112,12476
1583,2,0,18,7,45274260,3634,1402440,112,12478
1584,6,0,18,7,45302280,3635,1402440,112,12484
1585,8,0,19,6,45320880,3634,1402440,112,12492
1586,7,0,18,7,45341580,3634,1402440,112,12499
1587,5,0,17,8,45369180,3634,1402440,112,12504
1588,12,0,19,6,45394320,3633,1402440,112,12516
1589,10,0,21,4,45415440,3632,1402440,111,12526
1590,3,0,19,6,45439080,3633,1402440,111,12529
1591,11,0,22,3,45470940,3633,1402440,111,12540
1592,4,0,20,5,45500220,3634,1402440,111,12544
1593,9,0,22,3,45520680,3633,1402440,111,12553
1594,6,0,20,5,45570300,3635,1402440,111,12559
1595,14,0,25,0,45594600,3634,1402440,111,12573
1596,12,1,25,0,45635760,3634,1407600,111,12585
1597,6,0,22,3,45673260,3634,1409700,111,12591
1598,8,0,19,6,45723480,3635,1409700,111,12599
1599,17,4,25,0,45745320,3635,1411380,111,12616
1600,5,0,24,1,45787860,3635,1422120,112,12621
1601,7,0,18,7,45841080,3636,1422120,112,12628
1602,9,0,22,3,45854460,3636,1422120,112,12637
1603,5,0,17,8,45898260,3636,1422120,112,12642
1604,10,0,18,7,45924420,3636,1422120,112,12652
1605,10,0,21,4,45947940,3635,1422120,112,12662
1606,7,0,24,1,45961140,3635,1422120,112,12669
1607,3,0,18,7,46011780,3637,1422480,112,12672
1608,5,0,20,5,46037880,3638,1422480,112,12677
1609,7,0,24,1,46056300,3639,1422480,112,12684
1610,3,0,17,8,46114860,3640,1422480,112,12687
1611,6,0,20,5,46122900,3640,1422480,112,12693
1612,5,0,15,10,46162440,3640,1422480,112,12698
1613,5,0,15,10,46174260,3640,1422480,112,12703
1614,6,0,19,6,46178580,3640,1422480,111,12709
1615,7,0,20,5,46193580,3639,1422480,111,12716
1616,13,2,25,0,46220340,3639,1423320,111,12729
1617,8,4,25,0,46254240,3640,1428420,112,12737
1618,10,0,24,1,46318560,3641,1458240,114,12747
1619,12,1,25,0,46350780,3641,1458240,114,12759
1620,12,0,24,1,46397940,3641,1459080,114,12771
1621,10,0,22,3,46447740,3641,1460220,114,12781
1622,12,0,23,2,46485480,3641,1460520,114,12793
1623,8,0,24,1,46508520,3641,1460520,114,12801
1624,9,0,18,7,46558800,3640,1460580,114,12810
1625,13,0,20,5,46590540,3640,1460580,113,12823
1626,7,0,19,6,46628160,3640,1460580,113,12830
1627,4,0,14,11,46658220,3640,1460580,113,12834
1628,2,0,15,10,46663380,3640,1460580,113,12836
1629,8,0,20,5,46670760,3640,1460580,113,12844
1630,8,0,19,6,46699020,3640,1460580,113,12852
1631,9,0,19,6,46723800,3639,1460580,113,12861
1632,7,0,20,5,46755960,3640,1460580,113,12868
1633,3,0,18,7,46776600,3640,1460580,113,12871
1634,5,0,16,9,46806240,3640,1460580,113,12876
1635,7,0,18,7,46826280,3640,1460580,113,12883
1636,3,0,15,10,46842060,3640,1460580,113,12886
1637,6,0,16,9,46866900,3640,1460580,113,12892
1638,6,0,17,8,46881900,3640,1460580,113,12898
1639,9,0,17,8,46899000,3639,1460580,113,12907
1640,8,0,20,5,46907820,3638,1460580,113,12915
1641,15,0,25,0,46940100,3638,1462260,113,12930
1642,8,0,20,5,46987380,3638,1462560,113,12938
1643,7,0,18,7,47019000,3638,1462560,113,12945
1644,15,1,25,0,47031060,3637,1462680,112,12960
1645,3,0,17,8,47077860,3637,1462920,112,12963
1646,9,0,21,4,47095440,3637,1462920,112,12972
1647,13,1,25,0,47128980,3637,1463400,112,12985
1648,11,1,25,0,47163960,3637,1465020,112,12996
1649,15,8,25,0,47216580,3639,1468320,112,13011
1650,6,3,25,0,47269800,3640,1492320,114,13017
1651,10,0,21,4,47323020,3639,1506480,115,13027
1652,5,0,21,4,47346660,3640,1506480,115,13032
1653,8,0,21,4,47371020,3639,1506480,115,13040
1654,4,0,16,9,47417220,3640,1506480,115,13044
1655,11,0,20,5,47432820,3639,1506480,115,13055
1656,4,0,20,5,47451840,3640,1506480,115,13059
1657,3,0,18,7,47476320,3640,1506480,115,13062
1658,4,0,17,8,47509800,3641,1506480,115,13066
1659,5,0,14,11,47543340,3642,1506480,115,13071
1660,10,0,19,6,47552460,3641,1506480,115,13081
1661,13,0,23,2,47581140,3641,1507440,115,13094
1662,4,0,19,6,47605920,3640,1507440,115,13098
1663,7,0,18,7,47652480,3642,1507440,115,13105
1664,5,0,15,10,47669760,3641,1507440,115,13110
1665,11,0,22,3,47684040,3641,1507440,114,13121
1666,12,3,25,0,47702340,3641,1508400,114,13133
1667,5,0,19,6,47751720,3641,1510680,115,13138
1668,8,0,19,6,47784120,3641,1510680,114,13146
1669,10,0,23,2,47804760,3641,1510680,114,13156
1670,5,0,18,7,47834340,3640,1510680,114,13161
1671,11,0,25,0,47858520,3641,1510680,114,13172
1672,9,0,23,2,47901360,3641,1510680,114,13181
1673,11,0,24,1,47943780,3642,1510680,114,13192
1674,9,0,22,3,47980260,3641,1511760,114,13201
1675,7,0,20,5,48022320,3642,1511760,114,13208
1676,13,0,22,3,48060780,3642,1512180,114,13221
1677,6,0,17,8,48105600,3642,1512180,114,13227
1678,3,0,17,8,48111840,3642,1512180,114,13230
1679,9,0,19,6,48141300,3642,1512180,114,13239
1680,7,0,18,7,48168840,3642,1512180,114,13246
1681,5,0,17,8,48190620,3642,1512180,114,13251
1682,7,0,20,5,48199020,3642,1512180,114,13258
1683,6,0,19,6,48239280,3643,1512180,114,13264
1684,7,0,19,6,48266280,3643,1512180,113,13271
1685,8,0,19,6,48296520,3643,1512180,113,13279
1686,14,2,25,0,48314400,3643,1512360,113,13293
1687,5,0,17,8,48373020,3643,1513500,113,13298
1688,7,0,19,6,48394320,3643,1513500,113,13305
1689,7,0,19,6,48412980,3643,1513500,113,13312
1690,9,0,20,5,48441360,3643,1513500,113,13321
1691,11,2,25,0,48453180,3642,1513620,113,13332
1692,12,6,25,0,48506280,3644,1520640,113,13344
1693,6,0,25,0,48562860,3645,1547040,115,13350
1694,15,0,25,0,48608040,3644,1547220,115,13365
1695,14,7,23,2,48645000,3645,1550100,115,13379
1696,9,5,25,0,48684360,3645,1562340,116,13388
1697,8,0,25,0,48725580,3645,1586520,118,13396
1698,15,0,23,2,48781980,3644,1586520,118,13411
1699,10,2,25,0,48806940,3645,1586520,118,13421
1700,5,0,18,7,48854220,3644,1586580,118,13426
1701,10,0,21,4,48883140,3645,1586580,118,13436
1702,4,0,18,7,48907560,3644,1586580,118,13440
1703,4,0,15,10,48933360,3644,1586580,118,13444
1704,2,0,15,10,48936960,3644,1586580,118,13446
1705,4,0,15,10,48958080,3645,1586580,117,13450
1706,6,0,18,7,48970680,3645,1586580,117,13456
1707,2,0,18,7,48977460,3645,1586580,117,13458
1708,6,0,18,7,49004280,3645,1586580,117,13464
1709,5,0,19,6,49020240,3645,1586580,117,13469
1710,3,0,16,9,49050240,3646,1586580,117,13472
1711,11,0,24,1,49063860,3646,1586580,117,13483
1712,9,0,24,1,49082160,3645,1587480,117,13492
1713,13,0,25,0,49131240,3645,1590840,117,13505
1714,10,0,22,3,49183560,3646,1591380,117,13515
1715,15,5,25,0,49209300,3646,1593060,117,13530
1716,14,1,25,0,49271580,3645,1606620,118,13544
1717,11,1,25,0,49313940,3646,1611720,118,13555
1718,10,5,24,1,49344120,3646,1615740,119,13565
1719,6,0,22,3,49393320,3646,1625460,119,13571
1720,8,0,20,5,49440660,3647,1625460,119,13579
1721,7,0,23,2,49459200,3647,1625460,119,13586
1722,6,0,19,6,49500600,3648,1625460,119,13592
1723,14,3,25,0,49519860,3648,1625460,119,13606
1724,5,0,21,4,49558320,3647,1629780,119,13611
1725,4,0,16,9,49597500,3648,1629780,119,13615
1726,5,0,14,11,49620660,3648,1629780,119,13620
1727,8,0,18,7,49627080,3647,1629780,119,13628
1728,6,0,18,7,49643820,3647,1629780,119,13634
1729,4,0,14,11,49672980,3647,1629780,119,13638
1730,2,0,13,12,49686420,3647,1629780,119,13640
1731,5,0,17,8,49688400,3647,1629780,119,13645
1732,8,0,19,6,49705980,3646,1629780,119,13653
1733,7,0,20,5,49722240,3646,1629780,119,13660
1734,6,0,19,6,49736580,3645,1629780,119,13666
1735,10,0,21,4,49772220,3646,1629780,119,13676
1736,9,0,24,1,49797240,3646,1629780,119,13685
1737,12,0,22,3,49841400,3645,1629780,119,13697
1738,10,0,22,3,49879680,3645,1629960,118,13707
1739,13,0,24,1,49925160,3646,1630920,118,13720
1740,8,0,25,0,49951440,3646,1631340,118,13728
1741,11,0,21,4,50002140,3646,1634400,118,13739
1742,8,0,18,7,50040000,3645,1634400,118,13747
1743,15,1,25,0,50061420,3645,1636260,118,13762
1744,21,16,23,2,50100300,3646,1639980,119,13783
1745,7,14,25,0,50147040,3647,1660680,120,13790
1746,13,15,25,0,50204340,3648,1685820,122,13803
1747,4,10,25,0,50242800,3649,1728960,125,13807
1748,6,0,21,4,50287020,3647,1830540,132,13813
1749,9,0,20,5,50334000,3647,1830540,132,13822
1750,12,0,20,5,50359260,3646,1830540,132,13834
1751,5,0,17,8,50385660,3646,1830540,132,13839
1752,2,0,17,8,50394060,3646,1830540,132,13841
1753,10,0,19,6,50431020,3647,1830540,132,13851
1754,4,0,16,9,50453460,3646,1830540,132,13855
1755,11,0,23,2,50461800,3646,1830540,132,13866
1756,4,0,18,7,50497080,3646,1830540,132,13870
1757,2,0,16,9,50515680,3646,1830540,131,13872
1758,14,0,23,2,50538000,3646,1830540,131,13886
1759,13,3,25,0,50569920,3646,1833600,131,13899
1760,14,8,25,0,50619360,3647,1837860,132,13913
1761,5,0,18,7,50680080,3647,1880760,135,13918
1762,11,0,18,7,50711880,3646,1880760,135,13929
1763,14,0,24,1,50730360,3645,1880760,134,13943
1764,5,0,22,3,50763120,3646,1880760,134,13948
1765,12,0,24,1,50799660,3646,1880820,134,13960
1766,13,3,25,0,50840460,3646,1884660,134,13973
1767,20,13,25,0,50889480,3647,1891320,135,13993
1768,14,17,25,0,50934180,3648,1897800,135,14007
1769,14,21,25,0,50984520,3649,1918680,136,14021
1770,3,9,25,0,51030360,3648,1997460,142,14024
1771,9,0,22,3,51073980,3646,2096580,149,14033
1772,2,0,15,10,51101100,3645,2096580,149,14035
1773,7,0,16,9,51119460,3645,2096580,149,14042
1774,10,0,20,5,51127500,3644,2096580,149,14052
1775,6,0,18,7,51154800,3644,2096580,149,14058
1776,4,0,14,11,51186120,3644,2096580,149,14062
1777,4,0,13,12,51191760,3643,2096580,149,14066
1778,7,0,15,10,51203520,3643,2096580,149,14073
1779,4,0,17,8,51208020,3643,2096580,148,14077
1780,7,0,20,5,51223800,3643,2096580,148,14084
1781,3,0,16,9,51254460,3643,2096580,148,14087
1782,7,0,19,6,51259080,3642,2096580,148,14094
1783,4,0,15,10,51293520,3643,2096580,148,14098
1784,12,0,23,2,51305040,3643,2096580,148,14110
1785,7,0,19,6,51335040,3642,2096700,148,14117
1786,9,0,21,4,51362100,3642,2096700,148,14126
1787,12,2,25,0,51394680,3643,2099820,148,14138
1788,9,0,20,5,51444480,3642,2105880,148,14147
1789,16,0,25,0,51475620,3641,2105880,148,14163
1790,10,1,25,0,51504180,3641,2106900,148,14173
1791,8,0,25,0,51544020,3642,2108760,148,14181
1792,10,0,23,2,51592380,3642,2108820,148,14191
1793,6,0,18,7,51644040,3643,2108820,148,14197
1794,11,0,21,4,51667440,3642,2108820,148,14208
1795,7,0,22,3,51691440,3643,2108820,148,14215
1796,10,0,22,3,51716580,3642,2108820,148,14225
1797,8,0,21,4,51761460,3643,2108820,148,14233
1798,9,0,18,7,51798060,3642,2108820,148,14242
1799,5,0,13,12,51830640,3642,2108820,148,14247
1800,4,0,15,10,51837840,3642,2108820,148,14251
1801,8,0,16,9,51853500,3641,2108820,147,14259
1802,9,0,19,6,51867420,3641,2108820,147,14268
1803,5,0,15,10,51889740,3640,2108820,147,14273
1804,8,0,17,8,51905640,3639,2108820,147,14281
1805,8,0,19,6,51912060,3638,2108820,147,14289
1806,6,0,20,5,51928440,3638,2108820,147,14295
1807,8,0,21,4,51963300,3639,2108820,147,14303
1808,7,0,21,4,51998700,3640,2108820,147,14310
1809,10,0,20,5,52036320,3639,2108820,147,14320
1810,7,0,21,4,52054800,3639,2108820,147,14327
1811,7,0,17,8,52089900,3639,2108820,147,14334
1812,12,0,22,3,52113360,3639,2108820,147,14346
1813,9,0,22,3,52144500,3639,2108820,146,14355
1814,9,0,20,5,52186440,3639,2108820,146,14364
1815,12,0,22,3,52215240,3638,2108820,146,14376
1816,5,0,16,9,52251000,3638,2108820,146,14381
1817,8,0,22,3,52260000,3638,2108820,146,14389
1818,8,0,24,1,52292400,3639,2108820,146,14397
1819,10,0,23,2,52330440,3639,2108820,146,14407
1820,9,0,23,2,52368900,3639,2108820,146,14416
1821,7,0,21,4,52398960,3639,2108820,146,14423
1822,7,0,18,7,52447500,3640,2108820,146,14430
1823,6,0,17,8,52472040,3640,2108820,146,14436
1824,5,0,17,8,52487640,3639,2108820,146,14441
1825,5,0,16,9,52506540,3639,2108820,146,14446
1826,10,0,18,7,52525080,3638,2108820,145,14456
1827,3,0,16,9,52543020,3638,2108820,145,14459
1828,7,0,20,5,52554540,3639,2108820,145,14466
1829,3,0,16,9,52584060,3639,2108820,145,14469
1830,10,0,21,4,52617120,3640,2108820,145,14479
1831,4,0,18,7,52636500,3639,2108820,145,14483
1832,5,0,18,7,52648980,3639,2108820,145,14488
1833,19,5,25,0,52685940,3640,2109660,145,14507
1834,6,9,22,3,52706040,3640,2111880,145,14513
1835,11,0,22,3,52776660,3640,2146440,147,14524
1836,5,0,15,10,52818600,3640,2146440,147,14529
1837,7,0,15,10,52834020,3639,2146440,147,14536
1838,4,0,16,9,52849500,3639,2146440,147,14540
1839,8,0,20,5,52860540,3639,2146440,147,14548
1840,11,0,22,3,52882260,3638,2146440,147,14559
1841,6,0,19,6,52909140,3638,2146440,147,14565
1842,3,0,18,7,52927200,3638,2146440,147,14568
1843,9,0,20,5,52947900,3638,2146440,147,14577
1844,5,0,18,7,52981800,3638,2146440,147,14582
1845,10,0,23,2,53000100,3638,2146440,147,14592
1846,9,0,23,2,53035440,3639,2148060,147,14601
1847,6,0,21,4,53067720,3639,2148060,147,14607
1848,3,0,16,9,53109240,3640,2148060,147,14610
1849,5,0,18,7,53117640,3639,2148060,147,14615
1850,10,0,22,3,53137860,3639,2148060,146,14625
1851,8,0,23,2,53163420,3639,2148060,146,14633
1852,5,0,21,4,53197440,3640,2148420,146,14638
1853,8,0,20,5,53236020,3640,2148420,146,14646
1854,5,0,16,9,53263320,3640,2148420,146,14651
1855,7,0,17,8,53274600,3639,2148420,146,14658
1856,5,0,17,8,53288640,3639,2148420,146,14663
1857,13,0,21,4,53309700,3638,2148420,146,14676
1858,12,2,25,0,53326200,3638,2149020,146,14688
1859,17,9,25,0,53368320,3638,2152620,146,14705
1860,14,14,25,0,53420460,3639,2158560,146,14719
1861,6,18,20,5,53451540,3640,2162640,146,14725
1862,10,16,25,0,53503440,3642,2208300,149,14735
1863,15,19,25,0,53546040,3642,2253600,152,14750
1864,11,16,25,0,53603820,3642,2286420,154,14761
1865,10,5,25,0,53654040,3640,2449800,165,14771
1866,9,2,25,0,53686140,3639,2488140,168,14780
1867,6,0,23,2,53730840,3640,2497080,168,14786
1868,7,0,16,9,53780040,3640,2497080,168,14793
1869,11,0,18,7,53796660,3639,2497080,168,14804
1870,5,0,19,6,53803860,3638,2497080,168,14809
1871,4,0,16,9,53836620,3639,2497080,168,14813
1872,3,0,13,12,53855700,3639,2497080,168,14816
1873,7,0,16,9,53861400,3638,2497080,168,14823
1874,6,0,19,6,53869140,3638,2497080,168,14829
1875,5,0,18,7,53889420,3638,2497080,168,14834
1876,5,0,18,7,53914440,3638,2497080,168,14839
1877,5,0,18,7,53928840,3638,2497080,168,14844
1878,11,0,20,5,53946240,3637,2497080,168,14855
1879,10,0,21,4,53986680,3637,2497080,168,14865
1880,6,0,18,7,54014520,3637,2497080,167,14871
1881,15,0,21,4,54048120,3636,2497080,167,14886
1882,6,0,18,7,54071940,3636,2497080,167,14892
1883,10,0,20,5,54087420,3635,2497080,167,14902
1884,8,0,19,6,54127560,3635,2497080,167,14910
1885,10,0,24,1,54149400,3636,2497080,167,14920
1886,10,0,24,1,54180300,3635,2497080,167,14930
1887,15,0,23,2,54231120,3635,2497080,167,14945
1888,10,3,25,0,54253740,3635,2499720,167,14955
1889,8,0,21,4,54319860,3636,2502300,167,14963
1890,8,0,20,5,54343200,3635,2502300,167,14971
1891,6,0,18,7,54372780,3635,2502300,167,14977
1892,11,0,24,1,54396180,3636,2502300,166,14988
1893,7,0,23,2,54417660,3635,2502300,166,14995
1894,8,0,18,7,54474720,3636,2502300,166,15003
1895,5,0,19,6,54488160,3636,2502300,166,15008
1896,7,0,19,6,54510000,3635,2502300,166,15015
1897,8,0,19,6,54542640,3636,2502300,166,15023
1898,4,0,16,9,54567720,3636,2502300,166,15027
1899,5,0,20,5,54576060,3636,2502300,166,15032
1900,6,0,20,5,54603060,3636,2502300,166,15038
1901,6,0,17,8,54636060,3636,2502300,166,15044
1902,7,0,16,9,54658560,3636,2502300,166,15051
1903,6,0,18,7,54673560,3636,2502300,166,15057
1904,3,0,16,9,54695280,3636,2502300,166,15060
1905,5,0,17,8,54707460,3636,2502300,166,15065
1906,10,0,23,2,54723120,3636,2502300,166,15075
1907,12,5,20,5,54754440,3636,2504220,166,15087
1908,10,11,20,5,54786120,3637,2510880,166,15097
1909,10,14,23,2,54821040,3638,2529180,167,15107
1910,3,12,25,0,54838920,3639,2555700,169,15110
1911,8,0,18,7,54924540,3638,2659740,175,15118
1912,9,0,18,7,54951780,3637,2659740,175,15127
1913,8,0,17,8,54976620,3637,2659740,175,15135
1914,9,0,19,6,54996240,3637,2659740,175,15144
1915,5,0,21,4,55010580,3637,2659740,175,15149
1916,6,0,15,10,55060920,3637,2659740,175,15155
1917,8,0,15,10,55076760,3636,2659740,175,15163
1918,9,0,19,6,55089300,3636,2659740,175,15172
1919,4,0,18,7,55105200,3636,2659740,175,15176
1920,6,0,17,8,55133880,3636,2659740,175,15182
1921,5,0,19,6,55146000,3636,2659740,175,15187
1922,6,0,19,6,55167000,3636,2659740,175,15193
1923,6,0,18,7,55199760,3637,2659740,175,15199
1924,6,0,20,5,55217820,3637,2659740,174,15205
1925,4,0,17,8,55243620,3637,2659740,174,15209
1926,8,0,19,6,55262880,3637,2659740,174,15217
1927,10,0,21,4,55279560,3636,2659740,174,15227
1928,11,1,24,1,55302480,3636,2659740,174,15238
1929,11,7,24,1,55328400,3636,2663940,174,15249
1930,11,6,25,0,55389900,3638,2674380,175,15260
1931,5,1,25,0,55438140,3638,2725200,178,15265
1932,15,4,25,0,55480380,3638,2727120,178,15280
1933,18,8,25,0,55526640,3638,2735880,178,15298
1934,9,13,25,0,55549260,3638,2742300,179,15307
1935,7,4,25,0,55629480,3640,2797080,182,15314
1936,2,0,14,11,55676820,3639,2822100,184,15316
1937,10,0,19,6,55685760,3638,2822100,184,15326
1938,12,0,25,0,55702680,3638,2822100,184,15338
1939,4,0,18,7,55745760,3638,2822220,184,15342
1940,8,0,19,6,55775880,3639,2822220,183,15350
1941,4,0,18,7,55795920,3639,2822220,183,15354
1942,3,0,16,9,55817100,3639,2822220,183,15357
1943,7,0,15,10,55840380,3638,2822220,183,15364
1944,3,0,16,9,55849800,3639,2822220,183,15367
1945,5,0,17,8,55863480,3639,2822220,183,15372
1946,9,0,19,6,55882260,3638,2822220,183,15381
1947,4,0,18,7,55902180,3638,2822220,183,15385
1948,10,0,19,6,55936020,3638,2822220,183,15395
1949,8,0,23,2,55948260,3638,2822220,183,15403
1950,12,0,18,7,55996320,3637,2822280,183,15415
1951,9,0,20,5,56025540,3638,2822280,183,15424
1952,14,0,24,1,56049060,3637,2822280,182,15438
1953,9,0,23,2,56086320,3637,2822400,182,15447
1954,9,2,21,4,56122980,3637,2825460,182,15456
1955,1,0,16,9,56166480,3638,2830500,183,15457
1956,8,0,19,6,56181300,3638,2830500,183,15465
1957,5,0,16,9,56196960,3637,2830500,183,15470
1958,11,0,22,3,56225700,3638,2830500,182,15481
1959,17,0,24,1,56254680,3636,2830500,182,15498
1960,10,0,24,1,56285280,3636,2830500,182,15508
1961,4,0,17,8,56315340,3635,2830500,182,15512
1962,7,0,19,6,56334300,3635,2830500,182,15519
1963,13,1,25,0,56348160,3634,2832660,182,15532
1964,14,2,25,0,56396040,3634,2838180,182,15546
1965,5,0,23,2,56436060,3635,2843100,182,15551
1966,4,0,20,5,56464260,3635,2843100,182,15555
1967,5,0,16,9,56516940,3636,2843100,182,15560
1968,4,0,15,10,56532360,3636,2843100,182,15564
1969,7,0,17,8,56541480,3636,2843100,182,15571
1970,8,0,17,8,56567400,3635,2843100,182,15579
1971,4,0,17,8,56574000,3635,2843100,182,15583
1972,5,0,15,10,56602380,3635,2843100,182,15588
1973,4,0,14,11,56614440,3635,2843100,182,15592
1974,12,0,22,3,56624400,3634,2843100,182,15604
1975,7,0,21,4,56645820,3634,2843100,182,15611
1976,6,0,20,5,56670000,3634,2843100,182,15617
1977,13,0,24,1,56707860,3634,2843100,181,15630
1978,10,0,24,1,56754060,3635,2843580,181,15640
1979,9,0,25,0,56794260,3635,2843580,181,15649
1980,17,7,25,0,56824980,3635,2843880,181,15666
1981,14,5,25,0,56878320,3635,2854320,182,15680
1982,8,8,21,4,56911260,3635,2858100,182,15688
1983,14,9,25,0,56973360,3637,2870640,182,15702
1984,8,8,25,0,57005640,3637,2883060,183,15710
1985,7,0,25,0,57055680,3636,2977860,189,15717
1986,9,0,24,1,57106140,3637,2978040,189,15726
1987,7,0,20,5,57153360,3638,2978040,189,15733
1988,8,0,23,2,57171120,3638,2978040,189,15741
1989,4,0,20,5,57207420,3638,2978040,189,15745
1990,3,0,14,11,57255000,3639,2978040,189,15748
1991,5,0,15,10,57267360,3639,2978040,189,15753
1992,5,0,16,9,57274680,3639,2978040,189,15758
1993,10,0,19,6,57294960,3638,2978040,188,15768
1994,7,0,20,5,57309240,3638,2978040,188,15775
1995,6,0,18,7,57352980,3639,2978040,188,15781
1996,7,0,19,6,57370920,3639,2978040,188,15788
1997,9,0,18,7,57401160,3638,2978040,188,15797
1998,6,0,16,9,57420780,3638,2978040,188,15803
1999,10,0,18,7,57443280,3637,2978040,188,15813
2000,3,0,17,8,57455280,3637,2978040,188,15816
2001,10,0,19,6,57484680,3637,2978040,188,15826
2002,10,0,22,3,57499740,3636,2978040,188,15836
2003,7,0,20,5,57530040,3636,2978040,188,15843
2004,7,0,21,4,57557880,3637,2978040,187,15850
2005,9,0,18,7,57604560,3637,2978040,187,15859
2006,9,0,17,8,57630780,3636,2978040,187,15868
2007,12,0,22,3,57639900,3635,2978040,187,15880
2008,13,0,25,0,57667080,3635,2979360,187,15893
2009,13,1,25,0,57710220,3635,2982780,187,15906
2010,6,0,22,3,57757500,3635,2983200,187,15912
2011,7,0,20,5,57792360,3635,2983200,187,15919
2012,8,0,20,5,57816780,3635,2983200,187,15927
2013,12,0,25,0,57853080,3636,2984940,187,15939
2014,7,0,21,4,57881340,3635,2984940,187,15946
2015,4,0,14,11,57931620,3636,2984940,187,15950
2016,8,0,20,5,57937620,3636,2984940,187,15958
2017,2,0,20,5,57939360,3635,2984940,187,15960
2018,1,0,21,4,57939360,3635,2984940,187,15961
2019,7,0,24,1,57944220,3635,2984940,186,15968
2020,2,0,24,1,57952440,3635,2984940,186,15970
2021,7,2,25,0,57965280,3635,2985180,186,15977
2022,6,4,25,0,57988560,3635,2987400,186,15983
2023,6,4,25,0,58015500,3635,2993040,187,15989
2024,9,10,25,0,58027200,3636,2994840,187,15998
2025,4,10,25,0,58053840,3636,3003180,187,16002
2026,14,22,25,0,58071780,3637,3008100,187,16016
2027,9,27,25,0,58093500,3637,3020160,188,16025
2028,10,33,25,0,58119600,3638,3037440,189,16035
2029,8,38,25,0,58138380,3639,3049560,190,16043
2030,12,40,25,0,58162020,3639,3059460,190,16055
2031,11,40,25,0,58178940,3640,3094680,192,16066
2032,8,38,25,0,58216140,3641,3155460,196,16074
2033,11,40,25,0,58228140,3640,3160500,196,16085
2034,14,40,25,0,58247280,3640,3206100,199,16099
2035,7,40,25,0,58267740,3641,3268920,203,16106
2036,8,40,25,0,58291980,3641,3275940,203,16114
2037,9,38,25,0,58321680,3641,3354480,208,16123
2038,11,40,25,0,58341900,3641,3401760,211,16134
2039,9,39,25,0,58359720,3641,3452400,214,16143
2040,9,40,25,0,58381920,3641,3462360,215,16152
2041,7,38,25,0,58406760,3642,3481140,216,16159
2042,8,39,25,0,58421460,3642,3488340,216,16167
2043,4,35,25,0,58453680,3642,3603120,223,16171
2044,9,40,25,0,58465800,3642,3658440,227,16180
2045,5,39,25,0,58482660,3642,3662940,227,16185
2046,10,40,25,0,58503540,3642,3732660,231,16195
2047,6,39,25,0,58527060,3643,3748800,232,16201
2048,9,40,25,0,58549080,3643,3868380,239,16210
2049,5,35,25,0,58575720,3642,4093260,253,16215
2050,3,29,25,0,58599240,3642,4408800,273,16218
2051,11,32,25,0,58617060,3641,4614300,285,16229
2052,4,29,25,0,58646940,3641,4808460,297,16233
2053,13,29,25,0,58662180,3639,5309760,328,16246
2054,12,38,25,0,58678380,3640,5317260,328,16258
2055,13,40,25,0,58700880,3641,5326920,329,16271
2056,8,40,25,0,58707600,3641,5329680,329,16279
2057,12,40,25,0,58755900,3642,5374440,331,16291
2058,6,39,25,0,58774800,3642,5407980,333,16297
2059,12,38,25,0,58799880,3641,5454720,336,16309
2060,1,28,25,0,58816320,3640,6094860,375,16310
2061,11,28,25,0,58831560,3638,6626040,408,16321
2062,4,27,25,0,58854660,3639,6636840,409,16325
2063,4,22,25,0,58881300,3638,6727560,414,16329
2064,7,20,25,0,58900200,3637,6960900,428,16336
2065,3,19,25,0,58917720,3638,7075620,435,16339
2066,6,14,25,0,58950420,3637,7278180,448,16345
2067,3,5,25,0,58964040,3635,7724220,475,16348
2068,6,6,25,0,58984680,3635,7784460,478,16354
2069,6,6,25,0,59007720,3635,7931760,487,16360
2070,3,3,25,0,59026500,3635,8135700,500,16363
2071,10,7,25,0,59046360,3635,8144280,500,16373
2072,7,9,25,0,59069100,3635,8149440,500,16380
2073,10,15,25,0,59085660,3636,8157960,500,16390
2074,6,19,25,0,59099220,3636,8160240,500,16396
2075,9,24,25,0,59126100,3637,8168880,501,16405
2076,10,30,25,0,59154180,3638,8188140,501,16415
2077,10,36,25,0,59181300,3638,8195520,502,16425
2078,12,40,25,0,59199840,3639,8206260,502,16437
2079,11,40,25,0,59215800,3639,8228280,503,16448
2080,12,39,25,0,59250240,3640,8302740,508,16460
2081,9,38,25,0,59268960,3639,8415180,514,16469
2082,8,39,25,0,59291640,3639,8438640,515,16477
2083,7,36,25,0,59313720,3638,8531160,521,16484
2084,10,40,25,0,59326680,3638,8554200,522,16494
2085,11,40,25,0,59350680,3638,8562240,522,16505
2086,3,34,25,0,59379360,3638,8727780,532,16508
2087,2,20,25,0,59409540,3636,9373920,572,16510
2088,4,5,25,0,59428320,3633,9875340,602,16514
2089,5,0,22,3,59444760,3631,10042860,612,16519
2090,4,0,23,2,59452200,3631,10042860,612,16523
2091,6,0,25,0,59461920,3631,10042860,612,16529
2092,7,4,25,0,59475960,3631,10045320,612,16536
2093,6,5,25,0,59494140,3631,10050000,612,16542
2094,6,6,25,0,59516640,3631,10061040,612,16548
2095,14,17,24,1,59537940,3632,10065420,612,16562
2096,9,26,24,1,59537940,3632,10065420,612,16571
2097,10,30,25,0,59582760,3633,10095300,613,16581
2098,5,31,25,0,59603760,3634,10112760,614,16586
2099,10,37,25,0,59625060,3634,10144320,616,16596
2100,11,39,25,0,59649000,3634,10153800,616,16607
2101,5,37,25,0,59668740,3635,10226280,620,16612
2102,17,39,25,0,59685480,3635,10230420,620,16629
2103,9,39,25,0,59713620,3635,10311480,625,16638
2104,11,38,25,0,59740440,3636,10345140,627,16649
2105,10,40,25,0,59752860,3636,10346640,627,16659
2106,8,39,25,0,59775660,3636,10373520,628,16667
2107,11,40,25,0,59794800,3636,10440300,632,16678
2108,6,39,25,0,59815260,3637,10528800,637,16684
2109,6,40,25,0,59842320,3637,10584960,640,16690
2110,8,39,25,0,59867220,3637,10695480,647,16698
2111,6,34,25,0,59895780,3637,10922760,660,16704
2112,8,34,25,0,59906820,3636,11093100,670,16712
2113,6,36,25,0,59930520,3636,11103720,671,16718
2114,6,36,25,0,59958540,3637,11120160,672,16724
2115,4,36,25,0,59970300,3636,11134080,672,16728
2116,8,37,25,0,59997840,3637,11141940,672,16736
2117,8,38,25,0,60012360,3637,11147160,673,16744
2118,6,40,25,0,60033120,3637,11156940,673,16750
2119,8,36,25,0,60054840,3637,11242920,678,16758
2120,10,40,25,0,60077100,3637,11249400,678,16768
2121,7,39,25,0,60103500,3637,11259120,678,16775
2122,14,40,25,0,60114780,3637,11264640,678,16789
2123,12,38,25,0,60143760,3636,11345580,683,16801
2124,7,36,25,0,60172800,3636,11414460,687,16808
2125,14,40,25,0,60186840,3636,11434320,688,16822
2126,8,40,25,0,60207960,3636,11511540,692,16830
2127,12,39,25,0,60237720,3635,11547840,694,16842
2128,12,39,25,0,60245040,3635,11551320,694,16854
2129,15,40,25,0,60276720,3636,11569500,695,16869
2130,6,40,25,0,60291960,3635,11619420,698,16875
2131,8,38,25,0,60309240,3636,11627400,698,16883
2132,6,33,25,0,60336600,3635,12089280,725,16889
2133,5,33,25,0,60355500,3635,12102000,726,16894
2134,6,30,25,0,60385560,3635,12464460,748,16900
2135,2,23,25,0,60401280,3634,13288860,797,16902
2136,8,24,25,0,60419880,3634,13536480,811,16910
2137,6,24,25,0,60443280,3634,13540680,811,16916
2138,8,25,25,0,60469800,3634,13795380,826,16924
2139,5,26,25,0,60487260,3634,13796040,826,16929
2140,5,28,25,0,60504720,3634,13805580,826,16934
2141,10,35,25,0,60528060,3635,13818840,827,16944
2142,4,34,25,0,60551880,3635,13827300,827,16948
2143,2,31,25,0,60577380,3636,13864020,829,16950
2144,3,27,25,0,60604080,3636,13905360,831,16953
2145,10,33,25,0,60613200,3636,13923300,832,16963
2146,7,34,25,0,60638280,3636,13932480,832,16970
2147,10,40,25,0,60654660,3636,13935300,832,16980
2148,12,40,25,0,60679260,3636,13943040,832,16992
2149,7,39,25,0,60696900,3637,13950780,832,16999
2150,13,37,25,0,60728160,3637,14031120,837,17012
2151,4,24,25,0,60760200,3635,14870940,887,17016
2152,9,17,25,0,60777480,3633,15964140,952,17025
2153,8,20,25,0,60788460,3632,15967980,951,17033
2154,3,19,25,0,60813420,3633,15987780,952,17036
2155,4,18,25,0,60839580,3633,16182600,964,17040
2156,4,7,25,0,60863820,3632,16699200,994,17044
2157,5,0,23,2,60883680,3630,17495040,1041,17049
2158,2,0,20,5,60894240,3629,17495040,1041,17051
2159,2,0,21,4,60898500,3629,17495040,1041,17053
2160,6,0,24,1,60904560,3629,17495040,1041,17059
2161,4,0,22,3,60919080,3629,17495580,1040,17063
2162,6,0,24,1,60934200,3629,17495580,1040,17069
2163,3,0,23,2,60943980,3628,17495820,1040,17072
2164,5,0,24,1,60966600,3629,17495820,1040,17077
2165,8,6,25,0,60972900,3629,17495820,1039,17085
2166,11,11,25,0,61003440,3630,17501160,1039,17096
2167,2,10,25,0,61023120,3630,17507220,1039,17098
2168,6,13,25,0,61044180,3631,17526120,1040,17104
2169,3,11,25,0,61065000,3631,17566080,1042,17107
2170,14,15,25,0,61098540,3631,17595720,1043,17121
2171,11,24,25,0,61106340,3631,17599800,1042,17132
2172,9,29,25,0,61129620,3631,17606760,1042,17141
2173,8,33,25,0,61150800,3632,17617980,1043,17149
2174,10,40,25,0,61171740,3632,17627100,1043,17159
2175,10,40,25,0,61198320,3633,17656260,1044,17169
2176,14,40,25,0,61224780,3633,17676900,1045,17183
2177,10,39,25,0,61245600,3633,17713440,1046,17193
2178,8,39,25,0,61268820,3633,17757060,1049,17201
2179,7,39,25,0,61289760,3634,17768340,1049,17208
2180,7,36,25,0,61309260,3634,17813760,1052,17215
2181,6,36,25,0,61335300,3634,17852100,1054,17221
2182,4,33,25,0,61358520,3634,18008340,1063,17225
2183,6,32,25,0,61379820,3634,18141300,1070,17231
2184,3,29,25,0,61398780,3634,18206640,1074,17234
2185,5,13,25,0,61427280,3631,19067280,1124,17239
2186,9,16,25,0,61432500,3630,19166220,1130,17248
2187,4,7,25,0,61469700,3629,19371240,1141,17252
2188,6,2,25,0,61486140,3628,19606560,1155,17258
2189,10,4,25,0,61506360,3627,19630680,1155,17268
2190,11,11,25,0,61517100,3627,19634640,1155,17279
2191,8,15,25,0,61539600,3628,19639620,1155,17287
2192,10,19,25,0,61570320,3628,19660380,1155,17297
2193,13,30,24,1,61582860,3628,19664400,1155,17310
2194,10,36,25,0,61606500,3629,19672560,1155,17320
2195,13,40,25,0,61618560,3629,19693140,1155,17333
2196,8,40,25,0,61641780,3630,19719180,1157,17341
2197,6,37,25,0,61679700,3631,19777980,1160,17347
2198,12,40,25,0,61692480,3631,19781880,1160,17359
2199,10,39,25,0,61714560,3632,19845720,1163,17369
2200,8,38,25,0,61741680,3632,19956240,1169,17377
2201,10,40,25,0,61758180,3632,19983600,1170,17387
2202,16,39,25,0,61772940,3632,19992180,1171,17403
2203,6,38,25,0,61800480,3632,20107200,1177,17409
2204,4,34,25,0,61828620,3632,20286180,1187,17413
2205,9,37,25,0,61843680,3632,20289240,1187,17422
2206,8,39,25,0,61864620,3633,20292780,1187,17430
2207,5,39,25,0,61892580,3633,20309700,1188,17435
2208,6,40,25,0,61904820,3633,20361780,1190,17441
2209,0,31,25,0,61943880,3634,20576340,1203,17441
2210,6,16,25,0,61964520,3630,21435600,1253,17447
2211,5,8,25,0,61983360,3629,21823200,1275,17452
2212,7,9,25,0,62002920,3629,21874560,1277,17459
2213,5,3,25,0,62028000,3628,22103880,1290,17464
2214,11,8,25,0,62043000,3627,22106220,1290,17475
2215,14,20,25,0,62049840,3627,22108200,1289,17489
2216,9,27,24,1,62073840,3628,22111740,1289,17498
2217,8,31,25,0,62095680,3629,22135800,1289,17506
2218,7,35,25,0,62119440,3629,22144380,1289,17513
2219,5,36,25,0,62147280,3630,22165500,1290,17518
2220,5,38,25,0,62163540,3631,22171140,1290,17523
2221,8,38,25,0,62196780,3631,22233900,1293,17531
2222,8,40,25,0,62202900,3631,22239240,1293,17539
2223,14,40,25,0,62235000,3632,22306140,1297,17553
2224,10,40,25,0,62260260,3632,22331640,1298,17563
2225,8,39,25,0,62273100,3632,22356300,1299,17571
2226,9,35,25,0,62308080,3632,22477560,1305,17580
2227,4,34,25,0,62323260,3632,22534380,1308,17584
2228,6,35,25,0,62347680,3632,22578600,1311,17590
2229,5,36,25,0,62356320,3632,22601760,1312,17595
2230,5,36,25,0,62385900,3633,22609440,1312,17600
2231,1,28,25,0,62407980,3632,22906680,1329,17601
2232,5,22,25,0,62427480,3631,23321400,1352,17606
2233,4,14,25,0,62457000,3630,23739420,1376,17610
2234,2,0,21,4,62482740,3627,24490980,1420,17612
2235,4,0,23,2,62491440,3627,24490980,1419,17616
2236,4,0,22,3,62504940,3627,24490980,1419,17620
2237,6,0,22,3,62523480,3627,24490980,1419,17626
2238,8,1,25,0,62530260,3627,24491220,1418,17634
2239,7,3,25,0,62542320,3626,24493080,1418,17641
2240,11,10,25,0,62563680,3627,24497520,1417,17652
2241,13,20,25,0,62585220,3627,24500880,1416,17665
2242,9,24,25,0,62613540,3628,24523680,1417,17674
2243,12,32,25,0,62633160,3628,24527940,1416,17686
2244,8,38,25,0,62646840,3628,24531600,1416,17694
2245,9,40,25,0,62668440,3629,24546600,1416,17703
2246,7,39,25,0,62702940,3630,24566760,1417,17710
2247,8,39,25,0,62718900,3630,24600900,1418,17718
2248,13,37,25,0,62746980,3630,24674220,1422,17731
2249,9,37,25,0,62771580,3630,24707700,1424,17740
2250,1,32,25,0,62788740,3630,24842820,1431,17741
2251,7,31,25,0,62813400,3630,25059720,1443,17748
2252,7,32,25,0,62830080,3630,25124160,1446,17755
2253,8,35,25,0,62850900,3630,25165620,1448,17763
2254,4,34,25,0,62872260,3630,25261620,1453,17767
2255,4,34,25,0,62891220,3630,25268520,1453,17771
2256,2,32,25,0,62912160,3631,25332360,1457,17773
2257,10,36,25,0,62939340,3631,25433940,1462,17783
2258,8,39,25,0,62954700,3631,25439220,1462,17791
2259,5,37,25,0,62981700,3632,25467420,1463,17796
2260,6,36,25,0,63009840,3632,25552980,1467,17802
2261,7,37,25,0,63026040,3631,25590240,1469,17809
2262,6,38,25,0,63037860,3632,25601220,1469,17815
2263,9,39,25,0,63049380,3632,25608780,1469,17824
2264,8,40,25,0,63080520,3633,25622280,1470,17832
2265,6,35,25,0,63120480,3633,25662120,1472,17838
2266,14,40,24,1,63128880,3632,25664040,1471,17852
2267,8,40,24,1,63135600,3633,25667580,1471,17860
2268,18,40,25,0,63160320,3633,25685220,1472,17878
2269,18,38,25,0,63202200,3634,25711440,1473,17896
2270,7,40,25,0,63203880,3634,25712760,1473,17903
2271,9,38,25,0,63239400,3634,25720320,1473,17912
2272,8,36,25,0,63253980,3633,26102340,1494,17920
2273,4,33,25,0,63282660,3633,26220960,1500,17924
2274,11,36,25,0,63302040,3633,26316780,1505,17935
2275,9,38,25,0,63316380,3633,26323800,1505,17944
2276,5,34,25,0,63350880,3633,26425800,1510,17949
2277,2,18,25,0,63372660,3630,27994800,1599,17951
2278,7,6,25,0,63394560,3628,28841220,1647,17958
2279,3,0,22,3,63409320,3626,29268960,1671,17961
2280,8,0,25,0,63426060,3626,29269500,1671,17969
2281,2,0,23,2,63435360,3626,29269500,1670,17971
2282,9,4,25,0,63452640,3626,29271660,1670,17980
2283,2,3,25,0,63463440,3626,29276880,1670,17982
2284,7,5,25,0,63489780,3626,29281440,1669,17989
2285,8,1,25,0,63520440,3626,29317860,1671,17997
2286,6,2,25,0,63527940,3625,29318640,1670,18003
2287,6,4,25,0,63547800,3625,29321580,1670,18009
2288,5,5,25,0,63568680,3626,29328900,1670,18014
2289,12,14,25,0,63584520,3626,29335740,1669,18026
2290,10,22,25,0,63599700,3627,29346120,1669,18036
2291,14,30,25,0,63640200,3628,29352480,1668,18050
2292,8,34,25,0,63661380,3628,29362080,1668,18058
2293,18,40,25,0,63679740,3628,29372340,1667,18076
2294,10,39,25,0,63705300,3629,29386980,1668,18086
2295,6,39,25,0,63722940,3629,29399100,1668,18092
2296,13,39,25,0,63748980,3630,29442300,1670,18105
2297,9,38,25,0,63769980,3630,29486460,1672,18114
2298,10,40,25,0,63790500,3630,29521260,1674,18124
2299,4,36,25,0,63817740,3630,29653680,1681,18128
2300,5,34,25,0,63840540,3630,29752380,1686,18133
2301,5,30,25,0,63864960,3630,29980020,1698,18138
2302,5,30,25,0,63880860,3630,30057120,1702,18143
2303,2,25,25,0,63903000,3630,30232140,1712,18145
2304,6,21,25,0,63926820,3629,30407940,1721,18151
2305,5,17,25,0,63946200,3628,30580200,1731,18156
2306,3,11,25,0,63969480,3628,30771480,1741,18159
2307,2,2,25,0,63982800,3626,31208820,1766,18161
2308,8,1,25,0,64005060,3625,31314840,1771,18169
2309,8,5,25,0,64029420,3626,31322520,1771,18177
2310,4,7,25,0,64040580,3626,31329120,1771,18181
2311,10,12,25,0,64069980,3627,31339080,1770,18191
2312,12,23,25,0,64075140,3627,31342740,1770,18203
2313,5,26,24,1,64097160,3628,31349820,1769,18208
2314,8,31,25,0,64113240,3628,31364940,1769,18216
2315,8,35,25,0,64145400,3629,31384020,1769,18224
2316,6,37,25,0,64171980,3630,31411440,1770,18230
2317,9,40,25,0,64180680,3630,31411860,1770,18239
2318,7,40,25,0,64191900,3630,31439340,1771,18246
2319,8,40,25,0,64233300,3632,31518060,1775,18254
2320,16,40,25,0,64254120,3632,31578000,1778,18270
2321,9,40,25,0,64279080,3632,31640100,1781,18279
2322,13,40,25,0,64303200,3632,31659360,1782,18292
2323,8,38,25,0,64318920,3633,31718580,1785,18300
2324,5,36,25,0,64348500,3633,31862940,1792,18305
2325,8,38,25,0,64365360,3632,31962840,1797,18313
2326,8,39,25,0,64387440,3632,31977180,1797,18321
2327,7,36,25,0,64411440,3632,32074800,1802,18328
2328,3,32,25,0,64436100,3632,32362080,1818,18331
2329,7,31,25,0,64461480,3632,32548200,1828,18338
2330,5,28,25,0,64477560,3631,32664840,1834,18343
2331,7,24,25,0,64497960,3630,32911200,1847,18350
2332,9,30,25,0,64510560,3630,32914080,1847,18359
2333,2,30,25,0,64524360,3631,32919420,1846,18361
2334,9,35,25,0,64551960,3631,32933340,1846,18370
2335,6,37,25,0,64576980,3632,32935860,1846,18376
2336,4,40,25,0,64586940,3632,32941020,1846,18380
2337,5,38,25,0,64622520,3633,32967000,1847,18385
2338,10,40,25,0,64640940,3633,32971380,1847,18395
2339,11,40,25,0,64659900,3634,32973960,1846,18406
2340,9,38,25,0,64686420,3634,33007740,1848,18415
2341,17,39,25,0,64716120,3635,33029640,1848,18432
2342,2,37,25,0,64723740,3634,33048480,1849,18434
2343,10,39,25,0,64754160,3635,33135840,1853,18444
2344,6,40,25,0,64773780,3635,33145140,1853,18450
2345,7,40,25,0,64795740,3635,33156120,1853,18457
2346,11,40,25,0,64819080,3635,33215100,1856,18468
2347,8,38,25,0,64848000,3636,33323700,1861,18476
2348,10,36,25,0,64868580,3634,33485940,1870,18486
2349,6,38,25,0,64879860,3634,33491340,1869,18492
2350,6,38,25,0,64904040,3635,33501540,1869,18498
2351,2,26,25,0,64931820,3633,34358340,1917,18500
2352,5,15,25,0,64957800,3631,35606580,1986,18505
2353,4,0,23,2,64980120,3628,36594060,2041,18509
2354,3,0,21,4,64992000,3628,36594060,2040,18512
2355,4,0,24,1,64995420,3628,36594060,2040,18516
2356,7,0,25,0,65011620,3628,36594600,2039,18523
2357,6,0,23,2,65031480,3627,36594960,2038,18529
2358,3,0,21,4,65045700,3627,36594960,2038,18532
2359,11,2,25,0,65052780,3626,36596460,2037,18543
2360,12,11,25,0,65064720,3626,36598620,2036,18555
2361,9,17,25,0,65086980,3627,36608520,2036,18564
2362,9,21,25,0,65117640,3628,36619500,2035,18573
2363,16,35,25,0,65125860,3628,36631440,2035,18589
2364,11,40,25,0,65150520,3628,36643500,2033,18600
2365,11,39,25,0,65172780,3629,36656460,2034,18611
2366,17,40,25,0,65203800,3630,36706020,2036,18628
2367,10,40,25,0,65220300,3630,36713160,2036,18638
2368,15,40,25,0,65240040,3630,36729240,2036,18653
2369,5,39,25,0,65262960,3631,36752340,2037,18658
2370,5,38,25,0,65290320,3631,36814020,2040,18663
2371,10,40,25,0,65306340,3631,36851040,2041,18673
2372,7,37,25,0,65337780,3631,36957900,2047,18680
2373,6,37,25,0,65355600,3631,37063380,2052,18686
2374,6,36,25,0,65377200,3631,37197780,2059,18692
2375,8,36,25,0,65401200,3631,37336740,2065,18700
2376,9,37,25,0,65420160,3631,37396260,2068,18709
2377,5,33,25,0,65450100,3630,37612320,2079,18714
2378,3,32,25,0,65459220,3630,37694760,2084,18717
2379,4,19,25,0,65490480,3628,38330880,2118,18721
2380,13,19,25,0,65508060,3627,38544240,2129,18734
2381,7,23,25,0,65519040,3627,38546460,2128,18741
2382,10,31,25,0,65530920,3627,38549340,2128,18751
2383,8,33,25,0,65571720,3628,38556420,2127,18759
2384,6,37,25,0,65583120,3628,38564400,2126,18765
2385,10,40,25,0,65608020,3629,38577420,2126,18775
2386,12,40,25,0,65623860,3629,38591100,2127,18787
2387,11,39,25,0,65658360,3630,38634960,2128,18798
2388,8,39,25,0,65674140,3630,38676660,2130,18806
2389,8,40,25,0,65698200,3630,38709900,2131,18814
2390,8,39,25,0,65718960,3631,38746980,2133,18822
2391,10,40,25,0,65731680,3631,38804880,2136,18832
2392,11,40,25,0,65764020,3631,38907480,2141,18843
2393,9,40,25,0,65780220,3631,38952540,2143,18852
2394,10,39,25,0,65805720,3631,38962800,2142,18862
2395,5,38,25,0,65830740,3632,38980260,2143,18867
2396,11,40,25,0,65836020,3631,39014340,2144,18878
2397,7,40,25,0,65862540,3632,39022740,2144,18885
2398,5,38,25,0,65891280,3633,39057180,2146,18890
2399,5,32,25,0,65912340,3632,39616920,2176,18895

