Hour,Arrivals,Waiting,Treating,Available Rooms,Total Treatment Time,Average Treatment Time,Total Wait Time,Average Wait Time,Total Arrivals
1,7,0,3,22,3480,870,0,0,7
2,6,0,3,22,10680,1068,0,0,13
3,5,0,3,22,28740,1916,0,0,18
4,0,0,2,23,32700,2043,0,0,18
5,7,0,5,20,40320,2016,0,0,25
6,5,0,5,20,54900,2196,0,0,30
7,3,0,2,23,76320,2461,0,0,33
8,6,0,6,19,78300,2372,0,0,39
9,9,0,10,15,94800,2494,0,0,48
10,9,0,8,17,129120,2635,0,0,57
11,13,0,13,12,144900,2542,0,0,70
12,5,0,7,18,197400,2902,0,0,75
13,9,0,11,14,210480,2883,0,0,84
14,10,0,9,16,264060,3106,0,0,94
15,16,0,13,12,309420,3189,0,0,110
16,17,0,17,8,336780,3061,0,0,127
17,6,0,8,17,399060,3192,0,0,133
18,10,0,12,13,429780,3280,0,0,143
19,6,0,6,19,468900,3279,0,0,149
20,5,0,6,19,495720,3349,0,0,154
21,4,0,2,23,538500,3451,0,0,158
22,2,0,2,23,541800,3429,0,0,160
23,7,0,7,18,550200,3438,0,0,167
24,5,0,7,18,564060,3418,0,0,172
25,3,0,2,23,591240,3417,0,0,175
26,3,0,3,22,610200,3486,0,0,178
27,5,0,6,19,613740,3467,0,0,183
28,2,0,3,22,625140,3434,0,0,185
29,3,0,4,21,635340,3452,0,0,188
30,5,0,3,22,646620,3403,0,0,193
31,7,0,5,20,657600,3372,0,0,200
32,4,0,3,22,678000,3373,0,0,204
33,10,0,8,17,685500,3327,0,0,214
34,6,0,6,19,715200,3342,0,0,220
35,9,0,8,17,738840,3343,0,0,229
36,15,0,16,9,755400,3313,0,0,244
37,14,0,6,19,828720,3288,0,0,258
38,4,0,5,20,846960,3295,0,0,262
39,8,0,4,21,872700,3280,0,0,270
40,8,0,6,19,890280,3273,0,0,278
41,8,0,9,16,908940,3281,0,0,286
42,5,0,3,22,943740,3276,0,0,291
43,6,0,5,20,956400,3275,0,0,297
44,5,0,6,19,969720,3276,0,0,302
45,6,0,7,18,994740,3304,0,0,308
46,2,0,4,21,1016820,3322,0,0,310
47,2,0,2,23,1037040,3345,0,0,312
48,3,0,2,23,1044180,3336,0,0,315
49,1,0,2,23,1049640,3342,0,0,316
50,7,0,5,20,1059720,3332,0,0,323
51,3,0,5,20,1069440,3331,0,0,326
52,4,0,3,22,1095780,3351,0,0,330
53,3,0,3,22,1108140,3358,0,0,333
54,0,0,2,23,1112100,3359,0,0,333
55,13,0,9,16,1131600,3357,0,0,346
56,11,0,11,14,1152420,3330,0,0,357
57,10,0,10,15,1185720,3321,0,0,367
58,10,0,10,15,1230840,3353,0,0,377
59,8,0,8,17,1249740,3314,0,0,385
60,8,0,9,16,1276560,3324,0,0,393
61,11,0,15,10,1302600,3348,0,0,404
62,8,0,8,17,1363200,3374,0,0,412
63,11,0,5,20,1404960,3361,0,0,423
64,12,0,9,16,1420740,3335,0,0,435
65,11,0,12,13,1440060,3318,0,0,446
66,2,0,6,19,1472460,3331,0,0,448
67,11,0,8,17,1509780,3347,0,0,459
68,8,0,7,18,1526760,3319,0,0,467
69,5,0,4,21,1568700,3351,0,0,472
70,7,0,6,19,1584240,3349,0,0,479
71,5,0,4,21,1608240,3350,0,0,484
72,5,0,5,20,1619940,3346,0,0,489
73,3,0,2,23,1638000,3342,0,0,492
74,5,0,5,20,1649040,3351,0,0,497
75,4,0,5,20,1664220,3355,0,0,501
76,4,0,5,20,1681860,3363,0,0,505
77,3,0,3,22,1702860,3372,0,0,508
78,6,0,3,22,1718160,3362,0,0,514
79,7,0,9,16,1718880,3357,0,0,521
80,6,0,6,19,1748340,3355,0,0,527
81,8,0,4,21,1788900,3368,0,0,535
82,6,0,8,17,1796640,3370,0,0,541
83,13,0,13,12,1806300,3338,0,0,554
84,7,0,6,19,1864740,3359,0,0,561
85,12,0,11,14,1875960,3338,0,0,573
86,5,0,5,20,1920720,3352,0,0,578
87,8,0,8,17,1947120,3368,0,0,586
88,8,0,6,19,1972440,3354,0,0,594
89,6,0,6,19,1986300,3343,0,0,600
90,10,0,10,15,2004360,3340,0,0,610
91,10,0,11,14,2038680,3347,0,0,620
92,8,0,12,13,2081760,3379,0,0,628
93,7,0,7,18,2124000,3382,0,0,635
94,6,0,7,18,2152140,3394,0,0,641
95,5,0,6,19,2178060,3403,0,0,646
96,3,0,3,22,2197020,3400,0,0,649
97,2,0,2,23,2220360,3421,0,0,651
98,5,0,3,22,2227620,3411,0,0,656
99,3,0,4,21,2237580,3416,0,0,659
100,7,0,8,17,2247780,3416,0,0,666
101,5,0,7,18,2273220,3423,0,0,671
102,7,0,6,19,2294700,3414,0,0,678
103,9,0,8,17,2323320,3421,0,0,687
104,9,0,10,15,2350320,3426,0,0,696
105,5,0,7,18,2376240,3423,0,0,701
106,10,0,7,18,2427420,3448,0,0,711
107,3,0,4,21,2442540,3440,0,0,714
108,11,0,9,16,2460180,3436,0,0,725
109,10,0,10,15,2482260,3423,0,0,735
110,6,0,8,17,2505720,3418,0,0,741
111,4,0,6,19,2532120,3426,0,0,745
112,8,0,6,19,2566080,3435,0,0,753
113,9,0,9,16,2589300,3438,0,0,762
114,5,0,6,19,2616660,3438,0,0,767
115,12,0,10,15,2642940,3436,0,0,779
116,7,0,8,17,2660640,3419,0,0,786
117,13,0,8,17,2692740,3404,0,0,799
118,4,0,4,21,2726880,3412,0,0,803
119,5,0,3,22,2740140,3403,0,0,808
120,6,0,6,19,2749740,3403,0,0,814
121,3,0,4,21,2766180,3402,0,0,817
122,4,0,4,21,2781000,3403,0,0,821
123,4,0,2,23,2793960,3394,0,0,825
124,9,0,4,21,2804100,3378,0,0,834
125,8,0,10,15,2808780,3375,0,0,842
126,5,0,4,21,2848800,3379,0,0,847
127,5,0,6,19,2861880,3382,0,0,852
128,7,0,7,18,2879640,3379,0,0,859
129,7,0,6,19,2906280,3379,0,0,866
130,7,0,5,20,2932560,3378,0,0,873
131,9,0,7,18,2950440,3371,0,0,882
132,9,0,6,19,2972700,3358,0,0,891
133,5,0,4,21,2986740,3348,0,0,896
134,8,0,5,20,3008880,3346,0,0,904
135,7,0,9,16,3014400,3341,0,0,911
136,6,0,7,18,3044760,3345,0,0,917
137,11,0,10,15,3073500,3348,0,0,928
138,5,0,7,18,3101940,3349,0,0,933
139,5,0,5,20,3129900,3354,0,0,938
140,5,0,4,21,3151080,3355,0,0,943
141,5,0,5,20,3165420,3356,0,0,948
142,7,0,7,18,3178380,3352,0,0,955
143,3,0,6,19,3194160,3355,0,0,958
144,9,0,8,17,3224940,3362,0,0,967
145,6,0,6,19,3248940,3359,0,0,973
146,1,0,6,19,3249960,3357,0,0,974
147,8,0,5,20,3299280,3376,0,0,982
148,8,0,7,18,3320760,3378,0,0,990
149,7,0,9,16,3330360,3370,0,0,997
150,5,0,6,19,3365280,3378,0,0,1002
151,10,0,9,16,3395400,3385,0,0,1012
152,12,0,12,13,3413760,3373,0,0,1024
153,6,0,6,19,3458340,3377,0,0,1030
154,6,0,7,18,3481440,3383,0,0,1036
155,7,0,9,16,3497040,3382,0,0,1043
156,12,0,10,15,3532020,3379,0,0,1055
157,8,0,9,16,3569100,3386,0,0,1063
158,11,0,12,13,3597480,3387,0,0,1074
159,6,0,10,15,3625860,3388,0,0,1080
160,4,0,6,19,3668100,3402,0,0,1084
161,6,0,5,20,3707940,3417,0,0,1090
162,14,0,14,11,3721860,3414,0,0,1104
163,7,0,7,18,3773100,3417,0,0,1111
164,5,0,8,17,3789180,3419,0,0,1116
165,4,0,2,23,3826680,3422,0,0,1120
166,2,0,2,23,3835260,3424,0,0,1122
167,5,0,3,22,3839280,3415,0,0,1127
168,4,0,4,21,3847740,3414,0,0,1131
169,7,0,6,19,3863880,3413,0,0,1138
170,2,0,0,25,3895620,3417,0,0,1140
171,4,0,4,21,3895620,3417,0,0,1144
172,6,0,9,16,3898740,3416,0,0,1150
173,5,0,8,17,3923460,3420,0,0,1155
174,3,0,4,21,3957480,3429,0,0,1158
175,2,0,2,23,3974460,3432,0,0,1160
176,11,0,8,17,3978180,3420,0,0,1171
177,8,0,8,17,4008420,3423,0,0,1179
178,7,0,9,16,4036920,3429,0,0,1186
179,10,0,8,17,4071960,3427,0,0,1196
180,7,0,8,17,4102260,3432,0,0,1203
181,7,0,6,19,4129140,3429,0,0,1210
182,8,0,6,19,4158660,3431,0,0,1218
183,6,0,8,17,4173720,3432,0,0,1224
184,11,0,11,14,4191540,3424,0,0,1235
185,5,0,6,19,4227720,3426,0,0,1240
186,8,0,6,19,4260960,3430,0,0,1248
187,6,0,3,22,4291020,3430,0,0,1254
188,2,0,1,24,4302120,3427,0,0,1256
189,3,0,3,22,4309020,3430,0,0,1259
190,4,0,3,22,4321920,3430,0,0,1263
191,5,0,7,18,4326060,3430,0,0,1268
192,2,0,4,21,4348500,3434,0,0,1270
193,3,0,4,21,4363440,3438,0,0,1273
195,1,0,1,24,4380420,3441,0,0,1274
194,0,0,1,24,4380420,3441,0,0,1274
196,2,0,2,23,4381020,3438,0,0,1276
197,4,0,4,21,4382760,3434,0,0,1280
198,4,0,3,22,4401900,3436,0,0,1284
199,4,0,4,21,4418640,3441,0,0,1288
200,3,0,4,21,4431300,3443,0,0,1291
201,4,0,8,17,4431300,3443,0,0,1295
202,7,0,8,17,4452240,3440,0,0,1302
203,10,0,7,18,4492500,3442,0,0,1312
204,10,0,9,16,4524120,3445,0,0,1322
205,9,0,5,20,4566300,3443,0,0,1331
206,8,0,8,17,4575360,3437,0,0,1339
207,14,0,10,15,4601220,3426,0,0,1353
208,11,0,9,16,4636680,3421,0,0,1364
209,8,0,7,18,4667400,3419,0,0,1372
210,7,0,7,18,4692660,3420,0,0,1379
211,6,0,7,18,4727040,3430,0,0,1385
212,6,0,6,19,4758540,3435,0,0,1391
213,3,0,4,21,4777440,3437,0,0,1394
214,2,0,3,22,4798140,3444,0,0,1396
215,12,0,10,15,4806300,3437,0,0,1408
216,8,0,9,16,4836540,3437,0,0,1416
217,9,0,9,16,4869840,3439,0,0,1425
218,6,0,8,17,4896720,3441,0,0,1431
219,9,0,9,16,4928040,3443,0,0,1440
220,4,0,5,20,4966980,3451,0,0,1444
221,6,0,5,20,4996260,3457,0,0,1450
222,6,0,8,17,5009520,3459,0,0,1456
223,7,0,8,17,5033640,3459,0,0,1463
224,4,0,5,20,5066580,3465,0,0,1467
225,9,0,8,17,5090520,3467,0,0,1476
226,6,0,10,15,5104980,3468,0,0,1482
227,11,0,10,15,5146800,3470,0,0,1493
228,11,0,11,14,5184960,3472,0,0,1504
229,6,0,6,19,5220360,3470,0,0,1510
230,7,0,6,19,5238720,3467,0,0,1517
231,4,0,5,20,5272680,3478,0,0,1521
232,7,0,9,16,5284500,3478,0,0,1528
233,9,0,11,14,5308140,3478,0,0,1537
234,8,0,10,15,5342520,3480,0,0,1545
235,7,0,8,17,5382660,3486,0,0,1552
236,9,0,8,17,5417040,3488,0,0,1561
237,8,0,6,19,5445240,3483,0,0,1569
238,7,0,5,20,5464500,3478,0,0,1576
239,1,0,3,22,5479500,3481,0,0,1577
240,4,0,4,21,5491740,3482,0,0,1581
241,2,0,3,22,5504340,3483,0,0,1583
242,6,0,3,22,5528760,3485,0,0,1589
243,1,0,1,24,5539980,3486,0,0,1590
244,10,0,7,18,5547120,3482,0,0,1600
245,8,0,6,19,5571420,3477,0,0,1608
246,4,0,6,19,5581080,3475,0,0,1612
247,6,0,7,18,5598300,3475,0,0,1618
248,6,0,9,16,5608080,3472,0,0,1624
249,3,0,5,20,5661780,3490,0,0,1627
250,8,0,7,18,5683380,3491,0,0,1635
251,14,0,14,11,5709060,3491,0,0,1649
252,6,0,9,16,5743380,3489,0,0,1655
253,10,0,4,21,5792160,3487,0,0,1665
254,12,0,12,13,5803020,3485,0,0,1677
255,10,0,15,10,5825760,3484,0,0,1687
256,6,0,7,18,5882460,3489,0,0,1693
257,8,0,6,19,5913420,3488,0,0,1701
258,7,0,7,18,5946060,3495,0,0,1708
259,10,0,7,18,5963340,3485,0,0,1718
260,5,0,6,19,5993400,3490,0,0,1723
261,3,0,3,22,6017400,3492,0,0,1726
262,1,0,2,23,6022860,3491,0,0,1727
263,4,0,2,23,6046020,3496,0,0,1731
264,3,0,2,23,6050640,3493,0,0,1734
265,3,0,3,22,6054120,3491,0,0,1737
266,7,0,6,19,6075900,3495,0,0,1744
267,3,0,3,22,6097440,3496,0,0,1747
268,7,0,7,18,6108660,3496,0,0,1754
269,6,0,7,18,6130980,3497,0,0,1760
270,8,0,8,17,6144600,3491,0,0,1768
271,4,0,6,19,6164760,3490,0,0,1772
272,4,0,5,20,6192300,3496,0,0,1776
273,9,0,7,18,6221100,3498,0,0,1785
274,9,0,7,18,6250500,3497,0,0,1794
275,7,0,9,16,6262440,3494,0,0,1801
276,10,0,9,16,6294540,3493,0,0,1811
277,10,0,6,19,6336060,3490,0,0,1821
278,9,0,7,18,6365880,3491,0,0,1830
279,14,0,15,10,6380220,3488,0,0,1844
280,8,0,10,15,6420180,3485,0,0,1852
281,13,0,11,14,6468660,3489,0,0,1865
282,6,0,11,14,6492840,3490,0,0,1871
283,9,0,10,15,6542100,3498,0,0,1880
284,3,0,3,22,6591420,3506,0,0,1883
285,6,0,6,19,6608460,3509,0,0,1889
286,2,0,3,22,6615720,3504,0,0,1891
287,6,0,3,22,6632160,3501,0,0,1897
288,4,0,4,21,6642600,3501,0,0,1901
289,3,0,3,22,6658680,3502,0,0,1904
290,6,0,7,18,6661680,3500,0,0,1910
291,6,0,7,18,6685620,3502,0,0,1916
292,5,0,4,21,6710340,3500,0,0,1921
293,6,0,7,18,6729900,3505,0,0,1927
294,6,0,6,19,6750060,3502,0,0,1933
295,2,0,4,21,6766020,3503,0,0,1935
296,11,0,10,15,6783360,3503,0,0,1946
297,9,0,7,18,6813540,3497,0,0,1955
298,5,0,5,20,6844080,3500,0,0,1960
299,10,0,8,17,6861660,3497,0,0,1970
300,11,0,8,17,6890640,3492,0,0,1981
301,10,0,8,17,6918660,3488,0,0,1991
302,10,0,11,14,6936600,3485,0,0,2001
303,9,0,10,15,6976980,3488,0,0,2010
304,4,0,8,17,6999480,3489,0,0,2014
305,6,0,5,20,7033380,3490,0,0,2020
306,10,0,7,18,7055100,3487,0,0,2030
307,7,0,11,14,7070760,3490,0,0,2037
308,8,0,9,16,7112340,3493,0,0,2045
309,5,0,3,22,7152240,3494,0,0,2050
310,5,0,4,21,7170600,3496,0,0,2055
311,8,0,9,16,7177320,3494,0,0,2063
312,3,0,4,21,7220940,3501,0,0,2066
313,7,0,5,20,7243260,3502,0,0,2073
314,7,0,4,21,7266900,3500,0,0,2080
315,6,0,6,19,7281300,3500,0,0,2086
316,3,0,6,19,7291980,3500,0,0,2089
317,6,0,5,20,7313280,3499,0,0,2095
318,9,0,8,17,7325400,3494,0,0,2104
319,6,0,6,19,7356180,3496,0,0,2110
320,10,0,11,14,7375200,3497,0,0,2120
321,8,0,8,17,7413420,3496,0,0,2128
322,13,0,15,10,7434480,3496,0,0,2141
323,13,0,14,11,7493820,3501,0,0,2154
324,8,0,12,13,7544520,3509,0,0,2162
325,12,0,13,12,7596360,3515,0,0,2174
326,9,0,13,12,7632720,3517,0,0,2183
327,6,0,6,19,7708860,3531,0,0,2189
328,5,0,7,18,7733400,3536,0,0,2194
329,6,0,5,20,7759740,3535,0,0,2200
330,7,0,3,22,7786020,3532,0,0,2207
331,12,0,6,19,7806120,3527,0,0,2219
332,5,0,9,16,7813080,3527,0,0,2224
333,6,0,9,16,7842060,3530,0,0,2230
334,3,0,6,19,7876620,3536,0,0,2233
335,8,0,4,21,7916820,3539,0,0,2241
336,7,0,7,18,7933980,3540,0,0,2248
337,9,0,7,18,7961460,3538,0,0,2257
338,4,0,4,21,7998120,3543,0,0,2261
339,1,0,4,21,8002260,3543,0,0,2262
340,6,0,8,17,8015160,3546,0,0,2268
341,6,0,7,18,8043720,3548,0,0,2274
342,2,0,3,22,8073060,3551,0,0,2276
343,8,0,9,16,8082180,3552,0,0,2284
344,9,0,7,18,8118960,3551,0,0,2293
345,4,0,4,21,8147400,3553,0,0,2297
346,6,0,6,19,8154480,3550,0,0,2303
347,11,0,8,17,8184060,3549,0,0,2314
348,4,0,7,18,8204460,3550,0,0,2318
349,10,0,8,17,8247900,3555,0,0,2328
350,8,0,8,17,8272080,3553,0,0,2336
351,5,0,7,18,8300220,3556,0,0,2341
352,17,0,12,13,8332200,3551,0,0,2358
353,9,0,8,17,8380560,3552,0,0,2367
354,8,0,6,19,8414100,3551,0,0,2375
355,8,0,7,18,8440560,3552,0,0,2383
356,16,0,14,11,8467500,3550,0,0,2399
357,5,0,4,21,8527680,3553,0,0,2404
358,7,0,5,20,8539920,3549,0,0,2411
359,2,0,2,23,8551260,3546,0,0,2413
360,8,0,4,21,8570040,3545,0,0,2421
361,5,0,3,22,8582520,3542,0,0,2426
362,3,0,2,23,8597340,3542,0,0,2429
363,1,0,1,24,8601720,3541,0,0,2430
364,4,0,3,22,8605380,3539,0,0,2434
365,3,0,4,21,8609520,3538,0,0,2437
366,8,0,7,18,8623440,3537,0,0,2445
367,6,0,7,18,8639340,3534,0,0,2451
368,4,0,6,19,8669340,3539,0,0,2455
369,10,0,7,18,8696040,3537,0,0,2465
370,6,0,7,18,8707440,3533,0,0,2471
371,8,0,6,19,8737020,3532,0,0,2479
372,10,0,5,20,8769180,3530,0,0,2489
373,6,0,6,19,8784180,3529,0,0,2495
374,4,0,4,21,8804460,3528,0,0,2499
375,12,0,9,16,8824680,3527,0,0,2511
376,7,0,7,18,8856360,3527,0,0,2518
377,3,0,5,20,8878920,3528,0,0,2521
378,10,0,11,14,8894760,3529,0,0,2531
379,6,0,8,17,8932560,3532,0,0,2537
380,1,0,4,21,8958900,3535,0,0,2538
381,4,0,6,19,8967000,3535,0,0,2542
382,2,0,2,23,8999640,3540,0,0,2544
383,6,0,4,21,9012180,3539,0,0,2550
384,4,0,5,20,9024540,3540,0,0,2554
385,2,0,2,23,9033540,3537,0,0,2556
386,6,0,5,20,9041940,3536,0,0,2562
387,4,0,5,20,9057180,3536,0,0,2566
388,4,0,4,21,9088560,3541,0,0,2570
389,3,0,4,21,9097320,3541,0,0,2573
390,3,0,3,22,9114360,3542,0,0,2576
391,8,0,7,18,9125880,3541,0,0,2584
392,7,0,7,18,9142260,3538,0,0,2591
393,8,0,7,18,9176880,3540,0,0,2599
394,7,0,8,17,9185760,3535,0,0,2606
395,9,0,7,18,9223680,3536,0,0,2615
396,8,0,7,18,9247980,3535,0,0,2623
397,6,0,4,21,9278760,3534,0,0,2629
398,8,0,8,17,9288960,3533,0,0,2637
399,8,0,5,20,9328320,3533,0,0,2645
400,11,0,7,18,9349500,3529,0,0,2656
401,12,0,14,11,9364680,3528,0,0,2668
402,6,0,8,17,9411420,3530,0,0,2674
403,6,0,4,21,9449580,3531,0,0,2680
404,3,0,2,23,9469920,3532,0,0,2683
405,8,0,7,18,9474540,3530,0,0,2691
406,6,0,7,18,9501660,3532,0,0,2697
407,4,0,5,20,9521340,3531,0,0,2701
408,3,0,2,23,9546120,3532,0,0,2704
409,4,0,4,21,9560940,3535,0,0,2708
410,2,0,3,22,9568020,3534,0,0,2710
411,2,0,1,24,9587160,3536,0,0,2712
412,4,0,4,21,9588060,3535,0,0,2716
413,11,0,11,14,9591600,3531,0,0,2727
414,6,0,9,16,9615660,3529,0,0,2733
415,4,0,5,20,9649440,3532,0,0,2737
416,3,0,5,20,9667920,3534,0,0,2740
417,6,0,8,17,9681960,3536,0,0,2746
418,7,0,7,18,9716220,3538,0,0,2753
419,11,0,11,14,9736920,3536,0,0,2764
420,10,0,11,14,9781140,3540,0,0,2774
421,9,0,11,14,9810900,3539,0,0,2783
422,15,0,12,13,9852300,3536,0,0,2798
423,10,0,10,15,9898800,3537,0,0,2808
424,9,0,8,17,9938460,3538,0,0,2817
425,11,0,6,19,9969420,3532,0,0,2828
426,14,0,13,12,9999720,3534,0,0,2842
427,6,0,11,14,10025520,3533,0,0,2848
428,1,0,6,19,10066980,3540,0,0,2849
429,8,0,5,20,10103820,3542,0,0,2857
430,5,0,6,19,10128180,3546,0,0,2862
431,3,0,7,18,10136400,3546,0,0,2865
432,5,0,5,20,10176480,3552,0,0,2870
433,6,0,7,18,10190460,3551,0,0,2876
434,2,0,3,22,10211280,3551,0,0,2878
435,4,0,4,21,10222500,3551,0,0,2882
436,4,0,4,21,10234740,3551,0,0,2886
437,4,0,4,21,10244220,3549,0,0,2890
438,9,0,9,16,10256040,3548,0,0,2899
439,9,0,11,14,10275360,3546,0,0,2908
440,10,0,9,16,10319760,3547,0,0,2918
441,6,0,6,19,10352460,3547,0,0,2924
442,9,0,9,16,10371240,3546,0,0,2933
443,7,0,4,21,10409580,3545,0,0,2940
444,5,0,3,22,10423380,3542,0,0,2945
445,14,0,13,12,10431900,3541,0,0,2959
446,5,0,5,20,10458480,3534,0,0,2964
447,12,0,9,16,10485060,3533,0,0,2976
448,10,0,10,15,10500480,3528,0,0,2986
449,6,0,11,14,10522500,3529,0,0,2992
450,8,0,6,19,10582080,3534,0,0,3000
451,8,0,7,18,10601100,3532,0,0,3008
452,11,0,11,14,10624200,3531,0,0,3019
453,3,0,4,21,10672680,3536,0,0,3022
454,7,0,6,19,10692960,3537,0,0,3029
455,3,0,4,21,10711200,3537,0,0,3032
456,4,0,4,21,10736340,3541,0,0,3036
457,4,0,6,19,10743960,3541,0,0,3040
458,6,0,6,19,10759680,3539,0,0,3046
459,1,0,0,25,10796520,3543,0,0,3047
460,8,0,5,20,10800960,3541,0,0,3055
461,4,0,5,20,10809480,3539,0,0,3059
462,5,0,6,19,10832280,3542,0,0,3064
463,4,0,4,21,10851060,3541,0,0,3068
464,8,0,6,19,10870140,3540,0,0,3076
465,11,0,11,14,10889220,3540,0,0,3087
466,6,0,8,17,10926120,3541,0,0,3093
467,5,0,7,18,10946820,3541,0,0,3098
468,10,0,8,17,10979100,3541,0,0,3108
469,6,0,11,14,10989060,3541,0,0,3114
470,11,0,11,14,11041380,3545,0,0,3125
471,9,0,15,10,11055420,3544,0,0,3134
472,4,0,5,20,11128200,3551,0,0,3138
473,8,0,9,16,11144460,3552,0,0,3146
474,13,0,5,20,11189340,3547,0,0,3159
475,8,0,10,15,11200080,3547,0,0,3167
476,6,0,10,15,11222460,3548,0,0,3173
477,5,0,6,19,11267340,3552,0,0,3178
478,6,0,6,19,11291940,3553,0,0,3184
479,3,0,4,21,11304360,3551,0,0,3187
480,3,0,2,23,11327100,3553,0,0,3190
481,2,0,2,23,11332440,3552,0,0,3192
482,3,0,3,22,11334480,3550,0,0,3195
483,4,0,5,20,11343480,3551,0,0,3199
484,4,0,4,21,11363880,3552,0,0,3203
485,4,0,4,21,11374860,3551,0,0,3207
486,5,0,5,20,11388420,3551,0,0,3212
487,6,0,6,19,11409300,3552,0,0,3218
488,7,0,7,18,11436180,3553,0,0,3225
489,5,0,6,19,11459460,3554,0,0,3230
490,10,0,9,16,11482500,3553,0,0,3240
491,8,0,6,19,11509140,3550,0,0,3248
492,9,0,10,15,11526720,3549,0,0,3257
493,9,0,9,16,11559120,3549,0,0,3266
494,12,0,12,13,11572740,3543,0,0,3278
495,5,0,9,16,11608500,3545,0,0,3283
496,17,0,15,10,11649000,3546,0,0,3300
497,10,0,12,13,11696700,3546,0,0,3310
498,7,0,7,18,11749440,3549,0,0,3317
499,6,0,6,19,11774340,3549,0,0,3323
500,6,0,4,21,11791860,3546,0,0,3329
501,8,0,8,17,11810040,3547,0,0,3337
502,6,0,5,20,11839320,3546,0,0,3343
503,2,0,4,21,11854740,3548,0,0,3345
504,3,0,4,21,11869200,3549,0,0,3348
505,7,0,6,19,11884980,3548,0,0,3355
506,2,0,2,23,11902920,3547,0,0,3357
507,9,0,7,18,11913600,3546,0,0,3366
508,9,0,7,18,11942220,3545,0,0,3375
509,5,0,4,21,11964180,3543,0,0,3380
510,10,0,7,18,11983320,3542,0,0,3390
511,4,0,7,18,12003180,3543,0,0,3394
512,7,0,5,20,12038940,3545,0,0,3401
513,13,0,10,15,12055260,3541,0,0,3414
514,8,0,9,16,12088020,3541,0,0,3422
515,11,0,13,12,12117780,3543,0,0,3433
516,6,0,6,19,12176640,3546,0,0,3439
517,6,0,6,19,12189420,3544,0,0,3445
518,10,0,10,15,12216840,3546,0,0,3455
519,9,0,9,16,12251100,3545,0,0,3464
520,8,0,9,16,12272100,3543,0,0,3472
521,4,0,5,20,12311400,3546,0,0,3476
522,8,0,8,17,12336000,3548,0,0,3484
523,9,0,10,15,12360480,3548,0,0,3493
524,5,0,5,20,12404460,3551,0,0,3498
525,5,0,7,18,12411840,3550,0,0,3503
526,9,0,9,16,12445320,3552,0,0,3512
527,4,0,6,19,12463800,3550,0,0,3516
528,6,0,5,20,12494640,3552,0,0,3522
529,3,0,5,20,12513660,3555,0,0,3525
530,3,0,4,21,12536760,3557,0,0,3528
531,4,0,4,21,12552720,3558,0,0,3532
532,9,0,8,17,12569580,3557,0,0,3541
533,3,0,5,20,12590520,3557,0,0,3544
534,6,0,6,19,12613080,3558,0,0,3550
535,5,0,5,20,12628020,3557,0,0,3555
536,4,0,4,21,12647340,3557,0,0,3559
537,8,0,8,17,12654120,3555,0,0,3567
538,10,0,9,16,12677400,3553,0,0,3577
539,9,0,7,18,12710220,3551,0,0,3586
540,9,0,10,15,12742620,3554,0,0,3595
541,14,0,18,7,12754740,3551,0,0,3609
542,11,0,16,9,12805800,3553,0,0,3620
543,9,0,11,14,12876480,3559,0,0,3629
544,7,0,8,17,12921480,3561,0,0,3636
545,4,0,4,21,12960120,3564,0,0,3640
546,9,0,7,18,12974580,3562,0,0,3649
547,3,0,2,23,12993720,3559,0,0,3652
548,9,0,6,19,13005060,3558,0,0,3661
549,6,0,5,20,13021440,3555,0,0,3667
550,3,0,3,22,13043940,3557,0,0,3670
551,6,0,5,20,13057260,3556,0,0,3676
552,6,0,6,19,13068360,3555,0,0,3682
553,6,0,5,20,13102320,3557,0,0,3688
554,1,0,3,22,13112640,3557,0,0,3689
555,4,0,4,21,13124940,3557,0,0,3693
556,3,0,5,20,13130520,3557,0,0,3696
557,9,0,9,16,13154940,3559,0,0,3705
558,5,0,9,16,13167120,3557,0,0,3710
559,11,0,13,12,13194300,3558,0,0,3721
560,7,0,10,15,13240260,3561,0,0,3728
561,7,0,7,18,13285380,3563,0,0,3735
562,5,0,4,21,13312920,3563,0,0,3740
563,7,0,5,20,13329720,3562,0,0,3747
564,7,0,6,19,13342680,3559,0,0,3754
565,12,0,12,13,13362060,3559,0,0,3766
566,8,0,6,19,13400940,3556,0,0,3774
567,5,0,7,18,13413300,3556,0,0,3779
568,7,0,6,19,13442760,3556,0,0,3786
569,6,0,6,19,13464720,3556,0,0,3792
570,5,0,6,19,13479480,3555,0,0,3797
571,11,0,7,18,13509480,3554,0,0,3808
572,3,0,2,23,13531740,3552,0,0,3811
573,9,0,7,18,13547760,3553,0,0,3820
574,5,0,6,19,13561920,3551,0,0,3825
575,5,0,5,20,13592160,3553,0,0,3830
576,8,0,8,17,13604580,3552,0,0,3838
577,5,0,5,20,13635660,3552,0,0,3843
578,5,0,4,21,13660500,3553,0,0,3848
579,9,0,6,19,13676820,3551,0,0,3857
580,10,0,11,14,13689480,3550,0,0,3867
581,10,0,8,17,13733280,3549,0,0,3877
582,4,0,8,17,13757460,3552,0,0,3881
583,8,0,6,19,13795320,3552,0,0,3889
584,9,0,7,18,13825560,3553,0,0,3898
585,4,0,6,19,13846860,3554,0,0,3902
586,9,0,10,15,13870860,3555,0,0,3911
587,5,0,5,20,13918080,3558,0,0,3916
588,11,0,7,18,13940100,3556,0,0,3927
589,8,0,10,15,13953840,3555,0,0,3935
590,14,0,14,11,13997580,3557,0,0,3949
591,9,0,11,14,14037660,3556,0,0,3958
592,8,0,13,12,14058600,3556,0,0,3966
593,9,0,9,16,14130720,3562,0,0,3975
594,9,0,5,20,14172180,3561,0,0,3984
595,8,0,8,17,14196900,3563,0,0,3992
596,5,0,6,19,14222700,3563,0,0,3997
597,3,0,3,22,14247600,3564,0,0,4000
598,2,0,1,24,14262180,3564,0,0,4002
599,6,0,5,20,14269140,3564,0,0,4008
600,5,0,8,17,14274180,3564,0,0,4013
601,8,0,8,17,14306640,3565,0,0,4021
602,2,0,5,20,14328660,3566,0,0,4023
603,2,0,3,22,14350500,3568,0,0,4025
604,4,0,2,23,14360340,3566,0,0,4029
605,5,0,3,22,14379060,3567,0,0,4034
606,7,0,7,18,14388480,3566,0,0,4041
607,7,0,7,18,14413740,3566,0,0,4048
608,6,0,7,18,14425860,3564,0,0,4054
609,2,0,3,22,14459760,3567,0,0,4056
610,7,0,7,18,14475840,3568,0,0,4063
611,11,0,10,15,14497560,3567,0,0,4074
612,12,0,12,13,14521740,3564,0,0,4086
613,8,0,6,19,14579220,3566,0,0,4094
614,10,0,9,16,14605560,3566,0,0,4104
615,9,0,10,15,14635320,3566,0,0,4113
616,8,0,8,17,14671500,3567,0,0,4121
617,7,0,6,19,14702820,3566,0,0,4128
618,4,0,6,19,14711640,3565,0,0,4132
619,11,0,9,16,14739840,3565,0,0,4143
620,7,0,7,18,14772480,3565,0,0,4150
621,7,0,9,16,14788500,3565,0,0,4157
622,4,0,5,20,14827620,3567,0,0,4161
623,5,0,8,17,14836800,3568,0,0,4166
624,4,0,6,19,14869080,3570,0,0,4170
625,5,0,6,19,14892720,3572,0,0,4175
626,3,0,5,20,14916720,3574,0,0,4178
627,2,0,2,23,14943900,3576,0,0,4180
628,3,0,2,23,14951580,3576,0,0,4183
629,6,0,5,20,14956020,3574,0,0,4189
630,3,0,3,22,14971740,3574,0,0,4192
631,10,0,10,15,14978760,3573,0,0,4202
632,1,0,6,19,14996280,3573,0,0,4203
633,12,0,10,15,15018840,3571,0,0,4215
634,20,0,16,9,15058620,3569,0,0,4235
635,12,0,17,8,15096180,3568,0,0,4247
636,9,0,10,15,15174600,3573,0,0,4256
637,13,0,10,15,15213420,3572,0,0,4269
638,7,0,10,15,15239820,3572,0,0,4276
639,2,0,6,19,15263640,3572,0,0,4278
640,5,0,3,22,15301200,3575,0,0,4283
641,6,0,7,18,15309540,3575,0,0,4289
642,6,0,7,18,15325020,3573,0,0,4295
643,9,0,8,17,15345840,3572,0,0,4304
644,8,0,8,17,15368340,3570,0,0,4312
645,12,0,11,14,15405300,3571,0,0,4324
646,5,0,6,19,15442500,3572,0,0,4329
647,6,0,7,18,15455460,3571,0,0,4335
648,6,0,7,18,15485280,3572,0,0,4341
649,2,0,3,22,15512220,3574,0,0,4343
650,2,0,2,23,15520080,3573,0,0,4345
651,5,0,4,21,15530160,3573,0,0,4350
652,4,0,5,20,15543600,3574,0,0,4354
653,3,0,3,22,15560460,3573,0,0,4357
654,12,0,7,18,15574140,3570,0,0,4369
655,6,0,9,16,15583020,3569,0,0,4375
656,5,0,6,19,15621480,3571,0,0,4380
657,2,0,3,22,15646680,3573,0,0,4382
658,8,0,5,20,15664740,3572,0,0,4390
659,10,0,11,14,15670620,3570,0,0,4400
660,8,0,9,16,15701760,3569,0,0,4408
661,7,0,9,16,15731160,3570,0,0,4415
662,15,0,14,11,15772140,3571,0,0,4430
663,9,0,11,14,15812700,3571,0,0,4439
664,7,0,10,15,15854760,3574,0,0,4446
665,12,0,14,11,15877140,3572,0,0,4458
666,11,0,12,13,15917940,3571,0,0,4469
667,7,0,4,21,15978540,3573,0,0,4476
668,0,0,0,25,15997680,3574,0,0,4476
669,9,0,7,18,16001400,3573,0,0,4485
670,5,0,8,17,16015140,3573,0,0,4490
671,6,0,9,16,16034880,3573,0,0,4496
672,4,0,8,17,16058580,3574,0,0,4500
673,4,0,10,15,16062240,3574,0,0,4504
674,4,0,11,14,16071780,3573,0,0,4508
675,5,0,11,14,16089360,3573,0,0,4513
676,6,0,14,11,16092480,3572,0,0,4519
677,7,0,16,9,16116540,3573,0,0,4526
678,8,0,14,11,16142940,3571,0,0,4534
679,5,0,13,12,16165200,3571,0,0,4539
680,6,0,13,12,16193820,3573,0,0,4545
681,5,0,12,13,16213980,3572,0,0,4550
682,10,0,12,13,16233540,3569,0,0,4560
683,9,0,18,7,16248000,3570,0,0,4569
684,9,0,16,9,16279200,3568,0,0,4578
685,10,0,18,7,16306740,3568,0,0,4588
686,11,0,12,13,16354380,3565,0,0,4599
687,8,0,16,9,16375380,3566,0,0,4607
688,8,0,13,12,16407120,3565,0,0,4615
689,9,0,15,10,16425660,3563,0,0,4624
690,9,0,16,9,16451460,3563,0,0,4633
691,3,0,12,13,16474140,3562,0,0,4636
692,8,0,16,9,16494480,3564,0,0,4644
693,4,0,11,14,16530780,3564,0,0,4648
694,7,0,12,13,16555500,3565,0,0,4655
695,1,0,10,15,16569780,3566,0,0,4656
696,7,0,11,14,16588440,3565,0,0,4663
697,3,0,12,13,16597020,3566,0,0,4666
698,5,0,13,12,16609320,3565,0,0,4671
700,3,0,9,16,16643940,3567,0,0,4674
699,0,0,9,16,16643940,3567,0,0,4674
701,1,0,8,17,16653780,3568,0,0,4675
702,5,0,11,14,16659000,3568,0,0,4680
703,6,0,16,9,16661520,3567,0,0,4686
704,5,0,14,11,16689480,3568,0,0,4691
705,3,0,11,14,16716840,3569,0,0,4694
706,5,0,12,13,16735380,3570,0,0,4699
707,10,0,14,11,16747740,3567,0,0,4709
708,7,0,15,10,16767120,3566,0,0,4716
709,7,0,13,12,16798500,3566,0,0,4723
710,14,0,17,8,16817400,3563,0,0,4737
711,11,0,19,6,16854900,3564,0,0,4748
712,5,0,11,14,16902180,3564,0,0,4753
713,9,0,14,11,16929960,3565,0,0,4762
714,12,0,20,5,16947960,3564,0,0,4774
715,2,0,11,14,16981200,3563,0,0,4776
716,4,0,12,13,17005800,3566,0,0,4780
717,7,0,13,12,17021400,3565,0,0,4787
718,2,0,11,14,17047320,3567,0,0,4789
719,3,0,11,14,17063940,3569,0,0,4792
720,7,0,16,9,17072100,3569,0,0,4799
721,5,0,13,12,17107980,3570,0,0,4804
722,5,0,13,12,17133540,3572,0,0,4809
723,3,0,12,13,17144400,3571,0,0,4812
724,6,0,13,12,17175420,3574,0,0,4818
725,3,0,10,15,17188800,3572,0,0,4821
726,10,0,14,11,17204220,3571,0,0,4831
727,3,0,13,12,17222280,3572,0,0,4834
728,7,0,14,11,17244540,3572,0,0,4841
729,7,0,15,10,17263740,3572,0,0,4848
730,9,0,16,9,17277420,3568,0,0,4857
731,11,0,16,9,17331180,3571,0,0,4868
732,9,0,15,10,17357880,3570,0,0,4877
733,4,0,14,11,17383620,3571,0,0,4881
734,11,0,15,10,17433720,3574,0,0,4892
735,14,0,23,2,17440500,3571,0,0,4906
736,6,0,15,10,17488440,3571,0,0,4912
737,10,1,16,9,17523720,3572,0,0,4922
738,9,4,18,7,17540760,3573,2760,0,4931
739,9,1,18,7,17578080,3572,10800,2,4940
740,8,6,14,11,17617560,3574,15060,3,4948
741,2,2,16,9,17644620,3577,27660,5,4950
742,5,0,11,14,17687580,3577,34080,6,4955
743,3,0,10,15,17706000,3578,34080,6,4958
744,6,0,11,14,17720640,3577,34080,6,4964
745,4,0,11,14,17732580,3577,34080,6,4968
746,6,0,11,14,17752860,3577,34080,6,4974
747,4,0,12,13,17764200,3577,34080,6,4978
748,3,0,12,13,17782500,3578,34080,6,4981
749,2,0,10,15,17800680,3579,34080,6,4983
750,5,0,10,15,17817480,3579,34080,6,4988
751,5,0,13,12,17823840,3579,34080,6,4993
752,8,0,14,11,17851380,3579,34080,6,5001
753,8,0,14,11,17876460,3578,34080,6,5009
754,6,0,13,12,17904240,3579,34080,6,5015
755,7,0,17,8,17922120,3580,34080,6,5022
756,7,0,13,12,17962320,3581,34080,6,5029
757,10,0,18,7,17981400,3581,34080,6,5039
758,6,0,15,10,18021060,3582,34080,6,5045
759,6,0,17,8,18040560,3583,34080,6,5051
760,10,0,13,12,18090480,3583,34080,6,5061
761,9,0,15,10,18117180,3584,34080,6,5070
762,5,0,14,11,18130140,3582,34080,6,5075
763,8,0,13,12,18165300,3582,34080,6,5083
764,5,0,14,11,18189720,3584,34080,6,5088
765,10,0,20,5,18201960,3584,34080,6,5098
766,9,0,15,10,18246660,3583,34080,6,5107
767,4,0,13,12,18276360,3585,34080,6,5111
768,2,0,13,12,18289980,3586,34080,6,5113
769,8,0,16,9,18322860,3589,34080,6,5121
770,3,0,11,14,18354480,3589,34080,6,5124
771,2,0,10,15,18367680,3590,34080,6,5126
772,3,0,10,15,18377580,3590,34080,6,5129
773,3,0,9,16,18392640,3590,34080,6,5132
774,8,0,13,12,18399480,3588,34080,6,5140
775,7,0,17,8,18407880,3588,34080,6,5147
776,5,0,15,10,18433020,3588,34080,6,5152
777,9,0,18,7,18459480,3589,34980,6,5161
778,6,0,14,11,18487080,3587,34980,6,5167
779,6,0,12,13,18528540,3590,34980,6,5173
780,3,0,8,17,18550920,3589,34980,6,5176
781,13,0,16,9,18557280,3587,34980,6,5189
782,8,0,14,11,18589680,3586,34980,6,5197
783,15,0,21,4,18618720,3586,34980,6,5212
784,12,0,21,4,18661260,3586,34980,6,5224
785,4,0,16,9,18693180,3586,34980,6,5228
786,6,0,15,10,18740580,3590,35220,6,5234
787,6,0,15,10,18762060,3590,35220,6,5240
788,9,0,14,11,18790560,3589,35220,6,5249
789,7,0,13,12,18822600,3590,35220,6,5256
790,5,0,11,14,18850680,3590,35220,6,5261
791,5,0,12,13,18864000,3590,35220,6,5266
792,11,0,17,8,18884400,3590,35220,6,5277
793,9,0,17,8,18913620,3589,35220,6,5286
794,3,0,14,11,18936060,3589,35220,6,5289
795,6,0,15,10,18970320,3592,35220,6,5295
796,6,0,12,13,19005360,3593,35220,6,5301
797,5,0,12,13,19022940,3593,35220,6,5306
798,4,0,11,14,19040880,3593,35220,6,5310
799,10,0,13,12,19051260,3589,35220,6,5320
800,12,0,20,5,19070580,3590,35220,6,5332
801,4,0,17,8,19094100,3589,35220,6,5336
802,7,0,13,12,19146240,3592,35220,6,5343
803,7,0,14,11,19168560,3592,35220,6,5350
804,11,0,17,8,19194780,3591,35220,6,5361
805,5,0,14,11,19223520,3591,35220,6,5366
806,5,0,9,16,19254360,3590,35220,6,5371
807,9,0,15,10,19258260,3589,35220,6,5380
808,15,0,22,3,19276860,3587,35220,6,5395
809,10,0,22,3,19320840,3589,35220,6,5405
810,8,1,16,9,19374960,3590,35880,6,5413
811,10,0,17,8,19415880,3591,36180,6,5423
812,7,0,16,9,19441500,3590,36180,6,5430
813,6,0,9,16,19482240,3589,36180,6,5436
814,3,0,10,15,19490940,3590,36180,6,5439
815,5,0,14,11,19493880,3590,36180,6,5444
816,1,0,10,15,19518420,3591,36180,6,5445
817,4,0,10,15,19542420,3593,36180,6,5449
818,5,0,13,12,19545240,3592,36180,6,5454
819,2,0,10,15,19562340,3592,36180,6,5456
820,6,0,11,14,19572660,3590,36180,6,5462
821,3,0,9,16,19583760,3589,36180,6,5465
822,8,0,14,11,19595040,3589,36180,6,5473
823,7,0,14,11,19609920,3587,36180,6,5480
824,2,0,11,14,19643220,3590,36180,6,5482
825,7,0,13,12,19664580,3591,36180,6,5489
826,6,0,15,10,19676340,3590,36180,6,5495
827,7,0,17,8,19703820,3592,36180,6,5502
828,12,0,17,8,19742460,3591,36180,6,5514
829,11,0,15,10,19784160,3590,36180,6,5525
830,6,0,13,12,19810080,3590,36180,6,5531
831,14,0,21,4,19834800,3590,36180,6,5545
832,12,0,23,2,19862400,3589,36180,6,5557
833,5,0,16,9,19915560,3590,36180,6,5562
834,9,0,15,10,19952400,3591,36180,6,5571
835,1,0,8,17,19986180,3592,36180,6,5572
836,5,0,9,16,19991700,3590,36180,6,5577
837,8,0,16,9,19991880,3589,36180,6,5585
838,10,0,19,6,20020380,3590,36180,6,5595
839,7,0,16,9,20061900,3591,36180,6,5602
840,4,0,12,13,20096520,3592,36180,6,5606
841,4,0,12,13,20118660,3593,36180,6,5610
842,1,0,9,16,20137740,3594,36180,6,5611
843,1,0,9,16,20143560,3595,36180,6,5612
844,7,0,13,12,20151540,3594,36180,6,5619
845,10,0,16,9,20160060,3591,36180,6,5629
846,7,0,14,11,20196060,3592,36180,6,5636
847,5,0,13,12,20213520,3591,36180,6,5641
848,7,0,14,11,20232540,3591,36180,6,5648
849,5,0,14,11,20251200,3591,36180,6,5653
850,11,0,17,8,20279160,3591,36180,6,5664
851,9,0,13,12,20318820,3589,36180,6,5673
852,3,0,11,14,20333040,3589,36180,6,5676
853,9,0,13,12,20353620,3588,36180,6,5685
854,12,0,19,6,20371860,3587,36180,6,5697
855,9,0,16,9,20400660,3585,36180,6,5706
856,10,0,16,9,20432220,3584,36180,6,5716
857,7,0,14,11,20465100,3584,36180,6,5723
858,10,0,18,7,20480880,3583,36180,6,5733
859,7,0,15,10,20515020,3583,36180,6,5740
860,7,0,16,9,20539920,3584,36180,6,5747
861,8,0,14,11,20580840,3584,36180,6,5755
862,4,0,13,12,20602440,3585,36180,6,5759
863,3,0,9,16,20636040,3587,36180,6,5762
864,5,0,10,15,20647620,3586,36180,6,5767
865,8,0,13,12,20658120,3585,36180,6,5775
866,5,0,10,15,20672340,3582,36180,6,5780
867,4,0,10,15,20685660,3582,36180,6,5784
868,3,0,8,17,20695320,3581,36180,6,5787
869,4,0,12,13,20695320,3581,36180,6,5791
870,7,0,16,9,20709720,3581,36180,6,5798
871,2,0,12,13,20734140,3582,36180,6,5800
872,7,0,14,11,20761080,3583,36180,6,5807
873,11,0,14,11,20792280,3582,36180,6,5818
874,7,0,15,10,20815680,3582,36180,6,5825
875,9,0,19,6,20842200,3584,36180,6,5834
876,11,0,15,10,20895540,3584,36180,6,5845
877,12,0,23,2,20911080,3584,36180,6,5857
878,6,0,14,11,20967960,3584,36180,6,5863
879,8,0,12,13,21008820,3585,36180,6,5871
880,5,0,12,13,21027540,3585,36180,6,5876
881,5,0,13,12,21040920,3585,36180,6,5881
882,3,0,12,13,21064020,3587,36180,6,5884
883,6,0,14,11,21077280,3587,36180,6,5890
884,4,0,15,10,21096060,3588,36180,6,5894
885,4,0,13,12,21122460,3589,36180,6,5898
886,3,0,11,14,21152100,3591,36180,6,5901
887,6,0,14,11,21166920,3591,36180,6,5907
888,6,0,12,13,21187020,3590,36180,6,5913
889,3,0,11,14,21205320,3591,36180,6,5916
890,1,0,10,15,21217140,3591,36180,6,5917
891,3,0,12,13,21223260,3592,36180,6,5920
892,5,0,11,14,21249360,3593,36180,6,5925
893,4,0,8,17,21263700,3591,36180,6,5929
894,4,0,10,15,21267840,3590,36180,6,5933
895,8,0,14,11,21275460,3589,36180,6,5941
896,9,0,16,9,21296280,3588,36180,6,5950
897,6,0,14,11,21318000,3587,36180,6,5956
898,7,0,16,9,21346260,3589,36180,6,5963
899,8,0,15,10,21383520,3590,36180,6,5971
900,7,0,16,9,21410040,3591,36180,6,5978
901,14,0,22,3,21437940,3590,36180,6,5992
902,9,0,17,8,21489480,3591,36180,6,6001
903,8,0,15,10,21521280,3590,36180,6,6009
904,7,0,13,12,21557220,3591,36180,6,6016
905,7,0,13,12,21578400,3590,36180,6,6023
906,6,0,13,12,21600420,3590,36180,6,6029
907,7,0,17,8,21611340,3590,36180,5,6036
908,7,0,15,10,21638640,3589,36180,5,6043
909,5,0,15,10,21657660,3589,36180,5,6048
910,4,0,10,15,21712020,3593,36180,5,6052
911,3,0,11,14,21714300,3592,36180,5,6055
912,1,0,7,18,21734100,3593,36180,5,6056
913,3,0,9,16,21737040,3592,36180,5,6059
914,6,0,14,11,21742320,3593,36180,5,6065
915,4,0,12,13,21761460,3592,36180,5,6069
916,8,0,14,11,21776280,3591,36180,5,6077
917,5,0,12,13,21810660,3593,36180,5,6082
918,7,0,14,11,21825000,3592,36180,5,6089
919,3,0,13,12,21837900,3592,36180,5,6092
920,8,0,14,11,21860880,3591,36180,5,6100
921,10,0,12,13,21893460,3590,36180,5,6110
922,8,0,15,10,21910080,3590,36180,5,6118
923,11,0,20,5,21940380,3591,36180,5,6129
924,9,0,15,10,21980760,3589,36180,5,6138
925,6,0,15,10,22003080,3589,36180,5,6144
926,9,0,14,11,22041720,3590,36180,5,6153
927,8,0,15,10,22057980,3588,36180,5,6161
928,1,0,10,15,22094340,3591,36180,5,6162
929,7,0,10,15,22121220,3591,36180,5,6169
930,11,0,15,10,22130580,3589,36180,5,6180
931,5,0,14,11,22149240,3589,36180,5,6185
932,11,0,20,5,22176660,3590,36180,5,6196
933,7,0,17,8,22206540,3589,36180,5,6203
934,4,0,12,13,22246860,3591,36180,5,6207
935,3,0,13,12,22263120,3592,36180,5,6210
936,5,0,12,13,22293420,3593,36180,5,6215
937,6,0,13,12,22306620,3593,36180,5,6221
938,4,0,10,15,22339320,3594,36180,5,6225
939,1,0,9,16,22353600,3595,36180,5,6226
940,1,0,8,17,22363560,3596,36180,5,6227
941,3,0,11,14,22363560,3596,36180,5,6230
942,5,0,10,15,22379580,3595,36180,5,6235
943,7,0,12,13,22399620,3595,36180,5,6242
944,11,0,16,9,22416420,3594,36180,5,6253
945,8,0,14,11,22443600,3592,36180,5,6261
946,10,0,15,10,22480740,3593,36180,5,6271
947,13,0,21,4,22503540,3593,36180,5,6284
948,8,0,14,11,22550220,3591,36180,5,6292
949,10,0,12,13,22571760,3588,36180,5,6302
950,11,0,15,10,22606140,3589,36180,5,6313
951,5,0,16,9,22618140,3589,36180,5,6318
952,7,0,13,12,22657260,3589,36180,5,6325
953,8,0,15,10,22678080,3589,36180,5,6333
954,7,0,14,11,22700460,3588,36180,5,6340
955,5,0,10,15,22742460,3589,36180,5,6345
956,7,0,14,11,22747920,3589,36180,5,6352
957,5,0,13,12,22766520,3588,36180,5,6357
958,2,0,10,15,22797360,3590,36180,5,6359
959,6,0,12,13,22813800,3591,36180,5,6365
960,4,0,12,13,22823700,3590,36180,5,6369
961,7,0,15,10,22842540,3591,36180,5,6376
962,4,0,10,15,22868640,3590,36180,5,6380
963,3,0,8,17,22886460,3590,36180,5,6383
964,3,0,11,14,22886460,3590,36180,5,6386
965,4,0,10,15,22901340,3589,36180,5,6390
966,5,0,12,13,22912500,3589,36180,5,6395
967,6,0,13,12,22924200,3588,36180,5,6401
968,9,0,16,9,22942020,3588,36180,5,6410
969,9,0,15,10,22965360,3586,36180,5,6419
970,4,0,15,10,22995300,3588,36180,5,6423
971,7,0,12,13,23034540,3589,36180,5,6430
972,5,0,11,14,23052480,3588,36180,5,6435
973,13,0,15,10,23080200,3587,36180,5,6448
974,7,0,13,12,23117460,3588,36180,5,6455
975,7,0,16,9,23135580,3589,36180,5,6462
976,8,0,14,11,23171820,3589,36180,5,6470
977,5,0,12,13,23193060,3588,36180,5,6475
978,5,0,12,13,23211840,3588,36180,5,6480
979,4,0,13,12,23220600,3588,36180,5,6484
980,10,0,17,8,23244960,3588,36180,5,6494
981,4,0,13,12,23277300,3589,36180,5,6498
982,4,0,12,13,23297940,3589,36180,5,6502
983,5,0,13,12,23315580,3590,36180,5,6507
984,7,0,15,10,23331780,3590,36180,5,6514
985,4,0,13,12,23356980,3590,36180,5,6518
986,5,0,10,15,23394960,3592,36180,5,6523
987,4,0,10,15,23402460,3590,36180,5,6527
988,4,0,12,13,23408340,3590,36180,5,6531
989,10,0,18,7,23429580,3591,36180,5,6541
990,5,0,12,13,23470200,3592,36180,5,6546
991,5,0,11,14,23495100,3592,36180,5,6551
992,11,0,18,7,23500680,3591,36180,5,6562
993,8,0,16,9,23526660,3589,36420,5,6570
994,2,0,11,14,23561520,3591,36420,5,6572
995,5,0,13,12,23576220,3591,36420,5,6577
996,11,0,16,9,23597100,3590,36420,5,6588
997,17,0,25,0,23627700,3590,37320,5,6605
998,9,0,19,6,23682900,3591,37320,5,6614
999,7,0,12,13,23745960,3592,37320,5,6621
1000,8,0,17,8,23754180,3592,37320,5,6629
1001,11,0,17,8,23796300,3592,37320,5,6640
1002,6,0,11,14,23834460,3592,37320,5,6646
1003,8,0,16,9,23844060,3592,37320,5,6654
1004,5,0,12,13,23873400,3591,37320,5,6659
1005,7,0,12,13,23890620,3590,37320,5,6666
1006,9,0,15,10,23916060,3591,37320,5,6675
1007,4,0,11,14,23939760,3590,37320,5,6679
1008,4,0,11,14,23966760,3592,37320,5,6683
1009,7,0,16,9,23970960,3591,37320,5,6690
1010,1,0,11,14,23990160,3591,37320,5,6691
1011,3,0,8,17,24023160,3593,37320,5,6694
1012,2,0,10,15,24023160,3593,37320,5,6696
1013,3,0,10,15,24032640,3592,37320,5,6699
1014,7,0,13,12,24040140,3591,37320,5,6706
1015,8,0,14,11,24057480,3590,37320,5,6714
1016,7,0,16,9,24080340,3591,37320,5,6721
1017,9,0,17,8,24104280,3590,37320,5,6730
1018,8,0,14,11,24142980,3590,37320,5,6738
1019,4,0,9,16,24178740,3591,37320,5,6742
1020,9,0,11,14,24191460,3589,37320,5,6751
1021,4,0,12,13,24197340,3588,37320,5,6755
1022,5,0,14,11,24216540,3589,37320,5,6760
1023,11,0,18,7,24237960,3589,37320,5,6771
1024,7,1,19,6,24256860,3589,37320,5,6778
1025,6,0,17,8,24301320,3591,38280,5,6784
1026,8,0,12,13,24354120,3592,38280,5,6792
1027,4,0,13,12,24369000,3592,38280,5,6796
1028,10,0,17,8,24390660,3592,38280,5,6806
1029,4,0,11,14,24423060,3592,38280,5,6810
1030,2,0,11,14,24435180,3592,38280,5,6812
1031,3,0,10,15,24461520,3594,38280,5,6815
1032,6,0,12,13,24474960,3594,38280,5,6821
1033,7,0,12,13,24492300,3593,38280,5,6828
1034,7,0,15,10,24501120,3592,38280,5,6835
1035,3,0,12,13,24531180,3593,38280,5,6838
1036,7,0,13,12,24549420,3593,38280,5,6845
1037,7,0,12,13,24576600,3593,38280,5,6852
1038,6,0,15,10,24587460,3593,38280,5,6858
1039,7,0,12,13,24627600,3593,38280,5,6865
1040,6,0,15,10,24645300,3594,38280,5,6871
1041,10,1,16,9,24674760,3594,38280,5,6881
1042,10,8,15,10,24694140,3595,41700,6,6891
1043,7,3,20,5,24741360,3598,63360,9,6898
1044,11,0,21,4,24774240,3596,79380,11,6909
1045,3,0,10,15,24829860,3597,79380,11,6912
1046,9,0,11,14,24856140,3597,79380,11,6921
1047,9,0,14,11,24864780,3595,79380,11,6930
1048,7,0,16,9,24884400,3595,79380,11,6937
1049,9,0,15,10,24914580,3594,79380,11,6946
1050,12,0,21,4,24939120,3595,79380,11,6958
1051,7,0,18,7,24980700,3595,79380,11,6965
1052,5,0,13,12,25034160,3598,79380,11,6970
1053,4,0,10,15,25066560,3599,79380,11,6974
1054,4,0,9,16,25081800,3599,79380,11,6978
1055,3,0,10,15,25084980,3598,79380,11,6981
1056,9,0,15,10,25093740,3597,79380,11,6990
1057,3,0,13,12,25118340,3598,79380,11,6993
1058,4,0,12,13,25136040,3598,79380,11,6997
1059,10,0,16,9,25163880,3599,79380,11,7007
1060,3,0,11,14,25187220,3598,79380,11,7010
1061,3,0,12,13,25195260,3598,79380,11,7013
1062,7,0,14,11,25223460,3600,79380,11,7020
1063,12,0,19,6,25243500,3599,79380,11,7032
1064,9,0,17,8,25291860,3600,79380,11,7041
1065,8,0,15,10,25325520,3600,79380,11,7049
1066,12,0,22,3,25344000,3600,79380,11,7061
1067,6,0,16,9,25388040,3600,79380,11,7067
1068,10,0,22,3,25406220,3601,79380,11,7077
1069,7,0,16,9,25473300,3604,79380,11,7084
1070,8,0,13,12,25523160,3605,79380,11,7092
1071,10,0,16,9,25551360,3605,79380,11,7102
1072,5,0,14,11,25576080,3605,79380,11,7107
1073,11,0,18,7,25604700,3606,79380,11,7118
1074,14,4,18,7,25630560,3604,79560,11,7132
1075,4,0,14,11,25691460,3607,83400,11,7136
1076,6,0,13,12,25716960,3607,83400,11,7142
1077,5,0,11,14,25743480,3607,83400,11,7147
1078,5,0,15,10,25744500,3607,83400,11,7152
1079,4,0,12,13,25769040,3607,83400,11,7156
1080,3,0,10,15,25790160,3607,83400,11,7159
1081,2,0,9,16,25813380,3609,83400,11,7161
1082,2,0,8,17,25820520,3608,83400,11,7163
1083,3,0,9,16,25822560,3608,83400,11,7166
1084,7,0,13,12,25835160,3608,83400,11,7173
1085,6,0,15,10,25851780,3608,83400,11,7179
1086,3,0,11,14,25884240,3609,83400,11,7182
1087,10,0,17,8,25900440,3609,83400,11,7192
1088,10,0,19,6,25924680,3609,83400,11,7202
1089,7,0,12,13,25983300,3610,83400,11,7209
1090,9,0,13,12,26010060,3610,83400,11,7218
1091,8,0,15,10,26033220,3610,83400,11,7226
1092,14,0,17,8,26070240,3609,83400,11,7240
1093,5,0,18,7,26083020,3609,83400,11,7245
1094,11,0,19,6,26126520,3610,83400,11,7256
1095,16,0,17,8,26179200,3608,83400,11,7272
1096,10,0,16,9,26216940,3608,83400,11,7282
1097,4,0,14,11,26233800,3607,83400,11,7286
1098,13,0,18,7,26270520,3608,83400,11,7299
1099,4,0,15,10,26286120,3606,83400,11,7303
1100,5,0,11,14,26321700,3607,83400,11,7308
1101,7,0,15,10,26345220,3608,83400,11,7315
1102,8,0,15,10,26367660,3608,83400,11,7323
1103,6,0,11,14,26412540,3609,83400,11,7329
1104,4,0,13,12,26414700,3608,83400,11,7333
1105,1,0,10,15,26435220,3609,83400,11,7334
1106,3,0,9,16,26454480,3610,83400,11,7337
1107,2,0,10,15,26457180,3609,83400,11,7339
1108,7,0,11,14,26472660,3609,83400,11,7346
1109,7,0,14,11,26487180,3609,83400,11,7353
1110,6,0,15,10,26497860,3608,83400,11,7359
1111,2,0,11,14,26523420,3608,83400,11,7361
1112,8,0,11,14,26547720,3608,83400,11,7369
1113,11,0,17,8,26555040,3606,83400,11,7380
1114,7,2,16,9,26570760,3605,83400,11,7387
1115,13,0,20,5,26605140,3605,85740,11,7400
1116,11,2,19,6,26658480,3607,92520,12,7411
1117,8,6,15,10,26688300,3607,96240,12,7419
1118,16,8,23,2,26740080,3611,106860,14,7435
1119,15,0,22,3,26792340,3606,148200,19,7450
1120,9,0,14,11,26848620,3606,148200,19,7459
1121,6,0,12,13,26884620,3607,148200,19,7465
1122,6,0,15,10,26891580,3606,148200,19,7471
1123,9,0,15,10,26919540,3606,148200,19,7480
1124,8,0,14,11,26955480,3606,148200,19,7488
1125,6,0,16,9,26971080,3606,148200,19,7494
1126,5,0,16,9,26998260,3607,148200,19,7499
1127,8,0,11,14,27042060,3607,148200,19,7507
1128,2,0,10,15,27050160,3607,148200,19,7509
1129,4,0,12,13,27058800,3607,148200,19,7513
1130,2,0,10,15,27066780,3606,148200,19,7515
1131,5,0,12,13,27079260,3606,148200,19,7520
1132,10,0,13,12,27104520,3605,148200,19,7530
1133,10,0,18,7,27120000,3605,148200,19,7540
1134,6,0,15,10,27146820,3604,148200,19,7546
1135,2,0,11,14,27177420,3605,148200,19,7548
1136,6,0,13,12,27197460,3606,148200,19,7554
1137,8,0,15,10,27211800,3605,148200,19,7562
1138,7,0,14,11,27238560,3605,148200,19,7569
1139,6,0,13,12,27263640,3605,148200,19,7575
1140,4,0,11,14,27285120,3605,148200,19,7579
1141,10,0,13,12,27302220,3603,148200,19,7589
1142,12,0,20,5,27316200,3603,148200,19,7601
1143,9,0,14,11,27371880,3603,148200,19,7610
1144,6,0,11,14,27408840,3604,148200,19,7616
1145,8,0,16,9,27418200,3603,148200,19,7624
1146,6,0,14,11,27439980,3602,148200,19,7630
1147,9,0,13,12,27473400,3602,148200,19,7639
1148,6,0,15,10,27489540,3602,148200,19,7645
1149,6,0,10,15,27534960,3603,148200,19,7651
1150,7,0,14,11,27539640,3602,148200,19,7658
1151,3,0,13,12,27557280,3603,148200,19,7661
1152,4,0,11,14,27591060,3604,148200,19,7665
1153,7,0,15,10,27601200,3604,148200,19,7672
1154,7,0,13,12,27616920,3602,148200,19,7679
1155,3,0,9,16,27647460,3603,148200,19,7682
1156,8,0,12,13,27659640,3602,148200,19,7690
1157,4,0,11,14,27671520,3601,148200,19,7694
1158,8,0,14,11,27693360,3602,148200,19,7702
1159,5,0,13,12,27715020,3602,148200,19,7707
1160,6,0,12,13,27740880,3602,148200,19,7713
1161,9,0,14,11,27760380,3601,148200,19,7722
1162,9,0,15,10,27796200,3602,148200,19,7731
1163,9,0,18,7,27805800,3600,148200,19,7740
1164,10,0,17,8,27844440,3600,148200,19,7750
1165,6,0,17,8,27865080,3600,149400,19,7756
1166,10,0,16,9,27895680,3599,149400,19,7766
1167,13,0,22,3,27934620,3601,149400,19,7779
1168,12,0,19,6,27979260,3600,149400,19,7791
1169,5,0,13,12,28026060,3600,149400,19,7796
1170,8,0,12,13,28055520,3600,149400,19,7804
1171,9,0,16,9,28073220,3600,149400,19,7813
1172,7,0,16,9,28098660,3600,149400,19,7820
1173,3,0,11,14,28132680,3601,149400,19,7823
1174,6,0,12,13,28143060,3600,149400,19,7829
1175,7,0,16,9,28158480,3600,149400,19,7836
1176,6,0,13,12,28189140,3600,149400,19,7842
1177,3,0,10,15,28215180,3601,149400,19,7845
1178,5,0,9,16,28235640,3601,149400,19,7850
1179,4,0,12,13,28239480,3601,149400,19,7854
1180,3,0,11,14,28246560,3600,149400,19,7857
1181,7,0,15,10,28261800,3600,149400,18,7864
1182,7,0,13,12,28298820,3601,149400,18,7871
1183,3,0,11,14,28318860,3601,149400,18,7874
1184,8,0,13,12,28332060,3600,149400,18,7882
1185,6,0,17,8,28341120,3600,149400,18,7888
1186,10,0,17,8,28375020,3600,149400,18,7898
1187,6,0,11,14,28420500,3600,149400,18,7904
1188,10,0,14,11,28446300,3600,149400,18,7914
1189,5,0,13,12,28459260,3599,149400,18,7919
1190,7,0,16,9,28478700,3600,149400,18,7926
1191,10,0,17,8,28500120,3598,149400,18,7936
1192,8,0,15,10,28542240,3599,149400,18,7944
1193,6,0,18,7,28553580,3599,149400,18,7950
1194,7,0,15,10,28602120,3601,149400,18,7957
1195,7,0,13,12,28640400,3602,149400,18,7964
1196,9,0,16,9,28656540,3601,149400,18,7973
1197,7,0,14,11,28687200,3601,149400,18,7980
1198,6,0,12,13,28723560,3602,149400,18,7986
1199,3,0,12,13,28734540,3602,149400,18,7989
1200,5,0,13,12,28760220,3603,149400,18,7994
1201,5,0,10,15,28787100,3603,149400,18,7999
1202,5,0,12,13,28791180,3602,149400,18,8004
1203,9,0,15,10,28809480,3602,149400,18,8013
1204,6,0,17,8,28821660,3601,149400,18,8019
1205,0,0,8,17,28869420,3603,149400,18,8019
1206,6,0,8,17,28883280,3602,149400,18,8025
1207,8,0,13,12,28890540,3602,149400,18,8033
1208,12,0,13,12,28911720,3599,149400,18,8045
1209,3,0,11,14,28924920,3598,149400,18,8048
1210,9,0,15,10,28947360,3599,149400,18,8057
1211,6,0,12,13,28972140,3598,149400,18,8063
1212,11,0,16,9,28994760,3598,149400,18,8074
1213,11,0,19,6,29018640,3597,149400,18,8085
1214,10,0,17,8,29060760,3597,149400,18,8095
1215,5,0,15,10,29084100,3597,149400,18,8100
1216,9,0,13,12,29142480,3599,149400,18,8109
1217,8,0,16,9,29156880,3599,149400,18,8117
1218,5,0,11,14,29191800,3599,149400,18,8122
1219,5,0,12,13,29213400,3599,149400,18,8127
1220,2,0,10,15,29232540,3600,149400,18,8129
1221,6,0,13,12,29239980,3600,149400,18,8135
1222,5,0,12,13,29264040,3600,149400,18,8140
1223,3,0,12,13,29285580,3601,149400,18,8143
1224,4,0,12,13,29304120,3602,149400,18,8147
1225,2,0,9,16,29321280,3602,149400,18,8149
1226,2,0,7,18,29332200,3601,149400,18,8151
1227,2,0,8,17,29332980,3601,149400,18,8153
1228,7,0,13,12,29336040,3600,149400,18,8160
1229,8,0,13,12,29355780,3599,149400,18,8168
1230,4,0,11,14,29378760,3599,149400,18,8172
1231,6,0,14,11,29388600,3599,149400,18,8178
1232,5,0,14,11,29407500,3599,149400,18,8183
1233,9,0,16,9,29432400,3599,149400,18,8192
1234,8,0,13,12,29468820,3599,149400,18,8200
1235,4,0,13,12,29486760,3599,149400,18,8204
1236,9,0,16,9,29507520,3599,149400,18,8213
1237,14,0,19,6,29538720,3598,149400,18,8227
1238,7,0,17,8,29562360,3597,149400,18,8234
1239,9,0,17,8,29603580,3598,149400,18,8243
1240,8,0,13,12,29645340,3598,149400,18,8251
1241,3,0,10,15,29674920,3599,149400,18,8254
1242,7,0,13,12,29682360,3598,149400,18,8261
1243,3,0,9,16,29704200,3598,149400,18,8264
1244,3,0,12,13,29704200,3598,149400,18,8267
1245,6,0,9,16,29739180,3598,149400,18,8273
1246,5,0,11,14,29748960,3598,149400,18,8278
1247,2,0,9,16,29761800,3598,149400,18,8280
1248,1,0,7,18,29777280,3598,149400,18,8281
1249,2,0,9,16,29777280,3598,149400,18,8283
1250,2,0,9,16,29782440,3598,149400,18,8285
1251,5,0,8,17,29799120,3598,149400,18,8290
1252,3,0,11,14,29799120,3598,149400,18,8293
1253,6,0,13,12,29812080,3597,149400,18,8299
1254,3,0,12,13,29823300,3597,149400,17,8302
1255,6,0,15,10,29838960,3598,149400,17,8308
1256,7,0,15,10,29859540,3597,149400,17,8315
1257,9,0,14,11,29901840,3598,149400,17,8324
1258,7,0,15,10,29918160,3597,149400,17,8331
1259,10,0,17,8,29944440,3597,149400,17,8341
1260,6,0,16,9,29967180,3597,149400,17,8347
1261,7,0,18,7,29986680,3597,149400,17,8354
1262,10,0,16,9,30045600,3599,149400,17,8364
1263,5,0,13,12,30069120,3598,149400,17,8369
1264,14,0,15,10,30098280,3596,149400,17,8383
1265,7,0,11,14,30136680,3596,149400,17,8390
1266,10,0,17,8,30151200,3596,149400,17,8400
1267,4,0,12,13,30183840,3596,149400,17,8404
1268,4,0,10,15,30214140,3597,149400,17,8408
1269,8,0,15,10,30219180,3597,149400,17,8416
1270,7,0,15,10,30242400,3596,149400,17,8423
1271,4,0,15,10,30270660,3598,149400,17,8427
1272,5,0,10,15,30311580,3599,149400,17,8432
1273,3,0,11,14,30324360,3599,149400,17,8435
1274,4,0,12,13,30333180,3599,149400,17,8439
1275,6,0,16,9,30336660,3599,149400,17,8445
1276,7,0,14,11,30375780,3599,149400,17,8452
1277,8,0,12,13,30412440,3599,149400,17,8460
1278,8,0,14,11,30431940,3599,149400,17,8468
1279,5,0,13,12,30454980,3599,149400,17,8473
1280,9,0,16,9,30480120,3600,149400,17,8482
1281,8,0,19,6,30494460,3599,149400,17,8490
1282,12,0,19,6,30536220,3599,149400,17,8502
1283,4,0,11,14,30596460,3601,149400,17,8506
1284,6,0,12,13,30613800,3601,149400,17,8512
1285,7,0,13,12,30621480,3599,149400,17,8519
1286,4,0,11,14,30643260,3600,149400,17,8523
1287,7,0,14,11,30658320,3600,149400,17,8530
1288,4,0,10,15,30684660,3599,149400,17,8534
1289,13,0,15,10,30702120,3598,149400,17,8547
1290,5,0,15,10,30716640,3598,149400,17,8552
1291,9,0,13,12,30755460,3597,149400,17,8561
1292,4,0,11,14,30780900,3598,149400,17,8565
1293,11,0,17,8,30800520,3598,149400,17,8576
1294,5,0,14,11,30835260,3599,149400,17,8581
1295,5,0,13,12,30854880,3599,149400,17,8586
1296,7,0,15,10,30885360,3600,149400,17,8593
1297,4,0,10,15,30908760,3599,149400,17,8597
1298,9,0,13,12,30926040,3598,149400,17,8606
1299,8,0,16,9,30938640,3598,149400,17,8614
1300,7,0,16,9,30968940,3598,149400,17,8621
1301,3,0,15,10,30987360,3599,149400,17,8624
1302,11,0,17,8,31033260,3600,149400,17,8635
1303,8,0,15,10,31064880,3600,149400,17,8643
1304,7,0,13,12,31097700,3600,149400,17,8650
1305,9,0,13,12,31126440,3600,149400,17,8659
1306,5,0,12,13,31143180,3599,149400,17,8664
1307,10,0,18,7,31148760,3598,149400,17,8674
1308,12,0,19,6,31197000,3599,149400,17,8686
1309,12,0,21,4,31229700,3599,149400,17,8698
1310,7,0,15,10,31276080,3599,149400,17,8705
1311,7,0,14,11,31307280,3599,149400,17,8712
1312,5,0,13,12,31335120,3600,149400,17,8717
1313,9,0,18,7,31344240,3599,149400,17,8726
1314,13,0,21,4,31388220,3600,149400,17,8739
1315,12,0,16,9,31435920,3598,149400,17,8751
1316,5,2,15,10,31451940,3599,153060,17,8756
1317,5,0,13,12,31502160,3601,159480,18,8761
1318,3,0,11,14,31521780,3601,159480,18,8764
1319,2,0,10,15,31536180,3601,159480,18,8766
1320,1,0,9,16,31555920,3603,159480,18,8767
1321,2,0,9,16,31566960,3603,159480,18,8769
1322,3,0,9,16,31571880,3602,159480,18,8772
1323,7,0,13,12,31582020,3602,159480,18,8779
1324,8,0,15,10,31594440,3601,159480,18,8787
1325,5,0,10,15,31631400,3601,159480,18,8792
1326,5,0,11,14,31642320,3601,159480,18,8797
1327,5,0,13,12,31649400,3601,159480,18,8802
1328,7,0,13,12,31673880,3600,159480,18,8809
1329,5,0,12,13,31699980,3601,159480,18,8814
1330,6,0,11,14,31724220,3601,159480,18,8820
1331,10,0,14,11,31734840,3599,159480,18,8830
1332,4,0,12,13,31754460,3599,159480,18,8834
1333,9,0,12,13,31781280,3598,159480,18,8843
1334,11,0,16,9,31804560,3598,159480,18,8854
1335,12,8,15,10,31821840,3598,161520,18,8866
1336,6,12,14,11,31846020,3600,166800,18,8872
1337,14,21,14,11,31882140,3602,183840,20,8886
1338,8,26,14,11,31910820,3604,198840,22,8894
1339,6,25,17,8,31941180,3605,252120,28,8900
1340,6,22,23,2,31964760,3607,319080,35,8906
1341,6,12,25,0,32029140,3608,474660,53,8912
1342,1,0,11,14,32096340,3605,615960,69,8913
1343,4,0,14,11,32104620,3606,615960,69,8917
1344,6,0,13,12,32140500,3607,615960,69,8923
1345,6,0,18,7,32141400,3606,615960,68,8929
1346,7,0,18,7,32157300,3605,615960,68,8936
1347,10,0,22,3,32183520,3606,616140,68,8946
1348,5,0,19,6,32203140,3605,616140,68,8951
1349,2,0,17,8,32229180,3606,616140,68,8953
1350,6,0,17,8,32254260,3607,616140,68,8959
1351,6,0,18,7,32281500,3608,616140,68,8965
1352,6,0,17,8,32304180,3607,616140,68,8971
1353,10,0,19,6,32324100,3606,616140,68,8981
1354,11,0,17,8,32356740,3605,616140,68,8992
1355,7,0,20,5,32365260,3604,616140,68,8999
1356,10,0,22,3,32399040,3605,616140,68,9009
1357,10,0,23,2,32423880,3604,618420,68,9019
1358,8,2,18,7,32468460,3604,621300,68,9027
1359,12,11,18,7,32488020,3605,625620,69,9039
1360,12,22,17,8,32497500,3606,628200,69,9051
1361,5,25,17,8,32511960,3606,642300,70,9056
1362,7,29,17,8,32541000,3608,658080,72,9063
1363,3,31,16,9,32555220,3609,673380,74,9066
1364,8,36,17,8,32571420,3610,702720,77,9074
1365,7,39,16,9,32584080,3611,706380,77,9081
1366,9,37,25,0,32606040,3612,853920,93,9090
1367,5,34,25,0,32656800,3615,902520,99,9095
1368,4,30,25,0,32697600,3616,1089900,119,9099
1369,5,23,25,0,32744460,3616,1282380,140,9104
1370,6,2,25,0,32806680,3613,1757220,192,9110
1371,8,0,20,5,32837880,3610,1779300,195,9118
1372,0,0,12,13,32870580,3610,1779300,195,9118
1373,6,0,15,10,32873160,3610,1779300,195,9124
1374,7,0,17,8,32880780,3608,1779300,194,9131
1375,3,0,16,9,32889180,3608,1779300,194,9134
1376,5,0,16,9,32908380,3608,1779300,194,9139
1377,6,0,18,7,32915880,3607,1779300,194,9145
1378,5,0,16,9,32941800,3607,1779300,194,9150
1379,9,0,17,8,32956800,3606,1779300,194,9159
1380,12,0,25,0,32963220,3605,1779300,194,9171
1381,6,0,21,4,33009540,3606,1779300,193,9177
1382,7,0,16,9,33052980,3606,1779300,193,9184
1383,9,0,18,7,33064800,3604,1779300,193,9193
1384,10,0,21,4,33096180,3605,1779300,193,9203
1385,9,0,22,3,33115500,3604,1779300,193,9212
1386,4,0,15,10,33162000,3605,1779300,193,9216
1387,9,0,19,6,33176100,3604,1779300,192,9225
1388,5,0,19,6,33191040,3604,1779300,192,9230
1389,1,0,13,12,33224220,3605,1779300,192,9231
1390,8,0,18,7,33229860,3604,1779300,192,9239
1391,5,0,18,7,33244320,3604,1779300,192,9244
1392,9,0,23,2,33268560,3605,1779300,192,9253
1393,3,0,21,4,33292740,3606,1779300,192,9256
1394,5,0,18,7,33333120,3607,1779300,192,9261
1395,3,0,15,10,33362340,3608,1779300,192,9264
1396,4,0,15,10,33372960,3607,1779300,192,9268
1397,3,0,14,11,33383100,3607,1779300,191,9271
1398,5,0,17,8,33393660,3607,1779300,191,9276
1399,5,0,18,7,33400200,3606,1779300,191,9281
1400,9,0,18,7,33422640,3605,1779300,191,9290
1401,12,0,18,7,33457200,3604,1779300,191,9302
1402,6,0,18,7,33474780,3604,1779300,191,9308
1403,10,6,19,6,33480300,3603,1779480,191,9318
1404,11,10,21,4,33509100,3605,1784880,191,9329
1405,9,17,18,7,33535680,3605,1790460,191,9338
1406,11,25,18,7,33561720,3607,1796820,192,9349
1407,8,31,18,7,33581700,3608,1802040,192,9357
1408,8,31,21,4,33613860,3610,1847220,197,9365
1409,8,34,24,1,33621900,3610,1867080,199,9373
1410,9,39,17,8,33670200,3612,1869180,199,9382
1411,6,34,23,2,33704160,3613,1933740,206,9388
1412,8,32,25,0,33734100,3614,2035680,216,9396
1413,3,20,25,0,33784500,3613,2358300,251,9399
1414,7,2,25,0,33832080,3609,2729280,290,9406
1415,5,1,18,7,33862680,3607,2768100,294,9411
1416,1,0,13,12,33895380,3608,2768220,294,9412
1417,9,0,17,8,33902100,3606,2768220,293,9421
1418,3,0,16,9,33922020,3607,2768220,293,9424
1419,4,0,15,10,33939720,3607,2768220,293,9428
1420,3,0,16,9,33951300,3608,2768220,293,9431
1421,8,0,20,5,33962520,3607,2768220,293,9439
1422,13,0,25,0,33987360,3607,2769000,293,9452
1423,6,0,21,4,34017960,3606,2769000,292,9458
1424,11,0,22,3,34060740,3607,2769000,292,9469
1425,9,0,19,6,34100760,3607,2769420,292,9478
1426,8,0,20,5,34128600,3607,2769420,292,9486
1427,15,5,21,4,34154460,3606,2771220,291,9501
1428,5,6,20,5,34189080,3608,2785740,293,9506
1429,6,0,21,4,34221300,3607,2810340,295,9512
1430,5,0,18,7,34251660,3607,2810340,295,9517
1431,9,0,20,5,34266660,3606,2810340,295,9526
1432,4,0,21,4,34281360,3607,2810340,295,9530
1433,10,0,22,3,34312620,3606,2810340,294,9540
1434,12,0,22,3,34358580,3607,2810340,294,9552
1435,8,0,21,4,34389600,3607,2810340,294,9560
1436,5,0,16,9,34439700,3608,2810340,293,9565
1437,5,0,14,11,34461180,3608,2810340,293,9570
1438,2,0,14,11,34469760,3608,2810340,293,9572
1439,9,0,19,6,34472760,3607,2810340,293,9581
1440,5,3,16,9,34491960,3607,2811840,293,9586
1441,3,4,17,8,34500420,3607,2816520,293,9589
1442,10,8,20,5,34522680,3608,2836980,295,9599
1443,6,11,20,5,34547040,3610,2842560,296,9605
1444,7,16,17,8,34573020,3611,2844120,296,9612
1445,4,14,20,5,34602660,3613,2874420,299,9616
1446,8,9,25,0,34632660,3613,2943360,305,9624
1447,13,0,23,2,34680420,3609,3042720,315,9637
1448,3,0,17,8,34709520,3608,3042720,315,9640
1449,4,0,14,11,34741080,3609,3042720,315,9644
1450,5,0,17,8,34745160,3609,3042720,315,9649
1451,3,0,16,9,34756860,3608,3042720,315,9652
1452,10,0,16,9,34782900,3607,3042720,315,9662
1453,2,0,16,9,34792620,3608,3042720,315,9664
1454,9,0,18,7,34812240,3607,3042720,314,9673
1455,6,0,18,7,34828980,3606,3042720,314,9679
1456,7,0,20,5,34849140,3607,3042720,314,9686
1457,7,0,17,8,34879200,3606,3042720,314,9693
1458,5,0,16,9,34902780,3606,3042720,313,9698
1459,7,0,19,6,34911540,3606,3042720,313,9705
1460,7,0,20,5,34925400,3605,3042720,313,9712
1461,7,4,19,6,34942740,3605,3044400,313,9719
1462,7,10,18,7,34956600,3606,3049680,313,9726
1463,6,13,17,8,34989720,3608,3056460,314,9732
1464,3,15,16,9,35008320,3609,3061440,314,9735
1465,5,17,18,7,35016360,3609,3078840,316,9740
1466,5,13,22,3,35050680,3611,3136620,322,9745
1467,4,2,25,0,35087040,3610,3289380,337,9749
1468,6,0,16,9,35126880,3608,3306000,339,9755
1469,5,0,18,7,35139240,3608,3306000,338,9760
1470,3,0,16,9,35163120,3609,3306000,338,9763
1471,11,3,19,6,35181060,3609,3307020,338,9774
1472,5,8,18,7,35184660,3609,3307020,338,9779
1473,9,14,17,8,35215620,3611,3318540,339,9788
1474,8,18,18,7,35241840,3612,3333540,340,9796
1475,9,25,18,7,35254320,3613,3346980,341,9805
1476,7,22,25,0,35279340,3614,3414420,348,9812
1477,9,25,25,0,35311140,3615,3448140,351,9821
1478,8,22,25,0,35365560,3617,3514620,357,9829
1479,6,21,21,4,35412300,3617,3553500,361,9835
1480,9,10,25,0,35463060,3617,3752460,381,9844
1481,8,0,21,4,35503080,3613,3892380,395,9852
1482,3,0,15,10,35540280,3613,3892380,395,9855
1483,4,0,14,11,35557200,3613,3892380,395,9859
1484,6,0,17,8,35569020,3613,3892380,394,9865
1485,6,0,19,6,35590620,3614,3892380,394,9871
1486,8,0,20,5,35609100,3613,3892380,394,9879
1487,7,5,19,6,35630040,3614,3893340,394,9886
1488,6,0,23,2,35671020,3616,3905160,394,9892
1489,2,0,16,9,35709300,3616,3905160,394,9894
1490,5,0,16,9,35729040,3617,3905160,394,9899
1491,1,0,13,12,35743260,3617,3905160,394,9900
1492,3,0,13,12,35746980,3616,3905160,394,9903
1493,4,0,15,10,35748780,3615,3905160,394,9907
1494,5,0,16,9,35758980,3615,3905160,394,9912
1495,5,0,18,7,35770500,3615,3905160,393,9917
1496,7,0,20,5,35790420,3615,3905160,393,9924
1497,8,0,21,4,35806140,3614,3905160,393,9932
1498,6,0,17,8,35849760,3615,3905160,393,9938
1499,11,0,21,4,35866500,3614,3905160,392,9949
1500,10,0,21,4,35893140,3613,3905160,392,9959
1501,4,0,17,8,35917260,3613,3905160,392,9963
1502,10,0,20,5,35937840,3612,3905160,391,9973
1503,12,4,23,2,35961180,3613,3909420,391,9985
1504,13,4,25,0,36001320,3613,3917880,392,9998
1505,5,6,18,7,36033480,3612,3923100,392,10003
1506,8,12,17,8,36055740,3613,3926460,392,10011
1507,5,14,17,8,36082560,3615,3943500,393,10016
1508,7,21,16,9,36090540,3615,3943500,393,10023
1509,5,19,21,4,36109200,3617,4000500,399,10028
1510,6,16,25,0,36143520,3618,4046220,403,10034
1511,3,12,25,0,36176460,3619,4107720,409,10037
1512,5,0,17,8,36242940,3617,4294260,427,10042
1513,4,0,16,9,36257760,3616,4294260,427,10046
1514,7,0,16,9,36282180,3616,4294260,427,10053
1515,5,0,15,10,36297360,3615,4294260,427,10058
1516,2,0,15,10,36308700,3616,4294260,427,10060
1517,3,0,15,10,36315660,3616,4294260,426,10063
1518,6,0,19,6,36327900,3616,4294260,426,10069
1519,6,0,20,5,36351840,3617,4294260,426,10075
1520,7,0,19,6,36378060,3616,4294260,426,10082
1521,8,0,20,5,36404160,3616,4294260,425,10090
1522,12,0,23,2,36440580,3617,4294260,425,10102
1523,12,0,20,5,36475680,3615,4294260,424,10114
1524,8,0,21,4,36486720,3613,4294260,424,10122
1525,8,0,22,3,36511860,3613,4294260,424,10130
1526,11,0,24,1,36547980,3614,4294260,423,10141
1527,6,0,22,3,36577260,3614,4294260,423,10147
1528,6,0,18,7,36612540,3614,4294260,423,10153
1529,9,1,20,5,36630600,3613,4294740,422,10162
1530,5,0,21,4,36655440,3614,4297740,422,10167
1531,10,0,22,3,36684900,3614,4303800,423,10177
1532,9,0,18,7,36730260,3614,4303800,422,10186
1533,10,0,21,4,36747720,3613,4303800,422,10196
1534,5,0,17,8,36784800,3613,4303800,422,10201
1535,8,0,19,6,36803040,3613,4303800,421,10209
1536,4,0,18,7,36821640,3613,4303800,421,10213
1537,5,0,19,6,36842040,3614,4303800,421,10218
1538,2,0,14,11,36874500,3614,4303800,421,10220
1539,7,0,18,7,36886020,3614,4303800,421,10227
1540,5,0,18,7,36900960,3614,4303800,420,10232
1541,2,0,15,10,36916020,3614,4303800,420,10234
1542,9,0,20,5,36928860,3614,4303800,420,10243
1543,5,0,18,7,36952260,3613,4303800,420,10248
1544,8,0,20,5,36973740,3613,4303800,419,10256
1545,13,0,24,1,37000260,3613,4303800,419,10269
1546,7,3,20,5,37032720,3613,4303920,419,10276
1547,8,1,22,3,37076100,3615,4316280,419,10284
1548,15,9,20,5,37106820,3614,4322160,420,10299
1549,5,9,19,6,37139580,3615,4333860,420,10304
1550,12,11,25,0,37159740,3616,4353180,422,10316
1551,8,10,25,0,37201140,3617,4372860,423,10324
1552,7,0,17,8,37271340,3615,4457940,431,10331
1553,6,0,17,8,37290660,3615,4457940,431,10337
1554,6,0,19,6,37299060,3614,4457940,431,10343
1555,4,0,16,9,37324200,3614,4457940,431,10347
1556,6,0,18,7,37335840,3614,4457940,430,10353
1557,6,0,19,6,37353600,3614,4457940,430,10359
1558,9,0,21,4,37381980,3614,4457940,430,10368
1559,3,0,14,11,37423800,3615,4457940,430,10371
1560,3,0,14,11,37435020,3615,4457940,429,10374
1561,2,0,12,13,37448280,3615,4457940,429,10376
1562,5,0,14,11,37453440,3614,4457940,429,10381
1563,2,0,15,10,37458000,3614,4457940,429,10383
1564,9,0,17,8,37473180,3613,4457940,429,10392
1565,3,1,17,8,37475940,3613,4457940,429,10395
1566,7,0,20,5,37503060,3614,4459080,428,10402
1567,8,0,18,7,37547100,3614,4459080,428,10410
1568,9,2,21,4,37556580,3614,4460340,428,10419
1569,6,1,19,6,37591680,3614,4466880,428,10425
1570,10,1,23,2,37614000,3614,4467840,428,10435
1571,5,0,20,5,37658520,3615,4469880,428,10440
1572,8,0,22,3,37685940,3616,4471020,428,10448
1573,9,0,19,6,37732080,3616,4471020,427,10457
1574,4,1,18,7,37743600,3616,4472880,427,10461
1575,4,0,19,6,37762020,3616,4472880,427,10465
1576,2,0,16,9,37794480,3618,4472880,427,10467
1577,7,0,17,8,37818900,3618,4472880,427,10474
1578,8,3,18,7,37831500,3618,4474080,427,10482
1579,6,1,21,4,37858560,3619,4488480,428,10488
1580,6,0,20,5,37883220,3618,4489560,428,10494
1581,7,0,21,4,37908060,3618,4489560,427,10501
1582,7,0,20,5,37933440,3618,4489560,427,10508
1583,7,0,20,5,37960200,3618,4489560,427,10515
1584,5,0,18,7,37987560,3618,4489560,426,10520
1585,1,0,13,12,38014140,3619,4489560,426,10521
1586,4,0,16,9,38014860,3619,4489560,426,10525
1587,6,0,20,5,38026740,3619,4489560,426,10531
1588,6,0,19,6,38056560,3619,4489560,426,10537
1589,7,0,17,8,38085480,3619,4489560,425,10544
1590,3,0,15,10,38100120,3619,4489560,425,10547
1591,9,1,18,7,38123160,3619,4489560,425,10556
1592,9,9,17,8,38132460,3619,4489920,425,10565
1593,8,16,15,10,38149800,3620,4492920,425,10573
1594,8,22,16,9,38160240,3621,4507800,426,10581
1595,11,33,16,9,38160240,3621,4507800,426,10592
1596,8,38,16,9,38189880,3623,4516080,426,10600
1597,11,39,23,2,38214960,3625,4568040,430,10611
1598,9,39,25,0,38227860,3625,4594620,433,10620
1599,4,32,25,0,38283720,3627,4706820,443,10624
1600,10,32,23,2,38343840,3628,4762740,448,10634
1601,7,35,20,5,38369160,3628,4801140,451,10641
1602,4,31,21,4,38405460,3629,4873740,458,10645
1603,5,16,25,0,38453940,3628,5332380,501,10650
1604,6,0,17,8,38487720,3621,5720640,537,10656
1605,3,0,16,9,38499180,3621,5720640,537,10659
1606,4,0,17,8,38514660,3621,5720640,537,10663
1607,2,0,15,10,38537280,3622,5720640,536,10665
1608,7,0,16,9,38553840,3622,5720640,536,10672
1609,4,0,17,8,38565240,3622,5720640,536,10676
1610,7,0,16,9,38590200,3621,5720640,536,10683
1611,5,0,15,10,38601780,3620,5720640,535,10688
1612,3,0,15,10,38611020,3620,5720640,535,10691
1613,3,0,16,9,38619660,3620,5720640,535,10694
1614,13,0,19,6,38632980,3618,5720640,534,10707
1615,3,0,15,10,38653440,3618,5720640,534,10710
1616,6,0,16,9,38667180,3617,5720640,534,10716
1617,10,0,20,5,38685120,3617,5720640,533,10726
1618,9,0,21,4,38722140,3618,5720640,533,10735
1619,9,0,21,4,38752200,3617,5720640,533,10744
1620,8,1,24,1,38763180,3617,5720640,532,10752
1621,13,2,25,0,38811540,3618,5728920,532,10765
1622,9,0,24,1,38839620,3617,5729640,532,10774
1623,9,1,25,0,38868360,3617,5731260,532,10783
1624,5,0,17,8,38940360,3619,5732160,531,10788
1625,11,0,21,4,38966460,3619,5732160,531,10799
1626,8,0,18,7,38995800,3618,5732160,531,10807
1627,7,0,20,5,39017220,3618,5732160,530,10814
1628,10,0,22,3,39038580,3618,5732160,530,10824
1629,5,0,17,8,39080280,3618,5732160,529,10829
1630,10,0,19,6,39100320,3617,5732160,529,10839
1631,9,0,19,6,39128220,3617,5732160,528,10848
1632,7,0,20,5,39151200,3617,5732160,528,10855
1633,7,0,20,5,39186360,3618,5732160,528,10862
1634,4,0,17,8,39207420,3617,5732160,528,10866
1635,3,0,17,8,39216000,3617,5732160,527,10869
1636,4,0,17,8,39229500,3617,5732160,527,10873
1637,5,0,17,8,39247920,3617,5732160,527,10878
1638,3,0,15,10,39270120,3618,5732160,527,10881
1639,7,0,17,8,39286740,3617,5732160,527,10888
1640,6,0,18,7,39293940,3616,5732160,526,10894
1641,10,4,18,7,39318360,3617,5732220,526,10904
1642,11,12,17,8,39348240,3618,5738940,526,10915
1643,8,19,17,8,39356280,3618,5743200,526,10923
1644,12,21,24,1,39383280,3620,5788380,529,10935
1645,11,24,25,0,39417960,3621,5796780,530,10946
1646,8,26,25,0,39454020,3622,5855520,535,10954
1647,3,16,25,0,39513900,3623,5999820,548,10957
1648,12,0,24,1,39571020,3619,6174720,563,10969
1649,5,0,16,9,39594060,3617,6174720,563,10974
1650,11,0,21,4,39611820,3616,6174720,562,10985
1651,8,5,17,8,39636360,3616,6177300,562,10993
1652,4,8,18,7,39636360,3616,6178560,562,10997
1653,5,10,18,7,39665820,3618,6184440,562,11002
1654,6,9,22,3,39690900,3619,6209940,564,11008
1655,13,15,20,5,39723120,3619,6234600,566,11021
1656,5,15,20,5,39753960,3620,6244140,566,11026
1657,6,11,25,0,39775740,3621,6276840,569,11032
1658,1,0,15,10,39847800,3620,6420480,582,11033
1659,9,0,22,3,39854940,3620,6420480,582,11042
1660,5,0,20,5,39886200,3621,6420480,581,11047
1661,3,0,14,11,39930480,3622,6420480,581,11050
1662,11,0,18,7,39940500,3620,6420480,581,11061
1663,7,0,21,4,39950520,3620,6420480,580,11068
1664,7,0,19,6,39976020,3619,6421320,580,11075
1665,14,0,21,4,40027380,3620,6421320,579,11089
1666,7,0,18,7,40060020,3620,6421320,579,11096
1667,5,0,20,5,40071420,3620,6421320,579,11101
1668,12,0,22,3,40088640,3618,6421320,578,11113
1669,9,1,20,5,40128840,3618,6426180,578,11122
1670,11,1,21,4,40156800,3618,6427740,577,11133
1671,12,10,17,8,40183920,3618,6430980,577,11145
1672,5,12,18,7,40198260,3618,6439800,578,11150
1673,5,14,19,6,40204800,3618,6454320,579,11155
1674,11,19,19,6,40240740,3620,6461040,579,11166
1675,11,23,21,4,40268880,3620,6466800,579,11177
1676,6,19,25,0,40301460,3621,6534120,584,11183
1677,7,0,24,1,40354380,3617,6785160,607,11190
1678,5,0,16,9,40395120,3617,6785160,606,11195
1679,2,0,14,11,40419060,3618,6785160,606,11197
1680,4,0,16,9,40426080,3618,6785160,606,11201
1681,4,0,17,8,40430460,3617,6785160,606,11205
1682,5,0,17,8,40450620,3617,6785160,605,11210
1683,0,0,13,12,40464540,3617,6785160,605,11210
1684,6,0,16,9,40474980,3617,6785160,605,11216
1685,10,0,19,6,40488120,3616,6785160,605,11226
1686,6,0,18,7,40502820,3615,6785160,604,11232
1687,9,3,18,7,40527660,3615,6785340,604,11241
1688,4,4,18,7,40543680,3616,6789720,604,11245
1689,4,2,20,5,40566600,3617,6808560,605,11249
1690,9,7,17,8,40583400,3616,6820440,606,11258
1691,8,8,22,3,40604460,3617,6838980,607,11266
1692,8,0,25,0,40642140,3616,6879120,610,11274
1693,12,0,21,4,40690560,3615,6879960,610,11286
1694,4,0,17,8,40717320,3615,6879960,610,11290
1695,5,0,18,7,40735980,3616,6879960,609,11295
1696,11,0,20,5,40760340,3615,6879960,609,11306
1697,8,0,19,6,40789980,3615,6879960,608,11314
1698,4,2,16,9,40813140,3615,6881100,608,11318
1699,4,3,17,8,40829760,3616,6891420,609,11322
1700,5,6,19,6,40829760,3616,6892020,609,11327
1701,7,2,25,0,40864800,3617,6913380,610,11334
1702,7,0,21,4,40911900,3617,6922200,611,11341
1703,5,0,17,8,40948380,3618,6922200,610,11346
1704,9,0,18,7,40977180,3618,6922200,610,11355
1705,3,0,16,9,40990620,3617,6922200,610,11358
1706,5,0,18,7,41005920,3618,6923640,609,11363
1707,5,0,17,8,41018580,3617,6923640,609,11368
1708,4,0,17,8,41039880,3618,6923640,609,11372
1709,4,0,16,9,41068800,3619,6923640,609,11376
1710,11,0,20,5,41082900,3618,6923640,608,11387
1711,4,0,17,8,41105760,3617,6923640,608,11391
1712,8,0,19,6,41121900,3617,6923640,608,11399
1713,8,0,20,5,41154600,3617,6923640,607,11407
1714,5,0,14,11,41192400,3617,6923640,607,11412
1715,6,0,18,7,41197920,3617,6923640,607,11418
1716,15,2,25,0,41216940,3617,6923700,606,11433
1717,14,12,22,3,41244180,3617,6926880,605,11447
1718,15,24,17,8,41298600,3619,6935040,605,11462
1719,11,30,19,6,41313900,3620,6945900,606,11473
1720,5,34,18,7,41325720,3620,6947640,606,11478
1721,12,38,21,4,41362020,3622,6964260,606,11490
1722,3,37,21,4,41385180,3622,6975060,607,11493
1723,7,40,19,6,41411940,3624,6976320,607,11500
1724,8,36,25,0,41446140,3625,7120560,619,11508
1725,10,40,21,4,41473980,3625,7120980,619,11518
1726,7,31,24,1,41525160,3626,7316400,635,11525
1727,4,17,25,0,41568660,3625,7703700,669,11529
1728,4,0,16,9,41619840,3620,8137560,706,11533
1729,3,0,14,11,41634780,3620,8137560,706,11536
1730,5,0,16,9,41643180,3619,8137560,706,11541
1731,5,0,18,7,41649480,3619,8137560,706,11546
1732,4,0,15,10,41672100,3619,8137560,705,11550
1733,0,0,12,13,41691240,3619,8137560,705,11550
1734,5,0,17,8,41691240,3619,8137560,705,11555
1735,3,0,15,10,41701260,3619,8137560,705,11558
1736,7,0,18,7,41717460,3619,8137560,704,11565
1737,11,0,21,4,41734080,3618,8137560,704,11576
1738,13,2,24,1,41746680,3616,8138040,703,11589
1739,4,0,21,4,41806620,3619,8147760,704,11593
1740,5,0,19,6,41829240,3619,8147760,703,11598
1741,5,0,16,9,41862660,3619,8147760,703,11603
1742,10,0,19,6,41887320,3619,8147760,702,11613
1743,11,1,25,0,41893200,3618,8147760,702,11624
1744,5,0,20,5,41950140,3620,8151960,702,11629
1745,10,0,23,2,41987880,3621,8152080,701,11639
1746,8,0,18,7,42029580,3620,8152080,701,11647
1747,6,0,17,8,42053580,3620,8152080,700,11653
1748,8,0,16,9,42085140,3620,8152080,700,11661
1749,5,0,18,7,42091140,3620,8152080,700,11666
1750,3,0,17,8,42100980,3619,8152080,699,11669
1751,7,0,17,8,42124140,3619,8152080,699,11676
1752,8,0,19,6,42144540,3619,8152080,698,11684
1753,6,0,19,6,42164820,3619,8152080,698,11690
1754,5,0,19,6,42182640,3619,8152080,698,11695
1755,3,0,19,6,42205680,3620,8152080,698,11698
1756,3,0,17,8,42231600,3620,8152080,697,11701
1757,3,0,16,9,42246540,3621,8152080,697,11704
1758,6,0,18,7,42264180,3621,8152080,697,11710
1759,4,0,17,8,42281400,3621,8152080,697,11714
1760,9,0,21,4,42302940,3621,8152080,696,11723
1761,5,0,14,11,42347280,3621,8152080,696,11728
1762,10,0,20,5,42354000,3620,8152080,695,11738
1763,7,0,19,6,42374400,3620,8152080,695,11745
1764,6,0,22,3,42388260,3620,8152080,694,11751
1765,13,5,19,6,42431580,3620,8152200,694,11764
1766,10,13,17,8,42462060,3622,8155260,693,11774
1767,7,16,18,7,42483840,3623,8161440,694,11781
1768,7,14,23,2,42507600,3623,8202000,697,11788
1769,7,6,25,0,42536160,3622,8274360,702,11795
1770,7,0,23,2,42583380,3621,8333820,707,11802
1771,6,0,17,8,42619260,3621,8333820,707,11808
1772,13,0,21,4,42649680,3620,8333820,706,11821
1773,6,0,16,9,42680580,3620,8333820,705,11827
1774,5,0,17,8,42692340,3619,8333820,705,11832
1775,4,0,16,9,42711000,3619,8333820,705,11836
1776,10,0,18,7,42727800,3618,8333820,704,11846
1777,5,0,18,7,42751320,3619,8333820,704,11851
1778,4,0,18,7,42768960,3619,8333820,704,11855
1779,7,0,20,5,42794280,3620,8333820,703,11862
1780,5,0,20,5,42817260,3620,8333820,703,11867
1781,5,0,16,9,42847260,3620,8333820,703,11872
1782,6,0,17,8,42862320,3620,8333820,702,11878
1783,4,0,18,7,42873420,3620,8333820,702,11882
1784,4,0,17,8,42897000,3620,8333820,702,11886
1785,2,0,15,10,42915240,3620,8333820,702,11888
1786,4,0,16,9,42930780,3621,8333820,702,11892
1787,8,0,20,5,42940440,3620,8333820,701,11900
1788,6,0,20,5,42961560,3620,8333820,701,11906
1789,11,0,17,8,43011360,3620,8333820,700,11917
1790,7,0,16,9,43031700,3620,8333820,700,11924
1791,11,0,21,4,43042140,3619,8333820,699,11935
1792,8,0,21,4,43068840,3618,8333820,699,11943
1793,8,0,19,6,43096680,3618,8333820,698,11951
1794,11,0,21,4,43130760,3618,8333820,697,11962
1795,11,6,19,6,43166880,3619,8335500,697,11973
1796,5,10,17,8,43185420,3619,8338920,697,11978
1797,7,14,17,8,43207800,3620,8348880,697,11985
1798,6,15,19,6,43229280,3621,8385180,700,11991
1799,5,16,21,4,43239660,3622,8410440,702,11996
1800,3,13,21,4,43265160,3622,8456460,706,11999
1801,4,0,19,6,43321080,3621,8598000,717,12003
1802,4,0,14,11,43350120,3620,8598000,717,12007
1803,5,0,16,9,43354380,3620,8598000,717,12012
1804,5,0,19,6,43361040,3620,8598000,716,12017
1805,6,0,21,4,43387380,3621,8599680,716,12023
1806,7,1,22,3,43403580,3621,8599680,716,12030
1807,11,2,21,4,43457700,3622,8601900,715,12041
1808,6,0,24,1,43481820,3622,8611200,716,12047
1809,10,0,21,4,43525080,3622,8611320,715,12057
1810,10,0,22,3,43556400,3622,8611320,714,12067
1811,7,0,24,1,43571520,3622,8611320,714,12074
1812,13,0,24,1,43626420,3622,8611380,713,12087
1813,20,12,20,5,43666320,3622,8615700,713,12107
1814,11,22,18,7,43685160,3623,8617380,712,12118
1815,9,27,17,8,43724760,3625,8633280,713,12127
1816,13,31,24,1,43734000,3625,8659200,714,12140
1817,10,36,20,5,43781160,3626,8667720,714,12150
1818,8,33,25,0,43806960,3626,8723820,718,12158
1819,8,31,25,0,43851720,3627,8840940,727,12166
1820,5,15,25,0,43912860,3626,9111540,749,12171
1821,5,0,16,9,43960920,3621,9336900,768,12176
1822,5,0,17,8,43979340,3621,9336900,767,12181
1823,8,0,20,5,43999800,3621,9336900,767,12189
1824,4,0,20,5,44016300,3622,9336900,767,12193
1825,6,0,17,8,44056920,3622,9336900,766,12199
1826,5,0,18,7,44076180,3623,9336900,766,12204
1827,4,0,18,7,44086380,3622,9336900,766,12208
1828,3,0,14,11,44119260,3623,9336900,765,12211
1829,12,0,25,0,44121360,3623,9336900,765,12223
1830,8,0,21,4,44154120,3622,9336900,764,12231
1831,7,0,20,5,44194560,3623,9336900,764,12238
1832,6,0,19,6,44216280,3623,9336900,763,12244
1833,10,0,20,5,44250360,3623,9336900,763,12254
1834,4,0,16,9,44275620,3622,9336900,763,12258
1835,11,0,22,3,44295600,3623,9336900,762,12269
1836,5,0,16,9,44335620,3623,9336900,762,12274
1837,10,0,20,5,44349660,3622,9336900,761,12284
1838,5,0,18,7,44372940,3622,9336900,761,12289
1839,9,0,19,6,44392260,3621,9336900,760,12298
1840,9,7,20,5,44400900,3621,9337380,760,12307
1841,4,10,16,9,44433060,3623,9343500,760,12311
1842,17,24,17,8,44449560,3623,9349020,760,12328
1843,4,24,18,7,44473200,3624,9364320,760,12332
1844,6,28,18,7,44485500,3625,9376020,761,12338
1845,6,30,19,6,44509560,3626,9391980,762,12344
1846,4,32,19,6,44528340,3627,9395220,762,12348
1847,5,29,22,3,44561580,3628,9482820,768,12353
1848,4,24,25,0,44588280,3628,9596040,777,12357
1849,4,21,25,0,44624100,3629,9687360,785,12361
1850,2,3,25,0,44690940,3629,10097340,818,12363
1851,4,0,15,10,44727720,3627,10183320,824,12367
1852,2,0,16,9,44731380,3627,10183320,824,12369
1853,4,0,17,8,44744460,3627,10183320,824,12373
1854,5,0,18,7,44765520,3627,10183320,824,12378
1855,9,0,19,6,44786700,3627,10183320,823,12387
1856,5,0,17,8,44811840,3627,10183320,823,12392
1857,6,0,18,7,44835720,3627,10183320,822,12398
1858,10,0,16,9,44864640,3626,10183320,822,12408
1859,13,0,24,1,44877780,3626,10183320,821,12421
1860,8,0,21,4,44912700,3625,10183320,820,12429
1861,7,0,19,6,44941620,3625,10183320,820,12436
1862,7,0,21,4,44957940,3625,10183320,819,12443
1863,14,0,21,4,45010500,3625,10183320,818,12457
1864,15,4,25,0,45040260,3625,10186200,818,12472
1865,4,0,19,6,45086460,3625,10192860,818,12476
1866,9,0,21,4,45120900,3626,10192860,817,12485
1867,4,2,16,9,45150300,3626,10193820,817,12489
1868,4,0,17,8,45172260,3626,10199160,817,12493
1869,2,0,16,9,45179520,3626,10199160,817,12495
1870,5,0,15,10,45209220,3627,10199160,817,12500
1871,4,0,17,8,45212340,3626,10199160,817,12504
1872,4,0,17,8,45223500,3626,10199160,816,12508
1873,4,0,17,8,45248880,3627,10199160,816,12512
1874,7,0,21,4,45264960,3627,10199160,816,12519
1875,6,0,19,6,45288240,3627,10199160,815,12525
1876,8,4,17,8,45306780,3627,10203480,815,12533
1877,6,0,20,5,45335040,3627,10214820,816,12539
1878,11,8,18,7,45356820,3627,10217100,815,12550
1879,6,12,17,8,45375180,3628,10223880,815,12556
1880,10,17,19,6,45394740,3628,10236540,815,12566
1881,4,14,23,2,45417180,3629,10272960,818,12570
1882,9,8,25,0,45465720,3629,10359960,824,12579
1883,9,0,19,6,45520260,3627,10425840,829,12588
1884,8,0,23,2,45529680,3627,10425840,829,12596
1885,11,0,20,5,45567060,3626,10426380,828,12607
1886,17,4,23,2,45614760,3627,10426620,827,12624
1887,5,9,19,6,45632520,3627,10426620,827,12629
1888,7,10,20,5,45669900,3628,10442940,827,12636
1889,13,15,25,0,45687660,3629,10476180,830,12649
1890,6,11,25,0,45751980,3631,10501260,831,12655
1891,5,0,21,4,45802500,3629,10604460,839,12660
1892,7,0,18,7,45828840,3629,10604460,838,12667
1893,6,0,21,4,45840480,3629,10604460,838,12673
1894,3,0,15,10,45876780,3629,10604460,837,12676
1895,1,0,13,12,45893340,3629,10604460,837,12677
1896,2,0,13,12,45906240,3630,10604460,837,12679
1897,4,0,16,9,45907020,3630,10604460,837,12683
1898,4,0,14,11,45927360,3630,10604460,837,12687
1899,1,0,13,12,45932040,3629,10604460,837,12688
1900,2,0,13,12,45944400,3630,10604460,837,12690
1901,5,0,14,11,45949440,3629,10604460,836,12695
1902,11,0,22,3,45954120,3629,10604460,835,12706
1903,3,0,18,7,45979320,3628,10604460,835,12709
1904,5,0,15,10,46012320,3629,10604460,835,12714
1905,9,0,21,4,46026120,3629,10604460,834,12723
1906,5,0,19,6,46048380,3629,10604460,834,12728
1907,8,0,22,3,46070460,3629,10604460,834,12736
1908,9,0,21,4,46103340,3629,10604460,833,12745
1909,10,0,22,3,46132200,3629,10604460,832,12755
1910,5,1,20,5,46152300,3628,10604700,832,12760
1911,7,0,21,4,46183200,3629,10605720,832,12767
1912,13,5,21,4,46220760,3629,10606560,831,12780
1913,6,3,24,1,46251360,3630,10615080,831,12786
1914,4,0,17,8,46298160,3630,10627380,832,12790
1915,3,0,15,10,46326300,3631,10627380,832,12793
1916,7,0,19,6,46338480,3631,10627380,831,12800
1917,3,0,14,11,46360740,3631,10627380,831,12803
1918,1,0,13,12,46368240,3631,10627380,831,12804
1919,4,0,14,11,46376400,3630,10627380,831,12808
1920,3,0,15,10,46380720,3630,10627380,830,12811
1921,1,0,14,11,46386180,3630,10627380,830,12812
1922,4,0,16,9,46398360,3630,10627380,830,12816
1923,4,0,14,11,46413060,3630,10627380,830,12820
1924,4,0,15,10,46422120,3630,10627380,830,12824
1925,7,0,20,5,46423740,3629,10627380,829,12831
1926,6,0,19,6,46444680,3629,10627380,829,12837
1927,11,0,21,4,46480140,3629,10627380,828,12848
1928,7,0,22,3,46502280,3629,10627380,828,12855
1929,10,0,23,2,46551540,3630,10627380,827,12865
1930,8,3,18,7,46578780,3630,10628100,827,12873
1931,11,12,17,8,46597080,3630,10631640,826,12884
1932,3,13,17,8,46615380,3631,10639320,826,12887
1933,5,17,17,8,46620900,3631,10646280,827,12892
1934,13,18,25,0,46655280,3633,10701960,830,12905
1935,16,30,19,6,46698600,3633,10708080,830,12921
1936,7,27,25,0,46723980,3634,10728960,831,12928
1937,6,27,23,2,46751820,3634,10768200,833,12934
1938,7,22,25,0,46807920,3636,10907460,844,12941
1939,4,11,25,0,46860420,3635,11070060,856,12945
1940,1,0,13,12,46911960,3633,11255880,870,12946
1941,5,0,15,10,46919220,3632,11255880,870,12951
1942,7,0,18,7,46929960,3632,11255880,870,12958
1943,3,0,20,5,46932600,3632,11256660,869,12961
1944,3,0,17,8,46971540,3633,11256660,869,12964
1945,5,0,17,8,46988340,3633,11256660,869,12969
1946,4,0,15,10,47010300,3633,11256660,869,12973
1947,2,0,15,10,47016360,3633,11256660,868,12975
1948,5,0,17,8,47028360,3633,11256660,868,12980
1949,4,0,16,9,47046180,3633,11256660,868,12984
1950,4,0,15,10,47065500,3633,11256660,868,12988
1951,10,0,16,9,47079720,3632,11256660,867,12998
1952,7,0,17,8,47098860,3632,11256660,866,13005
1953,7,0,19,6,47120040,3632,11256660,866,13012
1954,5,0,20,5,47133180,3632,11256660,866,13017
1955,9,0,16,9,47175480,3631,11256660,865,13026
1956,7,0,18,7,47195880,3632,11256660,865,13033
1957,10,0,21,4,47212320,3631,11256660,864,13043
1958,14,1,25,0,47242140,3631,11256660,863,13057
1959,11,1,25,0,47280720,3631,11258580,862,13068
1960,11,1,25,0,47327400,3631,11262900,862,13079
1961,3,0,16,9,47383380,3632,11263500,862,13082
1962,11,0,21,4,47395560,3631,11263500,861,13093
1963,4,0,19,6,47424300,3632,11263500,861,13097
1964,5,0,17,8,47458620,3632,11263500,861,13102
1965,9,0,19,6,47477520,3632,11263500,860,13111
1966,6,0,19,6,47497260,3632,11263500,860,13117
1967,4,0,18,7,47517720,3632,11263500,859,13121
1968,4,0,17,8,47538780,3632,11263500,859,13125
1969,1,0,13,12,47561340,3632,11263500,859,13126
1970,4,0,13,12,47566920,3632,11263500,859,13130
1971,1,0,13,12,47572860,3632,11263500,859,13131
1972,6,0,18,7,47574180,3632,11263500,858,13137
1973,7,0,20,5,47589540,3631,11263500,858,13144
1974,3,0,17,8,47616540,3632,11263500,858,13147
1975,4,0,15,10,47640240,3632,11263500,857,13151
1976,2,0,16,9,47643060,3632,11263500,857,13153
1977,10,0,20,5,47658540,3631,11263500,857,13163
1978,11,1,20,5,47680140,3630,11263860,856,13174
1979,4,0,20,5,47708760,3631,11265480,856,13178
1980,9,2,21,4,47734920,3631,11270400,856,13187
1981,9,2,24,1,47759340,3632,11271600,855,13196
1982,10,5,22,3,47806860,3633,11277600,855,13206
1983,8,0,23,2,47846280,3632,11296740,856,13214
1984,12,0,23,2,47883840,3632,11296920,855,13226
1985,16,13,19,6,47913900,3632,11297160,855,13242
1986,10,21,18,7,47936460,3633,11304480,854,13252
1987,9,22,21,4,47973780,3635,11329860,855,13261
1988,9,24,24,1,47995200,3635,11374620,858,13270
1989,8,29,20,5,48033300,3636,11378460,858,13278
1990,5,29,19,6,48073740,3638,11389920,858,13283
1991,7,34,19,6,48088320,3638,11395080,858,13290
1992,2,32,18,7,48124320,3639,11407800,859,13292
1993,4,28,22,3,48138420,3639,11513100,867,13296
1994,4,16,25,0,48183180,3639,11772600,886,13300
1995,5,4,25,0,48232380,3638,12109440,911,13305
1996,3,0,17,8,48265800,3637,12210300,918,13308
1997,5,0,17,8,48278400,3636,12210300,918,13313
1998,4,0,16,9,48298200,3636,12210300,918,13317
1999,8,0,17,8,48317640,3636,12210300,917,13325
2000,7,0,18,7,48334380,3636,12210300,917,13332
2001,5,0,16,9,48359460,3636,12210300,916,13337
2002,8,0,18,7,48377640,3635,12210300,916,13345
2003,8,0,17,8,48401940,3635,12210300,915,13353
2004,10,0,22,3,48409980,3634,12210300,915,13363
2005,11,0,19,6,48453240,3633,12210300,914,13374
2006,4,0,17,8,48464820,3633,12210300,914,13378
2007,15,0,24,1,48493680,3633,12210300,913,13393
2008,9,0,21,4,48529260,3632,12210300,912,13402
2009,9,2,20,5,48548820,3631,12210960,912,13411
2010,6,4,20,5,48577320,3632,12213360,911,13417
2011,5,0,24,1,48606720,3633,12232680,912,13422
2012,4,0,18,7,48649320,3634,12232680,912,13426
2013,4,0,17,8,48664980,3633,12232680,912,13430
2014,5,0,15,10,48694440,3634,12232680,911,13435
2015,2,0,15,10,48705300,3634,12232680,911,13437
2016,10,0,23,2,48709440,3634,12232680,911,13447
2017,7,5,25,0,48709440,3634,12232680,910,13454
2018,8,13,25,0,48709440,3634,12232680,910,13462
2019,6,18,23,2,48733440,3635,12237420,910,13468
2020,3,21,23,2,48733440,3635,12237420,910,13471
2021,3,24,23,2,48733440,3635,12237420,910,13474
2022,7,29,24,1,48743940,3635,12268320,911,13481
2023,5,34,24,1,48743940,3635,12268320,911,13486
2024,5,37,24,1,48757260,3636,12282780,911,13491
2025,5,40,24,1,48757260,3636,12282780,911,13496
2026,9,40,23,2,48763920,3636,12282780,911,13505
2027,12,40,24,1,48772980,3636,12311340,913,13517
2028,5,40,23,2,48778620,3636,12311340,913,13522
2029,7,40,24,1,48784980,3637,12355560,916,13529
2030,9,40,24,1,48784980,3637,12355560,916,13538
2031,6,40,25,0,48792660,3637,12451320,923,13544
2032,8,40,24,1,48813540,3638,12504600,927,13552
2033,8,40,23,2,48818700,3638,12504600,927,13560
2034,5,40,23,2,48818700,3638,12504600,927,13565
2035,9,40,25,0,48829260,3638,12566400,932,13574
2036,8,40,25,0,48829260,3638,12566400,932,13582
2037,11,40,25,0,48850560,3639,12608280,934,13593
2038,4,40,25,0,48850560,3639,12608280,934,13597
2039,3,40,25,0,48863580,3640,12700560,941,13600
2040,5,39,25,0,48876720,3640,12767520,946,13605
2041,4,40,25,0,48888960,3640,12853440,952,13609
2042,3,40,25,0,48894720,3640,12858360,952,13612
2043,7,40,25,0,48908760,3641,12909840,956,13619
2044,7,40,24,1,48925140,3641,12985140,962,13626
2045,7,39,25,0,48935040,3641,13077420,968,13633
2046,5,39,25,0,48945900,3641,13215960,978,13638
2047,5,40,25,0,48954960,3641,13229160,979,13643
2048,5,39,24,1,48970380,3642,13233480,979,13648
2049,9,40,25,0,48977460,3641,13269360,982,13657
2050,5,38,25,0,48989460,3641,13674360,1011,13662
2051,11,40,25,0,48999060,3641,13685940,1012,13673
2052,6,39,25,0,49004880,3641,13689540,1012,13679
2053,14,40,25,0,49007400,3641,13689600,1012,13693
2054,8,39,25,0,49032720,3642,13842360,1023,13701
2055,5,40,24,1,49038000,3641,13843080,1023,13706
2056,6,40,23,2,49049880,3642,13846320,1023,13712
2057,9,39,23,2,49056300,3642,13852620,1023,13721
2058,8,40,24,1,49056300,3642,13878180,1025,13729
2059,5,40,23,2,49059240,3642,13878180,1025,13734
2060,6,40,22,3,49066620,3642,13878180,1025,13740
2061,3,40,22,3,49066620,3642,13878180,1025,13743
2062,6,40,22,3,49066620,3642,13878180,1025,13749
2063,6,40,22,3,49066620,3642,13878180,1025,13755
2064,4,40,22,3,49066620,3642,13878180,1025,13759
2065,5,40,22,3,49066620,3642,13878180,1025,13764
2066,5,40,22,3,49066620,3642,13878180,1025,13769
2067,3,40,22,3,49066620,3642,13878180,1025,13772
2068,5,40,22,3,49066620,3642,13878180,1025,13777
2069,5,40,22,3,49066620,3642,13878180,1025,13782
2070,5,40,22,3,49066620,3642,13878180,1025,13787
2071,7,40,22,3,49066620,3642,13878180,1025,13794
2072,3,40,22,3,49066620,3642,13878180,1025,13797
2073,9,40,22,3,49066620,3642,13878180,1025,13806
2074,8,40,22,3,49066620,3642,13878180,1025,13814
2075,6,40,22,3,49066620,3642,13878180,1025,13820
2076,9,40,22,3,49066620,3642,13878180,1025,13829
2077,10,40,22,3,49066620,3642,13878180,1025,13839
2078,5,40,22,3,49066620,3642,13878180,1025,13844
2079,4,40,22,3,49066620,3642,13878180,1025,13848
2080,5,40,22,3,49066620,3642,13878180,1025,13853
2081,9,40,22,3,49066620,3642,13878180,1025,13862
2082,10,40,22,3,49066620,3642,13878180,1025,13872
2083,10,40,22,3,49066620,3642,13878180,1025,13882
2084,4,40,22,3,49066620,3642,13878180,1025,13886
2085,5,40,22,3,49066620,3642,13878180,1025,13891
2086,5,40,22,3,49066620,3642,13878180,1025,13896
2087,6,40,22,3,49066620,3642,13878180,1025,13902
2088,3,40,22,3,49066620,3642,13878180,1025,13905
2089,3,40,22,3,49066620,3642,13878180,1025,13908
2090,5,40,22,3,49066620,3642,13878180,1025,13913
2091,4,40,22,3,49066620,3642,13878180,1025,13917
2092,4,40,22,3,49066620,3642,13878180,1025,13921
2093,3,40,22,3,49066620,3642,13878180,1025,13924
2094,5,40,22,3,49066620,3642,13878180,1025,13929
2095,7,40,22,3,49066620,3642,13878180,1025,13936
2096,7,40,22,3,49066620,3642,13878180,1025,13943
2097,14,40,22,3,49066620,3642,13878180,1025,13957
2098,12,40,22,3,49066620,3642,13878180,1025,13969
2099,6,40,22,3,49066620,3642,13878180,1025,13975
2100,7,40,22,3,49066620,3642,13878180,1025,13982
2101,10,40,22,3,49066620,3642,13878180,1025,13992
2102,8,40,22,3,49066620,3642,13878180,1025,14000
2103,7,40,22,3,49066620,3642,13878180,1025,14007
2104,11,40,22,3,49066620,3642,13878180,1025,14018
2105,8,40,22,3,49066620,3642,13878180,1025,14026
2106,4,40,22,3,49066620,3642,13878180,1025,14030
2107,7,40,22,3,49066620,3642,13878180,1025,14037
2108,7,40,22,3,49066620,3642,13878180,1025,14044
2109,6,40,22,3,49066620,3642,13878180,1025,14050
2110,3,40,22,3,49066620,3642,13878180,1025,14053
2111,8,40,22,3,49066620,3642,13878180,1025,14061
2112,2,40,22,3,49066620,3642,13878180,1025,14063
2113,5,40,22,3,49066620,3642,13878180,1025,14068
2114,5,40,22,3,49066620,3642,13878180,1025,14073
2115,9,40,22,3,49066620,3642,13878180,1025,14082
2116,7,40,22,3,49066620,3642,13878180,1025,14089
2117,2,40,22,3,49066620,3642,13878180,1025,14091
2118,7,40,22,3,49066620,3642,13878180,1025,14098
2119,5,40,22,3,49066620,3642,13878180,1025,14103
2120,7,40,22,3,49066620,3642,13878180,1025,14110
2121,7,40,22,3,49066620,3642,13878180,1025,14117
2122,7,40,22,3,49066620,3642,13878180,1025,14124
2123,7,40,22,3,49066620,3642,13878180,1025,14131
2124,6,40,22,3,49066620,3642,13878180,1025,14137
2125,10,40,22,3,49066620,3642,13878180,1025,14147
2126,11,40,22,3,49066620,3642,13878180,1025,14158
2127,7,40,22,3,49066620,3642,13878180,1025,14165
2128,6,40,22,3,49066620,3642,13878180,1025,14171
2129,10,40,22,3,49066620,3642,13878180,1025,14181
2130,7,40,22,3,49066620,3642,13878180,1025,14188
2131,9,40,22,3,49066620,3642,13878180,1025,14197
2132,6,40,22,3,49066620,3642,13878180,1025,14203
2133,6,40,22,3,49066620,3642,13878180,1025,14209
2134,3,40,22,3,49066620,3642,13878180,1025,14212
2135,2,40,22,3,49066620,3642,13878180,1025,14214
2136,5,40,22,3,49066620,3642,13878180,1025,14219
2137,3,40,22,3,49066620,3642,13878180,1025,14222
2138,5,40,22,3,49066620,3642,13878180,1025,14227
2139,1,40,22,3,49066620,3642,13878180,1025,14228
2140,2,40,22,3,49066620,3642,13878180,1025,14230
2141,2,40,22,3,49066620,3642,13878180,1025,14232
2142,6,40,22,3,49066620,3642,13878180,1025,14238
2143,5,40,22,3,49066620,3642,13878180,1025,14243
2144,3,40,22,3,49066620,3642,13878180,1025,14246
2145,3,40,22,3,49066620,3642,13878180,1025,14249
2146,6,40,22,3,49066620,3642,13878180,1025,14255
2147,6,40,22,3,49066620,3642,13878180,1025,14261
2148,6,40,22,3,49066620,3642,13878180,1025,14267
2149,6,40,22,3,49066620,3642,13878180,1025,14273
2150,10,40,22,3,49066620,3642,13878180,1025,14283
2151,6,40,22,3,49066620,3642,13878180,1025,14289
2152,7,40,22,3,49066620,3642,13878180,1025,14296
2153,11,40,22,3,49066620,3642,13878180,1025,14307
2154,2,40,22,3,49066620,3642,13878180,1025,14309
2155,11,40,22,3,49066620,3642,13878180,1025,14320
2156,9,40,22,3,49066620,3642,13878180,1025,14329
2157,6,40,22,3,49066620,3642,13878180,1025,14335
2158,9,40,22,3,49066620,3642,13878180,1025,14344
2159,2,40,22,3,49066620,3642,13878180,1025,14346
2160,4,40,22,3,49066620,3642,13878180,1025,14350
2161,3,40,22,3,49066620,3642,13878180,1025,14353
2162,7,40,22,3,49066620,3642,13878180,1025,14360
2163,2,40,22,3,49066620,3642,13878180,1025,14362
2164,3,40,22,3,49066620,3642,13878180,1025,14365
2165,7,40,22,3,49066620,3642,13878180,1025,14372
2166,4,40,22,3,49066620,3642,13878180,1025,14376
2167,14,40,22,3,49066620,3642,13878180,1025,14390
2168,15,40,22,3,49066620,3642,13878180,1025,14405
2169,5,40,22,3,49066620,3642,13878180,1025,14410
2170,6,40,22,3,49066620,3642,13878180,1025,14416
2171,8,40,22,3,49066620,3642,13878180,1025,14424
2172,7,40,22,3,49066620,3642,13878180,1025,14431
2173,8,40,22,3,49066620,3642,13878180,1025,14439
2174,10,40,22,3,49066620,3642,13878180,1025,14449
2175,7,40,22,3,49066620,3642,13878180,1025,14456
2176,13,40,22,3,49066620,3642,13878180,1025,14469
2177,8,40,22,3,49066620,3642,13878180,1025,14477
2178,4,40,22,3,49066620,3642,13878180,1025,14481
2179,5,40,22,3,49066620,3642,13878180,1025,14486
2180,5,40,22,3,49066620,3642,13878180,1025,14491
2181,2,40,22,3,49066620,3642,13878180,1025,14493
2182,2,40,22,3,49066620,3642,13878180,1025,14495
2183,6,40,22,3,49066620,3642,13878180,1025,14501
2184,7,40,22,3,49066620,3642,13878180,1025,14508
2185,5,40,22,3,49066620,3642,13878180,1025,14513
2186,5,40,22,3,49066620,3642,13878180,1025,14518
2187,4,40,22,3,49066620,3642,13878180,1025,14522
2188,11,40,22,3,49066620,3642,13878180,1025,14533
2189,6,40,22,3,49066620,3642,13878180,1025,14539
2190,3,40,22,3,49066620,3642,13878180,1025,14542
2191,9,40,22,3,49066620,3642,13878180,1025,14551
2192,10,40,22,3,49066620,3642,13878180,1025,14561
2193,6,40,22,3,49066620,3642,13878180,1025,14567
2194,7,40,22,3,49066620,3642,13878180,1025,14574
2195,3,40,22,3,49066620,3642,13878180,1025,14577
2196,7,40,22,3,49066620,3642,13878180,1025,14584
2197,11,40,22,3,49066620,3642,13878180,1025,14595
2198,8,40,22,3,49066620,3642,13878180,1025,14603
2199,5,40,22,3,49066620,3642,13878180,1025,14608
2200,13,40,22,3,49066620,3642,13878180,1025,14621
2201,5,40,22,3,49066620,3642,13878180,1025,14626
2202,6,40,22,3,49066620,3642,13878180,1025,14632
2203,4,40,22,3,49066620,3642,13878180,1025,14636
2204,6,40,22,3,49066620,3642,13878180,1025,14642
2205,2,40,22,3,49066620,3642,13878180,1025,14644
2206,7,40,22,3,49066620,3642,13878180,1025,14651
2207,7,40,22,3,49066620,3642,13878180,1025,14658
2208,2,40,22,3,49066620,3642,13878180,1025,14660
2209,5,40,22,3,49066620,3642,13878180,1025,14665
2210,4,40,22,3,49066620,3642,13878180,1025,14669
2211,7,40,22,3,49066620,3642,13878180,1025,14676
2212,5,40,22,3,49066620,3642,13878180,1025,14681
2213,1,40,22,3,49066620,3642,13878180,1025,14682
2214,8,40,22,3,49066620,3642,13878180,1025,14690
2215,4,40,22,3,49066620,3642,13878180,1025,14694
2216,11,40,22,3,49066620,3642,13878180,1025,14705
2217,11,40,22,3,49066620,3642,13878180,1025,14716
2218,6,40,22,3,49066620,3642,13878180,1025,14722
2219,7,40,22,3,49066620,3642,13878180,1025,14729
2220,8,40,22,3,49066620,3642,13878180,1025,14737
2221,8,40,22,3,49066620,3642,13878180,1025,14745
2222,3,40,22,3,49066620,3642,13878180,1025,14748
2223,13,40,22,3,49066620,3642,13878180,1025,14761
2224,9,40,22,3,49066620,3642,13878180,1025,14770
2225,10,40,22,3,49066620,3642,13878180,1025,14780
2226,8,40,22,3,49066620,3642,13878180,1025,14788
2227,6,40,22,3,49066620,3642,13878180,1025,14794
2228,9,40,22,3,49066620,3642,13878180,1025,14803
2229,5,40,22,3,49066620,3642,13878180,1025,14808
2230,1,40,22,3,49066620,3642,13878180,1025,14809
2231,6,40,22,3,49066620,3642,13878180,1025,14815
2232,7,40,22,3,49066620,3642,13878180,1025,14822
2233,1,40,22,3,49066620,3642,13878180,1025,14823
2234,5,40,22,3,49066620,3642,13878180,1025,14828
2235,4,40,22,3,49066620,3642,13878180,1025,14832
2236,5,40,22,3,49066620,3642,13878180,1025,14837
2237,3,40,22,3,49066620,3642,13878180,1025,14840
2238,4,40,22,3,49066620,3642,13878180,1025,14844
2239,8,40,22,3,49066620,3642,13878180,1025,14852
2240,8,40,22,3,49066620,3642,13878180,1025,14860
2241,9,40,22,3,49066620,3642,13878180,1025,14869
2242,6,40,22,3,49066620,3642,13878180,1025,14875
2243,6,40,22,3,49066620,3642,13878180,1025,14881
2244,8,40,22,3,49066620,3642,13878180,1025,14889
2245,4,40,22,3,49066620,3642,13878180,1025,14893
2246,12,40,22,3,49066620,3642,13878180,1025,14905
2247,5,40,22,3,49066620,3642,13878180,1025,14910
2248,3,40,22,3,49066620,3642,13878180,1025,14913
2249,8,40,22,3,49066620,3642,13878180,1025,14921
2250,11,40,22,3,49066620,3642,13878180,1025,14932
2251,7,40,22,3,49066620,3642,13878180,1025,14939
2252,6,40,22,3,49066620,3642,13878180,1025,14945
2253,8,40,22,3,49066620,3642,13878180,1025,14953
2254,7,40,22,3,49066620,3642,13878180,1025,14960
2255,7,40,22,3,49066620,3642,13878180,1025,14967
2256,2,40,22,3,49066620,3642,13878180,1025,14969
2257,4,40,22,3,49066620,3642,13878180,1025,14973
2258,12,40,22,3,49066620,3642,13878180,1025,14985
2259,5,40,22,3,49066620,3642,13878180,1025,14990
2260,2,40,22,3,49066620,3642,13878180,1025,14992
2261,8,40,22,3,49066620,3642,13878180,1025,15000
2262,7,40,22,3,49066620,3642,13878180,1025,15007
2263,8,40,22,3,49066620,3642,13878180,1025,15015
2264,9,40,22,3,49066620,3642,13878180,1025,15024
2265,9,40,22,3,49066620,3642,13878180,1025,15033
2266,4,40,22,3,49066620,3642,13878180,1025,15037
2267,5,40,22,3,49066620,3642,13878180,1025,15042
2268,8,40,22,3,49066620,3642,13878180,1025,15050
2269,5,40,22,3,49066620,3642,13878180,1025,15055
2270,8,40,22,3,49066620,3642,13878180,1025,15063
2271,7,40,22,3,49066620,3642,13878180,1025,15070
2272,8,40,22,3,49066620,3642,13878180,1025,15078
2273,11,40,22,3,49066620,3642,13878180,1025,15089
2274,3,40,22,3,49066620,3642,13878180,1025,15092
2275,13,40,22,3,49066620,3642,13878180,1025,15105
2276,7,40,22,3,49066620,3642,13878180,1025,15112
2277,6,40,22,3,49066620,3642,13878180,1025,15118
2278,7,40,22,3,49066620,3642,13878180,1025,15125
2279,3,40,22,3,49066620,3642,13878180,1025,15128
2280,4,40,22,3,49066620,3642,13878180,1025,15132
2281,7,40,22,3,49066620,3642,13878180,1025,15139
2282,5,40,22,3,49066620,3642,13878180,1025,15144
2283,5,40,22,3,49066620,3642,13878180,1025,15149
2284,7,40,22,3,49066620,3642,13878180,1025,15156
2285,5,40,22,3,49066620,3642,13878180,1025,15161
2286,1,40,22,3,49066620,3642,13878180,1025,15162
2287,10,40,22,3,49066620,3642,13878180,1025,15172
2288,9,40,22,3,49066620,3642,13878180,1025,15181
2289,11,40,22,3,49066620,3642,13878180,1025,15192
2290,9,40,22,3,49066620,3642,13878180,1025,15201
2291,2,40,22,3,49066620,3642,13878180,1025,15203
2292,9,40,22,3,49066620,3642,13878180,1025,15212
2293,4,40,22,3,49066620,3642,13878180,1025,15216
2294,7,40,22,3,49066620,3642,13878180,1025,15223
2295,15,40,22,3,49066620,3642,13878180,1025,15238
2296,7,40,22,3,49066620,3642,13878180,1025,15245
2297,8,40,22,3,49066620,3642,13878180,1025,15253
2298,13,40,22,3,49066620,3642,13878180,1025,15266
2299,12,40,22,3,49066620,3642,13878180,1025,15278
2300,7,40,22,3,49066620,3642,13878180,1025,15285
2301,5,40,22,3,49066620,3642,13878180,1025,15290
2302,6,40,22,3,49066620,3642,13878180,1025,15296
2303,7,40,22,3,49066620,3642,13878180,1025,15303
2304,9,40,22,3,49066620,3642,13878180,1025,15312
2305,4,40,22,3,49066620,3642,13878180,1025,15316
2306,7,40,22,3,49066620,3642,13878180,1025,15323
2307,4,40,22,3,49066620,3642,13878180,1025,15327
2308,8,40,22,3,49066620,3642,13878180,1025,15335
2309,3,40,22,3,49066620,3642,13878180,1025,15338
2310,6,40,22,3,49066620,3642,13878180,1025,15344
2311,8,40,22,3,49066620,3642,13878180,1025,15352
2312,4,40,22,3,49066620,3642,13878180,1025,15356
2313,7,40,22,3,49066620,3642,13878180,1025,15363
2314,10,40,22,3,49066620,3642,13878180,1025,15373
2315,7,40,22,3,49066620,3642,13878180,1025,15380
2316,14,40,22,3,49066620,3642,13878180,1025,15394
2317,7,40,22,3,49066620,3642,13878180,1025,15401
2318,5,40,22,3,49066620,3642,13878180,1025,15406
2319,6,40,22,3,49066620,3642,13878180,1025,15412
2320,8,40,22,3,49066620,3642,13878180,1025,15420
2321,11,40,22,3,49066620,3642,13878180,1025,15431
2322,8,40,22,3,49066620,3642,13878180,1025,15439
2323,9,40,22,3,49066620,3642,13878180,1025,15448
2324,3,40,22,3,49066620,3642,13878180,1025,15451
2325,2,40,22,3,49066620,3642,13878180,1025,15453
2326,3,40,22,3,49066620,3642,13878180,1025,15456
2327,2,40,22,3,49066620,3642,13878180,1025,15458
2328,3,40,22,3,49066620,3642,13878180,1025,15461
2329,9,40,22,3,49066620,3642,13878180,1025,15470
2330,4,40,22,3,49066620,3642,13878180,1025,15474
2331,4,40,22,3,49066620,3642,13878180,1025,15478
2332,4,40,22,3,49066620,3642,13878180,1025,15482
2333,6,40,22,3,49066620,3642,13878180,1025,15488
2334,8,40,22,3,49066620,3642,13878180,1025,15496
2335,7,40,22,3,49066620,3642,13878180,1025,15503
2336,6,40,22,3,49066620,3642,13878180,1025,15509
2337,5,40,22,3,49066620,3642,13878180,1025,15514
2338,5,40,22,3,49066620,3642,13878180,1025,15519
2339,13,40,22,3,49066620,3642,13878180,1025,15532
2340,7,40,22,3,49066620,3642,13878180,1025,15539
2341,10,40,22,3,49066620,3642,13878180,1025,15549
2342,7,40,22,3,49066620,3642,13878180,1025,15556
2343,5,40,22,3,49066620,3642,13878180,1025,15561
2344,4,40,22,3,49066620,3642,13878180,1025,15565
2345,9,40,22,3,49066620,3642,13878180,1025,15574
2346,5,40,22,3,49066620,3642,13878180,1025,15579
2347,5,40,22,3,49066620,3642,13878180,1025,15584
2348,7,40,22,3,49066620,3642,13878180,1025,15591
2349,6,40,22,3,49066620,3642,13878180,1025,15597
2350,5,40,22,3,49066620,3642,13878180,1025,15602
2351,6,40,22,3,49066620,3642,13878180,1025,15608
2352,6,40,22,3,49066620,3642,13878180,1025,15614
2353,1,40,22,3,49066620,3642,13878180,1025,15615
2354,1,40,22,3,49066620,3642,13878180,1025,15616
2355,5,40,22,3,49066620,3642,13878180,1025,15621
2356,3,40,22,3,49066620,3642,13878180,1025,15624
2357,9,40,22,3,49066620,3642,13878180,1025,15633
2358,7,40,22,3,49066620,3642,13878180,1025,15640
2359,4,40,22,3,49066620,3642,13878180,1025,15644
2360,4,40,22,3,49066620,3642,13878180,1025,15648
2361,9,40,22,3,49066620,3642,13878180,1025,15657
2362,5,40,22,3,49066620,3642,13878180,1025,15662
2363,2,40,22,3,49066620,3642,13878180,1025,15664
2364,9,40,22,3,49066620,3642,13878180,1025,15673
2365,19,40,22,3,49066620,3642,13878180,1025,15692
2366,11,40,22,3,49066620,3642,13878180,1025,15703
2367,11,40,22,3,49066620,3642,13878180,1025,15714
2368,8,40,22,3,49066620,3642,13878180,1025,15722
2369,12,40,22,3,49066620,3642,13878180,1025,15734
2370,8,40,22,3,49066620,3642,13878180,1025,15742
2371,11,40,22,3,49066620,3642,13878180,1025,15753
2372,2,40,22,3,49066620,3642,13878180,1025,15755
2373,7,40,22,3,49066620,3642,13878180,1025,15762
2374,9,40,22,3,49066620,3642,13878180,1025,15771
2375,3,40,22,3,49066620,3642,13878180,1025,15774
2376,4,40,22,3,49066620,3642,13878180,1025,15778
2377,3,40,22,3,49066620,3642,13878180,1025,15781
2378,3,40,22,3,49066620,3642,13878180,1025,15784
2379,5,40,22,3,49066620,3642,13878180,1025,15789
2380,6,40,22,3,49066620,3642,13878180,1025,15795
2381,8,40,22,3,49066620,3642,13878180,1025,15803
2382,9,40,22,3,49066620,3642,13878180,1025,15812
2383,6,40,22,3,49066620,3642,13878180,1025,15818
2384,3,40,22,3,49066620,3642,13878180,1025,15821
2385,5,40,22,3,49066620,3642,13878180,1025,15826
2386,7,40,22,3,49066620,3642,13878180,1025,15833
2387,6,40,22,3,49066620,3642,13878180,1025,15839
2388,13,40,22,3,49066620,3642,13878180,1025,15852
2389,1,40,22,3,49066620,3642,13878180,1025,15853
2390,9,40,22,3,49066620,3642,13878180,1025,15862
2391,9,40,22,3,49066620,3642,13878180,1025,15871
2392,3,40,22,3,49066620,3642,13878180,1025,15874
2393,7,40,22,3,49066620,3642,13878180,1025,15881
2394,3,40,22,3,49066620,3642,13878180,1025,15884
2395,6,40,22,3,49066620,3642,13878180,1025,15890
2396,5,40,22,3,49066620,3642,13878180,1025,15895
2397,8,40,22,3,49066620,3642,13878180,1025,15903
2398,4,40,22,3,49066620,3642,13878180,1025,15907
2399,4,40,22,3,49066620,3642,13878180,1025,15911

