Hour,Arrivals,Waiting,Treating,Available Rooms,Total Treatment Time,Average Treatment Time,Total Wait Time,Average Wait Time,Total Arrivals
1,3,0,3,22,0,0,0,0,3
2,3,0,5,20,660,660,0,0,6
3,7,0,7,18,13380,2230,0,0,13
4,5,0,6,19,46200,3850,0,0,18
5,3,0,3,22,64740,3596,0,0,21
6,6,0,6,19,76020,3620,0,0,27
7,8,0,6,19,97620,3366,0,0,35
8,6,0,8,17,114240,3461,0,0,41
9,5,0,5,20,151020,3683,0,0,46
10,6,0,6,19,164520,3576,0,0,52
11,6,0,5,20,185160,3493,0,0,58
12,5,0,5,20,199020,3431,0,0,63
13,10,0,6,19,231660,3457,0,0,73
14,13,0,10,15,246060,3237,0,0,86
15,8,0,11,14,278040,3349,0,0,94
16,8,0,11,14,317160,3485,0,0,102
17,4,0,9,16,335640,3460,0,0,106
18,7,0,6,19,388080,3626,0,0,113
19,5,0,4,21,425820,3735,0,0,118
20,7,0,4,21,444360,3672,0,0,125
21,3,0,5,20,450540,3662,0,0,128
22,5,0,4,21,478500,3709,0,0,133
23,6,0,4,21,493080,3652,0,0,139
24,3,0,4,21,501600,3634,0,0,142
25,3,0,3,22,520500,3665,0,0,145
26,3,0,4,21,525060,3646,0,0,148
27,7,0,5,20,549360,3662,0,0,155
28,9,0,8,17,560460,3592,0,0,164
29,4,0,7,18,572700,3557,0,0,168
30,5,0,5,20,605580,3604,0,0,173
31,6,0,5,20,628020,3609,0,0,179
32,11,0,10,15,648060,3600,0,0,190
33,9,0,15,10,662280,3599,0,0,199
34,11,0,10,15,729600,3648,0,0,210
35,8,0,9,16,765300,3661,0,0,218
36,6,0,6,19,795840,3650,0,0,224
37,11,0,7,18,831300,3646,0,0,235
38,6,0,7,18,849420,3630,0,0,241
39,11,0,9,16,883560,3636,0,0,252
40,13,0,13,12,900600,3573,0,0,265
41,7,0,11,14,935580,3584,0,0,272
42,7,0,7,18,982380,3611,0,0,279
43,5,0,8,17,1008600,3654,0,0,284
44,4,0,3,22,1048440,3678,0,0,288
45,4,0,3,22,1062720,3677,0,0,292
46,3,0,1,24,1078260,3667,0,0,295
47,4,0,5,20,1078260,3667,0,0,299
48,6,0,5,20,1095720,3652,0,0,305
49,10,0,10,15,1109880,3638,0,0,315
50,4,0,5,20,1149180,3659,0,0,319
51,6,0,8,17,1164240,3672,0,0,325
52,4,0,7,18,1195800,3713,0,0,329
53,5,0,6,19,1225800,3737,0,0,334
54,5,0,7,18,1247460,3757,0,0,339
55,3,0,3,22,1273440,3756,0,0,342
56,9,0,4,21,1301280,3750,0,0,351
57,12,0,10,15,1310700,3713,0,0,363
58,9,0,11,14,1348800,3736,0,0,372
59,10,0,8,17,1381200,3693,0,0,382
60,11,0,11,14,1409040,3688,0,0,393
61,11,0,7,18,1461840,3682,0,0,404
62,12,0,10,15,1488960,3667,0,0,416
63,8,0,10,15,1514400,3657,0,0,424
64,7,0,6,19,1556280,3661,0,0,431
65,7,0,5,20,1583580,3657,0,0,438
66,6,0,6,19,1595340,3642,0,0,444
67,6,0,9,16,1601100,3630,0,0,450
68,1,0,1,24,1648500,3663,0,0,451
69,5,0,4,21,1651920,3654,0,0,456
70,7,0,6,19,1670400,3655,0,0,463
71,6,0,5,20,1683660,3628,0,0,469
72,5,0,5,20,1700220,3625,0,0,474
73,2,0,1,24,1725660,3632,0,0,476
74,1,0,1,24,1730400,3635,0,0,477
75,5,0,3,22,1735620,3623,0,0,482
76,7,0,7,18,1741980,3614,0,0,489
77,4,0,7,18,1759380,3620,0,0,493
78,4,0,6,19,1777500,3620,0,0,497
79,6,0,6,19,1803000,3627,0,0,503
80,7,0,7,18,1824720,3627,0,0,510
81,4,0,6,19,1847520,3636,0,0,514
82,9,0,10,15,1865760,3636,0,0,523
83,5,0,7,18,1898220,3643,0,0,528
84,13,0,10,15,1928220,3631,0,0,541
85,10,0,14,11,1952160,3635,0,0,551
86,10,0,9,16,1998240,3620,0,0,561
87,10,0,8,17,2039580,3622,0,0,571
88,6,0,5,20,2073000,3624,0,0,577
89,10,0,9,16,2094720,3624,0,0,587
90,7,0,6,19,2121960,3608,0,0,594
91,10,0,7,18,2151480,3603,0,0,604
92,3,0,4,21,2171640,3601,0,0,607
93,4,0,5,20,2190300,3614,0,0,611
94,5,0,6,19,2208960,3621,0,0,616
95,5,0,7,18,2218380,3612,0,0,621
96,3,0,3,22,2256780,3634,0,0,624
97,4,0,6,19,2259840,3633,0,0,628
98,3,0,2,23,2289360,3639,0,0,631
99,9,0,9,16,2291040,3630,0,0,640
100,4,0,6,19,2315580,3629,0,0,644
101,2,0,4,21,2333280,3634,0,0,646
102,4,0,2,23,2364600,3649,0,0,650
103,4,0,2,23,2377680,3646,0,0,654
104,11,0,10,15,2382780,3637,0,0,665
105,7,0,6,19,2414160,3624,0,0,672
106,7,0,7,18,2443260,3635,0,0,679
107,7,0,10,15,2460480,3639,0,0,686
108,8,0,9,16,2496180,3644,0,0,694
109,4,0,4,21,2528820,3643,0,0,698
110,13,0,9,16,2564220,3652,0,0,711
111,5,0,6,19,2590620,3648,0,0,716
112,4,0,3,22,2612940,3644,0,0,720
113,4,0,3,22,2629740,3647,0,0,724
114,6,0,8,17,2634420,3648,0,0,730
115,7,0,6,19,2664600,3645,0,0,737
116,4,0,4,21,2690220,3650,0,0,741
117,7,0,7,18,2697960,3640,0,0,748
118,4,0,7,18,2712300,3640,0,0,752
119,2,0,1,24,2755140,3658,0,0,754
120,4,0,3,22,2757300,3652,0,0,758
121,6,0,3,22,2775540,3647,0,0,764
122,5,0,4,21,2782740,3637,0,0,769
123,2,0,4,21,2795640,3644,0,0,771
124,9,0,8,17,2807040,3636,0,0,780
125,8,0,8,17,2833740,3633,0,0,788
126,9,0,9,16,2871120,3643,0,0,797
127,11,0,12,13,2889720,3630,0,0,808
128,17,0,14,11,2955060,3643,0,0,825
129,6,0,9,16,2988900,3636,0,0,831
130,11,0,8,17,3031020,3634,0,0,842
131,8,0,8,17,3070320,3646,0,0,850
132,9,0,9,16,3091500,3637,0,0,859
133,5,0,7,18,3122700,3643,0,0,864
134,8,0,4,21,3154140,3633,0,0,872
135,10,0,8,17,3165660,3622,0,0,882
136,5,0,5,20,3195720,3623,0,0,887
137,11,0,10,15,3219840,3625,0,0,898
138,4,0,8,17,3239040,3623,0,0,902
139,9,0,12,13,3260580,3626,0,0,911
140,4,0,8,17,3292620,3630,0,0,915
141,10,0,9,16,3337740,3643,0,0,925
142,2,0,3,22,3369900,3647,0,0,927
143,2,0,2,23,3385740,3652,0,0,929
144,2,0,1,24,3393600,3649,0,0,931
145,2,0,1,24,3395520,3643,0,0,933
146,1,0,2,23,3395520,3643,0,0,934
147,4,0,3,22,3403560,3640,0,0,938
148,6,0,6,19,3409320,3634,0,0,944
149,5,0,4,21,3437640,3637,0,0,949
150,3,0,4,21,3448500,3637,0,0,952
151,8,0,3,22,3475200,3631,0,0,960
152,5,0,6,19,3482160,3631,0,0,965
153,9,0,7,18,3507360,3627,0,0,974
154,7,0,6,19,3532380,3622,0,0,981
155,6,0,7,18,3543780,3616,0,0,987
156,9,0,9,16,3566220,3613,0,0,996
157,12,0,9,16,3603600,3607,0,0,1008
158,11,0,6,19,3642420,3595,0,0,1019
159,6,0,5,20,3662760,3590,0,0,1025
160,13,0,14,11,3676380,3590,0,0,1038
161,10,0,12,13,3717720,3588,0,0,1048
162,4,0,4,21,3764340,3591,0,0,1052
163,10,0,4,21,3783060,3575,0,0,1062
164,10,0,6,19,3801900,3566,0,0,1072
165,6,0,6,19,3813120,3557,0,0,1078
166,7,0,8,17,3834360,3560,0,0,1085
167,4,0,7,18,3863220,3570,0,0,1089
168,3,0,4,21,3891600,3576,0,0,1092
169,3,0,5,20,3900300,3578,0,0,1095
170,2,0,3,22,3919320,3582,0,0,1097
171,2,0,4,21,3926340,3585,0,0,1099
172,7,0,4,21,3949080,3583,0,0,1106
173,6,0,7,18,3955560,3579,0,0,1112
174,7,0,8,17,3976920,3579,0,0,1119
175,6,0,6,19,4001400,3575,0,0,1125
176,11,0,10,15,4026420,3575,0,0,1136
177,8,0,5,20,4056840,3561,0,0,1144
178,18,0,14,11,4073280,3548,0,0,1162
179,7,0,11,14,4102020,3542,0,0,1169
180,10,0,11,14,4155780,3558,0,0,1179
181,9,0,11,14,4173360,3545,0,0,1188
182,7,0,8,17,4209660,3546,0,0,1195
183,10,0,9,16,4243500,3548,0,0,1205
184,4,0,8,17,4275180,3559,0,0,1209
185,8,0,8,17,4308300,3563,0,0,1217
186,5,0,5,20,4340640,3566,0,0,1222
187,8,0,9,16,4354440,3566,0,0,1230
188,6,0,8,17,4373340,3561,0,0,1236
189,4,0,4,21,4408140,3566,0,0,1240
190,3,0,5,20,4416360,3567,0,0,1243
191,1,0,3,22,4436340,3574,0,0,1244
192,10,0,10,15,4453140,3579,0,0,1254
193,6,0,7,18,4492980,3585,0,0,1260
194,3,0,2,23,4523340,3587,0,0,1263
195,7,0,8,17,4531080,3590,0,0,1270
196,4,0,10,15,4538580,3590,0,0,1274
197,4,0,4,21,4590180,3602,0,0,1278
198,3,0,2,23,4608300,3603,0,0,1281
199,10,0,8,17,4616820,3598,0,0,1291
200,10,0,8,17,4641240,3589,0,0,1301
201,6,0,7,18,4667820,3590,0,0,1307
202,6,0,9,16,4687440,3594,0,0,1313
203,9,0,9,16,4724340,3598,0,0,1322
204,7,0,8,17,4749120,3595,0,0,1329
205,16,0,13,12,4772580,3583,0,0,1345
206,8,0,10,15,4815900,3585,0,0,1353
207,14,0,14,11,4856520,3589,0,0,1367
208,12,0,8,17,4897740,3572,0,0,1379
209,6,0,7,18,4934040,3580,0,0,1385
210,9,0,7,18,4966440,3580,0,0,1394
211,10,0,9,16,4987920,3575,0,0,1404
212,5,0,7,18,5019120,3579,0,0,1409
213,1,0,1,24,5045880,3581,0,0,1410
214,8,0,4,21,5054760,3574,0,0,1418
215,1,0,2,23,5066220,3575,0,0,1419
216,5,0,5,20,5067960,3571,0,0,1424
217,5,0,5,20,5092680,3576,0,0,1429
218,1,0,1,24,5109360,3575,0,0,1430
219,9,0,7,18,5113260,3570,0,0,1439
220,4,0,10,15,5123460,3575,0,0,1443
221,6,0,7,18,5168220,3584,0,0,1449
222,8,0,6,19,5191200,3577,0,0,1457
223,6,0,8,17,5208900,3580,0,0,1463
224,7,0,11,14,5227620,3583,0,0,1470
225,9,0,9,16,5272560,3586,0,0,1479
226,9,0,6,19,5313300,3585,0,0,1488
227,7,0,8,17,5330100,3584,0,0,1495
228,8,0,8,17,5355840,3582,0,0,1503
229,7,0,7,18,5387160,3584,0,0,1510
230,9,0,8,17,5410080,3580,0,0,1519
231,16,0,9,16,5452260,3572,0,0,1535
232,9,0,8,17,5486400,3571,0,0,1544
233,10,0,10,15,5514660,3571,0,0,1554
234,6,0,5,20,5554620,3572,0,0,1560
235,6,0,2,23,5581020,3568,0,0,1566
236,5,0,4,21,5586060,3564,0,0,1571
237,1,0,2,23,5600580,3567,0,0,1572
238,3,0,4,21,5607600,3569,0,0,1575
239,5,0,7,18,5621340,3573,0,0,1580
240,6,0,8,17,5636400,3571,0,0,1586
241,5,0,4,21,5678280,3577,0,0,1591
242,4,0,3,22,5695740,3577,0,0,1595
243,7,0,5,20,5706960,3573,0,0,1602
244,3,0,5,20,5711220,3569,0,0,1605
245,5,0,5,20,5733360,3572,0,0,1610
246,3,0,4,21,5752320,3575,0,0,1613
247,5,0,6,19,5766900,3577,0,0,1618
248,4,0,4,21,5782680,3573,0,0,1622
249,7,0,5,20,5796240,3569,0,0,1629
250,8,0,9,16,5809560,3568,0,0,1637
251,8,0,6,19,5836380,3560,0,0,1645
252,5,0,7,18,5852880,3562,0,0,1650
253,9,0,12,13,5874660,3566,0,0,1659
254,7,0,7,18,5929800,3574,0,0,1666
255,5,0,5,20,5955600,3574,0,0,1671
256,7,0,7,18,5980800,3579,0,0,1678
257,5,0,6,19,5989680,3571,0,0,1683
258,6,0,4,21,6019080,3572,0,0,1689
259,8,0,8,17,6028680,3569,0,0,1697
260,6,0,6,19,6055800,3568,0,0,1703
261,4,0,6,19,6070200,3568,0,0,1707
262,7,0,6,19,6098280,3570,0,0,1714
263,2,0,4,21,6113940,3571,0,0,1716
264,4,0,6,19,6138000,3581,0,0,1720
265,4,0,7,18,6153300,3583,0,0,1724
266,5,0,6,19,6171360,3581,0,0,1729
267,0,0,4,21,6185460,3585,0,0,1729
268,0,0,1,24,6210180,3593,0,0,1729
269,8,0,6,19,6219060,3592,0,0,1737
270,4,0,6,19,6232020,3591,0,0,1741
271,7,0,3,22,6252780,3583,0,0,1748
272,9,0,8,17,6266760,3583,0,0,1757
273,12,0,11,14,6294060,3580,0,0,1769
274,9,0,11,14,6320340,3576,0,0,1778
275,9,0,11,14,6356700,3579,0,0,1787
276,10,0,13,12,6396840,3585,0,0,1797
277,14,0,9,16,6461880,3585,0,0,1811
278,6,0,8,17,6480060,3582,0,0,1817
279,8,0,12,13,6504240,3587,0,0,1825
280,7,0,8,17,6549300,3590,0,0,1832
281,6,0,6,19,6588720,3596,0,0,1838
282,4,0,4,21,6604500,3593,0,0,1842
283,9,0,8,17,6619260,3591,0,0,1851
284,5,0,6,19,6640620,3589,0,0,1856
285,8,0,7,18,6665880,3589,0,0,1864
286,5,0,8,17,6673440,3585,0,0,1869
287,6,0,5,20,6722520,3594,0,0,1875
288,5,0,6,19,6740700,3596,0,0,1880
289,3,0,4,21,6762600,3599,0,0,1883
290,4,0,2,23,6785160,3599,0,0,1887
291,9,0,8,17,6791520,3597,0,0,1896
292,5,0,5,20,6821100,3597,0,0,1901
293,5,0,3,22,6848040,3598,0,0,1906
294,10,0,10,15,6858300,3598,0,0,1916
295,11,0,10,15,6885600,3591,0,0,1927
296,6,0,6,19,6934080,3598,0,0,1933
297,9,0,9,16,6951840,3596,0,0,1942
298,9,0,12,13,6975540,3597,0,0,1951
299,8,0,12,13,7007880,3599,0,0,1959
300,11,0,9,16,7063920,3602,0,0,1970
301,12,0,14,11,7087500,3601,0,0,1982
302,7,0,10,15,7134300,3605,0,0,1989
303,6,0,5,20,7159020,3597,0,0,1995
304,2,0,1,24,7193880,3604,0,0,1997
305,7,0,6,19,7194660,3600,0,0,2004
306,6,0,6,19,7204440,3595,0,0,2010
307,6,0,6,19,7229400,3596,0,0,2016
308,6,0,7,18,7239720,3592,0,0,2022
309,4,0,5,20,7267560,3596,0,0,2026
310,6,0,4,21,7291800,3595,0,0,2032
311,3,0,4,21,7304820,3596,0,0,2035
312,7,0,7,18,7314780,3594,0,0,2042
313,5,0,6,19,7336260,3594,0,0,2047
314,3,0,4,21,7346040,3590,0,0,2050
315,7,0,7,18,7370220,3595,0,0,2057
316,5,0,3,22,7398840,3593,0,0,2062
317,7,0,4,21,7416900,3591,0,0,2069
318,4,0,4,21,7431480,3591,0,0,2073
319,3,0,4,21,7440480,3590,0,0,2076
320,12,0,8,17,7449360,3581,0,0,2088
321,8,0,9,16,7473720,3581,0,0,2096
322,7,0,7,18,7508640,3582,0,0,2103
323,7,0,8,17,7529580,3582,0,0,2110
324,9,0,9,16,7564020,3584,0,0,2119
325,6,0,8,17,7593480,3586,0,0,2125
326,9,0,7,18,7624380,3584,0,0,2134
327,3,0,3,22,7659300,3589,0,0,2137
328,14,0,10,15,7676640,3585,0,0,2151
329,7,0,8,17,7694700,3578,0,0,2158
330,7,0,7,18,7725900,3580,0,0,2165
331,7,0,7,18,7753920,3581,0,0,2172
332,3,0,3,22,7772880,3578,0,0,2175
333,9,0,5,20,7800240,3579,0,0,2184
334,7,0,8,17,7807260,3576,0,0,2191
335,6,0,8,17,7830000,3576,0,0,2197
336,8,0,6,19,7862340,3575,0,0,2205
337,4,0,7,18,7875720,3576,0,0,2209
338,6,0,6,19,7904340,3578,0,0,2215
339,5,0,5,20,7923780,3577,0,0,2220
340,5,0,3,22,7948860,3577,0,0,2225
341,3,0,3,22,7954920,3575,0,0,2228
342,5,0,3,22,7969380,3573,0,0,2233
343,8,0,5,20,7984860,3571,0,0,2241
344,6,0,6,19,7999560,3569,0,0,2247
345,3,0,2,23,8027580,3570,0,0,2250
346,12,0,12,13,8029800,3568,0,0,2262
347,10,0,10,15,8064780,3565,0,0,2272
348,10,0,5,20,8120340,3566,0,0,2282
349,8,0,7,18,8139300,3565,0,0,2290
350,4,0,4,21,8158680,3562,0,0,2294
351,14,0,10,15,8178000,3558,0,0,2308
352,9,0,8,17,8208960,3555,0,0,2317
353,7,0,9,16,8233980,3556,0,0,2324
354,2,0,2,23,8275260,3560,0,0,2326
355,3,0,4,21,8284380,3563,0,0,2329
356,1,0,1,24,8294280,3561,0,0,2330
357,10,0,8,17,8303220,3560,0,0,2340
358,4,0,8,17,8316420,3560,0,0,2344
359,1,0,3,22,8356140,3567,0,0,2345
360,2,0,4,21,8364780,3570,0,0,2347
361,6,0,8,17,8379060,3573,0,0,2353
362,6,0,7,18,8404440,3573,0,0,2359
363,4,0,6,19,8420580,3572,0,0,2363
364,5,0,5,20,8445300,3573,0,0,2368
365,4,0,4,21,8459580,3572,0,0,2372
366,6,0,5,20,8475000,3571,0,0,2378
367,7,0,8,17,8486880,3570,0,0,2385
368,8,0,8,17,8512740,3569,0,0,2393
369,9,0,9,16,8539020,3568,0,0,2402
370,12,0,11,14,8575380,3568,0,0,2414
371,9,0,10,15,8617320,3571,0,0,2423
372,12,0,8,17,8658480,3567,0,0,2435
373,5,0,6,19,8684820,3568,0,0,2440
374,8,0,6,19,8708640,3566,0,0,2448
375,6,0,4,21,8730300,3563,0,0,2454
376,4,0,2,23,8747640,3561,0,0,2458
377,9,0,9,16,8748300,3559,0,0,2467
378,4,0,7,18,8762760,3556,0,0,2471
379,8,0,7,18,8796600,3558,0,0,2479
380,8,0,9,16,8814060,3556,0,0,2487
381,11,0,9,16,8853180,3556,0,0,2498
382,4,0,5,20,8875140,3554,0,0,2502
383,7,0,8,17,8892540,3555,0,0,2509
384,3,0,5,20,8912220,3554,0,0,2512
385,6,0,6,19,8941020,3559,0,0,2518
386,4,0,8,17,8947380,3559,0,0,2522
387,5,0,9,16,8969460,3562,0,0,2527
388,6,0,8,17,9003660,3565,0,0,2533
389,8,0,7,18,9047820,3570,0,0,2541
390,7,0,5,20,9069360,3566,0,0,2548
391,5,0,4,21,9086520,3564,0,0,2553
392,3,0,5,20,9094380,3565,0,0,2556
393,4,0,3,22,9117780,3565,0,0,2560
394,13,0,9,16,9126120,3559,0,0,2573
395,5,0,8,17,9150300,3560,0,0,2578
396,11,0,13,12,9174240,3561,0,0,2589
397,14,0,14,11,9225180,3563,0,0,2603
398,11,0,11,14,9257160,3556,0,0,2614
399,13,0,11,14,9311160,3559,0,0,2627
400,9,0,8,17,9349380,3557,0,0,2636
401,7,0,7,18,9378180,3557,0,0,2643
402,8,0,4,21,9414060,3556,0,0,2651
403,6,0,5,20,9429480,3555,0,0,2657
404,12,0,7,18,9451980,3550,0,0,2669
405,4,0,4,21,9472740,3549,0,0,2673
406,5,0,2,23,9493320,3547,0,0,2678
407,6,0,4,21,9509940,3548,0,0,2684
408,5,0,3,22,9524580,3546,0,0,2689
409,5,0,7,18,9532140,3547,0,0,2694
410,3,0,5,20,9554400,3549,0,0,2697
411,4,0,4,21,9569340,3548,0,0,2701
412,0,0,0,25,9598260,3553,0,0,2701
413,4,0,3,22,9599100,3552,0,0,2705
414,5,0,2,23,9607440,3547,0,0,2710
415,13,0,9,16,9613080,3542,0,0,2723
416,7,0,4,21,9646020,3538,0,0,2730
417,8,0,6,19,9667140,3538,0,0,2738
418,9,0,8,17,9682500,3535,0,0,2747
419,12,0,12,13,9709260,3534,0,0,2759
420,10,0,7,18,9753540,3531,0,0,2769
421,7,0,7,18,9788520,3535,0,0,2776
422,7,0,8,17,9804540,3533,0,0,2783
423,13,0,8,17,9853920,3534,0,0,2796
424,16,0,11,14,9888480,3530,0,0,2812
425,10,0,12,13,9914460,3528,0,0,2822
426,7,0,10,15,9959220,3532,0,0,2829
427,8,0,9,16,9989940,3532,0,0,2837
428,6,0,5,20,10027800,3533,0,0,2843
429,7,0,7,18,10041600,3532,0,0,2850
430,5,0,4,21,10065780,3530,0,0,2855
431,5,0,4,21,10080420,3529,0,0,2860
432,3,0,5,20,10091460,3530,0,0,2863
433,2,0,5,20,10101600,3532,0,0,2865
434,5,0,5,20,10126440,3534,0,0,2870
435,1,0,3,22,10142460,3536,0,0,2871
436,11,0,7,18,10159800,3533,0,0,2882
437,5,0,9,16,10169340,3533,0,0,2887
438,8,0,9,16,10210920,3538,0,0,2895
439,6,0,7,18,10242120,3539,0,0,2901
440,7,0,6,19,10276500,3541,0,0,2908
441,7,0,8,17,10291980,3540,0,0,2915
442,4,0,4,21,10319340,3540,0,0,2919
443,3,0,3,22,10340100,3542,0,0,2922
444,9,0,8,17,10352400,3541,0,0,2931
445,5,0,7,18,10371480,3540,0,0,2936
446,9,0,8,17,10398480,3540,0,0,2945
447,5,0,7,18,10422600,3541,0,0,2950
448,9,0,9,16,10444980,3540,0,0,2959
449,10,0,9,16,10476960,3539,0,0,2969
450,9,0,11,14,10508700,3541,0,0,2978
451,6,0,7,18,10544640,3542,0,0,2984
452,6,0,8,17,10575480,3546,0,0,2990
453,7,0,7,18,10606020,3547,0,0,2997
454,6,0,8,17,10622340,3546,0,0,3003
455,5,0,3,22,10664880,3549,0,0,3008
456,7,0,8,17,10668240,3547,0,0,3015
457,5,0,6,19,10692360,3547,0,0,3020
458,7,0,7,18,10724940,3551,0,0,3027
459,2,0,3,22,10747620,3551,0,0,3029
460,4,0,4,21,10763160,3553,0,0,3033
461,4,0,5,20,10771200,3552,0,0,3037
462,7,0,7,18,10792380,3553,0,0,3044
463,6,0,5,20,10812840,3551,0,0,3050
464,7,0,7,18,10829880,3550,0,0,3057
465,7,0,6,19,10854600,3549,0,0,3064
466,6,0,6,19,10877700,3550,0,0,3070
467,8,0,7,18,10893240,3547,0,0,3078
468,13,0,6,19,10937580,3545,0,0,3091
469,12,0,7,18,10967700,3542,0,0,3103
470,17,0,14,11,10986540,3537,0,0,3120
471,11,0,11,14,11034060,3536,0,0,3131
472,10,0,11,14,11075940,3538,0,0,3141
473,9,0,8,17,11120940,3539,0,0,3150
474,11,0,10,15,11154360,3539,0,0,3161
475,11,0,12,13,11179200,3537,0,0,3172
476,5,0,8,17,11222880,3541,0,0,3177
477,4,0,4,21,11254800,3542,0,0,3181
478,7,0,5,20,11288400,3546,0,0,3188
479,4,0,3,22,11310540,3546,0,0,3192
480,3,0,1,24,11326860,3546,0,0,3195
481,0,0,0,25,11331540,3546,0,0,3195
482,3,0,3,22,11331540,3546,0,0,3198
483,4,0,6,19,11332440,3545,0,0,3202
484,4,0,2,23,11356920,3544,0,0,3206
485,6,0,4,21,11372580,3545,0,0,3212
486,7,0,7,18,11381820,3543,0,0,3219
487,9,0,5,20,11417880,3542,0,0,3228
488,9,0,7,18,11441760,3542,0,0,3237
489,5,0,5,20,11461740,3540,0,0,3242
490,11,0,12,13,11470740,3539,0,0,3253
491,11,0,11,14,11512680,3539,0,0,3264
492,11,0,11,14,11559300,3541,0,0,3275
493,15,0,18,7,11602860,3546,0,0,3290
494,12,0,14,11,11653740,3544,0,0,3302
495,6,0,7,18,11710260,3547,0,0,3308
496,17,0,13,12,11744400,3546,0,0,3325
497,6,0,7,18,11785740,3545,0,0,3331
498,6,0,5,20,11815140,3545,0,0,3337
499,5,0,3,22,11840760,3546,0,0,3342
500,9,0,8,17,11848380,3544,0,0,3351
501,5,0,6,19,11870160,3543,0,0,3356
502,2,0,3,22,11890500,3544,0,0,3358
503,6,0,3,22,11916300,3545,0,0,3364
504,4,0,4,21,11926980,3545,0,0,3368
505,7,0,4,21,11947200,3544,0,0,3375
506,5,0,8,17,11949360,3543,0,0,3380
507,8,0,7,18,11982000,3543,0,0,3388
508,6,0,6,19,11995260,3540,0,0,3394
509,5,0,3,22,12025860,3541,0,0,3399
510,3,0,0,25,12047160,3541,0,0,3402
511,3,0,1,24,12050460,3540,0,0,3405
512,6,0,6,19,12051360,3539,0,0,3411
513,7,0,6,19,12075300,3539,0,0,3418
514,12,0,15,10,12087060,3539,0,0,3430
515,9,0,13,12,12127140,3539,0,0,3439
516,9,0,11,14,12166860,3539,0,0,3448
517,10,0,10,15,12211800,3541,0,0,3458
518,9,0,13,12,12237360,3542,0,0,3467
519,10,0,14,11,12273300,3544,0,0,3477
520,7,0,3,22,12337740,3544,0,0,3484
521,6,0,3,22,12361560,3545,0,0,3490
522,10,0,7,18,12369060,3541,0,0,3500
523,4,0,5,20,12388440,3540,0,0,3504
524,4,0,4,21,12406500,3540,0,0,3508
525,5,0,3,22,12427920,3540,0,0,3513
526,7,0,7,18,12435060,3539,0,0,3520
527,4,0,5,20,12458160,3540,0,0,3524
528,4,0,3,22,12479340,3540,0,0,3528
529,4,0,6,19,12484680,3540,0,0,3532
530,7,0,8,17,12501240,3540,0,0,3539
531,2,0,5,20,12516720,3539,0,0,3541
532,1,0,2,23,12540420,3542,0,0,3542
533,3,0,2,23,12555960,3543,0,0,3545
534,5,0,5,20,12559740,3542,0,0,3550
535,6,0,9,16,12567960,3543,0,0,3556
536,8,0,8,17,12602100,3543,0,0,3564
537,8,0,10,15,12629160,3545,0,0,3572
538,10,0,8,17,12666540,3544,0,0,3582
539,7,0,8,17,12687960,3543,0,0,3589
540,8,0,6,19,12714240,3540,0,0,3597
541,11,0,10,15,12730080,3538,0,0,3608
542,10,0,12,13,12763800,3539,0,0,3618
543,6,0,7,18,12812640,3542,0,0,3624
544,7,0,6,19,12842820,3542,0,0,3631
545,8,0,8,17,12857220,3540,0,0,3639
546,7,0,9,16,12885300,3542,0,0,3646
547,5,0,8,17,12907620,3543,0,0,3651
548,2,0,1,24,12950220,3546,0,0,3653
549,6,0,6,19,12959460,3547,0,0,3659
550,9,0,9,16,12972240,3545,0,0,3668
551,7,0,9,16,13007100,3548,0,0,3675
552,1,0,3,22,13040280,3550,0,0,3676
553,7,0,4,21,13055940,3548,0,0,3683
554,5,0,4,21,13064400,3546,0,0,3688
555,3,0,3,22,13083720,3547,0,0,3691
556,2,0,2,23,13103760,3550,0,0,3693
557,2,0,3,22,13108260,3550,0,0,3695
558,10,0,7,18,13124280,3549,0,0,3705
559,10,0,10,15,13140300,3546,0,0,3715
560,9,0,6,19,13177920,3544,0,0,3724
561,5,0,7,18,13197000,3545,0,0,3729
562,7,0,8,17,13223820,3547,0,0,3736
563,10,0,9,16,13250520,3545,0,0,3746
564,10,0,9,16,13289760,3546,0,0,3756
565,10,0,10,15,13314660,3544,0,0,3766
566,8,0,8,17,13355460,3546,0,0,3774
567,9,0,7,18,13376400,3542,0,0,3783
568,6,0,6,19,13408500,3544,0,0,3789
569,13,0,12,13,13434120,3544,0,0,3802
570,7,0,11,14,13462440,3544,0,0,3809
571,10,0,6,19,13525980,3547,0,0,3819
572,2,0,5,20,13531800,3546,0,0,3821
573,9,0,7,18,13558860,3546,0,0,3830
574,6,0,6,19,13579680,3545,0,0,3836
575,4,0,3,22,13607100,3546,0,0,3840
576,4,0,6,19,13608060,3545,0,0,3844
577,3,0,1,24,13641240,3546,0,0,3847
578,3,0,4,21,13641240,3546,0,0,3850
579,9,0,8,17,13655820,3546,0,0,3859
580,5,0,9,16,13672380,3546,0,0,3864
581,5,0,9,16,13697220,3548,0,0,3869
582,7,0,6,19,13739220,3550,0,0,3876
583,6,0,8,17,13758720,3551,0,0,3882
584,4,0,4,21,13786500,3551,0,0,3886
585,6,0,5,20,13800060,3550,0,0,3892
586,7,0,5,20,13821480,3549,0,0,3899
587,9,0,8,17,13836420,3547,0,0,3908
588,8,0,8,17,13861380,3546,0,0,3916
589,9,0,6,19,13890780,3544,0,0,3925
590,8,0,7,18,13916820,3544,0,0,3933
591,11,0,11,14,13940220,3544,0,0,3944
592,13,0,12,13,13977840,3543,0,0,3957
593,9,0,11,14,14018460,3544,0,0,3966
594,6,0,11,14,14048760,3546,0,0,3972
595,5,0,7,18,14096040,3550,0,0,3977
596,4,0,4,21,14122560,3551,0,0,3981
597,7,0,5,20,14144340,3551,0,0,3988
598,6,0,6,19,14157240,3549,0,0,3994
599,7,0,5,20,14179440,3548,0,0,4001
600,2,0,2,23,14196660,3548,0,0,4003
601,8,0,7,18,14209440,3548,0,0,4011
602,8,0,6,19,14231940,3546,0,0,4019
603,2,0,3,22,14250300,3546,0,0,4021
605,4,0,1,24,14262120,3544,0,0,4025
604,0,0,1,24,14262120,3544,0,0,4025
606,5,0,5,20,14265480,3544,0,0,4030
607,5,0,4,21,14284740,3543,0,0,4035
608,3,0,4,21,14298780,3544,0,0,4038
609,12,0,8,17,14319600,3542,0,0,4050
610,7,0,12,13,14325900,3541,0,0,4057
611,9,0,11,14,14368980,3543,0,0,4066
612,11,0,12,13,14412240,3545,0,0,4077
613,9,0,9,16,14456880,3545,0,0,4086
614,11,0,12,13,14486640,3546,0,0,4097
615,12,0,15,10,14526900,3548,0,0,4109
616,7,0,14,11,14551200,3547,120,0,4116
617,9,0,10,15,14613240,3551,120,0,4125
618,8,0,10,15,14642820,3551,120,0,4133
619,7,0,6,19,14691000,3553,120,0,4140
620,6,0,7,18,14712960,3554,120,0,4146
621,8,0,9,16,14731140,3553,120,0,4154
622,7,0,4,21,14766480,3552,120,0,4161
623,2,0,1,24,14780520,3551,120,0,4163
624,6,0,5,20,14782320,3550,120,0,4169
625,1,0,4,21,14792100,3550,120,0,4170
626,10,0,9,16,14816220,3552,120,0,4180
627,7,0,7,18,14837700,3549,120,0,4187
628,3,0,4,21,14862240,3550,120,0,4190
629,4,0,4,21,14878680,3550,120,0,4194
630,6,0,4,21,14897280,3550,120,0,4200
631,5,0,6,19,14904000,3549,120,0,4205
632,7,0,7,18,14920140,3548,120,0,4212
633,2,0,5,20,14937660,3548,120,0,4214
634,10,0,8,17,14957460,3547,120,0,4224
635,6,0,8,17,14980800,3548,120,0,4230
636,15,0,10,15,15037440,3550,120,0,4245
637,9,0,11,14,15067920,3551,120,0,4254
638,7,0,9,16,15102900,3551,120,0,4261
639,12,0,13,12,15119040,3549,120,0,4273
640,9,0,9,16,15184680,3553,120,0,4282
641,9,0,7,18,15220320,3552,120,0,4291
642,6,0,7,18,15245520,3553,120,0,4297
643,8,0,9,16,15266340,3553,120,0,4305
644,4,0,5,20,15305100,3556,120,0,4309
645,8,0,7,18,15331020,3557,120,0,4317
646,8,0,8,17,15353040,3556,120,0,4325
647,4,0,7,18,15365700,3555,120,0,4329
648,8,0,7,18,15405720,3557,120,0,4337
649,6,0,7,18,15422940,3556,120,0,4343
650,6,0,5,20,15459780,3558,120,0,4349
651,5,0,4,21,15477420,3558,120,0,4354
652,6,0,6,19,15488220,3557,120,0,4360
653,10,0,10,15,15506580,3556,120,0,4370
654,11,0,9,16,15545280,3555,120,0,4381
655,5,0,6,19,15570420,3554,120,0,4386
656,7,0,8,17,15589800,3555,120,0,4393
657,3,0,8,17,15606540,3556,120,0,4396
658,8,0,9,16,15652980,3561,120,0,4404
659,7,0,12,13,15664680,3560,120,0,4411
660,8,0,7,18,15724980,3564,120,0,4419
661,8,0,8,17,15756180,3565,120,0,4427
662,8,0,9,16,15785220,3566,120,0,4435
663,6,0,6,19,15816780,3566,120,0,4441
664,8,0,4,21,15851760,3566,120,0,4449
665,12,0,10,15,15858600,3562,120,0,4461
666,6,0,8,17,15891000,3563,120,0,4467
667,6,0,7,18,15915060,3563,120,0,4473
668,6,0,3,22,15941880,3561,120,0,4479
669,5,0,2,23,15959820,3560,120,0,4484
670,5,0,3,22,15969420,3559,120,0,4489
671,1,0,3,22,15971340,3559,120,0,4490
672,9,0,7,18,15987540,3559,120,0,4499
673,2,0,8,17,15988500,3558,120,0,4501
674,5,0,10,15,15993000,3557,120,0,4506
675,7,0,10,15,16008840,3555,120,0,4513
676,5,0,11,14,16019040,3554,120,0,4518
677,6,0,10,15,16042560,3553,120,0,4524
678,6,0,12,13,16056900,3553,120,0,4530
679,4,0,8,17,16087020,3554,120,0,4534
680,12,0,15,10,16096080,3552,120,0,4546
681,9,0,12,13,16126200,3549,120,0,4555
682,10,0,13,12,16149840,3547,120,0,4565
683,14,0,19,6,16168020,3545,120,0,4579
684,6,0,14,11,16205640,3545,120,0,4585
685,11,0,18,7,16224840,3544,120,0,4596
686,8,0,16,9,16262400,3544,120,0,4604
687,10,0,17,8,16292160,3544,120,0,4614
688,7,0,15,10,16334880,3546,120,0,4621
689,10,0,15,10,16360680,3544,120,0,4631
690,8,0,15,10,16384260,3543,120,0,4639
691,4,0,13,12,16420620,3546,120,0,4643
692,5,0,11,14,16449900,3547,120,0,4648
693,2,0,8,17,16477800,3549,120,0,4650
694,7,0,9,16,16492800,3548,120,0,4657
695,3,0,9,16,16499940,3547,120,0,4660
696,6,0,11,14,16516260,3548,120,0,4666
697,1,0,11,14,16518840,3547,120,0,4667
698,10,0,15,10,16550160,3550,120,0,4677
699,5,0,10,15,16575000,3547,120,0,4682
700,8,0,13,12,16591260,3547,120,0,4690
701,8,0,12,13,16624980,3547,120,0,4698
702,4,0,12,13,16638420,3547,120,0,4702
703,14,0,18,7,16661040,3546,120,0,4716
704,4,0,15,10,16692120,3547,120,0,4720
705,9,0,14,11,16735860,3549,120,0,4729
706,9,0,13,12,16767960,3548,120,0,4738
707,8,0,14,11,16783860,3546,120,0,4746
708,18,0,24,1,16814820,3547,120,0,4764
709,10,0,20,5,16849260,3544,120,0,4774
710,12,0,17,8,16910460,3545,120,0,4786
711,9,0,14,11,16946400,3544,120,0,4795
712,6,0,13,12,16970160,3544,120,0,4801
713,6,0,11,14,16996620,3543,120,0,4807
714,6,0,11,14,17018880,3544,120,0,4813
715,4,0,9,16,17040300,3544,120,0,4817
716,5,0,11,14,17048520,3543,120,0,4822
717,10,0,15,10,17061480,3541,120,0,4832
718,4,0,13,12,17080260,3541,120,0,4836
719,6,0,12,13,17107500,3541,120,0,4842
720,4,0,10,15,17129640,3542,120,0,4846
721,4,0,10,15,17146920,3542,120,0,4850
722,4,0,11,14,17158500,3542,120,0,4854
723,0,0,8,17,17173980,3543,120,0,4854
724,6,0,11,14,17186820,3544,120,0,4860
725,7,0,13,12,17204940,3544,120,0,4867
726,2,0,8,17,17235720,3545,120,0,4869
727,3,0,9,16,17241240,3545,120,0,4872
728,11,0,16,9,17244060,3543,120,0,4883
729,3,0,8,17,17281920,3542,120,0,4886
730,9,0,12,13,17300580,3543,120,0,4895
731,8,0,13,12,17319480,3541,120,0,4903
732,6,0,13,12,17343720,3542,120,0,4909
733,10,0,15,10,17361300,3540,120,0,4919
734,7,0,17,8,17381520,3540,120,0,4926
735,17,0,21,4,17424360,3540,120,0,4943
736,11,0,23,2,17467440,3542,120,0,4954
737,3,0,11,14,17540880,3546,120,0,4957
738,6,0,11,14,17568960,3547,120,0,4963
739,7,0,13,12,17582220,3546,120,0,4970
740,4,0,10,15,17599320,3545,120,0,4974
741,6,0,10,15,17624580,3546,120,0,4980
742,4,0,8,17,17637960,3544,120,0,4984
743,7,0,10,15,17647020,3542,120,0,4991
744,7,0,10,15,17670660,3542,120,0,4998
745,4,0,11,14,17676360,3541,120,0,5002
746,2,0,11,14,17683200,3541,120,0,5004
747,2,0,8,17,17706540,3542,120,0,5006
748,4,0,9,16,17713920,3542,120,0,5010
749,1,0,8,17,17720520,3541,120,0,5011
750,1,0,8,17,17729400,3543,120,0,5012
751,2,0,8,17,17736180,3542,120,0,5014
752,9,0,12,13,17746320,3541,120,0,5023
753,10,0,18,7,17759880,3541,120,0,5033
754,8,0,18,7,17785320,3540,120,0,5041
755,9,0,19,6,17819700,3541,120,0,5050
756,13,0,22,3,17866680,3544,120,0,5063
757,6,0,15,10,17923740,3546,120,0,5069
758,9,0,16,9,17961360,3548,120,0,5078
759,2,0,10,15,18000360,3550,120,0,5080
760,7,0,14,11,18018660,3551,120,0,5087
761,9,0,14,11,18048600,3551,120,0,5096
762,4,0,10,15,18073620,3550,120,0,5100
763,8,0,12,13,18084840,3548,120,0,5108
764,9,0,17,8,18097680,3548,120,0,5117
765,7,0,16,9,18134340,3550,120,0,5124
766,4,0,9,16,18176100,3550,120,0,5128
767,4,0,9,16,18195540,3551,120,0,5132
768,4,0,12,13,18198720,3551,120,0,5136
769,4,0,11,14,18214920,3551,120,0,5140
770,7,0,10,15,18247800,3552,120,0,5147
771,3,0,9,16,18270120,3553,120,0,5150
772,7,0,13,12,18279840,3553,120,0,5157
773,4,0,12,13,18293100,3552,120,0,5161
774,9,0,18,7,18310800,3554,120,0,5170
775,8,0,13,12,18369720,3556,120,0,5178
776,6,0,14,11,18395760,3558,120,0,5184
777,9,0,17,8,18411960,3557,120,0,5193
778,8,0,15,10,18445620,3556,120,0,5201
779,14,0,19,6,18480780,3556,120,0,5215
780,7,0,16,9,18518580,3557,120,0,5222
781,6,0,11,14,18574680,3560,120,0,5228
782,8,0,12,13,18596340,3559,120,0,5236
783,10,0,15,10,18622140,3559,120,0,5246
784,5,0,12,13,18646500,3559,120,0,5251
785,5,0,11,14,18678000,3561,120,0,5256
786,5,0,14,11,18688020,3561,120,0,5261
787,5,0,14,11,18719040,3564,120,0,5266
788,4,0,12,13,18746760,3565,120,0,5270
789,4,0,11,14,18766920,3565,120,0,5274
790,8,0,11,14,18800640,3566,120,0,5282
791,5,0,12,13,18812880,3566,120,0,5287
792,3,0,12,13,18822720,3566,120,0,5290
793,3,0,12,13,18847740,3568,120,0,5293
794,6,0,12,13,18874440,3569,120,0,5299
795,4,0,14,11,18884820,3570,120,0,5303
796,5,0,11,14,18917700,3571,120,0,5308
797,6,0,9,16,18944340,3571,120,0,5314
798,5,0,13,12,18945420,3570,120,0,5319
799,8,0,13,12,18974520,3570,120,0,5327
800,8,0,13,12,19001040,3570,120,0,5335
801,8,0,15,10,19026240,3570,120,0,5343
802,8,0,16,9,19051920,3571,120,0,5351
803,7,0,16,9,19085040,3572,120,0,5358
804,13,0,14,11,19133280,3571,120,0,5371
805,15,0,19,6,19166040,3571,120,0,5386
806,19,0,19,6,19206420,3565,120,0,5405
807,9,0,19,6,19239240,3566,120,0,5414
808,18,0,20,5,19284180,3563,120,0,5432
809,8,0,15,10,19343340,3565,120,0,5440
810,12,0,16,9,19392060,3567,120,0,5452
811,14,0,18,7,19427220,3565,120,0,5466
812,3,0,11,14,19461120,3565,120,0,5469
813,2,0,9,16,19481280,3566,120,0,5471
814,4,0,11,14,19494060,3567,120,0,5475
815,4,0,10,15,19516980,3568,120,0,5479
816,8,0,14,11,19531620,3568,120,0,5487
817,3,0,10,15,19560960,3569,120,0,5490
818,5,0,12,13,19579620,3570,120,0,5495
819,12,0,18,7,19597560,3570,120,0,5507
820,4,0,11,14,19632840,3569,120,0,5511
821,14,0,18,7,19645620,3567,120,0,5525
822,5,0,13,12,19690080,3568,120,0,5530
823,5,0,12,13,19713060,3569,120,0,5535
824,3,0,12,13,19718340,3568,120,0,5538
825,12,0,13,12,19764660,3569,120,0,5550
826,8,0,16,9,19784760,3569,120,0,5558
827,3,0,9,16,19821720,3570,120,0,5561
828,9,0,15,10,19825980,3569,120,0,5570
829,2,0,11,14,19858920,3571,120,0,5572
830,13,0,16,9,19882500,3570,120,0,5585
831,6,0,14,11,19905900,3569,120,0,5591
832,7,0,14,11,19939740,3570,120,0,5598
833,9,0,16,9,19960440,3570,120,0,5607
834,10,0,16,9,19990200,3569,120,0,5617
835,6,0,15,10,20023020,3570,120,0,5623
836,5,0,11,14,20063520,3571,120,0,5628
837,8,0,10,15,20085480,3570,120,0,5636
838,8,0,13,12,20104140,3570,120,0,5644
839,5,0,11,14,20123520,3569,120,0,5649
840,1,0,10,15,20132100,3569,120,0,5650
841,5,0,11,14,20152680,3570,120,0,5655
842,7,0,12,13,20168580,3569,120,0,5662
843,2,0,8,17,20195460,3570,120,0,5664
844,4,0,10,15,20209620,3571,120,0,5668
845,3,0,10,15,20217480,3571,120,0,5671
846,7,0,10,15,20235180,3570,120,0,5678
847,3,0,9,16,20243940,3569,120,0,5681
848,5,0,11,14,20258400,3569,120,0,5686
849,10,0,17,8,20266680,3568,120,0,5696
850,10,0,16,9,20304480,3568,120,0,5706
851,11,0,16,9,20353800,3570,120,0,5717
852,9,0,13,12,20390100,3569,120,0,5726
853,5,0,12,13,20407560,3568,120,0,5731
854,7,0,13,12,20430900,3568,120,0,5738
855,7,0,12,13,20463480,3569,120,0,5745
856,7,0,13,12,20489640,3570,120,0,5752
857,7,0,10,15,20522760,3569,120,0,5759
858,5,0,13,12,20528100,3569,120,0,5764
859,15,0,17,8,20561940,3568,120,0,5779
860,5,0,12,13,20593800,3567,120,0,5784
861,1,0,8,17,20621400,3569,120,0,5785
862,9,0,15,10,20628180,3569,120,0,5794
863,4,0,11,14,20649660,3568,120,0,5798
864,6,0,15,10,20660160,3568,120,0,5804
865,4,0,10,15,20691780,3568,120,0,5808
866,1,0,8,17,20705160,3569,120,0,5809
867,5,0,10,15,20714400,3568,120,0,5814
868,8,0,12,13,20727120,3567,120,0,5822
869,7,0,14,11,20742240,3567,120,0,5829
870,7,0,13,12,20777040,3568,120,0,5836
871,12,0,20,5,20788320,3566,120,0,5848
872,8,0,17,8,20832180,3567,120,0,5856
873,2,0,12,13,20868780,3569,120,0,5858
874,9,0,10,15,20906460,3569,120,0,5867
875,5,0,12,13,20912400,3568,120,0,5872
876,16,0,16,9,20942340,3566,120,0,5888
877,7,0,14,11,20965860,3565,120,0,5895
878,3,0,11,14,20999340,3567,120,0,5898
879,9,0,15,10,21010380,3565,120,0,5907
880,10,0,15,10,21048780,3566,120,0,5917
881,6,0,13,12,21080700,3566,120,0,5923
882,7,0,13,12,21109320,3567,120,0,5930
883,10,0,15,10,21137280,3567,120,0,5940
884,4,0,11,14,21165660,3567,120,0,5944
885,6,0,12,13,21186660,3567,120,0,5950
886,4,0,10,15,21214200,3569,120,0,5954
887,5,0,9,16,21232980,3568,120,0,5959
888,3,0,9,16,21241440,3568,120,0,5962
889,7,0,15,10,21242700,3567,120,0,5969
890,1,0,9,16,21271020,3568,120,0,5970
891,3,0,11,14,21277500,3568,120,0,5973
892,4,0,11,14,21295800,3569,120,0,5977
893,5,0,10,15,21319620,3569,120,0,5982
894,4,0,10,15,21334500,3570,120,0,5986
895,3,0,9,16,21346740,3569,120,0,5989
896,9,0,15,10,21355200,3569,120,0,5998
897,9,0,16,9,21376800,3568,120,0,6007
898,13,0,17,8,21413160,3567,120,0,6020
899,6,0,17,8,21430440,3566,120,0,6026
900,10,0,15,10,21477660,3567,120,0,6036
901,8,0,17,8,21506880,3568,120,0,6044
902,7,0,12,13,21555900,3569,120,0,6051
903,2,0,10,15,21566940,3568,120,0,6053
904,6,0,11,14,21579480,3568,120,0,6059
905,4,0,12,13,21597240,3569,120,0,6063
906,6,0,13,12,21618960,3569,120,0,6069
907,8,0,13,12,21648720,3570,120,0,6077
908,5,0,13,12,21668700,3570,120,0,6082
909,5,0,9,16,21706320,3571,120,0,6087
910,11,0,14,11,21718140,3569,120,0,6098
911,3,0,11,14,21735480,3569,120,0,6101
912,2,0,8,17,21766500,3571,120,0,6103
913,8,0,12,13,21780300,3571,120,0,6111
914,3,0,9,16,21793920,3569,120,0,6114
915,6,0,12,13,21804120,3569,120,0,6120
916,4,0,10,15,21826740,3569,120,0,6124
917,1,0,7,18,21837720,3569,120,0,6125
918,6,0,9,16,21853020,3569,120,0,6131
919,7,0,12,13,21858180,3568,120,0,6138
920,11,0,13,12,21882000,3566,120,0,6149
921,9,0,15,10,21898500,3564,120,0,6158
922,5,0,8,17,21939000,3564,120,0,6163
923,4,0,11,14,21945780,3564,120,0,6167
924,12,0,15,10,21957780,3562,120,0,6179
925,7,0,14,11,21983160,3561,120,0,6186
926,10,0,20,5,22013280,3564,120,0,6196
927,10,0,18,7,22052880,3563,120,0,6206
928,10,0,16,9,22102620,3564,120,0,6216
929,6,0,10,15,22155120,3566,120,0,6222
930,8,0,12,13,22173060,3565,120,0,6230
931,7,0,12,13,22190520,3564,120,0,6237
932,6,0,13,12,22206840,3564,120,0,6243
933,6,0,10,15,22241580,3564,120,0,6249
934,6,0,12,13,22254960,3564,120,0,6255
935,2,0,10,15,22274760,3565,120,0,6257
936,5,0,11,14,22296960,3566,120,0,6262
937,3,0,11,14,22306920,3566,120,0,6265
938,5,0,11,14,22324440,3566,120,0,6270
939,2,0,7,18,22346940,3566,120,0,6272
940,5,0,11,14,22349760,3566,120,0,6277
941,10,0,13,12,22369260,3565,120,0,6287
942,10,0,17,8,22384560,3564,120,0,6297
943,8,0,17,8,22408020,3563,120,0,6305
944,9,0,15,10,22454400,3564,120,0,6314
945,4,0,9,16,22496940,3565,120,0,6318
946,13,0,14,11,22509780,3563,120,0,6331
947,3,0,12,13,22527360,3563,120,0,6334
948,8,0,10,15,22562880,3563,120,0,6342
949,12,0,16,9,22577760,3562,120,0,6354
950,12,0,18,7,22595580,3559,120,0,6366
951,5,0,13,12,22634580,3560,120,0,6371
952,11,0,14,11,22688520,3562,120,0,6382
953,7,0,10,15,22717200,3561,120,0,6389
954,2,0,10,15,22722240,3560,120,0,6391
955,6,0,12,13,22735980,3560,120,0,6397
956,4,0,10,15,22764720,3561,120,0,6401
957,4,0,10,15,22777740,3561,120,0,6405
958,8,0,14,11,22790040,3561,120,0,6413
959,7,0,15,10,22820280,3562,120,0,6420
960,4,0,12,13,22838040,3561,120,0,6424
961,10,0,15,10,22871280,3563,120,0,6434
962,3,0,15,10,22886880,3563,120,0,6437
963,4,0,9,16,22936440,3565,120,0,6441
964,4,0,10,15,22954380,3567,120,0,6445
965,7,0,12,13,22961580,3565,120,0,6452
966,5,0,10,15,22985280,3565,120,0,6457
967,8,0,15,10,22991940,3564,120,0,6465
968,7,0,15,10,23018880,3564,120,0,6472
969,7,0,12,13,23055600,3565,120,0,6479
970,7,0,11,14,23081640,3564,120,0,6486
971,13,0,14,11,23099940,3562,120,0,6499
972,7,0,15,10,23119020,3561,120,0,6506
973,10,0,14,11,23153640,3561,120,0,6516
974,7,0,16,9,23165040,3560,120,0,6523
975,12,0,17,8,23205360,3560,120,0,6535
976,7,0,11,14,23256060,3560,120,0,6542
977,5,0,9,16,23274960,3559,120,0,6547
978,6,0,11,14,23286960,3559,120,0,6553
979,3,0,8,17,23309160,3559,120,0,6556
980,7,0,12,13,23313180,3558,120,0,6563
981,5,0,12,13,23329080,3558,120,0,6568
982,6,0,12,13,23354460,3559,120,0,6574
983,4,0,13,12,23363940,3558,120,0,6578
984,6,0,10,15,23401920,3559,120,0,6584
985,0,0,9,16,23406660,3559,120,0,6584
986,0,0,7,18,23423040,3561,120,0,6584
987,2,0,7,18,23427420,3560,120,0,6586
988,3,0,7,18,23443200,3561,120,0,6589
989,8,0,14,11,23445720,3561,120,0,6597
990,4,0,11,14,23466300,3560,120,0,6601
991,6,0,9,16,23495400,3560,120,0,6607
992,6,0,13,12,23505900,3561,120,0,6613
993,7,0,14,11,23527560,3561,120,0,6620
994,3,0,9,16,23567700,3563,120,0,6623
995,13,0,15,10,23587260,3562,120,0,6636
996,7,0,13,12,23609520,3561,120,0,6643
997,5,0,9,16,23642340,3561,120,0,6648
998,11,0,16,9,23654040,3560,120,0,6659
999,6,0,17,8,23670960,3560,120,0,6665
1000,6,0,15,10,23718000,3563,120,0,6671
1001,10,0,18,7,23747340,3564,120,0,6681
1002,15,2,23,2,23772180,3563,180,0,6696
1003,13,0,24,1,23837280,3565,900,0,6709
1004,6,0,17,8,23895840,3567,900,0,6715
1005,7,0,12,13,23946600,3568,900,0,6722
1006,1,0,7,18,23964240,3568,900,0,6723
1007,2,0,8,17,23978460,3569,900,0,6725
1008,2,0,9,16,23979480,3569,900,0,6727
1009,0,0,6,19,23995620,3570,900,0,6727
1010,1,0,7,18,23995620,3570,900,0,6728
1011,3,0,10,15,23995620,3570,900,0,6731
1012,1,0,8,17,24006060,3570,900,0,6732
1013,9,0,13,12,24018600,3569,900,0,6741
1014,4,0,11,14,24028200,3568,900,0,6745
1015,10,0,15,10,24037920,3566,900,0,6755
1016,6,0,10,15,24080040,3566,900,0,6761
1017,13,0,17,8,24093840,3565,900,0,6774
1018,9,0,19,6,24120480,3566,900,0,6783
1019,10,0,18,7,24158400,3565,900,0,6793
1020,10,0,18,7,24208500,3567,4380,0,6803
1021,15,0,17,8,24272220,3568,4380,0,6818
1022,9,0,14,11,24322800,3570,4380,0,6827
1023,9,0,14,11,24352440,3569,4380,0,6836
1024,8,0,18,7,24373020,3570,4380,0,6844
1025,7,0,14,11,24418020,3571,4380,0,6851
1026,8,0,13,12,24444360,3570,4380,0,6859
1027,4,0,11,14,24471900,3571,4380,0,6863
1028,9,0,16,9,24482040,3570,4380,0,6872
1029,2,0,10,15,24514020,3571,4380,0,6874
1030,3,0,8,17,24534540,3571,4380,0,6877
1031,4,0,10,15,24537540,3571,4380,0,6881
1032,7,0,13,12,24545940,3570,4380,0,6888
1033,3,0,11,14,24556500,3569,4380,0,6891
1034,6,0,11,14,24573180,3568,4380,0,6897
1035,5,0,14,11,24584880,3569,4380,0,6902
1036,4,0,9,16,24613080,3568,4380,0,6906
1037,3,0,10,15,24619920,3568,4380,0,6909
1038,4,0,9,16,24637920,3568,4380,0,6913
1039,4,0,8,17,24652020,3568,4380,0,6917
1040,6,0,11,14,24657600,3567,4380,0,6923
1041,8,0,15,10,24670140,3567,4380,0,6931
1042,5,0,11,14,24705840,3567,4380,0,6936
1043,11,0,16,9,24724380,3567,4380,0,6947
1044,12,0,20,5,24748860,3566,4380,0,6959
1045,7,0,15,10,24796980,3567,4380,0,6966
1046,6,0,14,11,24829080,3568,4380,0,6972
1047,7,0,19,6,24843240,3569,4380,0,6979
1048,11,0,16,9,24897000,3569,4380,0,6990
1049,7,0,15,10,24934380,3571,4380,0,6997
1050,5,0,12,13,24971100,3572,4380,0,7002
1051,6,0,12,13,24991020,3572,4380,0,7008
1052,12,0,18,7,25017060,3572,4380,0,7020
1053,7,0,16,9,25039980,3571,4380,0,7027
1054,9,0,15,10,25087800,3573,4380,0,7036
1055,6,0,11,14,25133640,3574,4380,0,7042
1056,5,0,10,15,25151940,3574,4380,0,7047
1057,2,0,10,15,25159740,3574,4380,0,7049
1058,3,0,7,18,25182120,3574,4380,0,7052
1059,10,0,14,11,25185840,3573,4380,0,7062
1060,5,0,12,13,25199280,3571,4380,0,7067
1061,3,0,11,14,25223760,3573,4380,0,7070
1062,5,0,13,12,25234860,3573,4380,0,7075
1063,10,0,17,8,25266960,3574,4380,0,7085
1064,8,0,16,9,25300800,3575,4380,0,7093
1065,14,0,20,5,25346100,3576,4380,0,7107
1066,8,0,12,13,25386900,3574,4380,0,7115
1067,5,0,7,18,25428420,3574,4380,0,7120
1068,10,0,14,11,25434720,3574,4380,0,7130
1069,10,0,15,10,25453560,3572,4380,0,7140
1070,4,0,11,14,25491060,3573,4380,0,7144
1071,9,0,14,11,25510080,3573,4380,0,7153
1072,7,0,15,10,25528620,3572,4380,0,7160
1073,8,0,16,9,25564800,3574,4380,0,7168
1074,8,0,13,12,25593600,3573,4380,0,7176
1075,10,0,14,11,25626480,3573,4380,0,7186
1076,5,0,9,16,25653780,3571,4380,0,7191
1077,6,0,11,14,25668060,3571,4380,0,7197
1078,8,0,12,13,25683000,3570,4380,0,7205
1079,6,0,10,15,25700100,3568,4380,0,7211
1080,4,0,11,14,25711620,3569,4380,0,7215
1081,7,0,13,12,25730040,3569,4380,0,7222
1082,4,0,12,13,25749600,3569,4380,0,7226
1083,4,0,11,14,25774560,3570,4380,0,7230
1084,3,0,8,17,25793220,3569,4380,0,7233
1085,4,0,10,15,25809960,3571,4380,0,7237
1086,5,0,12,13,25817280,3570,4380,0,7242
1087,4,0,9,16,25844100,3571,4380,0,7246
1088,5,0,11,14,25854180,3571,4380,0,7251
1089,7,0,13,12,25874160,3571,4380,0,7258
1090,10,0,13,12,25908960,3571,4380,0,7268
1091,9,0,13,12,25932120,3569,4380,0,7277
1092,8,0,13,12,25947720,3568,4380,0,7285
1093,15,0,19,6,25979520,3568,4380,0,7300
1094,10,0,22,3,26004120,3568,4380,0,7310
1095,8,0,11,14,26086260,3570,4380,0,7318
1096,14,0,15,10,26109360,3568,4380,0,7332
1097,8,0,13,12,26139720,3567,4380,0,7340
1098,9,0,15,10,26157180,3566,4380,0,7349
1099,3,0,11,14,26178600,3566,4380,0,7352
1100,10,0,16,9,26199960,3566,4380,0,7362
1101,8,0,14,11,26233800,3566,4380,0,7370
1102,5,0,13,12,26253720,3566,4380,0,7375
1103,6,0,11,14,26301360,3568,4380,0,7381
1104,4,0,10,15,26315100,3568,4380,0,7385
1105,4,0,9,16,26330340,3567,4380,0,7389
1106,2,0,9,16,26336340,3567,4380,0,7391
1107,2,0,8,17,26343000,3567,4380,0,7393
1108,5,0,11,14,26355240,3567,4380,0,7398
1109,5,0,11,14,26369220,3567,4380,0,7403
1110,4,0,9,16,26390460,3567,4380,0,7407
1111,2,0,9,16,26394240,3566,4380,0,7409
1112,10,0,16,9,26411340,3567,4380,0,7419
1113,4,0,12,13,26440500,3567,4380,0,7423
1114,10,0,16,9,26463900,3568,4380,0,7433
1115,10,0,17,8,26489280,3567,4380,0,7443
1116,8,0,17,8,26530560,3568,4380,0,7451
1117,4,0,12,13,26562600,3568,4380,0,7455
1118,8,0,14,11,26593320,3570,4380,0,7463
1119,8,0,12,13,26616900,3568,4380,0,7471
1120,10,0,14,11,26646900,3568,4380,0,7481
1121,9,0,16,9,26662800,3567,4380,0,7490
1122,7,0,17,8,26681760,3567,4380,0,7497
1123,4,0,14,11,26715960,3568,4380,0,7501
1124,1,0,8,17,26762820,3571,4380,0,7502
1125,8,0,10,15,26777160,3570,4380,0,7510
1126,4,0,12,13,26786820,3570,4380,0,7514
1127,7,0,12,13,26819640,3571,4380,0,7521
1128,5,0,12,13,26833440,3571,4380,0,7526
1129,3,0,8,17,26862960,3571,4380,0,7529
1130,6,0,10,15,26870340,3570,4380,0,7535
1131,2,0,9,16,26882220,3570,4380,0,7537
1132,3,0,9,16,26888520,3570,4380,0,7540
1133,3,0,9,16,26901780,3570,4380,0,7543
1134,6,0,12,13,26907120,3570,4380,0,7549
1135,2,0,7,18,26931000,3569,4380,0,7551
1136,7,0,12,13,26937480,3569,4380,0,7558
1137,8,0,14,11,26947800,3568,4380,0,7566
1138,13,0,20,5,26978100,3569,4380,0,7579
1139,13,0,20,5,27024000,3568,4380,0,7592
1140,10,0,19,6,27062400,3568,4380,0,7602
1141,14,0,16,9,27127680,3569,4380,0,7616
1142,9,0,20,5,27146760,3569,4380,0,7625
1143,10,0,15,10,27200760,3569,4380,0,7635
1144,9,0,17,8,27240300,3571,4380,0,7644
1145,6,0,15,10,27267600,3571,4380,0,7650
1146,6,0,13,12,27307440,3572,4380,0,7656
1147,10,0,10,15,27346440,3571,4380,0,7666
1148,6,0,13,12,27356700,3571,4380,0,7672
1149,5,0,14,11,27374100,3572,4380,0,7677
1150,7,0,16,9,27400680,3573,4380,0,7684
1151,5,0,12,13,27434340,3573,4380,0,7689
1152,4,0,9,16,27471060,3575,4380,0,7693
1153,3,0,7,18,27487380,3574,4380,0,7696
1154,7,0,12,13,27490860,3574,4380,0,7703
1155,2,0,10,15,27511620,3575,4380,0,7705
1156,4,0,11,14,27527640,3575,4380,0,7709
1157,5,0,10,15,27547200,3575,4380,0,7714
1158,8,0,15,10,27555900,3575,4380,0,7722
1159,4,0,11,14,27586800,3575,4380,0,7726
1160,7,0,13,12,27604380,3575,4380,0,7733
1161,6,0,10,15,27639300,3576,4380,0,7739
1162,5,0,12,13,27650340,3576,4380,0,7744
1163,12,0,16,9,27670200,3574,4380,0,7756
1164,8,0,18,7,27696540,3575,4380,0,7764
1165,10,0,17,8,27750180,3577,4380,0,7774
1166,15,0,19,6,27783780,3575,4380,0,7789
1167,8,0,15,10,27835800,3576,4380,0,7797
1168,9,0,14,11,27876780,3577,4380,0,7806
1169,4,0,13,12,27896160,3577,4380,0,7810
1170,8,0,12,13,27938100,3579,4380,0,7818
1171,1,0,9,16,27952800,3579,4380,0,7819
1172,5,0,9,16,27974700,3579,4380,0,7824
1173,6,0,13,12,27979200,3579,4380,0,7830
1174,9,0,14,11,27998640,3578,4380,0,7839
1175,6,0,12,13,28027440,3578,4380,0,7845
1176,3,0,9,16,28060080,3579,4380,0,7848
1177,4,0,10,15,28075440,3580,4380,0,7852
1178,5,0,10,15,28085700,3579,4380,0,7857
1179,9,0,13,12,28098720,3578,4380,0,7866
1180,6,0,14,11,28112880,3577,4380,0,7872
1181,2,0,9,16,28150620,3579,4380,0,7874
1182,6,0,11,14,28170840,3579,4380,0,7880
1183,5,0,11,14,28180080,3578,4380,0,7885
1184,11,0,17,8,28189560,3577,4380,0,7896
1185,5,0,12,13,28232580,3578,4380,0,7901
1186,5,0,11,14,28261380,3579,4380,0,7906
1187,16,0,21,4,28284420,3579,4380,0,7922
1188,9,0,17,8,28318200,3578,4380,0,7931
1189,8,0,13,12,28364280,3578,4380,0,7939
1190,8,0,15,10,28402200,3580,4380,0,7947
1191,10,0,17,8,28423680,3579,4380,0,7957
1192,2,0,10,15,28455060,3579,4380,0,7959
1193,6,0,11,14,28489380,3581,4380,0,7965
1194,10,0,18,7,28493460,3580,4380,0,7975
1195,7,0,15,10,28527840,3580,4380,0,7982
1196,14,0,19,6,28561560,3580,4380,0,7996
1197,3,0,13,12,28589340,3579,4380,0,7999
1198,8,0,11,14,28619280,3579,4380,0,8007
1199,7,0,10,15,28641720,3578,4380,0,8014
1200,4,0,12,13,28648320,3578,4380,0,8018
1201,0,0,6,19,28674660,3578,4380,0,8018
1202,3,0,7,18,28678740,3578,4380,0,8021
1203,9,0,12,13,28685640,3577,4380,0,8030
1204,4,0,11,14,28699080,3577,4380,0,8034
1205,5,0,13,12,28715340,3577,4380,0,8039
1206,8,0,13,12,28734300,3576,4380,0,8047
1207,7,0,8,17,28780620,3577,4380,0,8054
1208,8,0,13,12,28791360,3577,4380,0,8062
1209,7,0,9,16,28817940,3575,4380,0,8069
1210,9,0,15,10,28827600,3575,4380,0,8078
1211,7,0,14,11,28846560,3574,4380,0,8085
1212,9,0,17,8,28862820,3573,4380,0,8094
1213,8,0,15,10,28903140,3574,4380,0,8102
1214,6,0,13,12,28945680,3575,4380,0,8108
1215,9,0,15,10,28974360,3576,4380,0,8117
1216,8,0,12,13,29002860,3574,4380,0,8125
1217,6,0,13,12,29020200,3574,4380,0,8131
1218,7,0,13,12,29045040,3574,4380,0,8138
1219,10,0,15,10,29074980,3574,4380,0,8148
1220,7,0,14,11,29101860,3574,4380,0,8155
1221,8,0,15,10,29130120,3575,4380,0,8163
1222,6,0,13,12,29159100,3575,4380,0,8169
1223,4,0,10,15,29186820,3575,4380,0,8173
1224,5,0,11,14,29200440,3575,4380,0,8178
1225,4,0,10,15,29220000,3575,4380,0,8182
1226,5,0,10,15,29239560,3575,4380,0,8187
1227,9,0,11,14,29261640,3575,4380,0,8196
1228,5,0,10,15,29279520,3574,4380,0,8201
1229,5,0,8,17,29298720,3573,4380,0,8206
1230,7,0,13,12,29300580,3573,4380,0,8213
1231,12,0,15,10,29331540,3572,4380,0,8225
1232,5,0,15,10,29339100,3571,4380,0,8230
1233,7,0,15,10,29377380,3573,4380,0,8237
1234,8,0,12,13,29421780,3573,4380,0,8245
1235,9,0,14,11,29447340,3573,4380,0,8254
1236,6,0,16,9,29456700,3573,4380,0,8260
1237,11,0,16,9,29500800,3573,4380,0,8271
1238,7,0,14,11,29541360,3574,4380,0,8278
1239,4,0,12,13,29568420,3575,4380,0,8282
1240,12,0,15,10,29602560,3575,4380,0,8294
1241,9,0,15,10,29620260,3573,4380,0,8303
1242,6,0,13,12,29651820,3574,4380,0,8309
1243,6,0,11,14,29686380,3574,4380,0,8315
1244,7,0,12,13,29695800,3573,4380,0,8322
1245,6,0,12,13,29707440,3572,4380,0,8328
1246,6,0,15,10,29715840,3572,4380,0,8334
1247,6,0,13,12,29749680,3572,4380,0,8340
1248,6,0,14,11,29772180,3573,4380,0,8346
1249,3,0,10,15,29803620,3574,4380,0,8349
1250,4,0,12,13,29816640,3574,4380,0,8353
1251,3,0,10,15,29839560,3575,4380,0,8356
1252,8,0,14,11,29856720,3575,4380,0,8364
1253,2,0,9,16,29880540,3575,4380,0,8366
1254,7,0,11,14,29895480,3575,4380,0,8373
1255,8,0,12,13,29908740,3573,4380,0,8381
1256,9,0,13,12,29921340,3571,4380,0,8390
1257,7,0,10,15,29960700,3572,4380,0,8397
1258,11,0,14,11,29983800,3572,4380,0,8408
1259,11,0,13,12,30013200,3570,4380,0,8419
1260,6,0,14,11,30029880,3570,4380,0,8425
1261,11,0,13,12,30075000,3570,4380,0,8436
1262,6,0,12,13,30104700,3571,4380,0,8442
1263,7,0,12,13,30128220,3570,4380,0,8449
1264,11,0,18,7,30139320,3570,4380,0,8460
1265,7,0,12,13,30182640,3569,4380,0,8467
1266,8,0,11,14,30214020,3569,4380,0,8475
1267,8,0,13,12,30232800,3569,4380,0,8483
1268,3,0,13,12,30247860,3569,4380,0,8486
1269,3,0,11,14,30275040,3571,4380,0,8489
1270,6,0,9,16,30301920,3570,4380,0,8495
1271,3,0,9,16,30310440,3570,4380,0,8498
1272,3,0,10,15,30315060,3570,4380,0,8501
1273,4,0,12,13,30316380,3569,4380,0,8505
1274,2,0,10,15,30343200,3571,4380,0,8507
1275,4,0,10,15,30361500,3571,4380,0,8511
1276,7,0,14,11,30376080,3571,4380,0,8518
1277,5,0,12,13,30388440,3570,4380,0,8523
1278,5,0,10,15,30430800,3572,4380,0,8528
1279,8,0,14,11,30445860,3572,4380,0,8536
1280,3,0,9,16,30476160,3572,4380,0,8539
1281,10,0,16,9,30488220,3572,4380,0,8549
1282,7,0,17,8,30502620,3572,4380,0,8556
1283,9,0,15,10,30547320,3572,4380,0,8565
1284,5,0,11,14,30574440,3572,4380,0,8570
1285,12,0,14,11,30598980,3571,4380,0,8582
1286,7,0,11,14,30628140,3570,4380,0,8589
1287,7,0,11,14,30658680,3571,4380,0,8596
1288,5,0,10,15,30672300,3570,4380,0,8601
1289,12,0,12,13,30694980,3568,4380,0,8613
1290,11,0,14,11,30713760,3567,4380,0,8624
1291,6,0,14,11,30734760,3567,4380,0,8630
1292,3,0,11,14,30760980,3567,4380,0,8633
1293,7,0,11,14,30786540,3567,4380,0,8640
1294,3,0,11,14,30802560,3568,4380,0,8643
1295,5,0,11,14,30824100,3568,4380,0,8648
1296,7,0,14,11,30840660,3569,4380,0,8655
1297,6,0,13,12,30855240,3567,4380,0,8661
1298,2,0,9,16,30894060,3569,4380,0,8663
1299,2,0,8,17,30909000,3570,4380,0,8665
1300,7,0,12,13,30914040,3569,4380,0,8672
1301,11,0,19,6,30924360,3569,4380,0,8683
1302,5,0,11,14,30971880,3569,4380,0,8688
1303,3,0,9,16,30995400,3570,4380,0,8691
1304,5,0,10,15,31007220,3569,4380,0,8696
1305,9,0,14,11,31016880,3568,4380,0,8705
1306,10,0,15,10,31044840,3568,4380,0,8715
1307,9,0,16,9,31082940,3569,4380,0,8724
1308,7,0,19,6,31100700,3569,4380,0,8731
1309,13,0,19,6,31150560,3570,4380,0,8744
1310,10,0,14,11,31220880,3572,4380,0,8754
1311,9,0,16,9,31241820,3571,4380,0,8763
1312,10,0,18,7,31279980,3572,4380,0,8773
1313,9,0,16,9,31316820,3572,4380,0,8782
1314,11,0,18,7,31360740,3573,4380,0,8793
1315,6,0,16,9,31384020,3573,4380,0,8799
1316,5,0,9,16,31442160,3575,4380,0,8804
1317,7,0,10,15,31455360,3574,4380,0,8811
1318,6,0,13,12,31469400,3574,4380,0,8817
1319,3,0,10,15,31496400,3575,4380,0,8820
1320,3,0,10,15,31510200,3575,4380,0,8823
1321,6,0,11,14,31527000,3575,4380,0,8829
1322,2,0,9,16,31545060,3575,4380,0,8831
1323,6,0,9,16,31567680,3575,4380,0,8837
1324,4,0,10,15,31575000,3575,4380,0,8841
1325,3,0,11,14,31580460,3575,4380,0,8844
1326,4,0,10,15,31598220,3575,4380,0,8848
1327,1,0,6,19,31611840,3574,4380,0,8849
1328,8,0,11,14,31614480,3573,4380,0,8857
1329,9,0,11,14,31638660,3572,4380,0,8866
1330,8,0,15,10,31648800,3572,4380,0,8874
1331,12,0,19,6,31674600,3572,4380,0,8886
1332,9,0,15,10,31706880,3570,4380,0,8895
1333,8,0,13,12,31752960,3571,4380,0,8903
1334,10,0,18,7,31774440,3572,4380,0,8913
1335,7,0,15,10,31820280,3573,4380,0,8920
1336,13,0,19,6,31849080,3572,4380,0,8933
1337,10,0,17,8,31906860,3574,4380,0,8943
1338,4,0,12,13,31947000,3575,4380,0,8947
1339,8,0,9,16,31987920,3575,4380,0,8955
1340,10,0,17,8,31992060,3575,4380,0,8965
1341,3,0,10,15,32026500,3575,4380,0,8968
1342,6,0,12,13,32042760,3575,4380,0,8974
1343,2,0,11,14,32054220,3575,4380,0,8976
1344,6,0,12,13,32087700,3577,4380,0,8982
1345,2,0,12,13,32090700,3576,4380,0,8984
1346,3,0,14,11,32091360,3576,4380,0,8987
1347,5,0,15,10,32101560,3575,4380,0,8992
1348,7,0,22,3,32101560,3575,4380,0,8999
1349,11,0,20,5,32137320,3574,4380,0,9010
1350,7,0,20,5,32167920,3575,4380,0,9017
1351,6,0,20,5,32208660,3577,4380,0,9023
1352,11,0,23,2,32242620,3578,4380,0,9034
1353,8,0,24,1,32279220,3579,6900,0,9042
1354,4,0,18,7,32331120,3581,6900,0,9046
1355,10,0,20,5,32359080,3581,6900,0,9056
1356,6,0,18,7,32394900,3581,6900,0,9062
1357,12,0,18,7,32428140,3580,7080,0,9074
1358,13,0,20,5,32463000,3580,7080,0,9087
1359,10,0,20,5,32491080,3579,7080,0,9097
1360,5,0,17,8,32526360,3580,7080,0,9102
1361,10,0,19,6,32552700,3579,7080,0,9112
1362,4,0,19,6,32570160,3580,7080,0,9116
1363,7,0,20,5,32600760,3581,7080,0,9123
1364,5,0,15,10,32645880,3582,7080,0,9128
1365,5,0,19,6,32653380,3582,7080,0,9133
1366,6,0,18,7,32684640,3583,7080,0,9139
1367,4,0,18,7,32696940,3583,7080,0,9143
1368,6,0,18,7,32726760,3584,7080,0,9149
1369,4,0,16,9,32746680,3583,7080,0,9153
1370,6,0,17,8,32762520,3583,7080,0,9159
1371,5,0,18,7,32782860,3584,7080,0,9164
1372,3,0,17,8,32801640,3584,7080,0,9167
1373,4,0,15,10,32830680,3585,7080,0,9171
1374,6,0,16,9,32843880,3585,7080,0,9177
1375,7,0,16,9,32864760,3584,7080,0,9184
1376,7,0,19,6,32873880,3584,7080,0,9191
1377,11,0,20,5,32901900,3583,7080,0,9202
1378,11,0,21,4,32940060,3583,7080,0,9213
1379,12,0,18,7,32977920,3581,7080,0,9225
1380,7,0,18,7,32995260,3580,7080,0,9232
1381,9,0,18,7,33033300,3581,7080,0,9241
1382,13,0,22,3,33061080,3581,7080,0,9254
1383,6,0,22,3,33081180,3580,7080,0,9260
1384,7,0,19,6,33136200,3583,7080,0,9267
1385,6,0,17,8,33160920,3582,7080,0,9273
1386,5,0,16,9,33186060,3583,7080,0,9278
1387,5,0,16,9,33201960,3582,7080,0,9283
1388,5,0,14,11,33223860,3582,7080,0,9288
1389,8,0,16,9,33248880,3582,7080,0,9296
1390,2,0,14,11,33262860,3582,7080,0,9298
1391,4,0,15,10,33278340,3583,7080,0,9302
1392,5,0,14,11,33308340,3584,7080,0,9307
1393,3,0,14,11,33325500,3584,7080,0,9310
1394,9,0,16,9,33338460,3583,7080,0,9319
1395,6,0,18,7,33354660,3583,7080,0,9325
1396,6,0,18,7,33376020,3583,7080,0,9331
1397,3,0,15,10,33413340,3585,7080,0,9334
1398,4,0,14,11,33431340,3585,7080,0,9338
1399,6,0,15,10,33445260,3585,7080,0,9344
1400,2,0,14,11,33453120,3584,7080,0,9346
1401,3,0,12,13,33467700,3584,7080,0,9349
1402,8,0,18,7,33469320,3583,7080,0,9357
1403,6,0,15,10,33491640,3582,7080,0,9363
1404,20,0,25,0,33517620,3581,7080,0,9383
1405,6,0,23,2,33543660,3581,8160,0,9389
1406,6,0,17,8,33604620,3583,8160,0,9395
1407,7,0,21,4,33620940,3583,8160,0,9402
1408,8,0,19,6,33660180,3584,8160,0,9410
1409,11,0,18,7,33702240,3584,8160,0,9421
1410,7,0,15,10,33730500,3583,8160,0,9428
1411,5,0,16,9,33738120,3582,8160,0,9433
1412,6,0,14,11,33764340,3582,8160,0,9439
1413,3,0,12,13,33780900,3582,8160,0,9442
1414,4,0,13,12,33789780,3582,8160,0,9446
1415,7,0,15,10,33796740,3580,8160,0,9453
1416,6,0,14,11,33816360,3580,8160,0,9459
1417,2,0,14,11,33823200,3580,8160,0,9461
1418,4,0,15,10,33843300,3581,8160,0,9465
1419,5,0,18,7,33848520,3581,8160,0,9470
1420,3,0,15,10,33876420,3581,8160,0,9473
1421,5,0,18,7,33884400,3581,8160,0,9478
1422,1,0,11,14,33912000,3581,8160,0,9479
1423,4,0,14,11,33914160,3581,8160,0,9483
1424,1,0,13,12,33916260,3581,8160,0,9484
1425,5,0,12,13,33934440,3580,8160,0,9489
1426,8,0,17,8,33941580,3580,8160,0,9497
1427,7,0,17,8,33955440,3579,8160,0,9504
1428,12,0,21,4,33974100,3578,8160,0,9516
1429,6,0,18,7,34009140,3578,8160,0,9522
1430,14,0,25,0,34042380,3579,8820,0,9536
1431,10,0,23,2,34079880,3578,9780,1,9546
1432,12,0,22,3,34122120,3578,9780,1,9558
1433,6,0,16,9,34171020,3578,9780,1,9564
1434,7,0,15,10,34194420,3578,9780,1,9571
1435,9,0,18,7,34212300,3577,9780,1,9580
1436,4,0,16,9,34233900,3577,9780,1,9584
1437,7,0,16,9,34253640,3577,9780,1,9591
1438,8,0,20,5,34263480,3576,9780,1,9599
1439,4,0,16,9,34298700,3577,9780,1,9603
1440,4,0,15,10,34323900,3578,9780,1,9607
1441,2,0,14,11,34336500,3578,9780,1,9609
1442,7,0,17,8,34350720,3578,9780,1,9616
1443,5,0,17,8,34368900,3578,9780,1,9621
1444,4,0,15,10,34398300,3579,9780,1,9625
1445,5,0,17,8,34403340,3578,9780,1,9630
1446,8,0,20,5,34424880,3579,9780,1,9638
1447,6,0,16,9,34457700,3578,9780,1,9644
1448,10,0,17,8,34477380,3577,9780,1,9654
1449,10,0,21,4,34499280,3577,9780,1,9664
1450,5,0,16,9,34537620,3577,9780,1,9669
1451,6,0,18,7,34551180,3577,9780,1,9675
1452,7,0,17,8,34577820,3577,9780,1,9682
1453,7,0,21,4,34581780,3576,9780,1,9689
1454,8,0,17,8,34630860,3577,9780,1,9697
1455,7,0,18,7,34653780,3577,9780,1,9704
1456,10,0,19,6,34684380,3577,9780,1,9714
1457,9,0,22,3,34703280,3577,9780,1,9723
1458,8,0,23,2,34721220,3576,9780,1,9731
1459,6,0,15,10,34785660,3578,9780,1,9737
1460,7,0,16,9,34814100,3578,9780,1,9744
1461,7,0,16,9,34835160,3578,9780,1,9751
1462,5,0,14,11,34860960,3578,9780,1,9756
1463,5,0,17,8,34863060,3577,9780,1,9761
1464,1,0,13,12,34897320,3579,9780,1,9762
1465,4,0,13,12,34902180,3578,9780,1,9766
1466,5,0,16,9,34916220,3579,9780,1,9771
1467,4,0,18,7,34918620,3578,9780,1,9775
1468,4,0,15,10,34951500,3579,9780,1,9779
1469,6,0,16,9,34969560,3579,9780,0,9785
1470,12,0,22,3,34980420,3578,9780,0,9797
1471,10,0,21,4,35018160,3578,9780,0,9807
1472,6,0,20,5,35035860,3577,9780,0,9813
1473,10,0,21,4,35070060,3577,9780,0,9823
1474,3,0,16,9,35103000,3578,9780,0,9826
1475,10,0,21,4,35119080,3578,9780,0,9836
1476,9,0,20,5,35154120,3578,9780,0,9845
1477,5,0,14,11,35192280,3577,9780,0,9850
1478,6,0,18,7,35199660,3577,9780,0,9856
1479,9,0,18,7,35229660,3577,9780,0,9865
1480,14,0,22,3,35246820,3575,9780,0,9879
1481,6,0,19,6,35287080,3576,9780,0,9885
1482,10,0,21,4,35314620,3576,9780,0,9895
1483,8,0,18,7,35347680,3575,9780,0,9903
1484,9,0,21,4,35364180,3575,9780,0,9912
1485,6,0,17,8,35387460,3574,9780,0,9918
1486,2,0,14,11,35416380,3575,9780,0,9920
1487,5,0,15,10,35433000,3575,9780,0,9925
1488,5,0,17,8,35440440,3575,9780,0,9930
1489,5,0,12,13,35468400,3574,9780,0,9935
1490,7,0,17,8,35470380,3573,9780,0,9942
1491,5,0,17,8,35482860,3573,9780,0,9947
1492,4,0,14,11,35520660,3574,9780,0,9951
1493,2,0,14,11,35526660,3574,9780,0,9953
1494,8,0,18,7,35544060,3574,9780,0,9961
1495,6,0,16,9,35566380,3574,9780,0,9967
1496,11,0,23,2,35585520,3574,9780,0,9978
1497,9,0,19,6,35617860,3573,9780,0,9987
1498,13,0,23,2,35643780,3572,9780,0,10000
1499,10,1,24,1,35678940,3573,10320,1,10010
1500,7,0,22,3,35730360,3574,11580,1,10017
1501,9,0,21,4,35773860,3575,11580,1,10026
1502,6,0,16,9,35830320,3577,11580,1,10032
1503,6,0,17,8,35852820,3577,11580,1,10038
1504,12,0,23,2,35867460,3577,11580,1,10050
1505,9,0,21,4,35916960,3578,11580,1,10059
1506,7,0,20,5,35941680,3577,11580,1,10066
1507,8,0,19,6,35979360,3578,11580,1,10074
1508,6,0,17,8,35999160,3577,11580,1,10080
1509,7,0,18,7,36026940,3578,11580,1,10087
1510,6,0,17,8,36052500,3578,11580,1,10093
1511,4,0,13,12,36075780,3577,11580,1,10097
1512,4,0,14,11,36088380,3577,11580,1,10101
1513,2,0,15,10,36093780,3577,11580,1,10103
1514,3,0,16,9,36109020,3578,11580,1,10106
1515,4,0,18,7,36119400,3579,11580,1,10110
1516,5,0,17,8,36138780,3578,11580,1,10115
1517,8,0,20,5,36170760,3580,11580,1,10123
1518,7,0,18,7,36199680,3579,11580,1,10130
1519,5,0,16,9,36219120,3579,11580,1,10135
1520,13,0,21,4,36237360,3578,11580,1,10148
1521,10,0,24,1,36259320,3577,11580,1,10158
1522,5,0,18,7,36307980,3578,11580,1,10163
1523,10,0,18,7,36342360,3578,11580,1,10173
1524,4,0,15,10,36356580,3577,11580,1,10177
1525,8,0,17,8,36373260,3577,11580,1,10185
1526,9,0,19,6,36394260,3576,11580,1,10194
1527,4,0,15,10,36422400,3576,11580,1,10198
1528,9,0,18,7,36443100,3576,11580,1,10207
1529,7,0,17,8,36466680,3576,11580,1,10214
1530,5,0,16,9,36498420,3577,11580,1,10219
1531,7,0,19,6,36503700,3576,11580,1,10226
1532,4,0,16,9,36535560,3577,11580,1,10230
1533,3,0,16,9,36553740,3577,11580,1,10233
1534,5,0,15,10,36578520,3578,11580,1,10238
1535,1,0,13,12,36592860,3578,11580,1,10239
1536,4,0,16,9,36596700,3578,11580,1,10243
1537,2,0,15,10,36611580,3578,11580,1,10245
1538,5,0,16,9,36621000,3578,11580,1,10250
1539,5,0,15,10,36648240,3578,11580,1,10255
1540,3,0,15,10,36651420,3578,11580,1,10258
1541,9,0,18,7,36675780,3578,11580,1,10267
1542,7,0,19,6,36695400,3578,11580,1,10274
1543,7,0,22,3,36713640,3578,11580,1,10281
1544,7,0,21,4,36751500,3579,11580,1,10288
1545,6,0,21,4,36779340,3580,11580,1,10294
1546,7,0,17,8,36834360,3581,11580,1,10301
1547,9,0,15,10,36859740,3580,11580,1,10310
1548,3,0,14,11,36878580,3580,11580,1,10313
1549,11,0,19,6,36893580,3580,11580,1,10324
1550,6,0,19,6,36910080,3579,11580,1,10330
1551,10,0,17,8,36950640,3579,11580,1,10340
1552,16,1,25,0,36969180,3578,11580,1,10356
1553,10,0,22,3,37014060,3578,15900,1,10366
1554,9,0,23,2,37047300,3578,16080,1,10375
1555,8,0,20,5,37098720,3579,16080,1,10383
1556,4,0,16,9,37125720,3579,16080,1,10387
1557,7,0,19,6,37145160,3580,16080,1,10394
1558,8,0,20,5,37179300,3581,16080,1,10402
1559,7,0,16,9,37211040,3580,16080,1,10409
1560,5,0,15,10,37231560,3580,16080,1,10414
1561,5,0,17,8,37245540,3580,16080,1,10419
1562,4,0,17,8,37263420,3580,16080,1,10423
1563,2,0,14,11,37286220,3581,16080,1,10425
1564,4,0,14,11,37303980,3581,16080,1,10429
1565,6,0,16,9,37312320,3581,16080,1,10435
1566,8,0,21,4,37322580,3581,16080,1,10443
1567,9,0,18,7,37370100,3581,16080,1,10452
1568,3,0,17,8,37390500,3582,16080,1,10455
1569,6,0,15,10,37425120,3582,16080,1,10461
1570,8,0,18,7,37436940,3582,16080,1,10469
1571,6,0,20,5,37451100,3582,16080,1,10475
1572,8,0,17,8,37485600,3581,16080,1,10483
1573,5,0,17,8,37502460,3581,16080,1,10488
1574,14,0,23,2,37537620,3582,16080,1,10502
1575,11,1,25,0,37557780,3581,16500,1,10513
1576,11,0,22,3,37628160,3582,21240,2,10524
1577,10,0,21,4,37662540,3582,21240,2,10534
1578,6,0,19,6,37706040,3583,21240,2,10540
1579,5,0,19,6,37724760,3583,21240,2,10545
1580,9,0,16,9,37776840,3584,21240,2,10554
1581,6,0,18,7,37783740,3584,21240,2,10560
1582,7,0,18,7,37821000,3585,21240,2,10567
1583,2,0,13,12,37848060,3585,21240,2,10569
1584,3,0,13,12,37859700,3585,21240,2,10572
1585,5,0,13,12,37882560,3586,21240,2,10577
1586,5,0,16,9,37885200,3585,21240,2,10582
1587,9,0,19,6,37899540,3584,21240,2,10591
1588,4,0,17,8,37912980,3584,21240,2,10595
1589,6,0,15,10,37955580,3585,21240,2,10601
1590,6,0,18,7,37964040,3585,21240,2,10607
1591,5,0,15,10,37992660,3585,21240,2,10612
1592,5,0,18,7,37994700,3584,21240,2,10617
1593,18,0,23,2,38030400,3583,21360,2,10635
1594,7,0,17,8,38070540,3583,21360,2,10642
1595,6,0,17,8,38090280,3582,21360,2,10648
1596,8,0,19,6,38114160,3583,21360,2,10656
1597,11,0,22,3,38130360,3581,21360,2,10667
1598,10,0,25,0,38158980,3582,21360,2,10677
1599,5,0,17,8,38219880,3583,22260,2,10682
1600,11,0,19,6,38242860,3582,22260,2,10693
1601,4,0,15,10,38273820,3583,22260,2,10697
1602,5,0,16,9,38293020,3583,22260,2,10702
1603,2,0,14,11,38302920,3583,22260,2,10704
1604,7,0,17,8,38322660,3583,22260,2,10711
1605,5,0,17,8,38334840,3583,22260,2,10716
1606,7,0,18,7,38353200,3582,22260,2,10723
1607,5,0,13,12,38390820,3582,22260,2,10728
1608,6,0,16,9,38397600,3582,22260,2,10734
1609,2,0,14,11,38415780,3582,22260,2,10736
1610,5,0,14,11,38432400,3582,22260,2,10741
1611,5,0,14,11,38438400,3581,22260,2,10746
1612,8,0,21,4,38445660,3582,22260,2,10754
1613,6,0,19,6,38480340,3582,22260,2,10760
1614,3,0,14,11,38509140,3582,22260,2,10763
1615,4,0,13,12,38535960,3583,22260,2,10767
1616,9,0,21,4,38537040,3583,22260,2,10776
1617,5,0,18,7,38567880,3583,22260,2,10781
1618,9,0,19,6,38601600,3583,22260,2,10790
1619,6,0,19,6,38622960,3583,22260,2,10796
1620,8,0,19,6,38658480,3584,22260,2,10804
1621,12,0,23,2,38690040,3584,22260,2,10816
1622,12,0,21,4,38737920,3584,22260,2,10828
1623,17,3,25,0,38761620,3583,22560,2,10845
1624,11,0,24,1,38812860,3583,24780,2,10856
1625,7,0,20,5,38852940,3583,24780,2,10863
1626,7,0,19,6,38880960,3583,24780,2,10870
1627,6,0,14,11,38921820,3583,24780,2,10876
1628,9,0,18,7,38930880,3582,24780,2,10885
1629,7,0,20,5,38942820,3581,24780,2,10892
1630,8,0,23,2,38960340,3581,24780,2,10900
1631,4,0,18,7,39018600,3584,24780,2,10904
1632,2,0,16,9,39040200,3584,24780,2,10906
1633,6,0,17,8,39070380,3586,24780,2,10912
1634,4,0,17,8,39079740,3585,24780,2,10916
1635,6,0,18,7,39104340,3586,24780,2,10922
1636,4,0,17,8,39125160,3586,24780,2,10926
1637,5,0,17,8,39147600,3586,24780,2,10931
1638,6,0,18,7,39166320,3586,24780,2,10937
1639,9,0,18,7,39202200,3587,24780,2,10946
1640,4,0,16,9,39222300,3587,24780,2,10950
1641,6,0,14,11,39250440,3587,24780,2,10956
1642,13,0,23,2,39265860,3587,24780,2,10969
1643,9,0,21,4,39290100,3585,24780,2,10978
1644,12,0,22,3,39330840,3585,24960,2,10990
1645,12,0,23,2,39368460,3585,24960,2,11002
1646,8,0,21,4,39412500,3586,24960,2,11010
1647,14,0,23,2,39452820,3586,24960,2,11024
1648,9,0,21,4,39490200,3586,25680,2,11033
1649,6,0,17,8,39525420,3586,25680,2,11039
1650,7,0,17,8,39550980,3586,25680,2,11046
1651,8,0,17,8,39577560,3585,25680,2,11054
1652,9,0,17,8,39607320,3585,25680,2,11063
1653,5,0,17,8,39624120,3585,25680,2,11068
1654,6,0,16,9,39652080,3585,25680,2,11074
1655,10,0,19,6,39671040,3585,25680,2,11084
1656,10,0,20,5,39698400,3584,25680,2,11094
1657,4,0,16,9,39732120,3585,25680,2,11098
1658,8,0,17,8,39760200,3585,25680,2,11106
1659,6,0,19,6,39771660,3585,25680,2,11112
1660,6,0,17,8,39805560,3585,25680,2,11118
1661,8,0,21,4,39810060,3584,25680,2,11126
1662,10,0,21,4,39848520,3585,25680,2,11136
1663,7,0,19,6,39879360,3584,25680,2,11143
1664,7,0,17,8,39922200,3585,25680,2,11150
1665,8,0,18,7,39943920,3585,25680,2,11158
1666,10,0,20,5,39972600,3585,25680,2,11168
1667,12,0,21,4,40013640,3585,26040,2,11180
1668,7,0,19,6,40050660,3586,26040,2,11187
1669,7,0,18,7,40073280,3585,26040,2,11194
1670,15,0,25,0,40105140,3585,27300,2,11209
1671,15,5,25,0,40150320,3586,32940,2,11224
1672,9,6,25,0,40194600,3588,43500,3,11233
1673,10,0,21,4,40262760,3587,66420,5,11243
1674,11,0,21,4,40298220,3587,66420,5,11254
1675,9,0,23,2,40324320,3587,67080,5,11263
1676,4,0,19,6,40368780,3588,67080,5,11267
1677,5,0,17,8,40398060,3589,67080,5,11272
1678,7,0,16,9,40434600,3590,67080,5,11279
1679,6,0,17,8,40444680,3589,67080,5,11285
1680,3,0,16,9,40464240,3589,67080,5,11288
1681,1,0,13,12,40485120,3590,67080,5,11289
1682,7,0,20,5,40485120,3590,67080,5,11296
1683,5,0,17,8,40520400,3590,67080,5,11301
1684,4,0,15,10,40545840,3591,67080,5,11305
1685,2,0,13,12,40568580,3592,67080,5,11307
1686,2,0,14,11,40574400,3592,67080,5,11309
1687,3,0,15,10,40577280,3591,67080,5,11312
1688,13,0,21,4,40599840,3591,67080,5,11325
1689,11,0,21,4,40631160,3590,67080,5,11336
1690,8,0,21,4,40667160,3591,67080,5,11344
1691,10,0,22,3,40700520,3591,67080,5,11354
1692,9,0,22,3,40742760,3592,67080,5,11363
1693,11,0,20,5,40791780,3592,67080,5,11374
1694,6,0,19,6,40819380,3592,67080,5,11380
1695,8,0,15,10,40855380,3592,67080,5,11388
1696,9,0,18,7,40868220,3591,67080,5,11397
1697,12,0,21,4,40893960,3590,67080,5,11409
1698,10,0,23,2,40919760,3590,67080,5,11419
1699,3,0,14,11,40962540,3590,67080,5,11422
1700,5,0,16,9,40974060,3590,67080,5,11427
1701,11,0,20,5,40993260,3590,67080,5,11438
1702,4,0,16,9,41026440,3590,67080,5,11442
1703,4,0,17,8,41038800,3590,67080,5,11446
1704,5,0,16,9,41063520,3591,67080,5,11451
1705,6,0,17,8,41077860,3590,67080,5,11457
1706,4,0,17,8,41090400,3590,67080,5,11461
1707,5,0,17,8,41112000,3590,67080,5,11466
1708,9,0,18,7,41135880,3590,67080,5,11475
1709,8,0,17,8,41169660,3590,67080,5,11483
1710,9,0,18,7,41190960,3589,67080,5,11492
1711,12,0,22,3,41207640,3588,67080,5,11504
1712,9,0,24,1,41239140,3589,67080,5,11513
1713,10,0,21,4,41284380,3589,68340,5,11523
1714,9,0,20,5,41328120,3590,68340,5,11532
1715,8,0,18,7,41358240,3589,68340,5,11540
1716,11,0,17,8,41394900,3588,68340,5,11551
1717,10,0,20,5,41414940,3588,68340,5,11561
1718,9,0,24,1,41425380,3587,68340,5,11570
1719,10,0,22,3,41484660,3589,68340,5,11580
1720,9,0,19,6,41513400,3588,68400,5,11589
1721,5,0,14,11,41564580,3589,68400,5,11594
1722,11,0,22,3,41571720,3589,68400,5,11605
1723,5,0,18,7,41598360,3588,68400,5,11610
1724,5,0,19,6,41615460,3588,68400,5,11615
1725,8,0,17,8,41659680,3589,68400,5,11623
1726,10,0,22,3,41669160,3588,68400,5,11633
1727,6,0,18,7,41712840,3589,68400,5,11639
1728,5,0,15,10,41748000,3589,68400,5,11644
1729,6,0,16,9,41771940,3590,68400,5,11650
1730,7,0,18,7,41783160,3589,68400,5,11657
1731,6,0,16,9,41816880,3590,68400,5,11663
1732,2,0,16,9,41824860,3590,68400,5,11665
1733,7,0,18,7,41840940,3590,68400,5,11672
1734,6,0,17,8,41861700,3589,68400,5,11678
1735,10,0,18,7,41893080,3589,68400,5,11688
1736,9,0,19,6,41916960,3589,68400,5,11697
1737,9,0,20,5,41935920,3588,68400,5,11706
1738,10,0,22,3,41967720,3588,68400,5,11716
1739,10,0,23,2,41998080,3588,68400,5,11726
1740,14,2,25,0,42043740,3589,70320,5,11740
1741,8,0,19,6,42099240,3589,71880,6,11748
1742,8,0,21,4,42122340,3589,71880,6,11756
1743,11,0,23,2,42151140,3589,71880,6,11767
1744,9,0,19,6,42204300,3589,71880,6,11776
1745,9,0,20,5,42226500,3589,71880,6,11785
1746,10,0,22,3,42255060,3589,71880,6,11795
1747,8,0,19,6,42279660,3587,71880,6,11803
1748,6,0,19,6,42314400,3589,71880,6,11809
1749,2,0,15,10,42346380,3589,71880,6,11811
1750,4,0,13,12,42377040,3590,71880,6,11815
1751,3,0,15,10,42383400,3590,71880,6,11818
1752,4,0,14,11,42398100,3590,71880,6,11822
1753,7,0,20,5,42399720,3590,71880,6,11829
1754,5,0,18,7,42426780,3590,71880,6,11834
1755,5,0,18,7,42450900,3591,71880,6,11839
1756,3,0,14,11,42477900,3591,71880,6,11842
1757,7,0,16,9,42488160,3590,71880,6,11849
1758,4,0,15,10,42522600,3592,71880,6,11853
1759,6,0,16,9,42536520,3591,71880,6,11859
1760,6,0,20,5,42540180,3591,71880,6,11865
1761,7,0,21,4,42569280,3592,71880,6,11872
1762,7,0,19,6,42596820,3591,71880,6,11879
1763,5,0,17,8,42635760,3592,71880,6,11884
1764,6,0,16,9,42662280,3592,71880,6,11890
1765,6,0,15,10,42686580,3592,71880,6,11896
1766,8,0,20,5,42694620,3592,71880,6,11904
1767,9,0,14,11,42743580,3592,71880,6,11913
1768,9,0,18,7,42755040,3591,71880,6,11922
1769,9,0,20,5,42784860,3592,71880,6,11931
1770,8,0,17,8,42813480,3591,71880,6,11939
1771,9,0,20,5,42838380,3591,71880,6,11948
1772,7,0,19,6,42854220,3590,71880,6,11955
1773,6,0,17,8,42886800,3590,71880,6,11961
1774,10,0,21,4,42908700,3590,71880,6,11971
1775,2,0,16,9,42934560,3590,71880,6,11973
1776,3,0,14,11,42968520,3592,71880,6,11976
1777,5,0,14,11,42984780,3591,71880,5,11981
1778,7,0,18,7,42995940,3591,71880,5,11988
1779,3,0,17,8,43009140,3591,71880,5,11991
1780,6,0,19,6,43023360,3591,71880,5,11997
1781,2,0,15,10,43048560,3592,71880,5,11999
1782,3,0,15,10,43065660,3592,71880,5,12002
1783,4,0,16,9,43072380,3592,71880,5,12006
1784,10,0,21,4,43087140,3592,71880,5,12016
1785,6,0,18,7,43121160,3592,71880,5,12022
1786,7,0,19,6,43143720,3592,71880,5,12029
1787,10,0,20,5,43184820,3593,71880,5,12039
1788,9,0,24,1,43198680,3592,71880,5,12048
1789,8,0,21,4,43246680,3593,71880,5,12056
1790,6,0,18,7,43286280,3594,71880,5,12062
1791,11,0,22,3,43299420,3593,71880,5,12073
1792,3,0,18,7,43335180,3593,71880,5,12076
1793,9,0,16,9,43374360,3593,71880,5,12085
1794,12,0,18,7,43401180,3593,71880,5,12097
1795,10,0,21,4,43421040,3592,71880,5,12107
1796,5,0,15,10,43467120,3593,71880,5,12112
1797,9,0,20,5,43482360,3593,71880,5,12121
1798,3,0,13,12,43516440,3593,71880,5,12124
1799,4,0,15,10,43519980,3592,71880,5,12128
1800,4,0,13,12,43536360,3592,71880,5,12132
1801,3,0,14,11,43540620,3592,71880,5,12135
1802,6,0,18,7,43541880,3591,71880,5,12141
1803,7,0,16,9,43579800,3592,71880,5,12148
1804,2,0,16,9,43588440,3592,71880,5,12150
1805,4,0,13,12,43618080,3592,71880,5,12154
1806,6,0,16,9,43621860,3592,71880,5,12160
1807,2,0,17,8,43628700,3592,71880,5,12162
1808,4,0,15,10,43653720,3592,71880,5,12166
1809,5,0,16,9,43668540,3592,71880,5,12171
1810,5,0,15,10,43683900,3592,71880,5,12176
1811,5,0,16,9,43691340,3591,71880,5,12181
1812,8,0,21,4,43709040,3592,71880,5,12189
1813,14,4,25,0,43730580,3592,72120,5,12203
1814,11,7,25,0,43772700,3593,85920,7,12214
1815,11,9,25,0,43826280,3594,90960,7,12225
1816,12,0,23,2,43894980,3593,147780,12,12237
1817,12,0,22,3,43924320,3592,147780,12,12249
1818,8,0,18,7,43957080,3591,147780,12,12257
1819,13,0,22,3,43980000,3590,147780,12,12270
1820,14,1,25,0,44009100,3590,148560,12,12284
1821,5,0,22,3,44060640,3591,155280,12,12289
1822,3,0,17,8,44100600,3592,155280,12,12292
1823,4,0,12,13,44142420,3593,155280,12,12296
1824,8,0,19,6,44148180,3593,155280,12,12304
1825,4,0,17,8,44159400,3592,155280,12,12308
1826,2,0,13,12,44198520,3594,155280,12,12310
1827,5,0,15,10,44202120,3593,155280,12,12315
1828,5,0,16,9,44211960,3593,155280,12,12320
1829,7,0,14,11,44240100,3592,155280,12,12327
1830,6,0,19,6,44243400,3592,155280,12,12333
1831,3,0,17,8,44264100,3593,155280,12,12336
1832,6,0,16,9,44286540,3592,155280,12,12342
1833,10,0,18,7,44315700,3592,155280,12,12352
1834,13,0,21,4,44340180,3592,155280,12,12365
1835,12,0,20,5,44379360,3591,155280,12,12377
1836,8,0,18,7,44411580,3591,155280,12,12385
1837,7,0,20,5,44432220,3591,155280,12,12392
1838,8,0,20,5,44466420,3591,155280,12,12400
1839,10,0,22,3,44501760,3592,155280,12,12410
1840,10,0,20,5,44538360,3591,155280,12,12420
1841,7,0,19,6,44572380,3592,155280,12,12427
1842,5,0,17,8,44596740,3592,155280,12,12432
1843,6,0,17,8,44623620,3592,155280,12,12438
1844,6,0,19,6,44638200,3592,155280,12,12444
1845,8,0,19,6,44666400,3592,155280,12,12452
1846,4,0,15,10,44695740,3592,155280,12,12456
1847,2,0,14,11,44717700,3593,155280,12,12458
1848,2,0,13,12,44728080,3593,155280,12,12460
1849,3,0,14,11,44732400,3593,155280,12,12463
1850,1,0,12,13,44745480,3593,155280,12,12464
1851,8,0,16,9,44751780,3592,155280,12,12472
1852,6,0,19,6,44756940,3592,155280,12,12478
1853,6,0,19,6,44784540,3592,155280,12,12484
1854,5,0,19,6,44808840,3593,155280,12,12489
1855,6,0,16,9,44843520,3593,155280,12,12495
1856,6,0,16,9,44872260,3594,155280,12,12501
1857,8,0,20,5,44882400,3593,155280,12,12509
1858,10,0,19,6,44928240,3594,155280,12,12519
1859,6,0,16,9,44959620,3594,155280,12,12525
1860,13,0,22,3,44974140,3593,155280,12,12538
1861,14,4,25,0,44989920,3592,156000,12,12552
1862,6,0,21,4,45051720,3593,159720,12,12558
1863,6,0,16,9,45101640,3594,159720,12,12564
1864,7,0,20,5,45113760,3594,159720,12,12571
1865,14,0,23,2,45151320,3594,159720,12,12585
1866,8,0,19,6,45202260,3594,159720,12,12593
1867,3,0,15,10,45228360,3594,159720,12,12596
1868,9,0,17,8,45253980,3595,159720,12,12605
1869,13,0,22,3,45277800,3594,159720,12,12618
1870,3,0,14,11,45315300,3594,159720,12,12621
1871,4,0,15,10,45325680,3594,159720,12,12625
1872,7,0,19,6,45338580,3594,159720,12,12632
1873,5,0,15,10,45365820,3594,159720,12,12637
1874,3,0,14,11,45380340,3594,159720,12,12640
1875,1,0,14,11,45386640,3594,159720,12,12641
1876,8,0,21,4,45389400,3594,159720,12,12649
1877,3,0,17,8,45424260,3595,159720,12,12652
1878,8,0,20,5,45438120,3594,159720,12,12660
1879,10,0,23,2,45461820,3594,159720,12,12670
1880,8,0,17,8,45510960,3594,159720,12,12678
1881,9,0,18,7,45551280,3595,159720,12,12687
1882,7,0,19,6,45581520,3596,159720,12,12694
1883,8,0,18,7,45611160,3595,159720,12,12702
1884,6,0,15,10,45632040,3595,159720,12,12708
1885,9,0,19,6,45646080,3594,159720,12,12717
1886,6,0,17,8,45671520,3594,159720,12,12723
1887,8,0,16,9,45691980,3593,159720,12,12731
1888,5,0,15,10,45711060,3593,159720,12,12736
1889,8,0,16,9,45730680,3592,159720,12,12744
1890,8,0,14,11,45753960,3591,159720,12,12752
1891,6,0,16,9,45762300,3591,159720,12,12758
1892,6,0,19,6,45771300,3591,159720,12,12764
1893,3,0,15,10,45801600,3591,159720,12,12767
1894,5,0,18,7,45810840,3591,159720,12,12772
1895,7,0,18,7,45844380,3592,159720,12,12779
1896,4,0,16,9,45872040,3593,159720,12,12783
1897,9,0,18,7,45895320,3592,159720,12,12792
1898,5,0,19,6,45907680,3592,159720,12,12797
1899,2,0,14,11,45950820,3594,159720,12,12799
1900,3,0,13,12,45969840,3594,159720,12,12802
1901,4,0,15,10,45976920,3594,159720,12,12806
1902,9,0,23,2,45977700,3594,159720,12,12815
1903,4,0,18,7,46015380,3594,159720,12,12819
1904,8,0,18,7,46035600,3594,159720,12,12827
1905,8,0,21,4,46064400,3594,159720,12,12835
1906,11,0,20,5,46104960,3594,160620,12,12846
1907,12,5,22,3,46132080,3595,162660,12,12858
1908,3,0,24,1,46164900,3596,176340,13,12861
1909,10,0,21,4,46220220,3596,176700,13,12871
1910,5,0,23,2,46238340,3597,176700,13,12876
1911,8,0,23,2,46280100,3598,176700,13,12884
1912,9,0,18,7,46335300,3598,176700,13,12893
1913,10,0,20,5,46358700,3598,176700,13,12903
1914,6,0,19,6,46389120,3598,176700,13,12909
1915,5,0,15,10,46440480,3600,176700,13,12914
1916,4,0,18,7,46442220,3600,176700,13,12918
1917,4,0,16,9,46472340,3600,176700,13,12922
1918,4,0,14,11,46506300,3601,176700,13,12926
1919,4,0,14,11,46520340,3601,176700,13,12930
1920,4,0,16,9,46529100,3601,176700,13,12934
1921,5,0,16,9,46547280,3601,176700,13,12939
1922,5,0,16,9,46565340,3601,176700,13,12944
1923,6,0,19,6,46573740,3601,176700,13,12950
1924,5,0,20,5,46590120,3601,176700,13,12955
1925,4,0,15,10,46627680,3602,176700,13,12959
1926,8,0,17,8,46649460,3602,176700,13,12967
1927,6,0,16,9,46668300,3601,176700,13,12973
1928,6,0,17,8,46681140,3601,176700,13,12979
1929,7,0,17,8,46704840,3601,176700,13,12986
1930,8,0,18,7,46728240,3601,176700,13,12994
1931,9,0,19,6,46756500,3601,176700,13,13003
1932,13,0,23,2,46784400,3600,178500,13,13016
1933,11,0,17,8,46836240,3600,178500,13,13027
1934,5,0,17,8,46857840,3600,178500,13,13032
1935,4,0,17,8,46869840,3600,178500,13,13036
1936,14,0,22,3,46902840,3600,178500,13,13050
1937,3,0,17,8,46930500,3600,178500,13,13053
1938,5,0,15,10,46960980,3600,178500,13,13058
1939,7,0,14,11,46974660,3599,178500,13,13065
1940,7,0,18,7,46980900,3598,178500,13,13072
1941,6,0,20,5,46989900,3598,178500,13,13078
1942,6,0,16,9,47031540,3598,178500,13,13084
1943,3,0,15,10,47042340,3598,178500,13,13087
1944,7,0,16,9,47068800,3599,178500,13,13094
1945,3,0,17,8,47070240,3598,178500,13,13097
1946,4,0,14,11,47103360,3599,178500,13,13101
1947,2,0,13,12,47108100,3598,178500,13,13103
1948,4,0,14,11,47117160,3598,178500,13,13107
1949,3,0,15,10,47124660,3598,178500,13,13110
1950,8,0,18,7,47142540,3598,178500,13,13118
1951,5,0,17,8,47155680,3598,178500,13,13123
1952,10,0,20,5,47183400,3598,178500,13,13133
1953,5,0,18,7,47207400,3598,178500,13,13138
1954,3,0,13,12,47246940,3598,178500,13,13141
1955,4,0,14,11,47253360,3598,178500,13,13145
1956,5,0,15,10,47263200,3598,178500,13,13150
1957,6,0,15,10,47289240,3598,178500,13,13156
1958,7,0,16,9,47301300,3597,178500,13,13163
1959,13,0,22,3,47316840,3597,178500,13,13176
1960,10,0,21,4,47364180,3597,178500,13,13186
1961,6,0,18,7,47388300,3597,178500,13,13192
1962,10,0,24,1,47403420,3597,178500,13,13202
1963,15,3,25,0,47448540,3597,179160,13,13217
1964,3,0,15,10,47504280,3597,185580,14,13220
1965,7,0,18,7,47521740,3597,185580,14,13227
1966,6,0,16,9,47559240,3598,185580,14,13233
1967,2,0,15,10,47566080,3598,185580,14,13235
1968,6,0,18,7,47575980,3597,185580,14,13241
1969,1,0,13,12,47606580,3598,185580,14,13242
1970,2,0,14,11,47608740,3598,185580,14,13244
1971,3,0,13,12,47623260,3598,185580,14,13247
1972,4,0,16,9,47633820,3599,185580,14,13251
1973,1,0,13,12,47653980,3599,185580,14,13252
1974,6,0,16,9,47669280,3599,185580,13,13258
1975,10,0,20,5,47684400,3599,185580,13,13268
1976,5,0,18,7,47707080,3599,185580,13,13273
1977,6,0,17,8,47739540,3599,185580,13,13279
1978,6,0,20,5,47751780,3599,185580,13,13285
1979,13,0,20,5,47787720,3599,185580,13,13298
1980,8,0,23,2,47803020,3598,185580,13,13306
1981,9,0,21,4,47846640,3599,185580,13,13315
1982,9,0,17,8,47900760,3599,185580,13,13324
1983,6,0,16,9,47929740,3599,185580,13,13330
1984,7,0,19,6,47937180,3599,185580,13,13337
1985,8,0,19,6,47973840,3600,185580,13,13345
1986,4,0,17,8,47995260,3600,185580,13,13349
1987,5,0,16,9,48020940,3600,185580,13,13354
1988,6,0,16,9,48033480,3599,185580,13,13360
1989,3,0,15,10,48050820,3599,185580,13,13363
1990,2,0,14,11,48060180,3599,185580,13,13365
1991,6,0,17,8,48066660,3599,185580,13,13371
1992,4,0,15,10,48079680,3598,185580,13,13375
1993,2,0,14,11,48096180,3599,185580,13,13377
1994,3,0,13,12,48110220,3599,185580,13,13380
1995,4,0,16,9,48113880,3599,185580,13,13384
1996,4,0,15,10,48130740,3599,185580,13,13388
1997,6,0,15,10,48152040,3599,185580,13,13394
1998,1,0,13,12,48163560,3599,185580,13,13395
1999,0,0,12,13,48173100,3599,185580,13,13395
2000,5,0,15,10,48176640,3599,185580,13,13400
2001,10,0,17,8,48184500,3597,185580,13,13410
2002,7,0,17,8,48206700,3597,185580,13,13417
2003,5,0,16,9,48227280,3597,185580,13,13422
2004,10,0,17,8,48247200,3596,185580,13,13432
2005,9,0,19,6,48274080,3596,185580,13,13441
2006,8,0,18,7,48293460,3595,185580,13,13449
2007,4,0,18,7,48312120,3595,185580,13,13453
2008,6,0,16,9,48340320,3595,185580,13,13459
2009,10,0,22,3,48357240,3596,185580,13,13469
2010,7,0,17,8,48409920,3596,185580,13,13476
2011,9,0,20,5,48428880,3596,185580,13,13485
2012,6,0,21,4,48456540,3597,185580,13,13491
2013,3,0,13,12,48505260,3598,185580,13,13494
2014,4,0,12,13,48517080,3597,185580,13,13498
2015,6,0,16,9,48519660,3597,185580,13,13504
2016,7,0,19,6,48531600,3597,185580,13,13511
2017,5,0,23,2,48534900,3597,185580,13,13516
2018,8,2,25,0,48546060,3596,185640,13,13524
2019,6,0,25,0,48575760,3596,193380,14,13530
2020,6,1,25,0,48589140,3596,193380,14,13536
2021,7,0,25,0,48620400,3596,195120,14,13543
2022,13,11,25,0,48628860,3596,199140,14,13556
2023,7,14,25,0,48653700,3597,206820,15,13563
2024,4,14,25,0,48677820,3598,217500,16,13567
2025,11,19,25,0,48716040,3599,221580,16,13578
2026,8,23,25,0,48736920,3600,236100,17,13586
2027,5,23,25,0,48767520,3600,258900,19,13591
2028,12,28,25,0,48793320,3600,301260,22,13603
2029,12,33,25,0,48815220,3600,350460,25,13615
2030,11,40,25,0,48836640,3601,354780,26,13626
2031,11,40,25,0,48850260,3601,358140,26,13637
2032,3,37,25,0,48886080,3602,402300,29,13640
2033,6,37,25,0,48919560,3603,424020,31,13646
2034,10,40,25,0,48945000,3603,432060,31,13656
2035,5,39,25,0,48959040,3604,440160,32,13661
2036,2,37,25,0,48987720,3605,455640,33,13663
2037,8,39,25,0,49008900,3605,493380,36,13671
2038,3,32,25,0,49051320,3606,780840,57,13674
2039,6,25,25,0,49075740,3604,1144800,83,13680
2040,3,15,25,0,49094100,3602,1645800,120,13683
2041,5,0,24,1,49124340,3599,2123520,155,13688
2042,3,0,25,0,49132620,3599,2123940,155,13691
2043,7,4,25,0,49149780,3599,2128620,155,13698
2044,4,4,25,0,49184760,3601,2141220,156,13702
2045,3,0,25,0,49213680,3601,2155920,157,13705
2046,7,0,23,2,49240080,3601,2155920,157,13712
2047,9,4,25,0,49249440,3601,2159220,157,13721
2048,5,5,25,0,49261380,3600,2163780,157,13726
2049,7,6,25,0,49297800,3602,2167680,158,13733
2050,10,12,25,0,49326900,3603,2172840,158,13743
2051,3,14,25,0,49332420,3603,2175360,158,13746
2052,6,14,25,0,49375980,3604,2198820,160,13752
2053,10,20,25,0,49399620,3605,2232060,162,13762
2054,7,21,25,0,49428900,3606,2265840,164,13769
2055,11,23,25,0,49460280,3606,2273940,165,13780
2056,8,28,25,0,49469340,3605,2306700,167,13788
2057,6,30,25,0,49488480,3606,2314560,168,13794
2058,5,26,25,0,49534740,3607,2374080,172,13799
2059,5,27,25,0,49554420,3607,2382420,172,13804
2060,7,31,25,0,49567140,3607,2388840,173,13811
2061,2,29,25,0,49600860,3609,2416200,175,13813
2062,4,28,25,0,49624440,3609,2434140,176,13817
2063,4,20,25,0,49659360,3608,2588640,187,13821
2064,1,2,25,0,49687800,3606,3333780,241,13822
2065,4,0,21,4,49705080,3604,3367200,243,13826
2066,5,0,23,2,49715700,3604,3367200,243,13831
2067,3,0,20,5,49730580,3604,3367200,243,13834
2068,7,0,24,1,49737060,3603,3367200,243,13841
2069,5,0,25,0,49754520,3604,3368160,243,13846
2070,12,7,25,0,49781760,3604,3370080,243,13858
2071,8,11,25,0,49801080,3605,3374880,243,13866
2072,6,12,25,0,49830720,3605,3382800,244,13872
2073,8,3,25,0,49868760,3604,3460500,249,13880
2074,7,0,24,1,49887600,3602,3477360,250,13887
2075,14,4,25,0,49906680,3601,3478680,250,13901
2076,4,3,25,0,49925100,3601,3488100,251,13905
2077,11,10,25,0,49946160,3602,3495000,251,13916
2078,8,14,25,0,49974540,3603,3502020,251,13924
2079,12,21,25,0,49996500,3603,3508980,252,13936
2080,4,20,25,0,50027880,3604,3523440,253,13940
2081,8,24,25,0,50046840,3604,3550680,254,13948
2082,7,25,25,0,50077320,3605,3592260,257,13955
2083,10,31,25,0,50093040,3605,3617760,259,13965
2084,6,32,25,0,50121000,3606,3626340,259,13971
2085,4,33,25,0,50140500,3606,3629160,260,13975
2086,8,38,25,0,50163000,3607,3630900,260,13983
2087,3,36,25,0,50197500,3608,3653640,261,13986
2088,7,40,25,0,50224500,3610,3701340,264,13993
2089,4,35,25,0,50258640,3610,3745800,267,13997
2090,0,29,25,0,50282700,3610,3936480,281,13997
2091,5,23,25,0,50309760,3610,4164000,297,14002
2092,8,23,25,0,50328300,3609,4223340,301,14010
2093,6,23,25,0,50357160,3609,4233180,302,14016
2094,7,19,25,0,50388360,3609,4493220,320,14023
2095,5,16,25,0,50407020,3608,4536420,323,14028
2096,7,5,25,0,50431380,3605,5153280,367,14035
2097,3,0,21,4,50465220,3604,5281680,376,14038
2098,4,0,22,3,50472360,3604,5281680,376,14042
2099,5,0,22,3,50486340,3604,5281680,376,14047
2100,7,0,25,0,50498340,3604,5282100,376,14054
2101,6,2,25,0,50510400,3604,5283240,376,14060
2102,12,6,25,0,50547420,3604,5291100,376,14072
2103,16,16,25,0,50567040,3604,5297040,376,14088
2104,5,16,25,0,50588760,3604,5312640,377,14093
2105,12,20,25,0,50625720,3605,5326020,378,14105
2106,6,22,25,0,50637420,3605,5355600,380,14111
2107,6,20,25,0,50671320,3605,5410380,383,14117
2108,5,20,25,0,50689200,3605,5451540,386,14122
2109,5,11,25,0,50719140,3604,5569080,394,14127
2110,2,6,25,0,50744460,3604,5644740,400,14129
2111,3,0,20,5,50776200,3602,5788320,410,14132
2112,6,0,23,2,50786820,3602,5788320,409,14138
2113,7,1,25,0,50797500,3602,5788440,409,14145
2114,8,7,25,0,50802240,3602,5791680,409,14153
2115,3,5,25,0,50835660,3603,5803560,410,14156
2116,3,0,25,0,50872560,3603,5835780,412,14159
2117,5,0,24,1,50894040,3603,5835900,412,14164
2118,7,4,25,0,50906820,3604,5837220,412,14171
2119,6,7,25,0,50932260,3605,5843280,412,14177
2120,7,8,25,0,50967120,3606,5849940,412,14184
2121,4,3,25,0,50990940,3605,5897880,416,14188
2122,6,0,24,1,51021960,3605,5905500,416,14194
2123,8,4,25,0,51036360,3605,5907420,416,14202
2124,7,5,25,0,51061200,3605,5913000,416,14209
2125,6,4,25,0,51094500,3606,5933100,417,14215
2126,5,4,25,0,51109860,3606,5940300,418,14220
2127,5,3,25,0,51138960,3606,5949300,418,14225
2128,4,2,25,0,51157020,3606,5974860,420,14229
2129,8,0,24,1,51192660,3606,5984520,420,14237
2130,10,0,25,0,51217440,3605,5986200,420,14247
2131,4,0,20,5,51237840,3604,5986200,420,14251
2132,5,0,24,1,51246900,3605,5986200,420,14256
2133,6,2,25,0,51256980,3605,5988720,420,14262
2134,4,0,25,0,51290100,3606,5998260,420,14266
2135,1,0,22,3,51312480,3606,5998260,420,14267
2136,8,0,24,1,51333240,3606,5998260,420,14275
2137,1,0,20,5,51351720,3606,5998260,420,14276
2138,2,0,20,5,51360480,3606,5998260,420,14278
2139,2,0,20,5,51363960,3606,5998260,420,14280
2140,6,0,23,2,51370080,3606,5998260,420,14286
2141,11,4,25,0,51381840,3605,5998320,420,14297
2142,9,7,25,0,51405960,3605,6002400,420,14306
2143,4,7,25,0,51433140,3606,6009660,420,14310
2144,13,17,25,0,51447840,3607,6012360,420,14323
2145,9,23,25,0,51470280,3607,6016020,420,14332
2146,5,25,25,0,51492660,3608,6019320,420,14337
2147,3,24,25,0,51520080,3609,6029820,421,14340
2148,10,28,25,0,51545520,3609,6069660,423,14350
2149,14,36,25,0,51582000,3610,6075120,423,14364
2150,8,38,25,0,51606420,3611,6085320,424,14372
2151,6,38,25,0,51636000,3612,6128640,426,14378
2152,11,40,25,0,51659820,3612,6170400,429,14389
2153,5,39,25,0,51681660,3612,6180420,430,14394
2154,6,40,25,0,51710040,3613,6243540,434,14400
2155,3,36,25,0,51738840,3614,6291900,437,14403
2156,5,32,25,0,51767400,3613,6403920,445,14408
2157,7,33,25,0,51781980,3613,6502860,451,14415
2158,3,28,25,0,51811860,3613,6695520,465,14418
2159,4,22,25,0,51834600,3612,7008060,486,14422
2160,3,12,25,0,51863820,3611,7387380,513,14425
2161,1,0,20,5,51895920,3608,7870560,546,14426
2162,8,0,22,3,51901200,3607,7870560,546,14434
2163,5,0,24,1,51912900,3607,7870560,546,14439
2164,4,0,23,2,51926400,3607,7870560,545,14443
2165,4,0,24,1,51939960,3607,7870560,545,14447
2166,8,1,25,0,51966060,3608,7871520,545,14455
2167,12,7,25,0,51986520,3607,7874760,545,14467
2168,7,10,25,0,52009800,3608,7879980,545,14474
2169,9,15,25,0,52029240,3608,7887780,545,14483
2170,15,27,25,0,52058700,3610,7894680,545,14498
2171,8,32,25,0,52077960,3610,7904760,545,14506
2172,9,35,25,0,52117140,3611,7927260,547,14515
2173,6,33,25,0,52148400,3612,7998420,551,14521
2174,8,33,25,0,52173420,3611,8030400,553,14529
2175,6,33,25,0,52191360,3611,8052660,555,14535
2176,7,36,25,0,52214640,3612,8059260,555,14542
2177,11,40,25,0,52218120,3612,8060880,555,14553
2178,9,40,25,0,52246020,3613,8076300,556,14562
2179,10,37,25,0,52302780,3614,8139720,560,14572
2180,12,40,25,0,52317240,3614,8152320,560,14584
2181,3,37,25,0,52344120,3615,8273760,569,14587
2182,4,33,25,0,52373580,3615,8397180,577,14591
2183,5,32,25,0,52393320,3615,8425800,579,14596
2184,2,22,25,0,52429260,3614,8923680,613,14598
2185,2,2,25,0,52454760,3610,9739740,669,14600
2186,4,0,19,6,52474140,3609,9819900,674,14604
2187,3,0,20,5,52476540,3608,9819900,674,14607
2188,3,0,21,4,52482120,3608,9819900,674,14610
2189,9,1,25,0,52493580,3608,9820440,673,14619
2190,7,3,25,0,52513620,3608,9825900,674,14626
2191,10,4,25,0,52548060,3608,9833760,674,14636
2192,7,8,25,0,52555800,3608,9834900,673,14643
2193,4,7,25,0,52592760,3609,9843540,674,14647
2194,12,14,25,0,52603140,3609,9848700,674,14659
2195,13,22,24,1,52643880,3610,9856740,674,14672
2196,5,26,24,1,52648920,3610,9859380,674,14677
2197,7,31,25,0,52655700,3611,9870900,674,14684
2198,9,34,25,0,52702740,3612,9900120,675,14693
2199,8,38,25,0,52731240,3613,9926220,677,14701
2200,12,38,25,0,52764960,3614,9931980,677,14713
2201,7,38,25,0,52787760,3614,9965100,679,14720
2202,7,37,25,0,52814160,3614,9998460,681,14727
2203,5,38,25,0,52832700,3614,10000680,681,14732
2204,6,40,25,0,52850700,3615,10009680,681,14738
2205,5,37,25,0,52877040,3616,10059840,685,14743
2206,3,31,25,0,52922400,3616,10318260,702,14746
2207,5,29,25,0,52939800,3616,10469160,712,14751
2208,4,18,25,0,52963200,3614,10902120,741,14755
2209,8,18,25,0,52988700,3614,11017140,749,14763
2210,6,17,25,0,53014920,3614,11130060,756,14769
2211,5,9,25,0,53038980,3612,11454240,778,14774
2212,8,6,25,0,53058360,3611,11632440,790,14782
2213,6,6,25,0,53086740,3611,11639760,790,14788
2214,3,0,22,3,53113920,3610,11822880,802,14791
2215,11,5,25,0,53128680,3610,11824080,802,14802
2216,8,9,25,0,53149140,3611,11832780,802,14810
2217,7,11,25,0,53181420,3612,11847420,802,14817
2218,6,11,25,0,53205420,3612,11860800,803,14823
2219,7,8,25,0,53241180,3612,11886180,804,14830
2220,7,5,25,0,53260980,3611,11921400,806,14837
2221,10,9,25,0,53281320,3611,11925300,806,14847
2222,9,13,25,0,53303520,3611,11928540,806,14856
2223,6,15,25,0,53327640,3612,11940300,806,14862
2224,12,21,25,0,53359080,3612,11950500,806,14874
2225,7,26,25,0,53367000,3612,11953140,806,14881
2226,10,29,25,0,53409240,3613,11972640,807,14891
2227,8,34,25,0,53423400,3614,11974980,807,14899
2228,7,35,25,0,53460780,3615,11992080,807,14906
2229,3,37,25,0,53470980,3615,11993820,807,14909
2230,9,39,25,0,53507400,3617,11999760,807,14918
2231,8,38,25,0,53528160,3617,12024600,809,14926
2232,6,36,25,0,53561400,3617,12084060,812,14932
2233,5,37,25,0,53584440,3618,12093960,813,14937
2234,4,35,25,0,53611380,3618,12289200,826,14941
2235,2,30,25,0,53641680,3619,12515280,841,14943
2236,7,26,25,0,53665680,3617,12642540,849,14950
2237,10,27,25,0,53682300,3616,12805680,859,14960
2238,5,26,25,0,53707080,3617,12849480,862,14965
2239,3,23,25,0,53741880,3618,12874260,863,14968
2240,2,3,25,0,53774340,3614,13794720,925,14970
2241,6,0,21,4,53790600,3612,13941240,935,14976
2242,3,0,21,4,53800380,3612,13941240,934,14979
2243,8,0,23,2,53812320,3612,13941240,934,14987
2244,16,10,25,0,53826480,3612,13944360,933,15003
2245,15,23,25,0,53837220,3612,13949160,932,15018
2246,5,22,25,0,53879280,3613,13966440,933,15023
2247,9,28,25,0,53893620,3613,13970700,933,15032
2248,8,32,25,0,53917560,3614,13972860,933,15040
2249,6,32,25,0,53956440,3615,13991460,934,15046
2250,4,34,25,0,53969880,3616,13998600,934,15050
2251,6,34,25,0,54005220,3616,14057520,937,15056
2252,3,34,25,0,54020820,3617,14077320,938,15059
2253,4,34,25,0,54051300,3618,14105160,940,15063
2254,5,35,25,0,54070020,3618,14192040,946,15068
2255,2,30,25,0,54106140,3619,14287380,952,15070
2256,3,24,25,0,54135960,3619,14479740,964,15073
2257,6,20,25,0,54162480,3618,14789580,985,15079
2258,3,17,25,0,54181560,3618,14905020,992,15082
2259,7,17,25,0,54208140,3618,14958240,995,15089
2260,2,13,25,0,54229920,3618,15068040,1002,15091
2261,7,6,25,0,54264720,3617,15390360,1023,15098
2262,4,0,23,2,54281760,3615,15557940,1034,15102
2263,9,0,23,2,54300120,3614,15558840,1034,15111
2264,13,4,25,0,54322320,3614,15558840,1033,15124
2265,6,2,25,0,54346680,3614,15567120,1033,15130
2266,5,0,24,1,54372060,3613,15577440,1033,15135
2267,7,0,24,1,54391020,3613,15577440,1033,15142
2268,9,4,25,0,54403800,3613,15578100,1032,15151
2269,4,0,22,3,54436020,3612,15586620,1032,15155
2270,5,0,23,2,54458580,3613,15586620,1032,15160
2271,14,8,25,0,54470220,3613,15591000,1032,15174
2272,6,8,25,0,54500640,3613,15602700,1032,15180
2273,2,1,25,0,54528480,3613,15645000,1034,15182
2274,8,0,24,1,54548280,3612,15654780,1035,15190
2275,4,0,24,1,54562500,3612,15654780,1034,15194
2276,5,0,22,3,54583860,3612,15654780,1034,15199
2277,4,0,24,1,54587100,3611,15654780,1034,15203
2278,5,0,25,0,54603240,3612,15657420,1034,15208
2279,6,0,21,4,54640920,3612,15659520,1033,15214
2280,8,2,25,0,54652680,3612,15660240,1033,15222
2281,4,2,25,0,54672660,3612,15665760,1033,15226
2282,3,0,24,1,54698160,3613,15668580,1033,15229
2283,9,1,25,0,54725040,3613,15668580,1032,15238
2284,4,1,25,0,54740520,3613,15672900,1032,15242
2285,11,3,25,0,54775560,3613,15676320,1032,15253
2286,8,0,23,2,54801660,3612,15680460,1031,15261
2287,5,0,23,2,54814080,3611,15680460,1031,15266
2288,5,0,23,2,54831960,3611,15680460,1031,15271
2289,4,0,22,3,54861480,3612,15680460,1030,15275
2290,7,3,25,0,54865740,3612,15680460,1030,15282
2291,7,0,24,1,54892980,3611,15689760,1030,15289
2292,9,1,25,0,54916140,3611,15690240,1030,15298
2293,8,5,25,0,54928380,3611,15691740,1029,15306
2294,6,4,25,0,54965040,3612,15702780,1029,15312
2295,8,4,25,0,54990360,3611,15716520,1030,15320
2296,10,0,25,0,55021680,3610,15740460,1031,15330
2297,9,5,25,0,55030680,3610,15742740,1030,15339
2298,4,0,23,2,55070700,3610,15758220,1031,15343
2299,6,0,23,2,55080720,3609,15758580,1031,15349
2300,7,1,25,0,55101420,3609,15758880,1030,15356
2301,7,2,25,0,55119540,3609,15761340,1030,15363
2302,6,4,25,0,55144680,3610,15766440,1030,15369
2303,4,0,25,0,55177380,3610,15781020,1030,15373
2304,6,0,25,0,55198680,3610,15781020,1030,15379
2305,3,0,25,0,55208040,3610,15782580,1030,15382
2306,6,0,25,0,55237740,3611,15788640,1030,15388
2307,4,0,22,3,55254900,3610,15788640,1030,15392
2308,3,0,21,4,55278600,3611,15788640,1029,15395
2309,8,1,25,0,55287120,3610,15788820,1029,15403
2310,8,0,23,2,55321680,3610,15790560,1029,15411
2311,6,2,25,0,55329240,3610,15791100,1028,15417
2312,8,6,25,0,55350600,3611,15793800,1028,15425
2313,5,8,25,0,55368300,3611,15795720,1028,15430
2314,11,14,25,0,55400760,3612,15800340,1027,15441
2315,11,19,25,0,55436400,3613,15813600,1027,15452
2316,6,20,25,0,55462020,3613,15828660,1028,15458
2317,11,26,25,0,55482840,3614,15846780,1029,15469
2318,13,35,25,0,55503300,3614,15850980,1028,15482
2319,7,38,25,0,55526880,3615,15859620,1028,15489
2320,8,39,25,0,55548420,3615,15874740,1028,15497
2321,5,40,25,0,55563480,3616,15890100,1029,15502
2322,6,37,25,0,55618140,3617,15932040,1032,15508
2323,4,34,25,0,55640280,3617,16002960,1036,15512
2324,9,40,25,0,55650420,3617,16032960,1038,15521
2325,6,39,25,0,55675080,3618,16074720,1040,15527
2326,2,36,25,0,55711140,3619,16092780,1041,15529
2327,7,33,25,0,55741860,3619,16275120,1052,15536
2328,10,40,25,0,55751520,3619,16277820,1052,15546
2329,2,37,25,0,55779360,3619,16332240,1055,15548
2330,2,28,25,0,55822260,3619,16693920,1078,15550
2331,7,26,25,0,55842780,3619,16945020,1094,15557
2332,5,16,25,0,55863420,3616,17357400,1120,15562
2333,7,19,25,0,55878480,3616,17359980,1120,15569
2334,4,20,25,0,55895880,3617,17365320,1120,15573
2335,4,19,25,0,55931400,3618,17383500,1121,15577
2336,5,14,25,0,55967220,3618,17777460,1146,15582
2337,6,2,25,0,55995420,3616,18197880,1173,15588
2338,5,0,23,2,56015280,3615,18248520,1176,15593
2339,11,1,25,0,56041380,3615,18248640,1175,15604
2340,17,13,25,0,56049780,3614,18250980,1174,15621
2341,13,21,25,0,56081100,3615,18257700,1173,15634
2342,12,30,25,0,56100120,3615,18270960,1173,15646
2343,12,37,25,0,56132040,3616,18290100,1173,15658
2344,3,37,25,0,56151300,3617,18317340,1175,15661
2345,11,40,25,0,56167440,3617,18323400,1175,15672
2346,4,38,25,0,56202960,3618,18392340,1179,15676
2347,5,37,25,0,56233680,3619,18463800,1183,15681
2348,5,36,25,0,56262120,3620,18528540,1187,15686
2349,3,32,25,0,56290260,3620,18680940,1197,15689
2350,5,27,25,0,56317200,3619,18858540,1208,15694
2351,2,19,25,0,56341320,3618,19013820,1217,15696
2352,6,9,25,0,56367780,3616,19354200,1239,15702
2353,5,0,25,0,56387580,3614,19602540,1254,15707
2354,2,0,20,5,56417100,3615,19602540,1254,15709
2355,3,0,20,5,56426820,3615,19602540,1254,15712
2356,6,0,23,2,56433420,3614,19602540,1253,15718
2357,4,0,22,3,56443500,3614,19602540,1253,15722
2358,4,0,21,4,56465340,3614,19602540,1253,15726
2359,9,2,25,0,56470980,3614,19602840,1252,15735
2360,6,1,25,0,56488680,3613,19608180,1252,15741
2361,8,5,25,0,56508720,3614,19609980,1251,15749
2362,14,14,25,0,56539800,3614,19613940,1250,15763
2363,4,12,25,0,56570280,3615,19626060,1251,15767
2364,8,16,25,0,56594040,3616,19649820,1252,15775
2365,8,18,25,0,56607720,3615,19681080,1253,15783
2366,9,19,25,0,56639100,3615,19727640,1255,15792
2367,14,26,25,0,56670000,3616,19735080,1255,15806
2368,7,30,25,0,56686380,3616,19739100,1254,15813
2369,2,27,25,0,56716320,3617,19767480,1256,15815
2370,9,28,25,0,56749920,3617,19807440,1258,15824
2371,10,33,25,0,56772480,3617,19812960,1257,15834
2372,6,36,25,0,56783880,3617,19817340,1257,15840
2373,8,38,25,0,56821980,3618,19827060,1257,15848
2374,5,38,25,0,56842500,3618,19843980,1258,15853
2375,3,32,25,0,56877540,3619,19930200,1263,15856
2376,7,31,25,0,56902320,3618,20046720,1270,15863
2377,4,29,25,0,56913360,3618,20093280,1273,15867
2378,10,30,25,0,56949240,3618,20120160,1273,15877
2379,4,26,25,0,56973120,3618,20247600,1281,15881
2380,7,21,25,0,56993700,3616,20574900,1301,15888
2381,6,24,25,0,57012000,3617,20576400,1301,15894
2382,9,26,25,0,57054900,3618,20585340,1301,15903
2383,8,22,25,0,57078180,3616,20721480,1309,15911
2384,8,25,25,0,57100740,3617,20728140,1308,15919
2385,9,25,25,0,57128520,3616,20893800,1318,15928
2386,5,27,25,0,57146040,3617,20899380,1318,15933
2387,11,31,25,0,57179940,3617,20906640,1318,15944
2388,6,30,25,0,57197820,3617,21000240,1323,15950
2389,11,27,25,0,57227460,3616,21077940,1327,15961
2390,9,30,25,0,57249120,3616,21107040,1328,15970
2391,8,33,25,0,57270720,3616,21114720,1328,15978
2392,9,36,25,0,57299520,3616,21126960,1328,15987
2393,9,40,25,0,57324000,3617,21133680,1328,15996
2394,6,39,25,0,57353100,3617,21144840,1328,16002
2395,5,39,25,0,57374520,3618,21163140,1329,16007
2396,10,38,25,0,57403260,3618,21167940,1328,16017
2397,6,27,25,0,57431820,3615,21844680,1370,16023
2398,8,27,25,0,57456600,3615,21887400,1372,16031
2399,4,23,25,0,57480120,3615,22077780,1384,16035

