Hour,Arrivals,Waiting,Treating,Available Rooms,Total Treatment Time,Average Treatment Time,Total Wait Time,Average Wait Time,Total Arrivals
1,3,0,3,22,0,0,0,0,3
2,8,0,7,18,6420,1605,0,0,11
3,3,0,5,20,27540,3060,0,0,14
4,4,0,4,21,51720,3694,0,0,18
5,5,0,7,18,62340,3896,0,0,23
6,5,0,4,21,90300,3762,0,0,28
7,4,0,6,19,102060,3925,0,0,32
8,7,0,8,17,124440,4014,0,0,39
9,5,0,7,18,152940,4133,0,0,44
10,10,0,9,16,183420,4076,0,0,54
11,13,0,15,10,202800,3900,0,0,67
12,11,0,12,13,250440,3794,0,0,78
13,6,0,7,18,294360,3822,0,0,84
14,5,0,3,22,331020,3849,0,0,89
15,5,0,4,21,334020,3711,0,0,94
16,4,0,5,20,339300,3648,0,0,98
17,8,0,9,16,350700,3615,0,0,106
18,6,0,9,16,373800,3629,0,0,112
19,6,0,8,17,418380,3803,0,0,118
20,11,0,9,16,453780,3781,0,0,129
21,4,0,4,21,487200,3776,0,0,133
22,2,0,3,22,501060,3795,0,0,135
23,6,0,5,20,509280,3744,0,0,141
24,6,0,8,17,524100,3770,0,0,147
25,4,0,7,18,542280,3765,0,0,151
26,5,0,4,21,586620,3859,0,0,156
27,4,0,4,21,598980,3839,0,0,160
28,11,0,10,15,620280,3852,0,0,171
29,7,0,9,16,643860,3809,0,0,178
30,2,0,6,19,670380,3852,0,0,180
31,4,0,3,22,700620,3870,0,0,184
32,2,0,1,24,714120,3860,0,0,186
33,7,0,7,18,715080,3844,0,0,193
34,6,0,7,18,737580,3841,0,0,199
35,9,0,10,15,763080,3853,0,0,208
36,7,0,8,17,798660,3858,0,0,215
37,11,0,11,14,823440,3829,0,0,226
38,6,0,9,16,855960,3838,0,0,232
39,11,0,10,15,889620,3818,0,0,243
40,12,0,8,17,942660,3816,0,0,255
41,9,0,10,15,965160,3799,0,0,264
42,9,0,9,16,1003200,3800,0,0,273
43,5,0,6,19,1029840,3786,0,0,278
44,4,0,7,18,1047480,3809,0,0,282
45,4,0,4,21,1078260,3823,0,0,286
46,7,0,7,18,1089960,3811,0,0,293
47,3,0,6,19,1107300,3818,0,0,296
48,4,0,5,20,1127580,3822,0,0,300
49,6,0,5,20,1155000,3837,0,0,306
50,3,0,4,21,1165380,3820,0,0,309
51,1,0,4,21,1173420,3834,0,0,310
52,4,0,2,23,1196280,3834,0,0,314
53,2,0,2,23,1204560,3836,0,0,316
54,10,0,9,16,1212120,3823,0,0,326
55,6,0,5,20,1239120,3789,0,0,332
56,5,0,3,22,1266300,3791,0,0,337
57,11,0,11,14,1276440,3787,0,0,348
58,4,0,4,21,1314900,3778,0,0,352
59,11,0,7,18,1331280,3739,0,0,363
60,8,0,8,17,1339260,3689,0,0,371
61,13,0,12,13,1382100,3715,0,0,384
62,4,0,7,18,1426800,3744,0,0,388
63,10,0,9,16,1447560,3721,0,0,398
64,8,0,6,19,1484040,3710,0,0,406
65,12,0,8,17,1517520,3701,0,0,418
66,7,0,6,19,1542120,3680,0,0,425
67,7,0,5,20,1570260,3677,0,0,432
68,6,0,5,20,1579200,3647,0,0,438
69,6,0,6,19,1592340,3635,0,0,444
70,4,0,4,21,1613880,3634,0,0,448
71,4,0,3,22,1635540,3642,0,0,452
72,4,0,3,22,1641300,3623,0,0,456
73,3,0,3,22,1649760,3617,0,0,459
74,3,0,2,23,1672680,3636,0,0,462
75,6,0,6,19,1675020,3625,0,0,468
76,6,0,7,18,1692420,3624,0,0,474
77,1,0,2,23,1720320,3637,0,0,475
78,8,0,7,18,1731120,3636,0,0,483
79,11,0,10,15,1752240,3620,0,0,494
80,12,0,10,15,1778640,3585,0,0,506
81,7,0,5,20,1817640,3578,0,0,513
82,6,0,7,18,1834680,3583,0,0,519
83,6,0,6,19,1858740,3581,0,0,525
84,16,0,14,11,1889280,3584,0,0,541
85,14,0,15,10,1922040,3559,0,0,555
86,12,0,9,16,1987380,3561,0,0,567
87,7,0,6,19,2020020,3556,0,0,574
88,8,0,7,18,2048280,3562,0,0,582
89,10,0,9,16,2067540,3546,0,0,592
90,8,0,10,15,2091480,3544,0,0,600
91,8,0,6,19,2142540,3559,0,0,608
92,5,0,2,23,2171520,3554,0,0,613
93,4,0,3,22,2180820,3551,0,0,617
94,3,0,5,20,2183880,3551,0,0,620
95,6,0,4,21,2209980,3553,0,0,626
96,8,0,7,18,2223060,3545,0,0,634
97,3,0,2,23,2252520,3547,0,0,637
98,7,0,5,20,2261820,3539,0,0,644
99,5,0,4,21,2279340,3533,0,0,649
100,4,0,3,22,2297040,3533,0,0,653
101,10,0,9,16,2311620,3534,0,0,663
102,7,0,6,19,2338620,3522,0,0,670
103,4,0,4,21,2355300,3515,0,0,674
104,7,0,3,22,2375880,3504,0,0,681
105,10,0,6,19,2397000,3499,0,0,691
106,6,0,8,17,2409240,3496,0,0,697
107,8,0,7,18,2432640,3485,0,0,705
108,14,0,13,12,2458020,3481,0,0,719
109,5,0,10,15,2488320,3485,0,0,724
110,9,0,8,17,2537400,3499,0,0,733
111,7,0,8,17,2562420,3500,0,0,740
112,12,0,13,12,2586060,3499,0,0,752
113,7,0,8,17,2624880,3495,0,0,759
114,5,0,5,20,2656740,3500,0,0,764
115,6,0,6,19,2686080,3515,0,0,770
116,8,0,12,13,2694420,3517,0,0,778
117,3,0,9,16,2724540,3529,0,0,781
118,8,0,7,18,2778840,3553,0,0,789
119,4,0,5,20,2793720,3545,0,0,793
120,6,0,4,21,2825100,3553,0,0,799
121,6,0,6,19,2840820,3555,0,0,805
122,8,0,8,17,2858640,3551,0,0,813
123,11,0,11,14,2878800,3540,0,0,824
124,3,0,4,21,2921220,3549,0,0,827
125,5,0,6,19,2937360,3556,0,0,832
126,5,0,5,20,2957400,3554,0,0,837
127,4,0,3,22,2987520,3565,0,0,841
128,10,0,10,15,2994180,3560,0,0,851
129,10,0,9,16,3014340,3537,0,0,861
130,10,0,8,17,3058500,3544,0,0,871
131,10,0,9,16,3080760,3532,0,0,881
132,12,0,10,15,3114300,3526,0,0,893
133,4,0,7,18,3145500,3534,0,0,897
134,13,0,15,10,3169440,3541,0,0,910
135,11,0,12,13,3218340,3540,0,0,921
136,10,0,11,14,3266400,3550,0,0,931
137,8,0,9,16,3297060,3545,0,0,939
138,10,0,11,14,3320580,3540,0,0,949
139,5,0,5,20,3378600,3560,0,0,954
140,5,0,4,21,3389220,3548,0,0,959
141,6,0,5,20,3401280,3543,0,0,965
142,7,0,8,17,3415860,3543,0,0,972
143,8,0,10,15,3437520,3543,0,0,980
144,8,0,7,18,3476220,3543,0,0,988
145,5,0,4,21,3508380,3547,0,0,993
146,7,0,4,21,3521760,3535,0,0,1000
147,5,0,6,19,3537180,3540,0,0,1005
148,9,0,11,14,3545820,3535,0,0,1014
149,8,0,9,16,3587520,3541,0,0,1022
150,4,0,6,19,3613980,3543,0,0,1026
151,7,0,11,14,3624780,3546,0,0,1033
152,5,0,6,19,3659400,3545,0,0,1038
153,13,0,11,14,3686640,3544,0,0,1051
154,8,0,13,12,3700800,3538,0,0,1059
155,9,0,11,14,3752220,3549,0,0,1068
156,7,0,6,19,3801780,3556,0,0,1075
157,8,0,8,17,3823860,3557,0,0,1083
158,10,0,9,16,3858000,3559,0,0,1093
159,3,0,4,21,3887100,3559,0,0,1096
160,11,0,9,16,3906900,3558,0,0,1107
161,8,0,8,17,3939240,3558,0,0,1115
162,9,0,9,16,3960120,3551,0,0,1124
163,6,0,6,19,3975540,3536,0,0,1130
164,5,0,4,21,4023600,3557,0,0,1135
165,6,0,4,21,4036440,3550,0,0,1141
166,7,0,8,17,4050720,3553,0,0,1148
167,7,0,8,17,4069980,3548,0,0,1155
168,4,0,5,20,4105080,3557,0,0,1159
169,2,0,2,23,4133640,3566,0,0,1161
170,2,0,2,23,4146780,3571,0,0,1163
171,4,0,2,23,4154880,3566,0,0,1167
172,5,0,6,19,4157280,3565,0,0,1172
173,3,0,4,21,4173120,3563,0,0,1175
174,6,0,8,17,4181460,3564,0,0,1181
175,6,0,7,18,4209720,3567,0,0,1187
176,2,0,2,23,4241280,3573,0,0,1189
177,5,0,1,24,4258980,3569,0,0,1194
178,7,0,3,22,4266720,3561,0,0,1201
179,14,0,11,14,4279920,3554,0,0,1215
180,7,0,10,15,4303260,3550,0,0,1222
181,0,0,3,22,4343460,3563,0,0,1222
182,7,0,4,21,4368900,3566,0,0,1229
183,8,0,8,17,4377660,3561,0,0,1237
184,10,0,11,14,4393080,3554,0,0,1247
185,8,0,8,17,4432020,3554,0,0,1255
186,12,0,12,13,4453980,3548,0,0,1267
187,11,0,6,19,4511820,3547,0,0,1278
188,5,0,5,20,4530060,3544,0,0,1283
189,10,0,9,16,4547340,3541,0,0,1293
190,4,0,7,18,4565100,3538,0,0,1297
191,6,0,5,20,4590360,3536,0,0,1303
192,1,0,1,24,4613160,3540,0,0,1304
193,2,0,3,22,4613160,3540,0,0,1306
194,3,0,4,21,4615080,3536,0,0,1309
195,6,0,4,21,4637280,3537,0,0,1315
196,3,0,3,22,4647360,3534,0,0,1318
197,4,0,3,22,4653960,3528,0,0,1322
198,5,0,6,19,4657200,3525,0,0,1327
199,10,0,8,17,4685700,3525,0,0,1337
200,13,0,13,12,4709940,3522,0,0,1350
201,8,0,10,15,4739160,3515,0,0,1358
202,7,0,6,19,4802280,3533,0,0,1365
203,8,0,4,21,4826400,3525,0,0,1373
204,9,0,8,17,4841280,3523,0,0,1382
205,10,0,11,14,4867200,3524,0,0,1392
206,12,0,14,11,4895220,3521,0,0,1404
207,7,0,10,15,4940520,3526,0,0,1411
208,12,0,12,13,4984500,3532,0,0,1423
209,9,0,11,14,5024520,3535,0,0,1432
210,2,0,5,20,5055480,3537,0,0,1434
211,5,0,5,20,5078160,3541,0,0,1439
212,6,0,5,20,5094420,3537,0,0,1445
213,9,0,9,16,5109300,3535,0,0,1454
214,2,0,4,21,5138040,3538,0,0,1456
215,4,0,7,18,5140860,3538,0,0,1460
216,5,0,5,20,5176260,3545,0,0,1465
217,2,0,1,24,5195580,3544,0,0,1467
218,2,0,0,25,5202720,3541,0,0,1469
219,2,0,2,23,5202720,3541,0,0,1471
220,5,0,4,21,5206260,3536,0,0,1476
221,5,0,5,20,5216340,3534,0,0,1481
222,4,0,3,22,5233740,3531,0,0,1485
223,7,0,6,19,5241480,3527,0,0,1492
224,7,0,7,18,5255820,3522,0,0,1499
225,10,0,10,15,5284560,3525,0,0,1509
226,7,0,10,15,5311860,3527,0,0,1516
227,13,0,11,14,5350920,3524,0,0,1529
228,5,0,5,20,5403900,3534,0,0,1534
229,15,0,13,12,5431740,3536,0,0,1549
230,5,0,10,15,5465580,3539,0,0,1554
231,6,0,6,19,5512380,3547,0,0,1560
232,10,0,8,17,5540520,3547,0,0,1570
233,6,0,8,17,5561220,3546,0,0,1576
234,10,0,11,14,5600460,3555,0,0,1586
235,4,0,4,21,5637540,3554,0,0,1590
236,8,0,9,16,5649120,3555,0,0,1598
237,6,0,10,15,5672460,3558,0,0,1604
238,3,0,1,24,5723580,3563,0,0,1607
239,8,0,5,20,5736180,3562,0,0,1615
240,5,0,6,19,5748060,3561,0,0,1620
241,7,0,8,17,5768880,3563,0,0,1627
242,6,0,9,16,5789760,3565,0,0,1633
243,5,0,9,16,5816580,3570,0,0,1638
244,7,0,4,21,5862540,3572,0,0,1645
245,8,0,6,19,5881440,3571,0,0,1653
246,8,0,7,18,5905260,3570,0,0,1661
247,7,0,6,19,5929380,3567,0,0,1668
248,2,0,3,22,5950920,3569,0,0,1670
249,11,0,8,17,5960940,3563,0,0,1681
250,10,0,6,19,5989260,3554,0,0,1691
251,4,0,8,17,5999580,3556,0,0,1695
252,10,0,5,20,6047580,3557,0,0,1705
253,14,0,10,15,6076740,3555,0,0,1719
254,9,0,12,13,6098760,3554,0,0,1728
255,5,0,8,17,6134040,3555,0,0,1733
256,11,0,9,16,6174960,3559,0,0,1744
257,12,0,8,17,6203160,3548,0,0,1756
258,6,0,8,17,6227220,3550,0,0,1762
259,9,0,9,16,6242640,3542,0,0,1771
260,8,0,9,16,6281400,3548,0,0,1779
261,3,0,7,18,6302700,3550,0,0,1782
262,2,0,3,22,6342420,3561,0,0,1784
263,4,0,3,22,6353340,3559,0,0,1788
264,7,0,6,19,6367680,3559,0,0,1795
265,7,0,6,19,6384540,3554,0,0,1802
266,8,0,7,18,6406500,3553,0,0,1810
267,5,0,4,21,6435780,3553,0,0,1815
268,5,0,7,18,6444060,3554,0,0,1820
269,6,0,5,20,6477660,3557,0,0,1826
270,6,0,6,19,6492480,3555,0,0,1832
271,6,0,8,17,6506760,3555,0,0,1838
272,11,0,11,14,6530220,3552,0,0,1849
273,10,0,9,16,6561420,3546,0,0,1859
274,7,0,8,17,6604740,3554,0,0,1866
275,15,0,16,9,6629100,3554,0,0,1881
276,12,0,15,10,6675420,3554,0,0,1893
277,12,0,14,11,6729600,3558,0,0,1905
278,9,0,10,15,6779820,3560,0,0,1914
279,5,0,7,18,6816060,3564,0,0,1919
280,10,0,8,17,6850740,3566,0,0,1929
281,13,0,14,11,6862620,3559,0,0,1942
282,10,0,10,15,6913500,3559,0,0,1952
283,6,0,7,18,6948120,3561,0,0,1958
284,7,0,5,20,6976320,3559,0,0,1965
285,6,0,6,19,6991620,3558,0,0,1971
286,4,0,4,21,7011540,3557,0,0,1975
287,3,0,4,21,7021500,3556,0,0,1978
288,4,0,5,20,7038960,3560,0,0,1982
289,2,0,4,21,7051800,3561,0,0,1984
290,6,0,4,21,7070700,3560,0,0,1990
291,4,0,6,19,7079760,3561,0,0,1994
292,6,0,7,18,7095540,3560,0,0,2000
293,6,0,2,23,7137600,3561,0,0,2006
294,7,0,6,19,7143060,3559,0,0,2013
295,5,0,6,19,7157160,3557,0,0,2018
296,6,0,9,16,7173480,3560,0,0,2024
297,7,0,6,19,7212480,3561,0,0,2031
298,5,0,7,18,7230180,3563,0,0,2036
299,5,0,4,21,7269360,3568,0,0,2041
300,5,0,6,19,7273680,3565,0,0,2046
301,10,0,9,16,7314900,3573,0,0,2056
302,8,0,7,18,7343640,3570,0,0,2064
303,11,0,13,12,7353000,3565,0,0,2075
304,9,0,12,13,7403460,3573,0,0,2084
305,6,0,8,17,7443540,3575,0,0,2090
306,6,0,5,20,7488180,3581,0,0,2096
307,9,0,7,18,7506240,3577,0,0,2105
308,3,0,5,20,7524000,3577,0,0,2108
309,3,0,5,20,7550520,3585,0,0,2111
310,6,0,6,19,7573920,3587,0,0,2117
311,3,0,5,20,7589280,3588,0,0,2120
312,1,0,0,25,7621920,3593,0,0,2121
313,3,0,1,24,7623180,3590,0,0,2124
314,5,0,5,20,7625460,3590,0,0,2129
315,3,0,0,25,7647780,3587,0,0,2132
316,7,0,6,19,7648560,3585,0,0,2139
317,4,0,4,21,7667340,3584,0,0,2143
318,4,0,4,21,7683360,3585,0,0,2147
319,9,0,6,19,7706460,3584,0,0,2156
320,5,0,2,23,7729320,3580,0,0,2161
321,9,0,8,17,7736400,3578,0,0,2170
322,5,0,8,17,7755780,3579,0,0,2175
323,8,0,5,20,7785540,3574,0,0,2183
324,10,0,7,18,7805100,3570,0,0,2193
325,8,0,8,17,7835400,3572,0,0,2201
326,4,0,4,21,7867680,3574,0,0,2205
327,11,0,10,15,7885260,3574,0,0,2216
328,8,0,9,16,7919580,3575,0,0,2224
329,5,0,7,18,7943220,3574,0,0,2229
330,11,0,7,18,7986000,3576,0,0,2240
331,13,0,12,13,8007600,3573,0,0,2253
332,8,0,10,15,8045640,3574,0,0,2261
333,6,0,8,17,8076720,3575,0,0,2267
334,4,0,5,20,8108940,3578,0,0,2271
335,5,0,4,21,8133600,3579,0,0,2276
336,5,0,6,19,8136240,3576,0,0,2281
337,2,0,5,20,8164200,3583,0,0,2283
338,5,0,7,18,8179680,3586,0,0,2288
339,3,0,1,24,8212680,3586,0,0,2291
340,5,0,6,19,8212680,3586,0,0,2296
341,4,0,7,18,8224620,3586,0,0,2300
342,5,0,5,20,8255160,3589,0,0,2305
343,5,0,5,20,8269020,3587,0,0,2310
344,7,0,6,19,8282580,3583,0,0,2317
345,9,0,9,16,8298720,3581,0,0,2326
346,7,0,8,17,8323680,3580,0,0,2333
347,10,0,10,15,8346060,3577,0,0,2343
348,12,0,13,12,8382600,3579,0,0,2355
349,8,0,9,16,8415120,3574,0,0,2363
350,12,0,11,14,8448000,3573,0,0,2375
351,17,0,15,10,8487540,3570,0,0,2392
352,11,0,12,13,8541180,3572,0,0,2403
353,6,0,7,18,8594460,3578,0,0,2409
354,14,0,11,14,8622900,3575,0,0,2423
355,9,0,9,16,8647860,3569,0,0,2432
356,5,0,6,19,8691960,3575,0,0,2437
357,3,0,3,22,8716860,3576,0,0,2440
358,1,0,0,25,8730240,3576,0,0,2441
359,5,0,4,21,8733000,3576,0,0,2446
360,4,0,8,17,8733000,3576,0,0,2450
361,6,0,8,17,8753340,3575,0,0,2456
362,6,0,6,19,8798400,3582,0,0,2462
363,5,0,6,19,8813580,3581,0,0,2467
364,5,0,2,23,8840040,3578,0,0,2472
365,7,0,7,18,8851020,3580,0,0,2479
366,6,0,7,18,8873340,3580,0,0,2485
367,7,0,8,17,8903640,3584,0,0,2492
368,1,0,7,18,8909460,3583,0,0,2493
369,7,0,5,20,8953200,3588,0,0,2500
370,9,0,11,14,8961660,3587,0,0,2509
371,6,0,6,19,9004200,3588,0,0,2515
372,10,0,12,13,9017280,3588,0,0,2525
373,10,0,14,11,9051720,3590,0,0,2535
374,10,0,9,16,9102780,3589,0,0,2545
375,5,0,5,20,9137040,3590,0,0,2550
376,8,0,6,19,9164940,3591,0,0,2558
377,5,0,7,18,9173280,3588,0,0,2563
378,15,0,12,13,9206940,3588,0,0,2578
379,11,0,10,15,9255120,3588,0,0,2589
380,10,0,12,13,9276780,3585,0,0,2599
381,2,0,4,21,9321780,3589,0,0,2601
382,2,0,2,23,9345480,3593,0,0,2603
383,3,0,2,23,9351120,3591,0,0,2606
384,2,0,2,23,9361680,3592,0,0,2608
385,2,0,1,24,9370200,3591,0,0,2610
386,4,0,4,21,9373860,3591,0,0,2614
387,4,0,6,19,9377580,3590,0,0,2618
388,8,0,8,17,9392460,3587,0,0,2626
389,3,0,5,20,9433020,3594,0,0,2629
390,4,0,4,21,9451560,3595,0,0,2633
391,2,0,3,22,9462180,3595,0,0,2635
392,3,0,4,21,9474300,3596,0,0,2638
393,7,0,7,18,9489600,3597,0,0,2645
394,13,0,13,12,9505920,3593,0,0,2658
395,11,0,16,9,9529140,3591,0,0,2669
396,7,0,11,14,9593820,3599,0,0,2676
397,7,0,9,16,9638280,3604,0,0,2683
398,13,0,12,13,9681180,3606,0,0,2696
399,10,0,11,14,9712740,3603,0,0,2706
400,5,0,4,21,9768360,3608,0,0,2711
401,7,0,5,20,9788160,3607,0,0,2718
402,11,0,13,12,9799140,3607,0,0,2729
403,7,0,8,17,9833280,3604,0,0,2736
404,8,0,6,19,9859080,3600,0,0,2744
405,6,0,3,22,9886080,3598,0,0,2750
406,4,0,1,24,9899340,3595,0,0,2754
407,4,0,3,22,9902460,3594,0,0,2758
408,5,0,4,21,9907740,3591,0,0,2763
409,4,0,4,21,9927060,3592,0,0,2767
410,5,0,6,19,9943500,3594,0,0,2772
411,3,0,7,18,9947700,3593,0,0,2775
412,6,0,6,19,9979740,3596,0,0,2781
413,4,0,5,20,9989580,3593,0,0,2785
414,8,0,7,18,10011540,3593,0,0,2793
415,6,0,4,21,10042080,3592,0,0,2799
416,10,0,7,18,10057620,3589,0,0,2809
417,8,0,8,17,10076880,3587,0,0,2817
418,6,0,9,16,10101300,3589,0,0,2823
419,9,0,9,16,10132320,3589,0,0,2832
420,12,0,13,12,10167180,3591,0,0,2844
421,10,0,13,12,10213620,3595,0,0,2854
422,13,0,12,13,10262040,3594,0,0,2867
423,4,0,6,19,10298880,3594,0,0,2871
424,11,0,9,16,10329480,3595,0,0,2882
425,11,0,13,12,10358640,3596,0,0,2893
426,8,0,8,17,10403820,3596,0,0,2901
427,3,0,5,20,10429020,3597,0,0,2904
428,4,0,6,19,10450980,3601,0,0,2908
429,8,0,8,17,10474740,3602,0,0,2916
430,1,0,2,23,10503480,3603,0,0,2917
431,4,0,4,21,10506540,3601,0,0,2921
432,6,0,6,19,10520220,3601,0,0,2927
433,7,0,5,20,10549380,3601,0,0,2934
434,6,0,7,18,10561380,3600,0,0,2940
435,7,0,8,17,10588800,3602,0,0,2947
436,5,0,10,15,10603920,3604,0,0,2952
437,4,0,6,19,10642740,3607,0,0,2956
438,9,0,11,14,10666320,3610,0,0,2965
439,8,0,9,16,10701180,3610,0,0,2973
440,10,0,11,14,10732560,3611,0,0,2983
441,13,0,13,12,10772400,3611,0,0,2996
442,12,0,10,15,10839180,3615,0,0,3008
443,9,0,8,17,10869900,3612,0,0,3017
444,6,0,4,21,10908540,3613,0,0,3023
445,13,0,9,16,10931100,3611,0,0,3036
446,11,0,12,13,10961640,3611,0,0,3047
447,9,0,9,16,11002140,3610,0,0,3056
448,9,0,9,16,11033580,3610,0,0,3065
449,4,0,5,20,11069460,3612,0,0,3069
450,7,0,8,17,11090460,3614,0,0,3076
451,6,0,9,16,11099340,3611,0,0,3082
452,9,0,5,20,11156160,3615,0,0,3091
453,7,0,5,20,11174340,3612,0,0,3098
454,7,0,7,18,11185080,3610,0,0,3105
455,5,0,3,22,11222520,3612,0,0,3110
456,3,0,3,22,11238600,3613,0,0,3113
457,3,0,3,22,11247000,3612,0,0,3116
458,6,0,5,20,11260860,3612,0,0,3122
459,6,0,7,18,11274900,3612,0,0,3128
460,4,0,3,22,11300880,3611,0,0,3132
461,3,0,2,23,11316300,3611,0,0,3135
462,3,0,3,22,11320320,3610,0,0,3138
463,7,0,3,22,11329560,3605,0,0,3145
464,3,0,3,22,11349060,3608,0,0,3148
465,8,0,6,19,11356260,3605,0,0,3156
466,13,0,10,15,11391600,3606,0,0,3169
467,10,0,12,13,11417160,3605,0,0,3179
468,8,0,9,16,11446980,3601,0,0,3187
469,13,0,15,10,11469120,3600,0,0,3200
470,14,0,11,14,11547000,3605,0,0,3214
471,7,0,7,18,11581200,3603,0,0,3221
472,7,0,6,19,11619360,3606,0,0,3228
473,3,0,5,20,11638500,3607,0,0,3231
474,6,0,7,18,11657520,3609,0,0,3237
475,7,0,9,16,11675580,3609,0,0,3244
476,4,0,3,22,11716140,3610,0,0,3248
477,4,0,3,22,11732460,3611,0,0,3252
478,8,0,5,20,11741940,3607,0,0,3260
479,5,0,5,20,11762520,3608,0,0,3265
480,7,0,6,19,11785020,3608,0,0,3272
481,4,0,4,21,11801160,3606,0,0,3276
482,3,0,5,20,11812020,3607,0,0,3279
483,5,0,5,20,11828580,3607,0,0,3284
484,5,0,6,19,11843100,3607,0,0,3289
485,6,0,7,18,11868360,3609,0,0,3295
486,9,0,5,20,11896860,3606,0,0,3304
487,5,0,5,20,11913180,3605,0,0,3309
488,6,0,4,21,11937240,3605,0,0,3315
489,5,0,7,18,11945820,3605,0,0,3320
490,10,0,6,19,11981280,3604,0,0,3330
491,6,0,6,19,12008700,3606,0,0,3336
492,6,0,6,19,12027480,3605,0,0,3342
493,7,0,7,18,12047280,3604,0,0,3349
494,7,0,9,16,12066060,3605,0,0,3356
495,6,0,7,18,12097080,3605,0,0,3362
496,8,0,10,15,12128820,3609,0,0,3370
497,8,0,8,17,12167160,3610,0,0,3378
498,6,0,8,17,12194940,3612,0,0,3384
499,8,0,9,16,12221640,3612,0,0,3392
500,5,0,7,18,12257220,3615,0,0,3397
501,3,0,5,20,12280740,3617,0,0,3400
502,5,0,4,21,12305040,3618,0,0,3405
503,5,0,4,21,12321240,3617,0,0,3410
504,5,0,5,20,12334440,3617,0,0,3415
505,3,0,1,24,12364380,3618,0,0,3418
506,9,0,9,16,12364560,3617,0,0,3427
507,5,0,4,21,12390360,3614,0,0,3432
508,12,0,9,16,12401040,3610,0,0,3444
509,4,0,6,19,12439380,3613,0,0,3448
510,8,0,9,16,12452760,3612,0,0,3456
511,6,0,8,17,12482520,3613,0,0,3462
512,5,0,6,19,12514560,3615,0,0,3467
513,8,0,9,16,12538740,3617,0,0,3475
514,7,0,7,18,12570960,3617,0,0,3482
515,5,0,2,23,12603600,3616,0,0,3487
516,15,0,13,12,12612900,3615,0,0,3502
517,17,0,23,2,12624000,3610,0,0,3519
518,8,0,16,9,12692820,3615,0,0,3527
519,8,0,11,14,12757980,3620,0,0,3535
520,5,0,6,19,12816600,3626,0,0,3540
521,14,0,15,10,12826440,3624,0,0,3554
522,10,0,13,12,12873240,3625,0,0,3564
523,4,0,5,20,12928740,3628,0,0,3568
524,3,0,2,23,12961140,3631,0,0,3571
525,3,0,3,22,12969780,3631,0,0,3574
526,5,0,4,21,12987060,3632,0,0,3579
527,6,0,7,18,12995940,3632,0,0,3585
528,7,0,6,19,13018500,3630,0,0,3592
529,7,0,7,18,13034700,3628,0,0,3599
530,7,0,5,20,13064700,3628,0,0,3606
531,4,0,5,20,13086060,3629,0,0,3610
532,4,0,5,20,13102440,3630,0,0,3614
533,1,0,0,25,13128540,3631,0,0,3615
534,6,0,4,21,13129980,3630,0,0,3621
535,3,0,5,20,13135980,3629,0,0,3624
536,7,0,7,18,13154940,3629,0,0,3631
537,6,0,9,16,13169040,3629,0,0,3637
538,6,0,9,16,13201680,3632,0,0,3643
539,8,0,8,17,13237560,3633,0,0,3651
540,8,0,8,17,13257960,3631,0,0,3659
541,8,0,5,20,13296720,3630,0,0,3667
542,10,0,10,15,13314540,3630,0,0,3677
543,7,0,10,15,13334580,3629,0,0,3684
544,6,0,8,17,13368660,3630,0,0,3690
545,5,0,3,22,13420080,3634,0,0,3695
546,11,0,9,16,13431120,3632,0,0,3706
547,8,0,8,17,13462860,3632,0,0,3714
548,7,0,10,15,13477260,3631,0,0,3721
549,10,0,10,15,13513740,3631,0,0,3731
550,8,0,7,18,13564440,3634,0,0,3739
551,4,0,3,22,13597020,3635,0,0,3743
552,2,0,4,21,13605900,3636,0,0,3745
553,3,0,3,22,13628640,3639,0,0,3748
554,4,0,3,22,13642980,3639,0,0,3752
555,2,0,4,21,13644420,3638,0,0,3754
556,2,0,4,21,13653960,3639,0,0,3756
557,12,0,9,16,13683720,3640,0,0,3768
558,11,0,12,13,13703760,3637,0,0,3779
559,5,0,9,16,13747980,3641,0,0,3784
560,5,0,4,21,13792260,3643,0,0,3789
561,10,0,8,17,13808280,3642,0,0,3799
562,9,0,10,15,13838220,3643,0,0,3808
563,7,0,11,14,13858860,3643,0,0,3815
564,5,0,11,14,13887060,3645,0,0,3820
565,9,0,10,15,13936560,3649,0,0,3829
566,12,0,12,13,13969800,3648,0,0,3841
567,3,0,5,20,14007960,3648,0,0,3844
568,5,0,4,21,14043120,3652,0,0,3849
569,10,0,7,18,14067900,3652,0,0,3859
570,3,0,6,19,14076780,3650,0,0,3862
571,3,0,2,23,14115300,3653,0,0,3865
572,8,0,5,20,14124000,3651,0,0,3873
573,6,0,6,19,14140140,3650,0,0,3879
574,5,0,6,19,14149740,3648,0,0,3884
575,1,0,2,23,14180400,3651,0,0,3885
576,1,0,1,24,14194440,3653,0,0,3886
577,7,0,5,20,14197140,3651,0,0,3893
578,7,0,6,19,14210520,3649,0,0,3900
579,7,0,5,20,14232960,3647,0,0,3907
580,7,0,7,18,14249880,3647,0,0,3914
581,2,0,3,22,14281320,3649,0,0,3916
582,6,0,7,18,14283180,3648,0,0,3922
583,7,0,9,16,14307840,3649,0,0,3929
584,5,0,7,18,14343600,3652,0,0,3934
585,5,0,6,19,14367540,3653,0,0,3939
586,14,0,12,13,14393100,3652,0,0,3953
587,7,0,7,18,14430600,3650,0,0,3960
588,9,0,9,16,14454420,3650,0,0,3969
589,9,0,10,15,14480520,3649,0,0,3978
590,14,0,12,13,14533800,3651,0,0,3992
591,6,0,8,17,14573160,3652,0,0,3998
592,16,0,13,12,14601720,3649,0,0,4014
593,8,0,8,17,14650860,3649,0,0,4022
594,16,0,10,15,14681340,3644,0,0,4038
595,9,0,8,17,14716740,3643,0,0,4047
596,2,0,3,22,14750640,3645,0,0,4049
597,2,0,2,23,14762460,3645,0,0,4051
598,7,0,5,20,14777340,3646,0,0,4058
599,6,0,5,20,14796300,3645,0,0,4064
600,3,0,5,20,14814120,3647,0,0,4067
601,6,0,6,19,14830740,3646,0,0,4073
602,4,0,6,19,14845380,3646,0,0,4077
603,6,0,6,19,14868840,3647,0,0,4083
604,9,0,6,19,14897460,3645,0,0,4092
605,5,0,4,21,14915460,3644,0,0,4097
606,3,0,2,23,14934240,3644,0,0,4100
607,11,0,8,17,14942460,3641,0,0,4111
608,6,0,11,14,14949540,3640,0,0,4117
609,7,0,7,18,14993760,3641,0,0,4124
610,3,0,6,19,15018300,3644,0,0,4127
611,8,0,9,16,15033840,3643,0,0,4135
612,8,0,9,16,15071160,3645,0,0,4143
613,10,0,7,18,15108840,3644,0,0,4153
614,13,0,12,13,15135840,3643,0,0,4166
615,12,0,11,14,15178080,3642,0,0,4178
616,8,0,7,18,15223500,3642,0,0,4186
617,6,0,6,19,15253320,3643,0,0,4192
618,9,0,8,17,15281820,3644,0,0,4201
619,10,0,10,15,15304080,3642,0,0,4211
620,5,0,9,16,15329820,3643,0,0,4216
621,0,0,1,24,15378540,3648,0,0,4216
622,8,0,6,19,15388140,3648,0,0,4224
623,8,0,8,17,15407160,3647,0,0,4232
624,5,0,8,17,15426960,3647,0,0,4237
625,5,0,5,20,15456240,3647,0,0,4242
626,3,0,6,19,15466020,3648,0,0,4245
627,5,0,6,19,15490620,3650,0,0,4250
628,3,0,4,21,15517740,3652,0,0,4253
629,6,0,3,22,15539880,3651,0,0,4259
630,9,0,5,20,15551400,3647,0,0,4268
631,9,0,7,18,15565260,3645,0,0,4277
632,6,0,5,20,15592260,3644,0,0,4283
633,11,0,11,14,15603900,3643,0,0,4294
634,8,0,5,20,15638340,3639,0,0,4302
635,6,0,6,19,15659580,3640,0,0,4308
636,7,0,6,19,15673920,3637,0,0,4315
637,7,0,4,21,15714120,3639,0,0,4322
638,13,0,12,13,15725340,3637,0,0,4335
639,11,0,10,15,15759480,3634,0,0,4346
640,12,0,12,13,15786900,3632,0,0,4358
641,9,0,13,12,15809580,3631,0,0,4367
642,6,0,8,17,15871080,3635,0,0,4373
643,8,0,5,20,15910800,3635,0,0,4381
644,2,0,2,23,15926100,3635,0,0,4383
645,4,0,2,23,15937980,3634,0,0,4387
646,8,0,5,20,15941460,3631,0,0,4395
647,5,0,4,21,15966120,3631,0,0,4400
648,2,0,2,23,15979260,3631,0,0,4402
649,4,0,3,22,15987600,3631,0,0,4406
650,7,0,7,18,15994620,3630,0,0,4413
651,5,0,7,18,16016280,3630,0,0,4418
652,4,0,5,20,16037580,3630,0,0,4422
653,7,0,8,17,16045440,3629,0,0,4429
654,6,0,7,18,16076700,3630,0,0,4435
655,6,0,8,17,16100520,3631,0,0,4441
656,4,0,8,17,16113420,3631,0,0,4445
657,5,0,8,17,16143240,3634,0,0,4450
658,13,0,16,9,16170240,3636,0,0,4463
659,11,0,10,15,16235760,3637,0,0,4474
660,13,0,12,13,16265400,3634,0,0,4487
661,7,0,5,20,16316340,3634,0,0,4494
662,4,0,4,21,16327020,3633,0,0,4498
663,9,0,3,22,16353000,3630,0,0,4507
664,9,0,9,16,16360380,3629,0,0,4516
665,7,0,10,15,16370760,3627,0,0,4523
666,3,0,3,22,16425000,3631,0,0,4526
667,10,0,9,16,16435020,3630,0,0,4536
668,7,0,7,18,16465260,3629,0,0,4543
669,9,0,8,17,16493460,3629,0,0,4552
670,2,0,5,20,16514220,3630,0,0,4554
671,5,0,4,21,16542660,3631,0,0,4559
672,7,0,7,18,16546080,3629,0,0,4566
673,3,0,8,17,16547640,3628,0,0,4569
674,5,0,11,14,16549500,3626,0,0,4574
675,4,0,8,17,16570440,3625,0,0,4578
676,5,0,8,17,16578600,3623,0,0,4583
677,3,0,9,16,16587720,3624,0,0,4586
678,6,0,11,14,16594500,3622,0,0,4592
679,9,0,18,7,16597860,3621,0,0,4601
680,6,0,16,9,16637220,3623,0,0,4607
681,7,0,12,13,16689360,3626,0,0,4614
682,11,0,16,9,16712880,3626,0,0,4625
683,6,0,14,11,16745820,3626,0,0,4631
684,14,0,16,9,16782540,3625,0,0,4645
685,7,0,17,8,16809060,3626,0,0,4652
686,9,0,16,9,16852620,3628,0,0,4661
687,10,1,18,7,16870140,3626,120,0,4671
688,8,0,18,7,16919220,3629,720,0,4679
689,9,0,16,9,16957980,3629,720,0,4688
690,9,0,17,8,16998540,3632,720,0,4697
691,7,0,14,11,17036160,3632,720,0,4704
692,4,0,11,14,17070240,3634,720,0,4708
693,10,0,16,9,17088480,3634,720,0,4718
694,8,0,15,10,17117940,3633,720,0,4726
695,6,0,10,15,17160000,3634,720,0,4732
696,2,0,8,17,17174460,3634,720,0,4734
697,5,0,10,15,17189100,3634,720,0,4739
698,10,0,14,11,17204520,3633,720,0,4749
699,8,0,12,13,17230920,3631,720,0,4757
700,4,0,12,13,17244720,3631,720,0,4761
701,5,0,8,17,17269440,3629,720,0,4766
702,3,0,9,16,17289480,3632,720,0,4769
703,11,0,17,8,17294700,3631,720,0,4780
704,6,1,14,11,17323380,3630,1560,0,4786
705,10,0,13,12,17355540,3628,3180,0,4796
706,4,0,12,13,17381820,3630,3180,0,4800
707,11,1,15,10,17413380,3631,3180,0,4811
708,9,6,12,13,17445600,3632,8520,1,4820
709,9,0,15,10,17472180,3629,29100,6,4829
710,11,0,17,8,17495100,3627,29100,6,4840
711,12,0,15,10,17554620,3629,30240,6,4852
712,3,0,8,17,17585280,3628,30240,6,4855
713,9,0,12,13,17600580,3627,30240,6,4864
714,2,0,11,14,17609760,3627,30240,6,4866
715,7,0,13,12,17632200,3628,30240,6,4873
716,3,0,11,14,17648580,3627,30240,6,4876
717,5,0,11,14,17670000,3628,30240,6,4881
718,12,0,16,9,17695440,3628,30240,6,4893
719,8,0,16,9,17718180,3627,30240,6,4901
720,5,0,14,11,17750520,3628,30240,6,4906
721,2,0,8,17,17787300,3630,30240,6,4908
722,1,0,7,18,17797260,3630,30240,6,4909
723,7,0,12,13,17800080,3629,30240,6,4916
724,3,0,11,14,17813700,3629,30240,6,4919
725,7,0,13,12,17826840,3628,30240,6,4926
726,6,0,11,14,17853480,3628,30240,6,4932
727,6,0,11,14,17878560,3628,30240,6,4938
728,8,0,14,11,17897700,3628,30240,6,4946
729,5,0,13,12,17926740,3630,30240,6,4951
730,7,0,12,13,17953200,3629,30240,6,4958
731,10,0,14,11,17979600,3629,30240,6,4968
732,7,0,13,12,18005160,3628,30240,6,4975
733,8,0,13,12,18027780,3627,30240,6,4983
734,13,0,19,6,18054960,3627,30240,6,4996
735,10,0,17,8,18095400,3627,30240,6,5006
736,11,0,17,8,18125880,3625,30240,6,5017
737,8,0,13,12,18178920,3627,30240,6,5025
738,6,0,14,11,18200940,3627,30240,6,5031
739,4,0,14,11,18222900,3629,30240,6,5035
740,10,0,14,11,18266700,3630,30240,5,5045
741,7,0,15,10,18278280,3628,30240,5,5052
742,8,0,16,9,18308220,3629,30240,5,5060
743,2,0,10,15,18357000,3633,30240,5,5062
744,9,0,14,11,18370500,3632,30240,5,5071
745,8,0,15,10,18392880,3632,30240,5,5079
746,3,0,10,15,18432780,3634,30240,5,5082
747,7,0,11,14,18453120,3633,30240,5,5089
748,6,0,11,14,18471060,3633,30240,5,5095
749,8,0,14,11,18487500,3632,30240,5,5103
750,5,0,11,14,18520560,3633,30240,5,5108
751,5,0,14,11,18536580,3635,30240,5,5113
752,13,0,17,8,18569760,3634,30240,5,5126
753,11,0,17,8,18600780,3632,30240,5,5137
754,6,0,12,13,18641820,3633,30240,5,5143
755,7,0,14,11,18665700,3634,30240,5,5150
756,10,0,15,10,18690240,3632,30240,5,5160
757,14,0,18,7,18721140,3630,30240,5,5174
758,10,0,15,10,18761280,3629,30240,5,5184
759,8,0,13,12,18794340,3628,30240,5,5192
760,9,0,15,10,18817080,3628,30240,5,5201
761,9,0,16,9,18845160,3628,30240,5,5210
762,4,0,13,12,18880980,3630,30240,5,5214
763,6,0,11,14,18915480,3631,30240,5,5220
764,11,0,15,10,18935220,3630,30240,5,5231
765,1,0,9,16,18962040,3630,30240,5,5232
766,1,0,7,18,18980700,3631,30240,5,5233
767,1,0,6,19,18990900,3632,30240,5,5234
768,4,0,9,16,18993420,3632,30240,5,5238
769,0,0,6,19,19001640,3631,30240,5,5238
770,5,0,9,16,19003920,3630,30240,5,5243
771,3,0,7,18,19014900,3629,30240,5,5246
772,7,0,11,14,19019280,3628,30240,5,5253
773,8,0,16,9,19030980,3628,30240,5,5261
774,5,0,12,13,19059600,3627,30240,5,5266
775,6,0,13,12,19083660,3628,30240,5,5272
776,16,0,20,5,19110180,3627,30240,5,5288
777,10,0,12,13,19163220,3625,30240,5,5298
778,10,0,16,9,19180440,3624,30240,5,5308
779,8,0,18,7,19195320,3623,30240,5,5316
780,5,0,13,12,19241640,3625,30240,5,5321
781,7,0,16,9,19267440,3627,30240,5,5328
782,7,0,13,12,19306920,3627,30240,5,5335
783,8,0,14,11,19333380,3627,30240,5,5343
784,7,0,14,11,19355400,3627,30240,5,5350
785,6,0,12,13,19389060,3628,30240,5,5356
786,4,0,10,15,19406340,3627,30240,5,5360
787,7,0,10,15,19427160,3626,30240,5,5367
788,4,0,10,15,19435620,3625,30240,5,5371
789,5,0,12,13,19446180,3625,30240,5,5376
790,6,0,8,17,19477860,3624,30240,5,5382
791,5,0,7,18,19489680,3622,30240,5,5387
792,2,0,7,18,19492620,3621,30240,5,5389
793,6,0,12,13,19493520,3621,30240,5,5395
794,4,0,12,13,19505520,3620,30240,5,5399
795,6,0,14,11,19524060,3621,30240,5,5405
796,6,0,15,10,19556340,3624,30240,5,5411
797,9,0,14,11,19586940,3623,30240,5,5420
798,5,0,11,14,19617060,3623,30240,5,5425
799,7,0,12,13,19636800,3623,30240,5,5432
800,9,0,17,8,19647240,3622,30240,5,5441
801,5,0,14,11,19677360,3622,30240,5,5446
802,13,0,16,9,19724520,3623,30240,5,5459
803,11,0,18,7,19755600,3623,32460,5,5470
804,12,0,16,9,19809360,3624,32460,5,5482
805,7,0,10,15,19845840,3622,32460,5,5489
806,10,0,15,10,19862400,3621,32460,5,5499
807,4,0,12,13,19880220,3620,32460,5,5503
808,12,0,15,10,19915920,3621,32460,5,5515
809,12,0,16,9,19943640,3618,32460,5,5527
810,9,0,17,8,19970760,3618,32460,5,5536
811,6,0,13,12,20000640,3617,32460,5,5542
812,4,0,9,16,20040840,3619,32460,5,5546
813,7,0,13,12,20053500,3619,32460,5,5553
814,4,0,13,12,20069580,3620,32460,5,5557
815,3,0,10,15,20097660,3621,32460,5,5560
816,7,0,10,15,20118900,3620,32460,5,5567
817,5,0,10,15,20137500,3620,32460,5,5572
818,6,0,12,13,20148780,3619,32460,5,5578
819,2,0,9,16,20163600,3619,32460,5,5580
820,3,0,10,15,20169180,3619,32460,5,5583
821,4,0,8,17,20184660,3617,32460,5,5587
822,7,0,14,11,20186220,3617,32460,5,5594
823,6,0,13,12,20203440,3616,32460,5,5600
824,4,0,12,13,20222460,3616,32460,5,5604
825,8,0,12,13,20254320,3616,32460,5,5612
826,13,0,16,9,20278260,3615,32460,5,5625
827,12,0,16,9,20310540,3613,32460,5,5637
828,9,0,17,8,20340660,3613,32460,5,5646
829,8,0,15,10,20382960,3614,32460,5,5654
830,10,0,15,10,20424360,3615,32460,5,5664
831,6,0,12,13,20446620,3613,32460,5,5670
832,10,0,13,12,20475180,3613,32460,5,5680
833,6,0,12,13,20498280,3612,32460,5,5686
834,6,0,15,10,20517300,3614,32460,5,5692
835,10,0,18,7,20545920,3614,32460,5,5702
836,7,0,14,11,20576940,3613,32460,5,5709
837,3,0,10,15,20604000,3613,32460,5,5712
838,7,0,13,12,20620980,3613,32460,5,5719
839,7,0,13,12,20644020,3613,32460,5,5726
840,6,0,12,13,20674680,3614,32460,5,5732
841,3,0,9,16,20696460,3614,32460,5,5735
842,3,0,8,17,20717400,3615,32460,5,5738
843,7,0,9,16,20725560,3613,32460,5,5745
844,4,0,9,16,20735580,3612,32460,5,5749
845,8,0,9,16,20749680,3609,32460,5,5757
846,8,0,13,12,20754300,3608,32460,5,5765
847,8,0,12,13,20784120,3607,32460,5,5773
848,5,0,11,14,20805480,3607,32460,5,5778
849,9,0,16,9,20820360,3607,32460,5,5787
850,10,0,20,5,20838960,3607,32460,5,5797
851,7,0,14,11,20886360,3607,32460,5,5804
852,7,0,11,14,20920800,3607,32460,5,5811
853,5,0,13,12,20932380,3607,32460,5,5816
854,9,0,12,13,20953140,3604,32460,5,5825
855,12,0,15,10,20981520,3603,32460,5,5837
856,8,0,18,7,21004560,3604,32460,5,5845
857,6,0,14,11,21042360,3604,32460,5,5851
858,9,0,15,10,21081660,3606,32460,5,5860
859,10,0,16,9,21105720,3605,32460,5,5870
860,8,0,14,11,21140040,3605,32460,5,5878
861,4,0,9,16,21169620,3604,32460,5,5882
862,3,0,9,16,21184080,3605,32460,5,5885
863,4,0,10,15,21200460,3606,32460,5,5889
864,6,0,12,13,21207660,3604,32460,5,5895
865,4,0,10,15,21229020,3604,32460,5,5899
866,10,0,17,8,21238500,3604,32460,5,5909
867,6,3,14,11,21263760,3605,32880,5,5915
868,4,0,17,8,21284040,3606,40680,6,5919
869,9,0,14,11,21360420,3611,40680,6,5928
870,5,0,14,11,21374700,3611,40680,6,5933
871,5,0,12,13,21409080,3612,40680,6,5938
872,6,0,15,10,21414600,3611,40680,6,5944
873,10,0,14,11,21467160,3614,40680,6,5954
874,8,0,15,10,21494940,3614,40680,6,5962
875,13,0,14,11,21530820,3611,40680,6,5975
876,6,0,13,12,21545160,3610,40680,6,5981
877,11,0,15,10,21578280,3610,40680,6,5992
878,11,0,15,10,21605640,3608,40680,6,6003
879,11,0,17,8,21634920,3607,40680,6,6014
880,9,0,14,11,21679680,3607,40680,6,6023
881,8,0,13,12,21712440,3607,40680,6,6031
882,5,0,12,13,21733500,3607,40680,6,6036
883,9,0,14,11,21763800,3608,40680,6,6045
884,8,0,11,14,21794340,3607,40680,6,6053
885,5,0,9,16,21809520,3605,40680,6,6058
886,3,0,7,18,21820020,3604,40680,6,6061
887,4,0,9,16,21825600,3603,40680,6,6065
888,5,0,10,15,21835080,3603,40680,6,6070
889,3,0,9,16,21847920,3602,40680,6,6073
890,6,0,11,14,21857280,3602,40680,6,6079
891,5,0,13,12,21865740,3601,40680,6,6084
892,1,0,6,19,21906000,3603,40680,6,6085
893,6,0,10,15,21909960,3603,40680,6,6091
894,7,0,11,14,21923580,3601,40680,6,6098
895,15,0,19,6,21941280,3600,40680,6,6113
896,9,0,16,9,21972840,3598,40680,6,6122
897,7,0,12,13,22020240,3599,40680,6,6129
898,8,0,15,10,22036740,3599,40680,6,6137
899,13,6,16,9,22061040,3600,41160,6,6150
900,15,18,13,12,22096260,3602,51480,8,6165
901,14,19,22,3,22126560,3604,84720,13,6179
902,15,16,25,0,22175940,3604,134100,21,6194
903,5,0,11,14,22272900,3599,238260,38,6199
904,8,0,14,11,22289100,3599,238260,38,6207
905,7,0,12,13,22328100,3600,238260,38,6214
906,12,0,15,10,22345680,3597,238260,38,6226
907,10,0,16,9,22366380,3595,238260,38,6236
908,4,0,12,13,22401720,3596,238260,38,6240
909,2,0,10,15,22420020,3597,238260,38,6242
910,6,0,11,14,22450320,3599,238260,38,6248
911,6,0,13,12,22467000,3599,238260,38,6254
912,4,0,8,17,22495200,3599,238260,38,6258
913,7,0,12,13,22499160,3598,238260,38,6265
914,4,0,12,13,22514160,3598,238260,38,6269
915,3,0,9,16,22531440,3597,238260,37,6272
916,5,0,11,14,22546800,3598,238260,37,6277
917,7,0,15,10,22554120,3597,238260,37,6284
918,8,0,15,10,22588500,3598,238260,37,6292
919,9,0,15,10,22614720,3597,238260,37,6301
920,3,0,11,14,22645080,3598,238260,37,6304
921,14,0,18,7,22671480,3598,238260,37,6318
922,9,0,17,8,22703760,3598,238260,37,6327
923,5,0,12,13,22745040,3598,238260,37,6332
924,6,0,13,12,22761840,3598,238260,37,6338
925,8,0,15,10,22797300,3600,238260,37,6346
926,7,0,14,11,22827180,3601,238260,37,6353
927,12,0,14,11,22861740,3599,238260,37,6365
928,5,0,9,16,22901040,3600,238260,37,6370
929,9,0,14,11,22905780,3598,238260,37,6379
930,3,0,13,12,22925220,3599,238260,37,6382
931,10,0,16,9,22962060,3601,238260,37,6392
932,7,0,14,11,22989720,3600,238260,37,6399
933,4,0,10,15,23019360,3600,238260,37,6403
934,7,0,12,13,23035440,3600,238260,37,6410
935,6,0,12,13,23059980,3600,238260,37,6416
936,2,0,10,15,23083200,3602,238260,37,6418
937,4,0,9,16,23104800,3602,238260,37,6422
938,4,0,9,16,23116080,3602,238260,37,6426
939,2,0,8,17,23127360,3602,238260,37,6428
940,5,0,11,14,23137380,3602,238260,37,6433
941,6,0,12,13,23147760,3601,238260,37,6439
942,5,0,14,11,23160900,3602,238260,36,6444
943,11,0,16,9,23195940,3602,238260,36,6455
944,6,0,14,11,23228820,3603,238260,36,6461
945,7,0,9,16,23282400,3604,238260,36,6468
946,7,0,12,13,23288640,3603,238260,36,6475
947,7,0,13,12,23304900,3602,238260,36,6482
948,9,0,11,14,23338380,3601,238260,36,6491
949,9,0,15,10,23353500,3601,238260,36,6500
950,11,0,16,9,23388120,3600,238260,36,6511
951,9,0,17,8,23406600,3599,238260,36,6520
952,7,0,14,11,23446440,3599,238260,36,6527
953,7,0,11,14,23481060,3599,238260,36,6534
954,5,0,12,13,23489700,3598,238260,36,6539
955,5,0,12,13,23513220,3599,238260,36,6544
956,8,0,13,12,23544360,3600,238260,36,6552
957,6,0,13,12,23557200,3599,238260,36,6558
958,4,0,9,16,23589360,3599,238260,36,6562
959,2,0,7,18,23600340,3599,238260,36,6564
960,7,0,12,13,23609160,3599,238260,36,6571
961,7,0,15,10,23617440,3598,238260,36,6578
962,3,0,11,14,23649480,3599,238260,36,6581
963,4,0,11,14,23668260,3600,238260,36,6585
964,7,0,11,14,23689800,3599,238260,36,6592
965,4,0,11,14,23701560,3599,238260,36,6596
966,8,0,12,13,23716260,3597,238260,36,6604
967,3,0,9,16,23749440,3599,238260,36,6607
968,8,0,11,14,23763600,3598,238260,36,6615
969,5,0,12,13,23778420,3598,238260,35,6620
970,2,0,11,14,23803020,3600,238260,35,6622
971,7,0,15,10,23819040,3601,238260,35,6629
972,6,0,14,11,23839560,3600,238260,35,6635
973,14,0,21,4,23857860,3599,238260,35,6649
974,8,0,16,9,23910900,3600,238260,35,6657
975,8,0,14,11,23953200,3601,238260,35,6665
976,9,0,14,11,23979540,3600,238260,35,6674
977,12,0,16,9,24006660,3599,238260,35,6686
978,3,0,13,12,24033060,3599,238260,35,6689
979,9,0,15,10,24069180,3601,238260,35,6698
980,6,0,13,12,24096000,3601,238260,35,6704
981,2,0,10,15,24124320,3602,238260,35,6706
982,4,0,11,14,24146400,3604,238260,35,6710
983,4,0,11,14,24160500,3604,238260,35,6714
984,9,0,15,10,24180720,3604,238260,35,6723
985,2,0,13,12,24204180,3606,238260,35,6725
986,5,0,11,14,24237360,3607,238260,35,6730
987,5,0,10,15,24264720,3608,238260,35,6735
988,4,0,12,13,24271320,3608,238260,35,6739
989,5,0,10,15,24302760,3608,238260,35,6744
990,5,0,10,15,24320880,3608,238260,35,6749
991,7,0,11,14,24340320,3608,238260,35,6756
992,10,0,13,12,24357960,3606,238260,35,6766
993,8,0,15,10,24376680,3606,238260,35,6774
994,10,0,15,10,24407280,3605,238260,35,6784
995,5,0,9,16,24439920,3604,238260,35,6789
996,14,0,15,10,24452880,3602,238260,35,6803
997,11,0,18,7,24475860,3601,238260,34,6814
998,6,0,14,11,24517680,3602,238260,34,6820
999,14,1,15,10,24561480,3602,238560,34,6834
1000,11,10,13,12,24577320,3602,240420,35,6845
1001,3,8,13,12,24619500,3606,261420,38,6848
1002,3,3,16,9,24643320,3607,292500,42,6851
1003,6,0,12,13,24684720,3606,319320,46,6857
1004,2,0,10,15,24701640,3606,319320,46,6859
1005,2,0,10,15,24709860,3606,319320,46,6861
1006,6,0,9,16,24731280,3606,319320,46,6867
1007,6,0,11,14,24741720,3605,319320,46,6873
1008,3,0,10,15,24752340,3605,319320,46,6876
1009,9,0,12,13,24776460,3604,319320,46,6885
1010,8,0,14,11,24798300,3604,319320,46,6893
1011,5,0,16,9,24814200,3605,319320,46,6898
1012,7,0,16,9,24847500,3606,319380,46,6905
1013,6,0,14,11,24887460,3608,319380,46,6911
1014,9,0,11,14,24924420,3607,319380,46,6920
1015,3,0,10,15,24936960,3607,319380,46,6923
1016,4,0,11,14,24948720,3607,319380,46,6927
1017,8,0,15,10,24967980,3608,319380,46,6935
1018,7,0,14,11,24995280,3607,319380,46,6942
1019,6,0,11,14,25025820,3607,319380,45,6948
1020,11,0,17,8,25042680,3607,319380,45,6959
1021,14,0,17,8,25070220,3604,319380,45,6973
1022,21,14,15,10,25094940,3603,319680,45,6994
1023,6,11,17,8,25145040,3606,340200,48,7000
1024,5,4,22,3,25181700,3608,383760,54,7005
1025,5,0,13,12,25239240,3607,419460,59,7010
1026,7,0,8,17,25278600,3606,419460,59,7017
1027,7,0,8,17,25291500,3604,419460,59,7024
1028,7,0,13,12,25297560,3604,419460,59,7031
1029,10,0,14,11,25320120,3603,419460,59,7041
1030,4,0,10,15,25348800,3603,419460,59,7045
1031,5,0,9,16,25365120,3602,419460,59,7050
1032,2,0,8,17,25379700,3603,419460,59,7052
1033,7,0,13,12,25381320,3602,419460,59,7059
1034,5,0,16,9,25391400,3602,419460,59,7064
1035,5,0,14,11,25426980,3604,419460,59,7069
1036,10,0,15,10,25466520,3605,419460,59,7079
1037,4,0,10,15,25491780,3604,419460,59,7083
1038,6,0,10,15,25509420,3603,419460,59,7089
1039,8,0,14,11,25519680,3602,419460,59,7097
1040,9,0,15,10,25553100,3603,419460,59,7106
1041,4,0,12,13,25574040,3602,419460,58,7110
1042,7,0,12,13,25597620,3602,419460,58,7117
1043,6,0,13,12,25624140,3603,419460,58,7123
1044,12,0,16,9,25652160,3603,419460,58,7135
1045,13,0,18,7,25685700,3602,419460,58,7148
1046,7,0,15,10,25725180,3602,419460,58,7155
1047,12,0,16,9,25761420,3602,419460,58,7167
1048,12,0,15,10,25802340,3601,419460,58,7179
1049,6,0,15,10,25824060,3601,419460,58,7185
1050,9,0,17,8,25849800,3601,419460,58,7194
1051,7,0,11,14,25903500,3602,419460,58,7201
1052,11,0,14,11,25927560,3602,419460,58,7212
1053,6,0,14,11,25950060,3602,419460,58,7218
1054,8,2,15,10,25969320,3602,419760,58,7226
1055,4,4,13,12,25998480,3604,423240,58,7230
1056,5,8,11,14,26021280,3606,429600,59,7235
1057,6,14,10,15,26029740,3606,429600,59,7241
1058,6,12,15,10,26063520,3609,461940,63,7247
1059,2,10,17,8,26079060,3611,490560,67,7249
1060,5,0,20,5,26133600,3612,594480,81,7254
1061,10,0,10,15,26188020,3610,594480,81,7264
1062,9,0,13,12,26207820,3609,594480,81,7273
1063,9,0,16,9,26227620,3609,594480,81,7282
1064,5,0,12,13,26265420,3610,594480,81,7287
1065,7,0,13,12,26282340,3609,594480,81,7294
1066,7,0,11,14,26319360,3610,594480,81,7301
1067,13,0,19,6,26335380,3610,594480,81,7314
1068,12,0,20,5,26363400,3608,594480,81,7326
1069,10,0,16,9,26428440,3610,594480,81,7336
1070,5,0,13,12,26457960,3610,594480,80,7341
1071,10,0,15,10,26500380,3612,594480,80,7351
1072,6,0,13,12,26525040,3611,594480,80,7357
1073,8,0,14,11,26544900,3611,594480,80,7365
1074,6,0,12,13,26570700,3610,594480,80,7371
1075,8,0,12,13,26588820,3609,594480,80,7379
1076,4,0,12,13,26605800,3609,594480,80,7383
1077,8,0,15,10,26627040,3609,594480,80,7391
1078,3,0,11,14,26660580,3611,594480,80,7394
1079,3,0,10,15,26691540,3613,594480,80,7397
1080,1,0,8,17,26706300,3613,594480,80,7398
1081,8,0,14,11,26711640,3613,594480,80,7406
1082,7,0,15,10,26734920,3613,594480,80,7413
1083,7,0,13,12,26773920,3614,594480,80,7420
1084,2,0,9,16,26803260,3615,594480,80,7422
1085,10,0,13,12,26819880,3615,594480,79,7432
1086,6,0,11,14,26847120,3614,594480,79,7438
1087,4,0,8,17,26872500,3614,594480,79,7442
1088,11,0,16,9,26881920,3614,594480,79,7453
1089,6,0,15,10,26900460,3613,594480,79,7459
1090,5,0,10,15,26943540,3614,594480,79,7464
1091,8,0,15,10,26952420,3614,594480,79,7472
1092,5,0,10,15,26987160,3614,594480,79,7477
1093,7,0,14,11,26992260,3613,594480,79,7484
1094,11,0,18,7,27010980,3612,594480,79,7495
1095,5,0,13,12,27052980,3613,594480,79,7500
1096,6,0,14,11,27071220,3613,594480,79,7506
1097,9,0,14,11,27102480,3613,594480,79,7515
1098,10,0,12,13,27144480,3613,594480,79,7525
1099,7,0,14,11,27161460,3612,594480,78,7532
1100,6,0,12,13,27189120,3612,594480,78,7538
1101,7,0,14,11,27201180,3611,594480,78,7545
1102,7,0,11,14,27226260,3610,594480,78,7552
1103,5,0,12,13,27244380,3610,594480,78,7557
1104,2,0,9,16,27265080,3611,594480,78,7559
1105,3,0,9,16,27286680,3612,594480,78,7562
1106,4,0,9,16,27292260,3611,594480,78,7566
1107,4,0,11,14,27300420,3611,594480,78,7570
1108,5,0,9,16,27320220,3610,594480,78,7575
1109,6,0,14,11,27326520,3611,594480,78,7581
1110,5,0,12,13,27348420,3610,594480,78,7586
1111,6,0,12,13,27381360,3612,594480,78,7592
1112,7,0,14,11,27385860,3610,594480,78,7599
1113,15,0,19,6,27434220,3612,594540,78,7614
1114,9,0,13,12,27482040,3611,594540,77,7623
1115,10,0,16,9,27499740,3610,594540,77,7633
1116,8,0,14,11,27539640,3610,594540,77,7641
1117,8,0,13,12,27560460,3609,594540,77,7649
1118,5,0,14,11,27587280,3610,594540,77,7654
1119,7,0,13,12,27626160,3612,594540,77,7661
1120,4,0,12,13,27641700,3611,594540,77,7665
1121,8,0,12,13,27670740,3611,594540,77,7673
1122,7,0,16,9,27684600,3612,594540,77,7680
1123,6,0,13,12,27714960,3612,594540,77,7686
1124,6,0,10,15,27745920,3611,594540,77,7692
1125,7,0,11,14,27760920,3610,594540,77,7699
1126,6,0,10,15,27786480,3610,594540,77,7705
1127,8,0,13,12,27801480,3610,594540,77,7713
1128,8,0,11,14,27825660,3609,594540,77,7721
1129,4,0,11,14,27841020,3609,594540,76,7725
1130,4,0,12,13,27853500,3609,594540,76,7729
1131,7,0,10,15,27894120,3610,594540,76,7736
1132,7,0,13,12,27909840,3610,594540,76,7743
1133,5,0,12,13,27930300,3610,594540,76,7748
1134,5,0,10,15,27949140,3609,594540,76,7753
1135,10,0,17,8,27953880,3608,594540,76,7763
1136,9,0,18,7,27982980,3608,594540,76,7772
1137,12,0,20,5,28022400,3609,594540,76,7784
1138,5,0,12,13,28083840,3611,594540,76,7789
1139,13,0,17,8,28105080,3610,594540,76,7802
1140,9,0,17,8,28135500,3609,594540,76,7811
1141,15,2,20,5,28165440,3609,594960,76,7826
1142,8,4,15,10,28216920,3610,599760,76,7834
1143,5,7,12,13,28246260,3612,601860,76,7839
1144,7,7,15,10,28272240,3613,615480,78,7846
1145,8,0,14,11,28319820,3612,651420,82,7854
1146,6,0,12,13,28352340,3612,651420,82,7860
1147,7,0,11,14,28376100,3612,651420,82,7867
1148,5,0,11,14,28392840,3611,651420,82,7872
1149,7,0,15,10,28401360,3611,651420,82,7879
1150,7,0,14,11,28432980,3611,651420,82,7886
1151,3,0,12,13,28465440,3613,651420,82,7889
1152,8,0,14,11,28488840,3613,651420,82,7897
1153,3,0,9,16,28519380,3614,651420,82,7900
1154,7,0,12,13,28530840,3613,651420,82,7907
1155,4,0,7,18,28563360,3613,651420,82,7911
1156,3,0,7,18,28573260,3613,651420,82,7914
1157,7,0,12,13,28574640,3612,651420,82,7921
1158,6,0,12,13,28592160,3612,651420,82,7927
1159,10,0,17,8,28608300,3612,651420,82,7937
1160,4,0,11,14,28653120,3613,651420,82,7941
1161,6,0,12,13,28676880,3613,651420,81,7947
1162,7,0,13,12,28696860,3613,651420,81,7954
1163,7,0,14,11,28715940,3613,651420,81,7961
1164,8,0,10,15,28740660,3611,651420,81,7969
1165,8,0,16,9,28747920,3611,651420,81,7977
1166,9,3,18,7,28771080,3612,651660,81,7986
1167,6,0,18,7,28826220,3615,661200,82,7992
1168,9,0,18,7,28872960,3616,661200,82,8001
1169,13,0,20,5,28913040,3616,661200,82,8014
1170,11,0,20,5,28955340,3617,661200,82,8025
1171,6,0,12,13,29014920,3618,661200,82,8031
1172,8,0,12,13,29042400,3618,661200,82,8039
1173,6,0,12,13,29058000,3617,661200,82,8045
1174,6,0,11,14,29088060,3617,661200,82,8051
1175,1,0,10,15,29096700,3618,661200,82,8052
1176,4,0,10,15,29120640,3619,661200,82,8056
1177,6,0,14,11,29126880,3619,661200,82,8062
1178,2,0,9,16,29159700,3620,661200,81,8064
1179,2,0,7,18,29175900,3620,661200,81,8066
1180,7,0,13,12,29177820,3620,661200,81,8073
1181,3,0,12,13,29194920,3620,661200,81,8076
1182,6,0,12,13,29225040,3621,661200,81,8082
1183,7,0,15,10,29248800,3622,661200,81,8089
1184,8,0,13,12,29270280,3620,661200,81,8097
1185,5,0,10,15,29304360,3621,661200,81,8102
1186,3,0,9,16,29321640,3621,661200,81,8105
1187,16,0,15,10,29340720,3619,661200,81,8121
1188,8,0,16,9,29355180,3618,661200,81,8129
1189,6,0,12,13,29392440,3618,661200,81,8135
1190,9,0,15,10,29418780,3618,661200,81,8144
1191,6,0,13,12,29442840,3618,661200,81,8150
1192,5,0,12,13,29461680,3618,661200,81,8155
1193,7,0,10,15,29495760,3618,661200,81,8162
1194,7,0,13,12,29508420,3618,661200,80,8169
1195,9,0,11,14,29536020,3616,661200,80,8178
1196,8,0,12,13,29553480,3615,661200,80,8186
1197,4,0,11,14,29573700,3615,661200,80,8190
1198,9,0,11,14,29601900,3615,661200,80,8199
1199,3,0,9,16,29622480,3615,661200,80,8202
1200,1,0,7,18,29632500,3615,661200,80,8203
1201,3,0,8,17,29642220,3615,661200,80,8206
1202,6,0,9,16,29651100,3614,661200,80,8212
1203,2,0,10,15,29651880,3614,661200,80,8214
1204,9,0,15,10,29667120,3614,661200,80,8223
1205,7,0,14,11,29701620,3615,661200,80,8230
1206,5,0,11,14,29723340,3614,661200,80,8235
1207,11,0,16,9,29742000,3613,661200,80,8246
1208,8,0,17,8,29765700,3613,661200,80,8254
1209,6,0,15,10,29801220,3614,661200,80,8260
1210,5,0,13,12,29836260,3615,661200,80,8265
1211,1,0,11,14,29860860,3617,661200,79,8266
1212,11,0,14,11,29886900,3616,661200,79,8277
1213,11,0,16,9,29924820,3617,661200,79,8288
1214,6,0,15,10,29945880,3617,661200,79,8294
1215,8,0,15,10,29990940,3619,661200,79,8302
1216,6,0,13,12,30023520,3619,661200,79,8308
1217,8,0,15,10,30045120,3619,661200,79,8316
1218,15,0,20,5,30078120,3619,661200,79,8331
1219,8,0,20,5,30111120,3619,661200,79,8339
1220,6,0,11,14,30174300,3620,661200,79,8345
1221,7,0,11,14,30204960,3621,661200,79,8352
1222,5,0,12,13,30223260,3621,661200,79,8357
1223,6,0,13,12,30242760,3621,661200,79,8363
1224,4,0,12,13,30271800,3623,661200,79,8367
1225,5,0,11,14,30289860,3622,661200,78,8372
1226,5,0,12,13,30313200,3623,661200,78,8377
1227,4,0,11,14,30333720,3624,661200,78,8381
1228,1,0,8,17,30357360,3625,661200,78,8382
1229,4,0,10,15,30364800,3625,661200,78,8386
1230,8,0,12,13,30381360,3624,661200,78,8394
1231,11,0,14,11,30404760,3623,661200,78,8405
1232,7,0,13,12,30434100,3623,661200,78,8412
1233,8,0,14,11,30455940,3623,661200,78,8420
1234,8,0,16,9,30483120,3623,661200,78,8428
1235,7,0,15,10,30508920,3623,661620,78,8435
1236,2,0,15,10,30525240,3624,661620,78,8437
1237,7,0,11,14,30583200,3626,661620,78,8444
1238,13,0,18,7,30596400,3625,661620,78,8457
1239,7,1,15,10,30633180,3626,662700,78,8464
1240,5,0,10,15,30678420,3626,663300,78,8469
1241,11,0,18,7,30692280,3627,663300,78,8480
1242,15,7,17,8,30724140,3626,664860,78,8495
1243,6,10,14,11,30765180,3629,669660,78,8501
1244,3,5,17,8,30795960,3630,695880,81,8504
1245,5,0,10,15,30850260,3629,729540,85,8509
1246,5,0,12,13,30869220,3630,729540,85,8514
1247,8,0,11,14,30897000,3630,729540,85,8522
1248,2,0,9,16,30917340,3630,729540,85,8524
1249,4,0,9,16,30920520,3629,729540,85,8528
1250,6,0,10,15,30936480,3629,729540,85,8534
1251,3,0,10,15,30947760,3629,729540,85,8537
1252,5,0,10,15,30962160,3628,729540,85,8542
1253,7,0,14,11,30970440,3628,729540,85,8549
1254,10,0,15,10,30998280,3628,729540,85,8559
1255,7,0,14,11,31035000,3628,729540,85,8566
1256,7,0,13,12,31063200,3628,729540,85,8573
1257,5,0,13,12,31091160,3630,729540,85,8578
1258,8,0,16,9,31113960,3630,729540,84,8586
1259,6,0,14,11,31140000,3630,729540,84,8592
1260,13,0,21,4,31172280,3631,729540,84,8605
1261,8,0,12,13,31225260,3630,729540,84,8613
1262,12,0,17,8,31249620,3630,729540,84,8625
1263,7,0,15,10,31291620,3631,729540,84,8632
1264,1,0,8,17,31325760,3631,729540,84,8633
1265,7,0,12,13,31341540,3632,729540,84,8640
1266,3,0,12,13,31347600,3631,729540,84,8643
1267,6,0,13,12,31375920,3633,729540,84,8649
1268,11,0,14,11,31404000,3632,729540,84,8660
1269,3,0,10,15,31432560,3632,729540,84,8663
1270,1,0,7,18,31445640,3632,729540,84,8664
1271,3,0,8,17,31453320,3632,729540,84,8667
1272,2,0,8,17,31463280,3632,729540,84,8669
1273,6,0,12,13,31465980,3632,729540,84,8675
1274,3,0,10,15,31490640,3632,729540,84,8678
1275,6,0,11,14,31506780,3632,729540,84,8684
1276,7,0,12,13,31524000,3632,729540,83,8691
1277,4,0,11,14,31542360,3632,729540,83,8695
1278,5,0,10,15,31558260,3631,729540,83,8700
1279,3,0,11,14,31566600,3631,729540,83,8703
1280,9,0,14,11,31587960,3631,729540,83,8712
1281,10,0,18,7,31606260,3631,729540,83,8722
1282,1,0,7,18,31660680,3632,729540,83,8723
1283,10,0,13,12,31668540,3631,729540,83,8733
1284,9,0,16,9,31682280,3630,729540,83,8742
1285,7,0,14,11,31712820,3630,729540,83,8749
1286,7,0,13,12,31748160,3631,729540,83,8756
1287,10,0,15,10,31778400,3631,731280,83,8766
1288,9,0,13,12,31812120,3630,731280,83,8775
1289,5,0,12,13,31834440,3630,731280,83,8780
1290,4,0,10,15,31865340,3631,731280,83,8784
1291,5,0,8,17,31884120,3631,731280,83,8789
1292,5,0,11,14,31892100,3631,731280,83,8794
1293,3,0,10,15,31909680,3631,731280,83,8797
1294,3,0,8,17,31924560,3631,731280,83,8800
1295,4,0,8,17,31940940,3631,731280,83,8804
1296,9,0,14,11,31946700,3630,731280,82,8813
1297,4,0,10,15,31974600,3630,731280,82,8817
1298,3,0,8,17,31993200,3630,731280,82,8820
1299,4,0,10,15,31999200,3630,731280,82,8824
1300,4,0,11,14,32014560,3631,731280,82,8828
1301,6,0,12,13,32029920,3630,731280,82,8834
1302,11,0,16,9,32051400,3630,731280,82,8845
1303,7,0,15,10,32073120,3629,731280,82,8852
1304,6,0,13,12,32103540,3629,731280,82,8858
1305,9,0,13,12,32139000,3629,731280,82,8867
1306,11,0,14,11,32167440,3628,731280,82,8878
1307,5,0,9,16,32188260,3627,731280,82,8883
1308,8,0,11,14,32203800,3626,731280,82,8891
1309,13,0,17,8,32212080,3624,731280,82,8904
1310,9,0,16,9,32250300,3624,731280,82,8913
1311,5,0,13,12,32286000,3625,731280,82,8918
1312,7,0,11,14,32320740,3625,731280,81,8925
1313,4,0,10,15,32335920,3625,731280,81,8929
1314,6,0,9,16,32358300,3625,731280,81,8935
1315,5,0,12,13,32360100,3624,731280,81,8940
1316,4,0,9,16,32380980,3624,731280,81,8944
1317,8,0,11,14,32403540,3624,731280,81,8952
1318,5,0,12,13,32416320,3623,731280,81,8957
1319,5,0,8,17,32444160,3623,731280,81,8962
1320,4,0,9,16,32448600,3622,731280,81,8966
1321,6,0,10,15,32463900,3622,731280,81,8972
1322,5,0,10,15,32475480,3621,731280,81,8977
1323,5,0,12,13,32486100,3621,731280,81,8982
1324,2,0,9,16,32500560,3621,731280,81,8984
1325,5,0,11,14,32510700,3621,731280,81,8989
1326,11,0,14,11,32540040,3621,731280,81,9000
1327,9,0,14,11,32573400,3621,731280,81,9009
1328,6,0,12,13,32593920,3620,731280,81,9015
1329,9,0,15,10,32611080,3619,731280,81,9024
1330,8,0,14,11,32637540,3619,731280,80,9032
1331,9,0,11,14,32688360,3619,731280,80,9041
1332,11,0,14,11,32703780,3618,731280,80,9052
1333,7,0,16,9,32722080,3618,731280,80,9059
1334,9,2,19,6,32742840,3619,732060,80,9068
1335,7,6,13,12,32785500,3620,733320,80,9075
1336,6,0,18,7,32828460,3622,753120,82,9081
1337,7,0,12,13,32877420,3622,753120,82,9088
1338,5,0,13,12,32899080,3623,753120,82,9093
1339,5,0,14,11,32915760,3623,753120,82,9098
1340,7,0,14,11,32946840,3624,753120,82,9105
1341,7,0,14,11,32971320,3624,753120,82,9112
1342,5,0,12,13,33001500,3624,753120,82,9117
1343,6,0,13,12,33020400,3624,753120,82,9123
1344,8,0,12,13,33050520,3624,753120,82,9131
1345,2,0,11,14,33058740,3624,753120,82,9133
1346,4,0,14,11,33059700,3623,753120,82,9137
1347,3,0,14,11,33067980,3623,753120,82,9140
1348,7,0,17,8,33080100,3623,753120,82,9147
1349,7,0,16,9,33099900,3622,753120,82,9154
1350,12,0,22,3,33112920,3621,753120,82,9166
1351,7,0,21,4,33147300,3621,753300,82,9173
1352,4,0,18,7,33182280,3622,753300,82,9177
1353,8,0,20,5,33200580,3622,753300,82,9185
1354,7,0,19,6,33231360,3622,753300,81,9192
1355,8,0,19,6,33263400,3623,753300,81,9200
1356,6,0,18,7,33287940,3622,753300,81,9206
1357,11,0,18,7,33334860,3623,753300,81,9217
1358,7,0,18,7,33352140,3622,753300,81,9224
1359,7,0,15,10,33375360,3621,753300,81,9231
1360,10,0,18,7,33390000,3620,753300,81,9241
1361,10,0,16,9,33425280,3619,753300,81,9251
1362,6,0,16,9,33443760,3619,753300,81,9257
1363,11,0,19,6,33455220,3617,753300,81,9268
1364,10,0,18,7,33489600,3616,753300,81,9278
1365,3,0,15,10,33505080,3615,753300,81,9281
1366,6,0,17,8,33523860,3616,753300,81,9287
1367,5,0,16,9,33549900,3616,753300,81,9292
1368,9,0,18,7,33564300,3615,753300,80,9301
1369,5,0,17,8,33581340,3615,753300,80,9306
1370,1,0,12,13,33616260,3616,753300,80,9307
1371,4,0,16,9,33616260,3616,753300,80,9311
1372,7,0,16,9,33628560,3615,753300,80,9318
1373,4,1,17,8,33632520,3614,753360,80,9322
1374,5,0,15,10,33668340,3615,757020,81,9327
1375,4,1,17,8,33677760,3616,759600,81,9331
1376,6,0,16,9,33699600,3615,760140,81,9337
1377,8,0,18,7,33725940,3615,760140,81,9345
1378,7,0,18,7,33740880,3614,760140,81,9352
1379,6,0,18,7,33768060,3615,761280,81,9358
1380,5,4,15,10,33784080,3615,762180,81,9363
1381,8,0,22,3,33802740,3615,778380,83,9371
1382,5,0,16,9,33850140,3616,778380,83,9376
1383,9,1,17,8,33872280,3616,780540,83,9385
1384,12,9,17,8,33882900,3615,783900,83,9397
1385,8,16,14,11,33905820,3616,786420,83,9405
1386,14,25,17,8,33925320,3617,812460,86,9419
1387,6,23,23,2,33933900,3618,849840,90,9425
1388,2,10,25,0,33985380,3618,969660,102,9427
1389,10,0,23,2,34038900,3615,1097580,116,9437
1390,7,5,17,8,34064100,3615,1097820,116,9444
1391,3,3,17,8,34098060,3617,1117140,118,9447
1392,5,0,20,5,34107300,3616,1134300,120,9452
1393,1,0,12,13,34159680,3618,1134300,119,9453
1394,7,0,15,10,34165620,3617,1134300,119,9460
1395,3,0,13,12,34182840,3617,1134300,119,9463
1396,1,0,12,13,34194960,3617,1134300,119,9464
1397,2,0,14,11,34194960,3617,1134300,119,9466
1398,6,0,15,10,34205940,3616,1134300,119,9472
1399,6,0,19,6,34212600,3616,1134300,119,9478
1400,11,6,17,8,34236120,3616,1135020,119,9489
1401,10,13,16,9,34258560,3617,1139280,119,9499
1402,9,22,16,9,34258560,3617,1139280,119,9508
1403,12,27,19,6,34292820,3619,1156440,121,9520
1404,9,29,22,3,34315380,3620,1182360,124,9529
1405,9,33,19,6,34351860,3621,1196160,125,9538
1406,9,36,19,6,34379700,3622,1205280,126,9547
1407,5,38,19,6,34391460,3622,1212900,127,9552
1408,7,28,25,0,34450560,3624,1352280,141,9559
1409,11,23,25,0,34497120,3623,1607700,168,9570
1410,2,0,17,8,34547400,3616,2027940,211,9572
1411,6,0,15,10,34581420,3616,2027940,211,9578
1412,5,0,17,8,34585140,3615,2027940,211,9583
1413,8,0,19,6,34609080,3616,2027940,211,9591
1414,4,0,14,11,34636260,3615,2027940,211,9595
1415,4,0,13,12,34647780,3614,2027940,211,9599
1416,6,0,16,9,34650240,3613,2027940,211,9605
1417,5,1,17,8,34663080,3614,2027940,211,9610
1418,4,0,16,9,34684800,3614,2028180,210,9614
1419,8,0,17,8,34705200,3613,2028180,210,9622
1420,6,0,16,9,34726500,3613,2028180,210,9628
1421,8,0,18,7,34744500,3612,2028180,210,9636
1422,10,2,21,4,34757880,3612,2028900,210,9646
1423,8,3,22,3,34786020,3613,2036880,211,9654
1424,7,0,20,5,34817640,3611,2043060,211,9661
1425,10,1,20,5,34863720,3613,2045760,211,9671
1426,4,0,15,10,34898880,3613,2045880,211,9675
1427,9,0,20,5,34903740,3612,2045880,211,9684
1428,12,7,20,5,34925760,3612,2046000,211,9696
1429,12,18,16,9,34958520,3614,2050020,211,9708
1430,14,29,15,10,34985580,3615,2059320,212,9722
1431,7,32,16,9,35010480,3616,2083260,214,9729
1432,8,40,16,9,35010480,3616,2083260,214,9737
1433,5,38,16,9,35037420,3618,2113380,217,9742
1434,9,36,25,0,35055720,3619,2206200,226,9751
1435,10,32,25,0,35113980,3621,2319000,237,9761
1436,5,30,25,0,35146860,3622,2415720,247,9766
1437,4,17,25,0,35210580,3622,2679720,274,9770
1438,5,0,23,2,35274840,3620,3057600,313,9775
1439,10,0,19,6,35290860,3616,3057600,312,9785
1440,4,1,18,7,35311680,3617,3058200,312,9789
1441,5,0,18,7,35346000,3618,3061320,312,9794
1442,6,0,16,9,35376900,3618,3061320,312,9800
1443,3,0,16,9,35388240,3618,3061500,312,9803
1444,6,1,18,7,35398860,3618,3062520,312,9809
1445,3,0,16,9,35427840,3619,3063240,312,9812
1446,2,0,16,9,35439780,3619,3063240,312,9814
1447,5,0,17,8,35460000,3620,3063300,312,9819
1448,10,0,22,3,35479080,3620,3063300,311,9829
1449,7,3,20,5,35503440,3620,3063900,311,9836
1450,15,18,15,10,35537820,3622,3063900,311,9851
1451,5,20,15,10,35563020,3624,3070740,311,9856
1452,10,28,15,10,35577060,3624,3073200,311,9866
1453,8,29,19,6,35596440,3625,3106440,314,9874
1454,10,33,22,3,35615460,3626,3124680,316,9884
1455,5,31,22,3,35655300,3627,3154260,319,9889
1456,10,30,25,0,35689320,3628,3297840,333,9899
1457,8,17,25,0,35760300,3627,3494460,353,9907
1458,3,0,20,5,35810760,3623,3800160,383,9910
1459,8,5,16,9,35829960,3623,3803640,383,9918
1460,11,12,18,7,35838660,3623,3810300,384,9929
1461,8,17,17,8,35870160,3625,3816960,384,9937
1462,8,24,16,9,35887380,3626,3817200,384,9945
1463,8,30,16,9,35902500,3626,3822660,384,9953
1464,7,32,17,8,35934360,3628,3851880,387,9960
1465,7,35,19,6,35949840,3629,3877740,389,9967
1466,5,30,24,1,35974560,3630,3985980,400,9972
1467,3,21,25,0,36023400,3631,4143900,415,9975
1468,5,14,25,0,36060600,3630,4294920,430,9980
1469,6,0,17,8,36136920,3627,4598040,460,9986
1470,2,0,14,11,36161580,3628,4598040,460,9988
1471,7,0,17,8,36175920,3628,4598040,460,9995
1472,8,0,20,5,36184620,3627,4598040,460,10003
1473,7,4,18,7,36211200,3628,4600680,459,10010
1474,9,11,15,10,36241200,3629,4605720,460,10019
1475,11,21,15,10,36249660,3630,4606200,459,10030
1476,9,29,14,11,36264480,3630,4614300,460,10039
1477,10,38,14,11,36277740,3631,4615680,459,10049
1478,7,40,13,12,36285540,3632,4615680,459,10056
1479,10,40,13,12,36285540,3632,4615680,459,10066
1480,5,38,16,9,36313260,3634,4692480,467,10071
1481,10,40,16,9,36313260,3634,4692480,467,10081
1482,7,36,21,4,36339840,3635,4882380,485,10088
1483,5,33,25,0,36359460,3635,5003280,497,10093
1484,5,20,25,0,36426060,3636,5360820,532,10098
1485,7,0,20,5,36488880,3630,5848380,580,10105
1486,7,0,16,9,36516960,3629,5848380,580,10112
1487,6,0,16,9,36539100,3629,5848380,580,10118
1488,2,0,14,11,36559020,3630,5848380,579,10120
1489,2,0,15,10,36561120,3629,5848380,579,10122
1490,4,0,15,10,36585000,3630,5848380,579,10126
1491,6,0,17,8,36592680,3630,5848380,579,10132
1492,6,0,15,10,36612480,3629,5848380,578,10138
1493,4,0,13,12,36624660,3628,5848380,578,10142
1494,2,0,14,11,36625320,3628,5848380,578,10144
1495,7,0,17,8,36637920,3627,5848380,578,10151
1496,3,0,14,11,36656160,3627,5848380,577,10154
1497,9,0,19,6,36666600,3627,5848380,577,10163
1498,9,0,19,6,36684180,3625,5848380,576,10172
1499,11,0,19,6,36727140,3625,5851500,576,10183
1500,9,0,21,4,36746760,3625,5851500,576,10192
1501,11,1,21,4,36770700,3624,5851680,575,10203
1502,10,2,23,2,36802320,3624,5852580,575,10213
1503,12,12,17,8,36846360,3626,5855580,574,10225
1504,13,23,16,9,36866460,3627,5862060,574,10238
1505,11,31,16,9,36889140,3628,5869320,574,10249
1506,8,35,16,9,36911940,3629,5882160,575,10257
1507,14,38,15,10,36926460,3629,5904120,577,10271
1508,3,35,18,7,36947880,3630,5988900,585,10274
1509,2,31,20,5,36969120,3631,6038880,590,10276
1510,3,21,23,2,37003800,3631,6295320,615,10279
1511,8,0,22,3,37052040,3625,6704760,654,10287
1512,4,0,15,10,37075080,3623,6704760,654,10291
1513,3,0,14,11,37095600,3624,6704760,654,10294
1514,5,0,16,9,37102020,3623,6704760,653,10299
1515,8,1,14,11,37128180,3622,6705240,653,10307
1516,6,6,15,10,37128180,3622,6707940,653,10313
1517,2,8,13,12,37144860,3623,6707940,653,10315
1518,10,11,18,7,37160760,3624,6730560,654,10325
1519,16,27,15,10,37173240,3624,6730560,654,10341
1520,9,32,16,9,37196580,3626,6748380,654,10350
1521,9,39,16,9,37212420,3626,6756600,655,10359
1522,6,39,16,9,37239120,3628,6774540,656,10365
1523,9,40,15,10,37244640,3628,6774540,656,10374
1524,3,40,15,10,37249500,3628,6787140,657,10377
1525,9,40,17,8,37274460,3629,6817860,660,10386
1526,13,39,20,5,37292520,3630,6879300,665,10399
1527,11,38,25,0,37330560,3632,6967560,673,10410
1528,8,37,25,0,37373640,3633,7043760,680,10418
1529,7,28,25,0,37435920,3633,7357680,710,10425
1530,7,22,25,0,37482360,3633,7621560,735,10432
1531,6,0,15,10,37553940,3627,8291760,799,10438
1532,6,0,19,6,37561200,3627,8291760,799,10444
1533,5,0,18,7,37585320,3627,8291760,798,10449
1534,6,0,18,7,37613640,3628,8291760,798,10455
1535,0,0,13,12,37637460,3628,8291760,798,10455
1536,6,0,14,11,37654860,3628,8291760,797,10461
1537,10,0,18,7,37663980,3627,8291760,797,10471
1538,3,0,14,11,37693980,3627,8291760,796,10474
1539,2,0,13,12,37708320,3628,8291760,796,10476
1540,2,0,14,11,37715220,3628,8291760,796,10478
1541,5,0,14,11,37727640,3628,8291760,796,10483
1542,12,1,20,5,37743480,3627,8291760,795,10495
1543,7,7,17,8,37757760,3627,8292540,795,10502
1544,8,13,15,10,37788420,3629,8299260,795,10510
1545,2,13,15,10,37803960,3630,8310780,795,10512
1546,7,19,15,10,37809540,3630,8310960,795,10519
1547,8,17,22,3,37838640,3632,8340600,797,10527
1548,13,21,25,0,37870380,3632,8389440,801,10540
1549,8,26,19,6,37912020,3633,8408280,802,10548
1550,8,23,22,3,37961220,3635,8460120,806,10556
1551,4,11,25,0,37996560,3634,8667600,826,10560
1552,10,0,20,5,38051580,3630,8834520,841,10570
1553,7,0,19,6,38073540,3630,8834520,840,10577
1554,9,1,21,4,38090580,3629,8834520,840,10586
1555,7,6,15,10,38131860,3630,8837340,839,10593
1556,9,13,16,9,38140860,3631,8840100,839,10602
1557,0,11,15,10,38165640,3632,8849160,840,10602
1558,5,8,20,5,38183160,3633,8878680,842,10607
1559,5,0,13,12,38233140,3631,8972880,851,10612
1560,1,0,12,13,38238300,3631,8972880,851,10613
1561,6,0,16,9,38240460,3630,8972880,850,10619
1562,5,0,19,6,38247480,3630,8972880,850,10624
1563,4,0,19,6,38266680,3630,8972880,849,10628
1564,6,0,17,8,38299320,3631,8972880,849,10634
1565,12,5,19,6,38323560,3631,8974680,848,10646
1566,8,9,17,8,38360400,3633,8987760,849,10654
1567,6,7,23,2,38371260,3633,9013620,851,10660
1568,14,3,25,0,38423400,3633,9052500,853,10674
1569,16,18,16,9,38459880,3633,9053220,853,10690
1570,5,19,15,10,38492940,3634,9067080,853,10695
1571,11,28,16,9,38497980,3634,9076200,853,10706
1572,20,40,16,9,38512980,3635,9088500,853,10726
1573,6,40,15,10,38537640,3636,9096840,854,10732
1574,17,40,15,10,38550780,3637,9114720,855,10749
1575,7,40,16,9,38568540,3638,9145200,858,10756
1576,8,40,15,10,38573700,3638,9145200,858,10764
1577,9,38,15,10,38606940,3640,9179280,861,10773
1578,4,37,19,6,38607960,3639,9278880,870,10777
1579,5,31,24,1,38642820,3641,9516240,892,10782
1580,6,27,25,0,38684880,3641,9714960,910,10788
1581,10,26,25,0,38728380,3642,9904800,927,10798
1582,4,14,25,0,38789880,3642,10217520,955,10802
1583,4,0,16,9,38842380,3638,10643220,995,10806
1584,6,0,18,7,38859480,3638,10643220,994,10812
1585,4,2,18,7,38866560,3638,10644420,994,10816
1586,4,0,14,11,38909700,3639,10646760,994,10820
1587,6,0,17,8,38919480,3639,10646760,993,10826
1588,4,0,16,9,38934900,3638,10646760,993,10830
1589,8,0,19,6,38948400,3638,10646760,992,10838
1590,11,0,21,4,38980560,3638,10646760,991,10849
1591,5,0,19,6,38999520,3637,10646760,991,10854
1592,14,0,25,0,39036720,3638,10646760,990,10868
1593,11,0,22,3,39071220,3636,10646760,989,10879
1594,14,1,22,3,39131700,3638,10653840,988,10893
1595,6,0,19,6,39157920,3637,10657320,988,10899
1596,7,2,17,8,39183600,3637,10658160,987,10906
1597,5,6,16,9,39194880,3637,10662300,987,10911
1598,10,11,17,8,39233400,3639,10676940,987,10921
1599,6,14,19,6,39239040,3639,10682460,988,10927
1600,8,13,23,2,39267000,3640,10715580,990,10935
1601,11,11,25,0,39305940,3640,10767480,994,10946
1602,12,0,21,4,39370440,3637,10862580,1001,10958
1603,13,6,19,6,39399120,3637,10863300,1000,10971
1604,5,10,15,10,39429360,3638,10868040,1000,10976
1605,8,14,16,9,39456120,3639,10885680,1001,10984
1606,6,16,18,7,39467160,3640,10898520,1002,10990
1607,7,17,22,3,39477420,3640,10915800,1003,10997
1608,5,15,21,4,39528960,3642,10928580,1003,11002
1609,8,21,16,9,39560220,3643,10932480,1003,11010
1610,5,24,15,10,39585420,3644,10938060,1003,11015
1611,4,27,15,10,39592080,3644,10943700,1003,11019
1612,9,27,22,3,39609000,3645,10984980,1006,11028
1613,4,21,25,0,39648300,3646,11098500,1016,11032
1614,4,12,25,0,39697500,3646,11272980,1032,11036
1615,7,0,18,7,39751740,3643,11596920,1061,11043
1616,6,0,17,8,39778440,3643,11596920,1060,11049
1617,7,0,15,10,39801420,3642,11596920,1059,11056
1618,8,0,17,8,39826500,3642,11596920,1059,11064
1619,9,0,20,5,39847980,3642,11596920,1058,11073
1620,16,2,20,5,39878760,3640,11597340,1056,11089
1621,5,0,17,8,39918420,3641,11599620,1056,11094
1622,9,0,19,6,39938760,3640,11599620,1055,11103
1623,8,0,16,9,39980460,3640,11599620,1054,11111
1624,9,0,17,8,40001640,3640,11599620,1053,11120
1625,14,5,18,7,40014060,3638,11599680,1052,11134
1626,8,6,20,5,40045140,3639,11612640,1053,11142
1627,8,6,23,2,40068000,3640,11625180,1053,11150
1628,6,0,16,9,40122780,3638,11657160,1055,11156
1629,8,0,19,6,40142880,3639,11657160,1054,11164
1630,5,0,19,6,40156320,3638,11657160,1054,11169
1631,3,0,15,10,40187940,3639,11657160,1054,11172
1632,4,0,15,10,40208340,3639,11657160,1053,11176
1633,4,0,13,12,40220700,3638,11657160,1053,11180
1634,12,0,19,6,40231200,3637,11657160,1052,11192
1635,3,0,17,8,40247820,3637,11657160,1051,11195
1636,4,0,15,10,40272300,3637,11657160,1051,11199
1637,6,0,15,10,40290840,3637,11657160,1051,11205
1638,4,0,14,11,40303320,3637,11657160,1050,11209
1639,9,0,21,4,40314900,3637,11657160,1049,11218
1640,6,0,19,6,40345260,3637,11657160,1049,11224
1641,7,5,17,8,40367100,3638,11657340,1048,11231
1642,8,3,21,4,40404180,3639,11666220,1048,11239
1643,7,0,17,8,40449600,3639,11683560,1049,11246
1644,8,0,20,5,40467360,3639,11683560,1048,11254
1645,11,4,20,5,40486020,3638,11683920,1048,11265
1646,7,10,15,10,40514040,3639,11684340,1047,11272
1647,8,17,14,11,40527660,3639,11687940,1047,11280
1648,8,25,14,11,40527660,3639,11687940,1047,11288
1649,2,21,16,9,40560240,3641,11718360,1048,11290
1650,5,18,21,4,40578900,3641,11792940,1054,11295
1651,5,13,25,0,40602960,3642,11897640,1063,11300
1652,4,0,19,6,40660560,3639,12068400,1078,11304
1653,6,0,19,6,40684620,3640,12068400,1077,11310
1654,9,0,20,5,40710600,3639,12068400,1077,11319
1655,4,0,16,9,40740900,3639,12068400,1076,11323
1656,7,0,19,6,40759860,3640,12068400,1075,11330
1657,11,0,23,2,40785660,3640,12068400,1074,11341
1658,7,0,16,9,40828980,3639,12068400,1074,11348
1659,4,0,14,11,40844160,3639,12068400,1073,11352
1660,6,0,16,9,40859760,3639,12068400,1073,11358
1661,7,0,19,6,40871700,3638,12068400,1072,11365
1662,7,0,16,9,40899660,3638,12068400,1071,11372
1663,8,0,17,8,40923480,3637,12068400,1071,11380
1664,8,2,18,7,40934040,3637,12069240,1070,11388
1665,8,8,16,9,40962360,3638,12073140,1070,11396
1666,11,17,16,9,40977000,3639,12075600,1069,11407
1667,12,28,16,9,40986420,3639,12078960,1069,11419
1668,10,35,15,10,41021100,3641,12088200,1068,11429
1669,5,38,15,10,41030340,3641,12091920,1068,11434
1670,11,39,14,11,41045040,3642,12099660,1068,11445
1671,14,40,15,10,41045040,3642,12107400,1069,11459
1672,7,40,16,9,41072040,3643,12161340,1073,11466
1673,13,40,23,2,41085000,3643,12308100,1085,11479
1674,11,35,25,0,41146380,3645,12392040,1092,11490
1675,5,23,25,0,41199360,3644,12667440,1115,11495
1676,7,22,16,9,41235420,3642,12797160,1126,11502
1677,7,24,18,7,41256780,3643,12801420,1126,11509
1678,2,20,20,5,41280000,3644,12824340,1128,11511
1679,7,0,21,4,41329980,3640,13540320,1190,11518
1680,5,0,19,6,41347800,3639,13540320,1189,11523
1681,4,0,14,11,41380020,3639,13540320,1189,11527
1682,3,0,14,11,41394780,3639,13540320,1189,11530
1683,3,0,13,12,41403540,3639,13540320,1188,11533
1684,5,0,14,11,41419320,3639,13540320,1188,11538
1685,8,0,20,5,41425260,3639,13540320,1187,11546
1686,10,5,18,7,41448120,3638,13540500,1186,11556
1687,7,7,18,7,41476200,3639,13548720,1186,11563
1688,7,1,25,0,41497560,3639,13579080,1188,11570
1689,7,0,17,8,41550480,3639,13587840,1188,11577
1690,14,7,19,6,41557800,3638,13587960,1187,11591
1691,7,5,22,3,41596680,3639,13601100,1187,11598
1692,4,0,18,7,41645340,3640,13625700,1189,11602
1693,12,0,20,5,41673120,3639,13626000,1187,11614
1694,8,0,21,4,41693160,3638,13626000,1187,11622
1695,9,0,22,3,41730720,3639,13626000,1186,11631
1696,2,0,18,7,41750640,3639,13626000,1185,11633
1697,7,0,16,9,41787060,3639,13626000,1185,11640
1698,6,0,15,10,41808060,3639,13626000,1184,11646
1699,7,0,14,11,41830800,3638,13626000,1183,11653
1700,6,0,15,10,41848320,3638,13626000,1183,11659
1701,6,0,18,7,41858580,3638,13626000,1182,11665
1702,7,0,18,7,41882400,3638,13626000,1181,11672
1703,5,0,20,5,41902260,3639,13626000,1181,11677
1704,7,0,19,6,41934060,3639,13627560,1180,11684
1705,4,0,15,10,41966040,3639,13627560,1180,11688
1706,5,0,14,11,41984700,3639,13627560,1179,11693
1707,6,0,17,8,41999940,3639,13627560,1179,11699
1708,3,0,16,9,42015960,3639,13627560,1178,11702
1709,3,0,14,11,42036240,3640,13627560,1178,11705
1710,7,0,17,8,42048240,3639,13627560,1177,11712
1711,4,0,17,8,42063900,3640,13627560,1177,11716
1712,4,0,16,9,42089460,3640,13627560,1177,11720
1713,4,0,14,11,42106440,3640,13627560,1176,11724
1714,4,0,15,10,42115860,3640,13627560,1176,11728
1715,8,0,20,5,42124860,3639,13627560,1175,11736
1716,9,0,21,4,42146940,3639,13627560,1174,11745
1717,11,0,24,1,42186180,3640,13629060,1173,11756
1718,10,0,20,5,42223020,3638,13629060,1172,11766
1719,13,0,23,2,42255060,3638,13629060,1171,11779
1720,6,0,17,8,42298920,3638,13629060,1170,11785
1721,12,10,15,10,42314820,3638,13632300,1169,11797
1722,11,19,15,10,42332700,3639,13638120,1169,11808
1723,5,22,15,10,42347580,3640,13649100,1169,11813
1724,7,25,17,8,42364200,3641,13684980,1171,11820
1725,5,22,20,5,42388800,3641,13724580,1174,11825
1726,5,16,25,0,42416880,3642,13835940,1183,11830
1727,7,7,25,0,42475200,3642,13983240,1195,11837
1728,10,3,19,6,42506580,3638,14081580,1203,11847
1729,4,6,15,10,42535500,3639,14083320,1203,11851
1730,6,10,15,10,42553620,3640,14091900,1202,11857
1731,7,15,16,9,42561420,3640,14094660,1202,11864
1732,7,21,15,10,42572520,3641,14096160,1201,11871
1733,4,23,14,11,42608220,3643,14105040,1202,11875
1734,4,23,18,7,42608220,3643,14118660,1203,11879
1735,6,26,19,6,42613500,3643,14126220,1203,11885
1736,11,25,23,2,42668520,3645,14264880,1213,11896
1737,10,34,17,8,42690660,3645,14267880,1213,11906
1738,10,35,22,3,42713520,3645,14287620,1213,11916
1739,13,40,23,2,42734040,3645,14306340,1214,11929
1740,9,40,15,10,42781680,3647,14306340,1214,11938
1741,8,34,23,2,42813300,3648,14400720,1221,11946
1742,10,29,25,0,42849240,3647,14618880,1238,11956
1743,7,21,25,0,42899340,3646,14901480,1261,11963
1744,7,2,25,0,42953280,3643,15432360,1306,11970
1745,7,0,19,6,42993120,3642,15473160,1308,11977
1746,9,4,15,10,43028520,3642,15476100,1307,11986
1747,10,0,23,2,43044300,3641,15493140,1308,11996
1748,5,0,16,9,43088460,3641,15493140,1307,12001
1749,5,0,18,7,43101960,3642,15493140,1307,12006
1750,6,0,16,9,43134420,3642,15493140,1306,12012
1751,1,0,13,12,43153860,3642,15493140,1306,12013
1752,5,0,14,11,43168980,3642,15493140,1305,12018
1753,4,0,14,11,43177980,3642,15493140,1305,12022
1754,5,1,17,8,43181340,3642,15495300,1305,12027
1755,6,7,15,10,43192440,3642,15495300,1305,12033
1756,5,7,17,8,43214820,3643,15500760,1304,12038
1757,3,0,19,6,43232580,3642,15547260,1307,12041
1758,3,0,12,13,43264560,3642,15547260,1307,12044
1759,8,0,18,7,43267500,3642,15547260,1306,12052
1760,9,0,23,2,43275780,3641,15547260,1305,12061
1761,10,0,22,3,43327500,3642,15547260,1304,12071
1762,7,0,19,6,43364280,3642,15547260,1303,12078
1763,8,1,18,7,43385100,3641,15547260,1303,12086
1764,6,0,16,9,43416180,3641,15547260,1302,12092
1765,6,0,13,12,43447620,3641,15547260,1301,12098
1766,4,0,14,11,43456380,3641,15547260,1301,12102
1767,10,4,18,7,43462020,3641,15547620,1300,12112
1768,9,12,16,9,43478940,3641,15551340,1299,12121
1769,9,8,23,2,43511580,3642,15580200,1300,12130
1770,10,0,21,4,43548120,3639,15630180,1304,12140
1771,6,0,16,9,43597620,3640,15630180,1303,12146
1772,7,0,15,10,43616640,3639,15630180,1302,12153
1773,7,0,15,10,43635420,3639,15630180,1301,12160
1774,8,0,20,5,43643820,3638,15630180,1300,12168
1775,4,0,16,9,43672620,3638,15630180,1300,12172
1776,5,0,15,10,43694820,3638,15630180,1300,12177
1777,8,0,17,8,43704780,3637,15630180,1299,12185
1778,4,0,17,8,43727460,3638,15630180,1298,12189
1779,6,0,19,6,43754340,3639,15630180,1298,12195
1780,8,0,19,6,43778820,3639,15630180,1297,12203
1781,3,0,14,11,43819860,3640,15630180,1296,12206
1782,3,0,15,10,43833660,3640,15630180,1296,12209
1783,7,0,17,8,43850100,3640,15630180,1295,12216
1784,4,0,15,10,43871220,3640,15630180,1295,12220
1785,5,0,17,8,43884420,3640,15630180,1294,12225
1786,11,1,20,5,43903080,3640,15630180,1293,12236
1787,13,12,15,10,43929600,3640,15631560,1292,12249
1788,6,17,15,10,43938840,3640,15635040,1292,12255
1789,5,14,20,5,43964040,3641,15673380,1294,12260
1790,6,7,25,0,43991940,3641,15747600,1300,12266
1791,7,0,16,9,44044440,3639,15814020,1304,12273
1792,15,4,21,4,44051400,3637,15814080,1303,12288
1793,7,3,17,8,44092380,3637,15819600,1302,12295
1794,5,2,17,8,44119680,3638,15826680,1303,12300
1795,11,10,17,8,44134380,3638,15831600,1302,12311
1796,3,7,19,6,44166480,3639,15843780,1302,12314
1797,6,0,16,9,44202360,3638,15893580,1306,12320
1798,4,0,14,11,44219340,3637,15893580,1305,12324
1799,5,0,16,9,44229600,3637,15893580,1305,12329
1800,6,0,15,10,44246460,3636,15893580,1304,12335
1801,7,0,17,8,44262480,3636,15893580,1304,12342
1802,3,0,13,12,44292420,3637,15893580,1303,12345
1803,4,0,16,9,44299620,3637,15893580,1303,12349
1804,5,0,16,9,44314860,3637,15893580,1302,12354
1805,4,0,16,9,44330040,3637,15893580,1302,12358
1806,5,0,18,7,44338740,3637,15893580,1301,12363
1807,9,0,20,5,44363340,3636,15893580,1300,12372
1808,10,0,20,5,44389800,3636,15893580,1299,12382
1809,7,0,19,6,44414460,3635,15893580,1299,12389
1810,9,0,21,4,44435220,3635,15893580,1298,12398
1811,2,0,15,10,44471280,3635,15893580,1297,12400
1812,6,0,17,8,44491680,3636,15893580,1297,12406
1813,12,3,18,7,44511060,3635,15894060,1296,12418
1814,10,5,21,4,44535060,3636,15900000,1295,12428
1815,8,0,23,2,44564220,3635,15919860,1296,12436
1816,6,0,15,10,44629020,3636,15919860,1295,12442
1817,11,0,19,6,44648760,3635,15919860,1294,12453
1818,6,0,17,8,44676060,3635,15919860,1293,12459
1819,7,0,18,7,44696640,3635,15919860,1293,12466
1820,8,0,21,4,44719500,3636,15920220,1292,12474
1821,10,0,20,5,44758080,3635,15922200,1291,12484
1822,7,3,18,7,44776200,3635,15922260,1290,12491
1823,1,0,15,10,44809380,3636,15929640,1291,12492
1824,6,0,19,6,44818440,3636,15930180,1290,12498
1825,3,0,15,10,44856300,3637,15930180,1290,12501
1826,7,0,15,10,44884260,3637,15930180,1289,12508
1827,3,0,17,8,44888040,3637,15930180,1289,12511
1828,3,0,15,10,44912460,3638,15930180,1288,12514
1829,2,0,13,12,44935140,3638,15930180,1288,12516
1830,5,0,14,11,44950200,3638,15930180,1288,12521
1831,7,0,17,8,44957460,3638,15930180,1287,12528
1832,4,0,17,8,44977020,3638,15930180,1286,12532
1833,7,0,14,11,45006480,3638,15930180,1286,12539
1834,8,0,19,6,45013800,3637,15930180,1285,12547
1835,11,0,19,6,45037980,3636,15930180,1284,12558
1836,8,0,19,6,45056400,3635,15930180,1283,12566
1837,9,0,17,8,45092220,3635,15930180,1282,12575
1838,9,6,16,9,45105660,3635,15930420,1282,12584
1839,5,10,14,11,45129420,3636,15934740,1281,12589
1840,9,18,14,11,45138060,3636,15935700,1281,12598
1841,10,26,15,10,45148320,3637,15942540,1280,12608
1842,9,29,19,6,45157260,3637,15973020,1281,12617
1843,3,22,21,4,45202980,3638,16023900,1285,12620
1844,6,15,25,0,45237480,3638,16138380,1293,12626
1845,7,13,16,9,45285240,3637,16203180,1298,12633
1846,1,9,17,8,45313380,3638,16232760,1300,12634
1847,3,2,20,5,45334800,3638,16399980,1313,12637
1848,4,0,15,10,45359640,3636,16460640,1318,12641
1849,5,0,16,9,45365160,3636,16460640,1317,12646
1850,6,0,18,7,45385020,3636,16460640,1317,12652
1851,1,0,14,11,45406920,3636,16460640,1316,12653
1852,5,0,16,9,45426240,3637,16460640,1316,12658
1853,7,0,20,5,45431280,3637,16460640,1315,12665
1854,8,0,19,6,45469380,3637,16460640,1314,12673
1855,7,0,18,7,45496200,3637,16460640,1314,12680
1856,7,0,17,8,45515280,3636,16460640,1313,12687
1857,10,0,19,6,45527940,3635,16460640,1312,12697
1858,6,2,18,7,45549300,3635,16462020,1311,12703
1859,9,9,16,9,45569460,3635,16465860,1311,12712
1860,11,15,18,7,45591960,3636,16471020,1310,12723
1861,11,24,17,8,45611940,3637,16473780,1309,12734
1862,10,32,16,9,45634800,3638,16480320,1309,12744
1863,11,32,25,0,45650160,3639,16549500,1313,12755
1864,12,34,25,0,45697920,3640,16598280,1316,12767
1865,3,25,24,1,45749160,3640,16714860,1324,12770
1866,3,3,25,0,45809700,3638,17046060,1350,12773
1867,7,0,16,9,45837360,3635,17103300,1354,12780
1868,3,0,15,10,45852780,3635,17103300,1354,12783
1869,6,0,16,9,45866820,3634,17103300,1353,12789
1870,5,0,17,8,45887580,3635,17103300,1353,12794
1871,10,0,18,7,45918780,3635,17103300,1352,12804
1872,4,0,15,10,45937440,3634,17103300,1351,12808
1873,4,0,14,11,45956400,3634,17103300,1351,12812
1874,6,0,16,9,45963660,3634,17103300,1350,12818
1875,5,0,14,11,45991020,3634,17103300,1350,12823
1876,5,0,16,9,45999600,3634,17103300,1349,12828
1877,3,1,14,11,46013820,3634,17103300,1349,12831
1878,5,4,15,10,46019220,3634,17108520,1349,12836
1879,2,2,17,8,46039200,3635,17116980,1349,12838
1880,7,0,19,6,46057320,3634,17128620,1349,12845
1881,7,0,19,6,46089540,3635,17128620,1348,12852
1882,3,0,15,10,46122600,3635,17128620,1348,12855
1883,14,3,21,4,46134540,3635,17128680,1347,12869
1884,4,6,17,8,46156440,3635,17129220,1347,12873
1885,9,9,18,7,46194240,3637,17150880,1347,12882
1886,5,4,23,2,46213440,3637,17183280,1349,12887
1887,10,0,19,6,46253880,3635,17204640,1350,12897
1888,8,3,18,7,46278000,3635,17204940,1349,12905
1889,8,7,17,8,46306260,3636,17207220,1348,12913
1890,7,11,18,7,46318500,3636,17214600,1348,12920
1891,5,0,23,2,46359480,3636,17292540,1354,12925
1892,9,0,16,9,46390980,3634,17292540,1353,12934
1893,9,2,20,5,46403580,3634,17292780,1352,12943
1894,8,6,21,4,46420980,3635,17295780,1351,12951
1895,3,6,19,6,46451580,3636,17299800,1351,12954
1896,6,0,18,7,46499460,3636,17335200,1353,12960
1897,4,0,17,8,46516560,3636,17335200,1353,12964
1898,3,0,14,11,46543740,3636,17335200,1352,12967
1899,5,0,16,9,46551780,3636,17335200,1352,12972
1900,5,0,18,7,46559640,3636,17335200,1351,12977
1901,3,0,15,10,46584120,3636,17335200,1351,12980
1902,6,0,15,10,46612800,3636,17335200,1350,12986
1903,9,6,15,10,46618920,3636,17335380,1350,12995
1904,10,15,14,11,46628160,3636,17337540,1349,13005
1905,7,22,14,11,46628160,3636,17337540,1349,13012
1906,9,30,13,12,46648500,3637,17341860,1347,13021
1907,15,40,15,10,46665840,3638,17370960,1349,13036
1908,10,40,14,11,46680060,3638,17384220,1349,13046
1909,9,40,14,11,46680060,3638,17384220,1349,13055
1910,14,40,16,9,46706160,3640,17445060,1353,13069
1911,5,40,16,9,46706160,3640,17445060,1353,13074
1912,6,37,17,8,46738800,3641,17534640,1360,13080
1913,11,39,25,0,46749600,3641,17659800,1369,13091
1914,4,33,25,0,46805940,3643,17853060,1383,13095
1915,9,27,25,0,46860960,3643,18076560,1399,13104
1916,9,23,22,3,46902480,3642,18313800,1417,13113
1917,7,28,15,10,46945080,3642,18316560,1416,13120
1918,5,31,15,10,46956120,3643,18326040,1416,13125
1919,1,29,16,9,46974720,3643,18346560,1418,13126
1920,3,25,19,6,46992180,3644,18442920,1425,13129
1921,4,4,23,2,47031600,3641,19179540,1481,13133
1922,2,0,13,12,47058000,3638,19312860,1491,13135
1923,4,0,13,12,47067960,3638,19312860,1491,13139
1924,7,0,17,8,47076420,3638,19312860,1490,13146
1925,4,0,16,9,47088180,3637,19312860,1490,13150
1926,6,0,17,8,47106420,3637,19312860,1489,13156
1927,7,0,18,7,47126820,3637,19312860,1488,13163
1928,6,0,19,6,47145480,3637,19314060,1488,13169
1929,8,6,16,9,47167680,3638,19314420,1487,13177
1930,9,4,23,2,47196540,3639,19334640,1487,13186
1931,5,0,20,5,47228280,3638,19345380,1487,13191
1932,9,0,18,7,47262360,3637,19345380,1486,13200
1933,10,0,20,5,47286540,3637,19345380,1485,13210
1934,3,0,18,7,47307780,3637,19345380,1485,13213
1935,11,1,21,4,47342220,3638,19346400,1484,13224
1936,8,0,23,2,47373360,3638,19347960,1483,13232
1937,11,0,23,2,47408760,3638,19347960,1482,13243
1938,9,0,17,8,47451660,3637,19347960,1481,13252
1939,6,0,17,8,47483280,3638,19347960,1480,13258
1940,7,0,18,7,47507460,3638,19347960,1479,13265
1941,8,0,19,6,47532180,3638,19347960,1478,13273
1942,2,0,16,9,47551500,3638,19347960,1478,13275
1943,9,0,17,8,47584080,3638,19347960,1477,13284
1944,1,0,14,11,47590800,3638,19347960,1477,13285
1945,3,0,14,11,47607540,3638,19347960,1477,13288
1946,0,0,12,13,47614860,3638,19347960,1477,13288
1947,1,0,12,13,47622180,3638,19347960,1477,13289
1948,10,0,18,7,47628840,3638,19347960,1475,13299
1949,5,0,16,9,47636700,3636,19347960,1475,13304
1950,8,0,17,8,47661900,3636,19347960,1474,13312
1951,6,0,15,10,47684760,3636,19347960,1473,13318
1952,6,0,15,10,47710380,3636,19347960,1473,13324
1953,9,0,18,7,47728200,3636,19347960,1472,13333
1954,9,0,20,5,47746620,3635,19347960,1471,13342
1955,6,0,19,6,47773200,3635,19347960,1470,13348
1956,11,7,16,9,47804040,3636,19348440,1469,13359
1957,7,5,20,5,47838780,3637,19374660,1470,13366
1958,8,11,18,7,47849700,3637,19374720,1470,13374
1959,6,4,22,3,47890260,3637,19410120,1471,13380
1960,5,0,15,10,47931000,3636,19443420,1473,13385
1961,3,0,14,11,47941200,3636,19443420,1473,13388
1962,7,0,16,9,47959560,3636,19443420,1472,13395
1963,3,0,12,13,47980260,3635,19443420,1472,13398
1964,4,0,16,9,47980260,3635,19443420,1471,13402
1965,4,0,16,9,47994900,3635,19443420,1471,13406
1966,2,0,13,12,48017880,3636,19443420,1470,13408
1967,3,0,13,12,48030000,3636,19443420,1470,13411
1968,9,0,17,8,48039060,3635,19443420,1469,13420
1969,5,0,15,10,48055080,3635,19443420,1469,13425
1970,8,0,16,9,48069960,3634,19443420,1468,13433
1971,1,0,12,13,48092100,3634,19443420,1468,13434
1972,4,0,14,11,48101040,3634,19443420,1467,13438
1973,11,0,22,3,48106740,3634,19443420,1466,13449
1974,3,0,17,8,48139500,3634,19443420,1466,13452
1975,8,0,18,7,48172500,3635,19443420,1465,13460
1976,8,0,19,6,48196260,3634,19443420,1464,13468
1977,8,0,19,6,48214920,3634,19443420,1463,13476
1978,11,0,18,7,48261720,3634,19443420,1462,13487
1979,7,0,18,7,48283020,3634,19443420,1461,13494
1980,10,0,22,3,48307920,3634,19443420,1460,13504
1981,11,2,25,0,48332340,3634,19444020,1459,13515
1982,8,9,17,8,48374880,3635,19445220,1459,13523
1983,7,9,19,6,48414000,3636,19467180,1459,13530
1984,11,13,19,6,48435360,3636,19484400,1459,13541
1985,9,19,16,9,48476100,3637,19488240,1459,13550
1986,5,22,15,10,48491280,3638,19495380,1458,13555
1987,4,25,15,10,48497760,3638,19502700,1459,13559
1988,5,27,15,10,48521760,3639,19520940,1459,13564
1989,6,28,17,8,48534180,3639,19552500,1461,13570
1990,5,27,19,6,48556080,3640,19567500,1461,13575
1991,5,23,23,2,48583680,3640,19703640,1471,13580
1992,1,5,24,1,48637800,3640,20079000,1499,13581
1993,7,0,18,7,48669960,3637,20191800,1507,13588
1994,4,0,16,9,48692220,3637,20191800,1506,13592
1995,6,0,17,8,48709920,3637,20191800,1505,13598
1996,5,0,16,9,48733620,3637,20191800,1505,13603
1997,8,0,19,6,48749700,3637,20191800,1504,13611
1998,5,1,17,8,48771180,3637,20192160,1504,13616
1999,7,7,15,10,48787740,3637,20192940,1503,13623
2000,4,5,18,7,48811080,3638,20208360,1503,13627
2001,2,2,20,5,48829980,3639,20231460,1505,13629
2002,8,0,18,7,48856440,3638,20242560,1505,13637
2003,9,0,19,6,48886680,3638,20242560,1504,13646
2004,9,0,23,2,48898320,3637,20242560,1503,13655
2005,9,0,18,7,48942180,3637,20242560,1502,13664
2006,5,0,15,10,48976500,3637,20242560,1501,13669
2007,10,1,18,7,48989100,3636,20242560,1500,13679
2008,16,0,24,1,49016160,3635,20243700,1498,13695
2009,11,1,24,1,49046940,3635,20248560,1498,13706
2010,5,0,19,6,49086180,3635,20251800,1497,13711
2011,9,0,18,7,49118100,3635,20251800,1496,13720
2012,3,0,15,10,49149600,3635,20251800,1496,13723
2013,7,0,14,11,49165800,3634,20251800,1495,13730
2014,11,0,19,6,49186140,3634,20251800,1494,13741
2015,5,0,18,7,49201440,3634,20251800,1493,13746
2016,6,0,17,8,49231440,3634,20251800,1493,13752
2017,3,0,19,6,49232580,3634,20251800,1492,13755
2018,6,0,22,3,49239600,3634,20252340,1492,13761
2019,6,0,22,3,49257780,3633,20252880,1491,13767
2020,1,0,20,5,49271400,3634,20252880,1491,13768
2021,6,0,20,5,49301280,3634,20252880,1490,13774
2022,7,0,21,4,49314060,3634,20252880,1490,13781
2023,11,2,22,3,49334820,3633,20253120,1489,13792
2024,4,5,20,5,49352880,3633,20256180,1488,13796
2025,6,11,19,6,49360620,3634,20256180,1488,13802
2026,7,15,19,6,49388880,3635,20265300,1488,13809
2027,12,20,25,0,49390680,3635,20287980,1488,13821
2028,8,24,25,0,49409460,3635,20305860,1489,13829
2029,4,18,25,0,49455240,3636,20353740,1491,13833
2030,7,18,25,0,49488060,3636,20414220,1495,13840
2031,8,21,20,5,49527600,3637,20472420,1499,13848
2032,6,27,19,6,49530600,3637,20472420,1499,13854
2033,4,30,18,7,49547280,3637,20480940,1498,13858
2034,9,36,20,5,49560060,3638,20489520,1498,13867
2035,8,39,19,6,49574640,3638,20495220,1497,13875
2036,9,40,19,6,49574640,3638,20495220,1497,13884
2037,6,37,22,3,49600080,3639,20542200,1500,13890
2038,4,36,24,1,49609680,3639,20612640,1505,13894
2039,2,30,25,0,49641960,3640,20709960,1512,13896
2040,4,25,25,0,49674360,3640,20843520,1521,13900
2041,7,20,25,0,49712640,3639,21093780,1539,13907
2042,5,0,22,3,49749600,3635,21904680,1597,13912
2043,8,0,24,1,49760400,3634,21904680,1597,13920
2044,7,0,24,1,49787700,3634,21904680,1596,13927
2045,4,0,19,6,49824120,3634,21904680,1595,13931
2046,2,0,21,4,49824120,3634,21904680,1595,13933
2047,6,0,22,3,49836300,3634,21904680,1594,13939
2048,9,0,25,0,49856100,3634,21904980,1593,13948
2049,6,0,23,2,49890480,3634,21908700,1593,13954
2050,8,2,22,3,49915080,3634,21908760,1592,13962
2051,9,10,20,5,49931040,3634,21909120,1591,13971
2052,16,24,19,6,49947720,3635,21910500,1590,13987
2053,15,39,19,6,49947720,3635,21910500,1590,14002
2054,8,40,19,6,49976400,3636,21930240,1589,14010
2055,9,40,19,6,49986660,3636,21942300,1589,14019
2056,6,40,20,5,49991640,3636,21949920,1589,14025
2057,5,40,22,3,50007900,3637,22012380,1594,14030
2058,7,37,25,0,50030520,3638,22095540,1599,14037
2059,11,39,25,0,50062560,3638,22148880,1602,14048
2060,7,34,25,0,50095440,3638,22274220,1610,14055
2061,9,39,20,5,50122860,3637,22339920,1615,14064
2062,3,40,17,8,50141940,3638,22339920,1615,14067
2063,3,40,17,8,50141940,3638,22339920,1615,14070
2064,5,40,17,8,50141940,3638,22339920,1615,14075
2065,5,40,18,7,50156100,3639,22367520,1616,14080
2066,1,39,19,6,50160720,3639,22391760,1617,14081
2067,2,40,19,6,50160720,3639,22391760,1617,14083
2068,10,39,19,6,50179860,3640,22409820,1618,14093
2069,2,37,21,4,50189640,3640,22543380,1628,14095
2070,7,36,25,0,50199720,3640,22642260,1634,14102
2071,5,31,25,0,50242980,3640,23001180,1659,14107
2072,9,33,25,0,50265120,3640,23146980,1669,14116
2073,6,26,25,0,50306640,3639,23577660,1699,14122
2074,10,24,25,0,50328180,3638,23888400,1720,14132
2075,7,18,25,0,50361600,3637,24321840,1751,14139
2076,13,23,24,1,50396520,3637,24386400,1754,14152
2077,5,26,22,3,50411700,3637,24390420,1753,14157
2078,11,36,19,6,50437860,3638,24395040,1753,14168
2079,9,40,19,6,50445720,3638,24398580,1752,14177
2080,7,38,22,3,50463720,3639,24432240,1754,14184
2081,4,34,25,0,50485740,3639,24491580,1758,14188
2082,9,37,21,4,50519580,3639,24506220,1757,14197
2083,6,38,23,2,50531820,3639,24522840,1758,14203
2084,4,39,25,0,50534100,3639,24532500,1758,14207
2085,9,39,19,6,50584800,3640,24535560,1758,14216
2086,3,37,19,6,50589480,3639,24577560,1761,14219
2087,1,36,20,5,50598000,3639,24579480,1761,14220
2088,2,29,22,3,50619000,3639,24931440,1786,14222
2089,5,4,25,0,50647800,3634,26584320,1903,14227
2090,4,0,19,6,50665680,3632,26689860,1910,14231
2091,4,0,19,6,50672280,3631,26689860,1910,14235
2092,7,0,23,2,50685720,3631,26689860,1909,14242
2093,5,0,22,3,50709420,3631,26689860,1908,14247
2094,6,0,22,3,50742120,3632,26689860,1907,14253
2095,2,0,20,5,50757240,3632,26689860,1907,14255
2096,9,0,24,1,50778960,3633,26689860,1906,14264
2097,8,0,24,1,50801160,3632,26689860,1905,14272
2098,6,2,22,3,50820720,3632,26689980,1904,14278
2099,4,6,18,7,50839320,3632,26689980,1904,14282
2100,9,14,18,7,50848140,3633,26690400,1903,14291
2101,5,19,18,7,50848140,3633,26690400,1903,14296
2102,7,25,18,7,50862480,3633,26704740,1902,14303
2103,4,28,19,6,50862480,3633,26715720,1902,14307
2104,11,36,20,5,50880900,3634,26748840,1904,14318
2105,12,40,20,5,50893920,3635,26754420,1902,14330
2106,6,39,23,2,50907420,3635,26799060,1905,14336
2107,16,40,23,2,50924220,3635,26821860,1906,14352
2108,8,37,24,1,50954400,3636,26931480,1913,14360
2109,5,39,25,0,50972040,3637,26948460,1914,14365
2110,4,36,22,3,51017100,3638,27052440,1921,14369
2111,5,38,21,4,51034020,3638,27113940,1924,14374
2112,4,40,20,5,51037980,3638,27114900,1924,14378
2113,5,37,25,0,51070260,3639,27244260,1933,14383
2114,4,31,25,0,51102480,3639,27456000,1947,14387
2115,4,26,25,0,51134160,3639,27719400,1965,14391
2116,2,10,25,0,51166980,3636,28218840,2000,14393
2117,8,1,25,0,51186840,3633,28625760,2028,14401
2118,6,0,21,4,51222900,3633,28626600,2027,14407
2119,9,0,25,0,51238080,3633,28626600,2026,14416
2120,10,3,25,0,51272400,3634,28632780,2025,14426
2121,7,0,19,6,51306540,3632,28641480,2024,14433
2122,9,0,25,0,51314760,3632,28641480,2023,14442
2123,3,0,20,5,51342420,3632,28641480,2023,14445
2124,3,0,21,4,51349440,3632,28641480,2022,14448
2125,15,4,25,0,51374160,3631,28643100,2020,14463
2126,15,10,25,0,51399120,3631,28649820,2019,14478
2127,12,14,25,0,51439560,3632,28659900,2018,14490
2128,10,23,24,1,51451920,3632,28660920,2017,14500
2129,12,28,24,1,51491220,3633,28676880,2016,14512
2130,9,34,21,4,51522840,3634,28684680,2015,14521
2131,8,40,21,4,51538620,3634,28686900,2015,14529
2132,4,37,24,1,51563820,3635,28707600,2015,14533
2133,5,37,25,0,51580620,3635,28748760,2017,14538
2134,3,32,25,0,51622680,3636,28825980,2022,14541
2135,5,26,25,0,51664380,3636,28971360,2032,14546
2136,4,19,25,0,51695760,3636,29176800,2045,14550
2137,4,3,25,0,51734520,3633,29699760,2082,14554
2138,5,0,19,6,51751980,3631,29739300,2084,14559
2139,5,0,20,5,51760200,3631,29739300,2083,14564
2140,8,5,20,5,51774060,3631,29739960,2082,14572
2141,4,9,20,5,51774060,3631,29739960,2082,14576
2142,8,13,20,5,51805320,3632,29755740,2081,14584
2143,6,19,20,5,51805320,3632,29755740,2081,14590
2144,9,26,19,6,51828660,3633,29767320,2080,14599
2145,10,35,19,6,51837180,3633,29776020,2080,14609
2146,10,40,19,6,51843840,3633,29787840,2079,14619
2147,11,40,18,7,51850320,3634,29787840,2079,14630
2148,6,40,19,6,51870240,3634,29809980,2080,14636
2149,7,39,20,5,51876000,3635,29834340,2081,14643
2150,8,40,19,6,51890460,3635,29854200,2083,14651
2151,5,37,19,6,51911700,3636,29925300,2088,14656
2152,5,36,24,1,51914820,3636,30077520,2097,14661
2153,4,37,25,0,51921120,3636,30117240,2100,14665
2154,7,31,25,0,51981240,3637,30314220,2112,14672
2155,11,35,25,0,51999240,3636,30477000,2123,14683
2156,10,40,19,6,52034100,3636,30479880,2121,14693
2157,3,38,22,3,52046280,3637,30505680,2123,14696
2158,3,34,25,0,52063500,3637,30639000,2131,14699
2159,5,27,25,0,52103580,3637,30832560,2144,14704
2160,5,3,25,0,52138500,3632,31900080,2218,14709
2161,7,0,22,3,52162740,3630,31980240,2222,14716
2162,6,5,20,5,52172100,3630,31981140,2222,14722
2163,3,0,19,6,52193820,3629,31997100,2222,14725
2164,4,0,20,5,52211700,3630,31997100,2221,14729
2165,7,0,20,5,52228920,3629,31997100,2220,14736
2166,3,0,19,6,52240200,3629,31997100,2220,14739
2167,6,0,22,3,52252680,3629,31997100,2219,14745
2168,12,0,23,2,52276560,3628,31997100,2217,14757
2169,6,0,22,3,52296420,3628,31997100,2216,14763
2170,7,0,23,2,52307520,3627,31997100,2215,14770
2171,6,0,20,5,52331640,3626,31997100,2214,14776
2172,9,1,24,1,52340220,3626,31997460,2213,14785
2173,11,11,21,4,52358220,3626,31999440,2211,14796
2174,8,17,20,5,52382640,3627,32005560,2211,14804
2175,3,16,21,4,52401900,3628,32029260,2211,14807
2176,8,20,25,0,52401900,3628,32041560,2212,14815
2177,10,23,25,0,52435140,3628,32051460,2210,14825
2178,8,23,24,1,52480980,3629,32105040,2213,14833
2179,8,23,25,0,52508340,3629,32145900,2215,14841
2180,4,18,25,0,52542900,3629,32217840,2219,14845
2181,3,3,25,0,52587060,3628,32480160,2236,14848
2182,5,1,21,4,52602960,3626,32547720,2240,14853
2183,7,3,23,2,52620600,3627,32554260,2240,14860
2184,4,0,20,5,52646040,3626,32563200,2240,14864
2185,2,0,18,7,52667820,3627,32563200,2239,14866
2186,4,0,19,6,52678800,3627,32563200,2239,14870
2187,2,0,19,6,52683240,3626,32563200,2238,14872
2188,4,0,19,6,52700940,3627,32563200,2238,14876
2189,3,0,20,5,52702560,3626,32563200,2237,14879
2190,4,0,20,5,52718460,3626,32563200,2237,14883
2191,1,0,18,7,52732140,3626,32563200,2236,14884
2192,3,0,18,7,52742820,3626,32563200,2236,14887
2193,11,0,22,3,52756560,3626,32563200,2234,14898
2194,5,0,22,3,52770240,3625,32564220,2234,14903
2195,9,0,24,1,52789500,3625,32564400,2232,14912
2196,10,5,22,3,52814280,3625,32571420,2231,14922
2197,15,13,25,0,52829940,3625,32581200,2230,14937
2198,10,16,25,0,52867500,3626,32595000,2229,14947
2199,3,6,25,0,52911960,3626,32652600,2232,14950
2200,13,0,24,1,52947420,3623,32721180,2235,14963
2201,5,0,20,5,52963680,3622,32721180,2234,14968
2202,4,0,20,5,52980780,3622,32721180,2234,14972
2203,7,0,21,4,52995840,3622,32721180,2233,14979
2204,5,0,21,4,53019600,3622,32721180,2232,14984
2205,6,0,21,4,53035620,3622,32721180,2231,14990
2206,9,0,24,1,53058780,3622,32721180,2230,14999
2207,1,0,19,6,53084280,3622,32721180,2230,15000
2208,6,4,20,5,53091420,3622,32721600,2229,15006
2209,3,1,22,3,53118000,3623,32736960,2229,15009
2210,4,0,21,4,53129460,3622,32737560,2229,15013
2211,1,0,20,5,53136180,3622,32737560,2229,15014
2212,5,0,22,3,53143560,3622,32737560,2228,15019
2213,5,1,20,5,53160900,3622,32738820,2227,15024
2214,11,6,24,1,53171280,3622,32739660,2226,15035
2215,7,10,23,2,53193660,3623,32742540,2225,15042
2216,6,8,25,0,53237460,3624,32766540,2225,15048
2217,8,9,24,1,53263020,3624,32791620,2226,15056
2218,8,12,25,0,53286120,3624,32795760,2225,15064
2219,7,16,23,2,53318400,3625,32802120,2225,15071
2220,10,23,20,5,53353140,3626,32813760,2224,15081
2221,13,35,19,6,53361780,3626,32817240,2223,15094
2222,7,40,19,6,53377380,3627,32825880,2222,15101
2223,7,39,18,7,53390820,3627,32835360,2222,15108
2224,2,39,19,6,53400480,3628,32847780,2223,15110
2225,8,40,20,5,53400480,3628,32860620,2223,15118
2226,4,38,19,6,53424180,3629,32889900,2225,15122
2227,8,39,23,2,53434380,3629,32955780,2229,15130
2228,6,39,25,0,53450700,3629,33070320,2236,15136
2229,4,30,25,0,53496780,3629,33287220,2250,15140
2230,3,23,25,0,53523900,3628,33556560,2267,15143
2231,2,3,25,0,53555700,3625,34197240,2310,15145
2232,2,0,18,7,53592840,3625,34334340,2319,15147
2233,7,0,21,4,53597340,3624,34334340,2318,15154
2234,6,0,22,3,53614320,3624,34334340,2317,15160
2235,11,0,24,1,53636520,3623,34334340,2315,15171
2236,8,0,24,1,53654400,3623,34334340,2314,15179
2237,6,0,23,2,53674380,3622,34334340,2313,15185
2238,4,2,19,6,53699340,3622,34334340,2313,15189
2239,4,5,19,6,53702400,3622,34336080,2313,15193
2240,4,8,19,6,53709300,3623,34340400,2312,15197
2241,2,6,20,5,53738100,3624,34362180,2313,15199
2242,9,6,25,0,53747760,3624,34379400,2313,15208
2243,5,0,24,1,53773860,3622,34415700,2314,15213
2244,6,1,20,5,53804820,3622,34416780,2314,15219
2245,13,13,19,6,53813400,3622,34417500,2313,15232
2246,6,17,19,6,53827860,3623,34428720,2311,15238
2247,9,24,20,5,53845680,3624,34441080,2311,15247
2248,5,28,20,5,53850420,3624,34443720,2311,15252
2249,9,34,20,5,53871660,3625,34451880,2310,15261
2250,6,40,19,6,53880360,3625,34451880,2310,15267
2251,9,40,19,6,53893740,3625,34459680,2309,15276
2252,4,38,23,2,53908440,3626,34553220,2314,15280
2253,5,39,25,0,53918340,3626,34596120,2317,15285
2254,5,35,25,0,53963040,3627,34723680,2325,15290
2255,6,33,25,0,53990700,3627,34813680,2330,15296
2256,3,29,25,0,54023280,3628,34933020,2337,15299
2257,6,20,25,0,54069540,3627,35182980,2353,15305
2258,6,17,22,3,54091380,3626,35293080,2360,15311
2259,2,17,20,5,54115200,3626,35301600,2360,15313
2260,8,22,20,5,54132360,3627,35311080,2359,15321
2261,7,28,20,5,54135180,3627,35311260,2359,15328
2262,7,33,19,6,54156840,3627,35313540,2357,15335
2263,11,40,21,4,54164700,3628,35321820,2357,15346
2264,7,37,22,3,54188040,3628,35371260,2359,15353
2265,9,36,25,0,54208620,3628,35406660,2360,15362
2266,11,34,25,0,54238140,3627,35472420,2363,15373
2267,5,14,25,0,54282000,3624,36339180,2419,15378
2268,12,8,25,0,54305700,3621,36571740,2433,15390
2269,5,0,19,6,54338640,3618,36854640,2451,15395
2270,5,0,19,6,54356640,3618,36854640,2450,15400
2271,7,0,21,4,54369660,3618,36854640,2449,15407
2272,8,0,22,3,54392280,3618,36854640,2448,15415
2273,9,0,23,2,54414660,3617,36854880,2446,15424
2274,10,0,24,1,54449520,3618,36859080,2445,15434
2275,5,0,21,4,54473280,3617,36859080,2444,15439
2276,5,0,21,4,54494100,3617,36859080,2443,15444
2277,6,0,21,4,54511620,3617,36859080,2442,15450
2278,4,0,19,6,54525420,3617,36859080,2442,15454
2279,5,0,19,6,54539940,3616,36859080,2441,15459
2280,5,0,22,3,54547980,3617,36859080,2440,15464
2281,6,0,18,7,54575880,3616,36859080,2439,15470
2282,3,0,18,7,54580860,3616,36859080,2439,15473
2283,3,0,20,5,54581820,3615,36859080,2438,15476
2284,6,0,20,5,54601680,3615,36859080,2437,15482
2285,2,0,20,5,54611520,3615,36859080,2437,15484
2286,4,0,21,4,54625260,3616,36859080,2436,15488
2287,9,1,23,2,54638820,3615,36859680,2435,15497
2288,11,10,21,4,54663120,3616,36863700,2433,15508
2289,10,19,20,5,54675900,3616,36864360,2432,15518
2290,9,26,20,5,54694980,3617,36869580,2431,15527
2291,7,32,20,5,54702780,3617,36873420,2431,15534
2292,6,36,20,5,54718680,3618,36882540,2430,15540
2293,9,39,20,5,54741900,3619,36892080,2429,15549
2294,8,39,22,3,54752400,3619,36924720,2431,15557
2295,9,40,25,0,54762600,3619,36975420,2433,15566
2296,9,40,25,0,54801720,3620,37106040,2441,15575
2297,7,40,20,5,54834600,3620,37128720,2442,15582
2298,5,40,18,7,54846120,3621,37128720,2442,15587
2299,7,38,25,0,54868020,3622,37251780,2449,15594
2300,8,40,25,0,54875580,3622,37280220,2450,15602
2301,4,36,25,0,54917220,3622,37421880,2458,15606
2302,4,28,25,0,54957600,3622,37732800,2478,15610
2303,5,30,21,4,54982740,3622,37786860,2481,15615
2304,4,33,20,5,54994620,3623,37791120,2481,15619
2305,2,33,19,6,55024920,3624,37803240,2481,15621
2306,5,37,19,6,55033080,3624,37803300,2481,15626
2307,1,36,19,6,55046940,3625,37816260,2481,15627
2308,7,39,23,2,55046940,3625,37821960,2480,15634
2309,8,38,23,2,55071120,3625,37835520,2481,15642
2310,7,38,25,0,55103280,3626,37924260,2486,15649
2311,8,35,25,0,55143000,3627,37998900,2489,15657
2312,15,37,25,0,55173720,3626,38139900,2497,15672
2313,10,35,25,0,55202280,3626,38346480,2509,15682
2314,8,38,20,5,55238520,3626,38349540,2508,15690
2315,8,40,20,5,55244820,3626,38352300,2507,15698
2316,6,38,24,1,55272480,3627,38374140,2507,15704
2317,11,40,21,4,55289520,3627,38382900,2508,15715
2318,9,37,24,1,55321260,3627,38426640,2509,15724
2319,11,40,24,1,55337340,3627,38438640,2509,15735
2320,6,38,25,0,55367580,3628,38487420,2512,15741
2321,5,23,25,0,55410900,3626,39585660,2582,15746
2322,7,6,25,0,55441500,3622,40755660,2657,15753
2323,5,0,22,3,55466700,3621,41134860,2681,15758
2324,5,0,20,5,55488540,3620,41134860,2680,15763
2325,3,0,19,6,55497240,3620,41134860,2680,15766
2326,5,0,20,5,55518900,3620,41134860,2679,15771
2327,5,0,21,4,55532880,3620,41134860,2678,15776
2328,8,0,22,3,55554960,3620,41134860,2677,15784
2329,4,0,18,7,55578900,3620,41134860,2676,15788
2330,4,0,21,4,55579740,3620,41134860,2675,15792
2331,3,0,21,4,55592820,3620,41135700,2675,15795
2332,8,0,24,1,55623780,3621,41140140,2674,15803
2333,8,0,24,1,55635060,3619,41140620,2672,15811
2334,10,1,25,0,55669260,3620,41144280,2671,15821
2335,6,0,21,4,55702620,3619,41146020,2670,15827
2336,8,5,19,6,55727100,3620,41147700,2669,15835
2337,7,10,20,5,55734360,3620,41152320,2668,15842
2338,6,13,20,5,55755120,3621,41167140,2667,15848
2339,6,10,25,0,55773420,3621,41202300,2669,15854
2340,11,18,21,4,55806060,3621,41205420,2668,15865
2341,7,25,20,5,55815600,3622,41205420,2668,15872
2342,10,34,19,6,55831560,3622,41208780,2666,15882
2343,12,40,18,7,55851840,3623,41214780,2664,15894
2344,7,40,18,7,55851840,3623,41214780,2664,15901
2345,4,39,20,5,55871460,3624,41268000,2666,15905
2346,6,40,20,5,55871460,3624,41268000,2666,15911
2347,7,39,20,5,55887240,3625,41302980,2668,15918
2348,8,40,24,1,55903500,3625,41384220,2673,15926
2349,10,39,23,2,55917720,3625,41393640,2673,15936
2350,8,39,25,0,55954920,3626,41546400,2682,15944
2351,8,40,25,0,55984140,3627,41590800,2683,15952
2352,7,39,25,0,56019600,3628,41610960,2684,15959
2353,4,33,25,0,56059500,3628,41859480,2699,15963
2354,5,25,25,0,56097120,3628,42334740,2729,15968
2355,7,18,25,0,56129340,3626,42608400,2745,15975
2356,5,0,25,0,56166420,3623,43243740,2785,15980
2357,7,0,25,0,56177400,3622,43243920,2784,15987
2358,2,0,18,7,56205720,3622,43243920,2784,15989
2359,7,0,22,3,56224620,3623,43243920,2782,15996
2360,10,5,23,2,56235240,3622,43244160,2781,16006
2361,8,13,20,5,56251680,3623,43244160,2781,16014
2362,10,20,19,6,56285820,3624,43254960,2778,16024
2363,7,27,19,6,56285820,3624,43254960,2778,16031
2364,12,37,19,6,56298780,3624,43272120,2776,16043
2365,5,39,20,5,56314380,3625,43289880,2776,16048
2366,4,40,20,5,56326320,3625,43320000,2777,16052
2367,7,39,19,6,56341620,3626,43335540,2778,16059
2368,8,40,23,2,56347200,3626,43424460,2783,16067
2369,2,40,20,5,56366760,3626,43424460,2783,16069
2370,8,40,18,7,56394000,3627,43435140,2784,16077
2371,1,39,19,6,56399880,3627,43446780,2784,16078
2372,5,39,19,6,56409900,3628,43472040,2785,16083
2373,9,40,25,0,56414880,3628,43619580,2794,16092
2374,2,39,19,6,56447400,3628,43623660,2794,16094
2375,3,35,22,3,56459880,3628,43780200,2803,16097
2376,4,30,25,0,56482080,3628,44047860,2819,16101
2377,6,24,25,0,56510220,3627,44467080,2845,16107
2378,0,0,21,4,56560440,3624,45348120,2902,16107
2379,8,0,23,2,56572140,3623,45348120,2900,16115
2380,7,0,25,0,56598540,3624,45352500,2899,16122
2381,6,1,21,4,56625000,3624,45354780,2898,16128
2382,5,6,19,6,56634480,3624,45354780,2898,16133
2383,8,13,19,6,56644440,3624,45359760,2896,16141
2384,4,12,22,3,56666520,3625,45382500,2897,16145
2385,8,9,25,0,56688660,3625,45432180,2899,16153
2386,2,0,20,5,56718060,3623,45498660,2902,16155
2387,5,0,19,6,56741100,3623,45498660,2901,16160
2388,10,4,22,3,56750640,3623,45498840,2900,16170
2389,8,5,25,0,56771280,3623,45508200,2899,16178
2390,11,10,25,0,56790360,3623,45515340,2897,16189
2391,7,10,24,1,56831100,3624,45535560,2897,16196
2392,6,10,25,0,56853420,3624,45560160,2898,16202
2393,5,0,24,1,56893860,3623,45657060,2903,16207
2394,7,0,22,3,56912700,3622,45657060,2901,16214
2395,3,0,20,5,56931720,3622,45657060,2901,16217
2396,5,0,21,4,56944500,3622,45657060,2900,16222
2397,4,0,20,5,56959980,3622,45657060,2899,16226
2398,9,0,24,1,56983200,3622,45657120,2898,16235
2399,2,0,19,6,57008640,3622,45657120,2897,16237

